outer_fold,inner_fold,hp_name,batch_size,learning_rate,modality_hidden_layers,fusion_hidden_dim,fusion_hidden_layers,dropout,name,epoch,train_loss,val_loss,val_auc,val_aucpr,val_acc,teacher_loss,student_survival_loss,student_repr_loss,student_feature_loss,smil_meta_train_loss,smil_meta_val_loss,smil_meta_val_ce,smil_align_fusion,smil_align_hidden,seed,missing_location,train_missing_prop
1,1,lr5e-05_bs16_modL1_fusion32_fusionL1_drop0p2_trmiss50_trlocradio,16,5e-05,1,32,1,0.2,lr5e-05_bs16_modL1_fusion32_fusionL1_drop0p2_trmiss50_trlocradio,1,0.7161647379398346,0.7003775040308634,0.4495798319327731,0.6675188779075105,0.4444444444444444,0.0,0.0,0.0,0.0,0.0,0.0,0.0,0.0,0.0,2002,radio,0.5
1,1,lr5e-05_bs16_modL1_fusion32_fusionL1_drop0p2_trmiss50_trlocradio,16,5e-05,1,32,1,0.2,lr5e-05_bs16_modL1_fusion32_fusionL1_drop0p2_trmiss50_trlocradio,2,0.709046795964241,0.7033180197079977,0.42436974789915966,0.5887406749525635,0.4666666666666667,0.0,0.0,0.0,0.0,0.0,0.0,0.0,0.0,0.0,2002,radio,0.5
1,1,lr5e-05_bs16_modL1_fusion32_fusionL1_drop0p2_trmiss50_trlocradio,16,5e-05,1,32,1,0.2,lr5e-05_bs16_modL1_fusion32_fusionL1_drop0p2_trmiss50_trlocradio,3,0.6651657472054163,0.7059165239334106,0.42016806722689076,0.5853034080762572,0.4444444444444444,0.0,0.0,0.0,0.0,0.0,0.0,0.0,0.0,0.0,2002,radio,0.5
1,1,lr5e-05_bs16_modL1_fusion32_fusionL1_drop0p2_trmiss50_trlocradio,16,5e-05,1,32,1,0.2,lr5e-05_bs16_modL1_fusion32_fusionL1_drop0p2_trmiss50_trlocradio,4,0.6685264060894648,0.70705246925354,0.4411764705882353,0.6098481906836756,0.4666666666666667,0.0,0.0,0.0,0.0,0.0,0.0,0.0,0.0,0.0,2002,radio,0.5
1,1,lr5e-05_bs16_modL1_fusion32_fusionL1_drop0p2_trmiss50_trlocradio,16,5e-05,1,32,1,0.2,lr5e-05_bs16_modL1_fusion32_fusionL1_drop0p2_trmiss50_trlocradio,5,0.6536651502052943,0.7045849363009135,0.4579831932773109,0.6399143666322779,0.4666666666666667,0.0,0.0,0.0,0.0,0.0,0.0,0.0,0.0,0.0,2002,radio,0.5
1,1,lr5e-05_bs16_modL1_fusion32_fusionL1_drop0p2_trmiss50_trlocradio,16,5e-05,1,32,1,0.2,lr5e-05_bs16_modL1_fusion32_fusionL1_drop0p2_trmiss50_trlocradio,6,0.6565354665120443,0.7074324488639832,0.4495798319327731,0.6001439735743341,0.4888888888888889,0.0,0.0,0.0,0.0,0.0,0.0,0.0,0.0,0.0,2002,radio,0.5
1,1,lr5e-05_bs16_modL1_fusion32_fusionL1_drop0p2_trmiss50_trlocradio,16,5e-05,1,32,1,0.2,lr5e-05_bs16_modL1_fusion32_fusionL1_drop0p2_trmiss50_trlocradio,7,0.5994298656781515,0.7140804529190063,0.4180672268907563,0.5779493806566592,0.4666666666666667,0.0,0.0,0.0,0.0,0.0,0.0,0.0,0.0,0.0,2002,radio,0.5
1,1,lr5e-05_bs16_modL1_fusion32_fusionL1_drop0p2_trmiss50_trlocradio,16,5e-05,1,32,1,0.2,lr5e-05_bs16_modL1_fusion32_fusionL1_drop0p2_trmiss50_trlocradio,8,0.6264551679293314,0.710911750793457,0.43067226890756305,0.5836619705818666,0.4666666666666667,0.0,0.0,0.0,0.0,0.0,0.0,0.0,0.0,0.0,2002,radio,0.5
1,1,lr5e-05_bs16_modL1_fusion32_fusionL1_drop0p2_trmiss50_trlocradio,16,5e-05,1,32,1,0.2,lr5e-05_bs16_modL1_fusion32_fusionL1_drop0p2_trmiss50_trlocradio,9,0.6066254576047262,0.7158254981040955,0.4033613445378151,0.5661222525722239,0.4666666666666667,0.0,0.0,0.0,0.0,0.0,0.0,0.0,0.0,0.0,2002,radio,0.5
1,1,lr5e-05_bs16_modL1_fusion32_fusionL1_drop0p2_trmiss50_trlocradio,16,5e-05,1,32,1,0.2,lr5e-05_bs16_modL1_fusion32_fusionL1_drop0p2_trmiss50_trlocradio,10,0.5868219609061877,0.7133187850316366,0.4474789915966386,0.5960028644429494,0.4888888888888889,0.0,0.0,0.0,0.0,0.0,0.0,0.0,0.0,0.0,2002,radio,0.5
1,1,lr5e-05_bs16_modL1_fusion32_fusionL1_drop0p2_trmiss50_trlocradio,16,5e-05,1,32,1,0.2,lr5e-05_bs16_modL1_fusion32_fusionL1_drop0p2_trmiss50_trlocradio,11,0.6106128841638565,0.7084243893623352,0.4495798319327731,0.5927539107954569,0.4888888888888889,0.0,0.0,0.0,0.0,0.0,0.0,0.0,0.0,0.0,2002,radio,0.5
1,1,lr5e-05_bs16_modL1_fusion32_fusionL1_drop0p2_trmiss50_trlocradio,16,5e-05,1,32,1,0.2,lr5e-05_bs16_modL1_fusion32_fusionL1_drop0p2_trmiss50_trlocradio,12,0.5966242204109827,0.7135001420974731,0.4159663865546218,0.5686269676933339,0.4888888888888889,0.0,0.0,0.0,0.0,0.0,0.0,0.0,0.0,0.0,2002,radio,0.5
1,1,lr5e-05_bs16_modL1_fusion32_fusionL1_drop0p2_trmiss50_trlocradio,16,5e-05,1,32,1,0.2,lr5e-05_bs16_modL1_fusion32_fusionL1_drop0p2_trmiss50_trlocradio,13,0.570237785577774,0.7049066225687662,0.4474789915966387,0.5888298250082987,0.4666666666666667,0.0,0.0,0.0,0.0,0.0,0.0,0.0,0.0,0.0,2002,radio,0.5
1,1,lr5e-05_bs16_modL1_fusion32_fusionL1_drop0p2_trmiss50_trlocradio,16,5e-05,1,32,1,0.2,lr5e-05_bs16_modL1_fusion32_fusionL1_drop0p2_trmiss50_trlocradio,14,0.5883476883172989,0.7076172232627869,0.453781512605042,0.5972955792087492,0.4888888888888889,0.0,0.0,0.0,0.0,0.0,0.0,0.0,0.0,0.0,2002,radio,0.5
1,1,lr5e-05_bs16_modL1_fusion32_fusionL1_drop0p2_trmiss50_trlocradio,16,5e-05,1,32,1,0.2,lr5e-05_bs16_modL1_fusion32_fusionL1_drop0p2_trmiss50_trlocradio,15,0.5626259247461954,0.7074904839197794,0.4516806722689075,0.593052722581222,0.5111111111111111,0.0,0.0,0.0,0.0,0.0,0.0,0.0,0.0,0.0,2002,radio,0.5
1,1,lr5e-05_bs16_modL1_fusion32_fusionL1_drop0p2_trmiss50_trlocradio,16,5e-05,1,32,1,0.2,lr5e-05_bs16_modL1_fusion32_fusionL1_drop0p2_trmiss50_trlocradio,16,0.6111806978782018,0.7125076254208883,0.4348739495798319,0.5737690482701729,0.4888888888888889,0.0,0.0,0.0,0.0,0.0,0.0,0.0,0.0,0.0,2002,radio,0.5
1,1,lr5e-05_bs16_modL1_fusion32_fusionL1_drop0p2_trmiss50_trlocradio,16,5e-05,1,32,1,0.2,lr5e-05_bs16_modL1_fusion32_fusionL1_drop0p2_trmiss50_trlocradio,17,0.5514049530029297,0.7157553434371948,0.43907563025210083,0.5834797502395525,0.4666666666666667,0.0,0.0,0.0,0.0,0.0,0.0,0.0,0.0,0.0,2002,radio,0.5
1,1,lr5e-05_bs16_modL1_fusion32_fusionL1_drop0p2_trmiss50_trlocradio,16,5e-05,1,32,1,0.2,lr5e-05_bs16_modL1_fusion32_fusionL1_drop0p2_trmiss50_trlocradio,18,0.5829333613316218,0.7101923227310181,0.4474789915966387,0.5879936184251799,0.4666666666666667,0.0,0.0,0.0,0.0,0.0,0.0,0.0,0.0,0.0,2002,radio,0.5
1,1,lr5e-05_bs16_modL1_fusion32_fusionL1_drop0p2_trmiss50_trlocradio,16,5e-05,1,32,1,0.2,lr5e-05_bs16_modL1_fusion32_fusionL1_drop0p2_trmiss50_trlocradio,19,0.5661317283908526,0.7130789160728455,0.41596638655462187,0.5714170106678325,0.4888888888888889,0.0,0.0,0.0,0.0,0.0,0.0,0.0,0.0,0.0,2002,radio,0.5
1,1,lr5e-05_bs16_modL1_fusion32_fusionL1_drop0p2_trmiss50_trlocradio,16,5e-05,1,32,1,0.2,lr5e-05_bs16_modL1_fusion32_fusionL1_drop0p2_trmiss50_trlocradio,20,0.5895121445258459,0.7124084631601969,0.4495798319327731,0.5913939939778667,0.4666666666666667,0.0,0.0,0.0,0.0,0.0,0.0,0.0,0.0,0.0,2002,radio,0.5
1,1,lr5e-05_bs16_modL1_fusion32_fusionL1_drop0p2_trmiss50_trlocradio,16,5e-05,1,32,1,0.2,lr5e-05_bs16_modL1_fusion32_fusionL1_drop0p2_trmiss50_trlocradio,21,0.5657949795325597,0.7129620711008707,0.43907563025210083,0.579171197335405,0.5111111111111111,0.0,0.0,0.0,0.0,0.0,0.0,0.0,0.0,0.0,2002,radio,0.5
1,1,lr5e-05_bs16_modL1_fusion32_fusionL1_drop0p2_trmiss50_trlocradio,16,5e-05,1,32,1,0.2,lr5e-05_bs16_modL1_fusion32_fusionL1_drop0p2_trmiss50_trlocradio,22,0.5670390079418818,0.7149336139361063,0.44537815126050423,0.5837882296567539,0.4888888888888889,0.0,0.0,0.0,0.0,0.0,0.0,0.0,0.0,0.0,2002,radio,0.5
1,1,lr5e-05_bs16_modL1_fusion32_fusionL1_drop0p2_trmiss50_trlocradio,16,5e-05,1,32,1,0.2,lr5e-05_bs16_modL1_fusion32_fusionL1_drop0p2_trmiss50_trlocradio,23,0.5727804104487101,0.7187912265459696,0.4138655462184875,0.5675281332653341,0.4888888888888889,0.0,0.0,0.0,0.0,0.0,0.0,0.0,0.0,0.0,2002,radio,0.5
1,1,lr5e-05_bs16_modL1_fusion32_fusionL1_drop0p2_trmiss50_trlocradio,16,5e-05,1,32,1,0.2,lr5e-05_bs16_modL1_fusion32_fusionL1_drop0p2_trmiss50_trlocradio,24,0.555184063812097,0.7088382244110107,0.4495798319327732,0.5934446806892821,0.5111111111111111,0.0,0.0,0.0,0.0,0.0,0.0,0.0,0.0,0.0,2002,radio,0.5
1,1,lr5e-05_bs16_modL1_fusion32_fusionL1_drop0p2_trmiss50_trlocradio,16,5e-05,1,32,1,0.2,lr5e-05_bs16_modL1_fusion32_fusionL1_drop0p2_trmiss50_trlocradio,25,0.5593428909778595,0.7140516638755798,0.4432773109243698,0.5855455521584283,0.4888888888888889,0.0,0.0,0.0,0.0,0.0,0.0,0.0,0.0,0.0,2002,radio,0.5
1,1,lr5e-05_bs16_modL1_fusion32_fusionL1_drop0p1_trmiss50_trlocradio,16,5e-05,1,32,1,0.1,lr5e-05_bs16_modL1_fusion32_fusionL1_drop0p1_trmiss50_trlocradio,1,0.6858204205830892,0.693946123123169,0.38445378151260506,0.5498899981636551,0.6,0.0,0.0,0.0,0.0,0.0,0.0,0.0,0.0,0.0,2002,radio,0.5
1,1,lr5e-05_bs16_modL1_fusion32_fusionL1_drop0p1_trmiss50_trlocradio,16,5e-05,1,32,1,0.1,lr5e-05_bs16_modL1_fusion32_fusionL1_drop0p1_trmiss50_trlocradio,2,0.6620003233353297,0.7109407782554626,0.40336134453781514,0.5581161496752085,0.4888888888888889,0.0,0.0,0.0,0.0,0.0,0.0,0.0,0.0,0.0,2002,radio,0.5
1,1,lr5e-05_bs16_modL1_fusion32_fusionL1_drop0p1_trmiss50_trlocradio,16,5e-05,1,32,1,0.1,lr5e-05_bs16_modL1_fusion32_fusionL1_drop0p1_trmiss50_trlocradio,3,0.6296070565780004,0.7235146562258402,0.40336134453781514,0.5642506975482954,0.4666666666666667,0.0,0.0,0.0,0.0,0.0,0.0,0.0,0.0,0.0,2002,radio,0.5
1,1,lr5e-05_bs16_modL1_fusion32_fusionL1_drop0p1_trmiss50_trlocradio,16,5e-05,1,32,1,0.1,lr5e-05_bs16_modL1_fusion32_fusionL1_drop0p1_trmiss50_trlocradio,4,0.6204196612040201,0.7269068161646525,0.39285714285714285,0.5598312265807408,0.4444444444444444,0.0,0.0,0.0,0.0,0.0,0.0,0.0,0.0,0.0,2002,radio,0.5
1,1,lr5e-05_bs16_modL1_fusion32_fusionL1_drop0p1_trmiss50_trlocradio,16,5e-05,1,32,1,0.1,lr5e-05_bs16_modL1_fusion32_fusionL1_drop0p1_trmiss50_trlocradio,5,0.610665942231814,0.7272161841392517,0.40336134453781514,0.5592142477102712,0.4888888888888889,0.0,0.0,0.0,0.0,0.0,0.0,0.0,0.0,0.0,2002,radio,0.5
1,1,lr5e-05_bs16_modL1_fusion32_fusionL1_drop0p1_trmiss50_trlocradio,16,5e-05,1,32,1,0.1,lr5e-05_bs16_modL1_fusion32_fusionL1_drop0p1_trmiss50_trlocradio,6,0.589809407790502,0.7301177978515625,0.3991596638655462,0.5594811543867961,0.4666666666666667,0.0,0.0,0.0,0.0,0.0,0.0,0.0,0.0,0.0,2002,radio,0.5
1,1,lr5e-05_bs16_modL1_fusion32_fusionL1_drop0p1_trmiss50_trlocradio,16,5e-05,1,32,1,0.1,lr5e-05_bs16_modL1_fusion32_fusionL1_drop0p1_trmiss50_trlocradio,7,0.5695243229468664,0.7362896203994751,0.3907563025210084,0.5505991691084371,0.4666666666666667,0.0,0.0,0.0,0.0,0.0,0.0,0.0,0.0,0.0,2002,radio,0.5
1,1,lr5e-05_bs16_modL1_fusion32_fusionL1_drop0p1_trmiss50_trlocradio,16,5e-05,1,32,1,0.1,lr5e-05_bs16_modL1_fusion32_fusionL1_drop0p1_trmiss50_trlocradio,8,0.5939712127049764,0.7418990532557169,0.3781512605042017,0.5429165930515083,0.4666666666666667,0.0,0.0,0.0,0.0,0.0,0.0,0.0,0.0,0.0,2002,radio,0.5
1,1,lr5e-05_bs16_modL1_fusion32_fusionL1_drop0p1_trmiss50_trlocradio,16,5e-05,1,32,1,0.1,lr5e-05_bs16_modL1_fusion32_fusionL1_drop0p1_trmiss50_trlocradio,9,0.5747970143953959,0.7363205750783285,0.38235294117647056,0.5471188613799174,0.4888888888888889,0.0,0.0,0.0,0.0,0.0,0.0,0.0,0.0,0.0,2002,radio,0.5
1,1,lr5e-05_bs16_modL1_fusion32_fusionL1_drop0p1_trmiss50_trlocradio,16,5e-05,1,32,1,0.1,lr5e-05_bs16_modL1_fusion32_fusionL1_drop0p1_trmiss50_trlocradio,10,0.5517388259371122,0.7282060583432516,0.3865546218487395,0.5618038062835234,0.4666666666666667,0.0,0.0,0.0,0.0,0.0,0.0,0.0,0.0,0.0,2002,radio,0.5
1,1,lr5e-05_bs16_modL1_fusion32_fusionL1_drop0p1_trmiss50_trlocradio,16,5e-05,1,32,1,0.1,lr5e-05_bs16_modL1_fusion32_fusionL1_drop0p1_trmiss50_trlocradio,11,0.5658338864644369,0.7265123724937439,0.411764705882353,0.5682508918103484,0.5111111111111111,0.0,0.0,0.0,0.0,0.0,0.0,0.0,0.0,0.0,2002,radio,0.5
1,1,lr5e-05_bs16_modL1_fusion32_fusionL1_drop0p1_trmiss50_trlocradio,16,5e-05,1,32,1,0.1,lr5e-05_bs16_modL1_fusion32_fusionL1_drop0p1_trmiss50_trlocradio,12,0.5612499018510183,0.7285481293996176,0.41386554621848737,0.5699020613264462,0.4888888888888889,0.0,0.0,0.0,0.0,0.0,0.0,0.0,0.0,0.0,2002,radio,0.5
1,1,lr5e-05_bs16_modL1_fusion32_fusionL1_drop0p1_trmiss50_trlocradio,16,5e-05,1,32,1,0.1,lr5e-05_bs16_modL1_fusion32_fusionL1_drop0p1_trmiss50_trlocradio,13,0.5468815614779791,0.7320983211199442,0.39705882352941174,0.5572018781666633,0.4222222222222222,0.0,0.0,0.0,0.0,0.0,0.0,0.0,0.0,0.0,2002,radio,0.5
1,1,lr5e-05_bs16_modL1_fusion32_fusionL1_drop0p1_trmiss50_trlocradio,16,5e-05,1,32,1,0.1,lr5e-05_bs16_modL1_fusion32_fusionL1_drop0p1_trmiss50_trlocradio,14,0.5519476160407066,0.7313917676607767,0.4012605042016807,0.5610855748131044,0.4666666666666667,0.0,0.0,0.0,0.0,0.0,0.0,0.0,0.0,0.0,2002,radio,0.5
1,1,lr5e-05_bs16_modL1_fusion32_fusionL1_drop0p1_trmiss50_trlocradio,16,5e-05,1,32,1,0.1,lr5e-05_bs16_modL1_fusion32_fusionL1_drop0p1_trmiss50_trlocradio,15,0.5295286973317465,0.7253958582878113,0.4159663865546218,0.5699336642863502,0.4666666666666667,0.0,0.0,0.0,0.0,0.0,0.0,0.0,0.0,0.0,2002,radio,0.5
1,1,lr5e-05_bs16_modL1_fusion32_fusionL1_drop0p1_trmiss50_trlocradio,16,5e-05,1,32,1,0.1,lr5e-05_bs16_modL1_fusion32_fusionL1_drop0p1_trmiss50_trlocradio,16,0.5406359905997912,0.7306724985440572,0.41386554621848737,0.5709259913721751,0.4888888888888889,0.0,0.0,0.0,0.0,0.0,0.0,0.0,0.0,0.0,2002,radio,0.5
1,1,lr5e-05_bs16_modL1_fusion32_fusionL1_drop0p1_trmiss50_trlocradio,16,5e-05,1,32,1,0.1,lr5e-05_bs16_modL1_fusion32_fusionL1_drop0p1_trmiss50_trlocradio,17,0.5441874290506045,0.7225777705510458,0.43487394957983194,0.5806992477154094,0.5111111111111111,0.0,0.0,0.0,0.0,0.0,0.0,0.0,0.0,0.0,2002,radio,0.5
1,1,lr5e-05_bs16_modL1_fusion32_fusionL1_drop0p1_trmiss50_trlocradio,16,5e-05,1,32,1,0.1,lr5e-05_bs16_modL1_fusion32_fusionL1_drop0p1_trmiss50_trlocradio,18,0.5452857861916224,0.7230256199836731,0.43907563025210083,0.5780830908270834,0.4666666666666667,0.0,0.0,0.0,0.0,0.0,0.0,0.0,0.0,0.0,2002,radio,0.5
1,1,lr5e-05_bs16_modL1_fusion32_fusionL1_drop0p1_trmiss50_trlocradio,16,5e-05,1,32,1,0.1,lr5e-05_bs16_modL1_fusion32_fusionL1_drop0p1_trmiss50_trlocradio,19,0.5317971011002859,0.727382242679596,0.42647058823529416,0.5710022393210422,0.4666666666666667,0.0,0.0,0.0,0.0,0.0,0.0,0.0,0.0,0.0,2002,radio,0.5
1,1,lr5e-05_bs16_modL1_fusion32_fusionL1_drop0p1_trmiss50_trlocradio,16,5e-05,1,32,1,0.1,lr5e-05_bs16_modL1_fusion32_fusionL1_drop0p1_trmiss50_trlocradio,20,0.5206738114356995,0.7286954919497172,0.4243697478991597,0.5725226617227118,0.4888888888888889,0.0,0.0,0.0,0.0,0.0,0.0,0.0,0.0,0.0,2002,radio,0.5
1,1,lr5e-05_bs16_modL1_fusion32_fusionL1_drop0p1_trmiss50_trlocradio,16,5e-05,1,32,1,0.1,lr5e-05_bs16_modL1_fusion32_fusionL1_drop0p1_trmiss50_trlocradio,21,0.5409709562857946,0.7230711579322815,0.4411764705882353,0.5810660344459155,0.4666666666666667,0.0,0.0,0.0,0.0,0.0,0.0,0.0,0.0,0.0,2002,radio,0.5
1,1,lr5e-05_bs16_modL1_fusion32_fusionL1_drop0p1_trmiss50_trlocradio,16,5e-05,1,32,1,0.1,lr5e-05_bs16_modL1_fusion32_fusionL1_drop0p1_trmiss50_trlocradio,22,0.5451581726471583,0.7259964148203532,0.4474789915966387,0.5869260617894185,0.4222222222222222,0.0,0.0,0.0,0.0,0.0,0.0,0.0,0.0,0.0,2002,radio,0.5
1,1,lr5e-05_bs16_modL1_fusion32_fusionL1_drop0p1_trmiss50_trlocradio,16,5e-05,1,32,1,0.1,lr5e-05_bs16_modL1_fusion32_fusionL1_drop0p1_trmiss50_trlocradio,23,0.5185610254605612,0.7217515309651693,0.4264705882352941,0.5779291692564889,0.5333333333333333,0.0,0.0,0.0,0.0,0.0,0.0,0.0,0.0,0.0,2002,radio,0.5
1,1,lr5e-05_bs16_modL1_fusion32_fusionL1_drop0p1_trmiss50_trlocradio,16,5e-05,1,32,1,0.1,lr5e-05_bs16_modL1_fusion32_fusionL1_drop0p1_trmiss50_trlocradio,24,0.5241930956641833,0.7223724524180094,0.44117647058823534,0.5887419987714178,0.4666666666666667,0.0,0.0,0.0,0.0,0.0,0.0,0.0,0.0,0.0,2002,radio,0.5
1,1,lr5e-05_bs16_modL1_fusion32_fusionL1_drop0p1_trmiss50_trlocradio,16,5e-05,1,32,1,0.1,lr5e-05_bs16_modL1_fusion32_fusionL1_drop0p1_trmiss50_trlocradio,25,0.511516697704792,0.7165865699450175,0.453781512605042,0.5957026624435654,0.4888888888888889,0.0,0.0,0.0,0.0,0.0,0.0,0.0,0.0,0.0,2002,radio,0.5
1,1,lr5e-05_bs16_modL1_fusion32_fusionL1_drop0p1_trmiss50_trlocradio,16,5e-05,1,32,1,0.1,lr5e-05_bs16_modL1_fusion32_fusionL1_drop0p1_trmiss50_trlocradio,26,0.5162803083658218,0.718682587146759,0.4579831932773109,0.5940574038759472,0.5333333333333333,0.0,0.0,0.0,0.0,0.0,0.0,0.0,0.0,0.0,2002,radio,0.5
1,1,lr5e-05_bs16_modL1_fusion32_fusionL1_drop0p1_trmiss50_trlocradio,16,5e-05,1,32,1,0.1,lr5e-05_bs16_modL1_fusion32_fusionL1_drop0p1_trmiss50_trlocradio,27,0.5417553633451462,0.7267064054807028,0.4432773109243697,0.5856761303089388,0.4666666666666667,0.0,0.0,0.0,0.0,0.0,0.0,0.0,0.0,0.0,2002,radio,0.5
1,1,lr5e-05_bs16_modL1_fusion32_fusionL1_drop0p1_trmiss50_trlocradio,16,5e-05,1,32,1,0.1,lr5e-05_bs16_modL1_fusion32_fusionL1_drop0p1_trmiss50_trlocradio,28,0.5272564316789309,0.7259119550387064,0.4432773109243698,0.5866424587723398,0.4888888888888889,0.0,0.0,0.0,0.0,0.0,0.0,0.0,0.0,0.0,2002,radio,0.5
1,1,lr5e-05_bs16_modL1_fusion32_fusionL1_drop0p1_trmiss50_trlocradio,16,5e-05,1,32,1,0.1,lr5e-05_bs16_modL1_fusion32_fusionL1_drop0p1_trmiss50_trlocradio,29,0.5240621666113535,0.7242738604545593,0.43487394957983194,0.5845234687147062,0.4222222222222222,0.0,0.0,0.0,0.0,0.0,0.0,0.0,0.0,0.0,2002,radio,0.5
1,1,lr5e-05_bs16_modL1_fusion32_fusionL1_drop0p1_trmiss50_trlocradio,16,5e-05,1,32,1,0.1,lr5e-05_bs16_modL1_fusion32_fusionL1_drop0p1_trmiss50_trlocradio,30,0.5296050310134888,0.72271200021108,0.4222689075630252,0.5829942619277015,0.4444444444444444,0.0,0.0,0.0,0.0,0.0,0.0,0.0,0.0,0.0,2002,radio,0.5
1,1,lr5e-05_bs16_modL1_fusion32_fusionL1_drop0p1_trmiss50_trlocradio,16,5e-05,1,32,1,0.1,lr5e-05_bs16_modL1_fusion32_fusionL1_drop0p1_trmiss50_trlocradio,31,0.5379777600367864,0.7245960235595703,0.43907563025210083,0.5802363285332027,0.4666666666666667,0.0,0.0,0.0,0.0,0.0,0.0,0.0,0.0,0.0,2002,radio,0.5
1,1,lr5e-05_bs16_modL1_fusion32_fusionL1_drop0p1_trmiss50_trlocradio,16,5e-05,1,32,1,0.1,lr5e-05_bs16_modL1_fusion32_fusionL1_drop0p1_trmiss50_trlocradio,32,0.5199766407410303,0.7202702959378561,0.4516806722689076,0.590684852200092,0.5111111111111111,0.0,0.0,0.0,0.0,0.0,0.0,0.0,0.0,0.0,2002,radio,0.5
1,1,lr5e-05_bs16_modL1_fusion32_fusionL1_drop0p1_trmiss50_trlocradio,16,5e-05,1,32,1,0.1,lr5e-05_bs16_modL1_fusion32_fusionL1_drop0p1_trmiss50_trlocradio,33,0.5260527953505516,0.725498636563619,0.43277310924369755,0.5820216124663484,0.4888888888888889,0.0,0.0,0.0,0.0,0.0,0.0,0.0,0.0,0.0,2002,radio,0.5
1,1,lr5e-05_bs16_modL1_fusion32_fusionL1_drop0p1_trmiss50_trlocradio,16,5e-05,1,32,1,0.1,lr5e-05_bs16_modL1_fusion32_fusionL1_drop0p1_trmiss50_trlocradio,34,0.5156220197677612,0.7244656880696615,0.4432773109243697,0.584935034986911,0.4888888888888889,0.0,0.0,0.0,0.0,0.0,0.0,0.0,0.0,0.0,2002,radio,0.5
1,1,lr5e-05_bs16_modL1_fusion32_fusionL1_drop0p1_trmiss50_trlocradio,16,5e-05,1,32,1,0.1,lr5e-05_bs16_modL1_fusion32_fusionL1_drop0p1_trmiss50_trlocradio,35,0.5117758537332217,0.7246405084927877,0.42647058823529416,0.5780254691456709,0.4444444444444444,0.0,0.0,0.0,0.0,0.0,0.0,0.0,0.0,0.0,2002,radio,0.5
1,1,lr5e-05_bs16_modL1_fusion32_fusionL1_drop0p1_trmiss50_trlocradio,16,5e-05,1,32,1,0.1,lr5e-05_bs16_modL1_fusion32_fusionL1_drop0p1_trmiss50_trlocradio,36,0.5139003495375315,0.7193737626075745,0.44537815126050423,0.5906620324065784,0.4888888888888889,0.0,0.0,0.0,0.0,0.0,0.0,0.0,0.0,0.0,2002,radio,0.5
1,1,lr5e-05_bs16_modL1_fusion32_fusionL1_drop0p1_trmiss50_trlocradio,16,5e-05,1,32,1,0.1,lr5e-05_bs16_modL1_fusion32_fusionL1_drop0p1_trmiss50_trlocradio,37,0.5306610837578773,0.7264578541119894,0.4432773109243697,0.5847717511396934,0.4444444444444444,0.0,0.0,0.0,0.0,0.0,0.0,0.0,0.0,0.0,2002,radio,0.5
1,1,lr5e-05_bs16_modL1_fusion32_fusionL1_drop0p1_trmiss50_trlocradio,16,5e-05,1,32,1,0.1,lr5e-05_bs16_modL1_fusion32_fusionL1_drop0p1_trmiss50_trlocradio,38,0.5264000445604324,0.7239216367403666,0.4348739495798319,0.5832073855400046,0.4444444444444444,0.0,0.0,0.0,0.0,0.0,0.0,0.0,0.0,0.0,2002,radio,0.5
1,1,lr5e-05_bs16_modL1_fusion32_fusionL1_drop0p1_trmiss50_trlocradio,16,5e-05,1,32,1,0.1,lr5e-05_bs16_modL1_fusion32_fusionL1_drop0p1_trmiss50_trlocradio,39,0.5192034021019936,0.7254712382952372,0.4369747899159664,0.5784396458655916,0.5111111111111111,0.0,0.0,0.0,0.0,0.0,0.0,0.0,0.0,0.0,2002,radio,0.5
1,1,lr5e-05_bs16_modL1_fusion32_fusionL1_drop0p1_trmiss50_trlocradio,16,5e-05,1,32,1,0.1,lr5e-05_bs16_modL1_fusion32_fusionL1_drop0p1_trmiss50_trlocradio,40,0.515835702419281,0.724588414033254,0.4516806722689075,0.5826739942872345,0.4888888888888889,0.0,0.0,0.0,0.0,0.0,0.0,0.0,0.0,0.0,2002,radio,0.5
1,1,lr5e-05_bs16_modL1_fusion32_fusionL1_drop0p1_trmiss50_trlocradio,16,5e-05,1,32,1,0.1,lr5e-05_bs16_modL1_fusion32_fusionL1_drop0p1_trmiss50_trlocradio,41,0.5249373863140742,0.7264547149340311,0.43277310924369744,0.575606394921042,0.4666666666666667,0.0,0.0,0.0,0.0,0.0,0.0,0.0,0.0,0.0,2002,radio,0.5
1,1,lr5e-05_bs16_modL1_fusion32_fusionL1_drop0p1_trmiss50_trlocradio,16,5e-05,1,32,1,0.1,lr5e-05_bs16_modL1_fusion32_fusionL1_drop0p1_trmiss50_trlocradio,42,0.5156098902225494,0.7238782445589701,0.4432773109243697,0.5851599073943381,0.4222222222222222,0.0,0.0,0.0,0.0,0.0,0.0,0.0,0.0,0.0,2002,radio,0.5
1,1,lr5e-05_bs16_modL1_fusion32_fusionL1_drop0p1_trmiss50_trlocradio,16,5e-05,1,32,1,0.1,lr5e-05_bs16_modL1_fusion32_fusionL1_drop0p1_trmiss50_trlocradio,43,0.5328664754827818,0.7179398934046427,0.4327731092436975,0.5857220723720296,0.4888888888888889,0.0,0.0,0.0,0.0,0.0,0.0,0.0,0.0,0.0,2002,radio,0.5
1,1,lr5e-05_bs16_modL1_fusion32_fusionL1_drop0p1_trmiss50_trlocradio,16,5e-05,1,32,1,0.1,lr5e-05_bs16_modL1_fusion32_fusionL1_drop0p1_trmiss50_trlocradio,44,0.5241342981656393,0.7217946847279867,0.4369747899159664,0.5816209052361452,0.4888888888888889,0.0,0.0,0.0,0.0,0.0,0.0,0.0,0.0,0.0,2002,radio,0.5
1,1,lr5e-05_bs16_modL1_fusion32_fusionL1_drop0p1_trmiss50_trlocradio,16,5e-05,1,32,1,0.1,lr5e-05_bs16_modL1_fusion32_fusionL1_drop0p1_trmiss50_trlocradio,45,0.5358150700728098,0.728831926981608,0.4180672268907563,0.574211962616164,0.4888888888888889,0.0,0.0,0.0,0.0,0.0,0.0,0.0,0.0,0.0,2002,radio,0.5
1,1,lr5e-05_bs16_modL1_fusion32_fusionL1_drop0p1_trmiss50_trlocradio,16,5e-05,1,32,1,0.1,lr5e-05_bs16_modL1_fusion32_fusionL1_drop0p1_trmiss50_trlocradio,46,0.513372540473938,0.7285719315210978,0.4243697478991597,0.576695572151112,0.4666666666666667,0.0,0.0,0.0,0.0,0.0,0.0,0.0,0.0,0.0,2002,radio,0.5
1,1,lr5e-05_bs16_modL1_fusion64_fusionL1_drop0p2_trmiss50_trlocradio,16,5e-05,1,64,1,0.2,lr5e-05_bs16_modL1_fusion64_fusionL1_drop0p2_trmiss50_trlocradio,1,0.6612746814886729,0.7078799605369568,0.3214285714285714,0.5472511358803077,0.37777777777777777,0.0,0.0,0.0,0.0,0.0,0.0,0.0,0.0,0.0,2002,radio,0.5
1,1,lr5e-05_bs16_modL1_fusion64_fusionL1_drop0p2_trmiss50_trlocradio,16,5e-05,1,64,1,0.2,lr5e-05_bs16_modL1_fusion64_fusionL1_drop0p2_trmiss50_trlocradio,2,0.6702983925739924,0.7131322224934896,0.34663865546218486,0.5468105753444027,0.4888888888888889,0.0,0.0,0.0,0.0,0.0,0.0,0.0,0.0,0.0,2002,radio,0.5
1,1,lr5e-05_bs16_modL1_fusion64_fusionL1_drop0p2_trmiss50_trlocradio,16,5e-05,1,64,1,0.2,lr5e-05_bs16_modL1_fusion64_fusionL1_drop0p2_trmiss50_trlocradio,3,0.6693076342344284,0.7084027528762817,0.38235294117647056,0.5682493100080194,0.5111111111111111,0.0,0.0,0.0,0.0,0.0,0.0,0.0,0.0,0.0,2002,radio,0.5
1,1,lr5e-05_bs16_modL1_fusion64_fusionL1_drop0p2_trmiss50_trlocradio,16,5e-05,1,64,1,0.2,lr5e-05_bs16_modL1_fusion64_fusionL1_drop0p2_trmiss50_trlocradio,4,0.6400727778673172,0.7056601047515869,0.3886554621848739,0.5882315141094099,0.5333333333333333,0.0,0.0,0.0,0.0,0.0,0.0,0.0,0.0,0.0,2002,radio,0.5
1,1,lr5e-05_bs16_modL1_fusion64_fusionL1_drop0p2_trmiss50_trlocradio,16,5e-05,1,64,1,0.2,lr5e-05_bs16_modL1_fusion64_fusionL1_drop0p2_trmiss50_trlocradio,5,0.6060180763403574,0.7027040123939514,0.40336134453781514,0.5942520230359168,0.5555555555555556,0.0,0.0,0.0,0.0,0.0,0.0,0.0,0.0,0.0,2002,radio,0.5
1,1,lr5e-05_bs16_modL1_fusion64_fusionL1_drop0p2_trmiss50_trlocradio,16,5e-05,1,64,1,0.2,lr5e-05_bs16_modL1_fusion64_fusionL1_drop0p2_trmiss50_trlocradio,6,0.6053726673126221,0.706911305586497,0.40966386554621853,0.5987434276540574,0.4888888888888889,0.0,0.0,0.0,0.0,0.0,0.0,0.0,0.0,0.0,2002,radio,0.5
1,1,lr5e-05_bs16_modL1_fusion64_fusionL1_drop0p2_trmiss50_trlocradio,16,5e-05,1,64,1,0.2,lr5e-05_bs16_modL1_fusion64_fusionL1_drop0p2_trmiss50_trlocradio,7,0.5881926665703455,0.7057348688443502,0.40336134453781514,0.5917394968953128,0.5555555555555556,0.0,0.0,0.0,0.0,0.0,0.0,0.0,0.0,0.0,2002,radio,0.5
1,1,lr5e-05_bs16_modL1_fusion64_fusionL1_drop0p2_trmiss50_trlocradio,16,5e-05,1,64,1,0.2,lr5e-05_bs16_modL1_fusion64_fusionL1_drop0p2_trmiss50_trlocradio,8,0.5636835669477781,0.7041646242141724,0.4222689075630252,0.595555449941431,0.5555555555555556,0.0,0.0,0.0,0.0,0.0,0.0,0.0,0.0,0.0,2002,radio,0.5
1,1,lr5e-05_bs16_modL1_fusion64_fusionL1_drop0p2_trmiss50_trlocradio,16,5e-05,1,64,1,0.2,lr5e-05_bs16_modL1_fusion64_fusionL1_drop0p2_trmiss50_trlocradio,9,0.559969981511434,0.7057982683181763,0.430672268907563,0.5954437037970761,0.5777777777777777,0.0,0.0,0.0,0.0,0.0,0.0,0.0,0.0,0.0,2002,radio,0.5
1,1,lr5e-05_bs16_modL1_fusion64_fusionL1_drop0p2_trmiss50_trlocradio,16,5e-05,1,64,1,0.2,lr5e-05_bs16_modL1_fusion64_fusionL1_drop0p2_trmiss50_trlocradio,10,0.5657842283447584,0.7061619559923807,0.39915966386554624,0.5719762665971458,0.5555555555555556,0.0,0.0,0.0,0.0,0.0,0.0,0.0,0.0,0.0,2002,radio,0.5
1,1,lr5e-05_bs16_modL1_fusion64_fusionL1_drop0p2_trmiss50_trlocradio,16,5e-05,1,64,1,0.2,lr5e-05_bs16_modL1_fusion64_fusionL1_drop0p2_trmiss50_trlocradio,11,0.5440759062767029,0.704420288403829,0.4054621848739496,0.5765693654093986,0.5777777777777777,0.0,0.0,0.0,0.0,0.0,0.0,0.0,0.0,0.0,2002,radio,0.5
1,1,lr5e-05_bs16_modL1_fusion64_fusionL1_drop0p2_trmiss50_trlocradio,16,5e-05,1,64,1,0.2,lr5e-05_bs16_modL1_fusion64_fusionL1_drop0p2_trmiss50_trlocradio,12,0.5617006570100784,0.7077501813570658,0.4054621848739496,0.5739118644633793,0.5555555555555556,0.0,0.0,0.0,0.0,0.0,0.0,0.0,0.0,0.0,2002,radio,0.5
1,1,lr5e-05_bs16_modL1_fusion64_fusionL1_drop0p2_trmiss50_trlocradio,16,5e-05,1,64,1,0.2,lr5e-05_bs16_modL1_fusion64_fusionL1_drop0p2_trmiss50_trlocradio,13,0.5567903394500414,0.7045066356658936,0.4033613445378151,0.5724661259115482,0.6,0.0,0.0,0.0,0.0,0.0,0.0,0.0,0.0,0.0,2002,radio,0.5
1,1,lr5e-05_bs16_modL1_fusion64_fusionL1_drop0p2_trmiss50_trlocradio,16,5e-05,1,64,1,0.2,lr5e-05_bs16_modL1_fusion64_fusionL1_drop0p2_trmiss50_trlocradio,14,0.5275634427865347,0.7008135914802551,0.40756302521008403,0.5813310643636206,0.5777777777777777,0.0,0.0,0.0,0.0,0.0,0.0,0.0,0.0,0.0,2002,radio,0.5
1,1,lr5e-05_bs16_modL1_fusion64_fusionL1_drop0p2_trmiss50_trlocradio,16,5e-05,1,64,1,0.2,lr5e-05_bs16_modL1_fusion64_fusionL1_drop0p2_trmiss50_trlocradio,15,0.5448974967002869,0.7065779169400533,0.4117647058823529,0.5801795414549932,0.5555555555555556,0.0,0.0,0.0,0.0,0.0,0.0,0.0,0.0,0.0,2002,radio,0.5
1,1,lr5e-05_bs16_modL1_fusion64_fusionL1_drop0p2_trmiss50_trlocradio,16,5e-05,1,64,1,0.2,lr5e-05_bs16_modL1_fusion64_fusionL1_drop0p2_trmiss50_trlocradio,16,0.5366721029082934,0.7011165618896484,0.4369747899159664,0.599874359679326,0.5777777777777777,0.0,0.0,0.0,0.0,0.0,0.0,0.0,0.0,0.0,2002,radio,0.5
1,1,lr5e-05_bs16_modL1_fusion64_fusionL1_drop0p2_trmiss50_trlocradio,16,5e-05,1,64,1,0.2,lr5e-05_bs16_modL1_fusion64_fusionL1_drop0p2_trmiss50_trlocradio,17,0.5407349988818169,0.6993039647738138,0.4348739495798319,0.6036249495551893,0.5777777777777777,0.0,0.0,0.0,0.0,0.0,0.0,0.0,0.0,0.0,2002,radio,0.5
1,1,lr5e-05_bs16_modL1_fusion64_fusionL1_drop0p2_trmiss50_trlocradio,16,5e-05,1,64,1,0.2,lr5e-05_bs16_modL1_fusion64_fusionL1_drop0p2_trmiss50_trlocradio,18,0.5226916174093882,0.701213002204895,0.41596638655462187,0.5815534032580479,0.5777777777777777,0.0,0.0,0.0,0.0,0.0,0.0,0.0,0.0,0.0,2002,radio,0.5
1,1,lr5e-05_bs16_modL1_fusion64_fusionL1_drop0p2_trmiss50_trlocradio,16,5e-05,1,64,1,0.2,lr5e-05_bs16_modL1_fusion64_fusionL1_drop0p2_trmiss50_trlocradio,19,0.5386695588628451,0.7064909140268961,0.4264705882352941,0.588090181751043,0.5777777777777777,0.0,0.0,0.0,0.0,0.0,0.0,0.0,0.0,0.0,2002,radio,0.5
1,1,lr5e-05_bs16_modL1_fusion64_fusionL1_drop0p2_trmiss50_trlocradio,16,5e-05,1,64,1,0.2,lr5e-05_bs16_modL1_fusion64_fusionL1_drop0p2_trmiss50_trlocradio,20,0.5094785789648691,0.7061753670374552,0.4180672268907563,0.5830205366069839,0.5555555555555556,0.0,0.0,0.0,0.0,0.0,0.0,0.0,0.0,0.0,2002,radio,0.5
1,1,lr5e-05_bs16_modL1_fusion64_fusionL1_drop0p2_trmiss50_trlocradio,16,5e-05,1,64,1,0.2,lr5e-05_bs16_modL1_fusion64_fusionL1_drop0p2_trmiss50_trlocradio,21,0.5235280568401018,0.7094208796819051,0.4012605042016807,0.5837391574630489,0.5555555555555556,0.0,0.0,0.0,0.0,0.0,0.0,0.0,0.0,0.0,2002,radio,0.5
1,1,lr5e-05_bs16_modL1_fusion64_fusionL1_drop0p2_trmiss50_trlocradio,16,5e-05,1,64,1,0.2,lr5e-05_bs16_modL1_fusion64_fusionL1_drop0p2_trmiss50_trlocradio,22,0.5271915247042974,0.7093798319498698,0.41386554621848737,0.5899175050005246,0.5777777777777777,0.0,0.0,0.0,0.0,0.0,0.0,0.0,0.0,0.0,2002,radio,0.5
1,1,lr5e-05_bs16_modL1_fusion64_fusionL1_drop0p2_trmiss50_trlocradio,16,5e-05,1,64,1,0.2,lr5e-05_bs16_modL1_fusion64_fusionL1_drop0p2_trmiss50_trlocradio,23,0.5076517562071482,0.7116238276163737,0.39915966386554624,0.57865633349897,0.6,0.0,0.0,0.0,0.0,0.0,0.0,0.0,0.0,0.0,2002,radio,0.5
1,1,lr5e-05_bs16_modL1_fusion64_fusionL1_drop0p2_trmiss50_trlocradio,16,5e-05,1,64,1,0.2,lr5e-05_bs16_modL1_fusion64_fusionL1_drop0p2_trmiss50_trlocradio,24,0.5007081106305122,0.7114802598953247,0.3928571428571428,0.5611273417901325,0.6,0.0,0.0,0.0,0.0,0.0,0.0,0.0,0.0,0.0,2002,radio,0.5
1,1,lr5e-05_bs16_modL1_fusion64_fusionL1_drop0p2_trmiss50_trlocradio,16,5e-05,1,64,1,0.2,lr5e-05_bs16_modL1_fusion64_fusionL1_drop0p2_trmiss50_trlocradio,25,0.517059308787187,0.712037185827891,0.39915966386554624,0.565361965753256,0.5555555555555556,0.0,0.0,0.0,0.0,0.0,0.0,0.0,0.0,0.0,2002,radio,0.5
1,1,lr5e-05_bs16_modL1_fusion64_fusionL1_drop0p2_trmiss50_trlocradio,16,5e-05,1,64,1,0.2,lr5e-05_bs16_modL1_fusion64_fusionL1_drop0p2_trmiss50_trlocradio,26,0.5201608563462893,0.7112341920534769,0.4117647058823529,0.5925572850834638,0.5777777777777777,0.0,0.0,0.0,0.0,0.0,0.0,0.0,0.0,0.0,2002,radio,0.5
1,1,lr5e-05_bs16_modL1_fusion64_fusionL1_drop0p2_trmiss50_trlocradio,16,5e-05,1,64,1,0.2,lr5e-05_bs16_modL1_fusion64_fusionL1_drop0p2_trmiss50_trlocradio,27,0.4962537884712219,0.7099865873654684,0.39915966386554624,0.5741738147757749,0.5555555555555556,0.0,0.0,0.0,0.0,0.0,0.0,0.0,0.0,0.0,2002,radio,0.5
1,1,lr5e-05_bs16_modL1_fusion64_fusionL1_drop0p2_trmiss50_trlocradio,16,5e-05,1,64,1,0.2,lr5e-05_bs16_modL1_fusion64_fusionL1_drop0p2_trmiss50_trlocradio,28,0.5124392608801523,0.711570123831431,0.4138655462184874,0.5892166495638584,0.5333333333333333,0.0,0.0,0.0,0.0,0.0,0.0,0.0,0.0,0.0,2002,radio,0.5
1,1,lr5e-05_bs16_modL1_fusion64_fusionL1_drop0p2_trmiss50_trlocradio,16,5e-05,1,64,1,0.2,lr5e-05_bs16_modL1_fusion64_fusionL1_drop0p2_trmiss50_trlocradio,29,0.49066997816165286,0.712265412012736,0.4096638655462185,0.5931276175061075,0.5777777777777777,0.0,0.0,0.0,0.0,0.0,0.0,0.0,0.0,0.0,2002,radio,0.5
1,1,lr5e-05_bs16_modL1_fusion64_fusionL1_drop0p2_trmiss50_trlocradio,16,5e-05,1,64,1,0.2,lr5e-05_bs16_modL1_fusion64_fusionL1_drop0p2_trmiss50_trlocradio,30,0.49690619359413785,0.710383395353953,0.4159663865546218,0.5956054092822213,0.5777777777777777,0.0,0.0,0.0,0.0,0.0,0.0,0.0,0.0,0.0,2002,radio,0.5
1,1,lr5e-05_bs16_modL1_fusion64_fusionL1_drop0p2_trmiss50_trlocradio,16,5e-05,1,64,1,0.2,lr5e-05_bs16_modL1_fusion64_fusionL1_drop0p2_trmiss50_trlocradio,31,0.4800952225923538,0.7110870281855265,0.41386554621848737,0.5966818095463392,0.5777777777777777,0.0,0.0,0.0,0.0,0.0,0.0,0.0,0.0,0.0,2002,radio,0.5
1,1,lr5e-05_bs16_modL1_fusion64_fusionL1_drop0p2_trmiss50_trlocradio,16,5e-05,1,64,1,0.2,lr5e-05_bs16_modL1_fusion64_fusionL1_drop0p2_trmiss50_trlocradio,32,0.48759042223294574,0.709963063398997,0.4159663865546218,0.5819406153616581,0.6,0.0,0.0,0.0,0.0,0.0,0.0,0.0,0.0,0.0,2002,radio,0.5
1,1,lr5e-05_bs16_modL1_fusion64_fusionL1_drop0p2_trmiss50_trlocradio,16,5e-05,1,64,1,0.2,lr5e-05_bs16_modL1_fusion64_fusionL1_drop0p2_trmiss50_trlocradio,33,0.47655946761369705,0.7117186586062113,0.411764705882353,0.5822373276980221,0.5333333333333333,0.0,0.0,0.0,0.0,0.0,0.0,0.0,0.0,0.0,2002,radio,0.5
1,1,lr5e-05_bs16_modL1_fusion64_fusionL1_drop0p2_trmiss50_trlocradio,16,5e-05,1,64,1,0.2,lr5e-05_bs16_modL1_fusion64_fusionL1_drop0p2_trmiss50_trlocradio,34,0.4893798952301343,0.7091298500696818,0.4201680672268908,0.5759736815531243,0.5555555555555556,0.0,0.0,0.0,0.0,0.0,0.0,0.0,0.0,0.0,2002,radio,0.5
1,1,lr5e-05_bs16_modL1_fusion64_fusionL1_drop0p2_trmiss50_trlocradio,16,5e-05,1,64,1,0.2,lr5e-05_bs16_modL1_fusion64_fusionL1_drop0p2_trmiss50_trlocradio,35,0.47532495856285095,0.7062780459721884,0.42647058823529416,0.5811615444851105,0.5555555555555556,0.0,0.0,0.0,0.0,0.0,0.0,0.0,0.0,0.0,2002,radio,0.5
1,1,lr5e-05_bs16_modL1_fusion64_fusionL1_drop0p2_trmiss50_trlocradio,16,5e-05,1,64,1,0.2,lr5e-05_bs16_modL1_fusion64_fusionL1_drop0p2_trmiss50_trlocradio,36,0.5074768215417862,0.7133163412412008,0.4012605042016807,0.5649569267583157,0.5333333333333333,0.0,0.0,0.0,0.0,0.0,0.0,0.0,0.0,0.0,2002,radio,0.5
1,1,lr5e-05_bs16_modL1_fusion64_fusionL1_drop0p1_trmiss50_trlocradio,16,5e-05,1,64,1,0.1,lr5e-05_bs16_modL1_fusion64_fusionL1_drop0p1_trmiss50_trlocradio,1,0.7125621537367502,0.7004168629646301,0.5189075630252101,0.6704489195095675,0.5555555555555556,0.0,0.0,0.0,0.0,0.0,0.0,0.0,0.0,0.0,2002,radio,0.5
1,1,lr5e-05_bs16_modL1_fusion64_fusionL1_drop0p1_trmiss50_trlocradio,16,5e-05,1,64,1,0.1,lr5e-05_bs16_modL1_fusion64_fusionL1_drop0p1_trmiss50_trlocradio,2,0.6698041607936224,0.696168045202891,0.5378151260504201,0.682338532759385,0.5111111111111111,0.0,0.0,0.0,0.0,0.0,0.0,0.0,0.0,0.0,2002,radio,0.5
1,1,lr5e-05_bs16_modL1_fusion64_fusionL1_drop0p1_trmiss50_trlocradio,16,5e-05,1,64,1,0.1,lr5e-05_bs16_modL1_fusion64_fusionL1_drop0p1_trmiss50_trlocradio,3,0.6528343508640925,0.6938592592875162,0.5546218487394958,0.6838198060108189,0.5555555555555556,0.0,0.0,0.0,0.0,0.0,0.0,0.0,0.0,0.0,2002,radio,0.5
1,1,lr5e-05_bs16_modL1_fusion64_fusionL1_drop0p1_trmiss50_trlocradio,16,5e-05,1,64,1,0.1,lr5e-05_bs16_modL1_fusion64_fusionL1_drop0p1_trmiss50_trlocradio,4,0.6367012510697047,0.6935144265492758,0.5504201680672268,0.6947077769338974,0.5555555555555556,0.0,0.0,0.0,0.0,0.0,0.0,0.0,0.0,0.0,2002,radio,0.5
1,1,lr5e-05_bs16_modL1_fusion64_fusionL1_drop0p1_trmiss50_trlocradio,16,5e-05,1,64,1,0.1,lr5e-05_bs16_modL1_fusion64_fusionL1_drop0p1_trmiss50_trlocradio,5,0.6393089592456818,0.6963770588239034,0.542016806722689,0.6663279020157594,0.5777777777777777,0.0,0.0,0.0,0.0,0.0,0.0,0.0,0.0,0.0,2002,radio,0.5
1,1,lr5e-05_bs16_modL1_fusion64_fusionL1_drop0p1_trmiss50_trlocradio,16,5e-05,1,64,1,0.1,lr5e-05_bs16_modL1_fusion64_fusionL1_drop0p1_trmiss50_trlocradio,6,0.6266574660936991,0.6965893904368082,0.5231092436974789,0.6725543942644246,0.5777777777777777,0.0,0.0,0.0,0.0,0.0,0.0,0.0,0.0,0.0,2002,radio,0.5
1,1,lr5e-05_bs16_modL1_fusion64_fusionL1_drop0p1_trmiss50_trlocradio,16,5e-05,1,64,1,0.1,lr5e-05_bs16_modL1_fusion64_fusionL1_drop0p1_trmiss50_trlocradio,7,0.6064119835694631,0.6889741818110148,0.5651260504201681,0.6881321433417141,0.5777777777777777,0.0,0.0,0.0,0.0,0.0,0.0,0.0,0.0,0.0,2002,radio,0.5
1,1,lr5e-05_bs16_modL1_fusion64_fusionL1_drop0p1_trmiss50_trlocradio,16,5e-05,1,64,1,0.1,lr5e-05_bs16_modL1_fusion64_fusionL1_drop0p1_trmiss50_trlocradio,8,0.5946621100107828,0.6861941417058309,0.5777310924369748,0.6892567322112613,0.6,0.0,0.0,0.0,0.0,0.0,0.0,0.0,0.0,0.0,2002,radio,0.5
1,1,lr5e-05_bs16_modL1_fusion64_fusionL1_drop0p1_trmiss50_trlocradio,16,5e-05,1,64,1,0.1,lr5e-05_bs16_modL1_fusion64_fusionL1_drop0p1_trmiss50_trlocradio,9,0.604522243142128,0.6861881415049235,0.5861344537815126,0.6967548012303898,0.6,0.0,0.0,0.0,0.0,0.0,0.0,0.0,0.0,0.0,2002,radio,0.5
1,1,lr5e-05_bs16_modL1_fusion64_fusionL1_drop0p1_trmiss50_trlocradio,16,5e-05,1,64,1,0.1,lr5e-05_bs16_modL1_fusion64_fusionL1_drop0p1_trmiss50_trlocradio,10,0.588603620727857,0.6812854806582133,0.5672268907563026,0.6990434353540569,0.6222222222222222,0.0,0.0,0.0,0.0,0.0,0.0,0.0,0.0,0.0,2002,radio,0.5
1,1,lr5e-05_bs16_modL1_fusion64_fusionL1_drop0p1_trmiss50_trlocradio,16,5e-05,1,64,1,0.1,lr5e-05_bs16_modL1_fusion64_fusionL1_drop0p1_trmiss50_trlocradio,11,0.5479980458815893,0.6906912128130595,0.5336134453781513,0.669293066931716,0.5777777777777777,0.0,0.0,0.0,0.0,0.0,0.0,0.0,0.0,0.0,2002,radio,0.5
1,1,lr5e-05_bs16_modL1_fusion64_fusionL1_drop0p1_trmiss50_trlocradio,16,5e-05,1,64,1,0.1,lr5e-05_bs16_modL1_fusion64_fusionL1_drop0p1_trmiss50_trlocradio,12,0.581930935382843,0.6880307197570801,0.5378151260504203,0.6753956379707683,0.6,0.0,0.0,0.0,0.0,0.0,0.0,0.0,0.0,0.0,2002,radio,0.5
1,1,lr5e-05_bs16_modL1_fusion64_fusionL1_drop0p1_trmiss50_trlocradio,16,5e-05,1,64,1,0.1,lr5e-05_bs16_modL1_fusion64_fusionL1_drop0p1_trmiss50_trlocradio,13,0.551490475734075,0.6870898604393005,0.5525210084033614,0.7039629383143131,0.6,0.0,0.0,0.0,0.0,0.0,0.0,0.0,0.0,0.0,2002,radio,0.5
1,1,lr5e-05_bs16_modL1_fusion64_fusionL1_drop0p1_trmiss50_trlocradio,16,5e-05,1,64,1,0.1,lr5e-05_bs16_modL1_fusion64_fusionL1_drop0p1_trmiss50_trlocradio,14,0.5531018277009329,0.6909042795499166,0.5462184873949579,0.6880744296159177,0.5555555555555556,0.0,0.0,0.0,0.0,0.0,0.0,0.0,0.0,0.0,2002,radio,0.5
1,1,lr5e-05_bs16_modL1_fusion64_fusionL1_drop0p1_trmiss50_trlocradio,16,5e-05,1,64,1,0.1,lr5e-05_bs16_modL1_fusion64_fusionL1_drop0p1_trmiss50_trlocradio,15,0.5351161658763885,0.6893641750017802,0.5399159663865547,0.6777749975943109,0.5777777777777777,0.0,0.0,0.0,0.0,0.0,0.0,0.0,0.0,0.0,2002,radio,0.5
1,1,lr5e-05_bs16_modL1_fusion64_fusionL1_drop0p1_trmiss50_trlocradio,16,5e-05,1,64,1,0.1,lr5e-05_bs16_modL1_fusion64_fusionL1_drop0p1_trmiss50_trlocradio,16,0.5319308713078499,0.6872365276018778,0.5273109243697479,0.684151766536102,0.5555555555555556,0.0,0.0,0.0,0.0,0.0,0.0,0.0,0.0,0.0,2002,radio,0.5
1,1,lr5e-05_bs16_modL1_fusion64_fusionL1_drop0p1_trmiss50_trlocradio,16,5e-05,1,64,1,0.1,lr5e-05_bs16_modL1_fusion64_fusionL1_drop0p1_trmiss50_trlocradio,17,0.5402276615301768,0.6878458062807719,0.5105042016806722,0.6581951725490423,0.5111111111111111,0.0,0.0,0.0,0.0,0.0,0.0,0.0,0.0,0.0,2002,radio,0.5
1,1,lr5e-05_bs16_modL1_fusion64_fusionL1_drop0p1_trmiss50_trlocradio,16,5e-05,1,64,1,0.1,lr5e-05_bs16_modL1_fusion64_fusionL1_drop0p1_trmiss50_trlocradio,18,0.534047819674015,0.6855926314989725,0.5210084033613446,0.6524678091510375,0.6222222222222222,0.0,0.0,0.0,0.0,0.0,0.0,0.0,0.0,0.0,2002,radio,0.5
1,1,lr5e-05_bs16_modL1_fusion64_fusionL1_drop0p1_trmiss50_trlocradio,16,5e-05,1,64,1,0.1,lr5e-05_bs16_modL1_fusion64_fusionL1_drop0p1_trmiss50_trlocradio,19,0.52732070038716,0.6841872731844584,0.5378151260504203,0.6695188429177805,0.5555555555555556,0.0,0.0,0.0,0.0,0.0,0.0,0.0,0.0,0.0,2002,radio,0.5
1,1,lr5e-05_bs16_modL1_fusion64_fusionL1_drop0p1_trmiss50_trlocradio,16,5e-05,1,64,1,0.1,lr5e-05_bs16_modL1_fusion64_fusionL1_drop0p1_trmiss50_trlocradio,20,0.5093173732360204,0.6946120659510294,0.5168067226890757,0.6586818377957694,0.5777777777777777,0.0,0.0,0.0,0.0,0.0,0.0,0.0,0.0,0.0,2002,radio,0.5
1,1,lr5e-05_bs16_modL1_fusion64_fusionL1_drop0p1_trmiss50_trlocradio,16,5e-05,1,64,1,0.1,lr5e-05_bs16_modL1_fusion64_fusionL1_drop0p1_trmiss50_trlocradio,21,0.5027658765514692,0.697050154209137,0.5210084033613445,0.6448656919744828,0.5555555555555556,0.0,0.0,0.0,0.0,0.0,0.0,0.0,0.0,0.0,2002,radio,0.5
1,1,lr5e-05_bs16_modL1_fusion64_fusionL1_drop0p1_trmiss50_trlocradio,16,5e-05,1,64,1,0.1,lr5e-05_bs16_modL1_fusion64_fusionL1_drop0p1_trmiss50_trlocradio,22,0.4897438883781433,0.7032682299613953,0.5042016806722689,0.6431511646632558,0.5555555555555556,0.0,0.0,0.0,0.0,0.0,0.0,0.0,0.0,0.0,2002,radio,0.5
1,1,lr5e-05_bs16_modL1_fusion64_fusionL1_drop0p1_trmiss50_trlocradio,16,5e-05,1,64,1,0.1,lr5e-05_bs16_modL1_fusion64_fusionL1_drop0p1_trmiss50_trlocradio,23,0.505042461057504,0.7020713885625204,0.5294117647058824,0.6566880277706814,0.6,0.0,0.0,0.0,0.0,0.0,0.0,0.0,0.0,0.0,2002,radio,0.5
1,1,lr5e-05_bs16_modL1_fusion64_fusionL1_drop0p1_trmiss50_trlocradio,16,5e-05,1,64,1,0.1,lr5e-05_bs16_modL1_fusion64_fusionL1_drop0p1_trmiss50_trlocradio,24,0.4934190760056178,0.6988014777501425,0.5273109243697479,0.6575522140811849,0.5777777777777777,0.0,0.0,0.0,0.0,0.0,0.0,0.0,0.0,0.0,2002,radio,0.5
1,1,lr5e-05_bs16_modL1_fusion64_fusionL1_drop0p1_trmiss50_trlocradio,16,5e-05,1,64,1,0.1,lr5e-05_bs16_modL1_fusion64_fusionL1_drop0p1_trmiss50_trlocradio,25,0.49262838313976925,0.6968394915262858,0.5462184873949579,0.6645367593964294,0.5777777777777777,0.0,0.0,0.0,0.0,0.0,0.0,0.0,0.0,0.0,2002,radio,0.5
1,1,lr5e-05_bs16_modL1_fusion64_fusionL1_drop0p1_trmiss50_trlocradio,16,5e-05,1,64,1,0.1,lr5e-05_bs16_modL1_fusion64_fusionL1_drop0p1_trmiss50_trlocradio,26,0.4754283552368482,0.6979015469551086,0.5357142857142857,0.6667711906361101,0.5777777777777777,0.0,0.0,0.0,0.0,0.0,0.0,0.0,0.0,0.0,2002,radio,0.5
1,1,lr5e-05_bs16_modL1_fusion64_fusionL1_drop0p1_trmiss50_trlocradio,16,5e-05,1,64,1,0.1,lr5e-05_bs16_modL1_fusion64_fusionL1_drop0p1_trmiss50_trlocradio,27,0.49003735929727554,0.6953578392664591,0.5357142857142857,0.6648150300071455,0.6,0.0,0.0,0.0,0.0,0.0,0.0,0.0,0.0,0.0,2002,radio,0.5
1,1,lr5e-05_bs16_modL1_fusion64_fusionL1_drop0p1_trmiss50_trlocradio,16,5e-05,1,64,1,0.1,lr5e-05_bs16_modL1_fusion64_fusionL1_drop0p1_trmiss50_trlocradio,28,0.4801679129401843,0.694825271765391,0.5420168067226891,0.6681156048229456,0.5777777777777777,0.0,0.0,0.0,0.0,0.0,0.0,0.0,0.0,0.0,2002,radio,0.5
1,1,lr5e-05_bs16_modL1_fusion64_fusionL1_drop0p1_trmiss50_trlocradio,16,5e-05,1,64,1,0.1,lr5e-05_bs16_modL1_fusion64_fusionL1_drop0p1_trmiss50_trlocradio,29,0.4944438685973485,0.7025568882624308,0.5357142857142857,0.6606423869398593,0.5555555555555556,0.0,0.0,0.0,0.0,0.0,0.0,0.0,0.0,0.0,2002,radio,0.5
1,1,lr1e-04_bs16_modL1_fusion32_fusionL1_drop0p2_trmiss50_trlocradio,16,0.0001,1,32,1,0.2,lr1e-04_bs16_modL1_fusion32_fusionL1_drop0p2_trmiss50_trlocradio,1,0.6966031342744827,0.6801634828249613,0.5861344537815126,0.726818925664321,0.6,0.0,0.0,0.0,0.0,0.0,0.0,0.0,0.0,0.0,2002,radio,0.5
1,1,lr1e-04_bs16_modL1_fusion32_fusionL1_drop0p2_trmiss50_trlocradio,16,0.0001,1,32,1,0.2,lr1e-04_bs16_modL1_fusion32_fusionL1_drop0p2_trmiss50_trlocradio,2,0.6751154462496439,0.6746340990066528,0.6449579831932772,0.7382499832403049,0.6888888888888889,0.0,0.0,0.0,0.0,0.0,0.0,0.0,0.0,0.0,2002,radio,0.5
1,1,lr1e-04_bs16_modL1_fusion32_fusionL1_drop0p2_trmiss50_trlocradio,16,0.0001,1,32,1,0.2,lr1e-04_bs16_modL1_fusion32_fusionL1_drop0p2_trmiss50_trlocradio,3,0.6589305897553762,0.673861046632131,0.615546218487395,0.6918826296509663,0.6888888888888889,0.0,0.0,0.0,0.0,0.0,0.0,0.0,0.0,0.0,2002,radio,0.5
1,1,lr1e-04_bs16_modL1_fusion32_fusionL1_drop0p2_trmiss50_trlocradio,16,0.0001,1,32,1,0.2,lr1e-04_bs16_modL1_fusion32_fusionL1_drop0p2_trmiss50_trlocradio,4,0.6302960614363352,0.6733686725298563,0.6050420168067226,0.6938934191010968,0.7111111111111111,0.0,0.0,0.0,0.0,0.0,0.0,0.0,0.0,0.0,2002,radio,0.5
1,1,lr1e-04_bs16_modL1_fusion32_fusionL1_drop0p2_trmiss50_trlocradio,16,0.0001,1,32,1,0.2,lr1e-04_bs16_modL1_fusion32_fusionL1_drop0p2_trmiss50_trlocradio,5,0.6214120835065842,0.6766884326934814,0.5819327731092437,0.684252748228812,0.6444444444444445,0.0,0.0,0.0,0.0,0.0,0.0,0.0,0.0,0.0,2002,radio,0.5
1,1,lr1e-04_bs16_modL1_fusion32_fusionL1_drop0p2_trmiss50_trlocradio,16,0.0001,1,32,1,0.2,lr1e-04_bs16_modL1_fusion32_fusionL1_drop0p2_trmiss50_trlocradio,6,0.6177919854720434,0.68047962586085,0.5483193277310925,0.6544492357306505,0.5555555555555556,0.0,0.0,0.0,0.0,0.0,0.0,0.0,0.0,0.0,2002,radio,0.5
1,1,lr1e-04_bs16_modL1_fusion32_fusionL1_drop0p2_trmiss50_trlocradio,16,0.0001,1,32,1,0.2,lr1e-04_bs16_modL1_fusion32_fusionL1_drop0p2_trmiss50_trlocradio,7,0.6052424858013788,0.6824428836504618,0.5210084033613445,0.6209411042436327,0.5777777777777777,0.0,0.0,0.0,0.0,0.0,0.0,0.0,0.0,0.0,2002,radio,0.5
1,1,lr1e-04_bs16_modL1_fusion32_fusionL1_drop0p2_trmiss50_trlocradio,16,0.0001,1,32,1,0.2,lr1e-04_bs16_modL1_fusion32_fusionL1_drop0p2_trmiss50_trlocradio,8,0.594666987657547,0.6791002750396729,0.5210084033613446,0.6410893856234798,0.5555555555555556,0.0,0.0,0.0,0.0,0.0,0.0,0.0,0.0,0.0,2002,radio,0.5
1,1,lr1e-04_bs16_modL1_fusion32_fusionL1_drop0p2_trmiss50_trlocradio,16,0.0001,1,32,1,0.2,lr1e-04_bs16_modL1_fusion32_fusionL1_drop0p2_trmiss50_trlocradio,9,0.5634840925534567,0.6751629908879598,0.5420168067226891,0.6720732691779547,0.5777777777777777,0.0,0.0,0.0,0.0,0.0,0.0,0.0,0.0,0.0,2002,radio,0.5
1,1,lr1e-04_bs16_modL1_fusion32_fusionL1_drop0p2_trmiss50_trlocradio,16,0.0001,1,32,1,0.2,lr1e-04_bs16_modL1_fusion32_fusionL1_drop0p2_trmiss50_trlocradio,10,0.5637831290562948,0.670613427956899,0.5504201680672269,0.651013438322047,0.6444444444444445,0.0,0.0,0.0,0.0,0.0,0.0,0.0,0.0,0.0,2002,radio,0.5
1,1,lr1e-04_bs16_modL1_fusion32_fusionL1_drop0p2_trmiss50_trlocradio,16,0.0001,1,32,1,0.2,lr1e-04_bs16_modL1_fusion32_fusionL1_drop0p2_trmiss50_trlocradio,11,0.5803577800591787,0.6751679182052612,0.5357142857142856,0.6506671835881631,0.6,0.0,0.0,0.0,0.0,0.0,0.0,0.0,0.0,0.0,2002,radio,0.5
1,1,lr1e-04_bs16_modL1_fusion32_fusionL1_drop0p2_trmiss50_trlocradio,16,0.0001,1,32,1,0.2,lr1e-04_bs16_modL1_fusion32_fusionL1_drop0p2_trmiss50_trlocradio,12,0.5521968553463618,0.6811371048291525,0.5084033613445378,0.6166195570484797,0.6,0.0,0.0,0.0,0.0,0.0,0.0,0.0,0.0,0.0,2002,radio,0.5
1,1,lr1e-04_bs16_modL1_fusion32_fusionL1_drop0p2_trmiss50_trlocradio,16,0.0001,1,32,1,0.2,lr1e-04_bs16_modL1_fusion32_fusionL1_drop0p2_trmiss50_trlocradio,13,0.5543552041053772,0.6822634736696879,0.49579831932773105,0.601220501187526,0.5777777777777777,0.0,0.0,0.0,0.0,0.0,0.0,0.0,0.0,0.0,2002,radio,0.5
1,1,lr1e-04_bs16_modL1_fusion32_fusionL1_drop0p2_trmiss50_trlocradio,16,0.0001,1,32,1,0.2,lr1e-04_bs16_modL1_fusion32_fusionL1_drop0p2_trmiss50_trlocradio,14,0.528554859260718,0.6794462005297343,0.5063025210084033,0.6011320497939847,0.6222222222222222,0.0,0.0,0.0,0.0,0.0,0.0,0.0,0.0,0.0,2002,radio,0.5
1,1,lr1e-04_bs16_modL1_fusion32_fusionL1_drop0p2_trmiss50_trlocradio,16,0.0001,1,32,1,0.2,lr1e-04_bs16_modL1_fusion32_fusionL1_drop0p2_trmiss50_trlocradio,15,0.5326494375864664,0.6774987578392029,0.5105042016806722,0.6138402458541912,0.6222222222222222,0.0,0.0,0.0,0.0,0.0,0.0,0.0,0.0,0.0,2002,radio,0.5
1,1,lr1e-04_bs16_modL1_fusion32_fusionL1_drop0p2_trmiss50_trlocradio,16,0.0001,1,32,1,0.2,lr1e-04_bs16_modL1_fusion32_fusionL1_drop0p2_trmiss50_trlocradio,16,0.5395254542430242,0.6812059680620829,0.5126050420168067,0.6115834778166634,0.5111111111111111,0.0,0.0,0.0,0.0,0.0,0.0,0.0,0.0,0.0,2002,radio,0.5
1,1,lr1e-04_bs16_modL1_fusion32_fusionL1_drop0p2_trmiss50_trlocradio,16,0.0001,1,32,1,0.2,lr1e-04_bs16_modL1_fusion32_fusionL1_drop0p2_trmiss50_trlocradio,17,0.5103755841652552,0.6763646006584167,0.5168067226890756,0.614845266109543,0.5555555555555556,0.0,0.0,0.0,0.0,0.0,0.0,0.0,0.0,0.0,2002,radio,0.5
1,1,lr1e-04_bs16_modL1_fusion32_fusionL1_drop0p2_trmiss50_trlocradio,16,0.0001,1,32,1,0.2,lr1e-04_bs16_modL1_fusion32_fusionL1_drop0p2_trmiss50_trlocradio,18,0.5098007271687189,0.6796766718228658,0.5147058823529411,0.6124783636703242,0.5333333333333333,0.0,0.0,0.0,0.0,0.0,0.0,0.0,0.0,0.0,2002,radio,0.5
1,1,lr1e-04_bs16_modL1_fusion32_fusionL1_drop0p2_trmiss50_trlocradio,16,0.0001,1,32,1,0.2,lr1e-04_bs16_modL1_fusion32_fusionL1_drop0p2_trmiss50_trlocradio,19,0.5084464624524117,0.6755220293998718,0.5273109243697478,0.6177251442765903,0.5555555555555556,0.0,0.0,0.0,0.0,0.0,0.0,0.0,0.0,0.0,2002,radio,0.5
1,1,lr1e-04_bs16_modL1_fusion32_fusionL1_drop0p2_trmiss50_trlocradio,16,0.0001,1,32,1,0.2,lr1e-04_bs16_modL1_fusion32_fusionL1_drop0p2_trmiss50_trlocradio,20,0.5089812154571215,0.6788022716840109,0.5336134453781513,0.632048855281328,0.5777777777777777,0.0,0.0,0.0,0.0,0.0,0.0,0.0,0.0,0.0,2002,radio,0.5
1,1,lr1e-04_bs16_modL1_fusion32_fusionL1_drop0p2_trmiss50_trlocradio,16,0.0001,1,32,1,0.2,lr1e-04_bs16_modL1_fusion32_fusionL1_drop0p2_trmiss50_trlocradio,21,0.5075012842814127,0.6777002215385437,0.5294117647058824,0.6278719539763806,0.6444444444444445,0.0,0.0,0.0,0.0,0.0,0.0,0.0,0.0,0.0,2002,radio,0.5
1,1,lr1e-04_bs16_modL1_fusion32_fusionL1_drop0p2_trmiss50_trlocradio,16,0.0001,1,32,1,0.2,lr1e-04_bs16_modL1_fusion32_fusionL1_drop0p2_trmiss50_trlocradio,22,0.4905831068754196,0.6813111702601115,0.5105042016806722,0.6144962476347262,0.6,0.0,0.0,0.0,0.0,0.0,0.0,0.0,0.0,0.0,2002,radio,0.5
1,1,lr1e-04_bs16_modL1_fusion32_fusionL1_drop0p2_trmiss50_trlocradio,16,0.0001,1,32,1,0.2,lr1e-04_bs16_modL1_fusion32_fusionL1_drop0p2_trmiss50_trlocradio,23,0.4902930532892545,0.680009663105011,0.523109243697479,0.6214843613945336,0.6,0.0,0.0,0.0,0.0,0.0,0.0,0.0,0.0,0.0,2002,radio,0.5
1,1,lr1e-04_bs16_modL1_fusion32_fusionL1_drop0p2_trmiss50_trlocradio,16,0.0001,1,32,1,0.2,lr1e-04_bs16_modL1_fusion32_fusionL1_drop0p2_trmiss50_trlocradio,24,0.4850171109040578,0.6759964227676392,0.5357142857142857,0.6345334633471191,0.6222222222222222,0.0,0.0,0.0,0.0,0.0,0.0,0.0,0.0,0.0,2002,radio,0.5
1,1,lr1e-04_bs16_modL1_fusion32_fusionL1_drop0p2_trmiss50_trlocradio,16,0.0001,1,32,1,0.2,lr1e-04_bs16_modL1_fusion32_fusionL1_drop0p2_trmiss50_trlocradio,25,0.4744785825411479,0.6754774848620096,0.5273109243697479,0.623617887948533,0.6222222222222222,0.0,0.0,0.0,0.0,0.0,0.0,0.0,0.0,0.0,2002,radio,0.5
1,1,lr1e-04_bs16_modL1_fusion32_fusionL1_drop0p1_trmiss50_trlocradio,16,0.0001,1,32,1,0.1,lr1e-04_bs16_modL1_fusion32_fusionL1_drop0p1_trmiss50_trlocradio,1,0.6375675698121389,0.6861946980158488,0.4369747899159664,0.5952879980429426,0.6,0.0,0.0,0.0,0.0,0.0,0.0,0.0,0.0,0.0,2002,radio,0.5
1,1,lr1e-04_bs16_modL1_fusion32_fusionL1_drop0p1_trmiss50_trlocradio,16,0.0001,1,32,1,0.1,lr1e-04_bs16_modL1_fusion32_fusionL1_drop0p1_trmiss50_trlocradio,2,0.5793376266956329,0.6923287908236185,0.4411764705882353,0.5995500685938645,0.5777777777777777,0.0,0.0,0.0,0.0,0.0,0.0,0.0,0.0,0.0,2002,radio,0.5
1,1,lr1e-04_bs16_modL1_fusion32_fusionL1_drop0p1_trmiss50_trlocradio,16,0.0001,1,32,1,0.1,lr1e-04_bs16_modL1_fusion32_fusionL1_drop0p1_trmiss50_trlocradio,3,0.572247788310051,0.7081601023674011,0.43067226890756305,0.5902877276689121,0.5777777777777777,0.0,0.0,0.0,0.0,0.0,0.0,0.0,0.0,0.0,2002,radio,0.5
1,1,lr1e-04_bs16_modL1_fusion32_fusionL1_drop0p1_trmiss50_trlocradio,16,0.0001,1,32,1,0.1,lr1e-04_bs16_modL1_fusion32_fusionL1_drop0p1_trmiss50_trlocradio,4,0.5426997517546018,0.7035251259803772,0.4411764705882353,0.5900409939875506,0.6,0.0,0.0,0.0,0.0,0.0,0.0,0.0,0.0,0.0,2002,radio,0.5
1,1,lr1e-04_bs16_modL1_fusion32_fusionL1_drop0p1_trmiss50_trlocradio,16,0.0001,1,32,1,0.1,lr1e-04_bs16_modL1_fusion32_fusionL1_drop0p1_trmiss50_trlocradio,5,0.5272101561228434,0.7093226313591003,0.4327731092436975,0.5827671920177518,0.6,0.0,0.0,0.0,0.0,0.0,0.0,0.0,0.0,0.0,2002,radio,0.5
1,1,lr1e-04_bs16_modL1_fusion32_fusionL1_drop0p1_trmiss50_trlocradio,16,0.0001,1,32,1,0.1,lr1e-04_bs16_modL1_fusion32_fusionL1_drop0p1_trmiss50_trlocradio,6,0.5146285990873972,0.7086514631907145,0.4474789915966386,0.591943967550747,0.5777777777777777,0.0,0.0,0.0,0.0,0.0,0.0,0.0,0.0,0.0,2002,radio,0.5
1,1,lr1e-04_bs16_modL1_fusion32_fusionL1_drop0p1_trmiss50_trlocradio,16,0.0001,1,32,1,0.1,lr1e-04_bs16_modL1_fusion32_fusionL1_drop0p1_trmiss50_trlocradio,7,0.4988292182485263,0.7113011280695597,0.4516806722689076,0.6045510964291151,0.5555555555555556,0.0,0.0,0.0,0.0,0.0,0.0,0.0,0.0,0.0,2002,radio,0.5
1,1,lr1e-04_bs16_modL1_fusion32_fusionL1_drop0p1_trmiss50_trlocradio,16,0.0001,1,32,1,0.1,lr1e-04_bs16_modL1_fusion32_fusionL1_drop0p1_trmiss50_trlocradio,8,0.4867624267935753,0.7119803428649902,0.4453781512605042,0.5970899551095369,0.5777777777777777,0.0,0.0,0.0,0.0,0.0,0.0,0.0,0.0,0.0,2002,radio,0.5
1,1,lr1e-04_bs16_modL1_fusion32_fusionL1_drop0p1_trmiss50_trlocradio,16,0.0001,1,32,1,0.1,lr1e-04_bs16_modL1_fusion32_fusionL1_drop0p1_trmiss50_trlocradio,9,0.4746472512682279,0.7196172078450521,0.43697478991596633,0.5941191256434055,0.5555555555555556,0.0,0.0,0.0,0.0,0.0,0.0,0.0,0.0,0.0,2002,radio,0.5
1,1,lr1e-04_bs16_modL1_fusion32_fusionL1_drop0p1_trmiss50_trlocradio,16,0.0001,1,32,1,0.1,lr1e-04_bs16_modL1_fusion32_fusionL1_drop0p1_trmiss50_trlocradio,10,0.4828333482146263,0.7212697068850199,0.4453781512605042,0.6043016505861278,0.5555555555555556,0.0,0.0,0.0,0.0,0.0,0.0,0.0,0.0,0.0,2002,radio,0.5
1,1,lr1e-04_bs16_modL1_fusion32_fusionL1_drop0p1_trmiss50_trlocradio,16,0.0001,1,32,1,0.1,lr1e-04_bs16_modL1_fusion32_fusionL1_drop0p1_trmiss50_trlocradio,11,0.46785320341587067,0.7154305179913839,0.430672268907563,0.5969562407602202,0.5777777777777777,0.0,0.0,0.0,0.0,0.0,0.0,0.0,0.0,0.0,2002,radio,0.5
1,1,lr1e-04_bs16_modL1_fusion32_fusionL1_drop0p1_trmiss50_trlocradio,16,0.0001,1,32,1,0.1,lr1e-04_bs16_modL1_fusion32_fusionL1_drop0p1_trmiss50_trlocradio,12,0.46311627328395844,0.708237369855245,0.44957983193277307,0.5855938217603731,0.5555555555555556,0.0,0.0,0.0,0.0,0.0,0.0,0.0,0.0,0.0,2002,radio,0.5
1,1,lr1e-04_bs16_modL1_fusion32_fusionL1_drop0p1_trmiss50_trlocradio,16,0.0001,1,32,1,0.1,lr1e-04_bs16_modL1_fusion32_fusionL1_drop0p1_trmiss50_trlocradio,13,0.4570118685563405,0.7201584776242574,0.43697478991596633,0.577592282884113,0.5777777777777777,0.0,0.0,0.0,0.0,0.0,0.0,0.0,0.0,0.0,2002,radio,0.5
1,1,lr1e-04_bs16_modL1_fusion32_fusionL1_drop0p1_trmiss50_trlocradio,16,0.0001,1,32,1,0.1,lr1e-04_bs16_modL1_fusion32_fusionL1_drop0p1_trmiss50_trlocradio,14,0.44877175738414127,0.7258609930674235,0.4159663865546218,0.5682063189235722,0.5555555555555556,0.0,0.0,0.0,0.0,0.0,0.0,0.0,0.0,0.0,2002,radio,0.5
1,1,lr1e-04_bs16_modL1_fusion32_fusionL1_drop0p1_trmiss50_trlocradio,16,0.0001,1,32,1,0.1,lr1e-04_bs16_modL1_fusion32_fusionL1_drop0p1_trmiss50_trlocradio,15,0.4599190205335617,0.7258123954137167,0.411764705882353,0.5687450658908906,0.5555555555555556,0.0,0.0,0.0,0.0,0.0,0.0,0.0,0.0,0.0,2002,radio,0.5
1,1,lr1e-04_bs16_modL1_fusion32_fusionL1_drop0p1_trmiss50_trlocradio,16,0.0001,1,32,1,0.1,lr1e-04_bs16_modL1_fusion32_fusionL1_drop0p1_trmiss50_trlocradio,16,0.4397547592719396,0.7266452312469482,0.4180672268907563,0.5786766334848854,0.5555555555555556,0.0,0.0,0.0,0.0,0.0,0.0,0.0,0.0,0.0,2002,radio,0.5
1,1,lr1e-04_bs16_modL1_fusion32_fusionL1_drop0p1_trmiss50_trlocradio,16,0.0001,1,32,1,0.1,lr1e-04_bs16_modL1_fusion32_fusionL1_drop0p1_trmiss50_trlocradio,17,0.43263352662324905,0.7191736102104187,0.42226890756302526,0.5745750671446057,0.5777777777777777,0.0,0.0,0.0,0.0,0.0,0.0,0.0,0.0,0.0,2002,radio,0.5
1,1,lr1e-04_bs16_modL1_fusion32_fusionL1_drop0p1_trmiss50_trlocradio,16,0.0001,1,32,1,0.1,lr1e-04_bs16_modL1_fusion32_fusionL1_drop0p1_trmiss50_trlocradio,18,0.4957812304298083,0.7314457694689432,0.4159663865546218,0.5717955723365828,0.5555555555555556,0.0,0.0,0.0,0.0,0.0,0.0,0.0,0.0,0.0,2002,radio,0.5
1,1,lr1e-04_bs16_modL1_fusion32_fusionL1_drop0p1_trmiss50_trlocradio,16,0.0001,1,32,1,0.1,lr1e-04_bs16_modL1_fusion32_fusionL1_drop0p1_trmiss50_trlocradio,19,0.41436417897542316,0.7223762472470602,0.43907563025210083,0.5867390503134519,0.5555555555555556,0.0,0.0,0.0,0.0,0.0,0.0,0.0,0.0,0.0,2002,radio,0.5
1,1,lr1e-04_bs16_modL1_fusion32_fusionL1_drop0p1_trmiss50_trlocradio,16,0.0001,1,32,1,0.1,lr1e-04_bs16_modL1_fusion32_fusionL1_drop0p1_trmiss50_trlocradio,20,0.4360627681016922,0.7293258309364319,0.42016806722689076,0.5751637781258163,0.5777777777777777,0.0,0.0,0.0,0.0,0.0,0.0,0.0,0.0,0.0,2002,radio,0.5
1,1,lr1e-04_bs16_modL1_fusion32_fusionL1_drop0p1_trmiss50_trlocradio,16,0.0001,1,32,1,0.1,lr1e-04_bs16_modL1_fusion32_fusionL1_drop0p1_trmiss50_trlocradio,21,0.41852008551359177,0.7307639916737875,0.42436974789915966,0.5632203266586764,0.5777777777777777,0.0,0.0,0.0,0.0,0.0,0.0,0.0,0.0,0.0,2002,radio,0.5
1,1,lr1e-04_bs16_modL1_fusion32_fusionL1_drop0p1_trmiss50_trlocradio,16,0.0001,1,32,1,0.1,lr1e-04_bs16_modL1_fusion32_fusionL1_drop0p1_trmiss50_trlocradio,22,0.46539216736952466,0.7416115403175354,0.4096638655462185,0.557361582734526,0.5555555555555556,0.0,0.0,0.0,0.0,0.0,0.0,0.0,0.0,0.0,2002,radio,0.5
1,1,lr1e-04_bs16_modL1_fusion32_fusionL1_drop0p1_trmiss50_trlocradio,16,0.0001,1,32,1,0.1,lr1e-04_bs16_modL1_fusion32_fusionL1_drop0p1_trmiss50_trlocradio,23,0.42398934563000995,0.7270342508951823,0.43487394957983194,0.5704815816164583,0.5555555555555556,0.0,0.0,0.0,0.0,0.0,0.0,0.0,0.0,0.0,2002,radio,0.5
1,1,lr1e-04_bs16_modL1_fusion32_fusionL1_drop0p1_trmiss50_trlocradio,16,0.0001,1,32,1,0.1,lr1e-04_bs16_modL1_fusion32_fusionL1_drop0p1_trmiss50_trlocradio,24,0.4285058875878652,0.7232765952746073,0.4390756302521008,0.5743217812088263,0.5777777777777777,0.0,0.0,0.0,0.0,0.0,0.0,0.0,0.0,0.0,2002,radio,0.5
1,1,lr1e-04_bs16_modL1_fusion32_fusionL1_drop0p1_trmiss50_trlocradio,16,0.0001,1,32,1,0.1,lr1e-04_bs16_modL1_fusion32_fusionL1_drop0p1_trmiss50_trlocradio,25,0.44433818757534027,0.7312632203102112,0.41806722689075626,0.5634684337089452,0.5555555555555556,0.0,0.0,0.0,0.0,0.0,0.0,0.0,0.0,0.0,2002,radio,0.5
1,1,lr1e-04_bs16_modL1_fusion32_fusionL1_drop0p1_trmiss50_trlocradio,16,0.0001,1,32,1,0.1,lr1e-04_bs16_modL1_fusion32_fusionL1_drop0p1_trmiss50_trlocradio,26,0.4147401774923007,0.7301170627276102,0.4369747899159664,0.5753720148858973,0.5555555555555556,0.0,0.0,0.0,0.0,0.0,0.0,0.0,0.0,0.0,2002,radio,0.5
1,1,lr1e-04_bs16_modL1_fusion32_fusionL1_drop0p1_trmiss50_trlocradio,16,0.0001,1,32,1,0.1,lr1e-04_bs16_modL1_fusion32_fusionL1_drop0p1_trmiss50_trlocradio,27,0.4232749516765277,0.7297452092170715,0.4327731092436975,0.5674324010077199,0.5555555555555556,0.0,0.0,0.0,0.0,0.0,0.0,0.0,0.0,0.0,2002,radio,0.5
1,1,lr1e-04_bs16_modL1_fusion64_fusionL1_drop0p2_trmiss50_trlocradio,16,0.0001,1,64,1,0.2,lr1e-04_bs16_modL1_fusion64_fusionL1_drop0p2_trmiss50_trlocradio,1,0.7728215456008911,0.7131162484486898,0.3382352941176471,0.5974640812320416,0.4,0.0,0.0,0.0,0.0,0.0,0.0,0.0,0.0,0.0,2002,radio,0.5
1,1,lr1e-04_bs16_modL1_fusion64_fusionL1_drop0p2_trmiss50_trlocradio,16,0.0001,1,64,1,0.2,lr1e-04_bs16_modL1_fusion64_fusionL1_drop0p2_trmiss50_trlocradio,2,0.7371802230676016,0.7292022109031677,0.35924369747899154,0.592301120144843,0.37777777777777777,0.0,0.0,0.0,0.0,0.0,0.0,0.0,0.0,0.0,2002,radio,0.5
1,1,lr1e-04_bs16_modL1_fusion64_fusionL1_drop0p2_trmiss50_trlocradio,16,0.0001,1,64,1,0.2,lr1e-04_bs16_modL1_fusion64_fusionL1_drop0p2_trmiss50_trlocradio,3,0.7068025519450506,0.7391384442647299,0.34243697478991597,0.5978551736140009,0.3111111111111111,0.0,0.0,0.0,0.0,0.0,0.0,0.0,0.0,0.0,2002,radio,0.5
1,1,lr1e-04_bs16_modL1_fusion64_fusionL1_drop0p2_trmiss50_trlocradio,16,0.0001,1,64,1,0.2,lr1e-04_bs16_modL1_fusion64_fusionL1_drop0p2_trmiss50_trlocradio,4,0.6971660902102789,0.7396255731582642,0.3550420168067227,0.6212405377189907,0.3111111111111111,0.0,0.0,0.0,0.0,0.0,0.0,0.0,0.0,0.0,2002,radio,0.5
1,1,lr1e-04_bs16_modL1_fusion64_fusionL1_drop0p2_trmiss50_trlocradio,16,0.0001,1,64,1,0.2,lr1e-04_bs16_modL1_fusion64_fusionL1_drop0p2_trmiss50_trlocradio,5,0.6465320984522501,0.7364782094955444,0.3319327731092437,0.6047386297333858,0.35555555555555557,0.0,0.0,0.0,0.0,0.0,0.0,0.0,0.0,0.0,2002,radio,0.5
1,1,lr1e-04_bs16_modL1_fusion64_fusionL1_drop0p2_trmiss50_trlocradio,16,0.0001,1,64,1,0.2,lr1e-04_bs16_modL1_fusion64_fusionL1_drop0p2_trmiss50_trlocradio,6,0.6545992294947306,0.7329624692598978,0.3361344537815126,0.6059375150952853,0.35555555555555557,0.0,0.0,0.0,0.0,0.0,0.0,0.0,0.0,0.0,2002,radio,0.5
1,1,lr1e-04_bs16_modL1_fusion64_fusionL1_drop0p2_trmiss50_trlocradio,16,0.0001,1,64,1,0.2,lr1e-04_bs16_modL1_fusion64_fusionL1_drop0p2_trmiss50_trlocradio,7,0.637463907400767,0.7251731157302856,0.3802521008403361,0.6076723631439598,0.4,0.0,0.0,0.0,0.0,0.0,0.0,0.0,0.0,0.0,2002,radio,0.5
1,1,lr1e-04_bs16_modL1_fusion64_fusionL1_drop0p2_trmiss50_trlocradio,16,0.0001,1,64,1,0.2,lr1e-04_bs16_modL1_fusion64_fusionL1_drop0p2_trmiss50_trlocradio,8,0.6168026030063629,0.7248640656471252,0.3907563025210084,0.6081489205935134,0.4222222222222222,0.0,0.0,0.0,0.0,0.0,0.0,0.0,0.0,0.0,2002,radio,0.5
1,1,lr1e-04_bs16_modL1_fusion64_fusionL1_drop0p2_trmiss50_trlocradio,16,0.0001,1,64,1,0.2,lr1e-04_bs16_modL1_fusion64_fusionL1_drop0p2_trmiss50_trlocradio,9,0.5952342053254446,0.7242451508839926,0.36134453781512604,0.6108246927594231,0.37777777777777777,0.0,0.0,0.0,0.0,0.0,0.0,0.0,0.0,0.0,2002,radio,0.5
1,1,lr1e-04_bs16_modL1_fusion64_fusionL1_drop0p2_trmiss50_trlocradio,16,0.0001,1,64,1,0.2,lr1e-04_bs16_modL1_fusion64_fusionL1_drop0p2_trmiss50_trlocradio,10,0.6064685334761938,0.7304292917251587,0.36554621848739494,0.6026003071002167,0.37777777777777777,0.0,0.0,0.0,0.0,0.0,0.0,0.0,0.0,0.0,2002,radio,0.5
1,1,lr1e-04_bs16_modL1_fusion64_fusionL1_drop0p2_trmiss50_trlocradio,16,0.0001,1,64,1,0.2,lr1e-04_bs16_modL1_fusion64_fusionL1_drop0p2_trmiss50_trlocradio,11,0.5851397713025411,0.727057139078776,0.3781512605042017,0.6078485446458131,0.4,0.0,0.0,0.0,0.0,0.0,0.0,0.0,0.0,0.0,2002,radio,0.5
1,1,lr1e-04_bs16_modL1_fusion64_fusionL1_drop0p2_trmiss50_trlocradio,16,0.0001,1,64,1,0.2,lr1e-04_bs16_modL1_fusion64_fusionL1_drop0p2_trmiss50_trlocradio,12,0.5976410011450449,0.7248327732086182,0.39075630252100835,0.6251682497944655,0.3333333333333333,0.0,0.0,0.0,0.0,0.0,0.0,0.0,0.0,0.0,2002,radio,0.5
1,1,lr1e-04_bs16_modL1_fusion64_fusionL1_drop0p2_trmiss50_trlocradio,16,0.0001,1,64,1,0.2,lr1e-04_bs16_modL1_fusion64_fusionL1_drop0p2_trmiss50_trlocradio,13,0.579567571481069,0.7258268793423971,0.3676470588235294,0.5931639773720747,0.35555555555555557,0.0,0.0,0.0,0.0,0.0,0.0,0.0,0.0,0.0,2002,radio,0.5
1,1,lr1e-04_bs16_modL1_fusion64_fusionL1_drop0p2_trmiss50_trlocradio,16,0.0001,1,64,1,0.2,lr1e-04_bs16_modL1_fusion64_fusionL1_drop0p2_trmiss50_trlocradio,14,0.5595437089602152,0.717214028040568,0.3907563025210084,0.6000675919133671,0.4666666666666667,0.0,0.0,0.0,0.0,0.0,0.0,0.0,0.0,0.0,2002,radio,0.5
1,1,lr1e-04_bs16_modL1_fusion64_fusionL1_drop0p2_trmiss50_trlocradio,16,0.0001,1,64,1,0.2,lr1e-04_bs16_modL1_fusion64_fusionL1_drop0p2_trmiss50_trlocradio,15,0.5622851550579071,0.7251035571098328,0.384453781512605,0.5979122182163393,0.37777777777777777,0.0,0.0,0.0,0.0,0.0,0.0,0.0,0.0,0.0,2002,radio,0.5
1,1,lr1e-04_bs16_modL1_fusion64_fusionL1_drop0p2_trmiss50_trlocradio,16,0.0001,1,64,1,0.2,lr1e-04_bs16_modL1_fusion64_fusionL1_drop0p2_trmiss50_trlocradio,16,0.5686637957890829,0.7233501672744751,0.3949579831932773,0.605654398701667,0.35555555555555557,0.0,0.0,0.0,0.0,0.0,0.0,0.0,0.0,0.0,2002,radio,0.5
1,1,lr1e-04_bs16_modL1_fusion64_fusionL1_drop0p2_trmiss50_trlocradio,16,0.0001,1,64,1,0.2,lr1e-04_bs16_modL1_fusion64_fusionL1_drop0p2_trmiss50_trlocradio,17,0.5519069482882818,0.7215382059415182,0.38865546218487396,0.6051372776442646,0.37777777777777777,0.0,0.0,0.0,0.0,0.0,0.0,0.0,0.0,0.0,2002,radio,0.5
1,1,lr1e-04_bs16_modL1_fusion64_fusionL1_drop0p2_trmiss50_trlocradio,16,0.0001,1,64,1,0.2,lr1e-04_bs16_modL1_fusion64_fusionL1_drop0p2_trmiss50_trlocradio,18,0.5611316685875257,0.7237757245699564,0.3760504201680673,0.5940755434368736,0.4222222222222222,0.0,0.0,0.0,0.0,0.0,0.0,0.0,0.0,0.0,2002,radio,0.5
1,1,lr1e-04_bs16_modL1_fusion64_fusionL1_drop0p2_trmiss50_trlocradio,16,0.0001,1,64,1,0.2,lr1e-04_bs16_modL1_fusion64_fusionL1_drop0p2_trmiss50_trlocradio,19,0.5358034123977026,0.7316722472508749,0.35924369747899165,0.5878525945800729,0.37777777777777777,0.0,0.0,0.0,0.0,0.0,0.0,0.0,0.0,0.0,2002,radio,0.5
1,1,lr1e-04_bs16_modL1_fusion64_fusionL1_drop0p2_trmiss50_trlocradio,16,0.0001,1,64,1,0.2,lr1e-04_bs16_modL1_fusion64_fusionL1_drop0p2_trmiss50_trlocradio,20,0.536935585240523,0.7324794332186381,0.3592436974789916,0.5789483323886426,0.37777777777777777,0.0,0.0,0.0,0.0,0.0,0.0,0.0,0.0,0.0,2002,radio,0.5
1,1,lr1e-04_bs16_modL1_fusion64_fusionL1_drop0p2_trmiss50_trlocradio,16,0.0001,1,64,1,0.2,lr1e-04_bs16_modL1_fusion64_fusionL1_drop0p2_trmiss50_trlocradio,21,0.5593583558996519,0.725132425626119,0.37184873949579833,0.5873142553474275,0.4444444444444444,0.0,0.0,0.0,0.0,0.0,0.0,0.0,0.0,0.0,2002,radio,0.5
1,1,lr1e-04_bs16_modL1_fusion64_fusionL1_drop0p2_trmiss50_trlocradio,16,0.0001,1,64,1,0.2,lr1e-04_bs16_modL1_fusion64_fusionL1_drop0p2_trmiss50_trlocradio,22,0.5384046857555708,0.7257419427235922,0.388655462184874,0.5942470524714039,0.4,0.0,0.0,0.0,0.0,0.0,0.0,0.0,0.0,0.0,2002,radio,0.5
1,1,lr1e-04_bs16_modL1_fusion64_fusionL1_drop0p2_trmiss50_trlocradio,16,0.0001,1,64,1,0.2,lr1e-04_bs16_modL1_fusion64_fusionL1_drop0p2_trmiss50_trlocradio,23,0.5183540632327398,0.7306148211161295,0.3802521008403361,0.5791065216611619,0.4,0.0,0.0,0.0,0.0,0.0,0.0,0.0,0.0,0.0,2002,radio,0.5
1,1,lr1e-04_bs16_modL1_fusion64_fusionL1_drop0p2_trmiss50_trlocradio,16,0.0001,1,64,1,0.2,lr1e-04_bs16_modL1_fusion64_fusionL1_drop0p2_trmiss50_trlocradio,24,0.5502423942089081,0.729676345984141,0.3991596638655462,0.588166455550565,0.4222222222222222,0.0,0.0,0.0,0.0,0.0,0.0,0.0,0.0,0.0,2002,radio,0.5
1,1,lr1e-04_bs16_modL1_fusion64_fusionL1_drop0p2_trmiss50_trlocradio,16,0.0001,1,64,1,0.2,lr1e-04_bs16_modL1_fusion64_fusionL1_drop0p2_trmiss50_trlocradio,25,0.5252885421117147,0.7293099562327067,0.3781512605042016,0.5613756979983973,0.4666666666666667,0.0,0.0,0.0,0.0,0.0,0.0,0.0,0.0,0.0,2002,radio,0.5
1,1,lr1e-04_bs16_modL1_fusion64_fusionL1_drop0p2_trmiss50_trlocradio,16,0.0001,1,64,1,0.2,lr1e-04_bs16_modL1_fusion64_fusionL1_drop0p2_trmiss50_trlocradio,26,0.5204266980290413,0.730512261390686,0.3760504201680672,0.5790570082159192,0.5333333333333333,0.0,0.0,0.0,0.0,0.0,0.0,0.0,0.0,0.0,2002,radio,0.5
1,1,lr1e-04_bs16_modL1_fusion64_fusionL1_drop0p2_trmiss50_trlocradio,16,0.0001,1,64,1,0.2,lr1e-04_bs16_modL1_fusion64_fusionL1_drop0p2_trmiss50_trlocradio,27,0.5429281617204348,0.7320651014645895,0.3907563025210084,0.5626968066280502,0.4666666666666667,0.0,0.0,0.0,0.0,0.0,0.0,0.0,0.0,0.0,2002,radio,0.5
1,1,lr1e-04_bs16_modL1_fusion64_fusionL1_drop0p2_trmiss50_trlocradio,16,0.0001,1,64,1,0.2,lr1e-04_bs16_modL1_fusion64_fusionL1_drop0p2_trmiss50_trlocradio,28,0.5490032037099203,0.7292228937149048,0.3550420168067227,0.545304503289068,0.4888888888888889,0.0,0.0,0.0,0.0,0.0,0.0,0.0,0.0,0.0,2002,radio,0.5
1,1,lr1e-04_bs16_modL1_fusion64_fusionL1_drop0p2_trmiss50_trlocradio,16,0.0001,1,64,1,0.2,lr1e-04_bs16_modL1_fusion64_fusionL1_drop0p2_trmiss50_trlocradio,29,0.5027974098920822,0.7279087503751119,0.38445378151260506,0.5837198172586469,0.5111111111111111,0.0,0.0,0.0,0.0,0.0,0.0,0.0,0.0,0.0,2002,radio,0.5
1,1,lr1e-04_bs16_modL1_fusion64_fusionL1_drop0p2_trmiss50_trlocradio,16,0.0001,1,64,1,0.2,lr1e-04_bs16_modL1_fusion64_fusionL1_drop0p2_trmiss50_trlocradio,30,0.5399230991800626,0.7284035086631775,0.3949579831932773,0.599155897210172,0.4666666666666667,0.0,0.0,0.0,0.0,0.0,0.0,0.0,0.0,0.0,2002,radio,0.5
1,1,lr1e-04_bs16_modL1_fusion64_fusionL1_drop0p2_trmiss50_trlocradio,16,0.0001,1,64,1,0.2,lr1e-04_bs16_modL1_fusion64_fusionL1_drop0p2_trmiss50_trlocradio,31,0.5158811484773954,0.7326881289482117,0.38235294117647056,0.5618984821455153,0.37777777777777777,0.0,0.0,0.0,0.0,0.0,0.0,0.0,0.0,0.0,2002,radio,0.5
1,1,lr1e-04_bs16_modL1_fusion64_fusionL1_drop0p2_trmiss50_trlocradio,16,0.0001,1,64,1,0.2,lr1e-04_bs16_modL1_fusion64_fusionL1_drop0p2_trmiss50_trlocradio,32,0.5347948521375656,0.729804515838623,0.3865546218487395,0.5651355586019853,0.4444444444444444,0.0,0.0,0.0,0.0,0.0,0.0,0.0,0.0,0.0,2002,radio,0.5
1,1,lr1e-04_bs16_modL1_fusion64_fusionL1_drop0p2_trmiss50_trlocradio,16,0.0001,1,64,1,0.2,lr1e-04_bs16_modL1_fusion64_fusionL1_drop0p2_trmiss50_trlocradio,33,0.497005395591259,0.7344468235969543,0.37815126050420167,0.5801272842012001,0.4,0.0,0.0,0.0,0.0,0.0,0.0,0.0,0.0,0.0,2002,radio,0.5
1,1,lr1e-04_bs16_modL1_fusion64_fusionL1_drop0p2_trmiss50_trlocradio,16,0.0001,1,64,1,0.2,lr1e-04_bs16_modL1_fusion64_fusionL1_drop0p2_trmiss50_trlocradio,34,0.5285186419884363,0.7375306288401285,0.37184873949579833,0.5895622861222775,0.37777777777777777,0.0,0.0,0.0,0.0,0.0,0.0,0.0,0.0,0.0,2002,radio,0.5
1,1,lr1e-04_bs16_modL1_fusion64_fusionL1_drop0p2_trmiss50_trlocradio,16,0.0001,1,64,1,0.2,lr1e-04_bs16_modL1_fusion64_fusionL1_drop0p2_trmiss50_trlocradio,35,0.5224725355704626,0.7365102767944336,0.3550420168067227,0.5846629731606807,0.37777777777777777,0.0,0.0,0.0,0.0,0.0,0.0,0.0,0.0,0.0,2002,radio,0.5
1,1,lr1e-04_bs16_modL1_fusion64_fusionL1_drop0p2_trmiss50_trlocradio,16,0.0001,1,64,1,0.2,lr1e-04_bs16_modL1_fusion64_fusionL1_drop0p2_trmiss50_trlocradio,36,0.553536648551623,0.7460890412330627,0.36134453781512604,0.5685933732910871,0.37777777777777777,0.0,0.0,0.0,0.0,0.0,0.0,0.0,0.0,0.0,2002,radio,0.5
1,1,lr1e-04_bs16_modL1_fusion64_fusionL1_drop0p2_trmiss50_trlocradio,16,0.0001,1,64,1,0.2,lr1e-04_bs16_modL1_fusion64_fusionL1_drop0p2_trmiss50_trlocradio,37,0.5082708150148392,0.7268427809079488,0.39285714285714285,0.5880206056360597,0.4888888888888889,0.0,0.0,0.0,0.0,0.0,0.0,0.0,0.0,0.0,2002,radio,0.5
1,1,lr1e-04_bs16_modL1_fusion64_fusionL1_drop0p2_trmiss50_trlocradio,16,0.0001,1,64,1,0.2,lr1e-04_bs16_modL1_fusion64_fusionL1_drop0p2_trmiss50_trlocradio,38,0.5141980027159055,0.7250584761301676,0.40756302521008403,0.5896407555515126,0.4666666666666667,0.0,0.0,0.0,0.0,0.0,0.0,0.0,0.0,0.0,2002,radio,0.5
1,1,lr1e-04_bs16_modL1_fusion64_fusionL1_drop0p2_trmiss50_trlocradio,16,0.0001,1,64,1,0.2,lr1e-04_bs16_modL1_fusion64_fusionL1_drop0p2_trmiss50_trlocradio,39,0.5286859398086866,0.7309809525807699,0.39075630252100835,0.595874080684805,0.37777777777777777,0.0,0.0,0.0,0.0,0.0,0.0,0.0,0.0,0.0,2002,radio,0.5
1,1,lr1e-04_bs16_modL1_fusion64_fusionL1_drop0p2_trmiss50_trlocradio,16,0.0001,1,64,1,0.2,lr1e-04_bs16_modL1_fusion64_fusionL1_drop0p2_trmiss50_trlocradio,40,0.5473326121767362,0.7395346164703369,0.3865546218487395,0.5816377340789317,0.35555555555555557,0.0,0.0,0.0,0.0,0.0,0.0,0.0,0.0,0.0,2002,radio,0.5
1,1,lr1e-04_bs16_modL1_fusion64_fusionL1_drop0p2_trmiss50_trlocradio,16,0.0001,1,64,1,0.2,lr1e-04_bs16_modL1_fusion64_fusionL1_drop0p2_trmiss50_trlocradio,41,0.5479603434602419,0.7394919792811075,0.37815126050420167,0.5771526689373212,0.37777777777777777,0.0,0.0,0.0,0.0,0.0,0.0,0.0,0.0,0.0,2002,radio,0.5
1,1,lr1e-04_bs16_modL1_fusion64_fusionL1_drop0p2_trmiss50_trlocradio,16,0.0001,1,64,1,0.2,lr1e-04_bs16_modL1_fusion64_fusionL1_drop0p2_trmiss50_trlocradio,42,0.5598558684190115,0.7397016286849976,0.38655462184873945,0.5933697456174447,0.37777777777777777,0.0,0.0,0.0,0.0,0.0,0.0,0.0,0.0,0.0,2002,radio,0.5
1,1,lr1e-04_bs16_modL1_fusion64_fusionL1_drop0p2_trmiss50_trlocradio,16,0.0001,1,64,1,0.2,lr1e-04_bs16_modL1_fusion64_fusionL1_drop0p2_trmiss50_trlocradio,43,0.5241498177250227,0.7340406179428101,0.3907563025210084,0.5698436506969111,0.4,0.0,0.0,0.0,0.0,0.0,0.0,0.0,0.0,0.0,2002,radio,0.5
1,1,lr1e-04_bs16_modL1_fusion64_fusionL1_drop0p2_trmiss50_trlocradio,16,0.0001,1,64,1,0.2,lr1e-04_bs16_modL1_fusion64_fusionL1_drop0p2_trmiss50_trlocradio,44,0.5087269842624664,0.7315041224161783,0.3802521008403361,0.5648934578053888,0.35555555555555557,0.0,0.0,0.0,0.0,0.0,0.0,0.0,0.0,0.0,2002,radio,0.5
1,1,lr1e-04_bs16_modL1_fusion64_fusionL1_drop0p2_trmiss50_trlocradio,16,0.0001,1,64,1,0.2,lr1e-04_bs16_modL1_fusion64_fusionL1_drop0p2_trmiss50_trlocradio,45,0.5204849615693092,0.7263396382331848,0.39075630252100835,0.5834066671766462,0.4222222222222222,0.0,0.0,0.0,0.0,0.0,0.0,0.0,0.0,0.0,2002,radio,0.5
1,1,lr1e-04_bs16_modL1_fusion64_fusionL1_drop0p2_trmiss50_trlocradio,16,0.0001,1,64,1,0.2,lr1e-04_bs16_modL1_fusion64_fusionL1_drop0p2_trmiss50_trlocradio,46,0.5248495737711588,0.7321075995763143,0.39285714285714285,0.5853378213399433,0.37777777777777777,0.0,0.0,0.0,0.0,0.0,0.0,0.0,0.0,0.0,2002,radio,0.5
1,1,lr1e-04_bs16_modL1_fusion64_fusionL1_drop0p2_trmiss50_trlocradio,16,0.0001,1,64,1,0.2,lr1e-04_bs16_modL1_fusion64_fusionL1_drop0p2_trmiss50_trlocradio,47,0.522570955256621,0.7281957070032755,0.3928571428571429,0.5838030000498915,0.4666666666666667,0.0,0.0,0.0,0.0,0.0,0.0,0.0,0.0,0.0,2002,radio,0.5
1,1,lr1e-04_bs16_modL1_fusion64_fusionL1_drop0p2_trmiss50_trlocradio,16,0.0001,1,64,1,0.2,lr1e-04_bs16_modL1_fusion64_fusionL1_drop0p2_trmiss50_trlocradio,48,0.5137610137462616,0.7286756237347921,0.39075630252100835,0.584509643458879,0.4222222222222222,0.0,0.0,0.0,0.0,0.0,0.0,0.0,0.0,0.0,2002,radio,0.5
1,1,lr1e-04_bs16_modL1_fusion64_fusionL1_drop0p2_trmiss50_trlocradio,16,0.0001,1,64,1,0.2,lr1e-04_bs16_modL1_fusion64_fusionL1_drop0p2_trmiss50_trlocradio,49,0.5136819531520208,0.7364075581232706,0.3739495798319328,0.5908164485882192,0.37777777777777777,0.0,0.0,0.0,0.0,0.0,0.0,0.0,0.0,0.0,2002,radio,0.5
1,1,lr1e-04_bs16_modL1_fusion64_fusionL1_drop0p2_trmiss50_trlocradio,16,0.0001,1,64,1,0.2,lr1e-04_bs16_modL1_fusion64_fusionL1_drop0p2_trmiss50_trlocradio,50,0.5235424836476644,0.7369128068288168,0.3907563025210084,0.5855766695289215,0.4,0.0,0.0,0.0,0.0,0.0,0.0,0.0,0.0,0.0,2002,radio,0.5
1,1,lr1e-04_bs16_modL1_fusion64_fusionL1_drop0p2_trmiss50_trlocradio,16,0.0001,1,64,1,0.2,lr1e-04_bs16_modL1_fusion64_fusionL1_drop0p2_trmiss50_trlocradio,51,0.5257254292567571,0.7384419043858846,0.384453781512605,0.5941618312263919,0.37777777777777777,0.0,0.0,0.0,0.0,0.0,0.0,0.0,0.0,0.0,2002,radio,0.5
1,1,lr1e-04_bs16_modL1_fusion64_fusionL1_drop0p2_trmiss50_trlocradio,16,0.0001,1,64,1,0.2,lr1e-04_bs16_modL1_fusion64_fusionL1_drop0p2_trmiss50_trlocradio,52,0.5224488998452822,0.7321016391118368,0.3970588235294118,0.5896080704388167,0.4666666666666667,0.0,0.0,0.0,0.0,0.0,0.0,0.0,0.0,0.0,2002,radio,0.5
1,1,lr1e-04_bs16_modL1_fusion64_fusionL1_drop0p2_trmiss50_trlocradio,16,0.0001,1,64,1,0.2,lr1e-04_bs16_modL1_fusion64_fusionL1_drop0p2_trmiss50_trlocradio,53,0.5138771484295527,0.7288299401601156,0.3970588235294118,0.5971277484932025,0.4888888888888889,0.0,0.0,0.0,0.0,0.0,0.0,0.0,0.0,0.0,2002,radio,0.5
1,1,lr1e-04_bs16_modL1_fusion64_fusionL1_drop0p2_trmiss50_trlocradio,16,0.0001,1,64,1,0.2,lr1e-04_bs16_modL1_fusion64_fusionL1_drop0p2_trmiss50_trlocradio,54,0.5127991984287897,0.7338188489278158,0.4054621848739496,0.572629673487501,0.4666666666666667,0.0,0.0,0.0,0.0,0.0,0.0,0.0,0.0,0.0,2002,radio,0.5
1,1,lr1e-04_bs16_modL1_fusion64_fusionL1_drop0p2_trmiss50_trlocradio,16,0.0001,1,64,1,0.2,lr1e-04_bs16_modL1_fusion64_fusionL1_drop0p2_trmiss50_trlocradio,55,0.5152168497443199,0.7333075006802877,0.3886554621848739,0.5665430901787916,0.4888888888888889,0.0,0.0,0.0,0.0,0.0,0.0,0.0,0.0,0.0,2002,radio,0.5
1,1,lr1e-04_bs16_modL1_fusion64_fusionL1_drop0p2_trmiss50_trlocradio,16,0.0001,1,64,1,0.2,lr1e-04_bs16_modL1_fusion64_fusionL1_drop0p2_trmiss50_trlocradio,56,0.5293066129088402,0.7323925097783407,0.3991596638655462,0.5702030839455526,0.4,0.0,0.0,0.0,0.0,0.0,0.0,0.0,0.0,0.0,2002,radio,0.5
1,1,lr1e-04_bs16_modL1_fusion64_fusionL1_drop0p2_trmiss50_trlocradio,16,0.0001,1,64,1,0.2,lr1e-04_bs16_modL1_fusion64_fusionL1_drop0p2_trmiss50_trlocradio,57,0.5382393896579742,0.7354058225949606,0.38235294117647056,0.5664342743608439,0.4222222222222222,0.0,0.0,0.0,0.0,0.0,0.0,0.0,0.0,0.0,2002,radio,0.5
1,1,lr1e-04_bs16_modL1_fusion64_fusionL1_drop0p2_trmiss50_trlocradio,16,0.0001,1,64,1,0.2,lr1e-04_bs16_modL1_fusion64_fusionL1_drop0p2_trmiss50_trlocradio,58,0.5227834184964498,0.7291196386019388,0.39705882352941174,0.5870370168791096,0.4888888888888889,0.0,0.0,0.0,0.0,0.0,0.0,0.0,0.0,0.0,2002,radio,0.5
1,1,lr1e-04_bs16_modL1_fusion64_fusionL1_drop0p1_trmiss50_trlocradio,16,0.0001,1,64,1,0.1,lr1e-04_bs16_modL1_fusion64_fusionL1_drop0p1_trmiss50_trlocradio,1,0.710174505909284,0.6992217898368835,0.5546218487394958,0.6536453317196799,0.5333333333333333,0.0,0.0,0.0,0.0,0.0,0.0,0.0,0.0,0.0,2002,radio,0.5
1,1,lr1e-04_bs16_modL1_fusion64_fusionL1_drop0p1_trmiss50_trlocradio,16,0.0001,1,64,1,0.1,lr1e-04_bs16_modL1_fusion64_fusionL1_drop0p1_trmiss50_trlocradio,2,0.6474945793549219,0.7039201060930887,0.5252100840336135,0.6363551892996083,0.5777777777777777,0.0,0.0,0.0,0.0,0.0,0.0,0.0,0.0,0.0,2002,radio,0.5
1,1,lr1e-04_bs16_modL1_fusion64_fusionL1_drop0p1_trmiss50_trlocradio,16,0.0001,1,64,1,0.1,lr1e-04_bs16_modL1_fusion64_fusionL1_drop0p1_trmiss50_trlocradio,3,0.6332724193731943,0.7044022878011068,0.5273109243697478,0.6395275485040673,0.5777777777777777,0.0,0.0,0.0,0.0,0.0,0.0,0.0,0.0,0.0,2002,radio,0.5
1,1,lr1e-04_bs16_modL1_fusion64_fusionL1_drop0p1_trmiss50_trlocradio,16,0.0001,1,64,1,0.1,lr1e-04_bs16_modL1_fusion64_fusionL1_drop0p1_trmiss50_trlocradio,4,0.6111553261677424,0.7040092746416727,0.5252100840336135,0.6373434612299437,0.6,0.0,0.0,0.0,0.0,0.0,0.0,0.0,0.0,0.0,2002,radio,0.5
1,1,lr1e-04_bs16_modL1_fusion64_fusionL1_drop0p1_trmiss50_trlocradio,16,0.0001,1,64,1,0.1,lr1e-04_bs16_modL1_fusion64_fusionL1_drop0p1_trmiss50_trlocradio,5,0.586395745476087,0.7088636358579,0.5252100840336135,0.6314585145019167,0.5555555555555556,0.0,0.0,0.0,0.0,0.0,0.0,0.0,0.0,0.0,2002,radio,0.5
1,1,lr1e-04_bs16_modL1_fusion64_fusionL1_drop0p1_trmiss50_trlocradio,16,0.0001,1,64,1,0.1,lr1e-04_bs16_modL1_fusion64_fusionL1_drop0p1_trmiss50_trlocradio,6,0.58057568470637,0.6930819153785706,0.5462184873949579,0.6441171619622652,0.5777777777777777,0.0,0.0,0.0,0.0,0.0,0.0,0.0,0.0,0.0,2002,radio,0.5
1,1,lr1e-04_bs16_modL1_fusion64_fusionL1_drop0p1_trmiss50_trlocradio,16,0.0001,1,64,1,0.1,lr1e-04_bs16_modL1_fusion64_fusionL1_drop0p1_trmiss50_trlocradio,7,0.5464261199037234,0.6983280579249064,0.5441176470588236,0.6467839219226426,0.5333333333333333,0.0,0.0,0.0,0.0,0.0,0.0,0.0,0.0,0.0,2002,radio,0.5
1,1,lr1e-04_bs16_modL1_fusion64_fusionL1_drop0p1_trmiss50_trlocradio,16,0.0001,1,64,1,0.1,lr1e-04_bs16_modL1_fusion64_fusionL1_drop0p1_trmiss50_trlocradio,8,0.5268631825844446,0.6956688563028971,0.5399159663865546,0.662111938426519,0.5333333333333333,0.0,0.0,0.0,0.0,0.0,0.0,0.0,0.0,0.0,2002,radio,0.5
1,1,lr1e-04_bs16_modL1_fusion64_fusionL1_drop0p1_trmiss50_trlocradio,16,0.0001,1,64,1,0.1,lr1e-04_bs16_modL1_fusion64_fusionL1_drop0p1_trmiss50_trlocradio,9,0.5298540045817693,0.7034688393274943,0.5210084033613445,0.6209274376202634,0.5777777777777777,0.0,0.0,0.0,0.0,0.0,0.0,0.0,0.0,0.0,2002,radio,0.5
1,1,lr1e-04_bs16_modL1_fusion64_fusionL1_drop0p1_trmiss50_trlocradio,16,0.0001,1,64,1,0.1,lr1e-04_bs16_modL1_fusion64_fusionL1_drop0p1_trmiss50_trlocradio,10,0.5227883780996004,0.7065055767695109,0.5105042016806723,0.6219655580070753,0.5555555555555556,0.0,0.0,0.0,0.0,0.0,0.0,0.0,0.0,0.0,2002,radio,0.5
1,1,lr1e-04_bs16_modL1_fusion64_fusionL1_drop0p1_trmiss50_trlocradio,16,0.0001,1,64,1,0.1,lr1e-04_bs16_modL1_fusion64_fusionL1_drop0p1_trmiss50_trlocradio,11,0.49246619641780853,0.704988161722819,0.5042016806722689,0.6132424624438599,0.5555555555555556,0.0,0.0,0.0,0.0,0.0,0.0,0.0,0.0,0.0,2002,radio,0.5
1,1,lr1e-04_bs16_modL1_fusion64_fusionL1_drop0p1_trmiss50_trlocradio,16,0.0001,1,64,1,0.1,lr1e-04_bs16_modL1_fusion64_fusionL1_drop0p1_trmiss50_trlocradio,12,0.4892938683430354,0.6922716299692789,0.5231092436974789,0.6417473840071124,0.5777777777777777,0.0,0.0,0.0,0.0,0.0,0.0,0.0,0.0,0.0,2002,radio,0.5
1,1,lr1e-04_bs16_modL1_fusion64_fusionL1_drop0p1_trmiss50_trlocradio,16,0.0001,1,64,1,0.1,lr1e-04_bs16_modL1_fusion64_fusionL1_drop0p1_trmiss50_trlocradio,13,0.4527386203408241,0.6921616792678833,0.5441176470588235,0.6517694090037326,0.6,0.0,0.0,0.0,0.0,0.0,0.0,0.0,0.0,0.0,2002,radio,0.5
1,1,lr1e-04_bs16_modL1_fusion64_fusionL1_drop0p1_trmiss50_trlocradio,16,0.0001,1,64,1,0.1,lr1e-04_bs16_modL1_fusion64_fusionL1_drop0p1_trmiss50_trlocradio,14,0.4552856187025706,0.7020804286003113,0.5378151260504203,0.6303470070071377,0.5777777777777777,0.0,0.0,0.0,0.0,0.0,0.0,0.0,0.0,0.0,2002,radio,0.5
1,1,lr1e-04_bs16_modL1_fusion64_fusionL1_drop0p1_trmiss50_trlocradio,16,0.0001,1,64,1,0.1,lr1e-04_bs16_modL1_fusion64_fusionL1_drop0p1_trmiss50_trlocradio,15,0.4577745199203491,0.7030707796414694,0.523109243697479,0.6241941123945135,0.5777777777777777,0.0,0.0,0.0,0.0,0.0,0.0,0.0,0.0,0.0,2002,radio,0.5
1,1,lr1e-04_bs16_modL1_fusion64_fusionL1_drop0p1_trmiss50_trlocradio,16,0.0001,1,64,1,0.1,lr1e-04_bs16_modL1_fusion64_fusionL1_drop0p1_trmiss50_trlocradio,16,0.39547788600126904,0.7065179347991943,0.5063025210084033,0.6132371417891386,0.5555555555555556,0.0,0.0,0.0,0.0,0.0,0.0,0.0,0.0,0.0,2002,radio,0.5
1,1,lr1e-04_bs16_modL1_fusion64_fusionL1_drop0p1_trmiss50_trlocradio,16,0.0001,1,64,1,0.1,lr1e-04_bs16_modL1_fusion64_fusionL1_drop0p1_trmiss50_trlocradio,17,0.40720028678576153,0.7063871622085571,0.5210084033613446,0.6189054541570218,0.5777777777777777,0.0,0.0,0.0,0.0,0.0,0.0,0.0,0.0,0.0,2002,radio,0.5
1,1,lr1e-04_bs16_modL1_fusion64_fusionL1_drop0p1_trmiss50_trlocradio,16,0.0001,1,64,1,0.1,lr1e-04_bs16_modL1_fusion64_fusionL1_drop0p1_trmiss50_trlocradio,18,0.4015735412637393,0.7052019437154134,0.5378151260504201,0.6307210721925611,0.5777777777777777,0.0,0.0,0.0,0.0,0.0,0.0,0.0,0.0,0.0,2002,radio,0.5
1,1,lr1e-04_bs16_modL1_fusion64_fusionL1_drop0p1_trmiss50_trlocradio,16,0.0001,1,64,1,0.1,lr1e-04_bs16_modL1_fusion64_fusionL1_drop0p1_trmiss50_trlocradio,19,0.38605257620414096,0.7145384152730306,0.5147058823529411,0.6101739317491048,0.5555555555555556,0.0,0.0,0.0,0.0,0.0,0.0,0.0,0.0,0.0,2002,radio,0.5
1,1,lr1e-04_bs16_modL1_fusion64_fusionL1_drop0p1_trmiss50_trlocradio,16,0.0001,1,64,1,0.1,lr1e-04_bs16_modL1_fusion64_fusionL1_drop0p1_trmiss50_trlocradio,20,0.3725045174360275,0.7256664435068766,0.5126050420168067,0.6150994267898823,0.6,0.0,0.0,0.0,0.0,0.0,0.0,0.0,0.0,0.0,2002,radio,0.5
1,1,lr1e-04_bs16_modL1_fusion64_fusionL1_drop0p1_trmiss50_trlocradio,16,0.0001,1,64,1,0.1,lr1e-04_bs16_modL1_fusion64_fusionL1_drop0p1_trmiss50_trlocradio,21,0.35703691840171814,0.7219996849695841,0.5105042016806722,0.6060008943060463,0.5777777777777777,0.0,0.0,0.0,0.0,0.0,0.0,0.0,0.0,0.0,2002,radio,0.5
1,1,lr1e-04_bs16_modL1_fusion64_fusionL1_drop0p1_trmiss50_trlocradio,16,0.0001,1,64,1,0.1,lr1e-04_bs16_modL1_fusion64_fusionL1_drop0p1_trmiss50_trlocradio,22,0.3536712775627772,0.7300402323404948,0.5,0.5997756514063654,0.6,0.0,0.0,0.0,0.0,0.0,0.0,0.0,0.0,0.0,2002,radio,0.5
1,1,lr1e-04_bs16_modL1_fusion64_fusionL1_drop0p1_trmiss50_trlocradio,16,0.0001,1,64,1,0.1,lr1e-04_bs16_modL1_fusion64_fusionL1_drop0p1_trmiss50_trlocradio,23,0.3375191241502762,0.7153138717015585,0.5126050420168067,0.6118130883312117,0.5555555555555556,0.0,0.0,0.0,0.0,0.0,0.0,0.0,0.0,0.0,2002,radio,0.5
1,1,lr1e-04_bs16_modL1_fusion64_fusionL1_drop0p1_trmiss50_trlocradio,16,0.0001,1,64,1,0.1,lr1e-04_bs16_modL1_fusion64_fusionL1_drop0p1_trmiss50_trlocradio,24,0.37397800882657367,0.7329986294110616,0.4957983193277311,0.5959572957421331,0.5777777777777777,0.0,0.0,0.0,0.0,0.0,0.0,0.0,0.0,0.0,2002,radio,0.5
1,1,lr1e-04_bs16_modL1_fusion64_fusionL1_drop0p1_trmiss50_trlocradio,16,0.0001,1,64,1,0.1,lr1e-04_bs16_modL1_fusion64_fusionL1_drop0p1_trmiss50_trlocradio,25,0.35820721834897995,0.7354090809822083,0.4957983193277311,0.5968369171307567,0.6,0.0,0.0,0.0,0.0,0.0,0.0,0.0,0.0,0.0,2002,radio,0.5
1,1,lr1e-04_bs16_modL1_fusion64_fusionL1_drop0p1_trmiss50_trlocradio,16,0.0001,1,64,1,0.1,lr1e-04_bs16_modL1_fusion64_fusionL1_drop0p1_trmiss50_trlocradio,26,0.3397354607780774,0.7297758460044861,0.5042016806722689,0.6112846002385582,0.5777777777777777,0.0,0.0,0.0,0.0,0.0,0.0,0.0,0.0,0.0,2002,radio,0.5
1,1,lr5e-05_bs32_modL1_fusion32_fusionL1_drop0p2_trmiss50_trlocradio,32,5e-05,1,32,1,0.2,lr5e-05_bs32_modL1_fusion32_fusionL1_drop0p2_trmiss50_trlocradio,1,0.7758680880069733,0.7065772414207458,0.4642857142857143,0.6073338626619914,0.37777777777777777,0.0,0.0,0.0,0.0,0.0,0.0,0.0,0.0,0.0,2002,radio,0.5
1,1,lr5e-05_bs32_modL1_fusion32_fusionL1_drop0p2_trmiss50_trlocradio,32,5e-05,1,32,1,0.2,lr5e-05_bs32_modL1_fusion32_fusionL1_drop0p2_trmiss50_trlocradio,2,0.7643683354059855,0.7221721112728119,0.39915966386554624,0.5653299911992288,0.37777777777777777,0.0,0.0,0.0,0.0,0.0,0.0,0.0,0.0,0.0,2002,radio,0.5
1,1,lr5e-05_bs32_modL1_fusion32_fusionL1_drop0p2_trmiss50_trlocradio,32,5e-05,1,32,1,0.2,lr5e-05_bs32_modL1_fusion32_fusionL1_drop0p2_trmiss50_trlocradio,3,0.7461539109547933,0.7368792295455933,0.3613445378151261,0.5415195533735818,0.3333333333333333,0.0,0.0,0.0,0.0,0.0,0.0,0.0,0.0,0.0,2002,radio,0.5
1,1,lr5e-05_bs32_modL1_fusion32_fusionL1_drop0p2_trmiss50_trlocradio,32,5e-05,1,32,1,0.2,lr5e-05_bs32_modL1_fusion32_fusionL1_drop0p2_trmiss50_trlocradio,4,0.7363645335038503,0.7530712187290192,0.319327731092437,0.5259073917814076,0.3333333333333333,0.0,0.0,0.0,0.0,0.0,0.0,0.0,0.0,0.0,2002,radio,0.5
1,1,lr5e-05_bs32_modL1_fusion32_fusionL1_drop0p2_trmiss50_trlocradio,32,5e-05,1,32,1,0.2,lr5e-05_bs32_modL1_fusion32_fusionL1_drop0p2_trmiss50_trlocradio,5,0.7161833147207896,0.7675211727619171,0.28991596638655465,0.5136700340732099,0.3111111111111111,0.0,0.0,0.0,0.0,0.0,0.0,0.0,0.0,0.0,2002,radio,0.5
1,1,lr5e-05_bs32_modL1_fusion32_fusionL1_drop0p2_trmiss50_trlocradio,32,5e-05,1,32,1,0.2,lr5e-05_bs32_modL1_fusion32_fusionL1_drop0p2_trmiss50_trlocradio,6,0.7142188946406046,0.7757986783981323,0.27941176470588236,0.508783031402956,0.3333333333333333,0.0,0.0,0.0,0.0,0.0,0.0,0.0,0.0,0.0,2002,radio,0.5
1,1,lr5e-05_bs32_modL1_fusion32_fusionL1_drop0p2_trmiss50_trlocradio,32,5e-05,1,32,1,0.2,lr5e-05_bs32_modL1_fusion32_fusionL1_drop0p2_trmiss50_trlocradio,7,0.6985033750534058,0.7816225588321686,0.2857142857142857,0.5116972726179511,0.3333333333333333,0.0,0.0,0.0,0.0,0.0,0.0,0.0,0.0,0.0,2002,radio,0.5
1,1,lr5e-05_bs32_modL1_fusion32_fusionL1_drop0p2_trmiss50_trlocradio,32,5e-05,1,32,1,0.2,lr5e-05_bs32_modL1_fusion32_fusionL1_drop0p2_trmiss50_trlocradio,8,0.671639879544576,0.7785523533821106,0.2920168067226891,0.5149885891445617,0.3333333333333333,0.0,0.0,0.0,0.0,0.0,0.0,0.0,0.0,0.0,2002,radio,0.5
1,1,lr5e-05_bs32_modL1_fusion32_fusionL1_drop0p2_trmiss50_trlocradio,32,5e-05,1,32,1,0.2,lr5e-05_bs32_modL1_fusion32_fusionL1_drop0p2_trmiss50_trlocradio,9,0.6971613566080729,0.7831639051437378,0.28571428571428575,0.5137299419853708,0.3333333333333333,0.0,0.0,0.0,0.0,0.0,0.0,0.0,0.0,0.0,2002,radio,0.5
1,1,lr5e-05_bs32_modL1_fusion32_fusionL1_drop0p2_trmiss50_trlocradio,32,5e-05,1,32,1,0.2,lr5e-05_bs32_modL1_fusion32_fusionL1_drop0p2_trmiss50_trlocradio,10,0.6871144870917002,0.7833809852600098,0.296218487394958,0.5175439382072637,0.3333333333333333,0.0,0.0,0.0,0.0,0.0,0.0,0.0,0.0,0.0,2002,radio,0.5
1,1,lr5e-05_bs32_modL1_fusion32_fusionL1_drop0p2_trmiss50_trlocradio,32,5e-05,1,32,1,0.2,lr5e-05_bs32_modL1_fusion32_fusionL1_drop0p2_trmiss50_trlocradio,11,0.6821111539999644,0.7814276814460754,0.3025210084033614,0.5198731307538476,0.3333333333333333,0.0,0.0,0.0,0.0,0.0,0.0,0.0,0.0,0.0,2002,radio,0.5
1,1,lr5e-05_bs32_modL1_fusion32_fusionL1_drop0p2_trmiss50_trlocradio,32,5e-05,1,32,1,0.2,lr5e-05_bs32_modL1_fusion32_fusionL1_drop0p2_trmiss50_trlocradio,12,0.6664710740248362,0.7838656604290009,0.30042016806722693,0.5185873728609468,0.3333333333333333,0.0,0.0,0.0,0.0,0.0,0.0,0.0,0.0,0.0,2002,radio,0.5
1,1,lr5e-05_bs32_modL1_fusion32_fusionL1_drop0p2_trmiss50_trlocradio,32,5e-05,1,32,1,0.2,lr5e-05_bs32_modL1_fusion32_fusionL1_drop0p2_trmiss50_trlocradio,13,0.6674161652723948,0.7841297388076782,0.28991596638655465,0.5142933272910422,0.3111111111111111,0.0,0.0,0.0,0.0,0.0,0.0,0.0,0.0,0.0,2002,radio,0.5
1,1,lr5e-05_bs32_modL1_fusion32_fusionL1_drop0p2_trmiss50_trlocradio,32,5e-05,1,32,1,0.2,lr5e-05_bs32_modL1_fusion32_fusionL1_drop0p2_trmiss50_trlocradio,14,0.6615102092425028,0.7847005724906921,0.28571428571428575,0.5114255014344468,0.3111111111111111,0.0,0.0,0.0,0.0,0.0,0.0,0.0,0.0,0.0,2002,radio,0.5
1,1,lr5e-05_bs32_modL1_fusion32_fusionL1_drop0p2_trmiss50_trlocradio,32,5e-05,1,32,1,0.2,lr5e-05_bs32_modL1_fusion32_fusionL1_drop0p2_trmiss50_trlocradio,15,0.6626559893290201,0.7871283888816833,0.27941176470588236,0.5088171226597394,0.3111111111111111,0.0,0.0,0.0,0.0,0.0,0.0,0.0,0.0,0.0,2002,radio,0.5
1,1,lr5e-05_bs32_modL1_fusion32_fusionL1_drop0p2_trmiss50_trlocradio,32,5e-05,1,32,1,0.2,lr5e-05_bs32_modL1_fusion32_fusionL1_drop0p2_trmiss50_trlocradio,16,0.6630421777566274,0.7832065224647522,0.2878151260504202,0.5133275734782862,0.3111111111111111,0.0,0.0,0.0,0.0,0.0,0.0,0.0,0.0,0.0,2002,radio,0.5
1,1,lr5e-05_bs32_modL1_fusion32_fusionL1_drop0p2_trmiss50_trlocradio,32,5e-05,1,32,1,0.2,lr5e-05_bs32_modL1_fusion32_fusionL1_drop0p2_trmiss50_trlocradio,17,0.6549415389696757,0.7835167646408081,0.2920168067226891,0.5141178805266954,0.3111111111111111,0.0,0.0,0.0,0.0,0.0,0.0,0.0,0.0,0.0,2002,radio,0.5
1,1,lr5e-05_bs32_modL1_fusion32_fusionL1_drop0p2_trmiss50_trlocradio,32,5e-05,1,32,1,0.2,lr5e-05_bs32_modL1_fusion32_fusionL1_drop0p2_trmiss50_trlocradio,18,0.6465451618035635,0.78237584233284,0.28991596638655465,0.514504967512823,0.3111111111111111,0.0,0.0,0.0,0.0,0.0,0.0,0.0,0.0,0.0,2002,radio,0.5
1,1,lr5e-05_bs32_modL1_fusion32_fusionL1_drop0p2_trmiss50_trlocradio,32,5e-05,1,32,1,0.2,lr5e-05_bs32_modL1_fusion32_fusionL1_drop0p2_trmiss50_trlocradio,19,0.6514458457628886,0.7814415991306305,0.29831932773109243,0.5198793687353004,0.3111111111111111,0.0,0.0,0.0,0.0,0.0,0.0,0.0,0.0,0.0,2002,radio,0.5
1,1,lr5e-05_bs32_modL1_fusion32_fusionL1_drop0p2_trmiss50_trlocradio,32,5e-05,1,32,1,0.2,lr5e-05_bs32_modL1_fusion32_fusionL1_drop0p2_trmiss50_trlocradio,20,0.6619552075862885,0.7807528376579285,0.29411764705882354,0.5155637995191983,0.3111111111111111,0.0,0.0,0.0,0.0,0.0,0.0,0.0,0.0,0.0,2002,radio,0.5
1,1,lr5e-05_bs32_modL1_fusion32_fusionL1_drop0p2_trmiss50_trlocradio,32,5e-05,1,32,1,0.2,lr5e-05_bs32_modL1_fusion32_fusionL1_drop0p2_trmiss50_trlocradio,21,0.6734864811102549,0.7830601334571838,0.28571428571428575,0.5130612911896222,0.3111111111111111,0.0,0.0,0.0,0.0,0.0,0.0,0.0,0.0,0.0,2002,radio,0.5
1,1,lr5e-05_bs32_modL1_fusion32_fusionL1_drop0p2_trmiss50_trlocradio,32,5e-05,1,32,1,0.2,lr5e-05_bs32_modL1_fusion32_fusionL1_drop0p2_trmiss50_trlocradio,22,0.6515568693478903,0.7816798686981201,0.28991596638655465,0.5151444647402575,0.3111111111111111,0.0,0.0,0.0,0.0,0.0,0.0,0.0,0.0,0.0,2002,radio,0.5
1,1,lr5e-05_bs32_modL1_fusion32_fusionL1_drop0p2_trmiss50_trlocradio,32,5e-05,1,32,1,0.2,lr5e-05_bs32_modL1_fusion32_fusionL1_drop0p2_trmiss50_trlocradio,23,0.6382433176040649,0.7842349410057068,0.2815126050420168,0.5114242100248679,0.28888888888888886,0.0,0.0,0.0,0.0,0.0,0.0,0.0,0.0,0.0,2002,radio,0.5
1,1,lr5e-05_bs32_modL1_fusion32_fusionL1_drop0p2_trmiss50_trlocradio,32,5e-05,1,32,1,0.2,lr5e-05_bs32_modL1_fusion32_fusionL1_drop0p2_trmiss50_trlocradio,24,0.6565676033496857,0.7820310890674591,0.28991596638655465,0.5147784937741066,0.3111111111111111,0.0,0.0,0.0,0.0,0.0,0.0,0.0,0.0,0.0,2002,radio,0.5
1,1,lr5e-05_bs32_modL1_fusion32_fusionL1_drop0p2_trmiss50_trlocradio,32,5e-05,1,32,1,0.2,lr5e-05_bs32_modL1_fusion32_fusionL1_drop0p2_trmiss50_trlocradio,25,0.6700267692406973,0.7817610204219818,0.28571428571428575,0.5112728478423522,0.28888888888888886,0.0,0.0,0.0,0.0,0.0,0.0,0.0,0.0,0.0,2002,radio,0.5
1,1,lr5e-05_bs32_modL1_fusion32_fusionL1_drop0p2_trmiss50_trlocradio,32,5e-05,1,32,1,0.2,lr5e-05_bs32_modL1_fusion32_fusionL1_drop0p2_trmiss50_trlocradio,26,0.6577235360940298,0.7854643762111664,0.29201680672268904,0.5139349760867786,0.3111111111111111,0.0,0.0,0.0,0.0,0.0,0.0,0.0,0.0,0.0,2002,radio,0.5
1,1,lr5e-05_bs32_modL1_fusion32_fusionL1_drop0p2_trmiss50_trlocradio,32,5e-05,1,32,1,0.2,lr5e-05_bs32_modL1_fusion32_fusionL1_drop0p2_trmiss50_trlocradio,27,0.6371249258518219,0.7873523533344269,0.2920168067226891,0.5145219796629126,0.3111111111111111,0.0,0.0,0.0,0.0,0.0,0.0,0.0,0.0,0.0,2002,radio,0.5
1,1,lr5e-05_bs32_modL1_fusion32_fusionL1_drop0p2_trmiss50_trlocradio,32,5e-05,1,32,1,0.2,lr5e-05_bs32_modL1_fusion32_fusionL1_drop0p2_trmiss50_trlocradio,28,0.6456904311974844,0.785795271396637,0.296218487394958,0.5166288560555033,0.3333333333333333,0.0,0.0,0.0,0.0,0.0,0.0,0.0,0.0,0.0,2002,radio,0.5
1,1,lr5e-05_bs32_modL1_fusion32_fusionL1_drop0p2_trmiss50_trlocradio,32,5e-05,1,32,1,0.2,lr5e-05_bs32_modL1_fusion32_fusionL1_drop0p2_trmiss50_trlocradio,29,0.6344398558139801,0.7860773801803589,0.3046218487394958,0.5203647466961515,0.3111111111111111,0.0,0.0,0.0,0.0,0.0,0.0,0.0,0.0,0.0,2002,radio,0.5
1,1,lr5e-05_bs32_modL1_fusion32_fusionL1_drop0p2_trmiss50_trlocradio,32,5e-05,1,32,1,0.2,lr5e-05_bs32_modL1_fusion32_fusionL1_drop0p2_trmiss50_trlocradio,30,0.6311930616696676,0.785033106803894,0.3067226890756303,0.5209767858666584,0.3111111111111111,0.0,0.0,0.0,0.0,0.0,0.0,0.0,0.0,0.0,2002,radio,0.5
1,1,lr5e-05_bs32_modL1_fusion32_fusionL1_drop0p2_trmiss50_trlocradio,32,5e-05,1,32,1,0.2,lr5e-05_bs32_modL1_fusion32_fusionL1_drop0p2_trmiss50_trlocradio,31,0.6515420079231262,0.7863978445529938,0.29831932773109243,0.5176200819406171,0.3111111111111111,0.0,0.0,0.0,0.0,0.0,0.0,0.0,0.0,0.0,2002,radio,0.5
1,1,lr5e-05_bs32_modL1_fusion32_fusionL1_drop0p2_trmiss50_trlocradio,32,5e-05,1,32,1,0.2,lr5e-05_bs32_modL1_fusion32_fusionL1_drop0p2_trmiss50_trlocradio,32,0.631097823381424,0.7835153341293335,0.29621848739495804,0.5168928679781091,0.3111111111111111,0.0,0.0,0.0,0.0,0.0,0.0,0.0,0.0,0.0,2002,radio,0.5
1,1,lr5e-05_bs32_modL1_fusion32_fusionL1_drop0p2_trmiss50_trlocradio,32,5e-05,1,32,1,0.2,lr5e-05_bs32_modL1_fusion32_fusionL1_drop0p2_trmiss50_trlocradio,33,0.6478336453437805,0.7844297885894775,0.29831932773109243,0.5176200819406171,0.3111111111111111,0.0,0.0,0.0,0.0,0.0,0.0,0.0,0.0,0.0,2002,radio,0.5
1,1,lr5e-05_bs32_modL1_fusion32_fusionL1_drop0p2_trmiss50_trlocradio,32,5e-05,1,32,1,0.2,lr5e-05_bs32_modL1_fusion32_fusionL1_drop0p2_trmiss50_trlocradio,34,0.6452062030633291,0.7834318578243256,0.2983193277310925,0.5171543856286476,0.3111111111111111,0.0,0.0,0.0,0.0,0.0,0.0,0.0,0.0,0.0,2002,radio,0.5
1,1,lr5e-05_bs32_modL1_fusion32_fusionL1_drop0p2_trmiss50_trlocradio,32,5e-05,1,32,1,0.2,lr5e-05_bs32_modL1_fusion32_fusionL1_drop0p2_trmiss50_trlocradio,35,0.6245015859603882,0.7842978835105896,0.28991596638655465,0.5135519884275521,0.3111111111111111,0.0,0.0,0.0,0.0,0.0,0.0,0.0,0.0,0.0,2002,radio,0.5
1,1,lr5e-05_bs32_modL1_fusion32_fusionL1_drop0p2_trmiss50_trlocradio,32,5e-05,1,32,1,0.2,lr5e-05_bs32_modL1_fusion32_fusionL1_drop0p2_trmiss50_trlocradio,36,0.6496555209159851,0.7812864780426025,0.296218487394958,0.5160516083973536,0.3111111111111111,0.0,0.0,0.0,0.0,0.0,0.0,0.0,0.0,0.0,2002,radio,0.5
1,1,lr5e-05_bs32_modL1_fusion32_fusionL1_drop0p2_trmiss50_trlocradio,32,5e-05,1,32,1,0.2,lr5e-05_bs32_modL1_fusion32_fusionL1_drop0p2_trmiss50_trlocradio,37,0.6362050871054331,0.780346006155014,0.3025210084033614,0.5188914617704647,0.3111111111111111,0.0,0.0,0.0,0.0,0.0,0.0,0.0,0.0,0.0,2002,radio,0.5
1,1,lr5e-05_bs32_modL1_fusion32_fusionL1_drop0p2_trmiss50_trlocradio,32,5e-05,1,32,1,0.2,lr5e-05_bs32_modL1_fusion32_fusionL1_drop0p2_trmiss50_trlocradio,38,0.6360209584236145,0.7807635068893433,0.296218487394958,0.5164426879060803,0.3111111111111111,0.0,0.0,0.0,0.0,0.0,0.0,0.0,0.0,0.0,2002,radio,0.5
1,1,lr5e-05_bs32_modL1_fusion32_fusionL1_drop0p2_trmiss50_trlocradio,32,5e-05,1,32,1,0.2,lr5e-05_bs32_modL1_fusion32_fusionL1_drop0p2_trmiss50_trlocradio,39,0.6460356513659159,0.7839435040950775,0.2920168067226891,0.5095504573296391,0.3111111111111111,0.0,0.0,0.0,0.0,0.0,0.0,0.0,0.0,0.0,2002,radio,0.5
1,1,lr5e-05_bs32_modL1_fusion32_fusionL1_drop0p2_trmiss50_trlocradio,32,5e-05,1,32,1,0.2,lr5e-05_bs32_modL1_fusion32_fusionL1_drop0p2_trmiss50_trlocradio,40,0.6402963797251383,0.7857234179973602,0.28991596638655465,0.5126666133390176,0.3111111111111111,0.0,0.0,0.0,0.0,0.0,0.0,0.0,0.0,0.0,2002,radio,0.5
1,1,lr5e-05_bs32_modL1_fusion32_fusionL1_drop0p2_trmiss50_trlocradio,32,5e-05,1,32,1,0.2,lr5e-05_bs32_modL1_fusion32_fusionL1_drop0p2_trmiss50_trlocradio,41,0.6457767089207967,0.7867707312107086,0.28571428571428575,0.5106118403808834,0.3111111111111111,0.0,0.0,0.0,0.0,0.0,0.0,0.0,0.0,0.0,2002,radio,0.5
1,1,lr5e-05_bs32_modL1_fusion32_fusionL1_drop0p2_trmiss50_trlocradio,32,5e-05,1,32,1,0.2,lr5e-05_bs32_modL1_fusion32_fusionL1_drop0p2_trmiss50_trlocradio,42,0.6288687884807587,0.7832102477550507,0.29411764705882354,0.5101515845081993,0.3111111111111111,0.0,0.0,0.0,0.0,0.0,0.0,0.0,0.0,0.0,2002,radio,0.5
1,1,lr5e-05_bs32_modL1_fusion32_fusionL1_drop0p2_trmiss50_trlocradio,32,5e-05,1,32,1,0.2,lr5e-05_bs32_modL1_fusion32_fusionL1_drop0p2_trmiss50_trlocradio,43,0.6445920566717783,0.7840094268321991,0.2857142857142857,0.5067328640166541,0.3333333333333333,0.0,0.0,0.0,0.0,0.0,0.0,0.0,0.0,0.0,2002,radio,0.5
1,1,lr5e-05_bs32_modL1_fusion32_fusionL1_drop0p2_trmiss50_trlocradio,32,5e-05,1,32,1,0.2,lr5e-05_bs32_modL1_fusion32_fusionL1_drop0p2_trmiss50_trlocradio,44,0.6262111564477285,0.784652829170227,0.2983193277310925,0.5167742181118676,0.3333333333333333,0.0,0.0,0.0,0.0,0.0,0.0,0.0,0.0,0.0,2002,radio,0.5
1,1,lr5e-05_bs32_modL1_fusion32_fusionL1_drop0p2_trmiss50_trlocradio,32,5e-05,1,32,1,0.2,lr5e-05_bs32_modL1_fusion32_fusionL1_drop0p2_trmiss50_trlocradio,45,0.6267155110836029,0.7837764024734497,0.28991596638655465,0.5130897108688927,0.3111111111111111,0.0,0.0,0.0,0.0,0.0,0.0,0.0,0.0,0.0,2002,radio,0.5
1,1,lr5e-05_bs32_modL1_fusion32_fusionL1_drop0p2_trmiss50_trlocradio,32,5e-05,1,32,1,0.2,lr5e-05_bs32_modL1_fusion32_fusionL1_drop0p2_trmiss50_trlocradio,46,0.6419788002967834,0.788987398147583,0.28991596638655465,0.5125989848890362,0.3111111111111111,0.0,0.0,0.0,0.0,0.0,0.0,0.0,0.0,0.0,2002,radio,0.5
1,1,lr5e-05_bs32_modL1_fusion32_fusionL1_drop0p2_trmiss50_trlocradio,32,5e-05,1,32,1,0.2,lr5e-05_bs32_modL1_fusion32_fusionL1_drop0p2_trmiss50_trlocradio,47,0.6362303594748179,0.7878507375717163,0.296218487394958,0.5155210628111142,0.3111111111111111,0.0,0.0,0.0,0.0,0.0,0.0,0.0,0.0,0.0,2002,radio,0.5
1,1,lr5e-05_bs32_modL1_fusion32_fusionL1_drop0p2_trmiss50_trlocradio,32,5e-05,1,32,1,0.2,lr5e-05_bs32_modL1_fusion32_fusionL1_drop0p2_trmiss50_trlocradio,48,0.6345801850159963,0.7881429493427277,0.28991596638655465,0.5133921315284562,0.3111111111111111,0.0,0.0,0.0,0.0,0.0,0.0,0.0,0.0,0.0,2002,radio,0.5
1,1,lr5e-05_bs32_modL1_fusion32_fusionL1_drop0p2_trmiss50_trlocradio,32,5e-05,1,32,1,0.2,lr5e-05_bs32_modL1_fusion32_fusionL1_drop0p2_trmiss50_trlocradio,49,0.6436480581760406,0.7852195203304291,0.28781512605042014,0.5125287420495649,0.3333333333333333,0.0,0.0,0.0,0.0,0.0,0.0,0.0,0.0,0.0,2002,radio,0.5
1,1,lr5e-05_bs32_modL1_fusion32_fusionL1_drop0p2_trmiss50_trlocradio,32,5e-05,1,32,1,0.2,lr5e-05_bs32_modL1_fusion32_fusionL1_drop0p2_trmiss50_trlocradio,50,0.6258248388767242,0.781478226184845,0.2920168067226891,0.5144973194491769,0.35555555555555557,0.0,0.0,0.0,0.0,0.0,0.0,0.0,0.0,0.0,2002,radio,0.5
1,1,lr5e-05_bs32_modL1_fusion32_fusionL1_drop0p1_trmiss50_trlocradio,32,5e-05,1,32,1,0.1,lr5e-05_bs32_modL1_fusion32_fusionL1_drop0p1_trmiss50_trlocradio,1,0.8797164758046468,0.7197127938270569,0.5168067226890757,0.6649401268301482,0.37777777777777777,0.0,0.0,0.0,0.0,0.0,0.0,0.0,0.0,0.0,2002,radio,0.5
1,1,lr5e-05_bs32_modL1_fusion32_fusionL1_drop0p1_trmiss50_trlocradio,32,5e-05,1,32,1,0.1,lr5e-05_bs32_modL1_fusion32_fusionL1_drop0p1_trmiss50_trlocradio,2,0.8559828102588654,0.7411722242832184,0.4852941176470588,0.6248933960064496,0.37777777777777777,0.0,0.0,0.0,0.0,0.0,0.0,0.0,0.0,0.0,2002,radio,0.5
1,1,lr5e-05_bs32_modL1_fusion32_fusionL1_drop0p1_trmiss50_trlocradio,32,5e-05,1,32,1,0.1,lr5e-05_bs32_modL1_fusion32_fusionL1_drop0p1_trmiss50_trlocradio,3,0.8323088785012563,0.7640075087547302,0.4600840336134454,0.6007194227759798,0.37777777777777777,0.0,0.0,0.0,0.0,0.0,0.0,0.0,0.0,0.0,2002,radio,0.5
1,1,lr5e-05_bs32_modL1_fusion32_fusionL1_drop0p1_trmiss50_trlocradio,32,5e-05,1,32,1,0.1,lr5e-05_bs32_modL1_fusion32_fusionL1_drop0p1_trmiss50_trlocradio,4,0.8017735878626505,0.7836554944515228,0.42857142857142855,0.596324773325832,0.37777777777777777,0.0,0.0,0.0,0.0,0.0,0.0,0.0,0.0,0.0,2002,radio,0.5
1,1,lr5e-05_bs32_modL1_fusion32_fusionL1_drop0p1_trmiss50_trlocradio,32,5e-05,1,32,1,0.1,lr5e-05_bs32_modL1_fusion32_fusionL1_drop0p1_trmiss50_trlocradio,5,0.7962203323841095,0.7943769991397858,0.41386554621848737,0.5901990419605537,0.37777777777777777,0.0,0.0,0.0,0.0,0.0,0.0,0.0,0.0,0.0,2002,radio,0.5
1,1,lr5e-05_bs32_modL1_fusion32_fusionL1_drop0p1_trmiss50_trlocradio,32,5e-05,1,32,1,0.1,lr5e-05_bs32_modL1_fusion32_fusionL1_drop0p1_trmiss50_trlocradio,6,0.7754770318667094,0.8006827533245087,0.4159663865546218,0.5881422888686284,0.37777777777777777,0.0,0.0,0.0,0.0,0.0,0.0,0.0,0.0,0.0,2002,radio,0.5
1,1,lr5e-05_bs32_modL1_fusion32_fusionL1_drop0p1_trmiss50_trlocradio,32,5e-05,1,32,1,0.1,lr5e-05_bs32_modL1_fusion32_fusionL1_drop0p1_trmiss50_trlocradio,7,0.7422630985577902,0.8052639663219452,0.4222689075630252,0.5898205957795305,0.4,0.0,0.0,0.0,0.0,0.0,0.0,0.0,0.0,0.0,2002,radio,0.5
1,1,lr5e-05_bs32_modL1_fusion32_fusionL1_drop0p1_trmiss50_trlocradio,32,5e-05,1,32,1,0.1,lr5e-05_bs32_modL1_fusion32_fusionL1_drop0p1_trmiss50_trlocradio,8,0.7412976125876108,0.8092369437217712,0.42016806722689076,0.5878693254542,0.4,0.0,0.0,0.0,0.0,0.0,0.0,0.0,0.0,0.0,2002,radio,0.5
1,1,lr5e-05_bs32_modL1_fusion32_fusionL1_drop0p1_trmiss50_trlocradio,32,5e-05,1,32,1,0.1,lr5e-05_bs32_modL1_fusion32_fusionL1_drop0p1_trmiss50_trlocradio,9,0.7330382068951925,0.8098212778568268,0.4159663865546218,0.5831510278787596,0.4,0.0,0.0,0.0,0.0,0.0,0.0,0.0,0.0,0.0,2002,radio,0.5
1,1,lr5e-05_bs32_modL1_fusion32_fusionL1_drop0p1_trmiss50_trlocradio,32,5e-05,1,32,1,0.1,lr5e-05_bs32_modL1_fusion32_fusionL1_drop0p1_trmiss50_trlocradio,10,0.7432604332764944,0.8125220835208893,0.4054621848739496,0.5761675620489292,0.4,0.0,0.0,0.0,0.0,0.0,0.0,0.0,0.0,0.0,2002,radio,0.5
1,1,lr5e-05_bs32_modL1_fusion32_fusionL1_drop0p1_trmiss50_trlocradio,32,5e-05,1,32,1,0.1,lr5e-05_bs32_modL1_fusion32_fusionL1_drop0p1_trmiss50_trlocradio,11,0.7400377690792084,0.8134869039058685,0.4096638655462185,0.578069330820954,0.4,0.0,0.0,0.0,0.0,0.0,0.0,0.0,0.0,0.0,2002,radio,0.5
1,1,lr5e-05_bs32_modL1_fusion32_fusionL1_drop0p1_trmiss50_trlocradio,32,5e-05,1,32,1,0.1,lr5e-05_bs32_modL1_fusion32_fusionL1_drop0p1_trmiss50_trlocradio,12,0.7310225268205007,0.812703937292099,0.41386554621848737,0.5812054803856751,0.37777777777777777,0.0,0.0,0.0,0.0,0.0,0.0,0.0,0.0,0.0,2002,radio,0.5
1,1,lr5e-05_bs32_modL1_fusion32_fusionL1_drop0p1_trmiss50_trlocradio,32,5e-05,1,32,1,0.1,lr5e-05_bs32_modL1_fusion32_fusionL1_drop0p1_trmiss50_trlocradio,13,0.7124994695186615,0.8072890937328339,0.4285714285714286,0.5849698423643607,0.37777777777777777,0.0,0.0,0.0,0.0,0.0,0.0,0.0,0.0,0.0,2002,radio,0.5
1,1,lr5e-05_bs32_modL1_fusion32_fusionL1_drop0p1_trmiss50_trlocradio,32,5e-05,1,32,1,0.1,lr5e-05_bs32_modL1_fusion32_fusionL1_drop0p1_trmiss50_trlocradio,14,0.713289717833201,0.8079199194908142,0.43487394957983194,0.5698062538711008,0.37777777777777777,0.0,0.0,0.0,0.0,0.0,0.0,0.0,0.0,0.0,2002,radio,0.5
1,1,lr5e-05_bs32_modL1_fusion32_fusionL1_drop0p1_trmiss50_trlocradio,32,5e-05,1,32,1,0.1,lr5e-05_bs32_modL1_fusion32_fusionL1_drop0p1_trmiss50_trlocradio,15,0.692080020904541,0.8042751252651215,0.4327731092436975,0.568970574771875,0.35555555555555557,0.0,0.0,0.0,0.0,0.0,0.0,0.0,0.0,0.0,2002,radio,0.5
1,1,lr5e-05_bs32_modL1_fusion32_fusionL1_drop0p1_trmiss50_trlocradio,32,5e-05,1,32,1,0.1,lr5e-05_bs32_modL1_fusion32_fusionL1_drop0p1_trmiss50_trlocradio,16,0.7122862736384074,0.8066778182983398,0.4243697478991597,0.5600807905061507,0.35555555555555557,0.0,0.0,0.0,0.0,0.0,0.0,0.0,0.0,0.0,2002,radio,0.5
1,1,lr5e-05_bs32_modL1_fusion32_fusionL1_drop0p1_trmiss50_trlocradio,32,5e-05,1,32,1,0.1,lr5e-05_bs32_modL1_fusion32_fusionL1_drop0p1_trmiss50_trlocradio,17,0.6882091263930002,0.8120693564414978,0.41596638655462187,0.5568414769629777,0.35555555555555557,0.0,0.0,0.0,0.0,0.0,0.0,0.0,0.0,0.0,2002,radio,0.5
1,1,lr5e-05_bs32_modL1_fusion32_fusionL1_drop0p1_trmiss50_trlocradio,32,5e-05,1,32,1,0.1,lr5e-05_bs32_modL1_fusion32_fusionL1_drop0p1_trmiss50_trlocradio,18,0.6929364502429962,0.8081152141094208,0.4222689075630252,0.5591733030578404,0.3333333333333333,0.0,0.0,0.0,0.0,0.0,0.0,0.0,0.0,0.0,2002,radio,0.5
1,1,lr5e-05_bs32_modL1_fusion32_fusionL1_drop0p1_trmiss50_trlocradio,32,5e-05,1,32,1,0.1,lr5e-05_bs32_modL1_fusion32_fusionL1_drop0p1_trmiss50_trlocradio,19,0.6937986512978872,0.8084490597248077,0.42436974789915966,0.559763178647716,0.35555555555555557,0.0,0.0,0.0,0.0,0.0,0.0,0.0,0.0,0.0,2002,radio,0.5
1,1,lr5e-05_bs32_modL1_fusion32_fusionL1_drop0p1_trmiss50_trlocradio,32,5e-05,1,32,1,0.1,lr5e-05_bs32_modL1_fusion32_fusionL1_drop0p1_trmiss50_trlocradio,20,0.7148104310035706,0.8067165315151215,0.43067226890756305,0.5682824207223763,0.35555555555555557,0.0,0.0,0.0,0.0,0.0,0.0,0.0,0.0,0.0,2002,radio,0.5
1,1,lr5e-05_bs32_modL1_fusion32_fusionL1_drop0p1_trmiss50_trlocradio,32,5e-05,1,32,1,0.1,lr5e-05_bs32_modL1_fusion32_fusionL1_drop0p1_trmiss50_trlocradio,21,0.6928549508253733,0.8073454797267914,0.4222689075630252,0.5590972307204478,0.35555555555555557,0.0,0.0,0.0,0.0,0.0,0.0,0.0,0.0,0.0,2002,radio,0.5
1,1,lr5e-05_bs32_modL1_fusion32_fusionL1_drop0p1_trmiss50_trlocradio,32,5e-05,1,32,1,0.1,lr5e-05_bs32_modL1_fusion32_fusionL1_drop0p1_trmiss50_trlocradio,22,0.6893777151902517,0.8071711659431458,0.42647058823529416,0.5612397239115343,0.35555555555555557,0.0,0.0,0.0,0.0,0.0,0.0,0.0,0.0,0.0,2002,radio,0.5
1,1,lr5e-05_bs32_modL1_fusion32_fusionL1_drop0p1_trmiss50_trlocradio,32,5e-05,1,32,1,0.1,lr5e-05_bs32_modL1_fusion32_fusionL1_drop0p1_trmiss50_trlocradio,23,0.6927495002746582,0.8059934675693512,0.43067226890756305,0.5631133260574832,0.3333333333333333,0.0,0.0,0.0,0.0,0.0,0.0,0.0,0.0,0.0,2002,radio,0.5
1,1,lr5e-05_bs32_modL1_fusion32_fusionL1_drop0p1_trmiss50_trlocradio,32,5e-05,1,32,1,0.1,lr5e-05_bs32_modL1_fusion32_fusionL1_drop0p1_trmiss50_trlocradio,24,0.6808384160200754,0.8081277906894684,0.4222689075630252,0.5598524839213531,0.35555555555555557,0.0,0.0,0.0,0.0,0.0,0.0,0.0,0.0,0.0,2002,radio,0.5
1,1,lr5e-05_bs32_modL1_fusion32_fusionL1_drop0p1_trmiss50_trlocradio,32,5e-05,1,32,1,0.1,lr5e-05_bs32_modL1_fusion32_fusionL1_drop0p1_trmiss50_trlocradio,25,0.6835891207059225,0.8097749054431915,0.4180672268907563,0.5578389619570923,0.35555555555555557,0.0,0.0,0.0,0.0,0.0,0.0,0.0,0.0,0.0,2002,radio,0.5
1,1,lr5e-05_bs32_modL1_fusion32_fusionL1_drop0p1_trmiss50_trlocradio,32,5e-05,1,32,1,0.1,lr5e-05_bs32_modL1_fusion32_fusionL1_drop0p1_trmiss50_trlocradio,26,0.691671242316564,0.8065927028656006,0.4243697478991597,0.5597090090107975,0.35555555555555557,0.0,0.0,0.0,0.0,0.0,0.0,0.0,0.0,0.0,2002,radio,0.5
1,1,lr5e-05_bs32_modL1_fusion32_fusionL1_drop0p1_trmiss50_trlocradio,32,5e-05,1,32,1,0.1,lr5e-05_bs32_modL1_fusion32_fusionL1_drop0p1_trmiss50_trlocradio,27,0.6832260290781657,0.8087945580482483,0.42016806722689076,0.558981752841731,0.35555555555555557,0.0,0.0,0.0,0.0,0.0,0.0,0.0,0.0,0.0,2002,radio,0.5
1,1,lr5e-05_bs32_modL1_fusion32_fusionL1_drop0p1_trmiss50_trlocradio,32,5e-05,1,32,1,0.1,lr5e-05_bs32_modL1_fusion32_fusionL1_drop0p1_trmiss50_trlocradio,28,0.6920907994111379,0.8079042136669159,0.42226890756302526,0.5591191334209219,0.35555555555555557,0.0,0.0,0.0,0.0,0.0,0.0,0.0,0.0,0.0,2002,radio,0.5
1,1,lr5e-05_bs32_modL1_fusion32_fusionL1_drop0p1_trmiss50_trlocradio,32,5e-05,1,32,1,0.1,lr5e-05_bs32_modL1_fusion32_fusionL1_drop0p1_trmiss50_trlocradio,29,0.6777008275190989,0.8043530285358429,0.4264705882352941,0.5665464977772466,0.35555555555555557,0.0,0.0,0.0,0.0,0.0,0.0,0.0,0.0,0.0,2002,radio,0.5
1,1,lr5e-05_bs32_modL1_fusion32_fusionL1_drop0p1_trmiss50_trlocradio,32,5e-05,1,32,1,0.1,lr5e-05_bs32_modL1_fusion32_fusionL1_drop0p1_trmiss50_trlocradio,30,0.6638197004795074,0.8045058250427246,0.4222689075630252,0.5586852614195441,0.35555555555555557,0.0,0.0,0.0,0.0,0.0,0.0,0.0,0.0,0.0,2002,radio,0.5
1,1,lr5e-05_bs32_modL1_fusion32_fusionL1_drop0p1_trmiss50_trlocradio,32,5e-05,1,32,1,0.1,lr5e-05_bs32_modL1_fusion32_fusionL1_drop0p1_trmiss50_trlocradio,31,0.6855058868726095,0.8077552914619446,0.42436974789915966,0.5641468540904392,0.35555555555555557,0.0,0.0,0.0,0.0,0.0,0.0,0.0,0.0,0.0,2002,radio,0.5
1,1,lr5e-05_bs32_modL1_fusion32_fusionL1_drop0p1_trmiss50_trlocradio,32,5e-05,1,32,1,0.1,lr5e-05_bs32_modL1_fusion32_fusionL1_drop0p1_trmiss50_trlocradio,32,0.6801426410675049,0.8048124313354492,0.4264705882352941,0.560514720412908,0.35555555555555557,0.0,0.0,0.0,0.0,0.0,0.0,0.0,0.0,0.0,2002,radio,0.5
1,1,lr5e-05_bs32_modL1_fusion32_fusionL1_drop0p1_trmiss50_trlocradio,32,5e-05,1,32,1,0.1,lr5e-05_bs32_modL1_fusion32_fusionL1_drop0p1_trmiss50_trlocradio,33,0.6833188831806183,0.8056038618087769,0.4285714285714286,0.5619238484349391,0.35555555555555557,0.0,0.0,0.0,0.0,0.0,0.0,0.0,0.0,0.0,2002,radio,0.5
1,1,lr5e-05_bs32_modL1_fusion32_fusionL1_drop0p1_trmiss50_trlocradio,32,5e-05,1,32,1,0.1,lr5e-05_bs32_modL1_fusion32_fusionL1_drop0p1_trmiss50_trlocradio,34,0.6762521266937256,0.8079460561275482,0.4222689075630252,0.5599194948509014,0.35555555555555557,0.0,0.0,0.0,0.0,0.0,0.0,0.0,0.0,0.0,2002,radio,0.5
1,1,lr5e-05_bs32_modL1_fusion64_fusionL1_drop0p2_trmiss50_trlocradio,32,5e-05,1,64,1,0.2,lr5e-05_bs32_modL1_fusion64_fusionL1_drop0p2_trmiss50_trlocradio,1,0.7203788359959921,0.6881664991378784,0.5420168067226891,0.6694333341418369,0.6,0.0,0.0,0.0,0.0,0.0,0.0,0.0,0.0,0.0,2002,radio,0.5
1,1,lr5e-05_bs32_modL1_fusion64_fusionL1_drop0p2_trmiss50_trlocradio,32,5e-05,1,64,1,0.2,lr5e-05_bs32_modL1_fusion64_fusionL1_drop0p2_trmiss50_trlocradio,2,0.6808422903219858,0.6917198300361633,0.47058823529411764,0.6324004008346936,0.5555555555555556,0.0,0.0,0.0,0.0,0.0,0.0,0.0,0.0,0.0,2002,radio,0.5
1,1,lr5e-05_bs32_modL1_fusion64_fusionL1_drop0p2_trmiss50_trlocradio,32,5e-05,1,64,1,0.2,lr5e-05_bs32_modL1_fusion64_fusionL1_drop0p2_trmiss50_trlocradio,3,0.6855445901552836,0.6967903971672058,0.430672268907563,0.6100319758246694,0.5333333333333333,0.0,0.0,0.0,0.0,0.0,0.0,0.0,0.0,0.0,2002,radio,0.5
1,1,lr5e-05_bs32_modL1_fusion64_fusionL1_drop0p2_trmiss50_trlocradio,32,5e-05,1,64,1,0.2,lr5e-05_bs32_modL1_fusion64_fusionL1_drop0p2_trmiss50_trlocradio,4,0.6687150001525879,0.7019607424736023,0.41806722689075626,0.6014047040880732,0.4222222222222222,0.0,0.0,0.0,0.0,0.0,0.0,0.0,0.0,0.0,2002,radio,0.5
1,1,lr5e-05_bs32_modL1_fusion64_fusionL1_drop0p2_trmiss50_trlocradio,32,5e-05,1,64,1,0.2,lr5e-05_bs32_modL1_fusion64_fusionL1_drop0p2_trmiss50_trlocradio,5,0.6533979078133901,0.7057536542415619,0.4117647058823529,0.5954914835518037,0.4222222222222222,0.0,0.0,0.0,0.0,0.0,0.0,0.0,0.0,0.0,2002,radio,0.5
1,1,lr5e-05_bs32_modL1_fusion64_fusionL1_drop0p2_trmiss50_trlocradio,32,5e-05,1,64,1,0.2,lr5e-05_bs32_modL1_fusion64_fusionL1_drop0p2_trmiss50_trlocradio,6,0.6462520162264506,0.707667201757431,0.40336134453781514,0.5904150566835555,0.4222222222222222,0.0,0.0,0.0,0.0,0.0,0.0,0.0,0.0,0.0,2002,radio,0.5
1,1,lr5e-05_bs32_modL1_fusion64_fusionL1_drop0p2_trmiss50_trlocradio,32,5e-05,1,64,1,0.2,lr5e-05_bs32_modL1_fusion64_fusionL1_drop0p2_trmiss50_trlocradio,7,0.616003135840098,0.710046261548996,0.39285714285714285,0.5866512281588737,0.4444444444444444,0.0,0.0,0.0,0.0,0.0,0.0,0.0,0.0,0.0,2002,radio,0.5
1,1,lr5e-05_bs32_modL1_fusion64_fusionL1_drop0p2_trmiss50_trlocradio,32,5e-05,1,64,1,0.2,lr5e-05_bs32_modL1_fusion64_fusionL1_drop0p2_trmiss50_trlocradio,8,0.6250917812188467,0.7116429209709167,0.4117647058823529,0.5953150274190963,0.4222222222222222,0.0,0.0,0.0,0.0,0.0,0.0,0.0,0.0,0.0,2002,radio,0.5
1,1,lr5e-05_bs32_modL1_fusion64_fusionL1_drop0p2_trmiss50_trlocradio,32,5e-05,1,64,1,0.2,lr5e-05_bs32_modL1_fusion64_fusionL1_drop0p2_trmiss50_trlocradio,9,0.6380499800046285,0.711174726486206,0.41386554621848737,0.6002099854756627,0.4222222222222222,0.0,0.0,0.0,0.0,0.0,0.0,0.0,0.0,0.0,2002,radio,0.5
1,1,lr5e-05_bs32_modL1_fusion64_fusionL1_drop0p2_trmiss50_trlocradio,32,5e-05,1,64,1,0.2,lr5e-05_bs32_modL1_fusion64_fusionL1_drop0p2_trmiss50_trlocradio,10,0.6308209101359049,0.7111638188362122,0.4054621848739496,0.5972605024281321,0.4222222222222222,0.0,0.0,0.0,0.0,0.0,0.0,0.0,0.0,0.0,2002,radio,0.5
1,1,lr5e-05_bs32_modL1_fusion64_fusionL1_drop0p2_trmiss50_trlocradio,32,5e-05,1,64,1,0.2,lr5e-05_bs32_modL1_fusion64_fusionL1_drop0p2_trmiss50_trlocradio,11,0.6086899936199188,0.7117086946964264,0.40756302521008403,0.5974949017313833,0.4222222222222222,0.0,0.0,0.0,0.0,0.0,0.0,0.0,0.0,0.0,2002,radio,0.5
1,1,lr5e-05_bs32_modL1_fusion64_fusionL1_drop0p2_trmiss50_trlocradio,32,5e-05,1,64,1,0.2,lr5e-05_bs32_modL1_fusion64_fusionL1_drop0p2_trmiss50_trlocradio,12,0.6218080123265585,0.7115451693534851,0.411764705882353,0.5912021522966218,0.4444444444444444,0.0,0.0,0.0,0.0,0.0,0.0,0.0,0.0,0.0,2002,radio,0.5
1,1,lr5e-05_bs32_modL1_fusion64_fusionL1_drop0p2_trmiss50_trlocradio,32,5e-05,1,64,1,0.2,lr5e-05_bs32_modL1_fusion64_fusionL1_drop0p2_trmiss50_trlocradio,13,0.609756867090861,0.7103167176246643,0.41596638655462187,0.5927057230735915,0.4444444444444444,0.0,0.0,0.0,0.0,0.0,0.0,0.0,0.0,0.0,2002,radio,0.5
1,1,lr5e-05_bs32_modL1_fusion64_fusionL1_drop0p2_trmiss50_trlocradio,32,5e-05,1,64,1,0.2,lr5e-05_bs32_modL1_fusion64_fusionL1_drop0p2_trmiss50_trlocradio,14,0.6003559430440267,0.7113293707370758,0.41386554621848737,0.6015388203833354,0.4222222222222222,0.0,0.0,0.0,0.0,0.0,0.0,0.0,0.0,0.0,2002,radio,0.5
1,1,lr5e-05_bs32_modL1_fusion64_fusionL1_drop0p2_trmiss50_trlocradio,32,5e-05,1,64,1,0.2,lr5e-05_bs32_modL1_fusion64_fusionL1_drop0p2_trmiss50_trlocradio,15,0.6087619066238403,0.7100616693496704,0.4096638655462185,0.5990327800884296,0.4222222222222222,0.0,0.0,0.0,0.0,0.0,0.0,0.0,0.0,0.0,2002,radio,0.5
1,1,lr5e-05_bs32_modL1_fusion64_fusionL1_drop0p2_trmiss50_trlocradio,32,5e-05,1,64,1,0.2,lr5e-05_bs32_modL1_fusion64_fusionL1_drop0p2_trmiss50_trlocradio,16,0.6109219888846079,0.7116143703460693,0.4054621848739496,0.5990548217681266,0.4222222222222222,0.0,0.0,0.0,0.0,0.0,0.0,0.0,0.0,0.0,2002,radio,0.5
1,1,lr5e-05_bs32_modL1_fusion64_fusionL1_drop0p2_trmiss50_trlocradio,32,5e-05,1,64,1,0.2,lr5e-05_bs32_modL1_fusion64_fusionL1_drop0p2_trmiss50_trlocradio,17,0.606373796860377,0.7115796208381653,0.39285714285714285,0.5910041106850183,0.4222222222222222,0.0,0.0,0.0,0.0,0.0,0.0,0.0,0.0,0.0,2002,radio,0.5
1,1,lr5e-05_bs32_modL1_fusion64_fusionL1_drop0p2_trmiss50_trlocradio,32,5e-05,1,64,1,0.2,lr5e-05_bs32_modL1_fusion64_fusionL1_drop0p2_trmiss50_trlocradio,18,0.6085519889990488,0.7113808393478394,0.3970588235294118,0.5948953729008604,0.4222222222222222,0.0,0.0,0.0,0.0,0.0,0.0,0.0,0.0,0.0,2002,radio,0.5
1,1,lr5e-05_bs32_modL1_fusion64_fusionL1_drop0p2_trmiss50_trlocradio,32,5e-05,1,64,1,0.2,lr5e-05_bs32_modL1_fusion64_fusionL1_drop0p2_trmiss50_trlocradio,19,0.609603593746821,0.711052656173706,0.40336134453781514,0.5975660362550212,0.4444444444444444,0.0,0.0,0.0,0.0,0.0,0.0,0.0,0.0,0.0,2002,radio,0.5
1,1,lr5e-05_bs32_modL1_fusion64_fusionL1_drop0p2_trmiss50_trlocradio,32,5e-05,1,64,1,0.2,lr5e-05_bs32_modL1_fusion64_fusionL1_drop0p2_trmiss50_trlocradio,20,0.5915541152159373,0.7122216820716858,0.39915966386554624,0.5858745263177131,0.4222222222222222,0.0,0.0,0.0,0.0,0.0,0.0,0.0,0.0,0.0,2002,radio,0.5
1,1,lr5e-05_bs32_modL1_fusion64_fusionL1_drop0p2_trmiss50_trlocradio,32,5e-05,1,64,1,0.2,lr5e-05_bs32_modL1_fusion64_fusionL1_drop0p2_trmiss50_trlocradio,21,0.6121156315008799,0.7111288011074066,0.40756302521008403,0.6010215528702696,0.4222222222222222,0.0,0.0,0.0,0.0,0.0,0.0,0.0,0.0,0.0,2002,radio,0.5
1,1,lr5e-05_bs32_modL1_fusion64_fusionL1_drop0p2_trmiss50_trlocradio,32,5e-05,1,64,1,0.2,lr5e-05_bs32_modL1_fusion64_fusionL1_drop0p2_trmiss50_trlocradio,22,0.6045987705389658,0.7106058895587921,0.4054621848739496,0.6000939090854829,0.4444444444444444,0.0,0.0,0.0,0.0,0.0,0.0,0.0,0.0,0.0,2002,radio,0.5
1,1,lr5e-05_bs32_modL1_fusion64_fusionL1_drop0p2_trmiss50_trlocradio,32,5e-05,1,64,1,0.2,lr5e-05_bs32_modL1_fusion64_fusionL1_drop0p2_trmiss50_trlocradio,23,0.5961615840593973,0.7094780802726746,0.4117647058823529,0.592985318271535,0.4222222222222222,0.0,0.0,0.0,0.0,0.0,0.0,0.0,0.0,0.0,2002,radio,0.5
1,1,lr5e-05_bs32_modL1_fusion64_fusionL1_drop0p2_trmiss50_trlocradio,32,5e-05,1,64,1,0.2,lr5e-05_bs32_modL1_fusion64_fusionL1_drop0p2_trmiss50_trlocradio,24,0.5827491382757822,0.7102952003479004,0.4096638655462185,0.5912289199079938,0.4444444444444444,0.0,0.0,0.0,0.0,0.0,0.0,0.0,0.0,0.0,2002,radio,0.5
1,1,lr5e-05_bs32_modL1_fusion64_fusionL1_drop0p2_trmiss50_trlocradio,32,5e-05,1,64,1,0.2,lr5e-05_bs32_modL1_fusion64_fusionL1_drop0p2_trmiss50_trlocradio,25,0.6135260363419851,0.709868997335434,0.40756302521008403,0.589287632029206,0.4444444444444444,0.0,0.0,0.0,0.0,0.0,0.0,0.0,0.0,0.0,2002,radio,0.5
1,1,lr5e-05_bs32_modL1_fusion64_fusionL1_drop0p2_trmiss50_trlocradio,32,5e-05,1,64,1,0.2,lr5e-05_bs32_modL1_fusion64_fusionL1_drop0p2_trmiss50_trlocradio,26,0.5801947216192881,0.7084838449954987,0.40756302521008403,0.6000854392944044,0.4444444444444444,0.0,0.0,0.0,0.0,0.0,0.0,0.0,0.0,0.0,2002,radio,0.5
1,1,lr5e-05_bs32_modL1_fusion64_fusionL1_drop0p2_trmiss50_trlocradio,32,5e-05,1,64,1,0.2,lr5e-05_bs32_modL1_fusion64_fusionL1_drop0p2_trmiss50_trlocradio,27,0.597965250412623,0.711008608341217,0.40966386554621853,0.6025690817622684,0.4444444444444444,0.0,0.0,0.0,0.0,0.0,0.0,0.0,0.0,0.0,2002,radio,0.5
1,1,lr5e-05_bs32_modL1_fusion64_fusionL1_drop0p2_trmiss50_trlocradio,32,5e-05,1,64,1,0.2,lr5e-05_bs32_modL1_fusion64_fusionL1_drop0p2_trmiss50_trlocradio,28,0.593127598365148,0.7098948955535889,0.4096638655462185,0.6034888719657399,0.4666666666666667,0.0,0.0,0.0,0.0,0.0,0.0,0.0,0.0,0.0,2002,radio,0.5
1,1,lr5e-05_bs32_modL1_fusion64_fusionL1_drop0p2_trmiss50_trlocradio,32,5e-05,1,64,1,0.2,lr5e-05_bs32_modL1_fusion64_fusionL1_drop0p2_trmiss50_trlocradio,29,0.5956821938355764,0.7097333073616028,0.4075630252100841,0.5903612561175359,0.4444444444444444,0.0,0.0,0.0,0.0,0.0,0.0,0.0,0.0,0.0,2002,radio,0.5
1,1,lr5e-05_bs32_modL1_fusion64_fusionL1_drop0p2_trmiss50_trlocradio,32,5e-05,1,64,1,0.2,lr5e-05_bs32_modL1_fusion64_fusionL1_drop0p2_trmiss50_trlocradio,30,0.605623592933019,0.7082738876342773,0.40336134453781514,0.5979546282987103,0.4444444444444444,0.0,0.0,0.0,0.0,0.0,0.0,0.0,0.0,0.0,2002,radio,0.5
1,1,lr5e-05_bs32_modL1_fusion64_fusionL1_drop0p2_trmiss50_trlocradio,32,5e-05,1,64,1,0.2,lr5e-05_bs32_modL1_fusion64_fusionL1_drop0p2_trmiss50_trlocradio,31,0.596448540687561,0.7082642316818237,0.4138655462184874,0.6034056904717985,0.4222222222222222,0.0,0.0,0.0,0.0,0.0,0.0,0.0,0.0,0.0,2002,radio,0.5
1,1,lr5e-05_bs32_modL1_fusion64_fusionL1_drop0p2_trmiss50_trlocradio,32,5e-05,1,64,1,0.2,lr5e-05_bs32_modL1_fusion64_fusionL1_drop0p2_trmiss50_trlocradio,32,0.5907705624898275,0.7084926068782806,0.41596638655462187,0.6055669667295931,0.4444444444444444,0.0,0.0,0.0,0.0,0.0,0.0,0.0,0.0,0.0,2002,radio,0.5
1,1,lr5e-05_bs32_modL1_fusion64_fusionL1_drop0p2_trmiss50_trlocradio,32,5e-05,1,64,1,0.2,lr5e-05_bs32_modL1_fusion64_fusionL1_drop0p2_trmiss50_trlocradio,33,0.5802815854549408,0.7075642347335815,0.4180672268907563,0.5952725329025507,0.4444444444444444,0.0,0.0,0.0,0.0,0.0,0.0,0.0,0.0,0.0,2002,radio,0.5
1,1,lr5e-05_bs32_modL1_fusion64_fusionL1_drop0p2_trmiss50_trlocradio,32,5e-05,1,64,1,0.2,lr5e-05_bs32_modL1_fusion64_fusionL1_drop0p2_trmiss50_trlocradio,34,0.5800781945387522,0.7089255452156067,0.4117647058823529,0.575518339727305,0.4666666666666667,0.0,0.0,0.0,0.0,0.0,0.0,0.0,0.0,0.0,2002,radio,0.5
1,1,lr5e-05_bs32_modL1_fusion64_fusionL1_drop0p2_trmiss50_trlocradio,32,5e-05,1,64,1,0.2,lr5e-05_bs32_modL1_fusion64_fusionL1_drop0p2_trmiss50_trlocradio,35,0.5845291018486023,0.7105548679828644,0.40336134453781514,0.5718822113629157,0.4444444444444444,0.0,0.0,0.0,0.0,0.0,0.0,0.0,0.0,0.0,2002,radio,0.5
1,1,lr5e-05_bs32_modL1_fusion64_fusionL1_drop0p2_trmiss50_trlocradio,32,5e-05,1,64,1,0.2,lr5e-05_bs32_modL1_fusion64_fusionL1_drop0p2_trmiss50_trlocradio,36,0.6009417772293091,0.708755612373352,0.42016806722689076,0.5942652842200782,0.5111111111111111,0.0,0.0,0.0,0.0,0.0,0.0,0.0,0.0,0.0,2002,radio,0.5
1,1,lr5e-05_bs32_modL1_fusion64_fusionL1_drop0p2_trmiss50_trlocradio,32,5e-05,1,64,1,0.2,lr5e-05_bs32_modL1_fusion64_fusionL1_drop0p2_trmiss50_trlocradio,37,0.5958721339702606,0.7105579376220703,0.4054621848739496,0.5908496117161857,0.4888888888888889,0.0,0.0,0.0,0.0,0.0,0.0,0.0,0.0,0.0,2002,radio,0.5
1,1,lr5e-05_bs32_modL1_fusion64_fusionL1_drop0p2_trmiss50_trlocradio,32,5e-05,1,64,1,0.2,lr5e-05_bs32_modL1_fusion64_fusionL1_drop0p2_trmiss50_trlocradio,38,0.6029633780320486,0.7116626501083374,0.4012605042016807,0.5714331588616399,0.4666666666666667,0.0,0.0,0.0,0.0,0.0,0.0,0.0,0.0,0.0,2002,radio,0.5
1,1,lr5e-05_bs32_modL1_fusion64_fusionL1_drop0p2_trmiss50_trlocradio,32,5e-05,1,64,1,0.2,lr5e-05_bs32_modL1_fusion64_fusionL1_drop0p2_trmiss50_trlocradio,39,0.602234294017156,0.7098926305770874,0.411764705882353,0.6040666201715716,0.4666666666666667,0.0,0.0,0.0,0.0,0.0,0.0,0.0,0.0,0.0,2002,radio,0.5
1,1,lr5e-05_bs32_modL1_fusion64_fusionL1_drop0p2_trmiss50_trlocradio,32,5e-05,1,64,1,0.2,lr5e-05_bs32_modL1_fusion64_fusionL1_drop0p2_trmiss50_trlocradio,40,0.5888226330280304,0.7084281146526337,0.40756302521008403,0.6027976277261087,0.4666666666666667,0.0,0.0,0.0,0.0,0.0,0.0,0.0,0.0,0.0,2002,radio,0.5
1,1,lr5e-05_bs32_modL1_fusion64_fusionL1_drop0p2_trmiss50_trlocradio,32,5e-05,1,64,1,0.2,lr5e-05_bs32_modL1_fusion64_fusionL1_drop0p2_trmiss50_trlocradio,41,0.5918810764948527,0.7103237211704254,0.4054621848739496,0.6021495862514542,0.4444444444444444,0.0,0.0,0.0,0.0,0.0,0.0,0.0,0.0,0.0,2002,radio,0.5
1,1,lr5e-05_bs32_modL1_fusion64_fusionL1_drop0p2_trmiss50_trlocradio,32,5e-05,1,64,1,0.2,lr5e-05_bs32_modL1_fusion64_fusionL1_drop0p2_trmiss50_trlocradio,42,0.5846975247065226,0.7074862122535706,0.41806722689075626,0.6065865791200038,0.4444444444444444,0.0,0.0,0.0,0.0,0.0,0.0,0.0,0.0,0.0,2002,radio,0.5
1,1,lr5e-05_bs32_modL1_fusion64_fusionL1_drop0p2_trmiss50_trlocradio,32,5e-05,1,64,1,0.2,lr5e-05_bs32_modL1_fusion64_fusionL1_drop0p2_trmiss50_trlocradio,43,0.5905259052912394,0.7078695595264435,0.4117647058823529,0.6033381073614158,0.4444444444444444,0.0,0.0,0.0,0.0,0.0,0.0,0.0,0.0,0.0,2002,radio,0.5
1,1,lr5e-05_bs32_modL1_fusion64_fusionL1_drop0p2_trmiss50_trlocradio,32,5e-05,1,64,1,0.2,lr5e-05_bs32_modL1_fusion64_fusionL1_drop0p2_trmiss50_trlocradio,44,0.5778531531492869,0.7086460292339325,0.4033613445378151,0.5987894076852799,0.4444444444444444,0.0,0.0,0.0,0.0,0.0,0.0,0.0,0.0,0.0,2002,radio,0.5
1,1,lr5e-05_bs32_modL1_fusion64_fusionL1_drop0p2_trmiss50_trlocradio,32,5e-05,1,64,1,0.2,lr5e-05_bs32_modL1_fusion64_fusionL1_drop0p2_trmiss50_trlocradio,45,0.5768183271090189,0.7084203660488129,0.4138655462184874,0.6034056904717985,0.4444444444444444,0.0,0.0,0.0,0.0,0.0,0.0,0.0,0.0,0.0,2002,radio,0.5
1,1,lr5e-05_bs32_modL1_fusion64_fusionL1_drop0p2_trmiss50_trlocradio,32,5e-05,1,64,1,0.2,lr5e-05_bs32_modL1_fusion64_fusionL1_drop0p2_trmiss50_trlocradio,46,0.5864798426628113,0.7101272344589233,0.39915966386554624,0.5704931017702466,0.4666666666666667,0.0,0.0,0.0,0.0,0.0,0.0,0.0,0.0,0.0,2002,radio,0.5
1,1,lr5e-05_bs32_modL1_fusion64_fusionL1_drop0p2_trmiss50_trlocradio,32,5e-05,1,64,1,0.2,lr5e-05_bs32_modL1_fusion64_fusionL1_drop0p2_trmiss50_trlocradio,47,0.5728960633277893,0.7116357684135437,0.4012605042016807,0.570948658841536,0.4666666666666667,0.0,0.0,0.0,0.0,0.0,0.0,0.0,0.0,0.0,2002,radio,0.5
1,1,lr5e-05_bs32_modL1_fusion64_fusionL1_drop0p2_trmiss50_trlocradio,32,5e-05,1,64,1,0.2,lr5e-05_bs32_modL1_fusion64_fusionL1_drop0p2_trmiss50_trlocradio,48,0.582180897394816,0.7105390727519989,0.39915966386554624,0.5859225460282503,0.4444444444444444,0.0,0.0,0.0,0.0,0.0,0.0,0.0,0.0,0.0,2002,radio,0.5
1,1,lr5e-05_bs32_modL1_fusion64_fusionL1_drop0p2_trmiss50_trlocradio,32,5e-05,1,64,1,0.2,lr5e-05_bs32_modL1_fusion64_fusionL1_drop0p2_trmiss50_trlocradio,49,0.5802942415078481,0.7082962393760681,0.4054621848739496,0.6000987260310432,0.4444444444444444,0.0,0.0,0.0,0.0,0.0,0.0,0.0,0.0,0.0,2002,radio,0.5
1,1,lr5e-05_bs32_modL1_fusion64_fusionL1_drop0p2_trmiss50_trlocradio,32,5e-05,1,64,1,0.2,lr5e-05_bs32_modL1_fusion64_fusionL1_drop0p2_trmiss50_trlocradio,50,0.5823846360047659,0.7087021768093109,0.4117647058823529,0.6029839654576822,0.4444444444444444,0.0,0.0,0.0,0.0,0.0,0.0,0.0,0.0,0.0,2002,radio,0.5
1,1,lr5e-05_bs32_modL1_fusion64_fusionL1_drop0p2_trmiss50_trlocradio,32,5e-05,1,64,1,0.2,lr5e-05_bs32_modL1_fusion64_fusionL1_drop0p2_trmiss50_trlocradio,51,0.5872888763745626,0.7091886103153229,0.4075630252100841,0.5898820405426186,0.4444444444444444,0.0,0.0,0.0,0.0,0.0,0.0,0.0,0.0,0.0,2002,radio,0.5
1,1,lr5e-05_bs32_modL1_fusion64_fusionL1_drop0p2_trmiss50_trlocradio,32,5e-05,1,64,1,0.2,lr5e-05_bs32_modL1_fusion64_fusionL1_drop0p2_trmiss50_trlocradio,52,0.598559558391571,0.7081583440303802,0.41806722689075626,0.6059715037130775,0.4444444444444444,0.0,0.0,0.0,0.0,0.0,0.0,0.0,0.0,0.0,2002,radio,0.5
1,1,lr5e-05_bs32_modL1_fusion64_fusionL1_drop0p2_trmiss50_trlocradio,32,5e-05,1,64,1,0.2,lr5e-05_bs32_modL1_fusion64_fusionL1_drop0p2_trmiss50_trlocradio,53,0.5791181027889252,0.7091826498508453,0.4096638655462185,0.6027621375961028,0.4666666666666667,0.0,0.0,0.0,0.0,0.0,0.0,0.0,0.0,0.0,2002,radio,0.5
1,1,lr5e-05_bs32_modL1_fusion64_fusionL1_drop0p2_trmiss50_trlocradio,32,5e-05,1,64,1,0.2,lr5e-05_bs32_modL1_fusion64_fusionL1_drop0p2_trmiss50_trlocradio,54,0.6000388065973917,0.7107904255390167,0.4033613445378151,0.5987894076852799,0.4222222222222222,0.0,0.0,0.0,0.0,0.0,0.0,0.0,0.0,0.0,2002,radio,0.5
1,1,lr5e-05_bs32_modL1_fusion64_fusionL1_drop0p2_trmiss50_trlocradio,32,5e-05,1,64,1,0.2,lr5e-05_bs32_modL1_fusion64_fusionL1_drop0p2_trmiss50_trlocradio,55,0.5884368022282919,0.7119155824184418,0.40336134453781514,0.5995716870001679,0.4666666666666667,0.0,0.0,0.0,0.0,0.0,0.0,0.0,0.0,0.0,2002,radio,0.5
1,1,lr5e-05_bs32_modL1_fusion64_fusionL1_drop0p2_trmiss50_trlocradio,32,5e-05,1,64,1,0.2,lr5e-05_bs32_modL1_fusion64_fusionL1_drop0p2_trmiss50_trlocradio,56,0.5834145347277323,0.7108245491981506,0.40336134453781514,0.5988759541615779,0.4888888888888889,0.0,0.0,0.0,0.0,0.0,0.0,0.0,0.0,0.0,2002,radio,0.5
1,1,lr5e-05_bs32_modL1_fusion64_fusionL1_drop0p1_trmiss50_trlocradio,32,5e-05,1,64,1,0.1,lr5e-05_bs32_modL1_fusion64_fusionL1_drop0p1_trmiss50_trlocradio,1,0.7710667649904887,0.6916244924068451,0.5630252100840336,0.6593136559008155,0.4444444444444444,0.0,0.0,0.0,0.0,0.0,0.0,0.0,0.0,0.0,2002,radio,0.5
1,1,lr5e-05_bs32_modL1_fusion64_fusionL1_drop0p1_trmiss50_trlocradio,32,5e-05,1,64,1,0.1,lr5e-05_bs32_modL1_fusion64_fusionL1_drop0p1_trmiss50_trlocradio,2,0.7387356360753378,0.6925970613956451,0.5630252100840336,0.6565108518546335,0.4888888888888889,0.0,0.0,0.0,0.0,0.0,0.0,0.0,0.0,0.0,2002,radio,0.5
1,1,lr5e-05_bs32_modL1_fusion64_fusionL1_drop0p1_trmiss50_trlocradio,32,5e-05,1,64,1,0.1,lr5e-05_bs32_modL1_fusion64_fusionL1_drop0p1_trmiss50_trlocradio,3,0.7238191564877828,0.6961191892623901,0.5483193277310925,0.6669044085850268,0.4666666666666667,0.0,0.0,0.0,0.0,0.0,0.0,0.0,0.0,0.0,2002,radio,0.5
1,1,lr5e-05_bs32_modL1_fusion64_fusionL1_drop0p1_trmiss50_trlocradio,32,5e-05,1,64,1,0.1,lr5e-05_bs32_modL1_fusion64_fusionL1_drop0p1_trmiss50_trlocradio,4,0.697631428639094,0.7000595927238464,0.5609243697478992,0.6667796592835442,0.4888888888888889,0.0,0.0,0.0,0.0,0.0,0.0,0.0,0.0,0.0,2002,radio,0.5
1,1,lr5e-05_bs32_modL1_fusion64_fusionL1_drop0p1_trmiss50_trlocradio,32,5e-05,1,64,1,0.1,lr5e-05_bs32_modL1_fusion64_fusionL1_drop0p1_trmiss50_trlocradio,5,0.6891901195049286,0.7031908631324768,0.5609243697478992,0.6674367532124114,0.4888888888888889,0.0,0.0,0.0,0.0,0.0,0.0,0.0,0.0,0.0,2002,radio,0.5
1,1,lr5e-05_bs32_modL1_fusion64_fusionL1_drop0p1_trmiss50_trlocradio,32,5e-05,1,64,1,0.1,lr5e-05_bs32_modL1_fusion64_fusionL1_drop0p1_trmiss50_trlocradio,6,0.6718527376651764,0.7057313024997711,0.569327731092437,0.670727750687191,0.4888888888888889,0.0,0.0,0.0,0.0,0.0,0.0,0.0,0.0,0.0,2002,radio,0.5
1,1,lr5e-05_bs32_modL1_fusion64_fusionL1_drop0p1_trmiss50_trlocradio,32,5e-05,1,64,1,0.1,lr5e-05_bs32_modL1_fusion64_fusionL1_drop0p1_trmiss50_trlocradio,7,0.6734807193279266,0.7044470310211182,0.5651260504201681,0.6712630311060117,0.5111111111111111,0.0,0.0,0.0,0.0,0.0,0.0,0.0,0.0,0.0,2002,radio,0.5
1,1,lr5e-05_bs32_modL1_fusion64_fusionL1_drop0p1_trmiss50_trlocradio,32,5e-05,1,64,1,0.1,lr5e-05_bs32_modL1_fusion64_fusionL1_drop0p1_trmiss50_trlocradio,8,0.6566222111384074,0.7029749155044556,0.5630252100840336,0.6718463401512871,0.4888888888888889,0.0,0.0,0.0,0.0,0.0,0.0,0.0,0.0,0.0,2002,radio,0.5
1,1,lr5e-05_bs32_modL1_fusion64_fusionL1_drop0p1_trmiss50_trlocradio,32,5e-05,1,64,1,0.1,lr5e-05_bs32_modL1_fusion64_fusionL1_drop0p1_trmiss50_trlocradio,9,0.6348452568054199,0.7013428211212158,0.569327731092437,0.6752407815455256,0.5111111111111111,0.0,0.0,0.0,0.0,0.0,0.0,0.0,0.0,0.0,2002,radio,0.5
1,1,lr5e-05_bs32_modL1_fusion64_fusionL1_drop0p1_trmiss50_trlocradio,32,5e-05,1,64,1,0.1,lr5e-05_bs32_modL1_fusion64_fusionL1_drop0p1_trmiss50_trlocradio,10,0.6330199440320333,0.703914225101471,0.5714285714285714,0.670033318775951,0.5111111111111111,0.0,0.0,0.0,0.0,0.0,0.0,0.0,0.0,0.0,2002,radio,0.5
1,1,lr5e-05_bs32_modL1_fusion64_fusionL1_drop0p1_trmiss50_trlocradio,32,5e-05,1,64,1,0.1,lr5e-05_bs32_modL1_fusion64_fusionL1_drop0p1_trmiss50_trlocradio,11,0.6177201668421427,0.7063322067260742,0.5651260504201681,0.667118885077275,0.4888888888888889,0.0,0.0,0.0,0.0,0.0,0.0,0.0,0.0,0.0,2002,radio,0.5
1,1,lr5e-05_bs32_modL1_fusion64_fusionL1_drop0p1_trmiss50_trlocradio,32,5e-05,1,64,1,0.1,lr5e-05_bs32_modL1_fusion64_fusionL1_drop0p1_trmiss50_trlocradio,12,0.6272435386975607,0.7057527601718903,0.5630252100840336,0.6658218868230399,0.5111111111111111,0.0,0.0,0.0,0.0,0.0,0.0,0.0,0.0,0.0,2002,radio,0.5
1,1,lr5e-05_bs32_modL1_fusion64_fusionL1_drop0p1_trmiss50_trlocradio,32,5e-05,1,64,1,0.1,lr5e-05_bs32_modL1_fusion64_fusionL1_drop0p1_trmiss50_trlocradio,13,0.6109753747781118,0.7071318030357361,0.5567226890756303,0.6656143927300968,0.4888888888888889,0.0,0.0,0.0,0.0,0.0,0.0,0.0,0.0,0.0,2002,radio,0.5
1,1,lr5e-05_bs32_modL1_fusion64_fusionL1_drop0p1_trmiss50_trlocradio,32,5e-05,1,64,1,0.1,lr5e-05_bs32_modL1_fusion64_fusionL1_drop0p1_trmiss50_trlocradio,14,0.6092090308666229,0.707012951374054,0.5567226890756303,0.6664466172527516,0.4888888888888889,0.0,0.0,0.0,0.0,0.0,0.0,0.0,0.0,0.0,2002,radio,0.5
1,1,lr5e-05_bs32_modL1_fusion64_fusionL1_drop0p1_trmiss50_trlocradio,32,5e-05,1,64,1,0.1,lr5e-05_bs32_modL1_fusion64_fusionL1_drop0p1_trmiss50_trlocradio,15,0.6002105077107748,0.7049497067928314,0.5609243697478992,0.6734081198024894,0.4666666666666667,0.0,0.0,0.0,0.0,0.0,0.0,0.0,0.0,0.0,2002,radio,0.5
1,1,lr5e-05_bs32_modL1_fusion64_fusionL1_drop0p1_trmiss50_trlocradio,32,5e-05,1,64,1,0.1,lr5e-05_bs32_modL1_fusion64_fusionL1_drop0p1_trmiss50_trlocradio,16,0.6038269102573395,0.704493522644043,0.5567226890756303,0.6701475066372307,0.4666666666666667,0.0,0.0,0.0,0.0,0.0,0.0,0.0,0.0,0.0,2002,radio,0.5
1,1,lr5e-05_bs32_modL1_fusion64_fusionL1_drop0p1_trmiss50_trlocradio,32,5e-05,1,64,1,0.1,lr5e-05_bs32_modL1_fusion64_fusionL1_drop0p1_trmiss50_trlocradio,17,0.6005160013834635,0.7043623328208923,0.5609243697478992,0.665548698468732,0.4888888888888889,0.0,0.0,0.0,0.0,0.0,0.0,0.0,0.0,0.0,2002,radio,0.5
1,1,lr5e-05_bs32_modL1_fusion64_fusionL1_drop0p1_trmiss50_trlocradio,32,5e-05,1,64,1,0.1,lr5e-05_bs32_modL1_fusion64_fusionL1_drop0p1_trmiss50_trlocradio,18,0.5814262330532074,0.7045949399471283,0.5651260504201682,0.6970044172834732,0.4666666666666667,0.0,0.0,0.0,0.0,0.0,0.0,0.0,0.0,0.0,2002,radio,0.5
1,1,lr5e-05_bs32_modL1_fusion64_fusionL1_drop0p1_trmiss50_trlocradio,32,5e-05,1,64,1,0.1,lr5e-05_bs32_modL1_fusion64_fusionL1_drop0p1_trmiss50_trlocradio,19,0.6005413830280304,0.7059637904167175,0.5588235294117647,0.6929545121621395,0.4444444444444444,0.0,0.0,0.0,0.0,0.0,0.0,0.0,0.0,0.0,2002,radio,0.5
1,1,lr5e-05_bs32_modL1_fusion64_fusionL1_drop0p1_trmiss50_trlocradio,32,5e-05,1,64,1,0.1,lr5e-05_bs32_modL1_fusion64_fusionL1_drop0p1_trmiss50_trlocradio,20,0.592023899157842,0.7057191729545593,0.5504201680672268,0.6757235288597278,0.4666666666666667,0.0,0.0,0.0,0.0,0.0,0.0,0.0,0.0,0.0,2002,radio,0.5
1,1,lr5e-05_bs32_modL1_fusion64_fusionL1_drop0p1_trmiss50_trlocradio,32,5e-05,1,64,1,0.1,lr5e-05_bs32_modL1_fusion64_fusionL1_drop0p1_trmiss50_trlocradio,21,0.6000655293464661,0.7075640261173248,0.5525210084033613,0.676883083590711,0.4666666666666667,0.0,0.0,0.0,0.0,0.0,0.0,0.0,0.0,0.0,2002,radio,0.5
1,1,lr5e-05_bs32_modL1_fusion64_fusionL1_drop0p1_trmiss50_trlocradio,32,5e-05,1,64,1,0.1,lr5e-05_bs32_modL1_fusion64_fusionL1_drop0p1_trmiss50_trlocradio,22,0.5893699328104655,0.7058006823062897,0.5399159663865547,0.6651514552026786,0.4888888888888889,0.0,0.0,0.0,0.0,0.0,0.0,0.0,0.0,0.0,2002,radio,0.5
1,1,lr5e-05_bs32_modL1_fusion64_fusionL1_drop0p1_trmiss50_trlocradio,32,5e-05,1,64,1,0.1,lr5e-05_bs32_modL1_fusion64_fusionL1_drop0p1_trmiss50_trlocradio,23,0.5887833933035532,0.7051645815372467,0.5357142857142857,0.6639899812837676,0.4888888888888889,0.0,0.0,0.0,0.0,0.0,0.0,0.0,0.0,0.0,2002,radio,0.5
1,1,lr5e-05_bs32_modL1_fusion64_fusionL1_drop0p1_trmiss50_trlocradio,32,5e-05,1,64,1,0.1,lr5e-05_bs32_modL1_fusion64_fusionL1_drop0p1_trmiss50_trlocradio,24,0.5935749212900797,0.7061700820922852,0.5294117647058824,0.6610137811322455,0.4888888888888889,0.0,0.0,0.0,0.0,0.0,0.0,0.0,0.0,0.0,2002,radio,0.5
1,1,lr5e-05_bs32_modL1_fusion64_fusionL1_drop0p1_trmiss50_trlocradio,32,5e-05,1,64,1,0.1,lr5e-05_bs32_modL1_fusion64_fusionL1_drop0p1_trmiss50_trlocradio,25,0.5903011759122213,0.7066799104213715,0.5336134453781514,0.659018785159417,0.4888888888888889,0.0,0.0,0.0,0.0,0.0,0.0,0.0,0.0,0.0,2002,radio,0.5
1,1,lr5e-05_bs32_modL1_fusion64_fusionL1_drop0p1_trmiss50_trlocradio,32,5e-05,1,64,1,0.1,lr5e-05_bs32_modL1_fusion64_fusionL1_drop0p1_trmiss50_trlocradio,26,0.5779513219992319,0.7066539525985718,0.5252100840336135,0.6597386540786446,0.4888888888888889,0.0,0.0,0.0,0.0,0.0,0.0,0.0,0.0,0.0,2002,radio,0.5
1,1,lr5e-05_bs32_modL1_fusion64_fusionL1_drop0p1_trmiss50_trlocradio,32,5e-05,1,64,1,0.1,lr5e-05_bs32_modL1_fusion64_fusionL1_drop0p1_trmiss50_trlocradio,27,0.5988546709219614,0.706225723028183,0.5378151260504201,0.6673714444049333,0.4888888888888889,0.0,0.0,0.0,0.0,0.0,0.0,0.0,0.0,0.0,2002,radio,0.5
1,1,lr5e-05_bs32_modL1_fusion64_fusionL1_drop0p1_trmiss50_trlocradio,32,5e-05,1,64,1,0.1,lr5e-05_bs32_modL1_fusion64_fusionL1_drop0p1_trmiss50_trlocradio,28,0.5914615094661713,0.7081943452358246,0.5273109243697478,0.6549100230214786,0.4888888888888889,0.0,0.0,0.0,0.0,0.0,0.0,0.0,0.0,0.0,2002,radio,0.5
1,1,lr5e-05_bs32_modL1_fusion64_fusionL1_drop0p1_trmiss50_trlocradio,32,5e-05,1,64,1,0.1,lr5e-05_bs32_modL1_fusion64_fusionL1_drop0p1_trmiss50_trlocradio,29,0.5689555108547211,0.7068527638912201,0.5378151260504201,0.6654188618302747,0.4888888888888889,0.0,0.0,0.0,0.0,0.0,0.0,0.0,0.0,0.0,2002,radio,0.5
1,1,lr5e-05_bs32_modL1_fusion64_fusionL1_drop0p1_trmiss50_trlocradio,32,5e-05,1,64,1,0.1,lr5e-05_bs32_modL1_fusion64_fusionL1_drop0p1_trmiss50_trlocradio,30,0.5894348720709482,0.7079308032989502,0.5210084033613445,0.6539630533245089,0.4888888888888889,0.0,0.0,0.0,0.0,0.0,0.0,0.0,0.0,0.0,2002,radio,0.5
1,1,lr1e-04_bs32_modL1_fusion32_fusionL1_drop0p2_trmiss50_trlocradio,32,0.0001,1,32,1,0.2,lr1e-04_bs32_modL1_fusion32_fusionL1_drop0p2_trmiss50_trlocradio,1,0.6667385399341583,0.706244945526123,0.5210084033613446,0.6427674051781906,0.35555555555555557,0.0,0.0,0.0,0.0,0.0,0.0,0.0,0.0,0.0,2002,radio,0.5
1,1,lr1e-04_bs32_modL1_fusion32_fusionL1_drop0p2_trmiss50_trlocradio,32,0.0001,1,32,1,0.2,lr1e-04_bs32_modL1_fusion32_fusionL1_drop0p2_trmiss50_trlocradio,2,0.6273540556430817,0.7043362855911255,0.5273109243697479,0.6730393113735342,0.4666666666666667,0.0,0.0,0.0,0.0,0.0,0.0,0.0,0.0,0.0,2002,radio,0.5
1,1,lr1e-04_bs32_modL1_fusion32_fusionL1_drop0p2_trmiss50_trlocradio,32,0.0001,1,32,1,0.2,lr1e-04_bs32_modL1_fusion32_fusionL1_drop0p2_trmiss50_trlocradio,3,0.6252185006936392,0.7052769362926483,0.5147058823529412,0.654334951327552,0.6,0.0,0.0,0.0,0.0,0.0,0.0,0.0,0.0,0.0,2002,radio,0.5
1,1,lr1e-04_bs32_modL1_fusion32_fusionL1_drop0p2_trmiss50_trlocradio,32,0.0001,1,32,1,0.2,lr1e-04_bs32_modL1_fusion32_fusionL1_drop0p2_trmiss50_trlocradio,4,0.6053192714850107,0.7094575464725494,0.5168067226890757,0.6458163355275712,0.5777777777777777,0.0,0.0,0.0,0.0,0.0,0.0,0.0,0.0,0.0,2002,radio,0.5
1,1,lr1e-04_bs32_modL1_fusion32_fusionL1_drop0p2_trmiss50_trlocradio,32,0.0001,1,32,1,0.2,lr1e-04_bs32_modL1_fusion32_fusionL1_drop0p2_trmiss50_trlocradio,5,0.576813260714213,0.7121703028678894,0.5210084033613446,0.6525771789284472,0.5555555555555556,0.0,0.0,0.0,0.0,0.0,0.0,0.0,0.0,0.0,2002,radio,0.5
1,1,lr1e-04_bs32_modL1_fusion32_fusionL1_drop0p2_trmiss50_trlocradio,32,0.0001,1,32,1,0.2,lr1e-04_bs32_modL1_fusion32_fusionL1_drop0p2_trmiss50_trlocradio,6,0.5608306030432383,0.7120533287525177,0.5189075630252101,0.6441445384708362,0.5555555555555556,0.0,0.0,0.0,0.0,0.0,0.0,0.0,0.0,0.0,2002,radio,0.5
1,1,lr1e-04_bs32_modL1_fusion32_fusionL1_drop0p2_trmiss50_trlocradio,32,0.0001,1,32,1,0.2,lr1e-04_bs32_modL1_fusion32_fusionL1_drop0p2_trmiss50_trlocradio,7,0.5403521806001663,0.715261846780777,0.4831932773109244,0.6111824028487997,0.5777777777777777,0.0,0.0,0.0,0.0,0.0,0.0,0.0,0.0,0.0,2002,radio,0.5
1,1,lr1e-04_bs32_modL1_fusion32_fusionL1_drop0p2_trmiss50_trlocradio,32,0.0001,1,32,1,0.2,lr1e-04_bs32_modL1_fusion32_fusionL1_drop0p2_trmiss50_trlocradio,8,0.5387412707010905,0.7149426639080048,0.5147058823529411,0.6188669750387316,0.6,0.0,0.0,0.0,0.0,0.0,0.0,0.0,0.0,0.0,2002,radio,0.5
1,1,lr1e-04_bs32_modL1_fusion32_fusionL1_drop0p2_trmiss50_trlocradio,32,0.0001,1,32,1,0.2,lr1e-04_bs32_modL1_fusion32_fusionL1_drop0p2_trmiss50_trlocradio,9,0.5288494726022085,0.7127127647399902,0.5441176470588235,0.6326606936562348,0.6,0.0,0.0,0.0,0.0,0.0,0.0,0.0,0.0,0.0,2002,radio,0.5
1,1,lr1e-04_bs32_modL1_fusion32_fusionL1_drop0p2_trmiss50_trlocradio,32,0.0001,1,32,1,0.2,lr1e-04_bs32_modL1_fusion32_fusionL1_drop0p2_trmiss50_trlocradio,10,0.5226732989152273,0.7096750140190125,0.5336134453781513,0.629805824765332,0.6,0.0,0.0,0.0,0.0,0.0,0.0,0.0,0.0,0.0,2002,radio,0.5
1,1,lr1e-04_bs32_modL1_fusion32_fusionL1_drop0p2_trmiss50_trlocradio,32,0.0001,1,32,1,0.2,lr1e-04_bs32_modL1_fusion32_fusionL1_drop0p2_trmiss50_trlocradio,11,0.5125757902860641,0.7082113325595856,0.5336134453781513,0.6524686664327926,0.6,0.0,0.0,0.0,0.0,0.0,0.0,0.0,0.0,0.0,2002,radio,0.5
1,1,lr1e-04_bs32_modL1_fusion32_fusionL1_drop0p2_trmiss50_trlocradio,32,0.0001,1,32,1,0.2,lr1e-04_bs32_modL1_fusion32_fusionL1_drop0p2_trmiss50_trlocradio,12,0.5171878536542257,0.7050990164279938,0.5357142857142857,0.6564865180892163,0.6222222222222222,0.0,0.0,0.0,0.0,0.0,0.0,0.0,0.0,0.0,2002,radio,0.5
1,1,lr1e-04_bs32_modL1_fusion32_fusionL1_drop0p2_trmiss50_trlocradio,32,0.0001,1,32,1,0.2,lr1e-04_bs32_modL1_fusion32_fusionL1_drop0p2_trmiss50_trlocradio,13,0.5007539838552475,0.7044415771961212,0.5378151260504201,0.6593255781837112,0.6,0.0,0.0,0.0,0.0,0.0,0.0,0.0,0.0,0.0,2002,radio,0.5
1,1,lr1e-04_bs32_modL1_fusion32_fusionL1_drop0p2_trmiss50_trlocradio,32,0.0001,1,32,1,0.2,lr1e-04_bs32_modL1_fusion32_fusionL1_drop0p2_trmiss50_trlocradio,14,0.5048576643069586,0.703383207321167,0.5504201680672269,0.667654425490391,0.6,0.0,0.0,0.0,0.0,0.0,0.0,0.0,0.0,0.0,2002,radio,0.5
1,1,lr1e-04_bs32_modL1_fusion32_fusionL1_drop0p2_trmiss50_trlocradio,32,0.0001,1,32,1,0.2,lr1e-04_bs32_modL1_fusion32_fusionL1_drop0p2_trmiss50_trlocradio,15,0.48020583887894946,0.702172040939331,0.5483193277310925,0.6687670186741302,0.6,0.0,0.0,0.0,0.0,0.0,0.0,0.0,0.0,0.0,2002,radio,0.5
1,1,lr1e-04_bs32_modL1_fusion32_fusionL1_drop0p2_trmiss50_trlocradio,32,0.0001,1,32,1,0.2,lr1e-04_bs32_modL1_fusion32_fusionL1_drop0p2_trmiss50_trlocradio,16,0.5009539624055227,0.7018065452575684,0.5462184873949579,0.6645496051457631,0.6222222222222222,0.0,0.0,0.0,0.0,0.0,0.0,0.0,0.0,0.0,2002,radio,0.5
1,1,lr1e-04_bs32_modL1_fusion32_fusionL1_drop0p2_trmiss50_trlocradio,32,0.0001,1,32,1,0.2,lr1e-04_bs32_modL1_fusion32_fusionL1_drop0p2_trmiss50_trlocradio,17,0.47712746759255725,0.7041242122650146,0.5441176470588236,0.6607905411604745,0.6,0.0,0.0,0.0,0.0,0.0,0.0,0.0,0.0,0.0,2002,radio,0.5
1,1,lr1e-04_bs32_modL1_fusion32_fusionL1_drop0p2_trmiss50_trlocradio,32,0.0001,1,32,1,0.2,lr1e-04_bs32_modL1_fusion32_fusionL1_drop0p2_trmiss50_trlocradio,18,0.491648331284523,0.7021777927875519,0.5378151260504201,0.6517403216779243,0.6,0.0,0.0,0.0,0.0,0.0,0.0,0.0,0.0,0.0,2002,radio,0.5
1,1,lr1e-04_bs32_modL1_fusion32_fusionL1_drop0p2_trmiss50_trlocradio,32,0.0001,1,32,1,0.2,lr1e-04_bs32_modL1_fusion32_fusionL1_drop0p2_trmiss50_trlocradio,19,0.4621254503726959,0.7009861171245575,0.5378151260504201,0.6501133408420184,0.6,0.0,0.0,0.0,0.0,0.0,0.0,0.0,0.0,0.0,2002,radio,0.5
1,1,lr1e-04_bs32_modL1_fusion32_fusionL1_drop0p2_trmiss50_trlocradio,32,0.0001,1,32,1,0.2,lr1e-04_bs32_modL1_fusion32_fusionL1_drop0p2_trmiss50_trlocradio,20,0.48425599932670593,0.7079363763332367,0.523109243697479,0.646029825050245,0.6,0.0,0.0,0.0,0.0,0.0,0.0,0.0,0.0,0.0,2002,radio,0.5
1,1,lr1e-04_bs32_modL1_fusion32_fusionL1_drop0p2_trmiss50_trlocradio,32,0.0001,1,32,1,0.2,lr1e-04_bs32_modL1_fusion32_fusionL1_drop0p2_trmiss50_trlocradio,21,0.47077304124832153,0.7055136859416962,0.5273109243697479,0.646094956694324,0.6,0.0,0.0,0.0,0.0,0.0,0.0,0.0,0.0,0.0,2002,radio,0.5
1,1,lr1e-04_bs32_modL1_fusion32_fusionL1_drop0p2_trmiss50_trlocradio,32,0.0001,1,32,1,0.2,lr1e-04_bs32_modL1_fusion32_fusionL1_drop0p2_trmiss50_trlocradio,22,0.4581175049146016,0.7073210775852203,0.5231092436974789,0.6383497059940755,0.6,0.0,0.0,0.0,0.0,0.0,0.0,0.0,0.0,0.0,2002,radio,0.5
1,1,lr1e-04_bs32_modL1_fusion32_fusionL1_drop0p2_trmiss50_trlocradio,32,0.0001,1,32,1,0.2,lr1e-04_bs32_modL1_fusion32_fusionL1_drop0p2_trmiss50_trlocradio,23,0.45709208647410077,0.7111813426017761,0.5231092436974789,0.6403444337312845,0.5777777777777777,0.0,0.0,0.0,0.0,0.0,0.0,0.0,0.0,0.0,2002,radio,0.5
1,1,lr1e-04_bs32_modL1_fusion32_fusionL1_drop0p2_trmiss50_trlocradio,32,0.0001,1,32,1,0.2,lr1e-04_bs32_modL1_fusion32_fusionL1_drop0p2_trmiss50_trlocradio,24,0.44815431038538617,0.7105481624603271,0.523109243697479,0.6413202687335458,0.5777777777777777,0.0,0.0,0.0,0.0,0.0,0.0,0.0,0.0,0.0,2002,radio,0.5
1,1,lr1e-04_bs32_modL1_fusion32_fusionL1_drop0p2_trmiss50_trlocradio,32,0.0001,1,32,1,0.2,lr1e-04_bs32_modL1_fusion32_fusionL1_drop0p2_trmiss50_trlocradio,25,0.4353768527507782,0.7066645324230194,0.5189075630252101,0.6349314513993503,0.5777777777777777,0.0,0.0,0.0,0.0,0.0,0.0,0.0,0.0,0.0,2002,radio,0.5
1,1,lr1e-04_bs32_modL1_fusion32_fusionL1_drop0p2_trmiss50_trlocradio,32,0.0001,1,32,1,0.2,lr1e-04_bs32_modL1_fusion32_fusionL1_drop0p2_trmiss50_trlocradio,26,0.45477427045504254,0.7055921256542206,0.51890756302521,0.6386077343787172,0.5777777777777777,0.0,0.0,0.0,0.0,0.0,0.0,0.0,0.0,0.0,2002,radio,0.5
1,1,lr1e-04_bs32_modL1_fusion32_fusionL1_drop0p2_trmiss50_trlocradio,32,0.0001,1,32,1,0.2,lr1e-04_bs32_modL1_fusion32_fusionL1_drop0p2_trmiss50_trlocradio,27,0.44068068265914917,0.7060605585575104,0.5168067226890756,0.6373210421456876,0.6,0.0,0.0,0.0,0.0,0.0,0.0,0.0,0.0,0.0,2002,radio,0.5
1,1,lr1e-04_bs32_modL1_fusion32_fusionL1_drop0p2_trmiss50_trlocradio,32,0.0001,1,32,1,0.2,lr1e-04_bs32_modL1_fusion32_fusionL1_drop0p2_trmiss50_trlocradio,28,0.4476850579182307,0.7085312604904175,0.5168067226890756,0.635349204459564,0.6,0.0,0.0,0.0,0.0,0.0,0.0,0.0,0.0,0.0,2002,radio,0.5
1,1,lr1e-04_bs32_modL1_fusion32_fusionL1_drop0p2_trmiss50_trlocradio,32,0.0001,1,32,1,0.2,lr1e-04_bs32_modL1_fusion32_fusionL1_drop0p2_trmiss50_trlocradio,29,0.4594948540131251,0.7083120048046112,0.5147058823529411,0.639910252201238,0.6,0.0,0.0,0.0,0.0,0.0,0.0,0.0,0.0,0.0,2002,radio,0.5
1,1,lr1e-04_bs32_modL1_fusion32_fusionL1_drop0p2_trmiss50_trlocradio,32,0.0001,1,32,1,0.2,lr1e-04_bs32_modL1_fusion32_fusionL1_drop0p2_trmiss50_trlocradio,30,0.42841922243436176,0.7079256176948547,0.5168067226890756,0.6357589720073877,0.6,0.0,0.0,0.0,0.0,0.0,0.0,0.0,0.0,0.0,2002,radio,0.5
1,1,lr1e-04_bs32_modL1_fusion32_fusionL1_drop0p2_trmiss50_trlocradio,32,0.0001,1,32,1,0.2,lr1e-04_bs32_modL1_fusion32_fusionL1_drop0p2_trmiss50_trlocradio,31,0.4399279405673345,0.7063348591327667,0.5084033613445378,0.6308996776585122,0.6,0.0,0.0,0.0,0.0,0.0,0.0,0.0,0.0,0.0,2002,radio,0.5
1,1,lr1e-04_bs32_modL1_fusion32_fusionL1_drop0p2_trmiss50_trlocradio,32,0.0001,1,32,1,0.2,lr1e-04_bs32_modL1_fusion32_fusionL1_drop0p2_trmiss50_trlocradio,32,0.4211346556742986,0.7072419226169586,0.5168067226890756,0.6338759547436144,0.6,0.0,0.0,0.0,0.0,0.0,0.0,0.0,0.0,0.0,2002,radio,0.5
1,1,lr1e-04_bs32_modL1_fusion32_fusionL1_drop0p2_trmiss50_trlocradio,32,0.0001,1,32,1,0.2,lr1e-04_bs32_modL1_fusion32_fusionL1_drop0p2_trmiss50_trlocradio,33,0.4339231153329213,0.7085884809494019,0.5105042016806722,0.6326338928365278,0.6,0.0,0.0,0.0,0.0,0.0,0.0,0.0,0.0,0.0,2002,radio,0.5
1,1,lr1e-04_bs32_modL1_fusion32_fusionL1_drop0p2_trmiss50_trlocradio,32,0.0001,1,32,1,0.2,lr1e-04_bs32_modL1_fusion32_fusionL1_drop0p2_trmiss50_trlocradio,34,0.4424421687920888,0.7119661271572113,0.5126050420168067,0.6310531717087683,0.6,0.0,0.0,0.0,0.0,0.0,0.0,0.0,0.0,0.0,2002,radio,0.5
1,1,lr1e-04_bs32_modL1_fusion32_fusionL1_drop0p1_trmiss50_trlocradio,32,0.0001,1,32,1,0.1,lr1e-04_bs32_modL1_fusion32_fusionL1_drop0p1_trmiss50_trlocradio,1,0.7375315924485525,0.6875922381877899,0.7794117647058822,0.855008526545531,0.4222222222222222,0.0,0.0,0.0,0.0,0.0,0.0,0.0,0.0,0.0,2002,radio,0.5
1,1,lr1e-04_bs32_modL1_fusion32_fusionL1_drop0p1_trmiss50_trlocradio,32,0.0001,1,32,1,0.1,lr1e-04_bs32_modL1_fusion32_fusionL1_drop0p1_trmiss50_trlocradio,2,0.7195491294066111,0.6843718886375427,0.7331932773109244,0.8371862930470685,0.4666666666666667,0.0,0.0,0.0,0.0,0.0,0.0,0.0,0.0,0.0,2002,radio,0.5
1,1,lr1e-04_bs32_modL1_fusion32_fusionL1_drop0p1_trmiss50_trlocradio,32,0.0001,1,32,1,0.1,lr1e-04_bs32_modL1_fusion32_fusionL1_drop0p1_trmiss50_trlocradio,3,0.6805709302425385,0.6809130907058716,0.7121848739495797,0.8226272211792629,0.5111111111111111,0.0,0.0,0.0,0.0,0.0,0.0,0.0,0.0,0.0,2002,radio,0.5
1,1,lr1e-04_bs32_modL1_fusion32_fusionL1_drop0p1_trmiss50_trlocradio,32,0.0001,1,32,1,0.1,lr1e-04_bs32_modL1_fusion32_fusionL1_drop0p1_trmiss50_trlocradio,4,0.6749195456504822,0.6782249510288239,0.680672268907563,0.784696013886538,0.5777777777777777,0.0,0.0,0.0,0.0,0.0,0.0,0.0,0.0,0.0,2002,radio,0.5
1,1,lr1e-04_bs32_modL1_fusion32_fusionL1_drop0p1_trmiss50_trlocradio,32,0.0001,1,32,1,0.1,lr1e-04_bs32_modL1_fusion32_fusionL1_drop0p1_trmiss50_trlocradio,5,0.6522120734055837,0.6743168532848358,0.6743697478991597,0.7891948963418957,0.6,0.0,0.0,0.0,0.0,0.0,0.0,0.0,0.0,0.0,2002,radio,0.5
1,1,lr1e-04_bs32_modL1_fusion32_fusionL1_drop0p1_trmiss50_trlocradio,32,0.0001,1,32,1,0.1,lr1e-04_bs32_modL1_fusion32_fusionL1_drop0p1_trmiss50_trlocradio,6,0.6227946678797404,0.672738641500473,0.6680672268907564,0.8073568858395445,0.6,0.0,0.0,0.0,0.0,0.0,0.0,0.0,0.0,0.0,2002,radio,0.5
1,1,lr1e-04_bs32_modL1_fusion32_fusionL1_drop0p1_trmiss50_trlocradio,32,0.0001,1,32,1,0.1,lr1e-04_bs32_modL1_fusion32_fusionL1_drop0p1_trmiss50_trlocradio,7,0.6159651478131613,0.6756257712841034,0.6470588235294117,0.7913916742304913,0.5777777777777777,0.0,0.0,0.0,0.0,0.0,0.0,0.0,0.0,0.0,2002,radio,0.5
1,1,lr1e-04_bs32_modL1_fusion32_fusionL1_drop0p1_trmiss50_trlocradio,32,0.0001,1,32,1,0.1,lr1e-04_bs32_modL1_fusion32_fusionL1_drop0p1_trmiss50_trlocradio,8,0.6116735736529032,0.6722781360149384,0.6449579831932772,0.8067668714310502,0.6,0.0,0.0,0.0,0.0,0.0,0.0,0.0,0.0,0.0,2002,radio,0.5
1,1,lr1e-04_bs32_modL1_fusion32_fusionL1_drop0p1_trmiss50_trlocradio,32,0.0001,1,32,1,0.1,lr1e-04_bs32_modL1_fusion32_fusionL1_drop0p1_trmiss50_trlocradio,9,0.5915085077285767,0.673632025718689,0.6302521008403361,0.7848928356181141,0.6444444444444445,0.0,0.0,0.0,0.0,0.0,0.0,0.0,0.0,0.0,2002,radio,0.5
1,1,lr1e-04_bs32_modL1_fusion32_fusionL1_drop0p1_trmiss50_trlocradio,32,0.0001,1,32,1,0.1,lr1e-04_bs32_modL1_fusion32_fusionL1_drop0p1_trmiss50_trlocradio,10,0.5787533521652222,0.6674805879592896,0.6344537815126051,0.7933528217968616,0.6222222222222222,0.0,0.0,0.0,0.0,0.0,0.0,0.0,0.0,0.0,2002,radio,0.5
1,1,lr1e-04_bs32_modL1_fusion32_fusionL1_drop0p1_trmiss50_trlocradio,32,0.0001,1,32,1,0.1,lr1e-04_bs32_modL1_fusion32_fusionL1_drop0p1_trmiss50_trlocradio,11,0.5705910722414652,0.6654430031776428,0.6491596638655461,0.8093987793994853,0.6,0.0,0.0,0.0,0.0,0.0,0.0,0.0,0.0,0.0,2002,radio,0.5
1,1,lr1e-04_bs32_modL1_fusion32_fusionL1_drop0p1_trmiss50_trlocradio,32,0.0001,1,32,1,0.1,lr1e-04_bs32_modL1_fusion32_fusionL1_drop0p1_trmiss50_trlocradio,12,0.5727500915527344,0.6586926579475403,0.6617647058823529,0.8195358039775037,0.6222222222222222,0.0,0.0,0.0,0.0,0.0,0.0,0.0,0.0,0.0,2002,radio,0.5
1,1,lr1e-04_bs32_modL1_fusion32_fusionL1_drop0p1_trmiss50_trlocradio,32,0.0001,1,32,1,0.1,lr1e-04_bs32_modL1_fusion32_fusionL1_drop0p1_trmiss50_trlocradio,13,0.553661435842514,0.6559900939464569,0.6638655462184875,0.8201842688357667,0.6444444444444445,0.0,0.0,0.0,0.0,0.0,0.0,0.0,0.0,0.0,2002,radio,0.5
1,1,lr1e-04_bs32_modL1_fusion32_fusionL1_drop0p1_trmiss50_trlocradio,32,0.0001,1,32,1,0.1,lr1e-04_bs32_modL1_fusion32_fusionL1_drop0p1_trmiss50_trlocradio,14,0.5407874782880148,0.6505391895771027,0.6743697478991597,0.8299504790345053,0.6444444444444445,0.0,0.0,0.0,0.0,0.0,0.0,0.0,0.0,0.0,2002,radio,0.5
1,1,lr1e-04_bs32_modL1_fusion32_fusionL1_drop0p1_trmiss50_trlocradio,32,0.0001,1,32,1,0.1,lr1e-04_bs32_modL1_fusion32_fusionL1_drop0p1_trmiss50_trlocradio,15,0.5333272715409597,0.6582188308238983,0.6365546218487395,0.7995045744857924,0.6,0.0,0.0,0.0,0.0,0.0,0.0,0.0,0.0,0.0,2002,radio,0.5
1,1,lr1e-04_bs32_modL1_fusion32_fusionL1_drop0p1_trmiss50_trlocradio,32,0.0001,1,32,1,0.1,lr1e-04_bs32_modL1_fusion32_fusionL1_drop0p1_trmiss50_trlocradio,16,0.5170521090428034,0.6600410044193268,0.6281512605042017,0.7927203150915814,0.5777777777777777,0.0,0.0,0.0,0.0,0.0,0.0,0.0,0.0,0.0,2002,radio,0.5
1,1,lr1e-04_bs32_modL1_fusion32_fusionL1_drop0p1_trmiss50_trlocradio,32,0.0001,1,32,1,0.1,lr1e-04_bs32_modL1_fusion32_fusionL1_drop0p1_trmiss50_trlocradio,17,0.512496421734492,0.6631222665309906,0.6239495798319328,0.7897418701064663,0.5555555555555556,0.0,0.0,0.0,0.0,0.0,0.0,0.0,0.0,0.0,2002,radio,0.5
1,1,lr1e-04_bs32_modL1_fusion32_fusionL1_drop0p1_trmiss50_trlocradio,32,0.0001,1,32,1,0.1,lr1e-04_bs32_modL1_fusion32_fusionL1_drop0p1_trmiss50_trlocradio,18,0.5168902824322382,0.6598186194896698,0.6281512605042017,0.7860114004805839,0.5555555555555556,0.0,0.0,0.0,0.0,0.0,0.0,0.0,0.0,0.0,2002,radio,0.5
1,1,lr1e-04_bs32_modL1_fusion32_fusionL1_drop0p1_trmiss50_trlocradio,32,0.0001,1,32,1,0.1,lr1e-04_bs32_modL1_fusion32_fusionL1_drop0p1_trmiss50_trlocradio,19,0.4993547399838765,0.6493709683418274,0.6470588235294118,0.7993722845495882,0.5777777777777777,0.0,0.0,0.0,0.0,0.0,0.0,0.0,0.0,0.0,2002,radio,0.5
1,1,lr1e-04_bs32_modL1_fusion32_fusionL1_drop0p1_trmiss50_trlocradio,32,0.0001,1,32,1,0.1,lr1e-04_bs32_modL1_fusion32_fusionL1_drop0p1_trmiss50_trlocradio,20,0.47988277673721313,0.6455249786376953,0.6407563025210085,0.791375776739614,0.5555555555555556,0.0,0.0,0.0,0.0,0.0,0.0,0.0,0.0,0.0,2002,radio,0.5
1,1,lr1e-04_bs32_modL1_fusion32_fusionL1_drop0p1_trmiss50_trlocradio,32,0.0001,1,32,1,0.1,lr1e-04_bs32_modL1_fusion32_fusionL1_drop0p1_trmiss50_trlocradio,21,0.47878939906756085,0.6454567015171051,0.6386554621848739,0.7891302078131187,0.5555555555555556,0.0,0.0,0.0,0.0,0.0,0.0,0.0,0.0,0.0,2002,radio,0.5
1,1,lr1e-04_bs32_modL1_fusion32_fusionL1_drop0p1_trmiss50_trlocradio,32,0.0001,1,32,1,0.1,lr1e-04_bs32_modL1_fusion32_fusionL1_drop0p1_trmiss50_trlocradio,22,0.46542542179425556,0.6481584310531616,0.6533613445378151,0.8056326915597715,0.5555555555555556,0.0,0.0,0.0,0.0,0.0,0.0,0.0,0.0,0.0,2002,radio,0.5
1,1,lr1e-04_bs32_modL1_fusion32_fusionL1_drop0p1_trmiss50_trlocradio,32,0.0001,1,32,1,0.1,lr1e-04_bs32_modL1_fusion32_fusionL1_drop0p1_trmiss50_trlocradio,23,0.46474336087703705,0.6452351808547974,0.6407563025210085,0.7962903654383414,0.5777777777777777,0.0,0.0,0.0,0.0,0.0,0.0,0.0,0.0,0.0,2002,radio,0.5
1,1,lr1e-04_bs32_modL1_fusion32_fusionL1_drop0p1_trmiss50_trlocradio,32,0.0001,1,32,1,0.1,lr1e-04_bs32_modL1_fusion32_fusionL1_drop0p1_trmiss50_trlocradio,24,0.46007750928401947,0.6496878862380981,0.6386554621848739,0.7981124026555539,0.5777777777777777,0.0,0.0,0.0,0.0,0.0,0.0,0.0,0.0,0.0,2002,radio,0.5
1,1,lr1e-04_bs32_modL1_fusion32_fusionL1_drop0p1_trmiss50_trlocradio,32,0.0001,1,32,1,0.1,lr1e-04_bs32_modL1_fusion32_fusionL1_drop0p1_trmiss50_trlocradio,25,0.45523030559221905,0.6501143276691437,0.6407563025210083,0.7949250292770432,0.5777777777777777,0.0,0.0,0.0,0.0,0.0,0.0,0.0,0.0,0.0,2002,radio,0.5
1,1,lr1e-04_bs32_modL1_fusion32_fusionL1_drop0p1_trmiss50_trlocradio,32,0.0001,1,32,1,0.1,lr1e-04_bs32_modL1_fusion32_fusionL1_drop0p1_trmiss50_trlocradio,26,0.4526445170243581,0.6461899876594543,0.6491596638655462,0.8032328044326446,0.5777777777777777,0.0,0.0,0.0,0.0,0.0,0.0,0.0,0.0,0.0,2002,radio,0.5
1,1,lr1e-04_bs32_modL1_fusion32_fusionL1_drop0p1_trmiss50_trlocradio,32,0.0001,1,32,1,0.1,lr1e-04_bs32_modL1_fusion32_fusionL1_drop0p1_trmiss50_trlocradio,27,0.45711036523183185,0.6477926671504974,0.6323529411764707,0.7862188883378461,0.5777777777777777,0.0,0.0,0.0,0.0,0.0,0.0,0.0,0.0,0.0,2002,radio,0.5
1,1,lr1e-04_bs32_modL1_fusion32_fusionL1_drop0p1_trmiss50_trlocradio,32,0.0001,1,32,1,0.1,lr1e-04_bs32_modL1_fusion32_fusionL1_drop0p1_trmiss50_trlocradio,28,0.44088784356911975,0.6475002467632294,0.6281512605042017,0.7744442205509878,0.5777777777777777,0.0,0.0,0.0,0.0,0.0,0.0,0.0,0.0,0.0,2002,radio,0.5
1,1,lr1e-04_bs32_modL1_fusion32_fusionL1_drop0p1_trmiss50_trlocradio,32,0.0001,1,32,1,0.1,lr1e-04_bs32_modL1_fusion32_fusionL1_drop0p1_trmiss50_trlocradio,29,0.4239160766204198,0.6464806497097015,0.6365546218487396,0.7816720592547812,0.5777777777777777,0.0,0.0,0.0,0.0,0.0,0.0,0.0,0.0,0.0,2002,radio,0.5
1,1,lr1e-04_bs32_modL1_fusion32_fusionL1_drop0p1_trmiss50_trlocradio,32,0.0001,1,32,1,0.1,lr1e-04_bs32_modL1_fusion32_fusionL1_drop0p1_trmiss50_trlocradio,30,0.41840068499247235,0.6446974575519562,0.6449579831932772,0.7897946186233563,0.5777777777777777,0.0,0.0,0.0,0.0,0.0,0.0,0.0,0.0,0.0,2002,radio,0.5
1,1,lr1e-04_bs32_modL1_fusion32_fusionL1_drop0p1_trmiss50_trlocradio,32,0.0001,1,32,1,0.1,lr1e-04_bs32_modL1_fusion32_fusionL1_drop0p1_trmiss50_trlocradio,31,0.425037478407224,0.6384640038013458,0.6491596638655462,0.7951632519368518,0.5777777777777777,0.0,0.0,0.0,0.0,0.0,0.0,0.0,0.0,0.0,2002,radio,0.5
1,1,lr1e-04_bs32_modL1_fusion32_fusionL1_drop0p1_trmiss50_trlocradio,32,0.0001,1,32,1,0.1,lr1e-04_bs32_modL1_fusion32_fusionL1_drop0p1_trmiss50_trlocradio,32,0.4282774229844411,0.6368692815303802,0.6596638655462186,0.8005359588558456,0.5777777777777777,0.0,0.0,0.0,0.0,0.0,0.0,0.0,0.0,0.0,2002,radio,0.5
1,1,lr1e-04_bs32_modL1_fusion32_fusionL1_drop0p1_trmiss50_trlocradio,32,0.0001,1,32,1,0.1,lr1e-04_bs32_modL1_fusion32_fusionL1_drop0p1_trmiss50_trlocradio,33,0.4203454405069351,0.6431003510951996,0.6533613445378151,0.7969566226160859,0.5777777777777777,0.0,0.0,0.0,0.0,0.0,0.0,0.0,0.0,0.0,2002,radio,0.5
1,1,lr1e-04_bs32_modL1_fusion32_fusionL1_drop0p1_trmiss50_trlocradio,32,0.0001,1,32,1,0.1,lr1e-04_bs32_modL1_fusion32_fusionL1_drop0p1_trmiss50_trlocradio,34,0.41066448390483856,0.6461325287818909,0.6470588235294117,0.7926098240864629,0.5777777777777777,0.0,0.0,0.0,0.0,0.0,0.0,0.0,0.0,0.0,2002,radio,0.5
1,1,lr1e-04_bs32_modL1_fusion64_fusionL1_drop0p2_trmiss50_trlocradio,32,0.0001,1,64,1,0.2,lr1e-04_bs32_modL1_fusion64_fusionL1_drop0p2_trmiss50_trlocradio,1,0.6851512889067332,0.6835136413574219,0.5588235294117647,0.6436132583862646,0.5555555555555556,0.0,0.0,0.0,0.0,0.0,0.0,0.0,0.0,0.0,2002,radio,0.5
1,1,lr1e-04_bs32_modL1_fusion64_fusionL1_drop0p2_trmiss50_trlocradio,32,0.0001,1,64,1,0.2,lr1e-04_bs32_modL1_fusion64_fusionL1_drop0p2_trmiss50_trlocradio,2,0.6594915588696798,0.6876133978366852,0.5315126050420168,0.6146533842806446,0.5777777777777777,0.0,0.0,0.0,0.0,0.0,0.0,0.0,0.0,0.0,2002,radio,0.5
1,1,lr1e-04_bs32_modL1_fusion64_fusionL1_drop0p2_trmiss50_trlocradio,32,0.0001,1,64,1,0.2,lr1e-04_bs32_modL1_fusion64_fusionL1_drop0p2_trmiss50_trlocradio,3,0.6403102874755859,0.6932042241096497,0.542016806722689,0.6180322183876359,0.5555555555555556,0.0,0.0,0.0,0.0,0.0,0.0,0.0,0.0,0.0,2002,radio,0.5
1,1,lr1e-04_bs32_modL1_fusion64_fusionL1_drop0p2_trmiss50_trlocradio,32,0.0001,1,64,1,0.2,lr1e-04_bs32_modL1_fusion64_fusionL1_drop0p2_trmiss50_trlocradio,4,0.6147913138071696,0.6987423002719879,0.5315126050420168,0.6133258766791329,0.5777777777777777,0.0,0.0,0.0,0.0,0.0,0.0,0.0,0.0,0.0,2002,radio,0.5
1,1,lr1e-04_bs32_modL1_fusion64_fusionL1_drop0p2_trmiss50_trlocradio,32,0.0001,1,64,1,0.2,lr1e-04_bs32_modL1_fusion64_fusionL1_drop0p2_trmiss50_trlocradio,5,0.5831309755643209,0.7030013501644135,0.5252100840336135,0.6105109951403465,0.6,0.0,0.0,0.0,0.0,0.0,0.0,0.0,0.0,0.0,2002,radio,0.5
1,1,lr1e-04_bs32_modL1_fusion64_fusionL1_drop0p2_trmiss50_trlocradio,32,0.0001,1,64,1,0.2,lr1e-04_bs32_modL1_fusion64_fusionL1_drop0p2_trmiss50_trlocradio,6,0.5790682236353556,0.7070333063602448,0.5126050420168067,0.6032471015635237,0.5777777777777777,0.0,0.0,0.0,0.0,0.0,0.0,0.0,0.0,0.0,2002,radio,0.5
1,1,lr1e-04_bs32_modL1_fusion64_fusionL1_drop0p2_trmiss50_trlocradio,32,0.0001,1,64,1,0.2,lr1e-04_bs32_modL1_fusion64_fusionL1_drop0p2_trmiss50_trlocradio,7,0.5670239826043447,0.7069675326347351,0.5168067226890757,0.6071477797692437,0.5777777777777777,0.0,0.0,0.0,0.0,0.0,0.0,0.0,0.0,0.0,2002,radio,0.5
1,1,lr1e-04_bs32_modL1_fusion64_fusionL1_drop0p2_trmiss50_trlocradio,32,0.0001,1,64,1,0.2,lr1e-04_bs32_modL1_fusion64_fusionL1_drop0p2_trmiss50_trlocradio,8,0.5680716733137766,0.7073836922645569,0.5147058823529411,0.6058372345301271,0.5777777777777777,0.0,0.0,0.0,0.0,0.0,0.0,0.0,0.0,0.0,2002,radio,0.5
1,1,lr1e-04_bs32_modL1_fusion64_fusionL1_drop0p2_trmiss50_trlocradio,32,0.0001,1,64,1,0.2,lr1e-04_bs32_modL1_fusion64_fusionL1_drop0p2_trmiss50_trlocradio,9,0.5736421644687653,0.7088510394096375,0.5105042016806722,0.603827042117458,0.5555555555555556,0.0,0.0,0.0,0.0,0.0,0.0,0.0,0.0,0.0,2002,radio,0.5
1,1,lr1e-04_bs32_modL1_fusion64_fusionL1_drop0p2_trmiss50_trlocradio,32,0.0001,1,64,1,0.2,lr1e-04_bs32_modL1_fusion64_fusionL1_drop0p2_trmiss50_trlocradio,10,0.5461468597253164,0.7111488580703735,0.5105042016806722,0.6031593862132033,0.5777777777777777,0.0,0.0,0.0,0.0,0.0,0.0,0.0,0.0,0.0,2002,radio,0.5
1,1,lr1e-04_bs32_modL1_fusion64_fusionL1_drop0p2_trmiss50_trlocradio,32,0.0001,1,64,1,0.2,lr1e-04_bs32_modL1_fusion64_fusionL1_drop0p2_trmiss50_trlocradio,11,0.5450278421243032,0.7127822935581207,0.5105042016806722,0.602771129245999,0.5777777777777777,0.0,0.0,0.0,0.0,0.0,0.0,0.0,0.0,0.0,2002,radio,0.5
1,1,lr1e-04_bs32_modL1_fusion64_fusionL1_drop0p2_trmiss50_trlocradio,32,0.0001,1,64,1,0.2,lr1e-04_bs32_modL1_fusion64_fusionL1_drop0p2_trmiss50_trlocradio,12,0.5309745371341705,0.7118596732616425,0.5105042016806722,0.6030718811256983,0.5555555555555556,0.0,0.0,0.0,0.0,0.0,0.0,0.0,0.0,0.0,2002,radio,0.5
1,1,lr1e-04_bs32_modL1_fusion64_fusionL1_drop0p2_trmiss50_trlocradio,32,0.0001,1,64,1,0.2,lr1e-04_bs32_modL1_fusion64_fusionL1_drop0p2_trmiss50_trlocradio,13,0.5063848892847697,0.7090386748313904,0.5084033613445378,0.6010074376326833,0.5555555555555556,0.0,0.0,0.0,0.0,0.0,0.0,0.0,0.0,0.0,2002,radio,0.5
1,1,lr1e-04_bs32_modL1_fusion64_fusionL1_drop0p2_trmiss50_trlocradio,32,0.0001,1,64,1,0.2,lr1e-04_bs32_modL1_fusion64_fusionL1_drop0p2_trmiss50_trlocradio,14,0.5212990492582321,0.7075487971305847,0.5126050420168067,0.6034721158116472,0.5555555555555556,0.0,0.0,0.0,0.0,0.0,0.0,0.0,0.0,0.0,2002,radio,0.5
1,1,lr1e-04_bs32_modL1_fusion64_fusionL1_drop0p2_trmiss50_trlocradio,32,0.0001,1,64,1,0.2,lr1e-04_bs32_modL1_fusion64_fusionL1_drop0p2_trmiss50_trlocradio,15,0.5294640759627024,0.7090521156787872,0.5042016806722689,0.5975436395260281,0.5555555555555556,0.0,0.0,0.0,0.0,0.0,0.0,0.0,0.0,0.0,2002,radio,0.5
1,1,lr1e-04_bs32_modL1_fusion64_fusionL1_drop0p2_trmiss50_trlocradio,32,0.0001,1,64,1,0.2,lr1e-04_bs32_modL1_fusion64_fusionL1_drop0p2_trmiss50_trlocradio,16,0.5133743931849798,0.7113277316093445,0.5042016806722689,0.5982631581026896,0.5777777777777777,0.0,0.0,0.0,0.0,0.0,0.0,0.0,0.0,0.0,2002,radio,0.5
1,1,lr1e-04_bs32_modL1_fusion64_fusionL1_drop0p2_trmiss50_trlocradio,32,0.0001,1,64,1,0.2,lr1e-04_bs32_modL1_fusion64_fusionL1_drop0p2_trmiss50_trlocradio,17,0.5095916638771693,0.7152057886123657,0.5042016806722689,0.5985872387839131,0.6,0.0,0.0,0.0,0.0,0.0,0.0,0.0,0.0,0.0,2002,radio,0.5
1,1,lr1e-04_bs32_modL1_fusion64_fusionL1_drop0p2_trmiss50_trlocradio,32,0.0001,1,64,1,0.2,lr1e-04_bs32_modL1_fusion64_fusionL1_drop0p2_trmiss50_trlocradio,18,0.5132880210876465,0.716522604227066,0.49999999999999994,0.5950907352874095,0.6,0.0,0.0,0.0,0.0,0.0,0.0,0.0,0.0,0.0,2002,radio,0.5
1,1,lr1e-04_bs32_modL1_fusion64_fusionL1_drop0p2_trmiss50_trlocradio,32,0.0001,1,64,1,0.2,lr1e-04_bs32_modL1_fusion64_fusionL1_drop0p2_trmiss50_trlocradio,19,0.5114280382792155,0.7174636125564575,0.5,0.5962391841774551,0.6,0.0,0.0,0.0,0.0,0.0,0.0,0.0,0.0,0.0,2002,radio,0.5
1,1,lr1e-04_bs32_modL1_fusion64_fusionL1_drop0p2_trmiss50_trlocradio,32,0.0001,1,64,1,0.2,lr1e-04_bs32_modL1_fusion64_fusionL1_drop0p2_trmiss50_trlocradio,20,0.4920668651660283,0.7170581519603729,0.5042016806722689,0.5976472075990253,0.6,0.0,0.0,0.0,0.0,0.0,0.0,0.0,0.0,0.0,2002,radio,0.5
1,1,lr1e-04_bs32_modL1_fusion64_fusionL1_drop0p2_trmiss50_trlocradio,32,0.0001,1,64,1,0.2,lr1e-04_bs32_modL1_fusion64_fusionL1_drop0p2_trmiss50_trlocradio,21,0.4948296199242274,0.7155604958534241,0.5021008403361344,0.5958243735703089,0.5777777777777777,0.0,0.0,0.0,0.0,0.0,0.0,0.0,0.0,0.0,2002,radio,0.5
1,1,lr1e-04_bs32_modL1_fusion64_fusionL1_drop0p2_trmiss50_trlocradio,32,0.0001,1,64,1,0.2,lr1e-04_bs32_modL1_fusion64_fusionL1_drop0p2_trmiss50_trlocradio,22,0.4911622355381648,0.715789794921875,0.5042016806722689,0.5987358053717912,0.6,0.0,0.0,0.0,0.0,0.0,0.0,0.0,0.0,0.0,2002,radio,0.5
1,1,lr1e-04_bs32_modL1_fusion64_fusionL1_drop0p2_trmiss50_trlocradio,32,0.0001,1,64,1,0.2,lr1e-04_bs32_modL1_fusion64_fusionL1_drop0p2_trmiss50_trlocradio,23,0.4977259039878845,0.7139048874378204,0.5021008403361343,0.5972941884649503,0.6,0.0,0.0,0.0,0.0,0.0,0.0,0.0,0.0,0.0,2002,radio,0.5
1,1,lr1e-04_bs32_modL1_fusion64_fusionL1_drop0p2_trmiss50_trlocradio,32,0.0001,1,64,1,0.2,lr1e-04_bs32_modL1_fusion64_fusionL1_drop0p2_trmiss50_trlocradio,24,0.5100016196568807,0.7146567702293396,0.4978991596638655,0.5963469971839391,0.5555555555555556,0.0,0.0,0.0,0.0,0.0,0.0,0.0,0.0,0.0,2002,radio,0.5
1,1,lr1e-04_bs32_modL1_fusion64_fusionL1_drop0p2_trmiss50_trlocradio,32,0.0001,1,64,1,0.2,lr1e-04_bs32_modL1_fusion64_fusionL1_drop0p2_trmiss50_trlocradio,25,0.4875136961539586,0.715356707572937,0.49579831932773105,0.5953765002895293,0.5555555555555556,0.0,0.0,0.0,0.0,0.0,0.0,0.0,0.0,0.0,2002,radio,0.5
1,1,lr1e-04_bs32_modL1_fusion64_fusionL1_drop0p1_trmiss50_trlocradio,32,0.0001,1,64,1,0.1,lr1e-04_bs32_modL1_fusion64_fusionL1_drop0p1_trmiss50_trlocradio,1,0.726841519276301,0.7058709561824799,0.4894957983193277,0.636911941594117,0.4222222222222222,0.0,0.0,0.0,0.0,0.0,0.0,0.0,0.0,0.0,2002,radio,0.5
1,1,lr1e-04_bs32_modL1_fusion64_fusionL1_drop0p1_trmiss50_trlocradio,32,0.0001,1,64,1,0.1,lr1e-04_bs32_modL1_fusion64_fusionL1_drop0p1_trmiss50_trlocradio,2,0.6869937777519226,0.7095613181591034,0.46848739495798314,0.5988900479857329,0.37777777777777777,0.0,0.0,0.0,0.0,0.0,0.0,0.0,0.0,0.0,2002,radio,0.5
1,1,lr1e-04_bs32_modL1_fusion64_fusionL1_drop0p1_trmiss50_trlocradio,32,0.0001,1,64,1,0.1,lr1e-04_bs32_modL1_fusion64_fusionL1_drop0p1_trmiss50_trlocradio,3,0.6454795698324839,0.7095921635627747,0.49159663865546216,0.6369555087741536,0.4444444444444444,0.0,0.0,0.0,0.0,0.0,0.0,0.0,0.0,0.0,2002,radio,0.5
1,1,lr1e-04_bs32_modL1_fusion64_fusionL1_drop0p1_trmiss50_trlocradio,32,0.0001,1,64,1,0.1,lr1e-04_bs32_modL1_fusion64_fusionL1_drop0p1_trmiss50_trlocradio,4,0.6417105694611868,0.7072792947292328,0.49579831932773105,0.6286841414933521,0.4666666666666667,0.0,0.0,0.0,0.0,0.0,0.0,0.0,0.0,0.0,2002,radio,0.5
1,1,lr1e-04_bs32_modL1_fusion64_fusionL1_drop0p1_trmiss50_trlocradio,32,0.0001,1,64,1,0.1,lr1e-04_bs32_modL1_fusion64_fusionL1_drop0p1_trmiss50_trlocradio,5,0.619494209686915,0.7063011229038239,0.5126050420168067,0.6425645658016272,0.4888888888888889,0.0,0.0,0.0,0.0,0.0,0.0,0.0,0.0,0.0,2002,radio,0.5
1,1,lr1e-04_bs32_modL1_fusion64_fusionL1_drop0p1_trmiss50_trlocradio,32,0.0001,1,64,1,0.1,lr1e-04_bs32_modL1_fusion64_fusionL1_drop0p1_trmiss50_trlocradio,6,0.6025735040505728,0.7061367332935333,0.5189075630252101,0.664206314548182,0.4888888888888889,0.0,0.0,0.0,0.0,0.0,0.0,0.0,0.0,0.0,2002,radio,0.5
1,1,lr1e-04_bs32_modL1_fusion64_fusionL1_drop0p1_trmiss50_trlocradio,32,0.0001,1,64,1,0.1,lr1e-04_bs32_modL1_fusion64_fusionL1_drop0p1_trmiss50_trlocradio,7,0.586904396613439,0.7080905139446259,0.523109243697479,0.6482257232647386,0.4666666666666667,0.0,0.0,0.0,0.0,0.0,0.0,0.0,0.0,0.0,2002,radio,0.5
1,1,lr1e-04_bs32_modL1_fusion64_fusionL1_drop0p1_trmiss50_trlocradio,32,0.0001,1,64,1,0.1,lr1e-04_bs32_modL1_fusion64_fusionL1_drop0p1_trmiss50_trlocradio,8,0.5737526814142863,0.711399495601654,0.5063025210084033,0.6300089932528957,0.4666666666666667,0.0,0.0,0.0,0.0,0.0,0.0,0.0,0.0,0.0,2002,radio,0.5
1,1,lr1e-04_bs32_modL1_fusion64_fusionL1_drop0p1_trmiss50_trlocradio,32,0.0001,1,64,1,0.1,lr1e-04_bs32_modL1_fusion64_fusionL1_drop0p1_trmiss50_trlocradio,9,0.5678746600945791,0.7126807272434235,0.5042016806722689,0.6387984566891506,0.4666666666666667,0.0,0.0,0.0,0.0,0.0,0.0,0.0,0.0,0.0,2002,radio,0.5
1,1,lr1e-04_bs32_modL1_fusion64_fusionL1_drop0p1_trmiss50_trlocradio,32,0.0001,1,64,1,0.1,lr1e-04_bs32_modL1_fusion64_fusionL1_drop0p1_trmiss50_trlocradio,10,0.5695961813131968,0.7124825716018677,0.5126050420168067,0.6614757356627008,0.4666666666666667,0.0,0.0,0.0,0.0,0.0,0.0,0.0,0.0,0.0,2002,radio,0.5
1,1,lr1e-04_bs32_modL1_fusion64_fusionL1_drop0p1_trmiss50_trlocradio,32,0.0001,1,64,1,0.1,lr1e-04_bs32_modL1_fusion64_fusionL1_drop0p1_trmiss50_trlocradio,11,0.5347724556922913,0.7132136523723602,0.5147058823529412,0.6642361317591785,0.4666666666666667,0.0,0.0,0.0,0.0,0.0,0.0,0.0,0.0,0.0,2002,radio,0.5
1,1,lr1e-04_bs32_modL1_fusion64_fusionL1_drop0p1_trmiss50_trlocradio,32,0.0001,1,64,1,0.1,lr1e-04_bs32_modL1_fusion64_fusionL1_drop0p1_trmiss50_trlocradio,12,0.5545834799607595,0.7109959721565247,0.5168067226890756,0.6603851851727166,0.4888888888888889,0.0,0.0,0.0,0.0,0.0,0.0,0.0,0.0,0.0,2002,radio,0.5
1,1,lr1e-04_bs32_modL1_fusion64_fusionL1_drop0p1_trmiss50_trlocradio,32,0.0001,1,64,1,0.1,lr1e-04_bs32_modL1_fusion64_fusionL1_drop0p1_trmiss50_trlocradio,13,0.5536749958992004,0.7110179960727692,0.5168067226890757,0.658534028043198,0.4666666666666667,0.0,0.0,0.0,0.0,0.0,0.0,0.0,0.0,0.0,2002,radio,0.5
1,1,lr1e-04_bs32_modL1_fusion64_fusionL1_drop0p1_trmiss50_trlocradio,32,0.0001,1,64,1,0.1,lr1e-04_bs32_modL1_fusion64_fusionL1_drop0p1_trmiss50_trlocradio,14,0.5391668876012167,0.7095519304275513,0.5168067226890757,0.6538939664502924,0.4666666666666667,0.0,0.0,0.0,0.0,0.0,0.0,0.0,0.0,0.0,2002,radio,0.5
1,1,lr1e-04_bs32_modL1_fusion64_fusionL1_drop0p1_trmiss50_trlocradio,32,0.0001,1,64,1,0.1,lr1e-04_bs32_modL1_fusion64_fusionL1_drop0p1_trmiss50_trlocradio,15,0.5392650763193766,0.7084552645683289,0.5147058823529411,0.6538886628735603,0.4666666666666667,0.0,0.0,0.0,0.0,0.0,0.0,0.0,0.0,0.0,2002,radio,0.5
1,1,lr1e-04_bs32_modL1_fusion64_fusionL1_drop0p1_trmiss50_trlocradio,32,0.0001,1,64,1,0.1,lr1e-04_bs32_modL1_fusion64_fusionL1_drop0p1_trmiss50_trlocradio,16,0.5272336701552073,0.7099172174930573,0.5210084033613446,0.6688174358380475,0.4888888888888889,0.0,0.0,0.0,0.0,0.0,0.0,0.0,0.0,0.0,2002,radio,0.5
1,1,lr1e-04_bs32_modL1_fusion64_fusionL1_drop0p1_trmiss50_trlocradio,32,0.0001,1,64,1,0.1,lr1e-04_bs32_modL1_fusion64_fusionL1_drop0p1_trmiss50_trlocradio,17,0.523812472820282,0.7115405201911926,0.5147058823529411,0.6562457460577111,0.4888888888888889,0.0,0.0,0.0,0.0,0.0,0.0,0.0,0.0,0.0,2002,radio,0.5
1,1,lr1e-04_bs32_modL1_fusion64_fusionL1_drop0p1_trmiss50_trlocradio,32,0.0001,1,64,1,0.1,lr1e-04_bs32_modL1_fusion64_fusionL1_drop0p1_trmiss50_trlocradio,18,0.5305558343728384,0.7119161188602448,0.5126050420168067,0.6708527747196158,0.4666666666666667,0.0,0.0,0.0,0.0,0.0,0.0,0.0,0.0,0.0,2002,radio,0.5
1,1,lr1e-04_bs32_modL1_fusion64_fusionL1_drop0p1_trmiss50_trlocradio,32,0.0001,1,64,1,0.1,lr1e-04_bs32_modL1_fusion64_fusionL1_drop0p1_trmiss50_trlocradio,19,0.5177426387866338,0.7107733488082886,0.5084033613445378,0.661631191703274,0.4888888888888889,0.0,0.0,0.0,0.0,0.0,0.0,0.0,0.0,0.0,2002,radio,0.5
1,1,lr1e-04_bs32_modL1_fusion64_fusionL1_drop0p1_trmiss50_trlocradio,32,0.0001,1,64,1,0.1,lr1e-04_bs32_modL1_fusion64_fusionL1_drop0p1_trmiss50_trlocradio,20,0.5244030952453613,0.7124196290969849,0.5042016806722689,0.6561607575618754,0.4888888888888889,0.0,0.0,0.0,0.0,0.0,0.0,0.0,0.0,0.0,2002,radio,0.5
1,1,lr1e-04_bs32_modL1_fusion64_fusionL1_drop0p1_trmiss50_trlocradio,32,0.0001,1,64,1,0.1,lr1e-04_bs32_modL1_fusion64_fusionL1_drop0p1_trmiss50_trlocradio,21,0.5270296384890875,0.7103148698806763,0.5105042016806722,0.6616484350890267,0.4888888888888889,0.0,0.0,0.0,0.0,0.0,0.0,0.0,0.0,0.0,2002,radio,0.5
1,1,lr1e-04_bs32_modL1_fusion64_fusionL1_drop0p1_trmiss50_trlocradio,32,0.0001,1,64,1,0.1,lr1e-04_bs32_modL1_fusion64_fusionL1_drop0p1_trmiss50_trlocradio,22,0.513791079322497,0.711730420589447,0.5126050420168067,0.6623387111994709,0.4888888888888889,0.0,0.0,0.0,0.0,0.0,0.0,0.0,0.0,0.0,2002,radio,0.5
1,1,lr1e-04_bs32_modL1_fusion64_fusionL1_drop0p1_trmiss50_trlocradio,32,0.0001,1,64,1,0.1,lr1e-04_bs32_modL1_fusion64_fusionL1_drop0p1_trmiss50_trlocradio,23,0.5188187261422476,0.7115960717201233,0.5063025210084033,0.6581354661268776,0.4888888888888889,0.0,0.0,0.0,0.0,0.0,0.0,0.0,0.0,0.0,2002,radio,0.5
1,1,lr1e-04_bs32_modL1_fusion64_fusionL1_drop0p1_trmiss50_trlocradio,32,0.0001,1,64,1,0.1,lr1e-04_bs32_modL1_fusion64_fusionL1_drop0p1_trmiss50_trlocradio,24,0.51224584877491,0.7108393013477325,0.5147058823529411,0.66271896549526,0.4888888888888889,0.0,0.0,0.0,0.0,0.0,0.0,0.0,0.0,0.0,2002,radio,0.5
1,1,lr1e-04_bs32_modL1_fusion64_fusionL1_drop0p1_trmiss50_trlocradio,32,0.0001,1,64,1,0.1,lr1e-04_bs32_modL1_fusion64_fusionL1_drop0p1_trmiss50_trlocradio,25,0.5246464759111404,0.7108021378517151,0.5042016806722689,0.6549481708202087,0.4888888888888889,0.0,0.0,0.0,0.0,0.0,0.0,0.0,0.0,0.0,2002,radio,0.5
1,1,lr1e-04_bs32_modL1_fusion64_fusionL1_drop0p1_trmiss50_trlocradio,32,0.0001,1,64,1,0.1,lr1e-04_bs32_modL1_fusion64_fusionL1_drop0p1_trmiss50_trlocradio,26,0.503067135810852,0.7106302976608276,0.5084033613445378,0.6560186359279305,0.4888888888888889,0.0,0.0,0.0,0.0,0.0,0.0,0.0,0.0,0.0,2002,radio,0.5
1,1,lr1e-04_bs32_modL1_fusion64_fusionL1_drop0p1_trmiss50_trlocradio,32,0.0001,1,64,1,0.1,lr1e-04_bs32_modL1_fusion64_fusionL1_drop0p1_trmiss50_trlocradio,27,0.5176882644494375,0.7100417613983154,0.5042016806722689,0.6543339156711345,0.4888888888888889,0.0,0.0,0.0,0.0,0.0,0.0,0.0,0.0,0.0,2002,radio,0.5
1,2,lr5e-05_bs16_modL1_fusion32_fusionL1_drop0p2_trmiss50_trlocradio,16,5e-05,1,32,1,0.2,lr5e-05_bs16_modL1_fusion32_fusionL1_drop0p2_trmiss50_trlocradio,1,0.795921633640925,0.7393044630686442,0.6120689655172414,0.7199461429524278,0.35555555555555557,0.0,0.0,0.0,0.0,0.0,0.0,0.0,0.0,0.0,2002,radio,0.5
1,2,lr5e-05_bs16_modL1_fusion32_fusionL1_drop0p2_trmiss50_trlocradio,16,5e-05,1,32,1,0.2,lr5e-05_bs16_modL1_fusion32_fusionL1_drop0p2_trmiss50_trlocradio,2,0.7989996721347173,0.769416868686676,0.5150862068965517,0.6517825043244672,0.37777777777777777,0.0,0.0,0.0,0.0,0.0,0.0,0.0,0.0,0.0,2002,radio,0.5
1,2,lr5e-05_bs16_modL1_fusion32_fusionL1_drop0p2_trmiss50_trlocradio,16,5e-05,1,32,1,0.2,lr5e-05_bs16_modL1_fusion32_fusionL1_drop0p2_trmiss50_trlocradio,3,0.7746270795663198,0.782668948173523,0.5560344827586208,0.663632970657999,0.37777777777777777,0.0,0.0,0.0,0.0,0.0,0.0,0.0,0.0,0.0,2002,radio,0.5
1,2,lr5e-05_bs16_modL1_fusion32_fusionL1_drop0p2_trmiss50_trlocradio,16,5e-05,1,32,1,0.2,lr5e-05_bs16_modL1_fusion32_fusionL1_drop0p2_trmiss50_trlocradio,4,0.7399018332362175,0.7836026151974996,0.5538793103448276,0.6600255719853536,0.37777777777777777,0.0,0.0,0.0,0.0,0.0,0.0,0.0,0.0,0.0,2002,radio,0.5
1,2,lr5e-05_bs16_modL1_fusion32_fusionL1_drop0p2_trmiss50_trlocradio,16,5e-05,1,32,1,0.2,lr5e-05_bs16_modL1_fusion32_fusionL1_drop0p2_trmiss50_trlocradio,5,0.7446857690811157,0.7932619253794352,0.5775862068965517,0.6708635057658505,0.37777777777777777,0.0,0.0,0.0,0.0,0.0,0.0,0.0,0.0,0.0,2002,radio,0.5
1,2,lr5e-05_bs16_modL1_fusion32_fusionL1_drop0p2_trmiss50_trlocradio,16,5e-05,1,32,1,0.2,lr5e-05_bs16_modL1_fusion32_fusionL1_drop0p2_trmiss50_trlocradio,6,0.6763474494218826,0.7919175227483114,0.5775862068965517,0.672596812066914,0.35555555555555557,0.0,0.0,0.0,0.0,0.0,0.0,0.0,0.0,0.0,2002,radio,0.5
1,2,lr5e-05_bs16_modL1_fusion32_fusionL1_drop0p2_trmiss50_trlocradio,16,5e-05,1,32,1,0.2,lr5e-05_bs16_modL1_fusion32_fusionL1_drop0p2_trmiss50_trlocradio,7,0.6922748138507208,0.8022314508756002,0.5625,0.6599998327463958,0.35555555555555557,0.0,0.0,0.0,0.0,0.0,0.0,0.0,0.0,0.0,2002,radio,0.5
1,2,lr5e-05_bs16_modL1_fusion32_fusionL1_drop0p2_trmiss50_trlocradio,16,5e-05,1,32,1,0.2,lr5e-05_bs16_modL1_fusion32_fusionL1_drop0p2_trmiss50_trlocradio,8,0.6720361610253652,0.779301663239797,0.5754310344827587,0.6565611260499803,0.3333333333333333,0.0,0.0,0.0,0.0,0.0,0.0,0.0,0.0,0.0,2002,radio,0.5
1,2,lr5e-05_bs16_modL1_fusion32_fusionL1_drop0p2_trmiss50_trlocradio,16,5e-05,1,32,1,0.2,lr5e-05_bs16_modL1_fusion32_fusionL1_drop0p2_trmiss50_trlocradio,9,0.6728592813014984,0.7778271436691284,0.5603448275862069,0.6586940429928851,0.35555555555555557,0.0,0.0,0.0,0.0,0.0,0.0,0.0,0.0,0.0,2002,radio,0.5
1,2,lr5e-05_bs16_modL1_fusion32_fusionL1_drop0p2_trmiss50_trlocradio,16,5e-05,1,32,1,0.2,lr5e-05_bs16_modL1_fusion32_fusionL1_drop0p2_trmiss50_trlocradio,10,0.6906903882821401,0.7802473107973734,0.560344827586207,0.6613128399344781,0.35555555555555557,0.0,0.0,0.0,0.0,0.0,0.0,0.0,0.0,0.0,2002,radio,0.5
1,2,lr5e-05_bs16_modL1_fusion32_fusionL1_drop0p2_trmiss50_trlocradio,16,5e-05,1,32,1,0.2,lr5e-05_bs16_modL1_fusion32_fusionL1_drop0p2_trmiss50_trlocradio,11,0.6825421800216039,0.7704776128133138,0.5517241379310345,0.6542783290944126,0.35555555555555557,0.0,0.0,0.0,0.0,0.0,0.0,0.0,0.0,0.0,2002,radio,0.5
1,2,lr5e-05_bs16_modL1_fusion32_fusionL1_drop0p2_trmiss50_trlocradio,16,5e-05,1,32,1,0.2,lr5e-05_bs16_modL1_fusion32_fusionL1_drop0p2_trmiss50_trlocradio,12,0.6873086343208948,0.7667357126871744,0.5775862068965517,0.6655511463829338,0.3333333333333333,0.0,0.0,0.0,0.0,0.0,0.0,0.0,0.0,0.0,2002,radio,0.5
1,2,lr5e-05_bs16_modL1_fusion32_fusionL1_drop0p2_trmiss50_trlocradio,16,5e-05,1,32,1,0.2,lr5e-05_bs16_modL1_fusion32_fusionL1_drop0p2_trmiss50_trlocradio,13,0.679071694612503,0.788147489229838,0.5732758620689655,0.6664706969739489,0.3333333333333333,0.0,0.0,0.0,0.0,0.0,0.0,0.0,0.0,0.0,2002,radio,0.5
1,2,lr5e-05_bs16_modL1_fusion32_fusionL1_drop0p2_trmiss50_trlocradio,16,5e-05,1,32,1,0.2,lr5e-05_bs16_modL1_fusion32_fusionL1_drop0p2_trmiss50_trlocradio,14,0.6558070679505666,0.7749728163083395,0.584051724137931,0.6758782722593524,0.35555555555555557,0.0,0.0,0.0,0.0,0.0,0.0,0.0,0.0,0.0,2002,radio,0.5
1,2,lr5e-05_bs16_modL1_fusion32_fusionL1_drop0p2_trmiss50_trlocradio,16,5e-05,1,32,1,0.2,lr5e-05_bs16_modL1_fusion32_fusionL1_drop0p2_trmiss50_trlocradio,15,0.6400360018014908,0.7702721953392029,0.6099137931034483,0.6955846225762643,0.35555555555555557,0.0,0.0,0.0,0.0,0.0,0.0,0.0,0.0,0.0,2002,radio,0.5
1,2,lr5e-05_bs16_modL1_fusion32_fusionL1_drop0p2_trmiss50_trlocradio,16,5e-05,1,32,1,0.2,lr5e-05_bs16_modL1_fusion32_fusionL1_drop0p2_trmiss50_trlocradio,16,0.6465936750173569,0.781361718972524,0.5905172413793103,0.703410743051651,0.35555555555555557,0.0,0.0,0.0,0.0,0.0,0.0,0.0,0.0,0.0,2002,radio,0.5
1,2,lr5e-05_bs16_modL1_fusion32_fusionL1_drop0p2_trmiss50_trlocradio,16,5e-05,1,32,1,0.2,lr5e-05_bs16_modL1_fusion32_fusionL1_drop0p2_trmiss50_trlocradio,17,0.622083676358064,0.7805334528287252,0.5797413793103449,0.6788338428550301,0.35555555555555557,0.0,0.0,0.0,0.0,0.0,0.0,0.0,0.0,0.0,2002,radio,0.5
1,2,lr5e-05_bs16_modL1_fusion32_fusionL1_drop0p2_trmiss50_trlocradio,16,5e-05,1,32,1,0.2,lr5e-05_bs16_modL1_fusion32_fusionL1_drop0p2_trmiss50_trlocradio,18,0.6557452976703644,0.7752132614453634,0.5818965517241379,0.6760255811743858,0.35555555555555557,0.0,0.0,0.0,0.0,0.0,0.0,0.0,0.0,0.0,2002,radio,0.5
1,2,lr5e-05_bs16_modL1_fusion32_fusionL1_drop0p2_trmiss50_trlocradio,16,5e-05,1,32,1,0.2,lr5e-05_bs16_modL1_fusion32_fusionL1_drop0p2_trmiss50_trlocradio,19,0.6641564716895422,0.7873355944951376,0.5991379310344828,0.683697203420396,0.35555555555555557,0.0,0.0,0.0,0.0,0.0,0.0,0.0,0.0,0.0,2002,radio,0.5
1,2,lr5e-05_bs16_modL1_fusion32_fusionL1_drop0p2_trmiss50_trlocradio,16,5e-05,1,32,1,0.2,lr5e-05_bs16_modL1_fusion32_fusionL1_drop0p2_trmiss50_trlocradio,20,0.6247773865858713,0.7771124839782715,0.5948275862068966,0.6824291640697047,0.35555555555555557,0.0,0.0,0.0,0.0,0.0,0.0,0.0,0.0,0.0,2002,radio,0.5
1,2,lr5e-05_bs16_modL1_fusion32_fusionL1_drop0p2_trmiss50_trlocradio,16,5e-05,1,32,1,0.2,lr5e-05_bs16_modL1_fusion32_fusionL1_drop0p2_trmiss50_trlocradio,21,0.6456306924422582,0.7799428900082906,0.584051724137931,0.6784636801754342,0.35555555555555557,0.0,0.0,0.0,0.0,0.0,0.0,0.0,0.0,0.0,2002,radio,0.5
1,2,lr5e-05_bs16_modL1_fusion32_fusionL1_drop0p2_trmiss50_trlocradio,16,5e-05,1,32,1,0.2,lr5e-05_bs16_modL1_fusion32_fusionL1_drop0p2_trmiss50_trlocradio,22,0.6193983008464178,0.78716907898585,0.5732758620689655,0.6720075829279827,0.35555555555555557,0.0,0.0,0.0,0.0,0.0,0.0,0.0,0.0,0.0,2002,radio,0.5
1,2,lr5e-05_bs16_modL1_fusion32_fusionL1_drop0p2_trmiss50_trlocradio,16,5e-05,1,32,1,0.2,lr5e-05_bs16_modL1_fusion32_fusionL1_drop0p2_trmiss50_trlocradio,23,0.6227285911639532,0.7852821747461954,0.5517241379310345,0.6644283460225207,0.35555555555555557,0.0,0.0,0.0,0.0,0.0,0.0,0.0,0.0,0.0,2002,radio,0.5
1,2,lr5e-05_bs16_modL1_fusion32_fusionL1_drop0p2_trmiss50_trlocradio,16,5e-05,1,32,1,0.2,lr5e-05_bs16_modL1_fusion32_fusionL1_drop0p2_trmiss50_trlocradio,24,0.646385927995046,0.7919785777727762,0.5689655172413792,0.6737804576807502,0.35555555555555557,0.0,0.0,0.0,0.0,0.0,0.0,0.0,0.0,0.0,2002,radio,0.5
1,2,lr5e-05_bs16_modL1_fusion32_fusionL1_drop0p2_trmiss50_trlocradio,16,5e-05,1,32,1,0.2,lr5e-05_bs16_modL1_fusion32_fusionL1_drop0p2_trmiss50_trlocradio,25,0.6338058238228162,0.7919879158337911,0.5797413793103448,0.6750697786889301,0.35555555555555557,0.0,0.0,0.0,0.0,0.0,0.0,0.0,0.0,0.0,2002,radio,0.5
1,2,lr5e-05_bs16_modL1_fusion32_fusionL1_drop0p2_trmiss50_trlocradio,16,5e-05,1,32,1,0.2,lr5e-05_bs16_modL1_fusion32_fusionL1_drop0p2_trmiss50_trlocradio,26,0.6320807685454687,0.796621044476827,0.5732758620689655,0.6715212850088483,0.35555555555555557,0.0,0.0,0.0,0.0,0.0,0.0,0.0,0.0,0.0,2002,radio,0.5
1,2,lr5e-05_bs16_modL1_fusion32_fusionL1_drop0p2_trmiss50_trlocradio,16,5e-05,1,32,1,0.2,lr5e-05_bs16_modL1_fusion32_fusionL1_drop0p2_trmiss50_trlocradio,27,0.6260845214128494,0.7802733182907104,0.5732758620689655,0.6773698925686571,0.35555555555555557,0.0,0.0,0.0,0.0,0.0,0.0,0.0,0.0,0.0,2002,radio,0.5
1,2,lr5e-05_bs16_modL1_fusion32_fusionL1_drop0p2_trmiss50_trlocradio,16,5e-05,1,32,1,0.2,lr5e-05_bs16_modL1_fusion32_fusionL1_drop0p2_trmiss50_trlocradio,28,0.6324440042177836,0.7788413365681967,0.5818965517241379,0.672339862759964,0.37777777777777777,0.0,0.0,0.0,0.0,0.0,0.0,0.0,0.0,0.0,2002,radio,0.5
1,2,lr5e-05_bs16_modL1_fusion32_fusionL1_drop0p2_trmiss50_trlocradio,16,5e-05,1,32,1,0.2,lr5e-05_bs16_modL1_fusion32_fusionL1_drop0p2_trmiss50_trlocradio,29,0.6385107139746348,0.7747615178426107,0.584051724137931,0.6763871108213786,0.37777777777777777,0.0,0.0,0.0,0.0,0.0,0.0,0.0,0.0,0.0,2002,radio,0.5
1,2,lr5e-05_bs16_modL1_fusion32_fusionL1_drop0p2_trmiss50_trlocradio,16,5e-05,1,32,1,0.2,lr5e-05_bs16_modL1_fusion32_fusionL1_drop0p2_trmiss50_trlocradio,30,0.6052935719490051,0.7778276205062866,0.5711206896551725,0.6701160957730673,0.35555555555555557,0.0,0.0,0.0,0.0,0.0,0.0,0.0,0.0,0.0,2002,radio,0.5
1,2,lr5e-05_bs16_modL1_fusion32_fusionL1_drop0p2_trmiss50_trlocradio,16,5e-05,1,32,1,0.2,lr5e-05_bs16_modL1_fusion32_fusionL1_drop0p2_trmiss50_trlocradio,31,0.6104173610607783,0.7861513495445251,0.5668103448275862,0.6687803211734409,0.35555555555555557,0.0,0.0,0.0,0.0,0.0,0.0,0.0,0.0,0.0,2002,radio,0.5
1,2,lr5e-05_bs16_modL1_fusion32_fusionL1_drop0p2_trmiss50_trlocradio,16,5e-05,1,32,1,0.2,lr5e-05_bs16_modL1_fusion32_fusionL1_drop0p2_trmiss50_trlocradio,32,0.6590357720851898,0.7855931123097738,0.5754310344827587,0.6757913392603188,0.35555555555555557,0.0,0.0,0.0,0.0,0.0,0.0,0.0,0.0,0.0,2002,radio,0.5
1,2,lr5e-05_bs16_modL1_fusion32_fusionL1_drop0p2_trmiss50_trlocradio,16,5e-05,1,32,1,0.2,lr5e-05_bs16_modL1_fusion32_fusionL1_drop0p2_trmiss50_trlocradio,33,0.6073290829857191,0.7889202237129211,0.5452586206896551,0.655777701066123,0.35555555555555557,0.0,0.0,0.0,0.0,0.0,0.0,0.0,0.0,0.0,2002,radio,0.5
1,2,lr5e-05_bs16_modL1_fusion32_fusionL1_drop0p2_trmiss50_trlocradio,16,5e-05,1,32,1,0.2,lr5e-05_bs16_modL1_fusion32_fusionL1_drop0p2_trmiss50_trlocradio,34,0.6373058408498764,0.7909459869066874,0.5280172413793103,0.648769040317839,0.37777777777777777,0.0,0.0,0.0,0.0,0.0,0.0,0.0,0.0,0.0,2002,radio,0.5
1,2,lr5e-05_bs16_modL1_fusion32_fusionL1_drop0p2_trmiss50_trlocradio,16,5e-05,1,32,1,0.2,lr5e-05_bs16_modL1_fusion32_fusionL1_drop0p2_trmiss50_trlocradio,35,0.629442478219668,0.7956083416938782,0.5366379310344829,0.652765366453468,0.37777777777777777,0.0,0.0,0.0,0.0,0.0,0.0,0.0,0.0,0.0,2002,radio,0.5
1,2,lr5e-05_bs16_modL1_fusion32_fusionL1_drop0p1_trmiss50_trlocradio,16,5e-05,1,32,1,0.1,lr5e-05_bs16_modL1_fusion32_fusionL1_drop0p1_trmiss50_trlocradio,1,0.7121584216753641,0.745138963063558,0.37931034482758624,0.6046743021161607,0.35555555555555557,0.0,0.0,0.0,0.0,0.0,0.0,0.0,0.0,0.0,2002,radio,0.5
1,2,lr5e-05_bs16_modL1_fusion32_fusionL1_drop0p1_trmiss50_trlocradio,16,5e-05,1,32,1,0.1,lr5e-05_bs16_modL1_fusion32_fusionL1_drop0p1_trmiss50_trlocradio,2,0.6860264341036478,0.7507721781730652,0.3685344827586207,0.618142601460839,0.37777777777777777,0.0,0.0,0.0,0.0,0.0,0.0,0.0,0.0,0.0,2002,radio,0.5
1,2,lr5e-05_bs16_modL1_fusion32_fusionL1_drop0p1_trmiss50_trlocradio,16,5e-05,1,32,1,0.1,lr5e-05_bs16_modL1_fusion32_fusionL1_drop0p1_trmiss50_trlocradio,3,0.6857809126377106,0.7678045233090719,0.3512931034482759,0.6043630166696495,0.35555555555555557,0.0,0.0,0.0,0.0,0.0,0.0,0.0,0.0,0.0,2002,radio,0.5
1,2,lr5e-05_bs16_modL1_fusion32_fusionL1_drop0p1_trmiss50_trlocradio,16,5e-05,1,32,1,0.1,lr5e-05_bs16_modL1_fusion32_fusionL1_drop0p1_trmiss50_trlocradio,4,0.6591742386420568,0.7783025701840719,0.33189655172413796,0.5743234779245289,0.35555555555555557,0.0,0.0,0.0,0.0,0.0,0.0,0.0,0.0,0.0,2002,radio,0.5
1,2,lr5e-05_bs16_modL1_fusion32_fusionL1_drop0p1_trmiss50_trlocradio,16,5e-05,1,32,1,0.1,lr5e-05_bs16_modL1_fusion32_fusionL1_drop0p1_trmiss50_trlocradio,5,0.6428737839063009,0.7807386120160421,0.3448275862068966,0.5786103803768191,0.37777777777777777,0.0,0.0,0.0,0.0,0.0,0.0,0.0,0.0,0.0,2002,radio,0.5
1,2,lr5e-05_bs16_modL1_fusion32_fusionL1_drop0p1_trmiss50_trlocradio,16,5e-05,1,32,1,0.1,lr5e-05_bs16_modL1_fusion32_fusionL1_drop0p1_trmiss50_trlocradio,6,0.6474282046159109,0.7914451559384664,0.3254310344827586,0.5665132593105519,0.3111111111111111,0.0,0.0,0.0,0.0,0.0,0.0,0.0,0.0,0.0,2002,radio,0.5
1,2,lr5e-05_bs16_modL1_fusion32_fusionL1_drop0p1_trmiss50_trlocradio,16,5e-05,1,32,1,0.1,lr5e-05_bs16_modL1_fusion32_fusionL1_drop0p1_trmiss50_trlocradio,7,0.6336221297581991,0.7900691032409668,0.32112068965517243,0.564002252232922,0.35555555555555557,0.0,0.0,0.0,0.0,0.0,0.0,0.0,0.0,0.0,2002,radio,0.5
1,2,lr5e-05_bs16_modL1_fusion32_fusionL1_drop0p1_trmiss50_trlocradio,16,5e-05,1,32,1,0.1,lr5e-05_bs16_modL1_fusion32_fusionL1_drop0p1_trmiss50_trlocradio,8,0.6253255059321722,0.78824249903361,0.3232758620689655,0.5685999673209705,0.3333333333333333,0.0,0.0,0.0,0.0,0.0,0.0,0.0,0.0,0.0,2002,radio,0.5
1,2,lr5e-05_bs16_modL1_fusion32_fusionL1_drop0p1_trmiss50_trlocradio,16,5e-05,1,32,1,0.1,lr5e-05_bs16_modL1_fusion32_fusionL1_drop0p1_trmiss50_trlocradio,9,0.6137462258338928,0.7767235040664673,0.34051724137931033,0.5797677869019151,0.35555555555555557,0.0,0.0,0.0,0.0,0.0,0.0,0.0,0.0,0.0,2002,radio,0.5
1,2,lr5e-05_bs16_modL1_fusion32_fusionL1_drop0p1_trmiss50_trlocradio,16,5e-05,1,32,1,0.1,lr5e-05_bs16_modL1_fusion32_fusionL1_drop0p1_trmiss50_trlocradio,10,0.610937625169754,0.7818455298741659,0.3512931034482759,0.5860215015652207,0.3333333333333333,0.0,0.0,0.0,0.0,0.0,0.0,0.0,0.0,0.0,2002,radio,0.5
1,2,lr5e-05_bs16_modL1_fusion32_fusionL1_drop0p1_trmiss50_trlocradio,16,5e-05,1,32,1,0.1,lr5e-05_bs16_modL1_fusion32_fusionL1_drop0p1_trmiss50_trlocradio,11,0.6140196720759074,0.775842567284902,0.3556034482758621,0.5990343847562953,0.35555555555555557,0.0,0.0,0.0,0.0,0.0,0.0,0.0,0.0,0.0,2002,radio,0.5
1,2,lr5e-05_bs16_modL1_fusion32_fusionL1_drop0p1_trmiss50_trlocradio,16,5e-05,1,32,1,0.1,lr5e-05_bs16_modL1_fusion32_fusionL1_drop0p1_trmiss50_trlocradio,12,0.6121906042098999,0.7780333757400513,0.34698275862068967,0.5937297565932972,0.3333333333333333,0.0,0.0,0.0,0.0,0.0,0.0,0.0,0.0,0.0,2002,radio,0.5
1,2,lr5e-05_bs16_modL1_fusion32_fusionL1_drop0p1_trmiss50_trlocradio,16,5e-05,1,32,1,0.1,lr5e-05_bs16_modL1_fusion32_fusionL1_drop0p1_trmiss50_trlocradio,13,0.5956750710805258,0.7730402946472168,0.34913793103448276,0.5962791958301075,0.3333333333333333,0.0,0.0,0.0,0.0,0.0,0.0,0.0,0.0,0.0,2002,radio,0.5
1,2,lr5e-05_bs16_modL1_fusion32_fusionL1_drop0p1_trmiss50_trlocradio,16,5e-05,1,32,1,0.1,lr5e-05_bs16_modL1_fusion32_fusionL1_drop0p1_trmiss50_trlocradio,14,0.5807410925626755,0.7824400862058004,0.3426724137931034,0.5926668157724941,0.26666666666666666,0.0,0.0,0.0,0.0,0.0,0.0,0.0,0.0,0.0,2002,radio,0.5
1,2,lr5e-05_bs16_modL1_fusion32_fusionL1_drop0p1_trmiss50_trlocradio,16,5e-05,1,32,1,0.1,lr5e-05_bs16_modL1_fusion32_fusionL1_drop0p1_trmiss50_trlocradio,15,0.5667778750260671,0.7616390387217203,0.34913793103448276,0.5950932338042203,0.35555555555555557,0.0,0.0,0.0,0.0,0.0,0.0,0.0,0.0,0.0,2002,radio,0.5
1,2,lr5e-05_bs16_modL1_fusion32_fusionL1_drop0p1_trmiss50_trlocradio,16,5e-05,1,32,1,0.1,lr5e-05_bs16_modL1_fusion32_fusionL1_drop0p1_trmiss50_trlocradio,16,0.5691002408663431,0.7722018361091614,0.3448275862068966,0.5933473823517805,0.28888888888888886,0.0,0.0,0.0,0.0,0.0,0.0,0.0,0.0,0.0,2002,radio,0.5
1,2,lr5e-05_bs16_modL1_fusion32_fusionL1_drop0p1_trmiss50_trlocradio,16,5e-05,1,32,1,0.1,lr5e-05_bs16_modL1_fusion32_fusionL1_drop0p1_trmiss50_trlocradio,17,0.592279834051927,0.7745548288027445,0.33836206896551724,0.589865678389617,0.3111111111111111,0.0,0.0,0.0,0.0,0.0,0.0,0.0,0.0,0.0,2002,radio,0.5
1,2,lr5e-05_bs16_modL1_fusion32_fusionL1_drop0p1_trmiss50_trlocradio,16,5e-05,1,32,1,0.1,lr5e-05_bs16_modL1_fusion32_fusionL1_drop0p1_trmiss50_trlocradio,18,0.5910850663979849,0.7830082376797994,0.3426724137931035,0.5845008264237151,0.3333333333333333,0.0,0.0,0.0,0.0,0.0,0.0,0.0,0.0,0.0,2002,radio,0.5
1,2,lr5e-05_bs16_modL1_fusion32_fusionL1_drop0p1_trmiss50_trlocradio,16,5e-05,1,32,1,0.1,lr5e-05_bs16_modL1_fusion32_fusionL1_drop0p1_trmiss50_trlocradio,19,0.5634563118219376,0.77071479956309,0.3405172413793104,0.5900550499893729,0.28888888888888886,0.0,0.0,0.0,0.0,0.0,0.0,0.0,0.0,0.0,2002,radio,0.5
1,2,lr5e-05_bs16_modL1_fusion32_fusionL1_drop0p1_trmiss50_trlocradio,16,5e-05,1,32,1,0.1,lr5e-05_bs16_modL1_fusion32_fusionL1_drop0p1_trmiss50_trlocradio,20,0.5744126439094543,0.7672080000241598,0.34913793103448276,0.5936029184053955,0.3111111111111111,0.0,0.0,0.0,0.0,0.0,0.0,0.0,0.0,0.0,2002,radio,0.5
1,2,lr5e-05_bs16_modL1_fusion32_fusionL1_drop0p1_trmiss50_trlocradio,16,5e-05,1,32,1,0.1,lr5e-05_bs16_modL1_fusion32_fusionL1_drop0p1_trmiss50_trlocradio,21,0.5703856398661932,0.7874919970830282,0.334051724137931,0.590441391956638,0.3111111111111111,0.0,0.0,0.0,0.0,0.0,0.0,0.0,0.0,0.0,2002,radio,0.5
1,2,lr5e-05_bs16_modL1_fusion32_fusionL1_drop0p1_trmiss50_trlocradio,16,5e-05,1,32,1,0.1,lr5e-05_bs16_modL1_fusion32_fusionL1_drop0p1_trmiss50_trlocradio,22,0.5824667563041052,0.7870431741078695,0.3448275862068966,0.5853682588674904,0.28888888888888886,0.0,0.0,0.0,0.0,0.0,0.0,0.0,0.0,0.0,2002,radio,0.5
1,2,lr5e-05_bs16_modL1_fusion32_fusionL1_drop0p1_trmiss50_trlocradio,16,5e-05,1,32,1,0.1,lr5e-05_bs16_modL1_fusion32_fusionL1_drop0p1_trmiss50_trlocradio,23,0.5622354547182719,0.7751000126202902,0.3405172413793104,0.5987164103698369,0.3111111111111111,0.0,0.0,0.0,0.0,0.0,0.0,0.0,0.0,0.0,2002,radio,0.5
1,2,lr5e-05_bs16_modL1_fusion32_fusionL1_drop0p1_trmiss50_trlocradio,16,5e-05,1,32,1,0.1,lr5e-05_bs16_modL1_fusion32_fusionL1_drop0p1_trmiss50_trlocradio,24,0.5706112335125605,0.7893873651822408,0.3405172413793104,0.5987618362026277,0.3111111111111111,0.0,0.0,0.0,0.0,0.0,0.0,0.0,0.0,0.0,2002,radio,0.5
1,2,lr5e-05_bs16_modL1_fusion32_fusionL1_drop0p1_trmiss50_trlocradio,16,5e-05,1,32,1,0.1,lr5e-05_bs16_modL1_fusion32_fusionL1_drop0p1_trmiss50_trlocradio,25,0.5686152428388596,0.7815083265304565,0.34698275862068967,0.6064826026347214,0.28888888888888886,0.0,0.0,0.0,0.0,0.0,0.0,0.0,0.0,0.0,2002,radio,0.5
1,2,lr5e-05_bs16_modL1_fusion32_fusionL1_drop0p1_trmiss50_trlocradio,16,5e-05,1,32,1,0.1,lr5e-05_bs16_modL1_fusion32_fusionL1_drop0p1_trmiss50_trlocradio,26,0.5711577286322912,0.7849940260251363,0.33836206896551724,0.5902605887598203,0.3111111111111111,0.0,0.0,0.0,0.0,0.0,0.0,0.0,0.0,0.0,2002,radio,0.5
1,2,lr5e-05_bs16_modL1_fusion32_fusionL1_drop0p1_trmiss50_trlocradio,16,5e-05,1,32,1,0.1,lr5e-05_bs16_modL1_fusion32_fusionL1_drop0p1_trmiss50_trlocradio,27,0.5777386724948883,0.7716971039772034,0.34698275862068967,0.5965182537903049,0.35555555555555557,0.0,0.0,0.0,0.0,0.0,0.0,0.0,0.0,0.0,2002,radio,0.5
1,2,lr5e-05_bs16_modL1_fusion32_fusionL1_drop0p1_trmiss50_trlocradio,16,5e-05,1,32,1,0.1,lr5e-05_bs16_modL1_fusion32_fusionL1_drop0p1_trmiss50_trlocradio,28,0.5792671094338099,0.7837878664334615,0.3426724137931035,0.5961795942840459,0.3111111111111111,0.0,0.0,0.0,0.0,0.0,0.0,0.0,0.0,0.0,2002,radio,0.5
1,2,lr5e-05_bs16_modL1_fusion32_fusionL1_drop0p1_trmiss50_trlocradio,16,5e-05,1,32,1,0.1,lr5e-05_bs16_modL1_fusion32_fusionL1_drop0p1_trmiss50_trlocradio,29,0.5678496311108271,0.7804191509882609,0.3599137931034483,0.6064667505390045,0.3333333333333333,0.0,0.0,0.0,0.0,0.0,0.0,0.0,0.0,0.0,2002,radio,0.5
1,2,lr5e-05_bs16_modL1_fusion32_fusionL1_drop0p1_trmiss50_trlocradio,16,5e-05,1,32,1,0.1,lr5e-05_bs16_modL1_fusion32_fusionL1_drop0p1_trmiss50_trlocradio,30,0.5529652734597524,0.7703535954157511,0.334051724137931,0.5926255611832942,0.37777777777777777,0.0,0.0,0.0,0.0,0.0,0.0,0.0,0.0,0.0,2002,radio,0.5
1,2,lr5e-05_bs16_modL1_fusion32_fusionL1_drop0p1_trmiss50_trlocradio,16,5e-05,1,32,1,0.1,lr5e-05_bs16_modL1_fusion32_fusionL1_drop0p1_trmiss50_trlocradio,31,0.5750897054870924,0.7801676789919535,0.33620689655172414,0.5920650839334398,0.3111111111111111,0.0,0.0,0.0,0.0,0.0,0.0,0.0,0.0,0.0,2002,radio,0.5
1,2,lr5e-05_bs16_modL1_fusion32_fusionL1_drop0p1_trmiss50_trlocradio,16,5e-05,1,32,1,0.1,lr5e-05_bs16_modL1_fusion32_fusionL1_drop0p1_trmiss50_trlocradio,32,0.5847999403874079,0.7813784877459208,0.34051724137931033,0.5941134462241974,0.3111111111111111,0.0,0.0,0.0,0.0,0.0,0.0,0.0,0.0,0.0,2002,radio,0.5
1,2,lr5e-05_bs16_modL1_fusion32_fusionL1_drop0p1_trmiss50_trlocradio,16,5e-05,1,32,1,0.1,lr5e-05_bs16_modL1_fusion32_fusionL1_drop0p1_trmiss50_trlocradio,33,0.5605657249689102,0.7844447294871012,0.3275862068965517,0.588908837177121,0.3333333333333333,0.0,0.0,0.0,0.0,0.0,0.0,0.0,0.0,0.0,2002,radio,0.5
1,2,lr5e-05_bs16_modL1_fusion32_fusionL1_drop0p1_trmiss50_trlocradio,16,5e-05,1,32,1,0.1,lr5e-05_bs16_modL1_fusion32_fusionL1_drop0p1_trmiss50_trlocradio,34,0.5793899297714233,0.7886665066083273,0.33836206896551724,0.5962039122984804,0.28888888888888886,0.0,0.0,0.0,0.0,0.0,0.0,0.0,0.0,0.0,2002,radio,0.5
1,2,lr5e-05_bs16_modL1_fusion32_fusionL1_drop0p1_trmiss50_trlocradio,16,5e-05,1,32,1,0.1,lr5e-05_bs16_modL1_fusion32_fusionL1_drop0p1_trmiss50_trlocradio,35,0.5832402209440867,0.7918030420939127,0.3448275862068966,0.5980380806252907,0.3333333333333333,0.0,0.0,0.0,0.0,0.0,0.0,0.0,0.0,0.0,2002,radio,0.5
1,2,lr5e-05_bs16_modL1_fusion32_fusionL1_drop0p1_trmiss50_trlocradio,16,5e-05,1,32,1,0.1,lr5e-05_bs16_modL1_fusion32_fusionL1_drop0p1_trmiss50_trlocradio,36,0.566746619840463,0.7907295028368632,0.35344827586206895,0.6026888443118081,0.3111111111111111,0.0,0.0,0.0,0.0,0.0,0.0,0.0,0.0,0.0,2002,radio,0.5
1,2,lr5e-05_bs16_modL1_fusion32_fusionL1_drop0p1_trmiss50_trlocradio,16,5e-05,1,32,1,0.1,lr5e-05_bs16_modL1_fusion32_fusionL1_drop0p1_trmiss50_trlocradio,37,0.5735879590113958,0.7752888401349386,0.353448275862069,0.5989790853796829,0.35555555555555557,0.0,0.0,0.0,0.0,0.0,0.0,0.0,0.0,0.0,2002,radio,0.5
1,2,lr5e-05_bs16_modL1_fusion32_fusionL1_drop0p1_trmiss50_trlocradio,16,5e-05,1,32,1,0.1,lr5e-05_bs16_modL1_fusion32_fusionL1_drop0p1_trmiss50_trlocradio,38,0.5666916618744532,0.7663407127062479,0.375,0.6069829105006775,0.37777777777777777,0.0,0.0,0.0,0.0,0.0,0.0,0.0,0.0,0.0,2002,radio,0.5
1,2,lr5e-05_bs16_modL1_fusion32_fusionL1_drop0p1_trmiss50_trlocradio,16,5e-05,1,32,1,0.1,lr5e-05_bs16_modL1_fusion32_fusionL1_drop0p1_trmiss50_trlocradio,39,0.5475986475745837,0.7743309537569681,0.34913793103448276,0.6000114118727125,0.37777777777777777,0.0,0.0,0.0,0.0,0.0,0.0,0.0,0.0,0.0,2002,radio,0.5
1,2,lr5e-05_bs16_modL1_fusion32_fusionL1_drop0p1_trmiss50_trlocradio,16,5e-05,1,32,1,0.1,lr5e-05_bs16_modL1_fusion32_fusionL1_drop0p1_trmiss50_trlocradio,40,0.5712653001149496,0.7915035486221313,0.34698275862068967,0.6016561207144704,0.3111111111111111,0.0,0.0,0.0,0.0,0.0,0.0,0.0,0.0,0.0,2002,radio,0.5
1,2,lr5e-05_bs16_modL1_fusion32_fusionL1_drop0p1_trmiss50_trlocradio,16,5e-05,1,32,1,0.1,lr5e-05_bs16_modL1_fusion32_fusionL1_drop0p1_trmiss50_trlocradio,41,0.5557292997837067,0.7792491714159647,0.3620689655172414,0.6051984624705137,0.3333333333333333,0.0,0.0,0.0,0.0,0.0,0.0,0.0,0.0,0.0,2002,radio,0.5
1,2,lr5e-05_bs16_modL1_fusion32_fusionL1_drop0p1_trmiss50_trlocradio,16,5e-05,1,32,1,0.1,lr5e-05_bs16_modL1_fusion32_fusionL1_drop0p1_trmiss50_trlocradio,42,0.5623909632364908,0.801751434803009,0.32758620689655177,0.5711282961513982,0.3333333333333333,0.0,0.0,0.0,0.0,0.0,0.0,0.0,0.0,0.0,2002,radio,0.5
1,2,lr5e-05_bs16_modL1_fusion32_fusionL1_drop0p1_trmiss50_trlocradio,16,5e-05,1,32,1,0.1,lr5e-05_bs16_modL1_fusion32_fusionL1_drop0p1_trmiss50_trlocradio,43,0.5672657241423925,0.7858882546424866,0.33189655172413796,0.5914973533238931,0.3111111111111111,0.0,0.0,0.0,0.0,0.0,0.0,0.0,0.0,0.0,2002,radio,0.5
1,2,lr5e-05_bs16_modL1_fusion32_fusionL1_drop0p1_trmiss50_trlocradio,16,5e-05,1,32,1,0.1,lr5e-05_bs16_modL1_fusion32_fusionL1_drop0p1_trmiss50_trlocradio,44,0.5695328662792841,0.8015468517939249,0.33836206896551724,0.5966870432415854,0.3333333333333333,0.0,0.0,0.0,0.0,0.0,0.0,0.0,0.0,0.0,2002,radio,0.5
1,2,lr5e-05_bs16_modL1_fusion32_fusionL1_drop0p1_trmiss50_trlocradio,16,5e-05,1,32,1,0.1,lr5e-05_bs16_modL1_fusion32_fusionL1_drop0p1_trmiss50_trlocradio,45,0.5535903722047806,0.7755839824676514,0.3426724137931035,0.5921845297050594,0.3333333333333333,0.0,0.0,0.0,0.0,0.0,0.0,0.0,0.0,0.0,2002,radio,0.5
1,2,lr5e-05_bs16_modL1_fusion32_fusionL1_drop0p1_trmiss50_trlocradio,16,5e-05,1,32,1,0.1,lr5e-05_bs16_modL1_fusion32_fusionL1_drop0p1_trmiss50_trlocradio,46,0.560971237719059,0.7741642793019613,0.3448275862068966,0.5938508231816978,0.35555555555555557,0.0,0.0,0.0,0.0,0.0,0.0,0.0,0.0,0.0,2002,radio,0.5
1,2,lr5e-05_bs16_modL1_fusion32_fusionL1_drop0p1_trmiss50_trlocradio,16,5e-05,1,32,1,0.1,lr5e-05_bs16_modL1_fusion32_fusionL1_drop0p1_trmiss50_trlocradio,47,0.5672168408830961,0.7774202028910319,0.34051724137931033,0.5935802354485913,0.3333333333333333,0.0,0.0,0.0,0.0,0.0,0.0,0.0,0.0,0.0,2002,radio,0.5
1,2,lr5e-05_bs16_modL1_fusion32_fusionL1_drop0p1_trmiss50_trlocradio,16,5e-05,1,32,1,0.1,lr5e-05_bs16_modL1_fusion32_fusionL1_drop0p1_trmiss50_trlocradio,48,0.5615734433134397,0.7797693610191345,0.3448275862068966,0.5969585930612289,0.28888888888888886,0.0,0.0,0.0,0.0,0.0,0.0,0.0,0.0,0.0,2002,radio,0.5
1,2,lr5e-05_bs16_modL1_fusion32_fusionL1_drop0p1_trmiss50_trlocradio,16,5e-05,1,32,1,0.1,lr5e-05_bs16_modL1_fusion32_fusionL1_drop0p1_trmiss50_trlocradio,49,0.5474712525804838,0.7736513217290243,0.3448275862068966,0.5927692782218142,0.35555555555555557,0.0,0.0,0.0,0.0,0.0,0.0,0.0,0.0,0.0,2002,radio,0.5
1,2,lr5e-05_bs16_modL1_fusion32_fusionL1_drop0p1_trmiss50_trlocradio,16,5e-05,1,32,1,0.1,lr5e-05_bs16_modL1_fusion32_fusionL1_drop0p1_trmiss50_trlocradio,50,0.5673954536517462,0.7667283614476522,0.35991379310344834,0.6002412445822611,0.3333333333333333,0.0,0.0,0.0,0.0,0.0,0.0,0.0,0.0,0.0,2002,radio,0.5
1,2,lr5e-05_bs16_modL1_fusion32_fusionL1_drop0p1_trmiss50_trlocradio,16,5e-05,1,32,1,0.1,lr5e-05_bs16_modL1_fusion32_fusionL1_drop0p1_trmiss50_trlocradio,51,0.5501473322510719,0.7776311834653219,0.34913793103448276,0.594909279967291,0.3111111111111111,0.0,0.0,0.0,0.0,0.0,0.0,0.0,0.0,0.0,2002,radio,0.5
1,2,lr5e-05_bs16_modL1_fusion32_fusionL1_drop0p1_trmiss50_trlocradio,16,5e-05,1,32,1,0.1,lr5e-05_bs16_modL1_fusion32_fusionL1_drop0p1_trmiss50_trlocradio,52,0.573394571741422,0.771786650021871,0.3577586206896552,0.6051985714564239,0.3333333333333333,0.0,0.0,0.0,0.0,0.0,0.0,0.0,0.0,0.0,2002,radio,0.5
1,2,lr5e-05_bs16_modL1_fusion32_fusionL1_drop0p1_trmiss50_trlocradio,16,5e-05,1,32,1,0.1,lr5e-05_bs16_modL1_fusion32_fusionL1_drop0p1_trmiss50_trlocradio,53,0.5492949336767197,0.7763181328773499,0.32758620689655166,0.5897473047028834,0.3333333333333333,0.0,0.0,0.0,0.0,0.0,0.0,0.0,0.0,0.0,2002,radio,0.5
1,2,lr5e-05_bs16_modL1_fusion32_fusionL1_drop0p1_trmiss50_trlocradio,16,5e-05,1,32,1,0.1,lr5e-05_bs16_modL1_fusion32_fusionL1_drop0p1_trmiss50_trlocradio,54,0.5643609414498011,0.7718498905499777,0.32758620689655177,0.5835135746504592,0.37777777777777777,0.0,0.0,0.0,0.0,0.0,0.0,0.0,0.0,0.0,2002,radio,0.5
1,2,lr5e-05_bs16_modL1_fusion32_fusionL1_drop0p1_trmiss50_trlocradio,16,5e-05,1,32,1,0.1,lr5e-05_bs16_modL1_fusion32_fusionL1_drop0p1_trmiss50_trlocradio,55,0.567538763086001,0.7856015165646871,0.3426724137931035,0.5947871674618114,0.3111111111111111,0.0,0.0,0.0,0.0,0.0,0.0,0.0,0.0,0.0,2002,radio,0.5
1,2,lr5e-05_bs16_modL1_fusion32_fusionL1_drop0p1_trmiss50_trlocradio,16,5e-05,1,32,1,0.1,lr5e-05_bs16_modL1_fusion32_fusionL1_drop0p1_trmiss50_trlocradio,56,0.5564257651567459,0.7694393396377563,0.3448275862068966,0.5949567096324119,0.3333333333333333,0.0,0.0,0.0,0.0,0.0,0.0,0.0,0.0,0.0,2002,radio,0.5
1,2,lr5e-05_bs16_modL1_fusion32_fusionL1_drop0p1_trmiss50_trlocradio,16,5e-05,1,32,1,0.1,lr5e-05_bs16_modL1_fusion32_fusionL1_drop0p1_trmiss50_trlocradio,57,0.5835309227307638,0.7824201186498007,0.353448275862069,0.6009518489193623,0.3111111111111111,0.0,0.0,0.0,0.0,0.0,0.0,0.0,0.0,0.0,2002,radio,0.5
1,2,lr5e-05_bs16_modL1_fusion32_fusionL1_drop0p1_trmiss50_trlocradio,16,5e-05,1,32,1,0.1,lr5e-05_bs16_modL1_fusion32_fusionL1_drop0p1_trmiss50_trlocradio,58,0.5639275213082632,0.7832932869593302,0.33620689655172414,0.5900996558346303,0.3111111111111111,0.0,0.0,0.0,0.0,0.0,0.0,0.0,0.0,0.0,2002,radio,0.5
1,2,lr5e-05_bs16_modL1_fusion64_fusionL1_drop0p2_trmiss50_trlocradio,16,5e-05,1,64,1,0.2,lr5e-05_bs16_modL1_fusion64_fusionL1_drop0p2_trmiss50_trlocradio,1,0.6769924759864807,0.6523213187853495,0.646551724137931,0.7642446907735946,0.6444444444444445,0.0,0.0,0.0,0.0,0.0,0.0,0.0,0.0,0.0,2002,radio,0.5
1,2,lr5e-05_bs16_modL1_fusion64_fusionL1_drop0p2_trmiss50_trlocradio,16,5e-05,1,64,1,0.2,lr5e-05_bs16_modL1_fusion64_fusionL1_drop0p2_trmiss50_trlocradio,2,0.6271269967158636,0.6324132084846497,0.6530172413793104,0.7760530471010668,0.6444444444444445,0.0,0.0,0.0,0.0,0.0,0.0,0.0,0.0,0.0,2002,radio,0.5
1,2,lr5e-05_bs16_modL1_fusion64_fusionL1_drop0p2_trmiss50_trlocradio,16,5e-05,1,64,1,0.2,lr5e-05_bs16_modL1_fusion64_fusionL1_drop0p2_trmiss50_trlocradio,3,0.6316807121038437,0.6285037994384766,0.6206896551724138,0.7652420483563381,0.7111111111111111,0.0,0.0,0.0,0.0,0.0,0.0,0.0,0.0,0.0,2002,radio,0.5
1,2,lr5e-05_bs16_modL1_fusion64_fusionL1_drop0p2_trmiss50_trlocradio,16,5e-05,1,64,1,0.2,lr5e-05_bs16_modL1_fusion64_fusionL1_drop0p2_trmiss50_trlocradio,4,0.6049374143282572,0.6268513202667236,0.6099137931034483,0.7639117245016839,0.6666666666666666,0.0,0.0,0.0,0.0,0.0,0.0,0.0,0.0,0.0,2002,radio,0.5
1,2,lr5e-05_bs16_modL1_fusion64_fusionL1_drop0p2_trmiss50_trlocradio,16,5e-05,1,64,1,0.2,lr5e-05_bs16_modL1_fusion64_fusionL1_drop0p2_trmiss50_trlocradio,5,0.6069757242997488,0.6251770257949829,0.6336206896551724,0.7702417462221324,0.6666666666666666,0.0,0.0,0.0,0.0,0.0,0.0,0.0,0.0,0.0,2002,radio,0.5
1,2,lr5e-05_bs16_modL1_fusion64_fusionL1_drop0p2_trmiss50_trlocradio,16,5e-05,1,64,1,0.2,lr5e-05_bs16_modL1_fusion64_fusionL1_drop0p2_trmiss50_trlocradio,6,0.6025278518597285,0.6219308773676554,0.6637931034482758,0.7962374769905661,0.6888888888888889,0.0,0.0,0.0,0.0,0.0,0.0,0.0,0.0,0.0,2002,radio,0.5
1,2,lr5e-05_bs16_modL1_fusion64_fusionL1_drop0p2_trmiss50_trlocradio,16,5e-05,1,64,1,0.2,lr5e-05_bs16_modL1_fusion64_fusionL1_drop0p2_trmiss50_trlocradio,7,0.5856477320194244,0.6251124938329061,0.6228448275862069,0.7719584878399425,0.6666666666666666,0.0,0.0,0.0,0.0,0.0,0.0,0.0,0.0,0.0,2002,radio,0.5
1,2,lr5e-05_bs16_modL1_fusion64_fusionL1_drop0p2_trmiss50_trlocradio,16,5e-05,1,64,1,0.2,lr5e-05_bs16_modL1_fusion64_fusionL1_drop0p2_trmiss50_trlocradio,8,0.6196660374601682,0.6223704616228739,0.6400862068965517,0.7752460028149472,0.6666666666666666,0.0,0.0,0.0,0.0,0.0,0.0,0.0,0.0,0.0,2002,radio,0.5
1,2,lr5e-05_bs16_modL1_fusion64_fusionL1_drop0p2_trmiss50_trlocradio,16,5e-05,1,64,1,0.2,lr5e-05_bs16_modL1_fusion64_fusionL1_drop0p2_trmiss50_trlocradio,9,0.5789117068052292,0.6193472345670065,0.6487068965517242,0.7818537982154738,0.7111111111111111,0.0,0.0,0.0,0.0,0.0,0.0,0.0,0.0,0.0,2002,radio,0.5
1,2,lr5e-05_bs16_modL1_fusion64_fusionL1_drop0p2_trmiss50_trlocradio,16,5e-05,1,64,1,0.2,lr5e-05_bs16_modL1_fusion64_fusionL1_drop0p2_trmiss50_trlocradio,10,0.5693000853061676,0.6260631481806437,0.6400862068965516,0.7758061026897315,0.6666666666666666,0.0,0.0,0.0,0.0,0.0,0.0,0.0,0.0,0.0,2002,radio,0.5
1,2,lr5e-05_bs16_modL1_fusion64_fusionL1_drop0p2_trmiss50_trlocradio,16,5e-05,1,64,1,0.2,lr5e-05_bs16_modL1_fusion64_fusionL1_drop0p2_trmiss50_trlocradio,11,0.5687295918663343,0.6352103153864542,0.6293103448275862,0.7773489777836816,0.6666666666666666,0.0,0.0,0.0,0.0,0.0,0.0,0.0,0.0,0.0,2002,radio,0.5
1,2,lr5e-05_bs16_modL1_fusion64_fusionL1_drop0p2_trmiss50_trlocradio,16,5e-05,1,64,1,0.2,lr5e-05_bs16_modL1_fusion64_fusionL1_drop0p2_trmiss50_trlocradio,12,0.5521490275859833,0.63591468334198,0.6271551724137931,0.7668917739745059,0.6666666666666666,0.0,0.0,0.0,0.0,0.0,0.0,0.0,0.0,0.0,2002,radio,0.5
1,2,lr5e-05_bs16_modL1_fusion64_fusionL1_drop0p2_trmiss50_trlocradio,16,5e-05,1,64,1,0.2,lr5e-05_bs16_modL1_fusion64_fusionL1_drop0p2_trmiss50_trlocradio,13,0.584906667470932,0.6403795480728149,0.5991379310344827,0.7515647654950214,0.6444444444444445,0.0,0.0,0.0,0.0,0.0,0.0,0.0,0.0,0.0,2002,radio,0.5
1,2,lr5e-05_bs16_modL1_fusion64_fusionL1_drop0p2_trmiss50_trlocradio,16,5e-05,1,64,1,0.2,lr5e-05_bs16_modL1_fusion64_fusionL1_drop0p2_trmiss50_trlocradio,14,0.5219002316395441,0.6392262180646261,0.5948275862068966,0.7529387488118092,0.6222222222222222,0.0,0.0,0.0,0.0,0.0,0.0,0.0,0.0,0.0,2002,radio,0.5
1,2,lr5e-05_bs16_modL1_fusion64_fusionL1_drop0p2_trmiss50_trlocradio,16,5e-05,1,64,1,0.2,lr5e-05_bs16_modL1_fusion64_fusionL1_drop0p2_trmiss50_trlocradio,15,0.5477426871657372,0.6434200008710226,0.5948275862068965,0.7525404065723414,0.5777777777777777,0.0,0.0,0.0,0.0,0.0,0.0,0.0,0.0,0.0,2002,radio,0.5
1,2,lr5e-05_bs16_modL1_fusion64_fusionL1_drop0p2_trmiss50_trlocradio,16,5e-05,1,64,1,0.2,lr5e-05_bs16_modL1_fusion64_fusionL1_drop0p2_trmiss50_trlocradio,16,0.5619537582000097,0.6437326669692993,0.5883620689655172,0.7427938304340802,0.6222222222222222,0.0,0.0,0.0,0.0,0.0,0.0,0.0,0.0,0.0,2002,radio,0.5
1,2,lr5e-05_bs16_modL1_fusion64_fusionL1_drop0p2_trmiss50_trlocradio,16,5e-05,1,64,1,0.2,lr5e-05_bs16_modL1_fusion64_fusionL1_drop0p2_trmiss50_trlocradio,17,0.5258406201998392,0.6498923103014628,0.5991379310344827,0.7450313279576333,0.6,0.0,0.0,0.0,0.0,0.0,0.0,0.0,0.0,0.0,2002,radio,0.5
1,2,lr5e-05_bs16_modL1_fusion64_fusionL1_drop0p2_trmiss50_trlocradio,16,5e-05,1,64,1,0.2,lr5e-05_bs16_modL1_fusion64_fusionL1_drop0p2_trmiss50_trlocradio,18,0.5173521811763445,0.6449897885322571,0.6012931034482758,0.7496503215695114,0.6222222222222222,0.0,0.0,0.0,0.0,0.0,0.0,0.0,0.0,0.0,2002,radio,0.5
1,2,lr5e-05_bs16_modL1_fusion64_fusionL1_drop0p2_trmiss50_trlocradio,16,5e-05,1,64,1,0.2,lr5e-05_bs16_modL1_fusion64_fusionL1_drop0p2_trmiss50_trlocradio,19,0.5427036012212435,0.6507675449053446,0.605603448275862,0.7513664732576264,0.5777777777777777,0.0,0.0,0.0,0.0,0.0,0.0,0.0,0.0,0.0,2002,radio,0.5
1,2,lr5e-05_bs16_modL1_fusion64_fusionL1_drop0p2_trmiss50_trlocradio,16,5e-05,1,64,1,0.2,lr5e-05_bs16_modL1_fusion64_fusionL1_drop0p2_trmiss50_trlocradio,20,0.5249433194597563,0.6557353536287943,0.5883620689655172,0.7435677747222655,0.5777777777777777,0.0,0.0,0.0,0.0,0.0,0.0,0.0,0.0,0.0,2002,radio,0.5
1,2,lr5e-05_bs16_modL1_fusion64_fusionL1_drop0p2_trmiss50_trlocradio,16,5e-05,1,64,1,0.2,lr5e-05_bs16_modL1_fusion64_fusionL1_drop0p2_trmiss50_trlocradio,21,0.5120328540603319,0.655290961265564,0.5797413793103448,0.7356456990063176,0.5777777777777777,0.0,0.0,0.0,0.0,0.0,0.0,0.0,0.0,0.0,2002,radio,0.5
1,2,lr5e-05_bs16_modL1_fusion64_fusionL1_drop0p2_trmiss50_trlocradio,16,5e-05,1,64,1,0.2,lr5e-05_bs16_modL1_fusion64_fusionL1_drop0p2_trmiss50_trlocradio,22,0.5231350213289261,0.6533078551292419,0.5926724137931034,0.744601961952652,0.6222222222222222,0.0,0.0,0.0,0.0,0.0,0.0,0.0,0.0,0.0,2002,radio,0.5
1,2,lr5e-05_bs16_modL1_fusion64_fusionL1_drop0p2_trmiss50_trlocradio,16,5e-05,1,64,1,0.2,lr5e-05_bs16_modL1_fusion64_fusionL1_drop0p2_trmiss50_trlocradio,23,0.5051942492524782,0.6486674149831136,0.6120689655172413,0.7510385806928996,0.6,0.0,0.0,0.0,0.0,0.0,0.0,0.0,0.0,0.0,2002,radio,0.5
1,2,lr5e-05_bs16_modL1_fusion64_fusionL1_drop0p2_trmiss50_trlocradio,16,5e-05,1,64,1,0.2,lr5e-05_bs16_modL1_fusion64_fusionL1_drop0p2_trmiss50_trlocradio,24,0.5085185766220093,0.6476002931594849,0.5991379310344828,0.7477738410928938,0.5777777777777777,0.0,0.0,0.0,0.0,0.0,0.0,0.0,0.0,0.0,2002,radio,0.5
1,2,lr5e-05_bs16_modL1_fusion64_fusionL1_drop0p2_trmiss50_trlocradio,16,5e-05,1,64,1,0.2,lr5e-05_bs16_modL1_fusion64_fusionL1_drop0p2_trmiss50_trlocradio,25,0.4977896710236867,0.644299308458964,0.5905172413793103,0.741526109690588,0.6,0.0,0.0,0.0,0.0,0.0,0.0,0.0,0.0,0.0,2002,radio,0.5
1,2,lr5e-05_bs16_modL1_fusion64_fusionL1_drop0p2_trmiss50_trlocradio,16,5e-05,1,64,1,0.2,lr5e-05_bs16_modL1_fusion64_fusionL1_drop0p2_trmiss50_trlocradio,26,0.5066880931456884,0.6520419120788574,0.5797413793103448,0.7359455814724205,0.6222222222222222,0.0,0.0,0.0,0.0,0.0,0.0,0.0,0.0,0.0,2002,radio,0.5
1,2,lr5e-05_bs16_modL1_fusion64_fusionL1_drop0p1_trmiss50_trlocradio,16,5e-05,1,64,1,0.1,lr5e-05_bs16_modL1_fusion64_fusionL1_drop0p1_trmiss50_trlocradio,1,0.7070102940003077,0.6968632936477661,0.39655172413793105,0.6408191315165855,0.4888888888888889,0.0,0.0,0.0,0.0,0.0,0.0,0.0,0.0,0.0,2002,radio,0.5
1,2,lr5e-05_bs16_modL1_fusion64_fusionL1_drop0p1_trmiss50_trlocradio,16,5e-05,1,64,1,0.1,lr5e-05_bs16_modL1_fusion64_fusionL1_drop0p1_trmiss50_trlocradio,2,0.6836137970288595,0.7148240208625793,0.4073275862068966,0.6617371509414862,0.4222222222222222,0.0,0.0,0.0,0.0,0.0,0.0,0.0,0.0,0.0,2002,radio,0.5
1,2,lr5e-05_bs16_modL1_fusion64_fusionL1_drop0p1_trmiss50_trlocradio,16,5e-05,1,64,1,0.1,lr5e-05_bs16_modL1_fusion64_fusionL1_drop0p1_trmiss50_trlocradio,3,0.6650294264157613,0.7233593463897705,0.4224137931034483,0.6590525065188025,0.4222222222222222,0.0,0.0,0.0,0.0,0.0,0.0,0.0,0.0,0.0,2002,radio,0.5
1,2,lr5e-05_bs16_modL1_fusion64_fusionL1_drop0p1_trmiss50_trlocradio,16,5e-05,1,64,1,0.1,lr5e-05_bs16_modL1_fusion64_fusionL1_drop0p1_trmiss50_trlocradio,4,0.6454464346170425,0.7244131366411845,0.4504310344827586,0.6874006362505014,0.4222222222222222,0.0,0.0,0.0,0.0,0.0,0.0,0.0,0.0,0.0,2002,radio,0.5
1,2,lr5e-05_bs16_modL1_fusion64_fusionL1_drop0p1_trmiss50_trlocradio,16,5e-05,1,64,1,0.1,lr5e-05_bs16_modL1_fusion64_fusionL1_drop0p1_trmiss50_trlocradio,5,0.6281943966945013,0.7262051502863566,0.4676724137931034,0.6999166190656729,0.4444444444444444,0.0,0.0,0.0,0.0,0.0,0.0,0.0,0.0,0.0,2002,radio,0.5
1,2,lr5e-05_bs16_modL1_fusion64_fusionL1_drop0p1_trmiss50_trlocradio,16,5e-05,1,64,1,0.1,lr5e-05_bs16_modL1_fusion64_fusionL1_drop0p1_trmiss50_trlocradio,6,0.6145178973674774,0.7203564643859863,0.47629310344827586,0.688156441116646,0.4888888888888889,0.0,0.0,0.0,0.0,0.0,0.0,0.0,0.0,0.0,2002,radio,0.5
1,2,lr5e-05_bs16_modL1_fusion64_fusionL1_drop0p1_trmiss50_trlocradio,16,5e-05,1,64,1,0.1,lr5e-05_bs16_modL1_fusion64_fusionL1_drop0p1_trmiss50_trlocradio,7,0.595071330666542,0.7148122390111288,0.4676724137931035,0.6808942397228157,0.4888888888888889,0.0,0.0,0.0,0.0,0.0,0.0,0.0,0.0,0.0,2002,radio,0.5
1,2,lr5e-05_bs16_modL1_fusion64_fusionL1_drop0p1_trmiss50_trlocradio,16,5e-05,1,64,1,0.1,lr5e-05_bs16_modL1_fusion64_fusionL1_drop0p1_trmiss50_trlocradio,8,0.5774147808551788,0.7241803208986918,0.47629310344827586,0.6826207639038174,0.4888888888888889,0.0,0.0,0.0,0.0,0.0,0.0,0.0,0.0,0.0,2002,radio,0.5
1,2,lr5e-05_bs16_modL1_fusion64_fusionL1_drop0p1_trmiss50_trlocradio,16,5e-05,1,64,1,0.1,lr5e-05_bs16_modL1_fusion64_fusionL1_drop0p1_trmiss50_trlocradio,9,0.5837055345376333,0.7202858924865723,0.4762931034482759,0.6834350990564265,0.4888888888888889,0.0,0.0,0.0,0.0,0.0,0.0,0.0,0.0,0.0,2002,radio,0.5
1,2,lr5e-05_bs16_modL1_fusion64_fusionL1_drop0p1_trmiss50_trlocradio,16,5e-05,1,64,1,0.1,lr5e-05_bs16_modL1_fusion64_fusionL1_drop0p1_trmiss50_trlocradio,10,0.5816215723752975,0.7232891122500101,0.4762931034482759,0.6784806985312585,0.4888888888888889,0.0,0.0,0.0,0.0,0.0,0.0,0.0,0.0,0.0,2002,radio,0.5
1,2,lr5e-05_bs16_modL1_fusion64_fusionL1_drop0p1_trmiss50_trlocradio,16,5e-05,1,64,1,0.1,lr5e-05_bs16_modL1_fusion64_fusionL1_drop0p1_trmiss50_trlocradio,11,0.5681912750005722,0.7314692338307699,0.46551724137931033,0.6649768388026662,0.4666666666666667,0.0,0.0,0.0,0.0,0.0,0.0,0.0,0.0,0.0,2002,radio,0.5
1,2,lr5e-05_bs16_modL1_fusion64_fusionL1_drop0p1_trmiss50_trlocradio,16,5e-05,1,64,1,0.1,lr5e-05_bs16_modL1_fusion64_fusionL1_drop0p1_trmiss50_trlocradio,12,0.5635073482990265,0.7351481119791666,0.47198275862068967,0.6774274956514054,0.4444444444444444,0.0,0.0,0.0,0.0,0.0,0.0,0.0,0.0,0.0,2002,radio,0.5
1,2,lr5e-05_bs16_modL1_fusion64_fusionL1_drop0p1_trmiss50_trlocradio,16,5e-05,1,64,1,0.1,lr5e-05_bs16_modL1_fusion64_fusionL1_drop0p1_trmiss50_trlocradio,13,0.5675056924422582,0.7387819886207581,0.4762931034482759,0.686829527096109,0.4444444444444444,0.0,0.0,0.0,0.0,0.0,0.0,0.0,0.0,0.0,2002,radio,0.5
1,2,lr5e-05_bs16_modL1_fusion64_fusionL1_drop0p1_trmiss50_trlocradio,16,5e-05,1,64,1,0.1,lr5e-05_bs16_modL1_fusion64_fusionL1_drop0p1_trmiss50_trlocradio,14,0.5520110130310059,0.7483138640721639,0.4676724137931034,0.66024979440904,0.4444444444444444,0.0,0.0,0.0,0.0,0.0,0.0,0.0,0.0,0.0,2002,radio,0.5
1,2,lr5e-05_bs16_modL1_fusion64_fusionL1_drop0p1_trmiss50_trlocradio,16,5e-05,1,64,1,0.1,lr5e-05_bs16_modL1_fusion64_fusionL1_drop0p1_trmiss50_trlocradio,15,0.5365499456723531,0.7373204628626505,0.4655172413793104,0.6736910078622551,0.4666666666666667,0.0,0.0,0.0,0.0,0.0,0.0,0.0,0.0,0.0,2002,radio,0.5
1,2,lr5e-05_bs16_modL1_fusion64_fusionL1_drop0p1_trmiss50_trlocradio,16,5e-05,1,64,1,0.1,lr5e-05_bs16_modL1_fusion64_fusionL1_drop0p1_trmiss50_trlocradio,16,0.5556950295964876,0.731620192527771,0.4806034482758621,0.6827657125439713,0.4666666666666667,0.0,0.0,0.0,0.0,0.0,0.0,0.0,0.0,0.0,2002,radio,0.5
1,2,lr5e-05_bs16_modL1_fusion64_fusionL1_drop0p1_trmiss50_trlocradio,16,5e-05,1,64,1,0.1,lr5e-05_bs16_modL1_fusion64_fusionL1_drop0p1_trmiss50_trlocradio,17,0.5645529429117838,0.7335410118103027,0.4698275862068965,0.6778912250442167,0.4666666666666667,0.0,0.0,0.0,0.0,0.0,0.0,0.0,0.0,0.0,2002,radio,0.5
1,2,lr5e-05_bs16_modL1_fusion64_fusionL1_drop0p1_trmiss50_trlocradio,16,5e-05,1,64,1,0.1,lr5e-05_bs16_modL1_fusion64_fusionL1_drop0p1_trmiss50_trlocradio,18,0.5453774531682333,0.7337121168772379,0.46336206896551724,0.6731411395366848,0.4666666666666667,0.0,0.0,0.0,0.0,0.0,0.0,0.0,0.0,0.0,2002,radio,0.5
1,2,lr5e-05_bs16_modL1_fusion64_fusionL1_drop0p1_trmiss50_trlocradio,16,5e-05,1,64,1,0.1,lr5e-05_bs16_modL1_fusion64_fusionL1_drop0p1_trmiss50_trlocradio,19,0.5466004038850466,0.7176530162493387,0.4827586206896552,0.693160437032376,0.4888888888888889,0.0,0.0,0.0,0.0,0.0,0.0,0.0,0.0,0.0,2002,radio,0.5
1,2,lr5e-05_bs16_modL1_fusion64_fusionL1_drop0p1_trmiss50_trlocradio,16,5e-05,1,64,1,0.1,lr5e-05_bs16_modL1_fusion64_fusionL1_drop0p1_trmiss50_trlocradio,20,0.531063623726368,0.7251570622126261,0.45905172413793105,0.6621117012777579,0.4666666666666667,0.0,0.0,0.0,0.0,0.0,0.0,0.0,0.0,0.0,2002,radio,0.5
1,2,lr5e-05_bs16_modL1_fusion64_fusionL1_drop0p1_trmiss50_trlocradio,16,5e-05,1,64,1,0.1,lr5e-05_bs16_modL1_fusion64_fusionL1_drop0p1_trmiss50_trlocradio,21,0.5235674555102984,0.7347734769185384,0.4676724137931034,0.6706969219707634,0.4666666666666667,0.0,0.0,0.0,0.0,0.0,0.0,0.0,0.0,0.0,2002,radio,0.5
1,2,lr5e-05_bs16_modL1_fusion64_fusionL1_drop0p1_trmiss50_trlocradio,16,5e-05,1,64,1,0.1,lr5e-05_bs16_modL1_fusion64_fusionL1_drop0p1_trmiss50_trlocradio,22,0.5324041421214739,0.7141583363215128,0.4870689655172414,0.6791479709204172,0.4666666666666667,0.0,0.0,0.0,0.0,0.0,0.0,0.0,0.0,0.0,2002,radio,0.5
1,2,lr5e-05_bs16_modL1_fusion64_fusionL1_drop0p1_trmiss50_trlocradio,16,5e-05,1,64,1,0.1,lr5e-05_bs16_modL1_fusion64_fusionL1_drop0p1_trmiss50_trlocradio,23,0.5361763139565786,0.7276497880617777,0.4698275862068966,0.6619109448726268,0.4444444444444444,0.0,0.0,0.0,0.0,0.0,0.0,0.0,0.0,0.0,2002,radio,0.5
1,2,lr5e-05_bs16_modL1_fusion64_fusionL1_drop0p1_trmiss50_trlocradio,16,5e-05,1,64,1,0.1,lr5e-05_bs16_modL1_fusion64_fusionL1_drop0p1_trmiss50_trlocradio,24,0.535735972225666,0.7320309082667033,0.4762931034482759,0.6640695666046823,0.4666666666666667,0.0,0.0,0.0,0.0,0.0,0.0,0.0,0.0,0.0,2002,radio,0.5
1,2,lr5e-05_bs16_modL1_fusion64_fusionL1_drop0p1_trmiss50_trlocradio,16,5e-05,1,64,1,0.1,lr5e-05_bs16_modL1_fusion64_fusionL1_drop0p1_trmiss50_trlocradio,25,0.5414194961388906,0.7221564253171285,0.4698275862068966,0.6653433178595528,0.4888888888888889,0.0,0.0,0.0,0.0,0.0,0.0,0.0,0.0,0.0,2002,radio,0.5
1,2,lr5e-05_bs16_modL1_fusion64_fusionL1_drop0p1_trmiss50_trlocradio,16,5e-05,1,64,1,0.1,lr5e-05_bs16_modL1_fusion64_fusionL1_drop0p1_trmiss50_trlocradio,26,0.5470178350806236,0.729468842347463,0.4719827586206896,0.6746496107238152,0.4222222222222222,0.0,0.0,0.0,0.0,0.0,0.0,0.0,0.0,0.0,2002,radio,0.5
1,2,lr5e-05_bs16_modL1_fusion64_fusionL1_drop0p1_trmiss50_trlocradio,16,5e-05,1,64,1,0.1,lr5e-05_bs16_modL1_fusion64_fusionL1_drop0p1_trmiss50_trlocradio,27,0.5303714200854301,0.7280409733454386,0.47198275862068967,0.6684724042231788,0.4666666666666667,0.0,0.0,0.0,0.0,0.0,0.0,0.0,0.0,0.0,2002,radio,0.5
1,2,lr5e-05_bs16_modL1_fusion64_fusionL1_drop0p1_trmiss50_trlocradio,16,5e-05,1,64,1,0.1,lr5e-05_bs16_modL1_fusion64_fusionL1_drop0p1_trmiss50_trlocradio,28,0.5290370310346285,0.7352933883666992,0.47413793103448276,0.6786941828971905,0.4666666666666667,0.0,0.0,0.0,0.0,0.0,0.0,0.0,0.0,0.0,2002,radio,0.5
1,2,lr5e-05_bs16_modL1_fusion64_fusionL1_drop0p1_trmiss50_trlocradio,16,5e-05,1,64,1,0.1,lr5e-05_bs16_modL1_fusion64_fusionL1_drop0p1_trmiss50_trlocradio,29,0.5302782381574312,0.738444964090983,0.47629310344827586,0.6659522347970702,0.4444444444444444,0.0,0.0,0.0,0.0,0.0,0.0,0.0,0.0,0.0,2002,radio,0.5
1,2,lr5e-05_bs16_modL1_fusion64_fusionL1_drop0p1_trmiss50_trlocradio,16,5e-05,1,64,1,0.1,lr5e-05_bs16_modL1_fusion64_fusionL1_drop0p1_trmiss50_trlocradio,30,0.5452151323358218,0.7372128566106161,0.47844827586206895,0.6730241706949837,0.4444444444444444,0.0,0.0,0.0,0.0,0.0,0.0,0.0,0.0,0.0,2002,radio,0.5
1,2,lr5e-05_bs16_modL1_fusion64_fusionL1_drop0p1_trmiss50_trlocradio,16,5e-05,1,64,1,0.1,lr5e-05_bs16_modL1_fusion64_fusionL1_drop0p1_trmiss50_trlocradio,31,0.5303291529417038,0.7382370034853617,0.45905172413793105,0.660270401475697,0.4444444444444444,0.0,0.0,0.0,0.0,0.0,0.0,0.0,0.0,0.0,2002,radio,0.5
1,2,lr5e-05_bs16_modL1_fusion64_fusionL1_drop0p1_trmiss50_trlocradio,16,5e-05,1,64,1,0.1,lr5e-05_bs16_modL1_fusion64_fusionL1_drop0p1_trmiss50_trlocradio,32,0.5480780253807703,0.7342501680056254,0.45905172413793105,0.6550482123565367,0.4666666666666667,0.0,0.0,0.0,0.0,0.0,0.0,0.0,0.0,0.0,2002,radio,0.5
1,2,lr5e-05_bs16_modL1_fusion64_fusionL1_drop0p1_trmiss50_trlocradio,16,5e-05,1,64,1,0.1,lr5e-05_bs16_modL1_fusion64_fusionL1_drop0p1_trmiss50_trlocradio,33,0.5322416623433431,0.7332564194997152,0.4719827586206896,0.6749330551918388,0.4666666666666667,0.0,0.0,0.0,0.0,0.0,0.0,0.0,0.0,0.0,2002,radio,0.5
1,2,lr5e-05_bs16_modL1_fusion64_fusionL1_drop0p1_trmiss50_trlocradio,16,5e-05,1,64,1,0.1,lr5e-05_bs16_modL1_fusion64_fusionL1_drop0p1_trmiss50_trlocradio,34,0.5304009715716044,0.7303099632263184,0.47629310344827586,0.6831001720995853,0.4666666666666667,0.0,0.0,0.0,0.0,0.0,0.0,0.0,0.0,0.0,2002,radio,0.5
1,2,lr5e-05_bs16_modL1_fusion64_fusionL1_drop0p1_trmiss50_trlocradio,16,5e-05,1,64,1,0.1,lr5e-05_bs16_modL1_fusion64_fusionL1_drop0p1_trmiss50_trlocradio,35,0.5299194951852163,0.7444610993067423,0.4655172413793104,0.669063686908444,0.4666666666666667,0.0,0.0,0.0,0.0,0.0,0.0,0.0,0.0,0.0,2002,radio,0.5
1,2,lr5e-05_bs16_modL1_fusion64_fusionL1_drop0p1_trmiss50_trlocradio,16,5e-05,1,64,1,0.1,lr5e-05_bs16_modL1_fusion64_fusionL1_drop0p1_trmiss50_trlocradio,36,0.5256873741745949,0.7367755174636841,0.4676724137931035,0.6692484836991187,0.4666666666666667,0.0,0.0,0.0,0.0,0.0,0.0,0.0,0.0,0.0,2002,radio,0.5
1,2,lr5e-05_bs16_modL1_fusion64_fusionL1_drop0p1_trmiss50_trlocradio,16,5e-05,1,64,1,0.1,lr5e-05_bs16_modL1_fusion64_fusionL1_drop0p1_trmiss50_trlocradio,37,0.5360018586119016,0.7191322445869446,0.4849137931034483,0.6727178369581409,0.4666666666666667,0.0,0.0,0.0,0.0,0.0,0.0,0.0,0.0,0.0,2002,radio,0.5
1,2,lr5e-05_bs16_modL1_fusion64_fusionL1_drop0p1_trmiss50_trlocradio,16,5e-05,1,64,1,0.1,lr5e-05_bs16_modL1_fusion64_fusionL1_drop0p1_trmiss50_trlocradio,38,0.5428118755420049,0.7141648928324381,0.48275862068965514,0.6756903576258303,0.4666666666666667,0.0,0.0,0.0,0.0,0.0,0.0,0.0,0.0,0.0,2002,radio,0.5
1,2,lr5e-05_bs16_modL1_fusion64_fusionL1_drop0p1_trmiss50_trlocradio,16,5e-05,1,64,1,0.1,lr5e-05_bs16_modL1_fusion64_fusionL1_drop0p1_trmiss50_trlocradio,39,0.5140949686368307,0.7290420929590861,0.47629310344827586,0.6706093613462573,0.4666666666666667,0.0,0.0,0.0,0.0,0.0,0.0,0.0,0.0,0.0,2002,radio,0.5
1,2,lr5e-05_bs16_modL1_fusion64_fusionL1_drop0p1_trmiss50_trlocradio,16,5e-05,1,64,1,0.1,lr5e-05_bs16_modL1_fusion64_fusionL1_drop0p1_trmiss50_trlocradio,40,0.5134885956843694,0.7449613809585571,0.4655172413793104,0.6744450881656928,0.4444444444444444,0.0,0.0,0.0,0.0,0.0,0.0,0.0,0.0,0.0,2002,radio,0.5
1,2,lr5e-05_bs16_modL1_fusion64_fusionL1_drop0p1_trmiss50_trlocradio,16,5e-05,1,64,1,0.1,lr5e-05_bs16_modL1_fusion64_fusionL1_drop0p1_trmiss50_trlocradio,41,0.5291632215181986,0.7362496058146158,0.4676724137931035,0.6758895241998192,0.4666666666666667,0.0,0.0,0.0,0.0,0.0,0.0,0.0,0.0,0.0,2002,radio,0.5
1,2,lr5e-05_bs16_modL1_fusion64_fusionL1_drop0p1_trmiss50_trlocradio,16,5e-05,1,64,1,0.1,lr5e-05_bs16_modL1_fusion64_fusionL1_drop0p1_trmiss50_trlocradio,42,0.5345821877320608,0.7190699974695841,0.4870689655172414,0.6828937933221594,0.4444444444444444,0.0,0.0,0.0,0.0,0.0,0.0,0.0,0.0,0.0,2002,radio,0.5
1,2,lr1e-04_bs16_modL1_fusion32_fusionL1_drop0p2_trmiss50_trlocradio,16,0.0001,1,32,1,0.2,lr1e-04_bs16_modL1_fusion32_fusionL1_drop0p2_trmiss50_trlocradio,1,0.6896701455116272,0.7332259217898051,0.17672413793103448,0.4831164855705821,0.4444444444444444,0.0,0.0,0.0,0.0,0.0,0.0,0.0,0.0,0.0,2002,radio,0.5
1,2,lr1e-04_bs16_modL1_fusion32_fusionL1_drop0p2_trmiss50_trlocradio,16,0.0001,1,32,1,0.2,lr1e-04_bs16_modL1_fusion32_fusionL1_drop0p2_trmiss50_trlocradio,2,0.6979967306057612,0.7418230175971985,0.22629310344827586,0.5002087903825703,0.5111111111111111,0.0,0.0,0.0,0.0,0.0,0.0,0.0,0.0,0.0,2002,radio,0.5
1,2,lr1e-04_bs16_modL1_fusion32_fusionL1_drop0p2_trmiss50_trlocradio,16,0.0001,1,32,1,0.2,lr1e-04_bs16_modL1_fusion32_fusionL1_drop0p2_trmiss50_trlocradio,3,0.6227372934420904,0.7521466016769409,0.21982758620689655,0.49570418139455474,0.4666666666666667,0.0,0.0,0.0,0.0,0.0,0.0,0.0,0.0,0.0,2002,radio,0.5
1,2,lr1e-04_bs16_modL1_fusion32_fusionL1_drop0p2_trmiss50_trlocradio,16,0.0001,1,32,1,0.2,lr1e-04_bs16_modL1_fusion32_fusionL1_drop0p2_trmiss50_trlocradio,4,0.6003838727871577,0.7606902917226156,0.22629310344827586,0.5053564389199072,0.37777777777777777,0.0,0.0,0.0,0.0,0.0,0.0,0.0,0.0,0.0,2002,radio,0.5
1,2,lr1e-04_bs16_modL1_fusion32_fusionL1_drop0p2_trmiss50_trlocradio,16,0.0001,1,32,1,0.2,lr1e-04_bs16_modL1_fusion32_fusionL1_drop0p2_trmiss50_trlocradio,5,0.5960806285341581,0.7580509185791016,0.21120689655172414,0.5028471657278879,0.37777777777777777,0.0,0.0,0.0,0.0,0.0,0.0,0.0,0.0,0.0,2002,radio,0.5
1,2,lr1e-04_bs16_modL1_fusion32_fusionL1_drop0p2_trmiss50_trlocradio,16,0.0001,1,32,1,0.2,lr1e-04_bs16_modL1_fusion32_fusionL1_drop0p2_trmiss50_trlocradio,6,0.5751129239797592,0.7522520422935486,0.2456896551724138,0.5139453030790234,0.4222222222222222,0.0,0.0,0.0,0.0,0.0,0.0,0.0,0.0,0.0,2002,radio,0.5
1,2,lr1e-04_bs16_modL1_fusion32_fusionL1_drop0p2_trmiss50_trlocradio,16,0.0001,1,32,1,0.2,lr1e-04_bs16_modL1_fusion32_fusionL1_drop0p2_trmiss50_trlocradio,7,0.5666443059841791,0.758852998415629,0.2629310344827586,0.5205046448102335,0.4,0.0,0.0,0.0,0.0,0.0,0.0,0.0,0.0,0.0,2002,radio,0.5
1,2,lr1e-04_bs16_modL1_fusion32_fusionL1_drop0p2_trmiss50_trlocradio,16,0.0001,1,32,1,0.2,lr1e-04_bs16_modL1_fusion32_fusionL1_drop0p2_trmiss50_trlocradio,8,0.5522564053535461,0.7634921272595724,0.27370689655172414,0.529417524944174,0.4,0.0,0.0,0.0,0.0,0.0,0.0,0.0,0.0,0.0,2002,radio,0.5
1,2,lr1e-04_bs16_modL1_fusion32_fusionL1_drop0p2_trmiss50_trlocradio,16,0.0001,1,32,1,0.2,lr1e-04_bs16_modL1_fusion32_fusionL1_drop0p2_trmiss50_trlocradio,9,0.5612548540035883,0.7737531661987305,0.27370689655172414,0.5248320646696772,0.4444444444444444,0.0,0.0,0.0,0.0,0.0,0.0,0.0,0.0,0.0,2002,radio,0.5
1,2,lr1e-04_bs16_modL1_fusion32_fusionL1_drop0p2_trmiss50_trlocradio,16,0.0001,1,32,1,0.2,lr1e-04_bs16_modL1_fusion32_fusionL1_drop0p2_trmiss50_trlocradio,10,0.5632764200369517,0.7778059442838033,0.28448275862068967,0.5395079504552251,0.37777777777777777,0.0,0.0,0.0,0.0,0.0,0.0,0.0,0.0,0.0,2002,radio,0.5
1,2,lr1e-04_bs16_modL1_fusion32_fusionL1_drop0p2_trmiss50_trlocradio,16,0.0001,1,32,1,0.2,lr1e-04_bs16_modL1_fusion32_fusionL1_drop0p2_trmiss50_trlocradio,11,0.5586424271265665,0.761661152044932,0.2693965517241379,0.5293372099191589,0.37777777777777777,0.0,0.0,0.0,0.0,0.0,0.0,0.0,0.0,0.0,2002,radio,0.5
1,2,lr1e-04_bs16_modL1_fusion32_fusionL1_drop0p2_trmiss50_trlocradio,16,0.0001,1,32,1,0.2,lr1e-04_bs16_modL1_fusion32_fusionL1_drop0p2_trmiss50_trlocradio,12,0.5190815602739652,0.7717724045117696,0.26939655172413796,0.5300604471799338,0.4,0.0,0.0,0.0,0.0,0.0,0.0,0.0,0.0,0.0,2002,radio,0.5
1,2,lr1e-04_bs16_modL1_fusion32_fusionL1_drop0p2_trmiss50_trlocradio,16,0.0001,1,32,1,0.2,lr1e-04_bs16_modL1_fusion32_fusionL1_drop0p2_trmiss50_trlocradio,13,0.507178413371245,0.7644911408424377,0.290948275862069,0.5354447876257876,0.4,0.0,0.0,0.0,0.0,0.0,0.0,0.0,0.0,0.0,2002,radio,0.5
1,2,lr1e-04_bs16_modL1_fusion32_fusionL1_drop0p2_trmiss50_trlocradio,16,0.0001,1,32,1,0.2,lr1e-04_bs16_modL1_fusion32_fusionL1_drop0p2_trmiss50_trlocradio,14,0.5172124654054642,0.7584580381711324,0.2974137931034483,0.5371765696895174,0.4222222222222222,0.0,0.0,0.0,0.0,0.0,0.0,0.0,0.0,0.0,2002,radio,0.5
1,2,lr1e-04_bs16_modL1_fusion32_fusionL1_drop0p2_trmiss50_trlocradio,16,0.0001,1,32,1,0.2,lr1e-04_bs16_modL1_fusion32_fusionL1_drop0p2_trmiss50_trlocradio,15,0.5207120801011721,0.7723914980888367,0.2823275862068966,0.5290274767233748,0.37777777777777777,0.0,0.0,0.0,0.0,0.0,0.0,0.0,0.0,0.0,2002,radio,0.5
1,2,lr1e-04_bs16_modL1_fusion32_fusionL1_drop0p2_trmiss50_trlocradio,16,0.0001,1,32,1,0.2,lr1e-04_bs16_modL1_fusion32_fusionL1_drop0p2_trmiss50_trlocradio,16,0.5290002450346947,0.7632922927538554,0.29525862068965514,0.5364158704391883,0.4222222222222222,0.0,0.0,0.0,0.0,0.0,0.0,0.0,0.0,0.0,2002,radio,0.5
1,2,lr1e-04_bs16_modL1_fusion32_fusionL1_drop0p2_trmiss50_trlocradio,16,0.0001,1,32,1,0.2,lr1e-04_bs16_modL1_fusion32_fusionL1_drop0p2_trmiss50_trlocradio,17,0.5280376002192497,0.7465447187423706,0.34051724137931033,0.5522219060930186,0.4444444444444444,0.0,0.0,0.0,0.0,0.0,0.0,0.0,0.0,0.0,2002,radio,0.5
1,2,lr1e-04_bs16_modL1_fusion32_fusionL1_drop0p2_trmiss50_trlocradio,16,0.0001,1,32,1,0.2,lr1e-04_bs16_modL1_fusion32_fusionL1_drop0p2_trmiss50_trlocradio,18,0.5270264421900114,0.7496078014373779,0.3168103448275862,0.5462202888151674,0.4222222222222222,0.0,0.0,0.0,0.0,0.0,0.0,0.0,0.0,0.0,2002,radio,0.5
1,2,lr1e-04_bs16_modL1_fusion32_fusionL1_drop0p2_trmiss50_trlocradio,16,0.0001,1,32,1,0.2,lr1e-04_bs16_modL1_fusion32_fusionL1_drop0p2_trmiss50_trlocradio,19,0.5141382664442062,0.7513166268666586,0.33836206896551724,0.5567734744256156,0.4666666666666667,0.0,0.0,0.0,0.0,0.0,0.0,0.0,0.0,0.0,2002,radio,0.5
1,2,lr1e-04_bs16_modL1_fusion32_fusionL1_drop0p2_trmiss50_trlocradio,16,0.0001,1,32,1,0.2,lr1e-04_bs16_modL1_fusion32_fusionL1_drop0p2_trmiss50_trlocradio,20,0.537639374534289,0.7607414722442627,0.33405172413793105,0.5586805644057279,0.4222222222222222,0.0,0.0,0.0,0.0,0.0,0.0,0.0,0.0,0.0,2002,radio,0.5
1,2,lr1e-04_bs16_modL1_fusion32_fusionL1_drop0p2_trmiss50_trlocradio,16,0.0001,1,32,1,0.2,lr1e-04_bs16_modL1_fusion32_fusionL1_drop0p2_trmiss50_trlocradio,21,0.511286827425162,0.758196214834849,0.33405172413793105,0.5638197476205078,0.4,0.0,0.0,0.0,0.0,0.0,0.0,0.0,0.0,0.0,2002,radio,0.5
1,2,lr1e-04_bs16_modL1_fusion32_fusionL1_drop0p2_trmiss50_trlocradio,16,0.0001,1,32,1,0.2,lr1e-04_bs16_modL1_fusion32_fusionL1_drop0p2_trmiss50_trlocradio,22,0.4986419330040614,0.7456249594688416,0.31896551724137934,0.5550992470353163,0.4444444444444444,0.0,0.0,0.0,0.0,0.0,0.0,0.0,0.0,0.0,2002,radio,0.5
1,2,lr1e-04_bs16_modL1_fusion32_fusionL1_drop0p2_trmiss50_trlocradio,16,0.0001,1,32,1,0.2,lr1e-04_bs16_modL1_fusion32_fusionL1_drop0p2_trmiss50_trlocradio,23,0.5018488566080729,0.7435281872749329,0.3232758620689655,0.5511188724827143,0.4666666666666667,0.0,0.0,0.0,0.0,0.0,0.0,0.0,0.0,0.0,2002,radio,0.5
1,2,lr1e-04_bs16_modL1_fusion32_fusionL1_drop0p2_trmiss50_trlocradio,16,0.0001,1,32,1,0.2,lr1e-04_bs16_modL1_fusion32_fusionL1_drop0p2_trmiss50_trlocradio,24,0.49596601724624634,0.7550437649091085,0.31896551724137934,0.5550983863340557,0.4666666666666667,0.0,0.0,0.0,0.0,0.0,0.0,0.0,0.0,0.0,2002,radio,0.5
1,2,lr1e-04_bs16_modL1_fusion32_fusionL1_drop0p2_trmiss50_trlocradio,16,0.0001,1,32,1,0.2,lr1e-04_bs16_modL1_fusion32_fusionL1_drop0p2_trmiss50_trlocradio,25,0.49846360584100086,0.7693366805712382,0.3125,0.5498038344123175,0.4,0.0,0.0,0.0,0.0,0.0,0.0,0.0,0.0,0.0,2002,radio,0.5
1,2,lr1e-04_bs16_modL1_fusion32_fusionL1_drop0p2_trmiss50_trlocradio,16,0.0001,1,32,1,0.2,lr1e-04_bs16_modL1_fusion32_fusionL1_drop0p2_trmiss50_trlocradio,26,0.5002242575089136,0.7604629000027975,0.32974137931034486,0.5588826309851734,0.4444444444444444,0.0,0.0,0.0,0.0,0.0,0.0,0.0,0.0,0.0,2002,radio,0.5
1,2,lr1e-04_bs16_modL1_fusion32_fusionL1_drop0p2_trmiss50_trlocradio,16,0.0001,1,32,1,0.2,lr1e-04_bs16_modL1_fusion32_fusionL1_drop0p2_trmiss50_trlocradio,27,0.4953537384668986,0.7460308074951172,0.3254310344827586,0.5663636659695755,0.4666666666666667,0.0,0.0,0.0,0.0,0.0,0.0,0.0,0.0,0.0,2002,radio,0.5
1,2,lr1e-04_bs16_modL1_fusion32_fusionL1_drop0p2_trmiss50_trlocradio,16,0.0001,1,32,1,0.2,lr1e-04_bs16_modL1_fusion32_fusionL1_drop0p2_trmiss50_trlocradio,28,0.515918197731177,0.7516427834828695,0.32974137931034486,0.5604351191932444,0.4,0.0,0.0,0.0,0.0,0.0,0.0,0.0,0.0,0.0,2002,radio,0.5
1,2,lr1e-04_bs16_modL1_fusion32_fusionL1_drop0p2_trmiss50_trlocradio,16,0.0001,1,32,1,0.2,lr1e-04_bs16_modL1_fusion32_fusionL1_drop0p2_trmiss50_trlocradio,29,0.5052273347973824,0.7509474754333496,0.3146551724137931,0.5535354338757092,0.4444444444444444,0.0,0.0,0.0,0.0,0.0,0.0,0.0,0.0,0.0,2002,radio,0.5
1,2,lr1e-04_bs16_modL1_fusion32_fusionL1_drop0p2_trmiss50_trlocradio,16,0.0001,1,32,1,0.2,lr1e-04_bs16_modL1_fusion32_fusionL1_drop0p2_trmiss50_trlocradio,30,0.505317231019338,0.7617064913113912,0.3146551724137931,0.5588429820569483,0.35555555555555557,0.0,0.0,0.0,0.0,0.0,0.0,0.0,0.0,0.0,2002,radio,0.5
1,2,lr1e-04_bs16_modL1_fusion32_fusionL1_drop0p2_trmiss50_trlocradio,16,0.0001,1,32,1,0.2,lr1e-04_bs16_modL1_fusion32_fusionL1_drop0p2_trmiss50_trlocradio,31,0.5180694510539373,0.7621474663416544,0.31465517241379315,0.5558989172739423,0.4444444444444444,0.0,0.0,0.0,0.0,0.0,0.0,0.0,0.0,0.0,2002,radio,0.5
1,2,lr1e-04_bs16_modL1_fusion32_fusionL1_drop0p2_trmiss50_trlocradio,16,0.0001,1,32,1,0.2,lr1e-04_bs16_modL1_fusion32_fusionL1_drop0p2_trmiss50_trlocradio,32,0.4886747697989146,0.7604202429453532,0.3168103448275862,0.5545005795652865,0.4222222222222222,0.0,0.0,0.0,0.0,0.0,0.0,0.0,0.0,0.0,2002,radio,0.5
1,2,lr1e-04_bs16_modL1_fusion32_fusionL1_drop0p2_trmiss50_trlocradio,16,0.0001,1,32,1,0.2,lr1e-04_bs16_modL1_fusion32_fusionL1_drop0p2_trmiss50_trlocradio,33,0.514239768187205,0.754696269830068,0.33405172413793105,0.5599256113406889,0.4888888888888889,0.0,0.0,0.0,0.0,0.0,0.0,0.0,0.0,0.0,2002,radio,0.5
1,2,lr1e-04_bs16_modL1_fusion32_fusionL1_drop0p2_trmiss50_trlocradio,16,0.0001,1,32,1,0.2,lr1e-04_bs16_modL1_fusion32_fusionL1_drop0p2_trmiss50_trlocradio,34,0.5352681875228882,0.7554502685864767,0.33189655172413796,0.5587624547696993,0.4,0.0,0.0,0.0,0.0,0.0,0.0,0.0,0.0,0.0,2002,radio,0.5
1,2,lr1e-04_bs16_modL1_fusion32_fusionL1_drop0p2_trmiss50_trlocradio,16,0.0001,1,32,1,0.2,lr1e-04_bs16_modL1_fusion32_fusionL1_drop0p2_trmiss50_trlocradio,35,0.49270375818014145,0.7626298268636068,0.34913793103448276,0.5681984052231422,0.4444444444444444,0.0,0.0,0.0,0.0,0.0,0.0,0.0,0.0,0.0,2002,radio,0.5
1,2,lr1e-04_bs16_modL1_fusion32_fusionL1_drop0p2_trmiss50_trlocradio,16,0.0001,1,32,1,0.2,lr1e-04_bs16_modL1_fusion32_fusionL1_drop0p2_trmiss50_trlocradio,36,0.5077435796459516,0.7602974772453308,0.33189655172413796,0.5619089666059253,0.4,0.0,0.0,0.0,0.0,0.0,0.0,0.0,0.0,0.0,2002,radio,0.5
1,2,lr1e-04_bs16_modL1_fusion32_fusionL1_drop0p2_trmiss50_trlocradio,16,0.0001,1,32,1,0.2,lr1e-04_bs16_modL1_fusion32_fusionL1_drop0p2_trmiss50_trlocradio,37,0.4899950797359149,0.7683289051055908,0.3405172413793104,0.5633650749525663,0.4,0.0,0.0,0.0,0.0,0.0,0.0,0.0,0.0,0.0,2002,radio,0.5
1,2,lr1e-04_bs16_modL1_fusion32_fusionL1_drop0p2_trmiss50_trlocradio,16,0.0001,1,32,1,0.2,lr1e-04_bs16_modL1_fusion32_fusionL1_drop0p2_trmiss50_trlocradio,38,0.5187051544586817,0.7500953276952108,0.3405172413793104,0.5635140782472599,0.5111111111111111,0.0,0.0,0.0,0.0,0.0,0.0,0.0,0.0,0.0,2002,radio,0.5
1,2,lr1e-04_bs16_modL1_fusion32_fusionL1_drop0p2_trmiss50_trlocradio,16,0.0001,1,32,1,0.2,lr1e-04_bs16_modL1_fusion32_fusionL1_drop0p2_trmiss50_trlocradio,39,0.48961396763722104,0.7511011759440104,0.3168103448275862,0.5510843926510742,0.4666666666666667,0.0,0.0,0.0,0.0,0.0,0.0,0.0,0.0,0.0,2002,radio,0.5
1,2,lr1e-04_bs16_modL1_fusion32_fusionL1_drop0p2_trmiss50_trlocradio,16,0.0001,1,32,1,0.2,lr1e-04_bs16_modL1_fusion32_fusionL1_drop0p2_trmiss50_trlocradio,40,0.5024623697002729,0.7482590675354004,0.3297413793103448,0.5602948932598232,0.4666666666666667,0.0,0.0,0.0,0.0,0.0,0.0,0.0,0.0,0.0,2002,radio,0.5
1,2,lr1e-04_bs16_modL1_fusion32_fusionL1_drop0p2_trmiss50_trlocradio,16,0.0001,1,32,1,0.2,lr1e-04_bs16_modL1_fusion32_fusionL1_drop0p2_trmiss50_trlocradio,41,0.489194060365359,0.7745833396911621,0.32543103448275856,0.5560637632108126,0.4,0.0,0.0,0.0,0.0,0.0,0.0,0.0,0.0,0.0,2002,radio,0.5
1,2,lr1e-04_bs16_modL1_fusion32_fusionL1_drop0p2_trmiss50_trlocradio,16,0.0001,1,32,1,0.2,lr1e-04_bs16_modL1_fusion32_fusionL1_drop0p2_trmiss50_trlocradio,42,0.5207473536332449,0.7578916947046915,0.33620689655172414,0.567769880255186,0.4,0.0,0.0,0.0,0.0,0.0,0.0,0.0,0.0,0.0,2002,radio,0.5
1,2,lr1e-04_bs16_modL1_fusion32_fusionL1_drop0p2_trmiss50_trlocradio,16,0.0001,1,32,1,0.2,lr1e-04_bs16_modL1_fusion32_fusionL1_drop0p2_trmiss50_trlocradio,43,0.530245877802372,0.7640450994173685,0.31896551724137934,0.5536953981062078,0.37777777777777777,0.0,0.0,0.0,0.0,0.0,0.0,0.0,0.0,0.0,2002,radio,0.5
1,2,lr1e-04_bs16_modL1_fusion32_fusionL1_drop0p2_trmiss50_trlocradio,16,0.0001,1,32,1,0.2,lr1e-04_bs16_modL1_fusion32_fusionL1_drop0p2_trmiss50_trlocradio,44,0.5076781411965688,0.7623159686724345,0.3232758620689655,0.5584306296967618,0.4222222222222222,0.0,0.0,0.0,0.0,0.0,0.0,0.0,0.0,0.0,2002,radio,0.5
1,2,lr1e-04_bs16_modL1_fusion32_fusionL1_drop0p2_trmiss50_trlocradio,16,0.0001,1,32,1,0.2,lr1e-04_bs16_modL1_fusion32_fusionL1_drop0p2_trmiss50_trlocradio,45,0.5088924020528793,0.7619641224543253,0.33189655172413796,0.5545621384992486,0.4222222222222222,0.0,0.0,0.0,0.0,0.0,0.0,0.0,0.0,0.0,2002,radio,0.5
1,2,lr1e-04_bs16_modL1_fusion32_fusionL1_drop0p2_trmiss50_trlocradio,16,0.0001,1,32,1,0.2,lr1e-04_bs16_modL1_fusion32_fusionL1_drop0p2_trmiss50_trlocradio,46,0.5001590102910995,0.7606191039085388,0.33620689655172414,0.5648612136330782,0.37777777777777777,0.0,0.0,0.0,0.0,0.0,0.0,0.0,0.0,0.0,2002,radio,0.5
1,2,lr1e-04_bs16_modL1_fusion32_fusionL1_drop0p2_trmiss50_trlocradio,16,0.0001,1,32,1,0.2,lr1e-04_bs16_modL1_fusion32_fusionL1_drop0p2_trmiss50_trlocradio,47,0.5246785307923952,0.7577632864316305,0.3426724137931034,0.5686505599391112,0.4,0.0,0.0,0.0,0.0,0.0,0.0,0.0,0.0,0.0,2002,radio,0.5
1,2,lr1e-04_bs16_modL1_fusion32_fusionL1_drop0p2_trmiss50_trlocradio,16,0.0001,1,32,1,0.2,lr1e-04_bs16_modL1_fusion32_fusionL1_drop0p2_trmiss50_trlocradio,48,0.4876264010866483,0.7607648968696594,0.33189655172413796,0.566320865739021,0.4444444444444444,0.0,0.0,0.0,0.0,0.0,0.0,0.0,0.0,0.0,2002,radio,0.5
1,2,lr1e-04_bs16_modL1_fusion32_fusionL1_drop0p2_trmiss50_trlocradio,16,0.0001,1,32,1,0.2,lr1e-04_bs16_modL1_fusion32_fusionL1_drop0p2_trmiss50_trlocradio,49,0.4869498734672864,0.7501902977625529,0.3297413793103448,0.5633248776057156,0.4666666666666667,0.0,0.0,0.0,0.0,0.0,0.0,0.0,0.0,0.0,2002,radio,0.5
1,2,lr1e-04_bs16_modL1_fusion32_fusionL1_drop0p2_trmiss50_trlocradio,16,0.0001,1,32,1,0.2,lr1e-04_bs16_modL1_fusion32_fusionL1_drop0p2_trmiss50_trlocradio,50,0.522648997604847,0.7553133169809977,0.31681034482758624,0.5557376752874909,0.4222222222222222,0.0,0.0,0.0,0.0,0.0,0.0,0.0,0.0,0.0,2002,radio,0.5
1,2,lr1e-04_bs16_modL1_fusion32_fusionL1_drop0p2_trmiss50_trlocradio,16,0.0001,1,32,1,0.2,lr1e-04_bs16_modL1_fusion32_fusionL1_drop0p2_trmiss50_trlocradio,51,0.519069085518519,0.7543823719024658,0.3254310344827586,0.5608922948297915,0.4222222222222222,0.0,0.0,0.0,0.0,0.0,0.0,0.0,0.0,0.0,2002,radio,0.5
1,2,lr1e-04_bs16_modL1_fusion32_fusionL1_drop0p2_trmiss50_trlocradio,16,0.0001,1,32,1,0.2,lr1e-04_bs16_modL1_fusion32_fusionL1_drop0p2_trmiss50_trlocradio,52,0.4897320047020912,0.7530232866605123,0.33620689655172414,0.5655164045729362,0.4222222222222222,0.0,0.0,0.0,0.0,0.0,0.0,0.0,0.0,0.0,2002,radio,0.5
1,2,lr1e-04_bs16_modL1_fusion32_fusionL1_drop0p2_trmiss50_trlocradio,16,0.0001,1,32,1,0.2,lr1e-04_bs16_modL1_fusion32_fusionL1_drop0p2_trmiss50_trlocradio,53,0.5008113036553065,0.7537321448326111,0.3275862068965517,0.5604305370938345,0.4666666666666667,0.0,0.0,0.0,0.0,0.0,0.0,0.0,0.0,0.0,2002,radio,0.5
1,2,lr1e-04_bs16_modL1_fusion32_fusionL1_drop0p2_trmiss50_trlocradio,16,0.0001,1,32,1,0.2,lr1e-04_bs16_modL1_fusion32_fusionL1_drop0p2_trmiss50_trlocradio,54,0.4736676166454951,0.7515103816986084,0.34051724137931033,0.5674951363221352,0.4888888888888889,0.0,0.0,0.0,0.0,0.0,0.0,0.0,0.0,0.0,2002,radio,0.5
1,2,lr1e-04_bs16_modL1_fusion32_fusionL1_drop0p2_trmiss50_trlocradio,16,0.0001,1,32,1,0.2,lr1e-04_bs16_modL1_fusion32_fusionL1_drop0p2_trmiss50_trlocradio,55,0.4877238869667053,0.7411905924479166,0.353448275862069,0.5729954499294428,0.4888888888888889,0.0,0.0,0.0,0.0,0.0,0.0,0.0,0.0,0.0,2002,radio,0.5
1,2,lr1e-04_bs16_modL1_fusion32_fusionL1_drop0p2_trmiss50_trlocradio,16,0.0001,1,32,1,0.2,lr1e-04_bs16_modL1_fusion32_fusionL1_drop0p2_trmiss50_trlocradio,56,0.48569972316424054,0.7525596618652344,0.33189655172413796,0.5676656673503488,0.4666666666666667,0.0,0.0,0.0,0.0,0.0,0.0,0.0,0.0,0.0,2002,radio,0.5
1,2,lr1e-04_bs16_modL1_fusion32_fusionL1_drop0p2_trmiss50_trlocradio,16,0.0001,1,32,1,0.2,lr1e-04_bs16_modL1_fusion32_fusionL1_drop0p2_trmiss50_trlocradio,57,0.4795449748635292,0.7669119437535604,0.33836206896551724,0.5654341438215791,0.37777777777777777,0.0,0.0,0.0,0.0,0.0,0.0,0.0,0.0,0.0,2002,radio,0.5
1,2,lr1e-04_bs16_modL1_fusion32_fusionL1_drop0p2_trmiss50_trlocradio,16,0.0001,1,32,1,0.2,lr1e-04_bs16_modL1_fusion32_fusionL1_drop0p2_trmiss50_trlocradio,58,0.4818049967288971,0.7548146843910217,0.3448275862068965,0.568471953746202,0.4,0.0,0.0,0.0,0.0,0.0,0.0,0.0,0.0,0.0,2002,radio,0.5
1,2,lr1e-04_bs16_modL1_fusion32_fusionL1_drop0p2_trmiss50_trlocradio,16,0.0001,1,32,1,0.2,lr1e-04_bs16_modL1_fusion32_fusionL1_drop0p2_trmiss50_trlocradio,59,0.49550822377204895,0.7522806922594706,0.3426724137931034,0.562455576573235,0.4888888888888889,0.0,0.0,0.0,0.0,0.0,0.0,0.0,0.0,0.0,2002,radio,0.5
1,2,lr1e-04_bs16_modL1_fusion32_fusionL1_drop0p2_trmiss50_trlocradio,16,0.0001,1,32,1,0.2,lr1e-04_bs16_modL1_fusion32_fusionL1_drop0p2_trmiss50_trlocradio,60,0.5035756056507429,0.7458760937054952,0.33836206896551724,0.5599072846019746,0.4444444444444444,0.0,0.0,0.0,0.0,0.0,0.0,0.0,0.0,0.0,2002,radio,0.5
1,2,lr1e-04_bs16_modL1_fusion32_fusionL1_drop0p2_trmiss50_trlocradio,16,0.0001,1,32,1,0.2,lr1e-04_bs16_modL1_fusion32_fusionL1_drop0p2_trmiss50_trlocradio,61,0.478633850812912,0.7532080809275309,0.34051724137931033,0.5696528489031275,0.4,0.0,0.0,0.0,0.0,0.0,0.0,0.0,0.0,0.0,2002,radio,0.5
1,2,lr1e-04_bs16_modL1_fusion32_fusionL1_drop0p2_trmiss50_trlocradio,16,0.0001,1,32,1,0.2,lr1e-04_bs16_modL1_fusion32_fusionL1_drop0p2_trmiss50_trlocradio,62,0.5179690246780714,0.7455412348111471,0.32974137931034486,0.565679843600881,0.4666666666666667,0.0,0.0,0.0,0.0,0.0,0.0,0.0,0.0,0.0,2002,radio,0.5
1,2,lr1e-04_bs16_modL1_fusion32_fusionL1_drop0p2_trmiss50_trlocradio,16,0.0001,1,32,1,0.2,lr1e-04_bs16_modL1_fusion32_fusionL1_drop0p2_trmiss50_trlocradio,63,0.48408450186252594,0.7483110030492147,0.3254310344827586,0.5576469223579317,0.4666666666666667,0.0,0.0,0.0,0.0,0.0,0.0,0.0,0.0,0.0,2002,radio,0.5
1,2,lr1e-04_bs16_modL1_fusion32_fusionL1_drop0p2_trmiss50_trlocradio,16,0.0001,1,32,1,0.2,lr1e-04_bs16_modL1_fusion32_fusionL1_drop0p2_trmiss50_trlocradio,64,0.5112365384896597,0.7580277323722839,0.33189655172413796,0.5623819667003034,0.4,0.0,0.0,0.0,0.0,0.0,0.0,0.0,0.0,0.0,2002,radio,0.5
1,2,lr1e-04_bs16_modL1_fusion32_fusionL1_drop0p2_trmiss50_trlocradio,16,0.0001,1,32,1,0.2,lr1e-04_bs16_modL1_fusion32_fusionL1_drop0p2_trmiss50_trlocradio,65,0.5254883219798406,0.7530130942662557,0.3232758620689656,0.5628480046413866,0.4222222222222222,0.0,0.0,0.0,0.0,0.0,0.0,0.0,0.0,0.0,2002,radio,0.5
1,2,lr1e-04_bs16_modL1_fusion32_fusionL1_drop0p2_trmiss50_trlocradio,16,0.0001,1,32,1,0.2,lr1e-04_bs16_modL1_fusion32_fusionL1_drop0p2_trmiss50_trlocradio,66,0.5119846761226654,0.7592440247535706,0.3060344827586207,0.5479459541358879,0.4,0.0,0.0,0.0,0.0,0.0,0.0,0.0,0.0,0.0,2002,radio,0.5
1,2,lr1e-04_bs16_modL1_fusion32_fusionL1_drop0p2_trmiss50_trlocradio,16,0.0001,1,32,1,0.2,lr1e-04_bs16_modL1_fusion32_fusionL1_drop0p2_trmiss50_trlocradio,67,0.4824737533926964,0.75953608751297,0.3060344827586207,0.5491388379269946,0.4444444444444444,0.0,0.0,0.0,0.0,0.0,0.0,0.0,0.0,0.0,2002,radio,0.5
1,2,lr1e-04_bs16_modL1_fusion32_fusionL1_drop0p2_trmiss50_trlocradio,16,0.0001,1,32,1,0.2,lr1e-04_bs16_modL1_fusion32_fusionL1_drop0p2_trmiss50_trlocradio,68,0.5094976599017779,0.7637473344802856,0.31896551724137934,0.5557555807698388,0.4444444444444444,0.0,0.0,0.0,0.0,0.0,0.0,0.0,0.0,0.0,2002,radio,0.5
1,2,lr1e-04_bs16_modL1_fusion32_fusionL1_drop0p2_trmiss50_trlocradio,16,0.0001,1,32,1,0.2,lr1e-04_bs16_modL1_fusion32_fusionL1_drop0p2_trmiss50_trlocradio,69,0.5118410587310791,0.7659250696500143,0.3318965517241379,0.5571757577306871,0.4222222222222222,0.0,0.0,0.0,0.0,0.0,0.0,0.0,0.0,0.0,2002,radio,0.5
1,2,lr1e-04_bs16_modL1_fusion32_fusionL1_drop0p2_trmiss50_trlocradio,16,0.0001,1,32,1,0.2,lr1e-04_bs16_modL1_fusion32_fusionL1_drop0p2_trmiss50_trlocradio,70,0.5128466412425041,0.7516327102979025,0.33620689655172414,0.5600927516993786,0.4444444444444444,0.0,0.0,0.0,0.0,0.0,0.0,0.0,0.0,0.0,2002,radio,0.5
1,2,lr1e-04_bs16_modL1_fusion32_fusionL1_drop0p2_trmiss50_trlocradio,16,0.0001,1,32,1,0.2,lr1e-04_bs16_modL1_fusion32_fusionL1_drop0p2_trmiss50_trlocradio,71,0.5026437491178513,0.7595340808232626,0.35129310344827586,0.5770492751123389,0.4444444444444444,0.0,0.0,0.0,0.0,0.0,0.0,0.0,0.0,0.0,2002,radio,0.5
1,2,lr1e-04_bs16_modL1_fusion32_fusionL1_drop0p2_trmiss50_trlocradio,16,0.0001,1,32,1,0.2,lr1e-04_bs16_modL1_fusion32_fusionL1_drop0p2_trmiss50_trlocradio,72,0.4968658710519473,0.7425150076548258,0.35775862068965514,0.5757320344053056,0.4444444444444444,0.0,0.0,0.0,0.0,0.0,0.0,0.0,0.0,0.0,2002,radio,0.5
1,2,lr1e-04_bs16_modL1_fusion32_fusionL1_drop0p2_trmiss50_trlocradio,16,0.0001,1,32,1,0.2,lr1e-04_bs16_modL1_fusion32_fusionL1_drop0p2_trmiss50_trlocradio,73,0.4935249040524165,0.7612373431523641,0.35129310344827586,0.5643878772948763,0.4,0.0,0.0,0.0,0.0,0.0,0.0,0.0,0.0,0.0,2002,radio,0.5
1,2,lr1e-04_bs16_modL1_fusion32_fusionL1_drop0p2_trmiss50_trlocradio,16,0.0001,1,32,1,0.2,lr1e-04_bs16_modL1_fusion32_fusionL1_drop0p2_trmiss50_trlocradio,74,0.49275412162144977,0.7694743871688843,0.33620689655172414,0.5608556111836094,0.37777777777777777,0.0,0.0,0.0,0.0,0.0,0.0,0.0,0.0,0.0,2002,radio,0.5
1,2,lr1e-04_bs16_modL1_fusion32_fusionL1_drop0p2_trmiss50_trlocradio,16,0.0001,1,32,1,0.2,lr1e-04_bs16_modL1_fusion32_fusionL1_drop0p2_trmiss50_trlocradio,75,0.5039106955130895,0.7601952155431112,0.33620689655172414,0.5602749277124593,0.4,0.0,0.0,0.0,0.0,0.0,0.0,0.0,0.0,0.0,2002,radio,0.5
1,2,lr1e-04_bs16_modL1_fusion32_fusionL1_drop0p2_trmiss50_trlocradio,16,0.0001,1,32,1,0.2,lr1e-04_bs16_modL1_fusion32_fusionL1_drop0p2_trmiss50_trlocradio,76,0.484567088385423,0.7573466698328654,0.33620689655172414,0.559221039522209,0.4,0.0,0.0,0.0,0.0,0.0,0.0,0.0,0.0,0.0,2002,radio,0.5
1,2,lr1e-04_bs16_modL1_fusion32_fusionL1_drop0p2_trmiss50_trlocradio,16,0.0001,1,32,1,0.2,lr1e-04_bs16_modL1_fusion32_fusionL1_drop0p2_trmiss50_trlocradio,77,0.5179297129313151,0.7549588282903036,0.3362068965517241,0.5642141377658144,0.4444444444444444,0.0,0.0,0.0,0.0,0.0,0.0,0.0,0.0,0.0,2002,radio,0.5
1,2,lr1e-04_bs16_modL1_fusion32_fusionL1_drop0p2_trmiss50_trlocradio,16,0.0001,1,32,1,0.2,lr1e-04_bs16_modL1_fusion32_fusionL1_drop0p2_trmiss50_trlocradio,78,0.5158463642001152,0.7727372646331787,0.34913793103448276,0.5724592735638333,0.37777777777777777,0.0,0.0,0.0,0.0,0.0,0.0,0.0,0.0,0.0,2002,radio,0.5
1,2,lr1e-04_bs16_modL1_fusion32_fusionL1_drop0p2_trmiss50_trlocradio,16,0.0001,1,32,1,0.2,lr1e-04_bs16_modL1_fusion32_fusionL1_drop0p2_trmiss50_trlocradio,79,0.5009168162941933,0.7552343805631002,0.3469827586206896,0.567470402678497,0.4666666666666667,0.0,0.0,0.0,0.0,0.0,0.0,0.0,0.0,0.0,2002,radio,0.5
1,2,lr1e-04_bs16_modL1_fusion32_fusionL1_drop0p2_trmiss50_trlocradio,16,0.0001,1,32,1,0.2,lr1e-04_bs16_modL1_fusion32_fusionL1_drop0p2_trmiss50_trlocradio,80,0.4885295281807582,0.7520958781242371,0.353448275862069,0.5758753314570451,0.4444444444444444,0.0,0.0,0.0,0.0,0.0,0.0,0.0,0.0,0.0,2002,radio,0.5
1,2,lr1e-04_bs16_modL1_fusion32_fusionL1_drop0p1_trmiss50_trlocradio,16,0.0001,1,32,1,0.1,lr1e-04_bs16_modL1_fusion32_fusionL1_drop0p1_trmiss50_trlocradio,1,0.6886773159106573,0.6519673665364584,0.5172413793103449,0.7152644882797297,0.6,0.0,0.0,0.0,0.0,0.0,0.0,0.0,0.0,0.0,2002,radio,0.5
1,2,lr1e-04_bs16_modL1_fusion32_fusionL1_drop0p1_trmiss50_trlocradio,16,0.0001,1,32,1,0.1,lr1e-04_bs16_modL1_fusion32_fusionL1_drop0p1_trmiss50_trlocradio,2,0.6243241081635157,0.647948424021403,0.5107758620689655,0.7240827149301303,0.6222222222222222,0.0,0.0,0.0,0.0,0.0,0.0,0.0,0.0,0.0,2002,radio,0.5
1,2,lr1e-04_bs16_modL1_fusion32_fusionL1_drop0p1_trmiss50_trlocradio,16,0.0001,1,32,1,0.1,lr1e-04_bs16_modL1_fusion32_fusionL1_drop0p1_trmiss50_trlocradio,3,0.5967285260558128,0.6604043841362,0.4698275862068966,0.695144394537179,0.6,0.0,0.0,0.0,0.0,0.0,0.0,0.0,0.0,0.0,2002,radio,0.5
1,2,lr1e-04_bs16_modL1_fusion32_fusionL1_drop0p1_trmiss50_trlocradio,16,0.0001,1,32,1,0.1,lr1e-04_bs16_modL1_fusion32_fusionL1_drop0p1_trmiss50_trlocradio,4,0.5790512065092722,0.6668136119842529,0.4612068965517242,0.7013122566923871,0.5555555555555556,0.0,0.0,0.0,0.0,0.0,0.0,0.0,0.0,0.0,2002,radio,0.5
1,2,lr1e-04_bs16_modL1_fusion32_fusionL1_drop0p1_trmiss50_trlocradio,16,0.0001,1,32,1,0.1,lr1e-04_bs16_modL1_fusion32_fusionL1_drop0p1_trmiss50_trlocradio,5,0.5736558362841606,0.6592888434727987,0.49137931034482757,0.7265035608717609,0.5777777777777777,0.0,0.0,0.0,0.0,0.0,0.0,0.0,0.0,0.0,2002,radio,0.5
1,2,lr1e-04_bs16_modL1_fusion32_fusionL1_drop0p1_trmiss50_trlocradio,16,0.0001,1,32,1,0.1,lr1e-04_bs16_modL1_fusion32_fusionL1_drop0p1_trmiss50_trlocradio,6,0.5360196530818939,0.6556427876154581,0.5107758620689654,0.7454677741667093,0.5777777777777777,0.0,0.0,0.0,0.0,0.0,0.0,0.0,0.0,0.0,2002,radio,0.5
1,2,lr1e-04_bs16_modL1_fusion32_fusionL1_drop0p1_trmiss50_trlocradio,16,0.0001,1,32,1,0.1,lr1e-04_bs16_modL1_fusion32_fusionL1_drop0p1_trmiss50_trlocradio,7,0.5416267092029253,0.664317270119985,0.4935344827586207,0.7334621730578601,0.5555555555555556,0.0,0.0,0.0,0.0,0.0,0.0,0.0,0.0,0.0,2002,radio,0.5
1,2,lr1e-04_bs16_modL1_fusion32_fusionL1_drop0p1_trmiss50_trlocradio,16,0.0001,1,32,1,0.1,lr1e-04_bs16_modL1_fusion32_fusionL1_drop0p1_trmiss50_trlocradio,8,0.5069672986865044,0.6591147184371948,0.5150862068965517,0.7371709708895227,0.5333333333333333,0.0,0.0,0.0,0.0,0.0,0.0,0.0,0.0,0.0,2002,radio,0.5
1,2,lr1e-04_bs16_modL1_fusion32_fusionL1_drop0p1_trmiss50_trlocradio,16,0.0001,1,32,1,0.1,lr1e-04_bs16_modL1_fusion32_fusionL1_drop0p1_trmiss50_trlocradio,9,0.5128807698686918,0.6552161375681559,0.5301724137931034,0.7456877198548963,0.5555555555555556,0.0,0.0,0.0,0.0,0.0,0.0,0.0,0.0,0.0,2002,radio,0.5
1,2,lr1e-04_bs16_modL1_fusion32_fusionL1_drop0p1_trmiss50_trlocradio,16,0.0001,1,32,1,0.1,lr1e-04_bs16_modL1_fusion32_fusionL1_drop0p1_trmiss50_trlocradio,10,0.489371399084727,0.6537535587946574,0.5474137931034483,0.7586821792128637,0.5333333333333333,0.0,0.0,0.0,0.0,0.0,0.0,0.0,0.0,0.0,2002,radio,0.5
1,2,lr1e-04_bs16_modL1_fusion32_fusionL1_drop0p1_trmiss50_trlocradio,16,0.0001,1,32,1,0.1,lr1e-04_bs16_modL1_fusion32_fusionL1_drop0p1_trmiss50_trlocradio,11,0.493507760266463,0.659065842628479,0.5387931034482758,0.7418808580623886,0.5333333333333333,0.0,0.0,0.0,0.0,0.0,0.0,0.0,0.0,0.0,2002,radio,0.5
1,2,lr1e-04_bs16_modL1_fusion32_fusionL1_drop0p1_trmiss50_trlocradio,16,0.0001,1,32,1,0.1,lr1e-04_bs16_modL1_fusion32_fusionL1_drop0p1_trmiss50_trlocradio,12,0.48386824131011963,0.6646489302317301,0.5150862068965517,0.7199159864798863,0.5555555555555556,0.0,0.0,0.0,0.0,0.0,0.0,0.0,0.0,0.0,2002,radio,0.5
1,2,lr1e-04_bs16_modL1_fusion32_fusionL1_drop0p1_trmiss50_trlocradio,16,0.0001,1,32,1,0.1,lr1e-04_bs16_modL1_fusion32_fusionL1_drop0p1_trmiss50_trlocradio,13,0.48284731060266495,0.6720768610636393,0.4892241379310345,0.6980393553495169,0.5555555555555556,0.0,0.0,0.0,0.0,0.0,0.0,0.0,0.0,0.0,2002,radio,0.5
1,2,lr1e-04_bs16_modL1_fusion32_fusionL1_drop0p1_trmiss50_trlocradio,16,0.0001,1,32,1,0.1,lr1e-04_bs16_modL1_fusion32_fusionL1_drop0p1_trmiss50_trlocradio,14,0.46411848316589993,0.6691950162251791,0.4956896551724138,0.7031879742349254,0.5555555555555556,0.0,0.0,0.0,0.0,0.0,0.0,0.0,0.0,0.0,2002,radio,0.5
1,2,lr1e-04_bs16_modL1_fusion32_fusionL1_drop0p1_trmiss50_trlocradio,16,0.0001,1,32,1,0.1,lr1e-04_bs16_modL1_fusion32_fusionL1_drop0p1_trmiss50_trlocradio,15,0.4681089495619138,0.6677035888036092,0.4935344827586208,0.7126087399053984,0.5555555555555556,0.0,0.0,0.0,0.0,0.0,0.0,0.0,0.0,0.0,2002,radio,0.5
1,2,lr1e-04_bs16_modL1_fusion32_fusionL1_drop0p1_trmiss50_trlocradio,16,0.0001,1,32,1,0.1,lr1e-04_bs16_modL1_fusion32_fusionL1_drop0p1_trmiss50_trlocradio,16,0.46100764473279315,0.6718596617380778,0.4806034482758621,0.6988717106511279,0.5555555555555556,0.0,0.0,0.0,0.0,0.0,0.0,0.0,0.0,0.0,2002,radio,0.5
1,2,lr1e-04_bs16_modL1_fusion32_fusionL1_drop0p1_trmiss50_trlocradio,16,0.0001,1,32,1,0.1,lr1e-04_bs16_modL1_fusion32_fusionL1_drop0p1_trmiss50_trlocradio,17,0.45408445845047635,0.6700396537780762,0.5129310344827587,0.7112007649270434,0.5555555555555556,0.0,0.0,0.0,0.0,0.0,0.0,0.0,0.0,0.0,2002,radio,0.5
1,2,lr1e-04_bs16_modL1_fusion32_fusionL1_drop0p1_trmiss50_trlocradio,16,0.0001,1,32,1,0.1,lr1e-04_bs16_modL1_fusion32_fusionL1_drop0p1_trmiss50_trlocradio,18,0.5079679215947787,0.6724943319956461,0.5043103448275862,0.709068982929721,0.5555555555555556,0.0,0.0,0.0,0.0,0.0,0.0,0.0,0.0,0.0,2002,radio,0.5
1,2,lr1e-04_bs16_modL1_fusion32_fusionL1_drop0p1_trmiss50_trlocradio,16,0.0001,1,32,1,0.1,lr1e-04_bs16_modL1_fusion32_fusionL1_drop0p1_trmiss50_trlocradio,19,0.48115920027097064,0.6711355845133463,0.4956896551724138,0.7109018533100737,0.5555555555555556,0.0,0.0,0.0,0.0,0.0,0.0,0.0,0.0,0.0,2002,radio,0.5
1,2,lr1e-04_bs16_modL1_fusion32_fusionL1_drop0p1_trmiss50_trlocradio,16,0.0001,1,32,1,0.1,lr1e-04_bs16_modL1_fusion32_fusionL1_drop0p1_trmiss50_trlocradio,20,0.4611619785428047,0.6621899406115214,0.5,0.7197942153223237,0.6,0.0,0.0,0.0,0.0,0.0,0.0,0.0,0.0,0.0,2002,radio,0.5
1,2,lr1e-04_bs16_modL1_fusion32_fusionL1_drop0p1_trmiss50_trlocradio,16,0.0001,1,32,1,0.1,lr1e-04_bs16_modL1_fusion32_fusionL1_drop0p1_trmiss50_trlocradio,21,0.46724704653024673,0.661295751730601,0.5193965517241379,0.7318924611789042,0.5555555555555556,0.0,0.0,0.0,0.0,0.0,0.0,0.0,0.0,0.0,2002,radio,0.5
1,2,lr1e-04_bs16_modL1_fusion32_fusionL1_drop0p1_trmiss50_trlocradio,16,0.0001,1,32,1,0.1,lr1e-04_bs16_modL1_fusion32_fusionL1_drop0p1_trmiss50_trlocradio,22,0.4628191962838173,0.6616776585578918,0.5064655172413793,0.7258085582027926,0.5555555555555556,0.0,0.0,0.0,0.0,0.0,0.0,0.0,0.0,0.0,2002,radio,0.5
1,2,lr1e-04_bs16_modL1_fusion32_fusionL1_drop0p1_trmiss50_trlocradio,16,0.0001,1,32,1,0.1,lr1e-04_bs16_modL1_fusion32_fusionL1_drop0p1_trmiss50_trlocradio,23,0.45675797760486603,0.6597550511360168,0.5086206896551724,0.724472890223202,0.5777777777777777,0.0,0.0,0.0,0.0,0.0,0.0,0.0,0.0,0.0,2002,radio,0.5
1,2,lr1e-04_bs16_modL1_fusion32_fusionL1_drop0p1_trmiss50_trlocradio,16,0.0001,1,32,1,0.1,lr1e-04_bs16_modL1_fusion32_fusionL1_drop0p1_trmiss50_trlocradio,24,0.44812174141407013,0.6613592704137167,0.5107758620689655,0.7246485031000848,0.5333333333333333,0.0,0.0,0.0,0.0,0.0,0.0,0.0,0.0,0.0,2002,radio,0.5
1,2,lr1e-04_bs16_modL1_fusion32_fusionL1_drop0p1_trmiss50_trlocradio,16,0.0001,1,32,1,0.1,lr1e-04_bs16_modL1_fusion32_fusionL1_drop0p1_trmiss50_trlocradio,25,0.4634345769882202,0.6573692758878072,0.5107758620689655,0.7266699951622875,0.5777777777777777,0.0,0.0,0.0,0.0,0.0,0.0,0.0,0.0,0.0,2002,radio,0.5
1,2,lr1e-04_bs16_modL1_fusion32_fusionL1_drop0p1_trmiss50_trlocradio,16,0.0001,1,32,1,0.1,lr1e-04_bs16_modL1_fusion32_fusionL1_drop0p1_trmiss50_trlocradio,26,0.44611381987730664,0.664264996846517,0.5043103448275862,0.7155982546533608,0.5555555555555556,0.0,0.0,0.0,0.0,0.0,0.0,0.0,0.0,0.0,2002,radio,0.5
1,2,lr1e-04_bs16_modL1_fusion32_fusionL1_drop0p1_trmiss50_trlocradio,16,0.0001,1,32,1,0.1,lr1e-04_bs16_modL1_fusion32_fusionL1_drop0p1_trmiss50_trlocradio,27,0.44949720799922943,0.6613094011942545,0.5086206896551725,0.7267524090389652,0.5555555555555556,0.0,0.0,0.0,0.0,0.0,0.0,0.0,0.0,0.0,2002,radio,0.5
1,2,lr1e-04_bs16_modL1_fusion32_fusionL1_drop0p1_trmiss50_trlocradio,16,0.0001,1,32,1,0.1,lr1e-04_bs16_modL1_fusion32_fusionL1_drop0p1_trmiss50_trlocradio,28,0.4579116900761922,0.6662825544675192,0.4978448275862069,0.7105667415977039,0.5333333333333333,0.0,0.0,0.0,0.0,0.0,0.0,0.0,0.0,0.0,2002,radio,0.5
1,2,lr1e-04_bs16_modL1_fusion32_fusionL1_drop0p1_trmiss50_trlocradio,16,0.0001,1,32,1,0.1,lr1e-04_bs16_modL1_fusion32_fusionL1_drop0p1_trmiss50_trlocradio,29,0.43602557480335236,0.6658248504002889,0.4978448275862069,0.7163446381632274,0.5555555555555556,0.0,0.0,0.0,0.0,0.0,0.0,0.0,0.0,0.0,2002,radio,0.5
1,2,lr1e-04_bs16_modL1_fusion32_fusionL1_drop0p1_trmiss50_trlocradio,16,0.0001,1,32,1,0.1,lr1e-04_bs16_modL1_fusion32_fusionL1_drop0p1_trmiss50_trlocradio,30,0.4550321350495021,0.6639148592948914,0.5043103448275862,0.7131368466974096,0.5555555555555556,0.0,0.0,0.0,0.0,0.0,0.0,0.0,0.0,0.0,2002,radio,0.5
1,2,lr1e-04_bs16_modL1_fusion64_fusionL1_drop0p2_trmiss50_trlocradio,16,0.0001,1,64,1,0.2,lr1e-04_bs16_modL1_fusion64_fusionL1_drop0p2_trmiss50_trlocradio,1,0.671928217013677,0.6668276389439901,0.5193965517241379,0.6898097472101428,0.6,0.0,0.0,0.0,0.0,0.0,0.0,0.0,0.0,0.0,2002,radio,0.5
1,2,lr1e-04_bs16_modL1_fusion64_fusionL1_drop0p2_trmiss50_trlocradio,16,0.0001,1,64,1,0.2,lr1e-04_bs16_modL1_fusion64_fusionL1_drop0p2_trmiss50_trlocradio,2,0.6128526081641515,0.6544662117958069,0.5689655172413793,0.7024207343487588,0.6222222222222222,0.0,0.0,0.0,0.0,0.0,0.0,0.0,0.0,0.0,2002,radio,0.5
1,2,lr1e-04_bs16_modL1_fusion64_fusionL1_drop0p2_trmiss50_trlocradio,16,0.0001,1,64,1,0.2,lr1e-04_bs16_modL1_fusion64_fusionL1_drop0p2_trmiss50_trlocradio,3,0.618992398182551,0.6490983565648397,0.5926724137931034,0.7103307776955701,0.6222222222222222,0.0,0.0,0.0,0.0,0.0,0.0,0.0,0.0,0.0,2002,radio,0.5
1,2,lr1e-04_bs16_modL1_fusion64_fusionL1_drop0p2_trmiss50_trlocradio,16,0.0001,1,64,1,0.2,lr1e-04_bs16_modL1_fusion64_fusionL1_drop0p2_trmiss50_trlocradio,4,0.586673637231191,0.6568316419919332,0.5711206896551725,0.6943702727847598,0.5777777777777777,0.0,0.0,0.0,0.0,0.0,0.0,0.0,0.0,0.0,2002,radio,0.5
1,2,lr1e-04_bs16_modL1_fusion64_fusionL1_drop0p2_trmiss50_trlocradio,16,0.0001,1,64,1,0.2,lr1e-04_bs16_modL1_fusion64_fusionL1_drop0p2_trmiss50_trlocradio,5,0.5553701817989349,0.6618165572484335,0.5603448275862069,0.6851882748817721,0.6,0.0,0.0,0.0,0.0,0.0,0.0,0.0,0.0,0.0,2002,radio,0.5
1,2,lr1e-04_bs16_modL1_fusion64_fusionL1_drop0p2_trmiss50_trlocradio,16,0.0001,1,64,1,0.2,lr1e-04_bs16_modL1_fusion64_fusionL1_drop0p2_trmiss50_trlocradio,6,0.5469841510057449,0.6613303224245707,0.5711206896551724,0.6935021670189967,0.6,0.0,0.0,0.0,0.0,0.0,0.0,0.0,0.0,0.0,2002,radio,0.5
1,2,lr1e-04_bs16_modL1_fusion64_fusionL1_drop0p2_trmiss50_trlocradio,16,0.0001,1,64,1,0.2,lr1e-04_bs16_modL1_fusion64_fusionL1_drop0p2_trmiss50_trlocradio,7,0.5627194245656332,0.6549470822016398,0.5840517241379309,0.7042985373654966,0.6222222222222222,0.0,0.0,0.0,0.0,0.0,0.0,0.0,0.0,0.0,2002,radio,0.5
1,2,lr1e-04_bs16_modL1_fusion64_fusionL1_drop0p2_trmiss50_trlocradio,16,0.0001,1,64,1,0.2,lr1e-04_bs16_modL1_fusion64_fusionL1_drop0p2_trmiss50_trlocradio,8,0.5104068865378698,0.6682504614194235,0.5775862068965517,0.6903533318880646,0.6,0.0,0.0,0.0,0.0,0.0,0.0,0.0,0.0,0.0,2002,radio,0.5
1,2,lr1e-04_bs16_modL1_fusion64_fusionL1_drop0p2_trmiss50_trlocradio,16,0.0001,1,64,1,0.2,lr1e-04_bs16_modL1_fusion64_fusionL1_drop0p2_trmiss50_trlocradio,9,0.5106443638602892,0.6651859084765116,0.5883620689655172,0.6926737324321303,0.6222222222222222,0.0,0.0,0.0,0.0,0.0,0.0,0.0,0.0,0.0,2002,radio,0.5
1,2,lr1e-04_bs16_modL1_fusion64_fusionL1_drop0p2_trmiss50_trlocradio,16,0.0001,1,64,1,0.2,lr1e-04_bs16_modL1_fusion64_fusionL1_drop0p2_trmiss50_trlocradio,10,0.5045433541138967,0.6648691097895304,0.584051724137931,0.6910300657716252,0.6,0.0,0.0,0.0,0.0,0.0,0.0,0.0,0.0,0.0,2002,radio,0.5
1,2,lr1e-04_bs16_modL1_fusion64_fusionL1_drop0p2_trmiss50_trlocradio,16,0.0001,1,64,1,0.2,lr1e-04_bs16_modL1_fusion64_fusionL1_drop0p2_trmiss50_trlocradio,11,0.5106710568070412,0.6651024222373962,0.5646551724137931,0.6844685011072685,0.6222222222222222,0.0,0.0,0.0,0.0,0.0,0.0,0.0,0.0,0.0,2002,radio,0.5
1,2,lr1e-04_bs16_modL1_fusion64_fusionL1_drop0p2_trmiss50_trlocradio,16,0.0001,1,64,1,0.2,lr1e-04_bs16_modL1_fusion64_fusionL1_drop0p2_trmiss50_trlocradio,12,0.48272302001714706,0.6714588403701782,0.5452586206896551,0.6756297944422488,0.6222222222222222,0.0,0.0,0.0,0.0,0.0,0.0,0.0,0.0,0.0,2002,radio,0.5
1,2,lr1e-04_bs16_modL1_fusion64_fusionL1_drop0p2_trmiss50_trlocradio,16,0.0001,1,64,1,0.2,lr1e-04_bs16_modL1_fusion64_fusionL1_drop0p2_trmiss50_trlocradio,13,0.49734146147966385,0.6824371019999186,0.5387931034482759,0.665657379410429,0.5777777777777777,0.0,0.0,0.0,0.0,0.0,0.0,0.0,0.0,0.0,2002,radio,0.5
1,2,lr1e-04_bs16_modL1_fusion64_fusionL1_drop0p2_trmiss50_trlocradio,16,0.0001,1,64,1,0.2,lr1e-04_bs16_modL1_fusion64_fusionL1_drop0p2_trmiss50_trlocradio,14,0.4716094334920247,0.6870130300521851,0.5387931034482758,0.66900565988723,0.5555555555555556,0.0,0.0,0.0,0.0,0.0,0.0,0.0,0.0,0.0,2002,radio,0.5
1,2,lr1e-04_bs16_modL1_fusion64_fusionL1_drop0p2_trmiss50_trlocradio,16,0.0001,1,64,1,0.2,lr1e-04_bs16_modL1_fusion64_fusionL1_drop0p2_trmiss50_trlocradio,15,0.4786021336913109,0.6865028937657675,0.5280172413793104,0.6698691998794608,0.5777777777777777,0.0,0.0,0.0,0.0,0.0,0.0,0.0,0.0,0.0,2002,radio,0.5
1,2,lr1e-04_bs16_modL1_fusion64_fusionL1_drop0p2_trmiss50_trlocradio,16,0.0001,1,64,1,0.2,lr1e-04_bs16_modL1_fusion64_fusionL1_drop0p2_trmiss50_trlocradio,16,0.48287354906400043,0.6835857431093851,0.5495689655172413,0.6818114511652363,0.6,0.0,0.0,0.0,0.0,0.0,0.0,0.0,0.0,0.0,2002,radio,0.5
1,2,lr1e-04_bs16_modL1_fusion64_fusionL1_drop0p2_trmiss50_trlocradio,16,0.0001,1,64,1,0.2,lr1e-04_bs16_modL1_fusion64_fusionL1_drop0p2_trmiss50_trlocradio,17,0.44859760999679565,0.6805907487869263,0.5452586206896551,0.675258323462484,0.6222222222222222,0.0,0.0,0.0,0.0,0.0,0.0,0.0,0.0,0.0,2002,radio,0.5
1,2,lr1e-04_bs16_modL1_fusion64_fusionL1_drop0p2_trmiss50_trlocradio,16,0.0001,1,64,1,0.2,lr1e-04_bs16_modL1_fusion64_fusionL1_drop0p2_trmiss50_trlocradio,18,0.4644546036918958,0.6811027129491171,0.560344827586207,0.6868412144387023,0.6,0.0,0.0,0.0,0.0,0.0,0.0,0.0,0.0,0.0,2002,radio,0.5
1,2,lr1e-04_bs16_modL1_fusion64_fusionL1_drop0p2_trmiss50_trlocradio,16,0.0001,1,64,1,0.2,lr1e-04_bs16_modL1_fusion64_fusionL1_drop0p2_trmiss50_trlocradio,19,0.48279405385255814,0.6780270338058472,0.5387931034482758,0.6773926643810821,0.5777777777777777,0.0,0.0,0.0,0.0,0.0,0.0,0.0,0.0,0.0,2002,radio,0.5
1,2,lr1e-04_bs16_modL1_fusion64_fusionL1_drop0p2_trmiss50_trlocradio,16,0.0001,1,64,1,0.2,lr1e-04_bs16_modL1_fusion64_fusionL1_drop0p2_trmiss50_trlocradio,20,0.4395962357521057,0.6798462867736816,0.5646551724137931,0.6902783988055138,0.5777777777777777,0.0,0.0,0.0,0.0,0.0,0.0,0.0,0.0,0.0,2002,radio,0.5
1,2,lr1e-04_bs16_modL1_fusion64_fusionL1_drop0p2_trmiss50_trlocradio,16,0.0001,1,64,1,0.2,lr1e-04_bs16_modL1_fusion64_fusionL1_drop0p2_trmiss50_trlocradio,21,0.4592449714740117,0.6862454414367676,0.5538793103448276,0.6810711965531925,0.6,0.0,0.0,0.0,0.0,0.0,0.0,0.0,0.0,0.0,2002,radio,0.5
1,2,lr1e-04_bs16_modL1_fusion64_fusionL1_drop0p2_trmiss50_trlocradio,16,0.0001,1,64,1,0.2,lr1e-04_bs16_modL1_fusion64_fusionL1_drop0p2_trmiss50_trlocradio,22,0.46037321786085766,0.6790938377380371,0.5581896551724137,0.682923212819509,0.6,0.0,0.0,0.0,0.0,0.0,0.0,0.0,0.0,0.0,2002,radio,0.5
1,2,lr1e-04_bs16_modL1_fusion64_fusionL1_drop0p2_trmiss50_trlocradio,16,0.0001,1,64,1,0.2,lr1e-04_bs16_modL1_fusion64_fusionL1_drop0p2_trmiss50_trlocradio,23,0.5142476012309393,0.6773807009061178,0.5581896551724138,0.6859744237310719,0.6,0.0,0.0,0.0,0.0,0.0,0.0,0.0,0.0,0.0,2002,radio,0.5
1,2,lr1e-04_bs16_modL1_fusion64_fusionL1_drop0p2_trmiss50_trlocradio,16,0.0001,1,64,1,0.2,lr1e-04_bs16_modL1_fusion64_fusionL1_drop0p2_trmiss50_trlocradio,24,0.4493005921443303,0.6766139268875122,0.5732758620689655,0.6927084410413142,0.6,0.0,0.0,0.0,0.0,0.0,0.0,0.0,0.0,0.0,2002,radio,0.5
1,2,lr1e-04_bs16_modL1_fusion64_fusionL1_drop0p2_trmiss50_trlocradio,16,0.0001,1,64,1,0.2,lr1e-04_bs16_modL1_fusion64_fusionL1_drop0p2_trmiss50_trlocradio,25,0.4509099746743838,0.6811042626698812,0.5668103448275863,0.6881268319438931,0.6,0.0,0.0,0.0,0.0,0.0,0.0,0.0,0.0,0.0,2002,radio,0.5
1,2,lr1e-04_bs16_modL1_fusion64_fusionL1_drop0p2_trmiss50_trlocradio,16,0.0001,1,64,1,0.2,lr1e-04_bs16_modL1_fusion64_fusionL1_drop0p2_trmiss50_trlocradio,26,0.45485850671927136,0.6807390252749125,0.5581896551724138,0.6878216314917946,0.5777777777777777,0.0,0.0,0.0,0.0,0.0,0.0,0.0,0.0,0.0,2002,radio,0.5
1,2,lr1e-04_bs16_modL1_fusion64_fusionL1_drop0p2_trmiss50_trlocradio,16,0.0001,1,64,1,0.2,lr1e-04_bs16_modL1_fusion64_fusionL1_drop0p2_trmiss50_trlocradio,27,0.4938696473836899,0.6785912911097208,0.5581896551724138,0.6870533516445675,0.5777777777777777,0.0,0.0,0.0,0.0,0.0,0.0,0.0,0.0,0.0,2002,radio,0.5
1,2,lr1e-04_bs16_modL1_fusion64_fusionL1_drop0p2_trmiss50_trlocradio,16,0.0001,1,64,1,0.2,lr1e-04_bs16_modL1_fusion64_fusionL1_drop0p2_trmiss50_trlocradio,28,0.45801012714703876,0.6737573146820068,0.5689655172413792,0.682523701470165,0.6,0.0,0.0,0.0,0.0,0.0,0.0,0.0,0.0,0.0,2002,radio,0.5
1,2,lr1e-04_bs16_modL1_fusion64_fusionL1_drop0p2_trmiss50_trlocradio,16,0.0001,1,64,1,0.2,lr1e-04_bs16_modL1_fusion64_fusionL1_drop0p2_trmiss50_trlocradio,29,0.4473733603954315,0.6771319111188253,0.5689655172413793,0.683390346470901,0.6222222222222222,0.0,0.0,0.0,0.0,0.0,0.0,0.0,0.0,0.0,2002,radio,0.5
1,2,lr1e-04_bs16_modL1_fusion64_fusionL1_drop0p1_trmiss50_trlocradio,16,0.0001,1,64,1,0.1,lr1e-04_bs16_modL1_fusion64_fusionL1_drop0p1_trmiss50_trlocradio,1,0.6803194731473923,0.6778857509295145,0.5280172413793104,0.6924330197658501,0.5555555555555556,0.0,0.0,0.0,0.0,0.0,0.0,0.0,0.0,0.0,2002,radio,0.5
1,2,lr1e-04_bs16_modL1_fusion64_fusionL1_drop0p1_trmiss50_trlocradio,16,0.0001,1,64,1,0.1,lr1e-04_bs16_modL1_fusion64_fusionL1_drop0p1_trmiss50_trlocradio,2,0.6341907232999802,0.6745682756106058,0.5043103448275862,0.6717238364126201,0.5555555555555556,0.0,0.0,0.0,0.0,0.0,0.0,0.0,0.0,0.0,2002,radio,0.5
1,2,lr1e-04_bs16_modL1_fusion64_fusionL1_drop0p1_trmiss50_trlocradio,16,0.0001,1,64,1,0.1,lr1e-04_bs16_modL1_fusion64_fusionL1_drop0p1_trmiss50_trlocradio,3,0.6023740619421005,0.6773977677027384,0.5086206896551724,0.663479668974222,0.6,0.0,0.0,0.0,0.0,0.0,0.0,0.0,0.0,0.0,2002,radio,0.5
1,2,lr1e-04_bs16_modL1_fusion64_fusionL1_drop0p1_trmiss50_trlocradio,16,0.0001,1,64,1,0.1,lr1e-04_bs16_modL1_fusion64_fusionL1_drop0p1_trmiss50_trlocradio,4,0.5759026731053988,0.6813788016637167,0.5021551724137931,0.6622600129823933,0.5777777777777777,0.0,0.0,0.0,0.0,0.0,0.0,0.0,0.0,0.0,2002,radio,0.5
1,2,lr1e-04_bs16_modL1_fusion64_fusionL1_drop0p1_trmiss50_trlocradio,16,0.0001,1,64,1,0.1,lr1e-04_bs16_modL1_fusion64_fusionL1_drop0p1_trmiss50_trlocradio,5,0.5636886283755302,0.6749789913495382,0.5129310344827587,0.6663939142359011,0.6222222222222222,0.0,0.0,0.0,0.0,0.0,0.0,0.0,0.0,0.0,2002,radio,0.5
1,2,lr1e-04_bs16_modL1_fusion64_fusionL1_drop0p1_trmiss50_trlocradio,16,0.0001,1,64,1,0.1,lr1e-04_bs16_modL1_fusion64_fusionL1_drop0p1_trmiss50_trlocradio,6,0.5546670978267988,0.6742674112319946,0.5301724137931034,0.6673514820057128,0.6222222222222222,0.0,0.0,0.0,0.0,0.0,0.0,0.0,0.0,0.0,2002,radio,0.5
1,2,lr1e-04_bs16_modL1_fusion64_fusionL1_drop0p1_trmiss50_trlocradio,16,0.0001,1,64,1,0.1,lr1e-04_bs16_modL1_fusion64_fusionL1_drop0p1_trmiss50_trlocradio,7,0.5449802353978157,0.6825080315272013,0.5323275862068966,0.6678137886680648,0.6222222222222222,0.0,0.0,0.0,0.0,0.0,0.0,0.0,0.0,0.0,2002,radio,0.5
1,2,lr1e-04_bs16_modL1_fusion64_fusionL1_drop0p1_trmiss50_trlocradio,16,0.0001,1,64,1,0.1,lr1e-04_bs16_modL1_fusion64_fusionL1_drop0p1_trmiss50_trlocradio,8,0.5342457145452499,0.6783696413040161,0.5344827586206897,0.6845280195188042,0.6222222222222222,0.0,0.0,0.0,0.0,0.0,0.0,0.0,0.0,0.0,2002,radio,0.5
1,2,lr1e-04_bs16_modL1_fusion64_fusionL1_drop0p1_trmiss50_trlocradio,16,0.0001,1,64,1,0.1,lr1e-04_bs16_modL1_fusion64_fusionL1_drop0p1_trmiss50_trlocradio,9,0.5060857981443405,0.6826552351315817,0.5280172413793103,0.6726433542578386,0.6,0.0,0.0,0.0,0.0,0.0,0.0,0.0,0.0,0.0,2002,radio,0.5
1,2,lr1e-04_bs16_modL1_fusion64_fusionL1_drop0p1_trmiss50_trlocradio,16,0.0001,1,64,1,0.1,lr1e-04_bs16_modL1_fusion64_fusionL1_drop0p1_trmiss50_trlocradio,10,0.5022092312574387,0.6804805199305216,0.5474137931034483,0.6827260792536826,0.6444444444444445,0.0,0.0,0.0,0.0,0.0,0.0,0.0,0.0,0.0,2002,radio,0.5
1,2,lr1e-04_bs16_modL1_fusion64_fusionL1_drop0p1_trmiss50_trlocradio,16,0.0001,1,64,1,0.1,lr1e-04_bs16_modL1_fusion64_fusionL1_drop0p1_trmiss50_trlocradio,11,0.4883055364092191,0.6904060045878092,0.5258620689655172,0.663714642712916,0.6,0.0,0.0,0.0,0.0,0.0,0.0,0.0,0.0,0.0,2002,radio,0.5
1,2,lr1e-04_bs16_modL1_fusion64_fusionL1_drop0p1_trmiss50_trlocradio,16,0.0001,1,64,1,0.1,lr1e-04_bs16_modL1_fusion64_fusionL1_drop0p1_trmiss50_trlocradio,12,0.46749453494946164,0.683571974436442,0.5431034482758621,0.680286860025121,0.5777777777777777,0.0,0.0,0.0,0.0,0.0,0.0,0.0,0.0,0.0,2002,radio,0.5
1,2,lr1e-04_bs16_modL1_fusion64_fusionL1_drop0p1_trmiss50_trlocradio,16,0.0001,1,64,1,0.1,lr1e-04_bs16_modL1_fusion64_fusionL1_drop0p1_trmiss50_trlocradio,13,0.47417524208625156,0.6760390798250834,0.5581896551724138,0.6993420263999872,0.5777777777777777,0.0,0.0,0.0,0.0,0.0,0.0,0.0,0.0,0.0,2002,radio,0.5
1,2,lr1e-04_bs16_modL1_fusion64_fusionL1_drop0p1_trmiss50_trlocradio,16,0.0001,1,64,1,0.1,lr1e-04_bs16_modL1_fusion64_fusionL1_drop0p1_trmiss50_trlocradio,14,0.4944682295123736,0.6761030356089274,0.5646551724137931,0.7032330896327131,0.6444444444444445,0.0,0.0,0.0,0.0,0.0,0.0,0.0,0.0,0.0,2002,radio,0.5
1,2,lr1e-04_bs16_modL1_fusion64_fusionL1_drop0p1_trmiss50_trlocradio,16,0.0001,1,64,1,0.1,lr1e-04_bs16_modL1_fusion64_fusionL1_drop0p1_trmiss50_trlocradio,15,0.46234528968731564,0.6837568084398905,0.5625,0.7005031158321122,0.6,0.0,0.0,0.0,0.0,0.0,0.0,0.0,0.0,0.0,2002,radio,0.5
1,2,lr1e-04_bs16_modL1_fusion64_fusionL1_drop0p1_trmiss50_trlocradio,16,0.0001,1,64,1,0.1,lr1e-04_bs16_modL1_fusion64_fusionL1_drop0p1_trmiss50_trlocradio,16,0.4562112515171369,0.6809780399004618,0.5538793103448275,0.6948756896987489,0.5777777777777777,0.0,0.0,0.0,0.0,0.0,0.0,0.0,0.0,0.0,2002,radio,0.5
1,2,lr1e-04_bs16_modL1_fusion64_fusionL1_drop0p1_trmiss50_trlocradio,16,0.0001,1,64,1,0.1,lr1e-04_bs16_modL1_fusion64_fusionL1_drop0p1_trmiss50_trlocradio,17,0.45426754653453827,0.6913628578186035,0.5387931034482759,0.6900224920978797,0.6,0.0,0.0,0.0,0.0,0.0,0.0,0.0,0.0,0.0,2002,radio,0.5
1,2,lr1e-04_bs16_modL1_fusion64_fusionL1_drop0p1_trmiss50_trlocradio,16,0.0001,1,64,1,0.1,lr1e-04_bs16_modL1_fusion64_fusionL1_drop0p1_trmiss50_trlocradio,18,0.4405651316046715,0.6793421705563863,0.5581896551724138,0.6901444712329386,0.5777777777777777,0.0,0.0,0.0,0.0,0.0,0.0,0.0,0.0,0.0,2002,radio,0.5
1,2,lr1e-04_bs16_modL1_fusion64_fusionL1_drop0p1_trmiss50_trlocradio,16,0.0001,1,64,1,0.1,lr1e-04_bs16_modL1_fusion64_fusionL1_drop0p1_trmiss50_trlocradio,19,0.4282921130458514,0.6799804170926412,0.5668103448275862,0.705750626625689,0.5777777777777777,0.0,0.0,0.0,0.0,0.0,0.0,0.0,0.0,0.0,2002,radio,0.5
1,2,lr1e-04_bs16_modL1_fusion64_fusionL1_drop0p1_trmiss50_trlocradio,16,0.0001,1,64,1,0.1,lr1e-04_bs16_modL1_fusion64_fusionL1_drop0p1_trmiss50_trlocradio,20,0.42943766713142395,0.6780500610669454,0.5495689655172413,0.6992295055494909,0.5555555555555556,0.0,0.0,0.0,0.0,0.0,0.0,0.0,0.0,0.0,2002,radio,0.5
1,2,lr1e-04_bs16_modL1_fusion64_fusionL1_drop0p1_trmiss50_trlocradio,16,0.0001,1,64,1,0.1,lr1e-04_bs16_modL1_fusion64_fusionL1_drop0p1_trmiss50_trlocradio,21,0.4433345099290212,0.6764138539632162,0.5581896551724138,0.694124718316634,0.5777777777777777,0.0,0.0,0.0,0.0,0.0,0.0,0.0,0.0,0.0,2002,radio,0.5
1,2,lr1e-04_bs16_modL1_fusion64_fusionL1_drop0p1_trmiss50_trlocradio,16,0.0001,1,64,1,0.1,lr1e-04_bs16_modL1_fusion64_fusionL1_drop0p1_trmiss50_trlocradio,22,0.41203883786996204,0.6763774355252584,0.5560344827586208,0.690267693211721,0.6222222222222222,0.0,0.0,0.0,0.0,0.0,0.0,0.0,0.0,0.0,2002,radio,0.5
1,2,lr1e-04_bs16_modL1_fusion64_fusionL1_drop0p1_trmiss50_trlocradio,16,0.0001,1,64,1,0.1,lr1e-04_bs16_modL1_fusion64_fusionL1_drop0p1_trmiss50_trlocradio,23,0.42499204476674396,0.6738505562146505,0.5711206896551724,0.6993670963979688,0.6222222222222222,0.0,0.0,0.0,0.0,0.0,0.0,0.0,0.0,0.0,2002,radio,0.5
1,2,lr1e-04_bs16_modL1_fusion64_fusionL1_drop0p1_trmiss50_trlocradio,16,0.0001,1,64,1,0.1,lr1e-04_bs16_modL1_fusion64_fusionL1_drop0p1_trmiss50_trlocradio,24,0.4161774044235547,0.6847858230272929,0.5625,0.6938036054354699,0.5777777777777777,0.0,0.0,0.0,0.0,0.0,0.0,0.0,0.0,0.0,2002,radio,0.5
1,2,lr1e-04_bs16_modL1_fusion64_fusionL1_drop0p1_trmiss50_trlocradio,16,0.0001,1,64,1,0.1,lr1e-04_bs16_modL1_fusion64_fusionL1_drop0p1_trmiss50_trlocradio,25,0.43301181743542355,0.6786501407623291,0.5689655172413793,0.6842634414074763,0.5555555555555556,0.0,0.0,0.0,0.0,0.0,0.0,0.0,0.0,0.0,2002,radio,0.5
1,2,lr1e-04_bs16_modL1_fusion64_fusionL1_drop0p1_trmiss50_trlocradio,16,0.0001,1,64,1,0.1,lr1e-04_bs16_modL1_fusion64_fusionL1_drop0p1_trmiss50_trlocradio,26,0.428159994383653,0.6685456236203512,0.5797413793103449,0.7061852617195652,0.6222222222222222,0.0,0.0,0.0,0.0,0.0,0.0,0.0,0.0,0.0,2002,radio,0.5
1,2,lr1e-04_bs16_modL1_fusion64_fusionL1_drop0p1_trmiss50_trlocradio,16,0.0001,1,64,1,0.1,lr1e-04_bs16_modL1_fusion64_fusionL1_drop0p1_trmiss50_trlocradio,27,0.42284347116947174,0.6754010121027628,0.5754310344827587,0.7032416960522753,0.5333333333333333,0.0,0.0,0.0,0.0,0.0,0.0,0.0,0.0,0.0,2002,radio,0.5
1,2,lr1e-04_bs16_modL1_fusion64_fusionL1_drop0p1_trmiss50_trlocradio,16,0.0001,1,64,1,0.1,lr1e-04_bs16_modL1_fusion64_fusionL1_drop0p1_trmiss50_trlocradio,28,0.4521270940701167,0.6741783022880554,0.5689655172413793,0.6854765448358436,0.6222222222222222,0.0,0.0,0.0,0.0,0.0,0.0,0.0,0.0,0.0,2002,radio,0.5
1,2,lr1e-04_bs16_modL1_fusion64_fusionL1_drop0p1_trmiss50_trlocradio,16,0.0001,1,64,1,0.1,lr1e-04_bs16_modL1_fusion64_fusionL1_drop0p1_trmiss50_trlocradio,29,0.4091516037782033,0.6632311940193176,0.5883620689655172,0.7307852437112611,0.5555555555555556,0.0,0.0,0.0,0.0,0.0,0.0,0.0,0.0,0.0,2002,radio,0.5
1,2,lr1e-04_bs16_modL1_fusion64_fusionL1_drop0p1_trmiss50_trlocradio,16,0.0001,1,64,1,0.1,lr1e-04_bs16_modL1_fusion64_fusionL1_drop0p1_trmiss50_trlocradio,30,0.4314033513267835,0.6699275970458984,0.5668103448275862,0.7033043026594121,0.6,0.0,0.0,0.0,0.0,0.0,0.0,0.0,0.0,0.0,2002,radio,0.5
1,2,lr1e-04_bs16_modL1_fusion64_fusionL1_drop0p1_trmiss50_trlocradio,16,0.0001,1,64,1,0.1,lr1e-04_bs16_modL1_fusion64_fusionL1_drop0p1_trmiss50_trlocradio,31,0.4068989008665085,0.6626964410146078,0.5775862068965518,0.716003186530314,0.5555555555555556,0.0,0.0,0.0,0.0,0.0,0.0,0.0,0.0,0.0,2002,radio,0.5
1,2,lr1e-04_bs16_modL1_fusion64_fusionL1_drop0p1_trmiss50_trlocradio,16,0.0001,1,64,1,0.1,lr1e-04_bs16_modL1_fusion64_fusionL1_drop0p1_trmiss50_trlocradio,32,0.45304417610168457,0.66389000415802,0.5732758620689655,0.7148223749503984,0.6,0.0,0.0,0.0,0.0,0.0,0.0,0.0,0.0,0.0,2002,radio,0.5
1,2,lr1e-04_bs16_modL1_fusion64_fusionL1_drop0p1_trmiss50_trlocradio,16,0.0001,1,64,1,0.1,lr1e-04_bs16_modL1_fusion64_fusionL1_drop0p1_trmiss50_trlocradio,33,0.3815613215168317,0.6797841986020406,0.5603448275862069,0.6994664445909867,0.5555555555555556,0.0,0.0,0.0,0.0,0.0,0.0,0.0,0.0,0.0,2002,radio,0.5
1,2,lr1e-04_bs16_modL1_fusion64_fusionL1_drop0p1_trmiss50_trlocradio,16,0.0001,1,64,1,0.1,lr1e-04_bs16_modL1_fusion64_fusionL1_drop0p1_trmiss50_trlocradio,34,0.3817264238993327,0.6800961295763651,0.5668103448275862,0.7129988486955212,0.5777777777777777,0.0,0.0,0.0,0.0,0.0,0.0,0.0,0.0,0.0,2002,radio,0.5
1,2,lr1e-04_bs16_modL1_fusion64_fusionL1_drop0p1_trmiss50_trlocradio,16,0.0001,1,64,1,0.1,lr1e-04_bs16_modL1_fusion64_fusionL1_drop0p1_trmiss50_trlocradio,35,0.38974115749200183,0.6827481587727865,0.5581896551724138,0.6955918085710684,0.5333333333333333,0.0,0.0,0.0,0.0,0.0,0.0,0.0,0.0,0.0,2002,radio,0.5
1,2,lr1e-04_bs16_modL1_fusion64_fusionL1_drop0p1_trmiss50_trlocradio,16,0.0001,1,64,1,0.1,lr1e-04_bs16_modL1_fusion64_fusionL1_drop0p1_trmiss50_trlocradio,36,0.39720724523067474,0.693856398264567,0.5452586206896552,0.6706983836263152,0.5555555555555556,0.0,0.0,0.0,0.0,0.0,0.0,0.0,0.0,0.0,2002,radio,0.5
1,2,lr1e-04_bs16_modL1_fusion64_fusionL1_drop0p1_trmiss50_trlocradio,16,0.0001,1,64,1,0.1,lr1e-04_bs16_modL1_fusion64_fusionL1_drop0p1_trmiss50_trlocradio,37,0.41359637429316837,0.6931439439455668,0.5517241379310345,0.6919040304952792,0.5777777777777777,0.0,0.0,0.0,0.0,0.0,0.0,0.0,0.0,0.0,2002,radio,0.5
1,2,lr1e-04_bs16_modL1_fusion64_fusionL1_drop0p1_trmiss50_trlocradio,16,0.0001,1,64,1,0.1,lr1e-04_bs16_modL1_fusion64_fusionL1_drop0p1_trmiss50_trlocradio,38,0.3693399329980214,0.6910005609194437,0.5603448275862069,0.678977487119616,0.6,0.0,0.0,0.0,0.0,0.0,0.0,0.0,0.0,0.0,2002,radio,0.5
1,2,lr1e-04_bs16_modL1_fusion64_fusionL1_drop0p1_trmiss50_trlocradio,16,0.0001,1,64,1,0.1,lr1e-04_bs16_modL1_fusion64_fusionL1_drop0p1_trmiss50_trlocradio,39,0.4027554914355278,0.6911986867586771,0.5560344827586207,0.6891629851168761,0.5777777777777777,0.0,0.0,0.0,0.0,0.0,0.0,0.0,0.0,0.0,2002,radio,0.5
1,2,lr1e-04_bs16_modL1_fusion64_fusionL1_drop0p1_trmiss50_trlocradio,16,0.0001,1,64,1,0.1,lr1e-04_bs16_modL1_fusion64_fusionL1_drop0p1_trmiss50_trlocradio,40,0.3757165273030599,0.6874801913897196,0.5625,0.6943341257088287,0.5333333333333333,0.0,0.0,0.0,0.0,0.0,0.0,0.0,0.0,0.0,2002,radio,0.5
1,2,lr1e-04_bs16_modL1_fusion64_fusionL1_drop0p1_trmiss50_trlocradio,16,0.0001,1,64,1,0.1,lr1e-04_bs16_modL1_fusion64_fusionL1_drop0p1_trmiss50_trlocradio,41,0.4135178029537201,0.6866528590520223,0.5581896551724138,0.6761495212442915,0.6,0.0,0.0,0.0,0.0,0.0,0.0,0.0,0.0,0.0,2002,radio,0.5
1,2,lr1e-04_bs16_modL1_fusion64_fusionL1_drop0p1_trmiss50_trlocradio,16,0.0001,1,64,1,0.1,lr1e-04_bs16_modL1_fusion64_fusionL1_drop0p1_trmiss50_trlocradio,42,0.37650735924641293,0.6825946172078451,0.5711206896551724,0.6798202769028769,0.6,0.0,0.0,0.0,0.0,0.0,0.0,0.0,0.0,0.0,2002,radio,0.5
1,2,lr1e-04_bs16_modL1_fusion64_fusionL1_drop0p1_trmiss50_trlocradio,16,0.0001,1,64,1,0.1,lr1e-04_bs16_modL1_fusion64_fusionL1_drop0p1_trmiss50_trlocradio,43,0.3723570480942726,0.6924976110458374,0.5495689655172414,0.6822078920751631,0.5777777777777777,0.0,0.0,0.0,0.0,0.0,0.0,0.0,0.0,0.0,2002,radio,0.5
1,2,lr1e-04_bs16_modL1_fusion64_fusionL1_drop0p1_trmiss50_trlocradio,16,0.0001,1,64,1,0.1,lr1e-04_bs16_modL1_fusion64_fusionL1_drop0p1_trmiss50_trlocradio,44,0.36588140577077866,0.6880873044331869,0.5581896551724137,0.6775291683425925,0.5777777777777777,0.0,0.0,0.0,0.0,0.0,0.0,0.0,0.0,0.0,2002,radio,0.5
1,2,lr1e-04_bs16_modL1_fusion64_fusionL1_drop0p1_trmiss50_trlocradio,16,0.0001,1,64,1,0.1,lr1e-04_bs16_modL1_fusion64_fusionL1_drop0p1_trmiss50_trlocradio,45,0.39108381668726605,0.6944957772890726,0.5495689655172413,0.6682894364524126,0.6,0.0,0.0,0.0,0.0,0.0,0.0,0.0,0.0,0.0,2002,radio,0.5
1,2,lr1e-04_bs16_modL1_fusion64_fusionL1_drop0p1_trmiss50_trlocradio,16,0.0001,1,64,1,0.1,lr1e-04_bs16_modL1_fusion64_fusionL1_drop0p1_trmiss50_trlocradio,46,0.38438018411397934,0.693963627020518,0.5560344827586207,0.6752497472159688,0.5555555555555556,0.0,0.0,0.0,0.0,0.0,0.0,0.0,0.0,0.0,2002,radio,0.5
1,2,lr1e-04_bs16_modL1_fusion64_fusionL1_drop0p1_trmiss50_trlocradio,16,0.0001,1,64,1,0.1,lr1e-04_bs16_modL1_fusion64_fusionL1_drop0p1_trmiss50_trlocradio,47,0.3798396959900856,0.6947856545448303,0.5538793103448276,0.6707430618343106,0.5777777777777777,0.0,0.0,0.0,0.0,0.0,0.0,0.0,0.0,0.0,2002,radio,0.5
1,2,lr1e-04_bs16_modL1_fusion64_fusionL1_drop0p1_trmiss50_trlocradio,16,0.0001,1,64,1,0.1,lr1e-04_bs16_modL1_fusion64_fusionL1_drop0p1_trmiss50_trlocradio,48,0.3618108630180359,0.6966934204101562,0.5474137931034483,0.6838171827696324,0.5777777777777777,0.0,0.0,0.0,0.0,0.0,0.0,0.0,0.0,0.0,2002,radio,0.5
1,2,lr1e-04_bs16_modL1_fusion64_fusionL1_drop0p1_trmiss50_trlocradio,16,0.0001,1,64,1,0.1,lr1e-04_bs16_modL1_fusion64_fusionL1_drop0p1_trmiss50_trlocradio,49,0.39397523800532025,0.698099950949351,0.5452586206896551,0.6839448088459819,0.5777777777777777,0.0,0.0,0.0,0.0,0.0,0.0,0.0,0.0,0.0,2002,radio,0.5
1,2,lr5e-05_bs32_modL1_fusion32_fusionL1_drop0p2_trmiss50_trlocradio,32,5e-05,1,32,1,0.2,lr5e-05_bs32_modL1_fusion32_fusionL1_drop0p2_trmiss50_trlocradio,1,0.7107718686262766,0.6903726160526276,0.49784482758620696,0.6700284133008434,0.5777777777777777,0.0,0.0,0.0,0.0,0.0,0.0,0.0,0.0,0.0,2002,radio,0.5
1,2,lr5e-05_bs32_modL1_fusion32_fusionL1_drop0p2_trmiss50_trlocradio,32,5e-05,1,32,1,0.2,lr5e-05_bs32_modL1_fusion32_fusionL1_drop0p2_trmiss50_trlocradio,2,0.646536668141683,0.6944677233695984,0.4956896551724138,0.6739078257584163,0.5333333333333333,0.0,0.0,0.0,0.0,0.0,0.0,0.0,0.0,0.0,2002,radio,0.5
1,2,lr5e-05_bs32_modL1_fusion32_fusionL1_drop0p2_trmiss50_trlocradio,32,5e-05,1,32,1,0.2,lr5e-05_bs32_modL1_fusion32_fusionL1_drop0p2_trmiss50_trlocradio,3,0.6585517923037211,0.7017755806446075,0.4806034482758621,0.6578221780705096,0.5111111111111111,0.0,0.0,0.0,0.0,0.0,0.0,0.0,0.0,0.0,2002,radio,0.5
1,2,lr5e-05_bs32_modL1_fusion32_fusionL1_drop0p2_trmiss50_trlocradio,32,5e-05,1,32,1,0.2,lr5e-05_bs32_modL1_fusion32_fusionL1_drop0p2_trmiss50_trlocradio,4,0.6550524433453878,0.7117034792900085,0.4762931034482758,0.6685703250203462,0.5111111111111111,0.0,0.0,0.0,0.0,0.0,0.0,0.0,0.0,0.0,2002,radio,0.5
1,2,lr5e-05_bs32_modL1_fusion32_fusionL1_drop0p2_trmiss50_trlocradio,32,5e-05,1,32,1,0.2,lr5e-05_bs32_modL1_fusion32_fusionL1_drop0p2_trmiss50_trlocradio,5,0.6066859861214956,0.7126255631446838,0.4870689655172413,0.6886236484168963,0.5111111111111111,0.0,0.0,0.0,0.0,0.0,0.0,0.0,0.0,0.0,2002,radio,0.5
1,2,lr5e-05_bs32_modL1_fusion32_fusionL1_drop0p2_trmiss50_trlocradio,32,5e-05,1,32,1,0.2,lr5e-05_bs32_modL1_fusion32_fusionL1_drop0p2_trmiss50_trlocradio,6,0.5789981285730997,0.7121308445930481,0.5,0.7073164236285215,0.5555555555555556,0.0,0.0,0.0,0.0,0.0,0.0,0.0,0.0,0.0,2002,radio,0.5
1,2,lr5e-05_bs32_modL1_fusion32_fusionL1_drop0p2_trmiss50_trlocradio,32,5e-05,1,32,1,0.2,lr5e-05_bs32_modL1_fusion32_fusionL1_drop0p2_trmiss50_trlocradio,7,0.5828312039375305,0.7134666740894318,0.49999999999999994,0.7090287262482652,0.5333333333333333,0.0,0.0,0.0,0.0,0.0,0.0,0.0,0.0,0.0,2002,radio,0.5
1,2,lr5e-05_bs32_modL1_fusion32_fusionL1_drop0p2_trmiss50_trlocradio,32,5e-05,1,32,1,0.2,lr5e-05_bs32_modL1_fusion32_fusionL1_drop0p2_trmiss50_trlocradio,8,0.5627850592136383,0.713811457157135,0.4935344827586207,0.7061197104215596,0.5333333333333333,0.0,0.0,0.0,0.0,0.0,0.0,0.0,0.0,0.0,2002,radio,0.5
1,2,lr5e-05_bs32_modL1_fusion32_fusionL1_drop0p2_trmiss50_trlocradio,32,5e-05,1,32,1,0.2,lr5e-05_bs32_modL1_fusion32_fusionL1_drop0p2_trmiss50_trlocradio,9,0.5833053588867188,0.7199303209781647,0.4978448275862069,0.6926701592216815,0.5333333333333333,0.0,0.0,0.0,0.0,0.0,0.0,0.0,0.0,0.0,2002,radio,0.5
1,2,lr5e-05_bs32_modL1_fusion32_fusionL1_drop0p2_trmiss50_trlocradio,32,5e-05,1,32,1,0.2,lr5e-05_bs32_modL1_fusion32_fusionL1_drop0p2_trmiss50_trlocradio,10,0.5383091568946838,0.7221509516239166,0.5021551724137931,0.6954327515325642,0.5333333333333333,0.0,0.0,0.0,0.0,0.0,0.0,0.0,0.0,0.0,2002,radio,0.5
1,2,lr5e-05_bs32_modL1_fusion32_fusionL1_drop0p2_trmiss50_trlocradio,32,5e-05,1,32,1,0.2,lr5e-05_bs32_modL1_fusion32_fusionL1_drop0p2_trmiss50_trlocradio,11,0.5594243407249451,0.7244801223278046,0.4978448275862069,0.6956211548027036,0.5111111111111111,0.0,0.0,0.0,0.0,0.0,0.0,0.0,0.0,0.0,2002,radio,0.5
1,2,lr5e-05_bs32_modL1_fusion32_fusionL1_drop0p2_trmiss50_trlocradio,32,5e-05,1,32,1,0.2,lr5e-05_bs32_modL1_fusion32_fusionL1_drop0p2_trmiss50_trlocradio,12,0.5627146859963735,0.7266915440559387,0.49568965517241376,0.6951250007207803,0.5333333333333333,0.0,0.0,0.0,0.0,0.0,0.0,0.0,0.0,0.0,2002,radio,0.5
1,2,lr5e-05_bs32_modL1_fusion32_fusionL1_drop0p2_trmiss50_trlocradio,32,5e-05,1,32,1,0.2,lr5e-05_bs32_modL1_fusion32_fusionL1_drop0p2_trmiss50_trlocradio,13,0.5560066203276316,0.7254784405231476,0.4892241379310345,0.6929849530404704,0.5111111111111111,0.0,0.0,0.0,0.0,0.0,0.0,0.0,0.0,0.0,2002,radio,0.5
1,2,lr5e-05_bs32_modL1_fusion32_fusionL1_drop0p2_trmiss50_trlocradio,32,5e-05,1,32,1,0.2,lr5e-05_bs32_modL1_fusion32_fusionL1_drop0p2_trmiss50_trlocradio,14,0.5392530461152395,0.724033385515213,0.4806034482758621,0.6876015418275805,0.5111111111111111,0.0,0.0,0.0,0.0,0.0,0.0,0.0,0.0,0.0,2002,radio,0.5
1,2,lr5e-05_bs32_modL1_fusion32_fusionL1_drop0p2_trmiss50_trlocradio,32,5e-05,1,32,1,0.2,lr5e-05_bs32_modL1_fusion32_fusionL1_drop0p2_trmiss50_trlocradio,15,0.5276312728722891,0.7240426540374756,0.48060344827586204,0.688346307442206,0.5111111111111111,0.0,0.0,0.0,0.0,0.0,0.0,0.0,0.0,0.0,2002,radio,0.5
1,2,lr5e-05_bs32_modL1_fusion32_fusionL1_drop0p2_trmiss50_trlocradio,32,5e-05,1,32,1,0.2,lr5e-05_bs32_modL1_fusion32_fusionL1_drop0p2_trmiss50_trlocradio,16,0.5359641015529633,0.7295269668102264,0.47629310344827586,0.6854810373355564,0.5333333333333333,0.0,0.0,0.0,0.0,0.0,0.0,0.0,0.0,0.0,2002,radio,0.5
1,2,lr5e-05_bs32_modL1_fusion32_fusionL1_drop0p2_trmiss50_trlocradio,32,5e-05,1,32,1,0.2,lr5e-05_bs32_modL1_fusion32_fusionL1_drop0p2_trmiss50_trlocradio,17,0.5484461685021719,0.7247411608695984,0.48060344827586204,0.6875442799368969,0.5333333333333333,0.0,0.0,0.0,0.0,0.0,0.0,0.0,0.0,0.0,2002,radio,0.5
1,2,lr5e-05_bs32_modL1_fusion32_fusionL1_drop0p2_trmiss50_trlocradio,32,5e-05,1,32,1,0.2,lr5e-05_bs32_modL1_fusion32_fusionL1_drop0p2_trmiss50_trlocradio,18,0.5388366331656774,0.7241936922073364,0.4892241379310345,0.6905899847857802,0.4888888888888889,0.0,0.0,0.0,0.0,0.0,0.0,0.0,0.0,0.0,2002,radio,0.5
1,2,lr5e-05_bs32_modL1_fusion32_fusionL1_drop0p2_trmiss50_trlocradio,32,5e-05,1,32,1,0.2,lr5e-05_bs32_modL1_fusion32_fusionL1_drop0p2_trmiss50_trlocradio,19,0.5318115651607513,0.7293244898319244,0.478448275862069,0.6688152840400385,0.4666666666666667,0.0,0.0,0.0,0.0,0.0,0.0,0.0,0.0,0.0,2002,radio,0.5
1,2,lr5e-05_bs32_modL1_fusion32_fusionL1_drop0p2_trmiss50_trlocradio,32,5e-05,1,32,1,0.2,lr5e-05_bs32_modL1_fusion32_fusionL1_drop0p2_trmiss50_trlocradio,20,0.5361522138118744,0.7280662357807159,0.4741379310344829,0.6665694699878437,0.5111111111111111,0.0,0.0,0.0,0.0,0.0,0.0,0.0,0.0,0.0,2002,radio,0.5
1,2,lr5e-05_bs32_modL1_fusion32_fusionL1_drop0p2_trmiss50_trlocradio,32,5e-05,1,32,1,0.2,lr5e-05_bs32_modL1_fusion32_fusionL1_drop0p2_trmiss50_trlocradio,21,0.5404144078493118,0.7315798401832581,0.46336206896551724,0.6626791674687111,0.5111111111111111,0.0,0.0,0.0,0.0,0.0,0.0,0.0,0.0,0.0,2002,radio,0.5
1,2,lr5e-05_bs32_modL1_fusion32_fusionL1_drop0p2_trmiss50_trlocradio,32,5e-05,1,32,1,0.2,lr5e-05_bs32_modL1_fusion32_fusionL1_drop0p2_trmiss50_trlocradio,22,0.5434829394022623,0.7289299666881561,0.47413793103448276,0.6690318983904076,0.5111111111111111,0.0,0.0,0.0,0.0,0.0,0.0,0.0,0.0,0.0,2002,radio,0.5
1,2,lr5e-05_bs32_modL1_fusion32_fusionL1_drop0p2_trmiss50_trlocradio,32,5e-05,1,32,1,0.2,lr5e-05_bs32_modL1_fusion32_fusionL1_drop0p2_trmiss50_trlocradio,23,0.5481956303119659,0.73025181889534,0.4676724137931034,0.6664880827079409,0.4666666666666667,0.0,0.0,0.0,0.0,0.0,0.0,0.0,0.0,0.0,2002,radio,0.5
1,2,lr5e-05_bs32_modL1_fusion32_fusionL1_drop0p2_trmiss50_trlocradio,32,5e-05,1,32,1,0.2,lr5e-05_bs32_modL1_fusion32_fusionL1_drop0p2_trmiss50_trlocradio,24,0.5229770491520563,0.7278149127960205,0.46120689655172414,0.6627555739623137,0.4666666666666667,0.0,0.0,0.0,0.0,0.0,0.0,0.0,0.0,0.0,2002,radio,0.5
1,2,lr5e-05_bs32_modL1_fusion32_fusionL1_drop0p2_trmiss50_trlocradio,32,5e-05,1,32,1,0.2,lr5e-05_bs32_modL1_fusion32_fusionL1_drop0p2_trmiss50_trlocradio,25,0.5225828190644582,0.7312321066856384,0.4698275862068965,0.6660149870713974,0.5333333333333333,0.0,0.0,0.0,0.0,0.0,0.0,0.0,0.0,0.0,2002,radio,0.5
1,2,lr5e-05_bs32_modL1_fusion32_fusionL1_drop0p2_trmiss50_trlocradio,32,5e-05,1,32,1,0.2,lr5e-05_bs32_modL1_fusion32_fusionL1_drop0p2_trmiss50_trlocradio,26,0.5346355934937795,0.7383084297180176,0.46120689655172414,0.6640737785903552,0.5333333333333333,0.0,0.0,0.0,0.0,0.0,0.0,0.0,0.0,0.0,2002,radio,0.5
1,2,lr5e-05_bs32_modL1_fusion32_fusionL1_drop0p2_trmiss50_trlocradio,32,5e-05,1,32,1,0.2,lr5e-05_bs32_modL1_fusion32_fusionL1_drop0p2_trmiss50_trlocradio,27,0.5388483107089996,0.7345051169395447,0.47629310344827586,0.667938886043191,0.5333333333333333,0.0,0.0,0.0,0.0,0.0,0.0,0.0,0.0,0.0,2002,radio,0.5
1,2,lr5e-05_bs32_modL1_fusion32_fusionL1_drop0p2_trmiss50_trlocradio,32,5e-05,1,32,1,0.2,lr5e-05_bs32_modL1_fusion32_fusionL1_drop0p2_trmiss50_trlocradio,28,0.545238604148229,0.7304282784461975,0.4633620689655173,0.665993506372152,0.4666666666666667,0.0,0.0,0.0,0.0,0.0,0.0,0.0,0.0,0.0,2002,radio,0.5
1,2,lr5e-05_bs32_modL1_fusion32_fusionL1_drop0p2_trmiss50_trlocradio,32,5e-05,1,32,1,0.2,lr5e-05_bs32_modL1_fusion32_fusionL1_drop0p2_trmiss50_trlocradio,29,0.5035843501488367,0.7413954138755798,0.4698275862068966,0.6699645831880565,0.5333333333333333,0.0,0.0,0.0,0.0,0.0,0.0,0.0,0.0,0.0,2002,radio,0.5
1,2,lr5e-05_bs32_modL1_fusion32_fusionL1_drop0p2_trmiss50_trlocradio,32,5e-05,1,32,1,0.2,lr5e-05_bs32_modL1_fusion32_fusionL1_drop0p2_trmiss50_trlocradio,30,0.5277695258458456,0.741356611251831,0.4676724137931035,0.6649473542484137,0.5333333333333333,0.0,0.0,0.0,0.0,0.0,0.0,0.0,0.0,0.0,2002,radio,0.5
1,2,lr5e-05_bs32_modL1_fusion32_fusionL1_drop0p1_trmiss50_trlocradio,32,5e-05,1,32,1,0.1,lr5e-05_bs32_modL1_fusion32_fusionL1_drop0p1_trmiss50_trlocradio,1,0.6970671614011129,0.674320250749588,0.5021551724137931,0.7123333027323238,0.6222222222222222,0.0,0.0,0.0,0.0,0.0,0.0,0.0,0.0,0.0,2002,radio,0.5
1,2,lr5e-05_bs32_modL1_fusion32_fusionL1_drop0p1_trmiss50_trlocradio,32,5e-05,1,32,1,0.1,lr5e-05_bs32_modL1_fusion32_fusionL1_drop0p1_trmiss50_trlocradio,2,0.6719592213630676,0.6785686612129211,0.4956896551724138,0.6908649184153778,0.5777777777777777,0.0,0.0,0.0,0.0,0.0,0.0,0.0,0.0,0.0,2002,radio,0.5
1,2,lr5e-05_bs32_modL1_fusion32_fusionL1_drop0p1_trmiss50_trlocradio,32,5e-05,1,32,1,0.1,lr5e-05_bs32_modL1_fusion32_fusionL1_drop0p1_trmiss50_trlocradio,3,0.6384264230728149,0.6851353049278259,0.5193965517241379,0.6943327934955289,0.5777777777777777,0.0,0.0,0.0,0.0,0.0,0.0,0.0,0.0,0.0,2002,radio,0.5
1,2,lr5e-05_bs32_modL1_fusion32_fusionL1_drop0p1_trmiss50_trlocradio,32,5e-05,1,32,1,0.1,lr5e-05_bs32_modL1_fusion32_fusionL1_drop0p1_trmiss50_trlocradio,4,0.6282100180784861,0.6906886100769043,0.5344827586206896,0.6940193577764138,0.6,0.0,0.0,0.0,0.0,0.0,0.0,0.0,0.0,0.0,2002,radio,0.5
1,2,lr5e-05_bs32_modL1_fusion32_fusionL1_drop0p1_trmiss50_trlocradio,32,5e-05,1,32,1,0.1,lr5e-05_bs32_modL1_fusion32_fusionL1_drop0p1_trmiss50_trlocradio,5,0.630545566479365,0.6981577277183533,0.5517241379310345,0.7013939887262381,0.6222222222222222,0.0,0.0,0.0,0.0,0.0,0.0,0.0,0.0,0.0,2002,radio,0.5
1,2,lr5e-05_bs32_modL1_fusion32_fusionL1_drop0p1_trmiss50_trlocradio,32,5e-05,1,32,1,0.1,lr5e-05_bs32_modL1_fusion32_fusionL1_drop0p1_trmiss50_trlocradio,6,0.5989967584609985,0.7020284235477448,0.5732758620689655,0.7316199741460657,0.6,0.0,0.0,0.0,0.0,0.0,0.0,0.0,0.0,0.0,2002,radio,0.5
1,2,lr5e-05_bs32_modL1_fusion32_fusionL1_drop0p1_trmiss50_trlocradio,32,5e-05,1,32,1,0.1,lr5e-05_bs32_modL1_fusion32_fusionL1_drop0p1_trmiss50_trlocradio,7,0.5954075455665588,0.708494246006012,0.5711206896551725,0.733854579117364,0.5333333333333333,0.0,0.0,0.0,0.0,0.0,0.0,0.0,0.0,0.0,2002,radio,0.5
1,2,lr5e-05_bs32_modL1_fusion32_fusionL1_drop0p1_trmiss50_trlocradio,32,5e-05,1,32,1,0.1,lr5e-05_bs32_modL1_fusion32_fusionL1_drop0p1_trmiss50_trlocradio,8,0.591821144024531,0.7037555873394012,0.5646551724137931,0.7319671552918864,0.6,0.0,0.0,0.0,0.0,0.0,0.0,0.0,0.0,0.0,2002,radio,0.5
1,2,lr5e-05_bs32_modL1_fusion32_fusionL1_drop0p1_trmiss50_trlocradio,32,5e-05,1,32,1,0.1,lr5e-05_bs32_modL1_fusion32_fusionL1_drop0p1_trmiss50_trlocradio,9,0.5781940420468649,0.7046827077865601,0.5625,0.7327458819737903,0.6,0.0,0.0,0.0,0.0,0.0,0.0,0.0,0.0,0.0,2002,radio,0.5
1,2,lr5e-05_bs32_modL1_fusion32_fusionL1_drop0p1_trmiss50_trlocradio,32,5e-05,1,32,1,0.1,lr5e-05_bs32_modL1_fusion32_fusionL1_drop0p1_trmiss50_trlocradio,10,0.5628616710503896,0.7055332958698273,0.5452586206896552,0.7201377069860421,0.6,0.0,0.0,0.0,0.0,0.0,0.0,0.0,0.0,0.0,2002,radio,0.5
1,2,lr5e-05_bs32_modL1_fusion32_fusionL1_drop0p1_trmiss50_trlocradio,32,5e-05,1,32,1,0.1,lr5e-05_bs32_modL1_fusion32_fusionL1_drop0p1_trmiss50_trlocradio,11,0.5554509659608206,0.7026245892047882,0.560344827586207,0.7325457953015714,0.6,0.0,0.0,0.0,0.0,0.0,0.0,0.0,0.0,0.0,2002,radio,0.5
1,2,lr5e-05_bs32_modL1_fusion32_fusionL1_drop0p1_trmiss50_trlocradio,32,5e-05,1,32,1,0.1,lr5e-05_bs32_modL1_fusion32_fusionL1_drop0p1_trmiss50_trlocradio,12,0.5512137313683828,0.7052043974399567,0.5560344827586207,0.7315774377642535,0.6,0.0,0.0,0.0,0.0,0.0,0.0,0.0,0.0,0.0,2002,radio,0.5
1,2,lr5e-05_bs32_modL1_fusion32_fusionL1_drop0p1_trmiss50_trlocradio,32,5e-05,1,32,1,0.1,lr5e-05_bs32_modL1_fusion32_fusionL1_drop0p1_trmiss50_trlocradio,13,0.5468729734420776,0.7039403021335602,0.5581896551724138,0.7306010068623306,0.6,0.0,0.0,0.0,0.0,0.0,0.0,0.0,0.0,0.0,2002,radio,0.5
1,2,lr5e-05_bs32_modL1_fusion32_fusionL1_drop0p1_trmiss50_trlocradio,32,5e-05,1,32,1,0.1,lr5e-05_bs32_modL1_fusion32_fusionL1_drop0p1_trmiss50_trlocradio,14,0.5404709676901499,0.7052171230316162,0.5711206896551724,0.7399176829627038,0.6,0.0,0.0,0.0,0.0,0.0,0.0,0.0,0.0,0.0,2002,radio,0.5
1,2,lr5e-05_bs32_modL1_fusion32_fusionL1_drop0p1_trmiss50_trlocradio,32,5e-05,1,32,1,0.1,lr5e-05_bs32_modL1_fusion32_fusionL1_drop0p1_trmiss50_trlocradio,15,0.5552972654501597,0.7053260207176208,0.5689655172413792,0.7378175750635844,0.6,0.0,0.0,0.0,0.0,0.0,0.0,0.0,0.0,0.0,2002,radio,0.5
1,2,lr5e-05_bs32_modL1_fusion32_fusionL1_drop0p1_trmiss50_trlocradio,32,5e-05,1,32,1,0.1,lr5e-05_bs32_modL1_fusion32_fusionL1_drop0p1_trmiss50_trlocradio,16,0.5421842137972513,0.7077498733997345,0.5625,0.7357355964216078,0.6,0.0,0.0,0.0,0.0,0.0,0.0,0.0,0.0,0.0,2002,radio,0.5
1,2,lr5e-05_bs32_modL1_fusion32_fusionL1_drop0p1_trmiss50_trlocradio,32,5e-05,1,32,1,0.1,lr5e-05_bs32_modL1_fusion32_fusionL1_drop0p1_trmiss50_trlocradio,17,0.5378649532794952,0.7076421678066254,0.5625,0.7355198776693815,0.6,0.0,0.0,0.0,0.0,0.0,0.0,0.0,0.0,0.0,2002,radio,0.5
1,2,lr5e-05_bs32_modL1_fusion32_fusionL1_drop0p1_trmiss50_trlocradio,32,5e-05,1,32,1,0.1,lr5e-05_bs32_modL1_fusion32_fusionL1_drop0p1_trmiss50_trlocradio,18,0.5421928266684214,0.7074719667434692,0.5603448275862069,0.7363464935822045,0.6,0.0,0.0,0.0,0.0,0.0,0.0,0.0,0.0,0.0,2002,radio,0.5
1,2,lr5e-05_bs32_modL1_fusion32_fusionL1_drop0p1_trmiss50_trlocradio,32,5e-05,1,32,1,0.1,lr5e-05_bs32_modL1_fusion32_fusionL1_drop0p1_trmiss50_trlocradio,19,0.5237729946772257,0.7101166844367981,0.5625,0.7379476058964586,0.6,0.0,0.0,0.0,0.0,0.0,0.0,0.0,0.0,0.0,2002,radio,0.5
1,2,lr5e-05_bs32_modL1_fusion32_fusionL1_drop0p1_trmiss50_trlocradio,32,5e-05,1,32,1,0.1,lr5e-05_bs32_modL1_fusion32_fusionL1_drop0p1_trmiss50_trlocradio,20,0.5427877108256022,0.7096530795097351,0.5668103448275862,0.7392299597723805,0.6,0.0,0.0,0.0,0.0,0.0,0.0,0.0,0.0,0.0,2002,radio,0.5
1,2,lr5e-05_bs32_modL1_fusion32_fusionL1_drop0p1_trmiss50_trlocradio,32,5e-05,1,32,1,0.1,lr5e-05_bs32_modL1_fusion32_fusionL1_drop0p1_trmiss50_trlocradio,21,0.5346851845582327,0.7126798331737518,0.5538793103448276,0.7320099739726519,0.6,0.0,0.0,0.0,0.0,0.0,0.0,0.0,0.0,0.0,2002,radio,0.5
1,2,lr5e-05_bs32_modL1_fusion32_fusionL1_drop0p1_trmiss50_trlocradio,32,5e-05,1,32,1,0.1,lr5e-05_bs32_modL1_fusion32_fusionL1_drop0p1_trmiss50_trlocradio,22,0.5275223056475321,0.7112543284893036,0.5581896551724138,0.7328760770166133,0.6,0.0,0.0,0.0,0.0,0.0,0.0,0.0,0.0,0.0,2002,radio,0.5
1,2,lr5e-05_bs32_modL1_fusion32_fusionL1_drop0p1_trmiss50_trlocradio,32,5e-05,1,32,1,0.1,lr5e-05_bs32_modL1_fusion32_fusionL1_drop0p1_trmiss50_trlocradio,23,0.533507893482844,0.7089345455169678,0.5560344827586208,0.7321692111981856,0.6,0.0,0.0,0.0,0.0,0.0,0.0,0.0,0.0,0.0,2002,radio,0.5
1,2,lr5e-05_bs32_modL1_fusion32_fusionL1_drop0p1_trmiss50_trlocradio,32,5e-05,1,32,1,0.1,lr5e-05_bs32_modL1_fusion32_fusionL1_drop0p1_trmiss50_trlocradio,24,0.5301355769236883,0.7090800106525421,0.5517241379310345,0.7307843469076417,0.5777777777777777,0.0,0.0,0.0,0.0,0.0,0.0,0.0,0.0,0.0,2002,radio,0.5
1,2,lr5e-05_bs32_modL1_fusion32_fusionL1_drop0p1_trmiss50_trlocradio,32,5e-05,1,32,1,0.1,lr5e-05_bs32_modL1_fusion32_fusionL1_drop0p1_trmiss50_trlocradio,25,0.5335667332013448,0.7090092897415161,0.560344827586207,0.7338508826777169,0.5777777777777777,0.0,0.0,0.0,0.0,0.0,0.0,0.0,0.0,0.0,2002,radio,0.5
1,2,lr5e-05_bs32_modL1_fusion32_fusionL1_drop0p1_trmiss50_trlocradio,32,5e-05,1,32,1,0.1,lr5e-05_bs32_modL1_fusion32_fusionL1_drop0p1_trmiss50_trlocradio,26,0.5323717494805654,0.7076528966426849,0.5689655172413793,0.7384746893873896,0.6222222222222222,0.0,0.0,0.0,0.0,0.0,0.0,0.0,0.0,0.0,2002,radio,0.5
1,2,lr5e-05_bs32_modL1_fusion64_fusionL1_drop0p2_trmiss50_trlocradio,32,5e-05,1,64,1,0.2,lr5e-05_bs32_modL1_fusion64_fusionL1_drop0p2_trmiss50_trlocradio,1,0.7178153395652771,0.6999015808105469,0.5064655172413792,0.6935707839360375,0.4666666666666667,0.0,0.0,0.0,0.0,0.0,0.0,0.0,0.0,0.0,2002,radio,0.5
1,2,lr5e-05_bs32_modL1_fusion64_fusionL1_drop0p2_trmiss50_trlocradio,32,5e-05,1,64,1,0.2,lr5e-05_bs32_modL1_fusion64_fusionL1_drop0p2_trmiss50_trlocradio,2,0.6820310652256012,0.7084226310253143,0.47198275862068967,0.664551455097798,0.4444444444444444,0.0,0.0,0.0,0.0,0.0,0.0,0.0,0.0,0.0,2002,radio,0.5
1,2,lr5e-05_bs32_modL1_fusion64_fusionL1_drop0p2_trmiss50_trlocradio,32,5e-05,1,64,1,0.2,lr5e-05_bs32_modL1_fusion64_fusionL1_drop0p2_trmiss50_trlocradio,3,0.6724062363306681,0.7151403427124023,0.4504310344827586,0.6522999871235801,0.4444444444444444,0.0,0.0,0.0,0.0,0.0,0.0,0.0,0.0,0.0,2002,radio,0.5
1,2,lr5e-05_bs32_modL1_fusion64_fusionL1_drop0p2_trmiss50_trlocradio,32,5e-05,1,64,1,0.2,lr5e-05_bs32_modL1_fusion64_fusionL1_drop0p2_trmiss50_trlocradio,4,0.6486761371294657,0.7181946933269501,0.4482758620689655,0.6492700982270849,0.4222222222222222,0.0,0.0,0.0,0.0,0.0,0.0,0.0,0.0,0.0,2002,radio,0.5
1,2,lr5e-05_bs32_modL1_fusion64_fusionL1_drop0p2_trmiss50_trlocradio,32,5e-05,1,64,1,0.2,lr5e-05_bs32_modL1_fusion64_fusionL1_drop0p2_trmiss50_trlocradio,5,0.6303259829680125,0.7170328497886658,0.46336206896551724,0.6590618745843594,0.4444444444444444,0.0,0.0,0.0,0.0,0.0,0.0,0.0,0.0,0.0,2002,radio,0.5
1,2,lr5e-05_bs32_modL1_fusion64_fusionL1_drop0p2_trmiss50_trlocradio,32,5e-05,1,64,1,0.2,lr5e-05_bs32_modL1_fusion64_fusionL1_drop0p2_trmiss50_trlocradio,6,0.6327517131964365,0.7142550051212311,0.49784482758620696,0.6752545643377124,0.5111111111111111,0.0,0.0,0.0,0.0,0.0,0.0,0.0,0.0,0.0,2002,radio,0.5
1,2,lr5e-05_bs32_modL1_fusion64_fusionL1_drop0p2_trmiss50_trlocradio,32,5e-05,1,64,1,0.2,lr5e-05_bs32_modL1_fusion64_fusionL1_drop0p2_trmiss50_trlocradio,7,0.6487139761447906,0.7158973217010498,0.48706896551724144,0.6691373666116132,0.4888888888888889,0.0,0.0,0.0,0.0,0.0,0.0,0.0,0.0,0.0,2002,radio,0.5
1,2,lr5e-05_bs32_modL1_fusion64_fusionL1_drop0p2_trmiss50_trlocradio,32,5e-05,1,64,1,0.2,lr5e-05_bs32_modL1_fusion64_fusionL1_drop0p2_trmiss50_trlocradio,8,0.6224928597609202,0.7140875160694122,0.4849137931034483,0.6749152748015506,0.4888888888888889,0.0,0.0,0.0,0.0,0.0,0.0,0.0,0.0,0.0,2002,radio,0.5
1,2,lr5e-05_bs32_modL1_fusion64_fusionL1_drop0p2_trmiss50_trlocradio,32,5e-05,1,64,1,0.2,lr5e-05_bs32_modL1_fusion64_fusionL1_drop0p2_trmiss50_trlocradio,9,0.598014642794927,0.7141987383365631,0.47844827586206895,0.6700966570412846,0.4888888888888889,0.0,0.0,0.0,0.0,0.0,0.0,0.0,0.0,0.0,2002,radio,0.5
1,2,lr5e-05_bs32_modL1_fusion64_fusionL1_drop0p2_trmiss50_trlocradio,32,5e-05,1,64,1,0.2,lr5e-05_bs32_modL1_fusion64_fusionL1_drop0p2_trmiss50_trlocradio,10,0.6090943117936453,0.7167430222034454,0.4827586206896552,0.6707891199820661,0.4888888888888889,0.0,0.0,0.0,0.0,0.0,0.0,0.0,0.0,0.0,2002,radio,0.5
1,2,lr5e-05_bs32_modL1_fusion64_fusionL1_drop0p2_trmiss50_trlocradio,32,5e-05,1,64,1,0.2,lr5e-05_bs32_modL1_fusion64_fusionL1_drop0p2_trmiss50_trlocradio,11,0.6073049108187357,0.715851217508316,0.4762931034482758,0.6713968989980247,0.4666666666666667,0.0,0.0,0.0,0.0,0.0,0.0,0.0,0.0,0.0,2002,radio,0.5
1,2,lr5e-05_bs32_modL1_fusion64_fusionL1_drop0p2_trmiss50_trlocradio,32,5e-05,1,64,1,0.2,lr5e-05_bs32_modL1_fusion64_fusionL1_drop0p2_trmiss50_trlocradio,12,0.5965315103530884,0.7092204391956329,0.49137931034482757,0.6819087441206403,0.4666666666666667,0.0,0.0,0.0,0.0,0.0,0.0,0.0,0.0,0.0,2002,radio,0.5
1,2,lr5e-05_bs32_modL1_fusion64_fusionL1_drop0p2_trmiss50_trlocradio,32,5e-05,1,64,1,0.2,lr5e-05_bs32_modL1_fusion64_fusionL1_drop0p2_trmiss50_trlocradio,13,0.57675168911616,0.7104324996471405,0.49353448275862066,0.6838335115626489,0.4666666666666667,0.0,0.0,0.0,0.0,0.0,0.0,0.0,0.0,0.0,2002,radio,0.5
1,2,lr5e-05_bs32_modL1_fusion64_fusionL1_drop0p2_trmiss50_trlocradio,32,5e-05,1,64,1,0.2,lr5e-05_bs32_modL1_fusion64_fusionL1_drop0p2_trmiss50_trlocradio,14,0.5992607076962789,0.7083028256893158,0.49137931034482757,0.6804257628962797,0.4444444444444444,0.0,0.0,0.0,0.0,0.0,0.0,0.0,0.0,0.0,2002,radio,0.5
1,2,lr5e-05_bs32_modL1_fusion64_fusionL1_drop0p2_trmiss50_trlocradio,32,5e-05,1,64,1,0.2,lr5e-05_bs32_modL1_fusion64_fusionL1_drop0p2_trmiss50_trlocradio,15,0.5882083574930826,0.7085432410240173,0.49999999999999994,0.6839886338342992,0.4666666666666667,0.0,0.0,0.0,0.0,0.0,0.0,0.0,0.0,0.0,2002,radio,0.5
1,2,lr5e-05_bs32_modL1_fusion64_fusionL1_drop0p2_trmiss50_trlocradio,32,5e-05,1,64,1,0.2,lr5e-05_bs32_modL1_fusion64_fusionL1_drop0p2_trmiss50_trlocradio,16,0.598463773727417,0.7072216868400574,0.5021551724137931,0.6854325034430088,0.4666666666666667,0.0,0.0,0.0,0.0,0.0,0.0,0.0,0.0,0.0,2002,radio,0.5
1,2,lr5e-05_bs32_modL1_fusion64_fusionL1_drop0p2_trmiss50_trlocradio,32,5e-05,1,64,1,0.2,lr5e-05_bs32_modL1_fusion64_fusionL1_drop0p2_trmiss50_trlocradio,17,0.5863616367181143,0.7077796161174774,0.5043103448275862,0.6863695349272666,0.4444444444444444,0.0,0.0,0.0,0.0,0.0,0.0,0.0,0.0,0.0,2002,radio,0.5
1,2,lr5e-05_bs32_modL1_fusion64_fusionL1_drop0p2_trmiss50_trlocradio,32,5e-05,1,64,1,0.2,lr5e-05_bs32_modL1_fusion64_fusionL1_drop0p2_trmiss50_trlocradio,18,0.5890647371610006,0.706510066986084,0.5043103448275863,0.6859531490435534,0.4444444444444444,0.0,0.0,0.0,0.0,0.0,0.0,0.0,0.0,0.0,2002,radio,0.5
1,2,lr5e-05_bs32_modL1_fusion64_fusionL1_drop0p2_trmiss50_trlocradio,32,5e-05,1,64,1,0.2,lr5e-05_bs32_modL1_fusion64_fusionL1_drop0p2_trmiss50_trlocradio,19,0.5831994712352753,0.7035175263881683,0.5193965517241379,0.694826499552495,0.4666666666666667,0.0,0.0,0.0,0.0,0.0,0.0,0.0,0.0,0.0,2002,radio,0.5
1,2,lr5e-05_bs32_modL1_fusion64_fusionL1_drop0p2_trmiss50_trlocradio,32,5e-05,1,64,1,0.2,lr5e-05_bs32_modL1_fusion64_fusionL1_drop0p2_trmiss50_trlocradio,20,0.5894300043582916,0.707494854927063,0.5172413793103449,0.6913658764537808,0.4444444444444444,0.0,0.0,0.0,0.0,0.0,0.0,0.0,0.0,0.0,2002,radio,0.5
1,2,lr5e-05_bs32_modL1_fusion64_fusionL1_drop0p2_trmiss50_trlocradio,32,5e-05,1,64,1,0.2,lr5e-05_bs32_modL1_fusion64_fusionL1_drop0p2_trmiss50_trlocradio,21,0.5759432216485342,0.708970695734024,0.49353448275862066,0.6813576045679491,0.4444444444444444,0.0,0.0,0.0,0.0,0.0,0.0,0.0,0.0,0.0,2002,radio,0.5
1,2,lr5e-05_bs32_modL1_fusion64_fusionL1_drop0p2_trmiss50_trlocradio,32,5e-05,1,64,1,0.2,lr5e-05_bs32_modL1_fusion64_fusionL1_drop0p2_trmiss50_trlocradio,22,0.5741502642631531,0.7079893350601196,0.5,0.6829033446172005,0.4444444444444444,0.0,0.0,0.0,0.0,0.0,0.0,0.0,0.0,0.0,2002,radio,0.5
1,2,lr5e-05_bs32_modL1_fusion64_fusionL1_drop0p2_trmiss50_trlocradio,32,5e-05,1,64,1,0.2,lr5e-05_bs32_modL1_fusion64_fusionL1_drop0p2_trmiss50_trlocradio,23,0.5998915433883667,0.710649311542511,0.49353448275862066,0.681505507578985,0.4444444444444444,0.0,0.0,0.0,0.0,0.0,0.0,0.0,0.0,0.0,2002,radio,0.5
1,2,lr5e-05_bs32_modL1_fusion64_fusionL1_drop0p2_trmiss50_trlocradio,32,5e-05,1,64,1,0.2,lr5e-05_bs32_modL1_fusion64_fusionL1_drop0p2_trmiss50_trlocradio,24,0.572951594988505,0.7092317044734955,0.5,0.6919235933047055,0.4444444444444444,0.0,0.0,0.0,0.0,0.0,0.0,0.0,0.0,0.0,2002,radio,0.5
1,2,lr5e-05_bs32_modL1_fusion64_fusionL1_drop0p2_trmiss50_trlocradio,32,5e-05,1,64,1,0.2,lr5e-05_bs32_modL1_fusion64_fusionL1_drop0p2_trmiss50_trlocradio,25,0.5822754601637522,0.7071954011917114,0.49568965517241376,0.6908874247347486,0.4444444444444444,0.0,0.0,0.0,0.0,0.0,0.0,0.0,0.0,0.0,2002,radio,0.5
1,2,lr5e-05_bs32_modL1_fusion64_fusionL1_drop0p2_trmiss50_trlocradio,32,5e-05,1,64,1,0.2,lr5e-05_bs32_modL1_fusion64_fusionL1_drop0p2_trmiss50_trlocradio,26,0.5848527550697327,0.7061883807182312,0.49568965517241376,0.682769948651965,0.4444444444444444,0.0,0.0,0.0,0.0,0.0,0.0,0.0,0.0,0.0,2002,radio,0.5
1,2,lr5e-05_bs32_modL1_fusion64_fusionL1_drop0p2_trmiss50_trlocradio,32,5e-05,1,64,1,0.2,lr5e-05_bs32_modL1_fusion64_fusionL1_drop0p2_trmiss50_trlocradio,27,0.5769382218519846,0.7061872482299805,0.4978448275862069,0.6847218981545201,0.4444444444444444,0.0,0.0,0.0,0.0,0.0,0.0,0.0,0.0,0.0,2002,radio,0.5
1,2,lr5e-05_bs32_modL1_fusion64_fusionL1_drop0p2_trmiss50_trlocradio,32,5e-05,1,64,1,0.2,lr5e-05_bs32_modL1_fusion64_fusionL1_drop0p2_trmiss50_trlocradio,28,0.5743325352668762,0.703323483467102,0.49568965517241376,0.682527540787749,0.4444444444444444,0.0,0.0,0.0,0.0,0.0,0.0,0.0,0.0,0.0,2002,radio,0.5
1,2,lr5e-05_bs32_modL1_fusion64_fusionL1_drop0p2_trmiss50_trlocradio,32,5e-05,1,64,1,0.2,lr5e-05_bs32_modL1_fusion64_fusionL1_drop0p2_trmiss50_trlocradio,29,0.5733460287253062,0.7013518810272217,0.5,0.6842572793667353,0.4666666666666667,0.0,0.0,0.0,0.0,0.0,0.0,0.0,0.0,0.0,2002,radio,0.5
1,2,lr5e-05_bs32_modL1_fusion64_fusionL1_drop0p2_trmiss50_trlocradio,32,5e-05,1,64,1,0.2,lr5e-05_bs32_modL1_fusion64_fusionL1_drop0p2_trmiss50_trlocradio,30,0.5748371183872223,0.702489823102951,0.4956896551724138,0.6826313361606781,0.4444444444444444,0.0,0.0,0.0,0.0,0.0,0.0,0.0,0.0,0.0,2002,radio,0.5
1,2,lr5e-05_bs32_modL1_fusion64_fusionL1_drop0p2_trmiss50_trlocradio,32,5e-05,1,64,1,0.2,lr5e-05_bs32_modL1_fusion64_fusionL1_drop0p2_trmiss50_trlocradio,31,0.5705921848615011,0.7032787203788757,0.4978448275862069,0.6828693930345312,0.4444444444444444,0.0,0.0,0.0,0.0,0.0,0.0,0.0,0.0,0.0,2002,radio,0.5
1,2,lr5e-05_bs32_modL1_fusion64_fusionL1_drop0p2_trmiss50_trlocradio,32,5e-05,1,64,1,0.2,lr5e-05_bs32_modL1_fusion64_fusionL1_drop0p2_trmiss50_trlocradio,32,0.5633220871289571,0.701704740524292,0.5064655172413792,0.6966974813034815,0.4666666666666667,0.0,0.0,0.0,0.0,0.0,0.0,0.0,0.0,0.0,2002,radio,0.5
1,2,lr5e-05_bs32_modL1_fusion64_fusionL1_drop0p2_trmiss50_trlocradio,32,5e-05,1,64,1,0.2,lr5e-05_bs32_modL1_fusion64_fusionL1_drop0p2_trmiss50_trlocradio,33,0.5671426852544149,0.702423632144928,0.49784482758620685,0.684297553033315,0.4444444444444444,0.0,0.0,0.0,0.0,0.0,0.0,0.0,0.0,0.0,2002,radio,0.5
1,2,lr5e-05_bs32_modL1_fusion64_fusionL1_drop0p2_trmiss50_trlocradio,32,5e-05,1,64,1,0.2,lr5e-05_bs32_modL1_fusion64_fusionL1_drop0p2_trmiss50_trlocradio,34,0.5785103936990103,0.7037274241447449,0.4956896551724138,0.6903424811364224,0.4444444444444444,0.0,0.0,0.0,0.0,0.0,0.0,0.0,0.0,0.0,2002,radio,0.5
1,2,lr5e-05_bs32_modL1_fusion64_fusionL1_drop0p2_trmiss50_trlocradio,32,5e-05,1,64,1,0.2,lr5e-05_bs32_modL1_fusion64_fusionL1_drop0p2_trmiss50_trlocradio,35,0.5709678332010905,0.704371452331543,0.49137931034482757,0.6807107253586221,0.4222222222222222,0.0,0.0,0.0,0.0,0.0,0.0,0.0,0.0,0.0,2002,radio,0.5
1,2,lr5e-05_bs32_modL1_fusion64_fusionL1_drop0p2_trmiss50_trlocradio,32,5e-05,1,64,1,0.2,lr5e-05_bs32_modL1_fusion64_fusionL1_drop0p2_trmiss50_trlocradio,36,0.5773356060187022,0.7080650329589844,0.49137931034482757,0.6811331810922766,0.4444444444444444,0.0,0.0,0.0,0.0,0.0,0.0,0.0,0.0,0.0,2002,radio,0.5
1,2,lr5e-05_bs32_modL1_fusion64_fusionL1_drop0p2_trmiss50_trlocradio,32,5e-05,1,64,1,0.2,lr5e-05_bs32_modL1_fusion64_fusionL1_drop0p2_trmiss50_trlocradio,37,0.5713960627714793,0.7072646021842957,0.4870689655172414,0.6783093765443341,0.4444444444444444,0.0,0.0,0.0,0.0,0.0,0.0,0.0,0.0,0.0,2002,radio,0.5
1,2,lr5e-05_bs32_modL1_fusion64_fusionL1_drop0p2_trmiss50_trlocradio,32,5e-05,1,64,1,0.2,lr5e-05_bs32_modL1_fusion64_fusionL1_drop0p2_trmiss50_trlocradio,38,0.5662920971711477,0.7080934941768646,0.4913793103448275,0.6789591504954228,0.4444444444444444,0.0,0.0,0.0,0.0,0.0,0.0,0.0,0.0,0.0,2002,radio,0.5
1,2,lr5e-05_bs32_modL1_fusion64_fusionL1_drop0p2_trmiss50_trlocradio,32,5e-05,1,64,1,0.2,lr5e-05_bs32_modL1_fusion64_fusionL1_drop0p2_trmiss50_trlocradio,39,0.5732312401135763,0.707853227853775,0.49137931034482757,0.6788452262836636,0.4444444444444444,0.0,0.0,0.0,0.0,0.0,0.0,0.0,0.0,0.0,2002,radio,0.5
1,2,lr5e-05_bs32_modL1_fusion64_fusionL1_drop0p1_trmiss50_trlocradio,32,5e-05,1,64,1,0.1,lr5e-05_bs32_modL1_fusion64_fusionL1_drop0p1_trmiss50_trlocradio,1,0.6910479764143626,0.7256164252758026,0.45689655172413796,0.6199965473688918,0.37777777777777777,0.0,0.0,0.0,0.0,0.0,0.0,0.0,0.0,0.0,2002,radio,0.5
1,2,lr5e-05_bs32_modL1_fusion64_fusionL1_drop0p1_trmiss50_trlocradio,32,5e-05,1,64,1,0.1,lr5e-05_bs32_modL1_fusion64_fusionL1_drop0p1_trmiss50_trlocradio,2,0.6511564950148264,0.7277255952358246,0.47629310344827586,0.6374839751511723,0.37777777777777777,0.0,0.0,0.0,0.0,0.0,0.0,0.0,0.0,0.0,2002,radio,0.5
1,2,lr5e-05_bs32_modL1_fusion64_fusionL1_drop0p1_trmiss50_trlocradio,32,5e-05,1,64,1,0.1,lr5e-05_bs32_modL1_fusion64_fusionL1_drop0p1_trmiss50_trlocradio,3,0.634681632121404,0.7351955473423004,0.4698275862068965,0.6462828044494069,0.4444444444444444,0.0,0.0,0.0,0.0,0.0,0.0,0.0,0.0,0.0,2002,radio,0.5
1,2,lr5e-05_bs32_modL1_fusion64_fusionL1_drop0p1_trmiss50_trlocradio,32,5e-05,1,64,1,0.1,lr5e-05_bs32_modL1_fusion64_fusionL1_drop0p1_trmiss50_trlocradio,4,0.6015448868274689,0.7399143576622009,0.4676724137931034,0.6432141894935863,0.4444444444444444,0.0,0.0,0.0,0.0,0.0,0.0,0.0,0.0,0.0,2002,radio,0.5
1,2,lr5e-05_bs32_modL1_fusion64_fusionL1_drop0p1_trmiss50_trlocradio,32,5e-05,1,64,1,0.1,lr5e-05_bs32_modL1_fusion64_fusionL1_drop0p1_trmiss50_trlocradio,5,0.6124592026074728,0.7455739676952362,0.46767241379310337,0.6385744795370679,0.4444444444444444,0.0,0.0,0.0,0.0,0.0,0.0,0.0,0.0,0.0,2002,radio,0.5
1,2,lr5e-05_bs32_modL1_fusion64_fusionL1_drop0p1_trmiss50_trlocradio,32,5e-05,1,64,1,0.1,lr5e-05_bs32_modL1_fusion64_fusionL1_drop0p1_trmiss50_trlocradio,6,0.5954081018765768,0.7431881129741669,0.47413793103448276,0.6599430961598773,0.4444444444444444,0.0,0.0,0.0,0.0,0.0,0.0,0.0,0.0,0.0,2002,radio,0.5
1,2,lr5e-05_bs32_modL1_fusion64_fusionL1_drop0p1_trmiss50_trlocradio,32,5e-05,1,64,1,0.1,lr5e-05_bs32_modL1_fusion64_fusionL1_drop0p1_trmiss50_trlocradio,7,0.5679188668727875,0.7419183254241943,0.4913793103448276,0.665994436301087,0.4444444444444444,0.0,0.0,0.0,0.0,0.0,0.0,0.0,0.0,0.0,2002,radio,0.5
1,2,lr5e-05_bs32_modL1_fusion64_fusionL1_drop0p1_trmiss50_trlocradio,32,5e-05,1,64,1,0.1,lr5e-05_bs32_modL1_fusion64_fusionL1_drop0p1_trmiss50_trlocradio,8,0.5524823168913523,0.7422841787338257,0.47629310344827586,0.6548528653351328,0.4222222222222222,0.0,0.0,0.0,0.0,0.0,0.0,0.0,0.0,0.0,2002,radio,0.5
1,2,lr5e-05_bs32_modL1_fusion64_fusionL1_drop0p1_trmiss50_trlocradio,32,5e-05,1,64,1,0.1,lr5e-05_bs32_modL1_fusion64_fusionL1_drop0p1_trmiss50_trlocradio,9,0.5542510549227396,0.7462881803512573,0.49353448275862066,0.6678911013001576,0.4444444444444444,0.0,0.0,0.0,0.0,0.0,0.0,0.0,0.0,0.0,2002,radio,0.5
1,2,lr5e-05_bs32_modL1_fusion64_fusionL1_drop0p1_trmiss50_trlocradio,32,5e-05,1,64,1,0.1,lr5e-05_bs32_modL1_fusion64_fusionL1_drop0p1_trmiss50_trlocradio,10,0.545733759800593,0.7474012076854706,0.4913793103448276,0.6670729294597801,0.4,0.0,0.0,0.0,0.0,0.0,0.0,0.0,0.0,0.0,2002,radio,0.5
1,2,lr5e-05_bs32_modL1_fusion64_fusionL1_drop0p1_trmiss50_trlocradio,32,5e-05,1,64,1,0.1,lr5e-05_bs32_modL1_fusion64_fusionL1_drop0p1_trmiss50_trlocradio,11,0.5431991318861643,0.7486767172813416,0.4935344827586207,0.6670315341119901,0.4444444444444444,0.0,0.0,0.0,0.0,0.0,0.0,0.0,0.0,0.0,2002,radio,0.5
1,2,lr5e-05_bs32_modL1_fusion64_fusionL1_drop0p1_trmiss50_trlocradio,32,5e-05,1,64,1,0.1,lr5e-05_bs32_modL1_fusion64_fusionL1_drop0p1_trmiss50_trlocradio,12,0.5341536005338033,0.7465901076793671,0.4827586206896552,0.6674081637474999,0.4222222222222222,0.0,0.0,0.0,0.0,0.0,0.0,0.0,0.0,0.0,2002,radio,0.5
1,2,lr5e-05_bs32_modL1_fusion64_fusionL1_drop0p1_trmiss50_trlocradio,32,5e-05,1,64,1,0.1,lr5e-05_bs32_modL1_fusion64_fusionL1_drop0p1_trmiss50_trlocradio,13,0.538308451573054,0.7433390915393829,0.4892241379310345,0.6717824224555902,0.4222222222222222,0.0,0.0,0.0,0.0,0.0,0.0,0.0,0.0,0.0,2002,radio,0.5
1,2,lr5e-05_bs32_modL1_fusion64_fusionL1_drop0p1_trmiss50_trlocradio,32,5e-05,1,64,1,0.1,lr5e-05_bs32_modL1_fusion64_fusionL1_drop0p1_trmiss50_trlocradio,14,0.5290880501270294,0.7427051961421967,0.49137931034482757,0.6734413061682264,0.4222222222222222,0.0,0.0,0.0,0.0,0.0,0.0,0.0,0.0,0.0,2002,radio,0.5
1,2,lr5e-05_bs32_modL1_fusion64_fusionL1_drop0p1_trmiss50_trlocradio,32,5e-05,1,64,1,0.1,lr5e-05_bs32_modL1_fusion64_fusionL1_drop0p1_trmiss50_trlocradio,15,0.518844356139501,0.7415556609630585,0.4978448275862069,0.6890238558025001,0.4444444444444444,0.0,0.0,0.0,0.0,0.0,0.0,0.0,0.0,0.0,2002,radio,0.5
1,2,lr5e-05_bs32_modL1_fusion64_fusionL1_drop0p1_trmiss50_trlocradio,32,5e-05,1,64,1,0.1,lr5e-05_bs32_modL1_fusion64_fusionL1_drop0p1_trmiss50_trlocradio,16,0.5182261516650518,0.7344693839550018,0.5107758620689655,0.6971772763621074,0.5333333333333333,0.0,0.0,0.0,0.0,0.0,0.0,0.0,0.0,0.0,2002,radio,0.5
1,2,lr5e-05_bs32_modL1_fusion64_fusionL1_drop0p1_trmiss50_trlocradio,32,5e-05,1,64,1,0.1,lr5e-05_bs32_modL1_fusion64_fusionL1_drop0p1_trmiss50_trlocradio,17,0.5162862439950308,0.7303383648395538,0.5129310344827586,0.6984911264375644,0.5333333333333333,0.0,0.0,0.0,0.0,0.0,0.0,0.0,0.0,0.0,2002,radio,0.5
1,2,lr5e-05_bs32_modL1_fusion64_fusionL1_drop0p1_trmiss50_trlocradio,32,5e-05,1,64,1,0.1,lr5e-05_bs32_modL1_fusion64_fusionL1_drop0p1_trmiss50_trlocradio,18,0.5098706980546316,0.7299876511096954,0.521551724137931,0.7011802772755354,0.5111111111111111,0.0,0.0,0.0,0.0,0.0,0.0,0.0,0.0,0.0,2002,radio,0.5
1,2,lr5e-05_bs32_modL1_fusion64_fusionL1_drop0p1_trmiss50_trlocradio,32,5e-05,1,64,1,0.1,lr5e-05_bs32_modL1_fusion64_fusionL1_drop0p1_trmiss50_trlocradio,19,0.5135296334822973,0.7286608815193176,0.5280172413793103,0.7040960979199918,0.5333333333333333,0.0,0.0,0.0,0.0,0.0,0.0,0.0,0.0,0.0,2002,radio,0.5
1,2,lr5e-05_bs32_modL1_fusion64_fusionL1_drop0p1_trmiss50_trlocradio,32,5e-05,1,64,1,0.1,lr5e-05_bs32_modL1_fusion64_fusionL1_drop0p1_trmiss50_trlocradio,20,0.5096977750460306,0.7295118570327759,0.5280172413793103,0.7046271112151875,0.4888888888888889,0.0,0.0,0.0,0.0,0.0,0.0,0.0,0.0,0.0,2002,radio,0.5
1,2,lr5e-05_bs32_modL1_fusion64_fusionL1_drop0p1_trmiss50_trlocradio,32,5e-05,1,64,1,0.1,lr5e-05_bs32_modL1_fusion64_fusionL1_drop0p1_trmiss50_trlocradio,21,0.5059302399555842,0.7289752066135406,0.5280172413793103,0.7063385096131347,0.5111111111111111,0.0,0.0,0.0,0.0,0.0,0.0,0.0,0.0,0.0,2002,radio,0.5
1,2,lr5e-05_bs32_modL1_fusion64_fusionL1_drop0p1_trmiss50_trlocradio,32,5e-05,1,64,1,0.1,lr5e-05_bs32_modL1_fusion64_fusionL1_drop0p1_trmiss50_trlocradio,22,0.5056970119476318,0.7239764630794525,0.5323275862068966,0.707589608963946,0.5555555555555556,0.0,0.0,0.0,0.0,0.0,0.0,0.0,0.0,0.0,2002,radio,0.5
1,2,lr5e-05_bs32_modL1_fusion64_fusionL1_drop0p1_trmiss50_trlocradio,32,5e-05,1,64,1,0.1,lr5e-05_bs32_modL1_fusion64_fusionL1_drop0p1_trmiss50_trlocradio,23,0.5118013322353363,0.7299515604972839,0.521551724137931,0.7023300414764366,0.5333333333333333,0.0,0.0,0.0,0.0,0.0,0.0,0.0,0.0,0.0,2002,radio,0.5
1,2,lr5e-05_bs32_modL1_fusion64_fusionL1_drop0p1_trmiss50_trlocradio,32,5e-05,1,64,1,0.1,lr5e-05_bs32_modL1_fusion64_fusionL1_drop0p1_trmiss50_trlocradio,24,0.5050519307454427,0.7346996963024139,0.5323275862068965,0.7070546862349746,0.5111111111111111,0.0,0.0,0.0,0.0,0.0,0.0,0.0,0.0,0.0,2002,radio,0.5
1,2,lr5e-05_bs32_modL1_fusion64_fusionL1_drop0p1_trmiss50_trlocradio,32,5e-05,1,64,1,0.1,lr5e-05_bs32_modL1_fusion64_fusionL1_drop0p1_trmiss50_trlocradio,25,0.5108740528424581,0.7303204536437988,0.5280172413793103,0.7088706398891634,0.4888888888888889,0.0,0.0,0.0,0.0,0.0,0.0,0.0,0.0,0.0,2002,radio,0.5
1,2,lr5e-05_bs32_modL1_fusion64_fusionL1_drop0p1_trmiss50_trlocradio,32,5e-05,1,64,1,0.1,lr5e-05_bs32_modL1_fusion64_fusionL1_drop0p1_trmiss50_trlocradio,26,0.5036416451136271,0.7301628887653351,0.5301724137931034,0.7099614530433804,0.4888888888888889,0.0,0.0,0.0,0.0,0.0,0.0,0.0,0.0,0.0,2002,radio,0.5
1,2,lr5e-05_bs32_modL1_fusion64_fusionL1_drop0p1_trmiss50_trlocradio,32,5e-05,1,64,1,0.1,lr5e-05_bs32_modL1_fusion64_fusionL1_drop0p1_trmiss50_trlocradio,27,0.5037468026081721,0.7316923439502716,0.5237068965517241,0.7025941178176061,0.5111111111111111,0.0,0.0,0.0,0.0,0.0,0.0,0.0,0.0,0.0,2002,radio,0.5
1,2,lr5e-05_bs32_modL1_fusion64_fusionL1_drop0p1_trmiss50_trlocradio,32,5e-05,1,64,1,0.1,lr5e-05_bs32_modL1_fusion64_fusionL1_drop0p1_trmiss50_trlocradio,28,0.4783487319946289,0.7334815859794617,0.5280172413793104,0.7091270974275683,0.5111111111111111,0.0,0.0,0.0,0.0,0.0,0.0,0.0,0.0,0.0,2002,radio,0.5
1,2,lr5e-05_bs32_modL1_fusion64_fusionL1_drop0p1_trmiss50_trlocradio,32,5e-05,1,64,1,0.1,lr5e-05_bs32_modL1_fusion64_fusionL1_drop0p1_trmiss50_trlocradio,29,0.5047895858685175,0.7312610447406769,0.5280172413793103,0.7077241788233476,0.5333333333333333,0.0,0.0,0.0,0.0,0.0,0.0,0.0,0.0,0.0,2002,radio,0.5
1,2,lr5e-05_bs32_modL1_fusion64_fusionL1_drop0p1_trmiss50_trlocradio,32,5e-05,1,64,1,0.1,lr5e-05_bs32_modL1_fusion64_fusionL1_drop0p1_trmiss50_trlocradio,30,0.4972086747487386,0.736105352640152,0.5280172413793104,0.7029445015991413,0.5111111111111111,0.0,0.0,0.0,0.0,0.0,0.0,0.0,0.0,0.0,2002,radio,0.5
1,2,lr5e-05_bs32_modL1_fusion64_fusionL1_drop0p1_trmiss50_trlocradio,32,5e-05,1,64,1,0.1,lr5e-05_bs32_modL1_fusion64_fusionL1_drop0p1_trmiss50_trlocradio,31,0.4960881968339284,0.7304046154022217,0.5301724137931034,0.7042597093798664,0.5333333333333333,0.0,0.0,0.0,0.0,0.0,0.0,0.0,0.0,0.0,2002,radio,0.5
1,2,lr5e-05_bs32_modL1_fusion64_fusionL1_drop0p1_trmiss50_trlocradio,32,5e-05,1,64,1,0.1,lr5e-05_bs32_modL1_fusion64_fusionL1_drop0p1_trmiss50_trlocradio,32,0.4961369534333547,0.7270329594612122,0.5366379310344828,0.7115826507084926,0.5333333333333333,0.0,0.0,0.0,0.0,0.0,0.0,0.0,0.0,0.0,2002,radio,0.5
1,2,lr5e-05_bs32_modL1_fusion64_fusionL1_drop0p1_trmiss50_trlocradio,32,5e-05,1,64,1,0.1,lr5e-05_bs32_modL1_fusion64_fusionL1_drop0p1_trmiss50_trlocradio,33,0.4997030645608902,0.7278205156326294,0.5344827586206897,0.7110432130861205,0.5333333333333333,0.0,0.0,0.0,0.0,0.0,0.0,0.0,0.0,0.0,2002,radio,0.5
1,2,lr5e-05_bs32_modL1_fusion64_fusionL1_drop0p1_trmiss50_trlocradio,32,5e-05,1,64,1,0.1,lr5e-05_bs32_modL1_fusion64_fusionL1_drop0p1_trmiss50_trlocradio,34,0.5057665705680847,0.726301521062851,0.5323275862068965,0.7104370939108223,0.5333333333333333,0.0,0.0,0.0,0.0,0.0,0.0,0.0,0.0,0.0,2002,radio,0.5
1,2,lr5e-05_bs32_modL1_fusion64_fusionL1_drop0p1_trmiss50_trlocradio,32,5e-05,1,64,1,0.1,lr5e-05_bs32_modL1_fusion64_fusionL1_drop0p1_trmiss50_trlocradio,35,0.510722205042839,0.7305515706539154,0.5280172413793103,0.7091022723293903,0.5333333333333333,0.0,0.0,0.0,0.0,0.0,0.0,0.0,0.0,0.0,2002,radio,0.5
1,2,lr5e-05_bs32_modL1_fusion64_fusionL1_drop0p1_trmiss50_trlocradio,32,5e-05,1,64,1,0.1,lr5e-05_bs32_modL1_fusion64_fusionL1_drop0p1_trmiss50_trlocradio,36,0.49991760154565174,0.7284946441650391,0.5344827586206896,0.7120917975792013,0.5333333333333333,0.0,0.0,0.0,0.0,0.0,0.0,0.0,0.0,0.0,2002,radio,0.5
1,2,lr5e-05_bs32_modL1_fusion64_fusionL1_drop0p1_trmiss50_trlocradio,32,5e-05,1,64,1,0.1,lr5e-05_bs32_modL1_fusion64_fusionL1_drop0p1_trmiss50_trlocradio,37,0.5020665327707926,0.7309288680553436,0.5280172413793103,0.7105139935927183,0.5111111111111111,0.0,0.0,0.0,0.0,0.0,0.0,0.0,0.0,0.0,2002,radio,0.5
1,2,lr5e-05_bs32_modL1_fusion64_fusionL1_drop0p1_trmiss50_trlocradio,32,5e-05,1,64,1,0.1,lr5e-05_bs32_modL1_fusion64_fusionL1_drop0p1_trmiss50_trlocradio,38,0.497109055519104,0.7256160080432892,0.5301724137931034,0.7105808060571245,0.5333333333333333,0.0,0.0,0.0,0.0,0.0,0.0,0.0,0.0,0.0,2002,radio,0.5
1,2,lr5e-05_bs32_modL1_fusion64_fusionL1_drop0p1_trmiss50_trlocradio,32,5e-05,1,64,1,0.1,lr5e-05_bs32_modL1_fusion64_fusionL1_drop0p1_trmiss50_trlocradio,39,0.49901024997234344,0.7258149683475494,0.5366379310344828,0.7126923444462434,0.5333333333333333,0.0,0.0,0.0,0.0,0.0,0.0,0.0,0.0,0.0,2002,radio,0.5
1,2,lr5e-05_bs32_modL1_fusion64_fusionL1_drop0p1_trmiss50_trlocradio,32,5e-05,1,64,1,0.1,lr5e-05_bs32_modL1_fusion64_fusionL1_drop0p1_trmiss50_trlocradio,40,0.49856244524319965,0.7286819517612457,0.5323275862068966,0.7113187874115077,0.5333333333333333,0.0,0.0,0.0,0.0,0.0,0.0,0.0,0.0,0.0,2002,radio,0.5
1,2,lr5e-05_bs32_modL1_fusion64_fusionL1_drop0p1_trmiss50_trlocradio,32,5e-05,1,64,1,0.1,lr5e-05_bs32_modL1_fusion64_fusionL1_drop0p1_trmiss50_trlocradio,41,0.49439429740111035,0.7307603657245636,0.5323275862068966,0.7109609532932555,0.5111111111111111,0.0,0.0,0.0,0.0,0.0,0.0,0.0,0.0,0.0,2002,radio,0.5
1,2,lr5e-05_bs32_modL1_fusion64_fusionL1_drop0p1_trmiss50_trlocradio,32,5e-05,1,64,1,0.1,lr5e-05_bs32_modL1_fusion64_fusionL1_drop0p1_trmiss50_trlocradio,42,0.49412280817826587,0.7259450554847717,0.5387931034482758,0.7160406108336795,0.5333333333333333,0.0,0.0,0.0,0.0,0.0,0.0,0.0,0.0,0.0,2002,radio,0.5
1,2,lr5e-05_bs32_modL1_fusion64_fusionL1_drop0p1_trmiss50_trlocradio,32,5e-05,1,64,1,0.1,lr5e-05_bs32_modL1_fusion64_fusionL1_drop0p1_trmiss50_trlocradio,43,0.4895854890346527,0.7278682589530945,0.5366379310344828,0.7129003169622806,0.5333333333333333,0.0,0.0,0.0,0.0,0.0,0.0,0.0,0.0,0.0,2002,radio,0.5
1,2,lr5e-05_bs32_modL1_fusion64_fusionL1_drop0p1_trmiss50_trlocradio,32,5e-05,1,64,1,0.1,lr5e-05_bs32_modL1_fusion64_fusionL1_drop0p1_trmiss50_trlocradio,44,0.4998225271701813,0.7259952425956726,0.5387931034482759,0.7137455923765216,0.5333333333333333,0.0,0.0,0.0,0.0,0.0,0.0,0.0,0.0,0.0,2002,radio,0.5
1,2,lr5e-05_bs32_modL1_fusion64_fusionL1_drop0p1_trmiss50_trlocradio,32,5e-05,1,64,1,0.1,lr5e-05_bs32_modL1_fusion64_fusionL1_drop0p1_trmiss50_trlocradio,45,0.4937598605950673,0.7267884612083435,0.5344827586206896,0.7123117065733073,0.5333333333333333,0.0,0.0,0.0,0.0,0.0,0.0,0.0,0.0,0.0,2002,radio,0.5
1,2,lr5e-05_bs32_modL1_fusion64_fusionL1_drop0p1_trmiss50_trlocradio,32,5e-05,1,64,1,0.1,lr5e-05_bs32_modL1_fusion64_fusionL1_drop0p1_trmiss50_trlocradio,46,0.4873237560192744,0.7247771322727203,0.5344827586206896,0.7115745562662051,0.5333333333333333,0.0,0.0,0.0,0.0,0.0,0.0,0.0,0.0,0.0,2002,radio,0.5
1,2,lr5e-05_bs32_modL1_fusion64_fusionL1_drop0p1_trmiss50_trlocradio,32,5e-05,1,64,1,0.1,lr5e-05_bs32_modL1_fusion64_fusionL1_drop0p1_trmiss50_trlocradio,47,0.4947899381319682,0.7229785621166229,0.5366379310344828,0.7130414801469221,0.5555555555555556,0.0,0.0,0.0,0.0,0.0,0.0,0.0,0.0,0.0,2002,radio,0.5
1,2,lr5e-05_bs32_modL1_fusion64_fusionL1_drop0p1_trmiss50_trlocradio,32,5e-05,1,64,1,0.1,lr5e-05_bs32_modL1_fusion64_fusionL1_drop0p1_trmiss50_trlocradio,48,0.4861850092808406,0.7265328764915466,0.5323275862068965,0.7096542927680188,0.5333333333333333,0.0,0.0,0.0,0.0,0.0,0.0,0.0,0.0,0.0,2002,radio,0.5
1,2,lr5e-05_bs32_modL1_fusion64_fusionL1_drop0p1_trmiss50_trlocradio,32,5e-05,1,64,1,0.1,lr5e-05_bs32_modL1_fusion64_fusionL1_drop0p1_trmiss50_trlocradio,49,0.5051491508881251,0.726885586977005,0.5280172413793104,0.7075661723132539,0.5333333333333333,0.0,0.0,0.0,0.0,0.0,0.0,0.0,0.0,0.0,2002,radio,0.5
1,2,lr5e-05_bs32_modL1_fusion64_fusionL1_drop0p1_trmiss50_trlocradio,32,5e-05,1,64,1,0.1,lr5e-05_bs32_modL1_fusion64_fusionL1_drop0p1_trmiss50_trlocradio,50,0.5003166844447454,0.723265141248703,0.5366379310344828,0.7118509353094508,0.5555555555555556,0.0,0.0,0.0,0.0,0.0,0.0,0.0,0.0,0.0,2002,radio,0.5
1,2,lr5e-05_bs32_modL1_fusion64_fusionL1_drop0p1_trmiss50_trlocradio,32,5e-05,1,64,1,0.1,lr5e-05_bs32_modL1_fusion64_fusionL1_drop0p1_trmiss50_trlocradio,51,0.49240297079086304,0.7256858348846436,0.540948275862069,0.715116832044398,0.5333333333333333,0.0,0.0,0.0,0.0,0.0,0.0,0.0,0.0,0.0,2002,radio,0.5
1,2,lr5e-05_bs32_modL1_fusion64_fusionL1_drop0p1_trmiss50_trlocradio,32,5e-05,1,64,1,0.1,lr5e-05_bs32_modL1_fusion64_fusionL1_drop0p1_trmiss50_trlocradio,52,0.4957603911558787,0.7251906991004944,0.543103448275862,0.7165373155282853,0.5333333333333333,0.0,0.0,0.0,0.0,0.0,0.0,0.0,0.0,0.0,2002,radio,0.5
1,2,lr5e-05_bs32_modL1_fusion64_fusionL1_drop0p1_trmiss50_trlocradio,32,5e-05,1,64,1,0.1,lr5e-05_bs32_modL1_fusion64_fusionL1_drop0p1_trmiss50_trlocradio,53,0.4945877840121587,0.7269143760204315,0.5387931034482758,0.7140760129111545,0.5333333333333333,0.0,0.0,0.0,0.0,0.0,0.0,0.0,0.0,0.0,2002,radio,0.5
1,2,lr5e-05_bs32_modL1_fusion64_fusionL1_drop0p1_trmiss50_trlocradio,32,5e-05,1,64,1,0.1,lr5e-05_bs32_modL1_fusion64_fusionL1_drop0p1_trmiss50_trlocradio,54,0.5050900429487228,0.7287926375865936,0.5387931034482758,0.7131213602867722,0.5333333333333333,0.0,0.0,0.0,0.0,0.0,0.0,0.0,0.0,0.0,2002,radio,0.5
1,2,lr5e-05_bs32_modL1_fusion64_fusionL1_drop0p1_trmiss50_trlocradio,32,5e-05,1,64,1,0.1,lr5e-05_bs32_modL1_fusion64_fusionL1_drop0p1_trmiss50_trlocradio,55,0.4837216039498647,0.7318940162658691,0.5344827586206897,0.7132028204088002,0.5333333333333333,0.0,0.0,0.0,0.0,0.0,0.0,0.0,0.0,0.0,2002,radio,0.5
1,2,lr5e-05_bs32_modL1_fusion64_fusionL1_drop0p1_trmiss50_trlocradio,32,5e-05,1,64,1,0.1,lr5e-05_bs32_modL1_fusion64_fusionL1_drop0p1_trmiss50_trlocradio,56,0.4987126936515172,0.7286579310894012,0.5366379310344828,0.7130765126612795,0.5333333333333333,0.0,0.0,0.0,0.0,0.0,0.0,0.0,0.0,0.0,2002,radio,0.5
1,2,lr5e-05_bs32_modL1_fusion64_fusionL1_drop0p1_trmiss50_trlocradio,32,5e-05,1,64,1,0.1,lr5e-05_bs32_modL1_fusion64_fusionL1_drop0p1_trmiss50_trlocradio,57,0.487473726272583,0.7292398512363434,0.5280172413793104,0.7086592157601205,0.5333333333333333,0.0,0.0,0.0,0.0,0.0,0.0,0.0,0.0,0.0,2002,radio,0.5
1,2,lr5e-05_bs32_modL1_fusion64_fusionL1_drop0p1_trmiss50_trlocradio,32,5e-05,1,64,1,0.1,lr5e-05_bs32_modL1_fusion64_fusionL1_drop0p1_trmiss50_trlocradio,58,0.49014746149381,0.7281973659992218,0.5344827586206896,0.7116027959992689,0.5333333333333333,0.0,0.0,0.0,0.0,0.0,0.0,0.0,0.0,0.0,2002,radio,0.5
1,2,lr5e-05_bs32_modL1_fusion64_fusionL1_drop0p1_trmiss50_trlocradio,32,5e-05,1,64,1,0.1,lr5e-05_bs32_modL1_fusion64_fusionL1_drop0p1_trmiss50_trlocradio,59,0.49799247086048126,0.7244315147399902,0.5301724137931034,0.7094264794957409,0.5555555555555556,0.0,0.0,0.0,0.0,0.0,0.0,0.0,0.0,0.0,2002,radio,0.5
1,2,lr5e-05_bs32_modL1_fusion64_fusionL1_drop0p1_trmiss50_trlocradio,32,5e-05,1,64,1,0.1,lr5e-05_bs32_modL1_fusion64_fusionL1_drop0p1_trmiss50_trlocradio,60,0.49496447543303174,0.7254976034164429,0.5366379310344828,0.714358903393682,0.5555555555555556,0.0,0.0,0.0,0.0,0.0,0.0,0.0,0.0,0.0,2002,radio,0.5
1,2,lr5e-05_bs32_modL1_fusion64_fusionL1_drop0p1_trmiss50_trlocradio,32,5e-05,1,64,1,0.1,lr5e-05_bs32_modL1_fusion64_fusionL1_drop0p1_trmiss50_trlocradio,61,0.493428831299146,0.7232136428356171,0.5301724137931034,0.7089926460877696,0.5555555555555556,0.0,0.0,0.0,0.0,0.0,0.0,0.0,0.0,0.0,2002,radio,0.5
1,2,lr5e-05_bs32_modL1_fusion64_fusionL1_drop0p1_trmiss50_trlocradio,32,5e-05,1,64,1,0.1,lr5e-05_bs32_modL1_fusion64_fusionL1_drop0p1_trmiss50_trlocradio,62,0.4947657138109207,0.7239047288894653,0.5452586206896551,0.7177499716434298,0.5333333333333333,0.0,0.0,0.0,0.0,0.0,0.0,0.0,0.0,0.0,2002,radio,0.5
1,2,lr5e-05_bs32_modL1_fusion64_fusionL1_drop0p1_trmiss50_trlocradio,32,5e-05,1,64,1,0.1,lr5e-05_bs32_modL1_fusion64_fusionL1_drop0p1_trmiss50_trlocradio,63,0.49407372375329334,0.7221880555152893,0.5344827586206896,0.7116686210044184,0.5777777777777777,0.0,0.0,0.0,0.0,0.0,0.0,0.0,0.0,0.0,2002,radio,0.5
1,2,lr5e-05_bs32_modL1_fusion64_fusionL1_drop0p1_trmiss50_trlocradio,32,5e-05,1,64,1,0.1,lr5e-05_bs32_modL1_fusion64_fusionL1_drop0p1_trmiss50_trlocradio,64,0.5071410536766052,0.7203164100646973,0.5387931034482758,0.713758485163248,0.5555555555555556,0.0,0.0,0.0,0.0,0.0,0.0,0.0,0.0,0.0,2002,radio,0.5
1,2,lr5e-05_bs32_modL1_fusion64_fusionL1_drop0p1_trmiss50_trlocradio,32,5e-05,1,64,1,0.1,lr5e-05_bs32_modL1_fusion64_fusionL1_drop0p1_trmiss50_trlocradio,65,0.4898078292608261,0.7254774570465088,0.5280172413793104,0.7094980980797588,0.5555555555555556,0.0,0.0,0.0,0.0,0.0,0.0,0.0,0.0,0.0,2002,radio,0.5
1,2,lr5e-05_bs32_modL1_fusion64_fusionL1_drop0p1_trmiss50_trlocradio,32,5e-05,1,64,1,0.1,lr5e-05_bs32_modL1_fusion64_fusionL1_drop0p1_trmiss50_trlocradio,66,0.48081887265046436,0.727861613035202,0.5301724137931034,0.7103755241490007,0.5333333333333333,0.0,0.0,0.0,0.0,0.0,0.0,0.0,0.0,0.0,2002,radio,0.5
1,2,lr5e-05_bs32_modL1_fusion64_fusionL1_drop0p1_trmiss50_trlocradio,32,5e-05,1,64,1,0.1,lr5e-05_bs32_modL1_fusion64_fusionL1_drop0p1_trmiss50_trlocradio,67,0.4856775502363841,0.7290520071983337,0.5280172413793103,0.7081503266756469,0.5333333333333333,0.0,0.0,0.0,0.0,0.0,0.0,0.0,0.0,0.0,2002,radio,0.5
1,2,lr5e-05_bs32_modL1_fusion64_fusionL1_drop0p1_trmiss50_trlocradio,32,5e-05,1,64,1,0.1,lr5e-05_bs32_modL1_fusion64_fusionL1_drop0p1_trmiss50_trlocradio,68,0.4913899600505829,0.7239906489849091,0.5323275862068965,0.7106169256949565,0.5333333333333333,0.0,0.0,0.0,0.0,0.0,0.0,0.0,0.0,0.0,2002,radio,0.5
1,2,lr5e-05_bs32_modL1_fusion64_fusionL1_drop0p1_trmiss50_trlocradio,32,5e-05,1,64,1,0.1,lr5e-05_bs32_modL1_fusion64_fusionL1_drop0p1_trmiss50_trlocradio,69,0.4928448299566905,0.7291975915431976,0.5301724137931034,0.7095960314438391,0.5111111111111111,0.0,0.0,0.0,0.0,0.0,0.0,0.0,0.0,0.0,2002,radio,0.5
1,2,lr5e-05_bs32_modL1_fusion64_fusionL1_drop0p1_trmiss50_trlocradio,32,5e-05,1,64,1,0.1,lr5e-05_bs32_modL1_fusion64_fusionL1_drop0p1_trmiss50_trlocradio,70,0.48776813348134357,0.7311279475688934,0.5366379310344828,0.7130414801469221,0.5111111111111111,0.0,0.0,0.0,0.0,0.0,0.0,0.0,0.0,0.0,2002,radio,0.5
1,2,lr5e-05_bs32_modL1_fusion64_fusionL1_drop0p1_trmiss50_trlocradio,32,5e-05,1,64,1,0.1,lr5e-05_bs32_modL1_fusion64_fusionL1_drop0p1_trmiss50_trlocradio,71,0.4942736029624939,0.7286632657051086,0.5301724137931034,0.7100525965694809,0.5333333333333333,0.0,0.0,0.0,0.0,0.0,0.0,0.0,0.0,0.0,2002,radio,0.5
1,2,lr5e-05_bs32_modL1_fusion64_fusionL1_drop0p1_trmiss50_trlocradio,32,5e-05,1,64,1,0.1,lr5e-05_bs32_modL1_fusion64_fusionL1_drop0p1_trmiss50_trlocradio,72,0.504572331905365,0.7262116372585297,0.5366379310344828,0.7128469471947548,0.5333333333333333,0.0,0.0,0.0,0.0,0.0,0.0,0.0,0.0,0.0,2002,radio,0.5
1,2,lr5e-05_bs32_modL1_fusion64_fusionL1_drop0p1_trmiss50_trlocradio,32,5e-05,1,64,1,0.1,lr5e-05_bs32_modL1_fusion64_fusionL1_drop0p1_trmiss50_trlocradio,73,0.4992818584044774,0.7303851544857025,0.5280172413793104,0.7073599817022657,0.5333333333333333,0.0,0.0,0.0,0.0,0.0,0.0,0.0,0.0,0.0,2002,radio,0.5
1,2,lr5e-05_bs32_modL1_fusion64_fusionL1_drop0p1_trmiss50_trlocradio,32,5e-05,1,64,1,0.1,lr5e-05_bs32_modL1_fusion64_fusionL1_drop0p1_trmiss50_trlocradio,74,0.5015410284201304,0.7336640655994415,0.5258620689655172,0.708992695418276,0.5333333333333333,0.0,0.0,0.0,0.0,0.0,0.0,0.0,0.0,0.0,2002,radio,0.5
1,2,lr5e-05_bs32_modL1_fusion64_fusionL1_drop0p1_trmiss50_trlocradio,32,5e-05,1,64,1,0.1,lr5e-05_bs32_modL1_fusion64_fusionL1_drop0p1_trmiss50_trlocradio,75,0.48960068821907043,0.7288120090961456,0.5344827586206896,0.710208899184656,0.5333333333333333,0.0,0.0,0.0,0.0,0.0,0.0,0.0,0.0,0.0,2002,radio,0.5
1,2,lr5e-05_bs32_modL1_fusion64_fusionL1_drop0p1_trmiss50_trlocradio,32,5e-05,1,64,1,0.1,lr5e-05_bs32_modL1_fusion64_fusionL1_drop0p1_trmiss50_trlocradio,76,0.49852577845255536,0.725504070520401,0.5366379310344828,0.7135444646629311,0.5333333333333333,0.0,0.0,0.0,0.0,0.0,0.0,0.0,0.0,0.0,2002,radio,0.5
1,2,lr5e-05_bs32_modL1_fusion64_fusionL1_drop0p1_trmiss50_trlocradio,32,5e-05,1,64,1,0.1,lr5e-05_bs32_modL1_fusion64_fusionL1_drop0p1_trmiss50_trlocradio,77,0.4964491327603658,0.7298630177974701,0.5431034482758621,0.7167504713935546,0.5333333333333333,0.0,0.0,0.0,0.0,0.0,0.0,0.0,0.0,0.0,2002,radio,0.5
1,2,lr5e-05_bs32_modL1_fusion64_fusionL1_drop0p1_trmiss50_trlocradio,32,5e-05,1,64,1,0.1,lr5e-05_bs32_modL1_fusion64_fusionL1_drop0p1_trmiss50_trlocradio,78,0.5061600704987844,0.7268593907356262,0.5344827586206896,0.7132956113230923,0.5333333333333333,0.0,0.0,0.0,0.0,0.0,0.0,0.0,0.0,0.0,2002,radio,0.5
1,2,lr5e-05_bs32_modL1_fusion64_fusionL1_drop0p1_trmiss50_trlocradio,32,5e-05,1,64,1,0.1,lr5e-05_bs32_modL1_fusion64_fusionL1_drop0p1_trmiss50_trlocradio,79,0.49202950298786163,0.7277081906795502,0.5366379310344828,0.7138980373164755,0.5333333333333333,0.0,0.0,0.0,0.0,0.0,0.0,0.0,0.0,0.0,2002,radio,0.5
1,2,lr5e-05_bs32_modL1_fusion64_fusionL1_drop0p1_trmiss50_trlocradio,32,5e-05,1,64,1,0.1,lr5e-05_bs32_modL1_fusion64_fusionL1_drop0p1_trmiss50_trlocradio,80,0.48595187564690906,0.7269983887672424,0.5366379310344828,0.7111809226191377,0.5333333333333333,0.0,0.0,0.0,0.0,0.0,0.0,0.0,0.0,0.0,2002,radio,0.5
1,2,lr1e-04_bs32_modL1_fusion32_fusionL1_drop0p2_trmiss50_trlocradio,32,0.0001,1,32,1,0.2,lr1e-04_bs32_modL1_fusion32_fusionL1_drop0p2_trmiss50_trlocradio,1,0.7033445735772451,0.6869525611400604,0.43534482758620696,0.6342001711432654,0.5111111111111111,0.0,0.0,0.0,0.0,0.0,0.0,0.0,0.0,0.0,2002,radio,0.5
1,2,lr1e-04_bs32_modL1_fusion32_fusionL1_drop0p2_trmiss50_trlocradio,32,0.0001,1,32,1,0.2,lr1e-04_bs32_modL1_fusion32_fusionL1_drop0p2_trmiss50_trlocradio,2,0.6687886516253153,0.6965750753879547,0.4267241379310345,0.6410163998913341,0.5333333333333333,0.0,0.0,0.0,0.0,0.0,0.0,0.0,0.0,0.0,2002,radio,0.5
1,2,lr1e-04_bs32_modL1_fusion32_fusionL1_drop0p2_trmiss50_trlocradio,32,0.0001,1,32,1,0.2,lr1e-04_bs32_modL1_fusion32_fusionL1_drop0p2_trmiss50_trlocradio,3,0.655997614065806,0.7147192060947418,0.4375,0.6651237654586553,0.5333333333333333,0.0,0.0,0.0,0.0,0.0,0.0,0.0,0.0,0.0,2002,radio,0.5
1,2,lr1e-04_bs32_modL1_fusion32_fusionL1_drop0p2_trmiss50_trlocradio,32,0.0001,1,32,1,0.2,lr1e-04_bs32_modL1_fusion32_fusionL1_drop0p2_trmiss50_trlocradio,4,0.6020504136880239,0.7288452982902527,0.43750000000000006,0.6697740352631898,0.4888888888888889,0.0,0.0,0.0,0.0,0.0,0.0,0.0,0.0,0.0,2002,radio,0.5
1,2,lr1e-04_bs32_modL1_fusion32_fusionL1_drop0p2_trmiss50_trlocradio,32,0.0001,1,32,1,0.2,lr1e-04_bs32_modL1_fusion32_fusionL1_drop0p2_trmiss50_trlocradio,5,0.6250856816768646,0.7401400506496429,0.4267241379310345,0.6775820334236221,0.4888888888888889,0.0,0.0,0.0,0.0,0.0,0.0,0.0,0.0,0.0,2002,radio,0.5
1,2,lr1e-04_bs32_modL1_fusion32_fusionL1_drop0p2_trmiss50_trlocradio,32,0.0001,1,32,1,0.2,lr1e-04_bs32_modL1_fusion32_fusionL1_drop0p2_trmiss50_trlocradio,6,0.6212488810221354,0.7473409175872803,0.4267241379310345,0.6750235503117336,0.4888888888888889,0.0,0.0,0.0,0.0,0.0,0.0,0.0,0.0,0.0,2002,radio,0.5
1,2,lr1e-04_bs32_modL1_fusion32_fusionL1_drop0p2_trmiss50_trlocradio,32,0.0001,1,32,1,0.2,lr1e-04_bs32_modL1_fusion32_fusionL1_drop0p2_trmiss50_trlocradio,7,0.590931624174118,0.7491863071918488,0.4137931034482758,0.6703547797533579,0.4666666666666667,0.0,0.0,0.0,0.0,0.0,0.0,0.0,0.0,0.0,2002,radio,0.5
1,2,lr1e-04_bs32_modL1_fusion32_fusionL1_drop0p2_trmiss50_trlocradio,32,0.0001,1,32,1,0.2,lr1e-04_bs32_modL1_fusion32_fusionL1_drop0p2_trmiss50_trlocradio,8,0.5924865504105886,0.7538130283355713,0.4094827586206896,0.6581931186484264,0.4444444444444444,0.0,0.0,0.0,0.0,0.0,0.0,0.0,0.0,0.0,2002,radio,0.5
1,2,lr1e-04_bs32_modL1_fusion32_fusionL1_drop0p2_trmiss50_trlocradio,32,0.0001,1,32,1,0.2,lr1e-04_bs32_modL1_fusion32_fusionL1_drop0p2_trmiss50_trlocradio,9,0.5785121222337087,0.7521923184394836,0.39870689655172414,0.632085849750148,0.4888888888888889,0.0,0.0,0.0,0.0,0.0,0.0,0.0,0.0,0.0,2002,radio,0.5
1,2,lr1e-04_bs32_modL1_fusion32_fusionL1_drop0p2_trmiss50_trlocradio,32,0.0001,1,32,1,0.2,lr1e-04_bs32_modL1_fusion32_fusionL1_drop0p2_trmiss50_trlocradio,10,0.5537335177262624,0.7474234700202942,0.40086206896551724,0.6326331951250797,0.4666666666666667,0.0,0.0,0.0,0.0,0.0,0.0,0.0,0.0,0.0,2002,radio,0.5
1,2,lr1e-04_bs32_modL1_fusion32_fusionL1_drop0p2_trmiss50_trlocradio,32,0.0001,1,32,1,0.2,lr1e-04_bs32_modL1_fusion32_fusionL1_drop0p2_trmiss50_trlocradio,11,0.58229727546374,0.7518177926540375,0.40086206896551724,0.630018750578565,0.4888888888888889,0.0,0.0,0.0,0.0,0.0,0.0,0.0,0.0,0.0,2002,radio,0.5
1,2,lr1e-04_bs32_modL1_fusion32_fusionL1_drop0p2_trmiss50_trlocradio,32,0.0001,1,32,1,0.2,lr1e-04_bs32_modL1_fusion32_fusionL1_drop0p2_trmiss50_trlocradio,12,0.554969052473704,0.7541154623031616,0.3987068965517242,0.6286429900849431,0.4888888888888889,0.0,0.0,0.0,0.0,0.0,0.0,0.0,0.0,0.0,2002,radio,0.5
1,2,lr1e-04_bs32_modL1_fusion32_fusionL1_drop0p2_trmiss50_trlocradio,32,0.0001,1,32,1,0.2,lr1e-04_bs32_modL1_fusion32_fusionL1_drop0p2_trmiss50_trlocradio,13,0.5421325465043386,0.7525463998317719,0.4051724137931034,0.6470565511615476,0.4888888888888889,0.0,0.0,0.0,0.0,0.0,0.0,0.0,0.0,0.0,2002,radio,0.5
1,2,lr1e-04_bs32_modL1_fusion32_fusionL1_drop0p2_trmiss50_trlocradio,32,0.0001,1,32,1,0.2,lr1e-04_bs32_modL1_fusion32_fusionL1_drop0p2_trmiss50_trlocradio,14,0.5551782250404358,0.7511119246482849,0.4094827586206897,0.6506335314178824,0.4888888888888889,0.0,0.0,0.0,0.0,0.0,0.0,0.0,0.0,0.0,2002,radio,0.5
1,2,lr1e-04_bs32_modL1_fusion32_fusionL1_drop0p2_trmiss50_trlocradio,32,0.0001,1,32,1,0.2,lr1e-04_bs32_modL1_fusion32_fusionL1_drop0p2_trmiss50_trlocradio,15,0.5364320874214172,0.7529342770576477,0.41163793103448276,0.6508813184031261,0.4888888888888889,0.0,0.0,0.0,0.0,0.0,0.0,0.0,0.0,0.0,2002,radio,0.5
1,2,lr1e-04_bs32_modL1_fusion32_fusionL1_drop0p2_trmiss50_trlocradio,32,0.0001,1,32,1,0.2,lr1e-04_bs32_modL1_fusion32_fusionL1_drop0p2_trmiss50_trlocradio,16,0.5339149137338003,0.7545545697212219,0.41163793103448276,0.6521417916463581,0.4888888888888889,0.0,0.0,0.0,0.0,0.0,0.0,0.0,0.0,0.0,2002,radio,0.5
1,2,lr1e-04_bs32_modL1_fusion32_fusionL1_drop0p2_trmiss50_trlocradio,32,0.0001,1,32,1,0.2,lr1e-04_bs32_modL1_fusion32_fusionL1_drop0p2_trmiss50_trlocradio,17,0.53736678759257,0.7551659345626831,0.41163793103448276,0.6577437873263815,0.4888888888888889,0.0,0.0,0.0,0.0,0.0,0.0,0.0,0.0,0.0,2002,radio,0.5
1,2,lr1e-04_bs32_modL1_fusion32_fusionL1_drop0p2_trmiss50_trlocradio,32,0.0001,1,32,1,0.2,lr1e-04_bs32_modL1_fusion32_fusionL1_drop0p2_trmiss50_trlocradio,18,0.5259804179271063,0.7561251819133759,0.40948275862068967,0.6496458922008606,0.4888888888888889,0.0,0.0,0.0,0.0,0.0,0.0,0.0,0.0,0.0,2002,radio,0.5
1,2,lr1e-04_bs32_modL1_fusion32_fusionL1_drop0p2_trmiss50_trlocradio,32,0.0001,1,32,1,0.2,lr1e-04_bs32_modL1_fusion32_fusionL1_drop0p2_trmiss50_trlocradio,19,0.5288246273994446,0.7584398686885834,0.41163793103448276,0.647070279085759,0.4888888888888889,0.0,0.0,0.0,0.0,0.0,0.0,0.0,0.0,0.0,2002,radio,0.5
1,2,lr1e-04_bs32_modL1_fusion32_fusionL1_drop0p2_trmiss50_trlocradio,32,0.0001,1,32,1,0.2,lr1e-04_bs32_modL1_fusion32_fusionL1_drop0p2_trmiss50_trlocradio,20,0.5256756643454233,0.7587585747241974,0.4181034482758621,0.6508914896607618,0.4888888888888889,0.0,0.0,0.0,0.0,0.0,0.0,0.0,0.0,0.0,2002,radio,0.5
1,2,lr1e-04_bs32_modL1_fusion32_fusionL1_drop0p2_trmiss50_trlocradio,32,0.0001,1,32,1,0.2,lr1e-04_bs32_modL1_fusion32_fusionL1_drop0p2_trmiss50_trlocradio,21,0.5322633236646652,0.7606406509876251,0.4202586206896552,0.6544804974466845,0.4666666666666667,0.0,0.0,0.0,0.0,0.0,0.0,0.0,0.0,0.0,2002,radio,0.5
1,2,lr1e-04_bs32_modL1_fusion32_fusionL1_drop0p2_trmiss50_trlocradio,32,0.0001,1,32,1,0.2,lr1e-04_bs32_modL1_fusion32_fusionL1_drop0p2_trmiss50_trlocradio,22,0.5281837731599808,0.7592708766460419,0.42025862068965514,0.656477857316095,0.4666666666666667,0.0,0.0,0.0,0.0,0.0,0.0,0.0,0.0,0.0,2002,radio,0.5
1,2,lr1e-04_bs32_modL1_fusion32_fusionL1_drop0p2_trmiss50_trlocradio,32,0.0001,1,32,1,0.2,lr1e-04_bs32_modL1_fusion32_fusionL1_drop0p2_trmiss50_trlocradio,23,0.5448509653409322,0.7635100781917572,0.41163793103448276,0.6514021921017492,0.4666666666666667,0.0,0.0,0.0,0.0,0.0,0.0,0.0,0.0,0.0,2002,radio,0.5
1,2,lr1e-04_bs32_modL1_fusion32_fusionL1_drop0p2_trmiss50_trlocradio,32,0.0001,1,32,1,0.2,lr1e-04_bs32_modL1_fusion32_fusionL1_drop0p2_trmiss50_trlocradio,24,0.5256838202476501,0.7636113464832306,0.41594827586206895,0.651345732215918,0.4666666666666667,0.0,0.0,0.0,0.0,0.0,0.0,0.0,0.0,0.0,2002,radio,0.5
1,2,lr1e-04_bs32_modL1_fusion32_fusionL1_drop0p2_trmiss50_trlocradio,32,0.0001,1,32,1,0.2,lr1e-04_bs32_modL1_fusion32_fusionL1_drop0p2_trmiss50_trlocradio,25,0.5272498577833176,0.7587059736251831,0.42025862068965514,0.6535149838063259,0.4666666666666667,0.0,0.0,0.0,0.0,0.0,0.0,0.0,0.0,0.0,2002,radio,0.5
1,2,lr1e-04_bs32_modL1_fusion32_fusionL1_drop0p1_trmiss50_trlocradio,32,0.0001,1,32,1,0.1,lr1e-04_bs32_modL1_fusion32_fusionL1_drop0p1_trmiss50_trlocradio,1,0.7118619779745737,0.6977362632751465,0.6594827586206897,0.7684721269976212,0.37777777777777777,0.0,0.0,0.0,0.0,0.0,0.0,0.0,0.0,0.0,2002,radio,0.5
1,2,lr1e-04_bs32_modL1_fusion32_fusionL1_drop0p1_trmiss50_trlocradio,32,0.0001,1,32,1,0.1,lr1e-04_bs32_modL1_fusion32_fusionL1_drop0p1_trmiss50_trlocradio,2,0.6601142485936483,0.6916274130344391,0.7004310344827587,0.8046867222461839,0.4666666666666667,0.0,0.0,0.0,0.0,0.0,0.0,0.0,0.0,0.0,2002,radio,0.5
1,2,lr1e-04_bs32_modL1_fusion32_fusionL1_drop0p1_trmiss50_trlocradio,32,0.0001,1,32,1,0.1,lr1e-04_bs32_modL1_fusion32_fusionL1_drop0p1_trmiss50_trlocradio,3,0.6426465312639872,0.6863147020339966,0.709051724137931,0.8314292814073907,0.6,0.0,0.0,0.0,0.0,0.0,0.0,0.0,0.0,0.0,2002,radio,0.5
1,2,lr1e-04_bs32_modL1_fusion32_fusionL1_drop0p1_trmiss50_trlocradio,32,0.0001,1,32,1,0.1,lr1e-04_bs32_modL1_fusion32_fusionL1_drop0p1_trmiss50_trlocradio,4,0.634445478518804,0.6826687455177307,0.7198275862068966,0.8504538306337122,0.6,0.0,0.0,0.0,0.0,0.0,0.0,0.0,0.0,0.0,2002,radio,0.5
1,2,lr1e-04_bs32_modL1_fusion32_fusionL1_drop0p1_trmiss50_trlocradio,32,0.0001,1,32,1,0.1,lr1e-04_bs32_modL1_fusion32_fusionL1_drop0p1_trmiss50_trlocradio,5,0.6182139019171397,0.6802282631397247,0.709051724137931,0.8454693407595641,0.5777777777777777,0.0,0.0,0.0,0.0,0.0,0.0,0.0,0.0,0.0,2002,radio,0.5
1,2,lr1e-04_bs32_modL1_fusion32_fusionL1_drop0p1_trmiss50_trlocradio,32,0.0001,1,32,1,0.1,lr1e-04_bs32_modL1_fusion32_fusionL1_drop0p1_trmiss50_trlocradio,6,0.5956182777881622,0.67924964427948,0.709051724137931,0.849532057805114,0.5777777777777777,0.0,0.0,0.0,0.0,0.0,0.0,0.0,0.0,0.0,2002,radio,0.5
1,2,lr1e-04_bs32_modL1_fusion32_fusionL1_drop0p1_trmiss50_trlocradio,32,0.0001,1,32,1,0.1,lr1e-04_bs32_modL1_fusion32_fusionL1_drop0p1_trmiss50_trlocradio,7,0.577750970919927,0.6790748238563538,0.709051724137931,0.8431044114362156,0.6222222222222222,0.0,0.0,0.0,0.0,0.0,0.0,0.0,0.0,0.0,2002,radio,0.5
1,2,lr1e-04_bs32_modL1_fusion32_fusionL1_drop0p1_trmiss50_trlocradio,32,0.0001,1,32,1,0.1,lr1e-04_bs32_modL1_fusion32_fusionL1_drop0p1_trmiss50_trlocradio,8,0.5759133895238241,0.6793228685855865,0.6918103448275862,0.8333522600911747,0.6222222222222222,0.0,0.0,0.0,0.0,0.0,0.0,0.0,0.0,0.0,2002,radio,0.5
1,2,lr1e-04_bs32_modL1_fusion32_fusionL1_drop0p1_trmiss50_trlocradio,32,0.0001,1,32,1,0.1,lr1e-04_bs32_modL1_fusion32_fusionL1_drop0p1_trmiss50_trlocradio,9,0.5662333269913992,0.6779065728187561,0.6831896551724137,0.8270294942944239,0.6,0.0,0.0,0.0,0.0,0.0,0.0,0.0,0.0,0.0,2002,radio,0.5
1,2,lr1e-04_bs32_modL1_fusion32_fusionL1_drop0p1_trmiss50_trlocradio,32,0.0001,1,32,1,0.1,lr1e-04_bs32_modL1_fusion32_fusionL1_drop0p1_trmiss50_trlocradio,10,0.559879332780838,0.6760900914669037,0.6853448275862069,0.8263242315469577,0.5555555555555556,0.0,0.0,0.0,0.0,0.0,0.0,0.0,0.0,0.0,2002,radio,0.5
1,2,lr1e-04_bs32_modL1_fusion32_fusionL1_drop0p1_trmiss50_trlocradio,32,0.0001,1,32,1,0.1,lr1e-04_bs32_modL1_fusion32_fusionL1_drop0p1_trmiss50_trlocradio,11,0.5527973175048828,0.6787318289279938,0.6637931034482758,0.8057093977342784,0.5777777777777777,0.0,0.0,0.0,0.0,0.0,0.0,0.0,0.0,0.0,2002,radio,0.5
1,2,lr1e-04_bs32_modL1_fusion32_fusionL1_drop0p1_trmiss50_trlocradio,32,0.0001,1,32,1,0.1,lr1e-04_bs32_modL1_fusion32_fusionL1_drop0p1_trmiss50_trlocradio,12,0.5371776471535364,0.6763846576213837,0.6616379310344827,0.8048561142514499,0.5333333333333333,0.0,0.0,0.0,0.0,0.0,0.0,0.0,0.0,0.0,2002,radio,0.5
1,2,lr1e-04_bs32_modL1_fusion32_fusionL1_drop0p1_trmiss50_trlocradio,32,0.0001,1,32,1,0.1,lr1e-04_bs32_modL1_fusion32_fusionL1_drop0p1_trmiss50_trlocradio,13,0.5209783911705017,0.6717905402183533,0.6594827586206897,0.8053132978087305,0.4888888888888889,0.0,0.0,0.0,0.0,0.0,0.0,0.0,0.0,0.0,2002,radio,0.5
1,2,lr1e-04_bs32_modL1_fusion32_fusionL1_drop0p1_trmiss50_trlocradio,32,0.0001,1,32,1,0.1,lr1e-04_bs32_modL1_fusion32_fusionL1_drop0p1_trmiss50_trlocradio,14,0.5235361655553182,0.6745840907096863,0.6616379310344827,0.8041137917410115,0.5555555555555556,0.0,0.0,0.0,0.0,0.0,0.0,0.0,0.0,0.0,2002,radio,0.5
1,2,lr1e-04_bs32_modL1_fusion32_fusionL1_drop0p1_trmiss50_trlocradio,32,0.0001,1,32,1,0.1,lr1e-04_bs32_modL1_fusion32_fusionL1_drop0p1_trmiss50_trlocradio,15,0.5154188175996145,0.6777622103691101,0.6422413793103448,0.7972603713073194,0.5555555555555556,0.0,0.0,0.0,0.0,0.0,0.0,0.0,0.0,0.0,2002,radio,0.5
1,2,lr1e-04_bs32_modL1_fusion32_fusionL1_drop0p1_trmiss50_trlocradio,32,0.0001,1,32,1,0.1,lr1e-04_bs32_modL1_fusion32_fusionL1_drop0p1_trmiss50_trlocradio,16,0.48741080860296887,0.6700617074966431,0.6293103448275863,0.797053104009328,0.5555555555555556,0.0,0.0,0.0,0.0,0.0,0.0,0.0,0.0,0.0,2002,radio,0.5
1,2,lr1e-04_bs32_modL1_fusion32_fusionL1_drop0p1_trmiss50_trlocradio,32,0.0001,1,32,1,0.1,lr1e-04_bs32_modL1_fusion32_fusionL1_drop0p1_trmiss50_trlocradio,17,0.492503489057223,0.6659548580646515,0.6443965517241379,0.8055469608154258,0.6,0.0,0.0,0.0,0.0,0.0,0.0,0.0,0.0,0.0,2002,radio,0.5
1,2,lr1e-04_bs32_modL1_fusion32_fusionL1_drop0p1_trmiss50_trlocradio,32,0.0001,1,32,1,0.1,lr1e-04_bs32_modL1_fusion32_fusionL1_drop0p1_trmiss50_trlocradio,18,0.48040061195691425,0.6657764911651611,0.625,0.7920547719776942,0.5555555555555556,0.0,0.0,0.0,0.0,0.0,0.0,0.0,0.0,0.0,2002,radio,0.5
1,2,lr1e-04_bs32_modL1_fusion32_fusionL1_drop0p1_trmiss50_trlocradio,32,0.0001,1,32,1,0.1,lr1e-04_bs32_modL1_fusion32_fusionL1_drop0p1_trmiss50_trlocradio,19,0.47092090050379437,0.6668630242347717,0.6163793103448275,0.784908048308973,0.5333333333333333,0.0,0.0,0.0,0.0,0.0,0.0,0.0,0.0,0.0,2002,radio,0.5
1,2,lr1e-04_bs32_modL1_fusion32_fusionL1_drop0p1_trmiss50_trlocradio,32,0.0001,1,32,1,0.1,lr1e-04_bs32_modL1_fusion32_fusionL1_drop0p1_trmiss50_trlocradio,20,0.46908266345659894,0.6689099669456482,0.5948275862068966,0.771122489758852,0.5333333333333333,0.0,0.0,0.0,0.0,0.0,0.0,0.0,0.0,0.0,2002,radio,0.5
1,2,lr1e-04_bs32_modL1_fusion32_fusionL1_drop0p1_trmiss50_trlocradio,32,0.0001,1,32,1,0.1,lr1e-04_bs32_modL1_fusion32_fusionL1_drop0p1_trmiss50_trlocradio,21,0.45781372487545013,0.6773676872253418,0.584051724137931,0.762134931193927,0.5333333333333333,0.0,0.0,0.0,0.0,0.0,0.0,0.0,0.0,0.0,2002,radio,0.5
1,2,lr1e-04_bs32_modL1_fusion32_fusionL1_drop0p1_trmiss50_trlocradio,32,0.0001,1,32,1,0.1,lr1e-04_bs32_modL1_fusion32_fusionL1_drop0p1_trmiss50_trlocradio,22,0.451796755194664,0.6786582767963409,0.5732758620689655,0.754524447891991,0.5111111111111111,0.0,0.0,0.0,0.0,0.0,0.0,0.0,0.0,0.0,2002,radio,0.5
1,2,lr1e-04_bs32_modL1_fusion32_fusionL1_drop0p1_trmiss50_trlocradio,32,0.0001,1,32,1,0.1,lr1e-04_bs32_modL1_fusion32_fusionL1_drop0p1_trmiss50_trlocradio,23,0.43977637588977814,0.6814038157463074,0.5883620689655171,0.7612320366914522,0.5333333333333333,0.0,0.0,0.0,0.0,0.0,0.0,0.0,0.0,0.0,2002,radio,0.5
1,2,lr1e-04_bs32_modL1_fusion32_fusionL1_drop0p1_trmiss50_trlocradio,32,0.0001,1,32,1,0.1,lr1e-04_bs32_modL1_fusion32_fusionL1_drop0p1_trmiss50_trlocradio,24,0.44529470304648083,0.6715908944606781,0.6271551724137931,0.7903912204911553,0.6,0.0,0.0,0.0,0.0,0.0,0.0,0.0,0.0,0.0,2002,radio,0.5
1,2,lr1e-04_bs32_modL1_fusion32_fusionL1_drop0p1_trmiss50_trlocradio,32,0.0001,1,32,1,0.1,lr1e-04_bs32_modL1_fusion32_fusionL1_drop0p1_trmiss50_trlocradio,25,0.4244377960761388,0.6657412052154541,0.6314655172413792,0.7926080340232797,0.6,0.0,0.0,0.0,0.0,0.0,0.0,0.0,0.0,0.0,2002,radio,0.5
1,2,lr1e-04_bs32_modL1_fusion32_fusionL1_drop0p1_trmiss50_trlocradio,32,0.0001,1,32,1,0.1,lr1e-04_bs32_modL1_fusion32_fusionL1_drop0p1_trmiss50_trlocradio,26,0.4254209299882253,0.6672105193138123,0.6206896551724137,0.7881069922808586,0.5777777777777777,0.0,0.0,0.0,0.0,0.0,0.0,0.0,0.0,0.0,2002,radio,0.5
1,2,lr1e-04_bs32_modL1_fusion32_fusionL1_drop0p1_trmiss50_trlocradio,32,0.0001,1,32,1,0.1,lr1e-04_bs32_modL1_fusion32_fusionL1_drop0p1_trmiss50_trlocradio,27,0.4163659115632375,0.6685999035835266,0.6142241379310346,0.7851082643720857,0.5555555555555556,0.0,0.0,0.0,0.0,0.0,0.0,0.0,0.0,0.0,2002,radio,0.5
1,2,lr1e-04_bs32_modL1_fusion64_fusionL1_drop0p2_trmiss50_trlocradio,32,0.0001,1,64,1,0.2,lr1e-04_bs32_modL1_fusion64_fusionL1_drop0p2_trmiss50_trlocradio,1,0.7558907369772593,0.7182347178459167,0.3879310344827586,0.6049736019826882,0.37777777777777777,0.0,0.0,0.0,0.0,0.0,0.0,0.0,0.0,0.0,2002,radio,0.5
1,2,lr1e-04_bs32_modL1_fusion64_fusionL1_drop0p2_trmiss50_trlocradio,32,0.0001,1,64,1,0.2,lr1e-04_bs32_modL1_fusion64_fusionL1_drop0p2_trmiss50_trlocradio,2,0.7272078692913055,0.7436579465866089,0.3362068965517241,0.5836773800378534,0.4,0.0,0.0,0.0,0.0,0.0,0.0,0.0,0.0,0.0,2002,radio,0.5
1,2,lr1e-04_bs32_modL1_fusion64_fusionL1_drop0p2_trmiss50_trlocradio,32,0.0001,1,64,1,0.2,lr1e-04_bs32_modL1_fusion64_fusionL1_drop0p2_trmiss50_trlocradio,3,0.6986390948295593,0.7739332318305969,0.3017241379310345,0.5667984293422217,0.37777777777777777,0.0,0.0,0.0,0.0,0.0,0.0,0.0,0.0,0.0,2002,radio,0.5
1,2,lr1e-04_bs32_modL1_fusion64_fusionL1_drop0p2_trmiss50_trlocradio,32,0.0001,1,64,1,0.2,lr1e-04_bs32_modL1_fusion64_fusionL1_drop0p2_trmiss50_trlocradio,4,0.6682910521825155,0.7938915193080902,0.2974137931034483,0.5707467116113435,0.35555555555555557,0.0,0.0,0.0,0.0,0.0,0.0,0.0,0.0,0.0,2002,radio,0.5
1,2,lr1e-04_bs32_modL1_fusion64_fusionL1_drop0p2_trmiss50_trlocradio,32,0.0001,1,64,1,0.2,lr1e-04_bs32_modL1_fusion64_fusionL1_drop0p2_trmiss50_trlocradio,5,0.6510902941226959,0.8106604814529419,0.30818965517241376,0.5834735689071662,0.35555555555555557,0.0,0.0,0.0,0.0,0.0,0.0,0.0,0.0,0.0,2002,radio,0.5
1,2,lr1e-04_bs32_modL1_fusion64_fusionL1_drop0p2_trmiss50_trlocradio,32,0.0001,1,64,1,0.2,lr1e-04_bs32_modL1_fusion64_fusionL1_drop0p2_trmiss50_trlocradio,6,0.6050904293855032,0.8152470886707306,0.3275862068965517,0.5920269391151873,0.3333333333333333,0.0,0.0,0.0,0.0,0.0,0.0,0.0,0.0,0.0,2002,radio,0.5
1,2,lr1e-04_bs32_modL1_fusion64_fusionL1_drop0p2_trmiss50_trlocradio,32,0.0001,1,64,1,0.2,lr1e-04_bs32_modL1_fusion64_fusionL1_drop0p2_trmiss50_trlocradio,7,0.6035025119781494,0.8075461089611053,0.3793103448275862,0.6142978933122907,0.3333333333333333,0.0,0.0,0.0,0.0,0.0,0.0,0.0,0.0,0.0,2002,radio,0.5
1,2,lr1e-04_bs32_modL1_fusion64_fusionL1_drop0p2_trmiss50_trlocradio,32,0.0001,1,64,1,0.2,lr1e-04_bs32_modL1_fusion64_fusionL1_drop0p2_trmiss50_trlocradio,8,0.5978197952111562,0.8067796230316162,0.4030172413793103,0.6239362431068429,0.3333333333333333,0.0,0.0,0.0,0.0,0.0,0.0,0.0,0.0,0.0,2002,radio,0.5
1,2,lr1e-04_bs32_modL1_fusion64_fusionL1_drop0p2_trmiss50_trlocradio,32,0.0001,1,64,1,0.2,lr1e-04_bs32_modL1_fusion64_fusionL1_drop0p2_trmiss50_trlocradio,9,0.598508616288503,0.8062673807144165,0.3943965517241379,0.6216303270643329,0.35555555555555557,0.0,0.0,0.0,0.0,0.0,0.0,0.0,0.0,0.0,2002,radio,0.5
1,2,lr1e-04_bs32_modL1_fusion64_fusionL1_drop0p2_trmiss50_trlocradio,32,0.0001,1,64,1,0.2,lr1e-04_bs32_modL1_fusion64_fusionL1_drop0p2_trmiss50_trlocradio,10,0.6069181561470032,0.8085068762302399,0.396551724137931,0.6251787637665721,0.37777777777777777,0.0,0.0,0.0,0.0,0.0,0.0,0.0,0.0,0.0,2002,radio,0.5
1,2,lr1e-04_bs32_modL1_fusion64_fusionL1_drop0p2_trmiss50_trlocradio,32,0.0001,1,64,1,0.2,lr1e-04_bs32_modL1_fusion64_fusionL1_drop0p2_trmiss50_trlocradio,11,0.5582127173741659,0.8041502237319946,0.394396551724138,0.6231858052777179,0.37777777777777777,0.0,0.0,0.0,0.0,0.0,0.0,0.0,0.0,0.0,2002,radio,0.5
1,2,lr1e-04_bs32_modL1_fusion64_fusionL1_drop0p2_trmiss50_trlocradio,32,0.0001,1,64,1,0.2,lr1e-04_bs32_modL1_fusion64_fusionL1_drop0p2_trmiss50_trlocradio,12,0.5807598133881887,0.8068233132362366,0.3857758620689655,0.6181854040256667,0.37777777777777777,0.0,0.0,0.0,0.0,0.0,0.0,0.0,0.0,0.0,2002,radio,0.5
1,2,lr1e-04_bs32_modL1_fusion64_fusionL1_drop0p2_trmiss50_trlocradio,32,0.0001,1,64,1,0.2,lr1e-04_bs32_modL1_fusion64_fusionL1_drop0p2_trmiss50_trlocradio,13,0.564926544825236,0.8122932612895966,0.3771551724137931,0.6140518661580091,0.37777777777777777,0.0,0.0,0.0,0.0,0.0,0.0,0.0,0.0,0.0,2002,radio,0.5
1,2,lr1e-04_bs32_modL1_fusion64_fusionL1_drop0p2_trmiss50_trlocradio,32,0.0001,1,64,1,0.2,lr1e-04_bs32_modL1_fusion64_fusionL1_drop0p2_trmiss50_trlocradio,14,0.5414079825083414,0.803910493850708,0.375,0.6132269120837975,0.37777777777777777,0.0,0.0,0.0,0.0,0.0,0.0,0.0,0.0,0.0,2002,radio,0.5
1,2,lr1e-04_bs32_modL1_fusion64_fusionL1_drop0p2_trmiss50_trlocradio,32,0.0001,1,64,1,0.2,lr1e-04_bs32_modL1_fusion64_fusionL1_drop0p2_trmiss50_trlocradio,15,0.5421124200026194,0.8062447011470795,0.37715517241379315,0.6148423053675478,0.4,0.0,0.0,0.0,0.0,0.0,0.0,0.0,0.0,0.0,2002,radio,0.5
1,2,lr1e-04_bs32_modL1_fusion64_fusionL1_drop0p2_trmiss50_trlocradio,32,0.0001,1,64,1,0.2,lr1e-04_bs32_modL1_fusion64_fusionL1_drop0p2_trmiss50_trlocradio,16,0.5374090373516083,0.8023048043251038,0.3857758620689655,0.6181649621940979,0.4,0.0,0.0,0.0,0.0,0.0,0.0,0.0,0.0,0.0,2002,radio,0.5
1,2,lr1e-04_bs32_modL1_fusion64_fusionL1_drop0p2_trmiss50_trlocradio,32,0.0001,1,64,1,0.2,lr1e-04_bs32_modL1_fusion64_fusionL1_drop0p2_trmiss50_trlocradio,17,0.5372652510801951,0.8022913336753845,0.37284482758620696,0.6123702696571314,0.4,0.0,0.0,0.0,0.0,0.0,0.0,0.0,0.0,0.0,2002,radio,0.5
1,2,lr1e-04_bs32_modL1_fusion64_fusionL1_drop0p2_trmiss50_trlocradio,32,0.0001,1,64,1,0.2,lr1e-04_bs32_modL1_fusion64_fusionL1_drop0p2_trmiss50_trlocradio,18,0.551164319117864,0.8056274652481079,0.3857758620689655,0.616592110895065,0.37777777777777777,0.0,0.0,0.0,0.0,0.0,0.0,0.0,0.0,0.0,2002,radio,0.5
1,2,lr1e-04_bs32_modL1_fusion64_fusionL1_drop0p2_trmiss50_trlocradio,32,0.0001,1,64,1,0.2,lr1e-04_bs32_modL1_fusion64_fusionL1_drop0p2_trmiss50_trlocradio,19,0.5367343922456106,0.8049711287021637,0.3857758620689655,0.6209545576561072,0.37777777777777777,0.0,0.0,0.0,0.0,0.0,0.0,0.0,0.0,0.0,2002,radio,0.5
1,2,lr1e-04_bs32_modL1_fusion64_fusionL1_drop0p2_trmiss50_trlocradio,32,0.0001,1,64,1,0.2,lr1e-04_bs32_modL1_fusion64_fusionL1_drop0p2_trmiss50_trlocradio,20,0.5217590232690176,0.7996414303779602,0.3900862068965517,0.6230092534757008,0.4,0.0,0.0,0.0,0.0,0.0,0.0,0.0,0.0,0.0,2002,radio,0.5
1,2,lr1e-04_bs32_modL1_fusion64_fusionL1_drop0p2_trmiss50_trlocradio,32,0.0001,1,64,1,0.2,lr1e-04_bs32_modL1_fusion64_fusionL1_drop0p2_trmiss50_trlocradio,21,0.5277861456076304,0.797717958688736,0.3879310344827587,0.6225544823713708,0.37777777777777777,0.0,0.0,0.0,0.0,0.0,0.0,0.0,0.0,0.0,2002,radio,0.5
1,2,lr1e-04_bs32_modL1_fusion64_fusionL1_drop0p2_trmiss50_trlocradio,32,0.0001,1,64,1,0.2,lr1e-04_bs32_modL1_fusion64_fusionL1_drop0p2_trmiss50_trlocradio,22,0.5331120292345682,0.8011365830898285,0.40301724137931033,0.6307503994569544,0.4,0.0,0.0,0.0,0.0,0.0,0.0,0.0,0.0,0.0,2002,radio,0.5
1,2,lr1e-04_bs32_modL1_fusion64_fusionL1_drop0p2_trmiss50_trlocradio,32,0.0001,1,64,1,0.2,lr1e-04_bs32_modL1_fusion64_fusionL1_drop0p2_trmiss50_trlocradio,23,0.5285647859176,0.8012475669384003,0.3793103448275862,0.6171986313258646,0.37777777777777777,0.0,0.0,0.0,0.0,0.0,0.0,0.0,0.0,0.0,2002,radio,0.5
1,2,lr1e-04_bs32_modL1_fusion64_fusionL1_drop0p2_trmiss50_trlocradio,32,0.0001,1,64,1,0.2,lr1e-04_bs32_modL1_fusion64_fusionL1_drop0p2_trmiss50_trlocradio,24,0.5168731113274893,0.8067823946475983,0.3836206896551724,0.6182001061863658,0.35555555555555557,0.0,0.0,0.0,0.0,0.0,0.0,0.0,0.0,0.0,2002,radio,0.5
1,2,lr1e-04_bs32_modL1_fusion64_fusionL1_drop0p2_trmiss50_trlocradio,32,0.0001,1,64,1,0.2,lr1e-04_bs32_modL1_fusion64_fusionL1_drop0p2_trmiss50_trlocradio,25,0.5194567441940308,0.8047020435333252,0.36853448275862066,0.6096945392206323,0.35555555555555557,0.0,0.0,0.0,0.0,0.0,0.0,0.0,0.0,0.0,2002,radio,0.5
1,2,lr1e-04_bs32_modL1_fusion64_fusionL1_drop0p2_trmiss50_trlocradio,32,0.0001,1,64,1,0.2,lr1e-04_bs32_modL1_fusion64_fusionL1_drop0p2_trmiss50_trlocradio,26,0.5375791837771734,0.8052880167961121,0.3771551724137931,0.6132848505225873,0.35555555555555557,0.0,0.0,0.0,0.0,0.0,0.0,0.0,0.0,0.0,2002,radio,0.5
1,2,lr1e-04_bs32_modL1_fusion64_fusionL1_drop0p2_trmiss50_trlocradio,32,0.0001,1,64,1,0.2,lr1e-04_bs32_modL1_fusion64_fusionL1_drop0p2_trmiss50_trlocradio,27,0.505371535817782,0.7989673912525177,0.375,0.6130306506994219,0.37777777777777777,0.0,0.0,0.0,0.0,0.0,0.0,0.0,0.0,0.0,2002,radio,0.5
1,2,lr1e-04_bs32_modL1_fusion64_fusionL1_drop0p2_trmiss50_trlocradio,32,0.0001,1,64,1,0.2,lr1e-04_bs32_modL1_fusion64_fusionL1_drop0p2_trmiss50_trlocradio,28,0.5164007246494293,0.7983360886573792,0.375,0.6130306506994219,0.37777777777777777,0.0,0.0,0.0,0.0,0.0,0.0,0.0,0.0,0.0,2002,radio,0.5
1,2,lr1e-04_bs32_modL1_fusion64_fusionL1_drop0p2_trmiss50_trlocradio,32,0.0001,1,64,1,0.2,lr1e-04_bs32_modL1_fusion64_fusionL1_drop0p2_trmiss50_trlocradio,29,0.5056374967098236,0.8014469742774963,0.38362068965517243,0.6152626866494479,0.35555555555555557,0.0,0.0,0.0,0.0,0.0,0.0,0.0,0.0,0.0,2002,radio,0.5
1,2,lr1e-04_bs32_modL1_fusion64_fusionL1_drop0p2_trmiss50_trlocradio,32,0.0001,1,64,1,0.2,lr1e-04_bs32_modL1_fusion64_fusionL1_drop0p2_trmiss50_trlocradio,30,0.508898968497912,0.7988322973251343,0.3922413793103448,0.619660304252305,0.35555555555555557,0.0,0.0,0.0,0.0,0.0,0.0,0.0,0.0,0.0,2002,radio,0.5
1,2,lr1e-04_bs32_modL1_fusion64_fusionL1_drop0p2_trmiss50_trlocradio,32,0.0001,1,64,1,0.2,lr1e-04_bs32_modL1_fusion64_fusionL1_drop0p2_trmiss50_trlocradio,31,0.5427853167057037,0.7984105050563812,0.3857758620689655,0.6148895787837454,0.37777777777777777,0.0,0.0,0.0,0.0,0.0,0.0,0.0,0.0,0.0,2002,radio,0.5
1,2,lr1e-04_bs32_modL1_fusion64_fusionL1_drop0p2_trmiss50_trlocradio,32,0.0001,1,64,1,0.2,lr1e-04_bs32_modL1_fusion64_fusionL1_drop0p2_trmiss50_trlocradio,32,0.518473744392395,0.8019724488258362,0.3943965517241379,0.6187867688972024,0.37777777777777777,0.0,0.0,0.0,0.0,0.0,0.0,0.0,0.0,0.0,2002,radio,0.5
1,2,lr1e-04_bs32_modL1_fusion64_fusionL1_drop0p2_trmiss50_trlocradio,32,0.0001,1,64,1,0.2,lr1e-04_bs32_modL1_fusion64_fusionL1_drop0p2_trmiss50_trlocradio,33,0.5135644425948461,0.8032030463218689,0.40086206896551724,0.6227225652772177,0.37777777777777777,0.0,0.0,0.0,0.0,0.0,0.0,0.0,0.0,0.0,2002,radio,0.5
1,2,lr1e-04_bs32_modL1_fusion64_fusionL1_drop0p2_trmiss50_trlocradio,32,0.0001,1,64,1,0.2,lr1e-04_bs32_modL1_fusion64_fusionL1_drop0p2_trmiss50_trlocradio,34,0.5231694529453913,0.8023591935634613,0.39655172413793105,0.6191658518193888,0.37777777777777777,0.0,0.0,0.0,0.0,0.0,0.0,0.0,0.0,0.0,2002,radio,0.5
1,2,lr1e-04_bs32_modL1_fusion64_fusionL1_drop0p2_trmiss50_trlocradio,32,0.0001,1,64,1,0.2,lr1e-04_bs32_modL1_fusion64_fusionL1_drop0p2_trmiss50_trlocradio,35,0.509072964390119,0.8043380677700043,0.39655172413793105,0.6200803744204172,0.37777777777777777,0.0,0.0,0.0,0.0,0.0,0.0,0.0,0.0,0.0,2002,radio,0.5
1,2,lr1e-04_bs32_modL1_fusion64_fusionL1_drop0p2_trmiss50_trlocradio,32,0.0001,1,64,1,0.2,lr1e-04_bs32_modL1_fusion64_fusionL1_drop0p2_trmiss50_trlocradio,36,0.518217553695043,0.809948205947876,0.39224137931034486,0.6172176517887962,0.37777777777777777,0.0,0.0,0.0,0.0,0.0,0.0,0.0,0.0,0.0,2002,radio,0.5
1,2,lr1e-04_bs32_modL1_fusion64_fusionL1_drop0p2_trmiss50_trlocradio,32,0.0001,1,64,1,0.2,lr1e-04_bs32_modL1_fusion64_fusionL1_drop0p2_trmiss50_trlocradio,37,0.5004607935746511,0.8066601753234863,0.3922413793103448,0.61955207914408,0.37777777777777777,0.0,0.0,0.0,0.0,0.0,0.0,0.0,0.0,0.0,2002,radio,0.5
1,2,lr1e-04_bs32_modL1_fusion64_fusionL1_drop0p2_trmiss50_trlocradio,32,0.0001,1,64,1,0.2,lr1e-04_bs32_modL1_fusion64_fusionL1_drop0p2_trmiss50_trlocradio,38,0.5152673373619715,0.8068448007106781,0.39439655172413796,0.6205223732178222,0.35555555555555557,0.0,0.0,0.0,0.0,0.0,0.0,0.0,0.0,0.0,2002,radio,0.5
1,2,lr1e-04_bs32_modL1_fusion64_fusionL1_drop0p2_trmiss50_trlocradio,32,0.0001,1,64,1,0.2,lr1e-04_bs32_modL1_fusion64_fusionL1_drop0p2_trmiss50_trlocradio,39,0.52765520910422,0.8053604066371918,0.40086206896551724,0.6235782279297568,0.37777777777777777,0.0,0.0,0.0,0.0,0.0,0.0,0.0,0.0,0.0,2002,radio,0.5
1,2,lr1e-04_bs32_modL1_fusion64_fusionL1_drop0p2_trmiss50_trlocradio,32,0.0001,1,64,1,0.2,lr1e-04_bs32_modL1_fusion64_fusionL1_drop0p2_trmiss50_trlocradio,40,0.5086606244246165,0.8025891482830048,0.39870689655172414,0.6225796890340674,0.35555555555555557,0.0,0.0,0.0,0.0,0.0,0.0,0.0,0.0,0.0,2002,radio,0.5
1,2,lr1e-04_bs32_modL1_fusion64_fusionL1_drop0p2_trmiss50_trlocradio,32,0.0001,1,64,1,0.2,lr1e-04_bs32_modL1_fusion64_fusionL1_drop0p2_trmiss50_trlocradio,41,0.5166333119074503,0.8017789423465729,0.4073275862068966,0.6265302955827189,0.35555555555555557,0.0,0.0,0.0,0.0,0.0,0.0,0.0,0.0,0.0,2002,radio,0.5
1,2,lr1e-04_bs32_modL1_fusion64_fusionL1_drop0p2_trmiss50_trlocradio,32,0.0001,1,64,1,0.2,lr1e-04_bs32_modL1_fusion64_fusionL1_drop0p2_trmiss50_trlocradio,42,0.5104559858640035,0.8064457476139069,0.3879310344827586,0.617894254210393,0.37777777777777777,0.0,0.0,0.0,0.0,0.0,0.0,0.0,0.0,0.0,2002,radio,0.5
1,2,lr1e-04_bs32_modL1_fusion64_fusionL1_drop0p2_trmiss50_trlocradio,32,0.0001,1,64,1,0.2,lr1e-04_bs32_modL1_fusion64_fusionL1_drop0p2_trmiss50_trlocradio,43,0.5225884020328522,0.8090841472148895,0.39870689655172414,0.6223787343205682,0.37777777777777777,0.0,0.0,0.0,0.0,0.0,0.0,0.0,0.0,0.0,2002,radio,0.5
1,2,lr1e-04_bs32_modL1_fusion64_fusionL1_drop0p2_trmiss50_trlocradio,32,0.0001,1,64,1,0.2,lr1e-04_bs32_modL1_fusion64_fusionL1_drop0p2_trmiss50_trlocradio,44,0.492843359708786,0.8067811727523804,0.39224137931034486,0.6190143430471903,0.37777777777777777,0.0,0.0,0.0,0.0,0.0,0.0,0.0,0.0,0.0,2002,radio,0.5
1,2,lr1e-04_bs32_modL1_fusion64_fusionL1_drop0p2_trmiss50_trlocradio,32,0.0001,1,64,1,0.2,lr1e-04_bs32_modL1_fusion64_fusionL1_drop0p2_trmiss50_trlocradio,45,0.5098615636428198,0.8012852370738983,0.3836206896551724,0.6155577746281031,0.37777777777777777,0.0,0.0,0.0,0.0,0.0,0.0,0.0,0.0,0.0,2002,radio,0.5
1,2,lr1e-04_bs32_modL1_fusion64_fusionL1_drop0p2_trmiss50_trlocradio,32,0.0001,1,64,1,0.2,lr1e-04_bs32_modL1_fusion64_fusionL1_drop0p2_trmiss50_trlocradio,46,0.5214378188053767,0.8024880886077881,0.3879310344827586,0.6199667750341051,0.37777777777777777,0.0,0.0,0.0,0.0,0.0,0.0,0.0,0.0,0.0,2002,radio,0.5
1,2,lr1e-04_bs32_modL1_fusion64_fusionL1_drop0p2_trmiss50_trlocradio,32,0.0001,1,64,1,0.2,lr1e-04_bs32_modL1_fusion64_fusionL1_drop0p2_trmiss50_trlocradio,47,0.5053030351797739,0.8019059896469116,0.4051724137931034,0.6270512876539536,0.37777777777777777,0.0,0.0,0.0,0.0,0.0,0.0,0.0,0.0,0.0,2002,radio,0.5
1,2,lr1e-04_bs32_modL1_fusion64_fusionL1_drop0p2_trmiss50_trlocradio,32,0.0001,1,64,1,0.2,lr1e-04_bs32_modL1_fusion64_fusionL1_drop0p2_trmiss50_trlocradio,48,0.5048143416643143,0.8076793253421783,0.3879310344827586,0.6176191154446617,0.35555555555555557,0.0,0.0,0.0,0.0,0.0,0.0,0.0,0.0,0.0,2002,radio,0.5
1,2,lr1e-04_bs32_modL1_fusion64_fusionL1_drop0p2_trmiss50_trlocradio,32,0.0001,1,64,1,0.2,lr1e-04_bs32_modL1_fusion64_fusionL1_drop0p2_trmiss50_trlocradio,49,0.5020151436328888,0.8077633082866669,0.3857758620689655,0.6195693601052059,0.35555555555555557,0.0,0.0,0.0,0.0,0.0,0.0,0.0,0.0,0.0,2002,radio,0.5
1,2,lr1e-04_bs32_modL1_fusion64_fusionL1_drop0p2_trmiss50_trlocradio,32,0.0001,1,64,1,0.2,lr1e-04_bs32_modL1_fusion64_fusionL1_drop0p2_trmiss50_trlocradio,50,0.5050522188345591,0.8074674606323242,0.3771551724137931,0.6157421299473911,0.35555555555555557,0.0,0.0,0.0,0.0,0.0,0.0,0.0,0.0,0.0,2002,radio,0.5
1,2,lr1e-04_bs32_modL1_fusion64_fusionL1_drop0p2_trmiss50_trlocradio,32,0.0001,1,64,1,0.2,lr1e-04_bs32_modL1_fusion64_fusionL1_drop0p2_trmiss50_trlocradio,51,0.5028387904167175,0.8016791343688965,0.39224137931034486,0.6218894185388988,0.35555555555555557,0.0,0.0,0.0,0.0,0.0,0.0,0.0,0.0,0.0,2002,radio,0.5
1,2,lr1e-04_bs32_modL1_fusion64_fusionL1_drop0p2_trmiss50_trlocradio,32,0.0001,1,64,1,0.2,lr1e-04_bs32_modL1_fusion64_fusionL1_drop0p2_trmiss50_trlocradio,52,0.518270954489708,0.801350861787796,0.4030172413793104,0.6267707867950134,0.37777777777777777,0.0,0.0,0.0,0.0,0.0,0.0,0.0,0.0,0.0,2002,radio,0.5
1,2,lr1e-04_bs32_modL1_fusion64_fusionL1_drop0p2_trmiss50_trlocradio,32,0.0001,1,64,1,0.2,lr1e-04_bs32_modL1_fusion64_fusionL1_drop0p2_trmiss50_trlocradio,53,0.5255094716946284,0.7989764511585236,0.40086206896551724,0.6228887811888697,0.37777777777777777,0.0,0.0,0.0,0.0,0.0,0.0,0.0,0.0,0.0,2002,radio,0.5
1,2,lr1e-04_bs32_modL1_fusion64_fusionL1_drop0p2_trmiss50_trlocradio,32,0.0001,1,64,1,0.2,lr1e-04_bs32_modL1_fusion64_fusionL1_drop0p2_trmiss50_trlocradio,54,0.5051028331120809,0.8004996180534363,0.3987068965517242,0.6220913062314161,0.35555555555555557,0.0,0.0,0.0,0.0,0.0,0.0,0.0,0.0,0.0,2002,radio,0.5
1,2,lr1e-04_bs32_modL1_fusion64_fusionL1_drop0p2_trmiss50_trlocradio,32,0.0001,1,64,1,0.2,lr1e-04_bs32_modL1_fusion64_fusionL1_drop0p2_trmiss50_trlocradio,55,0.499414786696434,0.7991598546504974,0.3793103448275862,0.6138566934588514,0.37777777777777777,0.0,0.0,0.0,0.0,0.0,0.0,0.0,0.0,0.0,2002,radio,0.5
1,2,lr1e-04_bs32_modL1_fusion64_fusionL1_drop0p2_trmiss50_trlocradio,32,0.0001,1,64,1,0.2,lr1e-04_bs32_modL1_fusion64_fusionL1_drop0p2_trmiss50_trlocradio,56,0.5022969643274943,0.7967315912246704,0.37715517241379304,0.6112487473620464,0.37777777777777777,0.0,0.0,0.0,0.0,0.0,0.0,0.0,0.0,0.0,2002,radio,0.5
1,2,lr1e-04_bs32_modL1_fusion64_fusionL1_drop0p2_trmiss50_trlocradio,32,0.0001,1,64,1,0.2,lr1e-04_bs32_modL1_fusion64_fusionL1_drop0p2_trmiss50_trlocradio,57,0.5160201539595922,0.8016548454761505,0.38146551724137934,0.6155313331068422,0.37777777777777777,0.0,0.0,0.0,0.0,0.0,0.0,0.0,0.0,0.0,2002,radio,0.5
1,2,lr1e-04_bs32_modL1_fusion64_fusionL1_drop0p2_trmiss50_trlocradio,32,0.0001,1,64,1,0.2,lr1e-04_bs32_modL1_fusion64_fusionL1_drop0p2_trmiss50_trlocradio,58,0.5013535171747208,0.8012900352478027,0.39224137931034486,0.6203007356908455,0.37777777777777777,0.0,0.0,0.0,0.0,0.0,0.0,0.0,0.0,0.0,2002,radio,0.5
1,2,lr1e-04_bs32_modL1_fusion64_fusionL1_drop0p2_trmiss50_trlocradio,32,0.0001,1,64,1,0.2,lr1e-04_bs32_modL1_fusion64_fusionL1_drop0p2_trmiss50_trlocradio,59,0.5231013794740041,0.8146142661571503,0.3857758620689655,0.6161263410327433,0.37777777777777777,0.0,0.0,0.0,0.0,0.0,0.0,0.0,0.0,0.0,2002,radio,0.5
1,2,lr1e-04_bs32_modL1_fusion64_fusionL1_drop0p2_trmiss50_trlocradio,32,0.0001,1,64,1,0.2,lr1e-04_bs32_modL1_fusion64_fusionL1_drop0p2_trmiss50_trlocradio,60,0.5208220879236857,0.8065251410007477,0.3900862068965517,0.6190307641957873,0.37777777777777777,0.0,0.0,0.0,0.0,0.0,0.0,0.0,0.0,0.0,2002,radio,0.5
1,2,lr1e-04_bs32_modL1_fusion64_fusionL1_drop0p2_trmiss50_trlocradio,32,0.0001,1,64,1,0.2,lr1e-04_bs32_modL1_fusion64_fusionL1_drop0p2_trmiss50_trlocradio,61,0.5109916478395462,0.8027615547180176,0.39870689655172414,0.6230832251448,0.35555555555555557,0.0,0.0,0.0,0.0,0.0,0.0,0.0,0.0,0.0,2002,radio,0.5
1,2,lr1e-04_bs32_modL1_fusion64_fusionL1_drop0p1_trmiss50_trlocradio,32,0.0001,1,64,1,0.1,lr1e-04_bs32_modL1_fusion64_fusionL1_drop0p1_trmiss50_trlocradio,1,0.6750291486581167,0.6740570366382599,0.44396551724137934,0.6313590058078117,0.6666666666666666,0.0,0.0,0.0,0.0,0.0,0.0,0.0,0.0,0.0,2002,radio,0.5
1,2,lr1e-04_bs32_modL1_fusion64_fusionL1_drop0p1_trmiss50_trlocradio,32,0.0001,1,64,1,0.1,lr1e-04_bs32_modL1_fusion64_fusionL1_drop0p1_trmiss50_trlocradio,2,0.611736128727595,0.677004486322403,0.39224137931034486,0.6018945201526253,0.6222222222222222,0.0,0.0,0.0,0.0,0.0,0.0,0.0,0.0,0.0,2002,radio,0.5
1,2,lr1e-04_bs32_modL1_fusion64_fusionL1_drop0p1_trmiss50_trlocradio,32,0.0001,1,64,1,0.1,lr1e-04_bs32_modL1_fusion64_fusionL1_drop0p1_trmiss50_trlocradio,3,0.5800402164459229,0.6770423352718353,0.3857758620689656,0.5868638452972635,0.6222222222222222,0.0,0.0,0.0,0.0,0.0,0.0,0.0,0.0,0.0,2002,radio,0.5
1,2,lr1e-04_bs32_modL1_fusion64_fusionL1_drop0p1_trmiss50_trlocradio,32,0.0001,1,64,1,0.1,lr1e-04_bs32_modL1_fusion64_fusionL1_drop0p1_trmiss50_trlocradio,4,0.5590836703777313,0.676946222782135,0.39655172413793105,0.5938578053615683,0.6444444444444445,0.0,0.0,0.0,0.0,0.0,0.0,0.0,0.0,0.0,2002,radio,0.5
1,2,lr1e-04_bs32_modL1_fusion64_fusionL1_drop0p1_trmiss50_trlocradio,32,0.0001,1,64,1,0.1,lr1e-04_bs32_modL1_fusion64_fusionL1_drop0p1_trmiss50_trlocradio,5,0.5243476132551829,0.677903950214386,0.4073275862068966,0.5974123215727325,0.6222222222222222,0.0,0.0,0.0,0.0,0.0,0.0,0.0,0.0,0.0,2002,radio,0.5
1,2,lr1e-04_bs32_modL1_fusion64_fusionL1_drop0p1_trmiss50_trlocradio,32,0.0001,1,64,1,0.1,lr1e-04_bs32_modL1_fusion64_fusionL1_drop0p1_trmiss50_trlocradio,6,0.5054293274879456,0.6818158328533173,0.41379310344827586,0.5844348917785045,0.5555555555555556,0.0,0.0,0.0,0.0,0.0,0.0,0.0,0.0,0.0,2002,radio,0.5
1,2,lr1e-04_bs32_modL1_fusion64_fusionL1_drop0p1_trmiss50_trlocradio,32,0.0001,1,64,1,0.1,lr1e-04_bs32_modL1_fusion64_fusionL1_drop0p1_trmiss50_trlocradio,7,0.4846372952063878,0.6818664073944092,0.4331896551724138,0.5901156973089344,0.5555555555555556,0.0,0.0,0.0,0.0,0.0,0.0,0.0,0.0,0.0,2002,radio,0.5
1,2,lr1e-04_bs32_modL1_fusion64_fusionL1_drop0p1_trmiss50_trlocradio,32,0.0001,1,64,1,0.1,lr1e-04_bs32_modL1_fusion64_fusionL1_drop0p1_trmiss50_trlocradio,8,0.4919976194699605,0.678564041852951,0.44181034482758624,0.5978783810281125,0.5777777777777777,0.0,0.0,0.0,0.0,0.0,0.0,0.0,0.0,0.0,2002,radio,0.5
1,2,lr1e-04_bs32_modL1_fusion64_fusionL1_drop0p1_trmiss50_trlocradio,32,0.0001,1,64,1,0.1,lr1e-04_bs32_modL1_fusion64_fusionL1_drop0p1_trmiss50_trlocradio,9,0.4740360677242279,0.6723312139511108,0.4676724137931034,0.6098177490644672,0.5555555555555556,0.0,0.0,0.0,0.0,0.0,0.0,0.0,0.0,0.0,2002,radio,0.5
1,2,lr1e-04_bs32_modL1_fusion64_fusionL1_drop0p1_trmiss50_trlocradio,32,0.0001,1,64,1,0.1,lr1e-04_bs32_modL1_fusion64_fusionL1_drop0p1_trmiss50_trlocradio,10,0.4644969701766968,0.6728468239307404,0.4741379310344828,0.610814349216478,0.5777777777777777,0.0,0.0,0.0,0.0,0.0,0.0,0.0,0.0,0.0,2002,radio,0.5
1,2,lr1e-04_bs32_modL1_fusion64_fusionL1_drop0p1_trmiss50_trlocradio,32,0.0001,1,64,1,0.1,lr1e-04_bs32_modL1_fusion64_fusionL1_drop0p1_trmiss50_trlocradio,11,0.47139430542786914,0.6752106845378876,0.4762931034482759,0.6126241064655435,0.5555555555555556,0.0,0.0,0.0,0.0,0.0,0.0,0.0,0.0,0.0,2002,radio,0.5
1,2,lr1e-04_bs32_modL1_fusion64_fusionL1_drop0p1_trmiss50_trlocradio,32,0.0001,1,64,1,0.1,lr1e-04_bs32_modL1_fusion64_fusionL1_drop0p1_trmiss50_trlocradio,12,0.4501498540242513,0.6762847006320953,0.4827586206896552,0.6146264466177715,0.5777777777777777,0.0,0.0,0.0,0.0,0.0,0.0,0.0,0.0,0.0,2002,radio,0.5
1,2,lr1e-04_bs32_modL1_fusion64_fusionL1_drop0p1_trmiss50_trlocradio,32,0.0001,1,64,1,0.1,lr1e-04_bs32_modL1_fusion64_fusionL1_drop0p1_trmiss50_trlocradio,13,0.4541070908308029,0.6722974479198456,0.4956896551724138,0.6203008998453616,0.6,0.0,0.0,0.0,0.0,0.0,0.0,0.0,0.0,0.0,2002,radio,0.5
1,2,lr1e-04_bs32_modL1_fusion64_fusionL1_drop0p1_trmiss50_trlocradio,32,0.0001,1,64,1,0.1,lr1e-04_bs32_modL1_fusion64_fusionL1_drop0p1_trmiss50_trlocradio,14,0.43827006717522937,0.6693446636199951,0.5086206896551724,0.6284784798036364,0.6,0.0,0.0,0.0,0.0,0.0,0.0,0.0,0.0,0.0,2002,radio,0.5
1,2,lr1e-04_bs32_modL1_fusion64_fusionL1_drop0p1_trmiss50_trlocradio,32,0.0001,1,64,1,0.1,lr1e-04_bs32_modL1_fusion64_fusionL1_drop0p1_trmiss50_trlocradio,15,0.425343319773674,0.6734822988510132,0.5021551724137931,0.6251670107459553,0.5777777777777777,0.0,0.0,0.0,0.0,0.0,0.0,0.0,0.0,0.0,2002,radio,0.5
1,2,lr1e-04_bs32_modL1_fusion64_fusionL1_drop0p1_trmiss50_trlocradio,32,0.0001,1,64,1,0.1,lr1e-04_bs32_modL1_fusion64_fusionL1_drop0p1_trmiss50_trlocradio,16,0.42026300231615704,0.6782503426074982,0.49137931034482757,0.6182353050539311,0.5777777777777777,0.0,0.0,0.0,0.0,0.0,0.0,0.0,0.0,0.0,2002,radio,0.5
1,2,lr1e-04_bs32_modL1_fusion64_fusionL1_drop0p1_trmiss50_trlocradio,32,0.0001,1,64,1,0.1,lr1e-04_bs32_modL1_fusion64_fusionL1_drop0p1_trmiss50_trlocradio,17,0.4075593153635661,0.6761229038238525,0.4892241379310344,0.6167836143714301,0.6,0.0,0.0,0.0,0.0,0.0,0.0,0.0,0.0,0.0,2002,radio,0.5
1,2,lr1e-04_bs32_modL1_fusion64_fusionL1_drop0p1_trmiss50_trlocradio,32,0.0001,1,64,1,0.1,lr1e-04_bs32_modL1_fusion64_fusionL1_drop0p1_trmiss50_trlocradio,18,0.406463086605072,0.6743060350418091,0.49784482758620685,0.6293377269255428,0.6,0.0,0.0,0.0,0.0,0.0,0.0,0.0,0.0,0.0,2002,radio,0.5
1,2,lr1e-04_bs32_modL1_fusion64_fusionL1_drop0p1_trmiss50_trlocradio,32,0.0001,1,64,1,0.1,lr1e-04_bs32_modL1_fusion64_fusionL1_drop0p1_trmiss50_trlocradio,19,0.3937310228745143,0.671221524477005,0.49999999999999994,0.6307886261225616,0.5777777777777777,0.0,0.0,0.0,0.0,0.0,0.0,0.0,0.0,0.0,2002,radio,0.5
1,2,lr1e-04_bs32_modL1_fusion64_fusionL1_drop0p1_trmiss50_trlocradio,32,0.0001,1,64,1,0.1,lr1e-04_bs32_modL1_fusion64_fusionL1_drop0p1_trmiss50_trlocradio,20,0.39202522734800976,0.6697278916835785,0.5172413793103449,0.6425912617789072,0.6,0.0,0.0,0.0,0.0,0.0,0.0,0.0,0.0,0.0,2002,radio,0.5
1,2,lr1e-04_bs32_modL1_fusion64_fusionL1_drop0p1_trmiss50_trlocradio,32,0.0001,1,64,1,0.1,lr1e-04_bs32_modL1_fusion64_fusionL1_drop0p1_trmiss50_trlocradio,21,0.3762909670670827,0.6703738272190094,0.5237068965517242,0.6465724775073896,0.5777777777777777,0.0,0.0,0.0,0.0,0.0,0.0,0.0,0.0,0.0,2002,radio,0.5
1,2,lr1e-04_bs32_modL1_fusion64_fusionL1_drop0p1_trmiss50_trlocradio,32,0.0001,1,64,1,0.1,lr1e-04_bs32_modL1_fusion64_fusionL1_drop0p1_trmiss50_trlocradio,22,0.37321779628594715,0.6710700690746307,0.5237068965517242,0.6448162891386252,0.5777777777777777,0.0,0.0,0.0,0.0,0.0,0.0,0.0,0.0,0.0,2002,radio,0.5
1,2,lr1e-04_bs32_modL1_fusion64_fusionL1_drop0p1_trmiss50_trlocradio,32,0.0001,1,64,1,0.1,lr1e-04_bs32_modL1_fusion64_fusionL1_drop0p1_trmiss50_trlocradio,23,0.37558408081531525,0.6717124879360199,0.5237068965517242,0.6393823461910706,0.6,0.0,0.0,0.0,0.0,0.0,0.0,0.0,0.0,0.0,2002,radio,0.5
1,2,lr1e-04_bs32_modL1_fusion64_fusionL1_drop0p1_trmiss50_trlocradio,32,0.0001,1,64,1,0.1,lr1e-04_bs32_modL1_fusion64_fusionL1_drop0p1_trmiss50_trlocradio,24,0.38006042937437695,0.673077791929245,0.5258620689655172,0.6448244328400538,0.5777777777777777,0.0,0.0,0.0,0.0,0.0,0.0,0.0,0.0,0.0,2002,radio,0.5
1,2,lr1e-04_bs32_modL1_fusion64_fusionL1_drop0p1_trmiss50_trlocradio,32,0.0001,1,64,1,0.1,lr1e-04_bs32_modL1_fusion64_fusionL1_drop0p1_trmiss50_trlocradio,25,0.37307872374852497,0.6748014688491821,0.5237068965517241,0.6425453934210549,0.5555555555555556,0.0,0.0,0.0,0.0,0.0,0.0,0.0,0.0,0.0,2002,radio,0.5
1,2,lr1e-04_bs32_modL1_fusion64_fusionL1_drop0p1_trmiss50_trlocradio,32,0.0001,1,64,1,0.1,lr1e-04_bs32_modL1_fusion64_fusionL1_drop0p1_trmiss50_trlocradio,26,0.37273148198922473,0.6773636341094971,0.5258620689655172,0.6443093748757057,0.5555555555555556,0.0,0.0,0.0,0.0,0.0,0.0,0.0,0.0,0.0,2002,radio,0.5
1,2,lr1e-04_bs32_modL1_fusion64_fusionL1_drop0p1_trmiss50_trlocradio,32,0.0001,1,64,1,0.1,lr1e-04_bs32_modL1_fusion64_fusionL1_drop0p1_trmiss50_trlocradio,27,0.359647661447525,0.6741474568843842,0.5280172413793103,0.6461380060146817,0.5555555555555556,0.0,0.0,0.0,0.0,0.0,0.0,0.0,0.0,0.0,2002,radio,0.5
1,2,lr1e-04_bs32_modL1_fusion64_fusionL1_drop0p1_trmiss50_trlocradio,32,0.0001,1,64,1,0.1,lr1e-04_bs32_modL1_fusion64_fusionL1_drop0p1_trmiss50_trlocradio,28,0.3538697312275569,0.6740341782569885,0.5323275862068965,0.6496115439709783,0.5555555555555556,0.0,0.0,0.0,0.0,0.0,0.0,0.0,0.0,0.0,2002,radio,0.5
1,2,lr1e-04_bs32_modL1_fusion64_fusionL1_drop0p1_trmiss50_trlocradio,32,0.0001,1,64,1,0.1,lr1e-04_bs32_modL1_fusion64_fusionL1_drop0p1_trmiss50_trlocradio,29,0.36897822717825574,0.6713064312934875,0.5280172413793103,0.6474793117677521,0.5555555555555556,0.0,0.0,0.0,0.0,0.0,0.0,0.0,0.0,0.0,2002,radio,0.5
1,2,lr1e-04_bs32_modL1_fusion64_fusionL1_drop0p1_trmiss50_trlocradio,32,0.0001,1,64,1,0.1,lr1e-04_bs32_modL1_fusion64_fusionL1_drop0p1_trmiss50_trlocradio,30,0.3606376349925995,0.6693373620510101,0.5301724137931034,0.6481747623617828,0.6,0.0,0.0,0.0,0.0,0.0,0.0,0.0,0.0,0.0,2002,radio,0.5
1,2,lr1e-04_bs32_modL1_fusion64_fusionL1_drop0p1_trmiss50_trlocradio,32,0.0001,1,64,1,0.1,lr1e-04_bs32_modL1_fusion64_fusionL1_drop0p1_trmiss50_trlocradio,31,0.35650616387526196,0.6711577475070953,0.5301724137931034,0.6471484897837861,0.6,0.0,0.0,0.0,0.0,0.0,0.0,0.0,0.0,0.0,2002,radio,0.5
1,2,lr1e-04_bs32_modL1_fusion64_fusionL1_drop0p1_trmiss50_trlocradio,32,0.0001,1,64,1,0.1,lr1e-04_bs32_modL1_fusion64_fusionL1_drop0p1_trmiss50_trlocradio,32,0.35520078738530475,0.6698188483715057,0.5280172413793103,0.6464530391897555,0.6,0.0,0.0,0.0,0.0,0.0,0.0,0.0,0.0,0.0,2002,radio,0.5
1,2,lr1e-04_bs32_modL1_fusion64_fusionL1_drop0p1_trmiss50_trlocradio,32,0.0001,1,64,1,0.1,lr1e-04_bs32_modL1_fusion64_fusionL1_drop0p1_trmiss50_trlocradio,33,0.35625287393728894,0.6706584095954895,0.5323275862068966,0.6492245777444726,0.5777777777777777,0.0,0.0,0.0,0.0,0.0,0.0,0.0,0.0,0.0,2002,radio,0.5
1,2,lr1e-04_bs32_modL1_fusion64_fusionL1_drop0p1_trmiss50_trlocradio,32,0.0001,1,64,1,0.1,lr1e-04_bs32_modL1_fusion64_fusionL1_drop0p1_trmiss50_trlocradio,34,0.3427669207255046,0.6708733141422272,0.5323275862068966,0.6489674694565114,0.5777777777777777,0.0,0.0,0.0,0.0,0.0,0.0,0.0,0.0,0.0,2002,radio,0.5
1,2,lr1e-04_bs32_modL1_fusion64_fusionL1_drop0p1_trmiss50_trlocradio,32,0.0001,1,64,1,0.1,lr1e-04_bs32_modL1_fusion64_fusionL1_drop0p1_trmiss50_trlocradio,35,0.36472172538439435,0.6753242313861847,0.5301724137931034,0.6487096872070525,0.5777777777777777,0.0,0.0,0.0,0.0,0.0,0.0,0.0,0.0,0.0,2002,radio,0.5
1,2,lr1e-04_bs32_modL1_fusion64_fusionL1_drop0p1_trmiss50_trlocradio,32,0.0001,1,64,1,0.1,lr1e-04_bs32_modL1_fusion64_fusionL1_drop0p1_trmiss50_trlocradio,36,0.354766309261322,0.6734283268451691,0.5280172413793103,0.645968816462552,0.5777777777777777,0.0,0.0,0.0,0.0,0.0,0.0,0.0,0.0,0.0,2002,radio,0.5
1,2,lr1e-04_bs32_modL1_fusion64_fusionL1_drop0p1_trmiss50_trlocradio,32,0.0001,1,64,1,0.1,lr1e-04_bs32_modL1_fusion64_fusionL1_drop0p1_trmiss50_trlocradio,37,0.3614753435055415,0.6691561341285706,0.5344827586206896,0.651253580095773,0.5777777777777777,0.0,0.0,0.0,0.0,0.0,0.0,0.0,0.0,0.0,2002,radio,0.5
1,2,lr1e-04_bs32_modL1_fusion64_fusionL1_drop0p1_trmiss50_trlocradio,32,0.0001,1,64,1,0.1,lr1e-04_bs32_modL1_fusion64_fusionL1_drop0p1_trmiss50_trlocradio,38,0.3488599757353465,0.6667099595069885,0.5344827586206896,0.650185049235153,0.5777777777777777,0.0,0.0,0.0,0.0,0.0,0.0,0.0,0.0,0.0,2002,radio,0.5
1,2,lr1e-04_bs32_modL1_fusion64_fusionL1_drop0p1_trmiss50_trlocradio,32,0.0001,1,64,1,0.1,lr1e-04_bs32_modL1_fusion64_fusionL1_drop0p1_trmiss50_trlocradio,39,0.34857185184955597,0.6676916778087616,0.5280172413793103,0.6467089958234211,0.5777777777777777,0.0,0.0,0.0,0.0,0.0,0.0,0.0,0.0,0.0,2002,radio,0.5
1,2,lr1e-04_bs32_modL1_fusion64_fusionL1_drop0p1_trmiss50_trlocradio,32,0.0001,1,64,1,0.1,lr1e-04_bs32_modL1_fusion64_fusionL1_drop0p1_trmiss50_trlocradio,40,0.33909619847933453,0.6659339368343353,0.5344827586206896,0.6495832330033094,0.5777777777777777,0.0,0.0,0.0,0.0,0.0,0.0,0.0,0.0,0.0,2002,radio,0.5
1,2,lr1e-04_bs32_modL1_fusion64_fusionL1_drop0p1_trmiss50_trlocradio,32,0.0001,1,64,1,0.1,lr1e-04_bs32_modL1_fusion64_fusionL1_drop0p1_trmiss50_trlocradio,41,0.35278700788815814,0.6684367060661316,0.5301724137931034,0.6478886691446551,0.5777777777777777,0.0,0.0,0.0,0.0,0.0,0.0,0.0,0.0,0.0,2002,radio,0.5
1,2,lr1e-04_bs32_modL1_fusion64_fusionL1_drop0p1_trmiss50_trlocradio,32,0.0001,1,64,1,0.1,lr1e-04_bs32_modL1_fusion64_fusionL1_drop0p1_trmiss50_trlocradio,42,0.3339476188023885,0.669814795255661,0.5344827586206896,0.6494187543045044,0.5777777777777777,0.0,0.0,0.0,0.0,0.0,0.0,0.0,0.0,0.0,2002,radio,0.5
1,2,lr1e-04_bs32_modL1_fusion64_fusionL1_drop0p1_trmiss50_trlocradio,32,0.0001,1,64,1,0.1,lr1e-04_bs32_modL1_fusion64_fusionL1_drop0p1_trmiss50_trlocradio,43,0.3363238324721654,0.671072393655777,0.5280172413793103,0.6467216161165473,0.5777777777777777,0.0,0.0,0.0,0.0,0.0,0.0,0.0,0.0,0.0,2002,radio,0.5
1,2,lr1e-04_bs32_modL1_fusion64_fusionL1_drop0p1_trmiss50_trlocradio,32,0.0001,1,64,1,0.1,lr1e-04_bs32_modL1_fusion64_fusionL1_drop0p1_trmiss50_trlocradio,44,0.34279067317644757,0.6732071936130524,0.5258620689655172,0.6449450143687702,0.5777777777777777,0.0,0.0,0.0,0.0,0.0,0.0,0.0,0.0,0.0,2002,radio,0.5
1,2,lr1e-04_bs32_modL1_fusion64_fusionL1_drop0p1_trmiss50_trlocradio,32,0.0001,1,64,1,0.1,lr1e-04_bs32_modL1_fusion64_fusionL1_drop0p1_trmiss50_trlocradio,45,0.33898816506067914,0.6694938838481903,0.5344827586206896,0.6502823057358507,0.5777777777777777,0.0,0.0,0.0,0.0,0.0,0.0,0.0,0.0,0.0,2002,radio,0.5
1,2,lr1e-04_bs32_modL1_fusion64_fusionL1_drop0p1_trmiss50_trlocradio,32,0.0001,1,64,1,0.1,lr1e-04_bs32_modL1_fusion64_fusionL1_drop0p1_trmiss50_trlocradio,46,0.34813737372557324,0.6668019890785217,0.5323275862068966,0.6493804489719249,0.5777777777777777,0.0,0.0,0.0,0.0,0.0,0.0,0.0,0.0,0.0,2002,radio,0.5
1,2,lr1e-04_bs32_modL1_fusion64_fusionL1_drop0p1_trmiss50_trlocradio,32,0.0001,1,64,1,0.1,lr1e-04_bs32_modL1_fusion64_fusionL1_drop0p1_trmiss50_trlocradio,47,0.34725260237852734,0.6675939559936523,0.5280172413793103,0.6470663854154679,0.5777777777777777,0.0,0.0,0.0,0.0,0.0,0.0,0.0,0.0,0.0,2002,radio,0.5
1,2,lr1e-04_bs32_modL1_fusion64_fusionL1_drop0p1_trmiss50_trlocradio,32,0.0001,1,64,1,0.1,lr1e-04_bs32_modL1_fusion64_fusionL1_drop0p1_trmiss50_trlocradio,48,0.34790954490502674,0.665422260761261,0.5280172413793103,0.6470663854154679,0.5777777777777777,0.0,0.0,0.0,0.0,0.0,0.0,0.0,0.0,0.0,2002,radio,0.5
1,2,lr1e-04_bs32_modL1_fusion64_fusionL1_drop0p1_trmiss50_trlocradio,32,0.0001,1,64,1,0.1,lr1e-04_bs32_modL1_fusion64_fusionL1_drop0p1_trmiss50_trlocradio,49,0.3497789204120636,0.6660257577896118,0.5280172413793103,0.6470663854154679,0.6,0.0,0.0,0.0,0.0,0.0,0.0,0.0,0.0,0.0,2002,radio,0.5
1,2,lr1e-04_bs32_modL1_fusion64_fusionL1_drop0p1_trmiss50_trlocradio,32,0.0001,1,64,1,0.1,lr1e-04_bs32_modL1_fusion64_fusionL1_drop0p1_trmiss50_trlocradio,50,0.3428650697072347,0.6671484708786011,0.5280172413793103,0.6473891086692256,0.6,0.0,0.0,0.0,0.0,0.0,0.0,0.0,0.0,0.0,2002,radio,0.5
1,2,lr1e-04_bs32_modL1_fusion64_fusionL1_drop0p1_trmiss50_trlocradio,32,0.0001,1,64,1,0.1,lr1e-04_bs32_modL1_fusion64_fusionL1_drop0p1_trmiss50_trlocradio,51,0.3357010831435521,0.6666998565196991,0.5323275862068966,0.6493804489719249,0.5777777777777777,0.0,0.0,0.0,0.0,0.0,0.0,0.0,0.0,0.0,2002,radio,0.5
1,2,lr1e-04_bs32_modL1_fusion64_fusionL1_drop0p1_trmiss50_trlocradio,32,0.0001,1,64,1,0.1,lr1e-04_bs32_modL1_fusion64_fusionL1_drop0p1_trmiss50_trlocradio,52,0.338603675365448,0.6680928170681,0.5301724137931034,0.647985925645353,0.6,0.0,0.0,0.0,0.0,0.0,0.0,0.0,0.0,0.0,2002,radio,0.5
1,2,lr1e-04_bs32_modL1_fusion64_fusionL1_drop0p1_trmiss50_trlocradio,32,0.0001,1,64,1,0.1,lr1e-04_bs32_modL1_fusion64_fusionL1_drop0p1_trmiss50_trlocradio,53,0.34184402227401733,0.6657882332801819,0.540948275862069,0.6593248176170516,0.5777777777777777,0.0,0.0,0.0,0.0,0.0,0.0,0.0,0.0,0.0,2002,radio,0.5
1,2,lr1e-04_bs32_modL1_fusion64_fusionL1_drop0p1_trmiss50_trlocradio,32,0.0001,1,64,1,0.1,lr1e-04_bs32_modL1_fusion64_fusionL1_drop0p1_trmiss50_trlocradio,54,0.35511161386966705,0.6627289652824402,0.5387931034482758,0.6579302942904797,0.6,0.0,0.0,0.0,0.0,0.0,0.0,0.0,0.0,0.0,2002,radio,0.5
1,2,lr1e-04_bs32_modL1_fusion64_fusionL1_drop0p1_trmiss50_trlocradio,32,0.0001,1,64,1,0.1,lr1e-04_bs32_modL1_fusion64_fusionL1_drop0p1_trmiss50_trlocradio,55,0.3270178685585658,0.6650019586086273,0.5344827586206896,0.6497845877319942,0.5777777777777777,0.0,0.0,0.0,0.0,0.0,0.0,0.0,0.0,0.0,2002,radio,0.5
1,2,lr1e-04_bs32_modL1_fusion64_fusionL1_drop0p1_trmiss50_trlocradio,32,0.0001,1,64,1,0.1,lr1e-04_bs32_modL1_fusion64_fusionL1_drop0p1_trmiss50_trlocradio,56,0.34451154867808026,0.6645201742649078,0.5431034482758621,0.6722956398982186,0.5777777777777777,0.0,0.0,0.0,0.0,0.0,0.0,0.0,0.0,0.0,2002,radio,0.5
1,2,lr1e-04_bs32_modL1_fusion64_fusionL1_drop0p1_trmiss50_trlocradio,32,0.0001,1,64,1,0.1,lr1e-04_bs32_modL1_fusion64_fusionL1_drop0p1_trmiss50_trlocradio,57,0.3382319857676824,0.6625916659832001,0.5366379310344828,0.6507041279618792,0.5777777777777777,0.0,0.0,0.0,0.0,0.0,0.0,0.0,0.0,0.0,2002,radio,0.5
1,2,lr1e-04_bs32_modL1_fusion64_fusionL1_drop0p1_trmiss50_trlocradio,32,0.0001,1,64,1,0.1,lr1e-04_bs32_modL1_fusion64_fusionL1_drop0p1_trmiss50_trlocradio,58,0.3285697599252065,0.6649183630943298,0.5366379310344828,0.667025967042339,0.5777777777777777,0.0,0.0,0.0,0.0,0.0,0.0,0.0,0.0,0.0,2002,radio,0.5
1,2,lr1e-04_bs32_modL1_fusion64_fusionL1_drop0p1_trmiss50_trlocradio,32,0.0001,1,64,1,0.1,lr1e-04_bs32_modL1_fusion64_fusionL1_drop0p1_trmiss50_trlocradio,59,0.3310183783372243,0.6633144319057465,0.540948275862069,0.6756466566975113,0.5777777777777777,0.0,0.0,0.0,0.0,0.0,0.0,0.0,0.0,0.0,2002,radio,0.5
1,2,lr1e-04_bs32_modL1_fusion64_fusionL1_drop0p1_trmiss50_trlocradio,32,0.0001,1,64,1,0.1,lr1e-04_bs32_modL1_fusion64_fusionL1_drop0p1_trmiss50_trlocradio,60,0.3385351896286011,0.6614305973052979,0.5452586206896551,0.6790292511145886,0.5777777777777777,0.0,0.0,0.0,0.0,0.0,0.0,0.0,0.0,0.0,2002,radio,0.5
1,2,lr1e-04_bs32_modL1_fusion64_fusionL1_drop0p1_trmiss50_trlocradio,32,0.0001,1,64,1,0.1,lr1e-04_bs32_modL1_fusion64_fusionL1_drop0p1_trmiss50_trlocradio,61,0.33050703505675,0.6609538793563843,0.5431034482758621,0.6767726030972914,0.6,0.0,0.0,0.0,0.0,0.0,0.0,0.0,0.0,0.0,2002,radio,0.5
1,2,lr1e-04_bs32_modL1_fusion64_fusionL1_drop0p1_trmiss50_trlocradio,32,0.0001,1,64,1,0.1,lr1e-04_bs32_modL1_fusion64_fusionL1_drop0p1_trmiss50_trlocradio,62,0.3452574859062831,0.6627138555049896,0.540948275862069,0.6758707463333656,0.5777777777777777,0.0,0.0,0.0,0.0,0.0,0.0,0.0,0.0,0.0,2002,radio,0.5
1,2,lr1e-04_bs32_modL1_fusion64_fusionL1_drop0p1_trmiss50_trlocradio,32,0.0001,1,64,1,0.1,lr1e-04_bs32_modL1_fusion64_fusionL1_drop0p1_trmiss50_trlocradio,63,0.32645276685555774,0.6619764268398285,0.5452586206896551,0.679461975928652,0.5777777777777777,0.0,0.0,0.0,0.0,0.0,0.0,0.0,0.0,0.0,2002,radio,0.5
1,2,lr1e-04_bs32_modL1_fusion64_fusionL1_drop0p1_trmiss50_trlocradio,32,0.0001,1,64,1,0.1,lr1e-04_bs32_modL1_fusion64_fusionL1_drop0p1_trmiss50_trlocradio,64,0.33573905130227405,0.6660644710063934,0.540948275862069,0.6756466566975113,0.5777777777777777,0.0,0.0,0.0,0.0,0.0,0.0,0.0,0.0,0.0,2002,radio,0.5
1,2,lr1e-04_bs32_modL1_fusion64_fusionL1_drop0p1_trmiss50_trlocradio,32,0.0001,1,64,1,0.1,lr1e-04_bs32_modL1_fusion64_fusionL1_drop0p1_trmiss50_trlocradio,65,0.3388449052969615,0.6614677608013153,0.5431034482758621,0.6765661969273964,0.6,0.0,0.0,0.0,0.0,0.0,0.0,0.0,0.0,0.0,2002,radio,0.5
1,2,lr1e-04_bs32_modL1_fusion64_fusionL1_drop0p1_trmiss50_trlocradio,32,0.0001,1,64,1,0.1,lr1e-04_bs32_modL1_fusion64_fusionL1_drop0p1_trmiss50_trlocradio,66,0.33053240676720935,0.6619224548339844,0.5431034482758621,0.6766915887769261,0.6,0.0,0.0,0.0,0.0,0.0,0.0,0.0,0.0,0.0,2002,radio,0.5
1,2,lr1e-04_bs32_modL1_fusion64_fusionL1_drop0p1_trmiss50_trlocradio,32,0.0001,1,64,1,0.1,lr1e-04_bs32_modL1_fusion64_fusionL1_drop0p1_trmiss50_trlocradio,67,0.3287479629119237,0.6635608971118927,0.540948275862069,0.6756466566975113,0.6,0.0,0.0,0.0,0.0,0.0,0.0,0.0,0.0,0.0,2002,radio,0.5
1,2,lr1e-04_bs32_modL1_fusion64_fusionL1_drop0p1_trmiss50_trlocradio,32,0.0001,1,64,1,0.1,lr1e-04_bs32_modL1_fusion64_fusionL1_drop0p1_trmiss50_trlocradio,68,0.34909214079380035,0.6653479337692261,0.5344827586206896,0.6497845877319942,0.5777777777777777,0.0,0.0,0.0,0.0,0.0,0.0,0.0,0.0,0.0,2002,radio,0.5
1,2,lr1e-04_bs32_modL1_fusion64_fusionL1_drop0p1_trmiss50_trlocradio,32,0.0001,1,64,1,0.1,lr1e-04_bs32_modL1_fusion64_fusionL1_drop0p1_trmiss50_trlocradio,69,0.33739687999089557,0.665202796459198,0.5431034482758621,0.6781097108847034,0.5777777777777777,0.0,0.0,0.0,0.0,0.0,0.0,0.0,0.0,0.0,2002,radio,0.5
1,2,lr1e-04_bs32_modL1_fusion64_fusionL1_drop0p1_trmiss50_trlocradio,32,0.0001,1,64,1,0.1,lr1e-04_bs32_modL1_fusion64_fusionL1_drop0p1_trmiss50_trlocradio,70,0.33424701790014905,0.6659353673458099,0.5452586206896551,0.679461975928652,0.5777777777777777,0.0,0.0,0.0,0.0,0.0,0.0,0.0,0.0,0.0,2002,radio,0.5
1,2,lr1e-04_bs32_modL1_fusion64_fusionL1_drop0p1_trmiss50_trlocradio,32,0.0001,1,64,1,0.1,lr1e-04_bs32_modL1_fusion64_fusionL1_drop0p1_trmiss50_trlocradio,71,0.3377908567587535,0.6658644378185272,0.540948275862069,0.6753568856166652,0.5777777777777777,0.0,0.0,0.0,0.0,0.0,0.0,0.0,0.0,0.0,2002,radio,0.5
1,2,lr1e-04_bs32_modL1_fusion64_fusionL1_drop0p1_trmiss50_trlocradio,32,0.0001,1,64,1,0.1,lr1e-04_bs32_modL1_fusion64_fusionL1_drop0p1_trmiss50_trlocradio,72,0.32922842105229694,0.6642701327800751,0.5452586206896551,0.6790292511145886,0.5777777777777777,0.0,0.0,0.0,0.0,0.0,0.0,0.0,0.0,0.0,2002,radio,0.5
1,2,lr1e-04_bs32_modL1_fusion64_fusionL1_drop0p1_trmiss50_trlocradio,32,0.0001,1,64,1,0.1,lr1e-04_bs32_modL1_fusion64_fusionL1_drop0p1_trmiss50_trlocradio,73,0.32979003091653186,0.6653731465339661,0.540948275862069,0.6756466566975113,0.5777777777777777,0.0,0.0,0.0,0.0,0.0,0.0,0.0,0.0,0.0,2002,radio,0.5
1,2,lr1e-04_bs32_modL1_fusion64_fusionL1_drop0p1_trmiss50_trlocradio,32,0.0001,1,64,1,0.1,lr1e-04_bs32_modL1_fusion64_fusionL1_drop0p1_trmiss50_trlocradio,74,0.32334474722544354,0.6648768782615662,0.5431034482758621,0.6781097108847034,0.5777777777777777,0.0,0.0,0.0,0.0,0.0,0.0,0.0,0.0,0.0,2002,radio,0.5
1,2,lr1e-04_bs32_modL1_fusion64_fusionL1_drop0p1_trmiss50_trlocradio,32,0.0001,1,64,1,0.1,lr1e-04_bs32_modL1_fusion64_fusionL1_drop0p1_trmiss50_trlocradio,75,0.32831334074338275,0.6634771525859833,0.5452586206896552,0.6791546429641182,0.5777777777777777,0.0,0.0,0.0,0.0,0.0,0.0,0.0,0.0,0.0,2002,radio,0.5
1,2,lr1e-04_bs32_modL1_fusion64_fusionL1_drop0p1_trmiss50_trlocradio,32,0.0001,1,64,1,0.1,lr1e-04_bs32_modL1_fusion64_fusionL1_drop0p1_trmiss50_trlocradio,76,0.33985621233781177,0.6638355255126953,0.540948275862069,0.6756466566975113,0.5777777777777777,0.0,0.0,0.0,0.0,0.0,0.0,0.0,0.0,0.0,2002,radio,0.5
1,2,lr1e-04_bs32_modL1_fusion64_fusionL1_drop0p1_trmiss50_trlocradio,32,0.0001,1,64,1,0.1,lr1e-04_bs32_modL1_fusion64_fusionL1_drop0p1_trmiss50_trlocradio,77,0.3376011898120244,0.6655490696430206,0.5431034482758621,0.6781097108847034,0.5777777777777777,0.0,0.0,0.0,0.0,0.0,0.0,0.0,0.0,0.0,2002,radio,0.5
1,2,lr1e-04_bs32_modL1_fusion64_fusionL1_drop0p1_trmiss50_trlocradio,32,0.0001,1,64,1,0.1,lr1e-04_bs32_modL1_fusion64_fusionL1_drop0p1_trmiss50_trlocradio,78,0.3307337661584218,0.6632915437221527,0.5431034482758621,0.6781097108847034,0.5777777777777777,0.0,0.0,0.0,0.0,0.0,0.0,0.0,0.0,0.0,2002,radio,0.5
1,2,lr1e-04_bs32_modL1_fusion64_fusionL1_drop0p1_trmiss50_trlocradio,32,0.0001,1,64,1,0.1,lr1e-04_bs32_modL1_fusion64_fusionL1_drop0p1_trmiss50_trlocradio,79,0.33318543434143066,0.6610399186611176,0.540948275862069,0.6756466566975113,0.6,0.0,0.0,0.0,0.0,0.0,0.0,0.0,0.0,0.0,2002,radio,0.5
1,2,lr1e-04_bs32_modL1_fusion64_fusionL1_drop0p1_trmiss50_trlocradio,32,0.0001,1,64,1,0.1,lr1e-04_bs32_modL1_fusion64_fusionL1_drop0p1_trmiss50_trlocradio,80,0.34187760452429455,0.6635453701019287,0.540948275862069,0.6756466566975113,0.5777777777777777,0.0,0.0,0.0,0.0,0.0,0.0,0.0,0.0,0.0,2002,radio,0.5
1,3,lr5e-05_bs16_modL1_fusion32_fusionL1_drop0p2_trmiss50_trlocradio,16,5e-05,1,32,1,0.2,lr5e-05_bs16_modL1_fusion32_fusionL1_drop0p2_trmiss50_trlocradio,1,0.6744770457347234,0.665612796942393,0.5948275862068966,0.687301919678374,0.6666666666666666,0.0,0.0,0.0,0.0,0.0,0.0,0.0,0.0,0.0,2002,radio,0.5
1,3,lr5e-05_bs16_modL1_fusion32_fusionL1_drop0p2_trmiss50_trlocradio,16,5e-05,1,32,1,0.2,lr5e-05_bs16_modL1_fusion32_fusionL1_drop0p2_trmiss50_trlocradio,2,0.6500249902407328,0.6561423142751058,0.5883620689655172,0.6846770598933074,0.6444444444444445,0.0,0.0,0.0,0.0,0.0,0.0,0.0,0.0,0.0,2002,radio,0.5
1,3,lr5e-05_bs16_modL1_fusion32_fusionL1_drop0p2_trmiss50_trlocradio,16,5e-05,1,32,1,0.2,lr5e-05_bs16_modL1_fusion32_fusionL1_drop0p2_trmiss50_trlocradio,3,0.6340609590212504,0.6601653496424357,0.5668103448275863,0.65877544402943,0.6666666666666666,0.0,0.0,0.0,0.0,0.0,0.0,0.0,0.0,0.0,2002,radio,0.5
1,3,lr5e-05_bs16_modL1_fusion32_fusionL1_drop0p2_trmiss50_trlocradio,16,5e-05,1,32,1,0.2,lr5e-05_bs16_modL1_fusion32_fusionL1_drop0p2_trmiss50_trlocradio,4,0.6140870700279871,0.6653681794802347,0.5581896551724137,0.656633978722942,0.6444444444444445,0.0,0.0,0.0,0.0,0.0,0.0,0.0,0.0,0.0,2002,radio,0.5
1,3,lr5e-05_bs16_modL1_fusion32_fusionL1_drop0p2_trmiss50_trlocradio,16,5e-05,1,32,1,0.2,lr5e-05_bs16_modL1_fusion32_fusionL1_drop0p2_trmiss50_trlocradio,5,0.6120449105898539,0.6611551642417908,0.540948275862069,0.6571359486347418,0.6666666666666666,0.0,0.0,0.0,0.0,0.0,0.0,0.0,0.0,0.0,2002,radio,0.5
1,3,lr5e-05_bs16_modL1_fusion32_fusionL1_drop0p2_trmiss50_trlocradio,16,5e-05,1,32,1,0.2,lr5e-05_bs16_modL1_fusion32_fusionL1_drop0p2_trmiss50_trlocradio,6,0.6053187002738317,0.655750036239624,0.5668103448275862,0.6800015262522702,0.6444444444444445,0.0,0.0,0.0,0.0,0.0,0.0,0.0,0.0,0.0,2002,radio,0.5
1,3,lr5e-05_bs16_modL1_fusion32_fusionL1_drop0p2_trmiss50_trlocradio,16,5e-05,1,32,1,0.2,lr5e-05_bs16_modL1_fusion32_fusionL1_drop0p2_trmiss50_trlocradio,7,0.5900974993904432,0.6482867399851481,0.5775862068965517,0.7101688891618994,0.6444444444444445,0.0,0.0,0.0,0.0,0.0,0.0,0.0,0.0,0.0,2002,radio,0.5
1,3,lr5e-05_bs16_modL1_fusion32_fusionL1_drop0p2_trmiss50_trlocradio,16,5e-05,1,32,1,0.2,lr5e-05_bs16_modL1_fusion32_fusionL1_drop0p2_trmiss50_trlocradio,8,0.5630529547731081,0.6531927585601807,0.5646551724137931,0.7037410402847605,0.6444444444444445,0.0,0.0,0.0,0.0,0.0,0.0,0.0,0.0,0.0,2002,radio,0.5
1,3,lr5e-05_bs16_modL1_fusion32_fusionL1_drop0p2_trmiss50_trlocradio,16,5e-05,1,32,1,0.2,lr5e-05_bs16_modL1_fusion32_fusionL1_drop0p2_trmiss50_trlocradio,9,0.5868334372838339,0.6638848582903544,0.5452586206896551,0.6807233734496025,0.6222222222222222,0.0,0.0,0.0,0.0,0.0,0.0,0.0,0.0,0.0,2002,radio,0.5
1,3,lr5e-05_bs16_modL1_fusion32_fusionL1_drop0p2_trmiss50_trlocradio,16,5e-05,1,32,1,0.2,lr5e-05_bs16_modL1_fusion32_fusionL1_drop0p2_trmiss50_trlocradio,10,0.5509610498944918,0.6631595293680826,0.5538793103448276,0.7070628772634561,0.6222222222222222,0.0,0.0,0.0,0.0,0.0,0.0,0.0,0.0,0.0,2002,radio,0.5
1,3,lr5e-05_bs16_modL1_fusion32_fusionL1_drop0p2_trmiss50_trlocradio,16,5e-05,1,32,1,0.2,lr5e-05_bs16_modL1_fusion32_fusionL1_drop0p2_trmiss50_trlocradio,11,0.5727404803037643,0.6679010391235352,0.5366379310344828,0.6781545035535872,0.6222222222222222,0.0,0.0,0.0,0.0,0.0,0.0,0.0,0.0,0.0,2002,radio,0.5
1,3,lr5e-05_bs16_modL1_fusion32_fusionL1_drop0p2_trmiss50_trlocradio,16,5e-05,1,32,1,0.2,lr5e-05_bs16_modL1_fusion32_fusionL1_drop0p2_trmiss50_trlocradio,12,0.5489073147376379,0.6688158512115479,0.5431034482758621,0.6707671745311081,0.6222222222222222,0.0,0.0,0.0,0.0,0.0,0.0,0.0,0.0,0.0,2002,radio,0.5
1,3,lr5e-05_bs16_modL1_fusion32_fusionL1_drop0p2_trmiss50_trlocradio,16,5e-05,1,32,1,0.2,lr5e-05_bs16_modL1_fusion32_fusionL1_drop0p2_trmiss50_trlocradio,13,0.5898524522781372,0.6681208411852518,0.5323275862068966,0.6690153048142976,0.6444444444444445,0.0,0.0,0.0,0.0,0.0,0.0,0.0,0.0,0.0,2002,radio,0.5
1,3,lr5e-05_bs16_modL1_fusion32_fusionL1_drop0p2_trmiss50_trlocradio,16,5e-05,1,32,1,0.2,lr5e-05_bs16_modL1_fusion32_fusionL1_drop0p2_trmiss50_trlocradio,14,0.5529154886802038,0.6722864309946696,0.5172413793103449,0.6448476002674177,0.6444444444444445,0.0,0.0,0.0,0.0,0.0,0.0,0.0,0.0,0.0,2002,radio,0.5
1,3,lr5e-05_bs16_modL1_fusion32_fusionL1_drop0p2_trmiss50_trlocradio,16,5e-05,1,32,1,0.2,lr5e-05_bs16_modL1_fusion32_fusionL1_drop0p2_trmiss50_trlocradio,15,0.5278062224388123,0.6665689547856649,0.5237068965517242,0.6648149279201586,0.6222222222222222,0.0,0.0,0.0,0.0,0.0,0.0,0.0,0.0,0.0,2002,radio,0.5
1,3,lr5e-05_bs16_modL1_fusion32_fusionL1_drop0p2_trmiss50_trlocradio,16,5e-05,1,32,1,0.2,lr5e-05_bs16_modL1_fusion32_fusionL1_drop0p2_trmiss50_trlocradio,16,0.5359911968310674,0.6662316918373108,0.5323275862068966,0.6719178124757813,0.6,0.0,0.0,0.0,0.0,0.0,0.0,0.0,0.0,0.0,2002,radio,0.5
1,3,lr5e-05_bs16_modL1_fusion32_fusionL1_drop0p2_trmiss50_trlocradio,16,5e-05,1,32,1,0.2,lr5e-05_bs16_modL1_fusion32_fusionL1_drop0p2_trmiss50_trlocradio,17,0.5209521278738976,0.6689825455347697,0.5258620689655172,0.6811831949951483,0.6,0.0,0.0,0.0,0.0,0.0,0.0,0.0,0.0,0.0,2002,radio,0.5
1,3,lr5e-05_bs16_modL1_fusion32_fusionL1_drop0p2_trmiss50_trlocradio,16,5e-05,1,32,1,0.2,lr5e-05_bs16_modL1_fusion32_fusionL1_drop0p2_trmiss50_trlocradio,18,0.564728299776713,0.6674313147862753,0.5301724137931034,0.6788801077088309,0.6,0.0,0.0,0.0,0.0,0.0,0.0,0.0,0.0,0.0,2002,radio,0.5
1,3,lr5e-05_bs16_modL1_fusion32_fusionL1_drop0p2_trmiss50_trlocradio,16,5e-05,1,32,1,0.2,lr5e-05_bs16_modL1_fusion32_fusionL1_drop0p2_trmiss50_trlocradio,19,0.539426160355409,0.661374052365621,0.5387931034482758,0.700076293168932,0.6,0.0,0.0,0.0,0.0,0.0,0.0,0.0,0.0,0.0,2002,radio,0.5
1,3,lr5e-05_bs16_modL1_fusion32_fusionL1_drop0p2_trmiss50_trlocradio,16,5e-05,1,32,1,0.2,lr5e-05_bs16_modL1_fusion32_fusionL1_drop0p2_trmiss50_trlocradio,20,0.5494897415240606,0.6631245215733846,0.5280172413793103,0.6890406106891189,0.6222222222222222,0.0,0.0,0.0,0.0,0.0,0.0,0.0,0.0,0.0,2002,radio,0.5
1,3,lr5e-05_bs16_modL1_fusion32_fusionL1_drop0p2_trmiss50_trlocradio,16,5e-05,1,32,1,0.2,lr5e-05_bs16_modL1_fusion32_fusionL1_drop0p2_trmiss50_trlocradio,21,0.5215068757534027,0.665195882320404,0.5280172413793103,0.6776317847986222,0.6222222222222222,0.0,0.0,0.0,0.0,0.0,0.0,0.0,0.0,0.0,2002,radio,0.5
1,3,lr5e-05_bs16_modL1_fusion32_fusionL1_drop0p2_trmiss50_trlocradio,16,5e-05,1,32,1,0.2,lr5e-05_bs16_modL1_fusion32_fusionL1_drop0p2_trmiss50_trlocradio,22,0.5121808995803198,0.6677190065383911,0.5323275862068966,0.6817482911156729,0.6,0.0,0.0,0.0,0.0,0.0,0.0,0.0,0.0,0.0,2002,radio,0.5
1,3,lr5e-05_bs16_modL1_fusion32_fusionL1_drop0p2_trmiss50_trlocradio,16,5e-05,1,32,1,0.2,lr5e-05_bs16_modL1_fusion32_fusionL1_drop0p2_trmiss50_trlocradio,23,0.5046980033318201,0.6664714813232422,0.5258620689655172,0.6922628244623074,0.6222222222222222,0.0,0.0,0.0,0.0,0.0,0.0,0.0,0.0,0.0,2002,radio,0.5
1,3,lr5e-05_bs16_modL1_fusion32_fusionL1_drop0p2_trmiss50_trlocradio,16,5e-05,1,32,1,0.2,lr5e-05_bs16_modL1_fusion32_fusionL1_drop0p2_trmiss50_trlocradio,24,0.5308663547039032,0.6692162354787191,0.5258620689655172,0.6852277202322835,0.6222222222222222,0.0,0.0,0.0,0.0,0.0,0.0,0.0,0.0,0.0,2002,radio,0.5
1,3,lr5e-05_bs16_modL1_fusion32_fusionL1_drop0p2_trmiss50_trlocradio,16,5e-05,1,32,1,0.2,lr5e-05_bs16_modL1_fusion32_fusionL1_drop0p2_trmiss50_trlocradio,25,0.542104072868824,0.6648700833320618,0.5387931034482758,0.6932027505742553,0.6444444444444445,0.0,0.0,0.0,0.0,0.0,0.0,0.0,0.0,0.0,2002,radio,0.5
1,3,lr5e-05_bs16_modL1_fusion32_fusionL1_drop0p2_trmiss50_trlocradio,16,5e-05,1,32,1,0.2,lr5e-05_bs16_modL1_fusion32_fusionL1_drop0p2_trmiss50_trlocradio,26,0.5312110558152199,0.6656086444854736,0.5301724137931034,0.6805495819968429,0.6444444444444445,0.0,0.0,0.0,0.0,0.0,0.0,0.0,0.0,0.0,2002,radio,0.5
1,3,lr5e-05_bs16_modL1_fusion32_fusionL1_drop0p2_trmiss50_trlocradio,16,5e-05,1,32,1,0.2,lr5e-05_bs16_modL1_fusion32_fusionL1_drop0p2_trmiss50_trlocradio,27,0.5244492913285891,0.6695778965950012,0.5280172413793103,0.6777773292019776,0.6444444444444445,0.0,0.0,0.0,0.0,0.0,0.0,0.0,0.0,0.0,2002,radio,0.5
1,3,lr5e-05_bs16_modL1_fusion32_fusionL1_drop0p1_trmiss50_trlocradio,16,5e-05,1,32,1,0.1,lr5e-05_bs16_modL1_fusion32_fusionL1_drop0p1_trmiss50_trlocradio,1,0.709466814994812,0.7135610580444336,0.42887931034482757,0.6220447237538116,0.4222222222222222,0.0,0.0,0.0,0.0,0.0,0.0,0.0,0.0,0.0,2002,radio,0.5
1,3,lr5e-05_bs16_modL1_fusion32_fusionL1_drop0p1_trmiss50_trlocradio,16,5e-05,1,32,1,0.1,lr5e-05_bs16_modL1_fusion32_fusionL1_drop0p1_trmiss50_trlocradio,2,0.68360602358977,0.7221339146296183,0.4245689655172414,0.6380219446847308,0.4444444444444444,0.0,0.0,0.0,0.0,0.0,0.0,0.0,0.0,0.0,2002,radio,0.5
1,3,lr5e-05_bs16_modL1_fusion32_fusionL1_drop0p1_trmiss50_trlocradio,16,5e-05,1,32,1,0.1,lr5e-05_bs16_modL1_fusion32_fusionL1_drop0p1_trmiss50_trlocradio,3,0.6552022397518158,0.7163636088371277,0.4245689655172413,0.6440417568462882,0.4666666666666667,0.0,0.0,0.0,0.0,0.0,0.0,0.0,0.0,0.0,2002,radio,0.5
1,3,lr5e-05_bs16_modL1_fusion32_fusionL1_drop0p1_trmiss50_trlocradio,16,5e-05,1,32,1,0.1,lr5e-05_bs16_modL1_fusion32_fusionL1_drop0p1_trmiss50_trlocradio,4,0.6249404201904932,0.7174911697705587,0.43318965517241376,0.63427064641526,0.4222222222222222,0.0,0.0,0.0,0.0,0.0,0.0,0.0,0.0,0.0,2002,radio,0.5
1,3,lr5e-05_bs16_modL1_fusion32_fusionL1_drop0p1_trmiss50_trlocradio,16,5e-05,1,32,1,0.1,lr5e-05_bs16_modL1_fusion32_fusionL1_drop0p1_trmiss50_trlocradio,5,0.6258303473393122,0.7109910845756531,0.4913793103448276,0.6554233454636678,0.4888888888888889,0.0,0.0,0.0,0.0,0.0,0.0,0.0,0.0,0.0,2002,radio,0.5
1,3,lr5e-05_bs16_modL1_fusion32_fusionL1_drop0p1_trmiss50_trlocradio,16,5e-05,1,32,1,0.1,lr5e-05_bs16_modL1_fusion32_fusionL1_drop0p1_trmiss50_trlocradio,6,0.6192341794570287,0.7145697474479675,0.4806034482758621,0.6361074893245409,0.5111111111111111,0.0,0.0,0.0,0.0,0.0,0.0,0.0,0.0,0.0,2002,radio,0.5
1,3,lr5e-05_bs16_modL1_fusion32_fusionL1_drop0p1_trmiss50_trlocradio,16,5e-05,1,32,1,0.1,lr5e-05_bs16_modL1_fusion32_fusionL1_drop0p1_trmiss50_trlocradio,7,0.6077382564544678,0.7086722056070963,0.4655172413793104,0.6368908056350582,0.4888888888888889,0.0,0.0,0.0,0.0,0.0,0.0,0.0,0.0,0.0,2002,radio,0.5
1,3,lr5e-05_bs16_modL1_fusion32_fusionL1_drop0p1_trmiss50_trlocradio,16,5e-05,1,32,1,0.1,lr5e-05_bs16_modL1_fusion32_fusionL1_drop0p1_trmiss50_trlocradio,8,0.6073303272326788,0.7051597833633423,0.48060344827586204,0.6388440257722074,0.5111111111111111,0.0,0.0,0.0,0.0,0.0,0.0,0.0,0.0,0.0,2002,radio,0.5
1,3,lr5e-05_bs16_modL1_fusion32_fusionL1_drop0p1_trmiss50_trlocradio,16,5e-05,1,32,1,0.1,lr5e-05_bs16_modL1_fusion32_fusionL1_drop0p1_trmiss50_trlocradio,9,0.599725216627121,0.7138659954071045,0.45905172413793105,0.6145487196393955,0.4666666666666667,0.0,0.0,0.0,0.0,0.0,0.0,0.0,0.0,0.0,2002,radio,0.5
1,3,lr5e-05_bs16_modL1_fusion32_fusionL1_drop0p1_trmiss50_trlocradio,16,5e-05,1,32,1,0.1,lr5e-05_bs16_modL1_fusion32_fusionL1_drop0p1_trmiss50_trlocradio,10,0.5950908462206522,0.710293173789978,0.44181034482758624,0.6258671491312683,0.4666666666666667,0.0,0.0,0.0,0.0,0.0,0.0,0.0,0.0,0.0,2002,radio,0.5
1,3,lr5e-05_bs16_modL1_fusion32_fusionL1_drop0p1_trmiss50_trlocradio,16,5e-05,1,32,1,0.1,lr5e-05_bs16_modL1_fusion32_fusionL1_drop0p1_trmiss50_trlocradio,11,0.5812985301017761,0.7121678988138834,0.4375,0.61776577001879,0.4222222222222222,0.0,0.0,0.0,0.0,0.0,0.0,0.0,0.0,0.0,2002,radio,0.5
1,3,lr5e-05_bs16_modL1_fusion32_fusionL1_drop0p1_trmiss50_trlocradio,16,5e-05,1,32,1,0.1,lr5e-05_bs16_modL1_fusion32_fusionL1_drop0p1_trmiss50_trlocradio,12,0.5672052726149559,0.7071516116460165,0.4676724137931035,0.6368660025578236,0.4222222222222222,0.0,0.0,0.0,0.0,0.0,0.0,0.0,0.0,0.0,2002,radio,0.5
1,3,lr5e-05_bs16_modL1_fusion32_fusionL1_drop0p1_trmiss50_trlocradio,16,5e-05,1,32,1,0.1,lr5e-05_bs16_modL1_fusion32_fusionL1_drop0p1_trmiss50_trlocradio,13,0.5613217751185099,0.7031223773956299,0.4806034482758621,0.6369454092680272,0.4444444444444444,0.0,0.0,0.0,0.0,0.0,0.0,0.0,0.0,0.0,2002,radio,0.5
1,3,lr5e-05_bs16_modL1_fusion32_fusionL1_drop0p1_trmiss50_trlocradio,16,5e-05,1,32,1,0.1,lr5e-05_bs16_modL1_fusion32_fusionL1_drop0p1_trmiss50_trlocradio,14,0.5606749380628268,0.7087052464485168,0.44612068965517243,0.6100394367817098,0.5111111111111111,0.0,0.0,0.0,0.0,0.0,0.0,0.0,0.0,0.0,2002,radio,0.5
1,3,lr5e-05_bs16_modL1_fusion32_fusionL1_drop0p1_trmiss50_trlocradio,16,5e-05,1,32,1,0.1,lr5e-05_bs16_modL1_fusion32_fusionL1_drop0p1_trmiss50_trlocradio,15,0.5601611609260241,0.7061148881912231,0.46336206896551724,0.6163113517707085,0.4888888888888889,0.0,0.0,0.0,0.0,0.0,0.0,0.0,0.0,0.0,2002,radio,0.5
1,3,lr5e-05_bs16_modL1_fusion32_fusionL1_drop0p1_trmiss50_trlocradio,16,5e-05,1,32,1,0.1,lr5e-05_bs16_modL1_fusion32_fusionL1_drop0p1_trmiss50_trlocradio,16,0.5475285922487577,0.705568770567576,0.4655172413793104,0.6236041872192483,0.5333333333333333,0.0,0.0,0.0,0.0,0.0,0.0,0.0,0.0,0.0,2002,radio,0.5
1,3,lr5e-05_bs16_modL1_fusion32_fusionL1_drop0p1_trmiss50_trlocradio,16,5e-05,1,32,1,0.1,lr5e-05_bs16_modL1_fusion32_fusionL1_drop0p1_trmiss50_trlocradio,17,0.5276118790109953,0.7071258028348287,0.4525862068965517,0.6158007824911156,0.4666666666666667,0.0,0.0,0.0,0.0,0.0,0.0,0.0,0.0,0.0,2002,radio,0.5
1,3,lr5e-05_bs16_modL1_fusion32_fusionL1_drop0p1_trmiss50_trlocradio,16,5e-05,1,32,1,0.1,lr5e-05_bs16_modL1_fusion32_fusionL1_drop0p1_trmiss50_trlocradio,18,0.5264809827009836,0.7162882685661316,0.4525862068965517,0.616036028623641,0.4444444444444444,0.0,0.0,0.0,0.0,0.0,0.0,0.0,0.0,0.0,2002,radio,0.5
1,3,lr5e-05_bs16_modL1_fusion32_fusionL1_drop0p1_trmiss50_trlocradio,16,5e-05,1,32,1,0.1,lr5e-05_bs16_modL1_fusion32_fusionL1_drop0p1_trmiss50_trlocradio,19,0.5187067985534668,0.7090057134628296,0.4612068965517241,0.6233468155385651,0.4888888888888889,0.0,0.0,0.0,0.0,0.0,0.0,0.0,0.0,0.0,2002,radio,0.5
1,3,lr5e-05_bs16_modL1_fusion32_fusionL1_drop0p1_trmiss50_trlocradio,16,5e-05,1,32,1,0.1,lr5e-05_bs16_modL1_fusion32_fusionL1_drop0p1_trmiss50_trlocradio,20,0.5317442417144775,0.7047119736671448,0.47413793103448276,0.6257395651036144,0.4666666666666667,0.0,0.0,0.0,0.0,0.0,0.0,0.0,0.0,0.0,2002,radio,0.5
1,3,lr5e-05_bs16_modL1_fusion32_fusionL1_drop0p1_trmiss50_trlocradio,16,5e-05,1,32,1,0.1,lr5e-05_bs16_modL1_fusion32_fusionL1_drop0p1_trmiss50_trlocradio,21,0.5344266891479492,0.7075019677480062,0.4676724137931035,0.628184541640605,0.4444444444444444,0.0,0.0,0.0,0.0,0.0,0.0,0.0,0.0,0.0,2002,radio,0.5
1,3,lr5e-05_bs16_modL1_fusion32_fusionL1_drop0p1_trmiss50_trlocradio,16,5e-05,1,32,1,0.1,lr5e-05_bs16_modL1_fusion32_fusionL1_drop0p1_trmiss50_trlocradio,22,0.5259159629543623,0.6956480145454407,0.4978448275862069,0.6522259432059493,0.4888888888888889,0.0,0.0,0.0,0.0,0.0,0.0,0.0,0.0,0.0,2002,radio,0.5
1,3,lr5e-05_bs16_modL1_fusion32_fusionL1_drop0p1_trmiss50_trlocradio,16,5e-05,1,32,1,0.1,lr5e-05_bs16_modL1_fusion32_fusionL1_drop0p1_trmiss50_trlocradio,23,0.504148023823897,0.7082154552141825,0.46120689655172414,0.6114932569247656,0.4888888888888889,0.0,0.0,0.0,0.0,0.0,0.0,0.0,0.0,0.0,2002,radio,0.5
1,3,lr5e-05_bs16_modL1_fusion32_fusionL1_drop0p1_trmiss50_trlocradio,16,5e-05,1,32,1,0.1,lr5e-05_bs16_modL1_fusion32_fusionL1_drop0p1_trmiss50_trlocradio,24,0.5046286036570867,0.6952844858169556,0.47629310344827586,0.6386721880043097,0.5777777777777777,0.0,0.0,0.0,0.0,0.0,0.0,0.0,0.0,0.0,2002,radio,0.5
1,3,lr5e-05_bs16_modL1_fusion32_fusionL1_drop0p1_trmiss50_trlocradio,16,5e-05,1,32,1,0.1,lr5e-05_bs16_modL1_fusion32_fusionL1_drop0p1_trmiss50_trlocradio,25,0.5252159287532171,0.7010220487912496,0.4676724137931034,0.6453296828598023,0.4666666666666667,0.0,0.0,0.0,0.0,0.0,0.0,0.0,0.0,0.0,2002,radio,0.5
1,3,lr5e-05_bs16_modL1_fusion32_fusionL1_drop0p1_trmiss50_trlocradio,16,5e-05,1,32,1,0.1,lr5e-05_bs16_modL1_fusion32_fusionL1_drop0p1_trmiss50_trlocradio,26,0.49858825902144116,0.7021540006001791,0.4676724137931034,0.6439033462147944,0.4444444444444444,0.0,0.0,0.0,0.0,0.0,0.0,0.0,0.0,0.0,2002,radio,0.5
1,3,lr5e-05_bs16_modL1_fusion32_fusionL1_drop0p1_trmiss50_trlocradio,16,5e-05,1,32,1,0.1,lr5e-05_bs16_modL1_fusion32_fusionL1_drop0p1_trmiss50_trlocradio,27,0.5102573856711388,0.7081360022226969,0.4418103448275862,0.6244485342528877,0.4888888888888889,0.0,0.0,0.0,0.0,0.0,0.0,0.0,0.0,0.0,2002,radio,0.5
1,3,lr5e-05_bs16_modL1_fusion32_fusionL1_drop0p1_trmiss50_trlocradio,16,5e-05,1,32,1,0.1,lr5e-05_bs16_modL1_fusion32_fusionL1_drop0p1_trmiss50_trlocradio,28,0.5015974044799805,0.7058952649434408,0.4698275862068966,0.6309330919916727,0.5111111111111111,0.0,0.0,0.0,0.0,0.0,0.0,0.0,0.0,0.0,2002,radio,0.5
1,3,lr5e-05_bs16_modL1_fusion32_fusionL1_drop0p1_trmiss50_trlocradio,16,5e-05,1,32,1,0.1,lr5e-05_bs16_modL1_fusion32_fusionL1_drop0p1_trmiss50_trlocradio,29,0.5056501304109892,0.6883747776349386,0.4913793103448276,0.6602021210678762,0.5333333333333333,0.0,0.0,0.0,0.0,0.0,0.0,0.0,0.0,0.0,2002,radio,0.5
1,3,lr5e-05_bs16_modL1_fusion32_fusionL1_drop0p1_trmiss50_trlocradio,16,5e-05,1,32,1,0.1,lr5e-05_bs16_modL1_fusion32_fusionL1_drop0p1_trmiss50_trlocradio,30,0.4776276300350825,0.6967331568400065,0.4892241379310345,0.6611210749175825,0.4888888888888889,0.0,0.0,0.0,0.0,0.0,0.0,0.0,0.0,0.0,2002,radio,0.5
1,3,lr5e-05_bs16_modL1_fusion32_fusionL1_drop0p1_trmiss50_trlocradio,16,5e-05,1,32,1,0.1,lr5e-05_bs16_modL1_fusion32_fusionL1_drop0p1_trmiss50_trlocradio,31,0.4991519823670387,0.7013519207636515,0.5,0.6474092529056147,0.4666666666666667,0.0,0.0,0.0,0.0,0.0,0.0,0.0,0.0,0.0,2002,radio,0.5
1,3,lr5e-05_bs16_modL1_fusion32_fusionL1_drop0p1_trmiss50_trlocradio,16,5e-05,1,32,1,0.1,lr5e-05_bs16_modL1_fusion32_fusionL1_drop0p1_trmiss50_trlocradio,32,0.5054112374782562,0.7003827492396036,0.47844827586206895,0.6455334853396221,0.4888888888888889,0.0,0.0,0.0,0.0,0.0,0.0,0.0,0.0,0.0,2002,radio,0.5
1,3,lr5e-05_bs16_modL1_fusion32_fusionL1_drop0p1_trmiss50_trlocradio,16,5e-05,1,32,1,0.1,lr5e-05_bs16_modL1_fusion32_fusionL1_drop0p1_trmiss50_trlocradio,33,0.5064706727862358,0.6937573949495951,0.48922413793103453,0.6550740654327195,0.4888888888888889,0.0,0.0,0.0,0.0,0.0,0.0,0.0,0.0,0.0,2002,radio,0.5
1,3,lr5e-05_bs16_modL1_fusion32_fusionL1_drop0p1_trmiss50_trlocradio,16,5e-05,1,32,1,0.1,lr5e-05_bs16_modL1_fusion32_fusionL1_drop0p1_trmiss50_trlocradio,34,0.48002973447243374,0.6954463919003805,0.49137931034482757,0.649419264845896,0.4888888888888889,0.0,0.0,0.0,0.0,0.0,0.0,0.0,0.0,0.0,2002,radio,0.5
1,3,lr5e-05_bs16_modL1_fusion32_fusionL1_drop0p1_trmiss50_trlocradio,16,5e-05,1,32,1,0.1,lr5e-05_bs16_modL1_fusion32_fusionL1_drop0p1_trmiss50_trlocradio,35,0.511210153500239,0.6956808567047119,0.49137931034482757,0.6512508297576628,0.4888888888888889,0.0,0.0,0.0,0.0,0.0,0.0,0.0,0.0,0.0,2002,radio,0.5
1,3,lr5e-05_bs16_modL1_fusion32_fusionL1_drop0p1_trmiss50_trlocradio,16,5e-05,1,32,1,0.1,lr5e-05_bs16_modL1_fusion32_fusionL1_drop0p1_trmiss50_trlocradio,36,0.49182617167631787,0.7064405083656311,0.4676724137931034,0.6523668556922225,0.4444444444444444,0.0,0.0,0.0,0.0,0.0,0.0,0.0,0.0,0.0,2002,radio,0.5
1,3,lr5e-05_bs16_modL1_fusion32_fusionL1_drop0p1_trmiss50_trlocradio,16,5e-05,1,32,1,0.1,lr5e-05_bs16_modL1_fusion32_fusionL1_drop0p1_trmiss50_trlocradio,37,0.49655382086833316,0.7057508031527201,0.47413793103448276,0.6532162380645861,0.4666666666666667,0.0,0.0,0.0,0.0,0.0,0.0,0.0,0.0,0.0,2002,radio,0.5
1,3,lr5e-05_bs16_modL1_fusion32_fusionL1_drop0p1_trmiss50_trlocradio,16,5e-05,1,32,1,0.1,lr5e-05_bs16_modL1_fusion32_fusionL1_drop0p1_trmiss50_trlocradio,38,0.5063821822404861,0.705284039179484,0.46336206896551724,0.6437985007932301,0.4666666666666667,0.0,0.0,0.0,0.0,0.0,0.0,0.0,0.0,0.0,2002,radio,0.5
1,3,lr5e-05_bs16_modL1_fusion32_fusionL1_drop0p1_trmiss50_trlocradio,16,5e-05,1,32,1,0.1,lr5e-05_bs16_modL1_fusion32_fusionL1_drop0p1_trmiss50_trlocradio,39,0.4929550339778264,0.7056780258814493,0.47198275862068967,0.6511327896151498,0.4444444444444444,0.0,0.0,0.0,0.0,0.0,0.0,0.0,0.0,0.0,2002,radio,0.5
1,3,lr5e-05_bs16_modL1_fusion32_fusionL1_drop0p1_trmiss50_trlocradio,16,5e-05,1,32,1,0.1,lr5e-05_bs16_modL1_fusion32_fusionL1_drop0p1_trmiss50_trlocradio,40,0.4819671188791593,0.7104910214742025,0.4612068965517241,0.6431838431616579,0.4666666666666667,0.0,0.0,0.0,0.0,0.0,0.0,0.0,0.0,0.0,2002,radio,0.5
1,3,lr5e-05_bs16_modL1_fusion32_fusionL1_drop0p1_trmiss50_trlocradio,16,5e-05,1,32,1,0.1,lr5e-05_bs16_modL1_fusion32_fusionL1_drop0p1_trmiss50_trlocradio,41,0.48867765565713245,0.7189603646596273,0.44827586206896547,0.630273092532392,0.4444444444444444,0.0,0.0,0.0,0.0,0.0,0.0,0.0,0.0,0.0,2002,radio,0.5
1,3,lr5e-05_bs16_modL1_fusion32_fusionL1_drop0p1_trmiss50_trlocradio,16,5e-05,1,32,1,0.1,lr5e-05_bs16_modL1_fusion32_fusionL1_drop0p1_trmiss50_trlocradio,42,0.4911509305238724,0.7118533849716187,0.4568965517241379,0.6359418548926015,0.4666666666666667,0.0,0.0,0.0,0.0,0.0,0.0,0.0,0.0,0.0,2002,radio,0.5
1,3,lr5e-05_bs16_modL1_fusion32_fusionL1_drop0p1_trmiss50_trlocradio,16,5e-05,1,32,1,0.1,lr5e-05_bs16_modL1_fusion32_fusionL1_drop0p1_trmiss50_trlocradio,43,0.4652424405018489,0.702089806397756,0.4676724137931035,0.6479480783951496,0.5111111111111111,0.0,0.0,0.0,0.0,0.0,0.0,0.0,0.0,0.0,2002,radio,0.5
1,3,lr5e-05_bs16_modL1_fusion32_fusionL1_drop0p1_trmiss50_trlocradio,16,5e-05,1,32,1,0.1,lr5e-05_bs16_modL1_fusion32_fusionL1_drop0p1_trmiss50_trlocradio,44,0.4807133649786313,0.7121160626411438,0.4418103448275862,0.6269072830431728,0.4888888888888889,0.0,0.0,0.0,0.0,0.0,0.0,0.0,0.0,0.0,2002,radio,0.5
1,3,lr5e-05_bs16_modL1_fusion32_fusionL1_drop0p1_trmiss50_trlocradio,16,5e-05,1,32,1,0.1,lr5e-05_bs16_modL1_fusion32_fusionL1_drop0p1_trmiss50_trlocradio,45,0.4743894189596176,0.7067982951800028,0.46336206896551724,0.63946184263536,0.4888888888888889,0.0,0.0,0.0,0.0,0.0,0.0,0.0,0.0,0.0,2002,radio,0.5
1,3,lr5e-05_bs16_modL1_fusion32_fusionL1_drop0p1_trmiss50_trlocradio,16,5e-05,1,32,1,0.1,lr5e-05_bs16_modL1_fusion32_fusionL1_drop0p1_trmiss50_trlocradio,46,0.479443001250426,0.7114124099413554,0.4827586206896552,0.6601806895611034,0.5111111111111111,0.0,0.0,0.0,0.0,0.0,0.0,0.0,0.0,0.0,2002,radio,0.5
1,3,lr5e-05_bs16_modL1_fusion32_fusionL1_drop0p1_trmiss50_trlocradio,16,5e-05,1,32,1,0.1,lr5e-05_bs16_modL1_fusion32_fusionL1_drop0p1_trmiss50_trlocradio,47,0.49396676073471707,0.7083863019943237,0.4762931034482758,0.6504424815799074,0.4666666666666667,0.0,0.0,0.0,0.0,0.0,0.0,0.0,0.0,0.0,2002,radio,0.5
1,3,lr5e-05_bs16_modL1_fusion32_fusionL1_drop0p1_trmiss50_trlocradio,16,5e-05,1,32,1,0.1,lr5e-05_bs16_modL1_fusion32_fusionL1_drop0p1_trmiss50_trlocradio,48,0.4781341602404912,0.7023537357648214,0.46120689655172414,0.643227422483815,0.4888888888888889,0.0,0.0,0.0,0.0,0.0,0.0,0.0,0.0,0.0,2002,radio,0.5
1,3,lr5e-05_bs16_modL1_fusion32_fusionL1_drop0p1_trmiss50_trlocradio,16,5e-05,1,32,1,0.1,lr5e-05_bs16_modL1_fusion32_fusionL1_drop0p1_trmiss50_trlocradio,49,0.49189988275369007,0.7038076122601827,0.4568965517241379,0.6325911677061661,0.5111111111111111,0.0,0.0,0.0,0.0,0.0,0.0,0.0,0.0,0.0,2002,radio,0.5
1,3,lr5e-05_bs16_modL1_fusion32_fusionL1_drop0p1_trmiss50_trlocradio,16,5e-05,1,32,1,0.1,lr5e-05_bs16_modL1_fusion32_fusionL1_drop0p1_trmiss50_trlocradio,50,0.47946424782276154,0.7097773353258768,0.4612068965517241,0.6418412837247245,0.5111111111111111,0.0,0.0,0.0,0.0,0.0,0.0,0.0,0.0,0.0,2002,radio,0.5
1,3,lr5e-05_bs16_modL1_fusion32_fusionL1_drop0p1_trmiss50_trlocradio,16,5e-05,1,32,1,0.1,lr5e-05_bs16_modL1_fusion32_fusionL1_drop0p1_trmiss50_trlocradio,51,0.493933933476607,0.7155813177426656,0.4375,0.6147854207104372,0.4666666666666667,0.0,0.0,0.0,0.0,0.0,0.0,0.0,0.0,0.0,2002,radio,0.5
1,3,lr5e-05_bs16_modL1_fusion64_fusionL1_drop0p2_trmiss50_trlocradio,16,5e-05,1,64,1,0.2,lr5e-05_bs16_modL1_fusion64_fusionL1_drop0p2_trmiss50_trlocradio,1,0.847594420115153,0.7557156682014465,0.5043103448275862,0.6349578931824014,0.35555555555555557,0.0,0.0,0.0,0.0,0.0,0.0,0.0,0.0,0.0,2002,radio,0.5
1,3,lr5e-05_bs16_modL1_fusion64_fusionL1_drop0p2_trmiss50_trlocradio,16,5e-05,1,64,1,0.2,lr5e-05_bs16_modL1_fusion64_fusionL1_drop0p2_trmiss50_trlocradio,2,0.8285743246475855,0.7723472317059835,0.5150862068965517,0.6462228853562186,0.3111111111111111,0.0,0.0,0.0,0.0,0.0,0.0,0.0,0.0,0.0,2002,radio,0.5
1,3,lr5e-05_bs16_modL1_fusion64_fusionL1_drop0p2_trmiss50_trlocradio,16,5e-05,1,64,1,0.2,lr5e-05_bs16_modL1_fusion64_fusionL1_drop0p2_trmiss50_trlocradio,3,0.8306862264871597,0.7997744480768839,0.48275862068965514,0.6258367676990011,0.3111111111111111,0.0,0.0,0.0,0.0,0.0,0.0,0.0,0.0,0.0,2002,radio,0.5
1,3,lr5e-05_bs16_modL1_fusion64_fusionL1_drop0p2_trmiss50_trlocradio,16,5e-05,1,64,1,0.2,lr5e-05_bs16_modL1_fusion64_fusionL1_drop0p2_trmiss50_trlocradio,4,0.7785228888193766,0.7970705628395081,0.5150862068965517,0.6547864848410042,0.3111111111111111,0.0,0.0,0.0,0.0,0.0,0.0,0.0,0.0,0.0,2002,radio,0.5
1,3,lr5e-05_bs16_modL1_fusion64_fusionL1_drop0p2_trmiss50_trlocradio,16,5e-05,1,64,1,0.2,lr5e-05_bs16_modL1_fusion64_fusionL1_drop0p2_trmiss50_trlocradio,5,0.7697470237811407,0.7983121474583944,0.4892241379310345,0.6470991854232542,0.3333333333333333,0.0,0.0,0.0,0.0,0.0,0.0,0.0,0.0,0.0,2002,radio,0.5
1,3,lr5e-05_bs16_modL1_fusion64_fusionL1_drop0p2_trmiss50_trlocradio,16,5e-05,1,64,1,0.2,lr5e-05_bs16_modL1_fusion64_fusionL1_drop0p2_trmiss50_trlocradio,6,0.7713175117969513,0.7908961971600851,0.4698275862068965,0.6291286374275206,0.3333333333333333,0.0,0.0,0.0,0.0,0.0,0.0,0.0,0.0,0.0,2002,radio,0.5
1,3,lr5e-05_bs16_modL1_fusion64_fusionL1_drop0p2_trmiss50_trlocradio,16,5e-05,1,64,1,0.2,lr5e-05_bs16_modL1_fusion64_fusionL1_drop0p2_trmiss50_trlocradio,7,0.7391401330629984,0.7851826548576355,0.5150862068965517,0.6541989774766195,0.35555555555555557,0.0,0.0,0.0,0.0,0.0,0.0,0.0,0.0,0.0,2002,radio,0.5
1,3,lr5e-05_bs16_modL1_fusion64_fusionL1_drop0p2_trmiss50_trlocradio,16,5e-05,1,64,1,0.2,lr5e-05_bs16_modL1_fusion64_fusionL1_drop0p2_trmiss50_trlocradio,8,0.7507601777712504,0.7757371068000793,0.5064655172413793,0.6598331554008633,0.37777777777777777,0.0,0.0,0.0,0.0,0.0,0.0,0.0,0.0,0.0,2002,radio,0.5
1,3,lr5e-05_bs16_modL1_fusion64_fusionL1_drop0p2_trmiss50_trlocradio,16,5e-05,1,64,1,0.2,lr5e-05_bs16_modL1_fusion64_fusionL1_drop0p2_trmiss50_trlocradio,9,0.7461823324362437,0.7753502329190572,0.5129310344827586,0.6620247332256838,0.37777777777777777,0.0,0.0,0.0,0.0,0.0,0.0,0.0,0.0,0.0,2002,radio,0.5
1,3,lr5e-05_bs16_modL1_fusion64_fusionL1_drop0p2_trmiss50_trlocradio,16,5e-05,1,64,1,0.2,lr5e-05_bs16_modL1_fusion64_fusionL1_drop0p2_trmiss50_trlocradio,10,0.7116740693648657,0.7681193947792053,0.5258620689655172,0.6559310612800822,0.37777777777777777,0.0,0.0,0.0,0.0,0.0,0.0,0.0,0.0,0.0,2002,radio,0.5
1,3,lr5e-05_bs16_modL1_fusion64_fusionL1_drop0p2_trmiss50_trlocradio,16,5e-05,1,64,1,0.2,lr5e-05_bs16_modL1_fusion64_fusionL1_drop0p2_trmiss50_trlocradio,11,0.7142008890708288,0.7768860260645548,0.5237068965517241,0.6701261396934791,0.35555555555555557,0.0,0.0,0.0,0.0,0.0,0.0,0.0,0.0,0.0,2002,radio,0.5
1,3,lr5e-05_bs16_modL1_fusion64_fusionL1_drop0p2_trmiss50_trlocradio,16,5e-05,1,64,1,0.2,lr5e-05_bs16_modL1_fusion64_fusionL1_drop0p2_trmiss50_trlocradio,12,0.7106180439392725,0.7800359725952148,0.4849137931034483,0.6490132069546801,0.37777777777777777,0.0,0.0,0.0,0.0,0.0,0.0,0.0,0.0,0.0,2002,radio,0.5
1,3,lr5e-05_bs16_modL1_fusion64_fusionL1_drop0p2_trmiss50_trlocradio,16,5e-05,1,64,1,0.2,lr5e-05_bs16_modL1_fusion64_fusionL1_drop0p2_trmiss50_trlocradio,13,0.7216002196073532,0.7900081276893616,0.5129310344827586,0.6590605282786316,0.3333333333333333,0.0,0.0,0.0,0.0,0.0,0.0,0.0,0.0,0.0,2002,radio,0.5
1,3,lr5e-05_bs16_modL1_fusion64_fusionL1_drop0p2_trmiss50_trlocradio,16,5e-05,1,64,1,0.2,lr5e-05_bs16_modL1_fusion64_fusionL1_drop0p2_trmiss50_trlocradio,14,0.7166313529014587,0.7938835024833679,0.5064655172413792,0.6571120975456004,0.35555555555555557,0.0,0.0,0.0,0.0,0.0,0.0,0.0,0.0,0.0,2002,radio,0.5
1,3,lr5e-05_bs16_modL1_fusion64_fusionL1_drop0p2_trmiss50_trlocradio,16,5e-05,1,64,1,0.2,lr5e-05_bs16_modL1_fusion64_fusionL1_drop0p2_trmiss50_trlocradio,15,0.7267218927542368,0.7745219071706136,0.5323275862068966,0.6607390601272073,0.35555555555555557,0.0,0.0,0.0,0.0,0.0,0.0,0.0,0.0,0.0,2002,radio,0.5
1,3,lr5e-05_bs16_modL1_fusion64_fusionL1_drop0p2_trmiss50_trlocradio,16,5e-05,1,64,1,0.2,lr5e-05_bs16_modL1_fusion64_fusionL1_drop0p2_trmiss50_trlocradio,16,0.7378409306208292,0.7931736509005228,0.4784482758620689,0.6334843975390327,0.3333333333333333,0.0,0.0,0.0,0.0,0.0,0.0,0.0,0.0,0.0,2002,radio,0.5
1,3,lr5e-05_bs16_modL1_fusion64_fusionL1_drop0p2_trmiss50_trlocradio,16,5e-05,1,64,1,0.2,lr5e-05_bs16_modL1_fusion64_fusionL1_drop0p2_trmiss50_trlocradio,17,0.7045455227295557,0.7899799346923828,0.5064655172413793,0.6516878861287552,0.3333333333333333,0.0,0.0,0.0,0.0,0.0,0.0,0.0,0.0,0.0,2002,radio,0.5
1,3,lr5e-05_bs16_modL1_fusion64_fusionL1_drop0p2_trmiss50_trlocradio,16,5e-05,1,64,1,0.2,lr5e-05_bs16_modL1_fusion64_fusionL1_drop0p2_trmiss50_trlocradio,18,0.7076347271601359,0.7850369413693746,0.4913793103448276,0.6483241196329828,0.37777777777777777,0.0,0.0,0.0,0.0,0.0,0.0,0.0,0.0,0.0,2002,radio,0.5
1,3,lr5e-05_bs16_modL1_fusion64_fusionL1_drop0p2_trmiss50_trlocradio,16,5e-05,1,64,1,0.2,lr5e-05_bs16_modL1_fusion64_fusionL1_drop0p2_trmiss50_trlocradio,19,0.6809685975313187,0.7672051191329956,0.5344827586206896,0.6621467234373164,0.37777777777777777,0.0,0.0,0.0,0.0,0.0,0.0,0.0,0.0,0.0,2002,radio,0.5
1,3,lr5e-05_bs16_modL1_fusion64_fusionL1_drop0p2_trmiss50_trlocradio,16,5e-05,1,64,1,0.2,lr5e-05_bs16_modL1_fusion64_fusionL1_drop0p2_trmiss50_trlocradio,20,0.7139874349037806,0.7792081236839294,0.5150862068965517,0.6559866625862265,0.35555555555555557,0.0,0.0,0.0,0.0,0.0,0.0,0.0,0.0,0.0,2002,radio,0.5
1,3,lr5e-05_bs16_modL1_fusion64_fusionL1_drop0p2_trmiss50_trlocradio,16,5e-05,1,64,1,0.2,lr5e-05_bs16_modL1_fusion64_fusionL1_drop0p2_trmiss50_trlocradio,21,0.7086425373951594,0.7839385668436686,0.48706896551724144,0.6377014657300182,0.35555555555555557,0.0,0.0,0.0,0.0,0.0,0.0,0.0,0.0,0.0,2002,radio,0.5
1,3,lr5e-05_bs16_modL1_fusion64_fusionL1_drop0p2_trmiss50_trlocradio,16,5e-05,1,64,1,0.2,lr5e-05_bs16_modL1_fusion64_fusionL1_drop0p2_trmiss50_trlocradio,22,0.6844147990147272,0.779197891553243,0.4762931034482759,0.6367415795897808,0.37777777777777777,0.0,0.0,0.0,0.0,0.0,0.0,0.0,0.0,0.0,2002,radio,0.5
1,3,lr5e-05_bs16_modL1_fusion64_fusionL1_drop0p2_trmiss50_trlocradio,16,5e-05,1,64,1,0.2,lr5e-05_bs16_modL1_fusion64_fusionL1_drop0p2_trmiss50_trlocradio,23,0.6799317846695582,0.7733499010403951,0.4827586206896552,0.6344524697691767,0.4,0.0,0.0,0.0,0.0,0.0,0.0,0.0,0.0,0.0,2002,radio,0.5
1,3,lr5e-05_bs16_modL1_fusion64_fusionL1_drop0p2_trmiss50_trlocradio,16,5e-05,1,64,1,0.2,lr5e-05_bs16_modL1_fusion64_fusionL1_drop0p2_trmiss50_trlocradio,24,0.6851819852987925,0.774716337521871,0.4870689655172414,0.6383823782646882,0.37777777777777777,0.0,0.0,0.0,0.0,0.0,0.0,0.0,0.0,0.0,2002,radio,0.5
1,3,lr5e-05_bs16_modL1_fusion64_fusionL1_drop0p2_trmiss50_trlocradio,16,5e-05,1,64,1,0.2,lr5e-05_bs16_modL1_fusion64_fusionL1_drop0p2_trmiss50_trlocradio,25,0.6833490232626597,0.7778322100639343,0.47844827586206895,0.6381864990159882,0.37777777777777777,0.0,0.0,0.0,0.0,0.0,0.0,0.0,0.0,0.0,2002,radio,0.5
1,3,lr5e-05_bs16_modL1_fusion64_fusionL1_drop0p2_trmiss50_trlocradio,16,5e-05,1,64,1,0.2,lr5e-05_bs16_modL1_fusion64_fusionL1_drop0p2_trmiss50_trlocradio,26,0.6544838150342306,0.783672829469045,0.4956896551724138,0.6492215479669023,0.37777777777777777,0.0,0.0,0.0,0.0,0.0,0.0,0.0,0.0,0.0,2002,radio,0.5
1,3,lr5e-05_bs16_modL1_fusion64_fusionL1_drop0p2_trmiss50_trlocradio,16,5e-05,1,64,1,0.2,lr5e-05_bs16_modL1_fusion64_fusionL1_drop0p2_trmiss50_trlocradio,27,0.7085622499386469,0.7829082409540812,0.5172413793103448,0.6518082425953392,0.35555555555555557,0.0,0.0,0.0,0.0,0.0,0.0,0.0,0.0,0.0,2002,radio,0.5
1,3,lr5e-05_bs16_modL1_fusion64_fusionL1_drop0p2_trmiss50_trlocradio,16,5e-05,1,64,1,0.2,lr5e-05_bs16_modL1_fusion64_fusionL1_drop0p2_trmiss50_trlocradio,28,0.689718946814537,0.7831709384918213,0.4913793103448276,0.6413428199449496,0.37777777777777777,0.0,0.0,0.0,0.0,0.0,0.0,0.0,0.0,0.0,2002,radio,0.5
1,3,lr5e-05_bs16_modL1_fusion64_fusionL1_drop0p2_trmiss50_trlocradio,16,5e-05,1,64,1,0.2,lr5e-05_bs16_modL1_fusion64_fusionL1_drop0p2_trmiss50_trlocradio,29,0.6963065564632416,0.7839458187421163,0.5258620689655172,0.6567669872464212,0.35555555555555557,0.0,0.0,0.0,0.0,0.0,0.0,0.0,0.0,0.0,2002,radio,0.5
1,3,lr5e-05_bs16_modL1_fusion64_fusionL1_drop0p2_trmiss50_trlocradio,16,5e-05,1,64,1,0.2,lr5e-05_bs16_modL1_fusion64_fusionL1_drop0p2_trmiss50_trlocradio,30,0.6679931034644445,0.7790276209513346,0.5107758620689655,0.6510079352461097,0.37777777777777777,0.0,0.0,0.0,0.0,0.0,0.0,0.0,0.0,0.0,2002,radio,0.5
1,3,lr5e-05_bs16_modL1_fusion64_fusionL1_drop0p2_trmiss50_trlocradio,16,5e-05,1,64,1,0.2,lr5e-05_bs16_modL1_fusion64_fusionL1_drop0p2_trmiss50_trlocradio,31,0.6567310293515524,0.7848096291224161,0.5043103448275862,0.6463257275106586,0.37777777777777777,0.0,0.0,0.0,0.0,0.0,0.0,0.0,0.0,0.0,2002,radio,0.5
1,3,lr5e-05_bs16_modL1_fusion64_fusionL1_drop0p2_trmiss50_trlocradio,16,5e-05,1,64,1,0.2,lr5e-05_bs16_modL1_fusion64_fusionL1_drop0p2_trmiss50_trlocradio,32,0.6822930524746577,0.7648708820343018,0.49568965517241387,0.6491944729694097,0.4,0.0,0.0,0.0,0.0,0.0,0.0,0.0,0.0,0.0,2002,radio,0.5
1,3,lr5e-05_bs16_modL1_fusion64_fusionL1_drop0p2_trmiss50_trlocradio,16,5e-05,1,64,1,0.2,lr5e-05_bs16_modL1_fusion64_fusionL1_drop0p2_trmiss50_trlocradio,33,0.7197289218505224,0.7841094136238098,0.5064655172413792,0.6434967944675261,0.37777777777777777,0.0,0.0,0.0,0.0,0.0,0.0,0.0,0.0,0.0,2002,radio,0.5
1,3,lr5e-05_bs16_modL1_fusion64_fusionL1_drop0p2_trmiss50_trlocradio,16,5e-05,1,64,1,0.2,lr5e-05_bs16_modL1_fusion64_fusionL1_drop0p2_trmiss50_trlocradio,34,0.678096815943718,0.7902409036954244,0.4849137931034483,0.6400167484168269,0.37777777777777777,0.0,0.0,0.0,0.0,0.0,0.0,0.0,0.0,0.0,2002,radio,0.5
1,3,lr5e-05_bs16_modL1_fusion64_fusionL1_drop0p2_trmiss50_trlocradio,16,5e-05,1,64,1,0.2,lr5e-05_bs16_modL1_fusion64_fusionL1_drop0p2_trmiss50_trlocradio,35,0.7120262384414673,0.7899536689122518,0.49137931034482757,0.6398538308435924,0.35555555555555557,0.0,0.0,0.0,0.0,0.0,0.0,0.0,0.0,0.0,2002,radio,0.5
1,3,lr5e-05_bs16_modL1_fusion64_fusionL1_drop0p2_trmiss50_trlocradio,16,5e-05,1,64,1,0.2,lr5e-05_bs16_modL1_fusion64_fusionL1_drop0p2_trmiss50_trlocradio,36,0.697480837504069,0.7873952984809875,0.4849137931034483,0.6357379720222791,0.35555555555555557,0.0,0.0,0.0,0.0,0.0,0.0,0.0,0.0,0.0,2002,radio,0.5
1,3,lr5e-05_bs16_modL1_fusion64_fusionL1_drop0p2_trmiss50_trlocradio,16,5e-05,1,64,1,0.2,lr5e-05_bs16_modL1_fusion64_fusionL1_drop0p2_trmiss50_trlocradio,37,0.7025045702854792,0.7806523640950521,0.5,0.6443902737980032,0.37777777777777777,0.0,0.0,0.0,0.0,0.0,0.0,0.0,0.0,0.0,2002,radio,0.5
1,3,lr5e-05_bs16_modL1_fusion64_fusionL1_drop0p2_trmiss50_trlocradio,16,5e-05,1,64,1,0.2,lr5e-05_bs16_modL1_fusion64_fusionL1_drop0p2_trmiss50_trlocradio,38,0.673258384068807,0.7798321843147278,0.48922413793103453,0.6390483495178418,0.37777777777777777,0.0,0.0,0.0,0.0,0.0,0.0,0.0,0.0,0.0,2002,radio,0.5
1,3,lr5e-05_bs16_modL1_fusion64_fusionL1_drop0p2_trmiss50_trlocradio,16,5e-05,1,64,1,0.2,lr5e-05_bs16_modL1_fusion64_fusionL1_drop0p2_trmiss50_trlocradio,39,0.6701099226872126,0.7806862592697144,0.4870689655172414,0.6315766941836529,0.37777777777777777,0.0,0.0,0.0,0.0,0.0,0.0,0.0,0.0,0.0,2002,radio,0.5
1,3,lr5e-05_bs16_modL1_fusion64_fusionL1_drop0p1_trmiss50_trlocradio,16,5e-05,1,64,1,0.1,lr5e-05_bs16_modL1_fusion64_fusionL1_drop0p1_trmiss50_trlocradio,1,0.6690785735845566,0.6853390137354533,0.5237068965517242,0.6638635930903781,0.5333333333333333,0.0,0.0,0.0,0.0,0.0,0.0,0.0,0.0,0.0,2002,radio,0.5
1,3,lr5e-05_bs16_modL1_fusion64_fusionL1_drop0p1_trmiss50_trlocradio,16,5e-05,1,64,1,0.1,lr5e-05_bs16_modL1_fusion64_fusionL1_drop0p1_trmiss50_trlocradio,2,0.6505483289559683,0.6825370987256368,0.5107758620689655,0.6596095643134054,0.5333333333333333,0.0,0.0,0.0,0.0,0.0,0.0,0.0,0.0,0.0,2002,radio,0.5
1,3,lr5e-05_bs16_modL1_fusion64_fusionL1_drop0p1_trmiss50_trlocradio,16,5e-05,1,64,1,0.1,lr5e-05_bs16_modL1_fusion64_fusionL1_drop0p1_trmiss50_trlocradio,3,0.6512418935696284,0.6848209500312805,0.5021551724137931,0.6616957234181164,0.5777777777777777,0.0,0.0,0.0,0.0,0.0,0.0,0.0,0.0,0.0,2002,radio,0.5
1,3,lr5e-05_bs16_modL1_fusion64_fusionL1_drop0p1_trmiss50_trlocradio,16,5e-05,1,64,1,0.1,lr5e-05_bs16_modL1_fusion64_fusionL1_drop0p1_trmiss50_trlocradio,4,0.6528925796349844,0.6846449772516886,0.5107758620689655,0.6634870258577008,0.5555555555555556,0.0,0.0,0.0,0.0,0.0,0.0,0.0,0.0,0.0,2002,radio,0.5
1,3,lr5e-05_bs16_modL1_fusion64_fusionL1_drop0p1_trmiss50_trlocradio,16,5e-05,1,64,1,0.1,lr5e-05_bs16_modL1_fusion64_fusionL1_drop0p1_trmiss50_trlocradio,5,0.624242772658666,0.6803478995958964,0.5323275862068966,0.670689689152113,0.5555555555555556,0.0,0.0,0.0,0.0,0.0,0.0,0.0,0.0,0.0,2002,radio,0.5
1,3,lr5e-05_bs16_modL1_fusion64_fusionL1_drop0p1_trmiss50_trlocradio,16,5e-05,1,64,1,0.1,lr5e-05_bs16_modL1_fusion64_fusionL1_drop0p1_trmiss50_trlocradio,6,0.5826283792654673,0.6868983109792074,0.5043103448275863,0.6473776336975178,0.5555555555555556,0.0,0.0,0.0,0.0,0.0,0.0,0.0,0.0,0.0,2002,radio,0.5
1,3,lr5e-05_bs16_modL1_fusion64_fusionL1_drop0p1_trmiss50_trlocradio,16,5e-05,1,64,1,0.1,lr5e-05_bs16_modL1_fusion64_fusionL1_drop0p1_trmiss50_trlocradio,7,0.595939020315806,0.6912625829378763,0.5021551724137931,0.6406795383404549,0.5555555555555556,0.0,0.0,0.0,0.0,0.0,0.0,0.0,0.0,0.0,2002,radio,0.5
1,3,lr5e-05_bs16_modL1_fusion64_fusionL1_drop0p1_trmiss50_trlocradio,16,5e-05,1,64,1,0.1,lr5e-05_bs16_modL1_fusion64_fusionL1_drop0p1_trmiss50_trlocradio,8,0.6007529298464457,0.6841208338737488,0.540948275862069,0.6594385455594598,0.5555555555555556,0.0,0.0,0.0,0.0,0.0,0.0,0.0,0.0,0.0,2002,radio,0.5
1,3,lr5e-05_bs16_modL1_fusion64_fusionL1_drop0p1_trmiss50_trlocradio,16,5e-05,1,64,1,0.1,lr5e-05_bs16_modL1_fusion64_fusionL1_drop0p1_trmiss50_trlocradio,9,0.5713558246692022,0.6873918573061625,0.5237068965517242,0.6580648290809339,0.5555555555555556,0.0,0.0,0.0,0.0,0.0,0.0,0.0,0.0,0.0,2002,radio,0.5
1,3,lr5e-05_bs16_modL1_fusion64_fusionL1_drop0p1_trmiss50_trlocradio,16,5e-05,1,64,1,0.1,lr5e-05_bs16_modL1_fusion64_fusionL1_drop0p1_trmiss50_trlocradio,10,0.5650079001983007,0.6867082516352335,0.5,0.655271296772894,0.5333333333333333,0.0,0.0,0.0,0.0,0.0,0.0,0.0,0.0,0.0,2002,radio,0.5
1,3,lr5e-05_bs16_modL1_fusion64_fusionL1_drop0p1_trmiss50_trlocradio,16,5e-05,1,64,1,0.1,lr5e-05_bs16_modL1_fusion64_fusionL1_drop0p1_trmiss50_trlocradio,11,0.5512768775224686,0.6845494906107584,0.5129310344827587,0.6509769967717784,0.5555555555555556,0.0,0.0,0.0,0.0,0.0,0.0,0.0,0.0,0.0,2002,radio,0.5
1,3,lr5e-05_bs16_modL1_fusion64_fusionL1_drop0p1_trmiss50_trlocradio,16,5e-05,1,64,1,0.1,lr5e-05_bs16_modL1_fusion64_fusionL1_drop0p1_trmiss50_trlocradio,12,0.5422189409534136,0.6938089728355408,0.4978448275862069,0.6388407002798933,0.5555555555555556,0.0,0.0,0.0,0.0,0.0,0.0,0.0,0.0,0.0,2002,radio,0.5
1,3,lr5e-05_bs16_modL1_fusion64_fusionL1_drop0p1_trmiss50_trlocradio,16,5e-05,1,64,1,0.1,lr5e-05_bs16_modL1_fusion64_fusionL1_drop0p1_trmiss50_trlocradio,13,0.5559441695610682,0.6884228587150574,0.5021551724137931,0.6369882131886069,0.5777777777777777,0.0,0.0,0.0,0.0,0.0,0.0,0.0,0.0,0.0,2002,radio,0.5
1,3,lr5e-05_bs16_modL1_fusion64_fusionL1_drop0p1_trmiss50_trlocradio,16,5e-05,1,64,1,0.1,lr5e-05_bs16_modL1_fusion64_fusionL1_drop0p1_trmiss50_trlocradio,14,0.5482612972458204,0.6826358636220297,0.5193965517241379,0.6520167709075109,0.6222222222222222,0.0,0.0,0.0,0.0,0.0,0.0,0.0,0.0,0.0,2002,radio,0.5
1,3,lr5e-05_bs16_modL1_fusion64_fusionL1_drop0p1_trmiss50_trlocradio,16,5e-05,1,64,1,0.1,lr5e-05_bs16_modL1_fusion64_fusionL1_drop0p1_trmiss50_trlocradio,15,0.532886415719986,0.6929563283920288,0.5043103448275862,0.6414009813850554,0.5777777777777777,0.0,0.0,0.0,0.0,0.0,0.0,0.0,0.0,0.0,2002,radio,0.5
1,3,lr5e-05_bs16_modL1_fusion64_fusionL1_drop0p1_trmiss50_trlocradio,16,5e-05,1,64,1,0.1,lr5e-05_bs16_modL1_fusion64_fusionL1_drop0p1_trmiss50_trlocradio,16,0.5266333222389221,0.6942582130432129,0.5064655172413793,0.6381418298305457,0.6,0.0,0.0,0.0,0.0,0.0,0.0,0.0,0.0,0.0,2002,radio,0.5
1,3,lr5e-05_bs16_modL1_fusion64_fusionL1_drop0p1_trmiss50_trlocradio,16,5e-05,1,64,1,0.1,lr5e-05_bs16_modL1_fusion64_fusionL1_drop0p1_trmiss50_trlocradio,17,0.5179577668507894,0.6945954163869222,0.47413793103448276,0.630154198273769,0.5555555555555556,0.0,0.0,0.0,0.0,0.0,0.0,0.0,0.0,0.0,2002,radio,0.5
1,3,lr5e-05_bs16_modL1_fusion64_fusionL1_drop0p1_trmiss50_trlocradio,16,5e-05,1,64,1,0.1,lr5e-05_bs16_modL1_fusion64_fusionL1_drop0p1_trmiss50_trlocradio,18,0.5190081844727198,0.6935608983039856,0.4935344827586207,0.6403594176715746,0.5111111111111111,0.0,0.0,0.0,0.0,0.0,0.0,0.0,0.0,0.0,2002,radio,0.5
1,3,lr5e-05_bs16_modL1_fusion64_fusionL1_drop0p1_trmiss50_trlocradio,16,5e-05,1,64,1,0.1,lr5e-05_bs16_modL1_fusion64_fusionL1_drop0p1_trmiss50_trlocradio,19,0.516239250699679,0.689139187335968,0.5,0.6387235755231695,0.5333333333333333,0.0,0.0,0.0,0.0,0.0,0.0,0.0,0.0,0.0,2002,radio,0.5
1,3,lr5e-05_bs16_modL1_fusion64_fusionL1_drop0p1_trmiss50_trlocradio,16,5e-05,1,64,1,0.1,lr5e-05_bs16_modL1_fusion64_fusionL1_drop0p1_trmiss50_trlocradio,20,0.5229448129733404,0.6865241527557373,0.5150862068965518,0.6419628658367849,0.5555555555555556,0.0,0.0,0.0,0.0,0.0,0.0,0.0,0.0,0.0,2002,radio,0.5
1,3,lr5e-05_bs16_modL1_fusion64_fusionL1_drop0p1_trmiss50_trlocradio,16,5e-05,1,64,1,0.1,lr5e-05_bs16_modL1_fusion64_fusionL1_drop0p1_trmiss50_trlocradio,21,0.5288513377308846,0.6892401973406473,0.4892241379310345,0.6355600195949911,0.6,0.0,0.0,0.0,0.0,0.0,0.0,0.0,0.0,0.0,2002,radio,0.5
1,3,lr5e-05_bs16_modL1_fusion64_fusionL1_drop0p1_trmiss50_trlocradio,16,5e-05,1,64,1,0.1,lr5e-05_bs16_modL1_fusion64_fusionL1_drop0p1_trmiss50_trlocradio,22,0.5032862573862076,0.6918692191441854,0.5021551724137931,0.6470603163549988,0.5333333333333333,0.0,0.0,0.0,0.0,0.0,0.0,0.0,0.0,0.0,2002,radio,0.5
1,3,lr5e-05_bs16_modL1_fusion64_fusionL1_drop0p1_trmiss50_trlocradio,16,5e-05,1,64,1,0.1,lr5e-05_bs16_modL1_fusion64_fusionL1_drop0p1_trmiss50_trlocradio,23,0.5079599544405937,0.6904528737068176,0.49353448275862066,0.6326955707460842,0.5555555555555556,0.0,0.0,0.0,0.0,0.0,0.0,0.0,0.0,0.0,2002,radio,0.5
1,3,lr5e-05_bs16_modL1_fusion64_fusionL1_drop0p1_trmiss50_trlocradio,16,5e-05,1,64,1,0.1,lr5e-05_bs16_modL1_fusion64_fusionL1_drop0p1_trmiss50_trlocradio,24,0.5449799473086993,0.6860817670822144,0.5086206896551724,0.6427029204138607,0.6,0.0,0.0,0.0,0.0,0.0,0.0,0.0,0.0,0.0,2002,radio,0.5
1,3,lr5e-05_bs16_modL1_fusion64_fusionL1_drop0p1_trmiss50_trlocradio,16,5e-05,1,64,1,0.1,lr5e-05_bs16_modL1_fusion64_fusionL1_drop0p1_trmiss50_trlocradio,25,0.4925563782453537,0.6896969874699911,0.5150862068965517,0.6460666230993851,0.5333333333333333,0.0,0.0,0.0,0.0,0.0,0.0,0.0,0.0,0.0,2002,radio,0.5
1,3,lr5e-05_bs16_modL1_fusion64_fusionL1_drop0p1_trmiss50_trlocradio,16,5e-05,1,64,1,0.1,lr5e-05_bs16_modL1_fusion64_fusionL1_drop0p1_trmiss50_trlocradio,26,0.508760559062163,0.6937464078267416,0.5043103448275861,0.6341307471184598,0.5333333333333333,0.0,0.0,0.0,0.0,0.0,0.0,0.0,0.0,0.0,2002,radio,0.5
1,3,lr5e-05_bs16_modL1_fusion64_fusionL1_drop0p1_trmiss50_trlocradio,16,5e-05,1,64,1,0.1,lr5e-05_bs16_modL1_fusion64_fusionL1_drop0p1_trmiss50_trlocradio,27,0.5141149088740349,0.6907635927200317,0.5043103448275862,0.6442061758004775,0.5777777777777777,0.0,0.0,0.0,0.0,0.0,0.0,0.0,0.0,0.0,2002,radio,0.5
1,3,lr5e-05_bs16_modL1_fusion64_fusionL1_drop0p1_trmiss50_trlocradio,16,5e-05,1,64,1,0.1,lr5e-05_bs16_modL1_fusion64_fusionL1_drop0p1_trmiss50_trlocradio,28,0.5042699798941612,0.6928218603134155,0.5086206896551724,0.6379711087721194,0.5555555555555556,0.0,0.0,0.0,0.0,0.0,0.0,0.0,0.0,0.0,2002,radio,0.5
1,3,lr1e-04_bs16_modL1_fusion32_fusionL1_drop0p2_trmiss50_trlocradio,16,0.0001,1,32,1,0.2,lr1e-04_bs16_modL1_fusion32_fusionL1_drop0p2_trmiss50_trlocradio,1,0.6686133543650309,0.6957866549491882,0.3857758620689655,0.56872713765935,0.5333333333333333,0.0,0.0,0.0,0.0,0.0,0.0,0.0,0.0,0.0,2002,radio,0.5
1,3,lr1e-04_bs16_modL1_fusion32_fusionL1_drop0p2_trmiss50_trlocradio,16,0.0001,1,32,1,0.2,lr1e-04_bs16_modL1_fusion32_fusionL1_drop0p2_trmiss50_trlocradio,2,0.6461473703384399,0.6978470683097839,0.4073275862068966,0.5746362830647206,0.6,0.0,0.0,0.0,0.0,0.0,0.0,0.0,0.0,0.0,2002,radio,0.5
1,3,lr1e-04_bs16_modL1_fusion32_fusionL1_drop0p2_trmiss50_trlocradio,16,0.0001,1,32,1,0.2,lr1e-04_bs16_modL1_fusion32_fusionL1_drop0p2_trmiss50_trlocradio,3,0.6309853990872701,0.6985071301460266,0.40301724137931033,0.5795922006258076,0.5777777777777777,0.0,0.0,0.0,0.0,0.0,0.0,0.0,0.0,0.0,2002,radio,0.5
1,3,lr1e-04_bs16_modL1_fusion32_fusionL1_drop0p2_trmiss50_trlocradio,16,0.0001,1,32,1,0.2,lr1e-04_bs16_modL1_fusion32_fusionL1_drop0p2_trmiss50_trlocradio,4,0.6294203450282415,0.6864785552024841,0.42887931034482757,0.5934769036103976,0.6222222222222222,0.0,0.0,0.0,0.0,0.0,0.0,0.0,0.0,0.0,2002,radio,0.5
1,3,lr1e-04_bs16_modL1_fusion32_fusionL1_drop0p2_trmiss50_trlocradio,16,0.0001,1,32,1,0.2,lr1e-04_bs16_modL1_fusion32_fusionL1_drop0p2_trmiss50_trlocradio,5,0.6111243764559428,0.6883564591407776,0.4245689655172413,0.5935505812957109,0.6666666666666666,0.0,0.0,0.0,0.0,0.0,0.0,0.0,0.0,0.0,2002,radio,0.5
1,3,lr1e-04_bs16_modL1_fusion32_fusionL1_drop0p2_trmiss50_trlocradio,16,0.0001,1,32,1,0.2,lr1e-04_bs16_modL1_fusion32_fusionL1_drop0p2_trmiss50_trlocradio,6,0.6047833661238352,0.6938594182332357,0.4482758620689656,0.6052280998068278,0.6222222222222222,0.0,0.0,0.0,0.0,0.0,0.0,0.0,0.0,0.0,2002,radio,0.5
1,3,lr1e-04_bs16_modL1_fusion32_fusionL1_drop0p2_trmiss50_trlocradio,16,0.0001,1,32,1,0.2,lr1e-04_bs16_modL1_fusion32_fusionL1_drop0p2_trmiss50_trlocradio,7,0.5876214255889257,0.6962738633155823,0.4116379310344827,0.5940084185143957,0.6222222222222222,0.0,0.0,0.0,0.0,0.0,0.0,0.0,0.0,0.0,2002,radio,0.5
1,3,lr1e-04_bs16_modL1_fusion32_fusionL1_drop0p2_trmiss50_trlocradio,16,0.0001,1,32,1,0.2,lr1e-04_bs16_modL1_fusion32_fusionL1_drop0p2_trmiss50_trlocradio,8,0.5761897812287012,0.6873552004496256,0.4827586206896552,0.6288286298488835,0.6222222222222222,0.0,0.0,0.0,0.0,0.0,0.0,0.0,0.0,0.0,2002,radio,0.5
1,3,lr1e-04_bs16_modL1_fusion32_fusionL1_drop0p2_trmiss50_trlocradio,16,0.0001,1,32,1,0.2,lr1e-04_bs16_modL1_fusion32_fusionL1_drop0p2_trmiss50_trlocradio,9,0.5798143496116003,0.6884823044141134,0.48060344827586204,0.6546126505879603,0.6222222222222222,0.0,0.0,0.0,0.0,0.0,0.0,0.0,0.0,0.0,2002,radio,0.5
1,3,lr1e-04_bs16_modL1_fusion32_fusionL1_drop0p2_trmiss50_trlocradio,16,0.0001,1,32,1,0.2,lr1e-04_bs16_modL1_fusion32_fusionL1_drop0p2_trmiss50_trlocradio,10,0.5602863977352778,0.694198747475942,0.4612068965517241,0.6299200979925054,0.6,0.0,0.0,0.0,0.0,0.0,0.0,0.0,0.0,0.0,2002,radio,0.5
1,3,lr1e-04_bs16_modL1_fusion32_fusionL1_drop0p2_trmiss50_trlocradio,16,0.0001,1,32,1,0.2,lr1e-04_bs16_modL1_fusion32_fusionL1_drop0p2_trmiss50_trlocradio,11,0.5458986212809881,0.6956518689791361,0.46336206896551724,0.6281037439200161,0.6,0.0,0.0,0.0,0.0,0.0,0.0,0.0,0.0,0.0,2002,radio,0.5
1,3,lr1e-04_bs16_modL1_fusion32_fusionL1_drop0p2_trmiss50_trlocradio,16,0.0001,1,32,1,0.2,lr1e-04_bs16_modL1_fusion32_fusionL1_drop0p2_trmiss50_trlocradio,12,0.553002434472243,0.6917869249979655,0.46336206896551724,0.6308350567850645,0.6222222222222222,0.0,0.0,0.0,0.0,0.0,0.0,0.0,0.0,0.0,2002,radio,0.5
1,3,lr1e-04_bs16_modL1_fusion32_fusionL1_drop0p2_trmiss50_trlocradio,16,0.0001,1,32,1,0.2,lr1e-04_bs16_modL1_fusion32_fusionL1_drop0p2_trmiss50_trlocradio,13,0.5594302068154017,0.6907464265823364,0.45474137931034486,0.6342064167639663,0.6,0.0,0.0,0.0,0.0,0.0,0.0,0.0,0.0,0.0,2002,radio,0.5
1,3,lr1e-04_bs16_modL1_fusion32_fusionL1_drop0p2_trmiss50_trlocradio,16,0.0001,1,32,1,0.2,lr1e-04_bs16_modL1_fusion32_fusionL1_drop0p2_trmiss50_trlocradio,14,0.5760657166441282,0.6843279004096985,0.47198275862068967,0.6373268160297751,0.6222222222222222,0.0,0.0,0.0,0.0,0.0,0.0,0.0,0.0,0.0,2002,radio,0.5
1,3,lr1e-04_bs16_modL1_fusion32_fusionL1_drop0p2_trmiss50_trlocradio,16,0.0001,1,32,1,0.2,lr1e-04_bs16_modL1_fusion32_fusionL1_drop0p2_trmiss50_trlocradio,15,0.5512840449810028,0.6903287370999655,0.4547413793103448,0.630718416749597,0.6222222222222222,0.0,0.0,0.0,0.0,0.0,0.0,0.0,0.0,0.0,2002,radio,0.5
1,3,lr1e-04_bs16_modL1_fusion32_fusionL1_drop0p2_trmiss50_trlocradio,16,0.0001,1,32,1,0.2,lr1e-04_bs16_modL1_fusion32_fusionL1_drop0p2_trmiss50_trlocradio,16,0.5282444606224695,0.6876748402913412,0.46336206896551724,0.6375858272060647,0.6222222222222222,0.0,0.0,0.0,0.0,0.0,0.0,0.0,0.0,0.0,2002,radio,0.5
1,3,lr1e-04_bs16_modL1_fusion32_fusionL1_drop0p2_trmiss50_trlocradio,16,0.0001,1,32,1,0.2,lr1e-04_bs16_modL1_fusion32_fusionL1_drop0p2_trmiss50_trlocradio,17,0.5269443665941557,0.6895953416824341,0.46336206896551724,0.6338096843776112,0.6222222222222222,0.0,0.0,0.0,0.0,0.0,0.0,0.0,0.0,0.0,2002,radio,0.5
1,3,lr1e-04_bs16_modL1_fusion32_fusionL1_drop0p2_trmiss50_trlocradio,16,0.0001,1,32,1,0.2,lr1e-04_bs16_modL1_fusion32_fusionL1_drop0p2_trmiss50_trlocradio,18,0.5505204796791077,0.6990611553192139,0.44396551724137934,0.6275272718041021,0.6222222222222222,0.0,0.0,0.0,0.0,0.0,0.0,0.0,0.0,0.0,2002,radio,0.5
1,3,lr1e-04_bs16_modL1_fusion32_fusionL1_drop0p2_trmiss50_trlocradio,16,0.0001,1,32,1,0.2,lr1e-04_bs16_modL1_fusion32_fusionL1_drop0p2_trmiss50_trlocradio,19,0.5256162658333778,0.6970472931861877,0.44396551724137934,0.6261871076705812,0.6222222222222222,0.0,0.0,0.0,0.0,0.0,0.0,0.0,0.0,0.0,2002,radio,0.5
1,3,lr1e-04_bs16_modL1_fusion32_fusionL1_drop0p2_trmiss50_trlocradio,16,0.0001,1,32,1,0.2,lr1e-04_bs16_modL1_fusion32_fusionL1_drop0p2_trmiss50_trlocradio,20,0.5377825945615768,0.699006974697113,0.4245689655172414,0.6134486932967422,0.6222222222222222,0.0,0.0,0.0,0.0,0.0,0.0,0.0,0.0,0.0,2002,radio,0.5
1,3,lr1e-04_bs16_modL1_fusion32_fusionL1_drop0p2_trmiss50_trlocradio,16,0.0001,1,32,1,0.2,lr1e-04_bs16_modL1_fusion32_fusionL1_drop0p2_trmiss50_trlocradio,21,0.5642344976464907,0.6953263878822327,0.4375,0.6222107151568862,0.6222222222222222,0.0,0.0,0.0,0.0,0.0,0.0,0.0,0.0,0.0,2002,radio,0.5
1,3,lr1e-04_bs16_modL1_fusion32_fusionL1_drop0p2_trmiss50_trlocradio,16,0.0001,1,32,1,0.2,lr1e-04_bs16_modL1_fusion32_fusionL1_drop0p2_trmiss50_trlocradio,22,0.5208055625359217,0.6920815904935201,0.45474137931034475,0.6289435183210325,0.6222222222222222,0.0,0.0,0.0,0.0,0.0,0.0,0.0,0.0,0.0,2002,radio,0.5
1,3,lr1e-04_bs16_modL1_fusion32_fusionL1_drop0p2_trmiss50_trlocradio,16,0.0001,1,32,1,0.2,lr1e-04_bs16_modL1_fusion32_fusionL1_drop0p2_trmiss50_trlocradio,23,0.504692462583383,0.6921261548995972,0.46336206896551724,0.6319048309271085,0.6222222222222222,0.0,0.0,0.0,0.0,0.0,0.0,0.0,0.0,0.0,2002,radio,0.5
1,3,lr1e-04_bs16_modL1_fusion32_fusionL1_drop0p2_trmiss50_trlocradio,16,0.0001,1,32,1,0.2,lr1e-04_bs16_modL1_fusion32_fusionL1_drop0p2_trmiss50_trlocradio,24,0.508421445886294,0.6970893541971842,0.46551724137931033,0.6341121299410042,0.6444444444444445,0.0,0.0,0.0,0.0,0.0,0.0,0.0,0.0,0.0,2002,radio,0.5
1,3,lr1e-04_bs16_modL1_fusion32_fusionL1_drop0p2_trmiss50_trlocradio,16,0.0001,1,32,1,0.2,lr1e-04_bs16_modL1_fusion32_fusionL1_drop0p2_trmiss50_trlocradio,25,0.530450277030468,0.6884771585464478,0.4676724137931034,0.6288116656153112,0.6222222222222222,0.0,0.0,0.0,0.0,0.0,0.0,0.0,0.0,0.0,2002,radio,0.5
1,3,lr1e-04_bs16_modL1_fusion32_fusionL1_drop0p2_trmiss50_trlocradio,16,0.0001,1,32,1,0.2,lr1e-04_bs16_modL1_fusion32_fusionL1_drop0p2_trmiss50_trlocradio,26,0.5211311553915342,0.6913153131802877,0.4568965517241379,0.6257243237037404,0.6222222222222222,0.0,0.0,0.0,0.0,0.0,0.0,0.0,0.0,0.0,2002,radio,0.5
1,3,lr1e-04_bs16_modL1_fusion32_fusionL1_drop0p2_trmiss50_trlocradio,16,0.0001,1,32,1,0.2,lr1e-04_bs16_modL1_fusion32_fusionL1_drop0p2_trmiss50_trlocradio,27,0.5189268738031387,0.694177528222402,0.4482758620689655,0.6197281686305062,0.6222222222222222,0.0,0.0,0.0,0.0,0.0,0.0,0.0,0.0,0.0,2002,radio,0.5
1,3,lr1e-04_bs16_modL1_fusion32_fusionL1_drop0p2_trmiss50_trlocradio,16,0.0001,1,32,1,0.2,lr1e-04_bs16_modL1_fusion32_fusionL1_drop0p2_trmiss50_trlocradio,28,0.5112081716458002,0.6856219371159872,0.48275862068965514,0.6409780553363909,0.6222222222222222,0.0,0.0,0.0,0.0,0.0,0.0,0.0,0.0,0.0,2002,radio,0.5
1,3,lr1e-04_bs16_modL1_fusion32_fusionL1_drop0p1_trmiss50_trlocradio,16,0.0001,1,32,1,0.1,lr1e-04_bs16_modL1_fusion32_fusionL1_drop0p1_trmiss50_trlocradio,1,0.7093680103619894,0.710271974404653,0.45474137931034486,0.6071775470819792,0.4666666666666667,0.0,0.0,0.0,0.0,0.0,0.0,0.0,0.0,0.0,2002,radio,0.5
1,3,lr1e-04_bs16_modL1_fusion32_fusionL1_drop0p1_trmiss50_trlocradio,16,0.0001,1,32,1,0.1,lr1e-04_bs16_modL1_fusion32_fusionL1_drop0p1_trmiss50_trlocradio,2,0.6570070534944534,0.7137217919031779,0.45474137931034486,0.6056867441189466,0.5333333333333333,0.0,0.0,0.0,0.0,0.0,0.0,0.0,0.0,0.0,2002,radio,0.5
1,3,lr1e-04_bs16_modL1_fusion32_fusionL1_drop0p1_trmiss50_trlocradio,16,0.0001,1,32,1,0.1,lr1e-04_bs16_modL1_fusion32_fusionL1_drop0p1_trmiss50_trlocradio,3,0.6382703433434168,0.7281678915023804,0.4461206896551724,0.6017874638957603,0.5777777777777777,0.0,0.0,0.0,0.0,0.0,0.0,0.0,0.0,0.0,2002,radio,0.5
1,3,lr1e-04_bs16_modL1_fusion32_fusionL1_drop0p1_trmiss50_trlocradio,16,0.0001,1,32,1,0.1,lr1e-04_bs16_modL1_fusion32_fusionL1_drop0p1_trmiss50_trlocradio,4,0.6107325851917267,0.7309740980466207,0.4482758620689655,0.603477060150023,0.4,0.0,0.0,0.0,0.0,0.0,0.0,0.0,0.0,0.0,2002,radio,0.5
1,3,lr1e-04_bs16_modL1_fusion32_fusionL1_drop0p1_trmiss50_trlocradio,16,0.0001,1,32,1,0.1,lr1e-04_bs16_modL1_fusion32_fusionL1_drop0p1_trmiss50_trlocradio,5,0.5887070695559183,0.726058820883433,0.4202586206896552,0.5975512279346655,0.5333333333333333,0.0,0.0,0.0,0.0,0.0,0.0,0.0,0.0,0.0,2002,radio,0.5
1,3,lr1e-04_bs16_modL1_fusion32_fusionL1_drop0p1_trmiss50_trlocradio,16,0.0001,1,32,1,0.1,lr1e-04_bs16_modL1_fusion32_fusionL1_drop0p1_trmiss50_trlocradio,6,0.5766346603631973,0.7322059075037638,0.4375,0.6029518014139669,0.4666666666666667,0.0,0.0,0.0,0.0,0.0,0.0,0.0,0.0,0.0,2002,radio,0.5
1,3,lr1e-04_bs16_modL1_fusion32_fusionL1_drop0p1_trmiss50_trlocradio,16,0.0001,1,32,1,0.1,lr1e-04_bs16_modL1_fusion32_fusionL1_drop0p1_trmiss50_trlocradio,7,0.5729604860146841,0.7271280487378439,0.48706896551724144,0.628343794101269,0.4888888888888889,0.0,0.0,0.0,0.0,0.0,0.0,0.0,0.0,0.0,2002,radio,0.5
1,3,lr1e-04_bs16_modL1_fusion32_fusionL1_drop0p1_trmiss50_trlocradio,16,0.0001,1,32,1,0.1,lr1e-04_bs16_modL1_fusion32_fusionL1_drop0p1_trmiss50_trlocradio,8,0.540522481004397,0.7327889204025269,0.4892241379310345,0.6231749397760982,0.4888888888888889,0.0,0.0,0.0,0.0,0.0,0.0,0.0,0.0,0.0,2002,radio,0.5
1,3,lr1e-04_bs16_modL1_fusion32_fusionL1_drop0p1_trmiss50_trlocradio,16,0.0001,1,32,1,0.1,lr1e-04_bs16_modL1_fusion32_fusionL1_drop0p1_trmiss50_trlocradio,9,0.5350972215334574,0.7262376546859741,0.502155172413793,0.6362485346993954,0.5111111111111111,0.0,0.0,0.0,0.0,0.0,0.0,0.0,0.0,0.0,2002,radio,0.5
1,3,lr1e-04_bs16_modL1_fusion32_fusionL1_drop0p1_trmiss50_trlocradio,16,0.0001,1,32,1,0.1,lr1e-04_bs16_modL1_fusion32_fusionL1_drop0p1_trmiss50_trlocradio,10,0.5145508895317713,0.7301385005315145,0.48706896551724144,0.6371692831226337,0.4888888888888889,0.0,0.0,0.0,0.0,0.0,0.0,0.0,0.0,0.0,2002,radio,0.5
1,3,lr1e-04_bs16_modL1_fusion32_fusionL1_drop0p1_trmiss50_trlocradio,16,0.0001,1,32,1,0.1,lr1e-04_bs16_modL1_fusion32_fusionL1_drop0p1_trmiss50_trlocradio,11,0.5380789563059807,0.7297673424084982,0.46551724137931033,0.6176178007211616,0.4888888888888889,0.0,0.0,0.0,0.0,0.0,0.0,0.0,0.0,0.0,2002,radio,0.5
1,3,lr1e-04_bs16_modL1_fusion32_fusionL1_drop0p1_trmiss50_trlocradio,16,0.0001,1,32,1,0.1,lr1e-04_bs16_modL1_fusion32_fusionL1_drop0p1_trmiss50_trlocradio,12,0.5162442997097969,0.7351019978523254,0.47629310344827586,0.6266107239892692,0.4444444444444444,0.0,0.0,0.0,0.0,0.0,0.0,0.0,0.0,0.0,2002,radio,0.5
1,3,lr1e-04_bs16_modL1_fusion32_fusionL1_drop0p1_trmiss50_trlocradio,16,0.0001,1,32,1,0.1,lr1e-04_bs16_modL1_fusion32_fusionL1_drop0p1_trmiss50_trlocradio,13,0.5079994797706604,0.734942893187205,0.4482758620689655,0.6069423831405987,0.4222222222222222,0.0,0.0,0.0,0.0,0.0,0.0,0.0,0.0,0.0,2002,radio,0.5
1,3,lr1e-04_bs16_modL1_fusion32_fusionL1_drop0p1_trmiss50_trlocradio,16,0.0001,1,32,1,0.1,lr1e-04_bs16_modL1_fusion32_fusionL1_drop0p1_trmiss50_trlocradio,14,0.5001866345604261,0.7410151362419128,0.4353448275862069,0.5942721008046024,0.4222222222222222,0.0,0.0,0.0,0.0,0.0,0.0,0.0,0.0,0.0,2002,radio,0.5
1,3,lr1e-04_bs16_modL1_fusion32_fusionL1_drop0p1_trmiss50_trlocradio,16,0.0001,1,32,1,0.1,lr1e-04_bs16_modL1_fusion32_fusionL1_drop0p1_trmiss50_trlocradio,15,0.4885263219475746,0.73884650071462,0.45905172413793105,0.6113885095627383,0.4666666666666667,0.0,0.0,0.0,0.0,0.0,0.0,0.0,0.0,0.0,2002,radio,0.5
1,3,lr1e-04_bs16_modL1_fusion32_fusionL1_drop0p1_trmiss50_trlocradio,16,0.0001,1,32,1,0.1,lr1e-04_bs16_modL1_fusion32_fusionL1_drop0p1_trmiss50_trlocradio,16,0.5028999398152033,0.7470479210217794,0.459051724137931,0.6091230886631904,0.4888888888888889,0.0,0.0,0.0,0.0,0.0,0.0,0.0,0.0,0.0,2002,radio,0.5
1,3,lr1e-04_bs16_modL1_fusion32_fusionL1_drop0p1_trmiss50_trlocradio,16,0.0001,1,32,1,0.1,lr1e-04_bs16_modL1_fusion32_fusionL1_drop0p1_trmiss50_trlocradio,17,0.4844921976327896,0.7482285102208456,0.47198275862068967,0.6221868923845091,0.4888888888888889,0.0,0.0,0.0,0.0,0.0,0.0,0.0,0.0,0.0,2002,radio,0.5
1,3,lr1e-04_bs16_modL1_fusion32_fusionL1_drop0p1_trmiss50_trlocradio,16,0.0001,1,32,1,0.1,lr1e-04_bs16_modL1_fusion32_fusionL1_drop0p1_trmiss50_trlocradio,18,0.5014702628056208,0.7533091108004252,0.4698275862068966,0.6231767550380589,0.4666666666666667,0.0,0.0,0.0,0.0,0.0,0.0,0.0,0.0,0.0,2002,radio,0.5
1,3,lr1e-04_bs16_modL1_fusion32_fusionL1_drop0p1_trmiss50_trlocradio,16,0.0001,1,32,1,0.1,lr1e-04_bs16_modL1_fusion32_fusionL1_drop0p1_trmiss50_trlocradio,19,0.5079799344142278,0.7595621347427368,0.4396551724137931,0.6028098906050265,0.4444444444444444,0.0,0.0,0.0,0.0,0.0,0.0,0.0,0.0,0.0,2002,radio,0.5
1,3,lr1e-04_bs16_modL1_fusion32_fusionL1_drop0p1_trmiss50_trlocradio,16,0.0001,1,32,1,0.1,lr1e-04_bs16_modL1_fusion32_fusionL1_drop0p1_trmiss50_trlocradio,20,0.4906056945522626,0.758811374505361,0.4504310344827586,0.6077207556605585,0.4888888888888889,0.0,0.0,0.0,0.0,0.0,0.0,0.0,0.0,0.0,2002,radio,0.5
1,3,lr1e-04_bs16_modL1_fusion32_fusionL1_drop0p1_trmiss50_trlocradio,16,0.0001,1,32,1,0.1,lr1e-04_bs16_modL1_fusion32_fusionL1_drop0p1_trmiss50_trlocradio,21,0.4889022732774417,0.7587132056554159,0.45474137931034486,0.6063273362867743,0.4666666666666667,0.0,0.0,0.0,0.0,0.0,0.0,0.0,0.0,0.0,2002,radio,0.5
1,3,lr1e-04_bs16_modL1_fusion32_fusionL1_drop0p1_trmiss50_trlocradio,16,0.0001,1,32,1,0.1,lr1e-04_bs16_modL1_fusion32_fusionL1_drop0p1_trmiss50_trlocradio,22,0.48630796124537784,0.764274020989736,0.4568965517241379,0.6083125265458433,0.4444444444444444,0.0,0.0,0.0,0.0,0.0,0.0,0.0,0.0,0.0,2002,radio,0.5
1,3,lr1e-04_bs16_modL1_fusion32_fusionL1_drop0p1_trmiss50_trlocradio,16,0.0001,1,32,1,0.1,lr1e-04_bs16_modL1_fusion32_fusionL1_drop0p1_trmiss50_trlocradio,23,0.4683803742130597,0.763526717821757,0.4482758620689655,0.6050015328293907,0.4888888888888889,0.0,0.0,0.0,0.0,0.0,0.0,0.0,0.0,0.0,2002,radio,0.5
1,3,lr1e-04_bs16_modL1_fusion32_fusionL1_drop0p1_trmiss50_trlocradio,16,0.0001,1,32,1,0.1,lr1e-04_bs16_modL1_fusion32_fusionL1_drop0p1_trmiss50_trlocradio,24,0.48070062200228375,0.7575750946998596,0.46551724137931033,0.6219914823303874,0.4888888888888889,0.0,0.0,0.0,0.0,0.0,0.0,0.0,0.0,0.0,2002,radio,0.5
1,3,lr1e-04_bs16_modL1_fusion32_fusionL1_drop0p1_trmiss50_trlocradio,16,0.0001,1,32,1,0.1,lr1e-04_bs16_modL1_fusion32_fusionL1_drop0p1_trmiss50_trlocradio,25,0.4678885837395986,0.7493390242258707,0.45474137931034486,0.6132215701210184,0.5111111111111111,0.0,0.0,0.0,0.0,0.0,0.0,0.0,0.0,0.0,2002,radio,0.5
1,3,lr1e-04_bs16_modL1_fusion32_fusionL1_drop0p1_trmiss50_trlocradio,16,0.0001,1,32,1,0.1,lr1e-04_bs16_modL1_fusion32_fusionL1_drop0p1_trmiss50_trlocradio,26,0.47561075538396835,0.7506991426150004,0.46120689655172414,0.6157411986884496,0.4888888888888889,0.0,0.0,0.0,0.0,0.0,0.0,0.0,0.0,0.0,2002,radio,0.5
1,3,lr1e-04_bs16_modL1_fusion32_fusionL1_drop0p1_trmiss50_trlocradio,16,0.0001,1,32,1,0.1,lr1e-04_bs16_modL1_fusion32_fusionL1_drop0p1_trmiss50_trlocradio,27,0.4991147965192795,0.7612540324529012,0.4461206896551724,0.6080704692882694,0.4888888888888889,0.0,0.0,0.0,0.0,0.0,0.0,0.0,0.0,0.0,2002,radio,0.5
1,3,lr1e-04_bs16_modL1_fusion32_fusionL1_drop0p1_trmiss50_trlocradio,16,0.0001,1,32,1,0.1,lr1e-04_bs16_modL1_fusion32_fusionL1_drop0p1_trmiss50_trlocradio,28,0.46566492815812427,0.7549485762914022,0.45474137931034486,0.616675060441807,0.4888888888888889,0.0,0.0,0.0,0.0,0.0,0.0,0.0,0.0,0.0,2002,radio,0.5
1,3,lr1e-04_bs16_modL1_fusion32_fusionL1_drop0p1_trmiss50_trlocradio,16,0.0001,1,32,1,0.1,lr1e-04_bs16_modL1_fusion32_fusionL1_drop0p1_trmiss50_trlocradio,29,0.4598492259780566,0.7471078038215637,0.46551724137931033,0.6253246646896551,0.5111111111111111,0.0,0.0,0.0,0.0,0.0,0.0,0.0,0.0,0.0,2002,radio,0.5
1,3,lr1e-04_bs16_modL1_fusion64_fusionL1_drop0p2_trmiss50_trlocradio,16,0.0001,1,64,1,0.2,lr1e-04_bs16_modL1_fusion64_fusionL1_drop0p2_trmiss50_trlocradio,1,0.7867405613263448,0.7021527091662089,0.7047413793103448,0.8014440111647259,0.37777777777777777,0.0,0.0,0.0,0.0,0.0,0.0,0.0,0.0,0.0,2002,radio,0.5
1,3,lr1e-04_bs16_modL1_fusion64_fusionL1_drop0p2_trmiss50_trlocradio,16,0.0001,1,64,1,0.2,lr1e-04_bs16_modL1_fusion64_fusionL1_drop0p2_trmiss50_trlocradio,2,0.7509623716274897,0.6975416342417399,0.6939655172413793,0.792697470880883,0.4444444444444444,0.0,0.0,0.0,0.0,0.0,0.0,0.0,0.0,0.0,2002,radio,0.5
1,3,lr1e-04_bs16_modL1_fusion64_fusionL1_drop0p2_trmiss50_trlocradio,16,0.0001,1,64,1,0.2,lr1e-04_bs16_modL1_fusion64_fusionL1_drop0p2_trmiss50_trlocradio,3,0.709038257598877,0.6993752519289652,0.6767241379310345,0.7887015784755561,0.4888888888888889,0.0,0.0,0.0,0.0,0.0,0.0,0.0,0.0,0.0,2002,radio,0.5
1,3,lr1e-04_bs16_modL1_fusion64_fusionL1_drop0p2_trmiss50_trlocradio,16,0.0001,1,64,1,0.2,lr1e-04_bs16_modL1_fusion64_fusionL1_drop0p2_trmiss50_trlocradio,4,0.7114848593870798,0.7133302489916483,0.6077586206896552,0.7574759959883531,0.4888888888888889,0.0,0.0,0.0,0.0,0.0,0.0,0.0,0.0,0.0,2002,radio,0.5
1,3,lr1e-04_bs16_modL1_fusion64_fusionL1_drop0p2_trmiss50_trlocradio,16,0.0001,1,64,1,0.2,lr1e-04_bs16_modL1_fusion64_fusionL1_drop0p2_trmiss50_trlocradio,5,0.6956345935662588,0.7200631300608317,0.5818965517241379,0.7376804539134275,0.4888888888888889,0.0,0.0,0.0,0.0,0.0,0.0,0.0,0.0,0.0,2002,radio,0.5
1,3,lr1e-04_bs16_modL1_fusion64_fusionL1_drop0p2_trmiss50_trlocradio,16,0.0001,1,64,1,0.2,lr1e-04_bs16_modL1_fusion64_fusionL1_drop0p2_trmiss50_trlocradio,6,0.6578085571527481,0.7203790744145712,0.5625,0.6947621981003658,0.4444444444444444,0.0,0.0,0.0,0.0,0.0,0.0,0.0,0.0,0.0,2002,radio,0.5
1,3,lr1e-04_bs16_modL1_fusion64_fusionL1_drop0p2_trmiss50_trlocradio,16,0.0001,1,64,1,0.2,lr1e-04_bs16_modL1_fusion64_fusionL1_drop0p2_trmiss50_trlocradio,7,0.6503133575121561,0.7217699289321899,0.4956896551724138,0.6511578732182111,0.3333333333333333,0.0,0.0,0.0,0.0,0.0,0.0,0.0,0.0,0.0,2002,radio,0.5
1,3,lr1e-04_bs16_modL1_fusion64_fusionL1_drop0p2_trmiss50_trlocradio,16,0.0001,1,64,1,0.2,lr1e-04_bs16_modL1_fusion64_fusionL1_drop0p2_trmiss50_trlocradio,8,0.6244690964619318,0.7152953545252482,0.49137931034482757,0.6562086007655478,0.3333333333333333,0.0,0.0,0.0,0.0,0.0,0.0,0.0,0.0,0.0,2002,radio,0.5
1,3,lr1e-04_bs16_modL1_fusion64_fusionL1_drop0p2_trmiss50_trlocradio,16,0.0001,1,64,1,0.2,lr1e-04_bs16_modL1_fusion64_fusionL1_drop0p2_trmiss50_trlocradio,9,0.6359032541513443,0.7299144268035889,0.4806034482758621,0.6435345399960579,0.3111111111111111,0.0,0.0,0.0,0.0,0.0,0.0,0.0,0.0,0.0,2002,radio,0.5
1,3,lr1e-04_bs16_modL1_fusion64_fusionL1_drop0p2_trmiss50_trlocradio,16,0.0001,1,64,1,0.2,lr1e-04_bs16_modL1_fusion64_fusionL1_drop0p2_trmiss50_trlocradio,10,0.6131484061479568,0.7196073730786642,0.47413793103448276,0.636554215653918,0.4,0.0,0.0,0.0,0.0,0.0,0.0,0.0,0.0,0.0,2002,radio,0.5
1,3,lr1e-04_bs16_modL1_fusion64_fusionL1_drop0p2_trmiss50_trlocradio,16,0.0001,1,64,1,0.2,lr1e-04_bs16_modL1_fusion64_fusionL1_drop0p2_trmiss50_trlocradio,11,0.6238384594519933,0.7355528672536215,0.4568965517241379,0.626189397601614,0.3111111111111111,0.0,0.0,0.0,0.0,0.0,0.0,0.0,0.0,0.0,2002,radio,0.5
1,3,lr1e-04_bs16_modL1_fusion64_fusionL1_drop0p2_trmiss50_trlocradio,16,0.0001,1,64,1,0.2,lr1e-04_bs16_modL1_fusion64_fusionL1_drop0p2_trmiss50_trlocradio,12,0.5875769505898157,0.73601895570755,0.4375,0.618205598965353,0.3111111111111111,0.0,0.0,0.0,0.0,0.0,0.0,0.0,0.0,0.0,2002,radio,0.5
1,3,lr1e-04_bs16_modL1_fusion64_fusionL1_drop0p2_trmiss50_trlocradio,16,0.0001,1,64,1,0.2,lr1e-04_bs16_modL1_fusion64_fusionL1_drop0p2_trmiss50_trlocradio,13,0.5758257607618967,0.7371906836827596,0.4331896551724138,0.6170775957265686,0.3333333333333333,0.0,0.0,0.0,0.0,0.0,0.0,0.0,0.0,0.0,2002,radio,0.5
1,3,lr1e-04_bs16_modL1_fusion64_fusionL1_drop0p2_trmiss50_trlocradio,16,0.0001,1,64,1,0.2,lr1e-04_bs16_modL1_fusion64_fusionL1_drop0p2_trmiss50_trlocradio,14,0.5914134904742241,0.727313220500946,0.4504310344827586,0.6189405300033319,0.4444444444444444,0.0,0.0,0.0,0.0,0.0,0.0,0.0,0.0,0.0,2002,radio,0.5
1,3,lr1e-04_bs16_modL1_fusion64_fusionL1_drop0p2_trmiss50_trlocradio,16,0.0001,1,64,1,0.2,lr1e-04_bs16_modL1_fusion64_fusionL1_drop0p2_trmiss50_trlocradio,15,0.5737405220667521,0.7408608992894491,0.43103448275862066,0.6120502712875154,0.4,0.0,0.0,0.0,0.0,0.0,0.0,0.0,0.0,0.0,2002,radio,0.5
1,3,lr1e-04_bs16_modL1_fusion64_fusionL1_drop0p2_trmiss50_trlocradio,16,0.0001,1,64,1,0.2,lr1e-04_bs16_modL1_fusion64_fusionL1_drop0p2_trmiss50_trlocradio,16,0.5731905351082484,0.7367361982663473,0.4461206896551724,0.620353645304412,0.4,0.0,0.0,0.0,0.0,0.0,0.0,0.0,0.0,0.0,2002,radio,0.5
1,3,lr1e-04_bs16_modL1_fusion64_fusionL1_drop0p2_trmiss50_trlocradio,16,0.0001,1,64,1,0.2,lr1e-04_bs16_modL1_fusion64_fusionL1_drop0p2_trmiss50_trlocradio,17,0.5712927927573522,0.746379574139913,0.4224137931034483,0.609004579247426,0.3333333333333333,0.0,0.0,0.0,0.0,0.0,0.0,0.0,0.0,0.0,2002,radio,0.5
1,3,lr1e-04_bs16_modL1_fusion64_fusionL1_drop0p2_trmiss50_trlocradio,16,0.0001,1,64,1,0.2,lr1e-04_bs16_modL1_fusion64_fusionL1_drop0p2_trmiss50_trlocradio,18,0.5762127985556921,0.7437142928441366,0.4418103448275862,0.6138111919439225,0.4222222222222222,0.0,0.0,0.0,0.0,0.0,0.0,0.0,0.0,0.0,2002,radio,0.5
1,3,lr1e-04_bs16_modL1_fusion64_fusionL1_drop0p2_trmiss50_trlocradio,16,0.0001,1,64,1,0.2,lr1e-04_bs16_modL1_fusion64_fusionL1_drop0p2_trmiss50_trlocradio,19,0.5587207277615865,0.7349099318186442,0.4482758620689655,0.6152055511651787,0.4222222222222222,0.0,0.0,0.0,0.0,0.0,0.0,0.0,0.0,0.0,2002,radio,0.5
1,3,lr1e-04_bs16_modL1_fusion64_fusionL1_drop0p2_trmiss50_trlocradio,16,0.0001,1,64,1,0.2,lr1e-04_bs16_modL1_fusion64_fusionL1_drop0p2_trmiss50_trlocradio,20,0.5707290470600128,0.7458997964859009,0.4375,0.6129066391278232,0.37777777777777777,0.0,0.0,0.0,0.0,0.0,0.0,0.0,0.0,0.0,2002,radio,0.5
1,3,lr1e-04_bs16_modL1_fusion64_fusionL1_drop0p2_trmiss50_trlocradio,16,0.0001,1,64,1,0.2,lr1e-04_bs16_modL1_fusion64_fusionL1_drop0p2_trmiss50_trlocradio,21,0.5599764361977577,0.7402581373850504,0.44396551724137934,0.6121664555110888,0.4,0.0,0.0,0.0,0.0,0.0,0.0,0.0,0.0,0.0,2002,radio,0.5
1,3,lr1e-04_bs16_modL1_fusion64_fusionL1_drop0p2_trmiss50_trlocradio,16,0.0001,1,64,1,0.2,lr1e-04_bs16_modL1_fusion64_fusionL1_drop0p2_trmiss50_trlocradio,22,0.5522945299744606,0.742678145567576,0.4353448275862069,0.6092002782903477,0.4,0.0,0.0,0.0,0.0,0.0,0.0,0.0,0.0,0.0,2002,radio,0.5
1,3,lr1e-04_bs16_modL1_fusion64_fusionL1_drop0p2_trmiss50_trlocradio,16,0.0001,1,64,1,0.2,lr1e-04_bs16_modL1_fusion64_fusionL1_drop0p2_trmiss50_trlocradio,23,0.5276471823453903,0.7351347208023071,0.4482758620689655,0.6162443804803368,0.4888888888888889,0.0,0.0,0.0,0.0,0.0,0.0,0.0,0.0,0.0,2002,radio,0.5
1,3,lr1e-04_bs16_modL1_fusion64_fusionL1_drop0p2_trmiss50_trlocradio,16,0.0001,1,64,1,0.2,lr1e-04_bs16_modL1_fusion64_fusionL1_drop0p2_trmiss50_trlocradio,24,0.530799058576425,0.7327522238095602,0.45474137931034486,0.623980036765222,0.4666666666666667,0.0,0.0,0.0,0.0,0.0,0.0,0.0,0.0,0.0,2002,radio,0.5
1,3,lr1e-04_bs16_modL1_fusion64_fusionL1_drop0p2_trmiss50_trlocradio,16,0.0001,1,64,1,0.2,lr1e-04_bs16_modL1_fusion64_fusionL1_drop0p2_trmiss50_trlocradio,25,0.5590860694646835,0.7385088404019674,0.44396551724137934,0.6126907679797015,0.4222222222222222,0.0,0.0,0.0,0.0,0.0,0.0,0.0,0.0,0.0,2002,radio,0.5
1,3,lr1e-04_bs16_modL1_fusion64_fusionL1_drop0p1_trmiss50_trlocradio,16,0.0001,1,64,1,0.1,lr1e-04_bs16_modL1_fusion64_fusionL1_drop0p1_trmiss50_trlocradio,1,0.7570560077826182,0.6831897298494974,0.6400862068965518,0.7440805804770636,0.5333333333333333,0.0,0.0,0.0,0.0,0.0,0.0,0.0,0.0,0.0,2002,radio,0.5
1,3,lr1e-04_bs16_modL1_fusion64_fusionL1_drop0p1_trmiss50_trlocradio,16,0.0001,1,64,1,0.1,lr1e-04_bs16_modL1_fusion64_fusionL1_drop0p1_trmiss50_trlocradio,2,0.7217470655838648,0.6793829600016276,0.6551724137931035,0.7293051742966152,0.6222222222222222,0.0,0.0,0.0,0.0,0.0,0.0,0.0,0.0,0.0,2002,radio,0.5
1,3,lr1e-04_bs16_modL1_fusion64_fusionL1_drop0p1_trmiss50_trlocradio,16,0.0001,1,64,1,0.1,lr1e-04_bs16_modL1_fusion64_fusionL1_drop0p1_trmiss50_trlocradio,3,0.6804570406675339,0.6842923959096273,0.6508620689655171,0.7287709629441821,0.5333333333333333,0.0,0.0,0.0,0.0,0.0,0.0,0.0,0.0,0.0,2002,radio,0.5
1,3,lr1e-04_bs16_modL1_fusion64_fusionL1_drop0p1_trmiss50_trlocradio,16,0.0001,1,64,1,0.1,lr1e-04_bs16_modL1_fusion64_fusionL1_drop0p1_trmiss50_trlocradio,4,0.6543135543664297,0.6890278061230978,0.5969827586206896,0.7014969225504303,0.5777777777777777,0.0,0.0,0.0,0.0,0.0,0.0,0.0,0.0,0.0,2002,radio,0.5
1,3,lr1e-04_bs16_modL1_fusion64_fusionL1_drop0p1_trmiss50_trlocradio,16,0.0001,1,64,1,0.1,lr1e-04_bs16_modL1_fusion64_fusionL1_drop0p1_trmiss50_trlocradio,5,0.613638070722421,0.6867088675498962,0.5969827586206897,0.6976231335424539,0.5333333333333333,0.0,0.0,0.0,0.0,0.0,0.0,0.0,0.0,0.0,2002,radio,0.5
1,3,lr1e-04_bs16_modL1_fusion64_fusionL1_drop0p1_trmiss50_trlocradio,16,0.0001,1,64,1,0.1,lr1e-04_bs16_modL1_fusion64_fusionL1_drop0p1_trmiss50_trlocradio,6,0.6202826102574667,0.6819995045661926,0.6012931034482758,0.6842422481268339,0.5777777777777777,0.0,0.0,0.0,0.0,0.0,0.0,0.0,0.0,0.0,2002,radio,0.5
1,3,lr1e-04_bs16_modL1_fusion64_fusionL1_drop0p1_trmiss50_trlocradio,16,0.0001,1,64,1,0.1,lr1e-04_bs16_modL1_fusion64_fusionL1_drop0p1_trmiss50_trlocradio,7,0.6085084825754166,0.6810564796129862,0.6077586206896551,0.686842522134145,0.5555555555555556,0.0,0.0,0.0,0.0,0.0,0.0,0.0,0.0,0.0,2002,radio,0.5
1,3,lr1e-04_bs16_modL1_fusion64_fusionL1_drop0p1_trmiss50_trlocradio,16,0.0001,1,64,1,0.1,lr1e-04_bs16_modL1_fusion64_fusionL1_drop0p1_trmiss50_trlocradio,8,0.5992702891429266,0.6686518788337708,0.6185344827586207,0.6815138331821486,0.6222222222222222,0.0,0.0,0.0,0.0,0.0,0.0,0.0,0.0,0.0,2002,radio,0.5
1,3,lr1e-04_bs16_modL1_fusion64_fusionL1_drop0p1_trmiss50_trlocradio,16,0.0001,1,64,1,0.1,lr1e-04_bs16_modL1_fusion64_fusionL1_drop0p1_trmiss50_trlocradio,9,0.5673113813002905,0.6788691083590189,0.6056034482758621,0.6673504869329535,0.6222222222222222,0.0,0.0,0.0,0.0,0.0,0.0,0.0,0.0,0.0,2002,radio,0.5
1,3,lr1e-04_bs16_modL1_fusion64_fusionL1_drop0p1_trmiss50_trlocradio,16,0.0001,1,64,1,0.1,lr1e-04_bs16_modL1_fusion64_fusionL1_drop0p1_trmiss50_trlocradio,10,0.5677654991547266,0.6815184752146403,0.6012931034482758,0.6694795208557776,0.7111111111111111,0.0,0.0,0.0,0.0,0.0,0.0,0.0,0.0,0.0,2002,radio,0.5
1,3,lr1e-04_bs16_modL1_fusion64_fusionL1_drop0p1_trmiss50_trlocradio,16,0.0001,1,64,1,0.1,lr1e-04_bs16_modL1_fusion64_fusionL1_drop0p1_trmiss50_trlocradio,11,0.5323448727528254,0.6824755867322286,0.6185344827586207,0.6838140093103323,0.6888888888888889,0.0,0.0,0.0,0.0,0.0,0.0,0.0,0.0,0.0,2002,radio,0.5
1,3,lr1e-04_bs16_modL1_fusion64_fusionL1_drop0p1_trmiss50_trlocradio,16,0.0001,1,64,1,0.1,lr1e-04_bs16_modL1_fusion64_fusionL1_drop0p1_trmiss50_trlocradio,12,0.5430593887964884,0.6813109119733175,0.6206896551724138,0.6936903885605774,0.7111111111111111,0.0,0.0,0.0,0.0,0.0,0.0,0.0,0.0,0.0,2002,radio,0.5
1,3,lr1e-04_bs16_modL1_fusion64_fusionL1_drop0p1_trmiss50_trlocradio,16,0.0001,1,64,1,0.1,lr1e-04_bs16_modL1_fusion64_fusionL1_drop0p1_trmiss50_trlocradio,13,0.5283504327138265,0.67865918080012,0.627155172413793,0.7013612828948141,0.6888888888888889,0.0,0.0,0.0,0.0,0.0,0.0,0.0,0.0,0.0,2002,radio,0.5
1,3,lr1e-04_bs16_modL1_fusion64_fusionL1_drop0p1_trmiss50_trlocradio,16,0.0001,1,64,1,0.1,lr1e-04_bs16_modL1_fusion64_fusionL1_drop0p1_trmiss50_trlocradio,14,0.509391114115715,0.6767327785491943,0.6120689655172413,0.7020279474868384,0.6666666666666666,0.0,0.0,0.0,0.0,0.0,0.0,0.0,0.0,0.0,2002,radio,0.5
1,3,lr1e-04_bs16_modL1_fusion64_fusionL1_drop0p1_trmiss50_trlocradio,16,0.0001,1,64,1,0.1,lr1e-04_bs16_modL1_fusion64_fusionL1_drop0p1_trmiss50_trlocradio,15,0.48583803325891495,0.6725458105405172,0.6077586206896551,0.7021946427029588,0.6444444444444445,0.0,0.0,0.0,0.0,0.0,0.0,0.0,0.0,0.0,2002,radio,0.5
1,3,lr1e-04_bs16_modL1_fusion64_fusionL1_drop0p1_trmiss50_trlocradio,16,0.0001,1,64,1,0.1,lr1e-04_bs16_modL1_fusion64_fusionL1_drop0p1_trmiss50_trlocradio,16,0.5169264624516169,0.6747413078943888,0.603448275862069,0.6976040027690098,0.6888888888888889,0.0,0.0,0.0,0.0,0.0,0.0,0.0,0.0,0.0,2002,radio,0.5
1,3,lr1e-04_bs16_modL1_fusion64_fusionL1_drop0p1_trmiss50_trlocradio,16,0.0001,1,64,1,0.1,lr1e-04_bs16_modL1_fusion64_fusionL1_drop0p1_trmiss50_trlocradio,17,0.489894837141037,0.6718800862630209,0.6077586206896551,0.7066371665716349,0.6888888888888889,0.0,0.0,0.0,0.0,0.0,0.0,0.0,0.0,0.0,2002,radio,0.5
1,3,lr1e-04_bs16_modL1_fusion64_fusionL1_drop0p1_trmiss50_trlocradio,16,0.0001,1,64,1,0.1,lr1e-04_bs16_modL1_fusion64_fusionL1_drop0p1_trmiss50_trlocradio,18,0.46671806027491886,0.671111265818278,0.6077586206896551,0.7225883699110549,0.6666666666666666,0.0,0.0,0.0,0.0,0.0,0.0,0.0,0.0,0.0,2002,radio,0.5
1,3,lr1e-04_bs16_modL1_fusion64_fusionL1_drop0p1_trmiss50_trlocradio,16,0.0001,1,64,1,0.1,lr1e-04_bs16_modL1_fusion64_fusionL1_drop0p1_trmiss50_trlocradio,19,0.47074076036612195,0.6701264580090841,0.6056034482758621,0.7081921097273552,0.6666666666666666,0.0,0.0,0.0,0.0,0.0,0.0,0.0,0.0,0.0,2002,radio,0.5
1,3,lr1e-04_bs16_modL1_fusion64_fusionL1_drop0p1_trmiss50_trlocradio,16,0.0001,1,64,1,0.1,lr1e-04_bs16_modL1_fusion64_fusionL1_drop0p1_trmiss50_trlocradio,20,0.4552002623677254,0.6714048782984415,0.5991379310344828,0.7008273920858681,0.6888888888888889,0.0,0.0,0.0,0.0,0.0,0.0,0.0,0.0,0.0,2002,radio,0.5
1,3,lr1e-04_bs16_modL1_fusion64_fusionL1_drop0p1_trmiss50_trlocradio,16,0.0001,1,64,1,0.1,lr1e-04_bs16_modL1_fusion64_fusionL1_drop0p1_trmiss50_trlocradio,21,0.4742184480031331,0.6729797124862671,0.6163793103448276,0.7215957631477119,0.6444444444444445,0.0,0.0,0.0,0.0,0.0,0.0,0.0,0.0,0.0,2002,radio,0.5
1,3,lr1e-04_bs16_modL1_fusion64_fusionL1_drop0p1_trmiss50_trlocradio,16,0.0001,1,64,1,0.1,lr1e-04_bs16_modL1_fusion64_fusionL1_drop0p1_trmiss50_trlocradio,22,0.4575301483273506,0.6723531285921732,0.5948275862068965,0.6953011957941181,0.6444444444444445,0.0,0.0,0.0,0.0,0.0,0.0,0.0,0.0,0.0,2002,radio,0.5
1,3,lr1e-04_bs16_modL1_fusion64_fusionL1_drop0p1_trmiss50_trlocradio,16,0.0001,1,64,1,0.1,lr1e-04_bs16_modL1_fusion64_fusionL1_drop0p1_trmiss50_trlocradio,23,0.4651297976573308,0.6820977330207825,0.5926724137931034,0.6801671496509443,0.6444444444444445,0.0,0.0,0.0,0.0,0.0,0.0,0.0,0.0,0.0,2002,radio,0.5
1,3,lr1e-04_bs16_modL1_fusion64_fusionL1_drop0p1_trmiss50_trlocradio,16,0.0001,1,64,1,0.1,lr1e-04_bs16_modL1_fusion64_fusionL1_drop0p1_trmiss50_trlocradio,24,0.4435010701417923,0.6823639074961344,0.6012931034482759,0.6927407578494411,0.6444444444444445,0.0,0.0,0.0,0.0,0.0,0.0,0.0,0.0,0.0,2002,radio,0.5
1,3,lr1e-04_bs16_modL1_fusion64_fusionL1_drop0p1_trmiss50_trlocradio,16,0.0001,1,64,1,0.1,lr1e-04_bs16_modL1_fusion64_fusionL1_drop0p1_trmiss50_trlocradio,25,0.450611874461174,0.680010716120402,0.605603448275862,0.6956691555629,0.6222222222222222,0.0,0.0,0.0,0.0,0.0,0.0,0.0,0.0,0.0,2002,radio,0.5
1,3,lr1e-04_bs16_modL1_fusion64_fusionL1_drop0p1_trmiss50_trlocradio,16,0.0001,1,64,1,0.1,lr1e-04_bs16_modL1_fusion64_fusionL1_drop0p1_trmiss50_trlocradio,26,0.44546181708574295,0.6765214999516805,0.603448275862069,0.6928020872135626,0.6222222222222222,0.0,0.0,0.0,0.0,0.0,0.0,0.0,0.0,0.0,2002,radio,0.5
1,3,lr1e-04_bs16_modL1_fusion64_fusionL1_drop0p1_trmiss50_trlocradio,16,0.0001,1,64,1,0.1,lr1e-04_bs16_modL1_fusion64_fusionL1_drop0p1_trmiss50_trlocradio,27,0.44069509704907733,0.6787627140680949,0.625,0.7015176267059581,0.6222222222222222,0.0,0.0,0.0,0.0,0.0,0.0,0.0,0.0,0.0,2002,radio,0.5
1,3,lr1e-04_bs16_modL1_fusion64_fusionL1_drop0p1_trmiss50_trlocradio,16,0.0001,1,64,1,0.1,lr1e-04_bs16_modL1_fusion64_fusionL1_drop0p1_trmiss50_trlocradio,28,0.4353931744893392,0.6845633387565613,0.5926724137931034,0.6800540389855247,0.6,0.0,0.0,0.0,0.0,0.0,0.0,0.0,0.0,0.0,2002,radio,0.5
1,3,lr1e-04_bs16_modL1_fusion64_fusionL1_drop0p1_trmiss50_trlocradio,16,0.0001,1,64,1,0.1,lr1e-04_bs16_modL1_fusion64_fusionL1_drop0p1_trmiss50_trlocradio,29,0.4448472261428833,0.6774945457776388,0.5991379310344828,0.6947010377818905,0.6,0.0,0.0,0.0,0.0,0.0,0.0,0.0,0.0,0.0,2002,radio,0.5
1,3,lr1e-04_bs16_modL1_fusion64_fusionL1_drop0p1_trmiss50_trlocradio,16,0.0001,1,64,1,0.1,lr1e-04_bs16_modL1_fusion64_fusionL1_drop0p1_trmiss50_trlocradio,30,0.4492843573292096,0.6744593779246012,0.5926724137931034,0.6862211704528993,0.6444444444444445,0.0,0.0,0.0,0.0,0.0,0.0,0.0,0.0,0.0,2002,radio,0.5
1,3,lr1e-04_bs16_modL1_fusion64_fusionL1_drop0p1_trmiss50_trlocradio,16,0.0001,1,64,1,0.1,lr1e-04_bs16_modL1_fusion64_fusionL1_drop0p1_trmiss50_trlocradio,31,0.44891075293223065,0.6826369365056356,0.5905172413793103,0.6824463894401886,0.6222222222222222,0.0,0.0,0.0,0.0,0.0,0.0,0.0,0.0,0.0,2002,radio,0.5
1,3,lr1e-04_bs16_modL1_fusion64_fusionL1_drop0p1_trmiss50_trlocradio,16,0.0001,1,64,1,0.1,lr1e-04_bs16_modL1_fusion64_fusionL1_drop0p1_trmiss50_trlocradio,32,0.4490671331683795,0.6744547088940939,0.5969827586206896,0.6905545873681351,0.6666666666666666,0.0,0.0,0.0,0.0,0.0,0.0,0.0,0.0,0.0,2002,radio,0.5
1,3,lr1e-04_bs16_modL1_fusion64_fusionL1_drop0p1_trmiss50_trlocradio,16,0.0001,1,64,1,0.1,lr1e-04_bs16_modL1_fusion64_fusionL1_drop0p1_trmiss50_trlocradio,33,0.4497757653395335,0.6741553544998169,0.5926724137931034,0.6834008257476533,0.6444444444444445,0.0,0.0,0.0,0.0,0.0,0.0,0.0,0.0,0.0,2002,radio,0.5
1,3,lr5e-05_bs32_modL1_fusion32_fusionL1_drop0p2_trmiss50_trlocradio,32,5e-05,1,32,1,0.2,lr5e-05_bs32_modL1_fusion32_fusionL1_drop0p2_trmiss50_trlocradio,1,0.6929152210553488,0.6862159967422485,0.5991379310344828,0.7557762514365116,0.6,0.0,0.0,0.0,0.0,0.0,0.0,0.0,0.0,0.0,2002,radio,0.5
1,3,lr5e-05_bs32_modL1_fusion32_fusionL1_drop0p2_trmiss50_trlocradio,32,5e-05,1,32,1,0.2,lr5e-05_bs32_modL1_fusion32_fusionL1_drop0p2_trmiss50_trlocradio,2,0.6675191322962443,0.6796116530895233,0.622844827586207,0.7699774051952937,0.6444444444444445,0.0,0.0,0.0,0.0,0.0,0.0,0.0,0.0,0.0,2002,radio,0.5
1,3,lr5e-05_bs32_modL1_fusion32_fusionL1_drop0p2_trmiss50_trlocradio,32,5e-05,1,32,1,0.2,lr5e-05_bs32_modL1_fusion32_fusionL1_drop0p2_trmiss50_trlocradio,3,0.6563671330610911,0.6766116917133331,0.6185344827586208,0.7716956364922751,0.6222222222222222,0.0,0.0,0.0,0.0,0.0,0.0,0.0,0.0,0.0,2002,radio,0.5
1,3,lr5e-05_bs32_modL1_fusion32_fusionL1_drop0p2_trmiss50_trlocradio,32,5e-05,1,32,1,0.2,lr5e-05_bs32_modL1_fusion32_fusionL1_drop0p2_trmiss50_trlocradio,4,0.6395975748697916,0.6783238649368286,0.5883620689655172,0.7612811426480717,0.5555555555555556,0.0,0.0,0.0,0.0,0.0,0.0,0.0,0.0,0.0,2002,radio,0.5
1,3,lr5e-05_bs32_modL1_fusion32_fusionL1_drop0p2_trmiss50_trlocradio,32,5e-05,1,32,1,0.2,lr5e-05_bs32_modL1_fusion32_fusionL1_drop0p2_trmiss50_trlocradio,5,0.6146128078301748,0.6806394159793854,0.5818965517241379,0.7722298638379501,0.4888888888888889,0.0,0.0,0.0,0.0,0.0,0.0,0.0,0.0,0.0,2002,radio,0.5
1,3,lr5e-05_bs32_modL1_fusion32_fusionL1_drop0p2_trmiss50_trlocradio,32,5e-05,1,32,1,0.2,lr5e-05_bs32_modL1_fusion32_fusionL1_drop0p2_trmiss50_trlocradio,6,0.6137810150782267,0.6830553710460663,0.5625,0.7622818310982034,0.4888888888888889,0.0,0.0,0.0,0.0,0.0,0.0,0.0,0.0,0.0,2002,radio,0.5
1,3,lr5e-05_bs32_modL1_fusion32_fusionL1_drop0p2_trmiss50_trlocradio,32,5e-05,1,32,1,0.2,lr5e-05_bs32_modL1_fusion32_fusionL1_drop0p2_trmiss50_trlocradio,7,0.6008393963177999,0.6841757595539093,0.5689655172413792,0.7729570395990712,0.5111111111111111,0.0,0.0,0.0,0.0,0.0,0.0,0.0,0.0,0.0,2002,radio,0.5
1,3,lr5e-05_bs32_modL1_fusion32_fusionL1_drop0p2_trmiss50_trlocradio,32,5e-05,1,32,1,0.2,lr5e-05_bs32_modL1_fusion32_fusionL1_drop0p2_trmiss50_trlocradio,8,0.590370645125707,0.6835197508335114,0.5668103448275863,0.7707142528330515,0.4888888888888889,0.0,0.0,0.0,0.0,0.0,0.0,0.0,0.0,0.0,2002,radio,0.5
1,3,lr5e-05_bs32_modL1_fusion32_fusionL1_drop0p2_trmiss50_trlocradio,32,5e-05,1,32,1,0.2,lr5e-05_bs32_modL1_fusion32_fusionL1_drop0p2_trmiss50_trlocradio,9,0.5923584600289663,0.6820235252380371,0.5668103448275862,0.7695061049971146,0.4666666666666667,0.0,0.0,0.0,0.0,0.0,0.0,0.0,0.0,0.0,2002,radio,0.5
1,3,lr5e-05_bs32_modL1_fusion32_fusionL1_drop0p2_trmiss50_trlocradio,32,5e-05,1,32,1,0.2,lr5e-05_bs32_modL1_fusion32_fusionL1_drop0p2_trmiss50_trlocradio,10,0.5815632541974386,0.6808562874794006,0.564655172413793,0.7687877141925168,0.5111111111111111,0.0,0.0,0.0,0.0,0.0,0.0,0.0,0.0,0.0,2002,radio,0.5
1,3,lr5e-05_bs32_modL1_fusion32_fusionL1_drop0p2_trmiss50_trlocradio,32,5e-05,1,32,1,0.2,lr5e-05_bs32_modL1_fusion32_fusionL1_drop0p2_trmiss50_trlocradio,11,0.5635543962319692,0.6824162006378174,0.5689655172413792,0.7702891610348013,0.5111111111111111,0.0,0.0,0.0,0.0,0.0,0.0,0.0,0.0,0.0,2002,radio,0.5
1,3,lr5e-05_bs32_modL1_fusion32_fusionL1_drop0p2_trmiss50_trlocradio,32,5e-05,1,32,1,0.2,lr5e-05_bs32_modL1_fusion32_fusionL1_drop0p2_trmiss50_trlocradio,12,0.5798372129599253,0.6825690865516663,0.5689655172413793,0.7679869141553151,0.5333333333333333,0.0,0.0,0.0,0.0,0.0,0.0,0.0,0.0,0.0,2002,radio,0.5
1,3,lr5e-05_bs32_modL1_fusion32_fusionL1_drop0p2_trmiss50_trlocradio,32,5e-05,1,32,1,0.2,lr5e-05_bs32_modL1_fusion32_fusionL1_drop0p2_trmiss50_trlocradio,13,0.553248276313146,0.6827009618282318,0.5732758620689655,0.769195236883313,0.5333333333333333,0.0,0.0,0.0,0.0,0.0,0.0,0.0,0.0,0.0,2002,radio,0.5
1,3,lr5e-05_bs32_modL1_fusion32_fusionL1_drop0p2_trmiss50_trlocradio,32,5e-05,1,32,1,0.2,lr5e-05_bs32_modL1_fusion32_fusionL1_drop0p2_trmiss50_trlocradio,14,0.5521263976891836,0.6888503432273865,0.5581896551724137,0.7618718974248766,0.5111111111111111,0.0,0.0,0.0,0.0,0.0,0.0,0.0,0.0,0.0,2002,radio,0.5
1,3,lr5e-05_bs32_modL1_fusion32_fusionL1_drop0p2_trmiss50_trlocradio,32,5e-05,1,32,1,0.2,lr5e-05_bs32_modL1_fusion32_fusionL1_drop0p2_trmiss50_trlocradio,15,0.5542676746845245,0.6929731667041779,0.5474137931034484,0.7563562989072496,0.4888888888888889,0.0,0.0,0.0,0.0,0.0,0.0,0.0,0.0,0.0,2002,radio,0.5
1,3,lr5e-05_bs32_modL1_fusion32_fusionL1_drop0p2_trmiss50_trlocradio,32,5e-05,1,32,1,0.2,lr5e-05_bs32_modL1_fusion32_fusionL1_drop0p2_trmiss50_trlocradio,16,0.5524893204371134,0.6950560510158539,0.540948275862069,0.755310713594276,0.4666666666666667,0.0,0.0,0.0,0.0,0.0,0.0,0.0,0.0,0.0,2002,radio,0.5
1,3,lr5e-05_bs32_modL1_fusion32_fusionL1_drop0p2_trmiss50_trlocradio,32,5e-05,1,32,1,0.2,lr5e-05_bs32_modL1_fusion32_fusionL1_drop0p2_trmiss50_trlocradio,17,0.5433546006679535,0.6942752003669739,0.5387931034482758,0.7537764128713345,0.4666666666666667,0.0,0.0,0.0,0.0,0.0,0.0,0.0,0.0,0.0,2002,radio,0.5
1,3,lr5e-05_bs32_modL1_fusion32_fusionL1_drop0p2_trmiss50_trlocradio,32,5e-05,1,32,1,0.2,lr5e-05_bs32_modL1_fusion32_fusionL1_drop0p2_trmiss50_trlocradio,18,0.5501874685287476,0.6961018741130829,0.5323275862068966,0.7494354119682254,0.4666666666666667,0.0,0.0,0.0,0.0,0.0,0.0,0.0,0.0,0.0,2002,radio,0.5
1,3,lr5e-05_bs32_modL1_fusion32_fusionL1_drop0p2_trmiss50_trlocradio,32,5e-05,1,32,1,0.2,lr5e-05_bs32_modL1_fusion32_fusionL1_drop0p2_trmiss50_trlocradio,19,0.5587510267893473,0.6986369788646698,0.540948275862069,0.75578749041716,0.4666666666666667,0.0,0.0,0.0,0.0,0.0,0.0,0.0,0.0,0.0,2002,radio,0.5
1,3,lr5e-05_bs32_modL1_fusion32_fusionL1_drop0p2_trmiss50_trlocradio,32,5e-05,1,32,1,0.2,lr5e-05_bs32_modL1_fusion32_fusionL1_drop0p2_trmiss50_trlocradio,20,0.5455212791760763,0.6946780681610107,0.5474137931034483,0.7597186631997526,0.4666666666666667,0.0,0.0,0.0,0.0,0.0,0.0,0.0,0.0,0.0,2002,radio,0.5
1,3,lr5e-05_bs32_modL1_fusion32_fusionL1_drop0p2_trmiss50_trlocradio,32,5e-05,1,32,1,0.2,lr5e-05_bs32_modL1_fusion32_fusionL1_drop0p2_trmiss50_trlocradio,21,0.5467975437641144,0.6945719718933105,0.540948275862069,0.7537864776021366,0.4444444444444444,0.0,0.0,0.0,0.0,0.0,0.0,0.0,0.0,0.0,2002,radio,0.5
1,3,lr5e-05_bs32_modL1_fusion32_fusionL1_drop0p2_trmiss50_trlocradio,32,5e-05,1,32,1,0.2,lr5e-05_bs32_modL1_fusion32_fusionL1_drop0p2_trmiss50_trlocradio,22,0.5532985031604767,0.6917232573032379,0.5301724137931034,0.7448794916927752,0.4888888888888889,0.0,0.0,0.0,0.0,0.0,0.0,0.0,0.0,0.0,2002,radio,0.5
1,3,lr5e-05_bs32_modL1_fusion32_fusionL1_drop0p2_trmiss50_trlocradio,32,5e-05,1,32,1,0.2,lr5e-05_bs32_modL1_fusion32_fusionL1_drop0p2_trmiss50_trlocradio,23,0.5339010258515676,0.6937118470668793,0.5323275862068966,0.7487373436109719,0.4666666666666667,0.0,0.0,0.0,0.0,0.0,0.0,0.0,0.0,0.0,2002,radio,0.5
1,3,lr5e-05_bs32_modL1_fusion32_fusionL1_drop0p2_trmiss50_trlocradio,32,5e-05,1,32,1,0.2,lr5e-05_bs32_modL1_fusion32_fusionL1_drop0p2_trmiss50_trlocradio,24,0.5473506053288778,0.6948270201683044,0.5323275862068966,0.7460355975808901,0.4666666666666667,0.0,0.0,0.0,0.0,0.0,0.0,0.0,0.0,0.0,2002,radio,0.5
1,3,lr5e-05_bs32_modL1_fusion32_fusionL1_drop0p2_trmiss50_trlocradio,32,5e-05,1,32,1,0.2,lr5e-05_bs32_modL1_fusion32_fusionL1_drop0p2_trmiss50_trlocradio,25,0.5729445616404215,0.6952192783355713,0.5301724137931034,0.7459878542359197,0.4888888888888889,0.0,0.0,0.0,0.0,0.0,0.0,0.0,0.0,0.0,2002,radio,0.5
1,3,lr5e-05_bs32_modL1_fusion32_fusionL1_drop0p1_trmiss50_trlocradio,32,5e-05,1,32,1,0.1,lr5e-05_bs32_modL1_fusion32_fusionL1_drop0p1_trmiss50_trlocradio,1,0.6997824112574259,0.682671844959259,0.4762931034482759,0.6571284532355997,0.5777777777777777,0.0,0.0,0.0,0.0,0.0,0.0,0.0,0.0,0.0,2002,radio,0.5
1,3,lr5e-05_bs32_modL1_fusion32_fusionL1_drop0p1_trmiss50_trlocradio,32,5e-05,1,32,1,0.1,lr5e-05_bs32_modL1_fusion32_fusionL1_drop0p1_trmiss50_trlocradio,2,0.6727079252401987,0.687609851360321,0.46551724137931033,0.6673418406306246,0.5777777777777777,0.0,0.0,0.0,0.0,0.0,0.0,0.0,0.0,0.0,2002,radio,0.5
1,3,lr5e-05_bs32_modL1_fusion32_fusionL1_drop0p1_trmiss50_trlocradio,32,5e-05,1,32,1,0.1,lr5e-05_bs32_modL1_fusion32_fusionL1_drop0p1_trmiss50_trlocradio,3,0.6344220340251923,0.6907075941562653,0.45905172413793105,0.6701791664060034,0.5555555555555556,0.0,0.0,0.0,0.0,0.0,0.0,0.0,0.0,0.0,2002,radio,0.5
1,3,lr5e-05_bs32_modL1_fusion32_fusionL1_drop0p1_trmiss50_trlocradio,32,5e-05,1,32,1,0.1,lr5e-05_bs32_modL1_fusion32_fusionL1_drop0p1_trmiss50_trlocradio,4,0.6158508658409119,0.691838949918747,0.47198275862068967,0.6650890044830703,0.5333333333333333,0.0,0.0,0.0,0.0,0.0,0.0,0.0,0.0,0.0,2002,radio,0.5
1,3,lr5e-05_bs32_modL1_fusion32_fusionL1_drop0p1_trmiss50_trlocradio,32,5e-05,1,32,1,0.1,lr5e-05_bs32_modL1_fusion32_fusionL1_drop0p1_trmiss50_trlocradio,5,0.6035484373569489,0.6932970583438873,0.49137931034482757,0.674878050481461,0.5111111111111111,0.0,0.0,0.0,0.0,0.0,0.0,0.0,0.0,0.0,2002,radio,0.5
1,3,lr5e-05_bs32_modL1_fusion32_fusionL1_drop0p1_trmiss50_trlocradio,32,5e-05,1,32,1,0.1,lr5e-05_bs32_modL1_fusion32_fusionL1_drop0p1_trmiss50_trlocradio,6,0.5952256520589193,0.6946864426136017,0.5129310344827587,0.6830698809212419,0.5555555555555556,0.0,0.0,0.0,0.0,0.0,0.0,0.0,0.0,0.0,2002,radio,0.5
1,3,lr5e-05_bs32_modL1_fusion32_fusionL1_drop0p1_trmiss50_trlocradio,32,5e-05,1,32,1,0.1,lr5e-05_bs32_modL1_fusion32_fusionL1_drop0p1_trmiss50_trlocradio,7,0.5701711773872375,0.6919140815734863,0.5172413793103449,0.6956865713170791,0.5555555555555556,0.0,0.0,0.0,0.0,0.0,0.0,0.0,0.0,0.0,2002,radio,0.5
1,3,lr5e-05_bs32_modL1_fusion32_fusionL1_drop0p1_trmiss50_trlocradio,32,5e-05,1,32,1,0.1,lr5e-05_bs32_modL1_fusion32_fusionL1_drop0p1_trmiss50_trlocradio,8,0.5790749192237854,0.6890120208263397,0.5280172413793104,0.6988434096095909,0.5555555555555556,0.0,0.0,0.0,0.0,0.0,0.0,0.0,0.0,0.0,2002,radio,0.5
1,3,lr5e-05_bs32_modL1_fusion32_fusionL1_drop0p1_trmiss50_trlocradio,32,5e-05,1,32,1,0.1,lr5e-05_bs32_modL1_fusion32_fusionL1_drop0p1_trmiss50_trlocradio,9,0.561275988817215,0.6893778443336487,0.5344827586206897,0.6988077536400596,0.5555555555555556,0.0,0.0,0.0,0.0,0.0,0.0,0.0,0.0,0.0,2002,radio,0.5
1,3,lr5e-05_bs32_modL1_fusion32_fusionL1_drop0p1_trmiss50_trlocradio,32,5e-05,1,32,1,0.1,lr5e-05_bs32_modL1_fusion32_fusionL1_drop0p1_trmiss50_trlocradio,10,0.5577675104141235,0.690599113702774,0.5323275862068966,0.7061866439313541,0.5333333333333333,0.0,0.0,0.0,0.0,0.0,0.0,0.0,0.0,0.0,2002,radio,0.5
1,3,lr5e-05_bs32_modL1_fusion32_fusionL1_drop0p1_trmiss50_trlocradio,32,5e-05,1,32,1,0.1,lr5e-05_bs32_modL1_fusion32_fusionL1_drop0p1_trmiss50_trlocradio,11,0.5537412067254385,0.6921844780445099,0.5344827586206896,0.7059719091851954,0.5333333333333333,0.0,0.0,0.0,0.0,0.0,0.0,0.0,0.0,0.0,2002,radio,0.5
1,3,lr5e-05_bs32_modL1_fusion32_fusionL1_drop0p1_trmiss50_trlocradio,32,5e-05,1,32,1,0.1,lr5e-05_bs32_modL1_fusion32_fusionL1_drop0p1_trmiss50_trlocradio,12,0.5440396865208944,0.6927588284015656,0.5323275862068965,0.7036843824317366,0.5111111111111111,0.0,0.0,0.0,0.0,0.0,0.0,0.0,0.0,0.0,2002,radio,0.5
1,3,lr5e-05_bs32_modL1_fusion32_fusionL1_drop0p1_trmiss50_trlocradio,32,5e-05,1,32,1,0.1,lr5e-05_bs32_modL1_fusion32_fusionL1_drop0p1_trmiss50_trlocradio,13,0.5457084476947784,0.6947178244590759,0.5280172413793104,0.7024173918843862,0.5111111111111111,0.0,0.0,0.0,0.0,0.0,0.0,0.0,0.0,0.0,2002,radio,0.5
1,3,lr5e-05_bs32_modL1_fusion32_fusionL1_drop0p1_trmiss50_trlocradio,32,5e-05,1,32,1,0.1,lr5e-05_bs32_modL1_fusion32_fusionL1_drop0p1_trmiss50_trlocradio,14,0.537745197614034,0.6942156851291656,0.5280172413793103,0.7024174388727038,0.5111111111111111,0.0,0.0,0.0,0.0,0.0,0.0,0.0,0.0,0.0,2002,radio,0.5
1,3,lr5e-05_bs32_modL1_fusion32_fusionL1_drop0p1_trmiss50_trlocradio,32,5e-05,1,32,1,0.1,lr5e-05_bs32_modL1_fusion32_fusionL1_drop0p1_trmiss50_trlocradio,15,0.5319333374500275,0.6948729455471039,0.5366379310344828,0.7017428261291255,0.5333333333333333,0.0,0.0,0.0,0.0,0.0,0.0,0.0,0.0,0.0,2002,radio,0.5
1,3,lr5e-05_bs32_modL1_fusion32_fusionL1_drop0p1_trmiss50_trlocradio,32,5e-05,1,32,1,0.1,lr5e-05_bs32_modL1_fusion32_fusionL1_drop0p1_trmiss50_trlocradio,16,0.5243270943562189,0.6949224770069122,0.5387931034482758,0.7054048775529451,0.5555555555555556,0.0,0.0,0.0,0.0,0.0,0.0,0.0,0.0,0.0,2002,radio,0.5
1,3,lr5e-05_bs32_modL1_fusion32_fusionL1_drop0p1_trmiss50_trlocradio,32,5e-05,1,32,1,0.1,lr5e-05_bs32_modL1_fusion32_fusionL1_drop0p1_trmiss50_trlocradio,17,0.5318398972352346,0.696241706609726,0.5387931034482759,0.7061656368095427,0.5555555555555556,0.0,0.0,0.0,0.0,0.0,0.0,0.0,0.0,0.0,2002,radio,0.5
1,3,lr5e-05_bs32_modL1_fusion32_fusionL1_drop0p1_trmiss50_trlocradio,32,5e-05,1,32,1,0.1,lr5e-05_bs32_modL1_fusion32_fusionL1_drop0p1_trmiss50_trlocradio,18,0.5313543876012167,0.6948558688163757,0.5452586206896551,0.7063654423034659,0.5333333333333333,0.0,0.0,0.0,0.0,0.0,0.0,0.0,0.0,0.0,2002,radio,0.5
1,3,lr5e-05_bs32_modL1_fusion32_fusionL1_drop0p1_trmiss50_trlocradio,32,5e-05,1,32,1,0.1,lr5e-05_bs32_modL1_fusion32_fusionL1_drop0p1_trmiss50_trlocradio,19,0.5269280274709066,0.6951752007007599,0.5474137931034483,0.7090282035869169,0.5333333333333333,0.0,0.0,0.0,0.0,0.0,0.0,0.0,0.0,0.0,2002,radio,0.5
1,3,lr5e-05_bs32_modL1_fusion32_fusionL1_drop0p1_trmiss50_trlocradio,32,5e-05,1,32,1,0.1,lr5e-05_bs32_modL1_fusion32_fusionL1_drop0p1_trmiss50_trlocradio,20,0.5315805276234945,0.697030633687973,0.5474137931034483,0.7109162323239347,0.5333333333333333,0.0,0.0,0.0,0.0,0.0,0.0,0.0,0.0,0.0,2002,radio,0.5
1,3,lr5e-05_bs32_modL1_fusion32_fusionL1_drop0p1_trmiss50_trlocradio,32,5e-05,1,32,1,0.1,lr5e-05_bs32_modL1_fusion32_fusionL1_drop0p1_trmiss50_trlocradio,21,0.5211451550324758,0.6966258585453033,0.5495689655172414,0.7079253766220209,0.5333333333333333,0.0,0.0,0.0,0.0,0.0,0.0,0.0,0.0,0.0,2002,radio,0.5
1,3,lr5e-05_bs32_modL1_fusion32_fusionL1_drop0p1_trmiss50_trlocradio,32,5e-05,1,32,1,0.1,lr5e-05_bs32_modL1_fusion32_fusionL1_drop0p1_trmiss50_trlocradio,22,0.5140895843505859,0.6981306672096252,0.5495689655172413,0.7073356432736668,0.5333333333333333,0.0,0.0,0.0,0.0,0.0,0.0,0.0,0.0,0.0,2002,radio,0.5
1,3,lr5e-05_bs32_modL1_fusion32_fusionL1_drop0p1_trmiss50_trlocradio,32,5e-05,1,32,1,0.1,lr5e-05_bs32_modL1_fusion32_fusionL1_drop0p1_trmiss50_trlocradio,23,0.5206060508886973,0.6978990435600281,0.5387931034482759,0.7026094563061005,0.5333333333333333,0.0,0.0,0.0,0.0,0.0,0.0,0.0,0.0,0.0,2002,radio,0.5
1,3,lr5e-05_bs32_modL1_fusion32_fusionL1_drop0p1_trmiss50_trlocradio,32,5e-05,1,32,1,0.1,lr5e-05_bs32_modL1_fusion32_fusionL1_drop0p1_trmiss50_trlocradio,24,0.511677473783493,0.6977697312831879,0.5431034482758621,0.7044946896213542,0.5333333333333333,0.0,0.0,0.0,0.0,0.0,0.0,0.0,0.0,0.0,2002,radio,0.5
1,3,lr5e-05_bs32_modL1_fusion32_fusionL1_drop0p1_trmiss50_trlocradio,32,5e-05,1,32,1,0.1,lr5e-05_bs32_modL1_fusion32_fusionL1_drop0p1_trmiss50_trlocradio,25,0.5122345487276713,0.6958546042442322,0.5431034482758621,0.7043041919663534,0.5333333333333333,0.0,0.0,0.0,0.0,0.0,0.0,0.0,0.0,0.0,2002,radio,0.5
1,3,lr5e-05_bs32_modL1_fusion32_fusionL1_drop0p1_trmiss50_trlocradio,32,5e-05,1,32,1,0.1,lr5e-05_bs32_modL1_fusion32_fusionL1_drop0p1_trmiss50_trlocradio,26,0.5232558846473694,0.6960652470588684,0.5517241379310345,0.708002116759613,0.5333333333333333,0.0,0.0,0.0,0.0,0.0,0.0,0.0,0.0,0.0,2002,radio,0.5
1,3,lr5e-05_bs32_modL1_fusion32_fusionL1_drop0p1_trmiss50_trlocradio,32,5e-05,1,32,1,0.1,lr5e-05_bs32_modL1_fusion32_fusionL1_drop0p1_trmiss50_trlocradio,27,0.5235930879910787,0.6961823403835297,0.5581896551724138,0.7114168055191293,0.5333333333333333,0.0,0.0,0.0,0.0,0.0,0.0,0.0,0.0,0.0,2002,radio,0.5
1,3,lr5e-05_bs32_modL1_fusion32_fusionL1_drop0p1_trmiss50_trlocradio,32,5e-05,1,32,1,0.1,lr5e-05_bs32_modL1_fusion32_fusionL1_drop0p1_trmiss50_trlocradio,28,0.5199587692817053,0.6958407759666443,0.5538793103448275,0.7086234277257515,0.5333333333333333,0.0,0.0,0.0,0.0,0.0,0.0,0.0,0.0,0.0,2002,radio,0.5
1,3,lr5e-05_bs32_modL1_fusion32_fusionL1_drop0p1_trmiss50_trlocradio,32,5e-05,1,32,1,0.1,lr5e-05_bs32_modL1_fusion32_fusionL1_drop0p1_trmiss50_trlocradio,29,0.5243503053983053,0.6970952153205872,0.5538793103448276,0.7090640857751053,0.5333333333333333,0.0,0.0,0.0,0.0,0.0,0.0,0.0,0.0,0.0,2002,radio,0.5
1,3,lr5e-05_bs32_modL1_fusion32_fusionL1_drop0p1_trmiss50_trlocradio,32,5e-05,1,32,1,0.1,lr5e-05_bs32_modL1_fusion32_fusionL1_drop0p1_trmiss50_trlocradio,30,0.5184676051139832,0.6954545676708221,0.5517241379310345,0.7074864654943366,0.5333333333333333,0.0,0.0,0.0,0.0,0.0,0.0,0.0,0.0,0.0,2002,radio,0.5
1,3,lr5e-05_bs32_modL1_fusion32_fusionL1_drop0p1_trmiss50_trlocradio,32,5e-05,1,32,1,0.1,lr5e-05_bs32_modL1_fusion32_fusionL1_drop0p1_trmiss50_trlocradio,31,0.5048783620198568,0.6969448328018188,0.5452586206896551,0.7070760968081058,0.5333333333333333,0.0,0.0,0.0,0.0,0.0,0.0,0.0,0.0,0.0,2002,radio,0.5
1,3,lr5e-05_bs32_modL1_fusion32_fusionL1_drop0p1_trmiss50_trlocradio,32,5e-05,1,32,1,0.1,lr5e-05_bs32_modL1_fusion32_fusionL1_drop0p1_trmiss50_trlocradio,32,0.5183692028125128,0.6979363560676575,0.5474137931034483,0.7058372956292746,0.5333333333333333,0.0,0.0,0.0,0.0,0.0,0.0,0.0,0.0,0.0,2002,radio,0.5
1,3,lr5e-05_bs32_modL1_fusion32_fusionL1_drop0p1_trmiss50_trlocradio,32,5e-05,1,32,1,0.1,lr5e-05_bs32_modL1_fusion32_fusionL1_drop0p1_trmiss50_trlocradio,33,0.5151838660240173,0.6949855089187622,0.5474137931034483,0.7050701499745727,0.5555555555555556,0.0,0.0,0.0,0.0,0.0,0.0,0.0,0.0,0.0,2002,radio,0.5
1,3,lr5e-05_bs32_modL1_fusion32_fusionL1_drop0p1_trmiss50_trlocradio,32,5e-05,1,32,1,0.1,lr5e-05_bs32_modL1_fusion32_fusionL1_drop0p1_trmiss50_trlocradio,34,0.5070485323667526,0.69623664021492,0.5452586206896552,0.70474693172032,0.5333333333333333,0.0,0.0,0.0,0.0,0.0,0.0,0.0,0.0,0.0,2002,radio,0.5
1,3,lr5e-05_bs32_modL1_fusion32_fusionL1_drop0p1_trmiss50_trlocradio,32,5e-05,1,32,1,0.1,lr5e-05_bs32_modL1_fusion32_fusionL1_drop0p1_trmiss50_trlocradio,35,0.5113026450077692,0.6944714486598969,0.5517241379310345,0.7117259973200752,0.5333333333333333,0.0,0.0,0.0,0.0,0.0,0.0,0.0,0.0,0.0,2002,radio,0.5
1,3,lr5e-05_bs32_modL1_fusion32_fusionL1_drop0p1_trmiss50_trlocradio,32,5e-05,1,32,1,0.1,lr5e-05_bs32_modL1_fusion32_fusionL1_drop0p1_trmiss50_trlocradio,36,0.5147579858700434,0.6954043805599213,0.5474137931034483,0.7095667198159701,0.5333333333333333,0.0,0.0,0.0,0.0,0.0,0.0,0.0,0.0,0.0,2002,radio,0.5
1,3,lr5e-05_bs32_modL1_fusion32_fusionL1_drop0p1_trmiss50_trlocradio,32,5e-05,1,32,1,0.1,lr5e-05_bs32_modL1_fusion32_fusionL1_drop0p1_trmiss50_trlocradio,37,0.512246698141098,0.6961113512516022,0.5517241379310345,0.7098885674391671,0.5333333333333333,0.0,0.0,0.0,0.0,0.0,0.0,0.0,0.0,0.0,2002,radio,0.5
1,3,lr5e-05_bs32_modL1_fusion32_fusionL1_drop0p1_trmiss50_trlocradio,32,5e-05,1,32,1,0.1,lr5e-05_bs32_modL1_fusion32_fusionL1_drop0p1_trmiss50_trlocradio,38,0.5188870926698049,0.6947971284389496,0.5581896551724138,0.7116634162230114,0.5333333333333333,0.0,0.0,0.0,0.0,0.0,0.0,0.0,0.0,0.0,2002,radio,0.5
1,3,lr5e-05_bs32_modL1_fusion32_fusionL1_drop0p1_trmiss50_trlocradio,32,5e-05,1,32,1,0.1,lr5e-05_bs32_modL1_fusion32_fusionL1_drop0p1_trmiss50_trlocradio,39,0.5214024384816488,0.6953833401203156,0.5517241379310345,0.7091086011935513,0.5333333333333333,0.0,0.0,0.0,0.0,0.0,0.0,0.0,0.0,0.0,2002,radio,0.5
1,3,lr5e-05_bs32_modL1_fusion32_fusionL1_drop0p1_trmiss50_trlocradio,32,5e-05,1,32,1,0.1,lr5e-05_bs32_modL1_fusion32_fusionL1_drop0p1_trmiss50_trlocradio,40,0.509386365612348,0.6961672604084015,0.5452586206896551,0.7052046706263347,0.5555555555555556,0.0,0.0,0.0,0.0,0.0,0.0,0.0,0.0,0.0,2002,radio,0.5
1,3,lr5e-05_bs32_modL1_fusion32_fusionL1_drop0p1_trmiss50_trlocradio,32,5e-05,1,32,1,0.1,lr5e-05_bs32_modL1_fusion32_fusionL1_drop0p1_trmiss50_trlocradio,41,0.5189907550811768,0.6977670788764954,0.5474137931034483,0.7065152783162528,0.5333333333333333,0.0,0.0,0.0,0.0,0.0,0.0,0.0,0.0,0.0,2002,radio,0.5
1,3,lr5e-05_bs32_modL1_fusion32_fusionL1_drop0p1_trmiss50_trlocradio,32,5e-05,1,32,1,0.1,lr5e-05_bs32_modL1_fusion32_fusionL1_drop0p1_trmiss50_trlocradio,42,0.5179960529009501,0.6954652070999146,0.5517241379310345,0.7094178954392597,0.5555555555555556,0.0,0.0,0.0,0.0,0.0,0.0,0.0,0.0,0.0,2002,radio,0.5
1,3,lr5e-05_bs32_modL1_fusion32_fusionL1_drop0p1_trmiss50_trlocradio,32,5e-05,1,32,1,0.1,lr5e-05_bs32_modL1_fusion32_fusionL1_drop0p1_trmiss50_trlocradio,43,0.5121003935734431,0.695125937461853,0.5452586206896551,0.7050244766676353,0.5555555555555556,0.0,0.0,0.0,0.0,0.0,0.0,0.0,0.0,0.0,2002,radio,0.5
1,3,lr5e-05_bs32_modL1_fusion32_fusionL1_drop0p1_trmiss50_trlocradio,32,5e-05,1,32,1,0.1,lr5e-05_bs32_modL1_fusion32_fusionL1_drop0p1_trmiss50_trlocradio,44,0.5208805501461029,0.6960177421569824,0.5452586206896552,0.7051580723038743,0.5333333333333333,0.0,0.0,0.0,0.0,0.0,0.0,0.0,0.0,0.0,2002,radio,0.5
1,3,lr5e-05_bs32_modL1_fusion32_fusionL1_drop0p1_trmiss50_trlocradio,32,5e-05,1,32,1,0.1,lr5e-05_bs32_modL1_fusion32_fusionL1_drop0p1_trmiss50_trlocradio,45,0.5074672649304072,0.6959375441074371,0.5538793103448276,0.7114006977444008,0.5333333333333333,0.0,0.0,0.0,0.0,0.0,0.0,0.0,0.0,0.0,2002,radio,0.5
1,3,lr5e-05_bs32_modL1_fusion32_fusionL1_drop0p1_trmiss50_trlocradio,32,5e-05,1,32,1,0.1,lr5e-05_bs32_modL1_fusion32_fusionL1_drop0p1_trmiss50_trlocradio,46,0.5218220849831899,0.6954439580440521,0.5474137931034483,0.7072945347851644,0.5555555555555556,0.0,0.0,0.0,0.0,0.0,0.0,0.0,0.0,0.0,2002,radio,0.5
1,3,lr5e-05_bs32_modL1_fusion32_fusionL1_drop0p1_trmiss50_trlocradio,32,5e-05,1,32,1,0.1,lr5e-05_bs32_modL1_fusion32_fusionL1_drop0p1_trmiss50_trlocradio,47,0.5070526997248331,0.6961385905742645,0.5474137931034482,0.7056814315623396,0.5555555555555556,0.0,0.0,0.0,0.0,0.0,0.0,0.0,0.0,0.0,2002,radio,0.5
1,3,lr5e-05_bs32_modL1_fusion32_fusionL1_drop0p1_trmiss50_trlocradio,32,5e-05,1,32,1,0.1,lr5e-05_bs32_modL1_fusion32_fusionL1_drop0p1_trmiss50_trlocradio,48,0.5207857191562653,0.6967428922653198,0.5431034482758621,0.7024889844170007,0.5333333333333333,0.0,0.0,0.0,0.0,0.0,0.0,0.0,0.0,0.0,2002,radio,0.5
1,3,lr5e-05_bs32_modL1_fusion32_fusionL1_drop0p1_trmiss50_trlocradio,32,5e-05,1,32,1,0.1,lr5e-05_bs32_modL1_fusion32_fusionL1_drop0p1_trmiss50_trlocradio,49,0.5063943415880203,0.6969704031944275,0.5495689655172413,0.7066584430565925,0.5333333333333333,0.0,0.0,0.0,0.0,0.0,0.0,0.0,0.0,0.0,2002,radio,0.5
1,3,lr5e-05_bs32_modL1_fusion32_fusionL1_drop0p1_trmiss50_trlocradio,32,5e-05,1,32,1,0.1,lr5e-05_bs32_modL1_fusion32_fusionL1_drop0p1_trmiss50_trlocradio,50,0.5129248152176539,0.696662038564682,0.5560344827586207,0.7109736318000935,0.5333333333333333,0.0,0.0,0.0,0.0,0.0,0.0,0.0,0.0,0.0,2002,radio,0.5
1,3,lr5e-05_bs32_modL1_fusion32_fusionL1_drop0p1_trmiss50_trlocradio,32,5e-05,1,32,1,0.1,lr5e-05_bs32_modL1_fusion32_fusionL1_drop0p1_trmiss50_trlocradio,51,0.5067532509565353,0.6963867843151093,0.5581896551724137,0.7110485887716022,0.5333333333333333,0.0,0.0,0.0,0.0,0.0,0.0,0.0,0.0,0.0,2002,radio,0.5
1,3,lr5e-05_bs32_modL1_fusion32_fusionL1_drop0p1_trmiss50_trlocradio,32,5e-05,1,32,1,0.1,lr5e-05_bs32_modL1_fusion32_fusionL1_drop0p1_trmiss50_trlocradio,52,0.5084047069152197,0.6967254877090454,0.5538793103448275,0.7087266977690515,0.5333333333333333,0.0,0.0,0.0,0.0,0.0,0.0,0.0,0.0,0.0,2002,radio,0.5
1,3,lr5e-05_bs32_modL1_fusion32_fusionL1_drop0p1_trmiss50_trlocradio,32,5e-05,1,32,1,0.1,lr5e-05_bs32_modL1_fusion32_fusionL1_drop0p1_trmiss50_trlocradio,53,0.5183116445938746,0.6952471137046814,0.5560344827586207,0.7098170616780061,0.5555555555555556,0.0,0.0,0.0,0.0,0.0,0.0,0.0,0.0,0.0,2002,radio,0.5
1,3,lr5e-05_bs32_modL1_fusion32_fusionL1_drop0p1_trmiss50_trlocradio,32,5e-05,1,32,1,0.1,lr5e-05_bs32_modL1_fusion32_fusionL1_drop0p1_trmiss50_trlocradio,54,0.5187284350395203,0.6963602304458618,0.5474137931034483,0.7071144812712514,0.5333333333333333,0.0,0.0,0.0,0.0,0.0,0.0,0.0,0.0,0.0,2002,radio,0.5
1,3,lr5e-05_bs32_modL1_fusion32_fusionL1_drop0p1_trmiss50_trlocradio,32,5e-05,1,32,1,0.1,lr5e-05_bs32_modL1_fusion32_fusionL1_drop0p1_trmiss50_trlocradio,55,0.5086082220077515,0.6971288621425629,0.540948275862069,0.7028150130642634,0.5333333333333333,0.0,0.0,0.0,0.0,0.0,0.0,0.0,0.0,0.0,2002,radio,0.5
1,3,lr5e-05_bs32_modL1_fusion32_fusionL1_drop0p1_trmiss50_trlocradio,32,5e-05,1,32,1,0.1,lr5e-05_bs32_modL1_fusion32_fusionL1_drop0p1_trmiss50_trlocradio,56,0.5172123511632284,0.6953195035457611,0.5452586206896552,0.7056486481392777,0.5333333333333333,0.0,0.0,0.0,0.0,0.0,0.0,0.0,0.0,0.0,2002,radio,0.5
1,3,lr5e-05_bs32_modL1_fusion32_fusionL1_drop0p1_trmiss50_trlocradio,32,5e-05,1,32,1,0.1,lr5e-05_bs32_modL1_fusion32_fusionL1_drop0p1_trmiss50_trlocradio,57,0.5192280213038126,0.6956200897693634,0.5474137931034483,0.7050701499745727,0.5555555555555556,0.0,0.0,0.0,0.0,0.0,0.0,0.0,0.0,0.0,2002,radio,0.5
1,3,lr5e-05_bs32_modL1_fusion32_fusionL1_drop0p1_trmiss50_trlocradio,32,5e-05,1,32,1,0.1,lr5e-05_bs32_modL1_fusion32_fusionL1_drop0p1_trmiss50_trlocradio,58,0.5029642184575399,0.6958037316799164,0.5495689655172413,0.7067352265272054,0.5333333333333333,0.0,0.0,0.0,0.0,0.0,0.0,0.0,0.0,0.0,2002,radio,0.5
1,3,lr5e-05_bs32_modL1_fusion64_fusionL1_drop0p2_trmiss50_trlocradio,32,5e-05,1,64,1,0.2,lr5e-05_bs32_modL1_fusion64_fusionL1_drop0p2_trmiss50_trlocradio,1,0.7189039091269175,0.7012463808059692,0.41163793103448276,0.5720388652097366,0.5333333333333333,0.0,0.0,0.0,0.0,0.0,0.0,0.0,0.0,0.0,2002,radio,0.5
1,3,lr5e-05_bs32_modL1_fusion64_fusionL1_drop0p2_trmiss50_trlocradio,32,5e-05,1,64,1,0.2,lr5e-05_bs32_modL1_fusion64_fusionL1_drop0p2_trmiss50_trlocradio,2,0.6875461836655935,0.7153142690658569,0.4051724137931034,0.5733278912969906,0.5555555555555556,0.0,0.0,0.0,0.0,0.0,0.0,0.0,0.0,0.0,2002,radio,0.5
1,3,lr5e-05_bs32_modL1_fusion64_fusionL1_drop0p2_trmiss50_trlocradio,32,5e-05,1,64,1,0.2,lr5e-05_bs32_modL1_fusion64_fusionL1_drop0p2_trmiss50_trlocradio,3,0.6633660395940145,0.7312696576118469,0.41163793103448276,0.5789922871696829,0.5111111111111111,0.0,0.0,0.0,0.0,0.0,0.0,0.0,0.0,0.0,2002,radio,0.5
1,3,lr5e-05_bs32_modL1_fusion64_fusionL1_drop0p2_trmiss50_trlocradio,32,5e-05,1,64,1,0.2,lr5e-05_bs32_modL1_fusion64_fusionL1_drop0p2_trmiss50_trlocradio,4,0.6567130585511526,0.7446751892566681,0.39655172413793105,0.5728117033392832,0.4888888888888889,0.0,0.0,0.0,0.0,0.0,0.0,0.0,0.0,0.0,2002,radio,0.5
1,3,lr5e-05_bs32_modL1_fusion64_fusionL1_drop0p2_trmiss50_trlocradio,32,5e-05,1,64,1,0.2,lr5e-05_bs32_modL1_fusion64_fusionL1_drop0p2_trmiss50_trlocradio,5,0.6271959245204926,0.752264678478241,0.3879310344827586,0.5737221984760007,0.4444444444444444,0.0,0.0,0.0,0.0,0.0,0.0,0.0,0.0,0.0,2002,radio,0.5
1,3,lr5e-05_bs32_modL1_fusion64_fusionL1_drop0p2_trmiss50_trlocradio,32,5e-05,1,64,1,0.2,lr5e-05_bs32_modL1_fusion64_fusionL1_drop0p2_trmiss50_trlocradio,6,0.6351990699768066,0.756790965795517,0.38146551724137934,0.5726269651168581,0.4222222222222222,0.0,0.0,0.0,0.0,0.0,0.0,0.0,0.0,0.0,2002,radio,0.5
1,3,lr5e-05_bs32_modL1_fusion64_fusionL1_drop0p2_trmiss50_trlocradio,32,5e-05,1,64,1,0.2,lr5e-05_bs32_modL1_fusion64_fusionL1_drop0p2_trmiss50_trlocradio,7,0.6259533166885376,0.7620097100734711,0.375,0.568944620288869,0.4222222222222222,0.0,0.0,0.0,0.0,0.0,0.0,0.0,0.0,0.0,2002,radio,0.5
1,3,lr5e-05_bs32_modL1_fusion64_fusionL1_drop0p2_trmiss50_trlocradio,32,5e-05,1,64,1,0.2,lr5e-05_bs32_modL1_fusion64_fusionL1_drop0p2_trmiss50_trlocradio,8,0.6400956213474274,0.7633029818534851,0.3706896551724138,0.5681949229874476,0.4222222222222222,0.0,0.0,0.0,0.0,0.0,0.0,0.0,0.0,0.0,2002,radio,0.5
1,3,lr5e-05_bs32_modL1_fusion64_fusionL1_drop0p2_trmiss50_trlocradio,32,5e-05,1,64,1,0.2,lr5e-05_bs32_modL1_fusion64_fusionL1_drop0p2_trmiss50_trlocradio,9,0.6220245659351349,0.7648324072360992,0.3814655172413793,0.5732963490415647,0.4222222222222222,0.0,0.0,0.0,0.0,0.0,0.0,0.0,0.0,0.0,2002,radio,0.5
1,3,lr5e-05_bs32_modL1_fusion64_fusionL1_drop0p2_trmiss50_trlocradio,32,5e-05,1,64,1,0.2,lr5e-05_bs32_modL1_fusion64_fusionL1_drop0p2_trmiss50_trlocradio,10,0.6170018911361694,0.7620499432086945,0.3706896551724138,0.5680865912830813,0.4222222222222222,0.0,0.0,0.0,0.0,0.0,0.0,0.0,0.0,0.0,2002,radio,0.5
1,3,lr5e-05_bs32_modL1_fusion64_fusionL1_drop0p2_trmiss50_trlocradio,32,5e-05,1,64,1,0.2,lr5e-05_bs32_modL1_fusion64_fusionL1_drop0p2_trmiss50_trlocradio,11,0.5961945454279581,0.7625024020671844,0.3642241379310345,0.5651856607959438,0.4,0.0,0.0,0.0,0.0,0.0,0.0,0.0,0.0,0.0,2002,radio,0.5
1,3,lr5e-05_bs32_modL1_fusion64_fusionL1_drop0p2_trmiss50_trlocradio,32,5e-05,1,64,1,0.2,lr5e-05_bs32_modL1_fusion64_fusionL1_drop0p2_trmiss50_trlocradio,12,0.6036274830500284,0.7596546113491058,0.3620689655172414,0.5638214278674427,0.4,0.0,0.0,0.0,0.0,0.0,0.0,0.0,0.0,0.0,2002,radio,0.5
1,3,lr5e-05_bs32_modL1_fusion64_fusionL1_drop0p2_trmiss50_trlocradio,32,5e-05,1,64,1,0.2,lr5e-05_bs32_modL1_fusion64_fusionL1_drop0p2_trmiss50_trlocradio,13,0.5894732971986135,0.7617939710617065,0.35775862068965514,0.5617215989194,0.37777777777777777,0.0,0.0,0.0,0.0,0.0,0.0,0.0,0.0,0.0,2002,radio,0.5
1,3,lr5e-05_bs32_modL1_fusion64_fusionL1_drop0p2_trmiss50_trlocradio,32,5e-05,1,64,1,0.2,lr5e-05_bs32_modL1_fusion64_fusionL1_drop0p2_trmiss50_trlocradio,14,0.5858059028784434,0.7635482549667358,0.375,0.5703624736891069,0.4222222222222222,0.0,0.0,0.0,0.0,0.0,0.0,0.0,0.0,0.0,2002,radio,0.5
1,3,lr5e-05_bs32_modL1_fusion64_fusionL1_drop0p2_trmiss50_trlocradio,32,5e-05,1,64,1,0.2,lr5e-05_bs32_modL1_fusion64_fusionL1_drop0p2_trmiss50_trlocradio,15,0.5923975308736166,0.7659985423088074,0.3620689655172414,0.5632011155713305,0.4,0.0,0.0,0.0,0.0,0.0,0.0,0.0,0.0,0.0,2002,radio,0.5
1,3,lr5e-05_bs32_modL1_fusion64_fusionL1_drop0p2_trmiss50_trlocradio,32,5e-05,1,64,1,0.2,lr5e-05_bs32_modL1_fusion64_fusionL1_drop0p2_trmiss50_trlocradio,16,0.5791979233423868,0.7640995979309082,0.35775862068965514,0.56170063428488,0.4444444444444444,0.0,0.0,0.0,0.0,0.0,0.0,0.0,0.0,0.0,2002,radio,0.5
1,3,lr5e-05_bs32_modL1_fusion64_fusionL1_drop0p2_trmiss50_trlocradio,32,5e-05,1,64,1,0.2,lr5e-05_bs32_modL1_fusion64_fusionL1_drop0p2_trmiss50_trlocradio,17,0.5706955889860789,0.7690670490264893,0.35129310344827586,0.5591286063578826,0.4222222222222222,0.0,0.0,0.0,0.0,0.0,0.0,0.0,0.0,0.0,2002,radio,0.5
1,3,lr5e-05_bs32_modL1_fusion64_fusionL1_drop0p2_trmiss50_trlocradio,32,5e-05,1,64,1,0.2,lr5e-05_bs32_modL1_fusion64_fusionL1_drop0p2_trmiss50_trlocradio,18,0.5909271240234375,0.7704925835132599,0.3448275862068966,0.5516600663335616,0.4444444444444444,0.0,0.0,0.0,0.0,0.0,0.0,0.0,0.0,0.0,2002,radio,0.5
1,3,lr5e-05_bs32_modL1_fusion64_fusionL1_drop0p2_trmiss50_trlocradio,32,5e-05,1,64,1,0.2,lr5e-05_bs32_modL1_fusion64_fusionL1_drop0p2_trmiss50_trlocradio,19,0.5902103881041209,0.7728580236434937,0.35560344827586204,0.5614964773870113,0.4,0.0,0.0,0.0,0.0,0.0,0.0,0.0,0.0,0.0,2002,radio,0.5
1,3,lr5e-05_bs32_modL1_fusion64_fusionL1_drop0p2_trmiss50_trlocradio,32,5e-05,1,64,1,0.2,lr5e-05_bs32_modL1_fusion64_fusionL1_drop0p2_trmiss50_trlocradio,20,0.6003413299719492,0.7712792456150055,0.3599137931034483,0.5638710832859578,0.4222222222222222,0.0,0.0,0.0,0.0,0.0,0.0,0.0,0.0,0.0,2002,radio,0.5
1,3,lr5e-05_bs32_modL1_fusion64_fusionL1_drop0p2_trmiss50_trlocradio,32,5e-05,1,64,1,0.2,lr5e-05_bs32_modL1_fusion64_fusionL1_drop0p2_trmiss50_trlocradio,21,0.5886261761188507,0.7700759768486023,0.3512931034482759,0.5592611665843896,0.4222222222222222,0.0,0.0,0.0,0.0,0.0,0.0,0.0,0.0,0.0,2002,radio,0.5
1,3,lr5e-05_bs32_modL1_fusion64_fusionL1_drop0p2_trmiss50_trlocradio,32,5e-05,1,64,1,0.2,lr5e-05_bs32_modL1_fusion64_fusionL1_drop0p2_trmiss50_trlocradio,22,0.5859698951244354,0.7727246880531311,0.34913793103448276,0.556181251232669,0.4222222222222222,0.0,0.0,0.0,0.0,0.0,0.0,0.0,0.0,0.0,2002,radio,0.5
1,3,lr5e-05_bs32_modL1_fusion64_fusionL1_drop0p2_trmiss50_trlocradio,32,5e-05,1,64,1,0.2,lr5e-05_bs32_modL1_fusion64_fusionL1_drop0p2_trmiss50_trlocradio,23,0.5861517488956451,0.7713447511196136,0.35129310344827586,0.5592401936425242,0.4222222222222222,0.0,0.0,0.0,0.0,0.0,0.0,0.0,0.0,0.0,2002,radio,0.5
1,3,lr5e-05_bs32_modL1_fusion64_fusionL1_drop0p2_trmiss50_trlocradio,32,5e-05,1,64,1,0.2,lr5e-05_bs32_modL1_fusion64_fusionL1_drop0p2_trmiss50_trlocradio,24,0.5689918200174967,0.7720946669578552,0.35129310344827586,0.5567687059468636,0.4222222222222222,0.0,0.0,0.0,0.0,0.0,0.0,0.0,0.0,0.0,2002,radio,0.5
1,3,lr5e-05_bs32_modL1_fusion64_fusionL1_drop0p2_trmiss50_trlocradio,32,5e-05,1,64,1,0.2,lr5e-05_bs32_modL1_fusion64_fusionL1_drop0p2_trmiss50_trlocradio,25,0.5397442281246185,0.7693670690059662,0.35344827586206895,0.5600827457501559,0.4222222222222222,0.0,0.0,0.0,0.0,0.0,0.0,0.0,0.0,0.0,2002,radio,0.5
1,3,lr5e-05_bs32_modL1_fusion64_fusionL1_drop0p1_trmiss50_trlocradio,32,5e-05,1,64,1,0.1,lr5e-05_bs32_modL1_fusion64_fusionL1_drop0p1_trmiss50_trlocradio,1,0.7206088701883951,0.6995173394680023,0.5517241379310345,0.6739269390555949,0.5333333333333333,0.0,0.0,0.0,0.0,0.0,0.0,0.0,0.0,0.0,2002,radio,0.5
1,3,lr5e-05_bs32_modL1_fusion64_fusionL1_drop0p1_trmiss50_trlocradio,32,5e-05,1,64,1,0.1,lr5e-05_bs32_modL1_fusion64_fusionL1_drop0p1_trmiss50_trlocradio,2,0.6923214296499888,0.7037644684314728,0.5431034482758621,0.6714267388023709,0.5555555555555556,0.0,0.0,0.0,0.0,0.0,0.0,0.0,0.0,0.0,2002,radio,0.5
1,3,lr5e-05_bs32_modL1_fusion64_fusionL1_drop0p1_trmiss50_trlocradio,32,5e-05,1,64,1,0.1,lr5e-05_bs32_modL1_fusion64_fusionL1_drop0p1_trmiss50_trlocradio,3,0.649153858423233,0.7117880880832672,0.5150862068965517,0.6529035441114917,0.5555555555555556,0.0,0.0,0.0,0.0,0.0,0.0,0.0,0.0,0.0,2002,radio,0.5
1,3,lr5e-05_bs32_modL1_fusion64_fusionL1_drop0p1_trmiss50_trlocradio,32,5e-05,1,64,1,0.1,lr5e-05_bs32_modL1_fusion64_fusionL1_drop0p1_trmiss50_trlocradio,4,0.6348615487416586,0.7209831774234772,0.5150862068965517,0.6574798222911407,0.5555555555555556,0.0,0.0,0.0,0.0,0.0,0.0,0.0,0.0,0.0,2002,radio,0.5
1,3,lr5e-05_bs32_modL1_fusion64_fusionL1_drop0p1_trmiss50_trlocradio,32,5e-05,1,64,1,0.1,lr5e-05_bs32_modL1_fusion64_fusionL1_drop0p1_trmiss50_trlocradio,5,0.617647627989451,0.7272193431854248,0.5086206896551724,0.6502580940301628,0.5111111111111111,0.0,0.0,0.0,0.0,0.0,0.0,0.0,0.0,0.0,2002,radio,0.5
1,3,lr5e-05_bs32_modL1_fusion64_fusionL1_drop0p1_trmiss50_trlocradio,32,5e-05,1,64,1,0.1,lr5e-05_bs32_modL1_fusion64_fusionL1_drop0p1_trmiss50_trlocradio,6,0.6002704203128815,0.7344838976860046,0.4956896551724138,0.6371320367991359,0.4888888888888889,0.0,0.0,0.0,0.0,0.0,0.0,0.0,0.0,0.0,2002,radio,0.5
1,3,lr5e-05_bs32_modL1_fusion64_fusionL1_drop0p1_trmiss50_trlocradio,32,5e-05,1,64,1,0.1,lr5e-05_bs32_modL1_fusion64_fusionL1_drop0p1_trmiss50_trlocradio,7,0.5769329269727071,0.7481311559677124,0.4892241379310345,0.6327341379845826,0.4888888888888889,0.0,0.0,0.0,0.0,0.0,0.0,0.0,0.0,0.0,2002,radio,0.5
1,3,lr5e-05_bs32_modL1_fusion64_fusionL1_drop0p1_trmiss50_trlocradio,32,5e-05,1,64,1,0.1,lr5e-05_bs32_modL1_fusion64_fusionL1_drop0p1_trmiss50_trlocradio,8,0.5737303098042806,0.7514416873455048,0.4892241379310345,0.6339631297844368,0.5333333333333333,0.0,0.0,0.0,0.0,0.0,0.0,0.0,0.0,0.0,2002,radio,0.5
1,3,lr5e-05_bs32_modL1_fusion64_fusionL1_drop0p1_trmiss50_trlocradio,32,5e-05,1,64,1,0.1,lr5e-05_bs32_modL1_fusion64_fusionL1_drop0p1_trmiss50_trlocradio,9,0.5730472306410471,0.7544167637825012,0.4935344827586207,0.6341416119719144,0.5333333333333333,0.0,0.0,0.0,0.0,0.0,0.0,0.0,0.0,0.0,2002,radio,0.5
1,3,lr5e-05_bs32_modL1_fusion64_fusionL1_drop0p1_trmiss50_trlocradio,32,5e-05,1,64,1,0.1,lr5e-05_bs32_modL1_fusion64_fusionL1_drop0p1_trmiss50_trlocradio,10,0.5619435012340546,0.7559953331947327,0.4913793103448275,0.6402004600369526,0.5333333333333333,0.0,0.0,0.0,0.0,0.0,0.0,0.0,0.0,0.0,2002,radio,0.5
1,3,lr5e-05_bs32_modL1_fusion64_fusionL1_drop0p1_trmiss50_trlocradio,32,5e-05,1,64,1,0.1,lr5e-05_bs32_modL1_fusion64_fusionL1_drop0p1_trmiss50_trlocradio,11,0.5611428618431091,0.7577380537986755,0.49353448275862066,0.6411212719978092,0.5333333333333333,0.0,0.0,0.0,0.0,0.0,0.0,0.0,0.0,0.0,2002,radio,0.5
1,3,lr5e-05_bs32_modL1_fusion64_fusionL1_drop0p1_trmiss50_trlocradio,32,5e-05,1,64,1,0.1,lr5e-05_bs32_modL1_fusion64_fusionL1_drop0p1_trmiss50_trlocradio,12,0.5419244567553202,0.7564883530139923,0.4892241379310345,0.6351052264934434,0.5333333333333333,0.0,0.0,0.0,0.0,0.0,0.0,0.0,0.0,0.0,2002,radio,0.5
1,3,lr5e-05_bs32_modL1_fusion64_fusionL1_drop0p1_trmiss50_trlocradio,32,5e-05,1,64,1,0.1,lr5e-05_bs32_modL1_fusion64_fusionL1_drop0p1_trmiss50_trlocradio,13,0.5430052876472473,0.7565975487232208,0.49137931034482757,0.6350343231116715,0.5333333333333333,0.0,0.0,0.0,0.0,0.0,0.0,0.0,0.0,0.0,2002,radio,0.5
1,3,lr5e-05_bs32_modL1_fusion64_fusionL1_drop0p1_trmiss50_trlocradio,32,5e-05,1,64,1,0.1,lr5e-05_bs32_modL1_fusion64_fusionL1_drop0p1_trmiss50_trlocradio,14,0.528489222129186,0.7537871897220612,0.4935344827586207,0.6339503300038611,0.5333333333333333,0.0,0.0,0.0,0.0,0.0,0.0,0.0,0.0,0.0,2002,radio,0.5
1,3,lr5e-05_bs32_modL1_fusion64_fusionL1_drop0p1_trmiss50_trlocradio,32,5e-05,1,64,1,0.1,lr5e-05_bs32_modL1_fusion64_fusionL1_drop0p1_trmiss50_trlocradio,15,0.5379568239053091,0.7535862624645233,0.5043103448275862,0.6575144358587576,0.5333333333333333,0.0,0.0,0.0,0.0,0.0,0.0,0.0,0.0,0.0,2002,radio,0.5
1,3,lr5e-05_bs32_modL1_fusion64_fusionL1_drop0p1_trmiss50_trlocradio,32,5e-05,1,64,1,0.1,lr5e-05_bs32_modL1_fusion64_fusionL1_drop0p1_trmiss50_trlocradio,16,0.5235643982887268,0.7524305582046509,0.5043103448275862,0.6582381135220904,0.5333333333333333,0.0,0.0,0.0,0.0,0.0,0.0,0.0,0.0,0.0,2002,radio,0.5
1,3,lr5e-05_bs32_modL1_fusion64_fusionL1_drop0p1_trmiss50_trlocradio,32,5e-05,1,64,1,0.1,lr5e-05_bs32_modL1_fusion64_fusionL1_drop0p1_trmiss50_trlocradio,17,0.5145763208468755,0.7462030053138733,0.5107758620689655,0.6648408476660792,0.5333333333333333,0.0,0.0,0.0,0.0,0.0,0.0,0.0,0.0,0.0,2002,radio,0.5
1,3,lr5e-05_bs32_modL1_fusion64_fusionL1_drop0p1_trmiss50_trlocradio,32,5e-05,1,64,1,0.1,lr5e-05_bs32_modL1_fusion64_fusionL1_drop0p1_trmiss50_trlocradio,18,0.5122928271691004,0.7488865852355957,0.5129310344827586,0.6653316975222467,0.5333333333333333,0.0,0.0,0.0,0.0,0.0,0.0,0.0,0.0,0.0,2002,radio,0.5
1,3,lr5e-05_bs32_modL1_fusion64_fusionL1_drop0p1_trmiss50_trlocradio,32,5e-05,1,64,1,0.1,lr5e-05_bs32_modL1_fusion64_fusionL1_drop0p1_trmiss50_trlocradio,19,0.5105719019969305,0.753216415643692,0.5129310344827587,0.6663169191971237,0.5333333333333333,0.0,0.0,0.0,0.0,0.0,0.0,0.0,0.0,0.0,2002,radio,0.5
1,3,lr5e-05_bs32_modL1_fusion64_fusionL1_drop0p1_trmiss50_trlocradio,32,5e-05,1,64,1,0.1,lr5e-05_bs32_modL1_fusion64_fusionL1_drop0p1_trmiss50_trlocradio,20,0.5316634525855383,0.7588403224945068,0.5064655172413792,0.6619829476664776,0.5111111111111111,0.0,0.0,0.0,0.0,0.0,0.0,0.0,0.0,0.0,2002,radio,0.5
1,3,lr5e-05_bs32_modL1_fusion64_fusionL1_drop0p1_trmiss50_trlocradio,32,5e-05,1,64,1,0.1,lr5e-05_bs32_modL1_fusion64_fusionL1_drop0p1_trmiss50_trlocradio,21,0.5202649831771851,0.7590997815132141,0.5107758620689655,0.66688364534608,0.5111111111111111,0.0,0.0,0.0,0.0,0.0,0.0,0.0,0.0,0.0,2002,radio,0.5
1,3,lr5e-05_bs32_modL1_fusion64_fusionL1_drop0p1_trmiss50_trlocradio,32,5e-05,1,64,1,0.1,lr5e-05_bs32_modL1_fusion64_fusionL1_drop0p1_trmiss50_trlocradio,22,0.5170337706804276,0.7590706944465637,0.5043103448275863,0.6574771931100131,0.5111111111111111,0.0,0.0,0.0,0.0,0.0,0.0,0.0,0.0,0.0,2002,radio,0.5
1,3,lr5e-05_bs32_modL1_fusion64_fusionL1_drop0p1_trmiss50_trlocradio,32,5e-05,1,64,1,0.1,lr5e-05_bs32_modL1_fusion64_fusionL1_drop0p1_trmiss50_trlocradio,23,0.5245178043842316,0.7592833340167999,0.5086206896551724,0.6591714545085555,0.5111111111111111,0.0,0.0,0.0,0.0,0.0,0.0,0.0,0.0,0.0,2002,radio,0.5
1,3,lr5e-05_bs32_modL1_fusion64_fusionL1_drop0p1_trmiss50_trlocradio,32,5e-05,1,64,1,0.1,lr5e-05_bs32_modL1_fusion64_fusionL1_drop0p1_trmiss50_trlocradio,24,0.5171067466338476,0.7571592926979065,0.5129310344827587,0.6622526205223573,0.5111111111111111,0.0,0.0,0.0,0.0,0.0,0.0,0.0,0.0,0.0,2002,radio,0.5
1,3,lr5e-05_bs32_modL1_fusion64_fusionL1_drop0p1_trmiss50_trlocradio,32,5e-05,1,64,1,0.1,lr5e-05_bs32_modL1_fusion64_fusionL1_drop0p1_trmiss50_trlocradio,25,0.5194340546925863,0.7558366358280182,0.5107758620689655,0.6610729472011232,0.5111111111111111,0.0,0.0,0.0,0.0,0.0,0.0,0.0,0.0,0.0,2002,radio,0.5
1,3,lr5e-05_bs32_modL1_fusion64_fusionL1_drop0p1_trmiss50_trlocradio,32,5e-05,1,64,1,0.1,lr5e-05_bs32_modL1_fusion64_fusionL1_drop0p1_trmiss50_trlocradio,26,0.5127844860156378,0.7572302520275116,0.5086206896551724,0.6628848044304034,0.5111111111111111,0.0,0.0,0.0,0.0,0.0,0.0,0.0,0.0,0.0,2002,radio,0.5
1,3,lr5e-05_bs32_modL1_fusion64_fusionL1_drop0p1_trmiss50_trlocradio,32,5e-05,1,64,1,0.1,lr5e-05_bs32_modL1_fusion64_fusionL1_drop0p1_trmiss50_trlocradio,27,0.5039534767468771,0.7562795281410217,0.5107758620689655,0.6617658051065358,0.5111111111111111,0.0,0.0,0.0,0.0,0.0,0.0,0.0,0.0,0.0,2002,radio,0.5
1,3,lr5e-05_bs32_modL1_fusion64_fusionL1_drop0p1_trmiss50_trlocradio,32,5e-05,1,64,1,0.1,lr5e-05_bs32_modL1_fusion64_fusionL1_drop0p1_trmiss50_trlocradio,28,0.49658214052518207,0.75596883893013,0.5021551724137931,0.6590682097840764,0.5111111111111111,0.0,0.0,0.0,0.0,0.0,0.0,0.0,0.0,0.0,2002,radio,0.5
1,3,lr5e-05_bs32_modL1_fusion64_fusionL1_drop0p1_trmiss50_trlocradio,32,5e-05,1,64,1,0.1,lr5e-05_bs32_modL1_fusion64_fusionL1_drop0p1_trmiss50_trlocradio,29,0.49670017262299854,0.7528444528579712,0.5107758620689655,0.6636493555632136,0.5111111111111111,0.0,0.0,0.0,0.0,0.0,0.0,0.0,0.0,0.0,2002,radio,0.5
1,3,lr5e-05_bs32_modL1_fusion64_fusionL1_drop0p1_trmiss50_trlocradio,32,5e-05,1,64,1,0.1,lr5e-05_bs32_modL1_fusion64_fusionL1_drop0p1_trmiss50_trlocradio,30,0.49092183510462445,0.7540797889232635,0.5064655172413792,0.6583587151566269,0.5111111111111111,0.0,0.0,0.0,0.0,0.0,0.0,0.0,0.0,0.0,2002,radio,0.5
1,3,lr5e-05_bs32_modL1_fusion64_fusionL1_drop0p1_trmiss50_trlocradio,32,5e-05,1,64,1,0.1,lr5e-05_bs32_modL1_fusion64_fusionL1_drop0p1_trmiss50_trlocradio,31,0.4969719449679057,0.7572774291038513,0.5086206896551724,0.6656084933627309,0.5111111111111111,0.0,0.0,0.0,0.0,0.0,0.0,0.0,0.0,0.0,2002,radio,0.5
1,3,lr5e-05_bs32_modL1_fusion64_fusionL1_drop0p1_trmiss50_trlocradio,32,5e-05,1,64,1,0.1,lr5e-05_bs32_modL1_fusion64_fusionL1_drop0p1_trmiss50_trlocradio,32,0.5072528620560964,0.7534194886684418,0.5150862068965517,0.6681128307728115,0.5111111111111111,0.0,0.0,0.0,0.0,0.0,0.0,0.0,0.0,0.0,2002,radio,0.5
1,3,lr5e-05_bs32_modL1_fusion64_fusionL1_drop0p1_trmiss50_trlocradio,32,5e-05,1,64,1,0.1,lr5e-05_bs32_modL1_fusion64_fusionL1_drop0p1_trmiss50_trlocradio,33,0.5022647033135096,0.7524383664131165,0.5107758620689655,0.6648563594783241,0.5111111111111111,0.0,0.0,0.0,0.0,0.0,0.0,0.0,0.0,0.0,2002,radio,0.5
1,3,lr5e-05_bs32_modL1_fusion64_fusionL1_drop0p1_trmiss50_trlocradio,32,5e-05,1,64,1,0.1,lr5e-05_bs32_modL1_fusion64_fusionL1_drop0p1_trmiss50_trlocradio,34,0.485428790251414,0.753019392490387,0.5107758620689655,0.666788166683965,0.5111111111111111,0.0,0.0,0.0,0.0,0.0,0.0,0.0,0.0,0.0,2002,radio,0.5
1,3,lr5e-05_bs32_modL1_fusion64_fusionL1_drop0p1_trmiss50_trlocradio,32,5e-05,1,64,1,0.1,lr5e-05_bs32_modL1_fusion64_fusionL1_drop0p1_trmiss50_trlocradio,35,0.502000759045283,0.7510886192321777,0.5086206896551724,0.6633151380440843,0.5333333333333333,0.0,0.0,0.0,0.0,0.0,0.0,0.0,0.0,0.0,2002,radio,0.5
1,3,lr5e-05_bs32_modL1_fusion64_fusionL1_drop0p1_trmiss50_trlocradio,32,5e-05,1,64,1,0.1,lr5e-05_bs32_modL1_fusion64_fusionL1_drop0p1_trmiss50_trlocradio,36,0.5011623750130335,0.7517658472061157,0.5107758620689655,0.6654628011463312,0.5333333333333333,0.0,0.0,0.0,0.0,0.0,0.0,0.0,0.0,0.0,2002,radio,0.5
1,3,lr5e-05_bs32_modL1_fusion64_fusionL1_drop0p1_trmiss50_trlocradio,32,5e-05,1,64,1,0.1,lr5e-05_bs32_modL1_fusion64_fusionL1_drop0p1_trmiss50_trlocradio,37,0.4846474876006444,0.7514325678348541,0.5086206896551724,0.6637986606890872,0.5333333333333333,0.0,0.0,0.0,0.0,0.0,0.0,0.0,0.0,0.0,2002,radio,0.5
1,3,lr5e-05_bs32_modL1_fusion64_fusionL1_drop0p1_trmiss50_trlocradio,32,5e-05,1,64,1,0.1,lr5e-05_bs32_modL1_fusion64_fusionL1_drop0p1_trmiss50_trlocradio,38,0.4942738562822342,0.7548685073852539,0.5043103448275862,0.6624451202299524,0.5333333333333333,0.0,0.0,0.0,0.0,0.0,0.0,0.0,0.0,0.0,2002,radio,0.5
1,3,lr5e-05_bs32_modL1_fusion64_fusionL1_drop0p1_trmiss50_trlocradio,32,5e-05,1,64,1,0.1,lr5e-05_bs32_modL1_fusion64_fusionL1_drop0p1_trmiss50_trlocradio,39,0.49993524452050525,0.7512630522251129,0.5107758620689655,0.6669547891424809,0.5333333333333333,0.0,0.0,0.0,0.0,0.0,0.0,0.0,0.0,0.0,2002,radio,0.5
1,3,lr5e-05_bs32_modL1_fusion64_fusionL1_drop0p1_trmiss50_trlocradio,32,5e-05,1,64,1,0.1,lr5e-05_bs32_modL1_fusion64_fusionL1_drop0p1_trmiss50_trlocradio,40,0.5024341444174448,0.7527070939540863,0.5043103448275862,0.6645469264696896,0.5333333333333333,0.0,0.0,0.0,0.0,0.0,0.0,0.0,0.0,0.0,2002,radio,0.5
1,3,lr5e-05_bs32_modL1_fusion64_fusionL1_drop0p1_trmiss50_trlocradio,32,5e-05,1,64,1,0.1,lr5e-05_bs32_modL1_fusion64_fusionL1_drop0p1_trmiss50_trlocradio,41,0.48838794728120166,0.7515413463115692,0.5043103448275863,0.6602016829541785,0.5555555555555556,0.0,0.0,0.0,0.0,0.0,0.0,0.0,0.0,0.0,2002,radio,0.5
1,3,lr5e-05_bs32_modL1_fusion64_fusionL1_drop0p1_trmiss50_trlocradio,32,5e-05,1,64,1,0.1,lr5e-05_bs32_modL1_fusion64_fusionL1_drop0p1_trmiss50_trlocradio,42,0.5003998726606369,0.7516983449459076,0.4978448275862069,0.6522896615212859,0.5555555555555556,0.0,0.0,0.0,0.0,0.0,0.0,0.0,0.0,0.0,2002,radio,0.5
1,3,lr5e-05_bs32_modL1_fusion64_fusionL1_drop0p1_trmiss50_trlocradio,32,5e-05,1,64,1,0.1,lr5e-05_bs32_modL1_fusion64_fusionL1_drop0p1_trmiss50_trlocradio,43,0.5046671678622564,0.7537807822227478,0.5064655172413793,0.66021908841623,0.5555555555555556,0.0,0.0,0.0,0.0,0.0,0.0,0.0,0.0,0.0,2002,radio,0.5
1,3,lr5e-05_bs32_modL1_fusion64_fusionL1_drop0p1_trmiss50_trlocradio,32,5e-05,1,64,1,0.1,lr5e-05_bs32_modL1_fusion64_fusionL1_drop0p1_trmiss50_trlocradio,44,0.4905203233162562,0.7521381676197052,0.5064655172413792,0.6629564827852477,0.5333333333333333,0.0,0.0,0.0,0.0,0.0,0.0,0.0,0.0,0.0,2002,radio,0.5
1,3,lr5e-05_bs32_modL1_fusion64_fusionL1_drop0p1_trmiss50_trlocradio,32,5e-05,1,64,1,0.1,lr5e-05_bs32_modL1_fusion64_fusionL1_drop0p1_trmiss50_trlocradio,45,0.4988769143819809,0.7531263530254364,0.5086206896551724,0.6635031606658195,0.5111111111111111,0.0,0.0,0.0,0.0,0.0,0.0,0.0,0.0,0.0,2002,radio,0.5
1,3,lr5e-05_bs32_modL1_fusion64_fusionL1_drop0p1_trmiss50_trlocradio,32,5e-05,1,64,1,0.1,lr5e-05_bs32_modL1_fusion64_fusionL1_drop0p1_trmiss50_trlocradio,46,0.4927534411350886,0.7551926672458649,0.5086206896551724,0.6625572752172559,0.5111111111111111,0.0,0.0,0.0,0.0,0.0,0.0,0.0,0.0,0.0,2002,radio,0.5
1,3,lr5e-05_bs32_modL1_fusion64_fusionL1_drop0p1_trmiss50_trlocradio,32,5e-05,1,64,1,0.1,lr5e-05_bs32_modL1_fusion64_fusionL1_drop0p1_trmiss50_trlocradio,47,0.5327768425146738,0.7591906487941742,0.5150862068965518,0.6667927063691583,0.5111111111111111,0.0,0.0,0.0,0.0,0.0,0.0,0.0,0.0,0.0,2002,radio,0.5
1,3,lr5e-05_bs32_modL1_fusion64_fusionL1_drop0p1_trmiss50_trlocradio,32,5e-05,1,64,1,0.1,lr5e-05_bs32_modL1_fusion64_fusionL1_drop0p1_trmiss50_trlocradio,48,0.50373046596845,0.7605227530002594,0.5129310344827586,0.663904813548299,0.5111111111111111,0.0,0.0,0.0,0.0,0.0,0.0,0.0,0.0,0.0,2002,radio,0.5
1,3,lr5e-05_bs32_modL1_fusion64_fusionL1_drop0p1_trmiss50_trlocradio,32,5e-05,1,64,1,0.1,lr5e-05_bs32_modL1_fusion64_fusionL1_drop0p1_trmiss50_trlocradio,49,0.49414901932080585,0.7551760077476501,0.5150862068965517,0.6670174725285888,0.5111111111111111,0.0,0.0,0.0,0.0,0.0,0.0,0.0,0.0,0.0,2002,radio,0.5
1,3,lr5e-05_bs32_modL1_fusion64_fusionL1_drop0p1_trmiss50_trlocradio,32,5e-05,1,64,1,0.1,lr5e-05_bs32_modL1_fusion64_fusionL1_drop0p1_trmiss50_trlocradio,50,0.5019499609867731,0.7528081834316254,0.5086206896551724,0.6592369811928398,0.5333333333333333,0.0,0.0,0.0,0.0,0.0,0.0,0.0,0.0,0.0,2002,radio,0.5
1,3,lr5e-05_bs32_modL1_fusion64_fusionL1_drop0p1_trmiss50_trlocradio,32,5e-05,1,64,1,0.1,lr5e-05_bs32_modL1_fusion64_fusionL1_drop0p1_trmiss50_trlocradio,51,0.5009710043668747,0.7526587843894958,0.5129310344827586,0.6685169000569373,0.5111111111111111,0.0,0.0,0.0,0.0,0.0,0.0,0.0,0.0,0.0,2002,radio,0.5
1,3,lr5e-05_bs32_modL1_fusion64_fusionL1_drop0p1_trmiss50_trlocradio,32,5e-05,1,64,1,0.1,lr5e-05_bs32_modL1_fusion64_fusionL1_drop0p1_trmiss50_trlocradio,52,0.5038958042860031,0.7549884915351868,0.5129310344827587,0.6663222556209135,0.5111111111111111,0.0,0.0,0.0,0.0,0.0,0.0,0.0,0.0,0.0,2002,radio,0.5
1,3,lr5e-05_bs32_modL1_fusion64_fusionL1_drop0p1_trmiss50_trlocradio,32,5e-05,1,64,1,0.1,lr5e-05_bs32_modL1_fusion64_fusionL1_drop0p1_trmiss50_trlocradio,53,0.4901704490184784,0.7556312084197998,0.5086206896551724,0.6647478620773729,0.5333333333333333,0.0,0.0,0.0,0.0,0.0,0.0,0.0,0.0,0.0,2002,radio,0.5
1,3,lr5e-05_bs32_modL1_fusion64_fusionL1_drop0p1_trmiss50_trlocradio,32,5e-05,1,64,1,0.1,lr5e-05_bs32_modL1_fusion64_fusionL1_drop0p1_trmiss50_trlocradio,54,0.5169397294521332,0.7595409154891968,0.5172413793103449,0.6710431094796985,0.5111111111111111,0.0,0.0,0.0,0.0,0.0,0.0,0.0,0.0,0.0,2002,radio,0.5
1,3,lr5e-05_bs32_modL1_fusion64_fusionL1_drop0p1_trmiss50_trlocradio,32,5e-05,1,64,1,0.1,lr5e-05_bs32_modL1_fusion64_fusionL1_drop0p1_trmiss50_trlocradio,55,0.48820628225803375,0.7542590796947479,0.5172413793103449,0.6703559805167074,0.5111111111111111,0.0,0.0,0.0,0.0,0.0,0.0,0.0,0.0,0.0,2002,radio,0.5
1,3,lr5e-05_bs32_modL1_fusion64_fusionL1_drop0p1_trmiss50_trlocradio,32,5e-05,1,64,1,0.1,lr5e-05_bs32_modL1_fusion64_fusionL1_drop0p1_trmiss50_trlocradio,56,0.4960654725631078,0.7540056109428406,0.5107758620689655,0.665927535398607,0.5333333333333333,0.0,0.0,0.0,0.0,0.0,0.0,0.0,0.0,0.0,2002,radio,0.5
1,3,lr5e-05_bs32_modL1_fusion64_fusionL1_drop0p1_trmiss50_trlocradio,32,5e-05,1,64,1,0.1,lr5e-05_bs32_modL1_fusion64_fusionL1_drop0p1_trmiss50_trlocradio,57,0.4933728625377019,0.7514175772666931,0.5107758620689655,0.6612147694845063,0.5555555555555556,0.0,0.0,0.0,0.0,0.0,0.0,0.0,0.0,0.0,2002,radio,0.5
1,3,lr5e-05_bs32_modL1_fusion64_fusionL1_drop0p1_trmiss50_trlocradio,32,5e-05,1,64,1,0.1,lr5e-05_bs32_modL1_fusion64_fusionL1_drop0p1_trmiss50_trlocradio,58,0.49871910611788434,0.752100795507431,0.5021551724137931,0.6581337942364891,0.5555555555555556,0.0,0.0,0.0,0.0,0.0,0.0,0.0,0.0,0.0,2002,radio,0.5
1,3,lr5e-05_bs32_modL1_fusion64_fusionL1_drop0p1_trmiss50_trlocradio,32,5e-05,1,64,1,0.1,lr5e-05_bs32_modL1_fusion64_fusionL1_drop0p1_trmiss50_trlocradio,59,0.5071242252985636,0.7500606775283813,0.5064655172413792,0.6644966842200688,0.5555555555555556,0.0,0.0,0.0,0.0,0.0,0.0,0.0,0.0,0.0,2002,radio,0.5
1,3,lr5e-05_bs32_modL1_fusion64_fusionL1_drop0p1_trmiss50_trlocradio,32,5e-05,1,64,1,0.1,lr5e-05_bs32_modL1_fusion64_fusionL1_drop0p1_trmiss50_trlocradio,60,0.49333012104034424,0.7504306137561798,0.5129310344827587,0.6680213419751723,0.5555555555555556,0.0,0.0,0.0,0.0,0.0,0.0,0.0,0.0,0.0,2002,radio,0.5
1,3,lr5e-05_bs32_modL1_fusion64_fusionL1_drop0p1_trmiss50_trlocradio,32,5e-05,1,64,1,0.1,lr5e-05_bs32_modL1_fusion64_fusionL1_drop0p1_trmiss50_trlocradio,61,0.5070762783288956,0.7526447176933289,0.5086206896551724,0.6616584519915927,0.5333333333333333,0.0,0.0,0.0,0.0,0.0,0.0,0.0,0.0,0.0,2002,radio,0.5
1,3,lr5e-05_bs32_modL1_fusion64_fusionL1_drop0p1_trmiss50_trlocradio,32,5e-05,1,64,1,0.1,lr5e-05_bs32_modL1_fusion64_fusionL1_drop0p1_trmiss50_trlocradio,62,0.5040440460046133,0.750244528055191,0.5107758620689655,0.6651509257330358,0.5333333333333333,0.0,0.0,0.0,0.0,0.0,0.0,0.0,0.0,0.0,2002,radio,0.5
1,3,lr5e-05_bs32_modL1_fusion64_fusionL1_drop0p1_trmiss50_trlocradio,32,5e-05,1,64,1,0.1,lr5e-05_bs32_modL1_fusion64_fusionL1_drop0p1_trmiss50_trlocradio,63,0.48927684624989826,0.7475199103355408,0.5150862068965518,0.6661789113451999,0.5555555555555556,0.0,0.0,0.0,0.0,0.0,0.0,0.0,0.0,0.0,2002,radio,0.5
1,3,lr5e-05_bs32_modL1_fusion64_fusionL1_drop0p1_trmiss50_trlocradio,32,5e-05,1,64,1,0.1,lr5e-05_bs32_modL1_fusion64_fusionL1_drop0p1_trmiss50_trlocradio,64,0.5050291369358698,0.7524697184562683,0.5107758620689655,0.6620282089186356,0.5333333333333333,0.0,0.0,0.0,0.0,0.0,0.0,0.0,0.0,0.0,2002,radio,0.5
1,3,lr5e-05_bs32_modL1_fusion64_fusionL1_drop0p1_trmiss50_trlocradio,32,5e-05,1,64,1,0.1,lr5e-05_bs32_modL1_fusion64_fusionL1_drop0p1_trmiss50_trlocradio,65,0.5050930281480154,0.7531328797340393,0.5086206896551724,0.6608485355974014,0.5555555555555556,0.0,0.0,0.0,0.0,0.0,0.0,0.0,0.0,0.0,2002,radio,0.5
1,3,lr5e-05_bs32_modL1_fusion64_fusionL1_drop0p1_trmiss50_trlocradio,32,5e-05,1,64,1,0.1,lr5e-05_bs32_modL1_fusion64_fusionL1_drop0p1_trmiss50_trlocradio,66,0.4938686192035675,0.7523395121097565,0.5086206896551724,0.6662758444076945,0.5333333333333333,0.0,0.0,0.0,0.0,0.0,0.0,0.0,0.0,0.0,2002,radio,0.5
1,3,lr5e-05_bs32_modL1_fusion64_fusionL1_drop0p1_trmiss50_trlocradio,32,5e-05,1,64,1,0.1,lr5e-05_bs32_modL1_fusion64_fusionL1_drop0p1_trmiss50_trlocradio,67,0.49021072189013165,0.7515678405761719,0.5086206896551724,0.6641361561064816,0.5111111111111111,0.0,0.0,0.0,0.0,0.0,0.0,0.0,0.0,0.0,2002,radio,0.5
1,3,lr5e-05_bs32_modL1_fusion64_fusionL1_drop0p1_trmiss50_trlocradio,32,5e-05,1,64,1,0.1,lr5e-05_bs32_modL1_fusion64_fusionL1_drop0p1_trmiss50_trlocradio,68,0.5041742821534475,0.7523212134838104,0.5107758620689655,0.6665819783998097,0.5111111111111111,0.0,0.0,0.0,0.0,0.0,0.0,0.0,0.0,0.0,2002,radio,0.5
1,3,lr5e-05_bs32_modL1_fusion64_fusionL1_drop0p1_trmiss50_trlocradio,32,5e-05,1,64,1,0.1,lr5e-05_bs32_modL1_fusion64_fusionL1_drop0p1_trmiss50_trlocradio,69,0.48862674832344055,0.7523898482322693,0.5086206896551724,0.6656049669055568,0.5111111111111111,0.0,0.0,0.0,0.0,0.0,0.0,0.0,0.0,0.0,2002,radio,0.5
1,3,lr5e-05_bs32_modL1_fusion64_fusionL1_drop0p1_trmiss50_trlocradio,32,5e-05,1,64,1,0.1,lr5e-05_bs32_modL1_fusion64_fusionL1_drop0p1_trmiss50_trlocradio,70,0.48974839846293133,0.7512004375457764,0.5086206896551724,0.6650162936308581,0.5111111111111111,0.0,0.0,0.0,0.0,0.0,0.0,0.0,0.0,0.0,2002,radio,0.5
1,3,lr5e-05_bs32_modL1_fusion64_fusionL1_drop0p1_trmiss50_trlocradio,32,5e-05,1,64,1,0.1,lr5e-05_bs32_modL1_fusion64_fusionL1_drop0p1_trmiss50_trlocradio,71,0.4900505840778351,0.7501835525035858,0.5129310344827586,0.6655494641640287,0.5555555555555556,0.0,0.0,0.0,0.0,0.0,0.0,0.0,0.0,0.0,2002,radio,0.5
1,3,lr5e-05_bs32_modL1_fusion64_fusionL1_drop0p1_trmiss50_trlocradio,32,5e-05,1,64,1,0.1,lr5e-05_bs32_modL1_fusion64_fusionL1_drop0p1_trmiss50_trlocradio,72,0.49738751351833344,0.74910569190979,0.5129310344827587,0.6674833835916402,0.5555555555555556,0.0,0.0,0.0,0.0,0.0,0.0,0.0,0.0,0.0,2002,radio,0.5
1,3,lr5e-05_bs32_modL1_fusion64_fusionL1_drop0p1_trmiss50_trlocradio,32,5e-05,1,64,1,0.1,lr5e-05_bs32_modL1_fusion64_fusionL1_drop0p1_trmiss50_trlocradio,73,0.4970082441965739,0.7502027451992035,0.5107758620689655,0.6677404918796015,0.5555555555555556,0.0,0.0,0.0,0.0,0.0,0.0,0.0,0.0,0.0,2002,radio,0.5
1,3,lr5e-05_bs32_modL1_fusion64_fusionL1_drop0p1_trmiss50_trlocradio,32,5e-05,1,64,1,0.1,lr5e-05_bs32_modL1_fusion64_fusionL1_drop0p1_trmiss50_trlocradio,74,0.4907609025637309,0.7493272721767426,0.5129310344827586,0.6663880253474175,0.5777777777777777,0.0,0.0,0.0,0.0,0.0,0.0,0.0,0.0,0.0,2002,radio,0.5
1,3,lr5e-05_bs32_modL1_fusion64_fusionL1_drop0p1_trmiss50_trlocradio,32,5e-05,1,64,1,0.1,lr5e-05_bs32_modL1_fusion64_fusionL1_drop0p1_trmiss50_trlocradio,75,0.49435286223888397,0.7498396337032318,0.5107758620689655,0.6620282089186356,0.5333333333333333,0.0,0.0,0.0,0.0,0.0,0.0,0.0,0.0,0.0,2002,radio,0.5
1,3,lr1e-04_bs32_modL1_fusion32_fusionL1_drop0p2_trmiss50_trlocradio,32,0.0001,1,32,1,0.2,lr1e-04_bs32_modL1_fusion32_fusionL1_drop0p2_trmiss50_trlocradio,1,0.7178135315577189,0.6900562345981598,0.6056034482758621,0.7466161277768557,0.5555555555555556,0.0,0.0,0.0,0.0,0.0,0.0,0.0,0.0,0.0,2002,radio,0.5
1,3,lr1e-04_bs32_modL1_fusion32_fusionL1_drop0p2_trmiss50_trlocradio,32,0.0001,1,32,1,0.2,lr1e-04_bs32_modL1_fusion32_fusionL1_drop0p2_trmiss50_trlocradio,2,0.6621448993682861,0.6990254521369934,0.603448275862069,0.7380943353727366,0.6222222222222222,0.0,0.0,0.0,0.0,0.0,0.0,0.0,0.0,0.0,2002,radio,0.5
1,3,lr1e-04_bs32_modL1_fusion32_fusionL1_drop0p2_trmiss50_trlocradio,32,0.0001,1,32,1,0.2,lr1e-04_bs32_modL1_fusion32_fusionL1_drop0p2_trmiss50_trlocradio,3,0.6453926165898641,0.7014388144016266,0.6077586206896551,0.7394414882338266,0.5555555555555556,0.0,0.0,0.0,0.0,0.0,0.0,0.0,0.0,0.0,2002,radio,0.5
1,3,lr1e-04_bs32_modL1_fusion32_fusionL1_drop0p2_trmiss50_trlocradio,32,0.0001,1,32,1,0.2,lr1e-04_bs32_modL1_fusion32_fusionL1_drop0p2_trmiss50_trlocradio,4,0.6135435005029043,0.7011538147926331,0.6293103448275863,0.749068864048039,0.6444444444444445,0.0,0.0,0.0,0.0,0.0,0.0,0.0,0.0,0.0,2002,radio,0.5
1,3,lr1e-04_bs32_modL1_fusion32_fusionL1_drop0p2_trmiss50_trlocradio,32,0.0001,1,32,1,0.2,lr1e-04_bs32_modL1_fusion32_fusionL1_drop0p2_trmiss50_trlocradio,5,0.5840306977430979,0.6926112473011017,0.6336206896551724,0.7536504682621741,0.6444444444444445,0.0,0.0,0.0,0.0,0.0,0.0,0.0,0.0,0.0,2002,radio,0.5
1,3,lr1e-04_bs32_modL1_fusion32_fusionL1_drop0p2_trmiss50_trlocradio,32,0.0001,1,32,1,0.2,lr1e-04_bs32_modL1_fusion32_fusionL1_drop0p2_trmiss50_trlocradio,6,0.5811043083667755,0.6889148950576782,0.6293103448275862,0.7519592324393616,0.6444444444444445,0.0,0.0,0.0,0.0,0.0,0.0,0.0,0.0,0.0,2002,radio,0.5
1,3,lr1e-04_bs32_modL1_fusion32_fusionL1_drop0p2_trmiss50_trlocradio,32,0.0001,1,32,1,0.2,lr1e-04_bs32_modL1_fusion32_fusionL1_drop0p2_trmiss50_trlocradio,7,0.5461801886558533,0.6834990680217743,0.627155172413793,0.7538545193560999,0.6,0.0,0.0,0.0,0.0,0.0,0.0,0.0,0.0,0.0,2002,radio,0.5
1,3,lr1e-04_bs32_modL1_fusion32_fusionL1_drop0p2_trmiss50_trlocradio,32,0.0001,1,32,1,0.2,lr1e-04_bs32_modL1_fusion32_fusionL1_drop0p2_trmiss50_trlocradio,8,0.5397771894931793,0.6809649467468262,0.627155172413793,0.7485717984533404,0.6,0.0,0.0,0.0,0.0,0.0,0.0,0.0,0.0,0.0,2002,radio,0.5
1,3,lr1e-04_bs32_modL1_fusion32_fusionL1_drop0p2_trmiss50_trlocradio,32,0.0001,1,32,1,0.2,lr1e-04_bs32_modL1_fusion32_fusionL1_drop0p2_trmiss50_trlocradio,9,0.5268864631652832,0.6845456659793854,0.6163793103448276,0.7415280542768903,0.5777777777777777,0.0,0.0,0.0,0.0,0.0,0.0,0.0,0.0,0.0,2002,radio,0.5
1,3,lr1e-04_bs32_modL1_fusion32_fusionL1_drop0p2_trmiss50_trlocradio,32,0.0001,1,32,1,0.2,lr1e-04_bs32_modL1_fusion32_fusionL1_drop0p2_trmiss50_trlocradio,10,0.5084877411524454,0.6902758181095123,0.5926724137931034,0.7246176909488748,0.5777777777777777,0.0,0.0,0.0,0.0,0.0,0.0,0.0,0.0,0.0,2002,radio,0.5
1,3,lr1e-04_bs32_modL1_fusion32_fusionL1_drop0p2_trmiss50_trlocradio,32,0.0001,1,32,1,0.2,lr1e-04_bs32_modL1_fusion32_fusionL1_drop0p2_trmiss50_trlocradio,11,0.5000293254852295,0.6925247013568878,0.5862068965517241,0.7168666402418358,0.5777777777777777,0.0,0.0,0.0,0.0,0.0,0.0,0.0,0.0,0.0,2002,radio,0.5
1,3,lr1e-04_bs32_modL1_fusion32_fusionL1_drop0p2_trmiss50_trlocradio,32,0.0001,1,32,1,0.2,lr1e-04_bs32_modL1_fusion32_fusionL1_drop0p2_trmiss50_trlocradio,12,0.4897029995918274,0.691498875617981,0.584051724137931,0.711823599532557,0.5777777777777777,0.0,0.0,0.0,0.0,0.0,0.0,0.0,0.0,0.0,2002,radio,0.5
1,3,lr1e-04_bs32_modL1_fusion32_fusionL1_drop0p2_trmiss50_trlocradio,32,0.0001,1,32,1,0.2,lr1e-04_bs32_modL1_fusion32_fusionL1_drop0p2_trmiss50_trlocradio,13,0.46554433802763623,0.6936030387878418,0.5797413793103449,0.7025781809574109,0.5777777777777777,0.0,0.0,0.0,0.0,0.0,0.0,0.0,0.0,0.0,2002,radio,0.5
1,3,lr1e-04_bs32_modL1_fusion32_fusionL1_drop0p2_trmiss50_trlocradio,32,0.0001,1,32,1,0.2,lr1e-04_bs32_modL1_fusion32_fusionL1_drop0p2_trmiss50_trlocradio,14,0.45490218202273053,0.6914685964584351,0.5948275862068966,0.7193289728643375,0.5777777777777777,0.0,0.0,0.0,0.0,0.0,0.0,0.0,0.0,0.0,2002,radio,0.5
1,3,lr1e-04_bs32_modL1_fusion32_fusionL1_drop0p2_trmiss50_trlocradio,32,0.0001,1,32,1,0.2,lr1e-04_bs32_modL1_fusion32_fusionL1_drop0p2_trmiss50_trlocradio,15,0.4506932447353999,0.6917772889137268,0.5969827586206896,0.7173590183832596,0.5777777777777777,0.0,0.0,0.0,0.0,0.0,0.0,0.0,0.0,0.0,2002,radio,0.5
1,3,lr1e-04_bs32_modL1_fusion32_fusionL1_drop0p2_trmiss50_trlocradio,32,0.0001,1,32,1,0.2,lr1e-04_bs32_modL1_fusion32_fusionL1_drop0p2_trmiss50_trlocradio,16,0.46140577892462414,0.6980084776878357,0.5969827586206896,0.7176913117927122,0.5777777777777777,0.0,0.0,0.0,0.0,0.0,0.0,0.0,0.0,0.0,2002,radio,0.5
1,3,lr1e-04_bs32_modL1_fusion32_fusionL1_drop0p2_trmiss50_trlocradio,32,0.0001,1,32,1,0.2,lr1e-04_bs32_modL1_fusion32_fusionL1_drop0p2_trmiss50_trlocradio,17,0.4408530443906784,0.7020882368087769,0.5948275862068966,0.7152338338749991,0.5777777777777777,0.0,0.0,0.0,0.0,0.0,0.0,0.0,0.0,0.0,2002,radio,0.5
1,3,lr1e-04_bs32_modL1_fusion32_fusionL1_drop0p2_trmiss50_trlocradio,32,0.0001,1,32,1,0.2,lr1e-04_bs32_modL1_fusion32_fusionL1_drop0p2_trmiss50_trlocradio,18,0.4319937179485957,0.7104522585868835,0.5905172413793103,0.7130110075611256,0.5777777777777777,0.0,0.0,0.0,0.0,0.0,0.0,0.0,0.0,0.0,2002,radio,0.5
1,3,lr1e-04_bs32_modL1_fusion32_fusionL1_drop0p2_trmiss50_trlocradio,32,0.0001,1,32,1,0.2,lr1e-04_bs32_modL1_fusion32_fusionL1_drop0p2_trmiss50_trlocradio,19,0.4329800009727478,0.7119037210941315,0.5711206896551724,0.7027322497357301,0.5555555555555556,0.0,0.0,0.0,0.0,0.0,0.0,0.0,0.0,0.0,2002,radio,0.5
1,3,lr1e-04_bs32_modL1_fusion32_fusionL1_drop0p2_trmiss50_trlocradio,32,0.0001,1,32,1,0.2,lr1e-04_bs32_modL1_fusion32_fusionL1_drop0p2_trmiss50_trlocradio,20,0.4304831822713216,0.7117019593715668,0.5818965517241379,0.7013081211685265,0.5555555555555556,0.0,0.0,0.0,0.0,0.0,0.0,0.0,0.0,0.0,2002,radio,0.5
1,3,lr1e-04_bs32_modL1_fusion32_fusionL1_drop0p2_trmiss50_trlocradio,32,0.0001,1,32,1,0.2,lr1e-04_bs32_modL1_fusion32_fusionL1_drop0p2_trmiss50_trlocradio,21,0.4070829103390376,0.7100151181221008,0.5797413793103449,0.7028962318032902,0.6,0.0,0.0,0.0,0.0,0.0,0.0,0.0,0.0,0.0,2002,radio,0.5
1,3,lr1e-04_bs32_modL1_fusion32_fusionL1_drop0p2_trmiss50_trlocradio,32,0.0001,1,32,1,0.2,lr1e-04_bs32_modL1_fusion32_fusionL1_drop0p2_trmiss50_trlocradio,22,0.43342705567677814,0.7150944769382477,0.5797413793103449,0.7018477546939939,0.5333333333333333,0.0,0.0,0.0,0.0,0.0,0.0,0.0,0.0,0.0,2002,radio,0.5
1,3,lr1e-04_bs32_modL1_fusion32_fusionL1_drop0p2_trmiss50_trlocradio,32,0.0001,1,32,1,0.2,lr1e-04_bs32_modL1_fusion32_fusionL1_drop0p2_trmiss50_trlocradio,23,0.4280954748392105,0.7159490883350372,0.5668103448275862,0.6913196894965247,0.5777777777777777,0.0,0.0,0.0,0.0,0.0,0.0,0.0,0.0,0.0,2002,radio,0.5
1,3,lr1e-04_bs32_modL1_fusion32_fusionL1_drop0p2_trmiss50_trlocradio,32,0.0001,1,32,1,0.2,lr1e-04_bs32_modL1_fusion32_fusionL1_drop0p2_trmiss50_trlocradio,24,0.4139859527349472,0.7127373516559601,0.5818965517241379,0.6943098866270325,0.5777777777777777,0.0,0.0,0.0,0.0,0.0,0.0,0.0,0.0,0.0,2002,radio,0.5
1,3,lr1e-04_bs32_modL1_fusion32_fusionL1_drop0p2_trmiss50_trlocradio,32,0.0001,1,32,1,0.2,lr1e-04_bs32_modL1_fusion32_fusionL1_drop0p2_trmiss50_trlocradio,25,0.4184729953606923,0.712085098028183,0.584051724137931,0.695077823500446,0.5777777777777777,0.0,0.0,0.0,0.0,0.0,0.0,0.0,0.0,0.0,2002,radio,0.5
1,3,lr1e-04_bs32_modL1_fusion32_fusionL1_drop0p1_trmiss50_trlocradio,32,0.0001,1,32,1,0.1,lr1e-04_bs32_modL1_fusion32_fusionL1_drop0p1_trmiss50_trlocradio,1,0.6975957651933035,0.6733573377132416,0.49784482758620696,0.680852419399563,0.6222222222222222,0.0,0.0,0.0,0.0,0.0,0.0,0.0,0.0,0.0,2002,radio,0.5
1,3,lr1e-04_bs32_modL1_fusion32_fusionL1_drop0p1_trmiss50_trlocradio,32,0.0001,1,32,1,0.1,lr1e-04_bs32_modL1_fusion32_fusionL1_drop0p1_trmiss50_trlocradio,2,0.6448137760162354,0.6751269996166229,0.49353448275862066,0.6723871501364164,0.6222222222222222,0.0,0.0,0.0,0.0,0.0,0.0,0.0,0.0,0.0,2002,radio,0.5
1,3,lr1e-04_bs32_modL1_fusion32_fusionL1_drop0p1_trmiss50_trlocradio,32,0.0001,1,32,1,0.1,lr1e-04_bs32_modL1_fusion32_fusionL1_drop0p1_trmiss50_trlocradio,3,0.6268048385779063,0.6785111129283905,0.4913793103448276,0.65926198930621,0.6222222222222222,0.0,0.0,0.0,0.0,0.0,0.0,0.0,0.0,0.0,2002,radio,0.5
1,3,lr1e-04_bs32_modL1_fusion32_fusionL1_drop0p1_trmiss50_trlocradio,32,0.0001,1,32,1,0.1,lr1e-04_bs32_modL1_fusion32_fusionL1_drop0p1_trmiss50_trlocradio,4,0.5960066219170889,0.6853289306163788,0.48060344827586204,0.6176208022528502,0.6222222222222222,0.0,0.0,0.0,0.0,0.0,0.0,0.0,0.0,0.0,2002,radio,0.5
1,3,lr1e-04_bs32_modL1_fusion32_fusionL1_drop0p1_trmiss50_trlocradio,32,0.0001,1,32,1,0.1,lr1e-04_bs32_modL1_fusion32_fusionL1_drop0p1_trmiss50_trlocradio,5,0.5690671900908152,0.6881477236747742,0.48706896551724144,0.632217809941092,0.6666666666666666,0.0,0.0,0.0,0.0,0.0,0.0,0.0,0.0,0.0,2002,radio,0.5
1,3,lr1e-04_bs32_modL1_fusion32_fusionL1_drop0p1_trmiss50_trlocradio,32,0.0001,1,32,1,0.1,lr1e-04_bs32_modL1_fusion32_fusionL1_drop0p1_trmiss50_trlocradio,6,0.5598930716514587,0.6885407865047455,0.4892241379310345,0.6273924768343898,0.6444444444444445,0.0,0.0,0.0,0.0,0.0,0.0,0.0,0.0,0.0,2002,radio,0.5
1,3,lr1e-04_bs32_modL1_fusion32_fusionL1_drop0p1_trmiss50_trlocradio,32,0.0001,1,32,1,0.1,lr1e-04_bs32_modL1_fusion32_fusionL1_drop0p1_trmiss50_trlocradio,7,0.5453347563743591,0.6881448030471802,0.4892241379310345,0.6290899393626882,0.6,0.0,0.0,0.0,0.0,0.0,0.0,0.0,0.0,0.0,2002,radio,0.5
1,3,lr1e-04_bs32_modL1_fusion32_fusionL1_drop0p1_trmiss50_trlocradio,32,0.0001,1,32,1,0.1,lr1e-04_bs32_modL1_fusion32_fusionL1_drop0p1_trmiss50_trlocradio,8,0.523621862133344,0.6901742815971375,0.4870689655172413,0.6255542429336572,0.6,0.0,0.0,0.0,0.0,0.0,0.0,0.0,0.0,0.0,2002,radio,0.5
1,3,lr1e-04_bs32_modL1_fusion32_fusionL1_drop0p1_trmiss50_trlocradio,32,0.0001,1,32,1,0.1,lr1e-04_bs32_modL1_fusion32_fusionL1_drop0p1_trmiss50_trlocradio,9,0.5267220735549927,0.6900462806224823,0.49353448275862066,0.6295930764072423,0.6,0.0,0.0,0.0,0.0,0.0,0.0,0.0,0.0,0.0,2002,radio,0.5
1,3,lr1e-04_bs32_modL1_fusion32_fusionL1_drop0p1_trmiss50_trlocradio,32,0.0001,1,32,1,0.1,lr1e-04_bs32_modL1_fusion32_fusionL1_drop0p1_trmiss50_trlocradio,10,0.5196414987246195,0.6898302435874939,0.4870689655172413,0.6266345146818433,0.5555555555555556,0.0,0.0,0.0,0.0,0.0,0.0,0.0,0.0,0.0,2002,radio,0.5
1,3,lr1e-04_bs32_modL1_fusion32_fusionL1_drop0p1_trmiss50_trlocradio,32,0.0001,1,32,1,0.1,lr1e-04_bs32_modL1_fusion32_fusionL1_drop0p1_trmiss50_trlocradio,11,0.5117254157861074,0.689918041229248,0.48275862068965514,0.622685541683927,0.5555555555555556,0.0,0.0,0.0,0.0,0.0,0.0,0.0,0.0,0.0,2002,radio,0.5
1,3,lr1e-04_bs32_modL1_fusion32_fusionL1_drop0p1_trmiss50_trlocradio,32,0.0001,1,32,1,0.1,lr1e-04_bs32_modL1_fusion32_fusionL1_drop0p1_trmiss50_trlocradio,12,0.5047836403052012,0.6936534643173218,0.47844827586206895,0.6215872184276504,0.5777777777777777,0.0,0.0,0.0,0.0,0.0,0.0,0.0,0.0,0.0,2002,radio,0.5
1,3,lr1e-04_bs32_modL1_fusion32_fusionL1_drop0p1_trmiss50_trlocradio,32,0.0001,1,32,1,0.1,lr1e-04_bs32_modL1_fusion32_fusionL1_drop0p1_trmiss50_trlocradio,13,0.5013986577590307,0.693707287311554,0.4849137931034483,0.6221435499804109,0.5777777777777777,0.0,0.0,0.0,0.0,0.0,0.0,0.0,0.0,0.0,2002,radio,0.5
1,3,lr1e-04_bs32_modL1_fusion32_fusionL1_drop0p1_trmiss50_trlocradio,32,0.0001,1,32,1,0.1,lr1e-04_bs32_modL1_fusion32_fusionL1_drop0p1_trmiss50_trlocradio,14,0.4940367092688878,0.6939243376255035,0.4892241379310345,0.6273337522621526,0.6222222222222222,0.0,0.0,0.0,0.0,0.0,0.0,0.0,0.0,0.0,2002,radio,0.5
1,3,lr1e-04_bs32_modL1_fusion32_fusionL1_drop0p1_trmiss50_trlocradio,32,0.0001,1,32,1,0.1,lr1e-04_bs32_modL1_fusion32_fusionL1_drop0p1_trmiss50_trlocradio,15,0.4889637728532155,0.6948421895503998,0.4849137931034483,0.626413780687756,0.5777777777777777,0.0,0.0,0.0,0.0,0.0,0.0,0.0,0.0,0.0,2002,radio,0.5
1,3,lr1e-04_bs32_modL1_fusion32_fusionL1_drop0p1_trmiss50_trlocradio,32,0.0001,1,32,1,0.1,lr1e-04_bs32_modL1_fusion32_fusionL1_drop0p1_trmiss50_trlocradio,16,0.49965786437193555,0.6947998702526093,0.4870689655172414,0.6280770008347488,0.5555555555555556,0.0,0.0,0.0,0.0,0.0,0.0,0.0,0.0,0.0,2002,radio,0.5
1,3,lr1e-04_bs32_modL1_fusion32_fusionL1_drop0p1_trmiss50_trlocradio,32,0.0001,1,32,1,0.1,lr1e-04_bs32_modL1_fusion32_fusionL1_drop0p1_trmiss50_trlocradio,17,0.47708740333716076,0.6960455477237701,0.48275862068965514,0.6234075718985909,0.5555555555555556,0.0,0.0,0.0,0.0,0.0,0.0,0.0,0.0,0.0,2002,radio,0.5
1,3,lr1e-04_bs32_modL1_fusion32_fusionL1_drop0p1_trmiss50_trlocradio,32,0.0001,1,32,1,0.1,lr1e-04_bs32_modL1_fusion32_fusionL1_drop0p1_trmiss50_trlocradio,18,0.49089982112248737,0.6936790645122528,0.49353448275862066,0.6345949392539327,0.5777777777777777,0.0,0.0,0.0,0.0,0.0,0.0,0.0,0.0,0.0,2002,radio,0.5
1,3,lr1e-04_bs32_modL1_fusion32_fusionL1_drop0p1_trmiss50_trlocradio,32,0.0001,1,32,1,0.1,lr1e-04_bs32_modL1_fusion32_fusionL1_drop0p1_trmiss50_trlocradio,19,0.4813343385855357,0.6951178014278412,0.49137931034482757,0.6344363852722902,0.5777777777777777,0.0,0.0,0.0,0.0,0.0,0.0,0.0,0.0,0.0,2002,radio,0.5
1,3,lr1e-04_bs32_modL1_fusion32_fusionL1_drop0p1_trmiss50_trlocradio,32,0.0001,1,32,1,0.1,lr1e-04_bs32_modL1_fusion32_fusionL1_drop0p1_trmiss50_trlocradio,20,0.4998834977547328,0.6940310001373291,0.5,0.6413792306906347,0.5777777777777777,0.0,0.0,0.0,0.0,0.0,0.0,0.0,0.0,0.0,2002,radio,0.5
1,3,lr1e-04_bs32_modL1_fusion32_fusionL1_drop0p1_trmiss50_trlocradio,32,0.0001,1,32,1,0.1,lr1e-04_bs32_modL1_fusion32_fusionL1_drop0p1_trmiss50_trlocradio,21,0.46432249744733173,0.6941846013069153,0.4870689655172414,0.6353747945137846,0.6,0.0,0.0,0.0,0.0,0.0,0.0,0.0,0.0,0.0,2002,radio,0.5
1,3,lr1e-04_bs32_modL1_fusion32_fusionL1_drop0p1_trmiss50_trlocradio,32,0.0001,1,32,1,0.1,lr1e-04_bs32_modL1_fusion32_fusionL1_drop0p1_trmiss50_trlocradio,22,0.4830353061358134,0.6924108862876892,0.49137931034482757,0.638562137623839,0.5777777777777777,0.0,0.0,0.0,0.0,0.0,0.0,0.0,0.0,0.0,2002,radio,0.5
1,3,lr1e-04_bs32_modL1_fusion32_fusionL1_drop0p1_trmiss50_trlocradio,32,0.0001,1,32,1,0.1,lr1e-04_bs32_modL1_fusion32_fusionL1_drop0p1_trmiss50_trlocradio,23,0.4640186329682668,0.6941775977611542,0.4956896551724138,0.6398580582909563,0.6,0.0,0.0,0.0,0.0,0.0,0.0,0.0,0.0,0.0,2002,radio,0.5
1,3,lr1e-04_bs32_modL1_fusion32_fusionL1_drop0p1_trmiss50_trlocradio,32,0.0001,1,32,1,0.1,lr1e-04_bs32_modL1_fusion32_fusionL1_drop0p1_trmiss50_trlocradio,24,0.4710748294989268,0.6964426338672638,0.48922413793103453,0.6361675016085133,0.6222222222222222,0.0,0.0,0.0,0.0,0.0,0.0,0.0,0.0,0.0,2002,radio,0.5
1,3,lr1e-04_bs32_modL1_fusion32_fusionL1_drop0p1_trmiss50_trlocradio,32,0.0001,1,32,1,0.1,lr1e-04_bs32_modL1_fusion32_fusionL1_drop0p1_trmiss50_trlocradio,25,0.4885692497094472,0.6966635882854462,0.49568965517241376,0.6420104134859079,0.6222222222222222,0.0,0.0,0.0,0.0,0.0,0.0,0.0,0.0,0.0,2002,radio,0.5
1,3,lr1e-04_bs32_modL1_fusion32_fusionL1_drop0p1_trmiss50_trlocradio,32,0.0001,1,32,1,0.1,lr1e-04_bs32_modL1_fusion32_fusionL1_drop0p1_trmiss50_trlocradio,26,0.46052444477876026,0.6959777474403381,0.5043103448275863,0.6474814617928658,0.6222222222222222,0.0,0.0,0.0,0.0,0.0,0.0,0.0,0.0,0.0,2002,radio,0.5
1,3,lr1e-04_bs32_modL1_fusion32_fusionL1_drop0p1_trmiss50_trlocradio,32,0.0001,1,32,1,0.1,lr1e-04_bs32_modL1_fusion32_fusionL1_drop0p1_trmiss50_trlocradio,27,0.46738191942373913,0.6937590837478638,0.5086206896551724,0.6508401720481278,0.6222222222222222,0.0,0.0,0.0,0.0,0.0,0.0,0.0,0.0,0.0,2002,radio,0.5
1,3,lr1e-04_bs32_modL1_fusion32_fusionL1_drop0p1_trmiss50_trlocradio,32,0.0001,1,32,1,0.1,lr1e-04_bs32_modL1_fusion32_fusionL1_drop0p1_trmiss50_trlocradio,28,0.4685928573211034,0.6949562728404999,0.5043103448275862,0.6462835218018224,0.6222222222222222,0.0,0.0,0.0,0.0,0.0,0.0,0.0,0.0,0.0,2002,radio,0.5
1,3,lr1e-04_bs32_modL1_fusion32_fusionL1_drop0p1_trmiss50_trlocradio,32,0.0001,1,32,1,0.1,lr1e-04_bs32_modL1_fusion32_fusionL1_drop0p1_trmiss50_trlocradio,29,0.4728899498780568,0.6954342126846313,0.49784482758620685,0.643537501763713,0.6222222222222222,0.0,0.0,0.0,0.0,0.0,0.0,0.0,0.0,0.0,2002,radio,0.5
1,3,lr1e-04_bs32_modL1_fusion32_fusionL1_drop0p1_trmiss50_trlocradio,32,0.0001,1,32,1,0.1,lr1e-04_bs32_modL1_fusion32_fusionL1_drop0p1_trmiss50_trlocradio,30,0.4640331566333771,0.6949021816253662,0.5,0.6441290254569212,0.6222222222222222,0.0,0.0,0.0,0.0,0.0,0.0,0.0,0.0,0.0,2002,radio,0.5
1,3,lr1e-04_bs32_modL1_fusion32_fusionL1_drop0p1_trmiss50_trlocradio,32,0.0001,1,32,1,0.1,lr1e-04_bs32_modL1_fusion32_fusionL1_drop0p1_trmiss50_trlocradio,31,0.46620602905750275,0.6944907307624817,0.5021551724137931,0.6463888006729814,0.6444444444444445,0.0,0.0,0.0,0.0,0.0,0.0,0.0,0.0,0.0,2002,radio,0.5
1,3,lr1e-04_bs32_modL1_fusion32_fusionL1_drop0p1_trmiss50_trlocradio,32,0.0001,1,32,1,0.1,lr1e-04_bs32_modL1_fusion32_fusionL1_drop0p1_trmiss50_trlocradio,32,0.4561397433280945,0.6951501667499542,0.4978448275862069,0.6410773628704617,0.6222222222222222,0.0,0.0,0.0,0.0,0.0,0.0,0.0,0.0,0.0,2002,radio,0.5
1,3,lr1e-04_bs32_modL1_fusion32_fusionL1_drop0p1_trmiss50_trlocradio,32,0.0001,1,32,1,0.1,lr1e-04_bs32_modL1_fusion32_fusionL1_drop0p1_trmiss50_trlocradio,33,0.4615405847628911,0.6937421262264252,0.5086206896551724,0.6469380683301367,0.6222222222222222,0.0,0.0,0.0,0.0,0.0,0.0,0.0,0.0,0.0,2002,radio,0.5
1,3,lr1e-04_bs32_modL1_fusion32_fusionL1_drop0p1_trmiss50_trlocradio,32,0.0001,1,32,1,0.1,lr1e-04_bs32_modL1_fusion32_fusionL1_drop0p1_trmiss50_trlocradio,34,0.46871264775594074,0.694025069475174,0.5064655172413793,0.6489592943051811,0.6444444444444445,0.0,0.0,0.0,0.0,0.0,0.0,0.0,0.0,0.0,2002,radio,0.5
1,3,lr1e-04_bs32_modL1_fusion32_fusionL1_drop0p1_trmiss50_trlocradio,32,0.0001,1,32,1,0.1,lr1e-04_bs32_modL1_fusion32_fusionL1_drop0p1_trmiss50_trlocradio,35,0.45739221076170605,0.6941372752189636,0.5064655172413793,0.6506423889028732,0.6,0.0,0.0,0.0,0.0,0.0,0.0,0.0,0.0,0.0,2002,radio,0.5
1,3,lr1e-04_bs32_modL1_fusion32_fusionL1_drop0p1_trmiss50_trlocradio,32,0.0001,1,32,1,0.1,lr1e-04_bs32_modL1_fusion32_fusionL1_drop0p1_trmiss50_trlocradio,36,0.4580356727043788,0.6935632526874542,0.5021551724137931,0.6467480219386866,0.6222222222222222,0.0,0.0,0.0,0.0,0.0,0.0,0.0,0.0,0.0,2002,radio,0.5
1,3,lr1e-04_bs32_modL1_fusion32_fusionL1_drop0p1_trmiss50_trlocradio,32,0.0001,1,32,1,0.1,lr1e-04_bs32_modL1_fusion32_fusionL1_drop0p1_trmiss50_trlocradio,37,0.47067999343077344,0.6929951608181,0.5,0.6437682210106594,0.6,0.0,0.0,0.0,0.0,0.0,0.0,0.0,0.0,0.0,2002,radio,0.5
1,3,lr1e-04_bs32_modL1_fusion32_fusionL1_drop0p1_trmiss50_trlocradio,32,0.0001,1,32,1,0.1,lr1e-04_bs32_modL1_fusion32_fusionL1_drop0p1_trmiss50_trlocradio,38,0.4696987221638362,0.695793628692627,0.5,0.6437682210106594,0.6444444444444445,0.0,0.0,0.0,0.0,0.0,0.0,0.0,0.0,0.0,2002,radio,0.5
1,3,lr1e-04_bs32_modL1_fusion32_fusionL1_drop0p1_trmiss50_trlocradio,32,0.0001,1,32,1,0.1,lr1e-04_bs32_modL1_fusion32_fusionL1_drop0p1_trmiss50_trlocradio,39,0.4735522121191025,0.6970506012439728,0.5021551724137931,0.6443886752962183,0.6222222222222222,0.0,0.0,0.0,0.0,0.0,0.0,0.0,0.0,0.0,2002,radio,0.5
1,3,lr1e-04_bs32_modL1_fusion32_fusionL1_drop0p1_trmiss50_trlocradio,32,0.0001,1,32,1,0.1,lr1e-04_bs32_modL1_fusion32_fusionL1_drop0p1_trmiss50_trlocradio,40,0.47829458117485046,0.6959539353847504,0.4956896551724138,0.6411233280199817,0.6444444444444445,0.0,0.0,0.0,0.0,0.0,0.0,0.0,0.0,0.0,2002,radio,0.5
1,3,lr1e-04_bs32_modL1_fusion32_fusionL1_drop0p1_trmiss50_trlocradio,32,0.0001,1,32,1,0.1,lr1e-04_bs32_modL1_fusion32_fusionL1_drop0p1_trmiss50_trlocradio,41,0.46713604032993317,0.6931850612163544,0.4978448275862069,0.6419019709565781,0.6222222222222222,0.0,0.0,0.0,0.0,0.0,0.0,0.0,0.0,0.0,2002,radio,0.5
1,3,lr1e-04_bs32_modL1_fusion32_fusionL1_drop0p1_trmiss50_trlocradio,32,0.0001,1,32,1,0.1,lr1e-04_bs32_modL1_fusion32_fusionL1_drop0p1_trmiss50_trlocradio,42,0.4717443337043126,0.69496288895607,0.5021551724137931,0.644891943275044,0.6444444444444445,0.0,0.0,0.0,0.0,0.0,0.0,0.0,0.0,0.0,2002,radio,0.5
1,3,lr1e-04_bs32_modL1_fusion32_fusionL1_drop0p1_trmiss50_trlocradio,32,0.0001,1,32,1,0.1,lr1e-04_bs32_modL1_fusion32_fusionL1_drop0p1_trmiss50_trlocradio,43,0.45533111691474915,0.6976711452007294,0.5021551724137931,0.6442132498124793,0.6222222222222222,0.0,0.0,0.0,0.0,0.0,0.0,0.0,0.0,0.0,2002,radio,0.5
1,3,lr1e-04_bs32_modL1_fusion32_fusionL1_drop0p1_trmiss50_trlocradio,32,0.0001,1,32,1,0.1,lr1e-04_bs32_modL1_fusion32_fusionL1_drop0p1_trmiss50_trlocradio,44,0.4845409244298935,0.6976257860660553,0.4978448275862069,0.640873491756697,0.6,0.0,0.0,0.0,0.0,0.0,0.0,0.0,0.0,0.0,2002,radio,0.5
1,3,lr1e-04_bs32_modL1_fusion32_fusionL1_drop0p1_trmiss50_trlocradio,32,0.0001,1,32,1,0.1,lr1e-04_bs32_modL1_fusion32_fusionL1_drop0p1_trmiss50_trlocradio,45,0.46134762465953827,0.6964994966983795,0.5021551724137931,0.6444884853351764,0.6222222222222222,0.0,0.0,0.0,0.0,0.0,0.0,0.0,0.0,0.0,2002,radio,0.5
1,3,lr1e-04_bs32_modL1_fusion32_fusionL1_drop0p1_trmiss50_trlocradio,32,0.0001,1,32,1,0.1,lr1e-04_bs32_modL1_fusion32_fusionL1_drop0p1_trmiss50_trlocradio,46,0.4794016977151235,0.6969785392284393,0.4956896551724138,0.6396723883750661,0.6222222222222222,0.0,0.0,0.0,0.0,0.0,0.0,0.0,0.0,0.0,2002,radio,0.5
1,3,lr1e-04_bs32_modL1_fusion32_fusionL1_drop0p1_trmiss50_trlocradio,32,0.0001,1,32,1,0.1,lr1e-04_bs32_modL1_fusion32_fusionL1_drop0p1_trmiss50_trlocradio,47,0.4584147681792577,0.6945119500160217,0.49353448275862066,0.640640860167329,0.6,0.0,0.0,0.0,0.0,0.0,0.0,0.0,0.0,0.0,2002,radio,0.5
1,3,lr1e-04_bs32_modL1_fusion32_fusionL1_drop0p1_trmiss50_trlocradio,32,0.0001,1,32,1,0.1,lr1e-04_bs32_modL1_fusion32_fusionL1_drop0p1_trmiss50_trlocradio,48,0.4576057344675064,0.6965323090553284,0.4978448275862069,0.6418453528418837,0.6,0.0,0.0,0.0,0.0,0.0,0.0,0.0,0.0,0.0,2002,radio,0.5
1,3,lr1e-04_bs32_modL1_fusion32_fusionL1_drop0p1_trmiss50_trlocradio,32,0.0001,1,32,1,0.1,lr1e-04_bs32_modL1_fusion32_fusionL1_drop0p1_trmiss50_trlocradio,49,0.45520486931006116,0.6964028179645538,0.4978448275862069,0.6418453528418837,0.6,0.0,0.0,0.0,0.0,0.0,0.0,0.0,0.0,0.0,2002,radio,0.5
1,3,lr1e-04_bs32_modL1_fusion32_fusionL1_drop0p1_trmiss50_trlocradio,32,0.0001,1,32,1,0.1,lr1e-04_bs32_modL1_fusion32_fusionL1_drop0p1_trmiss50_trlocradio,50,0.45032350718975067,0.6964865624904633,0.4978448275862069,0.6421290271727375,0.6222222222222222,0.0,0.0,0.0,0.0,0.0,0.0,0.0,0.0,0.0,2002,radio,0.5
1,3,lr1e-04_bs32_modL1_fusion32_fusionL1_drop0p1_trmiss50_trlocradio,32,0.0001,1,32,1,0.1,lr1e-04_bs32_modL1_fusion32_fusionL1_drop0p1_trmiss50_trlocradio,51,0.4697914769252141,0.6958319246768951,0.5,0.6438814760714409,0.6444444444444445,0.0,0.0,0.0,0.0,0.0,0.0,0.0,0.0,0.0,2002,radio,0.5
1,3,lr1e-04_bs32_modL1_fusion32_fusionL1_drop0p1_trmiss50_trlocradio,32,0.0001,1,32,1,0.1,lr1e-04_bs32_modL1_fusion32_fusionL1_drop0p1_trmiss50_trlocradio,52,0.45409124592940014,0.6964705884456635,0.5021551724137931,0.6441504190741894,0.6222222222222222,0.0,0.0,0.0,0.0,0.0,0.0,0.0,0.0,0.0,2002,radio,0.5
1,3,lr1e-04_bs32_modL1_fusion32_fusionL1_drop0p1_trmiss50_trlocradio,32,0.0001,1,32,1,0.1,lr1e-04_bs32_modL1_fusion32_fusionL1_drop0p1_trmiss50_trlocradio,53,0.4531480173269908,0.6960365474224091,0.4978448275862069,0.642517930465452,0.6222222222222222,0.0,0.0,0.0,0.0,0.0,0.0,0.0,0.0,0.0,2002,radio,0.5
1,3,lr1e-04_bs32_modL1_fusion64_fusionL1_drop0p2_trmiss50_trlocradio,32,0.0001,1,64,1,0.2,lr1e-04_bs32_modL1_fusion64_fusionL1_drop0p2_trmiss50_trlocradio,1,0.6705670952796936,0.6958759129047394,0.4418103448275862,0.6196788467932458,0.5333333333333333,0.0,0.0,0.0,0.0,0.0,0.0,0.0,0.0,0.0,2002,radio,0.5
1,3,lr1e-04_bs32_modL1_fusion64_fusionL1_drop0p2_trmiss50_trlocradio,32,0.0001,1,64,1,0.2,lr1e-04_bs32_modL1_fusion64_fusionL1_drop0p2_trmiss50_trlocradio,2,0.6224865019321442,0.696628212928772,0.4267241379310345,0.6343070236273435,0.5555555555555556,0.0,0.0,0.0,0.0,0.0,0.0,0.0,0.0,0.0,2002,radio,0.5
1,3,lr1e-04_bs32_modL1_fusion64_fusionL1_drop0p2_trmiss50_trlocradio,32,0.0001,1,64,1,0.2,lr1e-04_bs32_modL1_fusion64_fusionL1_drop0p2_trmiss50_trlocradio,3,0.598895808060964,0.6973225772380829,0.43534482758620685,0.6156879993425944,0.5777777777777777,0.0,0.0,0.0,0.0,0.0,0.0,0.0,0.0,0.0,2002,radio,0.5
1,3,lr1e-04_bs32_modL1_fusion64_fusionL1_drop0p2_trmiss50_trlocradio,32,0.0001,1,64,1,0.2,lr1e-04_bs32_modL1_fusion64_fusionL1_drop0p2_trmiss50_trlocradio,4,0.5902309616406759,0.6954752206802368,0.47198275862068967,0.6252517394207372,0.6444444444444445,0.0,0.0,0.0,0.0,0.0,0.0,0.0,0.0,0.0,2002,radio,0.5
1,3,lr1e-04_bs32_modL1_fusion64_fusionL1_drop0p2_trmiss50_trlocradio,32,0.0001,1,64,1,0.2,lr1e-04_bs32_modL1_fusion64_fusionL1_drop0p2_trmiss50_trlocradio,5,0.5775944491227468,0.6928264498710632,0.4806034482758621,0.6400387010214919,0.6444444444444445,0.0,0.0,0.0,0.0,0.0,0.0,0.0,0.0,0.0,2002,radio,0.5
1,3,lr1e-04_bs32_modL1_fusion64_fusionL1_drop0p2_trmiss50_trlocradio,32,0.0001,1,64,1,0.2,lr1e-04_bs32_modL1_fusion64_fusionL1_drop0p2_trmiss50_trlocradio,6,0.5567250947157542,0.699369490146637,0.4762931034482759,0.6366381948462998,0.6,0.0,0.0,0.0,0.0,0.0,0.0,0.0,0.0,0.0,2002,radio,0.5
1,3,lr1e-04_bs32_modL1_fusion64_fusionL1_drop0p2_trmiss50_trlocradio,32,0.0001,1,64,1,0.2,lr1e-04_bs32_modL1_fusion64_fusionL1_drop0p2_trmiss50_trlocradio,7,0.5495029985904694,0.7114746272563934,0.47413793103448276,0.6136810751698287,0.6,0.0,0.0,0.0,0.0,0.0,0.0,0.0,0.0,0.0,2002,radio,0.5
1,3,lr1e-04_bs32_modL1_fusion64_fusionL1_drop0p2_trmiss50_trlocradio,32,0.0001,1,64,1,0.2,lr1e-04_bs32_modL1_fusion64_fusionL1_drop0p2_trmiss50_trlocradio,8,0.5229473213354746,0.7200621664524078,0.46336206896551724,0.6057824883799533,0.5555555555555556,0.0,0.0,0.0,0.0,0.0,0.0,0.0,0.0,0.0,2002,radio,0.5
1,3,lr1e-04_bs32_modL1_fusion64_fusionL1_drop0p2_trmiss50_trlocradio,32,0.0001,1,64,1,0.2,lr1e-04_bs32_modL1_fusion64_fusionL1_drop0p2_trmiss50_trlocradio,9,0.5297949661811193,0.7174814939498901,0.4310344827586207,0.6116758508150022,0.5111111111111111,0.0,0.0,0.0,0.0,0.0,0.0,0.0,0.0,0.0,2002,radio,0.5
1,3,lr1e-04_bs32_modL1_fusion64_fusionL1_drop0p2_trmiss50_trlocradio,32,0.0001,1,64,1,0.2,lr1e-04_bs32_modL1_fusion64_fusionL1_drop0p2_trmiss50_trlocradio,10,0.5004963427782059,0.7258159518241882,0.42456896551724144,0.5937282277350617,0.5333333333333333,0.0,0.0,0.0,0.0,0.0,0.0,0.0,0.0,0.0,2002,radio,0.5
1,3,lr1e-04_bs32_modL1_fusion64_fusionL1_drop0p2_trmiss50_trlocradio,32,0.0001,1,64,1,0.2,lr1e-04_bs32_modL1_fusion64_fusionL1_drop0p2_trmiss50_trlocradio,11,0.49917087455590564,0.7345499396324158,0.4288793103448276,0.5996340611870058,0.5333333333333333,0.0,0.0,0.0,0.0,0.0,0.0,0.0,0.0,0.0,2002,radio,0.5
1,3,lr1e-04_bs32_modL1_fusion64_fusionL1_drop0p2_trmiss50_trlocradio,32,0.0001,1,64,1,0.2,lr1e-04_bs32_modL1_fusion64_fusionL1_drop0p2_trmiss50_trlocradio,12,0.49180453022321063,0.7338123917579651,0.43534482758620685,0.609389690537579,0.5333333333333333,0.0,0.0,0.0,0.0,0.0,0.0,0.0,0.0,0.0,2002,radio,0.5
1,3,lr1e-04_bs32_modL1_fusion64_fusionL1_drop0p2_trmiss50_trlocradio,32,0.0001,1,64,1,0.2,lr1e-04_bs32_modL1_fusion64_fusionL1_drop0p2_trmiss50_trlocradio,13,0.4841380665699641,0.729639083147049,0.4461206896551724,0.6164625066321839,0.5777777777777777,0.0,0.0,0.0,0.0,0.0,0.0,0.0,0.0,0.0,2002,radio,0.5
1,3,lr1e-04_bs32_modL1_fusion64_fusionL1_drop0p2_trmiss50_trlocradio,32,0.0001,1,64,1,0.2,lr1e-04_bs32_modL1_fusion64_fusionL1_drop0p2_trmiss50_trlocradio,14,0.49360861877600354,0.7305271029472351,0.45905172413793105,0.6229238946356503,0.5777777777777777,0.0,0.0,0.0,0.0,0.0,0.0,0.0,0.0,0.0,2002,radio,0.5
1,3,lr1e-04_bs32_modL1_fusion64_fusionL1_drop0p2_trmiss50_trlocradio,32,0.0001,1,64,1,0.2,lr1e-04_bs32_modL1_fusion64_fusionL1_drop0p2_trmiss50_trlocradio,15,0.4603777527809143,0.7366523444652557,0.45905172413793105,0.622543809964439,0.5777777777777777,0.0,0.0,0.0,0.0,0.0,0.0,0.0,0.0,0.0,2002,radio,0.5
1,3,lr1e-04_bs32_modL1_fusion64_fusionL1_drop0p2_trmiss50_trlocradio,32,0.0001,1,64,1,0.2,lr1e-04_bs32_modL1_fusion64_fusionL1_drop0p2_trmiss50_trlocradio,16,0.4819631079832713,0.7412112057209015,0.45043103448275856,0.6147094574608094,0.5777777777777777,0.0,0.0,0.0,0.0,0.0,0.0,0.0,0.0,0.0,2002,radio,0.5
1,3,lr1e-04_bs32_modL1_fusion64_fusionL1_drop0p2_trmiss50_trlocradio,32,0.0001,1,64,1,0.2,lr1e-04_bs32_modL1_fusion64_fusionL1_drop0p2_trmiss50_trlocradio,17,0.4701576679944992,0.7442614138126373,0.4375,0.606832642862273,0.5777777777777777,0.0,0.0,0.0,0.0,0.0,0.0,0.0,0.0,0.0,2002,radio,0.5
1,3,lr1e-04_bs32_modL1_fusion64_fusionL1_drop0p2_trmiss50_trlocradio,32,0.0001,1,64,1,0.2,lr1e-04_bs32_modL1_fusion64_fusionL1_drop0p2_trmiss50_trlocradio,18,0.4479737877845764,0.7452097535133362,0.4267241379310345,0.6025497774456036,0.5777777777777777,0.0,0.0,0.0,0.0,0.0,0.0,0.0,0.0,0.0,2002,radio,0.5
1,3,lr1e-04_bs32_modL1_fusion64_fusionL1_drop0p2_trmiss50_trlocradio,32,0.0001,1,64,1,0.2,lr1e-04_bs32_modL1_fusion64_fusionL1_drop0p2_trmiss50_trlocradio,19,0.47462303439776105,0.7453049421310425,0.43103448275862066,0.6089110910664451,0.5777777777777777,0.0,0.0,0.0,0.0,0.0,0.0,0.0,0.0,0.0,2002,radio,0.5
1,3,lr1e-04_bs32_modL1_fusion64_fusionL1_drop0p2_trmiss50_trlocradio,32,0.0001,1,64,1,0.2,lr1e-04_bs32_modL1_fusion64_fusionL1_drop0p2_trmiss50_trlocradio,20,0.4553448011477788,0.742251068353653,0.4439655172413793,0.6131294519646978,0.5777777777777777,0.0,0.0,0.0,0.0,0.0,0.0,0.0,0.0,0.0,2002,radio,0.5
1,3,lr1e-04_bs32_modL1_fusion64_fusionL1_drop0p2_trmiss50_trlocradio,32,0.0001,1,64,1,0.2,lr1e-04_bs32_modL1_fusion64_fusionL1_drop0p2_trmiss50_trlocradio,21,0.44950411717096966,0.7406081259250641,0.4482758620689655,0.6154363341069632,0.5555555555555556,0.0,0.0,0.0,0.0,0.0,0.0,0.0,0.0,0.0,2002,radio,0.5
1,3,lr1e-04_bs32_modL1_fusion64_fusionL1_drop0p2_trmiss50_trlocradio,32,0.0001,1,64,1,0.2,lr1e-04_bs32_modL1_fusion64_fusionL1_drop0p2_trmiss50_trlocradio,22,0.44460175931453705,0.7426371276378632,0.43965517241379315,0.612024511129335,0.5555555555555556,0.0,0.0,0.0,0.0,0.0,0.0,0.0,0.0,0.0,2002,radio,0.5
1,3,lr1e-04_bs32_modL1_fusion64_fusionL1_drop0p2_trmiss50_trlocradio,32,0.0001,1,64,1,0.2,lr1e-04_bs32_modL1_fusion64_fusionL1_drop0p2_trmiss50_trlocradio,23,0.4643956820170085,0.7456189692020416,0.4439655172413792,0.6131359074734275,0.5777777777777777,0.0,0.0,0.0,0.0,0.0,0.0,0.0,0.0,0.0,2002,radio,0.5
1,3,lr1e-04_bs32_modL1_fusion64_fusionL1_drop0p2_trmiss50_trlocradio,32,0.0001,1,64,1,0.2,lr1e-04_bs32_modL1_fusion64_fusionL1_drop0p2_trmiss50_trlocradio,24,0.4458201974630356,0.7446796000003815,0.43965517241379315,0.6108911841321685,0.5555555555555556,0.0,0.0,0.0,0.0,0.0,0.0,0.0,0.0,0.0,2002,radio,0.5
1,3,lr1e-04_bs32_modL1_fusion64_fusionL1_drop0p2_trmiss50_trlocradio,32,0.0001,1,64,1,0.2,lr1e-04_bs32_modL1_fusion64_fusionL1_drop0p2_trmiss50_trlocradio,25,0.4625752568244934,0.7477356195449829,0.4418103448275862,0.6124257075272486,0.5555555555555556,0.0,0.0,0.0,0.0,0.0,0.0,0.0,0.0,0.0,2002,radio,0.5
1,3,lr1e-04_bs32_modL1_fusion64_fusionL1_drop0p1_trmiss50_trlocradio,32,0.0001,1,64,1,0.1,lr1e-04_bs32_modL1_fusion64_fusionL1_drop0p1_trmiss50_trlocradio,1,0.7787111898263296,0.7174077332019806,0.5581896551724138,0.7179233632039881,0.37777777777777777,0.0,0.0,0.0,0.0,0.0,0.0,0.0,0.0,0.0,2002,radio,0.5
1,3,lr1e-04_bs32_modL1_fusion64_fusionL1_drop0p1_trmiss50_trlocradio,32,0.0001,1,64,1,0.1,lr1e-04_bs32_modL1_fusion64_fusionL1_drop0p1_trmiss50_trlocradio,2,0.7007787724335989,0.7330986559391022,0.5107758620689655,0.6836339794663351,0.35555555555555557,0.0,0.0,0.0,0.0,0.0,0.0,0.0,0.0,0.0,2002,radio,0.5
1,3,lr1e-04_bs32_modL1_fusion64_fusionL1_drop0p1_trmiss50_trlocradio,32,0.0001,1,64,1,0.1,lr1e-04_bs32_modL1_fusion64_fusionL1_drop0p1_trmiss50_trlocradio,3,0.6831444203853607,0.750007152557373,0.5086206896551724,0.6805750952704135,0.3333333333333333,0.0,0.0,0.0,0.0,0.0,0.0,0.0,0.0,0.0,2002,radio,0.5
1,3,lr1e-04_bs32_modL1_fusion64_fusionL1_drop0p1_trmiss50_trlocradio,32,0.0001,1,64,1,0.1,lr1e-04_bs32_modL1_fusion64_fusionL1_drop0p1_trmiss50_trlocradio,4,0.6531367599964142,0.7655400335788727,0.49137931034482757,0.6628615122969945,0.3333333333333333,0.0,0.0,0.0,0.0,0.0,0.0,0.0,0.0,0.0,2002,radio,0.5
1,3,lr1e-04_bs32_modL1_fusion64_fusionL1_drop0p1_trmiss50_trlocradio,32,0.0001,1,64,1,0.1,lr1e-04_bs32_modL1_fusion64_fusionL1_drop0p1_trmiss50_trlocradio,5,0.6347289880116781,0.7793307304382324,0.478448275862069,0.6477320010455312,0.37777777777777777,0.0,0.0,0.0,0.0,0.0,0.0,0.0,0.0,0.0,2002,radio,0.5
1,3,lr1e-04_bs32_modL1_fusion64_fusionL1_drop0p1_trmiss50_trlocradio,32,0.0001,1,64,1,0.1,lr1e-04_bs32_modL1_fusion64_fusionL1_drop0p1_trmiss50_trlocradio,6,0.601587692896525,0.7847055196762085,0.46551724137931033,0.641503470541944,0.4,0.0,0.0,0.0,0.0,0.0,0.0,0.0,0.0,0.0,2002,radio,0.5
1,3,lr1e-04_bs32_modL1_fusion64_fusionL1_drop0p1_trmiss50_trlocradio,32,0.0001,1,64,1,0.1,lr1e-04_bs32_modL1_fusion64_fusionL1_drop0p1_trmiss50_trlocradio,7,0.5983507732550303,0.7928429245948792,0.45689655172413796,0.6328889937382249,0.4,0.0,0.0,0.0,0.0,0.0,0.0,0.0,0.0,0.0,2002,radio,0.5
1,3,lr1e-04_bs32_modL1_fusion64_fusionL1_drop0p1_trmiss50_trlocradio,32,0.0001,1,64,1,0.1,lr1e-04_bs32_modL1_fusion64_fusionL1_drop0p1_trmiss50_trlocradio,8,0.5766970217227936,0.8038442134857178,0.4504310344827586,0.6142166497482766,0.4,0.0,0.0,0.0,0.0,0.0,0.0,0.0,0.0,0.0,2002,radio,0.5
1,3,lr1e-04_bs32_modL1_fusion64_fusionL1_drop0p1_trmiss50_trlocradio,32,0.0001,1,64,1,0.1,lr1e-04_bs32_modL1_fusion64_fusionL1_drop0p1_trmiss50_trlocradio,9,0.5746492445468903,0.808948814868927,0.46120689655172414,0.6195790000816398,0.4,0.0,0.0,0.0,0.0,0.0,0.0,0.0,0.0,0.0,2002,radio,0.5
1,3,lr1e-04_bs32_modL1_fusion64_fusionL1_drop0p1_trmiss50_trlocradio,32,0.0001,1,64,1,0.1,lr1e-04_bs32_modL1_fusion64_fusionL1_drop0p1_trmiss50_trlocradio,10,0.5395368536313375,0.8092315793037415,0.4633620689655172,0.6189204040943923,0.37777777777777777,0.0,0.0,0.0,0.0,0.0,0.0,0.0,0.0,0.0,2002,radio,0.5
1,3,lr1e-04_bs32_modL1_fusion64_fusionL1_drop0p1_trmiss50_trlocradio,32,0.0001,1,64,1,0.1,lr1e-04_bs32_modL1_fusion64_fusionL1_drop0p1_trmiss50_trlocradio,11,0.5347530941168467,0.8025032579898834,0.4719827586206896,0.6217823888529289,0.37777777777777777,0.0,0.0,0.0,0.0,0.0,0.0,0.0,0.0,0.0,2002,radio,0.5
1,3,lr1e-04_bs32_modL1_fusion64_fusionL1_drop0p1_trmiss50_trlocradio,32,0.0001,1,64,1,0.1,lr1e-04_bs32_modL1_fusion64_fusionL1_drop0p1_trmiss50_trlocradio,12,0.5301673660675684,0.805237203836441,0.47844827586206895,0.6249350923228787,0.37777777777777777,0.0,0.0,0.0,0.0,0.0,0.0,0.0,0.0,0.0,2002,radio,0.5
1,3,lr1e-04_bs32_modL1_fusion64_fusionL1_drop0p1_trmiss50_trlocradio,32,0.0001,1,64,1,0.1,lr1e-04_bs32_modL1_fusion64_fusionL1_drop0p1_trmiss50_trlocradio,13,0.5398102204004923,0.8120750784873962,0.47629310344827586,0.625535128977682,0.37777777777777777,0.0,0.0,0.0,0.0,0.0,0.0,0.0,0.0,0.0,2002,radio,0.5
1,3,lr1e-04_bs32_modL1_fusion64_fusionL1_drop0p1_trmiss50_trlocradio,32,0.0001,1,64,1,0.1,lr1e-04_bs32_modL1_fusion64_fusionL1_drop0p1_trmiss50_trlocradio,14,0.5321599642435709,0.8146345615386963,0.4892241379310345,0.6268734479377049,0.37777777777777777,0.0,0.0,0.0,0.0,0.0,0.0,0.0,0.0,0.0,2002,radio,0.5
1,3,lr1e-04_bs32_modL1_fusion64_fusionL1_drop0p1_trmiss50_trlocradio,32,0.0001,1,64,1,0.1,lr1e-04_bs32_modL1_fusion64_fusionL1_drop0p1_trmiss50_trlocradio,15,0.5055329153935114,0.8109568953514099,0.49568965517241376,0.628364161260466,0.4,0.0,0.0,0.0,0.0,0.0,0.0,0.0,0.0,0.0,2002,radio,0.5
1,3,lr1e-04_bs32_modL1_fusion64_fusionL1_drop0p1_trmiss50_trlocradio,32,0.0001,1,64,1,0.1,lr1e-04_bs32_modL1_fusion64_fusionL1_drop0p1_trmiss50_trlocradio,16,0.5093020349740982,0.8105782568454742,0.4870689655172414,0.6269877983409685,0.4,0.0,0.0,0.0,0.0,0.0,0.0,0.0,0.0,0.0,2002,radio,0.5
1,3,lr1e-04_bs32_modL1_fusion64_fusionL1_drop0p1_trmiss50_trlocradio,32,0.0001,1,64,1,0.1,lr1e-04_bs32_modL1_fusion64_fusionL1_drop0p1_trmiss50_trlocradio,17,0.508244385321935,0.8112349510192871,0.48060344827586204,0.6259827253168697,0.4,0.0,0.0,0.0,0.0,0.0,0.0,0.0,0.0,0.0,2002,radio,0.5
1,3,lr1e-04_bs32_modL1_fusion64_fusionL1_drop0p1_trmiss50_trlocradio,32,0.0001,1,64,1,0.1,lr1e-04_bs32_modL1_fusion64_fusionL1_drop0p1_trmiss50_trlocradio,18,0.504055013259252,0.8109488189220428,0.4719827586206896,0.6217462864308202,0.4,0.0,0.0,0.0,0.0,0.0,0.0,0.0,0.0,0.0,2002,radio,0.5
1,3,lr1e-04_bs32_modL1_fusion64_fusionL1_drop0p1_trmiss50_trlocradio,32,0.0001,1,64,1,0.1,lr1e-04_bs32_modL1_fusion64_fusionL1_drop0p1_trmiss50_trlocradio,19,0.49305467307567596,0.8069150745868683,0.4827586206896552,0.6241646307389105,0.4,0.0,0.0,0.0,0.0,0.0,0.0,0.0,0.0,0.0,2002,radio,0.5
1,3,lr1e-04_bs32_modL1_fusion64_fusionL1_drop0p1_trmiss50_trlocradio,32,0.0001,1,64,1,0.1,lr1e-04_bs32_modL1_fusion64_fusionL1_drop0p1_trmiss50_trlocradio,20,0.4885775148868561,0.8151295483112335,0.4698275862068966,0.6210914465202817,0.37777777777777777,0.0,0.0,0.0,0.0,0.0,0.0,0.0,0.0,0.0,2002,radio,0.5
1,3,lr1e-04_bs32_modL1_fusion64_fusionL1_drop0p1_trmiss50_trlocradio,32,0.0001,1,64,1,0.1,lr1e-04_bs32_modL1_fusion64_fusionL1_drop0p1_trmiss50_trlocradio,21,0.49384940167268115,0.8107381463050842,0.4806034482758621,0.6255869250906131,0.4,0.0,0.0,0.0,0.0,0.0,0.0,0.0,0.0,0.0,2002,radio,0.5
1,3,lr1e-04_bs32_modL1_fusion64_fusionL1_drop0p1_trmiss50_trlocradio,32,0.0001,1,64,1,0.1,lr1e-04_bs32_modL1_fusion64_fusionL1_drop0p1_trmiss50_trlocradio,22,0.4870935430129369,0.8131874203681946,0.48922413793103453,0.6319033302498764,0.4222222222222222,0.0,0.0,0.0,0.0,0.0,0.0,0.0,0.0,0.0,2002,radio,0.5
1,3,lr1e-04_bs32_modL1_fusion64_fusionL1_drop0p1_trmiss50_trlocradio,32,0.0001,1,64,1,0.1,lr1e-04_bs32_modL1_fusion64_fusionL1_drop0p1_trmiss50_trlocradio,23,0.4779228021701177,0.8081217706203461,0.4892241379310345,0.6289156065884624,0.4222222222222222,0.0,0.0,0.0,0.0,0.0,0.0,0.0,0.0,0.0,2002,radio,0.5
1,3,lr1e-04_bs32_modL1_fusion64_fusionL1_drop0p1_trmiss50_trlocradio,32,0.0001,1,64,1,0.1,lr1e-04_bs32_modL1_fusion64_fusionL1_drop0p1_trmiss50_trlocradio,24,0.486362819870313,0.8146948218345642,0.4913793103448275,0.6298983354739474,0.4444444444444444,0.0,0.0,0.0,0.0,0.0,0.0,0.0,0.0,0.0,2002,radio,0.5
1,3,lr1e-04_bs32_modL1_fusion64_fusionL1_drop0p1_trmiss50_trlocradio,32,0.0001,1,64,1,0.1,lr1e-04_bs32_modL1_fusion64_fusionL1_drop0p1_trmiss50_trlocradio,25,0.48155223329861957,0.8127720057964325,0.4956896551724138,0.6301346236866421,0.4,0.0,0.0,0.0,0.0,0.0,0.0,0.0,0.0,0.0,2002,radio,0.5
1,3,lr1e-04_bs32_modL1_fusion64_fusionL1_drop0p1_trmiss50_trlocradio,32,0.0001,1,64,1,0.1,lr1e-04_bs32_modL1_fusion64_fusionL1_drop0p1_trmiss50_trlocradio,26,0.4890637894471486,0.8193656504154205,0.49137931034482757,0.6277466964693649,0.4,0.0,0.0,0.0,0.0,0.0,0.0,0.0,0.0,0.0,2002,radio,0.5
1,3,lr1e-04_bs32_modL1_fusion64_fusionL1_drop0p1_trmiss50_trlocradio,32,0.0001,1,64,1,0.1,lr1e-04_bs32_modL1_fusion64_fusionL1_drop0p1_trmiss50_trlocradio,27,0.4738680024941762,0.8130362629890442,0.4913793103448276,0.6267598073354193,0.4222222222222222,0.0,0.0,0.0,0.0,0.0,0.0,0.0,0.0,0.0,2002,radio,0.5
1,3,lr1e-04_bs32_modL1_fusion64_fusionL1_drop0p1_trmiss50_trlocradio,32,0.0001,1,64,1,0.1,lr1e-04_bs32_modL1_fusion64_fusionL1_drop0p1_trmiss50_trlocradio,28,0.4706488450368245,0.8139459788799286,0.48060344827586204,0.6215478409585632,0.4222222222222222,0.0,0.0,0.0,0.0,0.0,0.0,0.0,0.0,0.0,2002,radio,0.5
1,3,lr1e-04_bs32_modL1_fusion64_fusionL1_drop0p1_trmiss50_trlocradio,32,0.0001,1,64,1,0.1,lr1e-04_bs32_modL1_fusion64_fusionL1_drop0p1_trmiss50_trlocradio,29,0.4675588359435399,0.8090678155422211,0.4892241379310345,0.6246209287325083,0.4222222222222222,0.0,0.0,0.0,0.0,0.0,0.0,0.0,0.0,0.0,2002,radio,0.5
1,3,lr1e-04_bs32_modL1_fusion64_fusionL1_drop0p1_trmiss50_trlocradio,32,0.0001,1,64,1,0.1,lr1e-04_bs32_modL1_fusion64_fusionL1_drop0p1_trmiss50_trlocradio,30,0.4677600512901942,0.8082550466060638,0.4913793103448276,0.6231012014514477,0.4222222222222222,0.0,0.0,0.0,0.0,0.0,0.0,0.0,0.0,0.0,2002,radio,0.5
1,3,lr1e-04_bs32_modL1_fusion64_fusionL1_drop0p1_trmiss50_trlocradio,32,0.0001,1,64,1,0.1,lr1e-04_bs32_modL1_fusion64_fusionL1_drop0p1_trmiss50_trlocradio,31,0.4685482730468114,0.8113558292388916,0.48275862068965514,0.6183292613413983,0.4222222222222222,0.0,0.0,0.0,0.0,0.0,0.0,0.0,0.0,0.0,2002,radio,0.5
1,3,lr1e-04_bs32_modL1_fusion64_fusionL1_drop0p1_trmiss50_trlocradio,32,0.0001,1,64,1,0.1,lr1e-04_bs32_modL1_fusion64_fusionL1_drop0p1_trmiss50_trlocradio,32,0.46680108706156415,0.8107050061225891,0.4849137931034483,0.6228969035141385,0.4222222222222222,0.0,0.0,0.0,0.0,0.0,0.0,0.0,0.0,0.0,2002,radio,0.5
1,3,lr1e-04_bs32_modL1_fusion64_fusionL1_drop0p1_trmiss50_trlocradio,32,0.0001,1,64,1,0.1,lr1e-04_bs32_modL1_fusion64_fusionL1_drop0p1_trmiss50_trlocradio,33,0.4685002664724986,0.808258593082428,0.4892241379310345,0.6270160283229185,0.4222222222222222,0.0,0.0,0.0,0.0,0.0,0.0,0.0,0.0,0.0,2002,radio,0.5
1,3,lr1e-04_bs32_modL1_fusion64_fusionL1_drop0p1_trmiss50_trlocradio,32,0.0001,1,64,1,0.1,lr1e-04_bs32_modL1_fusion64_fusionL1_drop0p1_trmiss50_trlocradio,34,0.4628351330757141,0.812621146440506,0.4892241379310345,0.6261994643500736,0.4222222222222222,0.0,0.0,0.0,0.0,0.0,0.0,0.0,0.0,0.0,2002,radio,0.5
1,3,lr1e-04_bs32_modL1_fusion64_fusionL1_drop0p1_trmiss50_trlocradio,32,0.0001,1,64,1,0.1,lr1e-04_bs32_modL1_fusion64_fusionL1_drop0p1_trmiss50_trlocradio,35,0.46965740621089935,0.8124169111251831,0.47629310344827586,0.6151770121532859,0.4222222222222222,0.0,0.0,0.0,0.0,0.0,0.0,0.0,0.0,0.0,2002,radio,0.5
1,3,lr1e-04_bs32_modL1_fusion64_fusionL1_drop0p1_trmiss50_trlocradio,32,0.0001,1,64,1,0.1,lr1e-04_bs32_modL1_fusion64_fusionL1_drop0p1_trmiss50_trlocradio,36,0.4771388868490855,0.8141708374023438,0.47629310344827586,0.617745857600692,0.4222222222222222,0.0,0.0,0.0,0.0,0.0,0.0,0.0,0.0,0.0,2002,radio,0.5
1,3,lr1e-04_bs32_modL1_fusion64_fusionL1_drop0p1_trmiss50_trlocradio,32,0.0001,1,64,1,0.1,lr1e-04_bs32_modL1_fusion64_fusionL1_drop0p1_trmiss50_trlocradio,37,0.459983949859937,0.8156859576702118,0.4806034482758621,0.6203915953017229,0.4222222222222222,0.0,0.0,0.0,0.0,0.0,0.0,0.0,0.0,0.0,2002,radio,0.5
1,3,lr1e-04_bs32_modL1_fusion64_fusionL1_drop0p1_trmiss50_trlocradio,32,0.0001,1,64,1,0.1,lr1e-04_bs32_modL1_fusion64_fusionL1_drop0p1_trmiss50_trlocradio,38,0.4749954243501027,0.8144925832748413,0.4806034482758621,0.6196781589164673,0.4222222222222222,0.0,0.0,0.0,0.0,0.0,0.0,0.0,0.0,0.0,2002,radio,0.5
1,3,lr1e-04_bs32_modL1_fusion64_fusionL1_drop0p1_trmiss50_trlocradio,32,0.0001,1,64,1,0.1,lr1e-04_bs32_modL1_fusion64_fusionL1_drop0p1_trmiss50_trlocradio,39,0.4817605217297872,0.8192419707775116,0.47844827586206895,0.6174838015496961,0.4222222222222222,0.0,0.0,0.0,0.0,0.0,0.0,0.0,0.0,0.0,2002,radio,0.5
1,3,lr1e-04_bs32_modL1_fusion64_fusionL1_drop0p1_trmiss50_trlocradio,32,0.0001,1,64,1,0.1,lr1e-04_bs32_modL1_fusion64_fusionL1_drop0p1_trmiss50_trlocradio,40,0.47630419333775836,0.8186251819133759,0.47413793103448276,0.6200636271238562,0.4222222222222222,0.0,0.0,0.0,0.0,0.0,0.0,0.0,0.0,0.0,2002,radio,0.5
1,3,lr1e-04_bs32_modL1_fusion64_fusionL1_drop0p1_trmiss50_trlocradio,32,0.0001,1,64,1,0.1,lr1e-04_bs32_modL1_fusion64_fusionL1_drop0p1_trmiss50_trlocradio,41,0.4790647973616918,0.8178406953811646,0.48275862068965514,0.6197905412061742,0.4222222222222222,0.0,0.0,0.0,0.0,0.0,0.0,0.0,0.0,0.0,2002,radio,0.5
1,3,lr1e-04_bs32_modL1_fusion64_fusionL1_drop0p1_trmiss50_trlocradio,32,0.0001,1,64,1,0.1,lr1e-04_bs32_modL1_fusion64_fusionL1_drop0p1_trmiss50_trlocradio,42,0.46501945455869037,0.8150340914726257,0.47413793103448276,0.6161677209865707,0.4222222222222222,0.0,0.0,0.0,0.0,0.0,0.0,0.0,0.0,0.0,2002,radio,0.5
1,3,lr1e-04_bs32_modL1_fusion64_fusionL1_drop0p1_trmiss50_trlocradio,32,0.0001,1,64,1,0.1,lr1e-04_bs32_modL1_fusion64_fusionL1_drop0p1_trmiss50_trlocradio,43,0.4592657635609309,0.808518797159195,0.47413793103448276,0.6192619271335152,0.4222222222222222,0.0,0.0,0.0,0.0,0.0,0.0,0.0,0.0,0.0,2002,radio,0.5
1,3,lr1e-04_bs32_modL1_fusion64_fusionL1_drop0p1_trmiss50_trlocradio,32,0.0001,1,64,1,0.1,lr1e-04_bs32_modL1_fusion64_fusionL1_drop0p1_trmiss50_trlocradio,44,0.4643649657567342,0.8123445808887482,0.478448275862069,0.6185290455836239,0.4222222222222222,0.0,0.0,0.0,0.0,0.0,0.0,0.0,0.0,0.0,2002,radio,0.5
1,3,lr1e-04_bs32_modL1_fusion64_fusionL1_drop0p1_trmiss50_trlocradio,32,0.0001,1,64,1,0.1,lr1e-04_bs32_modL1_fusion64_fusionL1_drop0p1_trmiss50_trlocradio,45,0.4700327316919963,0.8112263381481171,0.4827586206896552,0.6202132852241484,0.4222222222222222,0.0,0.0,0.0,0.0,0.0,0.0,0.0,0.0,0.0,2002,radio,0.5
1,4,lr5e-05_bs16_modL1_fusion32_fusionL1_drop0p2_trmiss50_trlocradio,16,5e-05,1,32,1,0.2,lr5e-05_bs16_modL1_fusion32_fusionL1_drop0p2_trmiss50_trlocradio,1,0.7452605764071146,0.7197738687197367,0.41163793103448276,0.6336100773509373,0.35555555555555557,0.0,0.0,0.0,0.0,0.0,0.0,0.0,0.0,0.0,2002,radio,0.5
1,4,lr5e-05_bs16_modL1_fusion32_fusionL1_drop0p2_trmiss50_trlocradio,16,5e-05,1,32,1,0.2,lr5e-05_bs16_modL1_fusion32_fusionL1_drop0p2_trmiss50_trlocradio,2,0.735020915667216,0.725663959980011,0.45043103448275856,0.6691073462888207,0.4222222222222222,0.0,0.0,0.0,0.0,0.0,0.0,0.0,0.0,0.0,2002,radio,0.5
1,4,lr5e-05_bs16_modL1_fusion32_fusionL1_drop0p2_trmiss50_trlocradio,16,5e-05,1,32,1,0.2,lr5e-05_bs16_modL1_fusion32_fusionL1_drop0p2_trmiss50_trlocradio,3,0.7108412533998489,0.7314455906550089,0.47413793103448276,0.6688645880195365,0.4666666666666667,0.0,0.0,0.0,0.0,0.0,0.0,0.0,0.0,0.0,2002,radio,0.5
1,4,lr5e-05_bs16_modL1_fusion32_fusionL1_drop0p2_trmiss50_trlocradio,16,5e-05,1,32,1,0.2,lr5e-05_bs16_modL1_fusion32_fusionL1_drop0p2_trmiss50_trlocradio,4,0.7178832093874613,0.7314083774884542,0.48275862068965514,0.6531530624212507,0.4,0.0,0.0,0.0,0.0,0.0,0.0,0.0,0.0,0.0,2002,radio,0.5
1,4,lr5e-05_bs16_modL1_fusion32_fusionL1_drop0p2_trmiss50_trlocradio,16,5e-05,1,32,1,0.2,lr5e-05_bs16_modL1_fusion32_fusionL1_drop0p2_trmiss50_trlocradio,5,0.7145374516646067,0.738896389802297,0.45689655172413796,0.643592230036957,0.4222222222222222,0.0,0.0,0.0,0.0,0.0,0.0,0.0,0.0,0.0,2002,radio,0.5
1,4,lr5e-05_bs16_modL1_fusion32_fusionL1_drop0p2_trmiss50_trlocradio,16,5e-05,1,32,1,0.2,lr5e-05_bs16_modL1_fusion32_fusionL1_drop0p2_trmiss50_trlocradio,6,0.6605839977661768,0.7348495125770569,0.43103448275862066,0.6340065321579426,0.4,0.0,0.0,0.0,0.0,0.0,0.0,0.0,0.0,0.0,2002,radio,0.5
1,4,lr5e-05_bs16_modL1_fusion32_fusionL1_drop0p2_trmiss50_trlocradio,16,5e-05,1,32,1,0.2,lr5e-05_bs16_modL1_fusion32_fusionL1_drop0p2_trmiss50_trlocradio,7,0.6928852746884028,0.7362788518269857,0.4719827586206897,0.6492613947950183,0.4222222222222222,0.0,0.0,0.0,0.0,0.0,0.0,0.0,0.0,0.0,2002,radio,0.5
1,4,lr5e-05_bs16_modL1_fusion32_fusionL1_drop0p2_trmiss50_trlocradio,16,5e-05,1,32,1,0.2,lr5e-05_bs16_modL1_fusion32_fusionL1_drop0p2_trmiss50_trlocradio,8,0.6550711989402771,0.7369753917058309,0.456896551724138,0.6386557812039345,0.4444444444444444,0.0,0.0,0.0,0.0,0.0,0.0,0.0,0.0,0.0,2002,radio,0.5
1,4,lr5e-05_bs16_modL1_fusion32_fusionL1_drop0p2_trmiss50_trlocradio,16,5e-05,1,32,1,0.2,lr5e-05_bs16_modL1_fusion32_fusionL1_drop0p2_trmiss50_trlocradio,9,0.6714012523492178,0.7379967570304871,0.478448275862069,0.6524325922878197,0.4222222222222222,0.0,0.0,0.0,0.0,0.0,0.0,0.0,0.0,0.0,2002,radio,0.5
1,4,lr5e-05_bs16_modL1_fusion32_fusionL1_drop0p2_trmiss50_trlocradio,16,5e-05,1,32,1,0.2,lr5e-05_bs16_modL1_fusion32_fusionL1_drop0p2_trmiss50_trlocradio,10,0.62543257077535,0.7259586652119955,0.46551724137931033,0.649857747417359,0.4222222222222222,0.0,0.0,0.0,0.0,0.0,0.0,0.0,0.0,0.0,2002,radio,0.5
1,4,lr5e-05_bs16_modL1_fusion32_fusionL1_drop0p2_trmiss50_trlocradio,16,5e-05,1,32,1,0.2,lr5e-05_bs16_modL1_fusion32_fusionL1_drop0p2_trmiss50_trlocradio,11,0.6549724340438843,0.7233660817146301,0.5,0.6779667831473604,0.4444444444444444,0.0,0.0,0.0,0.0,0.0,0.0,0.0,0.0,0.0,2002,radio,0.5
1,4,lr5e-05_bs16_modL1_fusion32_fusionL1_drop0p2_trmiss50_trlocradio,16,5e-05,1,32,1,0.2,lr5e-05_bs16_modL1_fusion32_fusionL1_drop0p2_trmiss50_trlocradio,12,0.6323961913585663,0.7167567014694214,0.5,0.6608936250879064,0.4,0.0,0.0,0.0,0.0,0.0,0.0,0.0,0.0,0.0,2002,radio,0.5
1,4,lr5e-05_bs16_modL1_fusion32_fusionL1_drop0p2_trmiss50_trlocradio,16,5e-05,1,32,1,0.2,lr5e-05_bs16_modL1_fusion32_fusionL1_drop0p2_trmiss50_trlocradio,13,0.6167274191975594,0.717152734597524,0.5064655172413792,0.6872757046707739,0.4444444444444444,0.0,0.0,0.0,0.0,0.0,0.0,0.0,0.0,0.0,2002,radio,0.5
1,4,lr5e-05_bs16_modL1_fusion32_fusionL1_drop0p2_trmiss50_trlocradio,16,5e-05,1,32,1,0.2,lr5e-05_bs16_modL1_fusion32_fusionL1_drop0p2_trmiss50_trlocradio,14,0.6162716100613276,0.7205119729042053,0.5,0.6995645741044086,0.4,0.0,0.0,0.0,0.0,0.0,0.0,0.0,0.0,0.0,2002,radio,0.5
1,4,lr5e-05_bs16_modL1_fusion32_fusionL1_drop0p2_trmiss50_trlocradio,16,5e-05,1,32,1,0.2,lr5e-05_bs16_modL1_fusion32_fusionL1_drop0p2_trmiss50_trlocradio,15,0.6384937316179276,0.7274881601333618,0.4870689655172414,0.6876632212063731,0.37777777777777777,0.0,0.0,0.0,0.0,0.0,0.0,0.0,0.0,0.0,2002,radio,0.5
1,4,lr5e-05_bs16_modL1_fusion32_fusionL1_drop0p2_trmiss50_trlocradio,16,5e-05,1,32,1,0.2,lr5e-05_bs16_modL1_fusion32_fusionL1_drop0p2_trmiss50_trlocradio,16,0.6246044139067332,0.7296461860338846,0.46336206896551724,0.6327855184681201,0.35555555555555557,0.0,0.0,0.0,0.0,0.0,0.0,0.0,0.0,0.0,2002,radio,0.5
1,4,lr5e-05_bs16_modL1_fusion32_fusionL1_drop0p2_trmiss50_trlocradio,16,5e-05,1,32,1,0.2,lr5e-05_bs16_modL1_fusion32_fusionL1_drop0p2_trmiss50_trlocradio,17,0.6456302007039388,0.7236440181732178,0.4461206896551724,0.6427075950887673,0.37777777777777777,0.0,0.0,0.0,0.0,0.0,0.0,0.0,0.0,0.0,2002,radio,0.5
1,4,lr5e-05_bs16_modL1_fusion32_fusionL1_drop0p2_trmiss50_trlocradio,16,5e-05,1,32,1,0.2,lr5e-05_bs16_modL1_fusion32_fusionL1_drop0p2_trmiss50_trlocradio,18,0.6190279722213745,0.720564047495524,0.4806034482758621,0.6488350243740535,0.37777777777777777,0.0,0.0,0.0,0.0,0.0,0.0,0.0,0.0,0.0,2002,radio,0.5
1,4,lr5e-05_bs16_modL1_fusion32_fusionL1_drop0p2_trmiss50_trlocradio,16,5e-05,1,32,1,0.2,lr5e-05_bs16_modL1_fusion32_fusionL1_drop0p2_trmiss50_trlocradio,19,0.6357108950614929,0.7224048773447672,0.4698275862068966,0.6404773413639598,0.37777777777777777,0.0,0.0,0.0,0.0,0.0,0.0,0.0,0.0,0.0,2002,radio,0.5
1,4,lr5e-05_bs16_modL1_fusion32_fusionL1_drop0p2_trmiss50_trlocradio,16,5e-05,1,32,1,0.2,lr5e-05_bs16_modL1_fusion32_fusionL1_drop0p2_trmiss50_trlocradio,20,0.6313892851273218,0.7247935136159261,0.48060344827586204,0.6465612981862371,0.3333333333333333,0.0,0.0,0.0,0.0,0.0,0.0,0.0,0.0,0.0,2002,radio,0.5
1,4,lr5e-05_bs16_modL1_fusion32_fusionL1_drop0p2_trmiss50_trlocradio,16,5e-05,1,32,1,0.2,lr5e-05_bs16_modL1_fusion32_fusionL1_drop0p2_trmiss50_trlocradio,21,0.6135747383038203,0.7213296492894491,0.48060344827586204,0.6541499374510599,0.37777777777777777,0.0,0.0,0.0,0.0,0.0,0.0,0.0,0.0,0.0,2002,radio,0.5
1,4,lr5e-05_bs16_modL1_fusion32_fusionL1_drop0p2_trmiss50_trlocradio,16,5e-05,1,32,1,0.2,lr5e-05_bs16_modL1_fusion32_fusionL1_drop0p2_trmiss50_trlocradio,22,0.6062211443980535,0.721754769484202,0.47844827586206895,0.6562279102423603,0.37777777777777777,0.0,0.0,0.0,0.0,0.0,0.0,0.0,0.0,0.0,2002,radio,0.5
1,4,lr5e-05_bs16_modL1_fusion32_fusionL1_drop0p2_trmiss50_trlocradio,16,5e-05,1,32,1,0.2,lr5e-05_bs16_modL1_fusion32_fusionL1_drop0p2_trmiss50_trlocradio,23,0.6125144710143408,0.7308923999468485,0.4439655172413793,0.6475928467942415,0.35555555555555557,0.0,0.0,0.0,0.0,0.0,0.0,0.0,0.0,0.0,2002,radio,0.5
1,4,lr5e-05_bs16_modL1_fusion32_fusionL1_drop0p2_trmiss50_trlocradio,16,5e-05,1,32,1,0.2,lr5e-05_bs16_modL1_fusion32_fusionL1_drop0p2_trmiss50_trlocradio,24,0.5857872615257899,0.7370467185974121,0.4461206896551724,0.6433909819721256,0.35555555555555557,0.0,0.0,0.0,0.0,0.0,0.0,0.0,0.0,0.0,2002,radio,0.5
1,4,lr5e-05_bs16_modL1_fusion32_fusionL1_drop0p2_trmiss50_trlocradio,16,5e-05,1,32,1,0.2,lr5e-05_bs16_modL1_fusion32_fusionL1_drop0p2_trmiss50_trlocradio,25,0.6015208065509796,0.7194430629412333,0.4698275862068965,0.6473643663788162,0.35555555555555557,0.0,0.0,0.0,0.0,0.0,0.0,0.0,0.0,0.0,2002,radio,0.5
1,4,lr5e-05_bs16_modL1_fusion32_fusionL1_drop0p2_trmiss50_trlocradio,16,5e-05,1,32,1,0.2,lr5e-05_bs16_modL1_fusion32_fusionL1_drop0p2_trmiss50_trlocradio,26,0.6348636398712794,0.7188560565312704,0.4956896551724138,0.6599300641056631,0.4,0.0,0.0,0.0,0.0,0.0,0.0,0.0,0.0,0.0,2002,radio,0.5
1,4,lr5e-05_bs16_modL1_fusion32_fusionL1_drop0p2_trmiss50_trlocradio,16,5e-05,1,32,1,0.2,lr5e-05_bs16_modL1_fusion32_fusionL1_drop0p2_trmiss50_trlocradio,27,0.6150903701782227,0.7283640702565511,0.47413793103448276,0.6544665967809322,0.4,0.0,0.0,0.0,0.0,0.0,0.0,0.0,0.0,0.0,2002,radio,0.5
1,4,lr5e-05_bs16_modL1_fusion32_fusionL1_drop0p2_trmiss50_trlocradio,16,5e-05,1,32,1,0.2,lr5e-05_bs16_modL1_fusion32_fusionL1_drop0p2_trmiss50_trlocradio,28,0.6067184706528982,0.7314473986625671,0.45905172413793105,0.6477955565400599,0.4222222222222222,0.0,0.0,0.0,0.0,0.0,0.0,0.0,0.0,0.0,2002,radio,0.5
1,4,lr5e-05_bs16_modL1_fusion32_fusionL1_drop0p2_trmiss50_trlocradio,16,5e-05,1,32,1,0.2,lr5e-05_bs16_modL1_fusion32_fusionL1_drop0p2_trmiss50_trlocradio,29,0.6051517377297083,0.7332239349683126,0.4482758620689655,0.6378683241158143,0.4,0.0,0.0,0.0,0.0,0.0,0.0,0.0,0.0,0.0,2002,radio,0.5
1,4,lr5e-05_bs16_modL1_fusion32_fusionL1_drop0p2_trmiss50_trlocradio,16,5e-05,1,32,1,0.2,lr5e-05_bs16_modL1_fusion32_fusionL1_drop0p2_trmiss50_trlocradio,30,0.5804959262410799,0.7186318834622701,0.48275862068965514,0.6457041647950537,0.4,0.0,0.0,0.0,0.0,0.0,0.0,0.0,0.0,0.0,2002,radio,0.5
1,4,lr5e-05_bs16_modL1_fusion32_fusionL1_drop0p2_trmiss50_trlocradio,16,5e-05,1,32,1,0.2,lr5e-05_bs16_modL1_fusion32_fusionL1_drop0p2_trmiss50_trlocradio,31,0.5862246106068293,0.7191367348035177,0.46551724137931033,0.6250719600164091,0.4222222222222222,0.0,0.0,0.0,0.0,0.0,0.0,0.0,0.0,0.0,2002,radio,0.5
1,4,lr5e-05_bs16_modL1_fusion32_fusionL1_drop0p2_trmiss50_trlocradio,16,5e-05,1,32,1,0.2,lr5e-05_bs16_modL1_fusion32_fusionL1_drop0p2_trmiss50_trlocradio,32,0.5729057143131892,0.715067724386851,0.48706896551724144,0.6503309427224337,0.37777777777777777,0.0,0.0,0.0,0.0,0.0,0.0,0.0,0.0,0.0,2002,radio,0.5
1,4,lr5e-05_bs16_modL1_fusion32_fusionL1_drop0p2_trmiss50_trlocradio,16,5e-05,1,32,1,0.2,lr5e-05_bs16_modL1_fusion32_fusionL1_drop0p2_trmiss50_trlocradio,33,0.6194103509187698,0.7249206900596619,0.4676724137931035,0.6386883201622483,0.37777777777777777,0.0,0.0,0.0,0.0,0.0,0.0,0.0,0.0,0.0,2002,radio,0.5
1,4,lr5e-05_bs16_modL1_fusion32_fusionL1_drop0p1_trmiss50_trlocradio,16,5e-05,1,32,1,0.1,lr5e-05_bs16_modL1_fusion32_fusionL1_drop0p1_trmiss50_trlocradio,1,0.698857714732488,0.6818761030832926,0.5021551724137931,0.7126298703467311,0.6,0.0,0.0,0.0,0.0,0.0,0.0,0.0,0.0,0.0,2002,radio,0.5
1,4,lr5e-05_bs16_modL1_fusion32_fusionL1_drop0p1_trmiss50_trlocradio,16,5e-05,1,32,1,0.1,lr5e-05_bs16_modL1_fusion32_fusionL1_drop0p1_trmiss50_trlocradio,2,0.6690414299567541,0.6833017269770304,0.5301724137931034,0.7438476959677236,0.5333333333333333,0.0,0.0,0.0,0.0,0.0,0.0,0.0,0.0,0.0,2002,radio,0.5
1,4,lr5e-05_bs16_modL1_fusion32_fusionL1_drop0p1_trmiss50_trlocradio,16,5e-05,1,32,1,0.1,lr5e-05_bs16_modL1_fusion32_fusionL1_drop0p1_trmiss50_trlocradio,3,0.636603057384491,0.6811156074206034,0.540948275862069,0.7474267649145301,0.5111111111111111,0.0,0.0,0.0,0.0,0.0,0.0,0.0,0.0,0.0,2002,radio,0.5
1,4,lr5e-05_bs16_modL1_fusion32_fusionL1_drop0p1_trmiss50_trlocradio,16,5e-05,1,32,1,0.1,lr5e-05_bs16_modL1_fusion32_fusionL1_drop0p1_trmiss50_trlocradio,4,0.6531510551770529,0.677274207274119,0.5538793103448276,0.764619223423548,0.5111111111111111,0.0,0.0,0.0,0.0,0.0,0.0,0.0,0.0,0.0,2002,radio,0.5
1,4,lr5e-05_bs16_modL1_fusion32_fusionL1_drop0p1_trmiss50_trlocradio,16,5e-05,1,32,1,0.1,lr5e-05_bs16_modL1_fusion32_fusionL1_drop0p1_trmiss50_trlocradio,5,0.6239811927080154,0.6749569376309713,0.5474137931034483,0.7638205710470611,0.5111111111111111,0.0,0.0,0.0,0.0,0.0,0.0,0.0,0.0,0.0,2002,radio,0.5
1,4,lr5e-05_bs16_modL1_fusion32_fusionL1_drop0p1_trmiss50_trlocradio,16,5e-05,1,32,1,0.1,lr5e-05_bs16_modL1_fusion32_fusionL1_drop0p1_trmiss50_trlocradio,6,0.6329102963209152,0.6702579061190287,0.5517241379310345,0.7711723079414066,0.5333333333333333,0.0,0.0,0.0,0.0,0.0,0.0,0.0,0.0,0.0,2002,radio,0.5
1,4,lr5e-05_bs16_modL1_fusion32_fusionL1_drop0p1_trmiss50_trlocradio,16,5e-05,1,32,1,0.1,lr5e-05_bs16_modL1_fusion32_fusionL1_drop0p1_trmiss50_trlocradio,7,0.6033048431078593,0.6729949116706848,0.5366379310344828,0.7661258843779375,0.5333333333333333,0.0,0.0,0.0,0.0,0.0,0.0,0.0,0.0,0.0,2002,radio,0.5
1,4,lr5e-05_bs16_modL1_fusion32_fusionL1_drop0p1_trmiss50_trlocradio,16,5e-05,1,32,1,0.1,lr5e-05_bs16_modL1_fusion32_fusionL1_drop0p1_trmiss50_trlocradio,8,0.6109256496032079,0.6753445863723755,0.5043103448275862,0.7457636904979363,0.5555555555555556,0.0,0.0,0.0,0.0,0.0,0.0,0.0,0.0,0.0,2002,radio,0.5
1,4,lr5e-05_bs16_modL1_fusion32_fusionL1_drop0p1_trmiss50_trlocradio,16,5e-05,1,32,1,0.1,lr5e-05_bs16_modL1_fusion32_fusionL1_drop0p1_trmiss50_trlocradio,9,0.58712005118529,0.6769102017084757,0.4978448275862069,0.7418184635035878,0.5333333333333333,0.0,0.0,0.0,0.0,0.0,0.0,0.0,0.0,0.0,2002,radio,0.5
1,4,lr5e-05_bs16_modL1_fusion32_fusionL1_drop0p1_trmiss50_trlocradio,16,5e-05,1,32,1,0.1,lr5e-05_bs16_modL1_fusion32_fusionL1_drop0p1_trmiss50_trlocradio,10,0.5644889871279398,0.6816529830296835,0.5064655172413793,0.7474196138790266,0.4888888888888889,0.0,0.0,0.0,0.0,0.0,0.0,0.0,0.0,0.0,2002,radio,0.5
1,4,lr5e-05_bs16_modL1_fusion32_fusionL1_drop0p1_trmiss50_trlocradio,16,5e-05,1,32,1,0.1,lr5e-05_bs16_modL1_fusion32_fusionL1_drop0p1_trmiss50_trlocradio,11,0.5848424732685089,0.6837044954299927,0.48060344827586204,0.7306729018815672,0.4888888888888889,0.0,0.0,0.0,0.0,0.0,0.0,0.0,0.0,0.0,2002,radio,0.5
1,4,lr5e-05_bs16_modL1_fusion32_fusionL1_drop0p1_trmiss50_trlocradio,16,5e-05,1,32,1,0.1,lr5e-05_bs16_modL1_fusion32_fusionL1_drop0p1_trmiss50_trlocradio,12,0.5684616242845854,0.6840185125668844,0.48060344827586204,0.7268003245159145,0.5333333333333333,0.0,0.0,0.0,0.0,0.0,0.0,0.0,0.0,0.0,2002,radio,0.5
1,4,lr5e-05_bs16_modL1_fusion32_fusionL1_drop0p1_trmiss50_trlocradio,16,5e-05,1,32,1,0.1,lr5e-05_bs16_modL1_fusion32_fusionL1_drop0p1_trmiss50_trlocradio,13,0.5592506304383278,0.6915448109308878,0.46120689655172414,0.7184561797662496,0.4666666666666667,0.0,0.0,0.0,0.0,0.0,0.0,0.0,0.0,0.0,2002,radio,0.5
1,4,lr5e-05_bs16_modL1_fusion32_fusionL1_drop0p1_trmiss50_trlocradio,16,5e-05,1,32,1,0.1,lr5e-05_bs16_modL1_fusion32_fusionL1_drop0p1_trmiss50_trlocradio,14,0.5474667251110077,0.6944155097007751,0.4719827586206897,0.7270782291807336,0.4444444444444444,0.0,0.0,0.0,0.0,0.0,0.0,0.0,0.0,0.0,2002,radio,0.5
1,4,lr5e-05_bs16_modL1_fusion32_fusionL1_drop0p1_trmiss50_trlocradio,16,5e-05,1,32,1,0.1,lr5e-05_bs16_modL1_fusion32_fusionL1_drop0p1_trmiss50_trlocradio,15,0.5375087360541025,0.6918775041898092,0.45689655172413796,0.719879911117203,0.4444444444444444,0.0,0.0,0.0,0.0,0.0,0.0,0.0,0.0,0.0,2002,radio,0.5
1,4,lr5e-05_bs16_modL1_fusion32_fusionL1_drop0p1_trmiss50_trlocradio,16,5e-05,1,32,1,0.1,lr5e-05_bs16_modL1_fusion32_fusionL1_drop0p1_trmiss50_trlocradio,16,0.5426480869452158,0.6943380037943522,0.44612068965517243,0.7190128959814601,0.5333333333333333,0.0,0.0,0.0,0.0,0.0,0.0,0.0,0.0,0.0,2002,radio,0.5
1,4,lr5e-05_bs16_modL1_fusion32_fusionL1_drop0p1_trmiss50_trlocradio,16,5e-05,1,32,1,0.1,lr5e-05_bs16_modL1_fusion32_fusionL1_drop0p1_trmiss50_trlocradio,17,0.5372646624843279,0.695728580156962,0.4525862068965517,0.7221432362066567,0.4444444444444444,0.0,0.0,0.0,0.0,0.0,0.0,0.0,0.0,0.0,2002,radio,0.5
1,4,lr5e-05_bs16_modL1_fusion32_fusionL1_drop0p1_trmiss50_trlocradio,16,5e-05,1,32,1,0.1,lr5e-05_bs16_modL1_fusion32_fusionL1_drop0p1_trmiss50_trlocradio,18,0.5388390546043714,0.7009675105412801,0.4482758620689656,0.7171193285236963,0.4666666666666667,0.0,0.0,0.0,0.0,0.0,0.0,0.0,0.0,0.0,2002,radio,0.5
1,4,lr5e-05_bs16_modL1_fusion32_fusionL1_drop0p1_trmiss50_trlocradio,16,5e-05,1,32,1,0.1,lr5e-05_bs16_modL1_fusion32_fusionL1_drop0p1_trmiss50_trlocradio,19,0.5479591687520345,0.6923036376635233,0.46551724137931033,0.7312052650571521,0.4666666666666667,0.0,0.0,0.0,0.0,0.0,0.0,0.0,0.0,0.0,2002,radio,0.5
1,4,lr5e-05_bs16_modL1_fusion32_fusionL1_drop0p1_trmiss50_trlocradio,16,5e-05,1,32,1,0.1,lr5e-05_bs16_modL1_fusion32_fusionL1_drop0p1_trmiss50_trlocradio,20,0.5300408601760864,0.694509744644165,0.4698275862068966,0.7264658408674687,0.4888888888888889,0.0,0.0,0.0,0.0,0.0,0.0,0.0,0.0,0.0,2002,radio,0.5
1,4,lr5e-05_bs16_modL1_fusion32_fusionL1_drop0p1_trmiss50_trlocradio,16,5e-05,1,32,1,0.1,lr5e-05_bs16_modL1_fusion32_fusionL1_drop0p1_trmiss50_trlocradio,21,0.554696743686994,0.703014055887858,0.45689655172413796,0.7227384508666035,0.4666666666666667,0.0,0.0,0.0,0.0,0.0,0.0,0.0,0.0,0.0,2002,radio,0.5
1,4,lr5e-05_bs16_modL1_fusion32_fusionL1_drop0p1_trmiss50_trlocradio,16,5e-05,1,32,1,0.1,lr5e-05_bs16_modL1_fusion32_fusionL1_drop0p1_trmiss50_trlocradio,22,0.517836811641852,0.7056480248769125,0.4482758620689655,0.7155521755788989,0.4666666666666667,0.0,0.0,0.0,0.0,0.0,0.0,0.0,0.0,0.0,2002,radio,0.5
1,4,lr5e-05_bs16_modL1_fusion32_fusionL1_drop0p1_trmiss50_trlocradio,16,5e-05,1,32,1,0.1,lr5e-05_bs16_modL1_fusion32_fusionL1_drop0p1_trmiss50_trlocradio,23,0.5378700171907743,0.7004985213279724,0.46120689655172414,0.7173473033070743,0.4666666666666667,0.0,0.0,0.0,0.0,0.0,0.0,0.0,0.0,0.0,2002,radio,0.5
1,4,lr5e-05_bs16_modL1_fusion32_fusionL1_drop0p1_trmiss50_trlocradio,16,5e-05,1,32,1,0.1,lr5e-05_bs16_modL1_fusion32_fusionL1_drop0p1_trmiss50_trlocradio,24,0.5344236443440119,0.6928781072298685,0.44396551724137934,0.7123593127558534,0.5111111111111111,0.0,0.0,0.0,0.0,0.0,0.0,0.0,0.0,0.0,2002,radio,0.5
1,4,lr5e-05_bs16_modL1_fusion32_fusionL1_drop0p1_trmiss50_trlocradio,16,5e-05,1,32,1,0.1,lr5e-05_bs16_modL1_fusion32_fusionL1_drop0p1_trmiss50_trlocradio,25,0.5338291227817535,0.6886666417121887,0.47629310344827586,0.7310729111626861,0.5111111111111111,0.0,0.0,0.0,0.0,0.0,0.0,0.0,0.0,0.0,2002,radio,0.5
1,4,lr5e-05_bs16_modL1_fusion32_fusionL1_drop0p1_trmiss50_trlocradio,16,5e-05,1,32,1,0.1,lr5e-05_bs16_modL1_fusion32_fusionL1_drop0p1_trmiss50_trlocradio,26,0.5411211972435316,0.6984188159306844,0.45905172413793105,0.7203785603506747,0.4888888888888889,0.0,0.0,0.0,0.0,0.0,0.0,0.0,0.0,0.0,2002,radio,0.5
1,4,lr5e-05_bs16_modL1_fusion64_fusionL1_drop0p2_trmiss50_trlocradio,16,5e-05,1,64,1,0.2,lr5e-05_bs16_modL1_fusion64_fusionL1_drop0p2_trmiss50_trlocradio,1,0.7205802748600642,0.7254353562990824,0.24137931034482757,0.5302644199603264,0.28888888888888886,0.0,0.0,0.0,0.0,0.0,0.0,0.0,0.0,0.0,2002,radio,0.5
1,4,lr5e-05_bs16_modL1_fusion64_fusionL1_drop0p2_trmiss50_trlocradio,16,5e-05,1,64,1,0.2,lr5e-05_bs16_modL1_fusion64_fusionL1_drop0p2_trmiss50_trlocradio,2,0.6887404123942057,0.7535270651181539,0.27155172413793105,0.5585591221874509,0.28888888888888886,0.0,0.0,0.0,0.0,0.0,0.0,0.0,0.0,0.0,2002,radio,0.5
1,4,lr5e-05_bs16_modL1_fusion64_fusionL1_drop0p2_trmiss50_trlocradio,16,5e-05,1,64,1,0.2,lr5e-05_bs16_modL1_fusion64_fusionL1_drop0p2_trmiss50_trlocradio,3,0.6980496098597845,0.7714164853096008,0.29741379310344823,0.5508737645832241,0.3333333333333333,0.0,0.0,0.0,0.0,0.0,0.0,0.0,0.0,0.0,2002,radio,0.5
1,4,lr5e-05_bs16_modL1_fusion64_fusionL1_drop0p2_trmiss50_trlocradio,16,5e-05,1,64,1,0.2,lr5e-05_bs16_modL1_fusion64_fusionL1_drop0p2_trmiss50_trlocradio,4,0.6540258626143137,0.7830585837364197,0.3081896551724138,0.5496379528233226,0.35555555555555557,0.0,0.0,0.0,0.0,0.0,0.0,0.0,0.0,0.0,2002,radio,0.5
1,4,lr5e-05_bs16_modL1_fusion64_fusionL1_drop0p2_trmiss50_trlocradio,16,5e-05,1,64,1,0.2,lr5e-05_bs16_modL1_fusion64_fusionL1_drop0p2_trmiss50_trlocradio,5,0.658536950747172,0.7739745577176412,0.30603448275862066,0.5585800645351788,0.3333333333333333,0.0,0.0,0.0,0.0,0.0,0.0,0.0,0.0,0.0,2002,radio,0.5
1,4,lr5e-05_bs16_modL1_fusion64_fusionL1_drop0p2_trmiss50_trlocradio,16,5e-05,1,64,1,0.2,lr5e-05_bs16_modL1_fusion64_fusionL1_drop0p2_trmiss50_trlocradio,6,0.6221815397342046,0.7731355627377828,0.29094827586206895,0.5515921030941933,0.35555555555555557,0.0,0.0,0.0,0.0,0.0,0.0,0.0,0.0,0.0,2002,radio,0.5
1,4,lr5e-05_bs16_modL1_fusion64_fusionL1_drop0p2_trmiss50_trlocradio,16,5e-05,1,64,1,0.2,lr5e-05_bs16_modL1_fusion64_fusionL1_drop0p2_trmiss50_trlocradio,7,0.6229023387034734,0.764958918094635,0.3211206896551724,0.5588530785808546,0.4,0.0,0.0,0.0,0.0,0.0,0.0,0.0,0.0,0.0,2002,radio,0.5
1,4,lr5e-05_bs16_modL1_fusion64_fusionL1_drop0p2_trmiss50_trlocradio,16,5e-05,1,64,1,0.2,lr5e-05_bs16_modL1_fusion64_fusionL1_drop0p2_trmiss50_trlocradio,8,0.6301654825607935,0.7726089755694071,0.3275862068965517,0.5694107668608661,0.35555555555555557,0.0,0.0,0.0,0.0,0.0,0.0,0.0,0.0,0.0,2002,radio,0.5
1,4,lr5e-05_bs16_modL1_fusion64_fusionL1_drop0p2_trmiss50_trlocradio,16,5e-05,1,64,1,0.2,lr5e-05_bs16_modL1_fusion64_fusionL1_drop0p2_trmiss50_trlocradio,9,0.6019656558831533,0.7711004416147867,0.31465517241379315,0.5610553861349291,0.4,0.0,0.0,0.0,0.0,0.0,0.0,0.0,0.0,0.0,2002,radio,0.5
1,4,lr5e-05_bs16_modL1_fusion64_fusionL1_drop0p2_trmiss50_trlocradio,16,5e-05,1,64,1,0.2,lr5e-05_bs16_modL1_fusion64_fusionL1_drop0p2_trmiss50_trlocradio,10,0.5989837795495987,0.7802402178446451,0.32327586206896547,0.5682864707093466,0.3333333333333333,0.0,0.0,0.0,0.0,0.0,0.0,0.0,0.0,0.0,2002,radio,0.5
1,4,lr5e-05_bs16_modL1_fusion64_fusionL1_drop0p2_trmiss50_trlocradio,16,5e-05,1,64,1,0.2,lr5e-05_bs16_modL1_fusion64_fusionL1_drop0p2_trmiss50_trlocradio,11,0.5784909327824911,0.7606548468271891,0.35560344827586204,0.5865677197719534,0.4,0.0,0.0,0.0,0.0,0.0,0.0,0.0,0.0,0.0,2002,radio,0.5
1,4,lr5e-05_bs16_modL1_fusion64_fusionL1_drop0p2_trmiss50_trlocradio,16,5e-05,1,64,1,0.2,lr5e-05_bs16_modL1_fusion64_fusionL1_drop0p2_trmiss50_trlocradio,12,0.5755292475223541,0.7623542348543803,0.334051724137931,0.5729637290190563,0.4444444444444444,0.0,0.0,0.0,0.0,0.0,0.0,0.0,0.0,0.0,2002,radio,0.5
1,4,lr5e-05_bs16_modL1_fusion64_fusionL1_drop0p2_trmiss50_trlocradio,16,5e-05,1,64,1,0.2,lr5e-05_bs16_modL1_fusion64_fusionL1_drop0p2_trmiss50_trlocradio,13,0.589780201514562,0.7694074312845866,0.32974137931034486,0.5637477438776111,0.4444444444444444,0.0,0.0,0.0,0.0,0.0,0.0,0.0,0.0,0.0,2002,radio,0.5
1,4,lr5e-05_bs16_modL1_fusion64_fusionL1_drop0p2_trmiss50_trlocradio,16,5e-05,1,64,1,0.2,lr5e-05_bs16_modL1_fusion64_fusionL1_drop0p2_trmiss50_trlocradio,14,0.5783519248167673,0.756967822710673,0.3297413793103448,0.5662419529759628,0.4222222222222222,0.0,0.0,0.0,0.0,0.0,0.0,0.0,0.0,0.0,2002,radio,0.5
1,4,lr5e-05_bs16_modL1_fusion64_fusionL1_drop0p2_trmiss50_trlocradio,16,5e-05,1,64,1,0.2,lr5e-05_bs16_modL1_fusion64_fusionL1_drop0p2_trmiss50_trlocradio,15,0.5923653294642767,0.7620488603909811,0.3168103448275862,0.5619368681144147,0.4222222222222222,0.0,0.0,0.0,0.0,0.0,0.0,0.0,0.0,0.0,2002,radio,0.5
1,4,lr5e-05_bs16_modL1_fusion64_fusionL1_drop0p2_trmiss50_trlocradio,16,5e-05,1,64,1,0.2,lr5e-05_bs16_modL1_fusion64_fusionL1_drop0p2_trmiss50_trlocradio,16,0.5716565996408463,0.7659468650817871,0.3318965517241379,0.5682997664792909,0.4222222222222222,0.0,0.0,0.0,0.0,0.0,0.0,0.0,0.0,0.0,2002,radio,0.5
1,4,lr5e-05_bs16_modL1_fusion64_fusionL1_drop0p2_trmiss50_trlocradio,16,5e-05,1,64,1,0.2,lr5e-05_bs16_modL1_fusion64_fusionL1_drop0p2_trmiss50_trlocradio,17,0.5705622136592865,0.7649362087249756,0.3405172413793103,0.5789054918486872,0.4222222222222222,0.0,0.0,0.0,0.0,0.0,0.0,0.0,0.0,0.0,2002,radio,0.5
1,4,lr5e-05_bs16_modL1_fusion64_fusionL1_drop0p2_trmiss50_trlocradio,16,5e-05,1,64,1,0.2,lr5e-05_bs16_modL1_fusion64_fusionL1_drop0p2_trmiss50_trlocradio,18,0.5682263001799583,0.7675360043843588,0.3448275862068965,0.573736463746505,0.4222222222222222,0.0,0.0,0.0,0.0,0.0,0.0,0.0,0.0,0.0,2002,radio,0.5
1,4,lr5e-05_bs16_modL1_fusion64_fusionL1_drop0p2_trmiss50_trlocradio,16,5e-05,1,64,1,0.2,lr5e-05_bs16_modL1_fusion64_fusionL1_drop0p2_trmiss50_trlocradio,19,0.5578278327981631,0.7637588381767273,0.3448275862068965,0.5808408361800742,0.4222222222222222,0.0,0.0,0.0,0.0,0.0,0.0,0.0,0.0,0.0,2002,radio,0.5
1,4,lr5e-05_bs16_modL1_fusion64_fusionL1_drop0p2_trmiss50_trlocradio,16,5e-05,1,64,1,0.2,lr5e-05_bs16_modL1_fusion64_fusionL1_drop0p2_trmiss50_trlocradio,20,0.5765472650527954,0.7649036645889282,0.3232758620689655,0.56991952555608,0.4222222222222222,0.0,0.0,0.0,0.0,0.0,0.0,0.0,0.0,0.0,2002,radio,0.5
1,4,lr5e-05_bs16_modL1_fusion64_fusionL1_drop0p2_trmiss50_trlocradio,16,5e-05,1,64,1,0.2,lr5e-05_bs16_modL1_fusion64_fusionL1_drop0p2_trmiss50_trlocradio,21,0.5674771219491959,0.7537524898846945,0.32974137931034486,0.5728963801346693,0.4444444444444444,0.0,0.0,0.0,0.0,0.0,0.0,0.0,0.0,0.0,2002,radio,0.5
1,4,lr5e-05_bs16_modL1_fusion64_fusionL1_drop0p2_trmiss50_trlocradio,16,5e-05,1,64,1,0.2,lr5e-05_bs16_modL1_fusion64_fusionL1_drop0p2_trmiss50_trlocradio,22,0.5650496184825897,0.766287366549174,0.32974137931034486,0.5674172232578603,0.4222222222222222,0.0,0.0,0.0,0.0,0.0,0.0,0.0,0.0,0.0,2002,radio,0.5
1,4,lr5e-05_bs16_modL1_fusion64_fusionL1_drop0p2_trmiss50_trlocradio,16,5e-05,1,64,1,0.2,lr5e-05_bs16_modL1_fusion64_fusionL1_drop0p2_trmiss50_trlocradio,23,0.5860279897848765,0.7850634256998698,0.3383620689655173,0.5664472842692179,0.4,0.0,0.0,0.0,0.0,0.0,0.0,0.0,0.0,0.0,2002,radio,0.5
1,4,lr5e-05_bs16_modL1_fusion64_fusionL1_drop0p2_trmiss50_trlocradio,16,5e-05,1,64,1,0.2,lr5e-05_bs16_modL1_fusion64_fusionL1_drop0p2_trmiss50_trlocradio,24,0.573476642370224,0.7761488556861877,0.3318965517241379,0.5707585150451147,0.35555555555555557,0.0,0.0,0.0,0.0,0.0,0.0,0.0,0.0,0.0,2002,radio,0.5
1,4,lr5e-05_bs16_modL1_fusion64_fusionL1_drop0p2_trmiss50_trlocradio,16,5e-05,1,64,1,0.2,lr5e-05_bs16_modL1_fusion64_fusionL1_drop0p2_trmiss50_trlocradio,25,0.5462756603956223,0.7832977771759033,0.3146551724137931,0.5555969638870178,0.37777777777777777,0.0,0.0,0.0,0.0,0.0,0.0,0.0,0.0,0.0,2002,radio,0.5
1,4,lr5e-05_bs16_modL1_fusion64_fusionL1_drop0p2_trmiss50_trlocradio,16,5e-05,1,64,1,0.2,lr5e-05_bs16_modL1_fusion64_fusionL1_drop0p2_trmiss50_trlocradio,26,0.5639528383811315,0.7686286966005961,0.3448275862068966,0.574258790897976,0.4,0.0,0.0,0.0,0.0,0.0,0.0,0.0,0.0,0.0,2002,radio,0.5
1,4,lr5e-05_bs16_modL1_fusion64_fusionL1_drop0p2_trmiss50_trlocradio,16,5e-05,1,64,1,0.2,lr5e-05_bs16_modL1_fusion64_fusionL1_drop0p2_trmiss50_trlocradio,27,0.5555093884468079,0.7755486369132996,0.3448275862068966,0.5752916210173659,0.37777777777777777,0.0,0.0,0.0,0.0,0.0,0.0,0.0,0.0,0.0,2002,radio,0.5
1,4,lr5e-05_bs16_modL1_fusion64_fusionL1_drop0p2_trmiss50_trlocradio,16,5e-05,1,64,1,0.2,lr5e-05_bs16_modL1_fusion64_fusionL1_drop0p2_trmiss50_trlocradio,28,0.5625672315557798,0.7752820452054342,0.3426724137931035,0.5784290834311198,0.35555555555555557,0.0,0.0,0.0,0.0,0.0,0.0,0.0,0.0,0.0,2002,radio,0.5
1,4,lr5e-05_bs16_modL1_fusion64_fusionL1_drop0p2_trmiss50_trlocradio,16,5e-05,1,64,1,0.2,lr5e-05_bs16_modL1_fusion64_fusionL1_drop0p2_trmiss50_trlocradio,29,0.5681230773528417,0.7764118115107218,0.33405172413793105,0.5696647136262679,0.37777777777777777,0.0,0.0,0.0,0.0,0.0,0.0,0.0,0.0,0.0,2002,radio,0.5
1,4,lr5e-05_bs16_modL1_fusion64_fusionL1_drop0p2_trmiss50_trlocradio,16,5e-05,1,64,1,0.2,lr5e-05_bs16_modL1_fusion64_fusionL1_drop0p2_trmiss50_trlocradio,30,0.5807477086782455,0.7711520592371622,0.3362068965517241,0.5778619894108837,0.4222222222222222,0.0,0.0,0.0,0.0,0.0,0.0,0.0,0.0,0.0,2002,radio,0.5
1,4,lr5e-05_bs16_modL1_fusion64_fusionL1_drop0p2_trmiss50_trlocradio,16,5e-05,1,64,1,0.2,lr5e-05_bs16_modL1_fusion64_fusionL1_drop0p2_trmiss50_trlocradio,31,0.5233361447850863,0.7718577186266581,0.34698275862068967,0.5822977131812014,0.4222222222222222,0.0,0.0,0.0,0.0,0.0,0.0,0.0,0.0,0.0,2002,radio,0.5
1,4,lr5e-05_bs16_modL1_fusion64_fusionL1_drop0p1_trmiss50_trlocradio,16,5e-05,1,64,1,0.1,lr5e-05_bs16_modL1_fusion64_fusionL1_drop0p1_trmiss50_trlocradio,1,0.7339106847842535,0.7166318893432617,0.4504310344827586,0.6094515645989722,0.4222222222222222,0.0,0.0,0.0,0.0,0.0,0.0,0.0,0.0,0.0,2002,radio,0.5
1,4,lr5e-05_bs16_modL1_fusion64_fusionL1_drop0p1_trmiss50_trlocradio,16,5e-05,1,64,1,0.1,lr5e-05_bs16_modL1_fusion64_fusionL1_drop0p1_trmiss50_trlocradio,2,0.6978652775287628,0.7169058322906494,0.48275862068965514,0.6300895121566681,0.4,0.0,0.0,0.0,0.0,0.0,0.0,0.0,0.0,0.0,2002,radio,0.5
1,4,lr5e-05_bs16_modL1_fusion64_fusionL1_drop0p1_trmiss50_trlocradio,16,5e-05,1,64,1,0.1,lr5e-05_bs16_modL1_fusion64_fusionL1_drop0p1_trmiss50_trlocradio,3,0.6684020558993021,0.7165737152099609,0.5129310344827587,0.663895128492143,0.4444444444444444,0.0,0.0,0.0,0.0,0.0,0.0,0.0,0.0,0.0,2002,radio,0.5
1,4,lr5e-05_bs16_modL1_fusion64_fusionL1_drop0p1_trmiss50_trlocradio,16,5e-05,1,64,1,0.1,lr5e-05_bs16_modL1_fusion64_fusionL1_drop0p1_trmiss50_trlocradio,4,0.659596120317777,0.7172410090764364,0.5258620689655172,0.676666419596011,0.4444444444444444,0.0,0.0,0.0,0.0,0.0,0.0,0.0,0.0,0.0,2002,radio,0.5
1,4,lr5e-05_bs16_modL1_fusion64_fusionL1_drop0p1_trmiss50_trlocradio,16,5e-05,1,64,1,0.1,lr5e-05_bs16_modL1_fusion64_fusionL1_drop0p1_trmiss50_trlocradio,5,0.6337571740150452,0.7129873037338257,0.5387931034482759,0.6867686181113666,0.4444444444444444,0.0,0.0,0.0,0.0,0.0,0.0,0.0,0.0,0.0,2002,radio,0.5
1,4,lr5e-05_bs16_modL1_fusion64_fusionL1_drop0p1_trmiss50_trlocradio,16,5e-05,1,64,1,0.1,lr5e-05_bs16_modL1_fusion64_fusionL1_drop0p1_trmiss50_trlocradio,6,0.650501549243927,0.702158530553182,0.5538793103448276,0.6940833240788582,0.5555555555555556,0.0,0.0,0.0,0.0,0.0,0.0,0.0,0.0,0.0,2002,radio,0.5
1,4,lr5e-05_bs16_modL1_fusion64_fusionL1_drop0p1_trmiss50_trlocradio,16,5e-05,1,64,1,0.1,lr5e-05_bs16_modL1_fusion64_fusionL1_drop0p1_trmiss50_trlocradio,7,0.6113239675760269,0.7014262080192566,0.5646551724137931,0.7178026170262632,0.5333333333333333,0.0,0.0,0.0,0.0,0.0,0.0,0.0,0.0,0.0,2002,radio,0.5
1,4,lr5e-05_bs16_modL1_fusion64_fusionL1_drop0p1_trmiss50_trlocradio,16,5e-05,1,64,1,0.1,lr5e-05_bs16_modL1_fusion64_fusionL1_drop0p1_trmiss50_trlocradio,8,0.5776309221982956,0.6947437524795532,0.5603448275862069,0.7029695571016894,0.6,0.0,0.0,0.0,0.0,0.0,0.0,0.0,0.0,0.0,2002,radio,0.5
1,4,lr5e-05_bs16_modL1_fusion64_fusionL1_drop0p1_trmiss50_trlocradio,16,5e-05,1,64,1,0.1,lr5e-05_bs16_modL1_fusion64_fusionL1_drop0p1_trmiss50_trlocradio,9,0.5740179767211279,0.6866930921872457,0.5969827586206896,0.735977526542891,0.6,0.0,0.0,0.0,0.0,0.0,0.0,0.0,0.0,0.0,2002,radio,0.5
1,4,lr5e-05_bs16_modL1_fusion64_fusionL1_drop0p1_trmiss50_trlocradio,16,5e-05,1,64,1,0.1,lr5e-05_bs16_modL1_fusion64_fusionL1_drop0p1_trmiss50_trlocradio,10,0.5701131994525591,0.6850602229436239,0.6142241379310345,0.7361661089398115,0.6,0.0,0.0,0.0,0.0,0.0,0.0,0.0,0.0,0.0,2002,radio,0.5
1,4,lr5e-05_bs16_modL1_fusion64_fusionL1_drop0p1_trmiss50_trlocradio,16,5e-05,1,64,1,0.1,lr5e-05_bs16_modL1_fusion64_fusionL1_drop0p1_trmiss50_trlocradio,11,0.5603573421637217,0.6864451964696249,0.6120689655172413,0.7244141514474458,0.5777777777777777,0.0,0.0,0.0,0.0,0.0,0.0,0.0,0.0,0.0,2002,radio,0.5
1,4,lr5e-05_bs16_modL1_fusion64_fusionL1_drop0p1_trmiss50_trlocradio,16,5e-05,1,64,1,0.1,lr5e-05_bs16_modL1_fusion64_fusionL1_drop0p1_trmiss50_trlocradio,12,0.5595344255367914,0.6817746758460999,0.6012931034482759,0.7282830700089833,0.6,0.0,0.0,0.0,0.0,0.0,0.0,0.0,0.0,0.0,2002,radio,0.5
1,4,lr5e-05_bs16_modL1_fusion64_fusionL1_drop0p1_trmiss50_trlocradio,16,5e-05,1,64,1,0.1,lr5e-05_bs16_modL1_fusion64_fusionL1_drop0p1_trmiss50_trlocradio,13,0.5151638189951578,0.6816147168477377,0.5883620689655172,0.7219308403522808,0.6,0.0,0.0,0.0,0.0,0.0,0.0,0.0,0.0,0.0,2002,radio,0.5
1,4,lr5e-05_bs16_modL1_fusion64_fusionL1_drop0p1_trmiss50_trlocradio,16,5e-05,1,64,1,0.1,lr5e-05_bs16_modL1_fusion64_fusionL1_drop0p1_trmiss50_trlocradio,14,0.525653767089049,0.6911465525627136,0.5797413793103449,0.7179338646422914,0.6,0.0,0.0,0.0,0.0,0.0,0.0,0.0,0.0,0.0,2002,radio,0.5
1,4,lr5e-05_bs16_modL1_fusion64_fusionL1_drop0p1_trmiss50_trlocradio,16,5e-05,1,64,1,0.1,lr5e-05_bs16_modL1_fusion64_fusionL1_drop0p1_trmiss50_trlocradio,15,0.522117868065834,0.6893393993377686,0.5625,0.7066750360256148,0.6222222222222222,0.0,0.0,0.0,0.0,0.0,0.0,0.0,0.0,0.0,2002,radio,0.5
1,4,lr5e-05_bs16_modL1_fusion64_fusionL1_drop0p1_trmiss50_trlocradio,16,5e-05,1,64,1,0.1,lr5e-05_bs16_modL1_fusion64_fusionL1_drop0p1_trmiss50_trlocradio,16,0.5076859444379807,0.6973130504290262,0.5754310344827586,0.7083558902520865,0.6222222222222222,0.0,0.0,0.0,0.0,0.0,0.0,0.0,0.0,0.0,2002,radio,0.5
1,4,lr5e-05_bs16_modL1_fusion64_fusionL1_drop0p1_trmiss50_trlocradio,16,5e-05,1,64,1,0.1,lr5e-05_bs16_modL1_fusion64_fusionL1_drop0p1_trmiss50_trlocradio,17,0.513647603491942,0.6959586143493652,0.5711206896551725,0.6994944828192299,0.6,0.0,0.0,0.0,0.0,0.0,0.0,0.0,0.0,0.0,2002,radio,0.5
1,4,lr5e-05_bs16_modL1_fusion64_fusionL1_drop0p1_trmiss50_trlocradio,16,5e-05,1,64,1,0.1,lr5e-05_bs16_modL1_fusion64_fusionL1_drop0p1_trmiss50_trlocradio,18,0.4901420896251996,0.685875415802002,0.5969827586206896,0.7361779493301174,0.6222222222222222,0.0,0.0,0.0,0.0,0.0,0.0,0.0,0.0,0.0,2002,radio,0.5
1,4,lr5e-05_bs16_modL1_fusion64_fusionL1_drop0p1_trmiss50_trlocradio,16,5e-05,1,64,1,0.1,lr5e-05_bs16_modL1_fusion64_fusionL1_drop0p1_trmiss50_trlocradio,19,0.4766239946087201,0.6913246512413025,0.5818965517241379,0.7256446011571744,0.6222222222222222,0.0,0.0,0.0,0.0,0.0,0.0,0.0,0.0,0.0,2002,radio,0.5
1,4,lr5e-05_bs16_modL1_fusion64_fusionL1_drop0p1_trmiss50_trlocradio,16,5e-05,1,64,1,0.1,lr5e-05_bs16_modL1_fusion64_fusionL1_drop0p1_trmiss50_trlocradio,20,0.4737099011739095,0.6988142132759094,0.5732758620689655,0.7135528640649673,0.6,0.0,0.0,0.0,0.0,0.0,0.0,0.0,0.0,0.0,2002,radio,0.5
1,4,lr5e-05_bs16_modL1_fusion64_fusionL1_drop0p1_trmiss50_trlocradio,16,5e-05,1,64,1,0.1,lr5e-05_bs16_modL1_fusion64_fusionL1_drop0p1_trmiss50_trlocradio,21,0.49106115847826004,0.7052446802457174,0.5668103448275862,0.7082503276535541,0.6,0.0,0.0,0.0,0.0,0.0,0.0,0.0,0.0,0.0,2002,radio,0.5
1,4,lr5e-05_bs16_modL1_fusion64_fusionL1_drop0p1_trmiss50_trlocradio,16,5e-05,1,64,1,0.1,lr5e-05_bs16_modL1_fusion64_fusionL1_drop0p1_trmiss50_trlocradio,22,0.4641234104832013,0.6976365447044373,0.564655172413793,0.7140789017715323,0.6222222222222222,0.0,0.0,0.0,0.0,0.0,0.0,0.0,0.0,0.0,2002,radio,0.5
1,4,lr5e-05_bs16_modL1_fusion64_fusionL1_drop0p1_trmiss50_trlocradio,16,5e-05,1,64,1,0.1,lr5e-05_bs16_modL1_fusion64_fusionL1_drop0p1_trmiss50_trlocradio,23,0.4905017862717311,0.694633960723877,0.5775862068965517,0.7054070211300175,0.6222222222222222,0.0,0.0,0.0,0.0,0.0,0.0,0.0,0.0,0.0,2002,radio,0.5
1,4,lr5e-05_bs16_modL1_fusion64_fusionL1_drop0p1_trmiss50_trlocradio,16,5e-05,1,64,1,0.1,lr5e-05_bs16_modL1_fusion64_fusionL1_drop0p1_trmiss50_trlocradio,24,0.44452690581480664,0.6906249125798544,0.5775862068965517,0.7084405891480905,0.6222222222222222,0.0,0.0,0.0,0.0,0.0,0.0,0.0,0.0,0.0,2002,radio,0.5
1,4,lr5e-05_bs16_modL1_fusion64_fusionL1_drop0p1_trmiss50_trlocradio,16,5e-05,1,64,1,0.1,lr5e-05_bs16_modL1_fusion64_fusionL1_drop0p1_trmiss50_trlocradio,25,0.4717496832211812,0.686690092086792,0.5646551724137931,0.7079107664485167,0.5777777777777777,0.0,0.0,0.0,0.0,0.0,0.0,0.0,0.0,0.0,2002,radio,0.5
1,4,lr5e-05_bs16_modL1_fusion64_fusionL1_drop0p1_trmiss50_trlocradio,16,5e-05,1,64,1,0.1,lr5e-05_bs16_modL1_fusion64_fusionL1_drop0p1_trmiss50_trlocradio,26,0.4403730606039365,0.6903091271718343,0.5625,0.7124580520485034,0.5777777777777777,0.0,0.0,0.0,0.0,0.0,0.0,0.0,0.0,0.0,2002,radio,0.5
1,4,lr5e-05_bs16_modL1_fusion64_fusionL1_drop0p1_trmiss50_trlocradio,16,5e-05,1,64,1,0.1,lr5e-05_bs16_modL1_fusion64_fusionL1_drop0p1_trmiss50_trlocradio,27,0.43186961114406586,0.6907491485277811,0.5711206896551724,0.7118786625899601,0.6222222222222222,0.0,0.0,0.0,0.0,0.0,0.0,0.0,0.0,0.0,2002,radio,0.5
1,4,lr5e-05_bs16_modL1_fusion64_fusionL1_drop0p1_trmiss50_trlocradio,16,5e-05,1,64,1,0.1,lr5e-05_bs16_modL1_fusion64_fusionL1_drop0p1_trmiss50_trlocradio,28,0.45772024989128113,0.6880009969075521,0.5797413793103449,0.7121649582488208,0.6,0.0,0.0,0.0,0.0,0.0,0.0,0.0,0.0,0.0,2002,radio,0.5
1,4,lr5e-05_bs16_modL1_fusion64_fusionL1_drop0p1_trmiss50_trlocradio,16,5e-05,1,64,1,0.1,lr5e-05_bs16_modL1_fusion64_fusionL1_drop0p1_trmiss50_trlocradio,29,0.43140359222888947,0.6840808391571045,0.5862068965517242,0.7149516387474807,0.6222222222222222,0.0,0.0,0.0,0.0,0.0,0.0,0.0,0.0,0.0,2002,radio,0.5
1,4,lr5e-05_bs16_modL1_fusion64_fusionL1_drop0p1_trmiss50_trlocradio,16,5e-05,1,64,1,0.1,lr5e-05_bs16_modL1_fusion64_fusionL1_drop0p1_trmiss50_trlocradio,30,0.4318166673183441,0.7032967607180277,0.5711206896551724,0.7079438476392135,0.6,0.0,0.0,0.0,0.0,0.0,0.0,0.0,0.0,0.0,2002,radio,0.5
1,4,lr1e-04_bs16_modL1_fusion32_fusionL1_drop0p2_trmiss50_trlocradio,16,0.0001,1,32,1,0.2,lr1e-04_bs16_modL1_fusion32_fusionL1_drop0p2_trmiss50_trlocradio,1,0.698980376124382,0.6833771268526713,0.5948275862068965,0.7003058880673649,0.6444444444444445,0.0,0.0,0.0,0.0,0.0,0.0,0.0,0.0,0.0,2002,radio,0.5
1,4,lr1e-04_bs16_modL1_fusion32_fusionL1_drop0p2_trmiss50_trlocradio,16,0.0001,1,32,1,0.2,lr1e-04_bs16_modL1_fusion32_fusionL1_drop0p2_trmiss50_trlocradio,2,0.6623524278402328,0.6881502072016398,0.5862068965517242,0.6967268967290858,0.6444444444444445,0.0,0.0,0.0,0.0,0.0,0.0,0.0,0.0,0.0,2002,radio,0.5
1,4,lr1e-04_bs16_modL1_fusion32_fusionL1_drop0p2_trmiss50_trlocradio,16,0.0001,1,32,1,0.2,lr1e-04_bs16_modL1_fusion32_fusionL1_drop0p2_trmiss50_trlocradio,3,0.6497267186641693,0.6824735999107361,0.6120689655172413,0.7169881566828626,0.6666666666666666,0.0,0.0,0.0,0.0,0.0,0.0,0.0,0.0,0.0,2002,radio,0.5
1,4,lr1e-04_bs16_modL1_fusion32_fusionL1_drop0p2_trmiss50_trlocradio,16,0.0001,1,32,1,0.2,lr1e-04_bs16_modL1_fusion32_fusionL1_drop0p2_trmiss50_trlocradio,4,0.6458800782759985,0.6751919190088908,0.6142241379310345,0.7074541997042624,0.6,0.0,0.0,0.0,0.0,0.0,0.0,0.0,0.0,0.0,2002,radio,0.5
1,4,lr1e-04_bs16_modL1_fusion32_fusionL1_drop0p2_trmiss50_trlocradio,16,0.0001,1,32,1,0.2,lr1e-04_bs16_modL1_fusion32_fusionL1_drop0p2_trmiss50_trlocradio,5,0.6117613712946574,0.680194636185964,0.6185344827586208,0.7246870478849505,0.6,0.0,0.0,0.0,0.0,0.0,0.0,0.0,0.0,0.0,2002,radio,0.5
1,4,lr1e-04_bs16_modL1_fusion32_fusionL1_drop0p2_trmiss50_trlocradio,16,0.0001,1,32,1,0.2,lr1e-04_bs16_modL1_fusion32_fusionL1_drop0p2_trmiss50_trlocradio,6,0.6056686590115229,0.6755173603693644,0.627155172413793,0.7291879107149679,0.6222222222222222,0.0,0.0,0.0,0.0,0.0,0.0,0.0,0.0,0.0,2002,radio,0.5
1,4,lr1e-04_bs16_modL1_fusion32_fusionL1_drop0p2_trmiss50_trlocradio,16,0.0001,1,32,1,0.2,lr1e-04_bs16_modL1_fusion32_fusionL1_drop0p2_trmiss50_trlocradio,7,0.5978267391522726,0.6676341493924459,0.6293103448275862,0.7265601872147667,0.6222222222222222,0.0,0.0,0.0,0.0,0.0,0.0,0.0,0.0,0.0,2002,radio,0.5
1,4,lr1e-04_bs16_modL1_fusion32_fusionL1_drop0p2_trmiss50_trlocradio,16,0.0001,1,32,1,0.2,lr1e-04_bs16_modL1_fusion32_fusionL1_drop0p2_trmiss50_trlocradio,8,0.6157897810141245,0.6602896650632223,0.6530172413793104,0.7504585412833928,0.6444444444444445,0.0,0.0,0.0,0.0,0.0,0.0,0.0,0.0,0.0,2002,radio,0.5
1,4,lr1e-04_bs16_modL1_fusion32_fusionL1_drop0p2_trmiss50_trlocradio,16,0.0001,1,32,1,0.2,lr1e-04_bs16_modL1_fusion32_fusionL1_drop0p2_trmiss50_trlocradio,9,0.5815828641255697,0.6611220637957255,0.6724137931034483,0.7741416442875371,0.5777777777777777,0.0,0.0,0.0,0.0,0.0,0.0,0.0,0.0,0.0,2002,radio,0.5
1,4,lr1e-04_bs16_modL1_fusion32_fusionL1_drop0p2_trmiss50_trlocradio,16,0.0001,1,32,1,0.2,lr1e-04_bs16_modL1_fusion32_fusionL1_drop0p2_trmiss50_trlocradio,10,0.5793490558862686,0.6675162116686503,0.6357758620689655,0.7518948924634681,0.5111111111111111,0.0,0.0,0.0,0.0,0.0,0.0,0.0,0.0,0.0,2002,radio,0.5
1,4,lr1e-04_bs16_modL1_fusion32_fusionL1_drop0p2_trmiss50_trlocradio,16,0.0001,1,32,1,0.2,lr1e-04_bs16_modL1_fusion32_fusionL1_drop0p2_trmiss50_trlocradio,11,0.5469269330302874,0.6654892166455587,0.644396551724138,0.7556139131850406,0.5777777777777777,0.0,0.0,0.0,0.0,0.0,0.0,0.0,0.0,0.0,2002,radio,0.5
1,4,lr1e-04_bs16_modL1_fusion32_fusionL1_drop0p2_trmiss50_trlocradio,16,0.0001,1,32,1,0.2,lr1e-04_bs16_modL1_fusion32_fusionL1_drop0p2_trmiss50_trlocradio,12,0.5718203435341517,0.6641722917556763,0.6400862068965517,0.7424721539751824,0.5555555555555556,0.0,0.0,0.0,0.0,0.0,0.0,0.0,0.0,0.0,2002,radio,0.5
1,4,lr1e-04_bs16_modL1_fusion32_fusionL1_drop0p2_trmiss50_trlocradio,16,0.0001,1,32,1,0.2,lr1e-04_bs16_modL1_fusion32_fusionL1_drop0p2_trmiss50_trlocradio,13,0.5420878529548645,0.6670835812886556,0.5926724137931034,0.7112938366516353,0.5555555555555556,0.0,0.0,0.0,0.0,0.0,0.0,0.0,0.0,0.0,2002,radio,0.5
1,4,lr1e-04_bs16_modL1_fusion32_fusionL1_drop0p2_trmiss50_trlocradio,16,0.0001,1,32,1,0.2,lr1e-04_bs16_modL1_fusion32_fusionL1_drop0p2_trmiss50_trlocradio,14,0.5324794898430506,0.6690264741579691,0.6142241379310345,0.735101388365464,0.5555555555555556,0.0,0.0,0.0,0.0,0.0,0.0,0.0,0.0,0.0,2002,radio,0.5
1,4,lr1e-04_bs16_modL1_fusion32_fusionL1_drop0p2_trmiss50_trlocradio,16,0.0001,1,32,1,0.2,lr1e-04_bs16_modL1_fusion32_fusionL1_drop0p2_trmiss50_trlocradio,15,0.5253167400757471,0.6597896019617716,0.6616379310344828,0.7626798133630617,0.6,0.0,0.0,0.0,0.0,0.0,0.0,0.0,0.0,0.0,2002,radio,0.5
1,4,lr1e-04_bs16_modL1_fusion32_fusionL1_drop0p2_trmiss50_trlocradio,16,0.0001,1,32,1,0.2,lr1e-04_bs16_modL1_fusion32_fusionL1_drop0p2_trmiss50_trlocradio,16,0.5148632402221361,0.6562394499778748,0.6573275862068966,0.7618772443725508,0.6,0.0,0.0,0.0,0.0,0.0,0.0,0.0,0.0,0.0,2002,radio,0.5
1,4,lr1e-04_bs16_modL1_fusion32_fusionL1_drop0p2_trmiss50_trlocradio,16,0.0001,1,32,1,0.2,lr1e-04_bs16_modL1_fusion32_fusionL1_drop0p2_trmiss50_trlocradio,17,0.5277302116155624,0.6577745278676351,0.6443965517241379,0.7451424995330569,0.6222222222222222,0.0,0.0,0.0,0.0,0.0,0.0,0.0,0.0,0.0,2002,radio,0.5
1,4,lr1e-04_bs16_modL1_fusion32_fusionL1_drop0p2_trmiss50_trlocradio,16,0.0001,1,32,1,0.2,lr1e-04_bs16_modL1_fusion32_fusionL1_drop0p2_trmiss50_trlocradio,18,0.5037766396999359,0.6580653786659241,0.6530172413793103,0.7683986167579204,0.6,0.0,0.0,0.0,0.0,0.0,0.0,0.0,0.0,0.0,2002,radio,0.5
1,4,lr1e-04_bs16_modL1_fusion32_fusionL1_drop0p2_trmiss50_trlocradio,16,0.0001,1,32,1,0.2,lr1e-04_bs16_modL1_fusion32_fusionL1_drop0p2_trmiss50_trlocradio,19,0.5118809988101324,0.6614774465560913,0.6271551724137931,0.7308536691011684,0.6,0.0,0.0,0.0,0.0,0.0,0.0,0.0,0.0,0.0,2002,radio,0.5
1,4,lr1e-04_bs16_modL1_fusion32_fusionL1_drop0p2_trmiss50_trlocradio,16,0.0001,1,32,1,0.2,lr1e-04_bs16_modL1_fusion32_fusionL1_drop0p2_trmiss50_trlocradio,20,0.5433195506532987,0.6669886509577433,0.6336206896551724,0.749629637279132,0.6,0.0,0.0,0.0,0.0,0.0,0.0,0.0,0.0,0.0,2002,radio,0.5
1,4,lr1e-04_bs16_modL1_fusion32_fusionL1_drop0p2_trmiss50_trlocradio,16,0.0001,1,32,1,0.2,lr1e-04_bs16_modL1_fusion32_fusionL1_drop0p2_trmiss50_trlocradio,21,0.5251635884245237,0.6587588787078857,0.6530172413793103,0.7585457928033357,0.6222222222222222,0.0,0.0,0.0,0.0,0.0,0.0,0.0,0.0,0.0,2002,radio,0.5
1,4,lr1e-04_bs16_modL1_fusion32_fusionL1_drop0p2_trmiss50_trlocradio,16,0.0001,1,32,1,0.2,lr1e-04_bs16_modL1_fusion32_fusionL1_drop0p2_trmiss50_trlocradio,22,0.5202378953496615,0.6565429965655009,0.665948275862069,0.7555043411486466,0.6444444444444445,0.0,0.0,0.0,0.0,0.0,0.0,0.0,0.0,0.0,2002,radio,0.5
1,4,lr1e-04_bs16_modL1_fusion32_fusionL1_drop0p2_trmiss50_trlocradio,16,0.0001,1,32,1,0.2,lr1e-04_bs16_modL1_fusion32_fusionL1_drop0p2_trmiss50_trlocradio,23,0.5307021141052246,0.652942935625712,0.6724137931034483,0.7618889800095534,0.6222222222222222,0.0,0.0,0.0,0.0,0.0,0.0,0.0,0.0,0.0,2002,radio,0.5
1,4,lr1e-04_bs16_modL1_fusion32_fusionL1_drop0p2_trmiss50_trlocradio,16,0.0001,1,32,1,0.2,lr1e-04_bs16_modL1_fusion32_fusionL1_drop0p2_trmiss50_trlocradio,24,0.5159631123145422,0.6494409839312235,0.6573275862068966,0.7493673054748791,0.6444444444444445,0.0,0.0,0.0,0.0,0.0,0.0,0.0,0.0,0.0,2002,radio,0.5
1,4,lr1e-04_bs16_modL1_fusion32_fusionL1_drop0p2_trmiss50_trlocradio,16,0.0001,1,32,1,0.2,lr1e-04_bs16_modL1_fusion32_fusionL1_drop0p2_trmiss50_trlocradio,25,0.5120930125315984,0.6575260758399963,0.644396551724138,0.7457121389833297,0.6,0.0,0.0,0.0,0.0,0.0,0.0,0.0,0.0,0.0,2002,radio,0.5
1,4,lr1e-04_bs16_modL1_fusion32_fusionL1_drop0p2_trmiss50_trlocradio,16,0.0001,1,32,1,0.2,lr1e-04_bs16_modL1_fusion32_fusionL1_drop0p2_trmiss50_trlocradio,26,0.4867692142724991,0.6592897176742554,0.6616379310344829,0.7584874889850641,0.5777777777777777,0.0,0.0,0.0,0.0,0.0,0.0,0.0,0.0,0.0,2002,radio,0.5
1,4,lr1e-04_bs16_modL1_fusion32_fusionL1_drop0p2_trmiss50_trlocradio,16,0.0001,1,32,1,0.2,lr1e-04_bs16_modL1_fusion32_fusionL1_drop0p2_trmiss50_trlocradio,27,0.500640926261743,0.6513525048891703,0.6487068965517241,0.7420094975552494,0.6444444444444445,0.0,0.0,0.0,0.0,0.0,0.0,0.0,0.0,0.0,2002,radio,0.5
1,4,lr1e-04_bs16_modL1_fusion32_fusionL1_drop0p2_trmiss50_trlocradio,16,0.0001,1,32,1,0.2,lr1e-04_bs16_modL1_fusion32_fusionL1_drop0p2_trmiss50_trlocradio,28,0.49817610532045364,0.6525433460871378,0.6422413793103449,0.7441201325525912,0.6444444444444445,0.0,0.0,0.0,0.0,0.0,0.0,0.0,0.0,0.0,2002,radio,0.5
1,4,lr1e-04_bs16_modL1_fusion32_fusionL1_drop0p2_trmiss50_trlocradio,16,0.0001,1,32,1,0.2,lr1e-04_bs16_modL1_fusion32_fusionL1_drop0p2_trmiss50_trlocradio,29,0.4925129935145378,0.6511668761571249,0.6573275862068966,0.760552797916958,0.6222222222222222,0.0,0.0,0.0,0.0,0.0,0.0,0.0,0.0,0.0,2002,radio,0.5
1,4,lr1e-04_bs16_modL1_fusion32_fusionL1_drop0p2_trmiss50_trlocradio,16,0.0001,1,32,1,0.2,lr1e-04_bs16_modL1_fusion32_fusionL1_drop0p2_trmiss50_trlocradio,30,0.49181506782770157,0.6526017387708029,0.6594827586206896,0.7523697615741585,0.6222222222222222,0.0,0.0,0.0,0.0,0.0,0.0,0.0,0.0,0.0,2002,radio,0.5
1,4,lr1e-04_bs16_modL1_fusion32_fusionL1_drop0p2_trmiss50_trlocradio,16,0.0001,1,32,1,0.2,lr1e-04_bs16_modL1_fusion32_fusionL1_drop0p2_trmiss50_trlocradio,31,0.5009247437119484,0.6549927790959676,0.6379310344827587,0.737307651643252,0.6,0.0,0.0,0.0,0.0,0.0,0.0,0.0,0.0,0.0,2002,radio,0.5
1,4,lr1e-04_bs16_modL1_fusion32_fusionL1_drop0p2_trmiss50_trlocradio,16,0.0001,1,32,1,0.2,lr1e-04_bs16_modL1_fusion32_fusionL1_drop0p2_trmiss50_trlocradio,32,0.4677216038107872,0.6515448888142904,0.6767241379310346,0.7657100534799914,0.6222222222222222,0.0,0.0,0.0,0.0,0.0,0.0,0.0,0.0,0.0,2002,radio,0.5
1,4,lr1e-04_bs16_modL1_fusion32_fusionL1_drop0p2_trmiss50_trlocradio,16,0.0001,1,32,1,0.2,lr1e-04_bs16_modL1_fusion32_fusionL1_drop0p2_trmiss50_trlocradio,33,0.4864574869473775,0.6491270065307617,0.665948275862069,0.7601608187162843,0.6444444444444445,0.0,0.0,0.0,0.0,0.0,0.0,0.0,0.0,0.0,2002,radio,0.5
1,4,lr1e-04_bs16_modL1_fusion32_fusionL1_drop0p2_trmiss50_trlocradio,16,0.0001,1,32,1,0.2,lr1e-04_bs16_modL1_fusion32_fusionL1_drop0p2_trmiss50_trlocradio,34,0.4788007239500682,0.6456099152565002,0.6637931034482758,0.7582877552785472,0.6888888888888889,0.0,0.0,0.0,0.0,0.0,0.0,0.0,0.0,0.0,2002,radio,0.5
1,4,lr1e-04_bs16_modL1_fusion32_fusionL1_drop0p2_trmiss50_trlocradio,16,0.0001,1,32,1,0.2,lr1e-04_bs16_modL1_fusion32_fusionL1_drop0p2_trmiss50_trlocradio,35,0.5184714198112488,0.6469274560610453,0.6551724137931034,0.7623527326860455,0.6444444444444445,0.0,0.0,0.0,0.0,0.0,0.0,0.0,0.0,0.0,2002,radio,0.5
1,4,lr1e-04_bs16_modL1_fusion32_fusionL1_drop0p2_trmiss50_trlocradio,16,0.0001,1,32,1,0.2,lr1e-04_bs16_modL1_fusion32_fusionL1_drop0p2_trmiss50_trlocradio,36,0.4919856935739517,0.6497525970141093,0.6637931034482758,0.7525440094966356,0.6888888888888889,0.0,0.0,0.0,0.0,0.0,0.0,0.0,0.0,0.0,2002,radio,0.5
1,4,lr1e-04_bs16_modL1_fusion32_fusionL1_drop0p2_trmiss50_trlocradio,16,0.0001,1,32,1,0.2,lr1e-04_bs16_modL1_fusion32_fusionL1_drop0p2_trmiss50_trlocradio,37,0.47339622179667157,0.6445735891660055,0.6745689655172413,0.7603217151181136,0.6888888888888889,0.0,0.0,0.0,0.0,0.0,0.0,0.0,0.0,0.0,2002,radio,0.5
1,4,lr1e-04_bs16_modL1_fusion32_fusionL1_drop0p2_trmiss50_trlocradio,16,0.0001,1,32,1,0.2,lr1e-04_bs16_modL1_fusion32_fusionL1_drop0p2_trmiss50_trlocradio,38,0.4852229207754135,0.6464292605717977,0.6724137931034482,0.7761424788590261,0.6666666666666666,0.0,0.0,0.0,0.0,0.0,0.0,0.0,0.0,0.0,2002,radio,0.5
1,4,lr1e-04_bs16_modL1_fusion32_fusionL1_drop0p2_trmiss50_trlocradio,16,0.0001,1,32,1,0.2,lr1e-04_bs16_modL1_fusion32_fusionL1_drop0p2_trmiss50_trlocradio,39,0.46834126363197964,0.6484507123629252,0.6594827586206897,0.765035546493551,0.6666666666666666,0.0,0.0,0.0,0.0,0.0,0.0,0.0,0.0,0.0,2002,radio,0.5
1,4,lr1e-04_bs16_modL1_fusion32_fusionL1_drop0p2_trmiss50_trlocradio,16,0.0001,1,32,1,0.2,lr1e-04_bs16_modL1_fusion32_fusionL1_drop0p2_trmiss50_trlocradio,40,0.4899155596892039,0.6535068154335022,0.6681034482758621,0.7573191639284627,0.6222222222222222,0.0,0.0,0.0,0.0,0.0,0.0,0.0,0.0,0.0,2002,radio,0.5
1,4,lr1e-04_bs16_modL1_fusion32_fusionL1_drop0p2_trmiss50_trlocradio,16,0.0001,1,32,1,0.2,lr1e-04_bs16_modL1_fusion32_fusionL1_drop0p2_trmiss50_trlocradio,41,0.4771934101978938,0.6496379772822062,0.6767241379310345,0.7784716588167624,0.6444444444444445,0.0,0.0,0.0,0.0,0.0,0.0,0.0,0.0,0.0,2002,radio,0.5
1,4,lr1e-04_bs16_modL1_fusion32_fusionL1_drop0p2_trmiss50_trlocradio,16,0.0001,1,32,1,0.2,lr1e-04_bs16_modL1_fusion32_fusionL1_drop0p2_trmiss50_trlocradio,42,0.45359397182861966,0.6436532139778137,0.6853448275862069,0.7706919971425947,0.6666666666666666,0.0,0.0,0.0,0.0,0.0,0.0,0.0,0.0,0.0,2002,radio,0.5
1,4,lr1e-04_bs16_modL1_fusion32_fusionL1_drop0p2_trmiss50_trlocradio,16,0.0001,1,32,1,0.2,lr1e-04_bs16_modL1_fusion32_fusionL1_drop0p2_trmiss50_trlocradio,43,0.4471220523118973,0.6457961201667786,0.689655172413793,0.7751293156287711,0.6222222222222222,0.0,0.0,0.0,0.0,0.0,0.0,0.0,0.0,0.0,2002,radio,0.5
1,4,lr1e-04_bs16_modL1_fusion32_fusionL1_drop0p2_trmiss50_trlocradio,16,0.0001,1,32,1,0.2,lr1e-04_bs16_modL1_fusion32_fusionL1_drop0p2_trmiss50_trlocradio,44,0.4888420104980469,0.6440481344858805,0.6745689655172414,0.7627197381161153,0.6666666666666666,0.0,0.0,0.0,0.0,0.0,0.0,0.0,0.0,0.0,2002,radio,0.5
1,4,lr1e-04_bs16_modL1_fusion32_fusionL1_drop0p2_trmiss50_trlocradio,16,0.0001,1,32,1,0.2,lr1e-04_bs16_modL1_fusion32_fusionL1_drop0p2_trmiss50_trlocradio,45,0.5010027016202608,0.64371657371521,0.6853448275862069,0.7739193544730694,0.6444444444444445,0.0,0.0,0.0,0.0,0.0,0.0,0.0,0.0,0.0,2002,radio,0.5
1,4,lr1e-04_bs16_modL1_fusion32_fusionL1_drop0p2_trmiss50_trlocradio,16,0.0001,1,32,1,0.2,lr1e-04_bs16_modL1_fusion32_fusionL1_drop0p2_trmiss50_trlocradio,46,0.4445587446292241,0.6425918738047282,0.6788793103448275,0.7841091106759359,0.6666666666666666,0.0,0.0,0.0,0.0,0.0,0.0,0.0,0.0,0.0,2002,radio,0.5
1,4,lr1e-04_bs16_modL1_fusion32_fusionL1_drop0p2_trmiss50_trlocradio,16,0.0001,1,32,1,0.2,lr1e-04_bs16_modL1_fusion32_fusionL1_drop0p2_trmiss50_trlocradio,47,0.4645783950885137,0.6451717217763265,0.6788793103448276,0.7819469132014596,0.6444444444444445,0.0,0.0,0.0,0.0,0.0,0.0,0.0,0.0,0.0,2002,radio,0.5
1,4,lr1e-04_bs16_modL1_fusion32_fusionL1_drop0p2_trmiss50_trlocradio,16,0.0001,1,32,1,0.2,lr1e-04_bs16_modL1_fusion32_fusionL1_drop0p2_trmiss50_trlocradio,48,0.44860052814086276,0.6492316325505575,0.665948275862069,0.7562550802840788,0.6666666666666666,0.0,0.0,0.0,0.0,0.0,0.0,0.0,0.0,0.0,2002,radio,0.5
1,4,lr1e-04_bs16_modL1_fusion32_fusionL1_drop0p2_trmiss50_trlocradio,16,0.0001,1,32,1,0.2,lr1e-04_bs16_modL1_fusion32_fusionL1_drop0p2_trmiss50_trlocradio,49,0.46340973923603695,0.6571753621101379,0.6551724137931034,0.7528157683001422,0.6222222222222222,0.0,0.0,0.0,0.0,0.0,0.0,0.0,0.0,0.0,2002,radio,0.5
1,4,lr1e-04_bs16_modL1_fusion32_fusionL1_drop0p2_trmiss50_trlocradio,16,0.0001,1,32,1,0.2,lr1e-04_bs16_modL1_fusion32_fusionL1_drop0p2_trmiss50_trlocradio,50,0.4642987549304962,0.6597814758618673,0.6573275862068966,0.7527234939555203,0.6,0.0,0.0,0.0,0.0,0.0,0.0,0.0,0.0,0.0,2002,radio,0.5
1,4,lr1e-04_bs16_modL1_fusion32_fusionL1_drop0p2_trmiss50_trlocradio,16,0.0001,1,32,1,0.2,lr1e-04_bs16_modL1_fusion32_fusionL1_drop0p2_trmiss50_trlocradio,51,0.4540817315379779,0.6464791695276896,0.6422413793103449,0.7410230055587728,0.6444444444444445,0.0,0.0,0.0,0.0,0.0,0.0,0.0,0.0,0.0,2002,radio,0.5
1,4,lr1e-04_bs16_modL1_fusion32_fusionL1_drop0p2_trmiss50_trlocradio,16,0.0001,1,32,1,0.2,lr1e-04_bs16_modL1_fusion32_fusionL1_drop0p2_trmiss50_trlocradio,52,0.48282049347956973,0.6529537638028463,0.6551724137931034,0.7679341902770833,0.6222222222222222,0.0,0.0,0.0,0.0,0.0,0.0,0.0,0.0,0.0,2002,radio,0.5
1,4,lr1e-04_bs16_modL1_fusion32_fusionL1_drop0p2_trmiss50_trlocradio,16,0.0001,1,32,1,0.2,lr1e-04_bs16_modL1_fusion32_fusionL1_drop0p2_trmiss50_trlocradio,53,0.46935710062583286,0.65353395541509,0.6508620689655172,0.7487963074925699,0.6222222222222222,0.0,0.0,0.0,0.0,0.0,0.0,0.0,0.0,0.0,2002,radio,0.5
1,4,lr1e-04_bs16_modL1_fusion32_fusionL1_drop0p2_trmiss50_trlocradio,16,0.0001,1,32,1,0.2,lr1e-04_bs16_modL1_fusion32_fusionL1_drop0p2_trmiss50_trlocradio,54,0.46403370797634125,0.6528527736663818,0.6487068965517241,0.7643044837146902,0.6444444444444445,0.0,0.0,0.0,0.0,0.0,0.0,0.0,0.0,0.0,2002,radio,0.5
1,4,lr1e-04_bs16_modL1_fusion32_fusionL1_drop0p2_trmiss50_trlocradio,16,0.0001,1,32,1,0.2,lr1e-04_bs16_modL1_fusion32_fusionL1_drop0p2_trmiss50_trlocradio,55,0.4677574336528778,0.6433239976565043,0.6637931034482759,0.7724636787225079,0.6444444444444445,0.0,0.0,0.0,0.0,0.0,0.0,0.0,0.0,0.0,2002,radio,0.5
1,4,lr1e-04_bs16_modL1_fusion32_fusionL1_drop0p2_trmiss50_trlocradio,16,0.0001,1,32,1,0.2,lr1e-04_bs16_modL1_fusion32_fusionL1_drop0p2_trmiss50_trlocradio,56,0.4810526942213376,0.6463690201441447,0.6702586206896552,0.7758681249755182,0.6666666666666666,0.0,0.0,0.0,0.0,0.0,0.0,0.0,0.0,0.0,2002,radio,0.5
1,4,lr1e-04_bs16_modL1_fusion32_fusionL1_drop0p2_trmiss50_trlocradio,16,0.0001,1,32,1,0.2,lr1e-04_bs16_modL1_fusion32_fusionL1_drop0p2_trmiss50_trlocradio,57,0.4661310563484828,0.6469838817914327,0.6745689655172414,0.7770018167903152,0.6444444444444445,0.0,0.0,0.0,0.0,0.0,0.0,0.0,0.0,0.0,2002,radio,0.5
1,4,lr1e-04_bs16_modL1_fusion32_fusionL1_drop0p2_trmiss50_trlocradio,16,0.0001,1,32,1,0.2,lr1e-04_bs16_modL1_fusion32_fusionL1_drop0p2_trmiss50_trlocradio,58,0.4573352411389351,0.6438459555308024,0.6681034482758621,0.7749601101482435,0.6666666666666666,0.0,0.0,0.0,0.0,0.0,0.0,0.0,0.0,0.0,2002,radio,0.5
1,4,lr1e-04_bs16_modL1_fusion32_fusionL1_drop0p2_trmiss50_trlocradio,16,0.0001,1,32,1,0.2,lr1e-04_bs16_modL1_fusion32_fusionL1_drop0p2_trmiss50_trlocradio,59,0.4768079047401746,0.6392203370730082,0.6724137931034483,0.7771555222306397,0.6888888888888889,0.0,0.0,0.0,0.0,0.0,0.0,0.0,0.0,0.0,2002,radio,0.5
1,4,lr1e-04_bs16_modL1_fusion32_fusionL1_drop0p2_trmiss50_trlocradio,16,0.0001,1,32,1,0.2,lr1e-04_bs16_modL1_fusion32_fusionL1_drop0p2_trmiss50_trlocradio,60,0.45071876297394436,0.6457604368527731,0.6573275862068966,0.7648247484313482,0.6222222222222222,0.0,0.0,0.0,0.0,0.0,0.0,0.0,0.0,0.0,2002,radio,0.5
1,4,lr1e-04_bs16_modL1_fusion32_fusionL1_drop0p2_trmiss50_trlocradio,16,0.0001,1,32,1,0.2,lr1e-04_bs16_modL1_fusion32_fusionL1_drop0p2_trmiss50_trlocradio,61,0.4406094973285993,0.6429454684257507,0.6702586206896551,0.7713141395152312,0.6666666666666666,0.0,0.0,0.0,0.0,0.0,0.0,0.0,0.0,0.0,2002,radio,0.5
1,4,lr1e-04_bs16_modL1_fusion32_fusionL1_drop0p2_trmiss50_trlocradio,16,0.0001,1,32,1,0.2,lr1e-04_bs16_modL1_fusion32_fusionL1_drop0p2_trmiss50_trlocradio,62,0.45036307722330093,0.6466752886772156,0.6853448275862069,0.7833740361403454,0.6222222222222222,0.0,0.0,0.0,0.0,0.0,0.0,0.0,0.0,0.0,2002,radio,0.5
1,4,lr1e-04_bs16_modL1_fusion32_fusionL1_drop0p2_trmiss50_trlocradio,16,0.0001,1,32,1,0.2,lr1e-04_bs16_modL1_fusion32_fusionL1_drop0p2_trmiss50_trlocradio,63,0.4832485963900884,0.6319392323493958,0.6918103448275862,0.7900145372984952,0.6666666666666666,0.0,0.0,0.0,0.0,0.0,0.0,0.0,0.0,0.0,2002,radio,0.5
1,4,lr1e-04_bs16_modL1_fusion32_fusionL1_drop0p2_trmiss50_trlocradio,16,0.0001,1,32,1,0.2,lr1e-04_bs16_modL1_fusion32_fusionL1_drop0p2_trmiss50_trlocradio,64,0.4439600184559822,0.6416380206743876,0.6745689655172414,0.7777867607683933,0.6666666666666666,0.0,0.0,0.0,0.0,0.0,0.0,0.0,0.0,0.0,2002,radio,0.5
1,4,lr1e-04_bs16_modL1_fusion32_fusionL1_drop0p2_trmiss50_trlocradio,16,0.0001,1,32,1,0.2,lr1e-04_bs16_modL1_fusion32_fusionL1_drop0p2_trmiss50_trlocradio,65,0.4529532939195633,0.6341897249221802,0.6745689655172413,0.7765160943927087,0.6888888888888889,0.0,0.0,0.0,0.0,0.0,0.0,0.0,0.0,0.0,2002,radio,0.5
1,4,lr1e-04_bs16_modL1_fusion32_fusionL1_drop0p2_trmiss50_trlocradio,16,0.0001,1,32,1,0.2,lr1e-04_bs16_modL1_fusion32_fusionL1_drop0p2_trmiss50_trlocradio,66,0.47553886224826175,0.6403236389160156,0.668103448275862,0.7737066921446827,0.6888888888888889,0.0,0.0,0.0,0.0,0.0,0.0,0.0,0.0,0.0,2002,radio,0.5
1,4,lr1e-04_bs16_modL1_fusion32_fusionL1_drop0p2_trmiss50_trlocradio,16,0.0001,1,32,1,0.2,lr1e-04_bs16_modL1_fusion32_fusionL1_drop0p2_trmiss50_trlocradio,67,0.45658764243125916,0.6446888049443563,0.6702586206896551,0.7742179364641248,0.6666666666666666,0.0,0.0,0.0,0.0,0.0,0.0,0.0,0.0,0.0,2002,radio,0.5
1,4,lr1e-04_bs16_modL1_fusion32_fusionL1_drop0p2_trmiss50_trlocradio,16,0.0001,1,32,1,0.2,lr1e-04_bs16_modL1_fusion32_fusionL1_drop0p2_trmiss50_trlocradio,68,0.4664704278111458,0.6444886326789856,0.6831896551724138,0.7687003126265692,0.6666666666666666,0.0,0.0,0.0,0.0,0.0,0.0,0.0,0.0,0.0,2002,radio,0.5
1,4,lr1e-04_bs16_modL1_fusion32_fusionL1_drop0p2_trmiss50_trlocradio,16,0.0001,1,32,1,0.2,lr1e-04_bs16_modL1_fusion32_fusionL1_drop0p2_trmiss50_trlocradio,69,0.42874793459971744,0.640186091264089,0.6681034482758621,0.7733571949164881,0.6666666666666666,0.0,0.0,0.0,0.0,0.0,0.0,0.0,0.0,0.0,2002,radio,0.5
1,4,lr1e-04_bs16_modL1_fusion32_fusionL1_drop0p2_trmiss50_trlocradio,16,0.0001,1,32,1,0.2,lr1e-04_bs16_modL1_fusion32_fusionL1_drop0p2_trmiss50_trlocradio,70,0.4658416037758191,0.6451103687286377,0.6681034482758621,0.7747517880454846,0.6,0.0,0.0,0.0,0.0,0.0,0.0,0.0,0.0,0.0,2002,radio,0.5
1,4,lr1e-04_bs16_modL1_fusion32_fusionL1_drop0p2_trmiss50_trlocradio,16,0.0001,1,32,1,0.2,lr1e-04_bs16_modL1_fusion32_fusionL1_drop0p2_trmiss50_trlocradio,71,0.4795687347650528,0.6403619249661764,0.6767241379310345,0.7795689929118894,0.6444444444444445,0.0,0.0,0.0,0.0,0.0,0.0,0.0,0.0,0.0,2002,radio,0.5
1,4,lr1e-04_bs16_modL1_fusion32_fusionL1_drop0p2_trmiss50_trlocradio,16,0.0001,1,32,1,0.2,lr1e-04_bs16_modL1_fusion32_fusionL1_drop0p2_trmiss50_trlocradio,72,0.473448671400547,0.6400206486384074,0.6810344827586207,0.7797596121484629,0.6666666666666666,0.0,0.0,0.0,0.0,0.0,0.0,0.0,0.0,0.0,2002,radio,0.5
1,4,lr1e-04_bs16_modL1_fusion32_fusionL1_drop0p2_trmiss50_trlocradio,16,0.0001,1,32,1,0.2,lr1e-04_bs16_modL1_fusion32_fusionL1_drop0p2_trmiss50_trlocradio,73,0.45624730984369916,0.6455605228741964,0.6443965517241379,0.760642219359021,0.6666666666666666,0.0,0.0,0.0,0.0,0.0,0.0,0.0,0.0,0.0,2002,radio,0.5
1,4,lr1e-04_bs16_modL1_fusion32_fusionL1_drop0p2_trmiss50_trlocradio,16,0.0001,1,32,1,0.2,lr1e-04_bs16_modL1_fusion32_fusionL1_drop0p2_trmiss50_trlocradio,74,0.4536763404806455,0.643146793047587,0.6594827586206896,0.7707558684768139,0.6444444444444445,0.0,0.0,0.0,0.0,0.0,0.0,0.0,0.0,0.0,2002,radio,0.5
1,4,lr1e-04_bs16_modL1_fusion32_fusionL1_drop0p2_trmiss50_trlocradio,16,0.0001,1,32,1,0.2,lr1e-04_bs16_modL1_fusion32_fusionL1_drop0p2_trmiss50_trlocradio,75,0.47279636561870575,0.6489135424296061,0.6616379310344829,0.7669938802510201,0.6222222222222222,0.0,0.0,0.0,0.0,0.0,0.0,0.0,0.0,0.0,2002,radio,0.5
1,4,lr1e-04_bs16_modL1_fusion32_fusionL1_drop0p2_trmiss50_trlocradio,16,0.0001,1,32,1,0.2,lr1e-04_bs16_modL1_fusion32_fusionL1_drop0p2_trmiss50_trlocradio,76,0.4588009665409724,0.6376197338104248,0.6961206896551724,0.7911271057012563,0.6666666666666666,0.0,0.0,0.0,0.0,0.0,0.0,0.0,0.0,0.0,2002,radio,0.5
1,4,lr1e-04_bs16_modL1_fusion32_fusionL1_drop0p2_trmiss50_trlocradio,16,0.0001,1,32,1,0.2,lr1e-04_bs16_modL1_fusion32_fusionL1_drop0p2_trmiss50_trlocradio,77,0.46322156737248105,0.64365154504776,0.6788793103448276,0.7819914174139577,0.6444444444444445,0.0,0.0,0.0,0.0,0.0,0.0,0.0,0.0,0.0,2002,radio,0.5
1,4,lr1e-04_bs16_modL1_fusion32_fusionL1_drop0p2_trmiss50_trlocradio,16,0.0001,1,32,1,0.2,lr1e-04_bs16_modL1_fusion32_fusionL1_drop0p2_trmiss50_trlocradio,78,0.45777491480112076,0.6470938324928284,0.6487068965517241,0.7641523368231908,0.6666666666666666,0.0,0.0,0.0,0.0,0.0,0.0,0.0,0.0,0.0,2002,radio,0.5
1,4,lr1e-04_bs16_modL1_fusion32_fusionL1_drop0p2_trmiss50_trlocradio,16,0.0001,1,32,1,0.2,lr1e-04_bs16_modL1_fusion32_fusionL1_drop0p2_trmiss50_trlocradio,79,0.46185897290706635,0.6476418177286783,0.6702586206896552,0.7781674804955732,0.6666666666666666,0.0,0.0,0.0,0.0,0.0,0.0,0.0,0.0,0.0,2002,radio,0.5
1,4,lr1e-04_bs16_modL1_fusion32_fusionL1_drop0p2_trmiss50_trlocradio,16,0.0001,1,32,1,0.2,lr1e-04_bs16_modL1_fusion32_fusionL1_drop0p2_trmiss50_trlocradio,80,0.4457239384452502,0.6499007741610209,0.6487068965517242,0.7461648474644105,0.6666666666666666,0.0,0.0,0.0,0.0,0.0,0.0,0.0,0.0,0.0,2002,radio,0.5
1,4,lr1e-04_bs16_modL1_fusion32_fusionL1_drop0p1_trmiss50_trlocradio,16,0.0001,1,32,1,0.1,lr1e-04_bs16_modL1_fusion32_fusionL1_drop0p1_trmiss50_trlocradio,1,0.6751617391904196,0.666754941145579,0.5646551724137931,0.7455751688721165,0.5777777777777777,0.0,0.0,0.0,0.0,0.0,0.0,0.0,0.0,0.0,2002,radio,0.5
1,4,lr1e-04_bs16_modL1_fusion32_fusionL1_drop0p1_trmiss50_trlocradio,16,0.0001,1,32,1,0.1,lr1e-04_bs16_modL1_fusion32_fusionL1_drop0p1_trmiss50_trlocradio,2,0.6237525741259257,0.6608323057492574,0.5754310344827587,0.7494555377776289,0.5555555555555556,0.0,0.0,0.0,0.0,0.0,0.0,0.0,0.0,0.0,2002,radio,0.5
1,4,lr1e-04_bs16_modL1_fusion32_fusionL1_drop0p1_trmiss50_trlocradio,16,0.0001,1,32,1,0.1,lr1e-04_bs16_modL1_fusion32_fusionL1_drop0p1_trmiss50_trlocradio,3,0.5976021339495977,0.6707353591918945,0.5452586206896551,0.7255333925450801,0.5333333333333333,0.0,0.0,0.0,0.0,0.0,0.0,0.0,0.0,0.0,2002,radio,0.5
1,4,lr1e-04_bs16_modL1_fusion32_fusionL1_drop0p1_trmiss50_trlocradio,16,0.0001,1,32,1,0.1,lr1e-04_bs16_modL1_fusion32_fusionL1_drop0p1_trmiss50_trlocradio,4,0.5964560409386953,0.6725143988927206,0.5387931034482758,0.7199965447571456,0.5333333333333333,0.0,0.0,0.0,0.0,0.0,0.0,0.0,0.0,0.0,2002,radio,0.5
1,4,lr1e-04_bs16_modL1_fusion32_fusionL1_drop0p1_trmiss50_trlocradio,16,0.0001,1,32,1,0.1,lr1e-04_bs16_modL1_fusion32_fusionL1_drop0p1_trmiss50_trlocradio,5,0.5703893701235453,0.6676978866259257,0.560344827586207,0.7279121383234224,0.5333333333333333,0.0,0.0,0.0,0.0,0.0,0.0,0.0,0.0,0.0,2002,radio,0.5
1,4,lr1e-04_bs16_modL1_fusion32_fusionL1_drop0p1_trmiss50_trlocradio,16,0.0001,1,32,1,0.1,lr1e-04_bs16_modL1_fusion32_fusionL1_drop0p1_trmiss50_trlocradio,6,0.5440862526496252,0.6731441020965576,0.5366379310344828,0.7185650855489506,0.5111111111111111,0.0,0.0,0.0,0.0,0.0,0.0,0.0,0.0,0.0,2002,radio,0.5
1,4,lr1e-04_bs16_modL1_fusion32_fusionL1_drop0p1_trmiss50_trlocradio,16,0.0001,1,32,1,0.1,lr1e-04_bs16_modL1_fusion32_fusionL1_drop0p1_trmiss50_trlocradio,7,0.5466989328463873,0.671026349067688,0.5625,0.7140066405081884,0.5555555555555556,0.0,0.0,0.0,0.0,0.0,0.0,0.0,0.0,0.0,2002,radio,0.5
1,4,lr1e-04_bs16_modL1_fusion32_fusionL1_drop0p1_trmiss50_trlocradio,16,0.0001,1,32,1,0.1,lr1e-04_bs16_modL1_fusion32_fusionL1_drop0p1_trmiss50_trlocradio,8,0.5223829820752144,0.6725835998853048,0.5387931034482759,0.7160315942162899,0.6,0.0,0.0,0.0,0.0,0.0,0.0,0.0,0.0,0.0,2002,radio,0.5
1,4,lr1e-04_bs16_modL1_fusion32_fusionL1_drop0p1_trmiss50_trlocradio,16,0.0001,1,32,1,0.1,lr1e-04_bs16_modL1_fusion32_fusionL1_drop0p1_trmiss50_trlocradio,9,0.5366944000124931,0.6650279760360718,0.5646551724137931,0.7316490060941973,0.5777777777777777,0.0,0.0,0.0,0.0,0.0,0.0,0.0,0.0,0.0,2002,radio,0.5
1,4,lr1e-04_bs16_modL1_fusion32_fusionL1_drop0p1_trmiss50_trlocradio,16,0.0001,1,32,1,0.1,lr1e-04_bs16_modL1_fusion32_fusionL1_drop0p1_trmiss50_trlocradio,10,0.5126884480317434,0.6681258678436279,0.5603448275862069,0.7159068293051057,0.5555555555555556,0.0,0.0,0.0,0.0,0.0,0.0,0.0,0.0,0.0,2002,radio,0.5
1,4,lr1e-04_bs16_modL1_fusion32_fusionL1_drop0p1_trmiss50_trlocradio,16,0.0001,1,32,1,0.1,lr1e-04_bs16_modL1_fusion32_fusionL1_drop0p1_trmiss50_trlocradio,11,0.4936365783214569,0.666171669960022,0.560344827586207,0.7171085215369886,0.5333333333333333,0.0,0.0,0.0,0.0,0.0,0.0,0.0,0.0,0.0,2002,radio,0.5
1,4,lr1e-04_bs16_modL1_fusion32_fusionL1_drop0p1_trmiss50_trlocradio,16,0.0001,1,32,1,0.1,lr1e-04_bs16_modL1_fusion32_fusionL1_drop0p1_trmiss50_trlocradio,12,0.4937434146801631,0.6770459413528442,0.5538793103448276,0.7152958802184919,0.5333333333333333,0.0,0.0,0.0,0.0,0.0,0.0,0.0,0.0,0.0,2002,radio,0.5
1,4,lr1e-04_bs16_modL1_fusion32_fusionL1_drop0p1_trmiss50_trlocradio,16,0.0001,1,32,1,0.1,lr1e-04_bs16_modL1_fusion32_fusionL1_drop0p1_trmiss50_trlocradio,13,0.4708714112639427,0.6786072651545206,0.5344827586206897,0.6881777231294165,0.5111111111111111,0.0,0.0,0.0,0.0,0.0,0.0,0.0,0.0,0.0,2002,radio,0.5
1,4,lr1e-04_bs16_modL1_fusion32_fusionL1_drop0p1_trmiss50_trlocradio,16,0.0001,1,32,1,0.1,lr1e-04_bs16_modL1_fusion32_fusionL1_drop0p1_trmiss50_trlocradio,14,0.48983608931303024,0.6761561632156372,0.5366379310344829,0.7054282674225935,0.5555555555555556,0.0,0.0,0.0,0.0,0.0,0.0,0.0,0.0,0.0,2002,radio,0.5
1,4,lr1e-04_bs16_modL1_fusion32_fusionL1_drop0p1_trmiss50_trlocradio,16,0.0001,1,32,1,0.1,lr1e-04_bs16_modL1_fusion32_fusionL1_drop0p1_trmiss50_trlocradio,15,0.48737726857264835,0.6759882966677347,0.5431034482758621,0.702100007374505,0.5777777777777777,0.0,0.0,0.0,0.0,0.0,0.0,0.0,0.0,0.0,2002,radio,0.5
1,4,lr1e-04_bs16_modL1_fusion32_fusionL1_drop0p1_trmiss50_trlocradio,16,0.0001,1,32,1,0.1,lr1e-04_bs16_modL1_fusion32_fusionL1_drop0p1_trmiss50_trlocradio,16,0.46774345884720486,0.6747068166732788,0.5237068965517241,0.70952472734943,0.5111111111111111,0.0,0.0,0.0,0.0,0.0,0.0,0.0,0.0,0.0,2002,radio,0.5
1,4,lr1e-04_bs16_modL1_fusion32_fusionL1_drop0p1_trmiss50_trlocradio,16,0.0001,1,32,1,0.1,lr1e-04_bs16_modL1_fusion32_fusionL1_drop0p1_trmiss50_trlocradio,17,0.46727169801791507,0.6704297463099161,0.5280172413793103,0.7093704548556937,0.5333333333333333,0.0,0.0,0.0,0.0,0.0,0.0,0.0,0.0,0.0,2002,radio,0.5
1,4,lr1e-04_bs16_modL1_fusion32_fusionL1_drop0p1_trmiss50_trlocradio,16,0.0001,1,32,1,0.1,lr1e-04_bs16_modL1_fusion32_fusionL1_drop0p1_trmiss50_trlocradio,18,0.4566599155465762,0.6752084096272787,0.5237068965517242,0.7042321120659968,0.5111111111111111,0.0,0.0,0.0,0.0,0.0,0.0,0.0,0.0,0.0,2002,radio,0.5
1,4,lr1e-04_bs16_modL1_fusion32_fusionL1_drop0p1_trmiss50_trlocradio,16,0.0001,1,32,1,0.1,lr1e-04_bs16_modL1_fusion32_fusionL1_drop0p1_trmiss50_trlocradio,19,0.4536870966355006,0.6739440759023031,0.5172413793103448,0.707121468452868,0.4888888888888889,0.0,0.0,0.0,0.0,0.0,0.0,0.0,0.0,0.0,2002,radio,0.5
1,4,lr1e-04_bs16_modL1_fusion32_fusionL1_drop0p1_trmiss50_trlocradio,16,0.0001,1,32,1,0.1,lr1e-04_bs16_modL1_fusion32_fusionL1_drop0p1_trmiss50_trlocradio,20,0.4519350578387578,0.6702537139256796,0.5387931034482759,0.7052318737742432,0.5111111111111111,0.0,0.0,0.0,0.0,0.0,0.0,0.0,0.0,0.0,2002,radio,0.5
1,4,lr1e-04_bs16_modL1_fusion32_fusionL1_drop0p1_trmiss50_trlocradio,16,0.0001,1,32,1,0.1,lr1e-04_bs16_modL1_fusion32_fusionL1_drop0p1_trmiss50_trlocradio,21,0.44632191956043243,0.6718989014625549,0.540948275862069,0.714996619977314,0.5111111111111111,0.0,0.0,0.0,0.0,0.0,0.0,0.0,0.0,0.0,2002,radio,0.5
1,4,lr1e-04_bs16_modL1_fusion32_fusionL1_drop0p1_trmiss50_trlocradio,16,0.0001,1,32,1,0.1,lr1e-04_bs16_modL1_fusion32_fusionL1_drop0p1_trmiss50_trlocradio,22,0.4391339992483457,0.6752881209055582,0.521551724137931,0.7031448882784735,0.5333333333333333,0.0,0.0,0.0,0.0,0.0,0.0,0.0,0.0,0.0,2002,radio,0.5
1,4,lr1e-04_bs16_modL1_fusion32_fusionL1_drop0p1_trmiss50_trlocradio,16,0.0001,1,32,1,0.1,lr1e-04_bs16_modL1_fusion32_fusionL1_drop0p1_trmiss50_trlocradio,23,0.4470781708757083,0.6717939376831055,0.5344827586206896,0.7017175106155629,0.5111111111111111,0.0,0.0,0.0,0.0,0.0,0.0,0.0,0.0,0.0,2002,radio,0.5
1,4,lr1e-04_bs16_modL1_fusion32_fusionL1_drop0p1_trmiss50_trlocradio,16,0.0001,1,32,1,0.1,lr1e-04_bs16_modL1_fusion32_fusionL1_drop0p1_trmiss50_trlocradio,24,0.4478408545255661,0.6689008076985677,0.5344827586206897,0.6970560492468256,0.4888888888888889,0.0,0.0,0.0,0.0,0.0,0.0,0.0,0.0,0.0,2002,radio,0.5
1,4,lr1e-04_bs16_modL1_fusion32_fusionL1_drop0p1_trmiss50_trlocradio,16,0.0001,1,32,1,0.1,lr1e-04_bs16_modL1_fusion32_fusionL1_drop0p1_trmiss50_trlocradio,25,0.45680490136146545,0.6724008123079935,0.521551724137931,0.6925380176691451,0.4888888888888889,0.0,0.0,0.0,0.0,0.0,0.0,0.0,0.0,0.0,2002,radio,0.5
1,4,lr1e-04_bs16_modL1_fusion32_fusionL1_drop0p1_trmiss50_trlocradio,16,0.0001,1,32,1,0.1,lr1e-04_bs16_modL1_fusion32_fusionL1_drop0p1_trmiss50_trlocradio,26,0.45306869099537533,0.6816661755243937,0.5172413793103448,0.68841850402184,0.4888888888888889,0.0,0.0,0.0,0.0,0.0,0.0,0.0,0.0,0.0,2002,radio,0.5
1,4,lr1e-04_bs16_modL1_fusion32_fusionL1_drop0p1_trmiss50_trlocradio,16,0.0001,1,32,1,0.1,lr1e-04_bs16_modL1_fusion32_fusionL1_drop0p1_trmiss50_trlocradio,27,0.4466526657342911,0.6832645932833353,0.49137931034482757,0.6864949079582112,0.4666666666666667,0.0,0.0,0.0,0.0,0.0,0.0,0.0,0.0,0.0,2002,radio,0.5
1,4,lr1e-04_bs16_modL1_fusion32_fusionL1_drop0p1_trmiss50_trlocradio,16,0.0001,1,32,1,0.1,lr1e-04_bs16_modL1_fusion32_fusionL1_drop0p1_trmiss50_trlocradio,28,0.4539087538917859,0.6669826706250509,0.521551724137931,0.7038199656677195,0.4888888888888889,0.0,0.0,0.0,0.0,0.0,0.0,0.0,0.0,0.0,2002,radio,0.5
1,4,lr1e-04_bs16_modL1_fusion32_fusionL1_drop0p1_trmiss50_trlocradio,16,0.0001,1,32,1,0.1,lr1e-04_bs16_modL1_fusion32_fusionL1_drop0p1_trmiss50_trlocradio,29,0.459607573846976,0.6749810775121053,0.5107758620689655,0.6878105684070138,0.5111111111111111,0.0,0.0,0.0,0.0,0.0,0.0,0.0,0.0,0.0,2002,radio,0.5
1,4,lr1e-04_bs16_modL1_fusion64_fusionL1_drop0p2_trmiss50_trlocradio,16,0.0001,1,64,1,0.2,lr1e-04_bs16_modL1_fusion64_fusionL1_drop0p2_trmiss50_trlocradio,1,0.7270509550968806,0.6959850788116455,0.560344827586207,0.7063878250298454,0.4888888888888889,0.0,0.0,0.0,0.0,0.0,0.0,0.0,0.0,0.0,2002,radio,0.5
1,4,lr1e-04_bs16_modL1_fusion64_fusionL1_drop0p2_trmiss50_trlocradio,16,0.0001,1,64,1,0.2,lr1e-04_bs16_modL1_fusion64_fusionL1_drop0p2_trmiss50_trlocradio,2,0.6833869516849518,0.6908904115358988,0.5603448275862069,0.724842500031903,0.4444444444444444,0.0,0.0,0.0,0.0,0.0,0.0,0.0,0.0,0.0,2002,radio,0.5
1,4,lr1e-04_bs16_modL1_fusion64_fusionL1_drop0p2_trmiss50_trlocradio,16,0.0001,1,64,1,0.2,lr1e-04_bs16_modL1_fusion64_fusionL1_drop0p2_trmiss50_trlocradio,3,0.6553264309962591,0.6957120895385742,0.5431034482758621,0.7385158561952772,0.4444444444444444,0.0,0.0,0.0,0.0,0.0,0.0,0.0,0.0,0.0,2002,radio,0.5
1,4,lr1e-04_bs16_modL1_fusion64_fusionL1_drop0p2_trmiss50_trlocradio,16,0.0001,1,64,1,0.2,lr1e-04_bs16_modL1_fusion64_fusionL1_drop0p2_trmiss50_trlocradio,4,0.615490068991979,0.6835411985715231,0.603448275862069,0.77616384656092,0.5111111111111111,0.0,0.0,0.0,0.0,0.0,0.0,0.0,0.0,0.0,2002,radio,0.5
1,4,lr1e-04_bs16_modL1_fusion64_fusionL1_drop0p2_trmiss50_trlocradio,16,0.0001,1,64,1,0.2,lr1e-04_bs16_modL1_fusion64_fusionL1_drop0p2_trmiss50_trlocradio,5,0.5953855713208517,0.6890400449434916,0.603448275862069,0.794046926254383,0.5333333333333333,0.0,0.0,0.0,0.0,0.0,0.0,0.0,0.0,0.0,2002,radio,0.5
1,4,lr1e-04_bs16_modL1_fusion64_fusionL1_drop0p2_trmiss50_trlocradio,16,0.0001,1,64,1,0.2,lr1e-04_bs16_modL1_fusion64_fusionL1_drop0p2_trmiss50_trlocradio,6,0.5647994925578436,0.7031735777854919,0.5797413793103449,0.7907658187480773,0.5555555555555556,0.0,0.0,0.0,0.0,0.0,0.0,0.0,0.0,0.0,2002,radio,0.5
1,4,lr1e-04_bs16_modL1_fusion64_fusionL1_drop0p2_trmiss50_trlocradio,16,0.0001,1,64,1,0.2,lr1e-04_bs16_modL1_fusion64_fusionL1_drop0p2_trmiss50_trlocradio,7,0.5622286846240362,0.7043556968371073,0.5883620689655172,0.7965412705217694,0.6222222222222222,0.0,0.0,0.0,0.0,0.0,0.0,0.0,0.0,0.0,2002,radio,0.5
1,4,lr1e-04_bs16_modL1_fusion64_fusionL1_drop0p2_trmiss50_trlocradio,16,0.0001,1,64,1,0.2,lr1e-04_bs16_modL1_fusion64_fusionL1_drop0p2_trmiss50_trlocradio,8,0.5516528189182281,0.6874291896820068,0.6142241379310345,0.8097777858895967,0.6,0.0,0.0,0.0,0.0,0.0,0.0,0.0,0.0,0.0,2002,radio,0.5
1,4,lr1e-04_bs16_modL1_fusion64_fusionL1_drop0p2_trmiss50_trlocradio,16,0.0001,1,64,1,0.2,lr1e-04_bs16_modL1_fusion64_fusionL1_drop0p2_trmiss50_trlocradio,9,0.52408949782451,0.6628329356511434,0.6508620689655172,0.8296270129526897,0.6222222222222222,0.0,0.0,0.0,0.0,0.0,0.0,0.0,0.0,0.0,2002,radio,0.5
1,4,lr1e-04_bs16_modL1_fusion64_fusionL1_drop0p2_trmiss50_trlocradio,16,0.0001,1,64,1,0.2,lr1e-04_bs16_modL1_fusion64_fusionL1_drop0p2_trmiss50_trlocradio,10,0.5382226879398028,0.664501428604126,0.6379310344827586,0.8202329193726148,0.5777777777777777,0.0,0.0,0.0,0.0,0.0,0.0,0.0,0.0,0.0,2002,radio,0.5
1,4,lr1e-04_bs16_modL1_fusion64_fusionL1_drop0p2_trmiss50_trlocradio,16,0.0001,1,64,1,0.2,lr1e-04_bs16_modL1_fusion64_fusionL1_drop0p2_trmiss50_trlocradio,11,0.5032759755849838,0.6735065976778666,0.6142241379310345,0.8024939528286041,0.6222222222222222,0.0,0.0,0.0,0.0,0.0,0.0,0.0,0.0,0.0,2002,radio,0.5
1,4,lr1e-04_bs16_modL1_fusion64_fusionL1_drop0p2_trmiss50_trlocradio,16,0.0001,1,64,1,0.2,lr1e-04_bs16_modL1_fusion64_fusionL1_drop0p2_trmiss50_trlocradio,12,0.49125108619530994,0.6725717584292094,0.627155172413793,0.8071328601889736,0.5333333333333333,0.0,0.0,0.0,0.0,0.0,0.0,0.0,0.0,0.0,2002,radio,0.5
1,4,lr1e-04_bs16_modL1_fusion64_fusionL1_drop0p2_trmiss50_trlocradio,16,0.0001,1,64,1,0.2,lr1e-04_bs16_modL1_fusion64_fusionL1_drop0p2_trmiss50_trlocradio,13,0.48175246516863507,0.6630514065424601,0.6616379310344828,0.8179151568816145,0.6222222222222222,0.0,0.0,0.0,0.0,0.0,0.0,0.0,0.0,0.0,2002,radio,0.5
1,4,lr1e-04_bs16_modL1_fusion64_fusionL1_drop0p2_trmiss50_trlocradio,16,0.0001,1,64,1,0.2,lr1e-04_bs16_modL1_fusion64_fusionL1_drop0p2_trmiss50_trlocradio,14,0.48591792583465576,0.6531790097554525,0.6939655172413793,0.8418373177218719,0.6888888888888889,0.0,0.0,0.0,0.0,0.0,0.0,0.0,0.0,0.0,2002,radio,0.5
1,4,lr1e-04_bs16_modL1_fusion64_fusionL1_drop0p2_trmiss50_trlocradio,16,0.0001,1,64,1,0.2,lr1e-04_bs16_modL1_fusion64_fusionL1_drop0p2_trmiss50_trlocradio,15,0.47381846855084103,0.6604016423225403,0.6810344827586207,0.8347027502402506,0.6222222222222222,0.0,0.0,0.0,0.0,0.0,0.0,0.0,0.0,0.0,2002,radio,0.5
1,4,lr1e-04_bs16_modL1_fusion64_fusionL1_drop0p2_trmiss50_trlocradio,16,0.0001,1,64,1,0.2,lr1e-04_bs16_modL1_fusion64_fusionL1_drop0p2_trmiss50_trlocradio,16,0.45230749001105625,0.6703385512034098,0.6616379310344828,0.8224539109182758,0.6444444444444445,0.0,0.0,0.0,0.0,0.0,0.0,0.0,0.0,0.0,2002,radio,0.5
1,4,lr1e-04_bs16_modL1_fusion64_fusionL1_drop0p2_trmiss50_trlocradio,16,0.0001,1,64,1,0.2,lr1e-04_bs16_modL1_fusion64_fusionL1_drop0p2_trmiss50_trlocradio,17,0.44121163090070087,0.6645531256993612,0.625,0.8057777770323573,0.6,0.0,0.0,0.0,0.0,0.0,0.0,0.0,0.0,0.0,2002,radio,0.5
1,4,lr1e-04_bs16_modL1_fusion64_fusionL1_drop0p2_trmiss50_trlocradio,16,0.0001,1,64,1,0.2,lr1e-04_bs16_modL1_fusion64_fusionL1_drop0p2_trmiss50_trlocradio,18,0.43570835143327713,0.6597776611646017,0.6702586206896552,0.8331590072448483,0.6,0.0,0.0,0.0,0.0,0.0,0.0,0.0,0.0,0.0,2002,radio,0.5
1,4,lr1e-04_bs16_modL1_fusion64_fusionL1_drop0p2_trmiss50_trlocradio,16,0.0001,1,64,1,0.2,lr1e-04_bs16_modL1_fusion64_fusionL1_drop0p2_trmiss50_trlocradio,19,0.4233279625574748,0.6510071754455566,0.6875,0.8444673700578067,0.6,0.0,0.0,0.0,0.0,0.0,0.0,0.0,0.0,0.0,2002,radio,0.5
1,4,lr1e-04_bs16_modL1_fusion64_fusionL1_drop0p2_trmiss50_trlocradio,16,0.0001,1,64,1,0.2,lr1e-04_bs16_modL1_fusion64_fusionL1_drop0p2_trmiss50_trlocradio,20,0.41127002735932666,0.657592753569285,0.6271551724137931,0.81723397835007,0.6,0.0,0.0,0.0,0.0,0.0,0.0,0.0,0.0,0.0,2002,radio,0.5
1,4,lr1e-04_bs16_modL1_fusion64_fusionL1_drop0p2_trmiss50_trlocradio,16,0.0001,1,64,1,0.2,lr1e-04_bs16_modL1_fusion64_fusionL1_drop0p2_trmiss50_trlocradio,21,0.3871278613805771,0.6637694835662842,0.6185344827586208,0.8063637347098627,0.6,0.0,0.0,0.0,0.0,0.0,0.0,0.0,0.0,0.0,2002,radio,0.5
1,4,lr1e-04_bs16_modL1_fusion64_fusionL1_drop0p2_trmiss50_trlocradio,16,0.0001,1,64,1,0.2,lr1e-04_bs16_modL1_fusion64_fusionL1_drop0p2_trmiss50_trlocradio,22,0.3989255477984746,0.6641544699668884,0.6400862068965517,0.8197890670072014,0.6,0.0,0.0,0.0,0.0,0.0,0.0,0.0,0.0,0.0,2002,radio,0.5
1,4,lr1e-04_bs16_modL1_fusion64_fusionL1_drop0p2_trmiss50_trlocradio,16,0.0001,1,64,1,0.2,lr1e-04_bs16_modL1_fusion64_fusionL1_drop0p2_trmiss50_trlocradio,23,0.37843627234299976,0.6495730479558309,0.6379310344827587,0.8186888657330404,0.5777777777777777,0.0,0.0,0.0,0.0,0.0,0.0,0.0,0.0,0.0,2002,radio,0.5
1,4,lr1e-04_bs16_modL1_fusion64_fusionL1_drop0p2_trmiss50_trlocradio,16,0.0001,1,64,1,0.2,lr1e-04_bs16_modL1_fusion64_fusionL1_drop0p2_trmiss50_trlocradio,24,0.3676966776450475,0.6567763090133667,0.6637931034482758,0.8334002546908192,0.6,0.0,0.0,0.0,0.0,0.0,0.0,0.0,0.0,0.0,2002,radio,0.5
1,4,lr1e-04_bs16_modL1_fusion64_fusionL1_drop0p2_trmiss50_trlocradio,16,0.0001,1,64,1,0.2,lr1e-04_bs16_modL1_fusion64_fusionL1_drop0p2_trmiss50_trlocradio,25,0.3779993802309036,0.6662611166636149,0.6831896551724138,0.8492534666125071,0.6,0.0,0.0,0.0,0.0,0.0,0.0,0.0,0.0,0.0,2002,radio,0.5
1,4,lr1e-04_bs16_modL1_fusion64_fusionL1_drop0p2_trmiss50_trlocradio,16,0.0001,1,64,1,0.2,lr1e-04_bs16_modL1_fusion64_fusionL1_drop0p2_trmiss50_trlocradio,26,0.3708463211854299,0.664422849814097,0.6724137931034482,0.8324635783591374,0.6444444444444445,0.0,0.0,0.0,0.0,0.0,0.0,0.0,0.0,0.0,2002,radio,0.5
1,4,lr1e-04_bs16_modL1_fusion64_fusionL1_drop0p2_trmiss50_trlocradio,16,0.0001,1,64,1,0.2,lr1e-04_bs16_modL1_fusion64_fusionL1_drop0p2_trmiss50_trlocradio,27,0.37269026537736255,0.6582647363344828,0.7133620689655172,0.8625112890713622,0.6444444444444445,0.0,0.0,0.0,0.0,0.0,0.0,0.0,0.0,0.0,2002,radio,0.5
1,4,lr1e-04_bs16_modL1_fusion64_fusionL1_drop0p2_trmiss50_trlocradio,16,0.0001,1,64,1,0.2,lr1e-04_bs16_modL1_fusion64_fusionL1_drop0p2_trmiss50_trlocradio,28,0.34134116520484287,0.6388182838757833,0.7068965517241379,0.858080288286668,0.6222222222222222,0.0,0.0,0.0,0.0,0.0,0.0,0.0,0.0,0.0,2002,radio,0.5
1,4,lr1e-04_bs16_modL1_fusion64_fusionL1_drop0p2_trmiss50_trlocradio,16,0.0001,1,64,1,0.2,lr1e-04_bs16_modL1_fusion64_fusionL1_drop0p2_trmiss50_trlocradio,29,0.34504103908936185,0.6312765677769979,0.7112068965517241,0.8542109670135225,0.6444444444444445,0.0,0.0,0.0,0.0,0.0,0.0,0.0,0.0,0.0,2002,radio,0.5
1,4,lr1e-04_bs16_modL1_fusion64_fusionL1_drop0p2_trmiss50_trlocradio,16,0.0001,1,64,1,0.2,lr1e-04_bs16_modL1_fusion64_fusionL1_drop0p2_trmiss50_trlocradio,30,0.3419955149292946,0.6442522605260214,0.6853448275862067,0.8393953976881932,0.6444444444444445,0.0,0.0,0.0,0.0,0.0,0.0,0.0,0.0,0.0,2002,radio,0.5
1,4,lr1e-04_bs16_modL1_fusion64_fusionL1_drop0p2_trmiss50_trlocradio,16,0.0001,1,64,1,0.2,lr1e-04_bs16_modL1_fusion64_fusionL1_drop0p2_trmiss50_trlocradio,31,0.3160453289747238,0.6496926546096802,0.6875,0.8471963109965068,0.6444444444444445,0.0,0.0,0.0,0.0,0.0,0.0,0.0,0.0,0.0,2002,radio,0.5
1,4,lr1e-04_bs16_modL1_fusion64_fusionL1_drop0p2_trmiss50_trlocradio,16,0.0001,1,64,1,0.2,lr1e-04_bs16_modL1_fusion64_fusionL1_drop0p2_trmiss50_trlocradio,32,0.32451244443655014,0.6389943361282349,0.689655172413793,0.8447026853851767,0.6222222222222222,0.0,0.0,0.0,0.0,0.0,0.0,0.0,0.0,0.0,2002,radio,0.5
1,4,lr1e-04_bs16_modL1_fusion64_fusionL1_drop0p2_trmiss50_trlocradio,16,0.0001,1,64,1,0.2,lr1e-04_bs16_modL1_fusion64_fusionL1_drop0p2_trmiss50_trlocradio,33,0.3199947600563367,0.6368412574132284,0.7025862068965517,0.8524792612838834,0.6444444444444445,0.0,0.0,0.0,0.0,0.0,0.0,0.0,0.0,0.0,2002,radio,0.5
1,4,lr1e-04_bs16_modL1_fusion64_fusionL1_drop0p2_trmiss50_trlocradio,16,0.0001,1,64,1,0.2,lr1e-04_bs16_modL1_fusion64_fusionL1_drop0p2_trmiss50_trlocradio,34,0.32655007640520733,0.6525829434394836,0.6982758620689654,0.8490234988986345,0.6444444444444445,0.0,0.0,0.0,0.0,0.0,0.0,0.0,0.0,0.0,2002,radio,0.5
1,4,lr1e-04_bs16_modL1_fusion64_fusionL1_drop0p2_trmiss50_trlocradio,16,0.0001,1,64,1,0.2,lr1e-04_bs16_modL1_fusion64_fusionL1_drop0p2_trmiss50_trlocradio,35,0.28212618206938106,0.653238574663798,0.685344827586207,0.8502104417035161,0.6444444444444445,0.0,0.0,0.0,0.0,0.0,0.0,0.0,0.0,0.0,2002,radio,0.5
1,4,lr1e-04_bs16_modL1_fusion64_fusionL1_drop0p2_trmiss50_trlocradio,16,0.0001,1,64,1,0.2,lr1e-04_bs16_modL1_fusion64_fusionL1_drop0p2_trmiss50_trlocradio,36,0.25672488535443944,0.6596958438555399,0.6961206896551724,0.8560489415395265,0.6222222222222222,0.0,0.0,0.0,0.0,0.0,0.0,0.0,0.0,0.0,2002,radio,0.5
1,4,lr1e-04_bs16_modL1_fusion64_fusionL1_drop0p2_trmiss50_trlocradio,16,0.0001,1,64,1,0.2,lr1e-04_bs16_modL1_fusion64_fusionL1_drop0p2_trmiss50_trlocradio,37,0.2928980141878128,0.6716839671134949,0.6810344827586208,0.8440914308097021,0.6444444444444445,0.0,0.0,0.0,0.0,0.0,0.0,0.0,0.0,0.0,2002,radio,0.5
1,4,lr1e-04_bs16_modL1_fusion64_fusionL1_drop0p2_trmiss50_trlocradio,16,0.0001,1,64,1,0.2,lr1e-04_bs16_modL1_fusion64_fusionL1_drop0p2_trmiss50_trlocradio,38,0.27758152410387993,0.64699254433314,0.6896551724137931,0.8502118896218531,0.6222222222222222,0.0,0.0,0.0,0.0,0.0,0.0,0.0,0.0,0.0,2002,radio,0.5
1,4,lr1e-04_bs16_modL1_fusion64_fusionL1_drop0p2_trmiss50_trlocradio,16,0.0001,1,64,1,0.2,lr1e-04_bs16_modL1_fusion64_fusionL1_drop0p2_trmiss50_trlocradio,39,0.32966044296820957,0.6540880799293518,0.6767241379310345,0.8390231554762198,0.6,0.0,0.0,0.0,0.0,0.0,0.0,0.0,0.0,0.0,2002,radio,0.5
1,4,lr1e-04_bs16_modL1_fusion64_fusionL1_drop0p2_trmiss50_trlocradio,16,0.0001,1,64,1,0.2,lr1e-04_bs16_modL1_fusion64_fusionL1_drop0p2_trmiss50_trlocradio,40,0.2814943678677082,0.6650587121645609,0.6788793103448276,0.8454225220571228,0.5777777777777777,0.0,0.0,0.0,0.0,0.0,0.0,0.0,0.0,0.0,2002,radio,0.5
1,4,lr1e-04_bs16_modL1_fusion64_fusionL1_drop0p2_trmiss50_trlocradio,16,0.0001,1,64,1,0.2,lr1e-04_bs16_modL1_fusion64_fusionL1_drop0p2_trmiss50_trlocradio,41,0.2892281264066696,0.6674347321192423,0.6702586206896552,0.8433499644402096,0.5777777777777777,0.0,0.0,0.0,0.0,0.0,0.0,0.0,0.0,0.0,2002,radio,0.5
1,4,lr1e-04_bs16_modL1_fusion64_fusionL1_drop0p2_trmiss50_trlocradio,16,0.0001,1,64,1,0.2,lr1e-04_bs16_modL1_fusion64_fusionL1_drop0p2_trmiss50_trlocradio,42,0.2638100708524386,0.6719038486480713,0.665948275862069,0.8418598985743122,0.5777777777777777,0.0,0.0,0.0,0.0,0.0,0.0,0.0,0.0,0.0,2002,radio,0.5
1,4,lr1e-04_bs16_modL1_fusion64_fusionL1_drop0p2_trmiss50_trlocradio,16,0.0001,1,64,1,0.2,lr1e-04_bs16_modL1_fusion64_fusionL1_drop0p2_trmiss50_trlocradio,43,0.28793826575080556,0.6627566814422607,0.6831896551724139,0.8457114369545675,0.6,0.0,0.0,0.0,0.0,0.0,0.0,0.0,0.0,0.0,2002,radio,0.5
1,4,lr1e-04_bs16_modL1_fusion64_fusionL1_drop0p2_trmiss50_trlocradio,16,0.0001,1,64,1,0.2,lr1e-04_bs16_modL1_fusion64_fusionL1_drop0p2_trmiss50_trlocradio,44,0.2774466561774413,0.6728670001029968,0.6724137931034484,0.8401918778672988,0.5555555555555556,0.0,0.0,0.0,0.0,0.0,0.0,0.0,0.0,0.0,2002,radio,0.5
1,4,lr1e-04_bs16_modL1_fusion64_fusionL1_drop0p2_trmiss50_trlocradio,16,0.0001,1,64,1,0.2,lr1e-04_bs16_modL1_fusion64_fusionL1_drop0p2_trmiss50_trlocradio,45,0.2781089556713899,0.6657925844192505,0.6767241379310345,0.8365299802180821,0.5777777777777777,0.0,0.0,0.0,0.0,0.0,0.0,0.0,0.0,0.0,2002,radio,0.5
1,4,lr1e-04_bs16_modL1_fusion64_fusionL1_drop0p2_trmiss50_trlocradio,16,0.0001,1,64,1,0.2,lr1e-04_bs16_modL1_fusion64_fusionL1_drop0p2_trmiss50_trlocradio,46,0.3014296541611354,0.7013219197591146,0.6616379310344828,0.8336279448556232,0.6222222222222222,0.0,0.0,0.0,0.0,0.0,0.0,0.0,0.0,0.0,2002,radio,0.5
1,4,lr1e-04_bs16_modL1_fusion64_fusionL1_drop0p2_trmiss50_trlocradio,16,0.0001,1,64,1,0.2,lr1e-04_bs16_modL1_fusion64_fusionL1_drop0p2_trmiss50_trlocradio,47,0.26905399436752003,0.6820175647735596,0.6853448275862069,0.8434422334677931,0.6222222222222222,0.0,0.0,0.0,0.0,0.0,0.0,0.0,0.0,0.0,2002,radio,0.5
1,4,lr1e-04_bs16_modL1_fusion64_fusionL1_drop0p1_trmiss50_trlocradio,16,0.0001,1,64,1,0.1,lr1e-04_bs16_modL1_fusion64_fusionL1_drop0p1_trmiss50_trlocradio,1,0.697043314576149,0.7023285428682963,0.4267241379310345,0.6485730162559051,0.4,0.0,0.0,0.0,0.0,0.0,0.0,0.0,0.0,0.0,2002,radio,0.5
1,4,lr1e-04_bs16_modL1_fusion64_fusionL1_drop0p1_trmiss50_trlocradio,16,0.0001,1,64,1,0.1,lr1e-04_bs16_modL1_fusion64_fusionL1_drop0p1_trmiss50_trlocradio,2,0.6637532711029053,0.7055211464564005,0.4375,0.6672583685333121,0.4888888888888889,0.0,0.0,0.0,0.0,0.0,0.0,0.0,0.0,0.0,2002,radio,0.5
1,4,lr1e-04_bs16_modL1_fusion64_fusionL1_drop0p1_trmiss50_trlocradio,16,0.0001,1,64,1,0.1,lr1e-04_bs16_modL1_fusion64_fusionL1_drop0p1_trmiss50_trlocradio,3,0.6220631500085195,0.7038575013478597,0.44181034482758624,0.6525170545208154,0.4666666666666667,0.0,0.0,0.0,0.0,0.0,0.0,0.0,0.0,0.0,2002,radio,0.5
1,4,lr1e-04_bs16_modL1_fusion64_fusionL1_drop0p1_trmiss50_trlocradio,16,0.0001,1,64,1,0.1,lr1e-04_bs16_modL1_fusion64_fusionL1_drop0p1_trmiss50_trlocradio,4,0.6090630739927292,0.703866183757782,0.4956896551724138,0.6719070867970691,0.4666666666666667,0.0,0.0,0.0,0.0,0.0,0.0,0.0,0.0,0.0,2002,radio,0.5
1,4,lr1e-04_bs16_modL1_fusion64_fusionL1_drop0p1_trmiss50_trlocradio,16,0.0001,1,64,1,0.1,lr1e-04_bs16_modL1_fusion64_fusionL1_drop0p1_trmiss50_trlocradio,5,0.5939947714408239,0.6989016532897949,0.5172413793103449,0.6902574423555836,0.5333333333333333,0.0,0.0,0.0,0.0,0.0,0.0,0.0,0.0,0.0,2002,radio,0.5
1,4,lr1e-04_bs16_modL1_fusion64_fusionL1_drop0p1_trmiss50_trlocradio,16,0.0001,1,64,1,0.1,lr1e-04_bs16_modL1_fusion64_fusionL1_drop0p1_trmiss50_trlocradio,6,0.5526152377327284,0.6988079945246378,0.5107758620689655,0.7001232877040261,0.5111111111111111,0.0,0.0,0.0,0.0,0.0,0.0,0.0,0.0,0.0,2002,radio,0.5
1,4,lr1e-04_bs16_modL1_fusion64_fusionL1_drop0p1_trmiss50_trlocradio,16,0.0001,1,64,1,0.1,lr1e-04_bs16_modL1_fusion64_fusionL1_drop0p1_trmiss50_trlocradio,7,0.5418743838866552,0.7013246218363444,0.5107758620689655,0.7080925689560257,0.4888888888888889,0.0,0.0,0.0,0.0,0.0,0.0,0.0,0.0,0.0,2002,radio,0.5
1,4,lr1e-04_bs16_modL1_fusion64_fusionL1_drop0p1_trmiss50_trlocradio,16,0.0001,1,64,1,0.1,lr1e-04_bs16_modL1_fusion64_fusionL1_drop0p1_trmiss50_trlocradio,8,0.5498803903659185,0.7214701970418295,0.44396551724137934,0.6386269723436848,0.4222222222222222,0.0,0.0,0.0,0.0,0.0,0.0,0.0,0.0,0.0,2002,radio,0.5
1,4,lr1e-04_bs16_modL1_fusion64_fusionL1_drop0p1_trmiss50_trlocradio,16,0.0001,1,64,1,0.1,lr1e-04_bs16_modL1_fusion64_fusionL1_drop0p1_trmiss50_trlocradio,9,0.5348469763994217,0.7009965777397156,0.4849137931034483,0.6582442529603056,0.5111111111111111,0.0,0.0,0.0,0.0,0.0,0.0,0.0,0.0,0.0,2002,radio,0.5
1,4,lr1e-04_bs16_modL1_fusion64_fusionL1_drop0p1_trmiss50_trlocradio,16,0.0001,1,64,1,0.1,lr1e-04_bs16_modL1_fusion64_fusionL1_drop0p1_trmiss50_trlocradio,10,0.5138327355186144,0.6963038444519043,0.4978448275862069,0.6667789350784882,0.4888888888888889,0.0,0.0,0.0,0.0,0.0,0.0,0.0,0.0,0.0,2002,radio,0.5
1,4,lr1e-04_bs16_modL1_fusion64_fusionL1_drop0p1_trmiss50_trlocradio,16,0.0001,1,64,1,0.1,lr1e-04_bs16_modL1_fusion64_fusionL1_drop0p1_trmiss50_trlocradio,11,0.5046740596493086,0.6961866617202759,0.49137931034482757,0.6725050871353813,0.5333333333333333,0.0,0.0,0.0,0.0,0.0,0.0,0.0,0.0,0.0,2002,radio,0.5
1,4,lr1e-04_bs16_modL1_fusion64_fusionL1_drop0p1_trmiss50_trlocradio,16,0.0001,1,64,1,0.1,lr1e-04_bs16_modL1_fusion64_fusionL1_drop0p1_trmiss50_trlocradio,12,0.53452601035436,0.6894605159759521,0.5150862068965517,0.6935594039046493,0.5333333333333333,0.0,0.0,0.0,0.0,0.0,0.0,0.0,0.0,0.0,2002,radio,0.5
1,4,lr1e-04_bs16_modL1_fusion64_fusionL1_drop0p1_trmiss50_trlocradio,16,0.0001,1,64,1,0.1,lr1e-04_bs16_modL1_fusion64_fusionL1_drop0p1_trmiss50_trlocradio,13,0.4607675721247991,0.6851876974105835,0.5129310344827587,0.6984272630915812,0.5777777777777777,0.0,0.0,0.0,0.0,0.0,0.0,0.0,0.0,0.0,2002,radio,0.5
1,4,lr1e-04_bs16_modL1_fusion64_fusionL1_drop0p1_trmiss50_trlocradio,16,0.0001,1,64,1,0.1,lr1e-04_bs16_modL1_fusion64_fusionL1_drop0p1_trmiss50_trlocradio,14,0.483598197499911,0.6853471398353577,0.5452586206896552,0.7271177455018185,0.5555555555555556,0.0,0.0,0.0,0.0,0.0,0.0,0.0,0.0,0.0,2002,radio,0.5
1,4,lr1e-04_bs16_modL1_fusion64_fusionL1_drop0p1_trmiss50_trlocradio,16,0.0001,1,64,1,0.1,lr1e-04_bs16_modL1_fusion64_fusionL1_drop0p1_trmiss50_trlocradio,15,0.4503183215856552,0.6813957889874777,0.5581896551724138,0.7281291094318402,0.6,0.0,0.0,0.0,0.0,0.0,0.0,0.0,0.0,0.0,2002,radio,0.5
1,4,lr1e-04_bs16_modL1_fusion64_fusionL1_drop0p1_trmiss50_trlocradio,16,0.0001,1,64,1,0.1,lr1e-04_bs16_modL1_fusion64_fusionL1_drop0p1_trmiss50_trlocradio,16,0.4527363230784734,0.6871566573778788,0.5517241379310344,0.728078552176885,0.5333333333333333,0.0,0.0,0.0,0.0,0.0,0.0,0.0,0.0,0.0,2002,radio,0.5
1,4,lr1e-04_bs16_modL1_fusion64_fusionL1_drop0p1_trmiss50_trlocradio,16,0.0001,1,64,1,0.1,lr1e-04_bs16_modL1_fusion64_fusionL1_drop0p1_trmiss50_trlocradio,17,0.4430231402317683,0.6787796219189962,0.5581896551724137,0.7445739717199331,0.5333333333333333,0.0,0.0,0.0,0.0,0.0,0.0,0.0,0.0,0.0,2002,radio,0.5
1,4,lr1e-04_bs16_modL1_fusion64_fusionL1_drop0p1_trmiss50_trlocradio,16,0.0001,1,64,1,0.1,lr1e-04_bs16_modL1_fusion64_fusionL1_drop0p1_trmiss50_trlocradio,18,0.4237577219804128,0.6813729604085287,0.564655172413793,0.7518645406882409,0.5333333333333333,0.0,0.0,0.0,0.0,0.0,0.0,0.0,0.0,0.0,2002,radio,0.5
1,4,lr1e-04_bs16_modL1_fusion64_fusionL1_drop0p1_trmiss50_trlocradio,16,0.0001,1,64,1,0.1,lr1e-04_bs16_modL1_fusion64_fusionL1_drop0p1_trmiss50_trlocradio,19,0.4119786123434703,0.6928546826044718,0.5150862068965517,0.7236793565456033,0.5111111111111111,0.0,0.0,0.0,0.0,0.0,0.0,0.0,0.0,0.0,2002,radio,0.5
1,4,lr1e-04_bs16_modL1_fusion64_fusionL1_drop0p1_trmiss50_trlocradio,16,0.0001,1,64,1,0.1,lr1e-04_bs16_modL1_fusion64_fusionL1_drop0p1_trmiss50_trlocradio,20,0.44390807549158734,0.6841731071472168,0.5301724137931034,0.7188091768349926,0.5333333333333333,0.0,0.0,0.0,0.0,0.0,0.0,0.0,0.0,0.0,2002,radio,0.5
1,4,lr1e-04_bs16_modL1_fusion64_fusionL1_drop0p1_trmiss50_trlocradio,16,0.0001,1,64,1,0.1,lr1e-04_bs16_modL1_fusion64_fusionL1_drop0p1_trmiss50_trlocradio,21,0.40588942915201187,0.683881918589274,0.5323275862068966,0.7173961277946662,0.5111111111111111,0.0,0.0,0.0,0.0,0.0,0.0,0.0,0.0,0.0,2002,radio,0.5
1,4,lr1e-04_bs16_modL1_fusion64_fusionL1_drop0p1_trmiss50_trlocradio,16,0.0001,1,64,1,0.1,lr1e-04_bs16_modL1_fusion64_fusionL1_drop0p1_trmiss50_trlocradio,22,0.37576987594366074,0.6851360400517782,0.5474137931034483,0.7255312908330004,0.6222222222222222,0.0,0.0,0.0,0.0,0.0,0.0,0.0,0.0,0.0,2002,radio,0.5
1,4,lr1e-04_bs16_modL1_fusion64_fusionL1_drop0p1_trmiss50_trlocradio,16,0.0001,1,64,1,0.1,lr1e-04_bs16_modL1_fusion64_fusionL1_drop0p1_trmiss50_trlocradio,23,0.38408491263786954,0.6917737921079,0.5366379310344828,0.7163467668101248,0.6,0.0,0.0,0.0,0.0,0.0,0.0,0.0,0.0,0.0,2002,radio,0.5
1,4,lr1e-04_bs16_modL1_fusion64_fusionL1_drop0p1_trmiss50_trlocradio,16,0.0001,1,64,1,0.1,lr1e-04_bs16_modL1_fusion64_fusionL1_drop0p1_trmiss50_trlocradio,24,0.37583328535159427,0.6809748212496439,0.5452586206896552,0.7129500966028511,0.5555555555555556,0.0,0.0,0.0,0.0,0.0,0.0,0.0,0.0,0.0,2002,radio,0.5
1,4,lr1e-04_bs16_modL1_fusion64_fusionL1_drop0p1_trmiss50_trlocradio,16,0.0001,1,64,1,0.1,lr1e-04_bs16_modL1_fusion64_fusionL1_drop0p1_trmiss50_trlocradio,25,0.3831412022312482,0.6823370655377706,0.5517241379310345,0.7163584132518618,0.5777777777777777,0.0,0.0,0.0,0.0,0.0,0.0,0.0,0.0,0.0,2002,radio,0.5
1,4,lr1e-04_bs16_modL1_fusion64_fusionL1_drop0p1_trmiss50_trlocradio,16,0.0001,1,64,1,0.1,lr1e-04_bs16_modL1_fusion64_fusionL1_drop0p1_trmiss50_trlocradio,26,0.3565230071544647,0.6845743060112,0.5495689655172414,0.7275178907017025,0.5333333333333333,0.0,0.0,0.0,0.0,0.0,0.0,0.0,0.0,0.0,2002,radio,0.5
1,4,lr1e-04_bs16_modL1_fusion64_fusionL1_drop0p1_trmiss50_trlocradio,16,0.0001,1,64,1,0.1,lr1e-04_bs16_modL1_fusion64_fusionL1_drop0p1_trmiss50_trlocradio,27,0.37685363243023556,0.6914986769358317,0.5431034482758621,0.7214759761383055,0.5333333333333333,0.0,0.0,0.0,0.0,0.0,0.0,0.0,0.0,0.0,2002,radio,0.5
1,4,lr1e-04_bs16_modL1_fusion64_fusionL1_drop0p1_trmiss50_trlocradio,16,0.0001,1,64,1,0.1,lr1e-04_bs16_modL1_fusion64_fusionL1_drop0p1_trmiss50_trlocradio,28,0.37991326798995334,0.695054848988851,0.5581896551724138,0.7251789152283811,0.5555555555555556,0.0,0.0,0.0,0.0,0.0,0.0,0.0,0.0,0.0,2002,radio,0.5
1,4,lr1e-04_bs16_modL1_fusion64_fusionL1_drop0p1_trmiss50_trlocradio,16,0.0001,1,64,1,0.1,lr1e-04_bs16_modL1_fusion64_fusionL1_drop0p1_trmiss50_trlocradio,29,0.3272889107465744,0.7008884946505228,0.5366379310344828,0.6987742989948278,0.5333333333333333,0.0,0.0,0.0,0.0,0.0,0.0,0.0,0.0,0.0,2002,radio,0.5
1,4,lr1e-04_bs16_modL1_fusion64_fusionL1_drop0p1_trmiss50_trlocradio,16,0.0001,1,64,1,0.1,lr1e-04_bs16_modL1_fusion64_fusionL1_drop0p1_trmiss50_trlocradio,30,0.33446163187424344,0.6906734704971313,0.5538793103448276,0.7290027011519494,0.5555555555555556,0.0,0.0,0.0,0.0,0.0,0.0,0.0,0.0,0.0,2002,radio,0.5
1,4,lr1e-04_bs16_modL1_fusion64_fusionL1_drop0p1_trmiss50_trlocradio,16,0.0001,1,64,1,0.1,lr1e-04_bs16_modL1_fusion64_fusionL1_drop0p1_trmiss50_trlocradio,31,0.3353998089830081,0.6897403200467428,0.5280172413793103,0.710787143253322,0.5333333333333333,0.0,0.0,0.0,0.0,0.0,0.0,0.0,0.0,0.0,2002,radio,0.5
1,4,lr1e-04_bs16_modL1_fusion64_fusionL1_drop0p1_trmiss50_trlocradio,16,0.0001,1,64,1,0.1,lr1e-04_bs16_modL1_fusion64_fusionL1_drop0p1_trmiss50_trlocradio,32,0.3527805134654045,0.6890309651692709,0.5625,0.7409209784734231,0.5555555555555556,0.0,0.0,0.0,0.0,0.0,0.0,0.0,0.0,0.0,2002,radio,0.5
1,4,lr1e-04_bs16_modL1_fusion64_fusionL1_drop0p1_trmiss50_trlocradio,16,0.0001,1,64,1,0.1,lr1e-04_bs16_modL1_fusion64_fusionL1_drop0p1_trmiss50_trlocradio,33,0.3400106380383174,0.690683126449585,0.5323275862068966,0.7060375661119459,0.5777777777777777,0.0,0.0,0.0,0.0,0.0,0.0,0.0,0.0,0.0,2002,radio,0.5
1,4,lr1e-04_bs16_modL1_fusion64_fusionL1_drop0p1_trmiss50_trlocradio,16,0.0001,1,64,1,0.1,lr1e-04_bs16_modL1_fusion64_fusionL1_drop0p1_trmiss50_trlocradio,34,0.3364493176341057,0.6909566124280294,0.5495689655172414,0.7291139143246103,0.5333333333333333,0.0,0.0,0.0,0.0,0.0,0.0,0.0,0.0,0.0,2002,radio,0.5
1,4,lr1e-04_bs16_modL1_fusion64_fusionL1_drop0p1_trmiss50_trlocradio,16,0.0001,1,64,1,0.1,lr1e-04_bs16_modL1_fusion64_fusionL1_drop0p1_trmiss50_trlocradio,35,0.33595454941193265,0.6888443430264791,0.540948275862069,0.7313781651492995,0.5333333333333333,0.0,0.0,0.0,0.0,0.0,0.0,0.0,0.0,0.0,2002,radio,0.5
1,4,lr1e-04_bs16_modL1_fusion64_fusionL1_drop0p1_trmiss50_trlocradio,16,0.0001,1,64,1,0.1,lr1e-04_bs16_modL1_fusion64_fusionL1_drop0p1_trmiss50_trlocradio,36,0.33054934690395993,0.6963973045349121,0.5387931034482759,0.7168340230220981,0.5111111111111111,0.0,0.0,0.0,0.0,0.0,0.0,0.0,0.0,0.0,2002,radio,0.5
1,4,lr1e-04_bs16_modL1_fusion64_fusionL1_drop0p1_trmiss50_trlocradio,16,0.0001,1,64,1,0.1,lr1e-04_bs16_modL1_fusion64_fusionL1_drop0p1_trmiss50_trlocradio,37,0.30705564965804416,0.6879899700482687,0.5581896551724138,0.7317500433469722,0.5777777777777777,0.0,0.0,0.0,0.0,0.0,0.0,0.0,0.0,0.0,2002,radio,0.5
1,4,lr1e-04_bs16_modL1_fusion64_fusionL1_drop0p1_trmiss50_trlocradio,16,0.0001,1,64,1,0.1,lr1e-04_bs16_modL1_fusion64_fusionL1_drop0p1_trmiss50_trlocradio,38,0.33829713861147565,0.6902400056521097,0.5603448275862069,0.7345630573707828,0.5777777777777777,0.0,0.0,0.0,0.0,0.0,0.0,0.0,0.0,0.0,2002,radio,0.5
1,4,lr5e-05_bs32_modL1_fusion32_fusionL1_drop0p2_trmiss50_trlocradio,32,5e-05,1,32,1,0.2,lr5e-05_bs32_modL1_fusion32_fusionL1_drop0p2_trmiss50_trlocradio,1,0.7410490810871124,0.7065681219100952,0.38362068965517243,0.584727118682766,0.4888888888888889,0.0,0.0,0.0,0.0,0.0,0.0,0.0,0.0,0.0,2002,radio,0.5
1,4,lr5e-05_bs32_modL1_fusion32_fusionL1_drop0p2_trmiss50_trlocradio,32,5e-05,1,32,1,0.2,lr5e-05_bs32_modL1_fusion32_fusionL1_drop0p2_trmiss50_trlocradio,2,0.7145634690920512,0.7133915424346924,0.3793103448275862,0.6139536115605184,0.4444444444444444,0.0,0.0,0.0,0.0,0.0,0.0,0.0,0.0,0.0,2002,radio,0.5
1,4,lr5e-05_bs32_modL1_fusion32_fusionL1_drop0p2_trmiss50_trlocradio,32,5e-05,1,32,1,0.2,lr5e-05_bs32_modL1_fusion32_fusionL1_drop0p2_trmiss50_trlocradio,3,0.6908587714036306,0.7175784111022949,0.42456896551724144,0.667176378882517,0.4666666666666667,0.0,0.0,0.0,0.0,0.0,0.0,0.0,0.0,0.0,2002,radio,0.5
1,4,lr5e-05_bs32_modL1_fusion32_fusionL1_drop0p2_trmiss50_trlocradio,32,5e-05,1,32,1,0.2,lr5e-05_bs32_modL1_fusion32_fusionL1_drop0p2_trmiss50_trlocradio,4,0.6782782773176829,0.7222718596458435,0.46120689655172414,0.6933947770782211,0.4666666666666667,0.0,0.0,0.0,0.0,0.0,0.0,0.0,0.0,0.0,2002,radio,0.5
1,4,lr5e-05_bs32_modL1_fusion32_fusionL1_drop0p2_trmiss50_trlocradio,32,5e-05,1,32,1,0.2,lr5e-05_bs32_modL1_fusion32_fusionL1_drop0p2_trmiss50_trlocradio,5,0.6917639672756195,0.7268112599849701,0.4655172413793104,0.7007952263538004,0.4666666666666667,0.0,0.0,0.0,0.0,0.0,0.0,0.0,0.0,0.0,2002,radio,0.5
1,4,lr5e-05_bs32_modL1_fusion32_fusionL1_drop0p2_trmiss50_trlocradio,32,5e-05,1,32,1,0.2,lr5e-05_bs32_modL1_fusion32_fusionL1_drop0p2_trmiss50_trlocradio,6,0.6471571425596873,0.7291605174541473,0.47844827586206895,0.7120787716035399,0.4888888888888889,0.0,0.0,0.0,0.0,0.0,0.0,0.0,0.0,0.0,2002,radio,0.5
1,4,lr5e-05_bs32_modL1_fusion32_fusionL1_drop0p2_trmiss50_trlocradio,32,5e-05,1,32,1,0.2,lr5e-05_bs32_modL1_fusion32_fusionL1_drop0p2_trmiss50_trlocradio,7,0.6324266393979391,0.7309253215789795,0.4762931034482758,0.7103998402707448,0.5111111111111111,0.0,0.0,0.0,0.0,0.0,0.0,0.0,0.0,0.0,2002,radio,0.5
1,4,lr5e-05_bs32_modL1_fusion32_fusionL1_drop0p2_trmiss50_trlocradio,32,5e-05,1,32,1,0.2,lr5e-05_bs32_modL1_fusion32_fusionL1_drop0p2_trmiss50_trlocradio,8,0.637760708729426,0.7326341867446899,0.4762931034482759,0.7112194548834629,0.5111111111111111,0.0,0.0,0.0,0.0,0.0,0.0,0.0,0.0,0.0,2002,radio,0.5
1,4,lr5e-05_bs32_modL1_fusion32_fusionL1_drop0p2_trmiss50_trlocradio,32,5e-05,1,32,1,0.2,lr5e-05_bs32_modL1_fusion32_fusionL1_drop0p2_trmiss50_trlocradio,9,0.6384025712807974,0.7327037155628204,0.4698275862068966,0.7018079070076674,0.4888888888888889,0.0,0.0,0.0,0.0,0.0,0.0,0.0,0.0,0.0,2002,radio,0.5
1,4,lr5e-05_bs32_modL1_fusion32_fusionL1_drop0p2_trmiss50_trlocradio,32,5e-05,1,32,1,0.2,lr5e-05_bs32_modL1_fusion32_fusionL1_drop0p2_trmiss50_trlocradio,10,0.6249328851699829,0.7364242076873779,0.4676724137931034,0.701147450945376,0.4888888888888889,0.0,0.0,0.0,0.0,0.0,0.0,0.0,0.0,0.0,2002,radio,0.5
1,4,lr5e-05_bs32_modL1_fusion32_fusionL1_drop0p2_trmiss50_trlocradio,32,5e-05,1,32,1,0.2,lr5e-05_bs32_modL1_fusion32_fusionL1_drop0p2_trmiss50_trlocradio,11,0.625735322634379,0.7349492311477661,0.47413793103448276,0.7115320166277341,0.4888888888888889,0.0,0.0,0.0,0.0,0.0,0.0,0.0,0.0,0.0,2002,radio,0.5
1,4,lr5e-05_bs32_modL1_fusion32_fusionL1_drop0p2_trmiss50_trlocradio,32,5e-05,1,32,1,0.2,lr5e-05_bs32_modL1_fusion32_fusionL1_drop0p2_trmiss50_trlocradio,12,0.6221995453039805,0.7372424900531769,0.47844827586206895,0.7172356042278735,0.4888888888888889,0.0,0.0,0.0,0.0,0.0,0.0,0.0,0.0,0.0,2002,radio,0.5
1,4,lr5e-05_bs32_modL1_fusion32_fusionL1_drop0p2_trmiss50_trlocradio,32,5e-05,1,32,1,0.2,lr5e-05_bs32_modL1_fusion32_fusionL1_drop0p2_trmiss50_trlocradio,13,0.6310354471206665,0.7353108525276184,0.4806034482758621,0.7191173924607138,0.4666666666666667,0.0,0.0,0.0,0.0,0.0,0.0,0.0,0.0,0.0,2002,radio,0.5
1,4,lr5e-05_bs32_modL1_fusion32_fusionL1_drop0p2_trmiss50_trlocradio,32,5e-05,1,32,1,0.2,lr5e-05_bs32_modL1_fusion32_fusionL1_drop0p2_trmiss50_trlocradio,14,0.6046609878540039,0.7337022423744202,0.4849137931034483,0.7211448053247533,0.4666666666666667,0.0,0.0,0.0,0.0,0.0,0.0,0.0,0.0,0.0,2002,radio,0.5
1,4,lr5e-05_bs32_modL1_fusion32_fusionL1_drop0p2_trmiss50_trlocradio,32,5e-05,1,32,1,0.2,lr5e-05_bs32_modL1_fusion32_fusionL1_drop0p2_trmiss50_trlocradio,15,0.6054301162560781,0.7335598468780518,0.48275862068965514,0.7171390926355227,0.4444444444444444,0.0,0.0,0.0,0.0,0.0,0.0,0.0,0.0,0.0,2002,radio,0.5
1,4,lr5e-05_bs32_modL1_fusion32_fusionL1_drop0p2_trmiss50_trlocradio,32,5e-05,1,32,1,0.2,lr5e-05_bs32_modL1_fusion32_fusionL1_drop0p2_trmiss50_trlocradio,16,0.6186387836933136,0.7357286512851715,0.48060344827586204,0.716992973293621,0.4888888888888889,0.0,0.0,0.0,0.0,0.0,0.0,0.0,0.0,0.0,2002,radio,0.5
1,4,lr5e-05_bs32_modL1_fusion32_fusionL1_drop0p2_trmiss50_trlocradio,32,5e-05,1,32,1,0.2,lr5e-05_bs32_modL1_fusion32_fusionL1_drop0p2_trmiss50_trlocradio,17,0.593838761250178,0.7362646460533142,0.48706896551724144,0.7195865639229732,0.4888888888888889,0.0,0.0,0.0,0.0,0.0,0.0,0.0,0.0,0.0,2002,radio,0.5
1,4,lr5e-05_bs32_modL1_fusion32_fusionL1_drop0p2_trmiss50_trlocradio,32,5e-05,1,32,1,0.2,lr5e-05_bs32_modL1_fusion32_fusionL1_drop0p2_trmiss50_trlocradio,18,0.5880995988845825,0.7360022068023682,0.4870689655172413,0.7228971508172461,0.4666666666666667,0.0,0.0,0.0,0.0,0.0,0.0,0.0,0.0,0.0,2002,radio,0.5
1,4,lr5e-05_bs32_modL1_fusion32_fusionL1_drop0p2_trmiss50_trlocradio,32,5e-05,1,32,1,0.2,lr5e-05_bs32_modL1_fusion32_fusionL1_drop0p2_trmiss50_trlocradio,19,0.589229146639506,0.7358544170856476,0.47844827586206895,0.7129237426340612,0.4888888888888889,0.0,0.0,0.0,0.0,0.0,0.0,0.0,0.0,0.0,2002,radio,0.5
1,4,lr5e-05_bs32_modL1_fusion32_fusionL1_drop0p2_trmiss50_trlocradio,32,5e-05,1,32,1,0.2,lr5e-05_bs32_modL1_fusion32_fusionL1_drop0p2_trmiss50_trlocradio,20,0.6042121350765228,0.7334363758563995,0.4806034482758621,0.7197347368264595,0.4666666666666667,0.0,0.0,0.0,0.0,0.0,0.0,0.0,0.0,0.0,2002,radio,0.5
1,4,lr5e-05_bs32_modL1_fusion32_fusionL1_drop0p2_trmiss50_trlocradio,32,5e-05,1,32,1,0.2,lr5e-05_bs32_modL1_fusion32_fusionL1_drop0p2_trmiss50_trlocradio,21,0.6012082795302073,0.7358934879302979,0.480603448275862,0.7186708690708428,0.4666666666666667,0.0,0.0,0.0,0.0,0.0,0.0,0.0,0.0,0.0,2002,radio,0.5
1,4,lr5e-05_bs32_modL1_fusion32_fusionL1_drop0p2_trmiss50_trlocradio,32,5e-05,1,32,1,0.2,lr5e-05_bs32_modL1_fusion32_fusionL1_drop0p2_trmiss50_trlocradio,22,0.5918465058008829,0.733759343624115,0.4870689655172414,0.7231768993463854,0.4666666666666667,0.0,0.0,0.0,0.0,0.0,0.0,0.0,0.0,0.0,2002,radio,0.5
1,4,lr5e-05_bs32_modL1_fusion32_fusionL1_drop0p2_trmiss50_trlocradio,32,5e-05,1,32,1,0.2,lr5e-05_bs32_modL1_fusion32_fusionL1_drop0p2_trmiss50_trlocradio,23,0.5930236975351969,0.7330476939678192,0.48491379310344823,0.7150799931985048,0.4666666666666667,0.0,0.0,0.0,0.0,0.0,0.0,0.0,0.0,0.0,2002,radio,0.5
1,4,lr5e-05_bs32_modL1_fusion32_fusionL1_drop0p2_trmiss50_trlocradio,32,5e-05,1,32,1,0.2,lr5e-05_bs32_modL1_fusion32_fusionL1_drop0p2_trmiss50_trlocradio,24,0.6052650610605875,0.7329395413398743,0.4956896551724138,0.722759292486536,0.4666666666666667,0.0,0.0,0.0,0.0,0.0,0.0,0.0,0.0,0.0,2002,radio,0.5
1,4,lr5e-05_bs32_modL1_fusion32_fusionL1_drop0p2_trmiss50_trlocradio,32,5e-05,1,32,1,0.2,lr5e-05_bs32_modL1_fusion32_fusionL1_drop0p2_trmiss50_trlocradio,25,0.5883554220199585,0.7313031554222107,0.4870689655172413,0.7199124258799894,0.4666666666666667,0.0,0.0,0.0,0.0,0.0,0.0,0.0,0.0,0.0,2002,radio,0.5
1,4,lr5e-05_bs32_modL1_fusion32_fusionL1_drop0p2_trmiss50_trlocradio,32,5e-05,1,32,1,0.2,lr5e-05_bs32_modL1_fusion32_fusionL1_drop0p2_trmiss50_trlocradio,26,0.5873593389987946,0.7328187823295593,0.4870689655172414,0.719774690111849,0.4888888888888889,0.0,0.0,0.0,0.0,0.0,0.0,0.0,0.0,0.0,2002,radio,0.5
1,4,lr5e-05_bs32_modL1_fusion32_fusionL1_drop0p2_trmiss50_trlocradio,32,5e-05,1,32,1,0.2,lr5e-05_bs32_modL1_fusion32_fusionL1_drop0p2_trmiss50_trlocradio,27,0.5909524361292521,0.7340291142463684,0.4935344827586207,0.7219005529120923,0.4666666666666667,0.0,0.0,0.0,0.0,0.0,0.0,0.0,0.0,0.0,2002,radio,0.5
1,4,lr5e-05_bs32_modL1_fusion32_fusionL1_drop0p2_trmiss50_trlocradio,32,5e-05,1,32,1,0.2,lr5e-05_bs32_modL1_fusion32_fusionL1_drop0p2_trmiss50_trlocradio,28,0.6085352500279745,0.7356030642986298,0.48922413793103453,0.7202567973450504,0.4888888888888889,0.0,0.0,0.0,0.0,0.0,0.0,0.0,0.0,0.0,2002,radio,0.5
1,4,lr5e-05_bs32_modL1_fusion32_fusionL1_drop0p2_trmiss50_trlocradio,32,5e-05,1,32,1,0.2,lr5e-05_bs32_modL1_fusion32_fusionL1_drop0p2_trmiss50_trlocradio,29,0.5912607510884603,0.7313490211963654,0.4892241379310345,0.7190597084891595,0.4666666666666667,0.0,0.0,0.0,0.0,0.0,0.0,0.0,0.0,0.0,2002,radio,0.5
1,4,lr5e-05_bs32_modL1_fusion32_fusionL1_drop0p2_trmiss50_trlocradio,32,5e-05,1,32,1,0.2,lr5e-05_bs32_modL1_fusion32_fusionL1_drop0p2_trmiss50_trlocradio,30,0.5959956149260203,0.7302174866199493,0.4892241379310344,0.7223506766414469,0.4666666666666667,0.0,0.0,0.0,0.0,0.0,0.0,0.0,0.0,0.0,2002,radio,0.5
1,4,lr5e-05_bs32_modL1_fusion32_fusionL1_drop0p2_trmiss50_trlocradio,32,5e-05,1,32,1,0.2,lr5e-05_bs32_modL1_fusion32_fusionL1_drop0p2_trmiss50_trlocradio,31,0.5782363712787628,0.732720285654068,0.48491379310344823,0.7153704056191149,0.4888888888888889,0.0,0.0,0.0,0.0,0.0,0.0,0.0,0.0,0.0,2002,radio,0.5
1,4,lr5e-05_bs32_modL1_fusion32_fusionL1_drop0p2_trmiss50_trlocradio,32,5e-05,1,32,1,0.2,lr5e-05_bs32_modL1_fusion32_fusionL1_drop0p2_trmiss50_trlocradio,32,0.5904888808727264,0.7314873039722443,0.49784482758620696,0.7265479933074785,0.4666666666666667,0.0,0.0,0.0,0.0,0.0,0.0,0.0,0.0,0.0,2002,radio,0.5
1,4,lr5e-05_bs32_modL1_fusion32_fusionL1_drop0p2_trmiss50_trlocradio,32,5e-05,1,32,1,0.2,lr5e-05_bs32_modL1_fusion32_fusionL1_drop0p2_trmiss50_trlocradio,33,0.5975377162297567,0.7328798472881317,0.4892241379310345,0.7224555937569257,0.4666666666666667,0.0,0.0,0.0,0.0,0.0,0.0,0.0,0.0,0.0,2002,radio,0.5
1,4,lr5e-05_bs32_modL1_fusion32_fusionL1_drop0p2_trmiss50_trlocradio,32,5e-05,1,32,1,0.2,lr5e-05_bs32_modL1_fusion32_fusionL1_drop0p2_trmiss50_trlocradio,34,0.5931708017985026,0.7337628304958344,0.47844827586206906,0.7137061843576574,0.4888888888888889,0.0,0.0,0.0,0.0,0.0,0.0,0.0,0.0,0.0,2002,radio,0.5
1,4,lr5e-05_bs32_modL1_fusion32_fusionL1_drop0p2_trmiss50_trlocradio,32,5e-05,1,32,1,0.2,lr5e-05_bs32_modL1_fusion32_fusionL1_drop0p2_trmiss50_trlocradio,35,0.6063900391260783,0.7368086874485016,0.47844827586206895,0.7064687502225634,0.4888888888888889,0.0,0.0,0.0,0.0,0.0,0.0,0.0,0.0,0.0,2002,radio,0.5
1,4,lr5e-05_bs32_modL1_fusion32_fusionL1_drop0p2_trmiss50_trlocradio,32,5e-05,1,32,1,0.2,lr5e-05_bs32_modL1_fusion32_fusionL1_drop0p2_trmiss50_trlocradio,36,0.585266629854838,0.7380459904670715,0.4870689655172414,0.7174873297889703,0.4888888888888889,0.0,0.0,0.0,0.0,0.0,0.0,0.0,0.0,0.0,2002,radio,0.5
1,4,lr5e-05_bs32_modL1_fusion32_fusionL1_drop0p2_trmiss50_trlocradio,32,5e-05,1,32,1,0.2,lr5e-05_bs32_modL1_fusion32_fusionL1_drop0p2_trmiss50_trlocradio,37,0.5915899475415548,0.7412514984607697,0.48060344827586204,0.7123038525137956,0.4666666666666667,0.0,0.0,0.0,0.0,0.0,0.0,0.0,0.0,0.0,2002,radio,0.5
1,4,lr5e-05_bs32_modL1_fusion32_fusionL1_drop0p2_trmiss50_trlocradio,32,5e-05,1,32,1,0.2,lr5e-05_bs32_modL1_fusion32_fusionL1_drop0p2_trmiss50_trlocradio,38,0.5877222617467245,0.7382108867168427,0.4913793103448275,0.7215530481540449,0.4666666666666667,0.0,0.0,0.0,0.0,0.0,0.0,0.0,0.0,0.0,2002,radio,0.5
1,4,lr5e-05_bs32_modL1_fusion32_fusionL1_drop0p2_trmiss50_trlocradio,32,5e-05,1,32,1,0.2,lr5e-05_bs32_modL1_fusion32_fusionL1_drop0p2_trmiss50_trlocradio,39,0.58554407954216,0.7346344888210297,0.4913793103448276,0.7203600562144565,0.4666666666666667,0.0,0.0,0.0,0.0,0.0,0.0,0.0,0.0,0.0,2002,radio,0.5
1,4,lr5e-05_bs32_modL1_fusion32_fusionL1_drop0p2_trmiss50_trlocradio,32,5e-05,1,32,1,0.2,lr5e-05_bs32_modL1_fusion32_fusionL1_drop0p2_trmiss50_trlocradio,40,0.5884649058183035,0.7355587482452393,0.4913793103448275,0.7196300310467747,0.4666666666666667,0.0,0.0,0.0,0.0,0.0,0.0,0.0,0.0,0.0,2002,radio,0.5
1,4,lr5e-05_bs32_modL1_fusion32_fusionL1_drop0p2_trmiss50_trlocradio,32,5e-05,1,32,1,0.2,lr5e-05_bs32_modL1_fusion32_fusionL1_drop0p2_trmiss50_trlocradio,41,0.5881685515244802,0.7345280349254608,0.4870689655172414,0.7177346643649267,0.4888888888888889,0.0,0.0,0.0,0.0,0.0,0.0,0.0,0.0,0.0,2002,radio,0.5
1,4,lr5e-05_bs32_modL1_fusion32_fusionL1_drop0p2_trmiss50_trlocradio,32,5e-05,1,32,1,0.2,lr5e-05_bs32_modL1_fusion32_fusionL1_drop0p2_trmiss50_trlocradio,42,0.5914909938971201,0.7327414453029633,0.4849137931034483,0.716371665794282,0.4888888888888889,0.0,0.0,0.0,0.0,0.0,0.0,0.0,0.0,0.0,2002,radio,0.5
1,4,lr5e-05_bs32_modL1_fusion32_fusionL1_drop0p2_trmiss50_trlocradio,32,5e-05,1,32,1,0.2,lr5e-05_bs32_modL1_fusion32_fusionL1_drop0p2_trmiss50_trlocradio,43,0.5916847983996073,0.7286217510700226,0.48491379310344823,0.7190217389031925,0.5111111111111111,0.0,0.0,0.0,0.0,0.0,0.0,0.0,0.0,0.0,2002,radio,0.5
1,4,lr5e-05_bs32_modL1_fusion32_fusionL1_drop0p2_trmiss50_trlocradio,32,5e-05,1,32,1,0.2,lr5e-05_bs32_modL1_fusion32_fusionL1_drop0p2_trmiss50_trlocradio,44,0.5904279251893362,0.730069488286972,0.4870689655172413,0.7200515162552781,0.4888888888888889,0.0,0.0,0.0,0.0,0.0,0.0,0.0,0.0,0.0,2002,radio,0.5
1,4,lr5e-05_bs32_modL1_fusion32_fusionL1_drop0p2_trmiss50_trlocradio,32,5e-05,1,32,1,0.2,lr5e-05_bs32_modL1_fusion32_fusionL1_drop0p2_trmiss50_trlocradio,45,0.5990044176578522,0.7297303974628448,0.48060344827586204,0.723840644724736,0.4666666666666667,0.0,0.0,0.0,0.0,0.0,0.0,0.0,0.0,0.0,2002,radio,0.5
1,4,lr5e-05_bs32_modL1_fusion32_fusionL1_drop0p2_trmiss50_trlocradio,32,5e-05,1,32,1,0.2,lr5e-05_bs32_modL1_fusion32_fusionL1_drop0p2_trmiss50_trlocradio,46,0.5719647804896036,0.7301196157932281,0.49137931034482757,0.7207450853747532,0.4888888888888889,0.0,0.0,0.0,0.0,0.0,0.0,0.0,0.0,0.0,2002,radio,0.5
1,4,lr5e-05_bs32_modL1_fusion32_fusionL1_drop0p2_trmiss50_trlocradio,32,5e-05,1,32,1,0.2,lr5e-05_bs32_modL1_fusion32_fusionL1_drop0p2_trmiss50_trlocradio,47,0.5835194885730743,0.7356399893760681,0.49137931034482757,0.7179104149603688,0.4666666666666667,0.0,0.0,0.0,0.0,0.0,0.0,0.0,0.0,0.0,2002,radio,0.5
1,4,lr5e-05_bs32_modL1_fusion32_fusionL1_drop0p2_trmiss50_trlocradio,32,5e-05,1,32,1,0.2,lr5e-05_bs32_modL1_fusion32_fusionL1_drop0p2_trmiss50_trlocradio,48,0.5777462522188822,0.7345228493213654,0.4892241379310345,0.7177693620403238,0.4888888888888889,0.0,0.0,0.0,0.0,0.0,0.0,0.0,0.0,0.0,2002,radio,0.5
1,4,lr5e-05_bs32_modL1_fusion32_fusionL1_drop0p2_trmiss50_trlocradio,32,5e-05,1,32,1,0.2,lr5e-05_bs32_modL1_fusion32_fusionL1_drop0p2_trmiss50_trlocradio,49,0.5841845373312632,0.7341204285621643,0.49353448275862066,0.7208855128985479,0.4888888888888889,0.0,0.0,0.0,0.0,0.0,0.0,0.0,0.0,0.0,2002,radio,0.5
1,4,lr5e-05_bs32_modL1_fusion32_fusionL1_drop0p2_trmiss50_trlocradio,32,5e-05,1,32,1,0.2,lr5e-05_bs32_modL1_fusion32_fusionL1_drop0p2_trmiss50_trlocradio,50,0.5869957208633423,0.7326187491416931,0.4806034482758621,0.717107457463049,0.4666666666666667,0.0,0.0,0.0,0.0,0.0,0.0,0.0,0.0,0.0,2002,radio,0.5
1,4,lr5e-05_bs32_modL1_fusion32_fusionL1_drop0p2_trmiss50_trlocradio,32,5e-05,1,32,1,0.2,lr5e-05_bs32_modL1_fusion32_fusionL1_drop0p2_trmiss50_trlocradio,51,0.5943586726983389,0.7348361313343048,0.48275862068965514,0.716534646887703,0.4666666666666667,0.0,0.0,0.0,0.0,0.0,0.0,0.0,0.0,0.0,2002,radio,0.5
1,4,lr5e-05_bs32_modL1_fusion32_fusionL1_drop0p2_trmiss50_trlocradio,32,5e-05,1,32,1,0.2,lr5e-05_bs32_modL1_fusion32_fusionL1_drop0p2_trmiss50_trlocradio,52,0.5795075198014578,0.7343769073486328,0.49353448275862066,0.7217254775316159,0.4888888888888889,0.0,0.0,0.0,0.0,0.0,0.0,0.0,0.0,0.0,2002,radio,0.5
1,4,lr5e-05_bs32_modL1_fusion32_fusionL1_drop0p1_trmiss50_trlocradio,32,5e-05,1,32,1,0.1,lr5e-05_bs32_modL1_fusion32_fusionL1_drop0p1_trmiss50_trlocradio,1,0.7158432503541311,0.6800472140312195,0.6788793103448276,0.80285045792422,0.5111111111111111,0.0,0.0,0.0,0.0,0.0,0.0,0.0,0.0,0.0,2002,radio,0.5
1,4,lr5e-05_bs32_modL1_fusion32_fusionL1_drop0p1_trmiss50_trlocradio,32,5e-05,1,32,1,0.1,lr5e-05_bs32_modL1_fusion32_fusionL1_drop0p1_trmiss50_trlocradio,2,0.6883509357770284,0.6745312213897705,0.6767241379310345,0.7705385258494362,0.6222222222222222,0.0,0.0,0.0,0.0,0.0,0.0,0.0,0.0,0.0,2002,radio,0.5
1,4,lr5e-05_bs32_modL1_fusion32_fusionL1_drop0p1_trmiss50_trlocradio,32,5e-05,1,32,1,0.1,lr5e-05_bs32_modL1_fusion32_fusionL1_drop0p1_trmiss50_trlocradio,3,0.645308385292689,0.668350875377655,0.6831896551724138,0.749624441595969,0.6444444444444445,0.0,0.0,0.0,0.0,0.0,0.0,0.0,0.0,0.0,2002,radio,0.5
1,4,lr5e-05_bs32_modL1_fusion32_fusionL1_drop0p1_trmiss50_trlocradio,32,5e-05,1,32,1,0.1,lr5e-05_bs32_modL1_fusion32_fusionL1_drop0p1_trmiss50_trlocradio,4,0.6517580449581146,0.6635453701019287,0.6918103448275862,0.754033119944798,0.6888888888888889,0.0,0.0,0.0,0.0,0.0,0.0,0.0,0.0,0.0,2002,radio,0.5
1,4,lr5e-05_bs32_modL1_fusion32_fusionL1_drop0p1_trmiss50_trlocradio,32,5e-05,1,32,1,0.1,lr5e-05_bs32_modL1_fusion32_fusionL1_drop0p1_trmiss50_trlocradio,5,0.6132102012634277,0.6577094197273254,0.7004310344827587,0.7589839849603437,0.6888888888888889,0.0,0.0,0.0,0.0,0.0,0.0,0.0,0.0,0.0,2002,radio,0.5
1,4,lr5e-05_bs32_modL1_fusion32_fusionL1_drop0p1_trmiss50_trlocradio,32,5e-05,1,32,1,0.1,lr5e-05_bs32_modL1_fusion32_fusionL1_drop0p1_trmiss50_trlocradio,6,0.6238713065783182,0.6528248190879822,0.7025862068965517,0.7597696995301144,0.6888888888888889,0.0,0.0,0.0,0.0,0.0,0.0,0.0,0.0,0.0,2002,radio,0.5
1,4,lr5e-05_bs32_modL1_fusion32_fusionL1_drop0p1_trmiss50_trlocradio,32,5e-05,1,32,1,0.1,lr5e-05_bs32_modL1_fusion32_fusionL1_drop0p1_trmiss50_trlocradio,7,0.5867734452088674,0.6513048410415649,0.7068965517241379,0.7826609681862287,0.6888888888888889,0.0,0.0,0.0,0.0,0.0,0.0,0.0,0.0,0.0,2002,radio,0.5
1,4,lr5e-05_bs32_modL1_fusion32_fusionL1_drop0p1_trmiss50_trlocradio,32,5e-05,1,32,1,0.1,lr5e-05_bs32_modL1_fusion32_fusionL1_drop0p1_trmiss50_trlocradio,8,0.5866535504659017,0.6526358723640442,0.7112068965517242,0.7834108143593239,0.6888888888888889,0.0,0.0,0.0,0.0,0.0,0.0,0.0,0.0,0.0,2002,radio,0.5
1,4,lr5e-05_bs32_modL1_fusion32_fusionL1_drop0p1_trmiss50_trlocradio,32,5e-05,1,32,1,0.1,lr5e-05_bs32_modL1_fusion32_fusionL1_drop0p1_trmiss50_trlocradio,9,0.5785500506560007,0.6500589847564697,0.7068965517241379,0.7763753504706985,0.6666666666666666,0.0,0.0,0.0,0.0,0.0,0.0,0.0,0.0,0.0,2002,radio,0.5
1,4,lr5e-05_bs32_modL1_fusion32_fusionL1_drop0p1_trmiss50_trlocradio,32,5e-05,1,32,1,0.1,lr5e-05_bs32_modL1_fusion32_fusionL1_drop0p1_trmiss50_trlocradio,10,0.5672754844029745,0.6507782638072968,0.6961206896551724,0.7665338188290824,0.6888888888888889,0.0,0.0,0.0,0.0,0.0,0.0,0.0,0.0,0.0,2002,radio,0.5
1,4,lr5e-05_bs32_modL1_fusion32_fusionL1_drop0p1_trmiss50_trlocradio,32,5e-05,1,32,1,0.1,lr5e-05_bs32_modL1_fusion32_fusionL1_drop0p1_trmiss50_trlocradio,11,0.5569008787473043,0.6528827846050262,0.7047413793103449,0.7559574075273443,0.7111111111111111,0.0,0.0,0.0,0.0,0.0,0.0,0.0,0.0,0.0,2002,radio,0.5
1,4,lr5e-05_bs32_modL1_fusion32_fusionL1_drop0p1_trmiss50_trlocradio,32,5e-05,1,32,1,0.1,lr5e-05_bs32_modL1_fusion32_fusionL1_drop0p1_trmiss50_trlocradio,12,0.5451879998048147,0.6543043553829193,0.7047413793103449,0.7549039655529555,0.7333333333333333,0.0,0.0,0.0,0.0,0.0,0.0,0.0,0.0,0.0,2002,radio,0.5
1,4,lr5e-05_bs32_modL1_fusion32_fusionL1_drop0p1_trmiss50_trlocradio,32,5e-05,1,32,1,0.1,lr5e-05_bs32_modL1_fusion32_fusionL1_drop0p1_trmiss50_trlocradio,13,0.5313357412815094,0.6569253504276276,0.7155172413793103,0.7808242096435969,0.6888888888888889,0.0,0.0,0.0,0.0,0.0,0.0,0.0,0.0,0.0,2002,radio,0.5
1,4,lr5e-05_bs32_modL1_fusion32_fusionL1_drop0p1_trmiss50_trlocradio,32,5e-05,1,32,1,0.1,lr5e-05_bs32_modL1_fusion32_fusionL1_drop0p1_trmiss50_trlocradio,14,0.5138210852940878,0.6562305688858032,0.7262931034482758,0.7866467322373885,0.6888888888888889,0.0,0.0,0.0,0.0,0.0,0.0,0.0,0.0,0.0,2002,radio,0.5
1,4,lr5e-05_bs32_modL1_fusion32_fusionL1_drop0p1_trmiss50_trlocradio,32,5e-05,1,32,1,0.1,lr5e-05_bs32_modL1_fusion32_fusionL1_drop0p1_trmiss50_trlocradio,15,0.5108978897333145,0.6576170921325684,0.7155172413793103,0.7628856701431095,0.6666666666666666,0.0,0.0,0.0,0.0,0.0,0.0,0.0,0.0,0.0,2002,radio,0.5
1,4,lr5e-05_bs32_modL1_fusion32_fusionL1_drop0p1_trmiss50_trlocradio,32,5e-05,1,32,1,0.1,lr5e-05_bs32_modL1_fusion32_fusionL1_drop0p1_trmiss50_trlocradio,16,0.5151385565598806,0.6532422602176666,0.7133620689655172,0.7781893209996735,0.6888888888888889,0.0,0.0,0.0,0.0,0.0,0.0,0.0,0.0,0.0,2002,radio,0.5
1,4,lr5e-05_bs32_modL1_fusion32_fusionL1_drop0p1_trmiss50_trlocradio,32,5e-05,1,32,1,0.1,lr5e-05_bs32_modL1_fusion32_fusionL1_drop0p1_trmiss50_trlocradio,17,0.5036386102437973,0.6546252071857452,0.7219827586206897,0.7820153909969683,0.6888888888888889,0.0,0.0,0.0,0.0,0.0,0.0,0.0,0.0,0.0,2002,radio,0.5
1,4,lr5e-05_bs32_modL1_fusion32_fusionL1_drop0p1_trmiss50_trlocradio,32,5e-05,1,32,1,0.1,lr5e-05_bs32_modL1_fusion32_fusionL1_drop0p1_trmiss50_trlocradio,18,0.5071249753236771,0.6581291854381561,0.709051724137931,0.7757057211565637,0.6888888888888889,0.0,0.0,0.0,0.0,0.0,0.0,0.0,0.0,0.0,2002,radio,0.5
1,4,lr5e-05_bs32_modL1_fusion32_fusionL1_drop0p1_trmiss50_trlocradio,32,5e-05,1,32,1,0.1,lr5e-05_bs32_modL1_fusion32_fusionL1_drop0p1_trmiss50_trlocradio,19,0.48247991502285004,0.6549447476863861,0.7176724137931034,0.7827061102040549,0.6666666666666666,0.0,0.0,0.0,0.0,0.0,0.0,0.0,0.0,0.0,2002,radio,0.5
1,4,lr5e-05_bs32_modL1_fusion32_fusionL1_drop0p1_trmiss50_trlocradio,32,5e-05,1,32,1,0.1,lr5e-05_bs32_modL1_fusion32_fusionL1_drop0p1_trmiss50_trlocradio,20,0.49360209703445435,0.6573409140110016,0.7004310344827587,0.7548081517050456,0.6888888888888889,0.0,0.0,0.0,0.0,0.0,0.0,0.0,0.0,0.0,2002,radio,0.5
1,4,lr5e-05_bs32_modL1_fusion32_fusionL1_drop0p1_trmiss50_trlocradio,32,5e-05,1,32,1,0.1,lr5e-05_bs32_modL1_fusion32_fusionL1_drop0p1_trmiss50_trlocradio,21,0.4899260600407918,0.6580449342727661,0.6961206896551724,0.7517228522495101,0.7111111111111111,0.0,0.0,0.0,0.0,0.0,0.0,0.0,0.0,0.0,2002,radio,0.5
1,4,lr5e-05_bs32_modL1_fusion32_fusionL1_drop0p1_trmiss50_trlocradio,32,5e-05,1,32,1,0.1,lr5e-05_bs32_modL1_fusion32_fusionL1_drop0p1_trmiss50_trlocradio,22,0.48393483459949493,0.6597207188606262,0.6982758620689655,0.7499178312974838,0.6888888888888889,0.0,0.0,0.0,0.0,0.0,0.0,0.0,0.0,0.0,2002,radio,0.5
1,4,lr5e-05_bs32_modL1_fusion32_fusionL1_drop0p1_trmiss50_trlocradio,32,5e-05,1,32,1,0.1,lr5e-05_bs32_modL1_fusion32_fusionL1_drop0p1_trmiss50_trlocradio,23,0.47595783074696857,0.6570022404193878,0.7047413793103448,0.7583995794344043,0.6888888888888889,0.0,0.0,0.0,0.0,0.0,0.0,0.0,0.0,0.0,2002,radio,0.5
1,4,lr5e-05_bs32_modL1_fusion32_fusionL1_drop0p1_trmiss50_trlocradio,32,5e-05,1,32,1,0.1,lr5e-05_bs32_modL1_fusion32_fusionL1_drop0p1_trmiss50_trlocradio,24,0.4717521568139394,0.6591793894767761,0.6961206896551725,0.7537703006671945,0.6666666666666666,0.0,0.0,0.0,0.0,0.0,0.0,0.0,0.0,0.0,2002,radio,0.5
1,4,lr5e-05_bs32_modL1_fusion32_fusionL1_drop0p1_trmiss50_trlocradio,32,5e-05,1,32,1,0.1,lr5e-05_bs32_modL1_fusion32_fusionL1_drop0p1_trmiss50_trlocradio,25,0.47537485758463544,0.6553933918476105,0.6982758620689655,0.7667112439886371,0.6666666666666666,0.0,0.0,0.0,0.0,0.0,0.0,0.0,0.0,0.0,2002,radio,0.5
1,4,lr5e-05_bs32_modL1_fusion32_fusionL1_drop0p1_trmiss50_trlocradio,32,5e-05,1,32,1,0.1,lr5e-05_bs32_modL1_fusion32_fusionL1_drop0p1_trmiss50_trlocradio,26,0.4753825714190801,0.6565566658973694,0.6939655172413793,0.7507961246252419,0.6666666666666666,0.0,0.0,0.0,0.0,0.0,0.0,0.0,0.0,0.0,2002,radio,0.5
1,4,lr5e-05_bs32_modL1_fusion32_fusionL1_drop0p1_trmiss50_trlocradio,32,5e-05,1,32,1,0.1,lr5e-05_bs32_modL1_fusion32_fusionL1_drop0p1_trmiss50_trlocradio,27,0.4726723184188207,0.6547311246395111,0.6961206896551725,0.7527535013745332,0.6666666666666666,0.0,0.0,0.0,0.0,0.0,0.0,0.0,0.0,0.0,2002,radio,0.5
1,4,lr5e-05_bs32_modL1_fusion32_fusionL1_drop0p1_trmiss50_trlocradio,32,5e-05,1,32,1,0.1,lr5e-05_bs32_modL1_fusion32_fusionL1_drop0p1_trmiss50_trlocradio,28,0.47263626754283905,0.6562890112400055,0.6831896551724138,0.7387039235993182,0.6666666666666666,0.0,0.0,0.0,0.0,0.0,0.0,0.0,0.0,0.0,2002,radio,0.5
1,4,lr5e-05_bs32_modL1_fusion32_fusionL1_drop0p1_trmiss50_trlocradio,32,5e-05,1,32,1,0.1,lr5e-05_bs32_modL1_fusion32_fusionL1_drop0p1_trmiss50_trlocradio,29,0.473795548081398,0.6584329009056091,0.6810344827586207,0.7411404090322364,0.6444444444444445,0.0,0.0,0.0,0.0,0.0,0.0,0.0,0.0,0.0,2002,radio,0.5
1,4,lr5e-05_bs32_modL1_fusion32_fusionL1_drop0p1_trmiss50_trlocradio,32,5e-05,1,32,1,0.1,lr5e-05_bs32_modL1_fusion32_fusionL1_drop0p1_trmiss50_trlocradio,30,0.4692155917485555,0.6580415070056915,0.685344827586207,0.7469167146328939,0.6222222222222222,0.0,0.0,0.0,0.0,0.0,0.0,0.0,0.0,0.0,2002,radio,0.5
1,4,lr5e-05_bs32_modL1_fusion32_fusionL1_drop0p1_trmiss50_trlocradio,32,5e-05,1,32,1,0.1,lr5e-05_bs32_modL1_fusion32_fusionL1_drop0p1_trmiss50_trlocradio,31,0.46970884998639423,0.6576158106327057,0.6788793103448276,0.7459116569384958,0.6444444444444445,0.0,0.0,0.0,0.0,0.0,0.0,0.0,0.0,0.0,2002,radio,0.5
1,4,lr5e-05_bs32_modL1_fusion32_fusionL1_drop0p1_trmiss50_trlocradio,32,5e-05,1,32,1,0.1,lr5e-05_bs32_modL1_fusion32_fusionL1_drop0p1_trmiss50_trlocradio,32,0.4606262097756068,0.6599913239479065,0.685344827586207,0.7488499038587959,0.6222222222222222,0.0,0.0,0.0,0.0,0.0,0.0,0.0,0.0,0.0,2002,radio,0.5
1,4,lr5e-05_bs32_modL1_fusion32_fusionL1_drop0p1_trmiss50_trlocradio,32,5e-05,1,32,1,0.1,lr5e-05_bs32_modL1_fusion32_fusionL1_drop0p1_trmiss50_trlocradio,33,0.4753524611393611,0.6586116552352905,0.6788793103448276,0.7451398659667314,0.6222222222222222,0.0,0.0,0.0,0.0,0.0,0.0,0.0,0.0,0.0,2002,radio,0.5
1,4,lr5e-05_bs32_modL1_fusion32_fusionL1_drop0p1_trmiss50_trlocradio,32,5e-05,1,32,1,0.1,lr5e-05_bs32_modL1_fusion32_fusionL1_drop0p1_trmiss50_trlocradio,34,0.45428236325581867,0.6573791801929474,0.6875,0.7454543575924435,0.6666666666666666,0.0,0.0,0.0,0.0,0.0,0.0,0.0,0.0,0.0,2002,radio,0.5
1,4,lr5e-05_bs32_modL1_fusion64_fusionL1_drop0p2_trmiss50_trlocradio,32,5e-05,1,64,1,0.2,lr5e-05_bs32_modL1_fusion64_fusionL1_drop0p2_trmiss50_trlocradio,1,0.7030776043732961,0.680278480052948,0.5711206896551724,0.7111853283469867,0.6222222222222222,0.0,0.0,0.0,0.0,0.0,0.0,0.0,0.0,0.0,2002,radio,0.5
1,4,lr5e-05_bs32_modL1_fusion64_fusionL1_drop0p2_trmiss50_trlocradio,32,5e-05,1,64,1,0.2,lr5e-05_bs32_modL1_fusion64_fusionL1_drop0p2_trmiss50_trlocradio,2,0.6885873178641001,0.685472846031189,0.5517241379310345,0.700687466800361,0.6,0.0,0.0,0.0,0.0,0.0,0.0,0.0,0.0,0.0,2002,radio,0.5
1,4,lr5e-05_bs32_modL1_fusion64_fusionL1_drop0p2_trmiss50_trlocradio,32,5e-05,1,64,1,0.2,lr5e-05_bs32_modL1_fusion64_fusionL1_drop0p2_trmiss50_trlocradio,3,0.6471565167109171,0.6873123645782471,0.5862068965517241,0.7296346806069214,0.5777777777777777,0.0,0.0,0.0,0.0,0.0,0.0,0.0,0.0,0.0,2002,radio,0.5
1,4,lr5e-05_bs32_modL1_fusion64_fusionL1_drop0p2_trmiss50_trlocradio,32,5e-05,1,64,1,0.2,lr5e-05_bs32_modL1_fusion64_fusionL1_drop0p2_trmiss50_trlocradio,4,0.64238640666008,0.6880910098552704,0.5926724137931034,0.7378599932953837,0.6,0.0,0.0,0.0,0.0,0.0,0.0,0.0,0.0,0.0,2002,radio,0.5
1,4,lr5e-05_bs32_modL1_fusion64_fusionL1_drop0p2_trmiss50_trlocradio,32,5e-05,1,64,1,0.2,lr5e-05_bs32_modL1_fusion64_fusionL1_drop0p2_trmiss50_trlocradio,5,0.6125539243221283,0.6868481934070587,0.5969827586206896,0.7381519446281121,0.6,0.0,0.0,0.0,0.0,0.0,0.0,0.0,0.0,0.0,2002,radio,0.5
1,4,lr5e-05_bs32_modL1_fusion64_fusionL1_drop0p2_trmiss50_trlocradio,32,5e-05,1,64,1,0.2,lr5e-05_bs32_modL1_fusion64_fusionL1_drop0p2_trmiss50_trlocradio,6,0.6073726415634155,0.6838551759719849,0.6077586206896551,0.7504712952075877,0.6222222222222222,0.0,0.0,0.0,0.0,0.0,0.0,0.0,0.0,0.0,2002,radio,0.5
1,4,lr5e-05_bs32_modL1_fusion64_fusionL1_drop0p2_trmiss50_trlocradio,32,5e-05,1,64,1,0.2,lr5e-05_bs32_modL1_fusion64_fusionL1_drop0p2_trmiss50_trlocradio,7,0.5853451589743296,0.6857145726680756,0.6077586206896551,0.741457243235812,0.5777777777777777,0.0,0.0,0.0,0.0,0.0,0.0,0.0,0.0,0.0,2002,radio,0.5
1,4,lr5e-05_bs32_modL1_fusion64_fusionL1_drop0p2_trmiss50_trlocradio,32,5e-05,1,64,1,0.2,lr5e-05_bs32_modL1_fusion64_fusionL1_drop0p2_trmiss50_trlocradio,8,0.5985898872216543,0.6854086816310883,0.6056034482758621,0.7425761637945816,0.5555555555555556,0.0,0.0,0.0,0.0,0.0,0.0,0.0,0.0,0.0,2002,radio,0.5
1,4,lr5e-05_bs32_modL1_fusion64_fusionL1_drop0p2_trmiss50_trlocradio,32,5e-05,1,64,1,0.2,lr5e-05_bs32_modL1_fusion64_fusionL1_drop0p2_trmiss50_trlocradio,9,0.5858843227227529,0.6842156648635864,0.6142241379310345,0.7476762790873106,0.5555555555555556,0.0,0.0,0.0,0.0,0.0,0.0,0.0,0.0,0.0,2002,radio,0.5
1,4,lr5e-05_bs32_modL1_fusion64_fusionL1_drop0p2_trmiss50_trlocradio,32,5e-05,1,64,1,0.2,lr5e-05_bs32_modL1_fusion64_fusionL1_drop0p2_trmiss50_trlocradio,10,0.5830802321434021,0.6791974604129791,0.625,0.7708706397766004,0.6222222222222222,0.0,0.0,0.0,0.0,0.0,0.0,0.0,0.0,0.0,2002,radio,0.5
1,4,lr5e-05_bs32_modL1_fusion64_fusionL1_drop0p2_trmiss50_trlocradio,32,5e-05,1,64,1,0.2,lr5e-05_bs32_modL1_fusion64_fusionL1_drop0p2_trmiss50_trlocradio,11,0.5796612898508707,0.6787237226963043,0.6336206896551724,0.7703752993702476,0.6222222222222222,0.0,0.0,0.0,0.0,0.0,0.0,0.0,0.0,0.0,2002,radio,0.5
1,4,lr5e-05_bs32_modL1_fusion64_fusionL1_drop0p2_trmiss50_trlocradio,32,5e-05,1,64,1,0.2,lr5e-05_bs32_modL1_fusion64_fusionL1_drop0p2_trmiss50_trlocradio,12,0.5601472357908884,0.6768450736999512,0.6443965517241379,0.774028007165433,0.6222222222222222,0.0,0.0,0.0,0.0,0.0,0.0,0.0,0.0,0.0,2002,radio,0.5
1,4,lr5e-05_bs32_modL1_fusion64_fusionL1_drop0p2_trmiss50_trlocradio,32,5e-05,1,64,1,0.2,lr5e-05_bs32_modL1_fusion64_fusionL1_drop0p2_trmiss50_trlocradio,13,0.5631239116191864,0.6760371923446655,0.6422413793103448,0.7708654222741637,0.6,0.0,0.0,0.0,0.0,0.0,0.0,0.0,0.0,0.0,2002,radio,0.5
1,4,lr5e-05_bs32_modL1_fusion64_fusionL1_drop0p2_trmiss50_trlocradio,32,5e-05,1,64,1,0.2,lr5e-05_bs32_modL1_fusion64_fusionL1_drop0p2_trmiss50_trlocradio,14,0.5558395981788635,0.6800168752670288,0.625,0.7634463698640291,0.6,0.0,0.0,0.0,0.0,0.0,0.0,0.0,0.0,0.0,2002,radio,0.5
1,4,lr5e-05_bs32_modL1_fusion64_fusionL1_drop0p2_trmiss50_trlocradio,32,5e-05,1,64,1,0.2,lr5e-05_bs32_modL1_fusion64_fusionL1_drop0p2_trmiss50_trlocradio,15,0.5443297823270162,0.679826557636261,0.6314655172413793,0.7697456345418,0.6222222222222222,0.0,0.0,0.0,0.0,0.0,0.0,0.0,0.0,0.0,2002,radio,0.5
1,4,lr5e-05_bs32_modL1_fusion64_fusionL1_drop0p2_trmiss50_trlocradio,32,5e-05,1,64,1,0.2,lr5e-05_bs32_modL1_fusion64_fusionL1_drop0p2_trmiss50_trlocradio,16,0.5604472756385803,0.679320216178894,0.625,0.7603599154119206,0.6222222222222222,0.0,0.0,0.0,0.0,0.0,0.0,0.0,0.0,0.0,2002,radio,0.5
1,4,lr5e-05_bs32_modL1_fusion64_fusionL1_drop0p2_trmiss50_trlocradio,32,5e-05,1,64,1,0.2,lr5e-05_bs32_modL1_fusion64_fusionL1_drop0p2_trmiss50_trlocradio,17,0.5494541923205057,0.6786999404430389,0.6163793103448276,0.7612961656182727,0.6222222222222222,0.0,0.0,0.0,0.0,0.0,0.0,0.0,0.0,0.0,2002,radio,0.5
1,4,lr5e-05_bs32_modL1_fusion64_fusionL1_drop0p2_trmiss50_trlocradio,32,5e-05,1,64,1,0.2,lr5e-05_bs32_modL1_fusion64_fusionL1_drop0p2_trmiss50_trlocradio,18,0.5485924184322357,0.679410457611084,0.6206896551724138,0.7584897821062742,0.6222222222222222,0.0,0.0,0.0,0.0,0.0,0.0,0.0,0.0,0.0,2002,radio,0.5
1,4,lr5e-05_bs32_modL1_fusion64_fusionL1_drop0p2_trmiss50_trlocradio,32,5e-05,1,64,1,0.2,lr5e-05_bs32_modL1_fusion64_fusionL1_drop0p2_trmiss50_trlocradio,19,0.5327310164769491,0.674986720085144,0.6250000000000001,0.7636400915669285,0.6222222222222222,0.0,0.0,0.0,0.0,0.0,0.0,0.0,0.0,0.0,2002,radio,0.5
1,4,lr5e-05_bs32_modL1_fusion64_fusionL1_drop0p2_trmiss50_trlocradio,32,5e-05,1,64,1,0.2,lr5e-05_bs32_modL1_fusion64_fusionL1_drop0p2_trmiss50_trlocradio,20,0.5343851546446482,0.6776121854782104,0.625,0.7639960247930443,0.6222222222222222,0.0,0.0,0.0,0.0,0.0,0.0,0.0,0.0,0.0,2002,radio,0.5
1,4,lr5e-05_bs32_modL1_fusion64_fusionL1_drop0p2_trmiss50_trlocradio,32,5e-05,1,64,1,0.2,lr5e-05_bs32_modL1_fusion64_fusionL1_drop0p2_trmiss50_trlocradio,21,0.5219025115172068,0.6797377169132233,0.625,0.7568329237071291,0.6444444444444445,0.0,0.0,0.0,0.0,0.0,0.0,0.0,0.0,0.0,2002,radio,0.5
1,4,lr5e-05_bs32_modL1_fusion64_fusionL1_drop0p2_trmiss50_trlocradio,32,5e-05,1,64,1,0.2,lr5e-05_bs32_modL1_fusion64_fusionL1_drop0p2_trmiss50_trlocradio,22,0.5155137926340103,0.675782710313797,0.6260775862068966,0.758265688631406,0.6222222222222222,0.0,0.0,0.0,0.0,0.0,0.0,0.0,0.0,0.0,2002,radio,0.5
1,4,lr5e-05_bs32_modL1_fusion64_fusionL1_drop0p2_trmiss50_trlocradio,32,5e-05,1,64,1,0.2,lr5e-05_bs32_modL1_fusion64_fusionL1_drop0p2_trmiss50_trlocradio,23,0.5195071796576182,0.6750686466693878,0.6271551724137931,0.7650626057842906,0.6,0.0,0.0,0.0,0.0,0.0,0.0,0.0,0.0,0.0,2002,radio,0.5
1,4,lr5e-05_bs32_modL1_fusion64_fusionL1_drop0p2_trmiss50_trlocradio,32,5e-05,1,64,1,0.2,lr5e-05_bs32_modL1_fusion64_fusionL1_drop0p2_trmiss50_trlocradio,24,0.5170847078164419,0.6686175167560577,0.6400862068965517,0.7697368492219111,0.6222222222222222,0.0,0.0,0.0,0.0,0.0,0.0,0.0,0.0,0.0,2002,radio,0.5
1,4,lr5e-05_bs32_modL1_fusion64_fusionL1_drop0p2_trmiss50_trlocradio,32,5e-05,1,64,1,0.2,lr5e-05_bs32_modL1_fusion64_fusionL1_drop0p2_trmiss50_trlocradio,25,0.5130940030018488,0.6706249117851257,0.6400862068965517,0.7759788542141098,0.6,0.0,0.0,0.0,0.0,0.0,0.0,0.0,0.0,0.0,2002,radio,0.5
1,4,lr5e-05_bs32_modL1_fusion64_fusionL1_drop0p2_trmiss50_trlocradio,32,5e-05,1,64,1,0.2,lr5e-05_bs32_modL1_fusion64_fusionL1_drop0p2_trmiss50_trlocradio,26,0.5183286666870117,0.6744704246520996,0.6336206896551725,0.765769614478995,0.6222222222222222,0.0,0.0,0.0,0.0,0.0,0.0,0.0,0.0,0.0,2002,radio,0.5
1,4,lr5e-05_bs32_modL1_fusion64_fusionL1_drop0p2_trmiss50_trlocradio,32,5e-05,1,64,1,0.2,lr5e-05_bs32_modL1_fusion64_fusionL1_drop0p2_trmiss50_trlocradio,27,0.4897964646418889,0.6729696094989777,0.6314655172413793,0.772719256401827,0.6444444444444445,0.0,0.0,0.0,0.0,0.0,0.0,0.0,0.0,0.0,2002,radio,0.5
1,4,lr5e-05_bs32_modL1_fusion64_fusionL1_drop0p2_trmiss50_trlocradio,32,5e-05,1,64,1,0.2,lr5e-05_bs32_modL1_fusion64_fusionL1_drop0p2_trmiss50_trlocradio,28,0.4968889703353246,0.6704803705215454,0.644396551724138,0.7809154071082086,0.6666666666666666,0.0,0.0,0.0,0.0,0.0,0.0,0.0,0.0,0.0,2002,radio,0.5
1,4,lr5e-05_bs32_modL1_fusion64_fusionL1_drop0p2_trmiss50_trlocradio,32,5e-05,1,64,1,0.2,lr5e-05_bs32_modL1_fusion64_fusionL1_drop0p2_trmiss50_trlocradio,29,0.4865427513917287,0.6735646426677704,0.6336206896551724,0.7678402797287166,0.6,0.0,0.0,0.0,0.0,0.0,0.0,0.0,0.0,0.0,2002,radio,0.5
1,4,lr5e-05_bs32_modL1_fusion64_fusionL1_drop0p2_trmiss50_trlocradio,32,5e-05,1,64,1,0.2,lr5e-05_bs32_modL1_fusion64_fusionL1_drop0p2_trmiss50_trlocradio,30,0.504299079378446,0.6761468648910522,0.625,0.7563459258179097,0.6444444444444445,0.0,0.0,0.0,0.0,0.0,0.0,0.0,0.0,0.0,2002,radio,0.5
1,4,lr5e-05_bs32_modL1_fusion64_fusionL1_drop0p2_trmiss50_trlocradio,32,5e-05,1,64,1,0.2,lr5e-05_bs32_modL1_fusion64_fusionL1_drop0p2_trmiss50_trlocradio,31,0.48643065492312115,0.6759347021579742,0.6379310344827586,0.7664922531492925,0.6444444444444445,0.0,0.0,0.0,0.0,0.0,0.0,0.0,0.0,0.0,2002,radio,0.5
1,4,lr5e-05_bs32_modL1_fusion64_fusionL1_drop0p2_trmiss50_trlocradio,32,5e-05,1,64,1,0.2,lr5e-05_bs32_modL1_fusion64_fusionL1_drop0p2_trmiss50_trlocradio,32,0.4750821540753047,0.6765111982822418,0.6314655172413792,0.7591873337865311,0.6444444444444445,0.0,0.0,0.0,0.0,0.0,0.0,0.0,0.0,0.0,2002,radio,0.5
1,4,lr5e-05_bs32_modL1_fusion64_fusionL1_drop0p2_trmiss50_trlocradio,32,5e-05,1,64,1,0.2,lr5e-05_bs32_modL1_fusion64_fusionL1_drop0p2_trmiss50_trlocradio,33,0.485623096426328,0.6773794889450073,0.6293103448275862,0.7581440617651003,0.6222222222222222,0.0,0.0,0.0,0.0,0.0,0.0,0.0,0.0,0.0,2002,radio,0.5
1,4,lr5e-05_bs32_modL1_fusion64_fusionL1_drop0p2_trmiss50_trlocradio,32,5e-05,1,64,1,0.2,lr5e-05_bs32_modL1_fusion64_fusionL1_drop0p2_trmiss50_trlocradio,34,0.4781167854865392,0.6760673522949219,0.6293103448275862,0.757809197849096,0.6666666666666666,0.0,0.0,0.0,0.0,0.0,0.0,0.0,0.0,0.0,2002,radio,0.5
1,4,lr5e-05_bs32_modL1_fusion64_fusionL1_drop0p2_trmiss50_trlocradio,32,5e-05,1,64,1,0.2,lr5e-05_bs32_modL1_fusion64_fusionL1_drop0p2_trmiss50_trlocradio,35,0.4967048913240433,0.672742486000061,0.6400862068965518,0.7640659073765045,0.6666666666666666,0.0,0.0,0.0,0.0,0.0,0.0,0.0,0.0,0.0,2002,radio,0.5
1,4,lr5e-05_bs32_modL1_fusion64_fusionL1_drop0p2_trmiss50_trlocradio,32,5e-05,1,64,1,0.2,lr5e-05_bs32_modL1_fusion64_fusionL1_drop0p2_trmiss50_trlocradio,36,0.4821774462858836,0.6747629940509796,0.6336206896551724,0.759886388902121,0.6666666666666666,0.0,0.0,0.0,0.0,0.0,0.0,0.0,0.0,0.0,2002,radio,0.5
1,4,lr5e-05_bs32_modL1_fusion64_fusionL1_drop0p2_trmiss50_trlocradio,32,5e-05,1,64,1,0.2,lr5e-05_bs32_modL1_fusion64_fusionL1_drop0p2_trmiss50_trlocradio,37,0.477718323469162,0.6778624951839447,0.6314655172413792,0.7589285344959908,0.6888888888888889,0.0,0.0,0.0,0.0,0.0,0.0,0.0,0.0,0.0,2002,radio,0.5
1,4,lr5e-05_bs32_modL1_fusion64_fusionL1_drop0p2_trmiss50_trlocradio,32,5e-05,1,64,1,0.2,lr5e-05_bs32_modL1_fusion64_fusionL1_drop0p2_trmiss50_trlocradio,38,0.4527436097462972,0.6768389046192169,0.6293103448275861,0.7584618027866907,0.6444444444444445,0.0,0.0,0.0,0.0,0.0,0.0,0.0,0.0,0.0,2002,radio,0.5
1,4,lr5e-05_bs32_modL1_fusion64_fusionL1_drop0p2_trmiss50_trlocradio,32,5e-05,1,64,1,0.2,lr5e-05_bs32_modL1_fusion64_fusionL1_drop0p2_trmiss50_trlocradio,39,0.4598998775084813,0.6774682998657227,0.625,0.7566553495990589,0.6444444444444445,0.0,0.0,0.0,0.0,0.0,0.0,0.0,0.0,0.0,2002,radio,0.5
1,4,lr5e-05_bs32_modL1_fusion64_fusionL1_drop0p2_trmiss50_trlocradio,32,5e-05,1,64,1,0.2,lr5e-05_bs32_modL1_fusion64_fusionL1_drop0p2_trmiss50_trlocradio,40,0.4641052335500717,0.6769481301307678,0.6293103448275863,0.7602980135611955,0.6666666666666666,0.0,0.0,0.0,0.0,0.0,0.0,0.0,0.0,0.0,2002,radio,0.5
1,4,lr5e-05_bs32_modL1_fusion64_fusionL1_drop0p2_trmiss50_trlocradio,32,5e-05,1,64,1,0.2,lr5e-05_bs32_modL1_fusion64_fusionL1_drop0p2_trmiss50_trlocradio,41,0.4785057802995046,0.6742389798164368,0.6336206896551725,0.7614090471132454,0.6444444444444445,0.0,0.0,0.0,0.0,0.0,0.0,0.0,0.0,0.0,2002,radio,0.5
1,4,lr5e-05_bs32_modL1_fusion64_fusionL1_drop0p2_trmiss50_trlocradio,32,5e-05,1,64,1,0.2,lr5e-05_bs32_modL1_fusion64_fusionL1_drop0p2_trmiss50_trlocradio,42,0.457982877890269,0.6736606955528259,0.6357758620689655,0.7616447333035152,0.6666666666666666,0.0,0.0,0.0,0.0,0.0,0.0,0.0,0.0,0.0,2002,radio,0.5
1,4,lr5e-05_bs32_modL1_fusion64_fusionL1_drop0p2_trmiss50_trlocradio,32,5e-05,1,64,1,0.2,lr5e-05_bs32_modL1_fusion64_fusionL1_drop0p2_trmiss50_trlocradio,43,0.46817684173583984,0.6746444404125214,0.6379310344827587,0.7629042951602175,0.6888888888888889,0.0,0.0,0.0,0.0,0.0,0.0,0.0,0.0,0.0,2002,radio,0.5
1,4,lr5e-05_bs32_modL1_fusion64_fusionL1_drop0p2_trmiss50_trlocradio,32,5e-05,1,64,1,0.2,lr5e-05_bs32_modL1_fusion64_fusionL1_drop0p2_trmiss50_trlocradio,44,0.4734308024247487,0.677889347076416,0.6379310344827587,0.7629042951602175,0.6888888888888889,0.0,0.0,0.0,0.0,0.0,0.0,0.0,0.0,0.0,2002,radio,0.5
1,4,lr5e-05_bs32_modL1_fusion64_fusionL1_drop0p2_trmiss50_trlocradio,32,5e-05,1,64,1,0.2,lr5e-05_bs32_modL1_fusion64_fusionL1_drop0p2_trmiss50_trlocradio,45,0.4694089740514755,0.6768566071987152,0.6357758620689655,0.7620044701224615,0.6666666666666666,0.0,0.0,0.0,0.0,0.0,0.0,0.0,0.0,0.0,2002,radio,0.5
1,4,lr5e-05_bs32_modL1_fusion64_fusionL1_drop0p2_trmiss50_trlocradio,32,5e-05,1,64,1,0.2,lr5e-05_bs32_modL1_fusion64_fusionL1_drop0p2_trmiss50_trlocradio,46,0.4701979458332062,0.6750005185604095,0.6465517241379309,0.7684401958291088,0.6888888888888889,0.0,0.0,0.0,0.0,0.0,0.0,0.0,0.0,0.0,2002,radio,0.5
1,4,lr5e-05_bs32_modL1_fusion64_fusionL1_drop0p2_trmiss50_trlocradio,32,5e-05,1,64,1,0.2,lr5e-05_bs32_modL1_fusion64_fusionL1_drop0p2_trmiss50_trlocradio,47,0.4874803175528844,0.6795035898685455,0.6400862068965516,0.764794095715454,0.6666666666666666,0.0,0.0,0.0,0.0,0.0,0.0,0.0,0.0,0.0,2002,radio,0.5
1,4,lr5e-05_bs32_modL1_fusion64_fusionL1_drop0p2_trmiss50_trlocradio,32,5e-05,1,64,1,0.2,lr5e-05_bs32_modL1_fusion64_fusionL1_drop0p2_trmiss50_trlocradio,48,0.48056293030579883,0.6767394542694092,0.646551724137931,0.7688705945795968,0.6888888888888889,0.0,0.0,0.0,0.0,0.0,0.0,0.0,0.0,0.0,2002,radio,0.5
1,4,lr5e-05_bs32_modL1_fusion64_fusionL1_drop0p2_trmiss50_trlocradio,32,5e-05,1,64,1,0.2,lr5e-05_bs32_modL1_fusion64_fusionL1_drop0p2_trmiss50_trlocradio,49,0.4650409420331319,0.6762569546699524,0.6314655172413792,0.7596425770457331,0.6666666666666666,0.0,0.0,0.0,0.0,0.0,0.0,0.0,0.0,0.0,2002,radio,0.5
1,4,lr5e-05_bs32_modL1_fusion64_fusionL1_drop0p2_trmiss50_trlocradio,32,5e-05,1,64,1,0.2,lr5e-05_bs32_modL1_fusion64_fusionL1_drop0p2_trmiss50_trlocradio,50,0.4598519404729207,0.6769502758979797,0.6357758620689655,0.7621472700410701,0.6444444444444445,0.0,0.0,0.0,0.0,0.0,0.0,0.0,0.0,0.0,2002,radio,0.5
1,4,lr5e-05_bs32_modL1_fusion64_fusionL1_drop0p2_trmiss50_trlocradio,32,5e-05,1,64,1,0.2,lr5e-05_bs32_modL1_fusion64_fusionL1_drop0p2_trmiss50_trlocradio,51,0.4865842213233312,0.6793288588523865,0.6336206896551724,0.7598825856568852,0.6666666666666666,0.0,0.0,0.0,0.0,0.0,0.0,0.0,0.0,0.0,2002,radio,0.5
1,4,lr5e-05_bs32_modL1_fusion64_fusionL1_drop0p2_trmiss50_trlocradio,32,5e-05,1,64,1,0.2,lr5e-05_bs32_modL1_fusion64_fusionL1_drop0p2_trmiss50_trlocradio,52,0.4666363298892975,0.6803661286830902,0.627155172413793,0.7583025465048765,0.6666666666666666,0.0,0.0,0.0,0.0,0.0,0.0,0.0,0.0,0.0,2002,radio,0.5
1,4,lr5e-05_bs32_modL1_fusion64_fusionL1_drop0p2_trmiss50_trlocradio,32,5e-05,1,64,1,0.2,lr5e-05_bs32_modL1_fusion64_fusionL1_drop0p2_trmiss50_trlocradio,53,0.45764291783173877,0.6800039708614349,0.6228448275862069,0.7551662053401705,0.6666666666666666,0.0,0.0,0.0,0.0,0.0,0.0,0.0,0.0,0.0,2002,radio,0.5
1,4,lr5e-05_bs32_modL1_fusion64_fusionL1_drop0p2_trmiss50_trlocradio,32,5e-05,1,64,1,0.2,lr5e-05_bs32_modL1_fusion64_fusionL1_drop0p2_trmiss50_trlocradio,54,0.4561375280221303,0.6784140169620514,0.6206896551724137,0.7543523583802789,0.6666666666666666,0.0,0.0,0.0,0.0,0.0,0.0,0.0,0.0,0.0,2002,radio,0.5
1,4,lr5e-05_bs32_modL1_fusion64_fusionL1_drop0p2_trmiss50_trlocradio,32,5e-05,1,64,1,0.2,lr5e-05_bs32_modL1_fusion64_fusionL1_drop0p2_trmiss50_trlocradio,55,0.4579552908738454,0.6755317151546478,0.6336206896551724,0.7604299661764506,0.6888888888888889,0.0,0.0,0.0,0.0,0.0,0.0,0.0,0.0,0.0,2002,radio,0.5
1,4,lr5e-05_bs32_modL1_fusion64_fusionL1_drop0p2_trmiss50_trlocradio,32,5e-05,1,64,1,0.2,lr5e-05_bs32_modL1_fusion64_fusionL1_drop0p2_trmiss50_trlocradio,56,0.4713653177022934,0.6753735542297363,0.6357758620689655,0.7618826828436335,0.6666666666666666,0.0,0.0,0.0,0.0,0.0,0.0,0.0,0.0,0.0,2002,radio,0.5
1,4,lr5e-05_bs32_modL1_fusion64_fusionL1_drop0p2_trmiss50_trlocradio,32,5e-05,1,64,1,0.2,lr5e-05_bs32_modL1_fusion64_fusionL1_drop0p2_trmiss50_trlocradio,57,0.4579148143529892,0.6758721470832825,0.6379310344827586,0.7632816940215641,0.6666666666666666,0.0,0.0,0.0,0.0,0.0,0.0,0.0,0.0,0.0,2002,radio,0.5
1,4,lr5e-05_bs32_modL1_fusion64_fusionL1_drop0p2_trmiss50_trlocradio,32,5e-05,1,64,1,0.2,lr5e-05_bs32_modL1_fusion64_fusionL1_drop0p2_trmiss50_trlocradio,58,0.4500654687484105,0.6757424473762512,0.6400862068965517,0.7641731412566498,0.6888888888888889,0.0,0.0,0.0,0.0,0.0,0.0,0.0,0.0,0.0,2002,radio,0.5
1,4,lr5e-05_bs32_modL1_fusion64_fusionL1_drop0p2_trmiss50_trlocradio,32,5e-05,1,64,1,0.2,lr5e-05_bs32_modL1_fusion64_fusionL1_drop0p2_trmiss50_trlocradio,59,0.46085051198800403,0.6788413226604462,0.627155172413793,0.7545583306862016,0.6444444444444445,0.0,0.0,0.0,0.0,0.0,0.0,0.0,0.0,0.0,2002,radio,0.5
1,4,lr5e-05_bs32_modL1_fusion64_fusionL1_drop0p2_trmiss50_trlocradio,32,5e-05,1,64,1,0.2,lr5e-05_bs32_modL1_fusion64_fusionL1_drop0p2_trmiss50_trlocradio,60,0.456196849544843,0.6799923479557037,0.6293103448275861,0.7560451998642252,0.6444444444444445,0.0,0.0,0.0,0.0,0.0,0.0,0.0,0.0,0.0,2002,radio,0.5
1,4,lr5e-05_bs32_modL1_fusion64_fusionL1_drop0p2_trmiss50_trlocradio,32,5e-05,1,64,1,0.2,lr5e-05_bs32_modL1_fusion64_fusionL1_drop0p2_trmiss50_trlocradio,61,0.4524319718281428,0.6805194616317749,0.6293103448275862,0.757980345820976,0.6888888888888889,0.0,0.0,0.0,0.0,0.0,0.0,0.0,0.0,0.0,2002,radio,0.5
1,4,lr5e-05_bs32_modL1_fusion64_fusionL1_drop0p2_trmiss50_trlocradio,32,5e-05,1,64,1,0.2,lr5e-05_bs32_modL1_fusion64_fusionL1_drop0p2_trmiss50_trlocradio,62,0.476397842168808,0.6803981363773346,0.6293103448275861,0.7582620017501757,0.6666666666666666,0.0,0.0,0.0,0.0,0.0,0.0,0.0,0.0,0.0,2002,radio,0.5
1,4,lr5e-05_bs32_modL1_fusion64_fusionL1_drop0p2_trmiss50_trlocradio,32,5e-05,1,64,1,0.2,lr5e-05_bs32_modL1_fusion64_fusionL1_drop0p2_trmiss50_trlocradio,63,0.47424590587615967,0.6827704012393951,0.6228448275862069,0.7561502990940083,0.6666666666666666,0.0,0.0,0.0,0.0,0.0,0.0,0.0,0.0,0.0,2002,radio,0.5
1,4,lr5e-05_bs32_modL1_fusion64_fusionL1_drop0p2_trmiss50_trlocradio,32,5e-05,1,64,1,0.2,lr5e-05_bs32_modL1_fusion64_fusionL1_drop0p2_trmiss50_trlocradio,64,0.4602460364500682,0.6807023584842682,0.6249999999999999,0.7561259339580815,0.6666666666666666,0.0,0.0,0.0,0.0,0.0,0.0,0.0,0.0,0.0,2002,radio,0.5
1,4,lr5e-05_bs32_modL1_fusion64_fusionL1_drop0p2_trmiss50_trlocradio,32,5e-05,1,64,1,0.2,lr5e-05_bs32_modL1_fusion64_fusionL1_drop0p2_trmiss50_trlocradio,65,0.45086511969566345,0.6802166700363159,0.6249999999999999,0.7561259339580815,0.6666666666666666,0.0,0.0,0.0,0.0,0.0,0.0,0.0,0.0,0.0,2002,radio,0.5
1,4,lr5e-05_bs32_modL1_fusion64_fusionL1_drop0p2_trmiss50_trlocradio,32,5e-05,1,64,1,0.2,lr5e-05_bs32_modL1_fusion64_fusionL1_drop0p2_trmiss50_trlocradio,66,0.45747967561086017,0.6791428029537201,0.6357758620689655,0.7613811577316822,0.6666666666666666,0.0,0.0,0.0,0.0,0.0,0.0,0.0,0.0,0.0,2002,radio,0.5
1,4,lr5e-05_bs32_modL1_fusion64_fusionL1_drop0p2_trmiss50_trlocradio,32,5e-05,1,64,1,0.2,lr5e-05_bs32_modL1_fusion64_fusionL1_drop0p2_trmiss50_trlocradio,67,0.44758427639802295,0.6789789199829102,0.6314655172413793,0.760234122101888,0.6888888888888889,0.0,0.0,0.0,0.0,0.0,0.0,0.0,0.0,0.0,2002,radio,0.5
1,4,lr5e-05_bs32_modL1_fusion64_fusionL1_drop0p2_trmiss50_trlocradio,32,5e-05,1,64,1,0.2,lr5e-05_bs32_modL1_fusion64_fusionL1_drop0p2_trmiss50_trlocradio,68,0.4659101068973541,0.672597199678421,0.6379310344827587,0.7639221179112526,0.6666666666666666,0.0,0.0,0.0,0.0,0.0,0.0,0.0,0.0,0.0,2002,radio,0.5
1,4,lr5e-05_bs32_modL1_fusion64_fusionL1_drop0p1_trmiss50_trlocradio,32,5e-05,1,64,1,0.1,lr5e-05_bs32_modL1_fusion64_fusionL1_drop0p1_trmiss50_trlocradio,1,0.730026384194692,0.706550270318985,0.4525862068965517,0.6427049723958509,0.4,0.0,0.0,0.0,0.0,0.0,0.0,0.0,0.0,0.0,2002,radio,0.5
1,4,lr5e-05_bs32_modL1_fusion64_fusionL1_drop0p1_trmiss50_trlocradio,32,5e-05,1,64,1,0.1,lr5e-05_bs32_modL1_fusion64_fusionL1_drop0p1_trmiss50_trlocradio,2,0.6876165072123209,0.7101141810417175,0.4870689655172413,0.6759338722193343,0.35555555555555557,0.0,0.0,0.0,0.0,0.0,0.0,0.0,0.0,0.0,2002,radio,0.5
1,4,lr5e-05_bs32_modL1_fusion64_fusionL1_drop0p1_trmiss50_trlocradio,32,5e-05,1,64,1,0.1,lr5e-05_bs32_modL1_fusion64_fusionL1_drop0p1_trmiss50_trlocradio,3,0.6839059690634409,0.7177871465682983,0.478448275862069,0.6741308373875816,0.37777777777777777,0.0,0.0,0.0,0.0,0.0,0.0,0.0,0.0,0.0,2002,radio,0.5
1,4,lr5e-05_bs32_modL1_fusion64_fusionL1_drop0p1_trmiss50_trlocradio,32,5e-05,1,64,1,0.1,lr5e-05_bs32_modL1_fusion64_fusionL1_drop0p1_trmiss50_trlocradio,4,0.6496305465698242,0.724133163690567,0.46982758620689663,0.6682518453879202,0.37777777777777777,0.0,0.0,0.0,0.0,0.0,0.0,0.0,0.0,0.0,2002,radio,0.5
1,4,lr5e-05_bs32_modL1_fusion64_fusionL1_drop0p1_trmiss50_trlocradio,32,5e-05,1,64,1,0.1,lr5e-05_bs32_modL1_fusion64_fusionL1_drop0p1_trmiss50_trlocradio,5,0.6220171054204305,0.7313429713249207,0.4676724137931034,0.6648329660824902,0.37777777777777777,0.0,0.0,0.0,0.0,0.0,0.0,0.0,0.0,0.0,2002,radio,0.5
1,4,lr5e-05_bs32_modL1_fusion64_fusionL1_drop0p1_trmiss50_trlocradio,32,5e-05,1,64,1,0.1,lr5e-05_bs32_modL1_fusion64_fusionL1_drop0p1_trmiss50_trlocradio,6,0.6275865038235983,0.736350029706955,0.47198275862068967,0.6650142785157649,0.35555555555555557,0.0,0.0,0.0,0.0,0.0,0.0,0.0,0.0,0.0,2002,radio,0.5
1,4,lr5e-05_bs32_modL1_fusion64_fusionL1_drop0p1_trmiss50_trlocradio,32,5e-05,1,64,1,0.1,lr5e-05_bs32_modL1_fusion64_fusionL1_drop0p1_trmiss50_trlocradio,7,0.6009142498175303,0.7376186847686768,0.47844827586206895,0.6712548683930829,0.4,0.0,0.0,0.0,0.0,0.0,0.0,0.0,0.0,0.0,2002,radio,0.5
1,4,lr5e-05_bs32_modL1_fusion64_fusionL1_drop0p1_trmiss50_trlocradio,32,5e-05,1,64,1,0.1,lr5e-05_bs32_modL1_fusion64_fusionL1_drop0p1_trmiss50_trlocradio,8,0.5886160333951315,0.7390099465847015,0.4870689655172414,0.6746501467780953,0.37777777777777777,0.0,0.0,0.0,0.0,0.0,0.0,0.0,0.0,0.0,2002,radio,0.5
1,4,lr5e-05_bs32_modL1_fusion64_fusionL1_drop0p1_trmiss50_trlocradio,32,5e-05,1,64,1,0.1,lr5e-05_bs32_modL1_fusion64_fusionL1_drop0p1_trmiss50_trlocradio,9,0.5994425614674886,0.7375894486904144,0.4913793103448276,0.6747292956392623,0.4,0.0,0.0,0.0,0.0,0.0,0.0,0.0,0.0,0.0,2002,radio,0.5
1,4,lr5e-05_bs32_modL1_fusion64_fusionL1_drop0p1_trmiss50_trlocradio,32,5e-05,1,64,1,0.1,lr5e-05_bs32_modL1_fusion64_fusionL1_drop0p1_trmiss50_trlocradio,10,0.5849770108858744,0.7340640127658844,0.502155172413793,0.6793050281845956,0.37777777777777777,0.0,0.0,0.0,0.0,0.0,0.0,0.0,0.0,0.0,2002,radio,0.5
1,4,lr5e-05_bs32_modL1_fusion64_fusionL1_drop0p1_trmiss50_trlocradio,32,5e-05,1,64,1,0.1,lr5e-05_bs32_modL1_fusion64_fusionL1_drop0p1_trmiss50_trlocradio,11,0.566849559545517,0.736381471157074,0.49784482758620696,0.6757538301820541,0.37777777777777777,0.0,0.0,0.0,0.0,0.0,0.0,0.0,0.0,0.0,2002,radio,0.5
1,4,lr5e-05_bs32_modL1_fusion64_fusionL1_drop0p1_trmiss50_trlocradio,32,5e-05,1,64,1,0.1,lr5e-05_bs32_modL1_fusion64_fusionL1_drop0p1_trmiss50_trlocradio,12,0.5786432226498922,0.738602340221405,0.48491379310344823,0.6675485280834415,0.4,0.0,0.0,0.0,0.0,0.0,0.0,0.0,0.0,0.0,2002,radio,0.5
1,4,lr5e-05_bs32_modL1_fusion64_fusionL1_drop0p1_trmiss50_trlocradio,32,5e-05,1,64,1,0.1,lr5e-05_bs32_modL1_fusion64_fusionL1_drop0p1_trmiss50_trlocradio,13,0.564240942398707,0.7404206097126007,0.48491379310344823,0.6683341792139202,0.4,0.0,0.0,0.0,0.0,0.0,0.0,0.0,0.0,0.0,2002,radio,0.5
1,4,lr5e-05_bs32_modL1_fusion64_fusionL1_drop0p1_trmiss50_trlocradio,32,5e-05,1,64,1,0.1,lr5e-05_bs32_modL1_fusion64_fusionL1_drop0p1_trmiss50_trlocradio,14,0.5492369731267294,0.738515704870224,0.4892241379310345,0.670221766697716,0.4222222222222222,0.0,0.0,0.0,0.0,0.0,0.0,0.0,0.0,0.0,2002,radio,0.5
1,4,lr5e-05_bs32_modL1_fusion64_fusionL1_drop0p1_trmiss50_trlocradio,32,5e-05,1,64,1,0.1,lr5e-05_bs32_modL1_fusion64_fusionL1_drop0p1_trmiss50_trlocradio,15,0.5525567730267843,0.7387609481811523,0.49137931034482757,0.670925393677263,0.4222222222222222,0.0,0.0,0.0,0.0,0.0,0.0,0.0,0.0,0.0,2002,radio,0.5
1,4,lr5e-05_bs32_modL1_fusion64_fusionL1_drop0p1_trmiss50_trlocradio,32,5e-05,1,64,1,0.1,lr5e-05_bs32_modL1_fusion64_fusionL1_drop0p1_trmiss50_trlocradio,16,0.5452880362669627,0.7423288226127625,0.49137931034482757,0.6705175330914269,0.4222222222222222,0.0,0.0,0.0,0.0,0.0,0.0,0.0,0.0,0.0,2002,radio,0.5
1,4,lr5e-05_bs32_modL1_fusion64_fusionL1_drop0p1_trmiss50_trlocradio,32,5e-05,1,64,1,0.1,lr5e-05_bs32_modL1_fusion64_fusionL1_drop0p1_trmiss50_trlocradio,17,0.5378931164741516,0.7358329892158508,0.4892241379310345,0.6703976289958944,0.4444444444444444,0.0,0.0,0.0,0.0,0.0,0.0,0.0,0.0,0.0,2002,radio,0.5
1,4,lr5e-05_bs32_modL1_fusion64_fusionL1_drop0p1_trmiss50_trlocradio,32,5e-05,1,64,1,0.1,lr5e-05_bs32_modL1_fusion64_fusionL1_drop0p1_trmiss50_trlocradio,18,0.562737708290418,0.7333450317382812,0.4978448275862069,0.6752393305414689,0.4666666666666667,0.0,0.0,0.0,0.0,0.0,0.0,0.0,0.0,0.0,2002,radio,0.5
1,4,lr5e-05_bs32_modL1_fusion64_fusionL1_drop0p1_trmiss50_trlocradio,32,5e-05,1,64,1,0.1,lr5e-05_bs32_modL1_fusion64_fusionL1_drop0p1_trmiss50_trlocradio,19,0.5579653481642405,0.7386245429515839,0.49784482758620685,0.6742091826647431,0.4222222222222222,0.0,0.0,0.0,0.0,0.0,0.0,0.0,0.0,0.0,2002,radio,0.5
1,4,lr5e-05_bs32_modL1_fusion64_fusionL1_drop0p1_trmiss50_trlocradio,32,5e-05,1,64,1,0.1,lr5e-05_bs32_modL1_fusion64_fusionL1_drop0p1_trmiss50_trlocradio,20,0.5346808532873789,0.7353747487068176,0.48922413793103453,0.6683460500321005,0.4222222222222222,0.0,0.0,0.0,0.0,0.0,0.0,0.0,0.0,0.0,2002,radio,0.5
1,4,lr5e-05_bs32_modL1_fusion64_fusionL1_drop0p1_trmiss50_trlocradio,32,5e-05,1,64,1,0.1,lr5e-05_bs32_modL1_fusion64_fusionL1_drop0p1_trmiss50_trlocradio,21,0.5344191392262777,0.7359572947025299,0.4935344827586207,0.6697171016700466,0.4,0.0,0.0,0.0,0.0,0.0,0.0,0.0,0.0,0.0,2002,radio,0.5
1,4,lr5e-05_bs32_modL1_fusion64_fusionL1_drop0p1_trmiss50_trlocradio,32,5e-05,1,64,1,0.1,lr5e-05_bs32_modL1_fusion64_fusionL1_drop0p1_trmiss50_trlocradio,22,0.5372687975565592,0.7342715561389923,0.4935344827586207,0.6694528945152077,0.4,0.0,0.0,0.0,0.0,0.0,0.0,0.0,0.0,0.0,2002,radio,0.5
1,4,lr5e-05_bs32_modL1_fusion64_fusionL1_drop0p1_trmiss50_trlocradio,32,5e-05,1,64,1,0.1,lr5e-05_bs32_modL1_fusion64_fusionL1_drop0p1_trmiss50_trlocradio,23,0.5410147706667582,0.7335988581180573,0.4913793103448276,0.6687322485713061,0.4666666666666667,0.0,0.0,0.0,0.0,0.0,0.0,0.0,0.0,0.0,2002,radio,0.5
1,4,lr5e-05_bs32_modL1_fusion64_fusionL1_drop0p1_trmiss50_trlocradio,32,5e-05,1,64,1,0.1,lr5e-05_bs32_modL1_fusion64_fusionL1_drop0p1_trmiss50_trlocradio,24,0.5514704833428065,0.7377399802207947,0.48706896551724144,0.6669585930835142,0.4666666666666667,0.0,0.0,0.0,0.0,0.0,0.0,0.0,0.0,0.0,2002,radio,0.5
1,4,lr5e-05_bs32_modL1_fusion64_fusionL1_drop0p1_trmiss50_trlocradio,32,5e-05,1,64,1,0.1,lr5e-05_bs32_modL1_fusion64_fusionL1_drop0p1_trmiss50_trlocradio,25,0.5248219271500906,0.7391108870506287,0.5,0.6733750737713732,0.4,0.0,0.0,0.0,0.0,0.0,0.0,0.0,0.0,0.0,2002,radio,0.5
1,4,lr5e-05_bs32_modL1_fusion64_fusionL1_drop0p1_trmiss50_trlocradio,32,5e-05,1,64,1,0.1,lr5e-05_bs32_modL1_fusion64_fusionL1_drop0p1_trmiss50_trlocradio,26,0.5284457902113596,0.7375155091285706,0.4913793103448276,0.669205589885865,0.4222222222222222,0.0,0.0,0.0,0.0,0.0,0.0,0.0,0.0,0.0,2002,radio,0.5
1,4,lr5e-05_bs32_modL1_fusion64_fusionL1_drop0p1_trmiss50_trlocradio,32,5e-05,1,64,1,0.1,lr5e-05_bs32_modL1_fusion64_fusionL1_drop0p1_trmiss50_trlocradio,27,0.5323569526274999,0.737204372882843,0.5021551724137931,0.6726166031956862,0.4,0.0,0.0,0.0,0.0,0.0,0.0,0.0,0.0,0.0,2002,radio,0.5
1,4,lr5e-05_bs32_modL1_fusion64_fusionL1_drop0p1_trmiss50_trlocradio,32,5e-05,1,64,1,0.1,lr5e-05_bs32_modL1_fusion64_fusionL1_drop0p1_trmiss50_trlocradio,28,0.5344144801298777,0.7372261583805084,0.4956896551724138,0.6690173413493868,0.4222222222222222,0.0,0.0,0.0,0.0,0.0,0.0,0.0,0.0,0.0,2002,radio,0.5
1,4,lr5e-05_bs32_modL1_fusion64_fusionL1_drop0p1_trmiss50_trlocradio,32,5e-05,1,64,1,0.1,lr5e-05_bs32_modL1_fusion64_fusionL1_drop0p1_trmiss50_trlocradio,29,0.5432629287242889,0.7401058375835419,0.4956896551724138,0.6708017862933063,0.4222222222222222,0.0,0.0,0.0,0.0,0.0,0.0,0.0,0.0,0.0,2002,radio,0.5
1,4,lr5e-05_bs32_modL1_fusion64_fusionL1_drop0p1_trmiss50_trlocradio,32,5e-05,1,64,1,0.1,lr5e-05_bs32_modL1_fusion64_fusionL1_drop0p1_trmiss50_trlocradio,30,0.5214934994777044,0.7363159358501434,0.4956896551724138,0.671016241076953,0.4222222222222222,0.0,0.0,0.0,0.0,0.0,0.0,0.0,0.0,0.0,2002,radio,0.5
1,4,lr5e-05_bs32_modL1_fusion64_fusionL1_drop0p1_trmiss50_trlocradio,32,5e-05,1,64,1,0.1,lr5e-05_bs32_modL1_fusion64_fusionL1_drop0p1_trmiss50_trlocradio,31,0.5317930827538172,0.7345530688762665,0.49784482758620685,0.6726583540641033,0.4444444444444444,0.0,0.0,0.0,0.0,0.0,0.0,0.0,0.0,0.0,2002,radio,0.5
1,4,lr5e-05_bs32_modL1_fusion64_fusionL1_drop0p1_trmiss50_trlocradio,32,5e-05,1,64,1,0.1,lr5e-05_bs32_modL1_fusion64_fusionL1_drop0p1_trmiss50_trlocradio,32,0.5233610570430756,0.7345919013023376,0.4956896551724138,0.6710822809346281,0.4666666666666667,0.0,0.0,0.0,0.0,0.0,0.0,0.0,0.0,0.0,2002,radio,0.5
1,4,lr5e-05_bs32_modL1_fusion64_fusionL1_drop0p1_trmiss50_trlocradio,32,5e-05,1,64,1,0.1,lr5e-05_bs32_modL1_fusion64_fusionL1_drop0p1_trmiss50_trlocradio,33,0.528782457113266,0.7338919341564178,0.49353448275862066,0.6697715327999234,0.4666666666666667,0.0,0.0,0.0,0.0,0.0,0.0,0.0,0.0,0.0,2002,radio,0.5
1,4,lr5e-05_bs32_modL1_fusion64_fusionL1_drop0p1_trmiss50_trlocradio,32,5e-05,1,64,1,0.1,lr5e-05_bs32_modL1_fusion64_fusionL1_drop0p1_trmiss50_trlocradio,34,0.5164347489674886,0.7336069643497467,0.4956896551724138,0.6696031142254751,0.4444444444444444,0.0,0.0,0.0,0.0,0.0,0.0,0.0,0.0,0.0,2002,radio,0.5
1,4,lr5e-05_bs32_modL1_fusion64_fusionL1_drop0p1_trmiss50_trlocradio,32,5e-05,1,64,1,0.1,lr5e-05_bs32_modL1_fusion64_fusionL1_drop0p1_trmiss50_trlocradio,35,0.5228179295857748,0.7352204918861389,0.4913793103448276,0.6669030426425789,0.4666666666666667,0.0,0.0,0.0,0.0,0.0,0.0,0.0,0.0,0.0,2002,radio,0.5
1,4,lr5e-05_bs32_modL1_fusion64_fusionL1_drop0p1_trmiss50_trlocradio,32,5e-05,1,64,1,0.1,lr5e-05_bs32_modL1_fusion64_fusionL1_drop0p1_trmiss50_trlocradio,36,0.5083445608615875,0.7344469428062439,0.4892241379310345,0.6655989233792895,0.4444444444444444,0.0,0.0,0.0,0.0,0.0,0.0,0.0,0.0,0.0,2002,radio,0.5
1,4,lr5e-05_bs32_modL1_fusion64_fusionL1_drop0p1_trmiss50_trlocradio,32,5e-05,1,64,1,0.1,lr5e-05_bs32_modL1_fusion64_fusionL1_drop0p1_trmiss50_trlocradio,37,0.543342669804891,0.7363708913326263,0.4913793103448276,0.6670218409646441,0.4666666666666667,0.0,0.0,0.0,0.0,0.0,0.0,0.0,0.0,0.0,2002,radio,0.5
1,4,lr5e-05_bs32_modL1_fusion64_fusionL1_drop0p1_trmiss50_trlocradio,32,5e-05,1,64,1,0.1,lr5e-05_bs32_modL1_fusion64_fusionL1_drop0p1_trmiss50_trlocradio,38,0.5197575241327286,0.734835296869278,0.5021551724137931,0.67287972316287,0.4666666666666667,0.0,0.0,0.0,0.0,0.0,0.0,0.0,0.0,0.0,2002,radio,0.5
1,4,lr5e-05_bs32_modL1_fusion64_fusionL1_drop0p1_trmiss50_trlocradio,32,5e-05,1,64,1,0.1,lr5e-05_bs32_modL1_fusion64_fusionL1_drop0p1_trmiss50_trlocradio,39,0.5258991966644923,0.7349213361740112,0.4913793103448276,0.667692747020033,0.4666666666666667,0.0,0.0,0.0,0.0,0.0,0.0,0.0,0.0,0.0,2002,radio,0.5
1,4,lr5e-05_bs32_modL1_fusion64_fusionL1_drop0p1_trmiss50_trlocradio,32,5e-05,1,64,1,0.1,lr5e-05_bs32_modL1_fusion64_fusionL1_drop0p1_trmiss50_trlocradio,40,0.5372202396392822,0.7345834970474243,0.4935344827586207,0.6675215200813384,0.4444444444444444,0.0,0.0,0.0,0.0,0.0,0.0,0.0,0.0,0.0,2002,radio,0.5
1,4,lr5e-05_bs32_modL1_fusion64_fusionL1_drop0p1_trmiss50_trlocradio,32,5e-05,1,64,1,0.1,lr5e-05_bs32_modL1_fusion64_fusionL1_drop0p1_trmiss50_trlocradio,41,0.5321774184703827,0.737151712179184,0.4956896551724138,0.6683019177790436,0.4222222222222222,0.0,0.0,0.0,0.0,0.0,0.0,0.0,0.0,0.0,2002,radio,0.5
1,4,lr5e-05_bs32_modL1_fusion64_fusionL1_drop0p1_trmiss50_trlocradio,32,5e-05,1,64,1,0.1,lr5e-05_bs32_modL1_fusion64_fusionL1_drop0p1_trmiss50_trlocradio,42,0.5363116761048635,0.7388752102851868,0.4849137931034483,0.663326965415653,0.4222222222222222,0.0,0.0,0.0,0.0,0.0,0.0,0.0,0.0,0.0,2002,radio,0.5
1,4,lr5e-05_bs32_modL1_fusion64_fusionL1_drop0p1_trmiss50_trlocradio,32,5e-05,1,64,1,0.1,lr5e-05_bs32_modL1_fusion64_fusionL1_drop0p1_trmiss50_trlocradio,43,0.5246399094661077,0.736193835735321,0.4870689655172413,0.6650768917345448,0.4666666666666667,0.0,0.0,0.0,0.0,0.0,0.0,0.0,0.0,0.0,2002,radio,0.5
1,4,lr5e-05_bs32_modL1_fusion64_fusionL1_drop0p1_trmiss50_trlocradio,32,5e-05,1,64,1,0.1,lr5e-05_bs32_modL1_fusion64_fusionL1_drop0p1_trmiss50_trlocradio,44,0.5331275562445322,0.7330540716648102,0.4892241379310345,0.6661036629065066,0.4666666666666667,0.0,0.0,0.0,0.0,0.0,0.0,0.0,0.0,0.0,2002,radio,0.5
1,4,lr5e-05_bs32_modL1_fusion64_fusionL1_drop0p1_trmiss50_trlocradio,32,5e-05,1,64,1,0.1,lr5e-05_bs32_modL1_fusion64_fusionL1_drop0p1_trmiss50_trlocradio,45,0.5374930600325266,0.7352559566497803,0.4870689655172414,0.667006411273758,0.4444444444444444,0.0,0.0,0.0,0.0,0.0,0.0,0.0,0.0,0.0,2002,radio,0.5
1,4,lr5e-05_bs32_modL1_fusion64_fusionL1_drop0p1_trmiss50_trlocradio,32,5e-05,1,64,1,0.1,lr5e-05_bs32_modL1_fusion64_fusionL1_drop0p1_trmiss50_trlocradio,46,0.5248990058898926,0.7378692626953125,0.4870689655172413,0.6658904459963749,0.4222222222222222,0.0,0.0,0.0,0.0,0.0,0.0,0.0,0.0,0.0,2002,radio,0.5
1,4,lr5e-05_bs32_modL1_fusion64_fusionL1_drop0p1_trmiss50_trlocradio,32,5e-05,1,64,1,0.1,lr5e-05_bs32_modL1_fusion64_fusionL1_drop0p1_trmiss50_trlocradio,47,0.5313093860944113,0.7379093170166016,0.48706896551724144,0.6656591586841119,0.37777777777777777,0.0,0.0,0.0,0.0,0.0,0.0,0.0,0.0,0.0,2002,radio,0.5
1,4,lr5e-05_bs32_modL1_fusion64_fusionL1_drop0p1_trmiss50_trlocradio,32,5e-05,1,64,1,0.1,lr5e-05_bs32_modL1_fusion64_fusionL1_drop0p1_trmiss50_trlocradio,48,0.533746063709259,0.736598014831543,0.4913793103448275,0.6684059470546325,0.4444444444444444,0.0,0.0,0.0,0.0,0.0,0.0,0.0,0.0,0.0,2002,radio,0.5
1,4,lr5e-05_bs32_modL1_fusion64_fusionL1_drop0p1_trmiss50_trlocradio,32,5e-05,1,64,1,0.1,lr5e-05_bs32_modL1_fusion64_fusionL1_drop0p1_trmiss50_trlocradio,49,0.5292954991261164,0.7382011115550995,0.48275862068965514,0.6634069934502022,0.4222222222222222,0.0,0.0,0.0,0.0,0.0,0.0,0.0,0.0,0.0,2002,radio,0.5
1,4,lr5e-05_bs32_modL1_fusion64_fusionL1_drop0p1_trmiss50_trlocradio,32,5e-05,1,64,1,0.1,lr5e-05_bs32_modL1_fusion64_fusionL1_drop0p1_trmiss50_trlocradio,50,0.5221558312575022,0.736667811870575,0.49353448275862066,0.6690749545710831,0.4222222222222222,0.0,0.0,0.0,0.0,0.0,0.0,0.0,0.0,0.0,2002,radio,0.5
1,4,lr5e-05_bs32_modL1_fusion64_fusionL1_drop0p1_trmiss50_trlocradio,32,5e-05,1,64,1,0.1,lr5e-05_bs32_modL1_fusion64_fusionL1_drop0p1_trmiss50_trlocradio,51,0.5186863442262014,0.7364834547042847,0.49353448275862066,0.6690634271565934,0.4222222222222222,0.0,0.0,0.0,0.0,0.0,0.0,0.0,0.0,0.0,2002,radio,0.5
1,4,lr5e-05_bs32_modL1_fusion64_fusionL1_drop0p1_trmiss50_trlocradio,32,5e-05,1,64,1,0.1,lr5e-05_bs32_modL1_fusion64_fusionL1_drop0p1_trmiss50_trlocradio,52,0.5335343579451243,0.7351954877376556,0.5,0.6727447908091325,0.4222222222222222,0.0,0.0,0.0,0.0,0.0,0.0,0.0,0.0,0.0,2002,radio,0.5
1,4,lr5e-05_bs32_modL1_fusion64_fusionL1_drop0p1_trmiss50_trlocradio,32,5e-05,1,64,1,0.1,lr5e-05_bs32_modL1_fusion64_fusionL1_drop0p1_trmiss50_trlocradio,53,0.5336113572120667,0.7381666600704193,0.49784482758620696,0.6715953655217762,0.4,0.0,0.0,0.0,0.0,0.0,0.0,0.0,0.0,0.0,2002,radio,0.5
1,4,lr5e-05_bs32_modL1_fusion64_fusionL1_drop0p1_trmiss50_trlocradio,32,5e-05,1,64,1,0.1,lr5e-05_bs32_modL1_fusion64_fusionL1_drop0p1_trmiss50_trlocradio,54,0.5243163555860519,0.7369127869606018,0.502155172413793,0.6748370626455645,0.4,0.0,0.0,0.0,0.0,0.0,0.0,0.0,0.0,0.0,2002,radio,0.5
1,4,lr5e-05_bs32_modL1_fusion64_fusionL1_drop0p1_trmiss50_trlocradio,32,5e-05,1,64,1,0.1,lr5e-05_bs32_modL1_fusion64_fusionL1_drop0p1_trmiss50_trlocradio,55,0.5093810061613718,0.7370705306529999,0.5,0.6745764607489444,0.37777777777777777,0.0,0.0,0.0,0.0,0.0,0.0,0.0,0.0,0.0,2002,radio,0.5
1,4,lr5e-05_bs32_modL1_fusion64_fusionL1_drop0p1_trmiss50_trlocradio,32,5e-05,1,64,1,0.1,lr5e-05_bs32_modL1_fusion64_fusionL1_drop0p1_trmiss50_trlocradio,56,0.5105312019586563,0.7358890175819397,0.49353448275862066,0.6697577263476328,0.4444444444444444,0.0,0.0,0.0,0.0,0.0,0.0,0.0,0.0,0.0,2002,radio,0.5
1,4,lr5e-05_bs32_modL1_fusion64_fusionL1_drop0p1_trmiss50_trlocradio,32,5e-05,1,64,1,0.1,lr5e-05_bs32_modL1_fusion64_fusionL1_drop0p1_trmiss50_trlocradio,57,0.5303676426410675,0.7373574376106262,0.49353448275862066,0.6703923419603631,0.4222222222222222,0.0,0.0,0.0,0.0,0.0,0.0,0.0,0.0,0.0,2002,radio,0.5
1,4,lr5e-05_bs32_modL1_fusion64_fusionL1_drop0p1_trmiss50_trlocradio,32,5e-05,1,64,1,0.1,lr5e-05_bs32_modL1_fusion64_fusionL1_drop0p1_trmiss50_trlocradio,58,0.5242954393227895,0.7356665432453156,0.4892241379310345,0.6651661985652259,0.4444444444444444,0.0,0.0,0.0,0.0,0.0,0.0,0.0,0.0,0.0,2002,radio,0.5
1,4,lr1e-04_bs32_modL1_fusion32_fusionL1_drop0p2_trmiss50_trlocradio,32,0.0001,1,32,1,0.2,lr1e-04_bs32_modL1_fusion32_fusionL1_drop0p2_trmiss50_trlocradio,1,0.7174795468648275,0.731520265340805,0.3038793103448276,0.5426695920325387,0.3111111111111111,0.0,0.0,0.0,0.0,0.0,0.0,0.0,0.0,0.0,2002,radio,0.5
1,4,lr1e-04_bs32_modL1_fusion32_fusionL1_drop0p2_trmiss50_trlocradio,32,0.0001,1,32,1,0.2,lr1e-04_bs32_modL1_fusion32_fusionL1_drop0p2_trmiss50_trlocradio,2,0.6538667579491934,0.7451592981815338,0.2952586206896552,0.547701149374679,0.35555555555555557,0.0,0.0,0.0,0.0,0.0,0.0,0.0,0.0,0.0,2002,radio,0.5
1,4,lr1e-04_bs32_modL1_fusion32_fusionL1_drop0p2_trmiss50_trlocradio,32,0.0001,1,32,1,0.2,lr1e-04_bs32_modL1_fusion32_fusionL1_drop0p2_trmiss50_trlocradio,3,0.623470276594162,0.7529680132865906,0.31465517241379315,0.5570942822936675,0.3333333333333333,0.0,0.0,0.0,0.0,0.0,0.0,0.0,0.0,0.0,2002,radio,0.5
1,4,lr1e-04_bs32_modL1_fusion32_fusionL1_drop0p2_trmiss50_trlocradio,32,0.0001,1,32,1,0.2,lr1e-04_bs32_modL1_fusion32_fusionL1_drop0p2_trmiss50_trlocradio,4,0.6179438432057699,0.7606434226036072,0.33405172413793105,0.5735988393789869,0.35555555555555557,0.0,0.0,0.0,0.0,0.0,0.0,0.0,0.0,0.0,2002,radio,0.5
1,4,lr1e-04_bs32_modL1_fusion32_fusionL1_drop0p2_trmiss50_trlocradio,32,0.0001,1,32,1,0.2,lr1e-04_bs32_modL1_fusion32_fusionL1_drop0p2_trmiss50_trlocradio,5,0.5685205360253652,0.764281839132309,0.3491379310344827,0.5867644018760654,0.3111111111111111,0.0,0.0,0.0,0.0,0.0,0.0,0.0,0.0,0.0,2002,radio,0.5
1,4,lr1e-04_bs32_modL1_fusion32_fusionL1_drop0p2_trmiss50_trlocradio,32,0.0001,1,32,1,0.2,lr1e-04_bs32_modL1_fusion32_fusionL1_drop0p2_trmiss50_trlocradio,6,0.5810853540897369,0.7619377672672272,0.36422413793103453,0.5954598573122919,0.3333333333333333,0.0,0.0,0.0,0.0,0.0,0.0,0.0,0.0,0.0,2002,radio,0.5
1,4,lr1e-04_bs32_modL1_fusion32_fusionL1_drop0p2_trmiss50_trlocradio,32,0.0001,1,32,1,0.2,lr1e-04_bs32_modL1_fusion32_fusionL1_drop0p2_trmiss50_trlocradio,7,0.557307168841362,0.7549872994422913,0.3685344827586207,0.6061197197134767,0.37777777777777777,0.0,0.0,0.0,0.0,0.0,0.0,0.0,0.0,0.0,2002,radio,0.5
1,4,lr1e-04_bs32_modL1_fusion32_fusionL1_drop0p2_trmiss50_trlocradio,32,0.0001,1,32,1,0.2,lr1e-04_bs32_modL1_fusion32_fusionL1_drop0p2_trmiss50_trlocradio,8,0.5320534159739813,0.7558870911598206,0.38146551724137934,0.6127210433324835,0.4,0.0,0.0,0.0,0.0,0.0,0.0,0.0,0.0,0.0,2002,radio,0.5
1,4,lr1e-04_bs32_modL1_fusion32_fusionL1_drop0p2_trmiss50_trlocradio,32,0.0001,1,32,1,0.2,lr1e-04_bs32_modL1_fusion32_fusionL1_drop0p2_trmiss50_trlocradio,9,0.55081773797671,0.7554342746734619,0.3857758620689655,0.6173168069537982,0.37777777777777777,0.0,0.0,0.0,0.0,0.0,0.0,0.0,0.0,0.0,2002,radio,0.5
1,4,lr1e-04_bs32_modL1_fusion32_fusionL1_drop0p2_trmiss50_trlocradio,32,0.0001,1,32,1,0.2,lr1e-04_bs32_modL1_fusion32_fusionL1_drop0p2_trmiss50_trlocradio,10,0.5361833224693934,0.7554825842380524,0.38146551724137934,0.6138398053998269,0.37777777777777777,0.0,0.0,0.0,0.0,0.0,0.0,0.0,0.0,0.0,2002,radio,0.5
1,4,lr1e-04_bs32_modL1_fusion32_fusionL1_drop0p2_trmiss50_trlocradio,32,0.0001,1,32,1,0.2,lr1e-04_bs32_modL1_fusion32_fusionL1_drop0p2_trmiss50_trlocradio,11,0.5177197754383087,0.7547933459281921,0.38793103448275856,0.6166968161675883,0.4,0.0,0.0,0.0,0.0,0.0,0.0,0.0,0.0,0.0,2002,radio,0.5
1,4,lr1e-04_bs32_modL1_fusion32_fusionL1_drop0p2_trmiss50_trlocradio,32,0.0001,1,32,1,0.2,lr1e-04_bs32_modL1_fusion32_fusionL1_drop0p2_trmiss50_trlocradio,12,0.5031854808330536,0.7548622190952301,0.38362068965517243,0.6143061268551557,0.4,0.0,0.0,0.0,0.0,0.0,0.0,0.0,0.0,0.0,2002,radio,0.5
1,4,lr1e-04_bs32_modL1_fusion32_fusionL1_drop0p2_trmiss50_trlocradio,32,0.0001,1,32,1,0.2,lr1e-04_bs32_modL1_fusion32_fusionL1_drop0p2_trmiss50_trlocradio,13,0.5158000389734904,0.7562915086746216,0.3879310344827586,0.6156185661226501,0.4,0.0,0.0,0.0,0.0,0.0,0.0,0.0,0.0,0.0,2002,radio,0.5
1,4,lr1e-04_bs32_modL1_fusion32_fusionL1_drop0p2_trmiss50_trlocradio,32,0.0001,1,32,1,0.2,lr1e-04_bs32_modL1_fusion32_fusionL1_drop0p2_trmiss50_trlocradio,14,0.5165319095055262,0.7578340172767639,0.3857758620689655,0.6145094715471306,0.4,0.0,0.0,0.0,0.0,0.0,0.0,0.0,0.0,0.0,2002,radio,0.5
1,4,lr1e-04_bs32_modL1_fusion32_fusionL1_drop0p2_trmiss50_trlocradio,32,0.0001,1,32,1,0.2,lr1e-04_bs32_modL1_fusion32_fusionL1_drop0p2_trmiss50_trlocradio,15,0.5172839065392812,0.7577512860298157,0.3836206896551724,0.6130000222155398,0.4,0.0,0.0,0.0,0.0,0.0,0.0,0.0,0.0,0.0,2002,radio,0.5
1,4,lr1e-04_bs32_modL1_fusion32_fusionL1_drop0p2_trmiss50_trlocradio,32,0.0001,1,32,1,0.2,lr1e-04_bs32_modL1_fusion32_fusionL1_drop0p2_trmiss50_trlocradio,16,0.5147566000620524,0.7551788985729218,0.37931034482758624,0.6102165480831814,0.4222222222222222,0.0,0.0,0.0,0.0,0.0,0.0,0.0,0.0,0.0,2002,radio,0.5
1,4,lr1e-04_bs32_modL1_fusion32_fusionL1_drop0p2_trmiss50_trlocradio,32,0.0001,1,32,1,0.2,lr1e-04_bs32_modL1_fusion32_fusionL1_drop0p2_trmiss50_trlocradio,17,0.47701144218444824,0.7533645629882812,0.3814655172413793,0.610045954831826,0.4222222222222222,0.0,0.0,0.0,0.0,0.0,0.0,0.0,0.0,0.0,2002,radio,0.5
1,4,lr1e-04_bs32_modL1_fusion32_fusionL1_drop0p2_trmiss50_trlocradio,32,0.0001,1,32,1,0.2,lr1e-04_bs32_modL1_fusion32_fusionL1_drop0p2_trmiss50_trlocradio,18,0.49789945781230927,0.7538837790489197,0.3836206896551724,0.6074840627009683,0.4222222222222222,0.0,0.0,0.0,0.0,0.0,0.0,0.0,0.0,0.0,2002,radio,0.5
1,4,lr1e-04_bs32_modL1_fusion32_fusionL1_drop0p2_trmiss50_trlocradio,32,0.0001,1,32,1,0.2,lr1e-04_bs32_modL1_fusion32_fusionL1_drop0p2_trmiss50_trlocradio,19,0.4925507108370463,0.7544060051441193,0.3922413793103448,0.6152963600484389,0.4,0.0,0.0,0.0,0.0,0.0,0.0,0.0,0.0,0.0,2002,radio,0.5
1,4,lr1e-04_bs32_modL1_fusion32_fusionL1_drop0p2_trmiss50_trlocradio,32,0.0001,1,32,1,0.2,lr1e-04_bs32_modL1_fusion32_fusionL1_drop0p2_trmiss50_trlocradio,20,0.486862247188886,0.7540808916091919,0.3922413793103448,0.6149501363991299,0.4,0.0,0.0,0.0,0.0,0.0,0.0,0.0,0.0,0.0,2002,radio,0.5
1,4,lr1e-04_bs32_modL1_fusion32_fusionL1_drop0p2_trmiss50_trlocradio,32,0.0001,1,32,1,0.2,lr1e-04_bs32_modL1_fusion32_fusionL1_drop0p2_trmiss50_trlocradio,21,0.4605352332194646,0.7581284642219543,0.3793103448275862,0.606030837307417,0.4,0.0,0.0,0.0,0.0,0.0,0.0,0.0,0.0,0.0,2002,radio,0.5
1,4,lr1e-04_bs32_modL1_fusion32_fusionL1_drop0p2_trmiss50_trlocradio,32,0.0001,1,32,1,0.2,lr1e-04_bs32_modL1_fusion32_fusionL1_drop0p2_trmiss50_trlocradio,22,0.4830618004004161,0.7614578902721405,0.38362068965517243,0.6094225335084438,0.4222222222222222,0.0,0.0,0.0,0.0,0.0,0.0,0.0,0.0,0.0,2002,radio,0.5
1,4,lr1e-04_bs32_modL1_fusion32_fusionL1_drop0p2_trmiss50_trlocradio,32,0.0001,1,32,1,0.2,lr1e-04_bs32_modL1_fusion32_fusionL1_drop0p2_trmiss50_trlocradio,23,0.48564131061236065,0.7601940631866455,0.3857758620689655,0.6118788983006684,0.4222222222222222,0.0,0.0,0.0,0.0,0.0,0.0,0.0,0.0,0.0,2002,radio,0.5
1,4,lr1e-04_bs32_modL1_fusion32_fusionL1_drop0p2_trmiss50_trlocradio,32,0.0001,1,32,1,0.2,lr1e-04_bs32_modL1_fusion32_fusionL1_drop0p2_trmiss50_trlocradio,24,0.49395452439785004,0.755756676197052,0.3900862068965517,0.6127153518824928,0.4,0.0,0.0,0.0,0.0,0.0,0.0,0.0,0.0,0.0,2002,radio,0.5
1,4,lr1e-04_bs32_modL1_fusion32_fusionL1_drop0p2_trmiss50_trlocradio,32,0.0001,1,32,1,0.2,lr1e-04_bs32_modL1_fusion32_fusionL1_drop0p2_trmiss50_trlocradio,25,0.48402223487695056,0.7571154236793518,0.3793103448275862,0.6088307969767051,0.4,0.0,0.0,0.0,0.0,0.0,0.0,0.0,0.0,0.0,2002,radio,0.5
1,4,lr1e-04_bs32_modL1_fusion32_fusionL1_drop0p2_trmiss50_trlocradio,32,0.0001,1,32,1,0.2,lr1e-04_bs32_modL1_fusion32_fusionL1_drop0p2_trmiss50_trlocradio,26,0.4835131913423538,0.7558771967887878,0.3793103448275862,0.6088307969767051,0.4,0.0,0.0,0.0,0.0,0.0,0.0,0.0,0.0,0.0,2002,radio,0.5
1,4,lr1e-04_bs32_modL1_fusion32_fusionL1_drop0p2_trmiss50_trlocradio,32,0.0001,1,32,1,0.2,lr1e-04_bs32_modL1_fusion32_fusionL1_drop0p2_trmiss50_trlocradio,27,0.4754936049381892,0.7573585212230682,0.3793103448275862,0.6083676461991527,0.4222222222222222,0.0,0.0,0.0,0.0,0.0,0.0,0.0,0.0,0.0,2002,radio,0.5
1,4,lr1e-04_bs32_modL1_fusion32_fusionL1_drop0p2_trmiss50_trlocradio,32,0.0001,1,32,1,0.2,lr1e-04_bs32_modL1_fusion32_fusionL1_drop0p2_trmiss50_trlocradio,28,0.4814434200525284,0.7580633163452148,0.38146551724137934,0.6095247357216185,0.4222222222222222,0.0,0.0,0.0,0.0,0.0,0.0,0.0,0.0,0.0,2002,radio,0.5
1,4,lr1e-04_bs32_modL1_fusion32_fusionL1_drop0p2_trmiss50_trlocradio,32,0.0001,1,32,1,0.2,lr1e-04_bs32_modL1_fusion32_fusionL1_drop0p2_trmiss50_trlocradio,29,0.4836958050727844,0.7584148645401001,0.37931034482758624,0.6085297570204928,0.4222222222222222,0.0,0.0,0.0,0.0,0.0,0.0,0.0,0.0,0.0,2002,radio,0.5
1,4,lr1e-04_bs32_modL1_fusion32_fusionL1_drop0p2_trmiss50_trlocradio,32,0.0001,1,32,1,0.2,lr1e-04_bs32_modL1_fusion32_fusionL1_drop0p2_trmiss50_trlocradio,30,0.475437064965566,0.7572385668754578,0.37931034482758624,0.6084712705187361,0.4222222222222222,0.0,0.0,0.0,0.0,0.0,0.0,0.0,0.0,0.0,2002,radio,0.5
1,4,lr1e-04_bs32_modL1_fusion32_fusionL1_drop0p2_trmiss50_trlocradio,32,0.0001,1,32,1,0.2,lr1e-04_bs32_modL1_fusion32_fusionL1_drop0p2_trmiss50_trlocradio,31,0.465157891313235,0.7552923560142517,0.3857758620689655,0.6100001909203128,0.4222222222222222,0.0,0.0,0.0,0.0,0.0,0.0,0.0,0.0,0.0,2002,radio,0.5
1,4,lr1e-04_bs32_modL1_fusion32_fusionL1_drop0p2_trmiss50_trlocradio,32,0.0001,1,32,1,0.2,lr1e-04_bs32_modL1_fusion32_fusionL1_drop0p2_trmiss50_trlocradio,32,0.48119370142618817,0.7514533400535583,0.3879310344827586,0.6117864736736691,0.4,0.0,0.0,0.0,0.0,0.0,0.0,0.0,0.0,0.0,2002,radio,0.5
1,4,lr1e-04_bs32_modL1_fusion32_fusionL1_drop0p2_trmiss50_trlocradio,32,0.0001,1,32,1,0.2,lr1e-04_bs32_modL1_fusion32_fusionL1_drop0p2_trmiss50_trlocradio,33,0.4683471967776616,0.7540085315704346,0.3900862068965517,0.6127774190517958,0.4222222222222222,0.0,0.0,0.0,0.0,0.0,0.0,0.0,0.0,0.0,2002,radio,0.5
1,4,lr1e-04_bs32_modL1_fusion32_fusionL1_drop0p2_trmiss50_trlocradio,32,0.0001,1,32,1,0.2,lr1e-04_bs32_modL1_fusion32_fusionL1_drop0p2_trmiss50_trlocradio,34,0.47794661422570545,0.7568633556365967,0.3836206896551724,0.6109042371803779,0.4222222222222222,0.0,0.0,0.0,0.0,0.0,0.0,0.0,0.0,0.0,2002,radio,0.5
1,4,lr1e-04_bs32_modL1_fusion32_fusionL1_drop0p2_trmiss50_trlocradio,32,0.0001,1,32,1,0.2,lr1e-04_bs32_modL1_fusion32_fusionL1_drop0p2_trmiss50_trlocradio,35,0.4663750578959783,0.7579017877578735,0.38362068965517243,0.6100754282065035,0.4222222222222222,0.0,0.0,0.0,0.0,0.0,0.0,0.0,0.0,0.0,2002,radio,0.5
1,4,lr1e-04_bs32_modL1_fusion32_fusionL1_drop0p2_trmiss50_trlocradio,32,0.0001,1,32,1,0.2,lr1e-04_bs32_modL1_fusion32_fusionL1_drop0p2_trmiss50_trlocradio,36,0.48206983506679535,0.7556256949901581,0.3836206896551724,0.6076950715665119,0.4222222222222222,0.0,0.0,0.0,0.0,0.0,0.0,0.0,0.0,0.0,2002,radio,0.5
1,4,lr1e-04_bs32_modL1_fusion32_fusionL1_drop0p2_trmiss50_trlocradio,32,0.0001,1,32,1,0.2,lr1e-04_bs32_modL1_fusion32_fusionL1_drop0p2_trmiss50_trlocradio,37,0.4522428860267003,0.7537010908126831,0.3857758620689655,0.6122927727159373,0.4222222222222222,0.0,0.0,0.0,0.0,0.0,0.0,0.0,0.0,0.0,2002,radio,0.5
1,4,lr1e-04_bs32_modL1_fusion32_fusionL1_drop0p2_trmiss50_trlocradio,32,0.0001,1,32,1,0.2,lr1e-04_bs32_modL1_fusion32_fusionL1_drop0p2_trmiss50_trlocradio,38,0.46793145934740704,0.7532694339752197,0.3900862068965517,0.612672244000581,0.4444444444444444,0.0,0.0,0.0,0.0,0.0,0.0,0.0,0.0,0.0,2002,radio,0.5
1,4,lr1e-04_bs32_modL1_fusion32_fusionL1_drop0p2_trmiss50_trlocradio,32,0.0001,1,32,1,0.2,lr1e-04_bs32_modL1_fusion32_fusionL1_drop0p2_trmiss50_trlocradio,39,0.4706491182247798,0.753677248954773,0.3857758620689655,0.611247217877279,0.4222222222222222,0.0,0.0,0.0,0.0,0.0,0.0,0.0,0.0,0.0,2002,radio,0.5
1,4,lr1e-04_bs32_modL1_fusion32_fusionL1_drop0p2_trmiss50_trlocradio,32,0.0001,1,32,1,0.2,lr1e-04_bs32_modL1_fusion32_fusionL1_drop0p2_trmiss50_trlocradio,40,0.4563409239053726,0.7535227239131927,0.3943965517241379,0.6141866761090908,0.4444444444444444,0.0,0.0,0.0,0.0,0.0,0.0,0.0,0.0,0.0,2002,radio,0.5
1,4,lr1e-04_bs32_modL1_fusion32_fusionL1_drop0p2_trmiss50_trlocradio,32,0.0001,1,32,1,0.2,lr1e-04_bs32_modL1_fusion32_fusionL1_drop0p2_trmiss50_trlocradio,41,0.4640095631281535,0.7558080554008484,0.3879310344827586,0.6117777218560587,0.4444444444444444,0.0,0.0,0.0,0.0,0.0,0.0,0.0,0.0,0.0,2002,radio,0.5
1,4,lr1e-04_bs32_modL1_fusion32_fusionL1_drop0p2_trmiss50_trlocradio,32,0.0001,1,32,1,0.2,lr1e-04_bs32_modL1_fusion32_fusionL1_drop0p2_trmiss50_trlocradio,42,0.459966445962588,0.7578095197677612,0.38146551724137934,0.6093281783629396,0.4444444444444444,0.0,0.0,0.0,0.0,0.0,0.0,0.0,0.0,0.0,2002,radio,0.5
1,4,lr1e-04_bs32_modL1_fusion32_fusionL1_drop0p2_trmiss50_trlocradio,32,0.0001,1,32,1,0.2,lr1e-04_bs32_modL1_fusion32_fusionL1_drop0p2_trmiss50_trlocradio,43,0.4642016490300496,0.7561634182929993,0.38362068965517243,0.6099264689612303,0.4222222222222222,0.0,0.0,0.0,0.0,0.0,0.0,0.0,0.0,0.0,2002,radio,0.5
1,4,lr1e-04_bs32_modL1_fusion32_fusionL1_drop0p2_trmiss50_trlocradio,32,0.0001,1,32,1,0.2,lr1e-04_bs32_modL1_fusion32_fusionL1_drop0p2_trmiss50_trlocradio,44,0.4667092760403951,0.7541687786579132,0.3900862068965517,0.61272007119421,0.4222222222222222,0.0,0.0,0.0,0.0,0.0,0.0,0.0,0.0,0.0,2002,radio,0.5
1,4,lr1e-04_bs32_modL1_fusion32_fusionL1_drop0p2_trmiss50_trlocradio,32,0.0001,1,32,1,0.2,lr1e-04_bs32_modL1_fusion32_fusionL1_drop0p2_trmiss50_trlocradio,45,0.4690733303626378,0.7557798027992249,0.38146551724137934,0.6093959649824505,0.4222222222222222,0.0,0.0,0.0,0.0,0.0,0.0,0.0,0.0,0.0,2002,radio,0.5
1,4,lr1e-04_bs32_modL1_fusion32_fusionL1_drop0p2_trmiss50_trlocradio,32,0.0001,1,32,1,0.2,lr1e-04_bs32_modL1_fusion32_fusionL1_drop0p2_trmiss50_trlocradio,46,0.4618093967437744,0.7559107542037964,0.375,0.6076043885052755,0.4222222222222222,0.0,0.0,0.0,0.0,0.0,0.0,0.0,0.0,0.0,2002,radio,0.5
1,4,lr1e-04_bs32_modL1_fusion32_fusionL1_drop0p2_trmiss50_trlocradio,32,0.0001,1,32,1,0.2,lr1e-04_bs32_modL1_fusion32_fusionL1_drop0p2_trmiss50_trlocradio,47,0.48614488045374554,0.7535862922668457,0.3857758620689655,0.6108764806023834,0.4,0.0,0.0,0.0,0.0,0.0,0.0,0.0,0.0,0.0,2002,radio,0.5
1,4,lr1e-04_bs32_modL1_fusion32_fusionL1_drop0p2_trmiss50_trlocradio,32,0.0001,1,32,1,0.2,lr1e-04_bs32_modL1_fusion32_fusionL1_drop0p2_trmiss50_trlocradio,48,0.4446231077114741,0.7536954581737518,0.37715517241379315,0.6074335469743586,0.4222222222222222,0.0,0.0,0.0,0.0,0.0,0.0,0.0,0.0,0.0,2002,radio,0.5
1,4,lr1e-04_bs32_modL1_fusion32_fusionL1_drop0p2_trmiss50_trlocradio,32,0.0001,1,32,1,0.2,lr1e-04_bs32_modL1_fusion32_fusionL1_drop0p2_trmiss50_trlocradio,49,0.46344060202439624,0.7516743242740631,0.3879310344827586,0.6144274554895652,0.4,0.0,0.0,0.0,0.0,0.0,0.0,0.0,0.0,0.0,2002,radio,0.5
1,4,lr1e-04_bs32_modL1_fusion32_fusionL1_drop0p2_trmiss50_trlocradio,32,0.0001,1,32,1,0.2,lr1e-04_bs32_modL1_fusion32_fusionL1_drop0p2_trmiss50_trlocradio,50,0.484331746896108,0.755573570728302,0.3879310344827586,0.6137992626199931,0.4,0.0,0.0,0.0,0.0,0.0,0.0,0.0,0.0,0.0,2002,radio,0.5
1,4,lr1e-04_bs32_modL1_fusion32_fusionL1_drop0p2_trmiss50_trlocradio,32,0.0001,1,32,1,0.2,lr1e-04_bs32_modL1_fusion32_fusionL1_drop0p2_trmiss50_trlocradio,51,0.4625512361526489,0.7532171010971069,0.38793103448275856,0.6119379806370071,0.4222222222222222,0.0,0.0,0.0,0.0,0.0,0.0,0.0,0.0,0.0,2002,radio,0.5
1,4,lr1e-04_bs32_modL1_fusion32_fusionL1_drop0p2_trmiss50_trlocradio,32,0.0001,1,32,1,0.2,lr1e-04_bs32_modL1_fusion32_fusionL1_drop0p2_trmiss50_trlocradio,52,0.4677641838788986,0.754673421382904,0.3900862068965517,0.6125823195572082,0.4222222222222222,0.0,0.0,0.0,0.0,0.0,0.0,0.0,0.0,0.0,2002,radio,0.5
1,4,lr1e-04_bs32_modL1_fusion32_fusionL1_drop0p2_trmiss50_trlocradio,32,0.0001,1,32,1,0.2,lr1e-04_bs32_modL1_fusion32_fusionL1_drop0p2_trmiss50_trlocradio,53,0.48076318204402924,0.7558531165122986,0.3879310344827586,0.6122411913697661,0.4222222222222222,0.0,0.0,0.0,0.0,0.0,0.0,0.0,0.0,0.0,2002,radio,0.5
1,4,lr1e-04_bs32_modL1_fusion32_fusionL1_drop0p2_trmiss50_trlocradio,32,0.0001,1,32,1,0.2,lr1e-04_bs32_modL1_fusion32_fusionL1_drop0p2_trmiss50_trlocradio,54,0.4839709848165512,0.7552086710929871,0.39224137931034486,0.6131279441114534,0.4222222222222222,0.0,0.0,0.0,0.0,0.0,0.0,0.0,0.0,0.0,2002,radio,0.5
1,4,lr1e-04_bs32_modL1_fusion32_fusionL1_drop0p2_trmiss50_trlocradio,32,0.0001,1,32,1,0.2,lr1e-04_bs32_modL1_fusion32_fusionL1_drop0p2_trmiss50_trlocradio,55,0.4555499255657196,0.7536613643169403,0.39224137931034486,0.6131279441114534,0.4222222222222222,0.0,0.0,0.0,0.0,0.0,0.0,0.0,0.0,0.0,2002,radio,0.5
1,4,lr1e-04_bs32_modL1_fusion32_fusionL1_drop0p2_trmiss50_trlocradio,32,0.0001,1,32,1,0.2,lr1e-04_bs32_modL1_fusion32_fusionL1_drop0p2_trmiss50_trlocradio,56,0.47813721497853595,0.7548372745513916,0.3879310344827586,0.6111585739879251,0.4222222222222222,0.0,0.0,0.0,0.0,0.0,0.0,0.0,0.0,0.0,2002,radio,0.5
1,4,lr1e-04_bs32_modL1_fusion32_fusionL1_drop0p2_trmiss50_trlocradio,32,0.0001,1,32,1,0.2,lr1e-04_bs32_modL1_fusion32_fusionL1_drop0p2_trmiss50_trlocradio,57,0.4791663686434428,0.7570243775844574,0.3836206896551724,0.6123106171658304,0.4222222222222222,0.0,0.0,0.0,0.0,0.0,0.0,0.0,0.0,0.0,2002,radio,0.5
1,4,lr1e-04_bs32_modL1_fusion32_fusionL1_drop0p2_trmiss50_trlocradio,32,0.0001,1,32,1,0.2,lr1e-04_bs32_modL1_fusion32_fusionL1_drop0p2_trmiss50_trlocradio,58,0.4659914920727412,0.7567406594753265,0.3857758620689655,0.6139373474335341,0.4222222222222222,0.0,0.0,0.0,0.0,0.0,0.0,0.0,0.0,0.0,2002,radio,0.5
1,4,lr1e-04_bs32_modL1_fusion32_fusionL1_drop0p2_trmiss50_trlocradio,32,0.0001,1,32,1,0.2,lr1e-04_bs32_modL1_fusion32_fusionL1_drop0p2_trmiss50_trlocradio,59,0.48875005543231964,0.7557936310768127,0.38362068965517243,0.6140005897797731,0.4222222222222222,0.0,0.0,0.0,0.0,0.0,0.0,0.0,0.0,0.0,2002,radio,0.5
1,4,lr1e-04_bs32_modL1_fusion32_fusionL1_drop0p2_trmiss50_trlocradio,32,0.0001,1,32,1,0.2,lr1e-04_bs32_modL1_fusion32_fusionL1_drop0p2_trmiss50_trlocradio,60,0.46338026225566864,0.7545643150806427,0.38146551724137934,0.6093938978698008,0.4222222222222222,0.0,0.0,0.0,0.0,0.0,0.0,0.0,0.0,0.0,2002,radio,0.5
1,4,lr1e-04_bs32_modL1_fusion32_fusionL1_drop0p1_trmiss50_trlocradio,32,0.0001,1,32,1,0.1,lr1e-04_bs32_modL1_fusion32_fusionL1_drop0p1_trmiss50_trlocradio,1,0.6951453685760498,0.6918900310993195,0.37931034482758624,0.5738956121191567,0.6444444444444445,0.0,0.0,0.0,0.0,0.0,0.0,0.0,0.0,0.0,2002,radio,0.5
1,4,lr1e-04_bs32_modL1_fusion32_fusionL1_drop0p1_trmiss50_trlocradio,32,0.0001,1,32,1,0.1,lr1e-04_bs32_modL1_fusion32_fusionL1_drop0p1_trmiss50_trlocradio,2,0.6302891472975413,0.697058379650116,0.3706896551724138,0.5749832182647157,0.6222222222222222,0.0,0.0,0.0,0.0,0.0,0.0,0.0,0.0,0.0,2002,radio,0.5
1,4,lr1e-04_bs32_modL1_fusion32_fusionL1_drop0p1_trmiss50_trlocradio,32,0.0001,1,32,1,0.1,lr1e-04_bs32_modL1_fusion32_fusionL1_drop0p1_trmiss50_trlocradio,3,0.6302003363768259,0.7002471685409546,0.3857758620689655,0.5872252477329215,0.6,0.0,0.0,0.0,0.0,0.0,0.0,0.0,0.0,0.0,2002,radio,0.5
1,4,lr1e-04_bs32_modL1_fusion32_fusionL1_drop0p1_trmiss50_trlocradio,32,0.0001,1,32,1,0.1,lr1e-04_bs32_modL1_fusion32_fusionL1_drop0p1_trmiss50_trlocradio,4,0.5877444247404734,0.7044892013072968,0.39439655172413796,0.6037274744760619,0.5777777777777777,0.0,0.0,0.0,0.0,0.0,0.0,0.0,0.0,0.0,2002,radio,0.5
1,4,lr1e-04_bs32_modL1_fusion32_fusionL1_drop0p1_trmiss50_trlocradio,32,0.0001,1,32,1,0.1,lr1e-04_bs32_modL1_fusion32_fusionL1_drop0p1_trmiss50_trlocradio,5,0.5631862580776215,0.707056075334549,0.41594827586206895,0.6185314852456569,0.5777777777777777,0.0,0.0,0.0,0.0,0.0,0.0,0.0,0.0,0.0,2002,radio,0.5
1,4,lr1e-04_bs32_modL1_fusion32_fusionL1_drop0p1_trmiss50_trlocradio,32,0.0001,1,32,1,0.1,lr1e-04_bs32_modL1_fusion32_fusionL1_drop0p1_trmiss50_trlocradio,6,0.5478774309158325,0.7139414846897125,0.39655172413793105,0.6034720101964032,0.5333333333333333,0.0,0.0,0.0,0.0,0.0,0.0,0.0,0.0,0.0,2002,radio,0.5
1,4,lr1e-04_bs32_modL1_fusion32_fusionL1_drop0p1_trmiss50_trlocradio,32,0.0001,1,32,1,0.1,lr1e-04_bs32_modL1_fusion32_fusionL1_drop0p1_trmiss50_trlocradio,7,0.5283407767613729,0.717439591884613,0.4051724137931035,0.6104068734994752,0.5555555555555556,0.0,0.0,0.0,0.0,0.0,0.0,0.0,0.0,0.0,2002,radio,0.5
1,4,lr1e-04_bs32_modL1_fusion32_fusionL1_drop0p1_trmiss50_trlocradio,32,0.0001,1,32,1,0.1,lr1e-04_bs32_modL1_fusion32_fusionL1_drop0p1_trmiss50_trlocradio,8,0.5165190200010935,0.7180420458316803,0.3987068965517242,0.612740108591331,0.5333333333333333,0.0,0.0,0.0,0.0,0.0,0.0,0.0,0.0,0.0,2002,radio,0.5
1,4,lr1e-04_bs32_modL1_fusion32_fusionL1_drop0p1_trmiss50_trlocradio,32,0.0001,1,32,1,0.1,lr1e-04_bs32_modL1_fusion32_fusionL1_drop0p1_trmiss50_trlocradio,9,0.5137937615315119,0.7164782285690308,0.40086206896551724,0.6048244285263438,0.5333333333333333,0.0,0.0,0.0,0.0,0.0,0.0,0.0,0.0,0.0,2002,radio,0.5
1,4,lr1e-04_bs32_modL1_fusion32_fusionL1_drop0p1_trmiss50_trlocradio,32,0.0001,1,32,1,0.1,lr1e-04_bs32_modL1_fusion32_fusionL1_drop0p1_trmiss50_trlocradio,10,0.4947203944126765,0.7169574797153473,0.4030172413793104,0.6065020237946437,0.5333333333333333,0.0,0.0,0.0,0.0,0.0,0.0,0.0,0.0,0.0,2002,radio,0.5
1,4,lr1e-04_bs32_modL1_fusion32_fusionL1_drop0p1_trmiss50_trlocradio,32,0.0001,1,32,1,0.1,lr1e-04_bs32_modL1_fusion32_fusionL1_drop0p1_trmiss50_trlocradio,11,0.5137766400973002,0.7167508006095886,0.4137931034482759,0.61127573583972,0.5333333333333333,0.0,0.0,0.0,0.0,0.0,0.0,0.0,0.0,0.0,2002,radio,0.5
1,4,lr1e-04_bs32_modL1_fusion32_fusionL1_drop0p1_trmiss50_trlocradio,32,0.0001,1,32,1,0.1,lr1e-04_bs32_modL1_fusion32_fusionL1_drop0p1_trmiss50_trlocradio,12,0.4905596226453781,0.7188266515731812,0.4137931034482759,0.6112967036465318,0.5111111111111111,0.0,0.0,0.0,0.0,0.0,0.0,0.0,0.0,0.0,2002,radio,0.5
1,4,lr1e-04_bs32_modL1_fusion32_fusionL1_drop0p1_trmiss50_trlocradio,32,0.0001,1,32,1,0.1,lr1e-04_bs32_modL1_fusion32_fusionL1_drop0p1_trmiss50_trlocradio,13,0.47400326033433277,0.7191061973571777,0.4224137931034483,0.6131312724978342,0.5111111111111111,0.0,0.0,0.0,0.0,0.0,0.0,0.0,0.0,0.0,2002,radio,0.5
1,4,lr1e-04_bs32_modL1_fusion32_fusionL1_drop0p1_trmiss50_trlocradio,32,0.0001,1,32,1,0.1,lr1e-04_bs32_modL1_fusion32_fusionL1_drop0p1_trmiss50_trlocradio,14,0.47207964956760406,0.7203892469406128,0.42025862068965514,0.6130969508939524,0.5111111111111111,0.0,0.0,0.0,0.0,0.0,0.0,0.0,0.0,0.0,2002,radio,0.5
1,4,lr1e-04_bs32_modL1_fusion32_fusionL1_drop0p1_trmiss50_trlocradio,32,0.0001,1,32,1,0.1,lr1e-04_bs32_modL1_fusion32_fusionL1_drop0p1_trmiss50_trlocradio,15,0.4688287029663722,0.7212663292884827,0.41163793103448276,0.6089808805545515,0.5111111111111111,0.0,0.0,0.0,0.0,0.0,0.0,0.0,0.0,0.0,2002,radio,0.5
1,4,lr1e-04_bs32_modL1_fusion32_fusionL1_drop0p1_trmiss50_trlocradio,32,0.0001,1,32,1,0.1,lr1e-04_bs32_modL1_fusion32_fusionL1_drop0p1_trmiss50_trlocradio,16,0.4856316496928533,0.7183425724506378,0.41379310344827586,0.6111858908864968,0.5333333333333333,0.0,0.0,0.0,0.0,0.0,0.0,0.0,0.0,0.0,2002,radio,0.5
1,4,lr1e-04_bs32_modL1_fusion32_fusionL1_drop0p1_trmiss50_trlocradio,32,0.0001,1,32,1,0.1,lr1e-04_bs32_modL1_fusion32_fusionL1_drop0p1_trmiss50_trlocradio,17,0.47481707235177356,0.7176502346992493,0.4245689655172413,0.6163540295338912,0.5333333333333333,0.0,0.0,0.0,0.0,0.0,0.0,0.0,0.0,0.0,2002,radio,0.5
1,4,lr1e-04_bs32_modL1_fusion32_fusionL1_drop0p1_trmiss50_trlocradio,32,0.0001,1,32,1,0.1,lr1e-04_bs32_modL1_fusion32_fusionL1_drop0p1_trmiss50_trlocradio,18,0.471483513712883,0.71882763504982,0.4224137931034483,0.615880564523201,0.5333333333333333,0.0,0.0,0.0,0.0,0.0,0.0,0.0,0.0,0.0,2002,radio,0.5
1,4,lr1e-04_bs32_modL1_fusion32_fusionL1_drop0p1_trmiss50_trlocradio,32,0.0001,1,32,1,0.1,lr1e-04_bs32_modL1_fusion32_fusionL1_drop0p1_trmiss50_trlocradio,19,0.4629618724187215,0.7181797325611115,0.4267241379310345,0.6190693905332482,0.5333333333333333,0.0,0.0,0.0,0.0,0.0,0.0,0.0,0.0,0.0,2002,radio,0.5
1,4,lr1e-04_bs32_modL1_fusion32_fusionL1_drop0p1_trmiss50_trlocradio,32,0.0001,1,32,1,0.1,lr1e-04_bs32_modL1_fusion32_fusionL1_drop0p1_trmiss50_trlocradio,20,0.4520380000273387,0.7177003622055054,0.4267241379310345,0.620635161094521,0.5333333333333333,0.0,0.0,0.0,0.0,0.0,0.0,0.0,0.0,0.0,2002,radio,0.5
1,4,lr1e-04_bs32_modL1_fusion32_fusionL1_drop0p1_trmiss50_trlocradio,32,0.0001,1,32,1,0.1,lr1e-04_bs32_modL1_fusion32_fusionL1_drop0p1_trmiss50_trlocradio,21,0.45857490102450055,0.7182236015796661,0.42672413793103453,0.6204464617379056,0.5333333333333333,0.0,0.0,0.0,0.0,0.0,0.0,0.0,0.0,0.0,2002,radio,0.5
1,4,lr1e-04_bs32_modL1_fusion32_fusionL1_drop0p1_trmiss50_trlocradio,32,0.0001,1,32,1,0.1,lr1e-04_bs32_modL1_fusion32_fusionL1_drop0p1_trmiss50_trlocradio,22,0.4676211327314377,0.718214362859726,0.4224137931034483,0.6184853915195087,0.5333333333333333,0.0,0.0,0.0,0.0,0.0,0.0,0.0,0.0,0.0,2002,radio,0.5
1,4,lr1e-04_bs32_modL1_fusion32_fusionL1_drop0p1_trmiss50_trlocradio,32,0.0001,1,32,1,0.1,lr1e-04_bs32_modL1_fusion32_fusionL1_drop0p1_trmiss50_trlocradio,23,0.4432812879482905,0.7188551425933838,0.4288793103448276,0.6220315579967096,0.5333333333333333,0.0,0.0,0.0,0.0,0.0,0.0,0.0,0.0,0.0,2002,radio,0.5
1,4,lr1e-04_bs32_modL1_fusion32_fusionL1_drop0p1_trmiss50_trlocradio,32,0.0001,1,32,1,0.1,lr1e-04_bs32_modL1_fusion32_fusionL1_drop0p1_trmiss50_trlocradio,24,0.45024636884530383,0.7200871109962463,0.43103448275862066,0.6257026314953693,0.5333333333333333,0.0,0.0,0.0,0.0,0.0,0.0,0.0,0.0,0.0,2002,radio,0.5
1,4,lr1e-04_bs32_modL1_fusion32_fusionL1_drop0p1_trmiss50_trlocradio,32,0.0001,1,32,1,0.1,lr1e-04_bs32_modL1_fusion32_fusionL1_drop0p1_trmiss50_trlocradio,25,0.4485694020986557,0.7200270593166351,0.4267241379310345,0.623518327892936,0.5333333333333333,0.0,0.0,0.0,0.0,0.0,0.0,0.0,0.0,0.0,2002,radio,0.5
1,4,lr1e-04_bs32_modL1_fusion32_fusionL1_drop0p1_trmiss50_trlocradio,32,0.0001,1,32,1,0.1,lr1e-04_bs32_modL1_fusion32_fusionL1_drop0p1_trmiss50_trlocradio,26,0.45285022755463916,0.7197676599025726,0.4245689655172413,0.6229657195817071,0.5111111111111111,0.0,0.0,0.0,0.0,0.0,0.0,0.0,0.0,0.0,2002,radio,0.5
1,4,lr1e-04_bs32_modL1_fusion32_fusionL1_drop0p1_trmiss50_trlocradio,32,0.0001,1,32,1,0.1,lr1e-04_bs32_modL1_fusion32_fusionL1_drop0p1_trmiss50_trlocradio,27,0.4491371512413025,0.7203118801116943,0.43534482758620685,0.6267281890036642,0.5333333333333333,0.0,0.0,0.0,0.0,0.0,0.0,0.0,0.0,0.0,2002,radio,0.5
1,4,lr1e-04_bs32_modL1_fusion32_fusionL1_drop0p1_trmiss50_trlocradio,32,0.0001,1,32,1,0.1,lr1e-04_bs32_modL1_fusion32_fusionL1_drop0p1_trmiss50_trlocradio,28,0.4553896635770798,0.7196629047393799,0.4267241379310345,0.6235522792764713,0.5111111111111111,0.0,0.0,0.0,0.0,0.0,0.0,0.0,0.0,0.0,2002,radio,0.5
1,4,lr1e-04_bs32_modL1_fusion32_fusionL1_drop0p1_trmiss50_trlocradio,32,0.0001,1,32,1,0.1,lr1e-04_bs32_modL1_fusion32_fusionL1_drop0p1_trmiss50_trlocradio,29,0.44342099130153656,0.7194133102893829,0.43749999999999994,0.6315071918074825,0.5111111111111111,0.0,0.0,0.0,0.0,0.0,0.0,0.0,0.0,0.0,2002,radio,0.5
1,4,lr1e-04_bs32_modL1_fusion32_fusionL1_drop0p1_trmiss50_trlocradio,32,0.0001,1,32,1,0.1,lr1e-04_bs32_modL1_fusion32_fusionL1_drop0p1_trmiss50_trlocradio,30,0.4590050329764684,0.7206809520721436,0.43534482758620685,0.6293074368977547,0.5111111111111111,0.0,0.0,0.0,0.0,0.0,0.0,0.0,0.0,0.0,2002,radio,0.5
1,4,lr1e-04_bs32_modL1_fusion32_fusionL1_drop0p1_trmiss50_trlocradio,32,0.0001,1,32,1,0.1,lr1e-04_bs32_modL1_fusion32_fusionL1_drop0p1_trmiss50_trlocradio,31,0.4545165201028188,0.7204311788082123,0.4331896551724138,0.6262372478040925,0.5111111111111111,0.0,0.0,0.0,0.0,0.0,0.0,0.0,0.0,0.0,2002,radio,0.5
1,4,lr1e-04_bs32_modL1_fusion32_fusionL1_drop0p1_trmiss50_trlocradio,32,0.0001,1,32,1,0.1,lr1e-04_bs32_modL1_fusion32_fusionL1_drop0p1_trmiss50_trlocradio,32,0.4321207602818807,0.7203759551048279,0.43534482758620685,0.6281284598586238,0.5333333333333333,0.0,0.0,0.0,0.0,0.0,0.0,0.0,0.0,0.0,2002,radio,0.5
1,4,lr1e-04_bs32_modL1_fusion32_fusionL1_drop0p1_trmiss50_trlocradio,32,0.0001,1,32,1,0.1,lr1e-04_bs32_modL1_fusion32_fusionL1_drop0p1_trmiss50_trlocradio,33,0.4385519822438558,0.7213655710220337,0.4288793103448275,0.624194414591174,0.5111111111111111,0.0,0.0,0.0,0.0,0.0,0.0,0.0,0.0,0.0,2002,radio,0.5
1,4,lr1e-04_bs32_modL1_fusion32_fusionL1_drop0p1_trmiss50_trlocradio,32,0.0001,1,32,1,0.1,lr1e-04_bs32_modL1_fusion32_fusionL1_drop0p1_trmiss50_trlocradio,34,0.4475429952144623,0.721127063035965,0.4331896551724138,0.627228717828317,0.5111111111111111,0.0,0.0,0.0,0.0,0.0,0.0,0.0,0.0,0.0,2002,radio,0.5
1,4,lr1e-04_bs32_modL1_fusion32_fusionL1_drop0p1_trmiss50_trlocradio,32,0.0001,1,32,1,0.1,lr1e-04_bs32_modL1_fusion32_fusionL1_drop0p1_trmiss50_trlocradio,35,0.446382333834966,0.7202630043029785,0.4331896551724138,0.6260732727174966,0.5111111111111111,0.0,0.0,0.0,0.0,0.0,0.0,0.0,0.0,0.0,2002,radio,0.5
1,4,lr1e-04_bs32_modL1_fusion32_fusionL1_drop0p1_trmiss50_trlocradio,32,0.0001,1,32,1,0.1,lr1e-04_bs32_modL1_fusion32_fusionL1_drop0p1_trmiss50_trlocradio,36,0.4475895365079244,0.7199510335922241,0.4482758620689655,0.6324929440747349,0.5111111111111111,0.0,0.0,0.0,0.0,0.0,0.0,0.0,0.0,0.0,2002,radio,0.5
1,4,lr1e-04_bs32_modL1_fusion32_fusionL1_drop0p1_trmiss50_trlocradio,32,0.0001,1,32,1,0.1,lr1e-04_bs32_modL1_fusion32_fusionL1_drop0p1_trmiss50_trlocradio,37,0.4445653110742569,0.7205116748809814,0.43534482758620685,0.6274692734916536,0.5111111111111111,0.0,0.0,0.0,0.0,0.0,0.0,0.0,0.0,0.0,2002,radio,0.5
1,4,lr1e-04_bs32_modL1_fusion32_fusionL1_drop0p1_trmiss50_trlocradio,32,0.0001,1,32,1,0.1,lr1e-04_bs32_modL1_fusion32_fusionL1_drop0p1_trmiss50_trlocradio,38,0.4437805861234665,0.7191447019577026,0.4439655172413793,0.6356319086928283,0.5111111111111111,0.0,0.0,0.0,0.0,0.0,0.0,0.0,0.0,0.0,2002,radio,0.5
1,4,lr1e-04_bs32_modL1_fusion32_fusionL1_drop0p1_trmiss50_trlocradio,32,0.0001,1,32,1,0.1,lr1e-04_bs32_modL1_fusion32_fusionL1_drop0p1_trmiss50_trlocradio,39,0.4469662110010783,0.7189434170722961,0.4418103448275862,0.6346118446280126,0.5111111111111111,0.0,0.0,0.0,0.0,0.0,0.0,0.0,0.0,0.0,2002,radio,0.5
1,4,lr1e-04_bs32_modL1_fusion32_fusionL1_drop0p1_trmiss50_trlocradio,32,0.0001,1,32,1,0.1,lr1e-04_bs32_modL1_fusion32_fusionL1_drop0p1_trmiss50_trlocradio,40,0.44892294704914093,0.7198388576507568,0.44396551724137934,0.635830472802443,0.5111111111111111,0.0,0.0,0.0,0.0,0.0,0.0,0.0,0.0,0.0,2002,radio,0.5
1,4,lr1e-04_bs32_modL1_fusion32_fusionL1_drop0p1_trmiss50_trlocradio,32,0.0001,1,32,1,0.1,lr1e-04_bs32_modL1_fusion32_fusionL1_drop0p1_trmiss50_trlocradio,41,0.45147598286469776,0.7208617925643921,0.44396551724137934,0.6358038526533644,0.5111111111111111,0.0,0.0,0.0,0.0,0.0,0.0,0.0,0.0,0.0,2002,radio,0.5
1,4,lr1e-04_bs32_modL1_fusion32_fusionL1_drop0p1_trmiss50_trlocradio,32,0.0001,1,32,1,0.1,lr1e-04_bs32_modL1_fusion32_fusionL1_drop0p1_trmiss50_trlocradio,42,0.44429464141527814,0.7217297255992889,0.4504310344827586,0.6389326505870164,0.5111111111111111,0.0,0.0,0.0,0.0,0.0,0.0,0.0,0.0,0.0,2002,radio,0.5
1,4,lr1e-04_bs32_modL1_fusion32_fusionL1_drop0p1_trmiss50_trlocradio,32,0.0001,1,32,1,0.1,lr1e-04_bs32_modL1_fusion32_fusionL1_drop0p1_trmiss50_trlocradio,43,0.43651339908440906,0.7212862968444824,0.4482758620689655,0.6382330256720813,0.5111111111111111,0.0,0.0,0.0,0.0,0.0,0.0,0.0,0.0,0.0,2002,radio,0.5
1,4,lr1e-04_bs32_modL1_fusion32_fusionL1_drop0p1_trmiss50_trlocradio,32,0.0001,1,32,1,0.1,lr1e-04_bs32_modL1_fusion32_fusionL1_drop0p1_trmiss50_trlocradio,44,0.43340522050857544,0.7211940884590149,0.4482758620689655,0.6388780878010764,0.5111111111111111,0.0,0.0,0.0,0.0,0.0,0.0,0.0,0.0,0.0,2002,radio,0.5
1,4,lr1e-04_bs32_modL1_fusion32_fusionL1_drop0p1_trmiss50_trlocradio,32,0.0001,1,32,1,0.1,lr1e-04_bs32_modL1_fusion32_fusionL1_drop0p1_trmiss50_trlocradio,45,0.44234801332155865,0.7211382389068604,0.4375,0.6283392332967046,0.5111111111111111,0.0,0.0,0.0,0.0,0.0,0.0,0.0,0.0,0.0,2002,radio,0.5
1,4,lr1e-04_bs32_modL1_fusion32_fusionL1_drop0p1_trmiss50_trlocradio,32,0.0001,1,32,1,0.1,lr1e-04_bs32_modL1_fusion32_fusionL1_drop0p1_trmiss50_trlocradio,46,0.43777430057525635,0.7212756276130676,0.43965517241379315,0.6281120620756186,0.5111111111111111,0.0,0.0,0.0,0.0,0.0,0.0,0.0,0.0,0.0,2002,radio,0.5
1,4,lr1e-04_bs32_modL1_fusion32_fusionL1_drop0p1_trmiss50_trlocradio,32,0.0001,1,32,1,0.1,lr1e-04_bs32_modL1_fusion32_fusionL1_drop0p1_trmiss50_trlocradio,47,0.44051608443260193,0.7192847728729248,0.43965517241379304,0.6330544100573602,0.5111111111111111,0.0,0.0,0.0,0.0,0.0,0.0,0.0,0.0,0.0,2002,radio,0.5
1,4,lr1e-04_bs32_modL1_fusion32_fusionL1_drop0p1_trmiss50_trlocradio,32,0.0001,1,32,1,0.1,lr1e-04_bs32_modL1_fusion32_fusionL1_drop0p1_trmiss50_trlocradio,48,0.45098352432250977,0.7197321653366089,0.44396551724137934,0.6355862177749264,0.5111111111111111,0.0,0.0,0.0,0.0,0.0,0.0,0.0,0.0,0.0,2002,radio,0.5
1,4,lr1e-04_bs32_modL1_fusion32_fusionL1_drop0p1_trmiss50_trlocradio,32,0.0001,1,32,1,0.1,lr1e-04_bs32_modL1_fusion32_fusionL1_drop0p1_trmiss50_trlocradio,49,0.4419844100872676,0.7217011451721191,0.4418103448275862,0.6294536328764613,0.5111111111111111,0.0,0.0,0.0,0.0,0.0,0.0,0.0,0.0,0.0,2002,radio,0.5
1,4,lr1e-04_bs32_modL1_fusion32_fusionL1_drop0p1_trmiss50_trlocradio,32,0.0001,1,32,1,0.1,lr1e-04_bs32_modL1_fusion32_fusionL1_drop0p1_trmiss50_trlocradio,50,0.44657739996910095,0.7210285663604736,0.44396551724137934,0.6294400763346674,0.5111111111111111,0.0,0.0,0.0,0.0,0.0,0.0,0.0,0.0,0.0,2002,radio,0.5
1,4,lr1e-04_bs32_modL1_fusion32_fusionL1_drop0p1_trmiss50_trlocradio,32,0.0001,1,32,1,0.1,lr1e-04_bs32_modL1_fusion32_fusionL1_drop0p1_trmiss50_trlocradio,51,0.43462705612182617,0.719992995262146,0.44396551724137934,0.6357261635911827,0.5111111111111111,0.0,0.0,0.0,0.0,0.0,0.0,0.0,0.0,0.0,2002,radio,0.5
1,4,lr1e-04_bs32_modL1_fusion32_fusionL1_drop0p1_trmiss50_trlocradio,32,0.0001,1,32,1,0.1,lr1e-04_bs32_modL1_fusion32_fusionL1_drop0p1_trmiss50_trlocradio,52,0.44228796660900116,0.7216426134109497,0.43965517241379304,0.6283604207564604,0.5111111111111111,0.0,0.0,0.0,0.0,0.0,0.0,0.0,0.0,0.0,2002,radio,0.5
1,4,lr1e-04_bs32_modL1_fusion32_fusionL1_drop0p1_trmiss50_trlocradio,32,0.0001,1,32,1,0.1,lr1e-04_bs32_modL1_fusion32_fusionL1_drop0p1_trmiss50_trlocradio,53,0.44942433138688404,0.7209789454936981,0.4375,0.6305612477576503,0.5111111111111111,0.0,0.0,0.0,0.0,0.0,0.0,0.0,0.0,0.0,2002,radio,0.5
1,4,lr1e-04_bs32_modL1_fusion32_fusionL1_drop0p1_trmiss50_trlocradio,32,0.0001,1,32,1,0.1,lr1e-04_bs32_modL1_fusion32_fusionL1_drop0p1_trmiss50_trlocradio,54,0.4511372397343318,0.7237633168697357,0.4396551724137931,0.6304407565949824,0.5111111111111111,0.0,0.0,0.0,0.0,0.0,0.0,0.0,0.0,0.0,2002,radio,0.5
1,4,lr1e-04_bs32_modL1_fusion32_fusionL1_drop0p1_trmiss50_trlocradio,32,0.0001,1,32,1,0.1,lr1e-04_bs32_modL1_fusion32_fusionL1_drop0p1_trmiss50_trlocradio,55,0.44537773231665295,0.7222050130367279,0.43534482758620685,0.6314699754100451,0.5111111111111111,0.0,0.0,0.0,0.0,0.0,0.0,0.0,0.0,0.0,2002,radio,0.5
1,4,lr1e-04_bs32_modL1_fusion32_fusionL1_drop0p1_trmiss50_trlocradio,32,0.0001,1,32,1,0.1,lr1e-04_bs32_modL1_fusion32_fusionL1_drop0p1_trmiss50_trlocradio,56,0.4496709555387497,0.7215894460678101,0.4525862068965517,0.6414346829166552,0.5111111111111111,0.0,0.0,0.0,0.0,0.0,0.0,0.0,0.0,0.0,2002,radio,0.5
1,4,lr1e-04_bs32_modL1_fusion32_fusionL1_drop0p1_trmiss50_trlocradio,32,0.0001,1,32,1,0.1,lr1e-04_bs32_modL1_fusion32_fusionL1_drop0p1_trmiss50_trlocradio,57,0.4542565842469533,0.7215376198291779,0.4439655172413792,0.6376867034961017,0.5111111111111111,0.0,0.0,0.0,0.0,0.0,0.0,0.0,0.0,0.0,2002,radio,0.5
1,4,lr1e-04_bs32_modL1_fusion32_fusionL1_drop0p1_trmiss50_trlocradio,32,0.0001,1,32,1,0.1,lr1e-04_bs32_modL1_fusion32_fusionL1_drop0p1_trmiss50_trlocradio,58,0.4510118414958318,0.7215557396411896,0.44396551724137934,0.6375924485977473,0.5111111111111111,0.0,0.0,0.0,0.0,0.0,0.0,0.0,0.0,0.0,2002,radio,0.5
1,4,lr1e-04_bs32_modL1_fusion32_fusionL1_drop0p1_trmiss50_trlocradio,32,0.0001,1,32,1,0.1,lr1e-04_bs32_modL1_fusion32_fusionL1_drop0p1_trmiss50_trlocradio,59,0.429390013217926,0.7211586236953735,0.4418103448275862,0.6347399925238757,0.5111111111111111,0.0,0.0,0.0,0.0,0.0,0.0,0.0,0.0,0.0,2002,radio,0.5
1,4,lr1e-04_bs32_modL1_fusion32_fusionL1_drop0p1_trmiss50_trlocradio,32,0.0001,1,32,1,0.1,lr1e-04_bs32_modL1_fusion32_fusionL1_drop0p1_trmiss50_trlocradio,60,0.4418733964363734,0.7227960824966431,0.43534482758620685,0.6263437154796858,0.5111111111111111,0.0,0.0,0.0,0.0,0.0,0.0,0.0,0.0,0.0,2002,radio,0.5
1,4,lr1e-04_bs32_modL1_fusion32_fusionL1_drop0p1_trmiss50_trlocradio,32,0.0001,1,32,1,0.1,lr1e-04_bs32_modL1_fusion32_fusionL1_drop0p1_trmiss50_trlocradio,61,0.4533839126427968,0.7220693826675415,0.4375,0.6284627277438886,0.5111111111111111,0.0,0.0,0.0,0.0,0.0,0.0,0.0,0.0,0.0,2002,radio,0.5
1,4,lr1e-04_bs32_modL1_fusion32_fusionL1_drop0p1_trmiss50_trlocradio,32,0.0001,1,32,1,0.1,lr1e-04_bs32_modL1_fusion32_fusionL1_drop0p1_trmiss50_trlocradio,62,0.44697539508342743,0.7230521142482758,0.43965517241379304,0.6302970133128536,0.5111111111111111,0.0,0.0,0.0,0.0,0.0,0.0,0.0,0.0,0.0,2002,radio,0.5
1,4,lr1e-04_bs32_modL1_fusion32_fusionL1_drop0p1_trmiss50_trlocradio,32,0.0001,1,32,1,0.1,lr1e-04_bs32_modL1_fusion32_fusionL1_drop0p1_trmiss50_trlocradio,63,0.4422510365645091,0.7213124632835388,0.45474137931034486,0.6409750052289227,0.5111111111111111,0.0,0.0,0.0,0.0,0.0,0.0,0.0,0.0,0.0,2002,radio,0.5
1,4,lr1e-04_bs32_modL1_fusion32_fusionL1_drop0p1_trmiss50_trlocradio,32,0.0001,1,32,1,0.1,lr1e-04_bs32_modL1_fusion32_fusionL1_drop0p1_trmiss50_trlocradio,64,0.4501584470272064,0.7215620875358582,0.4461206896551724,0.6385868945105235,0.5111111111111111,0.0,0.0,0.0,0.0,0.0,0.0,0.0,0.0,0.0,2002,radio,0.5
1,4,lr1e-04_bs32_modL1_fusion32_fusionL1_drop0p1_trmiss50_trlocradio,32,0.0001,1,32,1,0.1,lr1e-04_bs32_modL1_fusion32_fusionL1_drop0p1_trmiss50_trlocradio,65,0.44923830032348633,0.7213467359542847,0.4439655172413793,0.637064627684531,0.5111111111111111,0.0,0.0,0.0,0.0,0.0,0.0,0.0,0.0,0.0,2002,radio,0.5
1,4,lr1e-04_bs32_modL1_fusion32_fusionL1_drop0p1_trmiss50_trlocradio,32,0.0001,1,32,1,0.1,lr1e-04_bs32_modL1_fusion32_fusionL1_drop0p1_trmiss50_trlocradio,66,0.4393184185028076,0.7206758856773376,0.4418103448275862,0.635854706329419,0.5111111111111111,0.0,0.0,0.0,0.0,0.0,0.0,0.0,0.0,0.0,2002,radio,0.5
1,4,lr1e-04_bs32_modL1_fusion32_fusionL1_drop0p1_trmiss50_trlocradio,32,0.0001,1,32,1,0.1,lr1e-04_bs32_modL1_fusion32_fusionL1_drop0p1_trmiss50_trlocradio,67,0.4572835961977641,0.7207930982112885,0.4461206896551724,0.6374263429416236,0.5111111111111111,0.0,0.0,0.0,0.0,0.0,0.0,0.0,0.0,0.0,2002,radio,0.5
1,4,lr1e-04_bs32_modL1_fusion32_fusionL1_drop0p1_trmiss50_trlocradio,32,0.0001,1,32,1,0.1,lr1e-04_bs32_modL1_fusion32_fusionL1_drop0p1_trmiss50_trlocradio,68,0.4353370318810145,0.7211504876613617,0.4504310344827587,0.641252918664751,0.5111111111111111,0.0,0.0,0.0,0.0,0.0,0.0,0.0,0.0,0.0,2002,radio,0.5
1,4,lr1e-04_bs32_modL1_fusion32_fusionL1_drop0p1_trmiss50_trlocradio,32,0.0001,1,32,1,0.1,lr1e-04_bs32_modL1_fusion32_fusionL1_drop0p1_trmiss50_trlocradio,69,0.43707112471262616,0.722487598657608,0.4418103448275862,0.6299406932145946,0.5111111111111111,0.0,0.0,0.0,0.0,0.0,0.0,0.0,0.0,0.0,2002,radio,0.5
1,4,lr1e-04_bs32_modL1_fusion32_fusionL1_drop0p1_trmiss50_trlocradio,32,0.0001,1,32,1,0.1,lr1e-04_bs32_modL1_fusion32_fusionL1_drop0p1_trmiss50_trlocradio,70,0.44315187136332196,0.7225314974784851,0.4418103448275862,0.6325291392513165,0.5111111111111111,0.0,0.0,0.0,0.0,0.0,0.0,0.0,0.0,0.0,2002,radio,0.5
1,4,lr1e-04_bs32_modL1_fusion32_fusionL1_drop0p1_trmiss50_trlocradio,32,0.0001,1,32,1,0.1,lr1e-04_bs32_modL1_fusion32_fusionL1_drop0p1_trmiss50_trlocradio,71,0.4373121112585068,0.7226584553718567,0.44396551724137934,0.6334486794812015,0.5111111111111111,0.0,0.0,0.0,0.0,0.0,0.0,0.0,0.0,0.0,2002,radio,0.5
1,4,lr1e-04_bs32_modL1_fusion32_fusionL1_drop0p1_trmiss50_trlocradio,32,0.0001,1,32,1,0.1,lr1e-04_bs32_modL1_fusion32_fusionL1_drop0p1_trmiss50_trlocradio,72,0.4361494282881419,0.7226554751396179,0.4482758620689655,0.6335744913583746,0.5111111111111111,0.0,0.0,0.0,0.0,0.0,0.0,0.0,0.0,0.0,2002,radio,0.5
1,4,lr1e-04_bs32_modL1_fusion32_fusionL1_drop0p1_trmiss50_trlocradio,32,0.0001,1,32,1,0.1,lr1e-04_bs32_modL1_fusion32_fusionL1_drop0p1_trmiss50_trlocradio,73,0.44843019048372906,0.7193172574043274,0.45258620689655177,0.6410373748012741,0.5111111111111111,0.0,0.0,0.0,0.0,0.0,0.0,0.0,0.0,0.0,2002,radio,0.5
1,4,lr1e-04_bs32_modL1_fusion32_fusionL1_drop0p1_trmiss50_trlocradio,32,0.0001,1,32,1,0.1,lr1e-04_bs32_modL1_fusion32_fusionL1_drop0p1_trmiss50_trlocradio,74,0.46197129289309186,0.7219630181789398,0.4461206896551724,0.6384970670885526,0.5333333333333333,0.0,0.0,0.0,0.0,0.0,0.0,0.0,0.0,0.0,2002,radio,0.5
1,4,lr1e-04_bs32_modL1_fusion32_fusionL1_drop0p1_trmiss50_trlocradio,32,0.0001,1,32,1,0.1,lr1e-04_bs32_modL1_fusion32_fusionL1_drop0p1_trmiss50_trlocradio,75,0.44441846509774524,0.7212742567062378,0.4418103448275862,0.6363336560503886,0.5111111111111111,0.0,0.0,0.0,0.0,0.0,0.0,0.0,0.0,0.0,2002,radio,0.5
1,4,lr1e-04_bs32_modL1_fusion32_fusionL1_drop0p1_trmiss50_trlocradio,32,0.0001,1,32,1,0.1,lr1e-04_bs32_modL1_fusion32_fusionL1_drop0p1_trmiss50_trlocradio,76,0.4523826539516449,0.7194482684135437,0.4482758620689655,0.6385957556355372,0.5111111111111111,0.0,0.0,0.0,0.0,0.0,0.0,0.0,0.0,0.0,2002,radio,0.5
1,4,lr1e-04_bs32_modL1_fusion32_fusionL1_drop0p1_trmiss50_trlocradio,32,0.0001,1,32,1,0.1,lr1e-04_bs32_modL1_fusion32_fusionL1_drop0p1_trmiss50_trlocradio,77,0.43715521693229675,0.7190530598163605,0.45043103448275856,0.6402993320215092,0.5111111111111111,0.0,0.0,0.0,0.0,0.0,0.0,0.0,0.0,0.0,2002,radio,0.5
1,4,lr1e-04_bs32_modL1_fusion32_fusionL1_drop0p1_trmiss50_trlocradio,32,0.0001,1,32,1,0.1,lr1e-04_bs32_modL1_fusion32_fusionL1_drop0p1_trmiss50_trlocradio,78,0.44459685186545056,0.7198418378829956,0.4418103448275862,0.635854706329419,0.5111111111111111,0.0,0.0,0.0,0.0,0.0,0.0,0.0,0.0,0.0,2002,radio,0.5
1,4,lr1e-04_bs32_modL1_fusion32_fusionL1_drop0p1_trmiss50_trlocradio,32,0.0001,1,32,1,0.1,lr1e-04_bs32_modL1_fusion32_fusionL1_drop0p1_trmiss50_trlocradio,79,0.43482203284899396,0.7185886800289154,0.4504310344827586,0.6393210675544009,0.5111111111111111,0.0,0.0,0.0,0.0,0.0,0.0,0.0,0.0,0.0,2002,radio,0.5
1,4,lr1e-04_bs32_modL1_fusion32_fusionL1_drop0p1_trmiss50_trlocradio,32,0.0001,1,32,1,0.1,lr1e-04_bs32_modL1_fusion32_fusionL1_drop0p1_trmiss50_trlocradio,80,0.4430346389611562,0.7198176383972168,0.4461206896551724,0.6381095597639458,0.5111111111111111,0.0,0.0,0.0,0.0,0.0,0.0,0.0,0.0,0.0,2002,radio,0.5
1,4,lr1e-04_bs32_modL1_fusion64_fusionL1_drop0p2_trmiss50_trlocradio,32,0.0001,1,64,1,0.2,lr1e-04_bs32_modL1_fusion64_fusionL1_drop0p2_trmiss50_trlocradio,1,0.7004315356413523,0.6850206255912781,0.6163793103448275,0.7361292473480032,0.6444444444444445,0.0,0.0,0.0,0.0,0.0,0.0,0.0,0.0,0.0,2002,radio,0.5
1,4,lr1e-04_bs32_modL1_fusion64_fusionL1_drop0p2_trmiss50_trlocradio,32,0.0001,1,64,1,0.2,lr1e-04_bs32_modL1_fusion64_fusionL1_drop0p2_trmiss50_trlocradio,2,0.6507819592952728,0.6837244033813477,0.625,0.7486140306251724,0.6444444444444445,0.0,0.0,0.0,0.0,0.0,0.0,0.0,0.0,0.0,2002,radio,0.5
1,4,lr1e-04_bs32_modL1_fusion64_fusionL1_drop0p2_trmiss50_trlocradio,32,0.0001,1,64,1,0.2,lr1e-04_bs32_modL1_fusion64_fusionL1_drop0p2_trmiss50_trlocradio,3,0.6344401637713114,0.6781146228313446,0.6400862068965517,0.7669348842503506,0.6222222222222222,0.0,0.0,0.0,0.0,0.0,0.0,0.0,0.0,0.0,2002,radio,0.5
1,4,lr1e-04_bs32_modL1_fusion64_fusionL1_drop0p2_trmiss50_trlocradio,32,0.0001,1,64,1,0.2,lr1e-04_bs32_modL1_fusion64_fusionL1_drop0p2_trmiss50_trlocradio,4,0.6178080240885416,0.6712868511676788,0.665948275862069,0.7922285958521588,0.7111111111111111,0.0,0.0,0.0,0.0,0.0,0.0,0.0,0.0,0.0,2002,radio,0.5
1,4,lr1e-04_bs32_modL1_fusion64_fusionL1_drop0p2_trmiss50_trlocradio,32,0.0001,1,64,1,0.2,lr1e-04_bs32_modL1_fusion64_fusionL1_drop0p2_trmiss50_trlocradio,5,0.5962508221467336,0.669395387172699,0.6745689655172413,0.7897452293409393,0.6666666666666666,0.0,0.0,0.0,0.0,0.0,0.0,0.0,0.0,0.0,2002,radio,0.5
1,4,lr1e-04_bs32_modL1_fusion64_fusionL1_drop0p2_trmiss50_trlocradio,32,0.0001,1,64,1,0.2,lr1e-04_bs32_modL1_fusion64_fusionL1_drop0p2_trmiss50_trlocradio,6,0.5814005136489868,0.6672417223453522,0.665948275862069,0.782032835841974,0.6222222222222222,0.0,0.0,0.0,0.0,0.0,0.0,0.0,0.0,0.0,2002,radio,0.5
1,4,lr1e-04_bs32_modL1_fusion64_fusionL1_drop0p2_trmiss50_trlocradio,32,0.0001,1,64,1,0.2,lr1e-04_bs32_modL1_fusion64_fusionL1_drop0p2_trmiss50_trlocradio,7,0.5649589697519938,0.6640094518661499,0.665948275862069,0.7770863189115681,0.6888888888888889,0.0,0.0,0.0,0.0,0.0,0.0,0.0,0.0,0.0,2002,radio,0.5
1,4,lr1e-04_bs32_modL1_fusion64_fusionL1_drop0p2_trmiss50_trlocradio,32,0.0001,1,64,1,0.2,lr1e-04_bs32_modL1_fusion64_fusionL1_drop0p2_trmiss50_trlocradio,8,0.5522759159406027,0.6639998555183411,0.6637931034482758,0.7754729805851844,0.7111111111111111,0.0,0.0,0.0,0.0,0.0,0.0,0.0,0.0,0.0,2002,radio,0.5
1,4,lr1e-04_bs32_modL1_fusion64_fusionL1_drop0p2_trmiss50_trlocradio,32,0.0001,1,64,1,0.2,lr1e-04_bs32_modL1_fusion64_fusionL1_drop0p2_trmiss50_trlocradio,9,0.5274113565683365,0.6656651794910431,0.6594827586206896,0.7571649523919673,0.6888888888888889,0.0,0.0,0.0,0.0,0.0,0.0,0.0,0.0,0.0,2002,radio,0.5
1,4,lr1e-04_bs32_modL1_fusion64_fusionL1_drop0p2_trmiss50_trlocradio,32,0.0001,1,64,1,0.2,lr1e-04_bs32_modL1_fusion64_fusionL1_drop0p2_trmiss50_trlocradio,10,0.5402982036272684,0.6647344529628754,0.6724137931034483,0.7536141753589958,0.6666666666666666,0.0,0.0,0.0,0.0,0.0,0.0,0.0,0.0,0.0,2002,radio,0.5
1,4,lr1e-04_bs32_modL1_fusion64_fusionL1_drop0p2_trmiss50_trlocradio,32,0.0001,1,64,1,0.2,lr1e-04_bs32_modL1_fusion64_fusionL1_drop0p2_trmiss50_trlocradio,11,0.5295315881570181,0.6623596847057343,0.6573275862068966,0.7540556763988926,0.6444444444444445,0.0,0.0,0.0,0.0,0.0,0.0,0.0,0.0,0.0,2002,radio,0.5
1,4,lr1e-04_bs32_modL1_fusion64_fusionL1_drop0p2_trmiss50_trlocradio,32,0.0001,1,64,1,0.2,lr1e-04_bs32_modL1_fusion64_fusionL1_drop0p2_trmiss50_trlocradio,12,0.5015545239051183,0.6590074896812439,0.646551724137931,0.7581571568041571,0.5777777777777777,0.0,0.0,0.0,0.0,0.0,0.0,0.0,0.0,0.0,2002,radio,0.5
1,4,lr1e-04_bs32_modL1_fusion64_fusionL1_drop0p2_trmiss50_trlocradio,32,0.0001,1,64,1,0.2,lr1e-04_bs32_modL1_fusion64_fusionL1_drop0p2_trmiss50_trlocradio,13,0.5198795000712076,0.6591198742389679,0.644396551724138,0.7746014054395989,0.5555555555555556,0.0,0.0,0.0,0.0,0.0,0.0,0.0,0.0,0.0,2002,radio,0.5
1,4,lr1e-04_bs32_modL1_fusion64_fusionL1_drop0p2_trmiss50_trlocradio,32,0.0001,1,64,1,0.2,lr1e-04_bs32_modL1_fusion64_fusionL1_drop0p2_trmiss50_trlocradio,14,0.49577349921067554,0.657781571149826,0.6573275862068966,0.7798626026798066,0.6,0.0,0.0,0.0,0.0,0.0,0.0,0.0,0.0,0.0,2002,radio,0.5
1,4,lr1e-04_bs32_modL1_fusion64_fusionL1_drop0p2_trmiss50_trlocradio,32,0.0001,1,64,1,0.2,lr1e-04_bs32_modL1_fusion64_fusionL1_drop0p2_trmiss50_trlocradio,15,0.475663756330808,0.650957852602005,0.6551724137931034,0.776259538189082,0.6666666666666666,0.0,0.0,0.0,0.0,0.0,0.0,0.0,0.0,0.0,2002,radio,0.5
1,4,lr1e-04_bs32_modL1_fusion64_fusionL1_drop0p2_trmiss50_trlocradio,32,0.0001,1,64,1,0.2,lr1e-04_bs32_modL1_fusion64_fusionL1_drop0p2_trmiss50_trlocradio,16,0.46737542748451233,0.6510291397571564,0.6594827586206896,0.782054644332294,0.6444444444444445,0.0,0.0,0.0,0.0,0.0,0.0,0.0,0.0,0.0,2002,radio,0.5
1,4,lr1e-04_bs32_modL1_fusion64_fusionL1_drop0p2_trmiss50_trlocradio,32,0.0001,1,64,1,0.2,lr1e-04_bs32_modL1_fusion64_fusionL1_drop0p2_trmiss50_trlocradio,17,0.4696696400642395,0.6588997542858124,0.6314655172413793,0.7599174707837105,0.6,0.0,0.0,0.0,0.0,0.0,0.0,0.0,0.0,0.0,2002,radio,0.5
1,4,lr1e-04_bs32_modL1_fusion64_fusionL1_drop0p2_trmiss50_trlocradio,32,0.0001,1,64,1,0.2,lr1e-04_bs32_modL1_fusion64_fusionL1_drop0p2_trmiss50_trlocradio,18,0.44071514904499054,0.657768577337265,0.6185344827586207,0.7537722242220962,0.6,0.0,0.0,0.0,0.0,0.0,0.0,0.0,0.0,0.0,2002,radio,0.5
1,4,lr1e-04_bs32_modL1_fusion64_fusionL1_drop0p2_trmiss50_trlocradio,32,0.0001,1,64,1,0.2,lr1e-04_bs32_modL1_fusion64_fusionL1_drop0p2_trmiss50_trlocradio,19,0.4459536025921504,0.6575225591659546,0.6077586206896552,0.7398898888296294,0.5555555555555556,0.0,0.0,0.0,0.0,0.0,0.0,0.0,0.0,0.0,2002,radio,0.5
1,4,lr1e-04_bs32_modL1_fusion64_fusionL1_drop0p2_trmiss50_trlocradio,32,0.0001,1,64,1,0.2,lr1e-04_bs32_modL1_fusion64_fusionL1_drop0p2_trmiss50_trlocradio,20,0.4297018349170685,0.658536970615387,0.5991379310344827,0.7245179205202906,0.5555555555555556,0.0,0.0,0.0,0.0,0.0,0.0,0.0,0.0,0.0,2002,radio,0.5
1,4,lr1e-04_bs32_modL1_fusion64_fusionL1_drop0p2_trmiss50_trlocradio,32,0.0001,1,64,1,0.2,lr1e-04_bs32_modL1_fusion64_fusionL1_drop0p2_trmiss50_trlocradio,21,0.42330628136793774,0.6568516492843628,0.6056034482758621,0.7305883600139732,0.5555555555555556,0.0,0.0,0.0,0.0,0.0,0.0,0.0,0.0,0.0,2002,radio,0.5
1,4,lr1e-04_bs32_modL1_fusion64_fusionL1_drop0p2_trmiss50_trlocradio,32,0.0001,1,64,1,0.2,lr1e-04_bs32_modL1_fusion64_fusionL1_drop0p2_trmiss50_trlocradio,22,0.4116274317105611,0.6473101377487183,0.6077586206896552,0.7372463345258496,0.5777777777777777,0.0,0.0,0.0,0.0,0.0,0.0,0.0,0.0,0.0,2002,radio,0.5
1,4,lr1e-04_bs32_modL1_fusion64_fusionL1_drop0p2_trmiss50_trlocradio,32,0.0001,1,64,1,0.2,lr1e-04_bs32_modL1_fusion64_fusionL1_drop0p2_trmiss50_trlocradio,23,0.4075544973214467,0.6541769206523895,0.6056034482758621,0.7332278975448151,0.6,0.0,0.0,0.0,0.0,0.0,0.0,0.0,0.0,0.0,2002,radio,0.5
1,4,lr1e-04_bs32_modL1_fusion64_fusionL1_drop0p2_trmiss50_trlocradio,32,0.0001,1,64,1,0.2,lr1e-04_bs32_modL1_fusion64_fusionL1_drop0p2_trmiss50_trlocradio,24,0.40199512243270874,0.653711348772049,0.6142241379310345,0.7403739602198179,0.6,0.0,0.0,0.0,0.0,0.0,0.0,0.0,0.0,0.0,2002,radio,0.5
1,4,lr1e-04_bs32_modL1_fusion64_fusionL1_drop0p2_trmiss50_trlocradio,32,0.0001,1,64,1,0.2,lr1e-04_bs32_modL1_fusion64_fusionL1_drop0p2_trmiss50_trlocradio,25,0.39114545782407123,0.6528698205947876,0.6120689655172413,0.7419086218641425,0.5777777777777777,0.0,0.0,0.0,0.0,0.0,0.0,0.0,0.0,0.0,2002,radio,0.5
1,4,lr1e-04_bs32_modL1_fusion64_fusionL1_drop0p1_trmiss50_trlocradio,32,0.0001,1,64,1,0.1,lr1e-04_bs32_modL1_fusion64_fusionL1_drop0p1_trmiss50_trlocradio,1,0.6564160585403442,0.6799865365028381,0.5387931034482758,0.747123884967845,0.6,0.0,0.0,0.0,0.0,0.0,0.0,0.0,0.0,0.0,2002,radio,0.5
1,4,lr1e-04_bs32_modL1_fusion64_fusionL1_drop0p1_trmiss50_trlocradio,32,0.0001,1,64,1,0.1,lr1e-04_bs32_modL1_fusion64_fusionL1_drop0p1_trmiss50_trlocradio,2,0.6193138957023621,0.6697055697441101,0.5926724137931034,0.7863086945653577,0.6222222222222222,0.0,0.0,0.0,0.0,0.0,0.0,0.0,0.0,0.0,2002,radio,0.5
1,4,lr1e-04_bs32_modL1_fusion64_fusionL1_drop0p1_trmiss50_trlocradio,32,0.0001,1,64,1,0.1,lr1e-04_bs32_modL1_fusion64_fusionL1_drop0p1_trmiss50_trlocradio,3,0.5795810123284658,0.6680555641651154,0.5538793103448276,0.7690647776668831,0.5777777777777777,0.0,0.0,0.0,0.0,0.0,0.0,0.0,0.0,0.0,2002,radio,0.5
1,4,lr1e-04_bs32_modL1_fusion64_fusionL1_drop0p1_trmiss50_trlocradio,32,0.0001,1,64,1,0.1,lr1e-04_bs32_modL1_fusion64_fusionL1_drop0p1_trmiss50_trlocradio,4,0.559376577536265,0.6729270219802856,0.540948275862069,0.7421121115573606,0.5777777777777777,0.0,0.0,0.0,0.0,0.0,0.0,0.0,0.0,0.0,2002,radio,0.5
1,4,lr1e-04_bs32_modL1_fusion64_fusionL1_drop0p1_trmiss50_trlocradio,32,0.0001,1,64,1,0.1,lr1e-04_bs32_modL1_fusion64_fusionL1_drop0p1_trmiss50_trlocradio,5,0.5325288325548172,0.6695217788219452,0.5538793103448276,0.7383762384481961,0.6222222222222222,0.0,0.0,0.0,0.0,0.0,0.0,0.0,0.0,0.0,2002,radio,0.5
1,4,lr1e-04_bs32_modL1_fusion64_fusionL1_drop0p1_trmiss50_trlocradio,32,0.0001,1,64,1,0.1,lr1e-04_bs32_modL1_fusion64_fusionL1_drop0p1_trmiss50_trlocradio,6,0.5130914201339086,0.6563706994056702,0.5969827586206897,0.7584649441091881,0.6222222222222222,0.0,0.0,0.0,0.0,0.0,0.0,0.0,0.0,0.0,2002,radio,0.5
1,4,lr1e-04_bs32_modL1_fusion64_fusionL1_drop0p1_trmiss50_trlocradio,32,0.0001,1,64,1,0.1,lr1e-04_bs32_modL1_fusion64_fusionL1_drop0p1_trmiss50_trlocradio,7,0.49904488523801166,0.6570118069648743,0.5926724137931034,0.7455094051871053,0.6222222222222222,0.0,0.0,0.0,0.0,0.0,0.0,0.0,0.0,0.0,2002,radio,0.5
1,4,lr1e-04_bs32_modL1_fusion64_fusionL1_drop0p1_trmiss50_trlocradio,32,0.0001,1,64,1,0.1,lr1e-04_bs32_modL1_fusion64_fusionL1_drop0p1_trmiss50_trlocradio,8,0.4795233756303787,0.6567274630069733,0.5926724137931034,0.7424438049352379,0.6222222222222222,0.0,0.0,0.0,0.0,0.0,0.0,0.0,0.0,0.0,2002,radio,0.5
1,4,lr1e-04_bs32_modL1_fusion64_fusionL1_drop0p1_trmiss50_trlocradio,32,0.0001,1,64,1,0.1,lr1e-04_bs32_modL1_fusion64_fusionL1_drop0p1_trmiss50_trlocradio,9,0.47961466014385223,0.6555071175098419,0.5905172413793103,0.7516784240017617,0.5555555555555556,0.0,0.0,0.0,0.0,0.0,0.0,0.0,0.0,0.0,2002,radio,0.5
1,4,lr1e-04_bs32_modL1_fusion64_fusionL1_drop0p1_trmiss50_trlocradio,32,0.0001,1,64,1,0.1,lr1e-04_bs32_modL1_fusion64_fusionL1_drop0p1_trmiss50_trlocradio,10,0.45258517066637677,0.6554693579673767,0.5862068965517241,0.7584639868585641,0.5555555555555556,0.0,0.0,0.0,0.0,0.0,0.0,0.0,0.0,0.0,2002,radio,0.5
1,4,lr1e-04_bs32_modL1_fusion64_fusionL1_drop0p1_trmiss50_trlocradio,32,0.0001,1,64,1,0.1,lr1e-04_bs32_modL1_fusion64_fusionL1_drop0p1_trmiss50_trlocradio,11,0.43479221562544507,0.6598044037818909,0.5646551724137931,0.7457792946867037,0.5555555555555556,0.0,0.0,0.0,0.0,0.0,0.0,0.0,0.0,0.0,2002,radio,0.5
1,4,lr1e-04_bs32_modL1_fusion64_fusionL1_drop0p1_trmiss50_trlocradio,32,0.0001,1,64,1,0.1,lr1e-04_bs32_modL1_fusion64_fusionL1_drop0p1_trmiss50_trlocradio,12,0.4189871350924174,0.6603740155696869,0.5775862068965516,0.7482793687197247,0.5777777777777777,0.0,0.0,0.0,0.0,0.0,0.0,0.0,0.0,0.0,2002,radio,0.5
1,4,lr1e-04_bs32_modL1_fusion64_fusionL1_drop0p1_trmiss50_trlocradio,32,0.0001,1,64,1,0.1,lr1e-04_bs32_modL1_fusion64_fusionL1_drop0p1_trmiss50_trlocradio,13,0.41424421966075897,0.6624028384685516,0.5581896551724137,0.7295092190945184,0.6,0.0,0.0,0.0,0.0,0.0,0.0,0.0,0.0,0.0,2002,radio,0.5
1,4,lr1e-04_bs32_modL1_fusion64_fusionL1_drop0p1_trmiss50_trlocradio,32,0.0001,1,64,1,0.1,lr1e-04_bs32_modL1_fusion64_fusionL1_drop0p1_trmiss50_trlocradio,14,0.40144255260626477,0.6602668464183807,0.5560344827586207,0.7335933744121027,0.6,0.0,0.0,0.0,0.0,0.0,0.0,0.0,0.0,0.0,2002,radio,0.5
1,4,lr1e-04_bs32_modL1_fusion64_fusionL1_drop0p1_trmiss50_trlocradio,32,0.0001,1,64,1,0.1,lr1e-04_bs32_modL1_fusion64_fusionL1_drop0p1_trmiss50_trlocradio,15,0.38498590886592865,0.6635772883892059,0.5668103448275862,0.7452393180238165,0.5555555555555556,0.0,0.0,0.0,0.0,0.0,0.0,0.0,0.0,0.0,2002,radio,0.5
1,4,lr1e-04_bs32_modL1_fusion64_fusionL1_drop0p1_trmiss50_trlocradio,32,0.0001,1,64,1,0.1,lr1e-04_bs32_modL1_fusion64_fusionL1_drop0p1_trmiss50_trlocradio,16,0.3875008871157964,0.6675423085689545,0.5517241379310345,0.7243720271062565,0.5777777777777777,0.0,0.0,0.0,0.0,0.0,0.0,0.0,0.0,0.0,2002,radio,0.5
1,4,lr1e-04_bs32_modL1_fusion64_fusionL1_drop0p1_trmiss50_trlocradio,32,0.0001,1,64,1,0.1,lr1e-04_bs32_modL1_fusion64_fusionL1_drop0p1_trmiss50_trlocradio,17,0.36789031823476154,0.667321503162384,0.540948275862069,0.7148230810673318,0.5555555555555556,0.0,0.0,0.0,0.0,0.0,0.0,0.0,0.0,0.0,2002,radio,0.5
1,4,lr1e-04_bs32_modL1_fusion64_fusionL1_drop0p1_trmiss50_trlocradio,32,0.0001,1,64,1,0.1,lr1e-04_bs32_modL1_fusion64_fusionL1_drop0p1_trmiss50_trlocradio,18,0.37246299783388775,0.6698837280273438,0.5344827586206897,0.7039549581302434,0.5555555555555556,0.0,0.0,0.0,0.0,0.0,0.0,0.0,0.0,0.0,2002,radio,0.5
1,4,lr1e-04_bs32_modL1_fusion64_fusionL1_drop0p1_trmiss50_trlocradio,32,0.0001,1,64,1,0.1,lr1e-04_bs32_modL1_fusion64_fusionL1_drop0p1_trmiss50_trlocradio,19,0.3667514870564143,0.6709183752536774,0.5258620689655172,0.7027027283947626,0.5555555555555556,0.0,0.0,0.0,0.0,0.0,0.0,0.0,0.0,0.0,2002,radio,0.5
1,4,lr1e-04_bs32_modL1_fusion64_fusionL1_drop0p1_trmiss50_trlocradio,32,0.0001,1,64,1,0.1,lr1e-04_bs32_modL1_fusion64_fusionL1_drop0p1_trmiss50_trlocradio,20,0.36393354336420697,0.6778431832790375,0.5172413793103449,0.7029779796874275,0.5555555555555556,0.0,0.0,0.0,0.0,0.0,0.0,0.0,0.0,0.0,2002,radio,0.5
1,4,lr1e-04_bs32_modL1_fusion64_fusionL1_drop0p1_trmiss50_trlocradio,32,0.0001,1,64,1,0.1,lr1e-04_bs32_modL1_fusion64_fusionL1_drop0p1_trmiss50_trlocradio,21,0.3581698884566625,0.6811659336090088,0.5193965517241379,0.7068477114881938,0.5555555555555556,0.0,0.0,0.0,0.0,0.0,0.0,0.0,0.0,0.0,2002,radio,0.5
1,4,lr1e-04_bs32_modL1_fusion64_fusionL1_drop0p1_trmiss50_trlocradio,32,0.0001,1,64,1,0.1,lr1e-04_bs32_modL1_fusion64_fusionL1_drop0p1_trmiss50_trlocradio,22,0.35284187893072766,0.6825807988643646,0.5150862068965517,0.705447189695282,0.5555555555555556,0.0,0.0,0.0,0.0,0.0,0.0,0.0,0.0,0.0,2002,radio,0.5
1,4,lr1e-04_bs32_modL1_fusion64_fusionL1_drop0p1_trmiss50_trlocradio,32,0.0001,1,64,1,0.1,lr1e-04_bs32_modL1_fusion64_fusionL1_drop0p1_trmiss50_trlocradio,23,0.37184979021549225,0.6869815289974213,0.5280172413793103,0.7085257899776701,0.5555555555555556,0.0,0.0,0.0,0.0,0.0,0.0,0.0,0.0,0.0,2002,radio,0.5
1,4,lr1e-04_bs32_modL1_fusion64_fusionL1_drop0p1_trmiss50_trlocradio,32,0.0001,1,64,1,0.1,lr1e-04_bs32_modL1_fusion64_fusionL1_drop0p1_trmiss50_trlocradio,24,0.34207699199517566,0.6912179589271545,0.5150862068965516,0.6965183568748733,0.5555555555555556,0.0,0.0,0.0,0.0,0.0,0.0,0.0,0.0,0.0,2002,radio,0.5
1,4,lr1e-04_bs32_modL1_fusion64_fusionL1_drop0p1_trmiss50_trlocradio,32,0.0001,1,64,1,0.1,lr1e-04_bs32_modL1_fusion64_fusionL1_drop0p1_trmiss50_trlocradio,25,0.32834872603416443,0.687905490398407,0.5150862068965517,0.7005930680269571,0.5333333333333333,0.0,0.0,0.0,0.0,0.0,0.0,0.0,0.0,0.0,2002,radio,0.5
1,4,lr1e-04_bs32_modL1_fusion64_fusionL1_drop0p1_trmiss50_trlocradio,32,0.0001,1,64,1,0.1,lr1e-04_bs32_modL1_fusion64_fusionL1_drop0p1_trmiss50_trlocradio,26,0.33453454573949176,0.6910978257656097,0.5043103448275862,0.7011780048187904,0.5333333333333333,0.0,0.0,0.0,0.0,0.0,0.0,0.0,0.0,0.0,2002,radio,0.5
1,5,lr5e-05_bs16_modL1_fusion32_fusionL1_drop0p2_trmiss50_trlocradio,16,5e-05,1,32,1,0.2,lr5e-05_bs16_modL1_fusion32_fusionL1_drop0p2_trmiss50_trlocradio,1,0.7889557232459387,0.7096790870030721,0.5089285714285714,0.6022925050788176,0.3181818181818182,0.0,0.0,0.0,0.0,0.0,0.0,0.0,0.0,0.0,2002,radio,0.5
1,5,lr5e-05_bs16_modL1_fusion32_fusionL1_drop0p2_trmiss50_trlocradio,16,5e-05,1,32,1,0.2,lr5e-05_bs16_modL1_fusion32_fusionL1_drop0p2_trmiss50_trlocradio,2,0.761078288157781,0.7080028653144836,0.5245535714285714,0.6119766947979574,0.3409090909090909,0.0,0.0,0.0,0.0,0.0,0.0,0.0,0.0,0.0,2002,radio,0.5
1,5,lr5e-05_bs16_modL1_fusion32_fusionL1_drop0p2_trmiss50_trlocradio,16,5e-05,1,32,1,0.2,lr5e-05_bs16_modL1_fusion32_fusionL1_drop0p2_trmiss50_trlocradio,3,0.7604618122180303,0.7136199076970419,0.5133928571428571,0.60535131143247,0.3409090909090909,0.0,0.0,0.0,0.0,0.0,0.0,0.0,0.0,0.0,2002,radio,0.5
1,5,lr5e-05_bs16_modL1_fusion32_fusionL1_drop0p2_trmiss50_trlocradio,16,5e-05,1,32,1,0.2,lr5e-05_bs16_modL1_fusion32_fusionL1_drop0p2_trmiss50_trlocradio,4,0.7316331913073858,0.7118346889813741,0.5066964285714286,0.6033819039654127,0.3409090909090909,0.0,0.0,0.0,0.0,0.0,0.0,0.0,0.0,0.0,2002,radio,0.5
1,5,lr5e-05_bs16_modL1_fusion32_fusionL1_drop0p2_trmiss50_trlocradio,16,5e-05,1,32,1,0.2,lr5e-05_bs16_modL1_fusion32_fusionL1_drop0p2_trmiss50_trlocradio,5,0.7044966022173563,0.7117452224095663,0.5200892857142857,0.6072577924388244,0.3409090909090909,0.0,0.0,0.0,0.0,0.0,0.0,0.0,0.0,0.0,2002,radio,0.5
1,5,lr5e-05_bs16_modL1_fusion32_fusionL1_drop0p2_trmiss50_trlocradio,16,5e-05,1,32,1,0.2,lr5e-05_bs16_modL1_fusion32_fusionL1_drop0p2_trmiss50_trlocradio,6,0.7057449718316396,0.7104970216751099,0.5290178571428572,0.6116812601295555,0.36363636363636365,0.0,0.0,0.0,0.0,0.0,0.0,0.0,0.0,0.0,2002,radio,0.5
1,5,lr5e-05_bs16_modL1_fusion32_fusionL1_drop0p2_trmiss50_trlocradio,16,5e-05,1,32,1,0.2,lr5e-05_bs16_modL1_fusion32_fusionL1_drop0p2_trmiss50_trlocradio,7,0.7013672987620035,0.7097569902737936,0.5111607142857142,0.6022479400130055,0.3409090909090909,0.0,0.0,0.0,0.0,0.0,0.0,0.0,0.0,0.0,2002,radio,0.5
1,5,lr5e-05_bs16_modL1_fusion32_fusionL1_drop0p2_trmiss50_trlocradio,16,5e-05,1,32,1,0.2,lr5e-05_bs16_modL1_fusion32_fusionL1_drop0p2_trmiss50_trlocradio,8,0.6935740560293198,0.7090100248654684,0.5178571428571429,0.6123225863113914,0.36363636363636365,0.0,0.0,0.0,0.0,0.0,0.0,0.0,0.0,0.0,2002,radio,0.5
1,5,lr5e-05_bs16_modL1_fusion32_fusionL1_drop0p2_trmiss50_trlocradio,16,5e-05,1,32,1,0.2,lr5e-05_bs16_modL1_fusion32_fusionL1_drop0p2_trmiss50_trlocradio,9,0.6851218094428381,0.7096469600995382,0.5223214285714286,0.617448759145479,0.36363636363636365,0.0,0.0,0.0,0.0,0.0,0.0,0.0,0.0,0.0,2002,radio,0.5
1,5,lr5e-05_bs16_modL1_fusion32_fusionL1_drop0p2_trmiss50_trlocradio,16,5e-05,1,32,1,0.2,lr5e-05_bs16_modL1_fusion32_fusionL1_drop0p2_trmiss50_trlocradio,10,0.6706888824701309,0.7009156147638956,0.5379464285714286,0.6305045302766609,0.4090909090909091,0.0,0.0,0.0,0.0,0.0,0.0,0.0,0.0,0.0,2002,radio,0.5
1,5,lr5e-05_bs16_modL1_fusion32_fusionL1_drop0p2_trmiss50_trlocradio,16,5e-05,1,32,1,0.2,lr5e-05_bs16_modL1_fusion32_fusionL1_drop0p2_trmiss50_trlocradio,11,0.6719600011905035,0.696525494257609,0.546875,0.6401008048545308,0.4090909090909091,0.0,0.0,0.0,0.0,0.0,0.0,0.0,0.0,0.0,2002,radio,0.5
1,5,lr5e-05_bs16_modL1_fusion32_fusionL1_drop0p2_trmiss50_trlocradio,16,5e-05,1,32,1,0.2,lr5e-05_bs16_modL1_fusion32_fusionL1_drop0p2_trmiss50_trlocradio,12,0.6670925368865331,0.6995203097661337,0.5513392857142857,0.6413518422878186,0.4318181818181818,0.0,0.0,0.0,0.0,0.0,0.0,0.0,0.0,0.0,2002,radio,0.5
1,5,lr5e-05_bs16_modL1_fusion32_fusionL1_drop0p2_trmiss50_trlocradio,16,5e-05,1,32,1,0.2,lr5e-05_bs16_modL1_fusion32_fusionL1_drop0p2_trmiss50_trlocradio,13,0.6549260566631953,0.6958985129992167,0.5513392857142858,0.6383682986269508,0.4318181818181818,0.0,0.0,0.0,0.0,0.0,0.0,0.0,0.0,0.0,2002,radio,0.5
1,5,lr5e-05_bs16_modL1_fusion32_fusionL1_drop0p2_trmiss50_trlocradio,16,5e-05,1,32,1,0.2,lr5e-05_bs16_modL1_fusion32_fusionL1_drop0p2_trmiss50_trlocradio,14,0.6655209412177404,0.7010478178660074,0.5558035714285714,0.6450633791780074,0.4318181818181818,0.0,0.0,0.0,0.0,0.0,0.0,0.0,0.0,0.0,2002,radio,0.5
1,5,lr5e-05_bs16_modL1_fusion32_fusionL1_drop0p2_trmiss50_trlocradio,16,5e-05,1,32,1,0.2,lr5e-05_bs16_modL1_fusion32_fusionL1_drop0p2_trmiss50_trlocradio,15,0.6426497176289558,0.6968649824460348,0.5625,0.6419688800641608,0.4318181818181818,0.0,0.0,0.0,0.0,0.0,0.0,0.0,0.0,0.0,2002,radio,0.5
1,5,lr5e-05_bs16_modL1_fusion32_fusionL1_drop0p2_trmiss50_trlocradio,16,5e-05,1,32,1,0.2,lr5e-05_bs16_modL1_fusion32_fusionL1_drop0p2_trmiss50_trlocradio,16,0.665602852900823,0.7018426855405172,0.5223214285714286,0.6220129893937676,0.4318181818181818,0.0,0.0,0.0,0.0,0.0,0.0,0.0,0.0,0.0,2002,radio,0.5
1,5,lr5e-05_bs16_modL1_fusion32_fusionL1_drop0p2_trmiss50_trlocradio,16,5e-05,1,32,1,0.2,lr5e-05_bs16_modL1_fusion32_fusionL1_drop0p2_trmiss50_trlocradio,17,0.6609786649545034,0.7043121258417765,0.5491071428571428,0.6353907402827513,0.4090909090909091,0.0,0.0,0.0,0.0,0.0,0.0,0.0,0.0,0.0,2002,radio,0.5
1,5,lr5e-05_bs16_modL1_fusion32_fusionL1_drop0p2_trmiss50_trlocradio,16,5e-05,1,32,1,0.2,lr5e-05_bs16_modL1_fusion32_fusionL1_drop0p2_trmiss50_trlocradio,18,0.6668959458669027,0.6983266274134318,0.5803571428571428,0.6596643101390279,0.4318181818181818,0.0,0.0,0.0,0.0,0.0,0.0,0.0,0.0,0.0,2002,radio,0.5
1,5,lr5e-05_bs16_modL1_fusion32_fusionL1_drop0p2_trmiss50_trlocradio,16,5e-05,1,32,1,0.2,lr5e-05_bs16_modL1_fusion32_fusionL1_drop0p2_trmiss50_trlocradio,19,0.6420698265234629,0.6994489034016927,0.5691964285714286,0.6457814896386385,0.4090909090909091,0.0,0.0,0.0,0.0,0.0,0.0,0.0,0.0,0.0,2002,radio,0.5
1,5,lr5e-05_bs16_modL1_fusion32_fusionL1_drop0p2_trmiss50_trlocradio,16,5e-05,1,32,1,0.2,lr5e-05_bs16_modL1_fusion32_fusionL1_drop0p2_trmiss50_trlocradio,20,0.6509785850842794,0.6942964593569437,0.5714285714285714,0.6567591020042909,0.4772727272727273,0.0,0.0,0.0,0.0,0.0,0.0,0.0,0.0,0.0,2002,radio,0.5
1,5,lr5e-05_bs16_modL1_fusion32_fusionL1_drop0p2_trmiss50_trlocradio,16,5e-05,1,32,1,0.2,lr5e-05_bs16_modL1_fusion32_fusionL1_drop0p2_trmiss50_trlocradio,21,0.654659186800321,0.6913891434669495,0.5848214285714286,0.6640573938733801,0.45454545454545453,0.0,0.0,0.0,0.0,0.0,0.0,0.0,0.0,0.0,2002,radio,0.5
1,5,lr5e-05_bs16_modL1_fusion32_fusionL1_drop0p2_trmiss50_trlocradio,16,5e-05,1,32,1,0.2,lr5e-05_bs16_modL1_fusion32_fusionL1_drop0p2_trmiss50_trlocradio,22,0.6285111457109451,0.6909422675768534,0.5915178571428572,0.665995719314466,0.5,0.0,0.0,0.0,0.0,0.0,0.0,0.0,0.0,0.0,2002,radio,0.5
1,5,lr5e-05_bs16_modL1_fusion32_fusionL1_drop0p2_trmiss50_trlocradio,16,5e-05,1,32,1,0.2,lr5e-05_bs16_modL1_fusion32_fusionL1_drop0p2_trmiss50_trlocradio,23,0.6374364942312241,0.6911751826604208,0.5758928571428572,0.6564667351011035,0.4772727272727273,0.0,0.0,0.0,0.0,0.0,0.0,0.0,0.0,0.0,2002,radio,0.5
1,5,lr5e-05_bs16_modL1_fusion32_fusionL1_drop0p2_trmiss50_trlocradio,16,5e-05,1,32,1,0.2,lr5e-05_bs16_modL1_fusion32_fusionL1_drop0p2_trmiss50_trlocradio,24,0.6491658836603165,0.6970496773719788,0.5647321428571428,0.6509135967243539,0.5,0.0,0.0,0.0,0.0,0.0,0.0,0.0,0.0,0.0,2002,radio,0.5
1,5,lr5e-05_bs16_modL1_fusion32_fusionL1_drop0p2_trmiss50_trlocradio,16,5e-05,1,32,1,0.2,lr5e-05_bs16_modL1_fusion32_fusionL1_drop0p2_trmiss50_trlocradio,25,0.6438289632399877,0.6956281065940857,0.5714285714285714,0.6551459911609397,0.45454545454545453,0.0,0.0,0.0,0.0,0.0,0.0,0.0,0.0,0.0,2002,radio,0.5
1,5,lr5e-05_bs16_modL1_fusion32_fusionL1_drop0p2_trmiss50_trlocradio,16,5e-05,1,32,1,0.2,lr5e-05_bs16_modL1_fusion32_fusionL1_drop0p2_trmiss50_trlocradio,26,0.6185272733370463,0.6875125567118326,0.5870535714285714,0.6703916133442223,0.4772727272727273,0.0,0.0,0.0,0.0,0.0,0.0,0.0,0.0,0.0,2002,radio,0.5
1,5,lr5e-05_bs16_modL1_fusion32_fusionL1_drop0p2_trmiss50_trlocradio,16,5e-05,1,32,1,0.2,lr5e-05_bs16_modL1_fusion32_fusionL1_drop0p2_trmiss50_trlocradio,27,0.6325690895318985,0.6896642049153646,0.5669642857142857,0.665583324669474,0.4772727272727273,0.0,0.0,0.0,0.0,0.0,0.0,0.0,0.0,0.0,2002,radio,0.5
1,5,lr5e-05_bs16_modL1_fusion32_fusionL1_drop0p2_trmiss50_trlocradio,16,5e-05,1,32,1,0.2,lr5e-05_bs16_modL1_fusion32_fusionL1_drop0p2_trmiss50_trlocradio,28,0.5932109852631887,0.6892417470614115,0.578125,0.6884641464810365,0.45454545454545453,0.0,0.0,0.0,0.0,0.0,0.0,0.0,0.0,0.0,2002,radio,0.5
1,5,lr5e-05_bs16_modL1_fusion32_fusionL1_drop0p2_trmiss50_trlocradio,16,5e-05,1,32,1,0.2,lr5e-05_bs16_modL1_fusion32_fusionL1_drop0p2_trmiss50_trlocradio,29,0.6186497410138448,0.6951508323351542,0.5803571428571428,0.6730951933446829,0.45454545454545453,0.0,0.0,0.0,0.0,0.0,0.0,0.0,0.0,0.0,2002,radio,0.5
1,5,lr5e-05_bs16_modL1_fusion32_fusionL1_drop0p2_trmiss50_trlocradio,16,5e-05,1,32,1,0.2,lr5e-05_bs16_modL1_fusion32_fusionL1_drop0p2_trmiss50_trlocradio,30,0.6281080643335978,0.6975977023442587,0.6071428571428572,0.6957677868736367,0.4318181818181818,0.0,0.0,0.0,0.0,0.0,0.0,0.0,0.0,0.0,2002,radio,0.5
1,5,lr5e-05_bs16_modL1_fusion32_fusionL1_drop0p2_trmiss50_trlocradio,16,5e-05,1,32,1,0.2,lr5e-05_bs16_modL1_fusion32_fusionL1_drop0p2_trmiss50_trlocradio,31,0.6218572109937668,0.6924398342768351,0.5959821428571428,0.6719303668859093,0.5,0.0,0.0,0.0,0.0,0.0,0.0,0.0,0.0,0.0,2002,radio,0.5
1,5,lr5e-05_bs16_modL1_fusion32_fusionL1_drop0p2_trmiss50_trlocradio,16,5e-05,1,32,1,0.2,lr5e-05_bs16_modL1_fusion32_fusionL1_drop0p2_trmiss50_trlocradio,32,0.6354245493809382,0.6909438172976176,0.5803571428571429,0.6917527205513823,0.45454545454545453,0.0,0.0,0.0,0.0,0.0,0.0,0.0,0.0,0.0,2002,radio,0.5
1,5,lr5e-05_bs16_modL1_fusion32_fusionL1_drop0p2_trmiss50_trlocradio,16,5e-05,1,32,1,0.2,lr5e-05_bs16_modL1_fusion32_fusionL1_drop0p2_trmiss50_trlocradio,33,0.62640780210495,0.6902097860972086,0.5870535714285714,0.6944246387311068,0.5,0.0,0.0,0.0,0.0,0.0,0.0,0.0,0.0,0.0,2002,radio,0.5
1,5,lr5e-05_bs16_modL1_fusion32_fusionL1_drop0p2_trmiss50_trlocradio,16,5e-05,1,32,1,0.2,lr5e-05_bs16_modL1_fusion32_fusionL1_drop0p2_trmiss50_trlocradio,34,0.6127512902021408,0.6938258012135824,0.5714285714285714,0.6699894757575705,0.4318181818181818,0.0,0.0,0.0,0.0,0.0,0.0,0.0,0.0,0.0,2002,radio,0.5
1,5,lr5e-05_bs16_modL1_fusion32_fusionL1_drop0p2_trmiss50_trlocradio,16,5e-05,1,32,1,0.2,lr5e-05_bs16_modL1_fusion32_fusionL1_drop0p2_trmiss50_trlocradio,35,0.6094759205977122,0.6907461285591125,0.5513392857142858,0.6640462874764841,0.4772727272727273,0.0,0.0,0.0,0.0,0.0,0.0,0.0,0.0,0.0,2002,radio,0.5
1,5,lr5e-05_bs16_modL1_fusion32_fusionL1_drop0p2_trmiss50_trlocradio,16,5e-05,1,32,1,0.2,lr5e-05_bs16_modL1_fusion32_fusionL1_drop0p2_trmiss50_trlocradio,36,0.6319516946872076,0.6955344676971436,0.5513392857142857,0.6658003336089363,0.4318181818181818,0.0,0.0,0.0,0.0,0.0,0.0,0.0,0.0,0.0,2002,radio,0.5
1,5,lr5e-05_bs16_modL1_fusion32_fusionL1_drop0p2_trmiss50_trlocradio,16,5e-05,1,32,1,0.2,lr5e-05_bs16_modL1_fusion32_fusionL1_drop0p2_trmiss50_trlocradio,37,0.6138932059208552,0.688592771689097,0.5647321428571428,0.6712304309381334,0.45454545454545453,0.0,0.0,0.0,0.0,0.0,0.0,0.0,0.0,0.0,2002,radio,0.5
1,5,lr5e-05_bs16_modL1_fusion32_fusionL1_drop0p2_trmiss50_trlocradio,16,5e-05,1,32,1,0.2,lr5e-05_bs16_modL1_fusion32_fusionL1_drop0p2_trmiss50_trlocradio,38,0.6009192168712616,0.6897826790809631,0.5647321428571428,0.6789924079015465,0.45454545454545453,0.0,0.0,0.0,0.0,0.0,0.0,0.0,0.0,0.0,2002,radio,0.5
1,5,lr5e-05_bs16_modL1_fusion32_fusionL1_drop0p2_trmiss50_trlocradio,16,5e-05,1,32,1,0.2,lr5e-05_bs16_modL1_fusion32_fusionL1_drop0p2_trmiss50_trlocradio,39,0.6157734245061874,0.6910557548205057,0.5848214285714286,0.6850621618684208,0.4318181818181818,0.0,0.0,0.0,0.0,0.0,0.0,0.0,0.0,0.0,2002,radio,0.5
1,5,lr5e-05_bs16_modL1_fusion32_fusionL1_drop0p2_trmiss50_trlocradio,16,5e-05,1,32,1,0.2,lr5e-05_bs16_modL1_fusion32_fusionL1_drop0p2_trmiss50_trlocradio,40,0.6186149468024572,0.6871795455614725,0.5915178571428572,0.6982969102651596,0.4772727272727273,0.0,0.0,0.0,0.0,0.0,0.0,0.0,0.0,0.0,2002,radio,0.5
1,5,lr5e-05_bs16_modL1_fusion32_fusionL1_drop0p2_trmiss50_trlocradio,16,5e-05,1,32,1,0.2,lr5e-05_bs16_modL1_fusion32_fusionL1_drop0p2_trmiss50_trlocradio,41,0.6205638349056244,0.688548743724823,0.6049107142857143,0.7050818598970364,0.4318181818181818,0.0,0.0,0.0,0.0,0.0,0.0,0.0,0.0,0.0,2002,radio,0.5
1,5,lr5e-05_bs16_modL1_fusion32_fusionL1_drop0p2_trmiss50_trlocradio,16,5e-05,1,32,1,0.2,lr5e-05_bs16_modL1_fusion32_fusionL1_drop0p2_trmiss50_trlocradio,42,0.6141640792290369,0.6929421226183573,0.5959821428571428,0.693011317538547,0.45454545454545453,0.0,0.0,0.0,0.0,0.0,0.0,0.0,0.0,0.0,2002,radio,0.5
1,5,lr5e-05_bs16_modL1_fusion32_fusionL1_drop0p2_trmiss50_trlocradio,16,5e-05,1,32,1,0.2,lr5e-05_bs16_modL1_fusion32_fusionL1_drop0p2_trmiss50_trlocradio,43,0.6319867571194967,0.6953205664952596,0.5736607142857143,0.682187211795423,0.45454545454545453,0.0,0.0,0.0,0.0,0.0,0.0,0.0,0.0,0.0,2002,radio,0.5
1,5,lr5e-05_bs16_modL1_fusion32_fusionL1_drop0p2_trmiss50_trlocradio,16,5e-05,1,32,1,0.2,lr5e-05_bs16_modL1_fusion32_fusionL1_drop0p2_trmiss50_trlocradio,44,0.6114612420399984,0.6898476282755533,0.5959821428571428,0.6728433134592481,0.45454545454545453,0.0,0.0,0.0,0.0,0.0,0.0,0.0,0.0,0.0,2002,radio,0.5
1,5,lr5e-05_bs16_modL1_fusion32_fusionL1_drop0p2_trmiss50_trlocradio,16,5e-05,1,32,1,0.2,lr5e-05_bs16_modL1_fusion32_fusionL1_drop0p2_trmiss50_trlocradio,45,0.6061967611312866,0.688921054204305,0.5736607142857143,0.671416869276131,0.4772727272727273,0.0,0.0,0.0,0.0,0.0,0.0,0.0,0.0,0.0,2002,radio,0.5
1,5,lr5e-05_bs16_modL1_fusion32_fusionL1_drop0p2_trmiss50_trlocradio,16,5e-05,1,32,1,0.2,lr5e-05_bs16_modL1_fusion32_fusionL1_drop0p2_trmiss50_trlocradio,46,0.6286390423774719,0.6899746457735697,0.6004464285714286,0.6868085444805369,0.45454545454545453,0.0,0.0,0.0,0.0,0.0,0.0,0.0,0.0,0.0,2002,radio,0.5
1,5,lr5e-05_bs16_modL1_fusion32_fusionL1_drop0p2_trmiss50_trlocradio,16,5e-05,1,32,1,0.2,lr5e-05_bs16_modL1_fusion32_fusionL1_drop0p2_trmiss50_trlocradio,47,0.6120492418607076,0.6864960193634033,0.5848214285714286,0.6901292593918983,0.45454545454545453,0.0,0.0,0.0,0.0,0.0,0.0,0.0,0.0,0.0,2002,radio,0.5
1,5,lr5e-05_bs16_modL1_fusion32_fusionL1_drop0p2_trmiss50_trlocradio,16,5e-05,1,32,1,0.2,lr5e-05_bs16_modL1_fusion32_fusionL1_drop0p2_trmiss50_trlocradio,48,0.6277695347865423,0.6904324293136597,0.5870535714285714,0.6905847732927901,0.4772727272727273,0.0,0.0,0.0,0.0,0.0,0.0,0.0,0.0,0.0,2002,radio,0.5
1,5,lr5e-05_bs16_modL1_fusion32_fusionL1_drop0p2_trmiss50_trlocradio,16,5e-05,1,32,1,0.2,lr5e-05_bs16_modL1_fusion32_fusionL1_drop0p2_trmiss50_trlocradio,49,0.5989074011643728,0.694551428159078,0.5691964285714286,0.6652122844531905,0.4318181818181818,0.0,0.0,0.0,0.0,0.0,0.0,0.0,0.0,0.0,2002,radio,0.5
1,5,lr5e-05_bs16_modL1_fusion32_fusionL1_drop0p2_trmiss50_trlocradio,16,5e-05,1,32,1,0.2,lr5e-05_bs16_modL1_fusion32_fusionL1_drop0p2_trmiss50_trlocradio,50,0.6205983410278956,0.6899226307868958,0.5736607142857143,0.6715189057676899,0.45454545454545453,0.0,0.0,0.0,0.0,0.0,0.0,0.0,0.0,0.0,2002,radio,0.5
1,5,lr5e-05_bs16_modL1_fusion32_fusionL1_drop0p1_trmiss50_trlocradio,16,5e-05,1,32,1,0.1,lr5e-05_bs16_modL1_fusion32_fusionL1_drop0p1_trmiss50_trlocradio,1,0.7455779512723287,0.6790717641512553,0.5558035714285714,0.6785764387198271,0.5909090909090909,0.0,0.0,0.0,0.0,0.0,0.0,0.0,0.0,0.0,2002,radio,0.5
1,5,lr5e-05_bs16_modL1_fusion32_fusionL1_drop0p1_trmiss50_trlocradio,16,5e-05,1,32,1,0.1,lr5e-05_bs16_modL1_fusion32_fusionL1_drop0p1_trmiss50_trlocradio,2,0.7095293551683426,0.6842283209164938,0.5401785714285714,0.6738725758515073,0.45454545454545453,0.0,0.0,0.0,0.0,0.0,0.0,0.0,0.0,0.0,2002,radio,0.5
1,5,lr5e-05_bs16_modL1_fusion32_fusionL1_drop0p1_trmiss50_trlocradio,16,5e-05,1,32,1,0.1,lr5e-05_bs16_modL1_fusion32_fusionL1_drop0p1_trmiss50_trlocradio,3,0.685852030913035,0.6885774334271749,0.5558035714285714,0.6847535262004347,0.5227272727272727,0.0,0.0,0.0,0.0,0.0,0.0,0.0,0.0,0.0,2002,radio,0.5
1,5,lr5e-05_bs16_modL1_fusion32_fusionL1_drop0p1_trmiss50_trlocradio,16,5e-05,1,32,1,0.1,lr5e-05_bs16_modL1_fusion32_fusionL1_drop0p1_trmiss50_trlocradio,4,0.6824577152729034,0.6907474199930826,0.5558035714285714,0.6980426225159294,0.5,0.0,0.0,0.0,0.0,0.0,0.0,0.0,0.0,0.0,2002,radio,0.5
1,5,lr5e-05_bs16_modL1_fusion32_fusionL1_drop0p1_trmiss50_trlocradio,16,5e-05,1,32,1,0.1,lr5e-05_bs16_modL1_fusion32_fusionL1_drop0p1_trmiss50_trlocradio,5,0.6536440799633662,0.6938807765642802,0.5446428571428571,0.6836933981344816,0.5227272727272727,0.0,0.0,0.0,0.0,0.0,0.0,0.0,0.0,0.0,2002,radio,0.5
1,5,lr5e-05_bs16_modL1_fusion32_fusionL1_drop0p1_trmiss50_trlocradio,16,5e-05,1,32,1,0.1,lr5e-05_bs16_modL1_fusion32_fusionL1_drop0p1_trmiss50_trlocradio,6,0.6299887498219808,0.6891303062438965,0.5513392857142857,0.6858177660415928,0.5454545454545454,0.0,0.0,0.0,0.0,0.0,0.0,0.0,0.0,0.0,2002,radio,0.5
1,5,lr5e-05_bs16_modL1_fusion32_fusionL1_drop0p1_trmiss50_trlocradio,16,5e-05,1,32,1,0.1,lr5e-05_bs16_modL1_fusion32_fusionL1_drop0p1_trmiss50_trlocradio,7,0.6217628866434097,0.6903779705365499,0.5758928571428572,0.6944417463594931,0.5227272727272727,0.0,0.0,0.0,0.0,0.0,0.0,0.0,0.0,0.0,2002,radio,0.5
1,5,lr5e-05_bs16_modL1_fusion32_fusionL1_drop0p1_trmiss50_trlocradio,16,5e-05,1,32,1,0.1,lr5e-05_bs16_modL1_fusion32_fusionL1_drop0p1_trmiss50_trlocradio,8,0.5819310074051222,0.6873714725176493,0.5803571428571429,0.6948341091394292,0.5,0.0,0.0,0.0,0.0,0.0,0.0,0.0,0.0,0.0,2002,radio,0.5
1,5,lr5e-05_bs16_modL1_fusion32_fusionL1_drop0p1_trmiss50_trlocradio,16,5e-05,1,32,1,0.1,lr5e-05_bs16_modL1_fusion32_fusionL1_drop0p1_trmiss50_trlocradio,9,0.5946437666813532,0.6912094354629517,0.5758928571428571,0.6983444546802399,0.5,0.0,0.0,0.0,0.0,0.0,0.0,0.0,0.0,0.0,2002,radio,0.5
1,5,lr5e-05_bs16_modL1_fusion32_fusionL1_drop0p1_trmiss50_trlocradio,16,5e-05,1,32,1,0.1,lr5e-05_bs16_modL1_fusion32_fusionL1_drop0p1_trmiss50_trlocradio,10,0.6043108900388082,0.6893672148386637,0.5736607142857143,0.7028644486262628,0.5454545454545454,0.0,0.0,0.0,0.0,0.0,0.0,0.0,0.0,0.0,2002,radio,0.5
1,5,lr5e-05_bs16_modL1_fusion32_fusionL1_drop0p1_trmiss50_trlocradio,16,5e-05,1,32,1,0.1,lr5e-05_bs16_modL1_fusion32_fusionL1_drop0p1_trmiss50_trlocradio,11,0.6033136049906412,0.6897050539652506,0.5691964285714286,0.7029259752929283,0.5454545454545454,0.0,0.0,0.0,0.0,0.0,0.0,0.0,0.0,0.0,2002,radio,0.5
1,5,lr5e-05_bs16_modL1_fusion32_fusionL1_drop0p1_trmiss50_trlocradio,16,5e-05,1,32,1,0.1,lr5e-05_bs16_modL1_fusion32_fusionL1_drop0p1_trmiss50_trlocradio,12,0.5717176248629888,0.6833617091178894,0.5870535714285714,0.7068387682836051,0.5227272727272727,0.0,0.0,0.0,0.0,0.0,0.0,0.0,0.0,0.0,2002,radio,0.5
1,5,lr5e-05_bs16_modL1_fusion32_fusionL1_drop0p1_trmiss50_trlocradio,16,5e-05,1,32,1,0.1,lr5e-05_bs16_modL1_fusion32_fusionL1_drop0p1_trmiss50_trlocradio,13,0.5931031306584676,0.6898802320162455,0.5825892857142857,0.7087174248331628,0.5227272727272727,0.0,0.0,0.0,0.0,0.0,0.0,0.0,0.0,0.0,2002,radio,0.5
1,5,lr5e-05_bs16_modL1_fusion32_fusionL1_drop0p1_trmiss50_trlocradio,16,5e-05,1,32,1,0.1,lr5e-05_bs16_modL1_fusion32_fusionL1_drop0p1_trmiss50_trlocradio,14,0.5635083466768265,0.6852704683939616,0.5959821428571428,0.7125123429023568,0.5227272727272727,0.0,0.0,0.0,0.0,0.0,0.0,0.0,0.0,0.0,2002,radio,0.5
1,5,lr5e-05_bs16_modL1_fusion32_fusionL1_drop0p1_trmiss50_trlocradio,16,5e-05,1,32,1,0.1,lr5e-05_bs16_modL1_fusion32_fusionL1_drop0p1_trmiss50_trlocradio,15,0.5682872831821442,0.6816875537236532,0.5870535714285714,0.7229404007805197,0.5454545454545454,0.0,0.0,0.0,0.0,0.0,0.0,0.0,0.0,0.0,2002,radio,0.5
1,5,lr5e-05_bs16_modL1_fusion32_fusionL1_drop0p1_trmiss50_trlocradio,16,5e-05,1,32,1,0.1,lr5e-05_bs16_modL1_fusion32_fusionL1_drop0p1_trmiss50_trlocradio,16,0.5533087352911631,0.6801204681396484,0.5892857142857143,0.7205718947249847,0.5454545454545454,0.0,0.0,0.0,0.0,0.0,0.0,0.0,0.0,0.0,2002,radio,0.5
1,5,lr5e-05_bs16_modL1_fusion32_fusionL1_drop0p1_trmiss50_trlocradio,16,5e-05,1,32,1,0.1,lr5e-05_bs16_modL1_fusion32_fusionL1_drop0p1_trmiss50_trlocradio,17,0.5690844903389612,0.6770093639691671,0.6071428571428571,0.7260349983617801,0.5681818181818182,0.0,0.0,0.0,0.0,0.0,0.0,0.0,0.0,0.0,2002,radio,0.5
1,5,lr5e-05_bs16_modL1_fusion32_fusionL1_drop0p1_trmiss50_trlocradio,16,5e-05,1,32,1,0.1,lr5e-05_bs16_modL1_fusion32_fusionL1_drop0p1_trmiss50_trlocradio,18,0.5584138085444769,0.6750607093175253,0.6116071428571428,0.7259622871217205,0.5909090909090909,0.0,0.0,0.0,0.0,0.0,0.0,0.0,0.0,0.0,2002,radio,0.5
1,5,lr5e-05_bs16_modL1_fusion32_fusionL1_drop0p1_trmiss50_trlocradio,16,5e-05,1,32,1,0.1,lr5e-05_bs16_modL1_fusion32_fusionL1_drop0p1_trmiss50_trlocradio,19,0.5568491667509079,0.6725946068763733,0.6294642857142857,0.7433296648418277,0.5681818181818182,0.0,0.0,0.0,0.0,0.0,0.0,0.0,0.0,0.0,2002,radio,0.5
1,5,lr5e-05_bs16_modL1_fusion32_fusionL1_drop0p1_trmiss50_trlocradio,16,5e-05,1,32,1,0.1,lr5e-05_bs16_modL1_fusion32_fusionL1_drop0p1_trmiss50_trlocradio,20,0.5441782226165136,0.6729827324549357,0.6339285714285714,0.7454401355064855,0.5681818181818182,0.0,0.0,0.0,0.0,0.0,0.0,0.0,0.0,0.0,2002,radio,0.5
1,5,lr5e-05_bs16_modL1_fusion32_fusionL1_drop0p1_trmiss50_trlocradio,16,5e-05,1,32,1,0.1,lr5e-05_bs16_modL1_fusion32_fusionL1_drop0p1_trmiss50_trlocradio,21,0.5532232423623403,0.6772564649581909,0.6071428571428571,0.7451509364740238,0.5681818181818182,0.0,0.0,0.0,0.0,0.0,0.0,0.0,0.0,0.0,2002,radio,0.5
1,5,lr5e-05_bs16_modL1_fusion32_fusionL1_drop0p1_trmiss50_trlocradio,16,5e-05,1,32,1,0.1,lr5e-05_bs16_modL1_fusion32_fusionL1_drop0p1_trmiss50_trlocradio,22,0.539483884970347,0.6753021677335104,0.6071428571428572,0.7437983905950802,0.5681818181818182,0.0,0.0,0.0,0.0,0.0,0.0,0.0,0.0,0.0,2002,radio,0.5
1,5,lr5e-05_bs16_modL1_fusion32_fusionL1_drop0p1_trmiss50_trlocradio,16,5e-05,1,32,1,0.1,lr5e-05_bs16_modL1_fusion32_fusionL1_drop0p1_trmiss50_trlocradio,23,0.5325848534703255,0.6739160418510437,0.6093749999999999,0.7461875056026981,0.5909090909090909,0.0,0.0,0.0,0.0,0.0,0.0,0.0,0.0,0.0,2002,radio,0.5
1,5,lr5e-05_bs16_modL1_fusion32_fusionL1_drop0p1_trmiss50_trlocradio,16,5e-05,1,32,1,0.1,lr5e-05_bs16_modL1_fusion32_fusionL1_drop0p1_trmiss50_trlocradio,24,0.5522463371356329,0.680628498395284,0.6205357142857142,0.7534239732921274,0.5909090909090909,0.0,0.0,0.0,0.0,0.0,0.0,0.0,0.0,0.0,2002,radio,0.5
1,5,lr5e-05_bs16_modL1_fusion32_fusionL1_drop0p1_trmiss50_trlocradio,16,5e-05,1,32,1,0.1,lr5e-05_bs16_modL1_fusion32_fusionL1_drop0p1_trmiss50_trlocradio,25,0.5588041320443153,0.6780027151107788,0.6227678571428571,0.7445264857047085,0.5454545454545454,0.0,0.0,0.0,0.0,0.0,0.0,0.0,0.0,0.0,2002,radio,0.5
1,5,lr5e-05_bs16_modL1_fusion32_fusionL1_drop0p1_trmiss50_trlocradio,16,5e-05,1,32,1,0.1,lr5e-05_bs16_modL1_fusion32_fusionL1_drop0p1_trmiss50_trlocradio,26,0.5410256013274193,0.6750634709993998,0.6049107142857143,0.731773185739904,0.5909090909090909,0.0,0.0,0.0,0.0,0.0,0.0,0.0,0.0,0.0,2002,radio,0.5
1,5,lr5e-05_bs16_modL1_fusion32_fusionL1_drop0p1_trmiss50_trlocradio,16,5e-05,1,32,1,0.1,lr5e-05_bs16_modL1_fusion32_fusionL1_drop0p1_trmiss50_trlocradio,27,0.5488043203949928,0.6697145700454712,0.6183035714285714,0.7421670774039533,0.6136363636363636,0.0,0.0,0.0,0.0,0.0,0.0,0.0,0.0,0.0,2002,radio,0.5
1,5,lr5e-05_bs16_modL1_fusion32_fusionL1_drop0p1_trmiss50_trlocradio,16,5e-05,1,32,1,0.1,lr5e-05_bs16_modL1_fusion32_fusionL1_drop0p1_trmiss50_trlocradio,28,0.5327418719728788,0.6731889247894287,0.6160714285714286,0.752639178408357,0.5909090909090909,0.0,0.0,0.0,0.0,0.0,0.0,0.0,0.0,0.0,2002,radio,0.5
1,5,lr5e-05_bs16_modL1_fusion32_fusionL1_drop0p1_trmiss50_trlocradio,16,5e-05,1,32,1,0.1,lr5e-05_bs16_modL1_fusion32_fusionL1_drop0p1_trmiss50_trlocradio,29,0.52466398725907,0.6699261665344238,0.6227678571428571,0.7569001819550749,0.5909090909090909,0.0,0.0,0.0,0.0,0.0,0.0,0.0,0.0,0.0,2002,radio,0.5
1,5,lr5e-05_bs16_modL1_fusion32_fusionL1_drop0p1_trmiss50_trlocradio,16,5e-05,1,32,1,0.1,lr5e-05_bs16_modL1_fusion32_fusionL1_drop0p1_trmiss50_trlocradio,30,0.5362185637156168,0.6745398839314779,0.6026785714285714,0.7436621627749279,0.5227272727272727,0.0,0.0,0.0,0.0,0.0,0.0,0.0,0.0,0.0,2002,radio,0.5
1,5,lr5e-05_bs16_modL1_fusion32_fusionL1_drop0p1_trmiss50_trlocradio,16,5e-05,1,32,1,0.1,lr5e-05_bs16_modL1_fusion32_fusionL1_drop0p1_trmiss50_trlocradio,31,0.5164891878763834,0.66958220799764,0.6383928571428572,0.7668174816079599,0.6363636363636364,0.0,0.0,0.0,0.0,0.0,0.0,0.0,0.0,0.0,2002,radio,0.5
1,5,lr5e-05_bs16_modL1_fusion32_fusionL1_drop0p1_trmiss50_trlocradio,16,5e-05,1,32,1,0.1,lr5e-05_bs16_modL1_fusion32_fusionL1_drop0p1_trmiss50_trlocradio,32,0.5142393286029497,0.6713507374127706,0.6473214285714285,0.7580969086584294,0.6363636363636364,0.0,0.0,0.0,0.0,0.0,0.0,0.0,0.0,0.0,2002,radio,0.5
1,5,lr5e-05_bs16_modL1_fusion32_fusionL1_drop0p1_trmiss50_trlocradio,16,5e-05,1,32,1,0.1,lr5e-05_bs16_modL1_fusion32_fusionL1_drop0p1_trmiss50_trlocradio,33,0.532236727575461,0.6728319724400839,0.6183035714285714,0.7414812199784006,0.5909090909090909,0.0,0.0,0.0,0.0,0.0,0.0,0.0,0.0,0.0,2002,radio,0.5
1,5,lr5e-05_bs16_modL1_fusion32_fusionL1_drop0p1_trmiss50_trlocradio,16,5e-05,1,32,1,0.1,lr5e-05_bs16_modL1_fusion32_fusionL1_drop0p1_trmiss50_trlocradio,34,0.5314609582225481,0.6742230653762817,0.6272321428571428,0.7426466860573187,0.6136363636363636,0.0,0.0,0.0,0.0,0.0,0.0,0.0,0.0,0.0,2002,radio,0.5
1,5,lr5e-05_bs16_modL1_fusion32_fusionL1_drop0p1_trmiss50_trlocradio,16,5e-05,1,32,1,0.1,lr5e-05_bs16_modL1_fusion32_fusionL1_drop0p1_trmiss50_trlocradio,35,0.5386113300919533,0.67264856894811,0.6183035714285714,0.7381739413853953,0.5909090909090909,0.0,0.0,0.0,0.0,0.0,0.0,0.0,0.0,0.0,2002,radio,0.5
1,5,lr5e-05_bs16_modL1_fusion32_fusionL1_drop0p1_trmiss50_trlocradio,16,5e-05,1,32,1,0.1,lr5e-05_bs16_modL1_fusion32_fusionL1_drop0p1_trmiss50_trlocradio,36,0.5218626310427984,0.666578491528829,0.625,0.7548293106865088,0.5681818181818182,0.0,0.0,0.0,0.0,0.0,0.0,0.0,0.0,0.0,2002,radio,0.5
1,5,lr5e-05_bs16_modL1_fusion32_fusionL1_drop0p1_trmiss50_trlocradio,16,5e-05,1,32,1,0.1,lr5e-05_bs16_modL1_fusion32_fusionL1_drop0p1_trmiss50_trlocradio,37,0.5080874140063921,0.6670709451039633,0.6138392857142857,0.7353869672785623,0.5909090909090909,0.0,0.0,0.0,0.0,0.0,0.0,0.0,0.0,0.0,2002,radio,0.5
1,5,lr5e-05_bs16_modL1_fusion32_fusionL1_drop0p1_trmiss50_trlocradio,16,5e-05,1,32,1,0.1,lr5e-05_bs16_modL1_fusion32_fusionL1_drop0p1_trmiss50_trlocradio,38,0.5230964347720146,0.6710912982622782,0.609375,0.7318295393506621,0.6363636363636364,0.0,0.0,0.0,0.0,0.0,0.0,0.0,0.0,0.0,2002,radio,0.5
1,5,lr5e-05_bs16_modL1_fusion32_fusionL1_drop0p1_trmiss50_trlocradio,16,5e-05,1,32,1,0.1,lr5e-05_bs16_modL1_fusion32_fusionL1_drop0p1_trmiss50_trlocradio,39,0.5221627801656723,0.6644456585248312,0.6227678571428571,0.7513100257967904,0.6363636363636364,0.0,0.0,0.0,0.0,0.0,0.0,0.0,0.0,0.0,2002,radio,0.5
1,5,lr5e-05_bs16_modL1_fusion32_fusionL1_drop0p1_trmiss50_trlocradio,16,5e-05,1,32,1,0.1,lr5e-05_bs16_modL1_fusion32_fusionL1_drop0p1_trmiss50_trlocradio,40,0.5174398471911749,0.66534423828125,0.6227678571428571,0.7559392623456336,0.5909090909090909,0.0,0.0,0.0,0.0,0.0,0.0,0.0,0.0,0.0,2002,radio,0.5
1,5,lr5e-05_bs16_modL1_fusion32_fusionL1_drop0p1_trmiss50_trlocradio,16,5e-05,1,32,1,0.1,lr5e-05_bs16_modL1_fusion32_fusionL1_drop0p1_trmiss50_trlocradio,41,0.5139957467714945,0.6667928695678711,0.6227678571428571,0.7522770136095885,0.6136363636363636,0.0,0.0,0.0,0.0,0.0,0.0,0.0,0.0,0.0,2002,radio,0.5
1,5,lr5e-05_bs16_modL1_fusion32_fusionL1_drop0p1_trmiss50_trlocradio,16,5e-05,1,32,1,0.1,lr5e-05_bs16_modL1_fusion32_fusionL1_drop0p1_trmiss50_trlocradio,42,0.5117248172561327,0.668925146261851,0.6272321428571428,0.7602898450653729,0.6136363636363636,0.0,0.0,0.0,0.0,0.0,0.0,0.0,0.0,0.0,2002,radio,0.5
1,5,lr5e-05_bs16_modL1_fusion32_fusionL1_drop0p1_trmiss50_trlocradio,16,5e-05,1,32,1,0.1,lr5e-05_bs16_modL1_fusion32_fusionL1_drop0p1_trmiss50_trlocradio,43,0.5302384172876676,0.6712398330370585,0.6116071428571429,0.7391696405365141,0.5909090909090909,0.0,0.0,0.0,0.0,0.0,0.0,0.0,0.0,0.0,2002,radio,0.5
1,5,lr5e-05_bs16_modL1_fusion32_fusionL1_drop0p1_trmiss50_trlocradio,16,5e-05,1,32,1,0.1,lr5e-05_bs16_modL1_fusion32_fusionL1_drop0p1_trmiss50_trlocradio,44,0.5370100686947504,0.6691742340723673,0.6339285714285715,0.7491776594213841,0.6136363636363636,0.0,0.0,0.0,0.0,0.0,0.0,0.0,0.0,0.0,2002,radio,0.5
1,5,lr5e-05_bs16_modL1_fusion32_fusionL1_drop0p1_trmiss50_trlocradio,16,5e-05,1,32,1,0.1,lr5e-05_bs16_modL1_fusion32_fusionL1_drop0p1_trmiss50_trlocradio,45,0.5199544380108515,0.66224737962087,0.6294642857142858,0.7451977865864693,0.6136363636363636,0.0,0.0,0.0,0.0,0.0,0.0,0.0,0.0,0.0,2002,radio,0.5
1,5,lr5e-05_bs16_modL1_fusion32_fusionL1_drop0p1_trmiss50_trlocradio,16,5e-05,1,32,1,0.1,lr5e-05_bs16_modL1_fusion32_fusionL1_drop0p1_trmiss50_trlocradio,46,0.5013156781593958,0.664905846118927,0.6473214285714286,0.758286271421016,0.6136363636363636,0.0,0.0,0.0,0.0,0.0,0.0,0.0,0.0,0.0,2002,radio,0.5
1,5,lr5e-05_bs16_modL1_fusion32_fusionL1_drop0p1_trmiss50_trlocradio,16,5e-05,1,32,1,0.1,lr5e-05_bs16_modL1_fusion32_fusionL1_drop0p1_trmiss50_trlocradio,47,0.5091718087593714,0.6605709791183472,0.6383928571428571,0.7652570947314424,0.6363636363636364,0.0,0.0,0.0,0.0,0.0,0.0,0.0,0.0,0.0,2002,radio,0.5
1,5,lr5e-05_bs16_modL1_fusion32_fusionL1_drop0p1_trmiss50_trlocradio,16,5e-05,1,32,1,0.1,lr5e-05_bs16_modL1_fusion32_fusionL1_drop0p1_trmiss50_trlocradio,48,0.5112834672133127,0.6675457159678141,0.6473214285714286,0.7613829160617783,0.5909090909090909,0.0,0.0,0.0,0.0,0.0,0.0,0.0,0.0,0.0,2002,radio,0.5
1,5,lr5e-05_bs16_modL1_fusion32_fusionL1_drop0p1_trmiss50_trlocradio,16,5e-05,1,32,1,0.1,lr5e-05_bs16_modL1_fusion32_fusionL1_drop0p1_trmiss50_trlocradio,49,0.5128674209117889,0.6683100660641988,0.6450892857142857,0.7546922318933919,0.6136363636363636,0.0,0.0,0.0,0.0,0.0,0.0,0.0,0.0,0.0,2002,radio,0.5
1,5,lr5e-05_bs16_modL1_fusion32_fusionL1_drop0p1_trmiss50_trlocradio,16,5e-05,1,32,1,0.1,lr5e-05_bs16_modL1_fusion32_fusionL1_drop0p1_trmiss50_trlocradio,50,0.5314694916208585,0.6656312743822733,0.6406249999999999,0.7501764282008786,0.6136363636363636,0.0,0.0,0.0,0.0,0.0,0.0,0.0,0.0,0.0,2002,radio,0.5
1,5,lr5e-05_bs16_modL1_fusion32_fusionL1_drop0p1_trmiss50_trlocradio,16,5e-05,1,32,1,0.1,lr5e-05_bs16_modL1_fusion32_fusionL1_drop0p1_trmiss50_trlocradio,51,0.4969513689478238,0.662730077902476,0.6517857142857142,0.7604498860894096,0.6363636363636364,0.0,0.0,0.0,0.0,0.0,0.0,0.0,0.0,0.0,2002,radio,0.5
1,5,lr5e-05_bs16_modL1_fusion32_fusionL1_drop0p1_trmiss50_trlocradio,16,5e-05,1,32,1,0.1,lr5e-05_bs16_modL1_fusion32_fusionL1_drop0p1_trmiss50_trlocradio,52,0.5098868807156881,0.6573243141174316,0.6785714285714286,0.7857151139437997,0.6363636363636364,0.0,0.0,0.0,0.0,0.0,0.0,0.0,0.0,0.0,2002,radio,0.5
1,5,lr5e-05_bs16_modL1_fusion32_fusionL1_drop0p1_trmiss50_trlocradio,16,5e-05,1,32,1,0.1,lr5e-05_bs16_modL1_fusion32_fusionL1_drop0p1_trmiss50_trlocradio,53,0.5297011087338129,0.6617516477902731,0.6651785714285714,0.7773274923674127,0.6363636363636364,0.0,0.0,0.0,0.0,0.0,0.0,0.0,0.0,0.0,2002,radio,0.5
1,5,lr5e-05_bs16_modL1_fusion32_fusionL1_drop0p1_trmiss50_trlocradio,16,5e-05,1,32,1,0.1,lr5e-05_bs16_modL1_fusion32_fusionL1_drop0p1_trmiss50_trlocradio,54,0.4909410427014033,0.6617001891136169,0.6517857142857142,0.758416266795234,0.6590909090909091,0.0,0.0,0.0,0.0,0.0,0.0,0.0,0.0,0.0,2002,radio,0.5
1,5,lr5e-05_bs16_modL1_fusion32_fusionL1_drop0p1_trmiss50_trlocradio,16,5e-05,1,32,1,0.1,lr5e-05_bs16_modL1_fusion32_fusionL1_drop0p1_trmiss50_trlocradio,55,0.5144369006156921,0.6644850969314575,0.640625,0.7634482506748704,0.6363636363636364,0.0,0.0,0.0,0.0,0.0,0.0,0.0,0.0,0.0,2002,radio,0.5
1,5,lr5e-05_bs16_modL1_fusion32_fusionL1_drop0p1_trmiss50_trlocradio,16,5e-05,1,32,1,0.1,lr5e-05_bs16_modL1_fusion32_fusionL1_drop0p1_trmiss50_trlocradio,56,0.5129859621326128,0.6636159221331278,0.6607142857142857,0.7645794845018636,0.6363636363636364,0.0,0.0,0.0,0.0,0.0,0.0,0.0,0.0,0.0,2002,radio,0.5
1,5,lr5e-05_bs16_modL1_fusion32_fusionL1_drop0p1_trmiss50_trlocradio,16,5e-05,1,32,1,0.1,lr5e-05_bs16_modL1_fusion32_fusionL1_drop0p1_trmiss50_trlocradio,57,0.49983397374550503,0.6554192304611206,0.6495535714285714,0.7744437148881028,0.6363636363636364,0.0,0.0,0.0,0.0,0.0,0.0,0.0,0.0,0.0,2002,radio,0.5
1,5,lr5e-05_bs16_modL1_fusion32_fusionL1_drop0p1_trmiss50_trlocradio,16,5e-05,1,32,1,0.1,lr5e-05_bs16_modL1_fusion32_fusionL1_drop0p1_trmiss50_trlocradio,58,0.5114361221591631,0.6554202437400818,0.6450892857142857,0.7565683978289895,0.6363636363636364,0.0,0.0,0.0,0.0,0.0,0.0,0.0,0.0,0.0,2002,radio,0.5
1,5,lr5e-05_bs16_modL1_fusion32_fusionL1_drop0p1_trmiss50_trlocradio,16,5e-05,1,32,1,0.1,lr5e-05_bs16_modL1_fusion32_fusionL1_drop0p1_trmiss50_trlocradio,59,0.5303251519799232,0.6549240549405416,0.6607142857142858,0.7775437355547354,0.6363636363636364,0.0,0.0,0.0,0.0,0.0,0.0,0.0,0.0,0.0,2002,radio,0.5
1,5,lr5e-05_bs16_modL1_fusion32_fusionL1_drop0p1_trmiss50_trlocradio,16,5e-05,1,32,1,0.1,lr5e-05_bs16_modL1_fusion32_fusionL1_drop0p1_trmiss50_trlocradio,60,0.5017664929231008,0.6541233658790588,0.6540178571428571,0.7718347845680609,0.6136363636363636,0.0,0.0,0.0,0.0,0.0,0.0,0.0,0.0,0.0,2002,radio,0.5
1,5,lr5e-05_bs16_modL1_fusion32_fusionL1_drop0p1_trmiss50_trlocradio,16,5e-05,1,32,1,0.1,lr5e-05_bs16_modL1_fusion32_fusionL1_drop0p1_trmiss50_trlocradio,61,0.5216368113954862,0.6569008827209473,0.6473214285714286,0.736800872200196,0.6590909090909091,0.0,0.0,0.0,0.0,0.0,0.0,0.0,0.0,0.0,2002,radio,0.5
1,5,lr5e-05_bs16_modL1_fusion32_fusionL1_drop0p1_trmiss50_trlocradio,16,5e-05,1,32,1,0.1,lr5e-05_bs16_modL1_fusion32_fusionL1_drop0p1_trmiss50_trlocradio,62,0.49446167796850204,0.6558264493942261,0.65625,0.7359317651056322,0.6363636363636364,0.0,0.0,0.0,0.0,0.0,0.0,0.0,0.0,0.0,2002,radio,0.5
1,5,lr5e-05_bs16_modL1_fusion32_fusionL1_drop0p1_trmiss50_trlocradio,16,5e-05,1,32,1,0.1,lr5e-05_bs16_modL1_fusion32_fusionL1_drop0p1_trmiss50_trlocradio,63,0.4933374027411143,0.6562315026919047,0.6517857142857143,0.757636821964717,0.6363636363636364,0.0,0.0,0.0,0.0,0.0,0.0,0.0,0.0,0.0,2002,radio,0.5
1,5,lr5e-05_bs16_modL1_fusion32_fusionL1_drop0p1_trmiss50_trlocradio,16,5e-05,1,32,1,0.1,lr5e-05_bs16_modL1_fusion32_fusionL1_drop0p1_trmiss50_trlocradio,64,0.5214629421631495,0.6583285729090372,0.6674107142857143,0.755040186144397,0.6363636363636364,0.0,0.0,0.0,0.0,0.0,0.0,0.0,0.0,0.0,2002,radio,0.5
1,5,lr5e-05_bs16_modL1_fusion32_fusionL1_drop0p1_trmiss50_trlocradio,16,5e-05,1,32,1,0.1,lr5e-05_bs16_modL1_fusion32_fusionL1_drop0p1_trmiss50_trlocradio,65,0.5230890115102133,0.6609650055567423,0.6540178571428572,0.7634526417091083,0.6363636363636364,0.0,0.0,0.0,0.0,0.0,0.0,0.0,0.0,0.0,2002,radio,0.5
1,5,lr5e-05_bs16_modL1_fusion32_fusionL1_drop0p1_trmiss50_trlocradio,16,5e-05,1,32,1,0.1,lr5e-05_bs16_modL1_fusion32_fusionL1_drop0p1_trmiss50_trlocradio,66,0.48576480398575467,0.6560952663421631,0.6696428571428571,0.7791722017895705,0.6590909090909091,0.0,0.0,0.0,0.0,0.0,0.0,0.0,0.0,0.0,2002,radio,0.5
1,5,lr5e-05_bs16_modL1_fusion32_fusionL1_drop0p1_trmiss50_trlocradio,16,5e-05,1,32,1,0.1,lr5e-05_bs16_modL1_fusion32_fusionL1_drop0p1_trmiss50_trlocradio,67,0.4950509990255038,0.6570271452267965,0.6450892857142857,0.7417028479747554,0.6590909090909091,0.0,0.0,0.0,0.0,0.0,0.0,0.0,0.0,0.0,2002,radio,0.5
1,5,lr5e-05_bs16_modL1_fusion32_fusionL1_drop0p1_trmiss50_trlocradio,16,5e-05,1,32,1,0.1,lr5e-05_bs16_modL1_fusion32_fusionL1_drop0p1_trmiss50_trlocradio,68,0.5026620477437973,0.6572510798772176,0.6450892857142857,0.7416611563707817,0.6363636363636364,0.0,0.0,0.0,0.0,0.0,0.0,0.0,0.0,0.0,2002,radio,0.5
1,5,lr5e-05_bs16_modL1_fusion32_fusionL1_drop0p1_trmiss50_trlocradio,16,5e-05,1,32,1,0.1,lr5e-05_bs16_modL1_fusion32_fusionL1_drop0p1_trmiss50_trlocradio,69,0.4970305810372035,0.6525390346844991,0.6517857142857143,0.7642657054866547,0.6590909090909091,0.0,0.0,0.0,0.0,0.0,0.0,0.0,0.0,0.0,2002,radio,0.5
1,5,lr5e-05_bs16_modL1_fusion32_fusionL1_drop0p1_trmiss50_trlocradio,16,5e-05,1,32,1,0.1,lr5e-05_bs16_modL1_fusion32_fusionL1_drop0p1_trmiss50_trlocradio,70,0.5015625407298406,0.6568933924039205,0.6629464285714286,0.7681646038826324,0.6590909090909091,0.0,0.0,0.0,0.0,0.0,0.0,0.0,0.0,0.0,2002,radio,0.5
1,5,lr5e-05_bs16_modL1_fusion32_fusionL1_drop0p1_trmiss50_trlocradio,16,5e-05,1,32,1,0.1,lr5e-05_bs16_modL1_fusion32_fusionL1_drop0p1_trmiss50_trlocradio,71,0.5095651472608248,0.6568366885185242,0.6629464285714286,0.7680477297239464,0.6363636363636364,0.0,0.0,0.0,0.0,0.0,0.0,0.0,0.0,0.0,2002,radio,0.5
1,5,lr5e-05_bs16_modL1_fusion32_fusionL1_drop0p1_trmiss50_trlocradio,16,5e-05,1,32,1,0.1,lr5e-05_bs16_modL1_fusion32_fusionL1_drop0p1_trmiss50_trlocradio,72,0.484989695250988,0.6540283560752869,0.6584821428571429,0.7466348708940157,0.6363636363636364,0.0,0.0,0.0,0.0,0.0,0.0,0.0,0.0,0.0,2002,radio,0.5
1,5,lr5e-05_bs16_modL1_fusion64_fusionL1_drop0p2_trmiss50_trlocradio,16,5e-05,1,64,1,0.2,lr5e-05_bs16_modL1_fusion64_fusionL1_drop0p2_trmiss50_trlocradio,1,0.702430302898089,0.7025319735209147,0.36607142857142855,0.612160747157624,0.38636363636363635,0.0,0.0,0.0,0.0,0.0,0.0,0.0,0.0,0.0,2002,radio,0.5
1,5,lr5e-05_bs16_modL1_fusion64_fusionL1_drop0p2_trmiss50_trlocradio,16,5e-05,1,64,1,0.2,lr5e-05_bs16_modL1_fusion64_fusionL1_drop0p2_trmiss50_trlocradio,2,0.6894752929608027,0.7077475190162659,0.3995535714285714,0.6249181630917316,0.45454545454545453,0.0,0.0,0.0,0.0,0.0,0.0,0.0,0.0,0.0,2002,radio,0.5
1,5,lr5e-05_bs16_modL1_fusion64_fusionL1_drop0p2_trmiss50_trlocradio,16,5e-05,1,64,1,0.2,lr5e-05_bs16_modL1_fusion64_fusionL1_drop0p2_trmiss50_trlocradio,3,0.6774249176184336,0.7110633055369059,0.3883928571428571,0.6179524823710572,0.4090909090909091,0.0,0.0,0.0,0.0,0.0,0.0,0.0,0.0,0.0,2002,radio,0.5
1,5,lr5e-05_bs16_modL1_fusion64_fusionL1_drop0p2_trmiss50_trlocradio,16,5e-05,1,64,1,0.2,lr5e-05_bs16_modL1_fusion64_fusionL1_drop0p2_trmiss50_trlocradio,4,0.6666626383860906,0.7070227861404419,0.40848214285714285,0.6272381333165608,0.45454545454545453,0.0,0.0,0.0,0.0,0.0,0.0,0.0,0.0,0.0,2002,radio,0.5
1,5,lr5e-05_bs16_modL1_fusion64_fusionL1_drop0p2_trmiss50_trlocradio,16,5e-05,1,64,1,0.2,lr5e-05_bs16_modL1_fusion64_fusionL1_drop0p2_trmiss50_trlocradio,5,0.6369719505310059,0.706297238667806,0.4107142857142857,0.6277228468100189,0.4318181818181818,0.0,0.0,0.0,0.0,0.0,0.0,0.0,0.0,0.0,2002,radio,0.5
1,5,lr5e-05_bs16_modL1_fusion64_fusionL1_drop0p2_trmiss50_trlocradio,16,5e-05,1,64,1,0.2,lr5e-05_bs16_modL1_fusion64_fusionL1_drop0p2_trmiss50_trlocradio,6,0.6471155335505804,0.7054949204126993,0.4084821428571429,0.6245916113218989,0.45454545454545453,0.0,0.0,0.0,0.0,0.0,0.0,0.0,0.0,0.0,2002,radio,0.5
1,5,lr5e-05_bs16_modL1_fusion64_fusionL1_drop0p2_trmiss50_trlocradio,16,5e-05,1,64,1,0.2,lr5e-05_bs16_modL1_fusion64_fusionL1_drop0p2_trmiss50_trlocradio,7,0.6110286762317022,0.7049910028775533,0.4107142857142857,0.6306531072185244,0.45454545454545453,0.0,0.0,0.0,0.0,0.0,0.0,0.0,0.0,0.0,2002,radio,0.5
1,5,lr5e-05_bs16_modL1_fusion64_fusionL1_drop0p2_trmiss50_trlocradio,16,5e-05,1,64,1,0.2,lr5e-05_bs16_modL1_fusion64_fusionL1_drop0p2_trmiss50_trlocradio,8,0.5833007246255875,0.7075149615605673,0.4151785714285714,0.6319378753021371,0.45454545454545453,0.0,0.0,0.0,0.0,0.0,0.0,0.0,0.0,0.0,2002,radio,0.5
1,5,lr5e-05_bs16_modL1_fusion64_fusionL1_drop0p2_trmiss50_trlocradio,16,5e-05,1,64,1,0.2,lr5e-05_bs16_modL1_fusion64_fusionL1_drop0p2_trmiss50_trlocradio,9,0.6020707686742147,0.7031077146530151,0.42857142857142855,0.6358661484543319,0.45454545454545453,0.0,0.0,0.0,0.0,0.0,0.0,0.0,0.0,0.0,2002,radio,0.5
1,5,lr5e-05_bs16_modL1_fusion64_fusionL1_drop0p2_trmiss50_trlocradio,16,5e-05,1,64,1,0.2,lr5e-05_bs16_modL1_fusion64_fusionL1_drop0p2_trmiss50_trlocradio,10,0.5974639505147934,0.7013296484947205,0.45535714285714285,0.6501122378374018,0.45454545454545453,0.0,0.0,0.0,0.0,0.0,0.0,0.0,0.0,0.0,2002,radio,0.5
1,5,lr5e-05_bs16_modL1_fusion64_fusionL1_drop0p2_trmiss50_trlocradio,16,5e-05,1,64,1,0.2,lr5e-05_bs16_modL1_fusion64_fusionL1_drop0p2_trmiss50_trlocradio,11,0.6103121141592661,0.6962598562240601,0.45982142857142855,0.6497967999911759,0.4772727272727273,0.0,0.0,0.0,0.0,0.0,0.0,0.0,0.0,0.0,2002,radio,0.5
1,5,lr5e-05_bs16_modL1_fusion64_fusionL1_drop0p2_trmiss50_trlocradio,16,5e-05,1,64,1,0.2,lr5e-05_bs16_modL1_fusion64_fusionL1_drop0p2_trmiss50_trlocradio,12,0.5801456694801649,0.6920116941134135,0.4866071428571428,0.6642903560110057,0.4772727272727273,0.0,0.0,0.0,0.0,0.0,0.0,0.0,0.0,0.0,2002,radio,0.5
1,5,lr5e-05_bs16_modL1_fusion64_fusionL1_drop0p2_trmiss50_trlocradio,16,5e-05,1,64,1,0.2,lr5e-05_bs16_modL1_fusion64_fusionL1_drop0p2_trmiss50_trlocradio,13,0.5825981100400289,0.6968544125556946,0.45982142857142855,0.6460342921758286,0.4772727272727273,0.0,0.0,0.0,0.0,0.0,0.0,0.0,0.0,0.0,2002,radio,0.5
1,5,lr5e-05_bs16_modL1_fusion64_fusionL1_drop0p2_trmiss50_trlocradio,16,5e-05,1,64,1,0.2,lr5e-05_bs16_modL1_fusion64_fusionL1_drop0p2_trmiss50_trlocradio,14,0.5724877764781316,0.6933843493461609,0.46651785714285715,0.6543604725838681,0.45454545454545453,0.0,0.0,0.0,0.0,0.0,0.0,0.0,0.0,0.0,2002,radio,0.5
1,5,lr5e-05_bs16_modL1_fusion64_fusionL1_drop0p2_trmiss50_trlocradio,16,5e-05,1,64,1,0.2,lr5e-05_bs16_modL1_fusion64_fusionL1_drop0p2_trmiss50_trlocradio,15,0.560773953795433,0.690703809261322,0.46651785714285715,0.6520959492948166,0.5,0.0,0.0,0.0,0.0,0.0,0.0,0.0,0.0,0.0,2002,radio,0.5
1,5,lr5e-05_bs16_modL1_fusion64_fusionL1_drop0p2_trmiss50_trlocradio,16,5e-05,1,64,1,0.2,lr5e-05_bs16_modL1_fusion64_fusionL1_drop0p2_trmiss50_trlocradio,16,0.567282517751058,0.6894740462303162,0.47767857142857145,0.6602024989942875,0.4772727272727273,0.0,0.0,0.0,0.0,0.0,0.0,0.0,0.0,0.0,2002,radio,0.5
1,5,lr5e-05_bs16_modL1_fusion64_fusionL1_drop0p2_trmiss50_trlocradio,16,5e-05,1,64,1,0.2,lr5e-05_bs16_modL1_fusion64_fusionL1_drop0p2_trmiss50_trlocradio,17,0.5829922904570898,0.690550684928894,0.46875,0.6568522284668383,0.45454545454545453,0.0,0.0,0.0,0.0,0.0,0.0,0.0,0.0,0.0,2002,radio,0.5
1,5,lr5e-05_bs16_modL1_fusion64_fusionL1_drop0p2_trmiss50_trlocradio,16,5e-05,1,64,1,0.2,lr5e-05_bs16_modL1_fusion64_fusionL1_drop0p2_trmiss50_trlocradio,18,0.5478182608882586,0.6827925244967142,0.484375,0.6822253078895696,0.4772727272727273,0.0,0.0,0.0,0.0,0.0,0.0,0.0,0.0,0.0,2002,radio,0.5
1,5,lr5e-05_bs16_modL1_fusion64_fusionL1_drop0p2_trmiss50_trlocradio,16,5e-05,1,64,1,0.2,lr5e-05_bs16_modL1_fusion64_fusionL1_drop0p2_trmiss50_trlocradio,19,0.5640479723612467,0.6806507507960001,0.47991071428571436,0.665162179828756,0.4772727272727273,0.0,0.0,0.0,0.0,0.0,0.0,0.0,0.0,0.0,2002,radio,0.5
1,5,lr5e-05_bs16_modL1_fusion64_fusionL1_drop0p2_trmiss50_trlocradio,16,5e-05,1,64,1,0.2,lr5e-05_bs16_modL1_fusion64_fusionL1_drop0p2_trmiss50_trlocradio,20,0.5645041962464651,0.6826512614885966,0.4754464285714286,0.6618695069024126,0.45454545454545453,0.0,0.0,0.0,0.0,0.0,0.0,0.0,0.0,0.0,2002,radio,0.5
1,5,lr5e-05_bs16_modL1_fusion64_fusionL1_drop0p2_trmiss50_trlocradio,16,5e-05,1,64,1,0.2,lr5e-05_bs16_modL1_fusion64_fusionL1_drop0p2_trmiss50_trlocradio,21,0.5344490359226862,0.6827143828074137,0.4732142857142857,0.6654836290940777,0.45454545454545453,0.0,0.0,0.0,0.0,0.0,0.0,0.0,0.0,0.0,2002,radio,0.5
1,5,lr5e-05_bs16_modL1_fusion64_fusionL1_drop0p2_trmiss50_trlocradio,16,5e-05,1,64,1,0.2,lr5e-05_bs16_modL1_fusion64_fusionL1_drop0p2_trmiss50_trlocradio,22,0.5347432047128677,0.6861117879549662,0.4732142857142857,0.666250024213361,0.5,0.0,0.0,0.0,0.0,0.0,0.0,0.0,0.0,0.0,2002,radio,0.5
1,5,lr5e-05_bs16_modL1_fusion64_fusionL1_drop0p2_trmiss50_trlocradio,16,5e-05,1,64,1,0.2,lr5e-05_bs16_modL1_fusion64_fusionL1_drop0p2_trmiss50_trlocradio,23,0.5550286422173182,0.6832611759503683,0.46205357142857145,0.6550887358854812,0.5,0.0,0.0,0.0,0.0,0.0,0.0,0.0,0.0,0.0,2002,radio,0.5
1,5,lr5e-05_bs16_modL1_fusion64_fusionL1_drop0p2_trmiss50_trlocradio,16,5e-05,1,64,1,0.2,lr5e-05_bs16_modL1_fusion64_fusionL1_drop0p2_trmiss50_trlocradio,24,0.5377043088277181,0.6916728218396505,0.4575892857142857,0.6733864639872944,0.4772727272727273,0.0,0.0,0.0,0.0,0.0,0.0,0.0,0.0,0.0,2002,radio,0.5
1,5,lr5e-05_bs16_modL1_fusion64_fusionL1_drop0p2_trmiss50_trlocradio,16,5e-05,1,64,1,0.2,lr5e-05_bs16_modL1_fusion64_fusionL1_drop0p2_trmiss50_trlocradio,25,0.5245511457324028,0.6864298780759176,0.48214285714285715,0.6880769582266199,0.4772727272727273,0.0,0.0,0.0,0.0,0.0,0.0,0.0,0.0,0.0,2002,radio,0.5
1,5,lr5e-05_bs16_modL1_fusion64_fusionL1_drop0p2_trmiss50_trlocradio,16,5e-05,1,64,1,0.2,lr5e-05_bs16_modL1_fusion64_fusionL1_drop0p2_trmiss50_trlocradio,26,0.5256865546107292,0.6881472865740458,0.4575892857142857,0.6586535280165211,0.45454545454545453,0.0,0.0,0.0,0.0,0.0,0.0,0.0,0.0,0.0,2002,radio,0.5
1,5,lr5e-05_bs16_modL1_fusion64_fusionL1_drop0p2_trmiss50_trlocradio,16,5e-05,1,64,1,0.2,lr5e-05_bs16_modL1_fusion64_fusionL1_drop0p2_trmiss50_trlocradio,27,0.5309838354587555,0.6850895086924235,0.4732142857142857,0.6647717147077998,0.45454545454545453,0.0,0.0,0.0,0.0,0.0,0.0,0.0,0.0,0.0,2002,radio,0.5
1,5,lr5e-05_bs16_modL1_fusion64_fusionL1_drop0p2_trmiss50_trlocradio,16,5e-05,1,64,1,0.2,lr5e-05_bs16_modL1_fusion64_fusionL1_drop0p2_trmiss50_trlocradio,28,0.5083847641944885,0.683483362197876,0.46875,0.6654211701558024,0.5,0.0,0.0,0.0,0.0,0.0,0.0,0.0,0.0,0.0,2002,radio,0.5
1,5,lr5e-05_bs16_modL1_fusion64_fusionL1_drop0p2_trmiss50_trlocradio,16,5e-05,1,64,1,0.2,lr5e-05_bs16_modL1_fusion64_fusionL1_drop0p2_trmiss50_trlocradio,29,0.520886758963267,0.6827077468236288,0.47098214285714285,0.6566704963825027,0.5,0.0,0.0,0.0,0.0,0.0,0.0,0.0,0.0,0.0,2002,radio,0.5
1,5,lr5e-05_bs16_modL1_fusion64_fusionL1_drop0p2_trmiss50_trlocradio,16,5e-05,1,64,1,0.2,lr5e-05_bs16_modL1_fusion64_fusionL1_drop0p2_trmiss50_trlocradio,30,0.5391714721918106,0.6882582505544027,0.4799107142857142,0.6818305034243243,0.4772727272727273,0.0,0.0,0.0,0.0,0.0,0.0,0.0,0.0,0.0,2002,radio,0.5
1,5,lr5e-05_bs16_modL1_fusion64_fusionL1_drop0p2_trmiss50_trlocradio,16,5e-05,1,64,1,0.2,lr5e-05_bs16_modL1_fusion64_fusionL1_drop0p2_trmiss50_trlocradio,31,0.5086909979581833,0.6874916156133016,0.4776785714285714,0.6654295306683095,0.4772727272727273,0.0,0.0,0.0,0.0,0.0,0.0,0.0,0.0,0.0,2002,radio,0.5
1,5,lr5e-05_bs16_modL1_fusion64_fusionL1_drop0p2_trmiss50_trlocradio,16,5e-05,1,64,1,0.2,lr5e-05_bs16_modL1_fusion64_fusionL1_drop0p2_trmiss50_trlocradio,32,0.5037970120708147,0.6869456768035889,0.45758928571428575,0.646606685649368,0.5,0.0,0.0,0.0,0.0,0.0,0.0,0.0,0.0,0.0,2002,radio,0.5
1,5,lr5e-05_bs16_modL1_fusion64_fusionL1_drop0p1_trmiss50_trlocradio,16,5e-05,1,64,1,0.1,lr5e-05_bs16_modL1_fusion64_fusionL1_drop0p1_trmiss50_trlocradio,1,0.65195731818676,0.6859081188837687,0.4196428571428571,0.6138414276989611,0.5909090909090909,0.0,0.0,0.0,0.0,0.0,0.0,0.0,0.0,0.0,2002,radio,0.5
1,5,lr5e-05_bs16_modL1_fusion64_fusionL1_drop0p1_trmiss50_trlocradio,16,5e-05,1,64,1,0.1,lr5e-05_bs16_modL1_fusion64_fusionL1_drop0p1_trmiss50_trlocradio,2,0.6220320959885915,0.6901078025499979,0.4285714285714286,0.5972148398040277,0.5681818181818182,0.0,0.0,0.0,0.0,0.0,0.0,0.0,0.0,0.0,2002,radio,0.5
1,5,lr5e-05_bs16_modL1_fusion64_fusionL1_drop0p1_trmiss50_trlocradio,16,5e-05,1,64,1,0.1,lr5e-05_bs16_modL1_fusion64_fusionL1_drop0p1_trmiss50_trlocradio,3,0.5973858932654063,0.698503573735555,0.46651785714285715,0.6143990227170124,0.6136363636363636,0.0,0.0,0.0,0.0,0.0,0.0,0.0,0.0,0.0,2002,radio,0.5
1,5,lr5e-05_bs16_modL1_fusion64_fusionL1_drop0p1_trmiss50_trlocradio,16,5e-05,1,64,1,0.1,lr5e-05_bs16_modL1_fusion64_fusionL1_drop0p1_trmiss50_trlocradio,4,0.5870482822259268,0.7103068431218466,0.46651785714285715,0.6206057012882162,0.5909090909090909,0.0,0.0,0.0,0.0,0.0,0.0,0.0,0.0,0.0,2002,radio,0.5
1,5,lr5e-05_bs16_modL1_fusion64_fusionL1_drop0p1_trmiss50_trlocradio,16,5e-05,1,64,1,0.1,lr5e-05_bs16_modL1_fusion64_fusionL1_drop0p1_trmiss50_trlocradio,5,0.582166001200676,0.7071514328320821,0.4642857142857143,0.6190934744328332,0.6363636363636364,0.0,0.0,0.0,0.0,0.0,0.0,0.0,0.0,0.0,2002,radio,0.5
1,5,lr5e-05_bs16_modL1_fusion64_fusionL1_drop0p1_trmiss50_trlocradio,16,5e-05,1,64,1,0.1,lr5e-05_bs16_modL1_fusion64_fusionL1_drop0p1_trmiss50_trlocradio,6,0.581311489144961,0.7059727509816488,0.4955357142857143,0.6298419494086724,0.6363636363636364,0.0,0.0,0.0,0.0,0.0,0.0,0.0,0.0,0.0,2002,radio,0.5
1,5,lr5e-05_bs16_modL1_fusion64_fusionL1_drop0p1_trmiss50_trlocradio,16,5e-05,1,64,1,0.1,lr5e-05_bs16_modL1_fusion64_fusionL1_drop0p1_trmiss50_trlocradio,7,0.5596006910006205,0.6998190681139628,0.4933035714285714,0.6306182172873149,0.6363636363636364,0.0,0.0,0.0,0.0,0.0,0.0,0.0,0.0,0.0,2002,radio,0.5
1,5,lr5e-05_bs16_modL1_fusion64_fusionL1_drop0p1_trmiss50_trlocradio,16,5e-05,1,64,1,0.1,lr5e-05_bs16_modL1_fusion64_fusionL1_drop0p1_trmiss50_trlocradio,8,0.5359407663345337,0.7048858205477396,0.5044642857142857,0.6425017190624576,0.6363636363636364,0.0,0.0,0.0,0.0,0.0,0.0,0.0,0.0,0.0,2002,radio,0.5
1,5,lr5e-05_bs16_modL1_fusion64_fusionL1_drop0p1_trmiss50_trlocradio,16,5e-05,1,64,1,0.1,lr5e-05_bs16_modL1_fusion64_fusionL1_drop0p1_trmiss50_trlocradio,9,0.5478588740030924,0.7023066878318787,0.49776785714285715,0.6343539205708829,0.6363636363636364,0.0,0.0,0.0,0.0,0.0,0.0,0.0,0.0,0.0,2002,radio,0.5
1,5,lr5e-05_bs16_modL1_fusion64_fusionL1_drop0p1_trmiss50_trlocradio,16,5e-05,1,64,1,0.1,lr5e-05_bs16_modL1_fusion64_fusionL1_drop0p1_trmiss50_trlocradio,10,0.5657708297173182,0.7067882021268209,0.5066964285714285,0.6334629531695737,0.6363636363636364,0.0,0.0,0.0,0.0,0.0,0.0,0.0,0.0,0.0,2002,radio,0.5
1,5,lr5e-05_bs16_modL1_fusion64_fusionL1_drop0p1_trmiss50_trlocradio,16,5e-05,1,64,1,0.1,lr5e-05_bs16_modL1_fusion64_fusionL1_drop0p1_trmiss50_trlocradio,11,0.5495579491058985,0.6990974148114523,0.49330357142857145,0.625357628938816,0.6363636363636364,0.0,0.0,0.0,0.0,0.0,0.0,0.0,0.0,0.0,2002,radio,0.5
1,5,lr5e-05_bs16_modL1_fusion64_fusionL1_drop0p1_trmiss50_trlocradio,16,5e-05,1,64,1,0.1,lr5e-05_bs16_modL1_fusion64_fusionL1_drop0p1_trmiss50_trlocradio,12,0.5294773131608963,0.6947317123413086,0.5200892857142857,0.6446079712556425,0.6136363636363636,0.0,0.0,0.0,0.0,0.0,0.0,0.0,0.0,0.0,2002,radio,0.5
1,5,lr5e-05_bs16_modL1_fusion64_fusionL1_drop0p1_trmiss50_trlocradio,16,5e-05,1,64,1,0.1,lr5e-05_bs16_modL1_fusion64_fusionL1_drop0p1_trmiss50_trlocradio,13,0.5270707532763481,0.6996161142985026,0.5133928571428571,0.6346257449984822,0.6363636363636364,0.0,0.0,0.0,0.0,0.0,0.0,0.0,0.0,0.0,2002,radio,0.5
1,5,lr5e-05_bs16_modL1_fusion64_fusionL1_drop0p1_trmiss50_trlocradio,16,5e-05,1,64,1,0.1,lr5e-05_bs16_modL1_fusion64_fusionL1_drop0p1_trmiss50_trlocradio,14,0.5414183512330055,0.7036019364992777,0.515625,0.6375160322919452,0.6136363636363636,0.0,0.0,0.0,0.0,0.0,0.0,0.0,0.0,0.0,2002,radio,0.5
1,5,lr5e-05_bs16_modL1_fusion64_fusionL1_drop0p1_trmiss50_trlocradio,16,5e-05,1,64,1,0.1,lr5e-05_bs16_modL1_fusion64_fusionL1_drop0p1_trmiss50_trlocradio,15,0.5383521740635236,0.7029680609703064,0.5133928571428572,0.6302200456305812,0.6136363636363636,0.0,0.0,0.0,0.0,0.0,0.0,0.0,0.0,0.0,2002,radio,0.5
1,5,lr5e-05_bs16_modL1_fusion64_fusionL1_drop0p1_trmiss50_trlocradio,16,5e-05,1,64,1,0.1,lr5e-05_bs16_modL1_fusion64_fusionL1_drop0p1_trmiss50_trlocradio,16,0.5237784311175346,0.7001539866129557,0.5223214285714285,0.6309278573271261,0.6363636363636364,0.0,0.0,0.0,0.0,0.0,0.0,0.0,0.0,0.0,2002,radio,0.5
1,5,lr5e-05_bs16_modL1_fusion64_fusionL1_drop0p1_trmiss50_trlocradio,16,5e-05,1,64,1,0.1,lr5e-05_bs16_modL1_fusion64_fusionL1_drop0p1_trmiss50_trlocradio,17,0.5208626141150793,0.6965458194414774,0.5379464285714286,0.6385896743346667,0.6136363636363636,0.0,0.0,0.0,0.0,0.0,0.0,0.0,0.0,0.0,2002,radio,0.5
1,5,lr5e-05_bs16_modL1_fusion64_fusionL1_drop0p1_trmiss50_trlocradio,16,5e-05,1,64,1,0.1,lr5e-05_bs16_modL1_fusion64_fusionL1_drop0p1_trmiss50_trlocradio,18,0.5164327422777811,0.6967577536900839,0.546875,0.6448310077664448,0.6136363636363636,0.0,0.0,0.0,0.0,0.0,0.0,0.0,0.0,0.0,2002,radio,0.5
1,5,lr5e-05_bs16_modL1_fusion64_fusionL1_drop0p1_trmiss50_trlocradio,16,5e-05,1,64,1,0.1,lr5e-05_bs16_modL1_fusion64_fusionL1_drop0p1_trmiss50_trlocradio,19,0.5030632068713506,0.6965676744778951,0.5424107142857143,0.6433879693873684,0.6136363636363636,0.0,0.0,0.0,0.0,0.0,0.0,0.0,0.0,0.0,2002,radio,0.5
1,5,lr5e-05_bs16_modL1_fusion64_fusionL1_drop0p1_trmiss50_trlocradio,16,5e-05,1,64,1,0.1,lr5e-05_bs16_modL1_fusion64_fusionL1_drop0p1_trmiss50_trlocradio,20,0.5174705907702446,0.6906111240386963,0.5334821428571429,0.6404104363515533,0.6363636363636364,0.0,0.0,0.0,0.0,0.0,0.0,0.0,0.0,0.0,2002,radio,0.5
1,5,lr5e-05_bs16_modL1_fusion64_fusionL1_drop0p1_trmiss50_trlocradio,16,5e-05,1,64,1,0.1,lr5e-05_bs16_modL1_fusion64_fusionL1_drop0p1_trmiss50_trlocradio,21,0.5161184743046761,0.6903231143951416,0.5334821428571429,0.6379653368396214,0.6363636363636364,0.0,0.0,0.0,0.0,0.0,0.0,0.0,0.0,0.0,2002,radio,0.5
1,5,lr5e-05_bs16_modL1_fusion64_fusionL1_drop0p1_trmiss50_trlocradio,16,5e-05,1,64,1,0.1,lr5e-05_bs16_modL1_fusion64_fusionL1_drop0p1_trmiss50_trlocradio,22,0.5038043161233267,0.6899192730585734,0.5491071428571428,0.6455190695304436,0.6363636363636364,0.0,0.0,0.0,0.0,0.0,0.0,0.0,0.0,0.0,2002,radio,0.5
1,5,lr5e-05_bs16_modL1_fusion64_fusionL1_drop0p1_trmiss50_trlocradio,16,5e-05,1,64,1,0.1,lr5e-05_bs16_modL1_fusion64_fusionL1_drop0p1_trmiss50_trlocradio,23,0.4968371093273163,0.6941048502922058,0.5424107142857143,0.6425340435017712,0.6136363636363636,0.0,0.0,0.0,0.0,0.0,0.0,0.0,0.0,0.0,2002,radio,0.5
1,5,lr5e-05_bs16_modL1_fusion64_fusionL1_drop0p1_trmiss50_trlocradio,16,5e-05,1,64,1,0.1,lr5e-05_bs16_modL1_fusion64_fusionL1_drop0p1_trmiss50_trlocradio,24,0.5123542472720146,0.6929939786593119,0.5424107142857143,0.6464087517470829,0.6363636363636364,0.0,0.0,0.0,0.0,0.0,0.0,0.0,0.0,0.0,2002,radio,0.5
1,5,lr5e-05_bs16_modL1_fusion64_fusionL1_drop0p1_trmiss50_trlocradio,16,5e-05,1,64,1,0.1,lr5e-05_bs16_modL1_fusion64_fusionL1_drop0p1_trmiss50_trlocradio,25,0.5026189635197321,0.6950550675392151,0.5401785714285714,0.6467388010519032,0.6363636363636364,0.0,0.0,0.0,0.0,0.0,0.0,0.0,0.0,0.0,2002,radio,0.5
1,5,lr5e-05_bs16_modL1_fusion64_fusionL1_drop0p1_trmiss50_trlocradio,16,5e-05,1,64,1,0.1,lr5e-05_bs16_modL1_fusion64_fusionL1_drop0p1_trmiss50_trlocradio,26,0.5057515824834505,0.6957332690556844,0.5491071428571429,0.6470177704645436,0.6363636363636364,0.0,0.0,0.0,0.0,0.0,0.0,0.0,0.0,0.0,2002,radio,0.5
1,5,lr5e-05_bs16_modL1_fusion64_fusionL1_drop0p1_trmiss50_trlocradio,16,5e-05,1,64,1,0.1,lr5e-05_bs16_modL1_fusion64_fusionL1_drop0p1_trmiss50_trlocradio,27,0.49864721298217773,0.6916317542394003,0.5379464285714286,0.6465561942227878,0.6363636363636364,0.0,0.0,0.0,0.0,0.0,0.0,0.0,0.0,0.0,2002,radio,0.5
1,5,lr5e-05_bs16_modL1_fusion64_fusionL1_drop0p1_trmiss50_trlocradio,16,5e-05,1,64,1,0.1,lr5e-05_bs16_modL1_fusion64_fusionL1_drop0p1_trmiss50_trlocradio,28,0.5138098672032356,0.6961133480072021,0.5535714285714285,0.6499235564000388,0.6363636363636364,0.0,0.0,0.0,0.0,0.0,0.0,0.0,0.0,0.0,2002,radio,0.5
1,5,lr5e-05_bs16_modL1_fusion64_fusionL1_drop0p1_trmiss50_trlocradio,16,5e-05,1,64,1,0.1,lr5e-05_bs16_modL1_fusion64_fusionL1_drop0p1_trmiss50_trlocradio,29,0.5084327682852745,0.696223795413971,0.5379464285714286,0.6477938842728899,0.6363636363636364,0.0,0.0,0.0,0.0,0.0,0.0,0.0,0.0,0.0,2002,radio,0.5
1,5,lr5e-05_bs16_modL1_fusion64_fusionL1_drop0p1_trmiss50_trlocradio,16,5e-05,1,64,1,0.1,lr5e-05_bs16_modL1_fusion64_fusionL1_drop0p1_trmiss50_trlocradio,30,0.5011587714155515,0.6957269310951233,0.5535714285714285,0.6481391365350815,0.6363636363636364,0.0,0.0,0.0,0.0,0.0,0.0,0.0,0.0,0.0,2002,radio,0.5
1,5,lr5e-05_bs16_modL1_fusion64_fusionL1_drop0p1_trmiss50_trlocradio,16,5e-05,1,64,1,0.1,lr5e-05_bs16_modL1_fusion64_fusionL1_drop0p1_trmiss50_trlocradio,31,0.5010805899898211,0.697324256102244,0.5446428571428571,0.645478095785129,0.6363636363636364,0.0,0.0,0.0,0.0,0.0,0.0,0.0,0.0,0.0,2002,radio,0.5
1,5,lr5e-05_bs16_modL1_fusion64_fusionL1_drop0p1_trmiss50_trlocradio,16,5e-05,1,64,1,0.1,lr5e-05_bs16_modL1_fusion64_fusionL1_drop0p1_trmiss50_trlocradio,32,0.5009073317050934,0.6970223188400269,0.5290178571428571,0.6417204770686012,0.6363636363636364,0.0,0.0,0.0,0.0,0.0,0.0,0.0,0.0,0.0,2002,radio,0.5
1,5,lr5e-05_bs16_modL1_fusion64_fusionL1_drop0p1_trmiss50_trlocradio,16,5e-05,1,64,1,0.1,lr5e-05_bs16_modL1_fusion64_fusionL1_drop0p1_trmiss50_trlocradio,33,0.5031839435299238,0.6948865056037903,0.5625,0.6573642308108643,0.6363636363636364,0.0,0.0,0.0,0.0,0.0,0.0,0.0,0.0,0.0,2002,radio,0.5
1,5,lr5e-05_bs16_modL1_fusion64_fusionL1_drop0p1_trmiss50_trlocradio,16,5e-05,1,64,1,0.1,lr5e-05_bs16_modL1_fusion64_fusionL1_drop0p1_trmiss50_trlocradio,34,0.49993084371089935,0.6959772706031799,0.5647321428571428,0.6541990841371303,0.6363636363636364,0.0,0.0,0.0,0.0,0.0,0.0,0.0,0.0,0.0,2002,radio,0.5
1,5,lr5e-05_bs16_modL1_fusion64_fusionL1_drop0p1_trmiss50_trlocradio,16,5e-05,1,64,1,0.1,lr5e-05_bs16_modL1_fusion64_fusionL1_drop0p1_trmiss50_trlocradio,35,0.48743679871161777,0.6939017176628113,0.5535714285714286,0.6455696106195856,0.6363636363636364,0.0,0.0,0.0,0.0,0.0,0.0,0.0,0.0,0.0,2002,radio,0.5
1,5,lr5e-05_bs16_modL1_fusion64_fusionL1_drop0p1_trmiss50_trlocradio,16,5e-05,1,64,1,0.1,lr5e-05_bs16_modL1_fusion64_fusionL1_drop0p1_trmiss50_trlocradio,36,0.49516941606998444,0.6939159035682678,0.5714285714285714,0.6583941888246156,0.6363636363636364,0.0,0.0,0.0,0.0,0.0,0.0,0.0,0.0,0.0,2002,radio,0.5
1,5,lr5e-05_bs16_modL1_fusion64_fusionL1_drop0p1_trmiss50_trlocradio,16,5e-05,1,64,1,0.1,lr5e-05_bs16_modL1_fusion64_fusionL1_drop0p1_trmiss50_trlocradio,37,0.506271647910277,0.694744884967804,0.5691964285714286,0.6593561412795631,0.6136363636363636,0.0,0.0,0.0,0.0,0.0,0.0,0.0,0.0,0.0,2002,radio,0.5
1,5,lr5e-05_bs16_modL1_fusion64_fusionL1_drop0p1_trmiss50_trlocradio,16,5e-05,1,64,1,0.1,lr5e-05_bs16_modL1_fusion64_fusionL1_drop0p1_trmiss50_trlocradio,38,0.4921213611960411,0.697278102238973,0.5602678571428571,0.6533089853791099,0.6136363636363636,0.0,0.0,0.0,0.0,0.0,0.0,0.0,0.0,0.0,2002,radio,0.5
1,5,lr5e-05_bs16_modL1_fusion64_fusionL1_drop0p1_trmiss50_trlocradio,16,5e-05,1,64,1,0.1,lr5e-05_bs16_modL1_fusion64_fusionL1_drop0p1_trmiss50_trlocradio,39,0.5051276062925657,0.6938815514246622,0.5758928571428571,0.658198046371821,0.6363636363636364,0.0,0.0,0.0,0.0,0.0,0.0,0.0,0.0,0.0,2002,radio,0.5
1,5,lr5e-05_bs16_modL1_fusion64_fusionL1_drop0p1_trmiss50_trlocradio,16,5e-05,1,64,1,0.1,lr5e-05_bs16_modL1_fusion64_fusionL1_drop0p1_trmiss50_trlocradio,40,0.49212932338317233,0.6938573916753134,0.5647321428571428,0.6565869842705933,0.6363636363636364,0.0,0.0,0.0,0.0,0.0,0.0,0.0,0.0,0.0,2002,radio,0.5
1,5,lr5e-05_bs16_modL1_fusion64_fusionL1_drop0p1_trmiss50_trlocradio,16,5e-05,1,64,1,0.1,lr5e-05_bs16_modL1_fusion64_fusionL1_drop0p1_trmiss50_trlocradio,41,0.48680031796296436,0.6961724559466044,0.5580357142857143,0.6532716750408837,0.6363636363636364,0.0,0.0,0.0,0.0,0.0,0.0,0.0,0.0,0.0,2002,radio,0.5
1,5,lr5e-05_bs16_modL1_fusion64_fusionL1_drop0p1_trmiss50_trlocradio,16,5e-05,1,64,1,0.1,lr5e-05_bs16_modL1_fusion64_fusionL1_drop0p1_trmiss50_trlocradio,42,0.4914998784661293,0.6974627574284872,0.5513392857142857,0.6518921829980738,0.6363636363636364,0.0,0.0,0.0,0.0,0.0,0.0,0.0,0.0,0.0,2002,radio,0.5
1,5,lr5e-05_bs16_modL1_fusion64_fusionL1_drop0p1_trmiss50_trlocradio,16,5e-05,1,64,1,0.1,lr5e-05_bs16_modL1_fusion64_fusionL1_drop0p1_trmiss50_trlocradio,43,0.5057328740755717,0.6954602599143982,0.5624999999999999,0.6522678023997145,0.6363636363636364,0.0,0.0,0.0,0.0,0.0,0.0,0.0,0.0,0.0,2002,radio,0.5
1,5,lr5e-05_bs16_modL1_fusion64_fusionL1_drop0p1_trmiss50_trlocradio,16,5e-05,1,64,1,0.1,lr5e-05_bs16_modL1_fusion64_fusionL1_drop0p1_trmiss50_trlocradio,44,0.5022398382425308,0.6909946004549662,0.5446428571428572,0.6427057499528998,0.6363636363636364,0.0,0.0,0.0,0.0,0.0,0.0,0.0,0.0,0.0,2002,radio,0.5
1,5,lr5e-05_bs16_modL1_fusion64_fusionL1_drop0p1_trmiss50_trlocradio,16,5e-05,1,64,1,0.1,lr5e-05_bs16_modL1_fusion64_fusionL1_drop0p1_trmiss50_trlocradio,45,0.4869971002141635,0.6938809752464294,0.5535714285714286,0.6461139764279383,0.6363636363636364,0.0,0.0,0.0,0.0,0.0,0.0,0.0,0.0,0.0,2002,radio,0.5
1,5,lr5e-05_bs16_modL1_fusion64_fusionL1_drop0p1_trmiss50_trlocradio,16,5e-05,1,64,1,0.1,lr5e-05_bs16_modL1_fusion64_fusionL1_drop0p1_trmiss50_trlocradio,46,0.5055225069324175,0.6931777000427246,0.546875,0.6455474918435776,0.6363636363636364,0.0,0.0,0.0,0.0,0.0,0.0,0.0,0.0,0.0,2002,radio,0.5
1,5,lr5e-05_bs16_modL1_fusion64_fusionL1_drop0p1_trmiss50_trlocradio,16,5e-05,1,64,1,0.1,lr5e-05_bs16_modL1_fusion64_fusionL1_drop0p1_trmiss50_trlocradio,47,0.5143204579750696,0.6948124170303345,0.5580357142857142,0.6500928829708635,0.6363636363636364,0.0,0.0,0.0,0.0,0.0,0.0,0.0,0.0,0.0,2002,radio,0.5
1,5,lr5e-05_bs16_modL1_fusion64_fusionL1_drop0p1_trmiss50_trlocradio,16,5e-05,1,64,1,0.1,lr5e-05_bs16_modL1_fusion64_fusionL1_drop0p1_trmiss50_trlocradio,48,0.5066153506437937,0.6954670349756876,0.5580357142857143,0.6493124769709928,0.6363636363636364,0.0,0.0,0.0,0.0,0.0,0.0,0.0,0.0,0.0,2002,radio,0.5
1,5,lr5e-05_bs16_modL1_fusion64_fusionL1_drop0p1_trmiss50_trlocradio,16,5e-05,1,64,1,0.1,lr5e-05_bs16_modL1_fusion64_fusionL1_drop0p1_trmiss50_trlocradio,49,0.501700647175312,0.6972030599912008,0.546875,0.6468587795988776,0.6136363636363636,0.0,0.0,0.0,0.0,0.0,0.0,0.0,0.0,0.0,2002,radio,0.5
1,5,lr5e-05_bs16_modL1_fusion64_fusionL1_drop0p1_trmiss50_trlocradio,16,5e-05,1,64,1,0.1,lr5e-05_bs16_modL1_fusion64_fusionL1_drop0p1_trmiss50_trlocradio,50,0.49936097611983615,0.6956799626350403,0.5558035714285714,0.6473318979156614,0.6363636363636364,0.0,0.0,0.0,0.0,0.0,0.0,0.0,0.0,0.0,2002,radio,0.5
1,5,lr5e-05_bs16_modL1_fusion64_fusionL1_drop0p1_trmiss50_trlocradio,16,5e-05,1,64,1,0.1,lr5e-05_bs16_modL1_fusion64_fusionL1_drop0p1_trmiss50_trlocradio,51,0.5084234476089478,0.6953208843866984,0.5401785714285714,0.6431154684716672,0.6363636363636364,0.0,0.0,0.0,0.0,0.0,0.0,0.0,0.0,0.0,2002,radio,0.5
1,5,lr5e-05_bs16_modL1_fusion64_fusionL1_drop0p1_trmiss50_trlocradio,16,5e-05,1,64,1,0.1,lr5e-05_bs16_modL1_fusion64_fusionL1_drop0p1_trmiss50_trlocradio,52,0.48586015154918033,0.6968786716461182,0.5267857142857143,0.6370916468082439,0.6363636363636364,0.0,0.0,0.0,0.0,0.0,0.0,0.0,0.0,0.0,2002,radio,0.5
1,5,lr5e-05_bs16_modL1_fusion64_fusionL1_drop0p1_trmiss50_trlocradio,16,5e-05,1,64,1,0.1,lr5e-05_bs16_modL1_fusion64_fusionL1_drop0p1_trmiss50_trlocradio,53,0.4956224312384923,0.6953285932540894,0.5290178571428572,0.6384365064481263,0.6363636363636364,0.0,0.0,0.0,0.0,0.0,0.0,0.0,0.0,0.0,2002,radio,0.5
1,5,lr5e-05_bs16_modL1_fusion64_fusionL1_drop0p1_trmiss50_trlocradio,16,5e-05,1,64,1,0.1,lr5e-05_bs16_modL1_fusion64_fusionL1_drop0p1_trmiss50_trlocradio,54,0.5021354779601097,0.6951282819112142,0.5446428571428572,0.6467787733505466,0.6363636363636364,0.0,0.0,0.0,0.0,0.0,0.0,0.0,0.0,0.0,2002,radio,0.5
1,5,lr5e-05_bs16_modL1_fusion64_fusionL1_drop0p1_trmiss50_trlocradio,16,5e-05,1,64,1,0.1,lr5e-05_bs16_modL1_fusion64_fusionL1_drop0p1_trmiss50_trlocradio,55,0.49729349464178085,0.6975750128428141,0.5334821428571428,0.6402982526505752,0.6363636363636364,0.0,0.0,0.0,0.0,0.0,0.0,0.0,0.0,0.0,2002,radio,0.5
1,5,lr5e-05_bs16_modL1_fusion64_fusionL1_drop0p1_trmiss50_trlocradio,16,5e-05,1,64,1,0.1,lr5e-05_bs16_modL1_fusion64_fusionL1_drop0p1_trmiss50_trlocradio,56,0.5032170216242472,0.6940237283706665,0.53125,0.638135536793309,0.6363636363636364,0.0,0.0,0.0,0.0,0.0,0.0,0.0,0.0,0.0,2002,radio,0.5
1,5,lr5e-05_bs16_modL1_fusion64_fusionL1_drop0p1_trmiss50_trlocradio,16,5e-05,1,64,1,0.1,lr5e-05_bs16_modL1_fusion64_fusionL1_drop0p1_trmiss50_trlocradio,57,0.4895903691649437,0.6878667871157328,0.5781249999999999,0.6617287664134875,0.6363636363636364,0.0,0.0,0.0,0.0,0.0,0.0,0.0,0.0,0.0,2002,radio,0.5
1,5,lr5e-05_bs16_modL1_fusion64_fusionL1_drop0p1_trmiss50_trlocradio,16,5e-05,1,64,1,0.1,lr5e-05_bs16_modL1_fusion64_fusionL1_drop0p1_trmiss50_trlocradio,58,0.4933875997861226,0.6901417771975199,0.5580357142857143,0.6558580190071135,0.6363636363636364,0.0,0.0,0.0,0.0,0.0,0.0,0.0,0.0,0.0,2002,radio,0.5
1,5,lr5e-05_bs16_modL1_fusion64_fusionL1_drop0p1_trmiss50_trlocradio,16,5e-05,1,64,1,0.1,lr5e-05_bs16_modL1_fusion64_fusionL1_drop0p1_trmiss50_trlocradio,59,0.515769695242246,0.6934332648913065,0.5200892857142856,0.6362193591353039,0.6363636363636364,0.0,0.0,0.0,0.0,0.0,0.0,0.0,0.0,0.0,2002,radio,0.5
1,5,lr5e-05_bs16_modL1_fusion64_fusionL1_drop0p1_trmiss50_trlocradio,16,5e-05,1,64,1,0.1,lr5e-05_bs16_modL1_fusion64_fusionL1_drop0p1_trmiss50_trlocradio,60,0.49291561792294186,0.6977888941764832,0.5223214285714285,0.633634427671433,0.6363636363636364,0.0,0.0,0.0,0.0,0.0,0.0,0.0,0.0,0.0,2002,radio,0.5
1,5,lr5e-05_bs16_modL1_fusion64_fusionL1_drop0p1_trmiss50_trlocradio,16,5e-05,1,64,1,0.1,lr5e-05_bs16_modL1_fusion64_fusionL1_drop0p1_trmiss50_trlocradio,61,0.5066723823547363,0.6908891399701437,0.5691964285714286,0.656876986923248,0.6363636363636364,0.0,0.0,0.0,0.0,0.0,0.0,0.0,0.0,0.0,2002,radio,0.5
1,5,lr5e-05_bs16_modL1_fusion64_fusionL1_drop0p1_trmiss50_trlocradio,16,5e-05,1,64,1,0.1,lr5e-05_bs16_modL1_fusion64_fusionL1_drop0p1_trmiss50_trlocradio,62,0.5013675565520922,0.6915598313013712,0.5736607142857142,0.6621847118659597,0.6363636363636364,0.0,0.0,0.0,0.0,0.0,0.0,0.0,0.0,0.0,2002,radio,0.5
1,5,lr5e-05_bs16_modL1_fusion64_fusionL1_drop0p1_trmiss50_trlocradio,16,5e-05,1,64,1,0.1,lr5e-05_bs16_modL1_fusion64_fusionL1_drop0p1_trmiss50_trlocradio,63,0.4927240659793218,0.6934926311175028,0.5625,0.6529970760754219,0.6363636363636364,0.0,0.0,0.0,0.0,0.0,0.0,0.0,0.0,0.0,2002,radio,0.5
1,5,lr5e-05_bs16_modL1_fusion64_fusionL1_drop0p1_trmiss50_trlocradio,16,5e-05,1,64,1,0.1,lr5e-05_bs16_modL1_fusion64_fusionL1_drop0p1_trmiss50_trlocradio,64,0.5228158285220464,0.6963035066922506,0.5535714285714285,0.6496620953888674,0.6363636363636364,0.0,0.0,0.0,0.0,0.0,0.0,0.0,0.0,0.0,2002,radio,0.5
1,5,lr5e-05_bs16_modL1_fusion64_fusionL1_drop0p1_trmiss50_trlocradio,16,5e-05,1,64,1,0.1,lr5e-05_bs16_modL1_fusion64_fusionL1_drop0p1_trmiss50_trlocradio,65,0.5116468071937561,0.6927407383918762,0.5602678571428571,0.6547467654280789,0.6363636363636364,0.0,0.0,0.0,0.0,0.0,0.0,0.0,0.0,0.0,2002,radio,0.5
1,5,lr5e-05_bs16_modL1_fusion64_fusionL1_drop0p1_trmiss50_trlocradio,16,5e-05,1,64,1,0.1,lr5e-05_bs16_modL1_fusion64_fusionL1_drop0p1_trmiss50_trlocradio,66,0.49492181092500687,0.6884550253550211,0.5491071428571428,0.6507123237462723,0.6363636363636364,0.0,0.0,0.0,0.0,0.0,0.0,0.0,0.0,0.0,2002,radio,0.5
1,5,lr5e-05_bs16_modL1_fusion64_fusionL1_drop0p1_trmiss50_trlocradio,16,5e-05,1,64,1,0.1,lr5e-05_bs16_modL1_fusion64_fusionL1_drop0p1_trmiss50_trlocradio,67,0.4921436508496602,0.6930691401163737,0.5491071428571429,0.6476922935484917,0.6363636363636364,0.0,0.0,0.0,0.0,0.0,0.0,0.0,0.0,0.0,2002,radio,0.5
1,5,lr5e-05_bs16_modL1_fusion64_fusionL1_drop0p1_trmiss50_trlocradio,16,5e-05,1,64,1,0.1,lr5e-05_bs16_modL1_fusion64_fusionL1_drop0p1_trmiss50_trlocradio,68,0.49713754157225293,0.698054035504659,0.5491071428571428,0.6453983704078747,0.6363636363636364,0.0,0.0,0.0,0.0,0.0,0.0,0.0,0.0,0.0,2002,radio,0.5
1,5,lr5e-05_bs16_modL1_fusion64_fusionL1_drop0p1_trmiss50_trlocradio,16,5e-05,1,64,1,0.1,lr5e-05_bs16_modL1_fusion64_fusionL1_drop0p1_trmiss50_trlocradio,69,0.47558263689279556,0.6931771238644918,0.5535714285714286,0.6457689377002512,0.6363636363636364,0.0,0.0,0.0,0.0,0.0,0.0,0.0,0.0,0.0,2002,radio,0.5
1,5,lr5e-05_bs16_modL1_fusion64_fusionL1_drop0p1_trmiss50_trlocradio,16,5e-05,1,64,1,0.1,lr5e-05_bs16_modL1_fusion64_fusionL1_drop0p1_trmiss50_trlocradio,70,0.5186014920473099,0.6966019868850708,0.546875,0.644138912885376,0.6136363636363636,0.0,0.0,0.0,0.0,0.0,0.0,0.0,0.0,0.0,2002,radio,0.5
1,5,lr5e-05_bs16_modL1_fusion64_fusionL1_drop0p1_trmiss50_trlocradio,16,5e-05,1,64,1,0.1,lr5e-05_bs16_modL1_fusion64_fusionL1_drop0p1_trmiss50_trlocradio,71,0.49339555700620014,0.6917444268862406,0.5580357142857143,0.6486991771749038,0.6363636363636364,0.0,0.0,0.0,0.0,0.0,0.0,0.0,0.0,0.0,2002,radio,0.5
1,5,lr5e-05_bs16_modL1_fusion64_fusionL1_drop0p1_trmiss50_trlocradio,16,5e-05,1,64,1,0.1,lr5e-05_bs16_modL1_fusion64_fusionL1_drop0p1_trmiss50_trlocradio,72,0.4970530495047569,0.6974687973658243,0.5424107142857143,0.6468039137050122,0.6136363636363636,0.0,0.0,0.0,0.0,0.0,0.0,0.0,0.0,0.0,2002,radio,0.5
1,5,lr5e-05_bs16_modL1_fusion64_fusionL1_drop0p1_trmiss50_trlocradio,16,5e-05,1,64,1,0.1,lr5e-05_bs16_modL1_fusion64_fusionL1_drop0p1_trmiss50_trlocradio,73,0.480811466773351,0.6954700350761414,0.5513392857142857,0.6485638921879475,0.6363636363636364,0.0,0.0,0.0,0.0,0.0,0.0,0.0,0.0,0.0,2002,radio,0.5
1,5,lr5e-05_bs16_modL1_fusion64_fusionL1_drop0p1_trmiss50_trlocradio,16,5e-05,1,64,1,0.1,lr5e-05_bs16_modL1_fusion64_fusionL1_drop0p1_trmiss50_trlocradio,74,0.5116090600689253,0.6902142763137817,0.5669642857142857,0.6579557934333329,0.6363636363636364,0.0,0.0,0.0,0.0,0.0,0.0,0.0,0.0,0.0,2002,radio,0.5
1,5,lr5e-05_bs16_modL1_fusion64_fusionL1_drop0p1_trmiss50_trlocradio,16,5e-05,1,64,1,0.1,lr5e-05_bs16_modL1_fusion64_fusionL1_drop0p1_trmiss50_trlocradio,75,0.5105228871107101,0.6951029102007548,0.5424107142857143,0.643937963096616,0.6363636363636364,0.0,0.0,0.0,0.0,0.0,0.0,0.0,0.0,0.0,2002,radio,0.5
1,5,lr5e-05_bs16_modL1_fusion64_fusionL1_drop0p1_trmiss50_trlocradio,16,5e-05,1,64,1,0.1,lr5e-05_bs16_modL1_fusion64_fusionL1_drop0p1_trmiss50_trlocradio,76,0.4881131152311961,0.6966774662335714,0.5602678571428571,0.6542905883949903,0.6136363636363636,0.0,0.0,0.0,0.0,0.0,0.0,0.0,0.0,0.0,2002,radio,0.5
1,5,lr5e-05_bs16_modL1_fusion64_fusionL1_drop0p1_trmiss50_trlocradio,16,5e-05,1,64,1,0.1,lr5e-05_bs16_modL1_fusion64_fusionL1_drop0p1_trmiss50_trlocradio,77,0.5027215952674547,0.6961104869842529,0.5491071428571428,0.6466361846798828,0.6136363636363636,0.0,0.0,0.0,0.0,0.0,0.0,0.0,0.0,0.0,2002,radio,0.5
1,5,lr1e-04_bs16_modL1_fusion32_fusionL1_drop0p2_trmiss50_trlocradio,16,0.0001,1,32,1,0.2,lr1e-04_bs16_modL1_fusion32_fusionL1_drop0p2_trmiss50_trlocradio,1,0.6625088651974996,0.6701484322547913,0.6741071428571428,0.7807341460087979,0.6136363636363636,0.0,0.0,0.0,0.0,0.0,0.0,0.0,0.0,0.0,2002,radio,0.5
1,5,lr1e-04_bs16_modL1_fusion32_fusionL1_drop0p2_trmiss50_trlocradio,16,0.0001,1,32,1,0.2,lr1e-04_bs16_modL1_fusion32_fusionL1_drop0p2_trmiss50_trlocradio,2,0.6576631416877111,0.6549789309501648,0.6763392857142857,0.7812804284114088,0.5681818181818182,0.0,0.0,0.0,0.0,0.0,0.0,0.0,0.0,0.0,2002,radio,0.5
1,5,lr1e-04_bs16_modL1_fusion32_fusionL1_drop0p2_trmiss50_trlocradio,16,0.0001,1,32,1,0.2,lr1e-04_bs16_modL1_fusion32_fusionL1_drop0p2_trmiss50_trlocradio,3,0.6284715632597605,0.6470283468564352,0.6986607142857142,0.80272105213594,0.5681818181818182,0.0,0.0,0.0,0.0,0.0,0.0,0.0,0.0,0.0,2002,radio,0.5
1,5,lr1e-04_bs16_modL1_fusion32_fusionL1_drop0p2_trmiss50_trlocradio,16,0.0001,1,32,1,0.2,lr1e-04_bs16_modL1_fusion32_fusionL1_drop0p2_trmiss50_trlocradio,4,0.6117715239524841,0.652025560537974,0.6785714285714285,0.803650418517515,0.5681818181818182,0.0,0.0,0.0,0.0,0.0,0.0,0.0,0.0,0.0,2002,radio,0.5
1,5,lr1e-04_bs16_modL1_fusion32_fusionL1_drop0p2_trmiss50_trlocradio,16,0.0001,1,32,1,0.2,lr1e-04_bs16_modL1_fusion32_fusionL1_drop0p2_trmiss50_trlocradio,5,0.6162765920162201,0.6522640188535055,0.6562499999999999,0.8188507682998969,0.5681818181818182,0.0,0.0,0.0,0.0,0.0,0.0,0.0,0.0,0.0,2002,radio,0.5
1,5,lr1e-04_bs16_modL1_fusion32_fusionL1_drop0p2_trmiss50_trlocradio,16,0.0001,1,32,1,0.2,lr1e-04_bs16_modL1_fusion32_fusionL1_drop0p2_trmiss50_trlocradio,6,0.6196618229150772,0.6497139732042948,0.6607142857142856,0.7965996288740744,0.5909090909090909,0.0,0.0,0.0,0.0,0.0,0.0,0.0,0.0,0.0,2002,radio,0.5
1,5,lr1e-04_bs16_modL1_fusion32_fusionL1_drop0p2_trmiss50_trlocradio,16,0.0001,1,32,1,0.2,lr1e-04_bs16_modL1_fusion32_fusionL1_drop0p2_trmiss50_trlocradio,7,0.58420463403066,0.6474273204803467,0.6852678571428572,0.8079621275994786,0.5909090909090909,0.0,0.0,0.0,0.0,0.0,0.0,0.0,0.0,0.0,2002,radio,0.5
1,5,lr1e-04_bs16_modL1_fusion32_fusionL1_drop0p2_trmiss50_trlocradio,16,0.0001,1,32,1,0.2,lr1e-04_bs16_modL1_fusion32_fusionL1_drop0p2_trmiss50_trlocradio,8,0.5841297060251236,0.6540795763333639,0.6696428571428571,0.8214531882088731,0.5454545454545454,0.0,0.0,0.0,0.0,0.0,0.0,0.0,0.0,0.0,2002,radio,0.5
1,5,lr1e-04_bs16_modL1_fusion32_fusionL1_drop0p2_trmiss50_trlocradio,16,0.0001,1,32,1,0.2,lr1e-04_bs16_modL1_fusion32_fusionL1_drop0p2_trmiss50_trlocradio,9,0.5751106043656667,0.6493373314539591,0.6964285714285713,0.8525171895204966,0.5909090909090909,0.0,0.0,0.0,0.0,0.0,0.0,0.0,0.0,0.0,2002,radio,0.5
1,5,lr1e-04_bs16_modL1_fusion32_fusionL1_drop0p2_trmiss50_trlocradio,16,0.0001,1,32,1,0.2,lr1e-04_bs16_modL1_fusion32_fusionL1_drop0p2_trmiss50_trlocradio,10,0.5511963268121084,0.6493503451347351,0.669642857142857,0.8397797263739001,0.5454545454545454,0.0,0.0,0.0,0.0,0.0,0.0,0.0,0.0,0.0,2002,radio,0.5
1,5,lr1e-04_bs16_modL1_fusion32_fusionL1_drop0p2_trmiss50_trlocradio,16,0.0001,1,32,1,0.2,lr1e-04_bs16_modL1_fusion32_fusionL1_drop0p2_trmiss50_trlocradio,11,0.5628505796194077,0.6516396005948385,0.6540178571428571,0.8174437304441207,0.5454545454545454,0.0,0.0,0.0,0.0,0.0,0.0,0.0,0.0,0.0,2002,radio,0.5
1,5,lr1e-04_bs16_modL1_fusion32_fusionL1_drop0p2_trmiss50_trlocradio,16,0.0001,1,32,1,0.2,lr1e-04_bs16_modL1_fusion32_fusionL1_drop0p2_trmiss50_trlocradio,12,0.5640115737915039,0.6445833444595337,0.6941964285714286,0.8509731653718513,0.5681818181818182,0.0,0.0,0.0,0.0,0.0,0.0,0.0,0.0,0.0,2002,radio,0.5
1,5,lr1e-04_bs16_modL1_fusion32_fusionL1_drop0p2_trmiss50_trlocradio,16,0.0001,1,32,1,0.2,lr1e-04_bs16_modL1_fusion32_fusionL1_drop0p2_trmiss50_trlocradio,13,0.5491631478071213,0.6426860292752584,0.6875,0.8394734785465057,0.5909090909090909,0.0,0.0,0.0,0.0,0.0,0.0,0.0,0.0,0.0,2002,radio,0.5
1,5,lr1e-04_bs16_modL1_fusion32_fusionL1_drop0p2_trmiss50_trlocradio,16,0.0001,1,32,1,0.2,lr1e-04_bs16_modL1_fusion32_fusionL1_drop0p2_trmiss50_trlocradio,14,0.558512270450592,0.655202845732371,0.6450892857142857,0.8101869641405651,0.5681818181818182,0.0,0.0,0.0,0.0,0.0,0.0,0.0,0.0,0.0,2002,radio,0.5
1,5,lr1e-04_bs16_modL1_fusion32_fusionL1_drop0p2_trmiss50_trlocradio,16,0.0001,1,32,1,0.2,lr1e-04_bs16_modL1_fusion32_fusionL1_drop0p2_trmiss50_trlocradio,15,0.5472105915347735,0.6513248284657797,0.6696428571428571,0.7897339190905884,0.5681818181818182,0.0,0.0,0.0,0.0,0.0,0.0,0.0,0.0,0.0,2002,radio,0.5
1,5,lr1e-04_bs16_modL1_fusion32_fusionL1_drop0p2_trmiss50_trlocradio,16,0.0001,1,32,1,0.2,lr1e-04_bs16_modL1_fusion32_fusionL1_drop0p2_trmiss50_trlocradio,16,0.5246926595767339,0.6512936552365621,0.6629464285714286,0.7619761031895885,0.5909090909090909,0.0,0.0,0.0,0.0,0.0,0.0,0.0,0.0,0.0,2002,radio,0.5
1,5,lr1e-04_bs16_modL1_fusion32_fusionL1_drop0p2_trmiss50_trlocradio,16,0.0001,1,32,1,0.2,lr1e-04_bs16_modL1_fusion32_fusionL1_drop0p2_trmiss50_trlocradio,17,0.5307415847977003,0.6519039074579874,0.6473214285714286,0.8145500744186852,0.5909090909090909,0.0,0.0,0.0,0.0,0.0,0.0,0.0,0.0,0.0,2002,radio,0.5
1,5,lr1e-04_bs16_modL1_fusion32_fusionL1_drop0p2_trmiss50_trlocradio,16,0.0001,1,32,1,0.2,lr1e-04_bs16_modL1_fusion32_fusionL1_drop0p2_trmiss50_trlocradio,18,0.5260714665055275,0.6460556387901306,0.671875,0.8223561229702305,0.5909090909090909,0.0,0.0,0.0,0.0,0.0,0.0,0.0,0.0,0.0,2002,radio,0.5
1,5,lr1e-04_bs16_modL1_fusion32_fusionL1_drop0p2_trmiss50_trlocradio,16,0.0001,1,32,1,0.2,lr1e-04_bs16_modL1_fusion32_fusionL1_drop0p2_trmiss50_trlocradio,19,0.5468297749757767,0.6476728717486063,0.6517857142857142,0.7743710898091137,0.5909090909090909,0.0,0.0,0.0,0.0,0.0,0.0,0.0,0.0,0.0,2002,radio,0.5
1,5,lr1e-04_bs16_modL1_fusion32_fusionL1_drop0p2_trmiss50_trlocradio,16,0.0001,1,32,1,0.2,lr1e-04_bs16_modL1_fusion32_fusionL1_drop0p2_trmiss50_trlocradio,20,0.5249658475319544,0.6495461861292521,0.6629464285714286,0.7840600544598425,0.5909090909090909,0.0,0.0,0.0,0.0,0.0,0.0,0.0,0.0,0.0,2002,radio,0.5
1,5,lr1e-04_bs16_modL1_fusion32_fusionL1_drop0p2_trmiss50_trlocradio,16,0.0001,1,32,1,0.2,lr1e-04_bs16_modL1_fusion32_fusionL1_drop0p2_trmiss50_trlocradio,21,0.5108414590358734,0.6456789374351501,0.6696428571428572,0.8047638444078699,0.5909090909090909,0.0,0.0,0.0,0.0,0.0,0.0,0.0,0.0,0.0,2002,radio,0.5
1,5,lr1e-04_bs16_modL1_fusion32_fusionL1_drop0p2_trmiss50_trlocradio,16,0.0001,1,32,1,0.2,lr1e-04_bs16_modL1_fusion32_fusionL1_drop0p2_trmiss50_trlocradio,22,0.532005046804746,0.6390990217526754,0.6808035714285715,0.779057638357901,0.5909090909090909,0.0,0.0,0.0,0.0,0.0,0.0,0.0,0.0,0.0,2002,radio,0.5
1,5,lr1e-04_bs16_modL1_fusion32_fusionL1_drop0p2_trmiss50_trlocradio,16,0.0001,1,32,1,0.2,lr1e-04_bs16_modL1_fusion32_fusionL1_drop0p2_trmiss50_trlocradio,23,0.5130695402622223,0.6384551127751669,0.6785714285714285,0.8036096637300738,0.5909090909090909,0.0,0.0,0.0,0.0,0.0,0.0,0.0,0.0,0.0,2002,radio,0.5
1,5,lr1e-04_bs16_modL1_fusion32_fusionL1_drop0p2_trmiss50_trlocradio,16,0.0001,1,32,1,0.2,lr1e-04_bs16_modL1_fusion32_fusionL1_drop0p2_trmiss50_trlocradio,24,0.5042908241351446,0.6405222415924072,0.6875,0.822339543893501,0.5909090909090909,0.0,0.0,0.0,0.0,0.0,0.0,0.0,0.0,0.0,2002,radio,0.5
1,5,lr1e-04_bs16_modL1_fusion32_fusionL1_drop0p2_trmiss50_trlocradio,16,0.0001,1,32,1,0.2,lr1e-04_bs16_modL1_fusion32_fusionL1_drop0p2_trmiss50_trlocradio,25,0.5062456652522087,0.6399418910344442,0.6852678571428571,0.807728428635834,0.6136363636363636,0.0,0.0,0.0,0.0,0.0,0.0,0.0,0.0,0.0,2002,radio,0.5
1,5,lr1e-04_bs16_modL1_fusion32_fusionL1_drop0p2_trmiss50_trlocradio,16,0.0001,1,32,1,0.2,lr1e-04_bs16_modL1_fusion32_fusionL1_drop0p2_trmiss50_trlocradio,26,0.4970910573999087,0.6369598309199015,0.6897321428571428,0.8250954904720585,0.5909090909090909,0.0,0.0,0.0,0.0,0.0,0.0,0.0,0.0,0.0,2002,radio,0.5
1,5,lr1e-04_bs16_modL1_fusion32_fusionL1_drop0p2_trmiss50_trlocradio,16,0.0001,1,32,1,0.2,lr1e-04_bs16_modL1_fusion32_fusionL1_drop0p2_trmiss50_trlocradio,27,0.5027523636817932,0.639768103758494,0.6919642857142857,0.8368791886361273,0.6363636363636364,0.0,0.0,0.0,0.0,0.0,0.0,0.0,0.0,0.0,2002,radio,0.5
1,5,lr1e-04_bs16_modL1_fusion32_fusionL1_drop0p2_trmiss50_trlocradio,16,0.0001,1,32,1,0.2,lr1e-04_bs16_modL1_fusion32_fusionL1_drop0p2_trmiss50_trlocradio,28,0.5110519131024679,0.6367649833361307,0.703125,0.840049211601275,0.5909090909090909,0.0,0.0,0.0,0.0,0.0,0.0,0.0,0.0,0.0,2002,radio,0.5
1,5,lr1e-04_bs16_modL1_fusion32_fusionL1_drop0p2_trmiss50_trlocradio,16,0.0001,1,32,1,0.2,lr1e-04_bs16_modL1_fusion32_fusionL1_drop0p2_trmiss50_trlocradio,29,0.509611688554287,0.6342720786730448,0.7053571428571429,0.8388229978619364,0.6136363636363636,0.0,0.0,0.0,0.0,0.0,0.0,0.0,0.0,0.0,2002,radio,0.5
1,5,lr1e-04_bs16_modL1_fusion32_fusionL1_drop0p2_trmiss50_trlocradio,16,0.0001,1,32,1,0.2,lr1e-04_bs16_modL1_fusion32_fusionL1_drop0p2_trmiss50_trlocradio,30,0.5112903167804083,0.6286357442537943,0.7053571428571428,0.8310250394324448,0.5909090909090909,0.0,0.0,0.0,0.0,0.0,0.0,0.0,0.0,0.0,2002,radio,0.5
1,5,lr1e-04_bs16_modL1_fusion32_fusionL1_drop0p2_trmiss50_trlocradio,16,0.0001,1,32,1,0.2,lr1e-04_bs16_modL1_fusion32_fusionL1_drop0p2_trmiss50_trlocradio,31,0.48355187227328617,0.6299834847450256,0.7098214285714286,0.8613448608609232,0.5909090909090909,0.0,0.0,0.0,0.0,0.0,0.0,0.0,0.0,0.0,2002,radio,0.5
1,5,lr1e-04_bs16_modL1_fusion32_fusionL1_drop0p2_trmiss50_trlocradio,16,0.0001,1,32,1,0.2,lr1e-04_bs16_modL1_fusion32_fusionL1_drop0p2_trmiss50_trlocradio,32,0.48939290394385654,0.624349574247996,0.7633928571428571,0.8933997708798904,0.5909090909090909,0.0,0.0,0.0,0.0,0.0,0.0,0.0,0.0,0.0,2002,radio,0.5
1,5,lr1e-04_bs16_modL1_fusion32_fusionL1_drop0p2_trmiss50_trlocradio,16,0.0001,1,32,1,0.2,lr1e-04_bs16_modL1_fusion32_fusionL1_drop0p2_trmiss50_trlocradio,33,0.4867397000392278,0.6254879832267761,0.7522321428571429,0.886788793703897,0.6136363636363636,0.0,0.0,0.0,0.0,0.0,0.0,0.0,0.0,0.0,2002,radio,0.5
1,5,lr1e-04_bs16_modL1_fusion32_fusionL1_drop0p2_trmiss50_trlocradio,16,0.0001,1,32,1,0.2,lr1e-04_bs16_modL1_fusion32_fusionL1_drop0p2_trmiss50_trlocradio,34,0.4728242481748263,0.6242812673250834,0.7433035714285714,0.8749090670084985,0.5909090909090909,0.0,0.0,0.0,0.0,0.0,0.0,0.0,0.0,0.0,2002,radio,0.5
1,5,lr1e-04_bs16_modL1_fusion32_fusionL1_drop0p2_trmiss50_trlocradio,16,0.0001,1,32,1,0.2,lr1e-04_bs16_modL1_fusion32_fusionL1_drop0p2_trmiss50_trlocradio,35,0.5043745835622152,0.6244208812713623,0.7366071428571429,0.8356943718257582,0.6136363636363636,0.0,0.0,0.0,0.0,0.0,0.0,0.0,0.0,0.0,2002,radio,0.5
1,5,lr1e-04_bs16_modL1_fusion32_fusionL1_drop0p2_trmiss50_trlocradio,16,0.0001,1,32,1,0.2,lr1e-04_bs16_modL1_fusion32_fusionL1_drop0p2_trmiss50_trlocradio,36,0.4876843939224879,0.6266600290934244,0.7187499999999999,0.826404044869118,0.5681818181818182,0.0,0.0,0.0,0.0,0.0,0.0,0.0,0.0,0.0,2002,radio,0.5
1,5,lr1e-04_bs16_modL1_fusion32_fusionL1_drop0p2_trmiss50_trlocradio,16,0.0001,1,32,1,0.2,lr1e-04_bs16_modL1_fusion32_fusionL1_drop0p2_trmiss50_trlocradio,37,0.4842064902186394,0.6244208216667175,0.7343750000000001,0.8617073316610955,0.5909090909090909,0.0,0.0,0.0,0.0,0.0,0.0,0.0,0.0,0.0,2002,radio,0.5
1,5,lr1e-04_bs16_modL1_fusion32_fusionL1_drop0p2_trmiss50_trlocradio,16,0.0001,1,32,1,0.2,lr1e-04_bs16_modL1_fusion32_fusionL1_drop0p2_trmiss50_trlocradio,38,0.5040367593367895,0.6201651692390442,0.7299107142857143,0.8504600123809214,0.5909090909090909,0.0,0.0,0.0,0.0,0.0,0.0,0.0,0.0,0.0,2002,radio,0.5
1,5,lr1e-04_bs16_modL1_fusion32_fusionL1_drop0p2_trmiss50_trlocradio,16,0.0001,1,32,1,0.2,lr1e-04_bs16_modL1_fusion32_fusionL1_drop0p2_trmiss50_trlocradio,39,0.4721112425128619,0.6257256468137106,0.7187499999999999,0.8541549935660935,0.5909090909090909,0.0,0.0,0.0,0.0,0.0,0.0,0.0,0.0,0.0,2002,radio,0.5
1,5,lr1e-04_bs16_modL1_fusion32_fusionL1_drop0p2_trmiss50_trlocradio,16,0.0001,1,32,1,0.2,lr1e-04_bs16_modL1_fusion32_fusionL1_drop0p2_trmiss50_trlocradio,40,0.47864603251218796,0.6258548498153687,0.7455357142857143,0.8805529693025399,0.5909090909090909,0.0,0.0,0.0,0.0,0.0,0.0,0.0,0.0,0.0,2002,radio,0.5
1,5,lr1e-04_bs16_modL1_fusion32_fusionL1_drop0p2_trmiss50_trlocradio,16,0.0001,1,32,1,0.2,lr1e-04_bs16_modL1_fusion32_fusionL1_drop0p2_trmiss50_trlocradio,41,0.47323914617300034,0.6259179711341858,0.7299107142857143,0.8737595020934166,0.5909090909090909,0.0,0.0,0.0,0.0,0.0,0.0,0.0,0.0,0.0,2002,radio,0.5
1,5,lr1e-04_bs16_modL1_fusion32_fusionL1_drop0p2_trmiss50_trlocradio,16,0.0001,1,32,1,0.2,lr1e-04_bs16_modL1_fusion32_fusionL1_drop0p2_trmiss50_trlocradio,42,0.46906928221384686,0.6218373775482178,0.71875,0.8485123682181295,0.5681818181818182,0.0,0.0,0.0,0.0,0.0,0.0,0.0,0.0,0.0,2002,radio,0.5
1,5,lr1e-04_bs16_modL1_fusion32_fusionL1_drop0p2_trmiss50_trlocradio,16,0.0001,1,32,1,0.2,lr1e-04_bs16_modL1_fusion32_fusionL1_drop0p2_trmiss50_trlocradio,43,0.4833611374100049,0.6181890964508057,0.7455357142857143,0.8783033377607763,0.5909090909090909,0.0,0.0,0.0,0.0,0.0,0.0,0.0,0.0,0.0,2002,radio,0.5
1,5,lr1e-04_bs16_modL1_fusion32_fusionL1_drop0p2_trmiss50_trlocradio,16,0.0001,1,32,1,0.2,lr1e-04_bs16_modL1_fusion32_fusionL1_drop0p2_trmiss50_trlocradio,44,0.4502428397536278,0.6225902636845907,0.7388392857142857,0.8777418092310414,0.5909090909090909,0.0,0.0,0.0,0.0,0.0,0.0,0.0,0.0,0.0,2002,radio,0.5
1,5,lr1e-04_bs16_modL1_fusion32_fusionL1_drop0p2_trmiss50_trlocradio,16,0.0001,1,32,1,0.2,lr1e-04_bs16_modL1_fusion32_fusionL1_drop0p2_trmiss50_trlocradio,45,0.4684337228536606,0.6222461462020874,0.7343750000000001,0.8755565212313534,0.6136363636363636,0.0,0.0,0.0,0.0,0.0,0.0,0.0,0.0,0.0,2002,radio,0.5
1,5,lr1e-04_bs16_modL1_fusion32_fusionL1_drop0p2_trmiss50_trlocradio,16,0.0001,1,32,1,0.2,lr1e-04_bs16_modL1_fusion32_fusionL1_drop0p2_trmiss50_trlocradio,46,0.4499785602092743,0.6229508916536967,0.75,0.8862341788646745,0.5909090909090909,0.0,0.0,0.0,0.0,0.0,0.0,0.0,0.0,0.0,2002,radio,0.5
1,5,lr1e-04_bs16_modL1_fusion32_fusionL1_drop0p2_trmiss50_trlocradio,16,0.0001,1,32,1,0.2,lr1e-04_bs16_modL1_fusion32_fusionL1_drop0p2_trmiss50_trlocradio,47,0.46516597519318265,0.6166830658912659,0.7433035714285715,0.8794223720163312,0.6136363636363636,0.0,0.0,0.0,0.0,0.0,0.0,0.0,0.0,0.0,2002,radio,0.5
1,5,lr1e-04_bs16_modL1_fusion32_fusionL1_drop0p2_trmiss50_trlocradio,16,0.0001,1,32,1,0.2,lr1e-04_bs16_modL1_fusion32_fusionL1_drop0p2_trmiss50_trlocradio,48,0.45569073408842087,0.6147069931030273,0.7433035714285714,0.879543580986251,0.6136363636363636,0.0,0.0,0.0,0.0,0.0,0.0,0.0,0.0,0.0,2002,radio,0.5
1,5,lr1e-04_bs16_modL1_fusion32_fusionL1_drop0p2_trmiss50_trlocradio,16,0.0001,1,32,1,0.2,lr1e-04_bs16_modL1_fusion32_fusionL1_drop0p2_trmiss50_trlocradio,49,0.4726291373372078,0.6149863402048746,0.7455357142857143,0.8729106191785043,0.6136363636363636,0.0,0.0,0.0,0.0,0.0,0.0,0.0,0.0,0.0,2002,radio,0.5
1,5,lr1e-04_bs16_modL1_fusion32_fusionL1_drop0p2_trmiss50_trlocradio,16,0.0001,1,32,1,0.2,lr1e-04_bs16_modL1_fusion32_fusionL1_drop0p2_trmiss50_trlocradio,50,0.4479578211903572,0.623935878276825,0.7321428571428571,0.8651760230940527,0.5909090909090909,0.0,0.0,0.0,0.0,0.0,0.0,0.0,0.0,0.0,2002,radio,0.5
1,5,lr1e-04_bs16_modL1_fusion32_fusionL1_drop0p2_trmiss50_trlocradio,16,0.0001,1,32,1,0.2,lr1e-04_bs16_modL1_fusion32_fusionL1_drop0p2_trmiss50_trlocradio,51,0.4484245479106903,0.620060920715332,0.7433035714285715,0.8611352006884698,0.5909090909090909,0.0,0.0,0.0,0.0,0.0,0.0,0.0,0.0,0.0,2002,radio,0.5
1,5,lr1e-04_bs16_modL1_fusion32_fusionL1_drop0p2_trmiss50_trlocradio,16,0.0001,1,32,1,0.2,lr1e-04_bs16_modL1_fusion32_fusionL1_drop0p2_trmiss50_trlocradio,52,0.4503970618049304,0.6257304549217224,0.734375,0.8639611643907147,0.5909090909090909,0.0,0.0,0.0,0.0,0.0,0.0,0.0,0.0,0.0,2002,radio,0.5
1,5,lr1e-04_bs16_modL1_fusion32_fusionL1_drop0p1_trmiss50_trlocradio,16,0.0001,1,32,1,0.1,lr1e-04_bs16_modL1_fusion32_fusionL1_drop0p1_trmiss50_trlocradio,1,0.7080598175525665,0.7164358496665955,0.33705357142857145,0.5937709824361351,0.38636363636363635,0.0,0.0,0.0,0.0,0.0,0.0,0.0,0.0,0.0,2002,radio,0.5
1,5,lr1e-04_bs16_modL1_fusion32_fusionL1_drop0p1_trmiss50_trlocradio,16,0.0001,1,32,1,0.1,lr1e-04_bs16_modL1_fusion32_fusionL1_drop0p1_trmiss50_trlocradio,2,0.66649329662323,0.7154396772384644,0.3861607142857143,0.6136779624716155,0.36363636363636365,0.0,0.0,0.0,0.0,0.0,0.0,0.0,0.0,0.0,2002,radio,0.5
1,5,lr1e-04_bs16_modL1_fusion32_fusionL1_drop0p1_trmiss50_trlocradio,16,0.0001,1,32,1,0.1,lr1e-04_bs16_modL1_fusion32_fusionL1_drop0p1_trmiss50_trlocradio,3,0.6517130384842554,0.7104801336924235,0.40625,0.6115541107354463,0.38636363636363635,0.0,0.0,0.0,0.0,0.0,0.0,0.0,0.0,0.0,2002,radio,0.5
1,5,lr1e-04_bs16_modL1_fusion32_fusionL1_drop0p1_trmiss50_trlocradio,16,0.0001,1,32,1,0.1,lr1e-04_bs16_modL1_fusion32_fusionL1_drop0p1_trmiss50_trlocradio,4,0.630465899904569,0.6998103459676107,0.42857142857142855,0.6389884024551639,0.4090909090909091,0.0,0.0,0.0,0.0,0.0,0.0,0.0,0.0,0.0,2002,radio,0.5
1,5,lr1e-04_bs16_modL1_fusion32_fusionL1_drop0p1_trmiss50_trlocradio,16,0.0001,1,32,1,0.1,lr1e-04_bs16_modL1_fusion32_fusionL1_drop0p1_trmiss50_trlocradio,5,0.6149093161026636,0.6976014574368795,0.45089285714285715,0.6511783421767878,0.4772727272727273,0.0,0.0,0.0,0.0,0.0,0.0,0.0,0.0,0.0,2002,radio,0.5
1,5,lr1e-04_bs16_modL1_fusion32_fusionL1_drop0p1_trmiss50_trlocradio,16,0.0001,1,32,1,0.1,lr1e-04_bs16_modL1_fusion32_fusionL1_drop0p1_trmiss50_trlocradio,6,0.5988670786221822,0.6988964080810547,0.41964285714285715,0.6448119636215507,0.4772727272727273,0.0,0.0,0.0,0.0,0.0,0.0,0.0,0.0,0.0,2002,radio,0.5
1,5,lr1e-04_bs16_modL1_fusion32_fusionL1_drop0p1_trmiss50_trlocradio,16,0.0001,1,32,1,0.1,lr1e-04_bs16_modL1_fusion32_fusionL1_drop0p1_trmiss50_trlocradio,7,0.5940437366565069,0.6914957364400228,0.4508928571428571,0.6282103894077304,0.5454545454545454,0.0,0.0,0.0,0.0,0.0,0.0,0.0,0.0,0.0,2002,radio,0.5
1,5,lr1e-04_bs16_modL1_fusion32_fusionL1_drop0p1_trmiss50_trlocradio,16,0.0001,1,32,1,0.1,lr1e-04_bs16_modL1_fusion32_fusionL1_drop0p1_trmiss50_trlocradio,8,0.5634192377328873,0.6853943665822347,0.4821428571428571,0.6717839558549352,0.5681818181818182,0.0,0.0,0.0,0.0,0.0,0.0,0.0,0.0,0.0,2002,radio,0.5
1,5,lr1e-04_bs16_modL1_fusion32_fusionL1_drop0p1_trmiss50_trlocradio,16,0.0001,1,32,1,0.1,lr1e-04_bs16_modL1_fusion32_fusionL1_drop0p1_trmiss50_trlocradio,9,0.5806240936120352,0.6867443323135376,0.4776785714285714,0.667150491863124,0.45454545454545453,0.0,0.0,0.0,0.0,0.0,0.0,0.0,0.0,0.0,2002,radio,0.5
1,5,lr1e-04_bs16_modL1_fusion32_fusionL1_drop0p1_trmiss50_trlocradio,16,0.0001,1,32,1,0.1,lr1e-04_bs16_modL1_fusion32_fusionL1_drop0p1_trmiss50_trlocradio,10,0.5524661963184675,0.6958812872568766,0.4419642857142857,0.6339784041119405,0.4772727272727273,0.0,0.0,0.0,0.0,0.0,0.0,0.0,0.0,0.0,2002,radio,0.5
1,5,lr1e-04_bs16_modL1_fusion32_fusionL1_drop0p1_trmiss50_trlocradio,16,0.0001,1,32,1,0.1,lr1e-04_bs16_modL1_fusion32_fusionL1_drop0p1_trmiss50_trlocradio,11,0.5460471386710802,0.6886504888534546,0.4776785714285714,0.6466176173040517,0.5909090909090909,0.0,0.0,0.0,0.0,0.0,0.0,0.0,0.0,0.0,2002,radio,0.5
1,5,lr1e-04_bs16_modL1_fusion32_fusionL1_drop0p1_trmiss50_trlocradio,16,0.0001,1,32,1,0.1,lr1e-04_bs16_modL1_fusion32_fusionL1_drop0p1_trmiss50_trlocradio,12,0.5332241952419281,0.6842930316925049,0.5066964285714286,0.6502831795765274,0.6136363636363636,0.0,0.0,0.0,0.0,0.0,0.0,0.0,0.0,0.0,2002,radio,0.5
1,5,lr1e-04_bs16_modL1_fusion32_fusionL1_drop0p1_trmiss50_trlocradio,16,0.0001,1,32,1,0.1,lr1e-04_bs16_modL1_fusion32_fusionL1_drop0p1_trmiss50_trlocradio,13,0.5131905178229014,0.6881027619043986,0.4977678571428571,0.6531589450315761,0.5227272727272727,0.0,0.0,0.0,0.0,0.0,0.0,0.0,0.0,0.0,2002,radio,0.5
1,5,lr1e-04_bs16_modL1_fusion32_fusionL1_drop0p1_trmiss50_trlocradio,16,0.0001,1,32,1,0.1,lr1e-04_bs16_modL1_fusion32_fusionL1_drop0p1_trmiss50_trlocradio,14,0.5013746296366056,0.6882483760515848,0.47767857142857145,0.65603537372204,0.5227272727272727,0.0,0.0,0.0,0.0,0.0,0.0,0.0,0.0,0.0,2002,radio,0.5
1,5,lr1e-04_bs16_modL1_fusion32_fusionL1_drop0p1_trmiss50_trlocradio,16,0.0001,1,32,1,0.1,lr1e-04_bs16_modL1_fusion32_fusionL1_drop0p1_trmiss50_trlocradio,15,0.4924188628792763,0.6852015654246012,0.4732142857142857,0.6420400379869743,0.5227272727272727,0.0,0.0,0.0,0.0,0.0,0.0,0.0,0.0,0.0,2002,radio,0.5
1,5,lr1e-04_bs16_modL1_fusion32_fusionL1_drop0p1_trmiss50_trlocradio,16,0.0001,1,32,1,0.1,lr1e-04_bs16_modL1_fusion32_fusionL1_drop0p1_trmiss50_trlocradio,16,0.4944096903006236,0.683075467745463,0.4933035714285714,0.6624523252029774,0.5227272727272727,0.0,0.0,0.0,0.0,0.0,0.0,0.0,0.0,0.0,2002,radio,0.5
1,5,lr1e-04_bs16_modL1_fusion32_fusionL1_drop0p1_trmiss50_trlocradio,16,0.0001,1,32,1,0.1,lr1e-04_bs16_modL1_fusion32_fusionL1_drop0p1_trmiss50_trlocradio,17,0.47159164398908615,0.6780105233192444,0.5245535714285714,0.6952811379122005,0.5227272727272727,0.0,0.0,0.0,0.0,0.0,0.0,0.0,0.0,0.0,2002,radio,0.5
1,5,lr1e-04_bs16_modL1_fusion32_fusionL1_drop0p1_trmiss50_trlocradio,16,0.0001,1,32,1,0.1,lr1e-04_bs16_modL1_fusion32_fusionL1_drop0p1_trmiss50_trlocradio,18,0.4761371190349261,0.671997865041097,0.5044642857142857,0.6881638804972809,0.6136363636363636,0.0,0.0,0.0,0.0,0.0,0.0,0.0,0.0,0.0,2002,radio,0.5
1,5,lr1e-04_bs16_modL1_fusion32_fusionL1_drop0p1_trmiss50_trlocradio,16,0.0001,1,32,1,0.1,lr1e-04_bs16_modL1_fusion32_fusionL1_drop0p1_trmiss50_trlocradio,19,0.4575746829311053,0.6767101685206095,0.5022321428571429,0.6846208830925634,0.5909090909090909,0.0,0.0,0.0,0.0,0.0,0.0,0.0,0.0,0.0,2002,radio,0.5
1,5,lr1e-04_bs16_modL1_fusion32_fusionL1_drop0p1_trmiss50_trlocradio,16,0.0001,1,32,1,0.1,lr1e-04_bs16_modL1_fusion32_fusionL1_drop0p1_trmiss50_trlocradio,20,0.44860050827264786,0.6740253965059916,0.5223214285714286,0.6893926485453263,0.6136363636363636,0.0,0.0,0.0,0.0,0.0,0.0,0.0,0.0,0.0,2002,radio,0.5
1,5,lr1e-04_bs16_modL1_fusion32_fusionL1_drop0p1_trmiss50_trlocradio,16,0.0001,1,32,1,0.1,lr1e-04_bs16_modL1_fusion32_fusionL1_drop0p1_trmiss50_trlocradio,21,0.44781270374854404,0.6758102575937907,0.515625,0.6662198677231267,0.5909090909090909,0.0,0.0,0.0,0.0,0.0,0.0,0.0,0.0,0.0,2002,radio,0.5
1,5,lr1e-04_bs16_modL1_fusion32_fusionL1_drop0p1_trmiss50_trlocradio,16,0.0001,1,32,1,0.1,lr1e-04_bs16_modL1_fusion32_fusionL1_drop0p1_trmiss50_trlocradio,22,0.42993183930714923,0.6740289926528931,0.5223214285714286,0.6799346375835543,0.6136363636363636,0.0,0.0,0.0,0.0,0.0,0.0,0.0,0.0,0.0,2002,radio,0.5
1,5,lr1e-04_bs16_modL1_fusion32_fusionL1_drop0p1_trmiss50_trlocradio,16,0.0001,1,32,1,0.1,lr1e-04_bs16_modL1_fusion32_fusionL1_drop0p1_trmiss50_trlocradio,23,0.4207790320118268,0.6760063370068868,0.5178571428571428,0.6750053760193211,0.5454545454545454,0.0,0.0,0.0,0.0,0.0,0.0,0.0,0.0,0.0,2002,radio,0.5
1,5,lr1e-04_bs16_modL1_fusion32_fusionL1_drop0p1_trmiss50_trlocradio,16,0.0001,1,32,1,0.1,lr1e-04_bs16_modL1_fusion32_fusionL1_drop0p1_trmiss50_trlocradio,24,0.4330728054046631,0.6667650938034058,0.5602678571428572,0.7093125471998981,0.6136363636363636,0.0,0.0,0.0,0.0,0.0,0.0,0.0,0.0,0.0,2002,radio,0.5
1,5,lr1e-04_bs16_modL1_fusion32_fusionL1_drop0p1_trmiss50_trlocradio,16,0.0001,1,32,1,0.1,lr1e-04_bs16_modL1_fusion32_fusionL1_drop0p1_trmiss50_trlocradio,25,0.4121875887115796,0.6690202156702677,0.5535714285714286,0.7056247797115357,0.5909090909090909,0.0,0.0,0.0,0.0,0.0,0.0,0.0,0.0,0.0,2002,radio,0.5
1,5,lr1e-04_bs16_modL1_fusion32_fusionL1_drop0p1_trmiss50_trlocradio,16,0.0001,1,32,1,0.1,lr1e-04_bs16_modL1_fusion32_fusionL1_drop0p1_trmiss50_trlocradio,26,0.4150121162335078,0.6738898754119873,0.5691964285714286,0.7191814893279019,0.5909090909090909,0.0,0.0,0.0,0.0,0.0,0.0,0.0,0.0,0.0,2002,radio,0.5
1,5,lr1e-04_bs16_modL1_fusion32_fusionL1_drop0p1_trmiss50_trlocradio,16,0.0001,1,32,1,0.1,lr1e-04_bs16_modL1_fusion32_fusionL1_drop0p1_trmiss50_trlocradio,27,0.40561943252881366,0.6640814344088236,0.5959821428571428,0.7296761246527889,0.5909090909090909,0.0,0.0,0.0,0.0,0.0,0.0,0.0,0.0,0.0,2002,radio,0.5
1,5,lr1e-04_bs16_modL1_fusion32_fusionL1_drop0p1_trmiss50_trlocradio,16,0.0001,1,32,1,0.1,lr1e-04_bs16_modL1_fusion32_fusionL1_drop0p1_trmiss50_trlocradio,28,0.38001243273417157,0.6557048161824545,0.6004464285714286,0.713265491013237,0.6136363636363636,0.0,0.0,0.0,0.0,0.0,0.0,0.0,0.0,0.0,2002,radio,0.5
1,5,lr1e-04_bs16_modL1_fusion32_fusionL1_drop0p1_trmiss50_trlocradio,16,0.0001,1,32,1,0.1,lr1e-04_bs16_modL1_fusion32_fusionL1_drop0p1_trmiss50_trlocradio,29,0.37484179933865863,0.6633210182189941,0.5758928571428572,0.7265055719961012,0.5454545454545454,0.0,0.0,0.0,0.0,0.0,0.0,0.0,0.0,0.0,2002,radio,0.5
1,5,lr1e-04_bs16_modL1_fusion32_fusionL1_drop0p1_trmiss50_trlocradio,16,0.0001,1,32,1,0.1,lr1e-04_bs16_modL1_fusion32_fusionL1_drop0p1_trmiss50_trlocradio,30,0.3623971790075302,0.6663310527801514,0.5669642857142857,0.7182302164703883,0.5454545454545454,0.0,0.0,0.0,0.0,0.0,0.0,0.0,0.0,0.0,2002,radio,0.5
1,5,lr1e-04_bs16_modL1_fusion32_fusionL1_drop0p1_trmiss50_trlocradio,16,0.0001,1,32,1,0.1,lr1e-04_bs16_modL1_fusion32_fusionL1_drop0p1_trmiss50_trlocradio,31,0.35268021126588184,0.671604573726654,0.5424107142857142,0.7081750622594523,0.5454545454545454,0.0,0.0,0.0,0.0,0.0,0.0,0.0,0.0,0.0,2002,radio,0.5
1,5,lr1e-04_bs16_modL1_fusion32_fusionL1_drop0p1_trmiss50_trlocradio,16,0.0001,1,32,1,0.1,lr1e-04_bs16_modL1_fusion32_fusionL1_drop0p1_trmiss50_trlocradio,32,0.3701403811573982,0.6748685042063395,0.5558035714285714,0.7178519503130372,0.5454545454545454,0.0,0.0,0.0,0.0,0.0,0.0,0.0,0.0,0.0,2002,radio,0.5
1,5,lr1e-04_bs16_modL1_fusion32_fusionL1_drop0p1_trmiss50_trlocradio,16,0.0001,1,32,1,0.1,lr1e-04_bs16_modL1_fusion32_fusionL1_drop0p1_trmiss50_trlocradio,33,0.3428016925851504,0.6700270374615988,0.5691964285714285,0.7116870030047232,0.5454545454545454,0.0,0.0,0.0,0.0,0.0,0.0,0.0,0.0,0.0,2002,radio,0.5
1,5,lr1e-04_bs16_modL1_fusion32_fusionL1_drop0p1_trmiss50_trlocradio,16,0.0001,1,32,1,0.1,lr1e-04_bs16_modL1_fusion32_fusionL1_drop0p1_trmiss50_trlocradio,34,0.3214200312892596,0.6646926999092102,0.5736607142857143,0.7186633615733645,0.6136363636363636,0.0,0.0,0.0,0.0,0.0,0.0,0.0,0.0,0.0,2002,radio,0.5
1,5,lr1e-04_bs16_modL1_fusion32_fusionL1_drop0p1_trmiss50_trlocradio,16,0.0001,1,32,1,0.1,lr1e-04_bs16_modL1_fusion32_fusionL1_drop0p1_trmiss50_trlocradio,35,0.33019499977429706,0.6558772722880045,0.59375,0.7229125291846599,0.6136363636363636,0.0,0.0,0.0,0.0,0.0,0.0,0.0,0.0,0.0,2002,radio,0.5
1,5,lr1e-04_bs16_modL1_fusion32_fusionL1_drop0p1_trmiss50_trlocradio,16,0.0001,1,32,1,0.1,lr1e-04_bs16_modL1_fusion32_fusionL1_drop0p1_trmiss50_trlocradio,36,0.33210262407859165,0.653060774008433,0.5848214285714286,0.7233382609829025,0.6363636363636364,0.0,0.0,0.0,0.0,0.0,0.0,0.0,0.0,0.0,2002,radio,0.5
1,5,lr1e-04_bs16_modL1_fusion32_fusionL1_drop0p1_trmiss50_trlocradio,16,0.0001,1,32,1,0.1,lr1e-04_bs16_modL1_fusion32_fusionL1_drop0p1_trmiss50_trlocradio,37,0.3172512501478195,0.64731764793396,0.6049107142857143,0.7351578340051527,0.5909090909090909,0.0,0.0,0.0,0.0,0.0,0.0,0.0,0.0,0.0,2002,radio,0.5
1,5,lr1e-04_bs16_modL1_fusion32_fusionL1_drop0p1_trmiss50_trlocradio,16,0.0001,1,32,1,0.1,lr1e-04_bs16_modL1_fusion32_fusionL1_drop0p1_trmiss50_trlocradio,38,0.31705928842226666,0.6490000287691752,0.609375,0.7274742173311813,0.6363636363636364,0.0,0.0,0.0,0.0,0.0,0.0,0.0,0.0,0.0,2002,radio,0.5
1,5,lr1e-04_bs16_modL1_fusion32_fusionL1_drop0p1_trmiss50_trlocradio,16,0.0001,1,32,1,0.1,lr1e-04_bs16_modL1_fusion32_fusionL1_drop0p1_trmiss50_trlocradio,39,0.33857955038547516,0.6497272054354349,0.5848214285714286,0.737336338886114,0.5909090909090909,0.0,0.0,0.0,0.0,0.0,0.0,0.0,0.0,0.0,2002,radio,0.5
1,5,lr1e-04_bs16_modL1_fusion32_fusionL1_drop0p1_trmiss50_trlocradio,16,0.0001,1,32,1,0.1,lr1e-04_bs16_modL1_fusion32_fusionL1_drop0p1_trmiss50_trlocradio,40,0.30735771109660465,0.6483907699584961,0.6026785714285714,0.7477107225791839,0.5681818181818182,0.0,0.0,0.0,0.0,0.0,0.0,0.0,0.0,0.0,2002,radio,0.5
1,5,lr1e-04_bs16_modL1_fusion32_fusionL1_drop0p1_trmiss50_trlocradio,16,0.0001,1,32,1,0.1,lr1e-04_bs16_modL1_fusion32_fusionL1_drop0p1_trmiss50_trlocradio,41,0.3083541914820671,0.6490081151326498,0.5982142857142857,0.731403913590526,0.6590909090909091,0.0,0.0,0.0,0.0,0.0,0.0,0.0,0.0,0.0,2002,radio,0.5
1,5,lr1e-04_bs16_modL1_fusion32_fusionL1_drop0p1_trmiss50_trlocradio,16,0.0001,1,32,1,0.1,lr1e-04_bs16_modL1_fusion32_fusionL1_drop0p1_trmiss50_trlocradio,42,0.31403719385464984,0.65216463804245,0.6026785714285714,0.7520316616283463,0.6136363636363636,0.0,0.0,0.0,0.0,0.0,0.0,0.0,0.0,0.0,2002,radio,0.5
1,5,lr1e-04_bs16_modL1_fusion32_fusionL1_drop0p1_trmiss50_trlocradio,16,0.0001,1,32,1,0.1,lr1e-04_bs16_modL1_fusion32_fusionL1_drop0p1_trmiss50_trlocradio,43,0.3058624764283498,0.6503913799921671,0.5959821428571429,0.743788568818221,0.5909090909090909,0.0,0.0,0.0,0.0,0.0,0.0,0.0,0.0,0.0,2002,radio,0.5
1,5,lr1e-04_bs16_modL1_fusion32_fusionL1_drop0p1_trmiss50_trlocradio,16,0.0001,1,32,1,0.1,lr1e-04_bs16_modL1_fusion32_fusionL1_drop0p1_trmiss50_trlocradio,44,0.28537604709466297,0.6517510414123535,0.6026785714285714,0.7485056985989953,0.5909090909090909,0.0,0.0,0.0,0.0,0.0,0.0,0.0,0.0,0.0,2002,radio,0.5
1,5,lr1e-04_bs16_modL1_fusion32_fusionL1_drop0p1_trmiss50_trlocradio,16,0.0001,1,32,1,0.1,lr1e-04_bs16_modL1_fusion32_fusionL1_drop0p1_trmiss50_trlocradio,45,0.28666864335536957,0.6487290064493815,0.6116071428571428,0.7493435631483559,0.5909090909090909,0.0,0.0,0.0,0.0,0.0,0.0,0.0,0.0,0.0,2002,radio,0.5
1,5,lr1e-04_bs16_modL1_fusion32_fusionL1_drop0p1_trmiss50_trlocradio,16,0.0001,1,32,1,0.1,lr1e-04_bs16_modL1_fusion32_fusionL1_drop0p1_trmiss50_trlocradio,46,0.3028528615832329,0.6522234678268433,0.6183035714285714,0.7524467852723614,0.5909090909090909,0.0,0.0,0.0,0.0,0.0,0.0,0.0,0.0,0.0,2002,radio,0.5
1,5,lr1e-04_bs16_modL1_fusion32_fusionL1_drop0p1_trmiss50_trlocradio,16,0.0001,1,32,1,0.1,lr1e-04_bs16_modL1_fusion32_fusionL1_drop0p1_trmiss50_trlocradio,47,0.2916825662056605,0.6445378661155701,0.6205357142857143,0.7445899369549868,0.5681818181818182,0.0,0.0,0.0,0.0,0.0,0.0,0.0,0.0,0.0,2002,radio,0.5
1,5,lr1e-04_bs16_modL1_fusion32_fusionL1_drop0p1_trmiss50_trlocradio,16,0.0001,1,32,1,0.1,lr1e-04_bs16_modL1_fusion32_fusionL1_drop0p1_trmiss50_trlocradio,48,0.29316521684328717,0.6472784479459127,0.609375,0.7412365857673263,0.5681818181818182,0.0,0.0,0.0,0.0,0.0,0.0,0.0,0.0,0.0,2002,radio,0.5
1,5,lr1e-04_bs16_modL1_fusion32_fusionL1_drop0p1_trmiss50_trlocradio,16,0.0001,1,32,1,0.1,lr1e-04_bs16_modL1_fusion32_fusionL1_drop0p1_trmiss50_trlocradio,49,0.28460628539323807,0.6492090026537577,0.6183035714285714,0.7522381700162232,0.6363636363636364,0.0,0.0,0.0,0.0,0.0,0.0,0.0,0.0,0.0,2002,radio,0.5
1,5,lr1e-04_bs16_modL1_fusion32_fusionL1_drop0p1_trmiss50_trlocradio,16,0.0001,1,32,1,0.1,lr1e-04_bs16_modL1_fusion32_fusionL1_drop0p1_trmiss50_trlocradio,50,0.2925202151139577,0.6467555363972982,0.6071428571428571,0.7405447230411878,0.5909090909090909,0.0,0.0,0.0,0.0,0.0,0.0,0.0,0.0,0.0,2002,radio,0.5
1,5,lr1e-04_bs16_modL1_fusion32_fusionL1_drop0p1_trmiss50_trlocradio,16,0.0001,1,32,1,0.1,lr1e-04_bs16_modL1_fusion32_fusionL1_drop0p1_trmiss50_trlocradio,51,0.28471915672222775,0.6413026849428812,0.6294642857142857,0.7573515085809955,0.5909090909090909,0.0,0.0,0.0,0.0,0.0,0.0,0.0,0.0,0.0,2002,radio,0.5
1,5,lr1e-04_bs16_modL1_fusion32_fusionL1_drop0p1_trmiss50_trlocradio,16,0.0001,1,32,1,0.1,lr1e-04_bs16_modL1_fusion32_fusionL1_drop0p1_trmiss50_trlocradio,52,0.2936751792828242,0.6484070618947347,0.6183035714285714,0.7381923391798167,0.6136363636363636,0.0,0.0,0.0,0.0,0.0,0.0,0.0,0.0,0.0,2002,radio,0.5
1,5,lr1e-04_bs16_modL1_fusion32_fusionL1_drop0p1_trmiss50_trlocradio,16,0.0001,1,32,1,0.1,lr1e-04_bs16_modL1_fusion32_fusionL1_drop0p1_trmiss50_trlocradio,53,0.2851538931330045,0.6441235542297363,0.6160714285714286,0.7411249716886892,0.6136363636363636,0.0,0.0,0.0,0.0,0.0,0.0,0.0,0.0,0.0,2002,radio,0.5
1,5,lr1e-04_bs16_modL1_fusion32_fusionL1_drop0p1_trmiss50_trlocradio,16,0.0001,1,32,1,0.1,lr1e-04_bs16_modL1_fusion32_fusionL1_drop0p1_trmiss50_trlocradio,54,0.2723071649670601,0.643253743648529,0.6116071428571428,0.7514958597412014,0.5909090909090909,0.0,0.0,0.0,0.0,0.0,0.0,0.0,0.0,0.0,2002,radio,0.5
1,5,lr1e-04_bs16_modL1_fusion32_fusionL1_drop0p1_trmiss50_trlocradio,16,0.0001,1,32,1,0.1,lr1e-04_bs16_modL1_fusion32_fusionL1_drop0p1_trmiss50_trlocradio,55,0.27485188965996105,0.6488378643989563,0.6049107142857143,0.7359355344010462,0.6136363636363636,0.0,0.0,0.0,0.0,0.0,0.0,0.0,0.0,0.0,2002,radio,0.5
1,5,lr1e-04_bs16_modL1_fusion32_fusionL1_drop0p1_trmiss50_trlocradio,16,0.0001,1,32,1,0.1,lr1e-04_bs16_modL1_fusion32_fusionL1_drop0p1_trmiss50_trlocradio,56,0.31667335083087284,0.6531491676966349,0.6183035714285714,0.7424320151425946,0.6363636363636364,0.0,0.0,0.0,0.0,0.0,0.0,0.0,0.0,0.0,2002,radio,0.5
1,5,lr1e-04_bs16_modL1_fusion32_fusionL1_drop0p1_trmiss50_trlocradio,16,0.0001,1,32,1,0.1,lr1e-04_bs16_modL1_fusion32_fusionL1_drop0p1_trmiss50_trlocradio,57,0.30205822239319485,0.655120333035787,0.6183035714285714,0.7410516873704601,0.6363636363636364,0.0,0.0,0.0,0.0,0.0,0.0,0.0,0.0,0.0,2002,radio,0.5
1,5,lr1e-04_bs16_modL1_fusion32_fusionL1_drop0p1_trmiss50_trlocradio,16,0.0001,1,32,1,0.1,lr1e-04_bs16_modL1_fusion32_fusionL1_drop0p1_trmiss50_trlocradio,58,0.2776939844091733,0.6494480768839518,0.6116071428571429,0.7353213736361989,0.6363636363636364,0.0,0.0,0.0,0.0,0.0,0.0,0.0,0.0,0.0,2002,radio,0.5
1,5,lr1e-04_bs16_modL1_fusion32_fusionL1_drop0p1_trmiss50_trlocradio,16,0.0001,1,32,1,0.1,lr1e-04_bs16_modL1_fusion32_fusionL1_drop0p1_trmiss50_trlocradio,59,0.2993880088130633,0.6472804943720499,0.6183035714285714,0.7399369804912522,0.6363636363636364,0.0,0.0,0.0,0.0,0.0,0.0,0.0,0.0,0.0,2002,radio,0.5
1,5,lr1e-04_bs16_modL1_fusion32_fusionL1_drop0p1_trmiss50_trlocradio,16,0.0001,1,32,1,0.1,lr1e-04_bs16_modL1_fusion32_fusionL1_drop0p1_trmiss50_trlocradio,60,0.2801203653216362,0.6511648495992025,0.6227678571428572,0.7396870028273411,0.6363636363636364,0.0,0.0,0.0,0.0,0.0,0.0,0.0,0.0,0.0,2002,radio,0.5
1,5,lr1e-04_bs16_modL1_fusion32_fusionL1_drop0p1_trmiss50_trlocradio,16,0.0001,1,32,1,0.1,lr1e-04_bs16_modL1_fusion32_fusionL1_drop0p1_trmiss50_trlocradio,61,0.2799808904528618,0.6455989480018616,0.6205357142857142,0.7464520163054529,0.5909090909090909,0.0,0.0,0.0,0.0,0.0,0.0,0.0,0.0,0.0,2002,radio,0.5
1,5,lr1e-04_bs16_modL1_fusion32_fusionL1_drop0p1_trmiss50_trlocradio,16,0.0001,1,32,1,0.1,lr1e-04_bs16_modL1_fusion32_fusionL1_drop0p1_trmiss50_trlocradio,62,0.2753823585808277,0.6467239856719971,0.6205357142857143,0.7477867484004718,0.6136363636363636,0.0,0.0,0.0,0.0,0.0,0.0,0.0,0.0,0.0,2002,radio,0.5
1,5,lr1e-04_bs16_modL1_fusion32_fusionL1_drop0p1_trmiss50_trlocradio,16,0.0001,1,32,1,0.1,lr1e-04_bs16_modL1_fusion32_fusionL1_drop0p1_trmiss50_trlocradio,63,0.27698569496472675,0.646674652894338,0.6205357142857143,0.7462726342077862,0.6136363636363636,0.0,0.0,0.0,0.0,0.0,0.0,0.0,0.0,0.0,2002,radio,0.5
1,5,lr1e-04_bs16_modL1_fusion32_fusionL1_drop0p1_trmiss50_trlocradio,16,0.0001,1,32,1,0.1,lr1e-04_bs16_modL1_fusion32_fusionL1_drop0p1_trmiss50_trlocradio,64,0.2818586304783821,0.6456406911214193,0.6160714285714286,0.7437152544182636,0.5909090909090909,0.0,0.0,0.0,0.0,0.0,0.0,0.0,0.0,0.0,2002,radio,0.5
1,5,lr1e-04_bs16_modL1_fusion32_fusionL1_drop0p1_trmiss50_trlocradio,16,0.0001,1,32,1,0.1,lr1e-04_bs16_modL1_fusion32_fusionL1_drop0p1_trmiss50_trlocradio,65,0.2793976465861003,0.6439197460810343,0.6183035714285715,0.7527686877574111,0.6136363636363636,0.0,0.0,0.0,0.0,0.0,0.0,0.0,0.0,0.0,2002,radio,0.5
1,5,lr1e-04_bs16_modL1_fusion32_fusionL1_drop0p1_trmiss50_trlocradio,16,0.0001,1,32,1,0.1,lr1e-04_bs16_modL1_fusion32_fusionL1_drop0p1_trmiss50_trlocradio,66,0.30665838594237965,0.6491280992825826,0.6272321428571429,0.7463247832646739,0.6136363636363636,0.0,0.0,0.0,0.0,0.0,0.0,0.0,0.0,0.0,2002,radio,0.5
1,5,lr1e-04_bs16_modL1_fusion32_fusionL1_drop0p1_trmiss50_trlocradio,16,0.0001,1,32,1,0.1,lr1e-04_bs16_modL1_fusion32_fusionL1_drop0p1_trmiss50_trlocradio,67,0.29409769425789517,0.643449048201243,0.6071428571428571,0.7349869658240553,0.6136363636363636,0.0,0.0,0.0,0.0,0.0,0.0,0.0,0.0,0.0,2002,radio,0.5
1,5,lr1e-04_bs16_modL1_fusion32_fusionL1_drop0p1_trmiss50_trlocradio,16,0.0001,1,32,1,0.1,lr1e-04_bs16_modL1_fusion32_fusionL1_drop0p1_trmiss50_trlocradio,68,0.27788862337668735,0.6414646108945211,0.609375,0.7372143463210711,0.5909090909090909,0.0,0.0,0.0,0.0,0.0,0.0,0.0,0.0,0.0,2002,radio,0.5
1,5,lr1e-04_bs16_modL1_fusion32_fusionL1_drop0p1_trmiss50_trlocradio,16,0.0001,1,32,1,0.1,lr1e-04_bs16_modL1_fusion32_fusionL1_drop0p1_trmiss50_trlocradio,69,0.27994269132614136,0.6448760032653809,0.6183035714285714,0.742213285123939,0.6136363636363636,0.0,0.0,0.0,0.0,0.0,0.0,0.0,0.0,0.0,2002,radio,0.5
1,5,lr1e-04_bs16_modL1_fusion32_fusionL1_drop0p1_trmiss50_trlocradio,16,0.0001,1,32,1,0.1,lr1e-04_bs16_modL1_fusion32_fusionL1_drop0p1_trmiss50_trlocradio,70,0.30606844027837116,0.646276036898295,0.6227678571428572,0.7442129820224379,0.6363636363636364,0.0,0.0,0.0,0.0,0.0,0.0,0.0,0.0,0.0,2002,radio,0.5
1,5,lr1e-04_bs16_modL1_fusion32_fusionL1_drop0p1_trmiss50_trlocradio,16,0.0001,1,32,1,0.1,lr1e-04_bs16_modL1_fusion32_fusionL1_drop0p1_trmiss50_trlocradio,71,0.3106529228389263,0.6377549171447754,0.625,0.7577250855818104,0.5909090909090909,0.0,0.0,0.0,0.0,0.0,0.0,0.0,0.0,0.0,2002,radio,0.5
1,5,lr1e-04_bs16_modL1_fusion64_fusionL1_drop0p2_trmiss50_trlocradio,16,0.0001,1,64,1,0.2,lr1e-04_bs16_modL1_fusion64_fusionL1_drop0p2_trmiss50_trlocradio,1,0.6713209797938665,0.669972558816274,0.6205357142857143,0.768097205152539,0.6590909090909091,0.0,0.0,0.0,0.0,0.0,0.0,0.0,0.0,0.0,2002,radio,0.5
1,5,lr1e-04_bs16_modL1_fusion64_fusionL1_drop0p2_trmiss50_trlocradio,16,0.0001,1,64,1,0.2,lr1e-04_bs16_modL1_fusion64_fusionL1_drop0p2_trmiss50_trlocradio,2,0.6451763461033503,0.6642939448356628,0.6026785714285714,0.7583701035638828,0.5909090909090909,0.0,0.0,0.0,0.0,0.0,0.0,0.0,0.0,0.0,2002,radio,0.5
1,5,lr1e-04_bs16_modL1_fusion64_fusionL1_drop0p2_trmiss50_trlocradio,16,0.0001,1,64,1,0.2,lr1e-04_bs16_modL1_fusion64_fusionL1_drop0p2_trmiss50_trlocradio,3,0.6449195692936579,0.660768469174703,0.6138392857142856,0.7585567783361995,0.6363636363636364,0.0,0.0,0.0,0.0,0.0,0.0,0.0,0.0,0.0,2002,radio,0.5
1,5,lr1e-04_bs16_modL1_fusion64_fusionL1_drop0p2_trmiss50_trlocradio,16,0.0001,1,64,1,0.2,lr1e-04_bs16_modL1_fusion64_fusionL1_drop0p2_trmiss50_trlocradio,4,0.6322663575410843,0.6599185864130656,0.6428571428571429,0.7359100305209992,0.6136363636363636,0.0,0.0,0.0,0.0,0.0,0.0,0.0,0.0,0.0,2002,radio,0.5
1,5,lr1e-04_bs16_modL1_fusion64_fusionL1_drop0p2_trmiss50_trlocradio,16,0.0001,1,64,1,0.2,lr1e-04_bs16_modL1_fusion64_fusionL1_drop0p2_trmiss50_trlocradio,5,0.604436457157135,0.6529794534047445,0.6607142857142857,0.7507467687675397,0.6363636363636364,0.0,0.0,0.0,0.0,0.0,0.0,0.0,0.0,0.0,2002,radio,0.5
1,5,lr1e-04_bs16_modL1_fusion64_fusionL1_drop0p2_trmiss50_trlocradio,16,0.0001,1,64,1,0.2,lr1e-04_bs16_modL1_fusion64_fusionL1_drop0p2_trmiss50_trlocradio,6,0.5797882974147797,0.6501009861628214,0.6540178571428571,0.7503301376886443,0.5909090909090909,0.0,0.0,0.0,0.0,0.0,0.0,0.0,0.0,0.0,2002,radio,0.5
1,5,lr1e-04_bs16_modL1_fusion64_fusionL1_drop0p2_trmiss50_trlocradio,16,0.0001,1,64,1,0.2,lr1e-04_bs16_modL1_fusion64_fusionL1_drop0p2_trmiss50_trlocradio,7,0.5841664771238962,0.6500949859619141,0.6607142857142858,0.7750665614766297,0.6363636363636364,0.0,0.0,0.0,0.0,0.0,0.0,0.0,0.0,0.0,2002,radio,0.5
1,5,lr1e-04_bs16_modL1_fusion64_fusionL1_drop0p2_trmiss50_trlocradio,16,0.0001,1,64,1,0.2,lr1e-04_bs16_modL1_fusion64_fusionL1_drop0p2_trmiss50_trlocradio,8,0.5627365782856941,0.6501919627189636,0.671875,0.753583548401623,0.6590909090909091,0.0,0.0,0.0,0.0,0.0,0.0,0.0,0.0,0.0,2002,radio,0.5
1,5,lr1e-04_bs16_modL1_fusion64_fusionL1_drop0p2_trmiss50_trlocradio,16,0.0001,1,64,1,0.2,lr1e-04_bs16_modL1_fusion64_fusionL1_drop0p2_trmiss50_trlocradio,9,0.536715050538381,0.6468034187952677,0.6629464285714286,0.7667850958060632,0.6590909090909091,0.0,0.0,0.0,0.0,0.0,0.0,0.0,0.0,0.0,2002,radio,0.5
1,5,lr1e-04_bs16_modL1_fusion64_fusionL1_drop0p2_trmiss50_trlocradio,16,0.0001,1,64,1,0.2,lr1e-04_bs16_modL1_fusion64_fusionL1_drop0p2_trmiss50_trlocradio,10,0.526200590034326,0.6466297308603922,0.6540178571428571,0.765840979292172,0.6590909090909091,0.0,0.0,0.0,0.0,0.0,0.0,0.0,0.0,0.0,2002,radio,0.5
1,5,lr1e-04_bs16_modL1_fusion64_fusionL1_drop0p2_trmiss50_trlocradio,16,0.0001,1,64,1,0.2,lr1e-04_bs16_modL1_fusion64_fusionL1_drop0p2_trmiss50_trlocradio,11,0.5250197301308314,0.6488838791847229,0.6562499999999999,0.7641314031638381,0.6590909090909091,0.0,0.0,0.0,0.0,0.0,0.0,0.0,0.0,0.0,2002,radio,0.5
1,5,lr1e-04_bs16_modL1_fusion64_fusionL1_drop0p2_trmiss50_trlocradio,16,0.0001,1,64,1,0.2,lr1e-04_bs16_modL1_fusion64_fusionL1_drop0p2_trmiss50_trlocradio,12,0.5124439174930254,0.6453542908032736,0.6540178571428572,0.7536336582654376,0.7045454545454546,0.0,0.0,0.0,0.0,0.0,0.0,0.0,0.0,0.0,2002,radio,0.5
1,5,lr1e-04_bs16_modL1_fusion64_fusionL1_drop0p2_trmiss50_trlocradio,16,0.0001,1,64,1,0.2,lr1e-04_bs16_modL1_fusion64_fusionL1_drop0p2_trmiss50_trlocradio,13,0.5101019367575645,0.64519335826238,0.6607142857142857,0.7607403554698716,0.7045454545454546,0.0,0.0,0.0,0.0,0.0,0.0,0.0,0.0,0.0,2002,radio,0.5
1,5,lr1e-04_bs16_modL1_fusion64_fusionL1_drop0p2_trmiss50_trlocradio,16,0.0001,1,64,1,0.2,lr1e-04_bs16_modL1_fusion64_fusionL1_drop0p2_trmiss50_trlocradio,14,0.49865621080001193,0.64457901318868,0.6763392857142857,0.7669151619849589,0.6818181818181818,0.0,0.0,0.0,0.0,0.0,0.0,0.0,0.0,0.0,2002,radio,0.5
1,5,lr1e-04_bs16_modL1_fusion64_fusionL1_drop0p2_trmiss50_trlocradio,16,0.0001,1,64,1,0.2,lr1e-04_bs16_modL1_fusion64_fusionL1_drop0p2_trmiss50_trlocradio,15,0.48930056641499203,0.6404301126797994,0.6473214285714286,0.7676063472128826,0.6363636363636364,0.0,0.0,0.0,0.0,0.0,0.0,0.0,0.0,0.0,2002,radio,0.5
1,5,lr1e-04_bs16_modL1_fusion64_fusionL1_drop0p2_trmiss50_trlocradio,16,0.0001,1,64,1,0.2,lr1e-04_bs16_modL1_fusion64_fusionL1_drop0p2_trmiss50_trlocradio,16,0.4820038825273514,0.6310802300771078,0.6763392857142857,0.7874751378889043,0.6363636363636364,0.0,0.0,0.0,0.0,0.0,0.0,0.0,0.0,0.0,2002,radio,0.5
1,5,lr1e-04_bs16_modL1_fusion64_fusionL1_drop0p2_trmiss50_trlocradio,16,0.0001,1,64,1,0.2,lr1e-04_bs16_modL1_fusion64_fusionL1_drop0p2_trmiss50_trlocradio,17,0.4745933264493942,0.6343073844909668,0.6696428571428571,0.7725635488542066,0.6590909090909091,0.0,0.0,0.0,0.0,0.0,0.0,0.0,0.0,0.0,2002,radio,0.5
1,5,lr1e-04_bs16_modL1_fusion64_fusionL1_drop0p2_trmiss50_trlocradio,16,0.0001,1,64,1,0.2,lr1e-04_bs16_modL1_fusion64_fusionL1_drop0p2_trmiss50_trlocradio,18,0.45534170667330426,0.6301635106404623,0.6830357142857143,0.7879210417283726,0.7045454545454546,0.0,0.0,0.0,0.0,0.0,0.0,0.0,0.0,0.0,2002,radio,0.5
1,5,lr1e-04_bs16_modL1_fusion64_fusionL1_drop0p2_trmiss50_trlocradio,16,0.0001,1,64,1,0.2,lr1e-04_bs16_modL1_fusion64_fusionL1_drop0p2_trmiss50_trlocradio,19,0.4623754198352496,0.6308051745096842,0.6674107142857142,0.7930862721868528,0.6590909090909091,0.0,0.0,0.0,0.0,0.0,0.0,0.0,0.0,0.0,2002,radio,0.5
1,5,lr1e-04_bs16_modL1_fusion64_fusionL1_drop0p2_trmiss50_trlocradio,16,0.0001,1,64,1,0.2,lr1e-04_bs16_modL1_fusion64_fusionL1_drop0p2_trmiss50_trlocradio,20,0.4292456979552905,0.6246484915415446,0.6830357142857142,0.8074784033645095,0.7272727272727273,0.0,0.0,0.0,0.0,0.0,0.0,0.0,0.0,0.0,2002,radio,0.5
1,5,lr1e-04_bs16_modL1_fusion64_fusionL1_drop0p2_trmiss50_trlocradio,16,0.0001,1,64,1,0.2,lr1e-04_bs16_modL1_fusion64_fusionL1_drop0p2_trmiss50_trlocradio,21,0.44032494972149533,0.6186067461967468,0.6941964285714286,0.8152663900170043,0.6818181818181818,0.0,0.0,0.0,0.0,0.0,0.0,0.0,0.0,0.0,2002,radio,0.5
1,5,lr1e-04_bs16_modL1_fusion64_fusionL1_drop0p2_trmiss50_trlocradio,16,0.0001,1,64,1,0.2,lr1e-04_bs16_modL1_fusion64_fusionL1_drop0p2_trmiss50_trlocradio,22,0.40641334652900696,0.6247568527857462,0.6852678571428572,0.7968092895472436,0.6818181818181818,0.0,0.0,0.0,0.0,0.0,0.0,0.0,0.0,0.0,2002,radio,0.5
1,5,lr1e-04_bs16_modL1_fusion64_fusionL1_drop0p2_trmiss50_trlocradio,16,0.0001,1,64,1,0.2,lr1e-04_bs16_modL1_fusion64_fusionL1_drop0p2_trmiss50_trlocradio,23,0.4072578474879265,0.6303801933924357,0.65625,0.7899119971917204,0.6818181818181818,0.0,0.0,0.0,0.0,0.0,0.0,0.0,0.0,0.0,2002,radio,0.5
1,5,lr1e-04_bs16_modL1_fusion64_fusionL1_drop0p2_trmiss50_trlocradio,16,0.0001,1,64,1,0.2,lr1e-04_bs16_modL1_fusion64_fusionL1_drop0p2_trmiss50_trlocradio,24,0.38899972786506015,0.62892218430837,0.6607142857142857,0.78993446467976,0.6136363636363636,0.0,0.0,0.0,0.0,0.0,0.0,0.0,0.0,0.0,2002,radio,0.5
1,5,lr1e-04_bs16_modL1_fusion64_fusionL1_drop0p2_trmiss50_trlocradio,16,0.0001,1,64,1,0.2,lr1e-04_bs16_modL1_fusion64_fusionL1_drop0p2_trmiss50_trlocradio,25,0.3910270631313324,0.6194113890329996,0.6674107142857142,0.8048934104155523,0.6136363636363636,0.0,0.0,0.0,0.0,0.0,0.0,0.0,0.0,0.0,2002,radio,0.5
1,5,lr1e-04_bs16_modL1_fusion64_fusionL1_drop0p2_trmiss50_trlocradio,16,0.0001,1,64,1,0.2,lr1e-04_bs16_modL1_fusion64_fusionL1_drop0p2_trmiss50_trlocradio,26,0.3866935595870018,0.614302416642507,0.6785714285714286,0.8150156027692,0.6363636363636364,0.0,0.0,0.0,0.0,0.0,0.0,0.0,0.0,0.0,2002,radio,0.5
1,5,lr1e-04_bs16_modL1_fusion64_fusionL1_drop0p2_trmiss50_trlocradio,16,0.0001,1,64,1,0.2,lr1e-04_bs16_modL1_fusion64_fusionL1_drop0p2_trmiss50_trlocradio,27,0.39757168541351956,0.619112491607666,0.6584821428571428,0.8015226893596026,0.6590909090909091,0.0,0.0,0.0,0.0,0.0,0.0,0.0,0.0,0.0,2002,radio,0.5
1,5,lr1e-04_bs16_modL1_fusion64_fusionL1_drop0p2_trmiss50_trlocradio,16,0.0001,1,64,1,0.2,lr1e-04_bs16_modL1_fusion64_fusionL1_drop0p2_trmiss50_trlocradio,28,0.36963532865047455,0.6232399543126425,0.65625,0.8026184656364379,0.6136363636363636,0.0,0.0,0.0,0.0,0.0,0.0,0.0,0.0,0.0,2002,radio,0.5
1,5,lr1e-04_bs16_modL1_fusion64_fusionL1_drop0p2_trmiss50_trlocradio,16,0.0001,1,64,1,0.2,lr1e-04_bs16_modL1_fusion64_fusionL1_drop0p2_trmiss50_trlocradio,29,0.37538698067267734,0.6199456652005514,0.6584821428571428,0.8011426392981844,0.6590909090909091,0.0,0.0,0.0,0.0,0.0,0.0,0.0,0.0,0.0,2002,radio,0.5
1,5,lr1e-04_bs16_modL1_fusion64_fusionL1_drop0p2_trmiss50_trlocradio,16,0.0001,1,64,1,0.2,lr1e-04_bs16_modL1_fusion64_fusionL1_drop0p2_trmiss50_trlocradio,30,0.36201660335063934,0.6219482819239298,0.65625,0.7958485457347457,0.6363636363636364,0.0,0.0,0.0,0.0,0.0,0.0,0.0,0.0,0.0,2002,radio,0.5
1,5,lr1e-04_bs16_modL1_fusion64_fusionL1_drop0p2_trmiss50_trlocradio,16,0.0001,1,64,1,0.2,lr1e-04_bs16_modL1_fusion64_fusionL1_drop0p2_trmiss50_trlocradio,31,0.3332475448648135,0.6242841879526774,0.640625,0.7823809413024683,0.6363636363636364,0.0,0.0,0.0,0.0,0.0,0.0,0.0,0.0,0.0,2002,radio,0.5
1,5,lr1e-04_bs16_modL1_fusion64_fusionL1_drop0p2_trmiss50_trlocradio,16,0.0001,1,64,1,0.2,lr1e-04_bs16_modL1_fusion64_fusionL1_drop0p2_trmiss50_trlocradio,32,0.3314921061197917,0.6219051281611124,0.640625,0.7844198782867287,0.6818181818181818,0.0,0.0,0.0,0.0,0.0,0.0,0.0,0.0,0.0,2002,radio,0.5
1,5,lr1e-04_bs16_modL1_fusion64_fusionL1_drop0p2_trmiss50_trlocradio,16,0.0001,1,64,1,0.2,lr1e-04_bs16_modL1_fusion64_fusionL1_drop0p2_trmiss50_trlocradio,33,0.344401794175307,0.6129316886266073,0.6651785714285714,0.8057795901728575,0.6818181818181818,0.0,0.0,0.0,0.0,0.0,0.0,0.0,0.0,0.0,2002,radio,0.5
1,5,lr1e-04_bs16_modL1_fusion64_fusionL1_drop0p2_trmiss50_trlocradio,16,0.0001,1,64,1,0.2,lr1e-04_bs16_modL1_fusion64_fusionL1_drop0p2_trmiss50_trlocradio,34,0.3392634466290474,0.615973691145579,0.6517857142857143,0.7861400606633746,0.6590909090909091,0.0,0.0,0.0,0.0,0.0,0.0,0.0,0.0,0.0,2002,radio,0.5
1,5,lr1e-04_bs16_modL1_fusion64_fusionL1_drop0p2_trmiss50_trlocradio,16,0.0001,1,64,1,0.2,lr1e-04_bs16_modL1_fusion64_fusionL1_drop0p2_trmiss50_trlocradio,35,0.3194034919142723,0.6239758729934692,0.6428571428571429,0.782542239942627,0.6590909090909091,0.0,0.0,0.0,0.0,0.0,0.0,0.0,0.0,0.0,2002,radio,0.5
1,5,lr1e-04_bs16_modL1_fusion64_fusionL1_drop0p2_trmiss50_trlocradio,16,0.0001,1,64,1,0.2,lr1e-04_bs16_modL1_fusion64_fusionL1_drop0p2_trmiss50_trlocradio,36,0.306342492500941,0.6209067503611246,0.6495535714285714,0.7829721533050582,0.6590909090909091,0.0,0.0,0.0,0.0,0.0,0.0,0.0,0.0,0.0,2002,radio,0.5
1,5,lr1e-04_bs16_modL1_fusion64_fusionL1_drop0p2_trmiss50_trlocradio,16,0.0001,1,64,1,0.2,lr1e-04_bs16_modL1_fusion64_fusionL1_drop0p2_trmiss50_trlocradio,37,0.3224257330099742,0.6169449885686239,0.6607142857142857,0.7945208480694936,0.6818181818181818,0.0,0.0,0.0,0.0,0.0,0.0,0.0,0.0,0.0,2002,radio,0.5
1,5,lr1e-04_bs16_modL1_fusion64_fusionL1_drop0p2_trmiss50_trlocradio,16,0.0001,1,64,1,0.2,lr1e-04_bs16_modL1_fusion64_fusionL1_drop0p2_trmiss50_trlocradio,38,0.31808019677797955,0.6215604543685913,0.6428571428571428,0.7743799759861729,0.6590909090909091,0.0,0.0,0.0,0.0,0.0,0.0,0.0,0.0,0.0,2002,radio,0.5
1,5,lr1e-04_bs16_modL1_fusion64_fusionL1_drop0p2_trmiss50_trlocradio,16,0.0001,1,64,1,0.2,lr1e-04_bs16_modL1_fusion64_fusionL1_drop0p2_trmiss50_trlocradio,39,0.31085726246237755,0.6205490231513977,0.6517857142857143,0.781688264642968,0.6590909090909091,0.0,0.0,0.0,0.0,0.0,0.0,0.0,0.0,0.0,2002,radio,0.5
1,5,lr1e-04_bs16_modL1_fusion64_fusionL1_drop0p2_trmiss50_trlocradio,16,0.0001,1,64,1,0.2,lr1e-04_bs16_modL1_fusion64_fusionL1_drop0p2_trmiss50_trlocradio,40,0.3090302993853887,0.6185754537582397,0.6495535714285714,0.7773219186687829,0.6818181818181818,0.0,0.0,0.0,0.0,0.0,0.0,0.0,0.0,0.0,2002,radio,0.5
1,5,lr1e-04_bs16_modL1_fusion64_fusionL1_drop0p2_trmiss50_trlocradio,16,0.0001,1,64,1,0.2,lr1e-04_bs16_modL1_fusion64_fusionL1_drop0p2_trmiss50_trlocradio,41,0.32293882966041565,0.6161144375801086,0.6629464285714286,0.7860705376059298,0.6818181818181818,0.0,0.0,0.0,0.0,0.0,0.0,0.0,0.0,0.0,2002,radio,0.5
1,5,lr1e-04_bs16_modL1_fusion64_fusionL1_drop0p1_trmiss50_trlocradio,16,0.0001,1,64,1,0.1,lr1e-04_bs16_modL1_fusion64_fusionL1_drop0p1_trmiss50_trlocradio,1,0.7149859219789505,0.7174176971117655,0.29687500000000006,0.5507314062065027,0.36363636363636365,0.0,0.0,0.0,0.0,0.0,0.0,0.0,0.0,0.0,2002,radio,0.5
1,5,lr1e-04_bs16_modL1_fusion64_fusionL1_drop0p1_trmiss50_trlocradio,16,0.0001,1,64,1,0.1,lr1e-04_bs16_modL1_fusion64_fusionL1_drop0p1_trmiss50_trlocradio,2,0.679002121090889,0.7294275959332784,0.29464285714285715,0.5364560560909087,0.4090909090909091,0.0,0.0,0.0,0.0,0.0,0.0,0.0,0.0,0.0,2002,radio,0.5
1,5,lr1e-04_bs16_modL1_fusion64_fusionL1_drop0p1_trmiss50_trlocradio,16,0.0001,1,64,1,0.1,lr1e-04_bs16_modL1_fusion64_fusionL1_drop0p1_trmiss50_trlocradio,3,0.6738958954811096,0.7389376163482666,0.2857142857142857,0.5372584372280148,0.3409090909090909,0.0,0.0,0.0,0.0,0.0,0.0,0.0,0.0,0.0,2002,radio,0.5
1,5,lr1e-04_bs16_modL1_fusion64_fusionL1_drop0p1_trmiss50_trlocradio,16,0.0001,1,64,1,0.1,lr1e-04_bs16_modL1_fusion64_fusionL1_drop0p1_trmiss50_trlocradio,4,0.6367113093535105,0.7284189462661743,0.328125,0.5688767043104892,0.4090909090909091,0.0,0.0,0.0,0.0,0.0,0.0,0.0,0.0,0.0,2002,radio,0.5
1,5,lr1e-04_bs16_modL1_fusion64_fusionL1_drop0p1_trmiss50_trlocradio,16,0.0001,1,64,1,0.1,lr1e-04_bs16_modL1_fusion64_fusionL1_drop0p1_trmiss50_trlocradio,5,0.6127800891796747,0.7230646014213562,0.3392857142857143,0.562306046185886,0.45454545454545453,0.0,0.0,0.0,0.0,0.0,0.0,0.0,0.0,0.0,2002,radio,0.5
1,5,lr1e-04_bs16_modL1_fusion64_fusionL1_drop0p1_trmiss50_trlocradio,16,0.0001,1,64,1,0.1,lr1e-04_bs16_modL1_fusion64_fusionL1_drop0p1_trmiss50_trlocradio,6,0.5823702563842138,0.7219470938046774,0.34375,0.5595724241138036,0.45454545454545453,0.0,0.0,0.0,0.0,0.0,0.0,0.0,0.0,0.0,2002,radio,0.5
1,5,lr1e-04_bs16_modL1_fusion64_fusionL1_drop0p1_trmiss50_trlocradio,16,0.0001,1,64,1,0.1,lr1e-04_bs16_modL1_fusion64_fusionL1_drop0p1_trmiss50_trlocradio,7,0.5507970998684565,0.7197211583455404,0.359375,0.5534903471147035,0.5,0.0,0.0,0.0,0.0,0.0,0.0,0.0,0.0,0.0,2002,radio,0.5
1,5,lr1e-04_bs16_modL1_fusion64_fusionL1_drop0p1_trmiss50_trlocradio,16,0.0001,1,64,1,0.1,lr1e-04_bs16_modL1_fusion64_fusionL1_drop0p1_trmiss50_trlocradio,8,0.5521230275432268,0.7263530691464742,0.3549107142857143,0.5541342485411531,0.4318181818181818,0.0,0.0,0.0,0.0,0.0,0.0,0.0,0.0,0.0,2002,radio,0.5
1,5,lr1e-04_bs16_modL1_fusion64_fusionL1_drop0p1_trmiss50_trlocradio,16,0.0001,1,64,1,0.1,lr1e-04_bs16_modL1_fusion64_fusionL1_drop0p1_trmiss50_trlocradio,9,0.5541229546070099,0.7210805416107178,0.3504464285714286,0.5511956027246523,0.5227272727272727,0.0,0.0,0.0,0.0,0.0,0.0,0.0,0.0,0.0,2002,radio,0.5
1,5,lr1e-04_bs16_modL1_fusion64_fusionL1_drop0p1_trmiss50_trlocradio,16,0.0001,1,64,1,0.1,lr1e-04_bs16_modL1_fusion64_fusionL1_drop0p1_trmiss50_trlocradio,10,0.5622882495323817,0.7237928509712219,0.3325892857142857,0.5425236056335179,0.4772727272727273,0.0,0.0,0.0,0.0,0.0,0.0,0.0,0.0,0.0,2002,radio,0.5
1,5,lr1e-04_bs16_modL1_fusion64_fusionL1_drop0p1_trmiss50_trlocradio,16,0.0001,1,64,1,0.1,lr1e-04_bs16_modL1_fusion64_fusionL1_drop0p1_trmiss50_trlocradio,11,0.540297324458758,0.7108014225959778,0.38169642857142855,0.5836843292404319,0.5227272727272727,0.0,0.0,0.0,0.0,0.0,0.0,0.0,0.0,0.0,2002,radio,0.5
1,5,lr1e-04_bs16_modL1_fusion64_fusionL1_drop0p1_trmiss50_trlocradio,16,0.0001,1,64,1,0.1,lr1e-04_bs16_modL1_fusion64_fusionL1_drop0p1_trmiss50_trlocradio,12,0.5142331520716349,0.7048797210057577,0.3794642857142857,0.5860330239017094,0.5227272727272727,0.0,0.0,0.0,0.0,0.0,0.0,0.0,0.0,0.0,2002,radio,0.5
1,5,lr1e-04_bs16_modL1_fusion64_fusionL1_drop0p1_trmiss50_trlocradio,16,0.0001,1,64,1,0.1,lr1e-04_bs16_modL1_fusion64_fusionL1_drop0p1_trmiss50_trlocradio,13,0.5129591474930445,0.7090786298116049,0.390625,0.5956802420979537,0.5,0.0,0.0,0.0,0.0,0.0,0.0,0.0,0.0,0.0,2002,radio,0.5
1,5,lr1e-04_bs16_modL1_fusion64_fusionL1_drop0p1_trmiss50_trlocradio,16,0.0001,1,64,1,0.1,lr1e-04_bs16_modL1_fusion64_fusionL1_drop0p1_trmiss50_trlocradio,14,0.4979941075046857,0.7024880647659302,0.43526785714285715,0.6001720850979236,0.5,0.0,0.0,0.0,0.0,0.0,0.0,0.0,0.0,0.0,2002,radio,0.5
1,5,lr1e-04_bs16_modL1_fusion64_fusionL1_drop0p1_trmiss50_trlocradio,16,0.0001,1,64,1,0.1,lr1e-04_bs16_modL1_fusion64_fusionL1_drop0p1_trmiss50_trlocradio,15,0.48324189086755115,0.6969487468401591,0.4419642857142857,0.6012744131475553,0.5227272727272727,0.0,0.0,0.0,0.0,0.0,0.0,0.0,0.0,0.0,2002,radio,0.5
1,5,lr1e-04_bs16_modL1_fusion64_fusionL1_drop0p1_trmiss50_trlocradio,16,0.0001,1,64,1,0.1,lr1e-04_bs16_modL1_fusion64_fusionL1_drop0p1_trmiss50_trlocradio,16,0.5005930339296659,0.694588840007782,0.44419642857142855,0.6296710922997075,0.5681818181818182,0.0,0.0,0.0,0.0,0.0,0.0,0.0,0.0,0.0,2002,radio,0.5
1,5,lr1e-04_bs16_modL1_fusion64_fusionL1_drop0p1_trmiss50_trlocradio,16,0.0001,1,64,1,0.1,lr1e-04_bs16_modL1_fusion64_fusionL1_drop0p1_trmiss50_trlocradio,17,0.48153874029715854,0.7023566365242004,0.4263392857142857,0.5972896737494022,0.5227272727272727,0.0,0.0,0.0,0.0,0.0,0.0,0.0,0.0,0.0,2002,radio,0.5
1,5,lr1e-04_bs16_modL1_fusion64_fusionL1_drop0p1_trmiss50_trlocradio,16,0.0001,1,64,1,0.1,lr1e-04_bs16_modL1_fusion64_fusionL1_drop0p1_trmiss50_trlocradio,18,0.47759585827589035,0.703782876332601,0.4352678571428571,0.6048630420735446,0.5681818181818182,0.0,0.0,0.0,0.0,0.0,0.0,0.0,0.0,0.0,2002,radio,0.5
1,5,lr1e-04_bs16_modL1_fusion64_fusionL1_drop0p1_trmiss50_trlocradio,16,0.0001,1,64,1,0.1,lr1e-04_bs16_modL1_fusion64_fusionL1_drop0p1_trmiss50_trlocradio,19,0.46267125258843106,0.7040084004402161,0.42857142857142855,0.5972461893548467,0.5227272727272727,0.0,0.0,0.0,0.0,0.0,0.0,0.0,0.0,0.0,2002,radio,0.5
1,5,lr1e-04_bs16_modL1_fusion64_fusionL1_drop0p1_trmiss50_trlocradio,16,0.0001,1,64,1,0.1,lr1e-04_bs16_modL1_fusion64_fusionL1_drop0p1_trmiss50_trlocradio,20,0.4803653284907341,0.6995154221852621,0.46205357142857145,0.6160095519768928,0.5454545454545454,0.0,0.0,0.0,0.0,0.0,0.0,0.0,0.0,0.0,2002,radio,0.5
1,5,lr1e-04_bs16_modL1_fusion64_fusionL1_drop0p1_trmiss50_trlocradio,16,0.0001,1,64,1,0.1,lr1e-04_bs16_modL1_fusion64_fusionL1_drop0p1_trmiss50_trlocradio,21,0.4551387329896291,0.6933730642000834,0.4598214285714286,0.6503499692794494,0.5454545454545454,0.0,0.0,0.0,0.0,0.0,0.0,0.0,0.0,0.0,2002,radio,0.5
1,5,lr1e-04_bs16_modL1_fusion64_fusionL1_drop0p1_trmiss50_trlocradio,16,0.0001,1,64,1,0.1,lr1e-04_bs16_modL1_fusion64_fusionL1_drop0p1_trmiss50_trlocradio,22,0.45234613368908566,0.6931109031041464,0.48437500000000006,0.6593579968886742,0.5227272727272727,0.0,0.0,0.0,0.0,0.0,0.0,0.0,0.0,0.0,2002,radio,0.5
1,5,lr1e-04_bs16_modL1_fusion64_fusionL1_drop0p1_trmiss50_trlocradio,16,0.0001,1,64,1,0.1,lr1e-04_bs16_modL1_fusion64_fusionL1_drop0p1_trmiss50_trlocradio,23,0.4320873071750005,0.6898369987805685,0.4553571428571429,0.6537125037098309,0.5681818181818182,0.0,0.0,0.0,0.0,0.0,0.0,0.0,0.0,0.0,2002,radio,0.5
1,5,lr1e-04_bs16_modL1_fusion64_fusionL1_drop0p1_trmiss50_trlocradio,16,0.0001,1,64,1,0.1,lr1e-04_bs16_modL1_fusion64_fusionL1_drop0p1_trmiss50_trlocradio,24,0.43849287182092667,0.6848418315251669,0.4642857142857143,0.654473633595308,0.5454545454545454,0.0,0.0,0.0,0.0,0.0,0.0,0.0,0.0,0.0,2002,radio,0.5
1,5,lr1e-04_bs16_modL1_fusion64_fusionL1_drop0p1_trmiss50_trlocradio,16,0.0001,1,64,1,0.1,lr1e-04_bs16_modL1_fusion64_fusionL1_drop0p1_trmiss50_trlocradio,25,0.41005707283814746,0.6716725826263428,0.49107142857142855,0.6694206748265661,0.5909090909090909,0.0,0.0,0.0,0.0,0.0,0.0,0.0,0.0,0.0,2002,radio,0.5
1,5,lr1e-04_bs16_modL1_fusion64_fusionL1_drop0p1_trmiss50_trlocradio,16,0.0001,1,64,1,0.1,lr1e-04_bs16_modL1_fusion64_fusionL1_drop0p1_trmiss50_trlocradio,26,0.4188920855522156,0.6800068020820618,0.4910714285714285,0.6623537497623162,0.5909090909090909,0.0,0.0,0.0,0.0,0.0,0.0,0.0,0.0,0.0,2002,radio,0.5
1,5,lr1e-04_bs16_modL1_fusion64_fusionL1_drop0p1_trmiss50_trlocradio,16,0.0001,1,64,1,0.1,lr1e-04_bs16_modL1_fusion64_fusionL1_drop0p1_trmiss50_trlocradio,27,0.3897027795513471,0.6758283178011576,0.5,0.6646627984579673,0.5909090909090909,0.0,0.0,0.0,0.0,0.0,0.0,0.0,0.0,0.0,2002,radio,0.5
1,5,lr1e-04_bs16_modL1_fusion64_fusionL1_drop0p1_trmiss50_trlocradio,16,0.0001,1,64,1,0.1,lr1e-04_bs16_modL1_fusion64_fusionL1_drop0p1_trmiss50_trlocradio,28,0.40929628411928815,0.6668079296747843,0.5558035714285714,0.6718108916369518,0.6363636363636364,0.0,0.0,0.0,0.0,0.0,0.0,0.0,0.0,0.0,2002,radio,0.5
1,5,lr1e-04_bs16_modL1_fusion64_fusionL1_drop0p1_trmiss50_trlocradio,16,0.0001,1,64,1,0.1,lr1e-04_bs16_modL1_fusion64_fusionL1_drop0p1_trmiss50_trlocradio,29,0.3821559225519498,0.6622067093849182,0.5669642857142858,0.6731102092617036,0.6136363636363636,0.0,0.0,0.0,0.0,0.0,0.0,0.0,0.0,0.0,2002,radio,0.5
1,5,lr1e-04_bs16_modL1_fusion64_fusionL1_drop0p1_trmiss50_trlocradio,16,0.0001,1,64,1,0.1,lr1e-04_bs16_modL1_fusion64_fusionL1_drop0p1_trmiss50_trlocradio,30,0.39278075595696765,0.6649829546610514,0.5580357142857143,0.6688237456412585,0.5909090909090909,0.0,0.0,0.0,0.0,0.0,0.0,0.0,0.0,0.0,2002,radio,0.5
1,5,lr1e-04_bs16_modL1_fusion64_fusionL1_drop0p1_trmiss50_trlocradio,16,0.0001,1,64,1,0.1,lr1e-04_bs16_modL1_fusion64_fusionL1_drop0p1_trmiss50_trlocradio,31,0.36217349270979565,0.669998566309611,0.5580357142857143,0.6715165210139925,0.6136363636363636,0.0,0.0,0.0,0.0,0.0,0.0,0.0,0.0,0.0,2002,radio,0.5
1,5,lr1e-04_bs16_modL1_fusion64_fusionL1_drop0p1_trmiss50_trlocradio,16,0.0001,1,64,1,0.1,lr1e-04_bs16_modL1_fusion64_fusionL1_drop0p1_trmiss50_trlocradio,32,0.3698490187525749,0.6751367449760437,0.5290178571428572,0.6459786357362622,0.6363636363636364,0.0,0.0,0.0,0.0,0.0,0.0,0.0,0.0,0.0,2002,radio,0.5
1,5,lr1e-04_bs16_modL1_fusion64_fusionL1_drop0p1_trmiss50_trlocradio,16,0.0001,1,64,1,0.1,lr1e-04_bs16_modL1_fusion64_fusionL1_drop0p1_trmiss50_trlocradio,33,0.3886980265378952,0.6800366441408793,0.5267857142857142,0.6494776921682911,0.5909090909090909,0.0,0.0,0.0,0.0,0.0,0.0,0.0,0.0,0.0,2002,radio,0.5
1,5,lr1e-04_bs16_modL1_fusion64_fusionL1_drop0p1_trmiss50_trlocradio,16,0.0001,1,64,1,0.1,lr1e-04_bs16_modL1_fusion64_fusionL1_drop0p1_trmiss50_trlocradio,34,0.36676133672396344,0.6732978820800781,0.53125,0.6567881015750235,0.6590909090909091,0.0,0.0,0.0,0.0,0.0,0.0,0.0,0.0,0.0,2002,radio,0.5
1,5,lr1e-04_bs16_modL1_fusion64_fusionL1_drop0p1_trmiss50_trlocradio,16,0.0001,1,64,1,0.1,lr1e-04_bs16_modL1_fusion64_fusionL1_drop0p1_trmiss50_trlocradio,35,0.3409562110900879,0.6742257078488668,0.5334821428571429,0.673749642553157,0.6363636363636364,0.0,0.0,0.0,0.0,0.0,0.0,0.0,0.0,0.0,2002,radio,0.5
1,5,lr1e-04_bs16_modL1_fusion64_fusionL1_drop0p1_trmiss50_trlocradio,16,0.0001,1,64,1,0.1,lr1e-04_bs16_modL1_fusion64_fusionL1_drop0p1_trmiss50_trlocradio,36,0.33293356994787854,0.6711209416389465,0.5424107142857143,0.6761267260568369,0.6363636363636364,0.0,0.0,0.0,0.0,0.0,0.0,0.0,0.0,0.0,2002,radio,0.5
1,5,lr1e-04_bs16_modL1_fusion64_fusionL1_drop0p1_trmiss50_trlocradio,16,0.0001,1,64,1,0.1,lr1e-04_bs16_modL1_fusion64_fusionL1_drop0p1_trmiss50_trlocradio,37,0.35528184721867245,0.6721652746200562,0.5491071428571429,0.6840624080999235,0.5909090909090909,0.0,0.0,0.0,0.0,0.0,0.0,0.0,0.0,0.0,2002,radio,0.5
1,5,lr1e-04_bs16_modL1_fusion64_fusionL1_drop0p1_trmiss50_trlocradio,16,0.0001,1,64,1,0.1,lr1e-04_bs16_modL1_fusion64_fusionL1_drop0p1_trmiss50_trlocradio,38,0.34402918815612793,0.6783882975578308,0.546875,0.679931118476934,0.5909090909090909,0.0,0.0,0.0,0.0,0.0,0.0,0.0,0.0,0.0,2002,radio,0.5
1,5,lr1e-04_bs16_modL1_fusion64_fusionL1_drop0p1_trmiss50_trlocradio,16,0.0001,1,64,1,0.1,lr1e-04_bs16_modL1_fusion64_fusionL1_drop0p1_trmiss50_trlocradio,39,0.3330958311756452,0.6726587812105814,0.5290178571428572,0.6707141715644096,0.6363636363636364,0.0,0.0,0.0,0.0,0.0,0.0,0.0,0.0,0.0,2002,radio,0.5
1,5,lr1e-04_bs16_modL1_fusion64_fusionL1_drop0p1_trmiss50_trlocradio,16,0.0001,1,64,1,0.1,lr1e-04_bs16_modL1_fusion64_fusionL1_drop0p1_trmiss50_trlocradio,40,0.3461616138617198,0.6796558300654093,0.5223214285714286,0.6684001104656458,0.5681818181818182,0.0,0.0,0.0,0.0,0.0,0.0,0.0,0.0,0.0,2002,radio,0.5
1,5,lr1e-04_bs16_modL1_fusion64_fusionL1_drop0p1_trmiss50_trlocradio,16,0.0001,1,64,1,0.1,lr1e-04_bs16_modL1_fusion64_fusionL1_drop0p1_trmiss50_trlocradio,41,0.3461551566918691,0.6762859225273132,0.53125,0.6578953085185377,0.5909090909090909,0.0,0.0,0.0,0.0,0.0,0.0,0.0,0.0,0.0,2002,radio,0.5
1,5,lr1e-04_bs16_modL1_fusion64_fusionL1_drop0p1_trmiss50_trlocradio,16,0.0001,1,64,1,0.1,lr1e-04_bs16_modL1_fusion64_fusionL1_drop0p1_trmiss50_trlocradio,42,0.3289150074124336,0.6736459136009216,0.5401785714285714,0.6746071071299382,0.6136363636363636,0.0,0.0,0.0,0.0,0.0,0.0,0.0,0.0,0.0,2002,radio,0.5
1,5,lr1e-04_bs16_modL1_fusion64_fusionL1_drop0p1_trmiss50_trlocradio,16,0.0001,1,64,1,0.1,lr1e-04_bs16_modL1_fusion64_fusionL1_drop0p1_trmiss50_trlocradio,43,0.3194092909495036,0.679450531800588,0.5245535714285714,0.6700244400005906,0.5909090909090909,0.0,0.0,0.0,0.0,0.0,0.0,0.0,0.0,0.0,2002,radio,0.5
1,5,lr1e-04_bs16_modL1_fusion64_fusionL1_drop0p1_trmiss50_trlocradio,16,0.0001,1,64,1,0.1,lr1e-04_bs16_modL1_fusion64_fusionL1_drop0p1_trmiss50_trlocradio,44,0.31894059479236603,0.6760390599568685,0.5290178571428571,0.666815873965481,0.5909090909090909,0.0,0.0,0.0,0.0,0.0,0.0,0.0,0.0,0.0,2002,radio,0.5
1,5,lr1e-04_bs16_modL1_fusion64_fusionL1_drop0p1_trmiss50_trlocradio,16,0.0001,1,64,1,0.1,lr1e-04_bs16_modL1_fusion64_fusionL1_drop0p1_trmiss50_trlocradio,45,0.31620563566684723,0.6743792692820231,0.546875,0.6747376080401417,0.5909090909090909,0.0,0.0,0.0,0.0,0.0,0.0,0.0,0.0,0.0,2002,radio,0.5
1,5,lr1e-04_bs16_modL1_fusion64_fusionL1_drop0p1_trmiss50_trlocradio,16,0.0001,1,64,1,0.1,lr1e-04_bs16_modL1_fusion64_fusionL1_drop0p1_trmiss50_trlocradio,46,0.3181219547986984,0.6783081491788229,0.5491071428571429,0.6946180882116416,0.5909090909090909,0.0,0.0,0.0,0.0,0.0,0.0,0.0,0.0,0.0,2002,radio,0.5
1,5,lr1e-04_bs16_modL1_fusion64_fusionL1_drop0p1_trmiss50_trlocradio,16,0.0001,1,64,1,0.1,lr1e-04_bs16_modL1_fusion64_fusionL1_drop0p1_trmiss50_trlocradio,47,0.3423698420325915,0.6724095344543457,0.5446428571428571,0.683365085857954,0.5909090909090909,0.0,0.0,0.0,0.0,0.0,0.0,0.0,0.0,0.0,2002,radio,0.5
1,5,lr1e-04_bs16_modL1_fusion64_fusionL1_drop0p1_trmiss50_trlocradio,16,0.0001,1,64,1,0.1,lr1e-04_bs16_modL1_fusion64_fusionL1_drop0p1_trmiss50_trlocradio,48,0.3263944238424301,0.6800925135612488,0.53125,0.6775749072297284,0.5909090909090909,0.0,0.0,0.0,0.0,0.0,0.0,0.0,0.0,0.0,2002,radio,0.5
1,5,lr1e-04_bs16_modL1_fusion64_fusionL1_drop0p1_trmiss50_trlocradio,16,0.0001,1,64,1,0.1,lr1e-04_bs16_modL1_fusion64_fusionL1_drop0p1_trmiss50_trlocradio,49,0.3272053400675456,0.6778266628583273,0.5245535714285714,0.6519863736079939,0.5681818181818182,0.0,0.0,0.0,0.0,0.0,0.0,0.0,0.0,0.0,2002,radio,0.5
1,5,lr5e-05_bs32_modL1_fusion32_fusionL1_drop0p2_trmiss50_trlocradio,32,5e-05,1,32,1,0.2,lr5e-05_bs32_modL1_fusion32_fusionL1_drop0p2_trmiss50_trlocradio,1,0.7600021362304688,0.7022639811038971,0.5290178571428571,0.6788023309955753,0.5681818181818182,0.0,0.0,0.0,0.0,0.0,0.0,0.0,0.0,0.0,2002,radio,0.5
1,5,lr5e-05_bs32_modL1_fusion32_fusionL1_drop0p2_trmiss50_trlocradio,32,5e-05,1,32,1,0.2,lr5e-05_bs32_modL1_fusion32_fusionL1_drop0p2_trmiss50_trlocradio,2,0.7093618214130402,0.7062540054321289,0.5245535714285714,0.6925148885650042,0.45454545454545453,0.0,0.0,0.0,0.0,0.0,0.0,0.0,0.0,0.0,2002,radio,0.5
1,5,lr5e-05_bs32_modL1_fusion32_fusionL1_drop0p2_trmiss50_trlocradio,32,5e-05,1,32,1,0.2,lr5e-05_bs32_modL1_fusion32_fusionL1_drop0p2_trmiss50_trlocradio,3,0.6970740258693695,0.7115074992179871,0.5200892857142857,0.6938842476599272,0.4772727272727273,0.0,0.0,0.0,0.0,0.0,0.0,0.0,0.0,0.0,2002,radio,0.5
1,5,lr5e-05_bs32_modL1_fusion32_fusionL1_drop0p2_trmiss50_trlocradio,32,5e-05,1,32,1,0.2,lr5e-05_bs32_modL1_fusion32_fusionL1_drop0p2_trmiss50_trlocradio,4,0.6988251308600107,0.7171758711338043,0.5089285714285714,0.6925077104017651,0.45454545454545453,0.0,0.0,0.0,0.0,0.0,0.0,0.0,0.0,0.0,2002,radio,0.5
1,5,lr5e-05_bs32_modL1_fusion32_fusionL1_drop0p2_trmiss50_trlocradio,32,5e-05,1,32,1,0.2,lr5e-05_bs32_modL1_fusion32_fusionL1_drop0p2_trmiss50_trlocradio,5,0.6625469326972961,0.7231175601482391,0.5,0.6836377431339428,0.4772727272727273,0.0,0.0,0.0,0.0,0.0,0.0,0.0,0.0,0.0,2002,radio,0.5
1,5,lr5e-05_bs32_modL1_fusion32_fusionL1_drop0p2_trmiss50_trlocradio,32,5e-05,1,32,1,0.2,lr5e-05_bs32_modL1_fusion32_fusionL1_drop0p2_trmiss50_trlocradio,6,0.6393504937489828,0.7208068370819092,0.5022321428571428,0.6759762017767492,0.4772727272727273,0.0,0.0,0.0,0.0,0.0,0.0,0.0,0.0,0.0,2002,radio,0.5
1,5,lr5e-05_bs32_modL1_fusion32_fusionL1_drop0p2_trmiss50_trlocradio,32,5e-05,1,32,1,0.2,lr5e-05_bs32_modL1_fusion32_fusionL1_drop0p2_trmiss50_trlocradio,7,0.6491258343060812,0.7209056913852692,0.49776785714285715,0.6692549329002921,0.5,0.0,0.0,0.0,0.0,0.0,0.0,0.0,0.0,0.0,2002,radio,0.5
1,5,lr5e-05_bs32_modL1_fusion32_fusionL1_drop0p2_trmiss50_trlocradio,32,5e-05,1,32,1,0.2,lr5e-05_bs32_modL1_fusion32_fusionL1_drop0p2_trmiss50_trlocradio,8,0.6244426965713501,0.7161485552787781,0.5066964285714286,0.678110009797222,0.5,0.0,0.0,0.0,0.0,0.0,0.0,0.0,0.0,0.0,2002,radio,0.5
1,5,lr5e-05_bs32_modL1_fusion32_fusionL1_drop0p2_trmiss50_trlocradio,32,5e-05,1,32,1,0.2,lr5e-05_bs32_modL1_fusion32_fusionL1_drop0p2_trmiss50_trlocradio,9,0.6232089201609293,0.715406745672226,0.5089285714285714,0.6838257610099878,0.5,0.0,0.0,0.0,0.0,0.0,0.0,0.0,0.0,0.0,2002,radio,0.5
1,5,lr5e-05_bs32_modL1_fusion32_fusionL1_drop0p2_trmiss50_trlocradio,32,5e-05,1,32,1,0.2,lr5e-05_bs32_modL1_fusion32_fusionL1_drop0p2_trmiss50_trlocradio,10,0.6217626631259918,0.7160078287124634,0.515625,0.6897547291100085,0.5,0.0,0.0,0.0,0.0,0.0,0.0,0.0,0.0,0.0,2002,radio,0.5
1,5,lr5e-05_bs32_modL1_fusion32_fusionL1_drop0p2_trmiss50_trlocradio,32,5e-05,1,32,1,0.2,lr5e-05_bs32_modL1_fusion32_fusionL1_drop0p2_trmiss50_trlocradio,11,0.6072704295317332,0.717952698469162,0.5178571428571429,0.6967051408536533,0.5,0.0,0.0,0.0,0.0,0.0,0.0,0.0,0.0,0.0,2002,radio,0.5
1,5,lr5e-05_bs32_modL1_fusion32_fusionL1_drop0p2_trmiss50_trlocradio,32,5e-05,1,32,1,0.2,lr5e-05_bs32_modL1_fusion32_fusionL1_drop0p2_trmiss50_trlocradio,12,0.6218332548936208,0.7167764902114868,0.5111607142857143,0.6818405522730208,0.5,0.0,0.0,0.0,0.0,0.0,0.0,0.0,0.0,0.0,2002,radio,0.5
1,5,lr5e-05_bs32_modL1_fusion32_fusionL1_drop0p2_trmiss50_trlocradio,32,5e-05,1,32,1,0.2,lr5e-05_bs32_modL1_fusion32_fusionL1_drop0p2_trmiss50_trlocradio,13,0.6126269300778707,0.7160254716873169,0.5178571428571428,0.6881805233154187,0.5,0.0,0.0,0.0,0.0,0.0,0.0,0.0,0.0,0.0,2002,radio,0.5
1,5,lr5e-05_bs32_modL1_fusion32_fusionL1_drop0p2_trmiss50_trlocradio,32,5e-05,1,32,1,0.2,lr5e-05_bs32_modL1_fusion32_fusionL1_drop0p2_trmiss50_trlocradio,14,0.598228762547175,0.7153458893299103,0.5178571428571428,0.6854185283659239,0.5,0.0,0.0,0.0,0.0,0.0,0.0,0.0,0.0,0.0,2002,radio,0.5
1,5,lr5e-05_bs32_modL1_fusion32_fusionL1_drop0p2_trmiss50_trlocradio,32,5e-05,1,32,1,0.2,lr5e-05_bs32_modL1_fusion32_fusionL1_drop0p2_trmiss50_trlocradio,15,0.6179632643858591,0.7186724543571472,0.515625,0.6832914157124953,0.5,0.0,0.0,0.0,0.0,0.0,0.0,0.0,0.0,0.0,2002,radio,0.5
1,5,lr5e-05_bs32_modL1_fusion32_fusionL1_drop0p2_trmiss50_trlocradio,32,5e-05,1,32,1,0.2,lr5e-05_bs32_modL1_fusion32_fusionL1_drop0p2_trmiss50_trlocradio,16,0.6261770923932394,0.7197721004486084,0.515625,0.6881111423568188,0.5,0.0,0.0,0.0,0.0,0.0,0.0,0.0,0.0,0.0,2002,radio,0.5
1,5,lr5e-05_bs32_modL1_fusion32_fusionL1_drop0p2_trmiss50_trlocradio,32,5e-05,1,32,1,0.2,lr5e-05_bs32_modL1_fusion32_fusionL1_drop0p2_trmiss50_trlocradio,17,0.5869074463844299,0.7163645625114441,0.5200892857142858,0.6893597296659838,0.4772727272727273,0.0,0.0,0.0,0.0,0.0,0.0,0.0,0.0,0.0,2002,radio,0.5
1,5,lr5e-05_bs32_modL1_fusion32_fusionL1_drop0p2_trmiss50_trlocradio,32,5e-05,1,32,1,0.2,lr5e-05_bs32_modL1_fusion32_fusionL1_drop0p2_trmiss50_trlocradio,18,0.6046336889266968,0.7182127833366394,0.5200892857142858,0.700484524411468,0.5,0.0,0.0,0.0,0.0,0.0,0.0,0.0,0.0,0.0,2002,radio,0.5
1,5,lr5e-05_bs32_modL1_fusion32_fusionL1_drop0p2_trmiss50_trlocradio,32,5e-05,1,32,1,0.2,lr5e-05_bs32_modL1_fusion32_fusionL1_drop0p2_trmiss50_trlocradio,19,0.5967071652412415,0.715592086315155,0.5133928571428572,0.6967304659699097,0.5,0.0,0.0,0.0,0.0,0.0,0.0,0.0,0.0,0.0,2002,radio,0.5
1,5,lr5e-05_bs32_modL1_fusion32_fusionL1_drop0p2_trmiss50_trlocradio,32,5e-05,1,32,1,0.2,lr5e-05_bs32_modL1_fusion32_fusionL1_drop0p2_trmiss50_trlocradio,20,0.5996554096539816,0.7177265882492065,0.5111607142857143,0.6959387699811693,0.4772727272727273,0.0,0.0,0.0,0.0,0.0,0.0,0.0,0.0,0.0,2002,radio,0.5
1,5,lr5e-05_bs32_modL1_fusion32_fusionL1_drop0p2_trmiss50_trlocradio,32,5e-05,1,32,1,0.2,lr5e-05_bs32_modL1_fusion32_fusionL1_drop0p2_trmiss50_trlocradio,21,0.5902345577875773,0.7169171273708344,0.5111607142857143,0.695385917261134,0.45454545454545453,0.0,0.0,0.0,0.0,0.0,0.0,0.0,0.0,0.0,2002,radio,0.5
1,5,lr5e-05_bs32_modL1_fusion32_fusionL1_drop0p2_trmiss50_trlocradio,32,5e-05,1,32,1,0.2,lr5e-05_bs32_modL1_fusion32_fusionL1_drop0p2_trmiss50_trlocradio,22,0.5911539991696676,0.7189397811889648,0.5089285714285714,0.6954635051144571,0.45454545454545453,0.0,0.0,0.0,0.0,0.0,0.0,0.0,0.0,0.0,2002,radio,0.5
1,5,lr5e-05_bs32_modL1_fusion32_fusionL1_drop0p2_trmiss50_trlocradio,32,5e-05,1,32,1,0.2,lr5e-05_bs32_modL1_fusion32_fusionL1_drop0p2_trmiss50_trlocradio,23,0.6031228204568228,0.717111736536026,0.5133928571428572,0.6969622296042529,0.4772727272727273,0.0,0.0,0.0,0.0,0.0,0.0,0.0,0.0,0.0,2002,radio,0.5
1,5,lr5e-05_bs32_modL1_fusion32_fusionL1_drop0p2_trmiss50_trlocradio,32,5e-05,1,32,1,0.2,lr5e-05_bs32_modL1_fusion32_fusionL1_drop0p2_trmiss50_trlocradio,24,0.5800668795903524,0.7190297544002533,0.5089285714285715,0.6943463148172856,0.4772727272727273,0.0,0.0,0.0,0.0,0.0,0.0,0.0,0.0,0.0,2002,radio,0.5
1,5,lr5e-05_bs32_modL1_fusion32_fusionL1_drop0p2_trmiss50_trlocradio,32,5e-05,1,32,1,0.2,lr5e-05_bs32_modL1_fusion32_fusionL1_drop0p2_trmiss50_trlocradio,25,0.5883325735727946,0.7184006571769714,0.5066964285714286,0.6939754098763619,0.4772727272727273,0.0,0.0,0.0,0.0,0.0,0.0,0.0,0.0,0.0,2002,radio,0.5
1,5,lr5e-05_bs32_modL1_fusion32_fusionL1_drop0p2_trmiss50_trlocradio,32,5e-05,1,32,1,0.2,lr5e-05_bs32_modL1_fusion32_fusionL1_drop0p2_trmiss50_trlocradio,26,0.5957141021887461,0.7166723906993866,0.5089285714285714,0.6920019121439355,0.4772727272727273,0.0,0.0,0.0,0.0,0.0,0.0,0.0,0.0,0.0,2002,radio,0.5
1,5,lr5e-05_bs32_modL1_fusion32_fusionL1_drop0p2_trmiss50_trlocradio,32,5e-05,1,32,1,0.2,lr5e-05_bs32_modL1_fusion32_fusionL1_drop0p2_trmiss50_trlocradio,27,0.5720226267973582,0.7165536880493164,0.5111607142857144,0.6958693492703012,0.5,0.0,0.0,0.0,0.0,0.0,0.0,0.0,0.0,0.0,2002,radio,0.5
1,5,lr5e-05_bs32_modL1_fusion32_fusionL1_drop0p2_trmiss50_trlocradio,32,5e-05,1,32,1,0.2,lr5e-05_bs32_modL1_fusion32_fusionL1_drop0p2_trmiss50_trlocradio,28,0.5795172651608785,0.7160986661911011,0.515625,0.6987831021840542,0.4772727272727273,0.0,0.0,0.0,0.0,0.0,0.0,0.0,0.0,0.0,2002,radio,0.5
1,5,lr5e-05_bs32_modL1_fusion32_fusionL1_drop0p2_trmiss50_trlocradio,32,5e-05,1,32,1,0.2,lr5e-05_bs32_modL1_fusion32_fusionL1_drop0p2_trmiss50_trlocradio,29,0.5761015812555949,0.7154764533042908,0.5089285714285714,0.6954675893760601,0.45454545454545453,0.0,0.0,0.0,0.0,0.0,0.0,0.0,0.0,0.0,2002,radio,0.5
1,5,lr5e-05_bs32_modL1_fusion32_fusionL1_drop0p2_trmiss50_trlocradio,32,5e-05,1,32,1,0.2,lr5e-05_bs32_modL1_fusion32_fusionL1_drop0p2_trmiss50_trlocradio,30,0.5733677744865417,0.7170072197914124,0.5133928571428572,0.6984237875293027,0.5,0.0,0.0,0.0,0.0,0.0,0.0,0.0,0.0,0.0,2002,radio,0.5
1,5,lr5e-05_bs32_modL1_fusion32_fusionL1_drop0p2_trmiss50_trlocradio,32,5e-05,1,32,1,0.2,lr5e-05_bs32_modL1_fusion32_fusionL1_drop0p2_trmiss50_trlocradio,31,0.608298659324646,0.718967080116272,0.5066964285714286,0.6835628274712983,0.4772727272727273,0.0,0.0,0.0,0.0,0.0,0.0,0.0,0.0,0.0,2002,radio,0.5
1,5,lr5e-05_bs32_modL1_fusion32_fusionL1_drop0p2_trmiss50_trlocradio,32,5e-05,1,32,1,0.2,lr5e-05_bs32_modL1_fusion32_fusionL1_drop0p2_trmiss50_trlocradio,32,0.5810123185316721,0.7187454998493195,0.5044642857142858,0.6817313256397964,0.4772727272727273,0.0,0.0,0.0,0.0,0.0,0.0,0.0,0.0,0.0,2002,radio,0.5
1,5,lr5e-05_bs32_modL1_fusion32_fusionL1_drop0p2_trmiss50_trlocradio,32,5e-05,1,32,1,0.2,lr5e-05_bs32_modL1_fusion32_fusionL1_drop0p2_trmiss50_trlocradio,33,0.5869013965129852,0.7198129594326019,0.5066964285714286,0.6828591451886686,0.4772727272727273,0.0,0.0,0.0,0.0,0.0,0.0,0.0,0.0,0.0,2002,radio,0.5
1,5,lr5e-05_bs32_modL1_fusion32_fusionL1_drop0p2_trmiss50_trlocradio,32,5e-05,1,32,1,0.2,lr5e-05_bs32_modL1_fusion32_fusionL1_drop0p2_trmiss50_trlocradio,34,0.5924478073914846,0.7194500863552094,0.5044642857142858,0.6817313256397964,0.5,0.0,0.0,0.0,0.0,0.0,0.0,0.0,0.0,0.0,2002,radio,0.5
1,5,lr5e-05_bs32_modL1_fusion32_fusionL1_drop0p2_trmiss50_trlocradio,32,5e-05,1,32,1,0.2,lr5e-05_bs32_modL1_fusion32_fusionL1_drop0p2_trmiss50_trlocradio,35,0.5797988474369049,0.7199800312519073,0.5022321428571429,0.6783987806739563,0.45454545454545453,0.0,0.0,0.0,0.0,0.0,0.0,0.0,0.0,0.0,2002,radio,0.5
1,5,lr5e-05_bs32_modL1_fusion32_fusionL1_drop0p2_trmiss50_trlocradio,32,5e-05,1,32,1,0.2,lr5e-05_bs32_modL1_fusion32_fusionL1_drop0p2_trmiss50_trlocradio,36,0.5582778553167979,0.7206124067306519,0.5066964285714286,0.6835587432096952,0.45454545454545453,0.0,0.0,0.0,0.0,0.0,0.0,0.0,0.0,0.0,2002,radio,0.5
1,5,lr5e-05_bs32_modL1_fusion32_fusionL1_drop0p2_trmiss50_trlocradio,32,5e-05,1,32,1,0.2,lr5e-05_bs32_modL1_fusion32_fusionL1_drop0p2_trmiss50_trlocradio,37,0.571795811255773,0.721533864736557,0.5111607142857143,0.6962520023315257,0.45454545454545453,0.0,0.0,0.0,0.0,0.0,0.0,0.0,0.0,0.0,2002,radio,0.5
1,5,lr5e-05_bs32_modL1_fusion32_fusionL1_drop0p1_trmiss50_trlocradio,32,5e-05,1,32,1,0.1,lr5e-05_bs32_modL1_fusion32_fusionL1_drop0p1_trmiss50_trlocradio,1,0.706699421008428,0.678165853023529,0.5669642857142857,0.747399732425163,0.6136363636363636,0.0,0.0,0.0,0.0,0.0,0.0,0.0,0.0,0.0,2002,radio,0.5
1,5,lr5e-05_bs32_modL1_fusion32_fusionL1_drop0p1_trmiss50_trlocradio,32,5e-05,1,32,1,0.1,lr5e-05_bs32_modL1_fusion32_fusionL1_drop0p1_trmiss50_trlocradio,2,0.6783888538678488,0.6800124049186707,0.5647321428571428,0.7573536445013049,0.6363636363636364,0.0,0.0,0.0,0.0,0.0,0.0,0.0,0.0,0.0,2002,radio,0.5
1,5,lr5e-05_bs32_modL1_fusion32_fusionL1_drop0p1_trmiss50_trlocradio,32,5e-05,1,32,1,0.1,lr5e-05_bs32_modL1_fusion32_fusionL1_drop0p1_trmiss50_trlocradio,3,0.6695354382197062,0.6802630126476288,0.5647321428571428,0.7462994582659925,0.6363636363636364,0.0,0.0,0.0,0.0,0.0,0.0,0.0,0.0,0.0,2002,radio,0.5
1,5,lr5e-05_bs32_modL1_fusion32_fusionL1_drop0p1_trmiss50_trlocradio,32,5e-05,1,32,1,0.1,lr5e-05_bs32_modL1_fusion32_fusionL1_drop0p1_trmiss50_trlocradio,4,0.6385470430056254,0.6789526343345642,0.5691964285714286,0.7451540728368746,0.6363636363636364,0.0,0.0,0.0,0.0,0.0,0.0,0.0,0.0,0.0,2002,radio,0.5
1,5,lr5e-05_bs32_modL1_fusion32_fusionL1_drop0p1_trmiss50_trlocradio,32,5e-05,1,32,1,0.1,lr5e-05_bs32_modL1_fusion32_fusionL1_drop0p1_trmiss50_trlocradio,5,0.6438715159893036,0.6774947643280029,0.5758928571428571,0.7292155768803665,0.6136363636363636,0.0,0.0,0.0,0.0,0.0,0.0,0.0,0.0,0.0,2002,radio,0.5
1,5,lr5e-05_bs32_modL1_fusion32_fusionL1_drop0p1_trmiss50_trlocradio,32,5e-05,1,32,1,0.1,lr5e-05_bs32_modL1_fusion32_fusionL1_drop0p1_trmiss50_trlocradio,6,0.6284850239753723,0.6772024929523468,0.5803571428571429,0.7209393505524629,0.6363636363636364,0.0,0.0,0.0,0.0,0.0,0.0,0.0,0.0,0.0,2002,radio,0.5
1,5,lr5e-05_bs32_modL1_fusion32_fusionL1_drop0p1_trmiss50_trlocradio,32,5e-05,1,32,1,0.1,lr5e-05_bs32_modL1_fusion32_fusionL1_drop0p1_trmiss50_trlocradio,7,0.6134061614672343,0.6760135591030121,0.5758928571428571,0.7198438486404548,0.6136363636363636,0.0,0.0,0.0,0.0,0.0,0.0,0.0,0.0,0.0,2002,radio,0.5
1,5,lr5e-05_bs32_modL1_fusion32_fusionL1_drop0p1_trmiss50_trlocradio,32,5e-05,1,32,1,0.1,lr5e-05_bs32_modL1_fusion32_fusionL1_drop0p1_trmiss50_trlocradio,8,0.5976346433162689,0.6779866814613342,0.5758928571428572,0.7192369360272327,0.5909090909090909,0.0,0.0,0.0,0.0,0.0,0.0,0.0,0.0,0.0,2002,radio,0.5
1,5,lr5e-05_bs32_modL1_fusion32_fusionL1_drop0p1_trmiss50_trlocradio,32,5e-05,1,32,1,0.1,lr5e-05_bs32_modL1_fusion32_fusionL1_drop0p1_trmiss50_trlocradio,9,0.5819688240687052,0.6785325407981873,0.5602678571428572,0.7063832168599354,0.5909090909090909,0.0,0.0,0.0,0.0,0.0,0.0,0.0,0.0,0.0,2002,radio,0.5
1,5,lr5e-05_bs32_modL1_fusion32_fusionL1_drop0p1_trmiss50_trlocradio,32,5e-05,1,32,1,0.1,lr5e-05_bs32_modL1_fusion32_fusionL1_drop0p1_trmiss50_trlocradio,10,0.5945842266082764,0.676472395658493,0.5580357142857143,0.7092602269264175,0.5681818181818182,0.0,0.0,0.0,0.0,0.0,0.0,0.0,0.0,0.0,2002,radio,0.5
1,5,lr5e-05_bs32_modL1_fusion32_fusionL1_drop0p1_trmiss50_trlocradio,32,5e-05,1,32,1,0.1,lr5e-05_bs32_modL1_fusion32_fusionL1_drop0p1_trmiss50_trlocradio,11,0.5776631037394205,0.6748632788658142,0.5691964285714286,0.7133908465855964,0.5681818181818182,0.0,0.0,0.0,0.0,0.0,0.0,0.0,0.0,0.0,2002,radio,0.5
1,5,lr5e-05_bs32_modL1_fusion32_fusionL1_drop0p1_trmiss50_trlocradio,32,5e-05,1,32,1,0.1,lr5e-05_bs32_modL1_fusion32_fusionL1_drop0p1_trmiss50_trlocradio,12,0.5735377669334412,0.6712691783905029,0.5959821428571429,0.7358147384319176,0.6136363636363636,0.0,0.0,0.0,0.0,0.0,0.0,0.0,0.0,0.0,2002,radio,0.5
1,5,lr5e-05_bs32_modL1_fusion32_fusionL1_drop0p1_trmiss50_trlocradio,32,5e-05,1,32,1,0.1,lr5e-05_bs32_modL1_fusion32_fusionL1_drop0p1_trmiss50_trlocradio,13,0.55284051100413,0.6735877692699432,0.5669642857142857,0.7282775332416763,0.5909090909090909,0.0,0.0,0.0,0.0,0.0,0.0,0.0,0.0,0.0,2002,radio,0.5
1,5,lr5e-05_bs32_modL1_fusion32_fusionL1_drop0p1_trmiss50_trlocradio,32,5e-05,1,32,1,0.1,lr5e-05_bs32_modL1_fusion32_fusionL1_drop0p1_trmiss50_trlocradio,14,0.5420868893464407,0.6731273531913757,0.5758928571428571,0.7479882088579216,0.5681818181818182,0.0,0.0,0.0,0.0,0.0,0.0,0.0,0.0,0.0,2002,radio,0.5
1,5,lr5e-05_bs32_modL1_fusion32_fusionL1_drop0p1_trmiss50_trlocradio,32,5e-05,1,32,1,0.1,lr5e-05_bs32_modL1_fusion32_fusionL1_drop0p1_trmiss50_trlocradio,15,0.5484260519345602,0.6718698740005493,0.578125,0.7421549956786334,0.5454545454545454,0.0,0.0,0.0,0.0,0.0,0.0,0.0,0.0,0.0,2002,radio,0.5
1,5,lr5e-05_bs32_modL1_fusion32_fusionL1_drop0p1_trmiss50_trlocradio,32,5e-05,1,32,1,0.1,lr5e-05_bs32_modL1_fusion32_fusionL1_drop0p1_trmiss50_trlocradio,16,0.5370384355386099,0.6708862483501434,0.5803571428571429,0.7447221996073538,0.5454545454545454,0.0,0.0,0.0,0.0,0.0,0.0,0.0,0.0,0.0,2002,radio,0.5
1,5,lr5e-05_bs32_modL1_fusion32_fusionL1_drop0p1_trmiss50_trlocradio,32,5e-05,1,32,1,0.1,lr5e-05_bs32_modL1_fusion32_fusionL1_drop0p1_trmiss50_trlocradio,17,0.5354572832584381,0.6718473434448242,0.5669642857142857,0.7369677022549846,0.5681818181818182,0.0,0.0,0.0,0.0,0.0,0.0,0.0,0.0,0.0,2002,radio,0.5
1,5,lr5e-05_bs32_modL1_fusion32_fusionL1_drop0p1_trmiss50_trlocradio,32,5e-05,1,32,1,0.1,lr5e-05_bs32_modL1_fusion32_fusionL1_drop0p1_trmiss50_trlocradio,18,0.5160981764396032,0.6726424098014832,0.5647321428571429,0.7343485603410331,0.5454545454545454,0.0,0.0,0.0,0.0,0.0,0.0,0.0,0.0,0.0,2002,radio,0.5
1,5,lr5e-05_bs32_modL1_fusion32_fusionL1_drop0p1_trmiss50_trlocradio,32,5e-05,1,32,1,0.1,lr5e-05_bs32_modL1_fusion32_fusionL1_drop0p1_trmiss50_trlocradio,19,0.5159742931524912,0.6717976629734039,0.5580357142857143,0.7374284771289331,0.5681818181818182,0.0,0.0,0.0,0.0,0.0,0.0,0.0,0.0,0.0,2002,radio,0.5
1,5,lr5e-05_bs32_modL1_fusion32_fusionL1_drop0p1_trmiss50_trlocradio,32,5e-05,1,32,1,0.1,lr5e-05_bs32_modL1_fusion32_fusionL1_drop0p1_trmiss50_trlocradio,20,0.5129993657271067,0.6731777787208557,0.5491071428571428,0.7279021766533006,0.5454545454545454,0.0,0.0,0.0,0.0,0.0,0.0,0.0,0.0,0.0,2002,radio,0.5
1,5,lr5e-05_bs32_modL1_fusion32_fusionL1_drop0p1_trmiss50_trlocradio,32,5e-05,1,32,1,0.1,lr5e-05_bs32_modL1_fusion32_fusionL1_drop0p1_trmiss50_trlocradio,21,0.5004767527182897,0.674577921628952,0.5446428571428571,0.7217423083998362,0.5454545454545454,0.0,0.0,0.0,0.0,0.0,0.0,0.0,0.0,0.0,2002,radio,0.5
1,5,lr5e-05_bs32_modL1_fusion32_fusionL1_drop0p1_trmiss50_trlocradio,32,5e-05,1,32,1,0.1,lr5e-05_bs32_modL1_fusion32_fusionL1_drop0p1_trmiss50_trlocradio,22,0.49790388842423755,0.6733691096305847,0.546875,0.7214256028928921,0.5454545454545454,0.0,0.0,0.0,0.0,0.0,0.0,0.0,0.0,0.0,2002,radio,0.5
1,5,lr5e-05_bs32_modL1_fusion32_fusionL1_drop0p1_trmiss50_trlocradio,32,5e-05,1,32,1,0.1,lr5e-05_bs32_modL1_fusion32_fusionL1_drop0p1_trmiss50_trlocradio,23,0.492992435892423,0.673172652721405,0.546875,0.7208412172435739,0.5227272727272727,0.0,0.0,0.0,0.0,0.0,0.0,0.0,0.0,0.0,2002,radio,0.5
1,5,lr5e-05_bs32_modL1_fusion32_fusionL1_drop0p1_trmiss50_trlocradio,32,5e-05,1,32,1,0.1,lr5e-05_bs32_modL1_fusion32_fusionL1_drop0p1_trmiss50_trlocradio,24,0.4986289044221242,0.6722168326377869,0.5558035714285714,0.7310629143392099,0.5454545454545454,0.0,0.0,0.0,0.0,0.0,0.0,0.0,0.0,0.0,2002,radio,0.5
1,5,lr5e-05_bs32_modL1_fusion32_fusionL1_drop0p1_trmiss50_trlocradio,32,5e-05,1,32,1,0.1,lr5e-05_bs32_modL1_fusion32_fusionL1_drop0p1_trmiss50_trlocradio,25,0.4914243668317795,0.6731880009174347,0.5535714285714286,0.7264907289904834,0.5454545454545454,0.0,0.0,0.0,0.0,0.0,0.0,0.0,0.0,0.0,2002,radio,0.5
1,5,lr5e-05_bs32_modL1_fusion32_fusionL1_drop0p1_trmiss50_trlocradio,32,5e-05,1,32,1,0.1,lr5e-05_bs32_modL1_fusion32_fusionL1_drop0p1_trmiss50_trlocradio,26,0.48459724088509876,0.6701837778091431,0.5602678571428571,0.7326796095390007,0.5681818181818182,0.0,0.0,0.0,0.0,0.0,0.0,0.0,0.0,0.0,2002,radio,0.5
1,5,lr5e-05_bs32_modL1_fusion32_fusionL1_drop0p1_trmiss50_trlocradio,32,5e-05,1,32,1,0.1,lr5e-05_bs32_modL1_fusion32_fusionL1_drop0p1_trmiss50_trlocradio,27,0.47602619727452594,0.6709895133972168,0.5580357142857143,0.7287983203038285,0.5681818181818182,0.0,0.0,0.0,0.0,0.0,0.0,0.0,0.0,0.0,2002,radio,0.5
1,5,lr5e-05_bs32_modL1_fusion32_fusionL1_drop0p1_trmiss50_trlocradio,32,5e-05,1,32,1,0.1,lr5e-05_bs32_modL1_fusion32_fusionL1_drop0p1_trmiss50_trlocradio,28,0.4751908282438914,0.6696586608886719,0.5625,0.7247593605117005,0.5909090909090909,0.0,0.0,0.0,0.0,0.0,0.0,0.0,0.0,0.0,2002,radio,0.5
1,5,lr5e-05_bs32_modL1_fusion32_fusionL1_drop0p1_trmiss50_trlocradio,32,5e-05,1,32,1,0.1,lr5e-05_bs32_modL1_fusion32_fusionL1_drop0p1_trmiss50_trlocradio,29,0.4769849826892217,0.6694394946098328,0.5714285714285715,0.7327893255341468,0.5909090909090909,0.0,0.0,0.0,0.0,0.0,0.0,0.0,0.0,0.0,2002,radio,0.5
1,5,lr5e-05_bs32_modL1_fusion32_fusionL1_drop0p1_trmiss50_trlocradio,32,5e-05,1,32,1,0.1,lr5e-05_bs32_modL1_fusion32_fusionL1_drop0p1_trmiss50_trlocradio,30,0.47437717020511627,0.6654937863349915,0.5982142857142857,0.7497826244408421,0.5909090909090909,0.0,0.0,0.0,0.0,0.0,0.0,0.0,0.0,0.0,2002,radio,0.5
1,5,lr5e-05_bs32_modL1_fusion32_fusionL1_drop0p1_trmiss50_trlocradio,32,5e-05,1,32,1,0.1,lr5e-05_bs32_modL1_fusion32_fusionL1_drop0p1_trmiss50_trlocradio,31,0.48415152231852215,0.6644485294818878,0.59375,0.7473243449274166,0.5681818181818182,0.0,0.0,0.0,0.0,0.0,0.0,0.0,0.0,0.0,2002,radio,0.5
1,5,lr5e-05_bs32_modL1_fusion32_fusionL1_drop0p1_trmiss50_trlocradio,32,5e-05,1,32,1,0.1,lr5e-05_bs32_modL1_fusion32_fusionL1_drop0p1_trmiss50_trlocradio,32,0.4597277194261551,0.6638885736465454,0.5825892857142857,0.7539050144509487,0.5681818181818182,0.0,0.0,0.0,0.0,0.0,0.0,0.0,0.0,0.0,2002,radio,0.5
1,5,lr5e-05_bs32_modL1_fusion32_fusionL1_drop0p1_trmiss50_trlocradio,32,5e-05,1,32,1,0.1,lr5e-05_bs32_modL1_fusion32_fusionL1_drop0p1_trmiss50_trlocradio,33,0.468321626385053,0.6643979549407959,0.5915178571428572,0.7539347915216744,0.5681818181818182,0.0,0.0,0.0,0.0,0.0,0.0,0.0,0.0,0.0,2002,radio,0.5
1,5,lr5e-05_bs32_modL1_fusion32_fusionL1_drop0p1_trmiss50_trlocradio,32,5e-05,1,32,1,0.1,lr5e-05_bs32_modL1_fusion32_fusionL1_drop0p1_trmiss50_trlocradio,34,0.4524172594149907,0.6653788685798645,0.5982142857142857,0.7631304437698547,0.5909090909090909,0.0,0.0,0.0,0.0,0.0,0.0,0.0,0.0,0.0,2002,radio,0.5
1,5,lr5e-05_bs32_modL1_fusion32_fusionL1_drop0p1_trmiss50_trlocradio,32,5e-05,1,32,1,0.1,lr5e-05_bs32_modL1_fusion32_fusionL1_drop0p1_trmiss50_trlocradio,35,0.45570773382981616,0.6681534051895142,0.6049107142857143,0.7601335519297634,0.5909090909090909,0.0,0.0,0.0,0.0,0.0,0.0,0.0,0.0,0.0,2002,radio,0.5
1,5,lr5e-05_bs32_modL1_fusion32_fusionL1_drop0p1_trmiss50_trlocradio,32,5e-05,1,32,1,0.1,lr5e-05_bs32_modL1_fusion32_fusionL1_drop0p1_trmiss50_trlocradio,36,0.45025886595249176,0.6690624356269836,0.5848214285714286,0.7410568760665878,0.5909090909090909,0.0,0.0,0.0,0.0,0.0,0.0,0.0,0.0,0.0,2002,radio,0.5
1,5,lr5e-05_bs32_modL1_fusion32_fusionL1_drop0p1_trmiss50_trlocradio,32,5e-05,1,32,1,0.1,lr5e-05_bs32_modL1_fusion32_fusionL1_drop0p1_trmiss50_trlocradio,37,0.45731639862060547,0.6693719625473022,0.6026785714285715,0.7528807382465593,0.5909090909090909,0.0,0.0,0.0,0.0,0.0,0.0,0.0,0.0,0.0,2002,radio,0.5
1,5,lr5e-05_bs32_modL1_fusion32_fusionL1_drop0p1_trmiss50_trlocradio,32,5e-05,1,32,1,0.1,lr5e-05_bs32_modL1_fusion32_fusionL1_drop0p1_trmiss50_trlocradio,38,0.4510044107834498,0.6675921976566315,0.6049107142857142,0.7569664795441726,0.5909090909090909,0.0,0.0,0.0,0.0,0.0,0.0,0.0,0.0,0.0,2002,radio,0.5
1,5,lr5e-05_bs32_modL1_fusion32_fusionL1_drop0p1_trmiss50_trlocradio,32,5e-05,1,32,1,0.1,lr5e-05_bs32_modL1_fusion32_fusionL1_drop0p1_trmiss50_trlocradio,39,0.45712510744730633,0.6678857505321503,0.5959821428571428,0.7409272106664325,0.5681818181818182,0.0,0.0,0.0,0.0,0.0,0.0,0.0,0.0,0.0,2002,radio,0.5
1,5,lr5e-05_bs32_modL1_fusion32_fusionL1_drop0p1_trmiss50_trlocradio,32,5e-05,1,32,1,0.1,lr5e-05_bs32_modL1_fusion32_fusionL1_drop0p1_trmiss50_trlocradio,40,0.4454458604256312,0.6686393022537231,0.6026785714285714,0.7429041870097683,0.5909090909090909,0.0,0.0,0.0,0.0,0.0,0.0,0.0,0.0,0.0,2002,radio,0.5
1,5,lr5e-05_bs32_modL1_fusion32_fusionL1_drop0p1_trmiss50_trlocradio,32,5e-05,1,32,1,0.1,lr5e-05_bs32_modL1_fusion32_fusionL1_drop0p1_trmiss50_trlocradio,41,0.44326184689998627,0.6712996065616608,0.5870535714285715,0.7354395967448898,0.5909090909090909,0.0,0.0,0.0,0.0,0.0,0.0,0.0,0.0,0.0,2002,radio,0.5
1,5,lr5e-05_bs32_modL1_fusion32_fusionL1_drop0p1_trmiss50_trlocradio,32,5e-05,1,32,1,0.1,lr5e-05_bs32_modL1_fusion32_fusionL1_drop0p1_trmiss50_trlocradio,42,0.43218111495176953,0.6692199110984802,0.6026785714285714,0.7531828126197494,0.5909090909090909,0.0,0.0,0.0,0.0,0.0,0.0,0.0,0.0,0.0,2002,radio,0.5
1,5,lr5e-05_bs32_modL1_fusion32_fusionL1_drop0p1_trmiss50_trlocradio,32,5e-05,1,32,1,0.1,lr5e-05_bs32_modL1_fusion32_fusionL1_drop0p1_trmiss50_trlocradio,43,0.43703081210454303,0.6683570444583893,0.6026785714285714,0.7552463150846425,0.5681818181818182,0.0,0.0,0.0,0.0,0.0,0.0,0.0,0.0,0.0,2002,radio,0.5
1,5,lr5e-05_bs32_modL1_fusion32_fusionL1_drop0p1_trmiss50_trlocradio,32,5e-05,1,32,1,0.1,lr5e-05_bs32_modL1_fusion32_fusionL1_drop0p1_trmiss50_trlocradio,44,0.42297016084194183,0.6667032539844513,0.6026785714285714,0.7564626166522915,0.5909090909090909,0.0,0.0,0.0,0.0,0.0,0.0,0.0,0.0,0.0,2002,radio,0.5
1,5,lr5e-05_bs32_modL1_fusion32_fusionL1_drop0p1_trmiss50_trlocradio,32,5e-05,1,32,1,0.1,lr5e-05_bs32_modL1_fusion32_fusionL1_drop0p1_trmiss50_trlocradio,45,0.43560339510440826,0.6655571758747101,0.6026785714285714,0.7516047827141185,0.5909090909090909,0.0,0.0,0.0,0.0,0.0,0.0,0.0,0.0,0.0,2002,radio,0.5
1,5,lr5e-05_bs32_modL1_fusion32_fusionL1_drop0p1_trmiss50_trlocradio,32,5e-05,1,32,1,0.1,lr5e-05_bs32_modL1_fusion32_fusionL1_drop0p1_trmiss50_trlocradio,46,0.44306989510854083,0.667212188243866,0.6071428571428571,0.7610640084910784,0.5681818181818182,0.0,0.0,0.0,0.0,0.0,0.0,0.0,0.0,0.0,2002,radio,0.5
1,5,lr5e-05_bs32_modL1_fusion32_fusionL1_drop0p1_trmiss50_trlocradio,32,5e-05,1,32,1,0.1,lr5e-05_bs32_modL1_fusion32_fusionL1_drop0p1_trmiss50_trlocradio,47,0.4378504157066345,0.6664531528949738,0.6160714285714286,0.7652029349069912,0.5909090909090909,0.0,0.0,0.0,0.0,0.0,0.0,0.0,0.0,0.0,2002,radio,0.5
1,5,lr5e-05_bs32_modL1_fusion32_fusionL1_drop0p1_trmiss50_trlocradio,32,5e-05,1,32,1,0.1,lr5e-05_bs32_modL1_fusion32_fusionL1_drop0p1_trmiss50_trlocradio,48,0.43681520223617554,0.667280912399292,0.6116071428571428,0.7599449983990547,0.5681818181818182,0.0,0.0,0.0,0.0,0.0,0.0,0.0,0.0,0.0,2002,radio,0.5
1,5,lr5e-05_bs32_modL1_fusion32_fusionL1_drop0p1_trmiss50_trlocradio,32,5e-05,1,32,1,0.1,lr5e-05_bs32_modL1_fusion32_fusionL1_drop0p1_trmiss50_trlocradio,49,0.4339124858379364,0.6675146818161011,0.6183035714285715,0.7645909563814789,0.5681818181818182,0.0,0.0,0.0,0.0,0.0,0.0,0.0,0.0,0.0,2002,radio,0.5
1,5,lr5e-05_bs32_modL1_fusion32_fusionL1_drop0p1_trmiss50_trlocradio,32,5e-05,1,32,1,0.1,lr5e-05_bs32_modL1_fusion32_fusionL1_drop0p1_trmiss50_trlocradio,50,0.44050994018713635,0.6667924523353577,0.6227678571428572,0.7657164065615508,0.5681818181818182,0.0,0.0,0.0,0.0,0.0,0.0,0.0,0.0,0.0,2002,radio,0.5
1,5,lr5e-05_bs32_modL1_fusion32_fusionL1_drop0p1_trmiss50_trlocradio,32,5e-05,1,32,1,0.1,lr5e-05_bs32_modL1_fusion32_fusionL1_drop0p1_trmiss50_trlocradio,51,0.43200230101744336,0.6663110852241516,0.6272321428571429,0.7677945185080839,0.5681818181818182,0.0,0.0,0.0,0.0,0.0,0.0,0.0,0.0,0.0,2002,radio,0.5
1,5,lr5e-05_bs32_modL1_fusion32_fusionL1_drop0p1_trmiss50_trlocradio,32,5e-05,1,32,1,0.1,lr5e-05_bs32_modL1_fusion32_fusionL1_drop0p1_trmiss50_trlocradio,52,0.447211687763532,0.6670960485935211,0.6205357142857142,0.765621653761865,0.5681818181818182,0.0,0.0,0.0,0.0,0.0,0.0,0.0,0.0,0.0,2002,radio,0.5
1,5,lr5e-05_bs32_modL1_fusion32_fusionL1_drop0p1_trmiss50_trlocradio,32,5e-05,1,32,1,0.1,lr5e-05_bs32_modL1_fusion32_fusionL1_drop0p1_trmiss50_trlocradio,53,0.45058274765809375,0.6658427119255066,0.6272321428571429,0.7684551654912578,0.5681818181818182,0.0,0.0,0.0,0.0,0.0,0.0,0.0,0.0,0.0,2002,radio,0.5
1,5,lr5e-05_bs32_modL1_fusion32_fusionL1_drop0p1_trmiss50_trlocradio,32,5e-05,1,32,1,0.1,lr5e-05_bs32_modL1_fusion32_fusionL1_drop0p1_trmiss50_trlocradio,54,0.4367494781812032,0.6658496856689453,0.6205357142857143,0.7632673675053689,0.5681818181818182,0.0,0.0,0.0,0.0,0.0,0.0,0.0,0.0,0.0,2002,radio,0.5
1,5,lr5e-05_bs32_modL1_fusion32_fusionL1_drop0p1_trmiss50_trlocradio,32,5e-05,1,32,1,0.1,lr5e-05_bs32_modL1_fusion32_fusionL1_drop0p1_trmiss50_trlocradio,55,0.44094888865947723,0.6659308075904846,0.6227678571428571,0.7669644757192838,0.5681818181818182,0.0,0.0,0.0,0.0,0.0,0.0,0.0,0.0,0.0,2002,radio,0.5
1,5,lr5e-05_bs32_modL1_fusion32_fusionL1_drop0p1_trmiss50_trlocradio,32,5e-05,1,32,1,0.1,lr5e-05_bs32_modL1_fusion32_fusionL1_drop0p1_trmiss50_trlocradio,56,0.42564502855141956,0.6676184833049774,0.6138392857142857,0.763227117613459,0.5681818181818182,0.0,0.0,0.0,0.0,0.0,0.0,0.0,0.0,0.0,2002,radio,0.5
1,5,lr5e-05_bs32_modL1_fusion32_fusionL1_drop0p1_trmiss50_trlocradio,32,5e-05,1,32,1,0.1,lr5e-05_bs32_modL1_fusion32_fusionL1_drop0p1_trmiss50_trlocradio,57,0.4290696978569031,0.6658581495285034,0.6160714285714285,0.7624679537227619,0.5681818181818182,0.0,0.0,0.0,0.0,0.0,0.0,0.0,0.0,0.0,2002,radio,0.5
1,5,lr5e-05_bs32_modL1_fusion32_fusionL1_drop0p1_trmiss50_trlocradio,32,5e-05,1,32,1,0.1,lr5e-05_bs32_modL1_fusion32_fusionL1_drop0p1_trmiss50_trlocradio,58,0.42087364693482715,0.6654289960861206,0.6138392857142857,0.760896190064532,0.5681818181818182,0.0,0.0,0.0,0.0,0.0,0.0,0.0,0.0,0.0,2002,radio,0.5
1,5,lr5e-05_bs32_modL1_fusion32_fusionL1_drop0p1_trmiss50_trlocradio,32,5e-05,1,32,1,0.1,lr5e-05_bs32_modL1_fusion32_fusionL1_drop0p1_trmiss50_trlocradio,59,0.42659775416056317,0.6640944480895996,0.625,0.766983462580376,0.5681818181818182,0.0,0.0,0.0,0.0,0.0,0.0,0.0,0.0,0.0,2002,radio,0.5
1,5,lr5e-05_bs32_modL1_fusion32_fusionL1_drop0p1_trmiss50_trlocradio,32,5e-05,1,32,1,0.1,lr5e-05_bs32_modL1_fusion32_fusionL1_drop0p1_trmiss50_trlocradio,60,0.43799695869286853,0.6649433374404907,0.6138392857142857,0.7597309928279062,0.5681818181818182,0.0,0.0,0.0,0.0,0.0,0.0,0.0,0.0,0.0,2002,radio,0.5
1,5,lr5e-05_bs32_modL1_fusion32_fusionL1_drop0p1_trmiss50_trlocradio,32,5e-05,1,32,1,0.1,lr5e-05_bs32_modL1_fusion32_fusionL1_drop0p1_trmiss50_trlocradio,61,0.4132375468810399,0.6646970510482788,0.6160714285714286,0.7644081939336788,0.5681818181818182,0.0,0.0,0.0,0.0,0.0,0.0,0.0,0.0,0.0,2002,radio,0.5
1,5,lr5e-05_bs32_modL1_fusion32_fusionL1_drop0p1_trmiss50_trlocradio,32,5e-05,1,32,1,0.1,lr5e-05_bs32_modL1_fusion32_fusionL1_drop0p1_trmiss50_trlocradio,62,0.4384708007176717,0.6652705371379852,0.6049107142857143,0.7561382321881073,0.5681818181818182,0.0,0.0,0.0,0.0,0.0,0.0,0.0,0.0,0.0,2002,radio,0.5
1,5,lr5e-05_bs32_modL1_fusion32_fusionL1_drop0p1_trmiss50_trlocradio,32,5e-05,1,32,1,0.1,lr5e-05_bs32_modL1_fusion32_fusionL1_drop0p1_trmiss50_trlocradio,63,0.4301267961661021,0.6665164828300476,0.6138392857142857,0.7623906500740297,0.5681818181818182,0.0,0.0,0.0,0.0,0.0,0.0,0.0,0.0,0.0,2002,radio,0.5
1,5,lr5e-05_bs32_modL1_fusion32_fusionL1_drop0p1_trmiss50_trlocradio,32,5e-05,1,32,1,0.1,lr5e-05_bs32_modL1_fusion32_fusionL1_drop0p1_trmiss50_trlocradio,64,0.4317626605431239,0.6664491593837738,0.6071428571428572,0.7583392189128404,0.5681818181818182,0.0,0.0,0.0,0.0,0.0,0.0,0.0,0.0,0.0,2002,radio,0.5
1,5,lr5e-05_bs32_modL1_fusion32_fusionL1_drop0p1_trmiss50_trlocradio,32,5e-05,1,32,1,0.1,lr5e-05_bs32_modL1_fusion32_fusionL1_drop0p1_trmiss50_trlocradio,65,0.42825642724831897,0.6649154126644135,0.6183035714285715,0.763737039691096,0.5681818181818182,0.0,0.0,0.0,0.0,0.0,0.0,0.0,0.0,0.0,2002,radio,0.5
1,5,lr5e-05_bs32_modL1_fusion32_fusionL1_drop0p1_trmiss50_trlocradio,32,5e-05,1,32,1,0.1,lr5e-05_bs32_modL1_fusion32_fusionL1_drop0p1_trmiss50_trlocradio,66,0.43247870604197186,0.6654838621616364,0.6160714285714286,0.7646519581060144,0.5681818181818182,0.0,0.0,0.0,0.0,0.0,0.0,0.0,0.0,0.0,2002,radio,0.5
1,5,lr5e-05_bs32_modL1_fusion32_fusionL1_drop0p1_trmiss50_trlocradio,32,5e-05,1,32,1,0.1,lr5e-05_bs32_modL1_fusion32_fusionL1_drop0p1_trmiss50_trlocradio,67,0.43675511578718823,0.6651526987552643,0.6138392857142857,0.7618263334382845,0.5681818181818182,0.0,0.0,0.0,0.0,0.0,0.0,0.0,0.0,0.0,2002,radio,0.5
1,5,lr5e-05_bs32_modL1_fusion32_fusionL1_drop0p1_trmiss50_trlocradio,32,5e-05,1,32,1,0.1,lr5e-05_bs32_modL1_fusion32_fusionL1_drop0p1_trmiss50_trlocradio,68,0.42931613326072693,0.6665630340576172,0.609375,0.7586397956652805,0.5681818181818182,0.0,0.0,0.0,0.0,0.0,0.0,0.0,0.0,0.0,2002,radio,0.5
1,5,lr5e-05_bs32_modL1_fusion32_fusionL1_drop0p1_trmiss50_trlocradio,32,5e-05,1,32,1,0.1,lr5e-05_bs32_modL1_fusion32_fusionL1_drop0p1_trmiss50_trlocradio,69,0.4264530489842097,0.6658859550952911,0.6116071428571428,0.7531596628073282,0.5681818181818182,0.0,0.0,0.0,0.0,0.0,0.0,0.0,0.0,0.0,2002,radio,0.5
1,5,lr5e-05_bs32_modL1_fusion32_fusionL1_drop0p1_trmiss50_trlocradio,32,5e-05,1,32,1,0.1,lr5e-05_bs32_modL1_fusion32_fusionL1_drop0p1_trmiss50_trlocradio,70,0.4223471184571584,0.6662714183330536,0.6138392857142857,0.7606558652510095,0.5681818181818182,0.0,0.0,0.0,0.0,0.0,0.0,0.0,0.0,0.0,2002,radio,0.5
1,5,lr5e-05_bs32_modL1_fusion32_fusionL1_drop0p1_trmiss50_trlocradio,32,5e-05,1,32,1,0.1,lr5e-05_bs32_modL1_fusion32_fusionL1_drop0p1_trmiss50_trlocradio,71,0.42937811215718585,0.6645714640617371,0.609375,0.7596204266853394,0.5909090909090909,0.0,0.0,0.0,0.0,0.0,0.0,0.0,0.0,0.0,2002,radio,0.5
1,5,lr5e-05_bs32_modL1_fusion32_fusionL1_drop0p1_trmiss50_trlocradio,32,5e-05,1,32,1,0.1,lr5e-05_bs32_modL1_fusion32_fusionL1_drop0p1_trmiss50_trlocradio,72,0.42662282288074493,0.6649736762046814,0.6116071428571428,0.7605105439646003,0.5909090909090909,0.0,0.0,0.0,0.0,0.0,0.0,0.0,0.0,0.0,2002,radio,0.5
1,5,lr5e-05_bs32_modL1_fusion32_fusionL1_drop0p1_trmiss50_trlocradio,32,5e-05,1,32,1,0.1,lr5e-05_bs32_modL1_fusion32_fusionL1_drop0p1_trmiss50_trlocradio,73,0.4238927811384201,0.665785163640976,0.6138392857142858,0.7630728076377203,0.5909090909090909,0.0,0.0,0.0,0.0,0.0,0.0,0.0,0.0,0.0,2002,radio,0.5
1,5,lr5e-05_bs32_modL1_fusion64_fusionL1_drop0p2_trmiss50_trlocradio,32,5e-05,1,64,1,0.2,lr5e-05_bs32_modL1_fusion64_fusionL1_drop0p2_trmiss50_trlocradio,1,0.7709424595038096,0.7108057737350464,0.28125,0.5222070555166981,0.4090909090909091,0.0,0.0,0.0,0.0,0.0,0.0,0.0,0.0,0.0,2002,radio,0.5
1,5,lr5e-05_bs32_modL1_fusion64_fusionL1_drop0p2_trmiss50_trlocradio,32,5e-05,1,64,1,0.2,lr5e-05_bs32_modL1_fusion64_fusionL1_drop0p2_trmiss50_trlocradio,2,0.7519451379776001,0.7211180627346039,0.25892857142857145,0.5128510960351209,0.36363636363636365,0.0,0.0,0.0,0.0,0.0,0.0,0.0,0.0,0.0,2002,radio,0.5
1,5,lr5e-05_bs32_modL1_fusion64_fusionL1_drop0p2_trmiss50_trlocradio,32,5e-05,1,64,1,0.2,lr5e-05_bs32_modL1_fusion64_fusionL1_drop0p2_trmiss50_trlocradio,3,0.7442878286043803,0.73210409283638,0.24776785714285715,0.5088865888692358,0.3181818181818182,0.0,0.0,0.0,0.0,0.0,0.0,0.0,0.0,0.0,2002,radio,0.5
1,5,lr5e-05_bs32_modL1_fusion64_fusionL1_drop0p2_trmiss50_trlocradio,32,5e-05,1,64,1,0.2,lr5e-05_bs32_modL1_fusion64_fusionL1_drop0p2_trmiss50_trlocradio,4,0.6945852438608805,0.7429543435573578,0.24553571428571427,0.5095290134407474,0.29545454545454547,0.0,0.0,0.0,0.0,0.0,0.0,0.0,0.0,0.0,2002,radio,0.5
1,5,lr5e-05_bs32_modL1_fusion64_fusionL1_drop0p2_trmiss50_trlocradio,32,5e-05,1,64,1,0.2,lr5e-05_bs32_modL1_fusion64_fusionL1_drop0p2_trmiss50_trlocradio,5,0.6874315937360128,0.7540494203567505,0.25,0.5094673448791245,0.29545454545454547,0.0,0.0,0.0,0.0,0.0,0.0,0.0,0.0,0.0,2002,radio,0.5
1,5,lr5e-05_bs32_modL1_fusion64_fusionL1_drop0p2_trmiss50_trlocradio,32,5e-05,1,64,1,0.2,lr5e-05_bs32_modL1_fusion64_fusionL1_drop0p2_trmiss50_trlocradio,6,0.6760641237099966,0.7583588659763336,0.2544642857142857,0.5124477586966554,0.25,0.0,0.0,0.0,0.0,0.0,0.0,0.0,0.0,0.0,2002,radio,0.5
1,5,lr5e-05_bs32_modL1_fusion64_fusionL1_drop0p2_trmiss50_trlocradio,32,5e-05,1,64,1,0.2,lr5e-05_bs32_modL1_fusion64_fusionL1_drop0p2_trmiss50_trlocradio,7,0.6554196178913116,0.7584545016288757,0.2544642857142857,0.509824502226235,0.29545454545454547,0.0,0.0,0.0,0.0,0.0,0.0,0.0,0.0,0.0,2002,radio,0.5
1,5,lr5e-05_bs32_modL1_fusion64_fusionL1_drop0p2_trmiss50_trlocradio,32,5e-05,1,64,1,0.2,lr5e-05_bs32_modL1_fusion64_fusionL1_drop0p2_trmiss50_trlocradio,8,0.6596639057000478,0.7631422877311707,0.2611607142857143,0.5124422571674737,0.2727272727272727,0.0,0.0,0.0,0.0,0.0,0.0,0.0,0.0,0.0,2002,radio,0.5
1,5,lr5e-05_bs32_modL1_fusion64_fusionL1_drop0p2_trmiss50_trlocradio,32,5e-05,1,64,1,0.2,lr5e-05_bs32_modL1_fusion64_fusionL1_drop0p2_trmiss50_trlocradio,9,0.6447336872418722,0.7668193280696869,0.2611607142857143,0.5122493009455384,0.2727272727272727,0.0,0.0,0.0,0.0,0.0,0.0,0.0,0.0,0.0,2002,radio,0.5
1,5,lr5e-05_bs32_modL1_fusion64_fusionL1_drop0p2_trmiss50_trlocradio,32,5e-05,1,64,1,0.2,lr5e-05_bs32_modL1_fusion64_fusionL1_drop0p2_trmiss50_trlocradio,10,0.6337050497531891,0.7664039433002472,0.2611607142857143,0.512336002292744,0.29545454545454547,0.0,0.0,0.0,0.0,0.0,0.0,0.0,0.0,0.0,2002,radio,0.5
1,5,lr5e-05_bs32_modL1_fusion64_fusionL1_drop0p2_trmiss50_trlocradio,32,5e-05,1,64,1,0.2,lr5e-05_bs32_modL1_fusion64_fusionL1_drop0p2_trmiss50_trlocradio,11,0.6241843899091085,0.7687275409698486,0.26339285714285715,0.5104725107073252,0.3181818181818182,0.0,0.0,0.0,0.0,0.0,0.0,0.0,0.0,0.0,2002,radio,0.5
1,5,lr5e-05_bs32_modL1_fusion64_fusionL1_drop0p2_trmiss50_trlocradio,32,5e-05,1,64,1,0.2,lr5e-05_bs32_modL1_fusion64_fusionL1_drop0p2_trmiss50_trlocradio,12,0.6337661941846212,0.7707459032535553,0.2700892857142857,0.5114374078037677,0.3181818181818182,0.0,0.0,0.0,0.0,0.0,0.0,0.0,0.0,0.0,2002,radio,0.5
1,5,lr5e-05_bs32_modL1_fusion64_fusionL1_drop0p2_trmiss50_trlocradio,32,5e-05,1,64,1,0.2,lr5e-05_bs32_modL1_fusion64_fusionL1_drop0p2_trmiss50_trlocradio,13,0.6323474248250326,0.7726861834526062,0.2767857142857143,0.5137984084343392,0.3181818181818182,0.0,0.0,0.0,0.0,0.0,0.0,0.0,0.0,0.0,2002,radio,0.5
1,5,lr5e-05_bs32_modL1_fusion64_fusionL1_drop0p2_trmiss50_trlocradio,32,5e-05,1,64,1,0.2,lr5e-05_bs32_modL1_fusion64_fusionL1_drop0p2_trmiss50_trlocradio,14,0.6226289570331573,0.7703802585601807,0.2857142857142857,0.5172024490956967,0.3409090909090909,0.0,0.0,0.0,0.0,0.0,0.0,0.0,0.0,0.0,2002,radio,0.5
1,5,lr5e-05_bs32_modL1_fusion64_fusionL1_drop0p2_trmiss50_trlocradio,32,5e-05,1,64,1,0.2,lr5e-05_bs32_modL1_fusion64_fusionL1_drop0p2_trmiss50_trlocradio,15,0.6175986925760905,0.7701309323310852,0.2790178571428571,0.5138057536223422,0.3409090909090909,0.0,0.0,0.0,0.0,0.0,0.0,0.0,0.0,0.0,2002,radio,0.5
1,5,lr5e-05_bs32_modL1_fusion64_fusionL1_drop0p2_trmiss50_trlocradio,32,5e-05,1,64,1,0.2,lr5e-05_bs32_modL1_fusion64_fusionL1_drop0p2_trmiss50_trlocradio,16,0.613270084063212,0.7706570625305176,0.26116071428571425,0.5072255676675578,0.3409090909090909,0.0,0.0,0.0,0.0,0.0,0.0,0.0,0.0,0.0,2002,radio,0.5
1,5,lr5e-05_bs32_modL1_fusion64_fusionL1_drop0p2_trmiss50_trlocradio,32,5e-05,1,64,1,0.2,lr5e-05_bs32_modL1_fusion64_fusionL1_drop0p2_trmiss50_trlocradio,17,0.5848384002844492,0.7735607922077179,0.26785714285714285,0.5100569918363267,0.3409090909090909,0.0,0.0,0.0,0.0,0.0,0.0,0.0,0.0,0.0,2002,radio,0.5
1,5,lr5e-05_bs32_modL1_fusion64_fusionL1_drop0p2_trmiss50_trlocradio,32,5e-05,1,64,1,0.2,lr5e-05_bs32_modL1_fusion64_fusionL1_drop0p2_trmiss50_trlocradio,18,0.608012318611145,0.7712529301643372,0.26785714285714285,0.5101258489246165,0.3181818181818182,0.0,0.0,0.0,0.0,0.0,0.0,0.0,0.0,0.0,2002,radio,0.5
1,5,lr5e-05_bs32_modL1_fusion64_fusionL1_drop0p2_trmiss50_trlocradio,32,5e-05,1,64,1,0.2,lr5e-05_bs32_modL1_fusion64_fusionL1_drop0p2_trmiss50_trlocradio,19,0.6026844878991445,0.7700327038764954,0.2700892857142857,0.5103788434739678,0.3181818181818182,0.0,0.0,0.0,0.0,0.0,0.0,0.0,0.0,0.0,2002,radio,0.5
1,5,lr5e-05_bs32_modL1_fusion64_fusionL1_drop0p2_trmiss50_trlocradio,32,5e-05,1,64,1,0.2,lr5e-05_bs32_modL1_fusion64_fusionL1_drop0p2_trmiss50_trlocradio,20,0.6226683656374613,0.7722004354000092,0.2745535714285714,0.5124229861218256,0.3409090909090909,0.0,0.0,0.0,0.0,0.0,0.0,0.0,0.0,0.0,2002,radio,0.5
1,5,lr5e-05_bs32_modL1_fusion64_fusionL1_drop0p2_trmiss50_trlocradio,32,5e-05,1,64,1,0.2,lr5e-05_bs32_modL1_fusion64_fusionL1_drop0p2_trmiss50_trlocradio,21,0.6078085800011953,0.7712884545326233,0.2767857142857143,0.5125063617113439,0.36363636363636365,0.0,0.0,0.0,0.0,0.0,0.0,0.0,0.0,0.0,2002,radio,0.5
1,5,lr5e-05_bs32_modL1_fusion64_fusionL1_drop0p2_trmiss50_trlocradio,32,5e-05,1,64,1,0.2,lr5e-05_bs32_modL1_fusion64_fusionL1_drop0p2_trmiss50_trlocradio,22,0.6236212253570557,0.7703356444835663,0.28125,0.5146142725634317,0.36363636363636365,0.0,0.0,0.0,0.0,0.0,0.0,0.0,0.0,0.0,2002,radio,0.5
1,5,lr5e-05_bs32_modL1_fusion64_fusionL1_drop0p2_trmiss50_trlocradio,32,5e-05,1,64,1,0.2,lr5e-05_bs32_modL1_fusion64_fusionL1_drop0p2_trmiss50_trlocradio,23,0.5993572473526001,0.7690519392490387,0.2857142857142857,0.5158936093843058,0.36363636363636365,0.0,0.0,0.0,0.0,0.0,0.0,0.0,0.0,0.0,2002,radio,0.5
1,5,lr5e-05_bs32_modL1_fusion64_fusionL1_drop0p2_trmiss50_trlocradio,32,5e-05,1,64,1,0.2,lr5e-05_bs32_modL1_fusion64_fusionL1_drop0p2_trmiss50_trlocradio,24,0.5971884429454803,0.7660140693187714,0.29464285714285715,0.5189219025780402,0.36363636363636365,0.0,0.0,0.0,0.0,0.0,0.0,0.0,0.0,0.0,2002,radio,0.5
1,5,lr5e-05_bs32_modL1_fusion64_fusionL1_drop0p2_trmiss50_trlocradio,32,5e-05,1,64,1,0.2,lr5e-05_bs32_modL1_fusion64_fusionL1_drop0p2_trmiss50_trlocradio,25,0.5933330953121185,0.7669028043746948,0.29241071428571425,0.5189009505213282,0.4090909090909091,0.0,0.0,0.0,0.0,0.0,0.0,0.0,0.0,0.0,2002,radio,0.5
1,5,lr5e-05_bs32_modL1_fusion64_fusionL1_drop0p2_trmiss50_trlocradio,32,5e-05,1,64,1,0.2,lr5e-05_bs32_modL1_fusion64_fusionL1_drop0p2_trmiss50_trlocradio,26,0.5928181310494741,0.7667999863624573,0.29464285714285715,0.5189692510628886,0.38636363636363635,0.0,0.0,0.0,0.0,0.0,0.0,0.0,0.0,0.0,2002,radio,0.5
1,5,lr5e-05_bs32_modL1_fusion64_fusionL1_drop0p2_trmiss50_trlocradio,32,5e-05,1,64,1,0.2,lr5e-05_bs32_modL1_fusion64_fusionL1_drop0p2_trmiss50_trlocradio,27,0.5922297736008962,0.766430139541626,0.30357142857142855,0.5219839142452348,0.4090909090909091,0.0,0.0,0.0,0.0,0.0,0.0,0.0,0.0,0.0,2002,radio,0.5
1,5,lr5e-05_bs32_modL1_fusion64_fusionL1_drop0p2_trmiss50_trlocradio,32,5e-05,1,64,1,0.2,lr5e-05_bs32_modL1_fusion64_fusionL1_drop0p2_trmiss50_trlocradio,28,0.5802741050720215,0.7659737765789032,0.30357142857142855,0.5228668410353325,0.3181818181818182,0.0,0.0,0.0,0.0,0.0,0.0,0.0,0.0,0.0,2002,radio,0.5
1,5,lr5e-05_bs32_modL1_fusion64_fusionL1_drop0p2_trmiss50_trlocradio,32,5e-05,1,64,1,0.2,lr5e-05_bs32_modL1_fusion64_fusionL1_drop0p2_trmiss50_trlocradio,29,0.6035463313261668,0.7660329341888428,0.30803571428571425,0.5241708108991401,0.3409090909090909,0.0,0.0,0.0,0.0,0.0,0.0,0.0,0.0,0.0,2002,radio,0.5
1,5,lr5e-05_bs32_modL1_fusion64_fusionL1_drop0p2_trmiss50_trlocradio,32,5e-05,1,64,1,0.2,lr5e-05_bs32_modL1_fusion64_fusionL1_drop0p2_trmiss50_trlocradio,30,0.592235932747523,0.7650104463100433,0.3058035714285714,0.5230620327483814,0.3181818181818182,0.0,0.0,0.0,0.0,0.0,0.0,0.0,0.0,0.0,2002,radio,0.5
1,5,lr5e-05_bs32_modL1_fusion64_fusionL1_drop0p2_trmiss50_trlocradio,32,5e-05,1,64,1,0.2,lr5e-05_bs32_modL1_fusion64_fusionL1_drop0p2_trmiss50_trlocradio,31,0.5739164551099142,0.7658251821994781,0.3035714285714286,0.5223050451707416,0.3181818181818182,0.0,0.0,0.0,0.0,0.0,0.0,0.0,0.0,0.0,2002,radio,0.5
1,5,lr5e-05_bs32_modL1_fusion64_fusionL1_drop0p2_trmiss50_trlocradio,32,5e-05,1,64,1,0.2,lr5e-05_bs32_modL1_fusion64_fusionL1_drop0p2_trmiss50_trlocradio,32,0.6008672614892324,0.7677355408668518,0.29910714285714285,0.5203458178039055,0.29545454545454547,0.0,0.0,0.0,0.0,0.0,0.0,0.0,0.0,0.0,2002,radio,0.5
1,5,lr5e-05_bs32_modL1_fusion64_fusionL1_drop0p2_trmiss50_trlocradio,32,5e-05,1,64,1,0.2,lr5e-05_bs32_modL1_fusion64_fusionL1_drop0p2_trmiss50_trlocradio,33,0.5914026399453481,0.7658838927745819,0.3035714285714286,0.5223050451707416,0.3409090909090909,0.0,0.0,0.0,0.0,0.0,0.0,0.0,0.0,0.0,2002,radio,0.5
1,5,lr5e-05_bs32_modL1_fusion64_fusionL1_drop0p2_trmiss50_trlocradio,32,5e-05,1,64,1,0.2,lr5e-05_bs32_modL1_fusion64_fusionL1_drop0p2_trmiss50_trlocradio,34,0.5911611318588257,0.763790100812912,0.3058035714285714,0.5237238505057873,0.38636363636363635,0.0,0.0,0.0,0.0,0.0,0.0,0.0,0.0,0.0,2002,radio,0.5
1,5,lr5e-05_bs32_modL1_fusion64_fusionL1_drop0p2_trmiss50_trlocradio,32,5e-05,1,64,1,0.2,lr5e-05_bs32_modL1_fusion64_fusionL1_drop0p2_trmiss50_trlocradio,35,0.5876556237538656,0.7661601305007935,0.30357142857142855,0.5228668410353325,0.3409090909090909,0.0,0.0,0.0,0.0,0.0,0.0,0.0,0.0,0.0,2002,radio,0.5
1,5,lr5e-05_bs32_modL1_fusion64_fusionL1_drop0p2_trmiss50_trlocradio,32,5e-05,1,64,1,0.2,lr5e-05_bs32_modL1_fusion64_fusionL1_drop0p2_trmiss50_trlocradio,36,0.5800338288148245,0.7655763030052185,0.30803571428571425,0.5241036994150481,0.3181818181818182,0.0,0.0,0.0,0.0,0.0,0.0,0.0,0.0,0.0,2002,radio,0.5
1,5,lr5e-05_bs32_modL1_fusion64_fusionL1_drop0p2_trmiss50_trlocradio,32,5e-05,1,64,1,0.2,lr5e-05_bs32_modL1_fusion64_fusionL1_drop0p2_trmiss50_trlocradio,37,0.5805015414953232,0.7643460631370544,0.3058035714285714,0.5234670811313709,0.3409090909090909,0.0,0.0,0.0,0.0,0.0,0.0,0.0,0.0,0.0,2002,radio,0.5
1,5,lr5e-05_bs32_modL1_fusion64_fusionL1_drop0p2_trmiss50_trlocradio,32,5e-05,1,64,1,0.2,lr5e-05_bs32_modL1_fusion64_fusionL1_drop0p2_trmiss50_trlocradio,38,0.5948878129323324,0.76599982380867,0.30357142857142855,0.5228668410353325,0.36363636363636365,0.0,0.0,0.0,0.0,0.0,0.0,0.0,0.0,0.0,2002,radio,0.5
1,5,lr5e-05_bs32_modL1_fusion64_fusionL1_drop0p2_trmiss50_trlocradio,32,5e-05,1,64,1,0.2,lr5e-05_bs32_modL1_fusion64_fusionL1_drop0p2_trmiss50_trlocradio,39,0.596322645743688,0.7654931843280792,0.30357142857142855,0.5228668410353325,0.3409090909090909,0.0,0.0,0.0,0.0,0.0,0.0,0.0,0.0,0.0,2002,radio,0.5
1,5,lr5e-05_bs32_modL1_fusion64_fusionL1_drop0p2_trmiss50_trlocradio,32,5e-05,1,64,1,0.2,lr5e-05_bs32_modL1_fusion64_fusionL1_drop0p2_trmiss50_trlocradio,40,0.5989968478679657,0.7649639546871185,0.30357142857142855,0.5228668410353325,0.38636363636363635,0.0,0.0,0.0,0.0,0.0,0.0,0.0,0.0,0.0,2002,radio,0.5
1,5,lr5e-05_bs32_modL1_fusion64_fusionL1_drop0p2_trmiss50_trlocradio,32,5e-05,1,64,1,0.2,lr5e-05_bs32_modL1_fusion64_fusionL1_drop0p2_trmiss50_trlocradio,41,0.5893418987592062,0.7662226557731628,0.3058035714285714,0.5233100486213973,0.3181818181818182,0.0,0.0,0.0,0.0,0.0,0.0,0.0,0.0,0.0,2002,radio,0.5
1,5,lr5e-05_bs32_modL1_fusion64_fusionL1_drop0p2_trmiss50_trlocradio,32,5e-05,1,64,1,0.2,lr5e-05_bs32_modL1_fusion64_fusionL1_drop0p2_trmiss50_trlocradio,42,0.5860093832015991,0.76686891913414,0.3013392857142857,0.5220731902416818,0.3181818181818182,0.0,0.0,0.0,0.0,0.0,0.0,0.0,0.0,0.0,2002,radio,0.5
1,5,lr5e-05_bs32_modL1_fusion64_fusionL1_drop0p2_trmiss50_trlocradio,32,5e-05,1,64,1,0.2,lr5e-05_bs32_modL1_fusion64_fusionL1_drop0p2_trmiss50_trlocradio,43,0.5835769474506378,0.7668673396110535,0.3013392857142857,0.5220731902416818,0.3409090909090909,0.0,0.0,0.0,0.0,0.0,0.0,0.0,0.0,0.0,2002,radio,0.5
1,5,lr5e-05_bs32_modL1_fusion64_fusionL1_drop0p2_trmiss50_trlocradio,32,5e-05,1,64,1,0.2,lr5e-05_bs32_modL1_fusion64_fusionL1_drop0p2_trmiss50_trlocradio,44,0.5843209127585093,0.7657006680965424,0.296875,0.5203561572746488,0.38636363636363635,0.0,0.0,0.0,0.0,0.0,0.0,0.0,0.0,0.0,2002,radio,0.5
1,5,lr5e-05_bs32_modL1_fusion64_fusionL1_drop0p2_trmiss50_trlocradio,32,5e-05,1,64,1,0.2,lr5e-05_bs32_modL1_fusion64_fusionL1_drop0p2_trmiss50_trlocradio,45,0.6001707315444946,0.7657229006290436,0.3058035714285714,0.5237238505057873,0.36363636363636365,0.0,0.0,0.0,0.0,0.0,0.0,0.0,0.0,0.0,2002,radio,0.5
1,5,lr5e-05_bs32_modL1_fusion64_fusionL1_drop0p2_trmiss50_trlocradio,32,5e-05,1,64,1,0.2,lr5e-05_bs32_modL1_fusion64_fusionL1_drop0p2_trmiss50_trlocradio,46,0.5823948582013448,0.7649845480918884,0.3013392857142857,0.5218803100593057,0.38636363636363635,0.0,0.0,0.0,0.0,0.0,0.0,0.0,0.0,0.0,2002,radio,0.5
1,5,lr5e-05_bs32_modL1_fusion64_fusionL1_drop0p2_trmiss50_trlocradio,32,5e-05,1,64,1,0.2,lr5e-05_bs32_modL1_fusion64_fusionL1_drop0p2_trmiss50_trlocradio,47,0.5819710989793142,0.7647165358066559,0.30357142857142855,0.5222683819547306,0.3409090909090909,0.0,0.0,0.0,0.0,0.0,0.0,0.0,0.0,0.0,2002,radio,0.5
1,5,lr5e-05_bs32_modL1_fusion64_fusionL1_drop0p2_trmiss50_trlocradio,32,5e-05,1,64,1,0.2,lr5e-05_bs32_modL1_fusion64_fusionL1_drop0p2_trmiss50_trlocradio,48,0.5732261141141256,0.764515608549118,0.30357142857142855,0.5226734303377201,0.4318181818181818,0.0,0.0,0.0,0.0,0.0,0.0,0.0,0.0,0.0,2002,radio,0.5
1,5,lr5e-05_bs32_modL1_fusion64_fusionL1_drop0p2_trmiss50_trlocradio,32,5e-05,1,64,1,0.2,lr5e-05_bs32_modL1_fusion64_fusionL1_drop0p2_trmiss50_trlocradio,49,0.5852487981319427,0.7642619013786316,0.3080357142857143,0.5247742706738545,0.4318181818181818,0.0,0.0,0.0,0.0,0.0,0.0,0.0,0.0,0.0,2002,radio,0.5
1,5,lr5e-05_bs32_modL1_fusion64_fusionL1_drop0p2_trmiss50_trlocradio,32,5e-05,1,64,1,0.2,lr5e-05_bs32_modL1_fusion64_fusionL1_drop0p2_trmiss50_trlocradio,50,0.5978402296702067,0.7639332115650177,0.3058035714285714,0.5237238505057873,0.38636363636363635,0.0,0.0,0.0,0.0,0.0,0.0,0.0,0.0,0.0,2002,radio,0.5
1,5,lr5e-05_bs32_modL1_fusion64_fusionL1_drop0p2_trmiss50_trlocradio,32,5e-05,1,64,1,0.2,lr5e-05_bs32_modL1_fusion64_fusionL1_drop0p2_trmiss50_trlocradio,51,0.577387809753418,0.764566570520401,0.30357142857142855,0.5226734303377201,0.3409090909090909,0.0,0.0,0.0,0.0,0.0,0.0,0.0,0.0,0.0,2002,radio,0.5
1,5,lr5e-05_bs32_modL1_fusion64_fusionL1_drop0p2_trmiss50_trlocradio,32,5e-05,1,64,1,0.2,lr5e-05_bs32_modL1_fusion64_fusionL1_drop0p2_trmiss50_trlocradio,52,0.5753023574749628,0.7644594609737396,0.3035714285714286,0.5228309933629302,0.3409090909090909,0.0,0.0,0.0,0.0,0.0,0.0,0.0,0.0,0.0,2002,radio,0.5
1,5,lr5e-05_bs32_modL1_fusion64_fusionL1_drop0p2_trmiss50_trlocradio,32,5e-05,1,64,1,0.2,lr5e-05_bs32_modL1_fusion64_fusionL1_drop0p2_trmiss50_trlocradio,53,0.5796825587749481,0.7653898894786835,0.3058035714285714,0.5237238505057873,0.36363636363636365,0.0,0.0,0.0,0.0,0.0,0.0,0.0,0.0,0.0,2002,radio,0.5
1,5,lr5e-05_bs32_modL1_fusion64_fusionL1_drop0p2_trmiss50_trlocradio,32,5e-05,1,64,1,0.2,lr5e-05_bs32_modL1_fusion64_fusionL1_drop0p2_trmiss50_trlocradio,54,0.5967317819595337,0.7656155824661255,0.30357142857142855,0.5226734303377201,0.36363636363636365,0.0,0.0,0.0,0.0,0.0,0.0,0.0,0.0,0.0,2002,radio,0.5
1,5,lr5e-05_bs32_modL1_fusion64_fusionL1_drop0p2_trmiss50_trlocradio,32,5e-05,1,64,1,0.2,lr5e-05_bs32_modL1_fusion64_fusionL1_drop0p2_trmiss50_trlocradio,55,0.56735626856486,0.766019344329834,0.3013392857142857,0.5220731902416818,0.38636363636363635,0.0,0.0,0.0,0.0,0.0,0.0,0.0,0.0,0.0,2002,radio,0.5
1,5,lr5e-05_bs32_modL1_fusion64_fusionL1_drop0p2_trmiss50_trlocradio,32,5e-05,1,64,1,0.2,lr5e-05_bs32_modL1_fusion64_fusionL1_drop0p2_trmiss50_trlocradio,56,0.6002824505170187,0.7648448944091797,0.3035714285714286,0.5226399207653087,0.38636363636363635,0.0,0.0,0.0,0.0,0.0,0.0,0.0,0.0,0.0,2002,radio,0.5
1,5,lr5e-05_bs32_modL1_fusion64_fusionL1_drop0p2_trmiss50_trlocradio,32,5e-05,1,64,1,0.2,lr5e-05_bs32_modL1_fusion64_fusionL1_drop0p2_trmiss50_trlocradio,57,0.596139540274938,0.7642973065376282,0.30357142857142855,0.5224843029626322,0.3409090909090909,0.0,0.0,0.0,0.0,0.0,0.0,0.0,0.0,0.0,2002,radio,0.5
1,5,lr5e-05_bs32_modL1_fusion64_fusionL1_drop0p2_trmiss50_trlocradio,32,5e-05,1,64,1,0.2,lr5e-05_bs32_modL1_fusion64_fusionL1_drop0p2_trmiss50_trlocradio,58,0.5981426537036896,0.7646577656269073,0.31026785714285715,0.5247660489943782,0.36363636363636365,0.0,0.0,0.0,0.0,0.0,0.0,0.0,0.0,0.0,2002,radio,0.5
1,5,lr5e-05_bs32_modL1_fusion64_fusionL1_drop0p2_trmiss50_trlocradio,32,5e-05,1,64,1,0.2,lr5e-05_bs32_modL1_fusion64_fusionL1_drop0p2_trmiss50_trlocradio,59,0.5841307044029236,0.7632170021533966,0.3080357142857143,0.5240137783891664,0.36363636363636365,0.0,0.0,0.0,0.0,0.0,0.0,0.0,0.0,0.0,2002,radio,0.5
1,5,lr5e-05_bs32_modL1_fusion64_fusionL1_drop0p2_trmiss50_trlocradio,32,5e-05,1,64,1,0.2,lr5e-05_bs32_modL1_fusion64_fusionL1_drop0p2_trmiss50_trlocradio,60,0.6031889418760935,0.7636767029762268,0.30803571428571425,0.5241036994150481,0.3409090909090909,0.0,0.0,0.0,0.0,0.0,0.0,0.0,0.0,0.0,2002,radio,0.5
1,5,lr5e-05_bs32_modL1_fusion64_fusionL1_drop0p2_trmiss50_trlocradio,32,5e-05,1,64,1,0.2,lr5e-05_bs32_modL1_fusion64_fusionL1_drop0p2_trmiss50_trlocradio,61,0.5705215632915497,0.762685626745224,0.30357142857142855,0.5226434358224314,0.38636363636363635,0.0,0.0,0.0,0.0,0.0,0.0,0.0,0.0,0.0,2002,radio,0.5
1,5,lr5e-05_bs32_modL1_fusion64_fusionL1_drop0p2_trmiss50_trlocradio,32,5e-05,1,64,1,0.2,lr5e-05_bs32_modL1_fusion64_fusionL1_drop0p2_trmiss50_trlocradio,62,0.5925065279006958,0.7632883787155151,0.3013392857142857,0.5215930156543643,0.38636363636363635,0.0,0.0,0.0,0.0,0.0,0.0,0.0,0.0,0.0,2002,radio,0.5
1,5,lr5e-05_bs32_modL1_fusion64_fusionL1_drop0p2_trmiss50_trlocradio,32,5e-05,1,64,1,0.2,lr5e-05_bs32_modL1_fusion64_fusionL1_drop0p2_trmiss50_trlocradio,63,0.592065691947937,0.7621393799781799,0.3058035714285714,0.5237238505057873,0.36363636363636365,0.0,0.0,0.0,0.0,0.0,0.0,0.0,0.0,0.0,2002,radio,0.5
1,5,lr5e-05_bs32_modL1_fusion64_fusionL1_drop0p2_trmiss50_trlocradio,32,5e-05,1,64,1,0.2,lr5e-05_bs32_modL1_fusion64_fusionL1_drop0p2_trmiss50_trlocradio,64,0.590452253818512,0.7629206776618958,0.30357142857142855,0.523123610409749,0.4318181818181818,0.0,0.0,0.0,0.0,0.0,0.0,0.0,0.0,0.0,2002,radio,0.5
1,5,lr5e-05_bs32_modL1_fusion64_fusionL1_drop0p2_trmiss50_trlocradio,32,5e-05,1,64,1,0.2,lr5e-05_bs32_modL1_fusion64_fusionL1_drop0p2_trmiss50_trlocradio,65,0.592660923798879,0.7627773880958557,0.30803571428571425,0.5243604687894645,0.4318181818181818,0.0,0.0,0.0,0.0,0.0,0.0,0.0,0.0,0.0,2002,radio,0.5
1,5,lr5e-05_bs32_modL1_fusion64_fusionL1_drop0p2_trmiss50_trlocradio,32,5e-05,1,64,1,0.2,lr5e-05_bs32_modL1_fusion64_fusionL1_drop0p2_trmiss50_trlocradio,66,0.5797629654407501,0.7640822529792786,0.3125,0.5264551663175985,0.38636363636363635,0.0,0.0,0.0,0.0,0.0,0.0,0.0,0.0,0.0,2002,radio,0.5
1,5,lr5e-05_bs32_modL1_fusion64_fusionL1_drop0p2_trmiss50_trlocradio,32,5e-05,1,64,1,0.2,lr5e-05_bs32_modL1_fusion64_fusionL1_drop0p2_trmiss50_trlocradio,67,0.5939725736776987,0.7642088830471039,0.30580357142857145,0.5241015150668884,0.4090909090909091,0.0,0.0,0.0,0.0,0.0,0.0,0.0,0.0,0.0,2002,radio,0.5
1,5,lr5e-05_bs32_modL1_fusion64_fusionL1_drop0p2_trmiss50_trlocradio,32,5e-05,1,64,1,0.2,lr5e-05_bs32_modL1_fusion64_fusionL1_drop0p2_trmiss50_trlocradio,68,0.5957964658737183,0.7625106573104858,0.30803571428571425,0.5245180318146745,0.4090909090909091,0.0,0.0,0.0,0.0,0.0,0.0,0.0,0.0,0.0,2002,radio,0.5
1,5,lr5e-05_bs32_modL1_fusion64_fusionL1_drop0p2_trmiss50_trlocradio,32,5e-05,1,64,1,0.2,lr5e-05_bs32_modL1_fusion64_fusionL1_drop0p2_trmiss50_trlocradio,69,0.5871100922425588,0.7652814090251923,0.3058035714285714,0.5233100486213973,0.38636363636363635,0.0,0.0,0.0,0.0,0.0,0.0,0.0,0.0,0.0,2002,radio,0.5
1,5,lr5e-05_bs32_modL1_fusion64_fusionL1_drop0p2_trmiss50_trlocradio,32,5e-05,1,64,1,0.2,lr5e-05_bs32_modL1_fusion64_fusionL1_drop0p2_trmiss50_trlocradio,70,0.584610253572464,0.7644796371459961,0.30357142857142855,0.5226734303377201,0.38636363636363635,0.0,0.0,0.0,0.0,0.0,0.0,0.0,0.0,0.0,2002,radio,0.5
1,5,lr5e-05_bs32_modL1_fusion64_fusionL1_drop0p2_trmiss50_trlocradio,32,5e-05,1,64,1,0.2,lr5e-05_bs32_modL1_fusion64_fusionL1_drop0p2_trmiss50_trlocradio,71,0.572732945283254,0.7651380896568298,0.3035714285714286,0.5228309933629302,0.38636363636363635,0.0,0.0,0.0,0.0,0.0,0.0,0.0,0.0,0.0,2002,radio,0.5
1,5,lr5e-05_bs32_modL1_fusion64_fusionL1_drop0p2_trmiss50_trlocradio,32,5e-05,1,64,1,0.2,lr5e-05_bs32_modL1_fusion64_fusionL1_drop0p2_trmiss50_trlocradio,72,0.5872248510519663,0.7650656700134277,0.3058035714285714,0.5233100486213973,0.3409090909090909,0.0,0.0,0.0,0.0,0.0,0.0,0.0,0.0,0.0,2002,radio,0.5
1,5,lr5e-05_bs32_modL1_fusion64_fusionL1_drop0p2_trmiss50_trlocradio,32,5e-05,1,64,1,0.2,lr5e-05_bs32_modL1_fusion64_fusionL1_drop0p2_trmiss50_trlocradio,73,0.5924654603004456,0.7657099068164825,0.3058035714285714,0.5233100486213973,0.36363636363636365,0.0,0.0,0.0,0.0,0.0,0.0,0.0,0.0,0.0,2002,radio,0.5
1,5,lr5e-05_bs32_modL1_fusion64_fusionL1_drop0p2_trmiss50_trlocradio,32,5e-05,1,64,1,0.2,lr5e-05_bs32_modL1_fusion64_fusionL1_drop0p2_trmiss50_trlocradio,74,0.593592514594396,0.7639016807079315,0.3035714285714286,0.5223354934388227,0.38636363636363635,0.0,0.0,0.0,0.0,0.0,0.0,0.0,0.0,0.0,2002,radio,0.5
1,5,lr5e-05_bs32_modL1_fusion64_fusionL1_drop0p2_trmiss50_trlocradio,32,5e-05,1,64,1,0.2,lr5e-05_bs32_modL1_fusion64_fusionL1_drop0p2_trmiss50_trlocradio,75,0.6028477052847544,0.7638527154922485,0.3058035714285714,0.5230913513375377,0.3409090909090909,0.0,0.0,0.0,0.0,0.0,0.0,0.0,0.0,0.0,2002,radio,0.5
1,5,lr5e-05_bs32_modL1_fusion64_fusionL1_drop0p2_trmiss50_trlocradio,32,5e-05,1,64,1,0.2,lr5e-05_bs32_modL1_fusion64_fusionL1_drop0p2_trmiss50_trlocradio,76,0.6024351119995117,0.7633015513420105,0.30357142857142855,0.5226734303377201,0.36363636363636365,0.0,0.0,0.0,0.0,0.0,0.0,0.0,0.0,0.0,2002,radio,0.5
1,5,lr5e-05_bs32_modL1_fusion64_fusionL1_drop0p2_trmiss50_trlocradio,32,5e-05,1,64,1,0.2,lr5e-05_bs32_modL1_fusion64_fusionL1_drop0p2_trmiss50_trlocradio,77,0.6084481378396353,0.7645355761051178,0.30357142857142855,0.5226734303377201,0.3409090909090909,0.0,0.0,0.0,0.0,0.0,0.0,0.0,0.0,0.0,2002,radio,0.5
1,5,lr5e-05_bs32_modL1_fusion64_fusionL1_drop0p2_trmiss50_trlocradio,32,5e-05,1,64,1,0.2,lr5e-05_bs32_modL1_fusion64_fusionL1_drop0p2_trmiss50_trlocradio,78,0.5869372685750326,0.762447714805603,0.3013392857142857,0.5220731902416818,0.3409090909090909,0.0,0.0,0.0,0.0,0.0,0.0,0.0,0.0,0.0,2002,radio,0.5
1,5,lr5e-05_bs32_modL1_fusion64_fusionL1_drop0p2_trmiss50_trlocradio,32,5e-05,1,64,1,0.2,lr5e-05_bs32_modL1_fusion64_fusionL1_drop0p2_trmiss50_trlocradio,79,0.5941099921862284,0.7634873390197754,0.30357142857142855,0.523123610409749,0.38636363636363635,0.0,0.0,0.0,0.0,0.0,0.0,0.0,0.0,0.0,2002,radio,0.5
1,5,lr5e-05_bs32_modL1_fusion64_fusionL1_drop0p2_trmiss50_trlocradio,32,5e-05,1,64,1,0.2,lr5e-05_bs32_modL1_fusion64_fusionL1_drop0p2_trmiss50_trlocradio,80,0.574783056974411,0.7620895504951477,0.30803571428571425,0.5243604687894645,0.38636363636363635,0.0,0.0,0.0,0.0,0.0,0.0,0.0,0.0,0.0,2002,radio,0.5
1,5,lr5e-05_bs32_modL1_fusion64_fusionL1_drop0p1_trmiss50_trlocradio,32,5e-05,1,64,1,0.1,lr5e-05_bs32_modL1_fusion64_fusionL1_drop0p1_trmiss50_trlocradio,1,0.670078823963801,0.6806899905204773,0.5044642857142857,0.6819598628603295,0.6363636363636364,0.0,0.0,0.0,0.0,0.0,0.0,0.0,0.0,0.0,2002,radio,0.5
1,5,lr5e-05_bs32_modL1_fusion64_fusionL1_drop0p1_trmiss50_trlocradio,32,5e-05,1,64,1,0.1,lr5e-05_bs32_modL1_fusion64_fusionL1_drop0p1_trmiss50_trlocradio,2,0.6629742880662283,0.6808644235134125,0.5111607142857144,0.6565769333872448,0.6136363636363636,0.0,0.0,0.0,0.0,0.0,0.0,0.0,0.0,0.0,2002,radio,0.5
1,5,lr5e-05_bs32_modL1_fusion64_fusionL1_drop0p1_trmiss50_trlocradio,32,5e-05,1,64,1,0.1,lr5e-05_bs32_modL1_fusion64_fusionL1_drop0p1_trmiss50_trlocradio,3,0.6339011192321777,0.6788638234138489,0.5044642857142858,0.6439892940302918,0.6136363636363636,0.0,0.0,0.0,0.0,0.0,0.0,0.0,0.0,0.0,2002,radio,0.5
1,5,lr5e-05_bs32_modL1_fusion64_fusionL1_drop0p1_trmiss50_trlocradio,32,5e-05,1,64,1,0.1,lr5e-05_bs32_modL1_fusion64_fusionL1_drop0p1_trmiss50_trlocradio,4,0.6209733684857687,0.6788493394851685,0.5178571428571429,0.6518893383260128,0.5909090909090909,0.0,0.0,0.0,0.0,0.0,0.0,0.0,0.0,0.0,2002,radio,0.5
1,5,lr5e-05_bs32_modL1_fusion64_fusionL1_drop0p1_trmiss50_trlocradio,32,5e-05,1,64,1,0.1,lr5e-05_bs32_modL1_fusion64_fusionL1_drop0p1_trmiss50_trlocradio,5,0.6089593867460886,0.6774955987930298,0.5111607142857142,0.6547637089493642,0.5909090909090909,0.0,0.0,0.0,0.0,0.0,0.0,0.0,0.0,0.0,2002,radio,0.5
1,5,lr5e-05_bs32_modL1_fusion64_fusionL1_drop0p1_trmiss50_trlocradio,32,5e-05,1,64,1,0.1,lr5e-05_bs32_modL1_fusion64_fusionL1_drop0p1_trmiss50_trlocradio,6,0.5785597066084543,0.6728328168392181,0.5245535714285714,0.6943403824910017,0.6136363636363636,0.0,0.0,0.0,0.0,0.0,0.0,0.0,0.0,0.0,2002,radio,0.5
1,5,lr5e-05_bs32_modL1_fusion64_fusionL1_drop0p1_trmiss50_trlocradio,32,5e-05,1,64,1,0.1,lr5e-05_bs32_modL1_fusion64_fusionL1_drop0p1_trmiss50_trlocradio,7,0.5838927030563354,0.6712573766708374,0.53125,0.6960084487923751,0.5909090909090909,0.0,0.0,0.0,0.0,0.0,0.0,0.0,0.0,0.0,2002,radio,0.5
1,5,lr5e-05_bs32_modL1_fusion64_fusionL1_drop0p1_trmiss50_trlocradio,32,5e-05,1,64,1,0.1,lr5e-05_bs32_modL1_fusion64_fusionL1_drop0p1_trmiss50_trlocradio,8,0.57550780971845,0.666626900434494,0.53125,0.6929084750097935,0.5909090909090909,0.0,0.0,0.0,0.0,0.0,0.0,0.0,0.0,0.0,2002,radio,0.5
1,5,lr5e-05_bs32_modL1_fusion64_fusionL1_drop0p1_trmiss50_trlocradio,32,5e-05,1,64,1,0.1,lr5e-05_bs32_modL1_fusion64_fusionL1_drop0p1_trmiss50_trlocradio,9,0.5480065743128458,0.6646957695484161,0.5446428571428572,0.7091649885188361,0.5909090909090909,0.0,0.0,0.0,0.0,0.0,0.0,0.0,0.0,0.0,2002,radio,0.5
1,5,lr5e-05_bs32_modL1_fusion64_fusionL1_drop0p1_trmiss50_trlocradio,32,5e-05,1,64,1,0.1,lr5e-05_bs32_modL1_fusion64_fusionL1_drop0p1_trmiss50_trlocradio,10,0.532859206199646,0.6615257263183594,0.5558035714285714,0.7241810141598618,0.6136363636363636,0.0,0.0,0.0,0.0,0.0,0.0,0.0,0.0,0.0,2002,radio,0.5
1,5,lr5e-05_bs32_modL1_fusion64_fusionL1_drop0p1_trmiss50_trlocradio,32,5e-05,1,64,1,0.1,lr5e-05_bs32_modL1_fusion64_fusionL1_drop0p1_trmiss50_trlocradio,11,0.5441826085249583,0.6609384417533875,0.5602678571428572,0.7252573306491088,0.6363636363636364,0.0,0.0,0.0,0.0,0.0,0.0,0.0,0.0,0.0,2002,radio,0.5
1,5,lr5e-05_bs32_modL1_fusion64_fusionL1_drop0p1_trmiss50_trlocradio,32,5e-05,1,64,1,0.1,lr5e-05_bs32_modL1_fusion64_fusionL1_drop0p1_trmiss50_trlocradio,12,0.5299409280220667,0.6625019907951355,0.5446428571428571,0.7034020051612702,0.6363636363636364,0.0,0.0,0.0,0.0,0.0,0.0,0.0,0.0,0.0,2002,radio,0.5
1,5,lr5e-05_bs32_modL1_fusion64_fusionL1_drop0p1_trmiss50_trlocradio,32,5e-05,1,64,1,0.1,lr5e-05_bs32_modL1_fusion64_fusionL1_drop0p1_trmiss50_trlocradio,13,0.5131276498238245,0.6638341546058655,0.5446428571428572,0.6824344332148155,0.6136363636363636,0.0,0.0,0.0,0.0,0.0,0.0,0.0,0.0,0.0,2002,radio,0.5
1,5,lr5e-05_bs32_modL1_fusion64_fusionL1_drop0p1_trmiss50_trlocradio,32,5e-05,1,64,1,0.1,lr5e-05_bs32_modL1_fusion64_fusionL1_drop0p1_trmiss50_trlocradio,14,0.5032942841450373,0.660889744758606,0.5535714285714286,0.708045643981531,0.6136363636363636,0.0,0.0,0.0,0.0,0.0,0.0,0.0,0.0,0.0,2002,radio,0.5
1,5,lr5e-05_bs32_modL1_fusion64_fusionL1_drop0p1_trmiss50_trlocradio,32,5e-05,1,64,1,0.1,lr5e-05_bs32_modL1_fusion64_fusionL1_drop0p1_trmiss50_trlocradio,15,0.501263032356898,0.6591129004955292,0.5602678571428572,0.7152829935835638,0.6136363636363636,0.0,0.0,0.0,0.0,0.0,0.0,0.0,0.0,0.0,2002,radio,0.5
1,5,lr5e-05_bs32_modL1_fusion64_fusionL1_drop0p1_trmiss50_trlocradio,32,5e-05,1,64,1,0.1,lr5e-05_bs32_modL1_fusion64_fusionL1_drop0p1_trmiss50_trlocradio,16,0.4871847579876582,0.6606703996658325,0.5401785714285714,0.6944611283102636,0.6363636363636364,0.0,0.0,0.0,0.0,0.0,0.0,0.0,0.0,0.0,2002,radio,0.5
1,5,lr5e-05_bs32_modL1_fusion64_fusionL1_drop0p1_trmiss50_trlocradio,32,5e-05,1,64,1,0.1,lr5e-05_bs32_modL1_fusion64_fusionL1_drop0p1_trmiss50_trlocradio,17,0.4783759315808614,0.660584032535553,0.5491071428571428,0.7015755602181145,0.6590909090909091,0.0,0.0,0.0,0.0,0.0,0.0,0.0,0.0,0.0,2002,radio,0.5
1,5,lr5e-05_bs32_modL1_fusion64_fusionL1_drop0p1_trmiss50_trlocradio,32,5e-05,1,64,1,0.1,lr5e-05_bs32_modL1_fusion64_fusionL1_drop0p1_trmiss50_trlocradio,18,0.47099334994951886,0.6594220697879791,0.546875,0.6987943723500716,0.6363636363636364,0.0,0.0,0.0,0.0,0.0,0.0,0.0,0.0,0.0,2002,radio,0.5
1,5,lr5e-05_bs32_modL1_fusion64_fusionL1_drop0p1_trmiss50_trlocradio,32,5e-05,1,64,1,0.1,lr5e-05_bs32_modL1_fusion64_fusionL1_drop0p1_trmiss50_trlocradio,19,0.4663961778084437,0.6557882726192474,0.5535714285714286,0.7041632805595942,0.6590909090909091,0.0,0.0,0.0,0.0,0.0,0.0,0.0,0.0,0.0,2002,radio,0.5
1,5,lr5e-05_bs32_modL1_fusion64_fusionL1_drop0p1_trmiss50_trlocradio,32,5e-05,1,64,1,0.1,lr5e-05_bs32_modL1_fusion64_fusionL1_drop0p1_trmiss50_trlocradio,20,0.45643027126789093,0.6514597833156586,0.5691964285714286,0.7146144140075594,0.6590909090909091,0.0,0.0,0.0,0.0,0.0,0.0,0.0,0.0,0.0,2002,radio,0.5
1,5,lr5e-05_bs32_modL1_fusion64_fusionL1_drop0p1_trmiss50_trlocradio,32,5e-05,1,64,1,0.1,lr5e-05_bs32_modL1_fusion64_fusionL1_drop0p1_trmiss50_trlocradio,21,0.449271818002065,0.6470461189746857,0.5803571428571428,0.7304042725730151,0.6363636363636364,0.0,0.0,0.0,0.0,0.0,0.0,0.0,0.0,0.0,2002,radio,0.5
1,5,lr5e-05_bs32_modL1_fusion64_fusionL1_drop0p1_trmiss50_trlocradio,32,5e-05,1,64,1,0.1,lr5e-05_bs32_modL1_fusion64_fusionL1_drop0p1_trmiss50_trlocradio,22,0.44954714179039,0.6434284150600433,0.5915178571428572,0.7392983428430516,0.6590909090909091,0.0,0.0,0.0,0.0,0.0,0.0,0.0,0.0,0.0,2002,radio,0.5
1,5,lr5e-05_bs32_modL1_fusion64_fusionL1_drop0p1_trmiss50_trlocradio,32,5e-05,1,64,1,0.1,lr5e-05_bs32_modL1_fusion64_fusionL1_drop0p1_trmiss50_trlocradio,23,0.4387357880671819,0.6417630910873413,0.5982142857142857,0.7390799708982596,0.6363636363636364,0.0,0.0,0.0,0.0,0.0,0.0,0.0,0.0,0.0,2002,radio,0.5
1,5,lr5e-05_bs32_modL1_fusion64_fusionL1_drop0p1_trmiss50_trlocradio,32,5e-05,1,64,1,0.1,lr5e-05_bs32_modL1_fusion64_fusionL1_drop0p1_trmiss50_trlocradio,24,0.4487450073162715,0.6411822140216827,0.5982142857142858,0.7412207812375199,0.6590909090909091,0.0,0.0,0.0,0.0,0.0,0.0,0.0,0.0,0.0,2002,radio,0.5
1,5,lr5e-05_bs32_modL1_fusion64_fusionL1_drop0p1_trmiss50_trlocradio,32,5e-05,1,64,1,0.1,lr5e-05_bs32_modL1_fusion64_fusionL1_drop0p1_trmiss50_trlocradio,25,0.4390671004851659,0.6382349729537964,0.609375,0.7487235131119918,0.6590909090909091,0.0,0.0,0.0,0.0,0.0,0.0,0.0,0.0,0.0,2002,radio,0.5
1,5,lr5e-05_bs32_modL1_fusion64_fusionL1_drop0p1_trmiss50_trlocradio,32,5e-05,1,64,1,0.1,lr5e-05_bs32_modL1_fusion64_fusionL1_drop0p1_trmiss50_trlocradio,26,0.41755756239096325,0.6372956335544586,0.6049107142857143,0.7398086327827745,0.6590909090909091,0.0,0.0,0.0,0.0,0.0,0.0,0.0,0.0,0.0,2002,radio,0.5
1,5,lr5e-05_bs32_modL1_fusion64_fusionL1_drop0p1_trmiss50_trlocradio,32,5e-05,1,64,1,0.1,lr5e-05_bs32_modL1_fusion64_fusionL1_drop0p1_trmiss50_trlocradio,27,0.4086119880278905,0.6387412548065186,0.59375,0.7277025241256598,0.6590909090909091,0.0,0.0,0.0,0.0,0.0,0.0,0.0,0.0,0.0,2002,radio,0.5
1,5,lr5e-05_bs32_modL1_fusion64_fusionL1_drop0p1_trmiss50_trlocradio,32,5e-05,1,64,1,0.1,lr5e-05_bs32_modL1_fusion64_fusionL1_drop0p1_trmiss50_trlocradio,28,0.41427093247572583,0.6339634656906128,0.6116071428571429,0.7622553561440486,0.6590909090909091,0.0,0.0,0.0,0.0,0.0,0.0,0.0,0.0,0.0,2002,radio,0.5
1,5,lr5e-05_bs32_modL1_fusion64_fusionL1_drop0p1_trmiss50_trlocradio,32,5e-05,1,64,1,0.1,lr5e-05_bs32_modL1_fusion64_fusionL1_drop0p1_trmiss50_trlocradio,29,0.4070960432291031,0.6270438730716705,0.609375,0.7629422133606345,0.6590909090909091,0.0,0.0,0.0,0.0,0.0,0.0,0.0,0.0,0.0,2002,radio,0.5
1,5,lr5e-05_bs32_modL1_fusion64_fusionL1_drop0p1_trmiss50_trlocradio,32,5e-05,1,64,1,0.1,lr5e-05_bs32_modL1_fusion64_fusionL1_drop0p1_trmiss50_trlocradio,30,0.3888676216204961,0.6265308558940887,0.6294642857142857,0.7710683039708313,0.6818181818181818,0.0,0.0,0.0,0.0,0.0,0.0,0.0,0.0,0.0,2002,radio,0.5
1,5,lr5e-05_bs32_modL1_fusion64_fusionL1_drop0p1_trmiss50_trlocradio,32,5e-05,1,64,1,0.1,lr5e-05_bs32_modL1_fusion64_fusionL1_drop0p1_trmiss50_trlocradio,31,0.38627207775910694,0.6265626549720764,0.6428571428571428,0.7768056984687299,0.7045454545454546,0.0,0.0,0.0,0.0,0.0,0.0,0.0,0.0,0.0,2002,radio,0.5
1,5,lr5e-05_bs32_modL1_fusion64_fusionL1_drop0p1_trmiss50_trlocradio,32,5e-05,1,64,1,0.1,lr5e-05_bs32_modL1_fusion64_fusionL1_drop0p1_trmiss50_trlocradio,32,0.3895205458005269,0.6263913810253143,0.6473214285714285,0.7595898096725332,0.7272727272727273,0.0,0.0,0.0,0.0,0.0,0.0,0.0,0.0,0.0,2002,radio,0.5
1,5,lr5e-05_bs32_modL1_fusion64_fusionL1_drop0p1_trmiss50_trlocradio,32,5e-05,1,64,1,0.1,lr5e-05_bs32_modL1_fusion64_fusionL1_drop0p1_trmiss50_trlocradio,33,0.380066712697347,0.6255635917186737,0.6272321428571428,0.7309270603172525,0.7045454545454546,0.0,0.0,0.0,0.0,0.0,0.0,0.0,0.0,0.0,2002,radio,0.5
1,5,lr5e-05_bs32_modL1_fusion64_fusionL1_drop0p1_trmiss50_trlocradio,32,5e-05,1,64,1,0.1,lr5e-05_bs32_modL1_fusion64_fusionL1_drop0p1_trmiss50_trlocradio,34,0.38933200637499493,0.6239894926548004,0.6383928571428571,0.7663480063553694,0.6590909090909091,0.0,0.0,0.0,0.0,0.0,0.0,0.0,0.0,0.0,2002,radio,0.5
1,5,lr5e-05_bs32_modL1_fusion64_fusionL1_drop0p1_trmiss50_trlocradio,32,5e-05,1,64,1,0.1,lr5e-05_bs32_modL1_fusion64_fusionL1_drop0p1_trmiss50_trlocradio,35,0.3705722540616989,0.6219596266746521,0.6339285714285714,0.7614548089453667,0.6818181818181818,0.0,0.0,0.0,0.0,0.0,0.0,0.0,0.0,0.0,2002,radio,0.5
1,5,lr5e-05_bs32_modL1_fusion64_fusionL1_drop0p1_trmiss50_trlocradio,32,5e-05,1,64,1,0.1,lr5e-05_bs32_modL1_fusion64_fusionL1_drop0p1_trmiss50_trlocradio,36,0.36432714263598126,0.6234397888183594,0.640625,0.7747366000930802,0.6590909090909091,0.0,0.0,0.0,0.0,0.0,0.0,0.0,0.0,0.0,2002,radio,0.5
1,5,lr5e-05_bs32_modL1_fusion64_fusionL1_drop0p1_trmiss50_trlocradio,32,5e-05,1,64,1,0.1,lr5e-05_bs32_modL1_fusion64_fusionL1_drop0p1_trmiss50_trlocradio,37,0.35473349193731946,0.6209110021591187,0.6428571428571429,0.7757353222933119,0.6590909090909091,0.0,0.0,0.0,0.0,0.0,0.0,0.0,0.0,0.0,2002,radio,0.5
1,5,lr5e-05_bs32_modL1_fusion64_fusionL1_drop0p1_trmiss50_trlocradio,32,5e-05,1,64,1,0.1,lr5e-05_bs32_modL1_fusion64_fusionL1_drop0p1_trmiss50_trlocradio,38,0.34323805570602417,0.6197001039981842,0.6495535714285714,0.7790977467038044,0.6590909090909091,0.0,0.0,0.0,0.0,0.0,0.0,0.0,0.0,0.0,2002,radio,0.5
1,5,lr5e-05_bs32_modL1_fusion64_fusionL1_drop0p1_trmiss50_trlocradio,32,5e-05,1,64,1,0.1,lr5e-05_bs32_modL1_fusion64_fusionL1_drop0p1_trmiss50_trlocradio,39,0.35492587586243945,0.61343714594841,0.6651785714285714,0.7852025017873527,0.7045454545454546,0.0,0.0,0.0,0.0,0.0,0.0,0.0,0.0,0.0,2002,radio,0.5
1,5,lr5e-05_bs32_modL1_fusion64_fusionL1_drop0p1_trmiss50_trlocradio,32,5e-05,1,64,1,0.1,lr5e-05_bs32_modL1_fusion64_fusionL1_drop0p1_trmiss50_trlocradio,40,0.3446656713883082,0.6248212456703186,0.6473214285714285,0.7478899041289288,0.6818181818181818,0.0,0.0,0.0,0.0,0.0,0.0,0.0,0.0,0.0,2002,radio,0.5
1,5,lr5e-05_bs32_modL1_fusion64_fusionL1_drop0p1_trmiss50_trlocradio,32,5e-05,1,64,1,0.1,lr5e-05_bs32_modL1_fusion64_fusionL1_drop0p1_trmiss50_trlocradio,41,0.3364858726660411,0.6245004832744598,0.6495535714285714,0.748315265346545,0.6818181818181818,0.0,0.0,0.0,0.0,0.0,0.0,0.0,0.0,0.0,2002,radio,0.5
1,5,lr5e-05_bs32_modL1_fusion64_fusionL1_drop0p1_trmiss50_trlocradio,32,5e-05,1,64,1,0.1,lr5e-05_bs32_modL1_fusion64_fusionL1_drop0p1_trmiss50_trlocradio,42,0.3465219388405482,0.6180801093578339,0.6473214285714286,0.773969045681877,0.6818181818181818,0.0,0.0,0.0,0.0,0.0,0.0,0.0,0.0,0.0,2002,radio,0.5
1,5,lr5e-05_bs32_modL1_fusion64_fusionL1_drop0p1_trmiss50_trlocradio,32,5e-05,1,64,1,0.1,lr5e-05_bs32_modL1_fusion64_fusionL1_drop0p1_trmiss50_trlocradio,43,0.32797926167647046,0.6135950088500977,0.6674107142857143,0.7842228080513226,0.6818181818181818,0.0,0.0,0.0,0.0,0.0,0.0,0.0,0.0,0.0,2002,radio,0.5
1,5,lr5e-05_bs32_modL1_fusion64_fusionL1_drop0p1_trmiss50_trlocradio,32,5e-05,1,64,1,0.1,lr5e-05_bs32_modL1_fusion64_fusionL1_drop0p1_trmiss50_trlocradio,44,0.3283868084351222,0.6136322915554047,0.6651785714285714,0.7757805063054494,0.6818181818181818,0.0,0.0,0.0,0.0,0.0,0.0,0.0,0.0,0.0,2002,radio,0.5
1,5,lr5e-05_bs32_modL1_fusion64_fusionL1_drop0p1_trmiss50_trlocradio,32,5e-05,1,64,1,0.1,lr5e-05_bs32_modL1_fusion64_fusionL1_drop0p1_trmiss50_trlocradio,45,0.3333285301923752,0.6161080598831177,0.6607142857142858,0.7568359749882855,0.6590909090909091,0.0,0.0,0.0,0.0,0.0,0.0,0.0,0.0,0.0,2002,radio,0.5
1,5,lr5e-05_bs32_modL1_fusion64_fusionL1_drop0p1_trmiss50_trlocradio,32,5e-05,1,64,1,0.1,lr5e-05_bs32_modL1_fusion64_fusionL1_drop0p1_trmiss50_trlocradio,46,0.3122284412384033,0.6169291734695435,0.6651785714285714,0.7620474301997406,0.6590909090909091,0.0,0.0,0.0,0.0,0.0,0.0,0.0,0.0,0.0,2002,radio,0.5
1,5,lr5e-05_bs32_modL1_fusion64_fusionL1_drop0p1_trmiss50_trlocradio,32,5e-05,1,64,1,0.1,lr5e-05_bs32_modL1_fusion64_fusionL1_drop0p1_trmiss50_trlocradio,47,0.30982782940069836,0.6180644333362579,0.6607142857142857,0.7606604308626591,0.6363636363636364,0.0,0.0,0.0,0.0,0.0,0.0,0.0,0.0,0.0,2002,radio,0.5
1,5,lr5e-05_bs32_modL1_fusion64_fusionL1_drop0p1_trmiss50_trlocradio,32,5e-05,1,64,1,0.1,lr5e-05_bs32_modL1_fusion64_fusionL1_drop0p1_trmiss50_trlocradio,48,0.3169833918412526,0.6140938103199005,0.6607142857142858,0.7612893855029511,0.6363636363636364,0.0,0.0,0.0,0.0,0.0,0.0,0.0,0.0,0.0,2002,radio,0.5
1,5,lr5e-05_bs32_modL1_fusion64_fusionL1_drop0p1_trmiss50_trlocradio,32,5e-05,1,64,1,0.1,lr5e-05_bs32_modL1_fusion64_fusionL1_drop0p1_trmiss50_trlocradio,49,0.31924740970134735,0.6128711104393005,0.65625,0.7598604806076595,0.6363636363636364,0.0,0.0,0.0,0.0,0.0,0.0,0.0,0.0,0.0,2002,radio,0.5
1,5,lr5e-05_bs32_modL1_fusion64_fusionL1_drop0p1_trmiss50_trlocradio,32,5e-05,1,64,1,0.1,lr5e-05_bs32_modL1_fusion64_fusionL1_drop0p1_trmiss50_trlocradio,50,0.31259434918562573,0.613208144903183,0.654017857142857,0.7603986430867274,0.6363636363636364,0.0,0.0,0.0,0.0,0.0,0.0,0.0,0.0,0.0,2002,radio,0.5
1,5,lr5e-05_bs32_modL1_fusion64_fusionL1_drop0p1_trmiss50_trlocradio,32,5e-05,1,64,1,0.1,lr5e-05_bs32_modL1_fusion64_fusionL1_drop0p1_trmiss50_trlocradio,51,0.30535635848840076,0.615774542093277,0.6584821428571428,0.7634027914545385,0.6136363636363636,0.0,0.0,0.0,0.0,0.0,0.0,0.0,0.0,0.0,2002,radio,0.5
1,5,lr5e-05_bs32_modL1_fusion64_fusionL1_drop0p1_trmiss50_trlocradio,32,5e-05,1,64,1,0.1,lr5e-05_bs32_modL1_fusion64_fusionL1_drop0p1_trmiss50_trlocradio,52,0.3161970277627309,0.6139339804649353,0.6517857142857143,0.7753507147165927,0.6363636363636364,0.0,0.0,0.0,0.0,0.0,0.0,0.0,0.0,0.0,2002,radio,0.5
1,5,lr5e-05_bs32_modL1_fusion64_fusionL1_drop0p1_trmiss50_trlocradio,32,5e-05,1,64,1,0.1,lr5e-05_bs32_modL1_fusion64_fusionL1_drop0p1_trmiss50_trlocradio,53,0.3119163513183594,0.6128748655319214,0.6517857142857143,0.7746871690121343,0.6590909090909091,0.0,0.0,0.0,0.0,0.0,0.0,0.0,0.0,0.0,2002,radio,0.5
1,5,lr5e-05_bs32_modL1_fusion64_fusionL1_drop0p1_trmiss50_trlocradio,32,5e-05,1,64,1,0.1,lr5e-05_bs32_modL1_fusion64_fusionL1_drop0p1_trmiss50_trlocradio,54,0.29334545135498047,0.6128987967967987,0.6584821428571428,0.7764571288021257,0.6363636363636364,0.0,0.0,0.0,0.0,0.0,0.0,0.0,0.0,0.0,2002,radio,0.5
1,5,lr5e-05_bs32_modL1_fusion64_fusionL1_drop0p1_trmiss50_trlocradio,32,5e-05,1,64,1,0.1,lr5e-05_bs32_modL1_fusion64_fusionL1_drop0p1_trmiss50_trlocradio,55,0.30484869082768756,0.6101322174072266,0.6584821428571428,0.7702090293962459,0.6363636363636364,0.0,0.0,0.0,0.0,0.0,0.0,0.0,0.0,0.0,2002,radio,0.5
1,5,lr5e-05_bs32_modL1_fusion64_fusionL1_drop0p1_trmiss50_trlocradio,32,5e-05,1,64,1,0.1,lr5e-05_bs32_modL1_fusion64_fusionL1_drop0p1_trmiss50_trlocradio,56,0.3067430357138316,0.6075868606567383,0.6607142857142857,0.7711088842876975,0.6136363636363636,0.0,0.0,0.0,0.0,0.0,0.0,0.0,0.0,0.0,2002,radio,0.5
1,5,lr5e-05_bs32_modL1_fusion64_fusionL1_drop0p1_trmiss50_trlocradio,32,5e-05,1,64,1,0.1,lr5e-05_bs32_modL1_fusion64_fusionL1_drop0p1_trmiss50_trlocradio,57,0.3037736763556798,0.6104226410388947,0.65625,0.7566332455473529,0.6363636363636364,0.0,0.0,0.0,0.0,0.0,0.0,0.0,0.0,0.0,2002,radio,0.5
1,5,lr5e-05_bs32_modL1_fusion64_fusionL1_drop0p1_trmiss50_trlocradio,32,5e-05,1,64,1,0.1,lr5e-05_bs32_modL1_fusion64_fusionL1_drop0p1_trmiss50_trlocradio,58,0.3155776808659236,0.6126091480255127,0.6651785714285714,0.7654082435541621,0.6136363636363636,0.0,0.0,0.0,0.0,0.0,0.0,0.0,0.0,0.0,2002,radio,0.5
1,5,lr5e-05_bs32_modL1_fusion64_fusionL1_drop0p1_trmiss50_trlocradio,32,5e-05,1,64,1,0.1,lr5e-05_bs32_modL1_fusion64_fusionL1_drop0p1_trmiss50_trlocradio,59,0.2961212495962779,0.6121679842472076,0.6651785714285714,0.7668595098834522,0.6136363636363636,0.0,0.0,0.0,0.0,0.0,0.0,0.0,0.0,0.0,2002,radio,0.5
1,5,lr5e-05_bs32_modL1_fusion64_fusionL1_drop0p1_trmiss50_trlocradio,32,5e-05,1,64,1,0.1,lr5e-05_bs32_modL1_fusion64_fusionL1_drop0p1_trmiss50_trlocradio,60,0.28486306965351105,0.6110939681529999,0.6517857142857143,0.7569192384880287,0.6136363636363636,0.0,0.0,0.0,0.0,0.0,0.0,0.0,0.0,0.0,2002,radio,0.5
1,5,lr5e-05_bs32_modL1_fusion64_fusionL1_drop0p1_trmiss50_trlocradio,32,5e-05,1,64,1,0.1,lr5e-05_bs32_modL1_fusion64_fusionL1_drop0p1_trmiss50_trlocradio,61,0.28750820457935333,0.6097855567932129,0.6517857142857142,0.7531125948628367,0.6363636363636364,0.0,0.0,0.0,0.0,0.0,0.0,0.0,0.0,0.0,2002,radio,0.5
1,5,lr5e-05_bs32_modL1_fusion64_fusionL1_drop0p1_trmiss50_trlocradio,32,5e-05,1,64,1,0.1,lr5e-05_bs32_modL1_fusion64_fusionL1_drop0p1_trmiss50_trlocradio,62,0.28277098139127094,0.6086598336696625,0.6629464285714286,0.7608735616471639,0.6363636363636364,0.0,0.0,0.0,0.0,0.0,0.0,0.0,0.0,0.0,2002,radio,0.5
1,5,lr5e-05_bs32_modL1_fusion64_fusionL1_drop0p1_trmiss50_trlocradio,32,5e-05,1,64,1,0.1,lr5e-05_bs32_modL1_fusion64_fusionL1_drop0p1_trmiss50_trlocradio,63,0.2966269652048747,0.6068684458732605,0.6607142857142857,0.7611487327164187,0.6136363636363636,0.0,0.0,0.0,0.0,0.0,0.0,0.0,0.0,0.0,2002,radio,0.5
1,5,lr1e-04_bs32_modL1_fusion32_fusionL1_drop0p2_trmiss50_trlocradio,32,0.0001,1,32,1,0.2,lr1e-04_bs32_modL1_fusion32_fusionL1_drop0p2_trmiss50_trlocradio,1,0.6661997536818186,0.6926248669624329,0.36383928571428575,0.5605891022046043,0.5909090909090909,0.0,0.0,0.0,0.0,0.0,0.0,0.0,0.0,0.0,2002,radio,0.5
1,5,lr1e-04_bs32_modL1_fusion32_fusionL1_drop0p2_trmiss50_trlocradio,32,0.0001,1,32,1,0.2,lr1e-04_bs32_modL1_fusion32_fusionL1_drop0p2_trmiss50_trlocradio,2,0.6584050357341766,0.6946938633918762,0.4017857142857143,0.5959517804568633,0.6136363636363636,0.0,0.0,0.0,0.0,0.0,0.0,0.0,0.0,0.0,2002,radio,0.5
1,5,lr1e-04_bs32_modL1_fusion32_fusionL1_drop0p2_trmiss50_trlocradio,32,0.0001,1,32,1,0.2,lr1e-04_bs32_modL1_fusion32_fusionL1_drop0p2_trmiss50_trlocradio,3,0.6111615796883901,0.6975072622299194,0.4263392857142857,0.5823120806138592,0.5909090909090909,0.0,0.0,0.0,0.0,0.0,0.0,0.0,0.0,0.0,2002,radio,0.5
1,5,lr1e-04_bs32_modL1_fusion32_fusionL1_drop0p2_trmiss50_trlocradio,32,0.0001,1,32,1,0.2,lr1e-04_bs32_modL1_fusion32_fusionL1_drop0p2_trmiss50_trlocradio,4,0.602559914191564,0.7011865675449371,0.4107142857142857,0.5874742128560281,0.4772727272727273,0.0,0.0,0.0,0.0,0.0,0.0,0.0,0.0,0.0,2002,radio,0.5
1,5,lr1e-04_bs32_modL1_fusion32_fusionL1_drop0p2_trmiss50_trlocradio,32,0.0001,1,32,1,0.2,lr1e-04_bs32_modL1_fusion32_fusionL1_drop0p2_trmiss50_trlocradio,5,0.5678204596042633,0.6993792057037354,0.42410714285714285,0.5957157226405287,0.5227272727272727,0.0,0.0,0.0,0.0,0.0,0.0,0.0,0.0,0.0,2002,radio,0.5
1,5,lr1e-04_bs32_modL1_fusion32_fusionL1_drop0p2_trmiss50_trlocradio,32,0.0001,1,32,1,0.2,lr1e-04_bs32_modL1_fusion32_fusionL1_drop0p2_trmiss50_trlocradio,6,0.56234543522199,0.6974635720252991,0.4263392857142857,0.5922899441892074,0.5454545454545454,0.0,0.0,0.0,0.0,0.0,0.0,0.0,0.0,0.0,2002,radio,0.5
1,5,lr1e-04_bs32_modL1_fusion32_fusionL1_drop0p2_trmiss50_trlocradio,32,0.0001,1,32,1,0.2,lr1e-04_bs32_modL1_fusion32_fusionL1_drop0p2_trmiss50_trlocradio,7,0.5550014873345693,0.6937609612941742,0.46651785714285715,0.6271091772793869,0.5681818181818182,0.0,0.0,0.0,0.0,0.0,0.0,0.0,0.0,0.0,2002,radio,0.5
1,5,lr1e-04_bs32_modL1_fusion32_fusionL1_drop0p2_trmiss50_trlocradio,32,0.0001,1,32,1,0.2,lr1e-04_bs32_modL1_fusion32_fusionL1_drop0p2_trmiss50_trlocradio,8,0.5377471347649893,0.6951509714126587,0.453125,0.6203590981763667,0.5681818181818182,0.0,0.0,0.0,0.0,0.0,0.0,0.0,0.0,0.0,2002,radio,0.5
1,5,lr1e-04_bs32_modL1_fusion32_fusionL1_drop0p2_trmiss50_trlocradio,32,0.0001,1,32,1,0.2,lr1e-04_bs32_modL1_fusion32_fusionL1_drop0p2_trmiss50_trlocradio,9,0.5474509199460348,0.6933709979057312,0.44642857142857145,0.6138723184917381,0.5909090909090909,0.0,0.0,0.0,0.0,0.0,0.0,0.0,0.0,0.0,2002,radio,0.5
1,5,lr1e-04_bs32_modL1_fusion32_fusionL1_drop0p2_trmiss50_trlocradio,32,0.0001,1,32,1,0.2,lr1e-04_bs32_modL1_fusion32_fusionL1_drop0p2_trmiss50_trlocradio,10,0.5122600297133127,0.6889337003231049,0.46875,0.6306072561944177,0.5909090909090909,0.0,0.0,0.0,0.0,0.0,0.0,0.0,0.0,0.0,2002,radio,0.5
1,5,lr1e-04_bs32_modL1_fusion32_fusionL1_drop0p2_trmiss50_trlocradio,32,0.0001,1,32,1,0.2,lr1e-04_bs32_modL1_fusion32_fusionL1_drop0p2_trmiss50_trlocradio,11,0.5193051149447759,0.6876383125782013,0.4754464285714286,0.6190614443925778,0.5909090909090909,0.0,0.0,0.0,0.0,0.0,0.0,0.0,0.0,0.0,2002,radio,0.5
1,5,lr1e-04_bs32_modL1_fusion32_fusionL1_drop0p2_trmiss50_trlocradio,32,0.0001,1,32,1,0.2,lr1e-04_bs32_modL1_fusion32_fusionL1_drop0p2_trmiss50_trlocradio,12,0.5156368464231491,0.6849692761898041,0.4799107142857143,0.6368068195871479,0.5909090909090909,0.0,0.0,0.0,0.0,0.0,0.0,0.0,0.0,0.0,2002,radio,0.5
1,5,lr1e-04_bs32_modL1_fusion32_fusionL1_drop0p2_trmiss50_trlocradio,32,0.0001,1,32,1,0.2,lr1e-04_bs32_modL1_fusion32_fusionL1_drop0p2_trmiss50_trlocradio,13,0.5044429550568262,0.6825606524944305,0.48660714285714285,0.6456875071594729,0.5909090909090909,0.0,0.0,0.0,0.0,0.0,0.0,0.0,0.0,0.0,2002,radio,0.5
1,5,lr1e-04_bs32_modL1_fusion32_fusionL1_drop0p2_trmiss50_trlocradio,32,0.0001,1,32,1,0.2,lr1e-04_bs32_modL1_fusion32_fusionL1_drop0p2_trmiss50_trlocradio,14,0.5085827658573786,0.6789883375167847,0.49330357142857145,0.6477337025631855,0.6136363636363636,0.0,0.0,0.0,0.0,0.0,0.0,0.0,0.0,0.0,2002,radio,0.5
1,5,lr1e-04_bs32_modL1_fusion32_fusionL1_drop0p2_trmiss50_trlocradio,32,0.0001,1,32,1,0.2,lr1e-04_bs32_modL1_fusion32_fusionL1_drop0p2_trmiss50_trlocradio,15,0.5060102889935175,0.6770700216293335,0.5044642857142857,0.6761217772998063,0.6136363636363636,0.0,0.0,0.0,0.0,0.0,0.0,0.0,0.0,0.0,2002,radio,0.5
1,5,lr1e-04_bs32_modL1_fusion32_fusionL1_drop0p2_trmiss50_trlocradio,32,0.0001,1,32,1,0.2,lr1e-04_bs32_modL1_fusion32_fusionL1_drop0p2_trmiss50_trlocradio,16,0.49273236095905304,0.6735638082027435,0.5089285714285714,0.6823446818329609,0.5909090909090909,0.0,0.0,0.0,0.0,0.0,0.0,0.0,0.0,0.0,2002,radio,0.5
1,5,lr1e-04_bs32_modL1_fusion32_fusionL1_drop0p2_trmiss50_trlocradio,32,0.0001,1,32,1,0.2,lr1e-04_bs32_modL1_fusion32_fusionL1_drop0p2_trmiss50_trlocradio,17,0.4989396135012309,0.6711923480033875,0.5178571428571428,0.6857343102266329,0.6136363636363636,0.0,0.0,0.0,0.0,0.0,0.0,0.0,0.0,0.0,2002,radio,0.5
1,5,lr1e-04_bs32_modL1_fusion32_fusionL1_drop0p2_trmiss50_trlocradio,32,0.0001,1,32,1,0.2,lr1e-04_bs32_modL1_fusion32_fusionL1_drop0p2_trmiss50_trlocradio,18,0.4786267975966136,0.6678251028060913,0.5334821428571428,0.7031357668500454,0.6136363636363636,0.0,0.0,0.0,0.0,0.0,0.0,0.0,0.0,0.0,2002,radio,0.5
1,5,lr1e-04_bs32_modL1_fusion32_fusionL1_drop0p2_trmiss50_trlocradio,32,0.0001,1,32,1,0.2,lr1e-04_bs32_modL1_fusion32_fusionL1_drop0p2_trmiss50_trlocradio,19,0.48019463817278546,0.665654182434082,0.53125,0.7050206061880725,0.6136363636363636,0.0,0.0,0.0,0.0,0.0,0.0,0.0,0.0,0.0,2002,radio,0.5
1,5,lr1e-04_bs32_modL1_fusion32_fusionL1_drop0p2_trmiss50_trlocradio,32,0.0001,1,32,1,0.2,lr1e-04_bs32_modL1_fusion32_fusionL1_drop0p2_trmiss50_trlocradio,20,0.4619879573583603,0.6671803295612335,0.5223214285714286,0.6971964801872498,0.6136363636363636,0.0,0.0,0.0,0.0,0.0,0.0,0.0,0.0,0.0,2002,radio,0.5
1,5,lr1e-04_bs32_modL1_fusion32_fusionL1_drop0p2_trmiss50_trlocradio,32,0.0001,1,32,1,0.2,lr1e-04_bs32_modL1_fusion32_fusionL1_drop0p2_trmiss50_trlocradio,21,0.48422524829705554,0.6664290130138397,0.5334821428571428,0.70496570609143,0.5909090909090909,0.0,0.0,0.0,0.0,0.0,0.0,0.0,0.0,0.0,2002,radio,0.5
1,5,lr1e-04_bs32_modL1_fusion32_fusionL1_drop0p2_trmiss50_trlocradio,32,0.0001,1,32,1,0.2,lr1e-04_bs32_modL1_fusion32_fusionL1_drop0p2_trmiss50_trlocradio,22,0.4645710438489914,0.6675025820732117,0.5357142857142858,0.6945372563366617,0.5909090909090909,0.0,0.0,0.0,0.0,0.0,0.0,0.0,0.0,0.0,2002,radio,0.5
1,5,lr1e-04_bs32_modL1_fusion32_fusionL1_drop0p2_trmiss50_trlocradio,32,0.0001,1,32,1,0.2,lr1e-04_bs32_modL1_fusion32_fusionL1_drop0p2_trmiss50_trlocradio,23,0.45842889944712323,0.6651677489280701,0.5513392857142857,0.706805810234712,0.5909090909090909,0.0,0.0,0.0,0.0,0.0,0.0,0.0,0.0,0.0,2002,radio,0.5
1,5,lr1e-04_bs32_modL1_fusion32_fusionL1_drop0p2_trmiss50_trlocradio,32,0.0001,1,32,1,0.2,lr1e-04_bs32_modL1_fusion32_fusionL1_drop0p2_trmiss50_trlocradio,24,0.4556370774904887,0.6676710546016693,0.5424107142857143,0.7016809916747644,0.5681818181818182,0.0,0.0,0.0,0.0,0.0,0.0,0.0,0.0,0.0,2002,radio,0.5
1,5,lr1e-04_bs32_modL1_fusion32_fusionL1_drop0p2_trmiss50_trlocradio,32,0.0001,1,32,1,0.2,lr1e-04_bs32_modL1_fusion32_fusionL1_drop0p2_trmiss50_trlocradio,25,0.4549489915370941,0.6658341586589813,0.5513392857142857,0.7177385794055513,0.5909090909090909,0.0,0.0,0.0,0.0,0.0,0.0,0.0,0.0,0.0,2002,radio,0.5
1,5,lr1e-04_bs32_modL1_fusion32_fusionL1_drop0p2_trmiss50_trlocradio,32,0.0001,1,32,1,0.2,lr1e-04_bs32_modL1_fusion32_fusionL1_drop0p2_trmiss50_trlocradio,26,0.4521695375442505,0.6651681661605835,0.5446428571428571,0.7179290691736145,0.5909090909090909,0.0,0.0,0.0,0.0,0.0,0.0,0.0,0.0,0.0,2002,radio,0.5
1,5,lr1e-04_bs32_modL1_fusion32_fusionL1_drop0p2_trmiss50_trlocradio,32,0.0001,1,32,1,0.2,lr1e-04_bs32_modL1_fusion32_fusionL1_drop0p2_trmiss50_trlocradio,27,0.4509967317183812,0.6613768339157104,0.5491071428571428,0.7100006719512136,0.6136363636363636,0.0,0.0,0.0,0.0,0.0,0.0,0.0,0.0,0.0,2002,radio,0.5
1,5,lr1e-04_bs32_modL1_fusion32_fusionL1_drop0p2_trmiss50_trlocradio,32,0.0001,1,32,1,0.2,lr1e-04_bs32_modL1_fusion32_fusionL1_drop0p2_trmiss50_trlocradio,28,0.41397991279761,0.6587391495704651,0.5647321428571428,0.6954826766128691,0.6136363636363636,0.0,0.0,0.0,0.0,0.0,0.0,0.0,0.0,0.0,2002,radio,0.5
1,5,lr1e-04_bs32_modL1_fusion32_fusionL1_drop0p2_trmiss50_trlocradio,32,0.0001,1,32,1,0.2,lr1e-04_bs32_modL1_fusion32_fusionL1_drop0p2_trmiss50_trlocradio,29,0.42704052726427716,0.6603070199489594,0.5491071428571429,0.6883268714887455,0.6136363636363636,0.0,0.0,0.0,0.0,0.0,0.0,0.0,0.0,0.0,2002,radio,0.5
1,5,lr1e-04_bs32_modL1_fusion32_fusionL1_drop0p2_trmiss50_trlocradio,32,0.0001,1,32,1,0.2,lr1e-04_bs32_modL1_fusion32_fusionL1_drop0p2_trmiss50_trlocradio,30,0.43198120097319287,0.6597001254558563,0.5535714285714286,0.6881053384542016,0.5909090909090909,0.0,0.0,0.0,0.0,0.0,0.0,0.0,0.0,0.0,2002,radio,0.5
1,5,lr1e-04_bs32_modL1_fusion32_fusionL1_drop0p2_trmiss50_trlocradio,32,0.0001,1,32,1,0.2,lr1e-04_bs32_modL1_fusion32_fusionL1_drop0p2_trmiss50_trlocradio,31,0.4213627427816391,0.6587236523628235,0.5580357142857143,0.6917062113019431,0.6363636363636364,0.0,0.0,0.0,0.0,0.0,0.0,0.0,0.0,0.0,2002,radio,0.5
1,5,lr1e-04_bs32_modL1_fusion32_fusionL1_drop0p2_trmiss50_trlocradio,32,0.0001,1,32,1,0.2,lr1e-04_bs32_modL1_fusion32_fusionL1_drop0p2_trmiss50_trlocradio,32,0.40442218879858655,0.6550455987453461,0.5825892857142857,0.726905950643958,0.6136363636363636,0.0,0.0,0.0,0.0,0.0,0.0,0.0,0.0,0.0,2002,radio,0.5
1,5,lr1e-04_bs32_modL1_fusion32_fusionL1_drop0p2_trmiss50_trlocradio,32,0.0001,1,32,1,0.2,lr1e-04_bs32_modL1_fusion32_fusionL1_drop0p2_trmiss50_trlocradio,33,0.4190296083688736,0.652648001909256,0.5825892857142858,0.7312874055846431,0.5909090909090909,0.0,0.0,0.0,0.0,0.0,0.0,0.0,0.0,0.0,2002,radio,0.5
1,5,lr1e-04_bs32_modL1_fusion32_fusionL1_drop0p2_trmiss50_trlocradio,32,0.0001,1,32,1,0.2,lr1e-04_bs32_modL1_fusion32_fusionL1_drop0p2_trmiss50_trlocradio,34,0.4157556891441345,0.6482664942741394,0.5736607142857143,0.7379384362715057,0.5909090909090909,0.0,0.0,0.0,0.0,0.0,0.0,0.0,0.0,0.0,2002,radio,0.5
1,5,lr1e-04_bs32_modL1_fusion32_fusionL1_drop0p2_trmiss50_trlocradio,32,0.0001,1,32,1,0.2,lr1e-04_bs32_modL1_fusion32_fusionL1_drop0p2_trmiss50_trlocradio,35,0.4146247406800588,0.64866903424263,0.5669642857142857,0.7311639351228596,0.5909090909090909,0.0,0.0,0.0,0.0,0.0,0.0,0.0,0.0,0.0,2002,radio,0.5
1,5,lr1e-04_bs32_modL1_fusion32_fusionL1_drop0p2_trmiss50_trlocradio,32,0.0001,1,32,1,0.2,lr1e-04_bs32_modL1_fusion32_fusionL1_drop0p2_trmiss50_trlocradio,36,0.4076412816842397,0.6488777697086334,0.5647321428571428,0.7356825339105614,0.6136363636363636,0.0,0.0,0.0,0.0,0.0,0.0,0.0,0.0,0.0,2002,radio,0.5
1,5,lr1e-04_bs32_modL1_fusion32_fusionL1_drop0p2_trmiss50_trlocradio,32,0.0001,1,32,1,0.2,lr1e-04_bs32_modL1_fusion32_fusionL1_drop0p2_trmiss50_trlocradio,37,0.39678869644800824,0.6500941216945648,0.5714285714285714,0.7388120945076976,0.5909090909090909,0.0,0.0,0.0,0.0,0.0,0.0,0.0,0.0,0.0,2002,radio,0.5
1,5,lr1e-04_bs32_modL1_fusion32_fusionL1_drop0p2_trmiss50_trlocradio,32,0.0001,1,32,1,0.2,lr1e-04_bs32_modL1_fusion32_fusionL1_drop0p2_trmiss50_trlocradio,38,0.41259900232156116,0.6475973129272461,0.5825892857142856,0.7368412772246147,0.5909090909090909,0.0,0.0,0.0,0.0,0.0,0.0,0.0,0.0,0.0,2002,radio,0.5
1,5,lr1e-04_bs32_modL1_fusion32_fusionL1_drop0p2_trmiss50_trlocradio,32,0.0001,1,32,1,0.2,lr1e-04_bs32_modL1_fusion32_fusionL1_drop0p2_trmiss50_trlocradio,39,0.39465780556201935,0.6470539569854736,0.5848214285714285,0.7379666939318127,0.6136363636363636,0.0,0.0,0.0,0.0,0.0,0.0,0.0,0.0,0.0,2002,radio,0.5
1,5,lr1e-04_bs32_modL1_fusion32_fusionL1_drop0p2_trmiss50_trlocradio,32,0.0001,1,32,1,0.2,lr1e-04_bs32_modL1_fusion32_fusionL1_drop0p2_trmiss50_trlocradio,40,0.39695240557193756,0.6499813497066498,0.5714285714285713,0.7290391056566867,0.6136363636363636,0.0,0.0,0.0,0.0,0.0,0.0,0.0,0.0,0.0,2002,radio,0.5
1,5,lr1e-04_bs32_modL1_fusion32_fusionL1_drop0p2_trmiss50_trlocradio,32,0.0001,1,32,1,0.2,lr1e-04_bs32_modL1_fusion32_fusionL1_drop0p2_trmiss50_trlocradio,41,0.3804146647453308,0.6469664573669434,0.5691964285714286,0.7089499188152059,0.6590909090909091,0.0,0.0,0.0,0.0,0.0,0.0,0.0,0.0,0.0,2002,radio,0.5
1,5,lr1e-04_bs32_modL1_fusion32_fusionL1_drop0p2_trmiss50_trlocradio,32,0.0001,1,32,1,0.2,lr1e-04_bs32_modL1_fusion32_fusionL1_drop0p2_trmiss50_trlocradio,42,0.39878944059213,0.6425265073776245,0.5870535714285714,0.7245876628745571,0.6363636363636364,0.0,0.0,0.0,0.0,0.0,0.0,0.0,0.0,0.0,2002,radio,0.5
1,5,lr1e-04_bs32_modL1_fusion32_fusionL1_drop0p2_trmiss50_trlocradio,32,0.0001,1,32,1,0.2,lr1e-04_bs32_modL1_fusion32_fusionL1_drop0p2_trmiss50_trlocradio,43,0.3900256007909775,0.6412070989608765,0.5959821428571428,0.7534123993005599,0.6136363636363636,0.0,0.0,0.0,0.0,0.0,0.0,0.0,0.0,0.0,2002,radio,0.5
1,5,lr1e-04_bs32_modL1_fusion32_fusionL1_drop0p2_trmiss50_trlocradio,32,0.0001,1,32,1,0.2,lr1e-04_bs32_modL1_fusion32_fusionL1_drop0p2_trmiss50_trlocradio,44,0.3850042720635732,0.6460539400577545,0.5825892857142857,0.7468445568003638,0.5909090909090909,0.0,0.0,0.0,0.0,0.0,0.0,0.0,0.0,0.0,2002,radio,0.5
1,5,lr1e-04_bs32_modL1_fusion32_fusionL1_drop0p2_trmiss50_trlocradio,32,0.0001,1,32,1,0.2,lr1e-04_bs32_modL1_fusion32_fusionL1_drop0p2_trmiss50_trlocradio,45,0.36605655153592426,0.6513694524765015,0.5714285714285714,0.7161057368821527,0.6136363636363636,0.0,0.0,0.0,0.0,0.0,0.0,0.0,0.0,0.0,2002,radio,0.5
1,5,lr1e-04_bs32_modL1_fusion32_fusionL1_drop0p2_trmiss50_trlocradio,32,0.0001,1,32,1,0.2,lr1e-04_bs32_modL1_fusion32_fusionL1_drop0p2_trmiss50_trlocradio,46,0.3757764051357905,0.6521531045436859,0.5758928571428571,0.7157691368266765,0.6363636363636364,0.0,0.0,0.0,0.0,0.0,0.0,0.0,0.0,0.0,2002,radio,0.5
1,5,lr1e-04_bs32_modL1_fusion32_fusionL1_drop0p2_trmiss50_trlocradio,32,0.0001,1,32,1,0.2,lr1e-04_bs32_modL1_fusion32_fusionL1_drop0p2_trmiss50_trlocradio,47,0.36611636976401013,0.6508203744888306,0.578125,0.7060413086017784,0.6363636363636364,0.0,0.0,0.0,0.0,0.0,0.0,0.0,0.0,0.0,2002,radio,0.5
1,5,lr1e-04_bs32_modL1_fusion32_fusionL1_drop0p2_trmiss50_trlocradio,32,0.0001,1,32,1,0.2,lr1e-04_bs32_modL1_fusion32_fusionL1_drop0p2_trmiss50_trlocradio,48,0.3598765085140864,0.649944007396698,0.578125,0.7086156041613842,0.6136363636363636,0.0,0.0,0.0,0.0,0.0,0.0,0.0,0.0,0.0,2002,radio,0.5
1,5,lr1e-04_bs32_modL1_fusion32_fusionL1_drop0p2_trmiss50_trlocradio,32,0.0001,1,32,1,0.2,lr1e-04_bs32_modL1_fusion32_fusionL1_drop0p2_trmiss50_trlocradio,49,0.37304722269376117,0.6438055336475372,0.5959821428571428,0.7366113142260544,0.6136363636363636,0.0,0.0,0.0,0.0,0.0,0.0,0.0,0.0,0.0,2002,radio,0.5
1,5,lr1e-04_bs32_modL1_fusion32_fusionL1_drop0p2_trmiss50_trlocradio,32,0.0001,1,32,1,0.2,lr1e-04_bs32_modL1_fusion32_fusionL1_drop0p2_trmiss50_trlocradio,50,0.36477646231651306,0.640856921672821,0.5959821428571428,0.7396685167361251,0.6136363636363636,0.0,0.0,0.0,0.0,0.0,0.0,0.0,0.0,0.0,2002,radio,0.5
1,5,lr1e-04_bs32_modL1_fusion32_fusionL1_drop0p2_trmiss50_trlocradio,32,0.0001,1,32,1,0.2,lr1e-04_bs32_modL1_fusion32_fusionL1_drop0p2_trmiss50_trlocradio,51,0.36943616966406506,0.6398406326770782,0.5948660714285714,0.7507802223703413,0.6136363636363636,0.0,0.0,0.0,0.0,0.0,0.0,0.0,0.0,0.0,2002,radio,0.5
1,5,lr1e-04_bs32_modL1_fusion32_fusionL1_drop0p2_trmiss50_trlocradio,32,0.0001,1,32,1,0.2,lr1e-04_bs32_modL1_fusion32_fusionL1_drop0p2_trmiss50_trlocradio,52,0.3391756812731425,0.6405200064182281,0.5915178571428571,0.7474380579901099,0.6363636363636364,0.0,0.0,0.0,0.0,0.0,0.0,0.0,0.0,0.0,2002,radio,0.5
1,5,lr1e-04_bs32_modL1_fusion32_fusionL1_drop0p2_trmiss50_trlocradio,32,0.0001,1,32,1,0.2,lr1e-04_bs32_modL1_fusion32_fusionL1_drop0p2_trmiss50_trlocradio,53,0.3586296985546748,0.6410245299339294,0.5848214285714286,0.7241094086579368,0.6363636363636364,0.0,0.0,0.0,0.0,0.0,0.0,0.0,0.0,0.0,2002,radio,0.5
1,5,lr1e-04_bs32_modL1_fusion32_fusionL1_drop0p2_trmiss50_trlocradio,32,0.0001,1,32,1,0.2,lr1e-04_bs32_modL1_fusion32_fusionL1_drop0p2_trmiss50_trlocradio,54,0.37262772520383197,0.6452123522758484,0.5848214285714286,0.7140123856552932,0.6363636363636364,0.0,0.0,0.0,0.0,0.0,0.0,0.0,0.0,0.0,2002,radio,0.5
1,5,lr1e-04_bs32_modL1_fusion32_fusionL1_drop0p2_trmiss50_trlocradio,32,0.0001,1,32,1,0.2,lr1e-04_bs32_modL1_fusion32_fusionL1_drop0p2_trmiss50_trlocradio,55,0.37005702157815296,0.64716637134552,0.5825892857142857,0.7076222589460761,0.6590909090909091,0.0,0.0,0.0,0.0,0.0,0.0,0.0,0.0,0.0,2002,radio,0.5
1,5,lr1e-04_bs32_modL1_fusion32_fusionL1_drop0p2_trmiss50_trlocradio,32,0.0001,1,32,1,0.2,lr1e-04_bs32_modL1_fusion32_fusionL1_drop0p2_trmiss50_trlocradio,56,0.3332170794407527,0.6455071866512299,0.59375,0.7018059073725086,0.6590909090909091,0.0,0.0,0.0,0.0,0.0,0.0,0.0,0.0,0.0,2002,radio,0.5
1,5,lr1e-04_bs32_modL1_fusion32_fusionL1_drop0p2_trmiss50_trlocradio,32,0.0001,1,32,1,0.2,lr1e-04_bs32_modL1_fusion32_fusionL1_drop0p2_trmiss50_trlocradio,57,0.35008006791273755,0.6416906118392944,0.6004464285714285,0.711073230852017,0.6590909090909091,0.0,0.0,0.0,0.0,0.0,0.0,0.0,0.0,0.0,2002,radio,0.5
1,5,lr1e-04_bs32_modL1_fusion32_fusionL1_drop0p2_trmiss50_trlocradio,32,0.0001,1,32,1,0.2,lr1e-04_bs32_modL1_fusion32_fusionL1_drop0p2_trmiss50_trlocradio,58,0.37000506122907,0.6382428407669067,0.609375,0.7336768617352646,0.6363636363636364,0.0,0.0,0.0,0.0,0.0,0.0,0.0,0.0,0.0,2002,radio,0.5
1,5,lr1e-04_bs32_modL1_fusion32_fusionL1_drop0p2_trmiss50_trlocradio,32,0.0001,1,32,1,0.2,lr1e-04_bs32_modL1_fusion32_fusionL1_drop0p2_trmiss50_trlocradio,59,0.3425043225288391,0.638168454170227,0.6138392857142857,0.7384003741688387,0.6590909090909091,0.0,0.0,0.0,0.0,0.0,0.0,0.0,0.0,0.0,2002,radio,0.5
1,5,lr1e-04_bs32_modL1_fusion32_fusionL1_drop0p2_trmiss50_trlocradio,32,0.0001,1,32,1,0.2,lr1e-04_bs32_modL1_fusion32_fusionL1_drop0p2_trmiss50_trlocradio,60,0.3456251124540965,0.6393105983734131,0.6049107142857142,0.7170280301862006,0.6590909090909091,0.0,0.0,0.0,0.0,0.0,0.0,0.0,0.0,0.0,2002,radio,0.5
1,5,lr1e-04_bs32_modL1_fusion32_fusionL1_drop0p2_trmiss50_trlocradio,32,0.0001,1,32,1,0.2,lr1e-04_bs32_modL1_fusion32_fusionL1_drop0p2_trmiss50_trlocradio,61,0.34232670565446216,0.6381231248378754,0.6116071428571428,0.7377300609985256,0.6590909090909091,0.0,0.0,0.0,0.0,0.0,0.0,0.0,0.0,0.0,2002,radio,0.5
1,5,lr1e-04_bs32_modL1_fusion32_fusionL1_drop0p2_trmiss50_trlocradio,32,0.0001,1,32,1,0.2,lr1e-04_bs32_modL1_fusion32_fusionL1_drop0p2_trmiss50_trlocradio,62,0.35108627875645954,0.637603372335434,0.6138392857142857,0.737988841960463,0.6590909090909091,0.0,0.0,0.0,0.0,0.0,0.0,0.0,0.0,0.0,2002,radio,0.5
1,5,lr1e-04_bs32_modL1_fusion32_fusionL1_drop0p2_trmiss50_trlocradio,32,0.0001,1,32,1,0.2,lr1e-04_bs32_modL1_fusion32_fusionL1_drop0p2_trmiss50_trlocradio,63,0.3448365231355031,0.6390795111656189,0.6116071428571429,0.7365264838804579,0.6590909090909091,0.0,0.0,0.0,0.0,0.0,0.0,0.0,0.0,0.0,2002,radio,0.5
1,5,lr1e-04_bs32_modL1_fusion32_fusionL1_drop0p2_trmiss50_trlocradio,32,0.0001,1,32,1,0.2,lr1e-04_bs32_modL1_fusion32_fusionL1_drop0p2_trmiss50_trlocradio,64,0.34143264094988507,0.638782411813736,0.6116071428571429,0.738479765192983,0.6590909090909091,0.0,0.0,0.0,0.0,0.0,0.0,0.0,0.0,0.0,2002,radio,0.5
1,5,lr1e-04_bs32_modL1_fusion32_fusionL1_drop0p2_trmiss50_trlocradio,32,0.0001,1,32,1,0.2,lr1e-04_bs32_modL1_fusion32_fusionL1_drop0p2_trmiss50_trlocradio,65,0.3409169465303421,0.6357874870300293,0.6116071428571428,0.738716109730798,0.6363636363636364,0.0,0.0,0.0,0.0,0.0,0.0,0.0,0.0,0.0,2002,radio,0.5
1,5,lr1e-04_bs32_modL1_fusion32_fusionL1_drop0p2_trmiss50_trlocradio,32,0.0001,1,32,1,0.2,lr1e-04_bs32_modL1_fusion32_fusionL1_drop0p2_trmiss50_trlocradio,66,0.3357668071985245,0.6367170214653015,0.6071428571428572,0.7188776308609893,0.6590909090909091,0.0,0.0,0.0,0.0,0.0,0.0,0.0,0.0,0.0,2002,radio,0.5
1,5,lr1e-04_bs32_modL1_fusion32_fusionL1_drop0p2_trmiss50_trlocradio,32,0.0001,1,32,1,0.2,lr1e-04_bs32_modL1_fusion32_fusionL1_drop0p2_trmiss50_trlocradio,67,0.3241015821695328,0.6375112533569336,0.6049107142857143,0.7174252279934877,0.6363636363636364,0.0,0.0,0.0,0.0,0.0,0.0,0.0,0.0,0.0,2002,radio,0.5
1,5,lr1e-04_bs32_modL1_fusion32_fusionL1_drop0p2_trmiss50_trlocradio,32,0.0001,1,32,1,0.2,lr1e-04_bs32_modL1_fusion32_fusionL1_drop0p2_trmiss50_trlocradio,68,0.35260620216528576,0.6362442672252655,0.6071428571428571,0.719952309165527,0.6590909090909091,0.0,0.0,0.0,0.0,0.0,0.0,0.0,0.0,0.0,2002,radio,0.5
1,5,lr1e-04_bs32_modL1_fusion32_fusionL1_drop0p2_trmiss50_trlocradio,32,0.0001,1,32,1,0.2,lr1e-04_bs32_modL1_fusion32_fusionL1_drop0p2_trmiss50_trlocradio,69,0.33243171870708466,0.6364856362342834,0.6116071428571429,0.7214280401708747,0.6590909090909091,0.0,0.0,0.0,0.0,0.0,0.0,0.0,0.0,0.0,2002,radio,0.5
1,5,lr1e-04_bs32_modL1_fusion32_fusionL1_drop0p2_trmiss50_trlocradio,32,0.0001,1,32,1,0.2,lr1e-04_bs32_modL1_fusion32_fusionL1_drop0p2_trmiss50_trlocradio,70,0.3465096900860469,0.6344316601753235,0.6138392857142857,0.7227371731111053,0.6590909090909091,0.0,0.0,0.0,0.0,0.0,0.0,0.0,0.0,0.0,2002,radio,0.5
1,5,lr1e-04_bs32_modL1_fusion32_fusionL1_drop0p2_trmiss50_trlocradio,32,0.0001,1,32,1,0.2,lr1e-04_bs32_modL1_fusion32_fusionL1_drop0p2_trmiss50_trlocradio,71,0.35309457778930664,0.6347781717777252,0.6160714285714286,0.7236529240268561,0.6363636363636364,0.0,0.0,0.0,0.0,0.0,0.0,0.0,0.0,0.0,2002,radio,0.5
1,5,lr1e-04_bs32_modL1_fusion32_fusionL1_drop0p2_trmiss50_trlocradio,32,0.0001,1,32,1,0.2,lr1e-04_bs32_modL1_fusion32_fusionL1_drop0p2_trmiss50_trlocradio,72,0.3384636342525482,0.6360995769500732,0.6116071428571428,0.7232500351172054,0.6136363636363636,0.0,0.0,0.0,0.0,0.0,0.0,0.0,0.0,0.0,2002,radio,0.5
1,5,lr1e-04_bs32_modL1_fusion32_fusionL1_drop0p2_trmiss50_trlocradio,32,0.0001,1,32,1,0.2,lr1e-04_bs32_modL1_fusion32_fusionL1_drop0p2_trmiss50_trlocradio,73,0.3419475058714549,0.6346186697483063,0.6138392857142857,0.726866702267707,0.6363636363636364,0.0,0.0,0.0,0.0,0.0,0.0,0.0,0.0,0.0,2002,radio,0.5
1,5,lr1e-04_bs32_modL1_fusion32_fusionL1_drop0p2_trmiss50_trlocradio,32,0.0001,1,32,1,0.2,lr1e-04_bs32_modL1_fusion32_fusionL1_drop0p2_trmiss50_trlocradio,74,0.3281881809234619,0.6329935789108276,0.6205357142857143,0.7305841274652047,0.6136363636363636,0.0,0.0,0.0,0.0,0.0,0.0,0.0,0.0,0.0,2002,radio,0.5
1,5,lr1e-04_bs32_modL1_fusion32_fusionL1_drop0p2_trmiss50_trlocradio,32,0.0001,1,32,1,0.2,lr1e-04_bs32_modL1_fusion32_fusionL1_drop0p2_trmiss50_trlocradio,75,0.3299587319294612,0.634157806634903,0.6183035714285714,0.7284671708300491,0.6136363636363636,0.0,0.0,0.0,0.0,0.0,0.0,0.0,0.0,0.0,2002,radio,0.5
1,5,lr1e-04_bs32_modL1_fusion32_fusionL1_drop0p2_trmiss50_trlocradio,32,0.0001,1,32,1,0.2,lr1e-04_bs32_modL1_fusion32_fusionL1_drop0p2_trmiss50_trlocradio,76,0.32364532351493835,0.6335569322109222,0.6272321428571428,0.7316754418646955,0.6363636363636364,0.0,0.0,0.0,0.0,0.0,0.0,0.0,0.0,0.0,2002,radio,0.5
1,5,lr1e-04_bs32_modL1_fusion32_fusionL1_drop0p2_trmiss50_trlocradio,32,0.0001,1,32,1,0.2,lr1e-04_bs32_modL1_fusion32_fusionL1_drop0p2_trmiss50_trlocradio,77,0.3498913844426473,0.6322670578956604,0.6227678571428572,0.7277506088728728,0.6136363636363636,0.0,0.0,0.0,0.0,0.0,0.0,0.0,0.0,0.0,2002,radio,0.5
1,5,lr1e-04_bs32_modL1_fusion32_fusionL1_drop0p2_trmiss50_trlocradio,32,0.0001,1,32,1,0.2,lr1e-04_bs32_modL1_fusion32_fusionL1_drop0p2_trmiss50_trlocradio,78,0.3334863434235255,0.6326744556427002,0.6205357142857143,0.7270703367640292,0.6136363636363636,0.0,0.0,0.0,0.0,0.0,0.0,0.0,0.0,0.0,2002,radio,0.5
1,5,lr1e-04_bs32_modL1_fusion32_fusionL1_drop0p2_trmiss50_trlocradio,32,0.0001,1,32,1,0.2,lr1e-04_bs32_modL1_fusion32_fusionL1_drop0p2_trmiss50_trlocradio,79,0.3257568230231603,0.6348869204521179,0.6160714285714286,0.7228844893481398,0.5909090909090909,0.0,0.0,0.0,0.0,0.0,0.0,0.0,0.0,0.0,2002,radio,0.5
1,5,lr1e-04_bs32_modL1_fusion32_fusionL1_drop0p2_trmiss50_trlocradio,32,0.0001,1,32,1,0.2,lr1e-04_bs32_modL1_fusion32_fusionL1_drop0p2_trmiss50_trlocradio,80,0.31665632128715515,0.636064350605011,0.6116071428571429,0.7198966328337516,0.6136363636363636,0.0,0.0,0.0,0.0,0.0,0.0,0.0,0.0,0.0,2002,radio,0.5
1,5,lr1e-04_bs32_modL1_fusion32_fusionL1_drop0p1_trmiss50_trlocradio,32,0.0001,1,32,1,0.1,lr1e-04_bs32_modL1_fusion32_fusionL1_drop0p1_trmiss50_trlocradio,1,0.6836932698885599,0.694677084684372,0.29464285714285715,0.5572636239718375,0.6136363636363636,0.0,0.0,0.0,0.0,0.0,0.0,0.0,0.0,0.0,2002,radio,0.5
1,5,lr1e-04_bs32_modL1_fusion32_fusionL1_drop0p1_trmiss50_trlocradio,32,0.0001,1,32,1,0.1,lr1e-04_bs32_modL1_fusion32_fusionL1_drop0p1_trmiss50_trlocradio,2,0.6451301674048106,0.6965618431568146,0.296875,0.5498515197265326,0.5681818181818182,0.0,0.0,0.0,0.0,0.0,0.0,0.0,0.0,0.0,2002,radio,0.5
1,5,lr1e-04_bs32_modL1_fusion32_fusionL1_drop0p1_trmiss50_trlocradio,32,0.0001,1,32,1,0.1,lr1e-04_bs32_modL1_fusion32_fusionL1_drop0p1_trmiss50_trlocradio,3,0.6242882212003072,0.6994982957839966,0.30357142857142855,0.5451262660807238,0.5227272727272727,0.0,0.0,0.0,0.0,0.0,0.0,0.0,0.0,0.0,2002,radio,0.5
1,5,lr1e-04_bs32_modL1_fusion32_fusionL1_drop0p1_trmiss50_trlocradio,32,0.0001,1,32,1,0.1,lr1e-04_bs32_modL1_fusion32_fusionL1_drop0p1_trmiss50_trlocradio,4,0.597522089878718,0.7010502517223358,0.31473214285714285,0.5512974487042028,0.5227272727272727,0.0,0.0,0.0,0.0,0.0,0.0,0.0,0.0,0.0,2002,radio,0.5
1,5,lr1e-04_bs32_modL1_fusion32_fusionL1_drop0p1_trmiss50_trlocradio,32,0.0001,1,32,1,0.1,lr1e-04_bs32_modL1_fusion32_fusionL1_drop0p1_trmiss50_trlocradio,5,0.5836175382137299,0.70295649766922,0.3236607142857143,0.5586463568494328,0.5,0.0,0.0,0.0,0.0,0.0,0.0,0.0,0.0,0.0,2002,radio,0.5
1,5,lr1e-04_bs32_modL1_fusion32_fusionL1_drop0p1_trmiss50_trlocradio,32,0.0001,1,32,1,0.1,lr1e-04_bs32_modL1_fusion32_fusionL1_drop0p1_trmiss50_trlocradio,6,0.5695305466651917,0.7016822397708893,0.3415178571428571,0.56940416419698,0.5227272727272727,0.0,0.0,0.0,0.0,0.0,0.0,0.0,0.0,0.0,2002,radio,0.5
1,5,lr1e-04_bs32_modL1_fusion32_fusionL1_drop0p1_trmiss50_trlocradio,32,0.0001,1,32,1,0.1,lr1e-04_bs32_modL1_fusion32_fusionL1_drop0p1_trmiss50_trlocradio,7,0.5508139928181967,0.6967952847480774,0.359375,0.5793196718630006,0.5227272727272727,0.0,0.0,0.0,0.0,0.0,0.0,0.0,0.0,0.0,2002,radio,0.5
1,5,lr1e-04_bs32_modL1_fusion32_fusionL1_drop0p1_trmiss50_trlocradio,32,0.0001,1,32,1,0.1,lr1e-04_bs32_modL1_fusion32_fusionL1_drop0p1_trmiss50_trlocradio,8,0.5436778565247854,0.6976965665817261,0.36607142857142855,0.5857110834725398,0.5227272727272727,0.0,0.0,0.0,0.0,0.0,0.0,0.0,0.0,0.0,2002,radio,0.5
1,5,lr1e-04_bs32_modL1_fusion32_fusionL1_drop0p1_trmiss50_trlocradio,32,0.0001,1,32,1,0.1,lr1e-04_bs32_modL1_fusion32_fusionL1_drop0p1_trmiss50_trlocradio,9,0.5361716349919637,0.698630690574646,0.359375,0.5847614586799456,0.5,0.0,0.0,0.0,0.0,0.0,0.0,0.0,0.0,0.0,2002,radio,0.5
1,5,lr1e-04_bs32_modL1_fusion32_fusionL1_drop0p1_trmiss50_trlocradio,32,0.0001,1,32,1,0.1,lr1e-04_bs32_modL1_fusion32_fusionL1_drop0p1_trmiss50_trlocradio,10,0.5286056399345398,0.6987031996250153,0.36160714285714285,0.5870122978548572,0.5227272727272727,0.0,0.0,0.0,0.0,0.0,0.0,0.0,0.0,0.0,2002,radio,0.5
1,5,lr1e-04_bs32_modL1_fusion32_fusionL1_drop0p1_trmiss50_trlocradio,32,0.0001,1,32,1,0.1,lr1e-04_bs32_modL1_fusion32_fusionL1_drop0p1_trmiss50_trlocradio,11,0.5303392112255096,0.6973119974136353,0.3683035714285714,0.5868248806887841,0.5227272727272727,0.0,0.0,0.0,0.0,0.0,0.0,0.0,0.0,0.0,2002,radio,0.5
1,5,lr1e-04_bs32_modL1_fusion32_fusionL1_drop0p1_trmiss50_trlocradio,32,0.0001,1,32,1,0.1,lr1e-04_bs32_modL1_fusion32_fusionL1_drop0p1_trmiss50_trlocradio,12,0.5039216975371043,0.6925193071365356,0.39285714285714285,0.617741693522754,0.5227272727272727,0.0,0.0,0.0,0.0,0.0,0.0,0.0,0.0,0.0,2002,radio,0.5
1,5,lr1e-04_bs32_modL1_fusion32_fusionL1_drop0p1_trmiss50_trlocradio,32,0.0001,1,32,1,0.1,lr1e-04_bs32_modL1_fusion32_fusionL1_drop0p1_trmiss50_trlocradio,13,0.5042004436254501,0.690737783908844,0.39732142857142855,0.6204667279002328,0.5454545454545454,0.0,0.0,0.0,0.0,0.0,0.0,0.0,0.0,0.0,2002,radio,0.5
1,5,lr1e-04_bs32_modL1_fusion32_fusionL1_drop0p1_trmiss50_trlocradio,32,0.0001,1,32,1,0.1,lr1e-04_bs32_modL1_fusion32_fusionL1_drop0p1_trmiss50_trlocradio,14,0.5073663294315338,0.6880174875259399,0.421875,0.6408334451590765,0.5227272727272727,0.0,0.0,0.0,0.0,0.0,0.0,0.0,0.0,0.0,2002,radio,0.5
1,5,lr1e-04_bs32_modL1_fusion32_fusionL1_drop0p1_trmiss50_trlocradio,32,0.0001,1,32,1,0.1,lr1e-04_bs32_modL1_fusion32_fusionL1_drop0p1_trmiss50_trlocradio,15,0.5081118990977606,0.6873450577259064,0.4285714285714286,0.6555064657916173,0.5,0.0,0.0,0.0,0.0,0.0,0.0,0.0,0.0,0.0,2002,radio,0.5
1,5,lr1e-04_bs32_modL1_fusion32_fusionL1_drop0p1_trmiss50_trlocradio,32,0.0001,1,32,1,0.1,lr1e-04_bs32_modL1_fusion32_fusionL1_drop0p1_trmiss50_trlocradio,16,0.49064357578754425,0.6887572407722473,0.4241071428571429,0.6596483618537492,0.5,0.0,0.0,0.0,0.0,0.0,0.0,0.0,0.0,0.0,2002,radio,0.5
1,5,lr1e-04_bs32_modL1_fusion32_fusionL1_drop0p1_trmiss50_trlocradio,32,0.0001,1,32,1,0.1,lr1e-04_bs32_modL1_fusion32_fusionL1_drop0p1_trmiss50_trlocradio,17,0.49639037748177844,0.6873643398284912,0.43080357142857145,0.6631363002852934,0.5,0.0,0.0,0.0,0.0,0.0,0.0,0.0,0.0,0.0,2002,radio,0.5
1,5,lr1e-04_bs32_modL1_fusion32_fusionL1_drop0p1_trmiss50_trlocradio,32,0.0001,1,32,1,0.1,lr1e-04_bs32_modL1_fusion32_fusionL1_drop0p1_trmiss50_trlocradio,18,0.4771089255809784,0.6879710257053375,0.41741071428571425,0.6520154063330235,0.5,0.0,0.0,0.0,0.0,0.0,0.0,0.0,0.0,0.0,2002,radio,0.5
1,5,lr1e-04_bs32_modL1_fusion32_fusionL1_drop0p1_trmiss50_trlocradio,32,0.0001,1,32,1,0.1,lr1e-04_bs32_modL1_fusion32_fusionL1_drop0p1_trmiss50_trlocradio,19,0.4913330078125,0.6840032935142517,0.421875,0.6647251140656043,0.5,0.0,0.0,0.0,0.0,0.0,0.0,0.0,0.0,0.0,2002,radio,0.5
1,5,lr1e-04_bs32_modL1_fusion32_fusionL1_drop0p1_trmiss50_trlocradio,32,0.0001,1,32,1,0.1,lr1e-04_bs32_modL1_fusion32_fusionL1_drop0p1_trmiss50_trlocradio,20,0.4703562557697296,0.680104672908783,0.4397321428571428,0.6828760484473413,0.5,0.0,0.0,0.0,0.0,0.0,0.0,0.0,0.0,0.0,2002,radio,0.5
1,5,lr1e-04_bs32_modL1_fusion32_fusionL1_drop0p1_trmiss50_trlocradio,32,0.0001,1,32,1,0.1,lr1e-04_bs32_modL1_fusion32_fusionL1_drop0p1_trmiss50_trlocradio,21,0.46168695390224457,0.6756241321563721,0.4575892857142857,0.6931794602665229,0.5,0.0,0.0,0.0,0.0,0.0,0.0,0.0,0.0,0.0,2002,radio,0.5
1,5,lr1e-04_bs32_modL1_fusion32_fusionL1_drop0p1_trmiss50_trlocradio,32,0.0001,1,32,1,0.1,lr1e-04_bs32_modL1_fusion32_fusionL1_drop0p1_trmiss50_trlocradio,22,0.4638735701640447,0.6769691407680511,0.4620535714285714,0.7032342138752834,0.5,0.0,0.0,0.0,0.0,0.0,0.0,0.0,0.0,0.0,2002,radio,0.5
1,5,lr1e-04_bs32_modL1_fusion32_fusionL1_drop0p1_trmiss50_trlocradio,32,0.0001,1,32,1,0.1,lr1e-04_bs32_modL1_fusion32_fusionL1_drop0p1_trmiss50_trlocradio,23,0.4509042551120122,0.6756907999515533,0.46428571428571436,0.697381968429007,0.5227272727272727,0.0,0.0,0.0,0.0,0.0,0.0,0.0,0.0,0.0,2002,radio,0.5
1,5,lr1e-04_bs32_modL1_fusion32_fusionL1_drop0p1_trmiss50_trlocradio,32,0.0001,1,32,1,0.1,lr1e-04_bs32_modL1_fusion32_fusionL1_drop0p1_trmiss50_trlocradio,24,0.4397036135196686,0.6742651164531708,0.47991071428571425,0.705696275543061,0.5227272727272727,0.0,0.0,0.0,0.0,0.0,0.0,0.0,0.0,0.0,2002,radio,0.5
1,5,lr1e-04_bs32_modL1_fusion32_fusionL1_drop0p1_trmiss50_trlocradio,32,0.0001,1,32,1,0.1,lr1e-04_bs32_modL1_fusion32_fusionL1_drop0p1_trmiss50_trlocradio,25,0.44478659828503925,0.6733909845352173,0.4776785714285714,0.6956112494760576,0.5227272727272727,0.0,0.0,0.0,0.0,0.0,0.0,0.0,0.0,0.0,2002,radio,0.5
1,5,lr1e-04_bs32_modL1_fusion32_fusionL1_drop0p1_trmiss50_trlocradio,32,0.0001,1,32,1,0.1,lr1e-04_bs32_modL1_fusion32_fusionL1_drop0p1_trmiss50_trlocradio,26,0.4282720933357875,0.6722394526004791,0.4776785714285714,0.6988365934389706,0.5227272727272727,0.0,0.0,0.0,0.0,0.0,0.0,0.0,0.0,0.0,2002,radio,0.5
1,5,lr1e-04_bs32_modL1_fusion32_fusionL1_drop0p1_trmiss50_trlocradio,32,0.0001,1,32,1,0.1,lr1e-04_bs32_modL1_fusion32_fusionL1_drop0p1_trmiss50_trlocradio,27,0.4465492715438207,0.6712701320648193,0.4821428571428571,0.6983549898463567,0.5227272727272727,0.0,0.0,0.0,0.0,0.0,0.0,0.0,0.0,0.0,2002,radio,0.5
1,5,lr1e-04_bs32_modL1_fusion32_fusionL1_drop0p1_trmiss50_trlocradio,32,0.0001,1,32,1,0.1,lr1e-04_bs32_modL1_fusion32_fusionL1_drop0p1_trmiss50_trlocradio,28,0.42677604655424756,0.6695399284362793,0.47991071428571425,0.701617767519622,0.5,0.0,0.0,0.0,0.0,0.0,0.0,0.0,0.0,0.0,2002,radio,0.5
1,5,lr1e-04_bs32_modL1_fusion32_fusionL1_drop0p1_trmiss50_trlocradio,32,0.0001,1,32,1,0.1,lr1e-04_bs32_modL1_fusion32_fusionL1_drop0p1_trmiss50_trlocradio,29,0.43134377400080365,0.6669372022151947,0.4955357142857143,0.7130023125914451,0.5227272727272727,0.0,0.0,0.0,0.0,0.0,0.0,0.0,0.0,0.0,2002,radio,0.5
1,5,lr1e-04_bs32_modL1_fusion32_fusionL1_drop0p1_trmiss50_trlocradio,32,0.0001,1,32,1,0.1,lr1e-04_bs32_modL1_fusion32_fusionL1_drop0p1_trmiss50_trlocradio,30,0.42324940860271454,0.6655516028404236,0.49330357142857134,0.7073615591137041,0.5454545454545454,0.0,0.0,0.0,0.0,0.0,0.0,0.0,0.0,0.0,2002,radio,0.5
1,5,lr1e-04_bs32_modL1_fusion32_fusionL1_drop0p1_trmiss50_trlocradio,32,0.0001,1,32,1,0.1,lr1e-04_bs32_modL1_fusion32_fusionL1_drop0p1_trmiss50_trlocradio,31,0.4265126834313075,0.6630496382713318,0.4933035714285714,0.7091495618387892,0.5681818181818182,0.0,0.0,0.0,0.0,0.0,0.0,0.0,0.0,0.0,2002,radio,0.5
1,5,lr1e-04_bs32_modL1_fusion32_fusionL1_drop0p1_trmiss50_trlocradio,32,0.0001,1,32,1,0.1,lr1e-04_bs32_modL1_fusion32_fusionL1_drop0p1_trmiss50_trlocradio,32,0.40263445178667706,0.663611114025116,0.49776785714285715,0.7199842149240452,0.5454545454545454,0.0,0.0,0.0,0.0,0.0,0.0,0.0,0.0,0.0,2002,radio,0.5
1,5,lr1e-04_bs32_modL1_fusion32_fusionL1_drop0p1_trmiss50_trlocradio,32,0.0001,1,32,1,0.1,lr1e-04_bs32_modL1_fusion32_fusionL1_drop0p1_trmiss50_trlocradio,33,0.41838035980860394,0.6608039140701294,0.5066964285714286,0.7304034087837052,0.5454545454545454,0.0,0.0,0.0,0.0,0.0,0.0,0.0,0.0,0.0,2002,radio,0.5
1,5,lr1e-04_bs32_modL1_fusion32_fusionL1_drop0p1_trmiss50_trlocradio,32,0.0001,1,32,1,0.1,lr1e-04_bs32_modL1_fusion32_fusionL1_drop0p1_trmiss50_trlocradio,34,0.40323470532894135,0.6578643620014191,0.5178571428571429,0.7325577229479002,0.5454545454545454,0.0,0.0,0.0,0.0,0.0,0.0,0.0,0.0,0.0,2002,radio,0.5
1,5,lr1e-04_bs32_modL1_fusion32_fusionL1_drop0p1_trmiss50_trlocradio,32,0.0001,1,32,1,0.1,lr1e-04_bs32_modL1_fusion32_fusionL1_drop0p1_trmiss50_trlocradio,35,0.3960887094338735,0.6583046317100525,0.5178571428571428,0.7320699386749526,0.5681818181818182,0.0,0.0,0.0,0.0,0.0,0.0,0.0,0.0,0.0,2002,radio,0.5
1,5,lr1e-04_bs32_modL1_fusion32_fusionL1_drop0p1_trmiss50_trlocradio,32,0.0001,1,32,1,0.1,lr1e-04_bs32_modL1_fusion32_fusionL1_drop0p1_trmiss50_trlocradio,36,0.3948482523361842,0.6547349095344543,0.5424107142857142,0.741824897426156,0.5681818181818182,0.0,0.0,0.0,0.0,0.0,0.0,0.0,0.0,0.0,2002,radio,0.5
1,5,lr1e-04_bs32_modL1_fusion32_fusionL1_drop0p1_trmiss50_trlocradio,32,0.0001,1,32,1,0.1,lr1e-04_bs32_modL1_fusion32_fusionL1_drop0p1_trmiss50_trlocradio,37,0.3934670736392339,0.6525927484035492,0.5446428571428571,0.7408186871272493,0.5681818181818182,0.0,0.0,0.0,0.0,0.0,0.0,0.0,0.0,0.0,2002,radio,0.5
1,5,lr1e-04_bs32_modL1_fusion32_fusionL1_drop0p1_trmiss50_trlocradio,32,0.0001,1,32,1,0.1,lr1e-04_bs32_modL1_fusion32_fusionL1_drop0p1_trmiss50_trlocradio,38,0.4014769146839778,0.6550654172897339,0.5357142857142857,0.7401182257761938,0.5227272727272727,0.0,0.0,0.0,0.0,0.0,0.0,0.0,0.0,0.0,2002,radio,0.5
1,5,lr1e-04_bs32_modL1_fusion32_fusionL1_drop0p1_trmiss50_trlocradio,32,0.0001,1,32,1,0.1,lr1e-04_bs32_modL1_fusion32_fusionL1_drop0p1_trmiss50_trlocradio,39,0.37925689419110614,0.6561416983604431,0.5334821428571428,0.7446715061510504,0.5227272727272727,0.0,0.0,0.0,0.0,0.0,0.0,0.0,0.0,0.0,2002,radio,0.5
1,5,lr1e-04_bs32_modL1_fusion32_fusionL1_drop0p1_trmiss50_trlocradio,32,0.0001,1,32,1,0.1,lr1e-04_bs32_modL1_fusion32_fusionL1_drop0p1_trmiss50_trlocradio,40,0.3918156027793884,0.6560761034488678,0.5245535714285714,0.7355884190288651,0.5454545454545454,0.0,0.0,0.0,0.0,0.0,0.0,0.0,0.0,0.0,2002,radio,0.5
1,5,lr1e-04_bs32_modL1_fusion32_fusionL1_drop0p1_trmiss50_trlocradio,32,0.0001,1,32,1,0.1,lr1e-04_bs32_modL1_fusion32_fusionL1_drop0p1_trmiss50_trlocradio,41,0.3885554720958074,0.6581743955612183,0.5223214285714286,0.7359493967532882,0.5454545454545454,0.0,0.0,0.0,0.0,0.0,0.0,0.0,0.0,0.0,2002,radio,0.5
1,5,lr1e-04_bs32_modL1_fusion32_fusionL1_drop0p1_trmiss50_trlocradio,32,0.0001,1,32,1,0.1,lr1e-04_bs32_modL1_fusion32_fusionL1_drop0p1_trmiss50_trlocradio,42,0.37371399998664856,0.6569335460662842,0.5267857142857143,0.742530610949246,0.5454545454545454,0.0,0.0,0.0,0.0,0.0,0.0,0.0,0.0,0.0,2002,radio,0.5
1,5,lr1e-04_bs32_modL1_fusion32_fusionL1_drop0p1_trmiss50_trlocradio,32,0.0001,1,32,1,0.1,lr1e-04_bs32_modL1_fusion32_fusionL1_drop0p1_trmiss50_trlocradio,43,0.3776281227668126,0.6566160321235657,0.53125,0.7456925882633969,0.5227272727272727,0.0,0.0,0.0,0.0,0.0,0.0,0.0,0.0,0.0,2002,radio,0.5
1,5,lr1e-04_bs32_modL1_fusion32_fusionL1_drop0p1_trmiss50_trlocradio,32,0.0001,1,32,1,0.1,lr1e-04_bs32_modL1_fusion32_fusionL1_drop0p1_trmiss50_trlocradio,44,0.3763938844203949,0.6558028757572174,0.5334821428571429,0.7460433177816621,0.5227272727272727,0.0,0.0,0.0,0.0,0.0,0.0,0.0,0.0,0.0,2002,radio,0.5
1,5,lr1e-04_bs32_modL1_fusion32_fusionL1_drop0p1_trmiss50_trlocradio,32,0.0001,1,32,1,0.1,lr1e-04_bs32_modL1_fusion32_fusionL1_drop0p1_trmiss50_trlocradio,45,0.36658603449662525,0.6537981331348419,0.5446428571428571,0.7524783354699046,0.5454545454545454,0.0,0.0,0.0,0.0,0.0,0.0,0.0,0.0,0.0,2002,radio,0.5
1,5,lr1e-04_bs32_modL1_fusion32_fusionL1_drop0p1_trmiss50_trlocradio,32,0.0001,1,32,1,0.1,lr1e-04_bs32_modL1_fusion32_fusionL1_drop0p1_trmiss50_trlocradio,46,0.3622464636961619,0.6541928648948669,0.546875,0.7546325410098368,0.5227272727272727,0.0,0.0,0.0,0.0,0.0,0.0,0.0,0.0,0.0,2002,radio,0.5
1,5,lr1e-04_bs32_modL1_fusion32_fusionL1_drop0p1_trmiss50_trlocradio,32,0.0001,1,32,1,0.1,lr1e-04_bs32_modL1_fusion32_fusionL1_drop0p1_trmiss50_trlocradio,47,0.367897296945254,0.6532474756240845,0.546875,0.7525355204909224,0.5454545454545454,0.0,0.0,0.0,0.0,0.0,0.0,0.0,0.0,0.0,2002,radio,0.5
1,5,lr1e-04_bs32_modL1_fusion32_fusionL1_drop0p1_trmiss50_trlocradio,32,0.0001,1,32,1,0.1,lr1e-04_bs32_modL1_fusion32_fusionL1_drop0p1_trmiss50_trlocradio,48,0.3654443124930064,0.655066043138504,0.5535714285714285,0.7542518022279512,0.5454545454545454,0.0,0.0,0.0,0.0,0.0,0.0,0.0,0.0,0.0,2002,radio,0.5
1,5,lr1e-04_bs32_modL1_fusion32_fusionL1_drop0p1_trmiss50_trlocradio,32,0.0001,1,32,1,0.1,lr1e-04_bs32_modL1_fusion32_fusionL1_drop0p1_trmiss50_trlocradio,49,0.3504458765188853,0.6556859314441681,0.5446428571428572,0.743699771188749,0.5454545454545454,0.0,0.0,0.0,0.0,0.0,0.0,0.0,0.0,0.0,2002,radio,0.5
1,5,lr1e-04_bs32_modL1_fusion32_fusionL1_drop0p1_trmiss50_trlocradio,32,0.0001,1,32,1,0.1,lr1e-04_bs32_modL1_fusion32_fusionL1_drop0p1_trmiss50_trlocradio,50,0.35814327001571655,0.6549794971942902,0.546875,0.7496616409272635,0.5909090909090909,0.0,0.0,0.0,0.0,0.0,0.0,0.0,0.0,0.0,2002,radio,0.5
1,5,lr1e-04_bs32_modL1_fusion32_fusionL1_drop0p1_trmiss50_trlocradio,32,0.0001,1,32,1,0.1,lr1e-04_bs32_modL1_fusion32_fusionL1_drop0p1_trmiss50_trlocradio,51,0.3557203412055969,0.6531186103820801,0.5513392857142857,0.7522526773418293,0.5909090909090909,0.0,0.0,0.0,0.0,0.0,0.0,0.0,0.0,0.0,2002,radio,0.5
1,5,lr1e-04_bs32_modL1_fusion32_fusionL1_drop0p1_trmiss50_trlocradio,32,0.0001,1,32,1,0.1,lr1e-04_bs32_modL1_fusion32_fusionL1_drop0p1_trmiss50_trlocradio,52,0.36768734951814014,0.6519043743610382,0.5580357142857142,0.7548910230011188,0.5909090909090909,0.0,0.0,0.0,0.0,0.0,0.0,0.0,0.0,0.0,2002,radio,0.5
1,5,lr1e-04_bs32_modL1_fusion32_fusionL1_drop0p1_trmiss50_trlocradio,32,0.0001,1,32,1,0.1,lr1e-04_bs32_modL1_fusion32_fusionL1_drop0p1_trmiss50_trlocradio,53,0.3555416911840439,0.6513716578483582,0.5558035714285714,0.7525584788792875,0.5681818181818182,0.0,0.0,0.0,0.0,0.0,0.0,0.0,0.0,0.0,2002,radio,0.5
1,5,lr1e-04_bs32_modL1_fusion32_fusionL1_drop0p1_trmiss50_trlocradio,32,0.0001,1,32,1,0.1,lr1e-04_bs32_modL1_fusion32_fusionL1_drop0p1_trmiss50_trlocradio,54,0.35572098692258197,0.6528483629226685,0.5446428571428572,0.7470481121795424,0.5681818181818182,0.0,0.0,0.0,0.0,0.0,0.0,0.0,0.0,0.0,2002,radio,0.5
1,5,lr1e-04_bs32_modL1_fusion32_fusionL1_drop0p1_trmiss50_trlocradio,32,0.0001,1,32,1,0.1,lr1e-04_bs32_modL1_fusion32_fusionL1_drop0p1_trmiss50_trlocradio,55,0.3497876028219859,0.654050350189209,0.5491071428571428,0.7497411898765745,0.5681818181818182,0.0,0.0,0.0,0.0,0.0,0.0,0.0,0.0,0.0,2002,radio,0.5
1,5,lr1e-04_bs32_modL1_fusion32_fusionL1_drop0p1_trmiss50_trlocradio,32,0.0001,1,32,1,0.1,lr1e-04_bs32_modL1_fusion32_fusionL1_drop0p1_trmiss50_trlocradio,56,0.34745607276757556,0.6518639624118805,0.5602678571428572,0.7556147367537809,0.5681818181818182,0.0,0.0,0.0,0.0,0.0,0.0,0.0,0.0,0.0,2002,radio,0.5
1,5,lr1e-04_bs32_modL1_fusion32_fusionL1_drop0p1_trmiss50_trlocradio,32,0.0001,1,32,1,0.1,lr1e-04_bs32_modL1_fusion32_fusionL1_drop0p1_trmiss50_trlocradio,57,0.352783203125,0.6518840193748474,0.5513392857142857,0.7504264455360778,0.5909090909090909,0.0,0.0,0.0,0.0,0.0,0.0,0.0,0.0,0.0,2002,radio,0.5
1,5,lr1e-04_bs32_modL1_fusion32_fusionL1_drop0p1_trmiss50_trlocradio,32,0.0001,1,32,1,0.1,lr1e-04_bs32_modL1_fusion32_fusionL1_drop0p1_trmiss50_trlocradio,58,0.3525503973166148,0.6507915556430817,0.5535714285714286,0.7493383833402276,0.5909090909090909,0.0,0.0,0.0,0.0,0.0,0.0,0.0,0.0,0.0,2002,radio,0.5
1,5,lr1e-04_bs32_modL1_fusion32_fusionL1_drop0p1_trmiss50_trlocradio,32,0.0001,1,32,1,0.1,lr1e-04_bs32_modL1_fusion32_fusionL1_drop0p1_trmiss50_trlocradio,59,0.34833355247974396,0.6516542136669159,0.5535714285714285,0.7506225234784962,0.5681818181818182,0.0,0.0,0.0,0.0,0.0,0.0,0.0,0.0,0.0,2002,radio,0.5
1,5,lr1e-04_bs32_modL1_fusion32_fusionL1_drop0p1_trmiss50_trlocradio,32,0.0001,1,32,1,0.1,lr1e-04_bs32_modL1_fusion32_fusionL1_drop0p1_trmiss50_trlocradio,60,0.34410375356674194,0.6500682830810547,0.5647321428571428,0.7553339792612084,0.5909090909090909,0.0,0.0,0.0,0.0,0.0,0.0,0.0,0.0,0.0,2002,radio,0.5
1,5,lr1e-04_bs32_modL1_fusion32_fusionL1_drop0p1_trmiss50_trlocradio,32,0.0001,1,32,1,0.1,lr1e-04_bs32_modL1_fusion32_fusionL1_drop0p1_trmiss50_trlocradio,61,0.3571989486614863,0.6494265496730804,0.5669642857142857,0.7559942433668507,0.6136363636363636,0.0,0.0,0.0,0.0,0.0,0.0,0.0,0.0,0.0,2002,radio,0.5
1,5,lr1e-04_bs32_modL1_fusion32_fusionL1_drop0p1_trmiss50_trlocradio,32,0.0001,1,32,1,0.1,lr1e-04_bs32_modL1_fusion32_fusionL1_drop0p1_trmiss50_trlocradio,62,0.3625873823960622,0.6487372815608978,0.5691964285714286,0.756704470639578,0.6136363636363636,0.0,0.0,0.0,0.0,0.0,0.0,0.0,0.0,0.0,2002,radio,0.5
1,5,lr1e-04_bs32_modL1_fusion32_fusionL1_drop0p1_trmiss50_trlocradio,32,0.0001,1,32,1,0.1,lr1e-04_bs32_modL1_fusion32_fusionL1_drop0p1_trmiss50_trlocradio,63,0.36013035972913104,0.6489474475383759,0.5558035714285714,0.7516813382045684,0.5909090909090909,0.0,0.0,0.0,0.0,0.0,0.0,0.0,0.0,0.0,2002,radio,0.5
1,5,lr1e-04_bs32_modL1_fusion32_fusionL1_drop0p1_trmiss50_trlocradio,32,0.0001,1,32,1,0.1,lr1e-04_bs32_modL1_fusion32_fusionL1_drop0p1_trmiss50_trlocradio,64,0.35983708997567493,0.6511707603931427,0.5535714285714286,0.754198819178431,0.5909090909090909,0.0,0.0,0.0,0.0,0.0,0.0,0.0,0.0,0.0,2002,radio,0.5
1,5,lr1e-04_bs32_modL1_fusion32_fusionL1_drop0p1_trmiss50_trlocradio,32,0.0001,1,32,1,0.1,lr1e-04_bs32_modL1_fusion32_fusionL1_drop0p1_trmiss50_trlocradio,65,0.3502984245618184,0.6478029191493988,0.5758928571428572,0.7631277865093469,0.5909090909090909,0.0,0.0,0.0,0.0,0.0,0.0,0.0,0.0,0.0,2002,radio,0.5
1,5,lr1e-04_bs32_modL1_fusion32_fusionL1_drop0p1_trmiss50_trlocradio,32,0.0001,1,32,1,0.1,lr1e-04_bs32_modL1_fusion32_fusionL1_drop0p1_trmiss50_trlocradio,66,0.3629382252693176,0.6491548717021942,0.5691964285714286,0.7602200664778499,0.5909090909090909,0.0,0.0,0.0,0.0,0.0,0.0,0.0,0.0,0.0,2002,radio,0.5
1,5,lr1e-04_bs32_modL1_fusion32_fusionL1_drop0p1_trmiss50_trlocradio,32,0.0001,1,32,1,0.1,lr1e-04_bs32_modL1_fusion32_fusionL1_drop0p1_trmiss50_trlocradio,67,0.3464202880859375,0.6486386060714722,0.5691964285714286,0.7577030370288321,0.5909090909090909,0.0,0.0,0.0,0.0,0.0,0.0,0.0,0.0,0.0,2002,radio,0.5
1,5,lr1e-04_bs32_modL1_fusion32_fusionL1_drop0p1_trmiss50_trlocradio,32,0.0001,1,32,1,0.1,lr1e-04_bs32_modL1_fusion32_fusionL1_drop0p1_trmiss50_trlocradio,68,0.35263219972451526,0.6486583650112152,0.5758928571428571,0.7587450636879806,0.5909090909090909,0.0,0.0,0.0,0.0,0.0,0.0,0.0,0.0,0.0,2002,radio,0.5
1,5,lr1e-04_bs32_modL1_fusion32_fusionL1_drop0p1_trmiss50_trlocradio,32,0.0001,1,32,1,0.1,lr1e-04_bs32_modL1_fusion32_fusionL1_drop0p1_trmiss50_trlocradio,69,0.3477548211812973,0.649276077747345,0.5714285714285714,0.7545334164876116,0.6136363636363636,0.0,0.0,0.0,0.0,0.0,0.0,0.0,0.0,0.0,2002,radio,0.5
1,5,lr1e-04_bs32_modL1_fusion32_fusionL1_drop0p1_trmiss50_trlocradio,32,0.0001,1,32,1,0.1,lr1e-04_bs32_modL1_fusion32_fusionL1_drop0p1_trmiss50_trlocradio,70,0.3667136033376058,0.6498396992683411,0.5691964285714285,0.7600271233293051,0.5909090909090909,0.0,0.0,0.0,0.0,0.0,0.0,0.0,0.0,0.0,2002,radio,0.5
1,5,lr1e-04_bs32_modL1_fusion32_fusionL1_drop0p1_trmiss50_trlocradio,32,0.0001,1,32,1,0.1,lr1e-04_bs32_modL1_fusion32_fusionL1_drop0p1_trmiss50_trlocradio,71,0.34179997940858203,0.6487835943698883,0.5736607142857142,0.7574705688116741,0.6136363636363636,0.0,0.0,0.0,0.0,0.0,0.0,0.0,0.0,0.0,2002,radio,0.5
1,5,lr1e-04_bs32_modL1_fusion32_fusionL1_drop0p1_trmiss50_trlocradio,32,0.0001,1,32,1,0.1,lr1e-04_bs32_modL1_fusion32_fusionL1_drop0p1_trmiss50_trlocradio,72,0.3544465700785319,0.6490505337715149,0.5736607142857143,0.7597926420783534,0.6136363636363636,0.0,0.0,0.0,0.0,0.0,0.0,0.0,0.0,0.0,2002,radio,0.5
1,5,lr1e-04_bs32_modL1_fusion32_fusionL1_drop0p1_trmiss50_trlocradio,32,0.0001,1,32,1,0.1,lr1e-04_bs32_modL1_fusion32_fusionL1_drop0p1_trmiss50_trlocradio,73,0.3449195474386215,0.6466368436813354,0.5825892857142857,0.762572658416995,0.6363636363636364,0.0,0.0,0.0,0.0,0.0,0.0,0.0,0.0,0.0,2002,radio,0.5
1,5,lr1e-04_bs32_modL1_fusion32_fusionL1_drop0p1_trmiss50_trlocradio,32,0.0001,1,32,1,0.1,lr1e-04_bs32_modL1_fusion32_fusionL1_drop0p1_trmiss50_trlocradio,74,0.33716582258542377,0.6470427811145782,0.5803571428571428,0.7641248202964457,0.5909090909090909,0.0,0.0,0.0,0.0,0.0,0.0,0.0,0.0,0.0,2002,radio,0.5
1,5,lr1e-04_bs32_modL1_fusion32_fusionL1_drop0p1_trmiss50_trlocradio,32,0.0001,1,32,1,0.1,lr1e-04_bs32_modL1_fusion32_fusionL1_drop0p1_trmiss50_trlocradio,75,0.34602930148442584,0.6482563316822052,0.5803571428571428,0.7627200858090044,0.5681818181818182,0.0,0.0,0.0,0.0,0.0,0.0,0.0,0.0,0.0,2002,radio,0.5
1,5,lr1e-04_bs32_modL1_fusion32_fusionL1_drop0p1_trmiss50_trlocradio,32,0.0001,1,32,1,0.1,lr1e-04_bs32_modL1_fusion32_fusionL1_drop0p1_trmiss50_trlocradio,76,0.35451173782348633,0.6483181118965149,0.5758928571428572,0.758835255361674,0.5681818181818182,0.0,0.0,0.0,0.0,0.0,0.0,0.0,0.0,0.0,2002,radio,0.5
1,5,lr1e-04_bs32_modL1_fusion32_fusionL1_drop0p1_trmiss50_trlocradio,32,0.0001,1,32,1,0.1,lr1e-04_bs32_modL1_fusion32_fusionL1_drop0p1_trmiss50_trlocradio,77,0.33726343512535095,0.648216038942337,0.578125,0.7567312452751617,0.5909090909090909,0.0,0.0,0.0,0.0,0.0,0.0,0.0,0.0,0.0,2002,radio,0.5
1,5,lr1e-04_bs32_modL1_fusion32_fusionL1_drop0p1_trmiss50_trlocradio,32,0.0001,1,32,1,0.1,lr1e-04_bs32_modL1_fusion32_fusionL1_drop0p1_trmiss50_trlocradio,78,0.34584345916906994,0.6485317945480347,0.5758928571428571,0.7569321589739746,0.5681818181818182,0.0,0.0,0.0,0.0,0.0,0.0,0.0,0.0,0.0,2002,radio,0.5
1,5,lr1e-04_bs32_modL1_fusion32_fusionL1_drop0p1_trmiss50_trlocradio,32,0.0001,1,32,1,0.1,lr1e-04_bs32_modL1_fusion32_fusionL1_drop0p1_trmiss50_trlocradio,79,0.33950046201546985,0.6472833752632141,0.5758928571428572,0.7548121443014388,0.5909090909090909,0.0,0.0,0.0,0.0,0.0,0.0,0.0,0.0,0.0,2002,radio,0.5
1,5,lr1e-04_bs32_modL1_fusion32_fusionL1_drop0p1_trmiss50_trlocradio,32,0.0001,1,32,1,0.1,lr1e-04_bs32_modL1_fusion32_fusionL1_drop0p1_trmiss50_trlocradio,80,0.33898070951302844,0.6476730704307556,0.5803571428571428,0.7627200858090044,0.5909090909090909,0.0,0.0,0.0,0.0,0.0,0.0,0.0,0.0,0.0,2002,radio,0.5
1,5,lr1e-04_bs32_modL1_fusion64_fusionL1_drop0p2_trmiss50_trlocradio,32,0.0001,1,64,1,0.2,lr1e-04_bs32_modL1_fusion64_fusionL1_drop0p2_trmiss50_trlocradio,1,0.663994292418162,0.6926451921463013,0.5379464285714285,0.6911225670950147,0.5681818181818182,0.0,0.0,0.0,0.0,0.0,0.0,0.0,0.0,0.0,2002,radio,0.5
1,5,lr1e-04_bs32_modL1_fusion64_fusionL1_drop0p2_trmiss50_trlocradio,32,0.0001,1,64,1,0.2,lr1e-04_bs32_modL1_fusion64_fusionL1_drop0p2_trmiss50_trlocradio,2,0.6250880757967631,0.6825202405452728,0.5513392857142857,0.7114948040998224,0.5909090909090909,0.0,0.0,0.0,0.0,0.0,0.0,0.0,0.0,0.0,2002,radio,0.5
1,5,lr1e-04_bs32_modL1_fusion64_fusionL1_drop0p2_trmiss50_trlocradio,32,0.0001,1,64,1,0.2,lr1e-04_bs32_modL1_fusion64_fusionL1_drop0p2_trmiss50_trlocradio,3,0.596909910440445,0.6769436001777649,0.5357142857142857,0.7065751221386061,0.5454545454545454,0.0,0.0,0.0,0.0,0.0,0.0,0.0,0.0,0.0,2002,radio,0.5
1,5,lr1e-04_bs32_modL1_fusion64_fusionL1_drop0p2_trmiss50_trlocradio,32,0.0001,1,64,1,0.2,lr1e-04_bs32_modL1_fusion64_fusionL1_drop0p2_trmiss50_trlocradio,4,0.5810568432013193,0.6730893552303314,0.5401785714285714,0.707746267661502,0.5681818181818182,0.0,0.0,0.0,0.0,0.0,0.0,0.0,0.0,0.0,2002,radio,0.5
1,5,lr1e-04_bs32_modL1_fusion64_fusionL1_drop0p2_trmiss50_trlocradio,32,0.0001,1,64,1,0.2,lr1e-04_bs32_modL1_fusion64_fusionL1_drop0p2_trmiss50_trlocradio,5,0.5786590476830801,0.6694774329662323,0.5602678571428572,0.7240983020486962,0.5681818181818182,0.0,0.0,0.0,0.0,0.0,0.0,0.0,0.0,0.0,2002,radio,0.5
1,5,lr1e-04_bs32_modL1_fusion64_fusionL1_drop0p2_trmiss50_trlocradio,32,0.0001,1,64,1,0.2,lr1e-04_bs32_modL1_fusion64_fusionL1_drop0p2_trmiss50_trlocradio,6,0.5253005822499593,0.6687328815460205,0.5714285714285714,0.7484246083287839,0.5909090909090909,0.0,0.0,0.0,0.0,0.0,0.0,0.0,0.0,0.0,2002,radio,0.5
1,5,lr1e-04_bs32_modL1_fusion64_fusionL1_drop0p2_trmiss50_trlocradio,32,0.0001,1,64,1,0.2,lr1e-04_bs32_modL1_fusion64_fusionL1_drop0p2_trmiss50_trlocradio,7,0.5347993324200312,0.6654944717884064,0.5691964285714285,0.7435873148843759,0.5909090909090909,0.0,0.0,0.0,0.0,0.0,0.0,0.0,0.0,0.0,2002,radio,0.5
1,5,lr1e-04_bs32_modL1_fusion64_fusionL1_drop0p2_trmiss50_trlocradio,32,0.0001,1,64,1,0.2,lr1e-04_bs32_modL1_fusion64_fusionL1_drop0p2_trmiss50_trlocradio,8,0.5300062994162241,0.6615175008773804,0.5803571428571428,0.7469978941879782,0.5909090909090909,0.0,0.0,0.0,0.0,0.0,0.0,0.0,0.0,0.0,2002,radio,0.5
1,5,lr1e-04_bs32_modL1_fusion64_fusionL1_drop0p2_trmiss50_trlocradio,32,0.0001,1,64,1,0.2,lr1e-04_bs32_modL1_fusion64_fusionL1_drop0p2_trmiss50_trlocradio,9,0.5045665502548218,0.6582094132900238,0.5758928571428572,0.7329226609637786,0.5909090909090909,0.0,0.0,0.0,0.0,0.0,0.0,0.0,0.0,0.0,2002,radio,0.5
1,5,lr1e-04_bs32_modL1_fusion64_fusionL1_drop0p2_trmiss50_trlocradio,32,0.0001,1,64,1,0.2,lr1e-04_bs32_modL1_fusion64_fusionL1_drop0p2_trmiss50_trlocradio,10,0.4893609384695689,0.6567769944667816,0.5825892857142857,0.74318848872325,0.5909090909090909,0.0,0.0,0.0,0.0,0.0,0.0,0.0,0.0,0.0,2002,radio,0.5
1,5,lr1e-04_bs32_modL1_fusion64_fusionL1_drop0p2_trmiss50_trlocradio,32,0.0001,1,64,1,0.2,lr1e-04_bs32_modL1_fusion64_fusionL1_drop0p2_trmiss50_trlocradio,11,0.5079055031140646,0.6579493284225464,0.5870535714285714,0.7446328326106758,0.5909090909090909,0.0,0.0,0.0,0.0,0.0,0.0,0.0,0.0,0.0,2002,radio,0.5
1,5,lr1e-04_bs32_modL1_fusion64_fusionL1_drop0p2_trmiss50_trlocradio,32,0.0001,1,64,1,0.2,lr1e-04_bs32_modL1_fusion64_fusionL1_drop0p2_trmiss50_trlocradio,12,0.4650152524312337,0.6531302630901337,0.5870535714285714,0.7458147647136605,0.5681818181818182,0.0,0.0,0.0,0.0,0.0,0.0,0.0,0.0,0.0,2002,radio,0.5
1,5,lr1e-04_bs32_modL1_fusion64_fusionL1_drop0p2_trmiss50_trlocradio,32,0.0001,1,64,1,0.2,lr1e-04_bs32_modL1_fusion64_fusionL1_drop0p2_trmiss50_trlocradio,13,0.48115864892800647,0.6476401090621948,0.6026785714285714,0.757632904434277,0.5681818181818182,0.0,0.0,0.0,0.0,0.0,0.0,0.0,0.0,0.0,2002,radio,0.5
1,5,lr1e-04_bs32_modL1_fusion64_fusionL1_drop0p2_trmiss50_trlocradio,32,0.0001,1,64,1,0.2,lr1e-04_bs32_modL1_fusion64_fusionL1_drop0p2_trmiss50_trlocradio,14,0.45455198486646015,0.6465221643447876,0.6071428571428571,0.759353710993927,0.5681818181818182,0.0,0.0,0.0,0.0,0.0,0.0,0.0,0.0,0.0,2002,radio,0.5
1,5,lr1e-04_bs32_modL1_fusion64_fusionL1_drop0p2_trmiss50_trlocradio,32,0.0001,1,64,1,0.2,lr1e-04_bs32_modL1_fusion64_fusionL1_drop0p2_trmiss50_trlocradio,15,0.4455298185348511,0.6426835656166077,0.625,0.7737083179417789,0.5681818181818182,0.0,0.0,0.0,0.0,0.0,0.0,0.0,0.0,0.0,2002,radio,0.5
1,5,lr1e-04_bs32_modL1_fusion64_fusionL1_drop0p2_trmiss50_trlocradio,32,0.0001,1,64,1,0.2,lr1e-04_bs32_modL1_fusion64_fusionL1_drop0p2_trmiss50_trlocradio,16,0.438336580991745,0.6376228928565979,0.6316964285714286,0.7769742863696439,0.5909090909090909,0.0,0.0,0.0,0.0,0.0,0.0,0.0,0.0,0.0,2002,radio,0.5
1,5,lr1e-04_bs32_modL1_fusion64_fusionL1_drop0p2_trmiss50_trlocradio,32,0.0001,1,64,1,0.2,lr1e-04_bs32_modL1_fusion64_fusionL1_drop0p2_trmiss50_trlocradio,17,0.4411603609720866,0.6365659534931183,0.6361607142857143,0.7803055310330507,0.5909090909090909,0.0,0.0,0.0,0.0,0.0,0.0,0.0,0.0,0.0,2002,radio,0.5
1,5,lr1e-04_bs32_modL1_fusion64_fusionL1_drop0p2_trmiss50_trlocradio,32,0.0001,1,64,1,0.2,lr1e-04_bs32_modL1_fusion64_fusionL1_drop0p2_trmiss50_trlocradio,18,0.4226100395123164,0.6360486447811127,0.6361607142857142,0.7819116621241103,0.6136363636363636,0.0,0.0,0.0,0.0,0.0,0.0,0.0,0.0,0.0,2002,radio,0.5
1,5,lr1e-04_bs32_modL1_fusion64_fusionL1_drop0p2_trmiss50_trlocradio,32,0.0001,1,64,1,0.2,lr1e-04_bs32_modL1_fusion64_fusionL1_drop0p2_trmiss50_trlocradio,19,0.41166746616363525,0.6339470148086548,0.6383928571428572,0.7870206329263841,0.6136363636363636,0.0,0.0,0.0,0.0,0.0,0.0,0.0,0.0,0.0,2002,radio,0.5
1,5,lr1e-04_bs32_modL1_fusion64_fusionL1_drop0p2_trmiss50_trlocradio,32,0.0001,1,64,1,0.2,lr1e-04_bs32_modL1_fusion64_fusionL1_drop0p2_trmiss50_trlocradio,20,0.40422994395097095,0.6337209343910217,0.6428571428571428,0.7812484279709238,0.6363636363636364,0.0,0.0,0.0,0.0,0.0,0.0,0.0,0.0,0.0,2002,radio,0.5
1,5,lr1e-04_bs32_modL1_fusion64_fusionL1_drop0p2_trmiss50_trlocradio,32,0.0001,1,64,1,0.2,lr1e-04_bs32_modL1_fusion64_fusionL1_drop0p2_trmiss50_trlocradio,21,0.3924621244271596,0.6320545673370361,0.6495535714285715,0.7842488933491047,0.6590909090909091,0.0,0.0,0.0,0.0,0.0,0.0,0.0,0.0,0.0,2002,radio,0.5
1,5,lr1e-04_bs32_modL1_fusion64_fusionL1_drop0p2_trmiss50_trlocradio,32,0.0001,1,64,1,0.2,lr1e-04_bs32_modL1_fusion64_fusionL1_drop0p2_trmiss50_trlocradio,22,0.38555556535720825,0.6298429667949677,0.6540178571428572,0.8022126404315153,0.6590909090909091,0.0,0.0,0.0,0.0,0.0,0.0,0.0,0.0,0.0,2002,radio,0.5
1,5,lr1e-04_bs32_modL1_fusion64_fusionL1_drop0p2_trmiss50_trlocradio,32,0.0001,1,64,1,0.2,lr1e-04_bs32_modL1_fusion64_fusionL1_drop0p2_trmiss50_trlocradio,23,0.3738591472307841,0.631435751914978,0.6540178571428571,0.8018423928733318,0.6590909090909091,0.0,0.0,0.0,0.0,0.0,0.0,0.0,0.0,0.0,2002,radio,0.5
1,5,lr1e-04_bs32_modL1_fusion64_fusionL1_drop0p2_trmiss50_trlocradio,32,0.0001,1,64,1,0.2,lr1e-04_bs32_modL1_fusion64_fusionL1_drop0p2_trmiss50_trlocradio,24,0.3757379502058029,0.631633996963501,0.65625,0.7990507546385005,0.6818181818181818,0.0,0.0,0.0,0.0,0.0,0.0,0.0,0.0,0.0,2002,radio,0.5
1,5,lr1e-04_bs32_modL1_fusion64_fusionL1_drop0p2_trmiss50_trlocradio,32,0.0001,1,64,1,0.2,lr1e-04_bs32_modL1_fusion64_fusionL1_drop0p2_trmiss50_trlocradio,25,0.3509346544742584,0.6269771456718445,0.65625,0.7956240494580669,0.6590909090909091,0.0,0.0,0.0,0.0,0.0,0.0,0.0,0.0,0.0,2002,radio,0.5
1,5,lr1e-04_bs32_modL1_fusion64_fusionL1_drop0p2_trmiss50_trlocradio,32,0.0001,1,64,1,0.2,lr1e-04_bs32_modL1_fusion64_fusionL1_drop0p2_trmiss50_trlocradio,26,0.3541918496290843,0.6213378012180328,0.6741071428571429,0.7950071547743762,0.6590909090909091,0.0,0.0,0.0,0.0,0.0,0.0,0.0,0.0,0.0,2002,radio,0.5
1,5,lr1e-04_bs32_modL1_fusion64_fusionL1_drop0p2_trmiss50_trlocradio,32,0.0001,1,64,1,0.2,lr1e-04_bs32_modL1_fusion64_fusionL1_drop0p2_trmiss50_trlocradio,27,0.33149391909440357,0.6171242594718933,0.671875,0.7979604097152511,0.6818181818181818,0.0,0.0,0.0,0.0,0.0,0.0,0.0,0.0,0.0,2002,radio,0.5
1,5,lr1e-04_bs32_modL1_fusion64_fusionL1_drop0p2_trmiss50_trlocradio,32,0.0001,1,64,1,0.2,lr1e-04_bs32_modL1_fusion64_fusionL1_drop0p2_trmiss50_trlocradio,28,0.330491046110789,0.6184072494506836,0.6763392857142857,0.8000067770954694,0.7045454545454546,0.0,0.0,0.0,0.0,0.0,0.0,0.0,0.0,0.0,2002,radio,0.5
1,5,lr1e-04_bs32_modL1_fusion64_fusionL1_drop0p2_trmiss50_trlocradio,32,0.0001,1,64,1,0.2,lr1e-04_bs32_modL1_fusion64_fusionL1_drop0p2_trmiss50_trlocradio,29,0.3310352514187495,0.6281154751777649,0.6584821428571428,0.7609536076874407,0.6818181818181818,0.0,0.0,0.0,0.0,0.0,0.0,0.0,0.0,0.0,2002,radio,0.5
1,5,lr1e-04_bs32_modL1_fusion64_fusionL1_drop0p2_trmiss50_trlocradio,32,0.0001,1,64,1,0.2,lr1e-04_bs32_modL1_fusion64_fusionL1_drop0p2_trmiss50_trlocradio,30,0.32224322855472565,0.6310382187366486,0.6584821428571429,0.7616632498256543,0.6590909090909091,0.0,0.0,0.0,0.0,0.0,0.0,0.0,0.0,0.0,2002,radio,0.5
1,5,lr1e-04_bs32_modL1_fusion64_fusionL1_drop0p2_trmiss50_trlocradio,32,0.0001,1,64,1,0.2,lr1e-04_bs32_modL1_fusion64_fusionL1_drop0p2_trmiss50_trlocradio,31,0.31092406809329987,0.6333390474319458,0.6540178571428571,0.760150911019164,0.6363636363636364,0.0,0.0,0.0,0.0,0.0,0.0,0.0,0.0,0.0,2002,radio,0.5
1,5,lr1e-04_bs32_modL1_fusion64_fusionL1_drop0p2_trmiss50_trlocradio,32,0.0001,1,64,1,0.2,lr1e-04_bs32_modL1_fusion64_fusionL1_drop0p2_trmiss50_trlocradio,32,0.31265640755494434,0.6354431807994843,0.6450892857142857,0.7825280815252164,0.6818181818181818,0.0,0.0,0.0,0.0,0.0,0.0,0.0,0.0,0.0,2002,radio,0.5
1,5,lr1e-04_bs32_modL1_fusion64_fusionL1_drop0p2_trmiss50_trlocradio,32,0.0001,1,64,1,0.2,lr1e-04_bs32_modL1_fusion64_fusionL1_drop0p2_trmiss50_trlocradio,33,0.3033478955427806,0.6414312720298767,0.6383928571428571,0.7775767043982479,0.6590909090909091,0.0,0.0,0.0,0.0,0.0,0.0,0.0,0.0,0.0,2002,radio,0.5
1,5,lr1e-04_bs32_modL1_fusion64_fusionL1_drop0p2_trmiss50_trlocradio,32,0.0001,1,64,1,0.2,lr1e-04_bs32_modL1_fusion64_fusionL1_drop0p2_trmiss50_trlocradio,34,0.2930576155583064,0.6439807415008545,0.6339285714285714,0.7742590282789029,0.6818181818181818,0.0,0.0,0.0,0.0,0.0,0.0,0.0,0.0,0.0,2002,radio,0.5
1,5,lr1e-04_bs32_modL1_fusion64_fusionL1_drop0p2_trmiss50_trlocradio,32,0.0001,1,64,1,0.2,lr1e-04_bs32_modL1_fusion64_fusionL1_drop0p2_trmiss50_trlocradio,35,0.30374818046887714,0.6387466192245483,0.6540178571428571,0.7904417633996096,0.6818181818181818,0.0,0.0,0.0,0.0,0.0,0.0,0.0,0.0,0.0,2002,radio,0.5
1,5,lr1e-04_bs32_modL1_fusion64_fusionL1_drop0p2_trmiss50_trlocradio,32,0.0001,1,64,1,0.2,lr1e-04_bs32_modL1_fusion64_fusionL1_drop0p2_trmiss50_trlocradio,36,0.29020463426907855,0.6330416202545166,0.6517857142857143,0.7938685614692647,0.7045454545454546,0.0,0.0,0.0,0.0,0.0,0.0,0.0,0.0,0.0,2002,radio,0.5
1,5,lr1e-04_bs32_modL1_fusion64_fusionL1_drop0p2_trmiss50_trlocradio,32,0.0001,1,64,1,0.2,lr1e-04_bs32_modL1_fusion64_fusionL1_drop0p2_trmiss50_trlocradio,37,0.28450122972329456,0.6313028335571289,0.6540178571428571,0.7952505403342657,0.7045454545454546,0.0,0.0,0.0,0.0,0.0,0.0,0.0,0.0,0.0,2002,radio,0.5
1,5,lr1e-04_bs32_modL1_fusion64_fusionL1_drop0p2_trmiss50_trlocradio,32,0.0001,1,64,1,0.2,lr1e-04_bs32_modL1_fusion64_fusionL1_drop0p2_trmiss50_trlocradio,38,0.26752522587776184,0.6291164755821228,0.65625,0.7961953627076594,0.7045454545454546,0.0,0.0,0.0,0.0,0.0,0.0,0.0,0.0,0.0,2002,radio,0.5
1,5,lr1e-04_bs32_modL1_fusion64_fusionL1_drop0p2_trmiss50_trlocradio,32,0.0001,1,64,1,0.2,lr1e-04_bs32_modL1_fusion64_fusionL1_drop0p2_trmiss50_trlocradio,39,0.2804437230030696,0.6290557384490967,0.6584821428571429,0.7982155476771533,0.6818181818181818,0.0,0.0,0.0,0.0,0.0,0.0,0.0,0.0,0.0,2002,radio,0.5
1,5,lr1e-04_bs32_modL1_fusion64_fusionL1_drop0p2_trmiss50_trlocradio,32,0.0001,1,64,1,0.2,lr1e-04_bs32_modL1_fusion64_fusionL1_drop0p2_trmiss50_trlocradio,40,0.2748078803221385,0.6281617283821106,0.6584821428571428,0.7987666566323368,0.6818181818181818,0.0,0.0,0.0,0.0,0.0,0.0,0.0,0.0,0.0,2002,radio,0.5
1,5,lr1e-04_bs32_modL1_fusion64_fusionL1_drop0p2_trmiss50_trlocradio,32,0.0001,1,64,1,0.2,lr1e-04_bs32_modL1_fusion64_fusionL1_drop0p2_trmiss50_trlocradio,41,0.26024869332710904,0.6267931163311005,0.6540178571428571,0.7968110196766999,0.6818181818181818,0.0,0.0,0.0,0.0,0.0,0.0,0.0,0.0,0.0,2002,radio,0.5
1,5,lr1e-04_bs32_modL1_fusion64_fusionL1_drop0p2_trmiss50_trlocradio,32,0.0001,1,64,1,0.2,lr1e-04_bs32_modL1_fusion64_fusionL1_drop0p2_trmiss50_trlocradio,42,0.2659203012784322,0.626262366771698,0.65625,0.7980463685170908,0.6818181818181818,0.0,0.0,0.0,0.0,0.0,0.0,0.0,0.0,0.0,2002,radio,0.5
1,5,lr1e-04_bs32_modL1_fusion64_fusionL1_drop0p2_trmiss50_trlocradio,32,0.0001,1,64,1,0.2,lr1e-04_bs32_modL1_fusion64_fusionL1_drop0p2_trmiss50_trlocradio,43,0.2621002073089282,0.6299151182174683,0.65625,0.7980463685170908,0.6818181818181818,0.0,0.0,0.0,0.0,0.0,0.0,0.0,0.0,0.0,2002,radio,0.5
1,5,lr1e-04_bs32_modL1_fusion64_fusionL1_drop0p2_trmiss50_trlocradio,32,0.0001,1,64,1,0.2,lr1e-04_bs32_modL1_fusion64_fusionL1_drop0p2_trmiss50_trlocradio,44,0.272647092739741,0.6331784725189209,0.6473214285714285,0.7959437199596102,0.6818181818181818,0.0,0.0,0.0,0.0,0.0,0.0,0.0,0.0,0.0,2002,radio,0.5
1,5,lr1e-04_bs32_modL1_fusion64_fusionL1_drop0p2_trmiss50_trlocradio,32,0.0001,1,64,1,0.2,lr1e-04_bs32_modL1_fusion64_fusionL1_drop0p2_trmiss50_trlocradio,45,0.2740689218044281,0.6340123414993286,0.6450892857142857,0.7899887642545742,0.6818181818181818,0.0,0.0,0.0,0.0,0.0,0.0,0.0,0.0,0.0,2002,radio,0.5
1,5,lr1e-04_bs32_modL1_fusion64_fusionL1_drop0p2_trmiss50_trlocradio,32,0.0001,1,64,1,0.2,lr1e-04_bs32_modL1_fusion64_fusionL1_drop0p2_trmiss50_trlocradio,46,0.2592682292064031,0.6352022588253021,0.6450892857142857,0.7896664003738579,0.6590909090909091,0.0,0.0,0.0,0.0,0.0,0.0,0.0,0.0,0.0,2002,radio,0.5
1,5,lr1e-04_bs32_modL1_fusion64_fusionL1_drop0p2_trmiss50_trlocradio,32,0.0001,1,64,1,0.2,lr1e-04_bs32_modL1_fusion64_fusionL1_drop0p2_trmiss50_trlocradio,47,0.26523926854133606,0.6346680521965027,0.6428571428571429,0.7930641194014383,0.6818181818181818,0.0,0.0,0.0,0.0,0.0,0.0,0.0,0.0,0.0,2002,radio,0.5
1,5,lr1e-04_bs32_modL1_fusion64_fusionL1_drop0p2_trmiss50_trlocradio,32,0.0001,1,64,1,0.2,lr1e-04_bs32_modL1_fusion64_fusionL1_drop0p2_trmiss50_trlocradio,48,0.2742432951927185,0.6358464062213898,0.6361607142857143,0.7865004992234592,0.6818181818181818,0.0,0.0,0.0,0.0,0.0,0.0,0.0,0.0,0.0,2002,radio,0.5
1,5,lr1e-04_bs32_modL1_fusion64_fusionL1_drop0p1_trmiss50_trlocradio,32,0.0001,1,64,1,0.1,lr1e-04_bs32_modL1_fusion64_fusionL1_drop0p1_trmiss50_trlocradio,1,0.7153683006763458,0.6891787946224213,0.6272321428571428,0.7332955517550627,0.45454545454545453,0.0,0.0,0.0,0.0,0.0,0.0,0.0,0.0,0.0,2002,radio,0.5
1,5,lr1e-04_bs32_modL1_fusion64_fusionL1_drop0p1_trmiss50_trlocradio,32,0.0001,1,64,1,0.1,lr1e-04_bs32_modL1_fusion64_fusionL1_drop0p1_trmiss50_trlocradio,2,0.6787631809711456,0.6814553141593933,0.6227678571428572,0.7343068051431589,0.45454545454545453,0.0,0.0,0.0,0.0,0.0,0.0,0.0,0.0,0.0,2002,radio,0.5
1,5,lr1e-04_bs32_modL1_fusion64_fusionL1_drop0p1_trmiss50_trlocradio,32,0.0001,1,64,1,0.1,lr1e-04_bs32_modL1_fusion64_fusionL1_drop0p1_trmiss50_trlocradio,3,0.6454897224903107,0.6765885949134827,0.6272321428571429,0.7461549695990362,0.5454545454545454,0.0,0.0,0.0,0.0,0.0,0.0,0.0,0.0,0.0,2002,radio,0.5
1,5,lr1e-04_bs32_modL1_fusion64_fusionL1_drop0p1_trmiss50_trlocradio,32,0.0001,1,64,1,0.1,lr1e-04_bs32_modL1_fusion64_fusionL1_drop0p1_trmiss50_trlocradio,4,0.6203695237636566,0.6777859330177307,0.640625,0.737852649870746,0.5454545454545454,0.0,0.0,0.0,0.0,0.0,0.0,0.0,0.0,0.0,2002,radio,0.5
1,5,lr1e-04_bs32_modL1_fusion64_fusionL1_drop0p1_trmiss50_trlocradio,32,0.0001,1,64,1,0.1,lr1e-04_bs32_modL1_fusion64_fusionL1_drop0p1_trmiss50_trlocradio,5,0.6053196291128794,0.6809177994728088,0.6517857142857143,0.7433262464281855,0.5681818181818182,0.0,0.0,0.0,0.0,0.0,0.0,0.0,0.0,0.0,2002,radio,0.5
1,5,lr1e-04_bs32_modL1_fusion64_fusionL1_drop0p1_trmiss50_trlocradio,32,0.0001,1,64,1,0.1,lr1e-04_bs32_modL1_fusion64_fusionL1_drop0p1_trmiss50_trlocradio,6,0.5867338379224142,0.6789607107639313,0.6473214285714285,0.7407739482809406,0.5681818181818182,0.0,0.0,0.0,0.0,0.0,0.0,0.0,0.0,0.0,2002,radio,0.5
1,5,lr1e-04_bs32_modL1_fusion64_fusionL1_drop0p1_trmiss50_trlocradio,32,0.0001,1,64,1,0.1,lr1e-04_bs32_modL1_fusion64_fusionL1_drop0p1_trmiss50_trlocradio,7,0.565833697716395,0.6745535135269165,0.6562499999999999,0.7525066941442207,0.5454545454545454,0.0,0.0,0.0,0.0,0.0,0.0,0.0,0.0,0.0,2002,radio,0.5
1,5,lr1e-04_bs32_modL1_fusion64_fusionL1_drop0p1_trmiss50_trlocradio,32,0.0001,1,64,1,0.1,lr1e-04_bs32_modL1_fusion64_fusionL1_drop0p1_trmiss50_trlocradio,8,0.5573432942231497,0.6686286926269531,0.6696428571428571,0.7599896003417443,0.5681818181818182,0.0,0.0,0.0,0.0,0.0,0.0,0.0,0.0,0.0,2002,radio,0.5
1,5,lr1e-04_bs32_modL1_fusion64_fusionL1_drop0p1_trmiss50_trlocradio,32,0.0001,1,64,1,0.1,lr1e-04_bs32_modL1_fusion64_fusionL1_drop0p1_trmiss50_trlocradio,9,0.5401487698157629,0.665350466966629,0.6808035714285715,0.7543732336257536,0.5681818181818182,0.0,0.0,0.0,0.0,0.0,0.0,0.0,0.0,0.0,2002,radio,0.5
1,5,lr1e-04_bs32_modL1_fusion64_fusionL1_drop0p1_trmiss50_trlocradio,32,0.0001,1,64,1,0.1,lr1e-04_bs32_modL1_fusion64_fusionL1_drop0p1_trmiss50_trlocradio,10,0.5212666143973669,0.6570851504802704,0.6919642857142857,0.7595249060700526,0.5681818181818182,0.0,0.0,0.0,0.0,0.0,0.0,0.0,0.0,0.0,2002,radio,0.5
1,5,lr1e-04_bs32_modL1_fusion64_fusionL1_drop0p1_trmiss50_trlocradio,32,0.0001,1,64,1,0.1,lr1e-04_bs32_modL1_fusion64_fusionL1_drop0p1_trmiss50_trlocradio,11,0.5117317934830984,0.658076286315918,0.6651785714285714,0.7559481632358445,0.5454545454545454,0.0,0.0,0.0,0.0,0.0,0.0,0.0,0.0,0.0,2002,radio,0.5
1,5,lr1e-04_bs32_modL1_fusion64_fusionL1_drop0p1_trmiss50_trlocradio,32,0.0001,1,64,1,0.1,lr1e-04_bs32_modL1_fusion64_fusionL1_drop0p1_trmiss50_trlocradio,12,0.4871387432018916,0.6706583499908447,0.6674107142857143,0.7479385738799207,0.5227272727272727,0.0,0.0,0.0,0.0,0.0,0.0,0.0,0.0,0.0,2002,radio,0.5
1,5,lr1e-04_bs32_modL1_fusion64_fusionL1_drop0p1_trmiss50_trlocradio,32,0.0001,1,64,1,0.1,lr1e-04_bs32_modL1_fusion64_fusionL1_drop0p1_trmiss50_trlocradio,13,0.49532608191172284,0.6799752414226532,0.6674107142857143,0.7485685109903253,0.5454545454545454,0.0,0.0,0.0,0.0,0.0,0.0,0.0,0.0,0.0,2002,radio,0.5
1,5,lr1e-04_bs32_modL1_fusion64_fusionL1_drop0p1_trmiss50_trlocradio,32,0.0001,1,64,1,0.1,lr1e-04_bs32_modL1_fusion64_fusionL1_drop0p1_trmiss50_trlocradio,14,0.4741710027058919,0.6737625300884247,0.6584821428571428,0.7440383708343223,0.5681818181818182,0.0,0.0,0.0,0.0,0.0,0.0,0.0,0.0,0.0,2002,radio,0.5
1,5,lr1e-04_bs32_modL1_fusion64_fusionL1_drop0p1_trmiss50_trlocradio,32,0.0001,1,64,1,0.1,lr1e-04_bs32_modL1_fusion64_fusionL1_drop0p1_trmiss50_trlocradio,15,0.45404283205668133,0.666849821805954,0.65625,0.7429304475018579,0.5681818181818182,0.0,0.0,0.0,0.0,0.0,0.0,0.0,0.0,0.0,2002,radio,0.5
1,5,lr1e-04_bs32_modL1_fusion64_fusionL1_drop0p1_trmiss50_trlocradio,32,0.0001,1,64,1,0.1,lr1e-04_bs32_modL1_fusion64_fusionL1_drop0p1_trmiss50_trlocradio,16,0.4561421523491542,0.6606417298316956,0.6495535714285714,0.7398666727995169,0.5909090909090909,0.0,0.0,0.0,0.0,0.0,0.0,0.0,0.0,0.0,2002,radio,0.5
1,5,lr1e-04_bs32_modL1_fusion64_fusionL1_drop0p1_trmiss50_trlocradio,32,0.0001,1,64,1,0.1,lr1e-04_bs32_modL1_fusion64_fusionL1_drop0p1_trmiss50_trlocradio,17,0.46438710888226825,0.6655625104904175,0.6473214285714286,0.7374232340695901,0.5227272727272727,0.0,0.0,0.0,0.0,0.0,0.0,0.0,0.0,0.0,2002,radio,0.5
1,5,lr1e-04_bs32_modL1_fusion64_fusionL1_drop0p1_trmiss50_trlocradio,32,0.0001,1,64,1,0.1,lr1e-04_bs32_modL1_fusion64_fusionL1_drop0p1_trmiss50_trlocradio,18,0.43756801386674243,0.6673238575458527,0.640625,0.7332506110123216,0.5227272727272727,0.0,0.0,0.0,0.0,0.0,0.0,0.0,0.0,0.0,2002,radio,0.5
1,5,lr1e-04_bs32_modL1_fusion64_fusionL1_drop0p1_trmiss50_trlocradio,32,0.0001,1,64,1,0.1,lr1e-04_bs32_modL1_fusion64_fusionL1_drop0p1_trmiss50_trlocradio,19,0.41852908829847973,0.6778125166893005,0.6495535714285715,0.7384829078591356,0.5909090909090909,0.0,0.0,0.0,0.0,0.0,0.0,0.0,0.0,0.0,2002,radio,0.5
1,5,lr1e-04_bs32_modL1_fusion64_fusionL1_drop0p1_trmiss50_trlocradio,32,0.0001,1,64,1,0.1,lr1e-04_bs32_modL1_fusion64_fusionL1_drop0p1_trmiss50_trlocradio,20,0.43406414488951367,0.6766929924488068,0.6674107142857143,0.7466764667935066,0.5909090909090909,0.0,0.0,0.0,0.0,0.0,0.0,0.0,0.0,0.0,2002,radio,0.5
1,5,lr1e-04_bs32_modL1_fusion64_fusionL1_drop0p1_trmiss50_trlocradio,32,0.0001,1,64,1,0.1,lr1e-04_bs32_modL1_fusion64_fusionL1_drop0p1_trmiss50_trlocradio,21,0.4222586303949356,0.6713404357433319,0.6674107142857143,0.7483639484480935,0.5681818181818182,0.0,0.0,0.0,0.0,0.0,0.0,0.0,0.0,0.0,2002,radio,0.5
1,5,lr1e-04_bs32_modL1_fusion64_fusionL1_drop0p1_trmiss50_trlocradio,32,0.0001,1,64,1,0.1,lr1e-04_bs32_modL1_fusion64_fusionL1_drop0p1_trmiss50_trlocradio,22,0.4124395747979482,0.673290878534317,0.6584821428571428,0.7431232747568015,0.5227272727272727,0.0,0.0,0.0,0.0,0.0,0.0,0.0,0.0,0.0,2002,radio,0.5
1,5,lr1e-04_bs32_modL1_fusion64_fusionL1_drop0p1_trmiss50_trlocradio,32,0.0001,1,64,1,0.1,lr1e-04_bs32_modL1_fusion64_fusionL1_drop0p1_trmiss50_trlocradio,23,0.4196118066708247,0.6767750382423401,0.6584821428571428,0.7434316985215644,0.5227272727272727,0.0,0.0,0.0,0.0,0.0,0.0,0.0,0.0,0.0,2002,radio,0.5
1,5,lr1e-04_bs32_modL1_fusion64_fusionL1_drop0p1_trmiss50_trlocradio,32,0.0001,1,64,1,0.1,lr1e-04_bs32_modL1_fusion64_fusionL1_drop0p1_trmiss50_trlocradio,24,0.39836961527665454,0.6790752410888672,0.6607142857142857,0.744466895208935,0.5227272727272727,0.0,0.0,0.0,0.0,0.0,0.0,0.0,0.0,0.0,2002,radio,0.5
1,5,lr1e-04_bs32_modL1_fusion64_fusionL1_drop0p1_trmiss50_trlocradio,32,0.0001,1,64,1,0.1,lr1e-04_bs32_modL1_fusion64_fusionL1_drop0p1_trmiss50_trlocradio,25,0.39921395977338153,0.6802830696105957,0.6584821428571429,0.7438162300845857,0.5454545454545454,0.0,0.0,0.0,0.0,0.0,0.0,0.0,0.0,0.0,2002,radio,0.5
1,5,lr1e-04_bs32_modL1_fusion64_fusionL1_drop0p1_trmiss50_trlocradio,32,0.0001,1,64,1,0.1,lr1e-04_bs32_modL1_fusion64_fusionL1_drop0p1_trmiss50_trlocradio,26,0.40362217525641125,0.6775930523872375,0.6584821428571428,0.7443576529474372,0.5454545454545454,0.0,0.0,0.0,0.0,0.0,0.0,0.0,0.0,0.0,2002,radio,0.5
1,5,lr1e-04_bs32_modL1_fusion64_fusionL1_drop0p1_trmiss50_trlocradio,32,0.0001,1,64,1,0.1,lr1e-04_bs32_modL1_fusion64_fusionL1_drop0p1_trmiss50_trlocradio,27,0.3909709354241689,0.6749712526798248,0.6607142857142858,0.7447441711910983,0.5454545454545454,0.0,0.0,0.0,0.0,0.0,0.0,0.0,0.0,0.0,2002,radio,0.5
1,5,lr1e-04_bs32_modL1_fusion64_fusionL1_drop0p1_trmiss50_trlocradio,32,0.0001,1,64,1,0.1,lr1e-04_bs32_modL1_fusion64_fusionL1_drop0p1_trmiss50_trlocradio,28,0.39577896893024445,0.6701528131961823,0.6584821428571429,0.7439483983365018,0.5454545454545454,0.0,0.0,0.0,0.0,0.0,0.0,0.0,0.0,0.0,2002,radio,0.5
1,5,lr1e-04_bs32_modL1_fusion64_fusionL1_drop0p1_trmiss50_trlocradio,32,0.0001,1,64,1,0.1,lr1e-04_bs32_modL1_fusion64_fusionL1_drop0p1_trmiss50_trlocradio,29,0.3879097004731496,0.6708734631538391,0.6584821428571428,0.7448224075465188,0.5454545454545454,0.0,0.0,0.0,0.0,0.0,0.0,0.0,0.0,0.0,2002,radio,0.5
1,5,lr1e-04_bs32_modL1_fusion64_fusionL1_drop0p1_trmiss50_trlocradio,32,0.0001,1,64,1,0.1,lr1e-04_bs32_modL1_fusion64_fusionL1_drop0p1_trmiss50_trlocradio,30,0.3804994771877925,0.6732328832149506,0.6517857142857142,0.7415749224350066,0.5454545454545454,0.0,0.0,0.0,0.0,0.0,0.0,0.0,0.0,0.0,2002,radio,0.5
2,1,lr5e-05_bs16_modL1_fusion32_fusionL1_drop0p2_trmiss50_trlocradio,16,5e-05,1,32,1,0.2,lr5e-05_bs16_modL1_fusion32_fusionL1_drop0p2_trmiss50_trlocradio,1,0.6870845953623453,0.6924907167752584,0.5840336134453782,0.7598575591229456,0.5555555555555556,0.0,0.0,0.0,0.0,0.0,0.0,0.0,0.0,0.0,2002,radio,0.5
2,1,lr5e-05_bs16_modL1_fusion32_fusionL1_drop0p2_trmiss50_trlocradio,16,5e-05,1,32,1,0.2,lr5e-05_bs16_modL1_fusion32_fusionL1_drop0p2_trmiss50_trlocradio,2,0.6963697224855423,0.6868885159492493,0.6197478991596639,0.7806838535922938,0.5555555555555556,0.0,0.0,0.0,0.0,0.0,0.0,0.0,0.0,0.0,2002,radio,0.5
2,1,lr5e-05_bs16_modL1_fusion32_fusionL1_drop0p2_trmiss50_trlocradio,16,5e-05,1,32,1,0.2,lr5e-05_bs16_modL1_fusion32_fusionL1_drop0p2_trmiss50_trlocradio,3,0.6483844866355261,0.6839247147242228,0.6281512605042017,0.8027676885487208,0.5777777777777777,0.0,0.0,0.0,0.0,0.0,0.0,0.0,0.0,0.0,2002,radio,0.5
2,1,lr5e-05_bs16_modL1_fusion32_fusionL1_drop0p2_trmiss50_trlocradio,16,5e-05,1,32,1,0.2,lr5e-05_bs16_modL1_fusion32_fusionL1_drop0p2_trmiss50_trlocradio,4,0.6426085035006205,0.6734739740689596,0.6323529411764707,0.7931173348096913,0.5555555555555556,0.0,0.0,0.0,0.0,0.0,0.0,0.0,0.0,0.0,2002,radio,0.5
2,1,lr5e-05_bs16_modL1_fusion32_fusionL1_drop0p2_trmiss50_trlocradio,16,5e-05,1,32,1,0.2,lr5e-05_bs16_modL1_fusion32_fusionL1_drop0p2_trmiss50_trlocradio,5,0.6330278664827347,0.672067920366923,0.6470588235294118,0.8130445698353234,0.5555555555555556,0.0,0.0,0.0,0.0,0.0,0.0,0.0,0.0,0.0,2002,radio,0.5
2,1,lr5e-05_bs16_modL1_fusion32_fusionL1_drop0p2_trmiss50_trlocradio,16,5e-05,1,32,1,0.2,lr5e-05_bs16_modL1_fusion32_fusionL1_drop0p2_trmiss50_trlocradio,6,0.6191261361042658,0.6724217732747396,0.6302521008403361,0.7972973872420376,0.5333333333333333,0.0,0.0,0.0,0.0,0.0,0.0,0.0,0.0,0.0,2002,radio,0.5
2,1,lr5e-05_bs16_modL1_fusion32_fusionL1_drop0p2_trmiss50_trlocradio,16,5e-05,1,32,1,0.2,lr5e-05_bs16_modL1_fusion32_fusionL1_drop0p2_trmiss50_trlocradio,7,0.625127578775088,0.6724867224693298,0.6512605042016807,0.8004540123050267,0.6444444444444445,0.0,0.0,0.0,0.0,0.0,0.0,0.0,0.0,0.0,2002,radio,0.5
2,1,lr5e-05_bs16_modL1_fusion32_fusionL1_drop0p2_trmiss50_trlocradio,16,5e-05,1,32,1,0.2,lr5e-05_bs16_modL1_fusion32_fusionL1_drop0p2_trmiss50_trlocradio,8,0.5954943696657816,0.6731029152870178,0.6533613445378151,0.8164599217558083,0.5777777777777777,0.0,0.0,0.0,0.0,0.0,0.0,0.0,0.0,0.0,2002,radio,0.5
2,1,lr5e-05_bs16_modL1_fusion32_fusionL1_drop0p2_trmiss50_trlocradio,16,5e-05,1,32,1,0.2,lr5e-05_bs16_modL1_fusion32_fusionL1_drop0p2_trmiss50_trlocradio,9,0.5756899217764536,0.669047991434733,0.6659663865546219,0.8280611359528117,0.5555555555555556,0.0,0.0,0.0,0.0,0.0,0.0,0.0,0.0,0.0,2002,radio,0.5
2,1,lr5e-05_bs16_modL1_fusion32_fusionL1_drop0p2_trmiss50_trlocradio,16,5e-05,1,32,1,0.2,lr5e-05_bs16_modL1_fusion32_fusionL1_drop0p2_trmiss50_trlocradio,10,0.5996474971373876,0.6723887721697489,0.6638655462184874,0.8188834711034065,0.6,0.0,0.0,0.0,0.0,0.0,0.0,0.0,0.0,0.0,2002,radio,0.5
2,1,lr5e-05_bs16_modL1_fusion32_fusionL1_drop0p2_trmiss50_trlocradio,16,5e-05,1,32,1,0.2,lr5e-05_bs16_modL1_fusion32_fusionL1_drop0p2_trmiss50_trlocradio,11,0.5757953921953837,0.6682769656181335,0.657563025210084,0.8067924046288637,0.6,0.0,0.0,0.0,0.0,0.0,0.0,0.0,0.0,0.0,2002,radio,0.5
2,1,lr5e-05_bs16_modL1_fusion32_fusionL1_drop0p2_trmiss50_trlocradio,16,5e-05,1,32,1,0.2,lr5e-05_bs16_modL1_fusion32_fusionL1_drop0p2_trmiss50_trlocradio,12,0.5593974341948827,0.6656762361526489,0.6365546218487395,0.7837387817670823,0.5777777777777777,0.0,0.0,0.0,0.0,0.0,0.0,0.0,0.0,0.0,2002,radio,0.5
2,1,lr5e-05_bs16_modL1_fusion32_fusionL1_drop0p2_trmiss50_trlocradio,16,5e-05,1,32,1,0.2,lr5e-05_bs16_modL1_fusion32_fusionL1_drop0p2_trmiss50_trlocradio,13,0.5684473390380541,0.6675541599591573,0.615546218487395,0.7523368948022598,0.5777777777777777,0.0,0.0,0.0,0.0,0.0,0.0,0.0,0.0,0.0,2002,radio,0.5
2,1,lr5e-05_bs16_modL1_fusion32_fusionL1_drop0p2_trmiss50_trlocradio,16,5e-05,1,32,1,0.2,lr5e-05_bs16_modL1_fusion32_fusionL1_drop0p2_trmiss50_trlocradio,14,0.5620671510696411,0.6767749786376953,0.6092436974789915,0.733452604389137,0.5555555555555556,0.0,0.0,0.0,0.0,0.0,0.0,0.0,0.0,0.0,2002,radio,0.5
2,1,lr5e-05_bs16_modL1_fusion32_fusionL1_drop0p2_trmiss50_trlocradio,16,5e-05,1,32,1,0.2,lr5e-05_bs16_modL1_fusion32_fusionL1_drop0p2_trmiss50_trlocradio,15,0.5535544355710348,0.6732773780822754,0.6008403361344538,0.7139380268862012,0.5777777777777777,0.0,0.0,0.0,0.0,0.0,0.0,0.0,0.0,0.0,2002,radio,0.5
2,1,lr5e-05_bs16_modL1_fusion32_fusionL1_drop0p2_trmiss50_trlocradio,16,5e-05,1,32,1,0.2,lr5e-05_bs16_modL1_fusion32_fusionL1_drop0p2_trmiss50_trlocradio,16,0.5512100284298261,0.6692753235499064,0.6029411764705882,0.714622368935188,0.5555555555555556,0.0,0.0,0.0,0.0,0.0,0.0,0.0,0.0,0.0,2002,radio,0.5
2,1,lr5e-05_bs16_modL1_fusion32_fusionL1_drop0p2_trmiss50_trlocradio,16,5e-05,1,32,1,0.2,lr5e-05_bs16_modL1_fusion32_fusionL1_drop0p2_trmiss50_trlocradio,17,0.5226158102353414,0.6692158579826355,0.5945378151260504,0.7034171844853355,0.5555555555555556,0.0,0.0,0.0,0.0,0.0,0.0,0.0,0.0,0.0,2002,radio,0.5
2,1,lr5e-05_bs16_modL1_fusion32_fusionL1_drop0p2_trmiss50_trlocradio,16,5e-05,1,32,1,0.2,lr5e-05_bs16_modL1_fusion32_fusionL1_drop0p2_trmiss50_trlocradio,18,0.5307123909393946,0.677611251672109,0.5882352941176471,0.6894368583692426,0.5333333333333333,0.0,0.0,0.0,0.0,0.0,0.0,0.0,0.0,0.0,2002,radio,0.5
2,1,lr5e-05_bs16_modL1_fusion32_fusionL1_drop0p2_trmiss50_trlocradio,16,5e-05,1,32,1,0.2,lr5e-05_bs16_modL1_fusion32_fusionL1_drop0p2_trmiss50_trlocradio,19,0.5156680817405382,0.6798157294591268,0.573529411764706,0.695032272771048,0.5777777777777777,0.0,0.0,0.0,0.0,0.0,0.0,0.0,0.0,0.0,2002,radio,0.5
2,1,lr5e-05_bs16_modL1_fusion32_fusionL1_drop0p2_trmiss50_trlocradio,16,5e-05,1,32,1,0.2,lr5e-05_bs16_modL1_fusion32_fusionL1_drop0p2_trmiss50_trlocradio,20,0.5164562538266182,0.6777920722961426,0.5798319327731093,0.6969033665935768,0.5333333333333333,0.0,0.0,0.0,0.0,0.0,0.0,0.0,0.0,0.0,2002,radio,0.5
2,1,lr5e-05_bs16_modL1_fusion32_fusionL1_drop0p2_trmiss50_trlocradio,16,5e-05,1,32,1,0.2,lr5e-05_bs16_modL1_fusion32_fusionL1_drop0p2_trmiss50_trlocradio,21,0.5081357931097349,0.6772850950558981,0.5819327731092437,0.703948446220157,0.5333333333333333,0.0,0.0,0.0,0.0,0.0,0.0,0.0,0.0,0.0,2002,radio,0.5
2,1,lr5e-05_bs16_modL1_fusion32_fusionL1_drop0p2_trmiss50_trlocradio,16,5e-05,1,32,1,0.2,lr5e-05_bs16_modL1_fusion32_fusionL1_drop0p2_trmiss50_trlocradio,22,0.5156714717547098,0.6818536917368571,0.5630252100840336,0.6833054104520804,0.5777777777777777,0.0,0.0,0.0,0.0,0.0,0.0,0.0,0.0,0.0,2002,radio,0.5
2,1,lr5e-05_bs16_modL1_fusion32_fusionL1_drop0p2_trmiss50_trlocradio,16,5e-05,1,32,1,0.2,lr5e-05_bs16_modL1_fusion32_fusionL1_drop0p2_trmiss50_trlocradio,23,0.5183024828632673,0.6807273228963217,0.5567226890756303,0.6944467784305025,0.5333333333333333,0.0,0.0,0.0,0.0,0.0,0.0,0.0,0.0,0.0,2002,radio,0.5
2,1,lr5e-05_bs16_modL1_fusion32_fusionL1_drop0p2_trmiss50_trlocradio,16,5e-05,1,32,1,0.2,lr5e-05_bs16_modL1_fusion32_fusionL1_drop0p2_trmiss50_trlocradio,24,0.5049675901730856,0.6873909632364908,0.5336134453781513,0.6856918178633661,0.5333333333333333,0.0,0.0,0.0,0.0,0.0,0.0,0.0,0.0,0.0,2002,radio,0.5
2,1,lr5e-05_bs16_modL1_fusion32_fusionL1_drop0p2_trmiss50_trlocradio,16,5e-05,1,32,1,0.2,lr5e-05_bs16_modL1_fusion32_fusionL1_drop0p2_trmiss50_trlocradio,25,0.49190163364013034,0.6820240418116251,0.5273109243697479,0.6743138706800659,0.5111111111111111,0.0,0.0,0.0,0.0,0.0,0.0,0.0,0.0,0.0,2002,radio,0.5
2,1,lr5e-05_bs16_modL1_fusion32_fusionL1_drop0p2_trmiss50_trlocradio,16,5e-05,1,32,1,0.2,lr5e-05_bs16_modL1_fusion32_fusionL1_drop0p2_trmiss50_trlocradio,26,0.5120376795530319,0.6844100554784139,0.5252100840336135,0.6681892951920518,0.5111111111111111,0.0,0.0,0.0,0.0,0.0,0.0,0.0,0.0,0.0,2002,radio,0.5
2,1,lr5e-05_bs16_modL1_fusion32_fusionL1_drop0p2_trmiss50_trlocradio,16,5e-05,1,32,1,0.2,lr5e-05_bs16_modL1_fusion32_fusionL1_drop0p2_trmiss50_trlocradio,27,0.4932008857528369,0.6868920922279358,0.5441176470588236,0.6637833993235365,0.5111111111111111,0.0,0.0,0.0,0.0,0.0,0.0,0.0,0.0,0.0,2002,radio,0.5
2,1,lr5e-05_bs16_modL1_fusion32_fusionL1_drop0p2_trmiss50_trlocradio,16,5e-05,1,32,1,0.2,lr5e-05_bs16_modL1_fusion32_fusionL1_drop0p2_trmiss50_trlocradio,28,0.4871225083867709,0.6869503060976664,0.5630252100840336,0.6925896208442076,0.5555555555555556,0.0,0.0,0.0,0.0,0.0,0.0,0.0,0.0,0.0,2002,radio,0.5
2,1,lr5e-05_bs16_modL1_fusion32_fusionL1_drop0p2_trmiss50_trlocradio,16,5e-05,1,32,1,0.2,lr5e-05_bs16_modL1_fusion32_fusionL1_drop0p2_trmiss50_trlocradio,29,0.49931060274442035,0.6823535164197286,0.5609243697478992,0.6969598689667243,0.5333333333333333,0.0,0.0,0.0,0.0,0.0,0.0,0.0,0.0,0.0,2002,radio,0.5
2,1,lr5e-05_bs16_modL1_fusion32_fusionL1_drop0p1_trmiss50_trlocradio,16,5e-05,1,32,1,0.1,lr5e-05_bs16_modL1_fusion32_fusionL1_drop0p1_trmiss50_trlocradio,1,0.7014667093753815,0.6809861858685812,0.569327731092437,0.7247349289090612,0.5333333333333333,0.0,0.0,0.0,0.0,0.0,0.0,0.0,0.0,0.0,2002,radio,0.5
2,1,lr5e-05_bs16_modL1_fusion32_fusionL1_drop0p1_trmiss50_trlocradio,16,5e-05,1,32,1,0.1,lr5e-05_bs16_modL1_fusion32_fusionL1_drop0p1_trmiss50_trlocradio,2,0.6499099433422089,0.6781630118687948,0.6176470588235294,0.747342763609995,0.5111111111111111,0.0,0.0,0.0,0.0,0.0,0.0,0.0,0.0,0.0,2002,radio,0.5
2,1,lr5e-05_bs16_modL1_fusion32_fusionL1_drop0p1_trmiss50_trlocradio,16,5e-05,1,32,1,0.1,lr5e-05_bs16_modL1_fusion32_fusionL1_drop0p1_trmiss50_trlocradio,3,0.6190812637408575,0.6865378816922506,0.5945378151260504,0.7200637617830661,0.5555555555555556,0.0,0.0,0.0,0.0,0.0,0.0,0.0,0.0,0.0,2002,radio,0.5
2,1,lr5e-05_bs16_modL1_fusion32_fusionL1_drop0p1_trmiss50_trlocradio,16,5e-05,1,32,1,0.1,lr5e-05_bs16_modL1_fusion32_fusionL1_drop0p1_trmiss50_trlocradio,4,0.5923547769586245,0.6860502362251282,0.6092436974789917,0.7477671216426565,0.5555555555555556,0.0,0.0,0.0,0.0,0.0,0.0,0.0,0.0,0.0,2002,radio,0.5
2,1,lr5e-05_bs16_modL1_fusion32_fusionL1_drop0p1_trmiss50_trlocradio,16,5e-05,1,32,1,0.1,lr5e-05_bs16_modL1_fusion32_fusionL1_drop0p1_trmiss50_trlocradio,5,0.6018926699956259,0.6869044701258341,0.6113445378151261,0.7558883785880796,0.5111111111111111,0.0,0.0,0.0,0.0,0.0,0.0,0.0,0.0,0.0,2002,radio,0.5
2,1,lr5e-05_bs16_modL1_fusion32_fusionL1_drop0p1_trmiss50_trlocradio,16,5e-05,1,32,1,0.1,lr5e-05_bs16_modL1_fusion32_fusionL1_drop0p1_trmiss50_trlocradio,6,0.5915329655011495,0.6848485668500265,0.6218487394957983,0.7641127489276395,0.5333333333333333,0.0,0.0,0.0,0.0,0.0,0.0,0.0,0.0,0.0,2002,radio,0.5
2,1,lr5e-05_bs16_modL1_fusion32_fusionL1_drop0p1_trmiss50_trlocradio,16,5e-05,1,32,1,0.1,lr5e-05_bs16_modL1_fusion32_fusionL1_drop0p1_trmiss50_trlocradio,7,0.5647759810090065,0.6910684903462728,0.5966386554621849,0.7408071778118104,0.5111111111111111,0.0,0.0,0.0,0.0,0.0,0.0,0.0,0.0,0.0,2002,radio,0.5
2,1,lr5e-05_bs16_modL1_fusion32_fusionL1_drop0p1_trmiss50_trlocradio,16,5e-05,1,32,1,0.1,lr5e-05_bs16_modL1_fusion32_fusionL1_drop0p1_trmiss50_trlocradio,8,0.5572913686434428,0.6985776027043661,0.5840336134453782,0.7127351450859494,0.5333333333333333,0.0,0.0,0.0,0.0,0.0,0.0,0.0,0.0,0.0,2002,radio,0.5
2,1,lr5e-05_bs16_modL1_fusion32_fusionL1_drop0p1_trmiss50_trlocradio,16,5e-05,1,32,1,0.1,lr5e-05_bs16_modL1_fusion32_fusionL1_drop0p1_trmiss50_trlocradio,9,0.5688741207122803,0.6982263127962748,0.5756302521008403,0.7342473265075573,0.5111111111111111,0.0,0.0,0.0,0.0,0.0,0.0,0.0,0.0,0.0,2002,radio,0.5
2,1,lr5e-05_bs16_modL1_fusion32_fusionL1_drop0p1_trmiss50_trlocradio,16,5e-05,1,32,1,0.1,lr5e-05_bs16_modL1_fusion32_fusionL1_drop0p1_trmiss50_trlocradio,10,0.5545710548758507,0.6959055860837301,0.5882352941176471,0.7450618757748061,0.5111111111111111,0.0,0.0,0.0,0.0,0.0,0.0,0.0,0.0,0.0,2002,radio,0.5
2,1,lr5e-05_bs16_modL1_fusion32_fusionL1_drop0p1_trmiss50_trlocradio,16,5e-05,1,32,1,0.1,lr5e-05_bs16_modL1_fusion32_fusionL1_drop0p1_trmiss50_trlocradio,11,0.5509143347541491,0.6991817752520243,0.5861344537815125,0.7403169011012438,0.5333333333333333,0.0,0.0,0.0,0.0,0.0,0.0,0.0,0.0,0.0,2002,radio,0.5
2,1,lr5e-05_bs16_modL1_fusion32_fusionL1_drop0p1_trmiss50_trlocradio,16,5e-05,1,32,1,0.1,lr5e-05_bs16_modL1_fusion32_fusionL1_drop0p1_trmiss50_trlocradio,12,0.5562712897857031,0.6848790248235067,0.5987394957983193,0.753048047126536,0.5555555555555556,0.0,0.0,0.0,0.0,0.0,0.0,0.0,0.0,0.0,2002,radio,0.5
2,1,lr5e-05_bs16_modL1_fusion32_fusionL1_drop0p1_trmiss50_trlocradio,16,5e-05,1,32,1,0.1,lr5e-05_bs16_modL1_fusion32_fusionL1_drop0p1_trmiss50_trlocradio,13,0.5379371618231138,0.6897880832354227,0.5882352941176471,0.7369246758237193,0.5111111111111111,0.0,0.0,0.0,0.0,0.0,0.0,0.0,0.0,0.0,2002,radio,0.5
2,1,lr5e-05_bs16_modL1_fusion32_fusionL1_drop0p1_trmiss50_trlocradio,16,5e-05,1,32,1,0.1,lr5e-05_bs16_modL1_fusion32_fusionL1_drop0p1_trmiss50_trlocradio,14,0.5427410875757536,0.6925699512163798,0.5819327731092437,0.729390501380712,0.5333333333333333,0.0,0.0,0.0,0.0,0.0,0.0,0.0,0.0,0.0,2002,radio,0.5
2,1,lr5e-05_bs16_modL1_fusion32_fusionL1_drop0p1_trmiss50_trlocradio,16,5e-05,1,32,1,0.1,lr5e-05_bs16_modL1_fusion32_fusionL1_drop0p1_trmiss50_trlocradio,15,0.5288513153791428,0.6927669048309326,0.5861344537815126,0.7305113181978349,0.5333333333333333,0.0,0.0,0.0,0.0,0.0,0.0,0.0,0.0,0.0,2002,radio,0.5
2,1,lr5e-05_bs16_modL1_fusion32_fusionL1_drop0p1_trmiss50_trlocradio,16,5e-05,1,32,1,0.1,lr5e-05_bs16_modL1_fusion32_fusionL1_drop0p1_trmiss50_trlocradio,16,0.5150451262791952,0.6938026348749796,0.5840336134453782,0.7327059049699477,0.5333333333333333,0.0,0.0,0.0,0.0,0.0,0.0,0.0,0.0,0.0,2002,radio,0.5
2,1,lr5e-05_bs16_modL1_fusion32_fusionL1_drop0p1_trmiss50_trlocradio,16,5e-05,1,32,1,0.1,lr5e-05_bs16_modL1_fusion32_fusionL1_drop0p1_trmiss50_trlocradio,17,0.5202104796965917,0.6931050221125284,0.5840336134453782,0.7239747423720223,0.5333333333333333,0.0,0.0,0.0,0.0,0.0,0.0,0.0,0.0,0.0,2002,radio,0.5
2,1,lr5e-05_bs16_modL1_fusion32_fusionL1_drop0p1_trmiss50_trlocradio,16,5e-05,1,32,1,0.1,lr5e-05_bs16_modL1_fusion32_fusionL1_drop0p1_trmiss50_trlocradio,18,0.5195053567488989,0.6956119338671366,0.5903361344537815,0.7469184403388222,0.5555555555555556,0.0,0.0,0.0,0.0,0.0,0.0,0.0,0.0,0.0,2002,radio,0.5
2,1,lr5e-05_bs16_modL1_fusion32_fusionL1_drop0p1_trmiss50_trlocradio,16,5e-05,1,32,1,0.1,lr5e-05_bs16_modL1_fusion32_fusionL1_drop0p1_trmiss50_trlocradio,19,0.5106534287333488,0.6886590520540873,0.5861344537815126,0.7227031183984893,0.5333333333333333,0.0,0.0,0.0,0.0,0.0,0.0,0.0,0.0,0.0,2002,radio,0.5
2,1,lr5e-05_bs16_modL1_fusion32_fusionL1_drop0p1_trmiss50_trlocradio,16,5e-05,1,32,1,0.1,lr5e-05_bs16_modL1_fusion32_fusionL1_drop0p1_trmiss50_trlocradio,20,0.5228626703222593,0.697299599647522,0.6050420168067228,0.7482074301682438,0.5333333333333333,0.0,0.0,0.0,0.0,0.0,0.0,0.0,0.0,0.0,2002,radio,0.5
2,1,lr5e-05_bs16_modL1_fusion32_fusionL1_drop0p1_trmiss50_trlocradio,16,5e-05,1,32,1,0.1,lr5e-05_bs16_modL1_fusion32_fusionL1_drop0p1_trmiss50_trlocradio,21,0.5061890135208765,0.6939803163210551,0.5903361344537815,0.722496467585058,0.5333333333333333,0.0,0.0,0.0,0.0,0.0,0.0,0.0,0.0,0.0,2002,radio,0.5
2,1,lr5e-05_bs16_modL1_fusion32_fusionL1_drop0p1_trmiss50_trlocradio,16,5e-05,1,32,1,0.1,lr5e-05_bs16_modL1_fusion32_fusionL1_drop0p1_trmiss50_trlocradio,22,0.512813630203406,0.6890103816986084,0.6008403361344538,0.7503823097793527,0.5333333333333333,0.0,0.0,0.0,0.0,0.0,0.0,0.0,0.0,0.0,2002,radio,0.5
2,1,lr5e-05_bs16_modL1_fusion32_fusionL1_drop0p1_trmiss50_trlocradio,16,5e-05,1,32,1,0.1,lr5e-05_bs16_modL1_fusion32_fusionL1_drop0p1_trmiss50_trlocradio,23,0.5076650753617287,0.684502104918162,0.5840336134453782,0.7296362051272702,0.5333333333333333,0.0,0.0,0.0,0.0,0.0,0.0,0.0,0.0,0.0,2002,radio,0.5
2,1,lr5e-05_bs16_modL1_fusion32_fusionL1_drop0p1_trmiss50_trlocradio,16,5e-05,1,32,1,0.1,lr5e-05_bs16_modL1_fusion32_fusionL1_drop0p1_trmiss50_trlocradio,24,0.5026358117659887,0.6835394899050394,0.6029411764705882,0.7397232494787906,0.5555555555555556,0.0,0.0,0.0,0.0,0.0,0.0,0.0,0.0,0.0,2002,radio,0.5
2,1,lr5e-05_bs16_modL1_fusion32_fusionL1_drop0p1_trmiss50_trlocradio,16,5e-05,1,32,1,0.1,lr5e-05_bs16_modL1_fusion32_fusionL1_drop0p1_trmiss50_trlocradio,25,0.5132766962051392,0.6855350136756897,0.6071428571428572,0.7562451625065727,0.5555555555555556,0.0,0.0,0.0,0.0,0.0,0.0,0.0,0.0,0.0,2002,radio,0.5
2,1,lr5e-05_bs16_modL1_fusion32_fusionL1_drop0p1_trmiss50_trlocradio,16,5e-05,1,32,1,0.1,lr5e-05_bs16_modL1_fusion32_fusionL1_drop0p1_trmiss50_trlocradio,26,0.5134554555018743,0.6835324168205261,0.5945378151260504,0.7277731823308022,0.5555555555555556,0.0,0.0,0.0,0.0,0.0,0.0,0.0,0.0,0.0,2002,radio,0.5
2,1,lr5e-05_bs16_modL1_fusion64_fusionL1_drop0p2_trmiss50_trlocradio,16,5e-05,1,64,1,0.2,lr5e-05_bs16_modL1_fusion64_fusionL1_drop0p2_trmiss50_trlocradio,1,0.6948288977146149,0.6972949504852295,0.5,0.6441558024549379,0.4222222222222222,0.0,0.0,0.0,0.0,0.0,0.0,0.0,0.0,0.0,2002,radio,0.5
2,1,lr5e-05_bs16_modL1_fusion64_fusionL1_drop0p2_trmiss50_trlocradio,16,5e-05,1,64,1,0.2,lr5e-05_bs16_modL1_fusion64_fusionL1_drop0p2_trmiss50_trlocradio,2,0.654845654964447,0.6888592640558878,0.46218487394957986,0.6646441392962905,0.4444444444444444,0.0,0.0,0.0,0.0,0.0,0.0,0.0,0.0,0.0,2002,radio,0.5
2,1,lr5e-05_bs16_modL1_fusion64_fusionL1_drop0p2_trmiss50_trlocradio,16,5e-05,1,64,1,0.2,lr5e-05_bs16_modL1_fusion64_fusionL1_drop0p2_trmiss50_trlocradio,3,0.6571502536535263,0.6844526131947836,0.4600840336134454,0.6923210016281157,0.4666666666666667,0.0,0.0,0.0,0.0,0.0,0.0,0.0,0.0,0.0,2002,radio,0.5
2,1,lr5e-05_bs16_modL1_fusion64_fusionL1_drop0p2_trmiss50_trlocradio,16,5e-05,1,64,1,0.2,lr5e-05_bs16_modL1_fusion64_fusionL1_drop0p2_trmiss50_trlocradio,4,0.6334639588991801,0.6838020284970602,0.4726890756302521,0.6838371796237501,0.5111111111111111,0.0,0.0,0.0,0.0,0.0,0.0,0.0,0.0,0.0,2002,radio,0.5
2,1,lr5e-05_bs16_modL1_fusion64_fusionL1_drop0p2_trmiss50_trlocradio,16,5e-05,1,64,1,0.2,lr5e-05_bs16_modL1_fusion64_fusionL1_drop0p2_trmiss50_trlocradio,5,0.6462694058815638,0.6798587640126547,0.4852941176470588,0.6881199236482004,0.5777777777777777,0.0,0.0,0.0,0.0,0.0,0.0,0.0,0.0,0.0,2002,radio,0.5
2,1,lr5e-05_bs16_modL1_fusion64_fusionL1_drop0p2_trmiss50_trlocradio,16,5e-05,1,64,1,0.2,lr5e-05_bs16_modL1_fusion64_fusionL1_drop0p2_trmiss50_trlocradio,6,0.606280063589414,0.677875796953837,0.5063025210084033,0.6941714312353073,0.6,0.0,0.0,0.0,0.0,0.0,0.0,0.0,0.0,0.0,2002,radio,0.5
2,1,lr5e-05_bs16_modL1_fusion64_fusionL1_drop0p2_trmiss50_trlocradio,16,5e-05,1,64,1,0.2,lr5e-05_bs16_modL1_fusion64_fusionL1_drop0p2_trmiss50_trlocradio,7,0.6210671464602152,0.6765682299931844,0.5315126050420168,0.7083149817135739,0.5555555555555556,0.0,0.0,0.0,0.0,0.0,0.0,0.0,0.0,0.0,2002,radio,0.5
2,1,lr5e-05_bs16_modL1_fusion64_fusionL1_drop0p2_trmiss50_trlocradio,16,5e-05,1,64,1,0.2,lr5e-05_bs16_modL1_fusion64_fusionL1_drop0p2_trmiss50_trlocradio,8,0.6045888662338257,0.6719524065653483,0.5588235294117647,0.7166004695001573,0.5777777777777777,0.0,0.0,0.0,0.0,0.0,0.0,0.0,0.0,0.0,2002,radio,0.5
2,1,lr5e-05_bs16_modL1_fusion64_fusionL1_drop0p2_trmiss50_trlocradio,16,5e-05,1,64,1,0.2,lr5e-05_bs16_modL1_fusion64_fusionL1_drop0p2_trmiss50_trlocradio,9,0.6116258601347605,0.6649967829386393,0.5945378151260505,0.7345524491636368,0.6,0.0,0.0,0.0,0.0,0.0,0.0,0.0,0.0,0.0,2002,radio,0.5
2,1,lr5e-05_bs16_modL1_fusion64_fusionL1_drop0p2_trmiss50_trlocradio,16,5e-05,1,64,1,0.2,lr5e-05_bs16_modL1_fusion64_fusionL1_drop0p2_trmiss50_trlocradio,10,0.5961603820323944,0.6624331871668497,0.5945378151260504,0.7260379540983981,0.6222222222222222,0.0,0.0,0.0,0.0,0.0,0.0,0.0,0.0,0.0,2002,radio,0.5
2,1,lr5e-05_bs16_modL1_fusion64_fusionL1_drop0p2_trmiss50_trlocradio,16,5e-05,1,64,1,0.2,lr5e-05_bs16_modL1_fusion64_fusionL1_drop0p2_trmiss50_trlocradio,11,0.5565158575773239,0.661833643913269,0.6134453781512605,0.7419302457165786,0.5555555555555556,0.0,0.0,0.0,0.0,0.0,0.0,0.0,0.0,0.0,2002,radio,0.5
2,1,lr5e-05_bs16_modL1_fusion64_fusionL1_drop0p2_trmiss50_trlocradio,16,5e-05,1,64,1,0.2,lr5e-05_bs16_modL1_fusion64_fusionL1_drop0p2_trmiss50_trlocradio,12,0.5839520196119944,0.6645594835281372,0.6092436974789915,0.7309552638486013,0.6,0.0,0.0,0.0,0.0,0.0,0.0,0.0,0.0,0.0,2002,radio,0.5
2,1,lr5e-05_bs16_modL1_fusion64_fusionL1_drop0p2_trmiss50_trlocradio,16,5e-05,1,64,1,0.2,lr5e-05_bs16_modL1_fusion64_fusionL1_drop0p2_trmiss50_trlocradio,13,0.5660807068149248,0.6595984101295471,0.6386554621848739,0.7452278877746237,0.6666666666666666,0.0,0.0,0.0,0.0,0.0,0.0,0.0,0.0,0.0,2002,radio,0.5
2,1,lr5e-05_bs16_modL1_fusion64_fusionL1_drop0p2_trmiss50_trlocradio,16,5e-05,1,64,1,0.2,lr5e-05_bs16_modL1_fusion64_fusionL1_drop0p2_trmiss50_trlocradio,14,0.5230599517623583,0.6640362938245138,0.6008403361344539,0.7200761777732158,0.6222222222222222,0.0,0.0,0.0,0.0,0.0,0.0,0.0,0.0,0.0,2002,radio,0.5
2,1,lr5e-05_bs16_modL1_fusion64_fusionL1_drop0p2_trmiss50_trlocradio,16,5e-05,1,64,1,0.2,lr5e-05_bs16_modL1_fusion64_fusionL1_drop0p2_trmiss50_trlocradio,15,0.5789642557501793,0.6611210505167643,0.6176470588235294,0.7252626411301881,0.6222222222222222,0.0,0.0,0.0,0.0,0.0,0.0,0.0,0.0,0.0,2002,radio,0.5
2,1,lr5e-05_bs16_modL1_fusion64_fusionL1_drop0p2_trmiss50_trlocradio,16,5e-05,1,64,1,0.2,lr5e-05_bs16_modL1_fusion64_fusionL1_drop0p2_trmiss50_trlocradio,16,0.5399504999319712,0.6548123160998026,0.6281512605042018,0.7336452832573817,0.6666666666666666,0.0,0.0,0.0,0.0,0.0,0.0,0.0,0.0,0.0,2002,radio,0.5
2,1,lr5e-05_bs16_modL1_fusion64_fusionL1_drop0p2_trmiss50_trlocradio,16,5e-05,1,64,1,0.2,lr5e-05_bs16_modL1_fusion64_fusionL1_drop0p2_trmiss50_trlocradio,17,0.5464168166120847,0.6616373459498087,0.6239495798319328,0.724897866602789,0.6888888888888889,0.0,0.0,0.0,0.0,0.0,0.0,0.0,0.0,0.0,2002,radio,0.5
2,1,lr5e-05_bs16_modL1_fusion64_fusionL1_drop0p2_trmiss50_trlocradio,16,5e-05,1,64,1,0.2,lr5e-05_bs16_modL1_fusion64_fusionL1_drop0p2_trmiss50_trlocradio,18,0.5379172787070274,0.6599740584691366,0.6071428571428571,0.7143849845534767,0.6666666666666666,0.0,0.0,0.0,0.0,0.0,0.0,0.0,0.0,0.0,2002,radio,0.5
2,1,lr5e-05_bs16_modL1_fusion64_fusionL1_drop0p2_trmiss50_trlocradio,16,5e-05,1,64,1,0.2,lr5e-05_bs16_modL1_fusion64_fusionL1_drop0p2_trmiss50_trlocradio,19,0.5165798142552376,0.6575406193733215,0.6344537815126051,0.7289015240956382,0.6666666666666666,0.0,0.0,0.0,0.0,0.0,0.0,0.0,0.0,0.0,2002,radio,0.5
2,1,lr5e-05_bs16_modL1_fusion64_fusionL1_drop0p2_trmiss50_trlocradio,16,5e-05,1,64,1,0.2,lr5e-05_bs16_modL1_fusion64_fusionL1_drop0p2_trmiss50_trlocradio,20,0.5062156816323599,0.6564469138781229,0.6260504201680672,0.7201303687252182,0.6888888888888889,0.0,0.0,0.0,0.0,0.0,0.0,0.0,0.0,0.0,2002,radio,0.5
2,1,lr5e-05_bs16_modL1_fusion64_fusionL1_drop0p2_trmiss50_trlocradio,16,5e-05,1,64,1,0.2,lr5e-05_bs16_modL1_fusion64_fusionL1_drop0p2_trmiss50_trlocradio,21,0.4955302104353905,0.6538722117741903,0.6365546218487395,0.7242791767952352,0.6666666666666666,0.0,0.0,0.0,0.0,0.0,0.0,0.0,0.0,0.0,2002,radio,0.5
2,1,lr5e-05_bs16_modL1_fusion64_fusionL1_drop0p2_trmiss50_trlocradio,16,5e-05,1,64,1,0.2,lr5e-05_bs16_modL1_fusion64_fusionL1_drop0p2_trmiss50_trlocradio,22,0.49064552535613376,0.6563531955083212,0.6407563025210085,0.7287652713189238,0.6888888888888889,0.0,0.0,0.0,0.0,0.0,0.0,0.0,0.0,0.0,2002,radio,0.5
2,1,lr5e-05_bs16_modL1_fusion64_fusionL1_drop0p2_trmiss50_trlocradio,16,5e-05,1,64,1,0.2,lr5e-05_bs16_modL1_fusion64_fusionL1_drop0p2_trmiss50_trlocradio,23,0.46893741687138873,0.6578741073608398,0.634453781512605,0.729312105546556,0.6666666666666666,0.0,0.0,0.0,0.0,0.0,0.0,0.0,0.0,0.0,2002,radio,0.5
2,1,lr5e-05_bs16_modL1_fusion64_fusionL1_drop0p2_trmiss50_trlocradio,16,5e-05,1,64,1,0.2,lr5e-05_bs16_modL1_fusion64_fusionL1_drop0p2_trmiss50_trlocradio,24,0.47166631122430164,0.6562063694000244,0.6239495798319328,0.7151422103510391,0.6888888888888889,0.0,0.0,0.0,0.0,0.0,0.0,0.0,0.0,0.0,2002,radio,0.5
2,1,lr5e-05_bs16_modL1_fusion64_fusionL1_drop0p2_trmiss50_trlocradio,16,5e-05,1,64,1,0.2,lr5e-05_bs16_modL1_fusion64_fusionL1_drop0p2_trmiss50_trlocradio,25,0.4745381698012352,0.6569785873095194,0.615546218487395,0.7080864913434985,0.6888888888888889,0.0,0.0,0.0,0.0,0.0,0.0,0.0,0.0,0.0,2002,radio,0.5
2,1,lr5e-05_bs16_modL1_fusion64_fusionL1_drop0p2_trmiss50_trlocradio,16,5e-05,1,64,1,0.2,lr5e-05_bs16_modL1_fusion64_fusionL1_drop0p2_trmiss50_trlocradio,26,0.47099049637715024,0.6542920668919882,0.6281512605042017,0.7190350395958794,0.6444444444444445,0.0,0.0,0.0,0.0,0.0,0.0,0.0,0.0,0.0,2002,radio,0.5
2,1,lr5e-05_bs16_modL1_fusion64_fusionL1_drop0p2_trmiss50_trlocradio,16,5e-05,1,64,1,0.2,lr5e-05_bs16_modL1_fusion64_fusionL1_drop0p2_trmiss50_trlocradio,27,0.4585130487879117,0.6531320412953695,0.6239495798319328,0.7238229357541865,0.6888888888888889,0.0,0.0,0.0,0.0,0.0,0.0,0.0,0.0,0.0,2002,radio,0.5
2,1,lr5e-05_bs16_modL1_fusion64_fusionL1_drop0p2_trmiss50_trlocradio,16,5e-05,1,64,1,0.2,lr5e-05_bs16_modL1_fusion64_fusionL1_drop0p2_trmiss50_trlocradio,28,0.479410283267498,0.6539447704950968,0.6176470588235294,0.7176446147170648,0.6222222222222222,0.0,0.0,0.0,0.0,0.0,0.0,0.0,0.0,0.0,2002,radio,0.5
2,1,lr5e-05_bs16_modL1_fusion64_fusionL1_drop0p2_trmiss50_trlocradio,16,5e-05,1,64,1,0.2,lr5e-05_bs16_modL1_fusion64_fusionL1_drop0p2_trmiss50_trlocradio,29,0.4520946492751439,0.6564333041508993,0.615546218487395,0.6990793317596974,0.6444444444444445,0.0,0.0,0.0,0.0,0.0,0.0,0.0,0.0,0.0,2002,radio,0.5
2,1,lr5e-05_bs16_modL1_fusion64_fusionL1_drop0p2_trmiss50_trlocradio,16,5e-05,1,64,1,0.2,lr5e-05_bs16_modL1_fusion64_fusionL1_drop0p2_trmiss50_trlocradio,30,0.4336397846539815,0.6677284836769104,0.5903361344537815,0.6839574419571944,0.6444444444444445,0.0,0.0,0.0,0.0,0.0,0.0,0.0,0.0,0.0,2002,radio,0.5
2,1,lr5e-05_bs16_modL1_fusion64_fusionL1_drop0p2_trmiss50_trlocradio,16,5e-05,1,64,1,0.2,lr5e-05_bs16_modL1_fusion64_fusionL1_drop0p2_trmiss50_trlocradio,31,0.45420943200588226,0.6622268557548523,0.6050420168067226,0.6965963382381434,0.6444444444444445,0.0,0.0,0.0,0.0,0.0,0.0,0.0,0.0,0.0,2002,radio,0.5
2,1,lr5e-05_bs16_modL1_fusion64_fusionL1_drop0p2_trmiss50_trlocradio,16,5e-05,1,64,1,0.2,lr5e-05_bs16_modL1_fusion64_fusionL1_drop0p2_trmiss50_trlocradio,32,0.438421497742335,0.6665442983309428,0.592436974789916,0.6881835425105955,0.6222222222222222,0.0,0.0,0.0,0.0,0.0,0.0,0.0,0.0,0.0,2002,radio,0.5
2,1,lr5e-05_bs16_modL1_fusion64_fusionL1_drop0p2_trmiss50_trlocradio,16,5e-05,1,64,1,0.2,lr5e-05_bs16_modL1_fusion64_fusionL1_drop0p2_trmiss50_trlocradio,33,0.42277534554402035,0.6701841354370117,0.5840336134453782,0.680650539721784,0.6222222222222222,0.0,0.0,0.0,0.0,0.0,0.0,0.0,0.0,0.0,2002,radio,0.5
2,1,lr5e-05_bs16_modL1_fusion64_fusionL1_drop0p2_trmiss50_trlocradio,16,5e-05,1,64,1,0.2,lr5e-05_bs16_modL1_fusion64_fusionL1_drop0p2_trmiss50_trlocradio,34,0.4276307324568431,0.6684189637502035,0.5882352941176471,0.6848338514170541,0.6222222222222222,0.0,0.0,0.0,0.0,0.0,0.0,0.0,0.0,0.0,2002,radio,0.5
2,1,lr5e-05_bs16_modL1_fusion64_fusionL1_drop0p2_trmiss50_trlocradio,16,5e-05,1,64,1,0.2,lr5e-05_bs16_modL1_fusion64_fusionL1_drop0p2_trmiss50_trlocradio,35,0.4224843457341194,0.6715516448020935,0.5882352941176471,0.6872362154681394,0.6222222222222222,0.0,0.0,0.0,0.0,0.0,0.0,0.0,0.0,0.0,2002,radio,0.5
2,1,lr5e-05_bs16_modL1_fusion64_fusionL1_drop0p2_trmiss50_trlocradio,16,5e-05,1,64,1,0.2,lr5e-05_bs16_modL1_fusion64_fusionL1_drop0p2_trmiss50_trlocradio,36,0.4003414312998454,0.6743631561597189,0.5777310924369747,0.6791577831997093,0.6222222222222222,0.0,0.0,0.0,0.0,0.0,0.0,0.0,0.0,0.0,2002,radio,0.5
2,1,lr5e-05_bs16_modL1_fusion64_fusionL1_drop0p2_trmiss50_trlocradio,16,5e-05,1,64,1,0.2,lr5e-05_bs16_modL1_fusion64_fusionL1_drop0p2_trmiss50_trlocradio,37,0.4090825393795967,0.6721546848615011,0.5756302521008403,0.6792143422832596,0.6222222222222222,0.0,0.0,0.0,0.0,0.0,0.0,0.0,0.0,0.0,2002,radio,0.5
2,1,lr5e-05_bs16_modL1_fusion64_fusionL1_drop0p2_trmiss50_trlocradio,16,5e-05,1,64,1,0.2,lr5e-05_bs16_modL1_fusion64_fusionL1_drop0p2_trmiss50_trlocradio,38,0.3979724124073982,0.6680429180463155,0.5945378151260504,0.6910773133431977,0.6222222222222222,0.0,0.0,0.0,0.0,0.0,0.0,0.0,0.0,0.0,2002,radio,0.5
2,1,lr5e-05_bs16_modL1_fusion64_fusionL1_drop0p2_trmiss50_trlocradio,16,5e-05,1,64,1,0.2,lr5e-05_bs16_modL1_fusion64_fusionL1_drop0p2_trmiss50_trlocradio,39,0.39152543743451435,0.6678388118743896,0.5903361344537814,0.6919863666264889,0.6444444444444445,0.0,0.0,0.0,0.0,0.0,0.0,0.0,0.0,0.0,2002,radio,0.5
2,1,lr5e-05_bs16_modL1_fusion64_fusionL1_drop0p2_trmiss50_trlocradio,16,5e-05,1,64,1,0.2,lr5e-05_bs16_modL1_fusion64_fusionL1_drop0p2_trmiss50_trlocradio,40,0.3992275148630142,0.6621309916178385,0.6071428571428571,0.7110511125416997,0.6444444444444445,0.0,0.0,0.0,0.0,0.0,0.0,0.0,0.0,0.0,2002,radio,0.5
2,1,lr5e-05_bs16_modL1_fusion64_fusionL1_drop0p2_trmiss50_trlocradio,16,5e-05,1,64,1,0.2,lr5e-05_bs16_modL1_fusion64_fusionL1_drop0p2_trmiss50_trlocradio,41,0.41007448732852936,0.6630678772926331,0.6050420168067226,0.7157407490800758,0.6,0.0,0.0,0.0,0.0,0.0,0.0,0.0,0.0,0.0,2002,radio,0.5
2,1,lr5e-05_bs16_modL1_fusion64_fusionL1_drop0p2_trmiss50_trlocradio,16,5e-05,1,64,1,0.2,lr5e-05_bs16_modL1_fusion64_fusionL1_drop0p2_trmiss50_trlocradio,42,0.3955001085996628,0.6545586983362833,0.6239495798319328,0.7290302607818047,0.6666666666666666,0.0,0.0,0.0,0.0,0.0,0.0,0.0,0.0,0.0,2002,radio,0.5
2,1,lr5e-05_bs16_modL1_fusion64_fusionL1_drop0p1_trmiss50_trlocradio,16,5e-05,1,64,1,0.1,lr5e-05_bs16_modL1_fusion64_fusionL1_drop0p1_trmiss50_trlocradio,1,0.6598636855681738,0.6922177076339722,0.44117647058823534,0.6147180558295626,0.6,0.0,0.0,0.0,0.0,0.0,0.0,0.0,0.0,0.0,2002,radio,0.5
2,1,lr5e-05_bs16_modL1_fusion64_fusionL1_drop0p1_trmiss50_trlocradio,16,5e-05,1,64,1,0.1,lr5e-05_bs16_modL1_fusion64_fusionL1_drop0p1_trmiss50_trlocradio,2,0.6388466159502665,0.6973048051198324,0.4411764705882353,0.6106550805226905,0.6,0.0,0.0,0.0,0.0,0.0,0.0,0.0,0.0,0.0,2002,radio,0.5
2,1,lr5e-05_bs16_modL1_fusion64_fusionL1_drop0p1_trmiss50_trlocradio,16,5e-05,1,64,1,0.1,lr5e-05_bs16_modL1_fusion64_fusionL1_drop0p1_trmiss50_trlocradio,3,0.6004249006509781,0.7046966950098673,0.42016806722689076,0.5990518485688547,0.5777777777777777,0.0,0.0,0.0,0.0,0.0,0.0,0.0,0.0,0.0,2002,radio,0.5
2,1,lr5e-05_bs16_modL1_fusion64_fusionL1_drop0p1_trmiss50_trlocradio,16,5e-05,1,64,1,0.1,lr5e-05_bs16_modL1_fusion64_fusionL1_drop0p1_trmiss50_trlocradio,4,0.6027417182922363,0.7006258964538574,0.4369747899159664,0.606853189400243,0.6222222222222222,0.0,0.0,0.0,0.0,0.0,0.0,0.0,0.0,0.0,2002,radio,0.5
2,1,lr5e-05_bs16_modL1_fusion64_fusionL1_drop0p1_trmiss50_trlocradio,16,5e-05,1,64,1,0.1,lr5e-05_bs16_modL1_fusion64_fusionL1_drop0p1_trmiss50_trlocradio,5,0.5682145083944002,0.6968425313631693,0.43487394957983194,0.5997403844209368,0.6444444444444445,0.0,0.0,0.0,0.0,0.0,0.0,0.0,0.0,0.0,2002,radio,0.5
2,1,lr5e-05_bs16_modL1_fusion64_fusionL1_drop0p1_trmiss50_trlocradio,16,5e-05,1,64,1,0.1,lr5e-05_bs16_modL1_fusion64_fusionL1_drop0p1_trmiss50_trlocradio,6,0.5577160467704138,0.6912505825360616,0.48319327731092443,0.6244881547395646,0.6,0.0,0.0,0.0,0.0,0.0,0.0,0.0,0.0,0.0,2002,radio,0.5
2,1,lr5e-05_bs16_modL1_fusion64_fusionL1_drop0p1_trmiss50_trlocradio,16,5e-05,1,64,1,0.1,lr5e-05_bs16_modL1_fusion64_fusionL1_drop0p1_trmiss50_trlocradio,7,0.5647681504487991,0.6827967166900635,0.4957983193277311,0.6658428353321273,0.6222222222222222,0.0,0.0,0.0,0.0,0.0,0.0,0.0,0.0,0.0,2002,radio,0.5
2,1,lr5e-05_bs16_modL1_fusion64_fusionL1_drop0p1_trmiss50_trlocradio,16,5e-05,1,64,1,0.1,lr5e-05_bs16_modL1_fusion64_fusionL1_drop0p1_trmiss50_trlocradio,8,0.5359362711509069,0.6833792130152384,0.5084033613445379,0.6631317410120247,0.6222222222222222,0.0,0.0,0.0,0.0,0.0,0.0,0.0,0.0,0.0,2002,radio,0.5
2,1,lr5e-05_bs16_modL1_fusion64_fusionL1_drop0p1_trmiss50_trlocradio,16,5e-05,1,64,1,0.1,lr5e-05_bs16_modL1_fusion64_fusionL1_drop0p1_trmiss50_trlocradio,9,0.5199374904235204,0.6754265030225118,0.5525210084033614,0.7076095438286604,0.5555555555555556,0.0,0.0,0.0,0.0,0.0,0.0,0.0,0.0,0.0,2002,radio,0.5
2,1,lr5e-05_bs16_modL1_fusion64_fusionL1_drop0p1_trmiss50_trlocradio,16,5e-05,1,64,1,0.1,lr5e-05_bs16_modL1_fusion64_fusionL1_drop0p1_trmiss50_trlocradio,10,0.49366647998491925,0.6838725805282593,0.5021008403361344,0.6649218815011523,0.5777777777777777,0.0,0.0,0.0,0.0,0.0,0.0,0.0,0.0,0.0,2002,radio,0.5
2,1,lr5e-05_bs16_modL1_fusion64_fusionL1_drop0p1_trmiss50_trlocradio,16,5e-05,1,64,1,0.1,lr5e-05_bs16_modL1_fusion64_fusionL1_drop0p1_trmiss50_trlocradio,11,0.5169329966108004,0.6914695501327515,0.4684873949579832,0.6489824877168974,0.5555555555555556,0.0,0.0,0.0,0.0,0.0,0.0,0.0,0.0,0.0,2002,radio,0.5
2,1,lr5e-05_bs16_modL1_fusion64_fusionL1_drop0p1_trmiss50_trlocradio,16,5e-05,1,64,1,0.1,lr5e-05_bs16_modL1_fusion64_fusionL1_drop0p1_trmiss50_trlocradio,12,0.4935792113343875,0.694820503393809,0.4663865546218487,0.6534074543155695,0.6222222222222222,0.0,0.0,0.0,0.0,0.0,0.0,0.0,0.0,0.0,2002,radio,0.5
2,1,lr5e-05_bs16_modL1_fusion64_fusionL1_drop0p1_trmiss50_trlocradio,16,5e-05,1,64,1,0.1,lr5e-05_bs16_modL1_fusion64_fusionL1_drop0p1_trmiss50_trlocradio,13,0.4907665153344472,0.699607769648234,0.4495798319327732,0.6434322716926824,0.5555555555555556,0.0,0.0,0.0,0.0,0.0,0.0,0.0,0.0,0.0,2002,radio,0.5
2,1,lr5e-05_bs16_modL1_fusion64_fusionL1_drop0p1_trmiss50_trlocradio,16,5e-05,1,64,1,0.1,lr5e-05_bs16_modL1_fusion64_fusionL1_drop0p1_trmiss50_trlocradio,14,0.4942900637785594,0.6903649171193441,0.46008403361344535,0.6405601261376064,0.5555555555555556,0.0,0.0,0.0,0.0,0.0,0.0,0.0,0.0,0.0,2002,radio,0.5
2,1,lr5e-05_bs16_modL1_fusion64_fusionL1_drop0p1_trmiss50_trlocradio,16,5e-05,1,64,1,0.1,lr5e-05_bs16_modL1_fusion64_fusionL1_drop0p1_trmiss50_trlocradio,15,0.46452276160319644,0.6854325532913208,0.4747899159663866,0.6630982212826267,0.6,0.0,0.0,0.0,0.0,0.0,0.0,0.0,0.0,0.0,2002,radio,0.5
2,1,lr5e-05_bs16_modL1_fusion64_fusionL1_drop0p1_trmiss50_trlocradio,16,5e-05,1,64,1,0.1,lr5e-05_bs16_modL1_fusion64_fusionL1_drop0p1_trmiss50_trlocradio,16,0.456527275343736,0.680560032526652,0.48949579831932777,0.6761412771868519,0.6,0.0,0.0,0.0,0.0,0.0,0.0,0.0,0.0,0.0,2002,radio,0.5
2,1,lr5e-05_bs16_modL1_fusion64_fusionL1_drop0p1_trmiss50_trlocradio,16,5e-05,1,64,1,0.1,lr5e-05_bs16_modL1_fusion64_fusionL1_drop0p1_trmiss50_trlocradio,17,0.45177721977233887,0.6860252817471822,0.48109243697479,0.6649655698991452,0.6,0.0,0.0,0.0,0.0,0.0,0.0,0.0,0.0,0.0,2002,radio,0.5
2,1,lr5e-05_bs16_modL1_fusion64_fusionL1_drop0p1_trmiss50_trlocradio,16,5e-05,1,64,1,0.1,lr5e-05_bs16_modL1_fusion64_fusionL1_drop0p1_trmiss50_trlocradio,18,0.4326527963081996,0.690681517124176,0.47478991596638653,0.6614248070273664,0.6,0.0,0.0,0.0,0.0,0.0,0.0,0.0,0.0,0.0,2002,radio,0.5
2,1,lr5e-05_bs16_modL1_fusion64_fusionL1_drop0p1_trmiss50_trlocradio,16,5e-05,1,64,1,0.1,lr5e-05_bs16_modL1_fusion64_fusionL1_drop0p1_trmiss50_trlocradio,19,0.4333848183353742,0.6896989345550537,0.4747899159663866,0.6621627313011843,0.6222222222222222,0.0,0.0,0.0,0.0,0.0,0.0,0.0,0.0,0.0,2002,radio,0.5
2,1,lr5e-05_bs16_modL1_fusion64_fusionL1_drop0p1_trmiss50_trlocradio,16,5e-05,1,64,1,0.1,lr5e-05_bs16_modL1_fusion64_fusionL1_drop0p1_trmiss50_trlocradio,20,0.43767112741867703,0.6897140542666117,0.46638655462184875,0.6440821601749248,0.5777777777777777,0.0,0.0,0.0,0.0,0.0,0.0,0.0,0.0,0.0,2002,radio,0.5
2,1,lr5e-05_bs16_modL1_fusion64_fusionL1_drop0p1_trmiss50_trlocradio,16,5e-05,1,64,1,0.1,lr5e-05_bs16_modL1_fusion64_fusionL1_drop0p1_trmiss50_trlocradio,21,0.4679254839817683,0.6924570798873901,0.4726890756302521,0.6437795065283513,0.5777777777777777,0.0,0.0,0.0,0.0,0.0,0.0,0.0,0.0,0.0,2002,radio,0.5
2,1,lr5e-05_bs16_modL1_fusion64_fusionL1_drop0p1_trmiss50_trlocradio,16,5e-05,1,64,1,0.1,lr5e-05_bs16_modL1_fusion64_fusionL1_drop0p1_trmiss50_trlocradio,22,0.4438284958402316,0.6903458833694458,0.4684873949579832,0.6518331566527303,0.5777777777777777,0.0,0.0,0.0,0.0,0.0,0.0,0.0,0.0,0.0,2002,radio,0.5
2,1,lr5e-05_bs16_modL1_fusion64_fusionL1_drop0p1_trmiss50_trlocradio,16,5e-05,1,64,1,0.1,lr5e-05_bs16_modL1_fusion64_fusionL1_drop0p1_trmiss50_trlocradio,23,0.4343557382623355,0.6974370876948038,0.4516806722689076,0.6251360481078733,0.5777777777777777,0.0,0.0,0.0,0.0,0.0,0.0,0.0,0.0,0.0,2002,radio,0.5
2,1,lr5e-05_bs16_modL1_fusion64_fusionL1_drop0p1_trmiss50_trlocradio,16,5e-05,1,64,1,0.1,lr5e-05_bs16_modL1_fusion64_fusionL1_drop0p1_trmiss50_trlocradio,24,0.423377089202404,0.695928692817688,0.46218487394957986,0.6413629148614514,0.5777777777777777,0.0,0.0,0.0,0.0,0.0,0.0,0.0,0.0,0.0,2002,radio,0.5
2,1,lr5e-05_bs16_modL1_fusion64_fusionL1_drop0p1_trmiss50_trlocradio,16,5e-05,1,64,1,0.1,lr5e-05_bs16_modL1_fusion64_fusionL1_drop0p1_trmiss50_trlocradio,25,0.4174427588780721,0.6930152177810669,0.46848739495798325,0.653160396780204,0.6,0.0,0.0,0.0,0.0,0.0,0.0,0.0,0.0,0.0,2002,radio,0.5
2,1,lr5e-05_bs16_modL1_fusion64_fusionL1_drop0p1_trmiss50_trlocradio,16,5e-05,1,64,1,0.1,lr5e-05_bs16_modL1_fusion64_fusionL1_drop0p1_trmiss50_trlocradio,26,0.4364752024412155,0.6901637117067972,0.4852941176470589,0.6554928353511774,0.5555555555555556,0.0,0.0,0.0,0.0,0.0,0.0,0.0,0.0,0.0,2002,radio,0.5
2,1,lr5e-05_bs16_modL1_fusion64_fusionL1_drop0p1_trmiss50_trlocradio,16,5e-05,1,64,1,0.1,lr5e-05_bs16_modL1_fusion64_fusionL1_drop0p1_trmiss50_trlocradio,27,0.4461993748943011,0.6939863761266073,0.4831932773109244,0.6394360595449196,0.5555555555555556,0.0,0.0,0.0,0.0,0.0,0.0,0.0,0.0,0.0,2002,radio,0.5
2,1,lr5e-05_bs16_modL1_fusion64_fusionL1_drop0p1_trmiss50_trlocradio,16,5e-05,1,64,1,0.1,lr5e-05_bs16_modL1_fusion64_fusionL1_drop0p1_trmiss50_trlocradio,28,0.42369040101766586,0.6922508875528971,0.4747899159663866,0.6347308603821135,0.5777777777777777,0.0,0.0,0.0,0.0,0.0,0.0,0.0,0.0,0.0,2002,radio,0.5
2,1,lr5e-05_bs16_modL1_fusion64_fusionL1_drop0p1_trmiss50_trlocradio,16,5e-05,1,64,1,0.1,lr5e-05_bs16_modL1_fusion64_fusionL1_drop0p1_trmiss50_trlocradio,29,0.41652247806390125,0.6970293124516805,0.4726890756302521,0.6392795552253402,0.6,0.0,0.0,0.0,0.0,0.0,0.0,0.0,0.0,0.0,2002,radio,0.5
2,1,lr1e-04_bs16_modL1_fusion32_fusionL1_drop0p2_trmiss50_trlocradio,16,0.0001,1,32,1,0.2,lr1e-04_bs16_modL1_fusion32_fusionL1_drop0p2_trmiss50_trlocradio,1,0.7577451666196188,0.6859880089759827,0.5756302521008403,0.715611946057968,0.5111111111111111,0.0,0.0,0.0,0.0,0.0,0.0,0.0,0.0,0.0,2002,radio,0.5
2,1,lr1e-04_bs16_modL1_fusion32_fusionL1_drop0p2_trmiss50_trlocradio,16,0.0001,1,32,1,0.2,lr1e-04_bs16_modL1_fusion32_fusionL1_drop0p2_trmiss50_trlocradio,2,0.7055983046690623,0.6998584667841593,0.546218487394958,0.6837968127783773,0.4222222222222222,0.0,0.0,0.0,0.0,0.0,0.0,0.0,0.0,0.0,2002,radio,0.5
2,1,lr1e-04_bs16_modL1_fusion32_fusionL1_drop0p2_trmiss50_trlocradio,16,0.0001,1,32,1,0.2,lr1e-04_bs16_modL1_fusion32_fusionL1_drop0p2_trmiss50_trlocradio,3,0.6653161148230234,0.707883874575297,0.5441176470588236,0.6848976361273208,0.4666666666666667,0.0,0.0,0.0,0.0,0.0,0.0,0.0,0.0,0.0,2002,radio,0.5
2,1,lr1e-04_bs16_modL1_fusion32_fusionL1_drop0p2_trmiss50_trlocradio,16,0.0001,1,32,1,0.2,lr1e-04_bs16_modL1_fusion32_fusionL1_drop0p2_trmiss50_trlocradio,4,0.6345415512720743,0.705634613831838,0.5588235294117647,0.6627738783205135,0.4666666666666667,0.0,0.0,0.0,0.0,0.0,0.0,0.0,0.0,0.0,2002,radio,0.5
2,1,lr1e-04_bs16_modL1_fusion32_fusionL1_drop0p2_trmiss50_trlocradio,16,0.0001,1,32,1,0.2,lr1e-04_bs16_modL1_fusion32_fusionL1_drop0p2_trmiss50_trlocradio,5,0.6583921660979589,0.7025972008705139,0.5651260504201681,0.699154065700367,0.4888888888888889,0.0,0.0,0.0,0.0,0.0,0.0,0.0,0.0,0.0,2002,radio,0.5
2,1,lr1e-04_bs16_modL1_fusion32_fusionL1_drop0p2_trmiss50_trlocradio,16,0.0001,1,32,1,0.2,lr1e-04_bs16_modL1_fusion32_fusionL1_drop0p2_trmiss50_trlocradio,6,0.630809818704923,0.6946542859077454,0.569327731092437,0.7162435919949552,0.4888888888888889,0.0,0.0,0.0,0.0,0.0,0.0,0.0,0.0,0.0,2002,radio,0.5
2,1,lr1e-04_bs16_modL1_fusion32_fusionL1_drop0p2_trmiss50_trlocradio,16,0.0001,1,32,1,0.2,lr1e-04_bs16_modL1_fusion32_fusionL1_drop0p2_trmiss50_trlocradio,7,0.5843696544567744,0.6924560864766439,0.546218487394958,0.6994111806432715,0.4888888888888889,0.0,0.0,0.0,0.0,0.0,0.0,0.0,0.0,0.0,2002,radio,0.5
2,1,lr1e-04_bs16_modL1_fusion32_fusionL1_drop0p2_trmiss50_trlocradio,16,0.0001,1,32,1,0.2,lr1e-04_bs16_modL1_fusion32_fusionL1_drop0p2_trmiss50_trlocradio,8,0.5676036030054092,0.6912349263827006,0.5483193277310925,0.7028932635276182,0.5111111111111111,0.0,0.0,0.0,0.0,0.0,0.0,0.0,0.0,0.0,2002,radio,0.5
2,1,lr1e-04_bs16_modL1_fusion32_fusionL1_drop0p2_trmiss50_trlocradio,16,0.0001,1,32,1,0.2,lr1e-04_bs16_modL1_fusion32_fusionL1_drop0p2_trmiss50_trlocradio,9,0.5689110159873962,0.6954283515612284,0.5483193277310925,0.7050866452354103,0.5111111111111111,0.0,0.0,0.0,0.0,0.0,0.0,0.0,0.0,0.0,2002,radio,0.5
2,1,lr1e-04_bs16_modL1_fusion32_fusionL1_drop0p2_trmiss50_trlocradio,16,0.0001,1,32,1,0.2,lr1e-04_bs16_modL1_fusion32_fusionL1_drop0p2_trmiss50_trlocradio,10,0.5674801816542944,0.6970694065093994,0.5399159663865547,0.6921834525615973,0.5111111111111111,0.0,0.0,0.0,0.0,0.0,0.0,0.0,0.0,0.0,2002,radio,0.5
2,1,lr1e-04_bs16_modL1_fusion32_fusionL1_drop0p2_trmiss50_trlocradio,16,0.0001,1,32,1,0.2,lr1e-04_bs16_modL1_fusion32_fusionL1_drop0p2_trmiss50_trlocradio,11,0.5681818351149559,0.7004060943921407,0.5168067226890757,0.6739218284767811,0.5111111111111111,0.0,0.0,0.0,0.0,0.0,0.0,0.0,0.0,0.0,2002,radio,0.5
2,1,lr1e-04_bs16_modL1_fusion32_fusionL1_drop0p2_trmiss50_trlocradio,16,0.0001,1,32,1,0.2,lr1e-04_bs16_modL1_fusion32_fusionL1_drop0p2_trmiss50_trlocradio,12,0.5397007018327713,0.6977137923240662,0.5294117647058822,0.6673170435993957,0.4888888888888889,0.0,0.0,0.0,0.0,0.0,0.0,0.0,0.0,0.0,2002,radio,0.5
2,1,lr1e-04_bs16_modL1_fusion32_fusionL1_drop0p2_trmiss50_trlocradio,16,0.0001,1,32,1,0.2,lr1e-04_bs16_modL1_fusion32_fusionL1_drop0p2_trmiss50_trlocradio,13,0.556805153687795,0.6991416613260905,0.5273109243697479,0.682199131938673,0.5111111111111111,0.0,0.0,0.0,0.0,0.0,0.0,0.0,0.0,0.0,2002,radio,0.5
2,1,lr1e-04_bs16_modL1_fusion32_fusionL1_drop0p2_trmiss50_trlocradio,16,0.0001,1,32,1,0.2,lr1e-04_bs16_modL1_fusion32_fusionL1_drop0p2_trmiss50_trlocradio,14,0.5229577049612999,0.7050760388374329,0.5105042016806722,0.6538626198598598,0.5333333333333333,0.0,0.0,0.0,0.0,0.0,0.0,0.0,0.0,0.0,2002,radio,0.5
2,1,lr1e-04_bs16_modL1_fusion32_fusionL1_drop0p2_trmiss50_trlocradio,16,0.0001,1,32,1,0.2,lr1e-04_bs16_modL1_fusion32_fusionL1_drop0p2_trmiss50_trlocradio,15,0.5281877641876539,0.7009246349334717,0.5210084033613446,0.6720423072975926,0.5333333333333333,0.0,0.0,0.0,0.0,0.0,0.0,0.0,0.0,0.0,2002,radio,0.5
2,1,lr1e-04_bs16_modL1_fusion32_fusionL1_drop0p2_trmiss50_trlocradio,16,0.0001,1,32,1,0.2,lr1e-04_bs16_modL1_fusion32_fusionL1_drop0p2_trmiss50_trlocradio,16,0.5294381976127625,0.7049111127853394,0.5378151260504201,0.6698284506397494,0.5111111111111111,0.0,0.0,0.0,0.0,0.0,0.0,0.0,0.0,0.0,2002,radio,0.5
2,1,lr1e-04_bs16_modL1_fusion32_fusionL1_drop0p2_trmiss50_trlocradio,16,0.0001,1,32,1,0.2,lr1e-04_bs16_modL1_fusion32_fusionL1_drop0p2_trmiss50_trlocradio,17,0.5166632309556007,0.697514275709788,0.5294117647058824,0.6601270510776757,0.5333333333333333,0.0,0.0,0.0,0.0,0.0,0.0,0.0,0.0,0.0,2002,radio,0.5
2,1,lr1e-04_bs16_modL1_fusion32_fusionL1_drop0p2_trmiss50_trlocradio,16,0.0001,1,32,1,0.2,lr1e-04_bs16_modL1_fusion32_fusionL1_drop0p2_trmiss50_trlocradio,18,0.4978715529044469,0.6946507891019186,0.5231092436974789,0.6603648497761578,0.5555555555555556,0.0,0.0,0.0,0.0,0.0,0.0,0.0,0.0,0.0,2002,radio,0.5
2,1,lr1e-04_bs16_modL1_fusion32_fusionL1_drop0p2_trmiss50_trlocradio,16,0.0001,1,32,1,0.2,lr1e-04_bs16_modL1_fusion32_fusionL1_drop0p2_trmiss50_trlocradio,19,0.5218958705663681,0.7004318634668986,0.5378151260504203,0.6708408395539318,0.5333333333333333,0.0,0.0,0.0,0.0,0.0,0.0,0.0,0.0,0.0,2002,radio,0.5
2,1,lr1e-04_bs16_modL1_fusion32_fusionL1_drop0p2_trmiss50_trlocradio,16,0.0001,1,32,1,0.2,lr1e-04_bs16_modL1_fusion32_fusionL1_drop0p2_trmiss50_trlocradio,20,0.49303751190503436,0.7030213077863058,0.5315126050420168,0.6753793603282271,0.5111111111111111,0.0,0.0,0.0,0.0,0.0,0.0,0.0,0.0,0.0,2002,radio,0.5
2,1,lr1e-04_bs16_modL1_fusion32_fusionL1_drop0p2_trmiss50_trlocradio,16,0.0001,1,32,1,0.2,lr1e-04_bs16_modL1_fusion32_fusionL1_drop0p2_trmiss50_trlocradio,21,0.512555755674839,0.699346919854482,0.5147058823529412,0.6411341618858238,0.5333333333333333,0.0,0.0,0.0,0.0,0.0,0.0,0.0,0.0,0.0,2002,radio,0.5
2,1,lr1e-04_bs16_modL1_fusion32_fusionL1_drop0p2_trmiss50_trlocradio,16,0.0001,1,32,1,0.2,lr1e-04_bs16_modL1_fusion32_fusionL1_drop0p2_trmiss50_trlocradio,22,0.5297155032555262,0.7028460303942362,0.5399159663865547,0.6737517531871371,0.4888888888888889,0.0,0.0,0.0,0.0,0.0,0.0,0.0,0.0,0.0,2002,radio,0.5
2,1,lr1e-04_bs16_modL1_fusion32_fusionL1_drop0p2_trmiss50_trlocradio,16,0.0001,1,32,1,0.2,lr1e-04_bs16_modL1_fusion32_fusionL1_drop0p2_trmiss50_trlocradio,23,0.49993935972452164,0.7071697115898132,0.5231092436974789,0.6679554765360858,0.5111111111111111,0.0,0.0,0.0,0.0,0.0,0.0,0.0,0.0,0.0,2002,radio,0.5
2,1,lr1e-04_bs16_modL1_fusion32_fusionL1_drop0p2_trmiss50_trlocradio,16,0.0001,1,32,1,0.2,lr1e-04_bs16_modL1_fusion32_fusionL1_drop0p2_trmiss50_trlocradio,24,0.5213356961806616,0.7066436409950256,0.5294117647058824,0.669513618715879,0.5111111111111111,0.0,0.0,0.0,0.0,0.0,0.0,0.0,0.0,0.0,2002,radio,0.5
2,1,lr1e-04_bs16_modL1_fusion32_fusionL1_drop0p2_trmiss50_trlocradio,16,0.0001,1,32,1,0.2,lr1e-04_bs16_modL1_fusion32_fusionL1_drop0p2_trmiss50_trlocradio,25,0.4940142010649045,0.7030807932217916,0.5168067226890757,0.6570946220028586,0.4666666666666667,0.0,0.0,0.0,0.0,0.0,0.0,0.0,0.0,0.0,2002,radio,0.5
2,1,lr1e-04_bs16_modL1_fusion32_fusionL1_drop0p2_trmiss50_trlocradio,16,0.0001,1,32,1,0.2,lr1e-04_bs16_modL1_fusion32_fusionL1_drop0p2_trmiss50_trlocradio,26,0.5106562177340189,0.7036352356274923,0.5168067226890757,0.6388103879157188,0.5111111111111111,0.0,0.0,0.0,0.0,0.0,0.0,0.0,0.0,0.0,2002,radio,0.5
2,1,lr1e-04_bs16_modL1_fusion32_fusionL1_drop0p1_trmiss50_trlocradio,16,0.0001,1,32,1,0.1,lr1e-04_bs16_modL1_fusion32_fusionL1_drop0p1_trmiss50_trlocradio,1,0.766433114806811,0.723099152247111,0.5273109243697478,0.6717491400426447,0.4444444444444444,0.0,0.0,0.0,0.0,0.0,0.0,0.0,0.0,0.0,2002,radio,0.5
2,1,lr1e-04_bs16_modL1_fusion32_fusionL1_drop0p1_trmiss50_trlocradio,16,0.0001,1,32,1,0.1,lr1e-04_bs16_modL1_fusion32_fusionL1_drop0p1_trmiss50_trlocradio,2,0.7180970460176468,0.7259511550267538,0.5651260504201681,0.6953108105413794,0.4222222222222222,0.0,0.0,0.0,0.0,0.0,0.0,0.0,0.0,0.0,2002,radio,0.5
2,1,lr1e-04_bs16_modL1_fusion32_fusionL1_drop0p1_trmiss50_trlocradio,16,0.0001,1,32,1,0.1,lr1e-04_bs16_modL1_fusion32_fusionL1_drop0p1_trmiss50_trlocradio,3,0.6719128787517548,0.7266655961672465,0.5567226890756303,0.6829255410332113,0.37777777777777777,0.0,0.0,0.0,0.0,0.0,0.0,0.0,0.0,0.0,2002,radio,0.5
2,1,lr1e-04_bs16_modL1_fusion32_fusionL1_drop0p1_trmiss50_trlocradio,16,0.0001,1,32,1,0.1,lr1e-04_bs16_modL1_fusion32_fusionL1_drop0p1_trmiss50_trlocradio,4,0.6617575486501058,0.7342390219370524,0.4810924369747899,0.6490278372392251,0.4,0.0,0.0,0.0,0.0,0.0,0.0,0.0,0.0,0.0,2002,radio,0.5
2,1,lr1e-04_bs16_modL1_fusion32_fusionL1_drop0p1_trmiss50_trlocradio,16,0.0001,1,32,1,0.1,lr1e-04_bs16_modL1_fusion32_fusionL1_drop0p1_trmiss50_trlocradio,5,0.5962551037470499,0.7281652490297953,0.46008403361344535,0.6395942238535195,0.3333333333333333,0.0,0.0,0.0,0.0,0.0,0.0,0.0,0.0,0.0,2002,radio,0.5
2,1,lr1e-04_bs16_modL1_fusion32_fusionL1_drop0p1_trmiss50_trlocradio,16,0.0001,1,32,1,0.1,lr1e-04_bs16_modL1_fusion32_fusionL1_drop0p1_trmiss50_trlocradio,6,0.6023552964131037,0.7307342092196146,0.4705882352941177,0.6437458475760819,0.3333333333333333,0.0,0.0,0.0,0.0,0.0,0.0,0.0,0.0,0.0,2002,radio,0.5
2,1,lr1e-04_bs16_modL1_fusion32_fusionL1_drop0p1_trmiss50_trlocradio,16,0.0001,1,32,1,0.1,lr1e-04_bs16_modL1_fusion32_fusionL1_drop0p1_trmiss50_trlocradio,7,0.5893587817748388,0.7206088701883951,0.47689075630252103,0.6568087486555279,0.35555555555555557,0.0,0.0,0.0,0.0,0.0,0.0,0.0,0.0,0.0,2002,radio,0.5
2,1,lr1e-04_bs16_modL1_fusion32_fusionL1_drop0p1_trmiss50_trlocradio,16,0.0001,1,32,1,0.1,lr1e-04_bs16_modL1_fusion32_fusionL1_drop0p1_trmiss50_trlocradio,8,0.5793903544545174,0.7220893303553263,0.4600840336134454,0.6338242000130261,0.35555555555555557,0.0,0.0,0.0,0.0,0.0,0.0,0.0,0.0,0.0,2002,radio,0.5
2,1,lr1e-04_bs16_modL1_fusion32_fusionL1_drop0p1_trmiss50_trlocradio,16,0.0001,1,32,1,0.1,lr1e-04_bs16_modL1_fusion32_fusionL1_drop0p1_trmiss50_trlocradio,9,0.5309667140245438,0.7166239221890768,0.4831932773109244,0.6507008033771229,0.4666666666666667,0.0,0.0,0.0,0.0,0.0,0.0,0.0,0.0,0.0,2002,radio,0.5
2,1,lr1e-04_bs16_modL1_fusion32_fusionL1_drop0p1_trmiss50_trlocradio,16,0.0001,1,32,1,0.1,lr1e-04_bs16_modL1_fusion32_fusionL1_drop0p1_trmiss50_trlocradio,10,0.5597086548805237,0.7160847584406534,0.4852941176470588,0.647963033483175,0.4222222222222222,0.0,0.0,0.0,0.0,0.0,0.0,0.0,0.0,0.0,2002,radio,0.5
2,1,lr1e-04_bs16_modL1_fusion32_fusionL1_drop0p1_trmiss50_trlocradio,16,0.0001,1,32,1,0.1,lr1e-04_bs16_modL1_fusion32_fusionL1_drop0p1_trmiss50_trlocradio,11,0.519631048043569,0.7140706181526184,0.49369747899159666,0.6496020325762754,0.4444444444444444,0.0,0.0,0.0,0.0,0.0,0.0,0.0,0.0,0.0,2002,radio,0.5
2,1,lr1e-04_bs16_modL1_fusion32_fusionL1_drop0p1_trmiss50_trlocradio,16,0.0001,1,32,1,0.1,lr1e-04_bs16_modL1_fusion32_fusionL1_drop0p1_trmiss50_trlocradio,12,0.5123753324151039,0.7136704524358114,0.47058823529411764,0.6219182517707852,0.4444444444444444,0.0,0.0,0.0,0.0,0.0,0.0,0.0,0.0,0.0,2002,radio,0.5
2,1,lr1e-04_bs16_modL1_fusion32_fusionL1_drop0p1_trmiss50_trlocradio,16,0.0001,1,32,1,0.1,lr1e-04_bs16_modL1_fusion32_fusionL1_drop0p1_trmiss50_trlocradio,13,0.4831596091389656,0.7172643343607584,0.4831932773109244,0.6227750175985333,0.4666666666666667,0.0,0.0,0.0,0.0,0.0,0.0,0.0,0.0,0.0,2002,radio,0.5
2,1,lr1e-04_bs16_modL1_fusion32_fusionL1_drop0p1_trmiss50_trlocradio,16,0.0001,1,32,1,0.1,lr1e-04_bs16_modL1_fusion32_fusionL1_drop0p1_trmiss50_trlocradio,14,0.4822932879130046,0.7092856566111246,0.49789915966386555,0.6305373290885667,0.4444444444444444,0.0,0.0,0.0,0.0,0.0,0.0,0.0,0.0,0.0,2002,radio,0.5
2,1,lr1e-04_bs16_modL1_fusion32_fusionL1_drop0p1_trmiss50_trlocradio,16,0.0001,1,32,1,0.1,lr1e-04_bs16_modL1_fusion32_fusionL1_drop0p1_trmiss50_trlocradio,15,0.46887678156296414,0.7068183024724325,0.4747899159663866,0.6245157220424425,0.5555555555555556,0.0,0.0,0.0,0.0,0.0,0.0,0.0,0.0,0.0,2002,radio,0.5
2,1,lr1e-04_bs16_modL1_fusion32_fusionL1_drop0p1_trmiss50_trlocradio,16,0.0001,1,32,1,0.1,lr1e-04_bs16_modL1_fusion32_fusionL1_drop0p1_trmiss50_trlocradio,16,0.4617728317777316,0.7116900682449341,0.44747899159663873,0.609823363582695,0.5111111111111111,0.0,0.0,0.0,0.0,0.0,0.0,0.0,0.0,0.0,2002,radio,0.5
2,1,lr1e-04_bs16_modL1_fusion32_fusionL1_drop0p1_trmiss50_trlocradio,16,0.0001,1,32,1,0.1,lr1e-04_bs16_modL1_fusion32_fusionL1_drop0p1_trmiss50_trlocradio,17,0.4673989688356717,0.726853092511495,0.43907563025210083,0.6000311643692683,0.4222222222222222,0.0,0.0,0.0,0.0,0.0,0.0,0.0,0.0,0.0,2002,radio,0.5
2,1,lr1e-04_bs16_modL1_fusion32_fusionL1_drop0p1_trmiss50_trlocradio,16,0.0001,1,32,1,0.1,lr1e-04_bs16_modL1_fusion32_fusionL1_drop0p1_trmiss50_trlocradio,18,0.46789707740147907,0.7209985454877218,0.4390756302521009,0.5952384372315795,0.5111111111111111,0.0,0.0,0.0,0.0,0.0,0.0,0.0,0.0,0.0,2002,radio,0.5
2,1,lr1e-04_bs16_modL1_fusion32_fusionL1_drop0p1_trmiss50_trlocradio,16,0.0001,1,32,1,0.1,lr1e-04_bs16_modL1_fusion32_fusionL1_drop0p1_trmiss50_trlocradio,19,0.44596220304568607,0.7234129110972086,0.44537815126050423,0.5928581223512644,0.4888888888888889,0.0,0.0,0.0,0.0,0.0,0.0,0.0,0.0,0.0,2002,radio,0.5
2,1,lr1e-04_bs16_modL1_fusion32_fusionL1_drop0p1_trmiss50_trlocradio,16,0.0001,1,32,1,0.1,lr1e-04_bs16_modL1_fusion32_fusionL1_drop0p1_trmiss50_trlocradio,20,0.4450049673517545,0.7147835890452067,0.4915966386554622,0.62689638732799,0.4888888888888889,0.0,0.0,0.0,0.0,0.0,0.0,0.0,0.0,0.0,2002,radio,0.5
2,1,lr1e-04_bs16_modL1_fusion32_fusionL1_drop0p1_trmiss50_trlocradio,16,0.0001,1,32,1,0.1,lr1e-04_bs16_modL1_fusion32_fusionL1_drop0p1_trmiss50_trlocradio,21,0.4155398408571879,0.7140552202860514,0.5021008403361344,0.6387289267064798,0.4888888888888889,0.0,0.0,0.0,0.0,0.0,0.0,0.0,0.0,0.0,2002,radio,0.5
2,1,lr1e-04_bs16_modL1_fusion32_fusionL1_drop0p1_trmiss50_trlocradio,16,0.0001,1,32,1,0.1,lr1e-04_bs16_modL1_fusion32_fusionL1_drop0p1_trmiss50_trlocradio,22,0.4396843413511912,0.7095493078231812,0.49369747899159666,0.6372393886972796,0.5111111111111111,0.0,0.0,0.0,0.0,0.0,0.0,0.0,0.0,0.0,2002,radio,0.5
2,1,lr1e-04_bs16_modL1_fusion32_fusionL1_drop0p1_trmiss50_trlocradio,16,0.0001,1,32,1,0.1,lr1e-04_bs16_modL1_fusion32_fusionL1_drop0p1_trmiss50_trlocradio,23,0.4287600095073382,0.7092081507047018,0.4789915966386554,0.6334369486117765,0.5555555555555556,0.0,0.0,0.0,0.0,0.0,0.0,0.0,0.0,0.0,2002,radio,0.5
2,1,lr1e-04_bs16_modL1_fusion32_fusionL1_drop0p1_trmiss50_trlocradio,16,0.0001,1,32,1,0.1,lr1e-04_bs16_modL1_fusion32_fusionL1_drop0p1_trmiss50_trlocradio,24,0.4005868509411812,0.7098739743232727,0.4747899159663866,0.626183184175073,0.5555555555555556,0.0,0.0,0.0,0.0,0.0,0.0,0.0,0.0,0.0,2002,radio,0.5
2,1,lr1e-04_bs16_modL1_fusion32_fusionL1_drop0p1_trmiss50_trlocradio,16,0.0001,1,32,1,0.1,lr1e-04_bs16_modL1_fusion32_fusionL1_drop0p1_trmiss50_trlocradio,25,0.3706580474972725,0.7020673950513204,0.47478991596638653,0.628295661327632,0.5555555555555556,0.0,0.0,0.0,0.0,0.0,0.0,0.0,0.0,0.0,2002,radio,0.5
2,1,lr1e-04_bs16_modL1_fusion32_fusionL1_drop0p1_trmiss50_trlocradio,16,0.0001,1,32,1,0.1,lr1e-04_bs16_modL1_fusion32_fusionL1_drop0p1_trmiss50_trlocradio,26,0.3708437606692314,0.7086440920829773,0.4852941176470588,0.6338838186940854,0.5555555555555556,0.0,0.0,0.0,0.0,0.0,0.0,0.0,0.0,0.0,2002,radio,0.5
2,1,lr1e-04_bs16_modL1_fusion32_fusionL1_drop0p1_trmiss50_trlocradio,16,0.0001,1,32,1,0.1,lr1e-04_bs16_modL1_fusion32_fusionL1_drop0p1_trmiss50_trlocradio,27,0.38556015739838284,0.7108848293622335,0.48949579831932777,0.6286113009556157,0.5111111111111111,0.0,0.0,0.0,0.0,0.0,0.0,0.0,0.0,0.0,2002,radio,0.5
2,1,lr1e-04_bs16_modL1_fusion32_fusionL1_drop0p1_trmiss50_trlocradio,16,0.0001,1,32,1,0.1,lr1e-04_bs16_modL1_fusion32_fusionL1_drop0p1_trmiss50_trlocradio,28,0.36450771739085513,0.7232866287231445,0.44537815126050423,0.5975497283278235,0.5333333333333333,0.0,0.0,0.0,0.0,0.0,0.0,0.0,0.0,0.0,2002,radio,0.5
2,1,lr1e-04_bs16_modL1_fusion32_fusionL1_drop0p1_trmiss50_trlocradio,16,0.0001,1,32,1,0.1,lr1e-04_bs16_modL1_fusion32_fusionL1_drop0p1_trmiss50_trlocradio,29,0.40122293929258984,0.7293919324874878,0.4558823529411765,0.6052466261741865,0.5333333333333333,0.0,0.0,0.0,0.0,0.0,0.0,0.0,0.0,0.0,2002,radio,0.5
2,1,lr1e-04_bs16_modL1_fusion32_fusionL1_drop0p1_trmiss50_trlocradio,16,0.0001,1,32,1,0.1,lr1e-04_bs16_modL1_fusion32_fusionL1_drop0p1_trmiss50_trlocradio,30,0.3702332178751628,0.7117077708244324,0.4432773109243697,0.598209234907289,0.5555555555555556,0.0,0.0,0.0,0.0,0.0,0.0,0.0,0.0,0.0,2002,radio,0.5
2,1,lr1e-04_bs16_modL1_fusion32_fusionL1_drop0p1_trmiss50_trlocradio,16,0.0001,1,32,1,0.1,lr1e-04_bs16_modL1_fusion32_fusionL1_drop0p1_trmiss50_trlocradio,31,0.39359084516763687,0.7191479007403055,0.4579831932773109,0.6184864546757639,0.5333333333333333,0.0,0.0,0.0,0.0,0.0,0.0,0.0,0.0,0.0,2002,radio,0.5
2,1,lr1e-04_bs16_modL1_fusion32_fusionL1_drop0p1_trmiss50_trlocradio,16,0.0001,1,32,1,0.1,lr1e-04_bs16_modL1_fusion32_fusionL1_drop0p1_trmiss50_trlocradio,32,0.3941522017121315,0.7290337681770325,0.4495798319327731,0.6120992521666818,0.5111111111111111,0.0,0.0,0.0,0.0,0.0,0.0,0.0,0.0,0.0,2002,radio,0.5
2,1,lr1e-04_bs16_modL1_fusion32_fusionL1_drop0p1_trmiss50_trlocradio,16,0.0001,1,32,1,0.1,lr1e-04_bs16_modL1_fusion32_fusionL1_drop0p1_trmiss50_trlocradio,33,0.35675860444704693,0.7088647286097208,0.46848739495798325,0.6202833970394765,0.5555555555555556,0.0,0.0,0.0,0.0,0.0,0.0,0.0,0.0,0.0,2002,radio,0.5
2,1,lr1e-04_bs16_modL1_fusion32_fusionL1_drop0p1_trmiss50_trlocradio,16,0.0001,1,32,1,0.1,lr1e-04_bs16_modL1_fusion32_fusionL1_drop0p1_trmiss50_trlocradio,34,0.3796026756366094,0.7171317140261332,0.4726890756302521,0.6252647526917456,0.5333333333333333,0.0,0.0,0.0,0.0,0.0,0.0,0.0,0.0,0.0,2002,radio,0.5
2,1,lr1e-04_bs16_modL1_fusion32_fusionL1_drop0p1_trmiss50_trlocradio,16,0.0001,1,32,1,0.1,lr1e-04_bs16_modL1_fusion32_fusionL1_drop0p1_trmiss50_trlocradio,35,0.3640738253792127,0.7062594095865885,0.4684873949579832,0.6205795230785404,0.5555555555555556,0.0,0.0,0.0,0.0,0.0,0.0,0.0,0.0,0.0,2002,radio,0.5
2,1,lr1e-04_bs16_modL1_fusion32_fusionL1_drop0p1_trmiss50_trlocradio,16,0.0001,1,32,1,0.1,lr1e-04_bs16_modL1_fusion32_fusionL1_drop0p1_trmiss50_trlocradio,36,0.3603269358476003,0.7123555143674215,0.4642857142857143,0.6198301556619981,0.5333333333333333,0.0,0.0,0.0,0.0,0.0,0.0,0.0,0.0,0.0,2002,radio,0.5
2,1,lr1e-04_bs16_modL1_fusion32_fusionL1_drop0p1_trmiss50_trlocradio,16,0.0001,1,32,1,0.1,lr1e-04_bs16_modL1_fusion32_fusionL1_drop0p1_trmiss50_trlocradio,37,0.3630882079402606,0.716455896695455,0.4663865546218487,0.6218031543772062,0.4888888888888889,0.0,0.0,0.0,0.0,0.0,0.0,0.0,0.0,0.0,2002,radio,0.5
2,1,lr1e-04_bs16_modL1_fusion32_fusionL1_drop0p1_trmiss50_trlocradio,16,0.0001,1,32,1,0.1,lr1e-04_bs16_modL1_fusion32_fusionL1_drop0p1_trmiss50_trlocradio,38,0.3601950729886691,0.7121839920679728,0.46638655462184875,0.621345168425508,0.5111111111111111,0.0,0.0,0.0,0.0,0.0,0.0,0.0,0.0,0.0,2002,radio,0.5
2,1,lr1e-04_bs16_modL1_fusion32_fusionL1_drop0p1_trmiss50_trlocradio,16,0.0001,1,32,1,0.1,lr1e-04_bs16_modL1_fusion32_fusionL1_drop0p1_trmiss50_trlocradio,39,0.3376077537735303,0.7112405300140381,0.4579831932773109,0.6173590981677207,0.5555555555555556,0.0,0.0,0.0,0.0,0.0,0.0,0.0,0.0,0.0,2002,radio,0.5
2,1,lr1e-04_bs16_modL1_fusion32_fusionL1_drop0p1_trmiss50_trlocradio,16,0.0001,1,32,1,0.1,lr1e-04_bs16_modL1_fusion32_fusionL1_drop0p1_trmiss50_trlocradio,40,0.35253636290629703,0.7190018892288208,0.4495798319327731,0.6138649559283254,0.5333333333333333,0.0,0.0,0.0,0.0,0.0,0.0,0.0,0.0,0.0,2002,radio,0.5
2,1,lr1e-04_bs16_modL1_fusion32_fusionL1_drop0p1_trmiss50_trlocradio,16,0.0001,1,32,1,0.1,lr1e-04_bs16_modL1_fusion32_fusionL1_drop0p1_trmiss50_trlocradio,41,0.34854311992724735,0.7053581277529398,0.4579831932773109,0.6190070568016821,0.5555555555555556,0.0,0.0,0.0,0.0,0.0,0.0,0.0,0.0,0.0,2002,radio,0.5
2,1,lr1e-04_bs16_modL1_fusion64_fusionL1_drop0p2_trmiss50_trlocradio,16,0.0001,1,64,1,0.2,lr1e-04_bs16_modL1_fusion64_fusionL1_drop0p2_trmiss50_trlocradio,1,0.806530604759852,0.700092613697052,0.5861344537815126,0.6546666095277034,0.4,0.0,0.0,0.0,0.0,0.0,0.0,0.0,0.0,0.0,2002,radio,0.5
2,1,lr1e-04_bs16_modL1_fusion64_fusionL1_drop0p2_trmiss50_trlocradio,16,0.0001,1,64,1,0.2,lr1e-04_bs16_modL1_fusion64_fusionL1_drop0p2_trmiss50_trlocradio,2,0.7330012122790018,0.7060896158218384,0.5945378151260504,0.6431917542524853,0.37777777777777777,0.0,0.0,0.0,0.0,0.0,0.0,0.0,0.0,0.0,2002,radio,0.5
2,1,lr1e-04_bs16_modL1_fusion64_fusionL1_drop0p2_trmiss50_trlocradio,16,0.0001,1,64,1,0.2,lr1e-04_bs16_modL1_fusion64_fusionL1_drop0p2_trmiss50_trlocradio,3,0.6952360620101293,0.7242992917696635,0.5336134453781513,0.631810519480345,0.4222222222222222,0.0,0.0,0.0,0.0,0.0,0.0,0.0,0.0,0.0,2002,radio,0.5
2,1,lr1e-04_bs16_modL1_fusion64_fusionL1_drop0p2_trmiss50_trlocradio,16,0.0001,1,64,1,0.2,lr1e-04_bs16_modL1_fusion64_fusionL1_drop0p2_trmiss50_trlocradio,4,0.693414956331253,0.7126534978548685,0.523109243697479,0.6761895557269141,0.4,0.0,0.0,0.0,0.0,0.0,0.0,0.0,0.0,0.0,2002,radio,0.5
2,1,lr1e-04_bs16_modL1_fusion64_fusionL1_drop0p2_trmiss50_trlocradio,16,0.0001,1,64,1,0.2,lr1e-04_bs16_modL1_fusion64_fusionL1_drop0p2_trmiss50_trlocradio,5,0.6537440021832784,0.7072865764300028,0.542016806722689,0.6863484270876301,0.4444444444444444,0.0,0.0,0.0,0.0,0.0,0.0,0.0,0.0,0.0,2002,radio,0.5
2,1,lr1e-04_bs16_modL1_fusion64_fusionL1_drop0p2_trmiss50_trlocradio,16,0.0001,1,64,1,0.2,lr1e-04_bs16_modL1_fusion64_fusionL1_drop0p2_trmiss50_trlocradio,6,0.6184265712896982,0.7088915904362997,0.5168067226890757,0.6769730900736575,0.4222222222222222,0.0,0.0,0.0,0.0,0.0,0.0,0.0,0.0,0.0,2002,radio,0.5
2,1,lr1e-04_bs16_modL1_fusion64_fusionL1_drop0p2_trmiss50_trlocradio,16,0.0001,1,64,1,0.2,lr1e-04_bs16_modL1_fusion64_fusionL1_drop0p2_trmiss50_trlocradio,7,0.6554379214843115,0.705388347307841,0.5126050420168068,0.6753441923543967,0.4666666666666667,0.0,0.0,0.0,0.0,0.0,0.0,0.0,0.0,0.0,2002,radio,0.5
2,1,lr1e-04_bs16_modL1_fusion64_fusionL1_drop0p2_trmiss50_trlocradio,16,0.0001,1,64,1,0.2,lr1e-04_bs16_modL1_fusion64_fusionL1_drop0p2_trmiss50_trlocradio,8,0.6273161570231119,0.7027811606725057,0.5336134453781513,0.6995348550383724,0.4888888888888889,0.0,0.0,0.0,0.0,0.0,0.0,0.0,0.0,0.0,2002,radio,0.5
2,1,lr1e-04_bs16_modL1_fusion64_fusionL1_drop0p2_trmiss50_trlocradio,16,0.0001,1,64,1,0.2,lr1e-04_bs16_modL1_fusion64_fusionL1_drop0p2_trmiss50_trlocradio,9,0.6002389093240103,0.7015881737073263,0.4978991596638655,0.6780967183718538,0.4666666666666667,0.0,0.0,0.0,0.0,0.0,0.0,0.0,0.0,0.0,2002,radio,0.5
2,1,lr1e-04_bs16_modL1_fusion64_fusionL1_drop0p2_trmiss50_trlocradio,16,0.0001,1,64,1,0.2,lr1e-04_bs16_modL1_fusion64_fusionL1_drop0p2_trmiss50_trlocradio,10,0.6008269389470419,0.7073525190353394,0.5,0.6868466273880842,0.4,0.0,0.0,0.0,0.0,0.0,0.0,0.0,0.0,0.0,2002,radio,0.5
2,1,lr1e-04_bs16_modL1_fusion64_fusionL1_drop0p2_trmiss50_trlocradio,16,0.0001,1,64,1,0.2,lr1e-04_bs16_modL1_fusion64_fusionL1_drop0p2_trmiss50_trlocradio,11,0.5644427984952927,0.7032691836357117,0.4957983193277311,0.6900522781690765,0.4222222222222222,0.0,0.0,0.0,0.0,0.0,0.0,0.0,0.0,0.0,2002,radio,0.5
2,1,lr1e-04_bs16_modL1_fusion64_fusionL1_drop0p2_trmiss50_trlocradio,16,0.0001,1,64,1,0.2,lr1e-04_bs16_modL1_fusion64_fusionL1_drop0p2_trmiss50_trlocradio,12,0.581609457731247,0.7003239393234253,0.5021008403361344,0.6988774979952028,0.4444444444444444,0.0,0.0,0.0,0.0,0.0,0.0,0.0,0.0,0.0,2002,radio,0.5
2,1,lr1e-04_bs16_modL1_fusion64_fusionL1_drop0p2_trmiss50_trlocradio,16,0.0001,1,64,1,0.2,lr1e-04_bs16_modL1_fusion64_fusionL1_drop0p2_trmiss50_trlocradio,13,0.5496475547552109,0.6910293300946554,0.5084033613445378,0.7045982744786613,0.4888888888888889,0.0,0.0,0.0,0.0,0.0,0.0,0.0,0.0,0.0,2002,radio,0.5
2,1,lr1e-04_bs16_modL1_fusion64_fusionL1_drop0p2_trmiss50_trlocradio,16,0.0001,1,64,1,0.2,lr1e-04_bs16_modL1_fusion64_fusionL1_drop0p2_trmiss50_trlocradio,14,0.5633036196231842,0.6946519215901693,0.49579831932773105,0.6916473875521856,0.4666666666666667,0.0,0.0,0.0,0.0,0.0,0.0,0.0,0.0,0.0,2002,radio,0.5
2,1,lr1e-04_bs16_modL1_fusion64_fusionL1_drop0p2_trmiss50_trlocradio,16,0.0001,1,64,1,0.2,lr1e-04_bs16_modL1_fusion64_fusionL1_drop0p2_trmiss50_trlocradio,15,0.5554569959640503,0.6959468126296997,0.49369747899159655,0.6894707919215344,0.4666666666666667,0.0,0.0,0.0,0.0,0.0,0.0,0.0,0.0,0.0,2002,radio,0.5
2,1,lr1e-04_bs16_modL1_fusion64_fusionL1_drop0p2_trmiss50_trlocradio,16,0.0001,1,64,1,0.2,lr1e-04_bs16_modL1_fusion64_fusionL1_drop0p2_trmiss50_trlocradio,16,0.5416256437699,0.6964459220568339,0.5168067226890756,0.6968668447315457,0.4666666666666667,0.0,0.0,0.0,0.0,0.0,0.0,0.0,0.0,0.0,2002,radio,0.5
2,1,lr1e-04_bs16_modL1_fusion64_fusionL1_drop0p2_trmiss50_trlocradio,16,0.0001,1,64,1,0.2,lr1e-04_bs16_modL1_fusion64_fusionL1_drop0p2_trmiss50_trlocradio,17,0.5419024378061295,0.6962365508079529,0.5063025210084033,0.6883095112763787,0.4888888888888889,0.0,0.0,0.0,0.0,0.0,0.0,0.0,0.0,0.0,2002,radio,0.5
2,1,lr1e-04_bs16_modL1_fusion64_fusionL1_drop0p2_trmiss50_trlocradio,16,0.0001,1,64,1,0.2,lr1e-04_bs16_modL1_fusion64_fusionL1_drop0p2_trmiss50_trlocradio,18,0.5301648154854774,0.6905455986658732,0.5210084033613445,0.7092202077841562,0.4888888888888889,0.0,0.0,0.0,0.0,0.0,0.0,0.0,0.0,0.0,2002,radio,0.5
2,1,lr1e-04_bs16_modL1_fusion64_fusionL1_drop0p2_trmiss50_trlocradio,16,0.0001,1,64,1,0.2,lr1e-04_bs16_modL1_fusion64_fusionL1_drop0p2_trmiss50_trlocradio,19,0.5101009284456571,0.6920391917228699,0.5294117647058824,0.7165022699353001,0.4888888888888889,0.0,0.0,0.0,0.0,0.0,0.0,0.0,0.0,0.0,2002,radio,0.5
2,1,lr1e-04_bs16_modL1_fusion64_fusionL1_drop0p2_trmiss50_trlocradio,16,0.0001,1,64,1,0.2,lr1e-04_bs16_modL1_fusion64_fusionL1_drop0p2_trmiss50_trlocradio,20,0.5268529082338015,0.6869905193646749,0.5210084033613445,0.7059333230764095,0.4888888888888889,0.0,0.0,0.0,0.0,0.0,0.0,0.0,0.0,0.0,2002,radio,0.5
2,1,lr1e-04_bs16_modL1_fusion64_fusionL1_drop0p2_trmiss50_trlocradio,16,0.0001,1,64,1,0.2,lr1e-04_bs16_modL1_fusion64_fusionL1_drop0p2_trmiss50_trlocradio,21,0.5149850199619929,0.6846872369448344,0.5273109243697479,0.7088440902413717,0.4666666666666667,0.0,0.0,0.0,0.0,0.0,0.0,0.0,0.0,0.0,2002,radio,0.5
2,1,lr1e-04_bs16_modL1_fusion64_fusionL1_drop0p2_trmiss50_trlocradio,16,0.0001,1,64,1,0.2,lr1e-04_bs16_modL1_fusion64_fusionL1_drop0p2_trmiss50_trlocradio,22,0.5201220239202181,0.6805130441983541,0.5210084033613446,0.709638818257829,0.4888888888888889,0.0,0.0,0.0,0.0,0.0,0.0,0.0,0.0,0.0,2002,radio,0.5
2,1,lr1e-04_bs16_modL1_fusion64_fusionL1_drop0p2_trmiss50_trlocradio,16,0.0001,1,64,1,0.2,lr1e-04_bs16_modL1_fusion64_fusionL1_drop0p2_trmiss50_trlocradio,23,0.4702656368414561,0.686510960261027,0.5336134453781513,0.7122022285040351,0.4444444444444444,0.0,0.0,0.0,0.0,0.0,0.0,0.0,0.0,0.0,2002,radio,0.5
2,1,lr1e-04_bs16_modL1_fusion64_fusionL1_drop0p2_trmiss50_trlocradio,16,0.0001,1,64,1,0.2,lr1e-04_bs16_modL1_fusion64_fusionL1_drop0p2_trmiss50_trlocradio,24,0.5124506851037344,0.6890753904978434,0.5252100840336134,0.7046571278988504,0.4666666666666667,0.0,0.0,0.0,0.0,0.0,0.0,0.0,0.0,0.0,2002,radio,0.5
2,1,lr1e-04_bs16_modL1_fusion64_fusionL1_drop0p2_trmiss50_trlocradio,16,0.0001,1,64,1,0.2,lr1e-04_bs16_modL1_fusion64_fusionL1_drop0p2_trmiss50_trlocradio,25,0.49893495937188465,0.6900668342908224,0.5210084033613446,0.699542771774156,0.4666666666666667,0.0,0.0,0.0,0.0,0.0,0.0,0.0,0.0,0.0,2002,radio,0.5
2,1,lr1e-04_bs16_modL1_fusion64_fusionL1_drop0p1_trmiss50_trlocradio,16,0.0001,1,64,1,0.1,lr1e-04_bs16_modL1_fusion64_fusionL1_drop0p1_trmiss50_trlocradio,1,0.7255679418643316,0.7029564579327902,0.5105042016806722,0.617840693638609,0.4666666666666667,0.0,0.0,0.0,0.0,0.0,0.0,0.0,0.0,0.0,2002,radio,0.5
2,1,lr1e-04_bs16_modL1_fusion64_fusionL1_drop0p1_trmiss50_trlocradio,16,0.0001,1,64,1,0.1,lr1e-04_bs16_modL1_fusion64_fusionL1_drop0p1_trmiss50_trlocradio,2,0.679598018527031,0.7085561156272888,0.5273109243697479,0.6183847978579029,0.5333333333333333,0.0,0.0,0.0,0.0,0.0,0.0,0.0,0.0,0.0,2002,radio,0.5
2,1,lr1e-04_bs16_modL1_fusion64_fusionL1_drop0p1_trmiss50_trlocradio,16,0.0001,1,64,1,0.1,lr1e-04_bs16_modL1_fusion64_fusionL1_drop0p1_trmiss50_trlocradio,3,0.6433673550685247,0.7098736961682638,0.5126050420168067,0.6123385138117177,0.5333333333333333,0.0,0.0,0.0,0.0,0.0,0.0,0.0,0.0,0.0,2002,radio,0.5
2,1,lr1e-04_bs16_modL1_fusion64_fusionL1_drop0p1_trmiss50_trlocradio,16,0.0001,1,64,1,0.1,lr1e-04_bs16_modL1_fusion64_fusionL1_drop0p1_trmiss50_trlocradio,4,0.6293726513783137,0.7097320556640625,0.5168067226890756,0.6175996454894386,0.4888888888888889,0.0,0.0,0.0,0.0,0.0,0.0,0.0,0.0,0.0,2002,radio,0.5
2,1,lr1e-04_bs16_modL1_fusion64_fusionL1_drop0p1_trmiss50_trlocradio,16,0.0001,1,64,1,0.1,lr1e-04_bs16_modL1_fusion64_fusionL1_drop0p1_trmiss50_trlocradio,5,0.6110198746124903,0.7030649979909261,0.542016806722689,0.6396748930733471,0.5111111111111111,0.0,0.0,0.0,0.0,0.0,0.0,0.0,0.0,0.0,2002,radio,0.5
2,1,lr1e-04_bs16_modL1_fusion64_fusionL1_drop0p1_trmiss50_trlocradio,16,0.0001,1,64,1,0.1,lr1e-04_bs16_modL1_fusion64_fusionL1_drop0p1_trmiss50_trlocradio,6,0.5912414292494456,0.7061042388280233,0.523109243697479,0.6309860979185693,0.5111111111111111,0.0,0.0,0.0,0.0,0.0,0.0,0.0,0.0,0.0,2002,radio,0.5
2,1,lr1e-04_bs16_modL1_fusion64_fusionL1_drop0p1_trmiss50_trlocradio,16,0.0001,1,64,1,0.1,lr1e-04_bs16_modL1_fusion64_fusionL1_drop0p1_trmiss50_trlocradio,7,0.5675501724084219,0.7046031355857849,0.5357142857142857,0.6457324320476373,0.5111111111111111,0.0,0.0,0.0,0.0,0.0,0.0,0.0,0.0,0.0,2002,radio,0.5
2,1,lr1e-04_bs16_modL1_fusion64_fusionL1_drop0p1_trmiss50_trlocradio,16,0.0001,1,64,1,0.1,lr1e-04_bs16_modL1_fusion64_fusionL1_drop0p1_trmiss50_trlocradio,8,0.5617014517386755,0.6994764606157938,0.5294117647058824,0.6354874790660919,0.5333333333333333,0.0,0.0,0.0,0.0,0.0,0.0,0.0,0.0,0.0,2002,radio,0.5
2,1,lr1e-04_bs16_modL1_fusion64_fusionL1_drop0p1_trmiss50_trlocradio,16,0.0001,1,64,1,0.1,lr1e-04_bs16_modL1_fusion64_fusionL1_drop0p1_trmiss50_trlocradio,9,0.5672231564919153,0.6993571718533834,0.5252100840336135,0.6354608941527475,0.5333333333333333,0.0,0.0,0.0,0.0,0.0,0.0,0.0,0.0,0.0,2002,radio,0.5
2,1,lr1e-04_bs16_modL1_fusion64_fusionL1_drop0p1_trmiss50_trlocradio,16,0.0001,1,64,1,0.1,lr1e-04_bs16_modL1_fusion64_fusionL1_drop0p1_trmiss50_trlocradio,10,0.5590395952264468,0.701332708199819,0.5357142857142857,0.653830805364318,0.5555555555555556,0.0,0.0,0.0,0.0,0.0,0.0,0.0,0.0,0.0,2002,radio,0.5
2,1,lr1e-04_bs16_modL1_fusion64_fusionL1_drop0p1_trmiss50_trlocradio,16,0.0001,1,64,1,0.1,lr1e-04_bs16_modL1_fusion64_fusionL1_drop0p1_trmiss50_trlocradio,11,0.5322581306099892,0.6963723103205363,0.546218487394958,0.6650356215026562,0.5777777777777777,0.0,0.0,0.0,0.0,0.0,0.0,0.0,0.0,0.0,2002,radio,0.5
2,1,lr1e-04_bs16_modL1_fusion64_fusionL1_drop0p1_trmiss50_trlocradio,16,0.0001,1,64,1,0.1,lr1e-04_bs16_modL1_fusion64_fusionL1_drop0p1_trmiss50_trlocradio,12,0.5080105712016424,0.6998822093009949,0.5357142857142857,0.6476202702008407,0.5555555555555556,0.0,0.0,0.0,0.0,0.0,0.0,0.0,0.0,0.0,2002,radio,0.5
2,1,lr1e-04_bs16_modL1_fusion64_fusionL1_drop0p1_trmiss50_trlocradio,16,0.0001,1,64,1,0.1,lr1e-04_bs16_modL1_fusion64_fusionL1_drop0p1_trmiss50_trlocradio,13,0.5006585841377577,0.6909721692403158,0.5525210084033614,0.6611814600437186,0.5111111111111111,0.0,0.0,0.0,0.0,0.0,0.0,0.0,0.0,0.0,2002,radio,0.5
2,1,lr1e-04_bs16_modL1_fusion64_fusionL1_drop0p1_trmiss50_trlocradio,16,0.0001,1,64,1,0.1,lr1e-04_bs16_modL1_fusion64_fusionL1_drop0p1_trmiss50_trlocradio,14,0.5077253058552742,0.6902227600415548,0.5630252100840336,0.6689140963313468,0.5333333333333333,0.0,0.0,0.0,0.0,0.0,0.0,0.0,0.0,0.0,2002,radio,0.5
2,1,lr1e-04_bs16_modL1_fusion64_fusionL1_drop0p1_trmiss50_trlocradio,16,0.0001,1,64,1,0.1,lr1e-04_bs16_modL1_fusion64_fusionL1_drop0p1_trmiss50_trlocradio,15,0.5014137799541155,0.6937247713406881,0.5567226890756303,0.663123437608114,0.5333333333333333,0.0,0.0,0.0,0.0,0.0,0.0,0.0,0.0,0.0,2002,radio,0.5
2,1,lr1e-04_bs16_modL1_fusion64_fusionL1_drop0p1_trmiss50_trlocradio,16,0.0001,1,64,1,0.1,lr1e-04_bs16_modL1_fusion64_fusionL1_drop0p1_trmiss50_trlocradio,16,0.496147779126962,0.6882432897885641,0.5672268907563025,0.6679915576266029,0.5111111111111111,0.0,0.0,0.0,0.0,0.0,0.0,0.0,0.0,0.0,2002,radio,0.5
2,1,lr1e-04_bs16_modL1_fusion64_fusionL1_drop0p1_trmiss50_trlocradio,16,0.0001,1,64,1,0.1,lr1e-04_bs16_modL1_fusion64_fusionL1_drop0p1_trmiss50_trlocradio,17,0.4923190027475357,0.6899435122807821,0.5777310924369747,0.6852674864159564,0.5333333333333333,0.0,0.0,0.0,0.0,0.0,0.0,0.0,0.0,0.0,2002,radio,0.5
2,1,lr1e-04_bs16_modL1_fusion64_fusionL1_drop0p1_trmiss50_trlocradio,16,0.0001,1,64,1,0.1,lr1e-04_bs16_modL1_fusion64_fusionL1_drop0p1_trmiss50_trlocradio,18,0.4751288866003354,0.684172252813975,0.5966386554621849,0.686510463984554,0.5333333333333333,0.0,0.0,0.0,0.0,0.0,0.0,0.0,0.0,0.0,2002,radio,0.5
2,1,lr1e-04_bs16_modL1_fusion64_fusionL1_drop0p1_trmiss50_trlocradio,16,0.0001,1,64,1,0.1,lr1e-04_bs16_modL1_fusion64_fusionL1_drop0p1_trmiss50_trlocradio,19,0.4778909757733345,0.6921438773473104,0.5651260504201681,0.6652781970906079,0.5777777777777777,0.0,0.0,0.0,0.0,0.0,0.0,0.0,0.0,0.0,2002,radio,0.5
2,1,lr1e-04_bs16_modL1_fusion64_fusionL1_drop0p1_trmiss50_trlocradio,16,0.0001,1,64,1,0.1,lr1e-04_bs16_modL1_fusion64_fusionL1_drop0p1_trmiss50_trlocradio,20,0.4699557845791181,0.6871597568194071,0.5861344537815125,0.6828669690374864,0.5333333333333333,0.0,0.0,0.0,0.0,0.0,0.0,0.0,0.0,0.0,2002,radio,0.5
2,1,lr1e-04_bs16_modL1_fusion64_fusionL1_drop0p1_trmiss50_trlocradio,16,0.0001,1,64,1,0.1,lr1e-04_bs16_modL1_fusion64_fusionL1_drop0p1_trmiss50_trlocradio,21,0.45004020382960636,0.683569610118866,0.5861344537815125,0.6715982436513399,0.5111111111111111,0.0,0.0,0.0,0.0,0.0,0.0,0.0,0.0,0.0,2002,radio,0.5
2,1,lr1e-04_bs16_modL1_fusion64_fusionL1_drop0p1_trmiss50_trlocradio,16,0.0001,1,64,1,0.1,lr1e-04_bs16_modL1_fusion64_fusionL1_drop0p1_trmiss50_trlocradio,22,0.440354789296786,0.6817116141319275,0.569327731092437,0.6727770192696497,0.5777777777777777,0.0,0.0,0.0,0.0,0.0,0.0,0.0,0.0,0.0,2002,radio,0.5
2,1,lr1e-04_bs16_modL1_fusion64_fusionL1_drop0p1_trmiss50_trlocradio,16,0.0001,1,64,1,0.1,lr1e-04_bs16_modL1_fusion64_fusionL1_drop0p1_trmiss50_trlocradio,23,0.4397382562359174,0.6857109864552816,0.5714285714285714,0.6676257098278219,0.6,0.0,0.0,0.0,0.0,0.0,0.0,0.0,0.0,0.0,2002,radio,0.5
2,1,lr1e-04_bs16_modL1_fusion64_fusionL1_drop0p1_trmiss50_trlocradio,16,0.0001,1,64,1,0.1,lr1e-04_bs16_modL1_fusion64_fusionL1_drop0p1_trmiss50_trlocradio,24,0.4445355509718259,0.6783155997594198,0.5945378151260504,0.7044593679459387,0.6,0.0,0.0,0.0,0.0,0.0,0.0,0.0,0.0,0.0,2002,radio,0.5
2,1,lr1e-04_bs16_modL1_fusion64_fusionL1_drop0p1_trmiss50_trlocradio,16,0.0001,1,64,1,0.1,lr1e-04_bs16_modL1_fusion64_fusionL1_drop0p1_trmiss50_trlocradio,25,0.43065021683772403,0.6729119618733724,0.6176470588235294,0.6934913526191999,0.6222222222222222,0.0,0.0,0.0,0.0,0.0,0.0,0.0,0.0,0.0,2002,radio,0.5
2,1,lr1e-04_bs16_modL1_fusion64_fusionL1_drop0p1_trmiss50_trlocradio,16,0.0001,1,64,1,0.1,lr1e-04_bs16_modL1_fusion64_fusionL1_drop0p1_trmiss50_trlocradio,26,0.4408656433224678,0.6683194835980734,0.6050420168067228,0.6887713422654402,0.6222222222222222,0.0,0.0,0.0,0.0,0.0,0.0,0.0,0.0,0.0,2002,radio,0.5
2,1,lr1e-04_bs16_modL1_fusion64_fusionL1_drop0p1_trmiss50_trlocradio,16,0.0001,1,64,1,0.1,lr1e-04_bs16_modL1_fusion64_fusionL1_drop0p1_trmiss50_trlocradio,27,0.4170852030316989,0.671578566233317,0.596638655462185,0.695281011148656,0.6222222222222222,0.0,0.0,0.0,0.0,0.0,0.0,0.0,0.0,0.0,2002,radio,0.5
2,1,lr1e-04_bs16_modL1_fusion64_fusionL1_drop0p1_trmiss50_trlocradio,16,0.0001,1,64,1,0.1,lr1e-04_bs16_modL1_fusion64_fusionL1_drop0p1_trmiss50_trlocradio,28,0.4212305744489034,0.6803847153981527,0.5840336134453782,0.6733472430428319,0.6222222222222222,0.0,0.0,0.0,0.0,0.0,0.0,0.0,0.0,0.0,2002,radio,0.5
2,1,lr1e-04_bs16_modL1_fusion64_fusionL1_drop0p1_trmiss50_trlocradio,16,0.0001,1,64,1,0.1,lr1e-04_bs16_modL1_fusion64_fusionL1_drop0p1_trmiss50_trlocradio,29,0.42907991756995517,0.6833562254905701,0.6050420168067226,0.6944580631496341,0.6222222222222222,0.0,0.0,0.0,0.0,0.0,0.0,0.0,0.0,0.0,2002,radio,0.5
2,1,lr1e-04_bs16_modL1_fusion64_fusionL1_drop0p1_trmiss50_trlocradio,16,0.0001,1,64,1,0.1,lr1e-04_bs16_modL1_fusion64_fusionL1_drop0p1_trmiss50_trlocradio,30,0.4051481634378433,0.6686547994613647,0.6176470588235293,0.7047596014782508,0.6444444444444445,0.0,0.0,0.0,0.0,0.0,0.0,0.0,0.0,0.0,2002,radio,0.5
2,1,lr1e-04_bs16_modL1_fusion64_fusionL1_drop0p1_trmiss50_trlocradio,16,0.0001,1,64,1,0.1,lr1e-04_bs16_modL1_fusion64_fusionL1_drop0p1_trmiss50_trlocradio,31,0.39577678591012955,0.6667602856953939,0.6197478991596639,0.7038254005928958,0.6666666666666666,0.0,0.0,0.0,0.0,0.0,0.0,0.0,0.0,0.0,2002,radio,0.5
2,1,lr1e-04_bs16_modL1_fusion64_fusionL1_drop0p1_trmiss50_trlocradio,16,0.0001,1,64,1,0.1,lr1e-04_bs16_modL1_fusion64_fusionL1_drop0p1_trmiss50_trlocradio,32,0.3813242440422376,0.6668724219004313,0.615546218487395,0.714110676635554,0.6888888888888889,0.0,0.0,0.0,0.0,0.0,0.0,0.0,0.0,0.0,2002,radio,0.5
2,1,lr1e-04_bs16_modL1_fusion64_fusionL1_drop0p1_trmiss50_trlocradio,16,0.0001,1,64,1,0.1,lr1e-04_bs16_modL1_fusion64_fusionL1_drop0p1_trmiss50_trlocradio,33,0.4122959201534589,0.6626717845598856,0.634453781512605,0.720622713514445,0.6444444444444445,0.0,0.0,0.0,0.0,0.0,0.0,0.0,0.0,0.0,2002,radio,0.5
2,1,lr1e-04_bs16_modL1_fusion64_fusionL1_drop0p1_trmiss50_trlocradio,16,0.0001,1,64,1,0.1,lr1e-04_bs16_modL1_fusion64_fusionL1_drop0p1_trmiss50_trlocradio,34,0.3759051983555158,0.669831116994222,0.615546218487395,0.6914978289920841,0.6222222222222222,0.0,0.0,0.0,0.0,0.0,0.0,0.0,0.0,0.0,2002,radio,0.5
2,1,lr1e-04_bs16_modL1_fusion64_fusionL1_drop0p1_trmiss50_trlocradio,16,0.0001,1,64,1,0.1,lr1e-04_bs16_modL1_fusion64_fusionL1_drop0p1_trmiss50_trlocradio,35,0.36776887128750485,0.6814680099487305,0.6176470588235294,0.6854780755604789,0.6222222222222222,0.0,0.0,0.0,0.0,0.0,0.0,0.0,0.0,0.0,2002,radio,0.5
2,1,lr1e-04_bs16_modL1_fusion64_fusionL1_drop0p1_trmiss50_trlocradio,16,0.0001,1,64,1,0.1,lr1e-04_bs16_modL1_fusion64_fusionL1_drop0p1_trmiss50_trlocradio,36,0.3613845532139142,0.6745631694793701,0.6113445378151261,0.6737576287313476,0.6666666666666666,0.0,0.0,0.0,0.0,0.0,0.0,0.0,0.0,0.0,2002,radio,0.5
2,1,lr1e-04_bs16_modL1_fusion64_fusionL1_drop0p1_trmiss50_trlocradio,16,0.0001,1,64,1,0.1,lr1e-04_bs16_modL1_fusion64_fusionL1_drop0p1_trmiss50_trlocradio,37,0.3868028496702512,0.6715035835901896,0.5840336134453781,0.6866029231634444,0.6,0.0,0.0,0.0,0.0,0.0,0.0,0.0,0.0,0.0,2002,radio,0.5
2,1,lr1e-04_bs16_modL1_fusion64_fusionL1_drop0p1_trmiss50_trlocradio,16,0.0001,1,64,1,0.1,lr1e-04_bs16_modL1_fusion64_fusionL1_drop0p1_trmiss50_trlocradio,38,0.37028443564971286,0.657906969388326,0.6365546218487395,0.7165560022187548,0.6888888888888889,0.0,0.0,0.0,0.0,0.0,0.0,0.0,0.0,0.0,2002,radio,0.5
2,1,lr1e-04_bs16_modL1_fusion64_fusionL1_drop0p1_trmiss50_trlocradio,16,0.0001,1,64,1,0.1,lr1e-04_bs16_modL1_fusion64_fusionL1_drop0p1_trmiss50_trlocradio,39,0.36703214546044666,0.6607578992843628,0.6260504201680672,0.7139954586283352,0.6444444444444445,0.0,0.0,0.0,0.0,0.0,0.0,0.0,0.0,0.0,2002,radio,0.5
2,1,lr1e-04_bs16_modL1_fusion64_fusionL1_drop0p1_trmiss50_trlocradio,16,0.0001,1,64,1,0.1,lr1e-04_bs16_modL1_fusion64_fusionL1_drop0p1_trmiss50_trlocradio,40,0.3736029813687007,0.6593103408813477,0.6239495798319328,0.7076435543348716,0.6666666666666666,0.0,0.0,0.0,0.0,0.0,0.0,0.0,0.0,0.0,2002,radio,0.5
2,1,lr1e-04_bs16_modL1_fusion64_fusionL1_drop0p1_trmiss50_trlocradio,16,0.0001,1,64,1,0.1,lr1e-04_bs16_modL1_fusion64_fusionL1_drop0p1_trmiss50_trlocradio,41,0.33129886041084927,0.6582296093304952,0.634453781512605,0.7203416025809848,0.6444444444444445,0.0,0.0,0.0,0.0,0.0,0.0,0.0,0.0,0.0,2002,radio,0.5
2,1,lr1e-04_bs16_modL1_fusion64_fusionL1_drop0p1_trmiss50_trlocradio,16,0.0001,1,64,1,0.1,lr1e-04_bs16_modL1_fusion64_fusionL1_drop0p1_trmiss50_trlocradio,42,0.34303754568099976,0.6599129438400269,0.6197478991596639,0.7217753075131454,0.6,0.0,0.0,0.0,0.0,0.0,0.0,0.0,0.0,0.0,2002,radio,0.5
2,1,lr1e-04_bs16_modL1_fusion64_fusionL1_drop0p1_trmiss50_trlocradio,16,0.0001,1,64,1,0.1,lr1e-04_bs16_modL1_fusion64_fusionL1_drop0p1_trmiss50_trlocradio,43,0.345799299577872,0.6718815167744955,0.5903361344537815,0.6976198714785569,0.5777777777777777,0.0,0.0,0.0,0.0,0.0,0.0,0.0,0.0,0.0,2002,radio,0.5
2,1,lr1e-04_bs16_modL1_fusion64_fusionL1_drop0p1_trmiss50_trlocradio,16,0.0001,1,64,1,0.1,lr1e-04_bs16_modL1_fusion64_fusionL1_drop0p1_trmiss50_trlocradio,44,0.3251449093222618,0.6713898976643881,0.588235294117647,0.6986242715531308,0.5555555555555556,0.0,0.0,0.0,0.0,0.0,0.0,0.0,0.0,0.0,2002,radio,0.5
2,1,lr1e-04_bs16_modL1_fusion64_fusionL1_drop0p1_trmiss50_trlocradio,16,0.0001,1,64,1,0.1,lr1e-04_bs16_modL1_fusion64_fusionL1_drop0p1_trmiss50_trlocradio,45,0.31084610521793365,0.6671488483746847,0.5945378151260504,0.7041341451468377,0.6,0.0,0.0,0.0,0.0,0.0,0.0,0.0,0.0,0.0,2002,radio,0.5
2,1,lr1e-04_bs16_modL1_fusion64_fusionL1_drop0p1_trmiss50_trlocradio,16,0.0001,1,64,1,0.1,lr1e-04_bs16_modL1_fusion64_fusionL1_drop0p1_trmiss50_trlocradio,46,0.30090901503960293,0.664391279220581,0.6050420168067226,0.7099717841370048,0.5777777777777777,0.0,0.0,0.0,0.0,0.0,0.0,0.0,0.0,0.0,2002,radio,0.5
2,1,lr1e-04_bs16_modL1_fusion64_fusionL1_drop0p1_trmiss50_trlocradio,16,0.0001,1,64,1,0.1,lr1e-04_bs16_modL1_fusion64_fusionL1_drop0p1_trmiss50_trlocradio,47,0.33817653357982635,0.675856371720632,0.6029411764705882,0.6996486796699929,0.6444444444444445,0.0,0.0,0.0,0.0,0.0,0.0,0.0,0.0,0.0,2002,radio,0.5
2,1,lr1e-04_bs16_modL1_fusion64_fusionL1_drop0p1_trmiss50_trlocradio,16,0.0001,1,64,1,0.1,lr1e-04_bs16_modL1_fusion64_fusionL1_drop0p1_trmiss50_trlocradio,48,0.3519074817498525,0.6823152701059977,0.6029411764705883,0.7066033365327379,0.6888888888888889,0.0,0.0,0.0,0.0,0.0,0.0,0.0,0.0,0.0,2002,radio,0.5
2,1,lr1e-04_bs16_modL1_fusion64_fusionL1_drop0p1_trmiss50_trlocradio,16,0.0001,1,64,1,0.1,lr1e-04_bs16_modL1_fusion64_fusionL1_drop0p1_trmiss50_trlocradio,49,0.31255511939525604,0.6758713722229004,0.5987394957983193,0.6995226088084897,0.6222222222222222,0.0,0.0,0.0,0.0,0.0,0.0,0.0,0.0,0.0,2002,radio,0.5
2,1,lr1e-04_bs16_modL1_fusion64_fusionL1_drop0p1_trmiss50_trlocradio,16,0.0001,1,64,1,0.1,lr1e-04_bs16_modL1_fusion64_fusionL1_drop0p1_trmiss50_trlocradio,50,0.3036539778113365,0.663247287273407,0.6029411764705882,0.6860176665916705,0.6,0.0,0.0,0.0,0.0,0.0,0.0,0.0,0.0,0.0,2002,radio,0.5
2,1,lr1e-04_bs16_modL1_fusion64_fusionL1_drop0p1_trmiss50_trlocradio,16,0.0001,1,64,1,0.1,lr1e-04_bs16_modL1_fusion64_fusionL1_drop0p1_trmiss50_trlocradio,51,0.3049383411804835,0.6621509393056234,0.6071428571428572,0.690170021619768,0.5777777777777777,0.0,0.0,0.0,0.0,0.0,0.0,0.0,0.0,0.0,2002,radio,0.5
2,1,lr1e-04_bs16_modL1_fusion64_fusionL1_drop0p1_trmiss50_trlocradio,16,0.0001,1,64,1,0.1,lr1e-04_bs16_modL1_fusion64_fusionL1_drop0p1_trmiss50_trlocradio,52,0.2890145269532998,0.6625341971715292,0.6176470588235294,0.6972624500523115,0.6,0.0,0.0,0.0,0.0,0.0,0.0,0.0,0.0,0.0,2002,radio,0.5
2,1,lr1e-04_bs16_modL1_fusion64_fusionL1_drop0p1_trmiss50_trlocradio,16,0.0001,1,64,1,0.1,lr1e-04_bs16_modL1_fusion64_fusionL1_drop0p1_trmiss50_trlocradio,53,0.29730941106875736,0.6625818610191345,0.615546218487395,0.7162399730175706,0.6,0.0,0.0,0.0,0.0,0.0,0.0,0.0,0.0,0.0,2002,radio,0.5
2,1,lr1e-04_bs16_modL1_fusion64_fusionL1_drop0p1_trmiss50_trlocradio,16,0.0001,1,64,1,0.1,lr1e-04_bs16_modL1_fusion64_fusionL1_drop0p1_trmiss50_trlocradio,54,0.29249824459354085,0.6674578785896301,0.6134453781512605,0.7132530312438641,0.5777777777777777,0.0,0.0,0.0,0.0,0.0,0.0,0.0,0.0,0.0,2002,radio,0.5
2,1,lr1e-04_bs16_modL1_fusion64_fusionL1_drop0p1_trmiss50_trlocradio,16,0.0001,1,64,1,0.1,lr1e-04_bs16_modL1_fusion64_fusionL1_drop0p1_trmiss50_trlocradio,55,0.2885613789161046,0.6662133932113647,0.6134453781512605,0.7135919167980858,0.5555555555555556,0.0,0.0,0.0,0.0,0.0,0.0,0.0,0.0,0.0,2002,radio,0.5
2,1,lr1e-04_bs16_modL1_fusion64_fusionL1_drop0p1_trmiss50_trlocradio,16,0.0001,1,64,1,0.1,lr1e-04_bs16_modL1_fusion64_fusionL1_drop0p1_trmiss50_trlocradio,56,0.3189558759331703,0.6596205035845438,0.6176470588235294,0.7136172203254254,0.5777777777777777,0.0,0.0,0.0,0.0,0.0,0.0,0.0,0.0,0.0,2002,radio,0.5
2,1,lr1e-04_bs16_modL1_fusion64_fusionL1_drop0p1_trmiss50_trlocradio,16,0.0001,1,64,1,0.1,lr1e-04_bs16_modL1_fusion64_fusionL1_drop0p1_trmiss50_trlocradio,57,0.295944223801295,0.6699949900309244,0.6092436974789917,0.709607056369441,0.5777777777777777,0.0,0.0,0.0,0.0,0.0,0.0,0.0,0.0,0.0,2002,radio,0.5
2,1,lr1e-04_bs16_modL1_fusion64_fusionL1_drop0p1_trmiss50_trlocradio,16,0.0001,1,64,1,0.1,lr1e-04_bs16_modL1_fusion64_fusionL1_drop0p1_trmiss50_trlocradio,58,0.33112382888793945,0.676441490650177,0.6050420168067228,0.7024630697425321,0.6222222222222222,0.0,0.0,0.0,0.0,0.0,0.0,0.0,0.0,0.0,2002,radio,0.5
2,1,lr5e-05_bs32_modL1_fusion32_fusionL1_drop0p2_trmiss50_trlocradio,32,5e-05,1,32,1,0.2,lr5e-05_bs32_modL1_fusion32_fusionL1_drop0p2_trmiss50_trlocradio,1,0.7315268814563751,0.6944279372692108,0.5441176470588236,0.664092135721566,0.4888888888888889,0.0,0.0,0.0,0.0,0.0,0.0,0.0,0.0,0.0,2002,radio,0.5
2,1,lr5e-05_bs32_modL1_fusion32_fusionL1_drop0p2_trmiss50_trlocradio,32,5e-05,1,32,1,0.2,lr5e-05_bs32_modL1_fusion32_fusionL1_drop0p2_trmiss50_trlocradio,2,0.7049128810564677,0.6895503401756287,0.5735294117647058,0.6874474636110106,0.4888888888888889,0.0,0.0,0.0,0.0,0.0,0.0,0.0,0.0,0.0,2002,radio,0.5
2,1,lr5e-05_bs32_modL1_fusion32_fusionL1_drop0p2_trmiss50_trlocradio,32,5e-05,1,32,1,0.2,lr5e-05_bs32_modL1_fusion32_fusionL1_drop0p2_trmiss50_trlocradio,3,0.711663285891215,0.6828500330448151,0.5756302521008403,0.6940544678521865,0.5111111111111111,0.0,0.0,0.0,0.0,0.0,0.0,0.0,0.0,0.0,2002,radio,0.5
2,1,lr5e-05_bs32_modL1_fusion32_fusionL1_drop0p2_trmiss50_trlocradio,32,5e-05,1,32,1,0.2,lr5e-05_bs32_modL1_fusion32_fusionL1_drop0p2_trmiss50_trlocradio,4,0.6762024561564127,0.6752557754516602,0.5840336134453782,0.7539119289102696,0.5111111111111111,0.0,0.0,0.0,0.0,0.0,0.0,0.0,0.0,0.0,2002,radio,0.5
2,1,lr5e-05_bs32_modL1_fusion32_fusionL1_drop0p2_trmiss50_trlocradio,32,5e-05,1,32,1,0.2,lr5e-05_bs32_modL1_fusion32_fusionL1_drop0p2_trmiss50_trlocradio,5,0.6768908898035685,0.6702876687049866,0.5672268907563025,0.7476898222086554,0.4888888888888889,0.0,0.0,0.0,0.0,0.0,0.0,0.0,0.0,0.0,2002,radio,0.5
2,1,lr5e-05_bs32_modL1_fusion32_fusionL1_drop0p2_trmiss50_trlocradio,32,5e-05,1,32,1,0.2,lr5e-05_bs32_modL1_fusion32_fusionL1_drop0p2_trmiss50_trlocradio,6,0.6440972785154978,0.6648329794406891,0.5735294117647058,0.7626843142036717,0.5111111111111111,0.0,0.0,0.0,0.0,0.0,0.0,0.0,0.0,0.0,2002,radio,0.5
2,1,lr5e-05_bs32_modL1_fusion32_fusionL1_drop0p2_trmiss50_trlocradio,32,5e-05,1,32,1,0.2,lr5e-05_bs32_modL1_fusion32_fusionL1_drop0p2_trmiss50_trlocradio,7,0.6380123694737753,0.6602773368358612,0.5735294117647058,0.7630697702815757,0.5333333333333333,0.0,0.0,0.0,0.0,0.0,0.0,0.0,0.0,0.0,2002,radio,0.5
2,1,lr5e-05_bs32_modL1_fusion32_fusionL1_drop0p2_trmiss50_trlocradio,32,5e-05,1,32,1,0.2,lr5e-05_bs32_modL1_fusion32_fusionL1_drop0p2_trmiss50_trlocradio,8,0.6292902628580729,0.661328911781311,0.5609243697478992,0.7570282494805388,0.5111111111111111,0.0,0.0,0.0,0.0,0.0,0.0,0.0,0.0,0.0,2002,radio,0.5
2,1,lr5e-05_bs32_modL1_fusion32_fusionL1_drop0p2_trmiss50_trlocradio,32,5e-05,1,32,1,0.2,lr5e-05_bs32_modL1_fusion32_fusionL1_drop0p2_trmiss50_trlocradio,9,0.6260586182276408,0.6608967483043671,0.5567226890756303,0.7542761125026888,0.4888888888888889,0.0,0.0,0.0,0.0,0.0,0.0,0.0,0.0,0.0,2002,radio,0.5
2,1,lr5e-05_bs32_modL1_fusion32_fusionL1_drop0p2_trmiss50_trlocradio,32,5e-05,1,32,1,0.2,lr5e-05_bs32_modL1_fusion32_fusionL1_drop0p2_trmiss50_trlocradio,10,0.6360465387503306,0.661687582731247,0.5483193277310925,0.7507339662352426,0.4666666666666667,0.0,0.0,0.0,0.0,0.0,0.0,0.0,0.0,0.0,2002,radio,0.5
2,1,lr5e-05_bs32_modL1_fusion32_fusionL1_drop0p2_trmiss50_trlocradio,32,5e-05,1,32,1,0.2,lr5e-05_bs32_modL1_fusion32_fusionL1_drop0p2_trmiss50_trlocradio,11,0.6134551763534546,0.6601907908916473,0.5483193277310925,0.7502183839339459,0.4666666666666667,0.0,0.0,0.0,0.0,0.0,0.0,0.0,0.0,0.0,2002,radio,0.5
2,1,lr5e-05_bs32_modL1_fusion32_fusionL1_drop0p2_trmiss50_trlocradio,32,5e-05,1,32,1,0.2,lr5e-05_bs32_modL1_fusion32_fusionL1_drop0p2_trmiss50_trlocradio,12,0.6185735066731771,0.6602866053581238,0.5567226890756303,0.7515205619981294,0.5111111111111111,0.0,0.0,0.0,0.0,0.0,0.0,0.0,0.0,0.0,2002,radio,0.5
2,1,lr5e-05_bs32_modL1_fusion32_fusionL1_drop0p2_trmiss50_trlocradio,32,5e-05,1,32,1,0.2,lr5e-05_bs32_modL1_fusion32_fusionL1_drop0p2_trmiss50_trlocradio,13,0.6046597063541412,0.657414585351944,0.5588235294117647,0.7473022265826587,0.5111111111111111,0.0,0.0,0.0,0.0,0.0,0.0,0.0,0.0,0.0,2002,radio,0.5
2,1,lr5e-05_bs32_modL1_fusion32_fusionL1_drop0p2_trmiss50_trlocradio,32,5e-05,1,32,1,0.2,lr5e-05_bs32_modL1_fusion32_fusionL1_drop0p2_trmiss50_trlocradio,14,0.581524133682251,0.6563444435596466,0.5609243697478992,0.7455923780219159,0.5111111111111111,0.0,0.0,0.0,0.0,0.0,0.0,0.0,0.0,0.0,2002,radio,0.5
2,1,lr5e-05_bs32_modL1_fusion32_fusionL1_drop0p2_trmiss50_trlocradio,32,5e-05,1,32,1,0.2,lr5e-05_bs32_modL1_fusion32_fusionL1_drop0p2_trmiss50_trlocradio,15,0.5778800845146179,0.6553703844547272,0.5630252100840336,0.74995185953657,0.5111111111111111,0.0,0.0,0.0,0.0,0.0,0.0,0.0,0.0,0.0,2002,radio,0.5
2,1,lr5e-05_bs32_modL1_fusion32_fusionL1_drop0p2_trmiss50_trlocradio,32,5e-05,1,32,1,0.2,lr5e-05_bs32_modL1_fusion32_fusionL1_drop0p2_trmiss50_trlocradio,16,0.5677745739618937,0.6507326662540436,0.5672268907563025,0.7544740487270851,0.5111111111111111,0.0,0.0,0.0,0.0,0.0,0.0,0.0,0.0,0.0,2002,radio,0.5
2,1,lr5e-05_bs32_modL1_fusion32_fusionL1_drop0p2_trmiss50_trlocradio,32,5e-05,1,32,1,0.2,lr5e-05_bs32_modL1_fusion32_fusionL1_drop0p2_trmiss50_trlocradio,17,0.5789475838343302,0.6534479260444641,0.5630252100840336,0.7480711607778322,0.4888888888888889,0.0,0.0,0.0,0.0,0.0,0.0,0.0,0.0,0.0,2002,radio,0.5
2,1,lr5e-05_bs32_modL1_fusion32_fusionL1_drop0p2_trmiss50_trlocradio,32,5e-05,1,32,1,0.2,lr5e-05_bs32_modL1_fusion32_fusionL1_drop0p2_trmiss50_trlocradio,18,0.5512495537598928,0.655058354139328,0.546218487394958,0.7377282098853852,0.4666666666666667,0.0,0.0,0.0,0.0,0.0,0.0,0.0,0.0,0.0,2002,radio,0.5
2,1,lr5e-05_bs32_modL1_fusion32_fusionL1_drop0p2_trmiss50_trlocradio,32,5e-05,1,32,1,0.2,lr5e-05_bs32_modL1_fusion32_fusionL1_drop0p2_trmiss50_trlocradio,19,0.5546647508939108,0.6575613915920258,0.5714285714285714,0.7494212396652838,0.4888888888888889,0.0,0.0,0.0,0.0,0.0,0.0,0.0,0.0,0.0,2002,radio,0.5
2,1,lr5e-05_bs32_modL1_fusion32_fusionL1_drop0p2_trmiss50_trlocradio,32,5e-05,1,32,1,0.2,lr5e-05_bs32_modL1_fusion32_fusionL1_drop0p2_trmiss50_trlocradio,20,0.5345397740602493,0.6559478044509888,0.5777310924369747,0.7582057143382404,0.4888888888888889,0.0,0.0,0.0,0.0,0.0,0.0,0.0,0.0,0.0,2002,radio,0.5
2,1,lr5e-05_bs32_modL1_fusion32_fusionL1_drop0p2_trmiss50_trlocradio,32,5e-05,1,32,1,0.2,lr5e-05_bs32_modL1_fusion32_fusionL1_drop0p2_trmiss50_trlocradio,21,0.5499937832355499,0.6559597849845886,0.569327731092437,0.7513140234676416,0.4666666666666667,0.0,0.0,0.0,0.0,0.0,0.0,0.0,0.0,0.0,2002,radio,0.5
2,1,lr5e-05_bs32_modL1_fusion32_fusionL1_drop0p2_trmiss50_trlocradio,32,5e-05,1,32,1,0.2,lr5e-05_bs32_modL1_fusion32_fusionL1_drop0p2_trmiss50_trlocradio,22,0.5278919289509455,0.654225766658783,0.5714285714285714,0.7520828041821684,0.4666666666666667,0.0,0.0,0.0,0.0,0.0,0.0,0.0,0.0,0.0,2002,radio,0.5
2,1,lr5e-05_bs32_modL1_fusion32_fusionL1_drop0p2_trmiss50_trlocradio,32,5e-05,1,32,1,0.2,lr5e-05_bs32_modL1_fusion32_fusionL1_drop0p2_trmiss50_trlocradio,23,0.5203424791495005,0.6551854908466339,0.5588235294117647,0.7473312919734477,0.4666666666666667,0.0,0.0,0.0,0.0,0.0,0.0,0.0,0.0,0.0,2002,radio,0.5
2,1,lr5e-05_bs32_modL1_fusion32_fusionL1_drop0p2_trmiss50_trlocradio,32,5e-05,1,32,1,0.2,lr5e-05_bs32_modL1_fusion32_fusionL1_drop0p2_trmiss50_trlocradio,24,0.5055854022502899,0.6563861072063446,0.5525210084033614,0.740522531039071,0.4666666666666667,0.0,0.0,0.0,0.0,0.0,0.0,0.0,0.0,0.0,2002,radio,0.5
2,1,lr5e-05_bs32_modL1_fusion32_fusionL1_drop0p2_trmiss50_trlocradio,32,5e-05,1,32,1,0.2,lr5e-05_bs32_modL1_fusion32_fusionL1_drop0p2_trmiss50_trlocradio,25,0.5128179639577866,0.6591399013996124,0.546218487394958,0.7377874857354499,0.4444444444444444,0.0,0.0,0.0,0.0,0.0,0.0,0.0,0.0,0.0,2002,radio,0.5
2,1,lr5e-05_bs32_modL1_fusion32_fusionL1_drop0p2_trmiss50_trlocradio,32,5e-05,1,32,1,0.2,lr5e-05_bs32_modL1_fusion32_fusionL1_drop0p2_trmiss50_trlocradio,26,0.5127867758274078,0.6594042778015137,0.5420168067226891,0.7357783711035469,0.4444444444444444,0.0,0.0,0.0,0.0,0.0,0.0,0.0,0.0,0.0,2002,radio,0.5
2,1,lr5e-05_bs32_modL1_fusion32_fusionL1_drop0p2_trmiss50_trlocradio,32,5e-05,1,32,1,0.2,lr5e-05_bs32_modL1_fusion32_fusionL1_drop0p2_trmiss50_trlocradio,27,0.516608715057373,0.6544168889522552,0.5588235294117647,0.7419720219285778,0.4888888888888889,0.0,0.0,0.0,0.0,0.0,0.0,0.0,0.0,0.0,2002,radio,0.5
2,1,lr5e-05_bs32_modL1_fusion32_fusionL1_drop0p2_trmiss50_trlocradio,32,5e-05,1,32,1,0.2,lr5e-05_bs32_modL1_fusion32_fusionL1_drop0p2_trmiss50_trlocradio,28,0.5181343654791514,0.6536565124988556,0.5672268907563025,0.7438281921387225,0.4888888888888889,0.0,0.0,0.0,0.0,0.0,0.0,0.0,0.0,0.0,2002,radio,0.5
2,1,lr5e-05_bs32_modL1_fusion32_fusionL1_drop0p2_trmiss50_trlocradio,32,5e-05,1,32,1,0.2,lr5e-05_bs32_modL1_fusion32_fusionL1_drop0p2_trmiss50_trlocradio,29,0.5284694284200668,0.6532222628593445,0.5609243697478992,0.7419990372003497,0.4666666666666667,0.0,0.0,0.0,0.0,0.0,0.0,0.0,0.0,0.0,2002,radio,0.5
2,1,lr5e-05_bs32_modL1_fusion32_fusionL1_drop0p2_trmiss50_trlocradio,32,5e-05,1,32,1,0.2,lr5e-05_bs32_modL1_fusion32_fusionL1_drop0p2_trmiss50_trlocradio,30,0.526871532201767,0.6521901786327362,0.5630252100840336,0.7441564412782259,0.4666666666666667,0.0,0.0,0.0,0.0,0.0,0.0,0.0,0.0,0.0,2002,radio,0.5
2,1,lr5e-05_bs32_modL1_fusion32_fusionL1_drop0p2_trmiss50_trlocradio,32,5e-05,1,32,1,0.2,lr5e-05_bs32_modL1_fusion32_fusionL1_drop0p2_trmiss50_trlocradio,31,0.4978107511997223,0.6533200442790985,0.5609243697478992,0.7455608635538439,0.4888888888888889,0.0,0.0,0.0,0.0,0.0,0.0,0.0,0.0,0.0,2002,radio,0.5
2,1,lr5e-05_bs32_modL1_fusion32_fusionL1_drop0p2_trmiss50_trlocradio,32,5e-05,1,32,1,0.2,lr5e-05_bs32_modL1_fusion32_fusionL1_drop0p2_trmiss50_trlocradio,32,0.5168114254872004,0.6524810194969177,0.5651260504201681,0.7453097871193781,0.4666666666666667,0.0,0.0,0.0,0.0,0.0,0.0,0.0,0.0,0.0,2002,radio,0.5
2,1,lr5e-05_bs32_modL1_fusion32_fusionL1_drop0p2_trmiss50_trlocradio,32,5e-05,1,32,1,0.2,lr5e-05_bs32_modL1_fusion32_fusionL1_drop0p2_trmiss50_trlocradio,33,0.5045697738726934,0.6536610722541809,0.5609243697478992,0.743199579659543,0.4666666666666667,0.0,0.0,0.0,0.0,0.0,0.0,0.0,0.0,0.0,2002,radio,0.5
2,1,lr5e-05_bs32_modL1_fusion32_fusionL1_drop0p2_trmiss50_trlocradio,32,5e-05,1,32,1,0.2,lr5e-05_bs32_modL1_fusion32_fusionL1_drop0p2_trmiss50_trlocradio,34,0.5045345822970072,0.6540300846099854,0.5588235294117647,0.7430428388922031,0.4666666666666667,0.0,0.0,0.0,0.0,0.0,0.0,0.0,0.0,0.0,2002,radio,0.5
2,1,lr5e-05_bs32_modL1_fusion32_fusionL1_drop0p2_trmiss50_trlocradio,32,5e-05,1,32,1,0.2,lr5e-05_bs32_modL1_fusion32_fusionL1_drop0p2_trmiss50_trlocradio,35,0.49993233879407245,0.6563619077205658,0.5504201680672268,0.737916471372641,0.4666666666666667,0.0,0.0,0.0,0.0,0.0,0.0,0.0,0.0,0.0,2002,radio,0.5
2,1,lr5e-05_bs32_modL1_fusion32_fusionL1_drop0p2_trmiss50_trlocradio,32,5e-05,1,32,1,0.2,lr5e-05_bs32_modL1_fusion32_fusionL1_drop0p2_trmiss50_trlocradio,36,0.5060406078894933,0.6554279327392578,0.5504201680672269,0.739779465546836,0.5111111111111111,0.0,0.0,0.0,0.0,0.0,0.0,0.0,0.0,0.0,2002,radio,0.5
2,1,lr5e-05_bs32_modL1_fusion32_fusionL1_drop0p2_trmiss50_trlocradio,32,5e-05,1,32,1,0.2,lr5e-05_bs32_modL1_fusion32_fusionL1_drop0p2_trmiss50_trlocradio,37,0.5021703541278839,0.6534700989723206,0.5588235294117647,0.7405770902231229,0.5111111111111111,0.0,0.0,0.0,0.0,0.0,0.0,0.0,0.0,0.0,2002,radio,0.5
2,1,lr5e-05_bs32_modL1_fusion32_fusionL1_drop0p2_trmiss50_trlocradio,32,5e-05,1,32,1,0.2,lr5e-05_bs32_modL1_fusion32_fusionL1_drop0p2_trmiss50_trlocradio,38,0.48092373212178546,0.6506904065608978,0.5714285714285714,0.7462992374971041,0.4888888888888889,0.0,0.0,0.0,0.0,0.0,0.0,0.0,0.0,0.0,2002,radio,0.5
2,1,lr5e-05_bs32_modL1_fusion32_fusionL1_drop0p2_trmiss50_trlocradio,32,5e-05,1,32,1,0.2,lr5e-05_bs32_modL1_fusion32_fusionL1_drop0p2_trmiss50_trlocradio,39,0.48889941970507306,0.6511575281620026,0.5714285714285714,0.7454647423736076,0.4888888888888889,0.0,0.0,0.0,0.0,0.0,0.0,0.0,0.0,0.0,2002,radio,0.5
2,1,lr5e-05_bs32_modL1_fusion32_fusionL1_drop0p2_trmiss50_trlocradio,32,5e-05,1,32,1,0.2,lr5e-05_bs32_modL1_fusion32_fusionL1_drop0p2_trmiss50_trlocradio,40,0.4891988883415858,0.6531294584274292,0.5672268907563025,0.7439406592892329,0.4666666666666667,0.0,0.0,0.0,0.0,0.0,0.0,0.0,0.0,0.0,2002,radio,0.5
2,1,lr5e-05_bs32_modL1_fusion32_fusionL1_drop0p1_trmiss50_trlocradio,32,5e-05,1,32,1,0.1,lr5e-05_bs32_modL1_fusion32_fusionL1_drop0p1_trmiss50_trlocradio,1,0.6933565735816956,0.6802268028259277,0.5966386554621849,0.683493095950285,0.4666666666666667,0.0,0.0,0.0,0.0,0.0,0.0,0.0,0.0,0.0,2002,radio,0.5
2,1,lr5e-05_bs32_modL1_fusion32_fusionL1_drop0p1_trmiss50_trlocradio,32,5e-05,1,32,1,0.1,lr5e-05_bs32_modL1_fusion32_fusionL1_drop0p1_trmiss50_trlocradio,2,0.6482223570346832,0.6747384369373322,0.6281512605042017,0.6981695857801632,0.5777777777777777,0.0,0.0,0.0,0.0,0.0,0.0,0.0,0.0,0.0,2002,radio,0.5
2,1,lr5e-05_bs32_modL1_fusion32_fusionL1_drop0p1_trmiss50_trlocradio,32,5e-05,1,32,1,0.1,lr5e-05_bs32_modL1_fusion32_fusionL1_drop0p1_trmiss50_trlocradio,3,0.6426966587702433,0.6705080568790436,0.6323529411764706,0.7128407178258604,0.6,0.0,0.0,0.0,0.0,0.0,0.0,0.0,0.0,0.0,2002,radio,0.5
2,1,lr5e-05_bs32_modL1_fusion32_fusionL1_drop0p1_trmiss50_trlocradio,32,5e-05,1,32,1,0.1,lr5e-05_bs32_modL1_fusion32_fusionL1_drop0p1_trmiss50_trlocradio,4,0.6282520691553751,0.6667903065681458,0.6407563025210085,0.71901522919964,0.6,0.0,0.0,0.0,0.0,0.0,0.0,0.0,0.0,0.0,2002,radio,0.5
2,1,lr5e-05_bs32_modL1_fusion32_fusionL1_drop0p1_trmiss50_trlocradio,32,5e-05,1,32,1,0.1,lr5e-05_bs32_modL1_fusion32_fusionL1_drop0p1_trmiss50_trlocradio,5,0.6152853270371755,0.6636483371257782,0.634453781512605,0.7178540441797593,0.6,0.0,0.0,0.0,0.0,0.0,0.0,0.0,0.0,0.0,2002,radio,0.5
2,1,lr5e-05_bs32_modL1_fusion32_fusionL1_drop0p1_trmiss50_trlocradio,32,5e-05,1,32,1,0.1,lr5e-05_bs32_modL1_fusion32_fusionL1_drop0p1_trmiss50_trlocradio,6,0.5989192525545756,0.6652247905731201,0.6176470588235294,0.7105994225007551,0.6,0.0,0.0,0.0,0.0,0.0,0.0,0.0,0.0,0.0,2002,radio,0.5
2,1,lr5e-05_bs32_modL1_fusion32_fusionL1_drop0p1_trmiss50_trlocradio,32,5e-05,1,32,1,0.1,lr5e-05_bs32_modL1_fusion32_fusionL1_drop0p1_trmiss50_trlocradio,7,0.5990029573440552,0.6649507880210876,0.6197478991596639,0.7111751376084899,0.6222222222222222,0.0,0.0,0.0,0.0,0.0,0.0,0.0,0.0,0.0,2002,radio,0.5
2,1,lr5e-05_bs32_modL1_fusion32_fusionL1_drop0p1_trmiss50_trlocradio,32,5e-05,1,32,1,0.1,lr5e-05_bs32_modL1_fusion32_fusionL1_drop0p1_trmiss50_trlocradio,8,0.5832883715629578,0.6678864061832428,0.6092436974789915,0.7045891875619911,0.6,0.0,0.0,0.0,0.0,0.0,0.0,0.0,0.0,0.0,2002,radio,0.5
2,1,lr5e-05_bs32_modL1_fusion32_fusionL1_drop0p1_trmiss50_trlocradio,32,5e-05,1,32,1,0.1,lr5e-05_bs32_modL1_fusion32_fusionL1_drop0p1_trmiss50_trlocradio,9,0.5608246922492981,0.6668201088905334,0.6239495798319328,0.7108919385545759,0.6,0.0,0.0,0.0,0.0,0.0,0.0,0.0,0.0,0.0,2002,radio,0.5
2,1,lr5e-05_bs32_modL1_fusion32_fusionL1_drop0p1_trmiss50_trlocradio,32,5e-05,1,32,1,0.1,lr5e-05_bs32_modL1_fusion32_fusionL1_drop0p1_trmiss50_trlocradio,10,0.5615159869194031,0.6665786802768707,0.634453781512605,0.7092701147654982,0.5777777777777777,0.0,0.0,0.0,0.0,0.0,0.0,0.0,0.0,0.0,2002,radio,0.5
2,1,lr5e-05_bs32_modL1_fusion32_fusionL1_drop0p1_trmiss50_trlocradio,32,5e-05,1,32,1,0.1,lr5e-05_bs32_modL1_fusion32_fusionL1_drop0p1_trmiss50_trlocradio,11,0.5574135084946951,0.6702367067337036,0.6260504201680672,0.705386542206857,0.5777777777777777,0.0,0.0,0.0,0.0,0.0,0.0,0.0,0.0,0.0,2002,radio,0.5
2,1,lr5e-05_bs32_modL1_fusion32_fusionL1_drop0p1_trmiss50_trlocradio,32,5e-05,1,32,1,0.1,lr5e-05_bs32_modL1_fusion32_fusionL1_drop0p1_trmiss50_trlocradio,12,0.5500497917334238,0.6717863976955414,0.6197478991596639,0.6993397694307608,0.5333333333333333,0.0,0.0,0.0,0.0,0.0,0.0,0.0,0.0,0.0,2002,radio,0.5
2,1,lr5e-05_bs32_modL1_fusion32_fusionL1_drop0p1_trmiss50_trlocradio,32,5e-05,1,32,1,0.1,lr5e-05_bs32_modL1_fusion32_fusionL1_drop0p1_trmiss50_trlocradio,13,0.5298898120721182,0.6716660261154175,0.6239495798319328,0.7071990609781972,0.5333333333333333,0.0,0.0,0.0,0.0,0.0,0.0,0.0,0.0,0.0,2002,radio,0.5
2,1,lr5e-05_bs32_modL1_fusion32_fusionL1_drop0p1_trmiss50_trlocradio,32,5e-05,1,32,1,0.1,lr5e-05_bs32_modL1_fusion32_fusionL1_drop0p1_trmiss50_trlocradio,14,0.5327777564525604,0.6726301312446594,0.6197478991596639,0.7042413469602226,0.5333333333333333,0.0,0.0,0.0,0.0,0.0,0.0,0.0,0.0,0.0,2002,radio,0.5
2,1,lr5e-05_bs32_modL1_fusion32_fusionL1_drop0p1_trmiss50_trlocradio,32,5e-05,1,32,1,0.1,lr5e-05_bs32_modL1_fusion32_fusionL1_drop0p1_trmiss50_trlocradio,15,0.5320927898089091,0.6718621253967285,0.6281512605042017,0.7079661510637272,0.5555555555555556,0.0,0.0,0.0,0.0,0.0,0.0,0.0,0.0,0.0,2002,radio,0.5
2,1,lr5e-05_bs32_modL1_fusion32_fusionL1_drop0p1_trmiss50_trlocradio,32,5e-05,1,32,1,0.1,lr5e-05_bs32_modL1_fusion32_fusionL1_drop0p1_trmiss50_trlocradio,16,0.537308802207311,0.6718754172325134,0.6260504201680672,0.7071380980683354,0.5555555555555556,0.0,0.0,0.0,0.0,0.0,0.0,0.0,0.0,0.0,2002,radio,0.5
2,1,lr5e-05_bs32_modL1_fusion32_fusionL1_drop0p1_trmiss50_trlocradio,32,5e-05,1,32,1,0.1,lr5e-05_bs32_modL1_fusion32_fusionL1_drop0p1_trmiss50_trlocradio,17,0.526147464911143,0.6721870303153992,0.6176470588235294,0.7036887408130578,0.5333333333333333,0.0,0.0,0.0,0.0,0.0,0.0,0.0,0.0,0.0,2002,radio,0.5
2,1,lr5e-05_bs32_modL1_fusion32_fusionL1_drop0p1_trmiss50_trlocradio,32,5e-05,1,32,1,0.1,lr5e-05_bs32_modL1_fusion32_fusionL1_drop0p1_trmiss50_trlocradio,18,0.545089324315389,0.6730744242668152,0.6176470588235294,0.7035817478849242,0.5333333333333333,0.0,0.0,0.0,0.0,0.0,0.0,0.0,0.0,0.0,2002,radio,0.5
2,1,lr5e-05_bs32_modL1_fusion32_fusionL1_drop0p1_trmiss50_trlocradio,32,5e-05,1,32,1,0.1,lr5e-05_bs32_modL1_fusion32_fusionL1_drop0p1_trmiss50_trlocradio,19,0.5150893578926722,0.6739262640476227,0.6134453781512605,0.7009976068882234,0.5333333333333333,0.0,0.0,0.0,0.0,0.0,0.0,0.0,0.0,0.0,2002,radio,0.5
2,1,lr5e-05_bs32_modL1_fusion32_fusionL1_drop0p1_trmiss50_trlocradio,32,5e-05,1,32,1,0.1,lr5e-05_bs32_modL1_fusion32_fusionL1_drop0p1_trmiss50_trlocradio,20,0.5191211501757304,0.6744376420974731,0.615546218487395,0.7023197606320688,0.5333333333333333,0.0,0.0,0.0,0.0,0.0,0.0,0.0,0.0,0.0,2002,radio,0.5
2,1,lr5e-05_bs32_modL1_fusion32_fusionL1_drop0p1_trmiss50_trlocradio,32,5e-05,1,32,1,0.1,lr5e-05_bs32_modL1_fusion32_fusionL1_drop0p1_trmiss50_trlocradio,21,0.5126692454020182,0.674690842628479,0.6113445378151261,0.7002334943237555,0.5333333333333333,0.0,0.0,0.0,0.0,0.0,0.0,0.0,0.0,0.0,2002,radio,0.5
2,1,lr5e-05_bs32_modL1_fusion32_fusionL1_drop0p1_trmiss50_trlocradio,32,5e-05,1,32,1,0.1,lr5e-05_bs32_modL1_fusion32_fusionL1_drop0p1_trmiss50_trlocradio,22,0.5126189738512039,0.6744423806667328,0.6197478991596639,0.7041458104237767,0.5333333333333333,0.0,0.0,0.0,0.0,0.0,0.0,0.0,0.0,0.0,2002,radio,0.5
2,1,lr5e-05_bs32_modL1_fusion32_fusionL1_drop0p1_trmiss50_trlocradio,32,5e-05,1,32,1,0.1,lr5e-05_bs32_modL1_fusion32_fusionL1_drop0p1_trmiss50_trlocradio,23,0.5223060796658198,0.6743521690368652,0.6092436974789917,0.6985034786740141,0.5333333333333333,0.0,0.0,0.0,0.0,0.0,0.0,0.0,0.0,0.0,2002,radio,0.5
2,1,lr5e-05_bs32_modL1_fusion32_fusionL1_drop0p1_trmiss50_trlocradio,32,5e-05,1,32,1,0.1,lr5e-05_bs32_modL1_fusion32_fusionL1_drop0p1_trmiss50_trlocradio,24,0.5048157870769501,0.6751025319099426,0.6134453781512605,0.7005701372559529,0.5333333333333333,0.0,0.0,0.0,0.0,0.0,0.0,0.0,0.0,0.0,2002,radio,0.5
2,1,lr5e-05_bs32_modL1_fusion32_fusionL1_drop0p1_trmiss50_trlocradio,32,5e-05,1,32,1,0.1,lr5e-05_bs32_modL1_fusion32_fusionL1_drop0p1_trmiss50_trlocradio,25,0.5138720621665319,0.6756954491138458,0.6092436974789917,0.6996993860521875,0.5333333333333333,0.0,0.0,0.0,0.0,0.0,0.0,0.0,0.0,0.0,2002,radio,0.5
2,1,lr5e-05_bs32_modL1_fusion64_fusionL1_drop0p2_trmiss50_trlocradio,32,5e-05,1,64,1,0.2,lr5e-05_bs32_modL1_fusion64_fusionL1_drop0p2_trmiss50_trlocradio,1,0.7224500974019369,0.7112392783164978,0.3067226890756302,0.528466287394588,0.3111111111111111,0.0,0.0,0.0,0.0,0.0,0.0,0.0,0.0,0.0,2002,radio,0.5
2,1,lr5e-05_bs32_modL1_fusion64_fusionL1_drop0p2_trmiss50_trlocradio,32,5e-05,1,64,1,0.2,lr5e-05_bs32_modL1_fusion64_fusionL1_drop0p2_trmiss50_trlocradio,2,0.6899340252081553,0.7229067087173462,0.22268907563025211,0.48608893183994395,0.3333333333333333,0.0,0.0,0.0,0.0,0.0,0.0,0.0,0.0,0.0,2002,radio,0.5
2,1,lr5e-05_bs32_modL1_fusion64_fusionL1_drop0p2_trmiss50_trlocradio,32,5e-05,1,64,1,0.2,lr5e-05_bs32_modL1_fusion64_fusionL1_drop0p2_trmiss50_trlocradio,3,0.6469126840432485,0.7332492470741272,0.22268907563025211,0.4807956978516723,0.3333333333333333,0.0,0.0,0.0,0.0,0.0,0.0,0.0,0.0,0.0,2002,radio,0.5
2,1,lr5e-05_bs32_modL1_fusion64_fusionL1_drop0p2_trmiss50_trlocradio,32,5e-05,1,64,1,0.2,lr5e-05_bs32_modL1_fusion64_fusionL1_drop0p2_trmiss50_trlocradio,4,0.6317242781321207,0.7394518852233887,0.226890756302521,0.4804523522469239,0.35555555555555557,0.0,0.0,0.0,0.0,0.0,0.0,0.0,0.0,0.0,2002,radio,0.5
2,1,lr5e-05_bs32_modL1_fusion64_fusionL1_drop0p2_trmiss50_trlocradio,32,5e-05,1,64,1,0.2,lr5e-05_bs32_modL1_fusion64_fusionL1_drop0p2_trmiss50_trlocradio,5,0.6358697315057119,0.7441018223762512,0.23319327731092437,0.48009979901662103,0.35555555555555557,0.0,0.0,0.0,0.0,0.0,0.0,0.0,0.0,0.0,2002,radio,0.5
2,1,lr5e-05_bs32_modL1_fusion64_fusionL1_drop0p2_trmiss50_trlocradio,32,5e-05,1,64,1,0.2,lr5e-05_bs32_modL1_fusion64_fusionL1_drop0p2_trmiss50_trlocradio,6,0.6157582600911459,0.7439746856689453,0.23319327731092437,0.47900156176598585,0.37777777777777777,0.0,0.0,0.0,0.0,0.0,0.0,0.0,0.0,0.0,2002,radio,0.5
2,1,lr5e-05_bs32_modL1_fusion64_fusionL1_drop0p2_trmiss50_trlocradio,32,5e-05,1,64,1,0.2,lr5e-05_bs32_modL1_fusion64_fusionL1_drop0p2_trmiss50_trlocradio,7,0.6158572932084402,0.7464333176612854,0.23949579831932774,0.4811405907305345,0.3333333333333333,0.0,0.0,0.0,0.0,0.0,0.0,0.0,0.0,0.0,2002,radio,0.5
2,1,lr5e-05_bs32_modL1_fusion64_fusionL1_drop0p2_trmiss50_trlocradio,32,5e-05,1,64,1,0.2,lr5e-05_bs32_modL1_fusion64_fusionL1_drop0p2_trmiss50_trlocradio,8,0.5918647448221842,0.7494337260723114,0.23949579831932774,0.4826251479055881,0.35555555555555557,0.0,0.0,0.0,0.0,0.0,0.0,0.0,0.0,0.0,2002,radio,0.5
2,1,lr5e-05_bs32_modL1_fusion64_fusionL1_drop0p2_trmiss50_trlocradio,32,5e-05,1,64,1,0.2,lr5e-05_bs32_modL1_fusion64_fusionL1_drop0p2_trmiss50_trlocradio,9,0.5816063483556112,0.7466488778591156,0.24579831932773108,0.48692975309854486,0.4,0.0,0.0,0.0,0.0,0.0,0.0,0.0,0.0,0.0,2002,radio,0.5
2,1,lr5e-05_bs32_modL1_fusion64_fusionL1_drop0p2_trmiss50_trlocradio,32,5e-05,1,64,1,0.2,lr5e-05_bs32_modL1_fusion64_fusionL1_drop0p2_trmiss50_trlocradio,10,0.5881704787413279,0.7483783066272736,0.2478991596638655,0.48636433130924567,0.37777777777777777,0.0,0.0,0.0,0.0,0.0,0.0,0.0,0.0,0.0,2002,radio,0.5
2,1,lr5e-05_bs32_modL1_fusion64_fusionL1_drop0p2_trmiss50_trlocradio,32,5e-05,1,64,1,0.2,lr5e-05_bs32_modL1_fusion64_fusionL1_drop0p2_trmiss50_trlocradio,11,0.5748598476250967,0.7512252032756805,0.2542016806722689,0.48983553401957886,0.37777777777777777,0.0,0.0,0.0,0.0,0.0,0.0,0.0,0.0,0.0,2002,radio,0.5
2,1,lr5e-05_bs32_modL1_fusion64_fusionL1_drop0p2_trmiss50_trlocradio,32,5e-05,1,64,1,0.2,lr5e-05_bs32_modL1_fusion64_fusionL1_drop0p2_trmiss50_trlocradio,12,0.5918633043766022,0.7478249967098236,0.26050420168067223,0.49478098079732374,0.37777777777777777,0.0,0.0,0.0,0.0,0.0,0.0,0.0,0.0,0.0,2002,radio,0.5
2,1,lr5e-05_bs32_modL1_fusion64_fusionL1_drop0p2_trmiss50_trlocradio,32,5e-05,1,64,1,0.2,lr5e-05_bs32_modL1_fusion64_fusionL1_drop0p2_trmiss50_trlocradio,13,0.5689513583978018,0.7455632388591766,0.2542016806722689,0.4928573066453888,0.37777777777777777,0.0,0.0,0.0,0.0,0.0,0.0,0.0,0.0,0.0,2002,radio,0.5
2,1,lr5e-05_bs32_modL1_fusion64_fusionL1_drop0p2_trmiss50_trlocradio,32,5e-05,1,64,1,0.2,lr5e-05_bs32_modL1_fusion64_fusionL1_drop0p2_trmiss50_trlocradio,14,0.5667053163051605,0.7427889704704285,0.25840336134453784,0.4971515243324636,0.35555555555555557,0.0,0.0,0.0,0.0,0.0,0.0,0.0,0.0,0.0,2002,radio,0.5
2,1,lr5e-05_bs32_modL1_fusion64_fusionL1_drop0p2_trmiss50_trlocradio,32,5e-05,1,64,1,0.2,lr5e-05_bs32_modL1_fusion64_fusionL1_drop0p2_trmiss50_trlocradio,15,0.5536303718884786,0.7446260154247284,0.26260504201680673,0.4983831280850758,0.4,0.0,0.0,0.0,0.0,0.0,0.0,0.0,0.0,0.0,2002,radio,0.5
2,1,lr5e-05_bs32_modL1_fusion64_fusionL1_drop0p2_trmiss50_trlocradio,32,5e-05,1,64,1,0.2,lr5e-05_bs32_modL1_fusion64_fusionL1_drop0p2_trmiss50_trlocradio,16,0.5574332773685455,0.7463957071304321,0.26260504201680673,0.4979195233227958,0.4222222222222222,0.0,0.0,0.0,0.0,0.0,0.0,0.0,0.0,0.0,2002,radio,0.5
2,1,lr5e-05_bs32_modL1_fusion64_fusionL1_drop0p2_trmiss50_trlocradio,32,5e-05,1,64,1,0.2,lr5e-05_bs32_modL1_fusion64_fusionL1_drop0p2_trmiss50_trlocradio,17,0.5492611229419708,0.7454052567481995,0.2668067226890756,0.5005301228112129,0.37777777777777777,0.0,0.0,0.0,0.0,0.0,0.0,0.0,0.0,0.0,2002,radio,0.5
2,1,lr5e-05_bs32_modL1_fusion64_fusionL1_drop0p2_trmiss50_trlocradio,32,5e-05,1,64,1,0.2,lr5e-05_bs32_modL1_fusion64_fusionL1_drop0p2_trmiss50_trlocradio,18,0.564034640789032,0.7420644462108612,0.26260504201680673,0.5011781502449546,0.37777777777777777,0.0,0.0,0.0,0.0,0.0,0.0,0.0,0.0,0.0,2002,radio,0.5
2,1,lr5e-05_bs32_modL1_fusion64_fusionL1_drop0p2_trmiss50_trlocradio,32,5e-05,1,64,1,0.2,lr5e-05_bs32_modL1_fusion64_fusionL1_drop0p2_trmiss50_trlocradio,19,0.5705711344877878,0.7385755479335785,0.2710084033613445,0.5055752295869393,0.35555555555555557,0.0,0.0,0.0,0.0,0.0,0.0,0.0,0.0,0.0,2002,radio,0.5
2,1,lr5e-05_bs32_modL1_fusion64_fusionL1_drop0p2_trmiss50_trlocradio,32,5e-05,1,64,1,0.2,lr5e-05_bs32_modL1_fusion64_fusionL1_drop0p2_trmiss50_trlocradio,20,0.5389308432737986,0.7408773303031921,0.2689075630252101,0.503118326622109,0.37777777777777777,0.0,0.0,0.0,0.0,0.0,0.0,0.0,0.0,0.0,2002,radio,0.5
2,1,lr5e-05_bs32_modL1_fusion64_fusionL1_drop0p2_trmiss50_trlocradio,32,5e-05,1,64,1,0.2,lr5e-05_bs32_modL1_fusion64_fusionL1_drop0p2_trmiss50_trlocradio,21,0.5673604110876719,0.7412983477115631,0.273109243697479,0.5046056488237168,0.37777777777777777,0.0,0.0,0.0,0.0,0.0,0.0,0.0,0.0,0.0,2002,radio,0.5
2,1,lr5e-05_bs32_modL1_fusion64_fusionL1_drop0p2_trmiss50_trlocradio,32,5e-05,1,64,1,0.2,lr5e-05_bs32_modL1_fusion64_fusionL1_drop0p2_trmiss50_trlocradio,22,0.5409109393755595,0.7392282783985138,0.2773109243697479,0.5099549987359783,0.37777777777777777,0.0,0.0,0.0,0.0,0.0,0.0,0.0,0.0,0.0,2002,radio,0.5
2,1,lr5e-05_bs32_modL1_fusion64_fusionL1_drop0p2_trmiss50_trlocradio,32,5e-05,1,64,1,0.2,lr5e-05_bs32_modL1_fusion64_fusionL1_drop0p2_trmiss50_trlocradio,23,0.5427563687165579,0.7416417002677917,0.27521008403361347,0.5052380077416795,0.37777777777777777,0.0,0.0,0.0,0.0,0.0,0.0,0.0,0.0,0.0,2002,radio,0.5
2,1,lr5e-05_bs32_modL1_fusion64_fusionL1_drop0p2_trmiss50_trlocradio,32,5e-05,1,64,1,0.2,lr5e-05_bs32_modL1_fusion64_fusionL1_drop0p2_trmiss50_trlocradio,24,0.5214703977108002,0.7398785650730133,0.26890756302521013,0.5029489354410951,0.37777777777777777,0.0,0.0,0.0,0.0,0.0,0.0,0.0,0.0,0.0,2002,radio,0.5
2,1,lr5e-05_bs32_modL1_fusion64_fusionL1_drop0p2_trmiss50_trlocradio,32,5e-05,1,64,1,0.2,lr5e-05_bs32_modL1_fusion64_fusionL1_drop0p2_trmiss50_trlocradio,25,0.5495939006408056,0.7370460331439972,0.27941176470588236,0.511468338425601,0.4,0.0,0.0,0.0,0.0,0.0,0.0,0.0,0.0,0.0,2002,radio,0.5
2,1,lr5e-05_bs32_modL1_fusion64_fusionL1_drop0p2_trmiss50_trlocradio,32,5e-05,1,64,1,0.2,lr5e-05_bs32_modL1_fusion64_fusionL1_drop0p2_trmiss50_trlocradio,26,0.538925846417745,0.7400224804878235,0.2773109243697479,0.5078794704570339,0.4,0.0,0.0,0.0,0.0,0.0,0.0,0.0,0.0,0.0,2002,radio,0.5
2,1,lr5e-05_bs32_modL1_fusion64_fusionL1_drop0p2_trmiss50_trlocradio,32,5e-05,1,64,1,0.2,lr5e-05_bs32_modL1_fusion64_fusionL1_drop0p2_trmiss50_trlocradio,27,0.5395804941654205,0.7370356619358063,0.2815126050420168,0.5089853452283221,0.4,0.0,0.0,0.0,0.0,0.0,0.0,0.0,0.0,0.0,2002,radio,0.5
2,1,lr5e-05_bs32_modL1_fusion64_fusionL1_drop0p2_trmiss50_trlocradio,32,5e-05,1,64,1,0.2,lr5e-05_bs32_modL1_fusion64_fusionL1_drop0p2_trmiss50_trlocradio,28,0.533167153596878,0.7373090982437134,0.2857142857142857,0.5157292214685495,0.37777777777777777,0.0,0.0,0.0,0.0,0.0,0.0,0.0,0.0,0.0,2002,radio,0.5
2,1,lr5e-05_bs32_modL1_fusion64_fusionL1_drop0p2_trmiss50_trlocradio,32,5e-05,1,64,1,0.2,lr5e-05_bs32_modL1_fusion64_fusionL1_drop0p2_trmiss50_trlocradio,29,0.5350533823172251,0.7368047535419464,0.28361344537815125,0.5177895527881046,0.37777777777777777,0.0,0.0,0.0,0.0,0.0,0.0,0.0,0.0,0.0,2002,radio,0.5
2,1,lr5e-05_bs32_modL1_fusion64_fusionL1_drop0p2_trmiss50_trlocradio,32,5e-05,1,64,1,0.2,lr5e-05_bs32_modL1_fusion64_fusionL1_drop0p2_trmiss50_trlocradio,30,0.5477084219455719,0.7365309298038483,0.2815126050420168,0.5171350392815681,0.37777777777777777,0.0,0.0,0.0,0.0,0.0,0.0,0.0,0.0,0.0,2002,radio,0.5
2,1,lr5e-05_bs32_modL1_fusion64_fusionL1_drop0p2_trmiss50_trlocradio,32,5e-05,1,64,1,0.2,lr5e-05_bs32_modL1_fusion64_fusionL1_drop0p2_trmiss50_trlocradio,31,0.5335380832354227,0.7383321225643158,0.2815126050420168,0.5141793742569376,0.37777777777777777,0.0,0.0,0.0,0.0,0.0,0.0,0.0,0.0,0.0,2002,radio,0.5
2,1,lr5e-05_bs32_modL1_fusion64_fusionL1_drop0p2_trmiss50_trlocradio,32,5e-05,1,64,1,0.2,lr5e-05_bs32_modL1_fusion64_fusionL1_drop0p2_trmiss50_trlocradio,32,0.5407051940759023,0.7403895556926727,0.2773109243697479,0.507690505982355,0.37777777777777777,0.0,0.0,0.0,0.0,0.0,0.0,0.0,0.0,0.0,2002,radio,0.5
2,1,lr5e-05_bs32_modL1_fusion64_fusionL1_drop0p2_trmiss50_trlocradio,32,5e-05,1,64,1,0.2,lr5e-05_bs32_modL1_fusion64_fusionL1_drop0p2_trmiss50_trlocradio,33,0.5223546624183655,0.7389077842235565,0.2815126050420168,0.5143366471974617,0.37777777777777777,0.0,0.0,0.0,0.0,0.0,0.0,0.0,0.0,0.0,2002,radio,0.5
2,1,lr5e-05_bs32_modL1_fusion64_fusionL1_drop0p2_trmiss50_trlocradio,32,5e-05,1,64,1,0.2,lr5e-05_bs32_modL1_fusion64_fusionL1_drop0p2_trmiss50_trlocradio,34,0.5296093871196111,0.7385129034519196,0.28781512605042014,0.5164291508655957,0.37777777777777777,0.0,0.0,0.0,0.0,0.0,0.0,0.0,0.0,0.0,2002,radio,0.5
2,1,lr5e-05_bs32_modL1_fusion64_fusionL1_drop0p2_trmiss50_trlocradio,32,5e-05,1,64,1,0.2,lr5e-05_bs32_modL1_fusion64_fusionL1_drop0p2_trmiss50_trlocradio,35,0.5255869428316752,0.7384656369686127,0.2815126050420168,0.514437538214792,0.37777777777777777,0.0,0.0,0.0,0.0,0.0,0.0,0.0,0.0,0.0,2002,radio,0.5
2,1,lr5e-05_bs32_modL1_fusion64_fusionL1_drop0p2_trmiss50_trlocradio,32,5e-05,1,64,1,0.2,lr5e-05_bs32_modL1_fusion64_fusionL1_drop0p2_trmiss50_trlocradio,36,0.5296064913272858,0.73677197098732,0.2857142857142857,0.5183050731194785,0.37777777777777777,0.0,0.0,0.0,0.0,0.0,0.0,0.0,0.0,0.0,2002,radio,0.5
2,1,lr5e-05_bs32_modL1_fusion64_fusionL1_drop0p2_trmiss50_trlocradio,32,5e-05,1,64,1,0.2,lr5e-05_bs32_modL1_fusion64_fusionL1_drop0p2_trmiss50_trlocradio,37,0.5423629383246104,0.736562043428421,0.2815126050420168,0.5139458294219996,0.37777777777777777,0.0,0.0,0.0,0.0,0.0,0.0,0.0,0.0,0.0,2002,radio,0.5
2,1,lr5e-05_bs32_modL1_fusion64_fusionL1_drop0p2_trmiss50_trlocradio,32,5e-05,1,64,1,0.2,lr5e-05_bs32_modL1_fusion64_fusionL1_drop0p2_trmiss50_trlocradio,38,0.5278338740269343,0.7396906018257141,0.27941176470588236,0.5085566565114561,0.37777777777777777,0.0,0.0,0.0,0.0,0.0,0.0,0.0,0.0,0.0,2002,radio,0.5
2,1,lr5e-05_bs32_modL1_fusion64_fusionL1_drop0p2_trmiss50_trlocradio,32,5e-05,1,64,1,0.2,lr5e-05_bs32_modL1_fusion64_fusionL1_drop0p2_trmiss50_trlocradio,39,0.5290741523106893,0.7370865345001221,0.2815126050420168,0.5126647320545931,0.37777777777777777,0.0,0.0,0.0,0.0,0.0,0.0,0.0,0.0,0.0,2002,radio,0.5
2,1,lr5e-05_bs32_modL1_fusion64_fusionL1_drop0p2_trmiss50_trlocradio,32,5e-05,1,64,1,0.2,lr5e-05_bs32_modL1_fusion64_fusionL1_drop0p2_trmiss50_trlocradio,40,0.5178229163090388,0.7377256453037262,0.28361344537815125,0.5153712086708441,0.37777777777777777,0.0,0.0,0.0,0.0,0.0,0.0,0.0,0.0,0.0,2002,radio,0.5
2,1,lr5e-05_bs32_modL1_fusion64_fusionL1_drop0p2_trmiss50_trlocradio,32,5e-05,1,64,1,0.2,lr5e-05_bs32_modL1_fusion64_fusionL1_drop0p2_trmiss50_trlocradio,41,0.516861766576767,0.737703949213028,0.28361344537815125,0.515423909154579,0.37777777777777777,0.0,0.0,0.0,0.0,0.0,0.0,0.0,0.0,0.0,2002,radio,0.5
2,1,lr5e-05_bs32_modL1_fusion64_fusionL1_drop0p2_trmiss50_trlocradio,32,5e-05,1,64,1,0.2,lr5e-05_bs32_modL1_fusion64_fusionL1_drop0p2_trmiss50_trlocradio,42,0.5263642966747284,0.7363902926445007,0.28361344537815125,0.5207489516690625,0.37777777777777777,0.0,0.0,0.0,0.0,0.0,0.0,0.0,0.0,0.0,2002,radio,0.5
2,1,lr5e-05_bs32_modL1_fusion64_fusionL1_drop0p2_trmiss50_trlocradio,32,5e-05,1,64,1,0.2,lr5e-05_bs32_modL1_fusion64_fusionL1_drop0p2_trmiss50_trlocradio,43,0.5423116385936737,0.7354317605495453,0.28361344537815125,0.5206520846394224,0.37777777777777777,0.0,0.0,0.0,0.0,0.0,0.0,0.0,0.0,0.0,2002,radio,0.5
2,1,lr5e-05_bs32_modL1_fusion64_fusionL1_drop0p2_trmiss50_trlocradio,32,5e-05,1,64,1,0.2,lr5e-05_bs32_modL1_fusion64_fusionL1_drop0p2_trmiss50_trlocradio,44,0.5241241157054901,0.7384461760520935,0.2815126050420168,0.514238125029974,0.4,0.0,0.0,0.0,0.0,0.0,0.0,0.0,0.0,0.0,2002,radio,0.5
2,1,lr5e-05_bs32_modL1_fusion64_fusionL1_drop0p2_trmiss50_trlocradio,32,5e-05,1,64,1,0.2,lr5e-05_bs32_modL1_fusion64_fusionL1_drop0p2_trmiss50_trlocradio,45,0.5221030513445536,0.7349053621292114,0.2815126050420168,0.5199843438935852,0.37777777777777777,0.0,0.0,0.0,0.0,0.0,0.0,0.0,0.0,0.0,2002,radio,0.5
2,1,lr5e-05_bs32_modL1_fusion64_fusionL1_drop0p2_trmiss50_trlocradio,32,5e-05,1,64,1,0.2,lr5e-05_bs32_modL1_fusion64_fusionL1_drop0p2_trmiss50_trlocradio,46,0.532880832751592,0.7345725297927856,0.2815126050420168,0.519598111466964,0.37777777777777777,0.0,0.0,0.0,0.0,0.0,0.0,0.0,0.0,0.0,2002,radio,0.5
2,1,lr5e-05_bs32_modL1_fusion64_fusionL1_drop0p2_trmiss50_trlocradio,32,5e-05,1,64,1,0.2,lr5e-05_bs32_modL1_fusion64_fusionL1_drop0p2_trmiss50_trlocradio,47,0.5272967716058096,0.7344340085983276,0.2815126050420168,0.5169309576489151,0.37777777777777777,0.0,0.0,0.0,0.0,0.0,0.0,0.0,0.0,0.0,2002,radio,0.5
2,1,lr5e-05_bs32_modL1_fusion64_fusionL1_drop0p2_trmiss50_trlocradio,32,5e-05,1,64,1,0.2,lr5e-05_bs32_modL1_fusion64_fusionL1_drop0p2_trmiss50_trlocradio,48,0.5444351434707642,0.7364653050899506,0.27941176470588236,0.5162787501255895,0.37777777777777777,0.0,0.0,0.0,0.0,0.0,0.0,0.0,0.0,0.0,2002,radio,0.5
2,1,lr5e-05_bs32_modL1_fusion64_fusionL1_drop0p2_trmiss50_trlocradio,32,5e-05,1,64,1,0.2,lr5e-05_bs32_modL1_fusion64_fusionL1_drop0p2_trmiss50_trlocradio,49,0.5283831357955933,0.732680082321167,0.28361344537815125,0.5205656739943662,0.37777777777777777,0.0,0.0,0.0,0.0,0.0,0.0,0.0,0.0,0.0,2002,radio,0.5
2,1,lr5e-05_bs32_modL1_fusion64_fusionL1_drop0p2_trmiss50_trlocradio,32,5e-05,1,64,1,0.2,lr5e-05_bs32_modL1_fusion64_fusionL1_drop0p2_trmiss50_trlocradio,50,0.5256093243757883,0.734294980764389,0.2836134453781513,0.5176500138807543,0.37777777777777777,0.0,0.0,0.0,0.0,0.0,0.0,0.0,0.0,0.0,2002,radio,0.5
2,1,lr5e-05_bs32_modL1_fusion64_fusionL1_drop0p2_trmiss50_trlocradio,32,5e-05,1,64,1,0.2,lr5e-05_bs32_modL1_fusion64_fusionL1_drop0p2_trmiss50_trlocradio,51,0.5432287057240804,0.736858993768692,0.2710084033613446,0.5099287646732463,0.4,0.0,0.0,0.0,0.0,0.0,0.0,0.0,0.0,0.0,2002,radio,0.5
2,1,lr5e-05_bs32_modL1_fusion64_fusionL1_drop0p2_trmiss50_trlocradio,32,5e-05,1,64,1,0.2,lr5e-05_bs32_modL1_fusion64_fusionL1_drop0p2_trmiss50_trlocradio,52,0.5117239654064178,0.7378536760807037,0.28361344537815125,0.5133395199739166,0.37777777777777777,0.0,0.0,0.0,0.0,0.0,0.0,0.0,0.0,0.0,2002,radio,0.5
2,1,lr5e-05_bs32_modL1_fusion64_fusionL1_drop0p2_trmiss50_trlocradio,32,5e-05,1,64,1,0.2,lr5e-05_bs32_modL1_fusion64_fusionL1_drop0p2_trmiss50_trlocradio,53,0.5330234269301096,0.7377050518989563,0.28361344537815125,0.5148037110895461,0.37777777777777777,0.0,0.0,0.0,0.0,0.0,0.0,0.0,0.0,0.0,2002,radio,0.5
2,1,lr5e-05_bs32_modL1_fusion64_fusionL1_drop0p2_trmiss50_trlocradio,32,5e-05,1,64,1,0.2,lr5e-05_bs32_modL1_fusion64_fusionL1_drop0p2_trmiss50_trlocradio,54,0.5431848963101705,0.7397468686103821,0.27521008403361347,0.510383663718371,0.37777777777777777,0.0,0.0,0.0,0.0,0.0,0.0,0.0,0.0,0.0,2002,radio,0.5
2,1,lr5e-05_bs32_modL1_fusion64_fusionL1_drop0p1_trmiss50_trlocradio,32,5e-05,1,64,1,0.1,lr5e-05_bs32_modL1_fusion64_fusionL1_drop0p1_trmiss50_trlocradio,1,0.8428076406319936,0.7135754823684692,0.4222689075630252,0.6112797506154347,0.37777777777777777,0.0,0.0,0.0,0.0,0.0,0.0,0.0,0.0,0.0,2002,radio,0.5
2,1,lr5e-05_bs32_modL1_fusion64_fusionL1_drop0p1_trmiss50_trlocradio,32,5e-05,1,64,1,0.1,lr5e-05_bs32_modL1_fusion64_fusionL1_drop0p1_trmiss50_trlocradio,2,0.7763754824797312,0.7183033525943756,0.4180672268907563,0.6219525544199739,0.37777777777777777,0.0,0.0,0.0,0.0,0.0,0.0,0.0,0.0,0.0,2002,radio,0.5
2,1,lr5e-05_bs32_modL1_fusion64_fusionL1_drop0p1_trmiss50_trlocradio,32,5e-05,1,64,1,0.1,lr5e-05_bs32_modL1_fusion64_fusionL1_drop0p1_trmiss50_trlocradio,3,0.7532210846741995,0.7221741378307343,0.4642857142857143,0.6448923309722752,0.37777777777777777,0.0,0.0,0.0,0.0,0.0,0.0,0.0,0.0,0.0,2002,radio,0.5
2,1,lr5e-05_bs32_modL1_fusion64_fusionL1_drop0p1_trmiss50_trlocradio,32,5e-05,1,64,1,0.1,lr5e-05_bs32_modL1_fusion64_fusionL1_drop0p1_trmiss50_trlocradio,4,0.7276346683502197,0.726771354675293,0.476890756302521,0.6166141530617444,0.37777777777777777,0.0,0.0,0.0,0.0,0.0,0.0,0.0,0.0,0.0,2002,radio,0.5
2,1,lr5e-05_bs32_modL1_fusion64_fusionL1_drop0p1_trmiss50_trlocradio,32,5e-05,1,64,1,0.1,lr5e-05_bs32_modL1_fusion64_fusionL1_drop0p1_trmiss50_trlocradio,5,0.7230066259702047,0.7275896072387695,0.49159663865546216,0.6213940579240157,0.4,0.0,0.0,0.0,0.0,0.0,0.0,0.0,0.0,0.0,2002,radio,0.5
2,1,lr5e-05_bs32_modL1_fusion64_fusionL1_drop0p1_trmiss50_trlocradio,32,5e-05,1,64,1,0.1,lr5e-05_bs32_modL1_fusion64_fusionL1_drop0p1_trmiss50_trlocradio,6,0.6864169836044312,0.7303234040737152,0.5063025210084033,0.6250342345933932,0.4,0.0,0.0,0.0,0.0,0.0,0.0,0.0,0.0,0.0,2002,radio,0.5
2,1,lr5e-05_bs32_modL1_fusion64_fusionL1_drop0p1_trmiss50_trlocradio,32,5e-05,1,64,1,0.1,lr5e-05_bs32_modL1_fusion64_fusionL1_drop0p1_trmiss50_trlocradio,7,0.6856251458326975,0.7351327240467072,0.5021008403361344,0.6212528220141639,0.37777777777777777,0.0,0.0,0.0,0.0,0.0,0.0,0.0,0.0,0.0,2002,radio,0.5
2,1,lr5e-05_bs32_modL1_fusion64_fusionL1_drop0p1_trmiss50_trlocradio,32,5e-05,1,64,1,0.1,lr5e-05_bs32_modL1_fusion64_fusionL1_drop0p1_trmiss50_trlocradio,8,0.6785233517487844,0.7338461577892303,0.4936974789915966,0.6123717191777724,0.37777777777777777,0.0,0.0,0.0,0.0,0.0,0.0,0.0,0.0,0.0,2002,radio,0.5
2,1,lr5e-05_bs32_modL1_fusion64_fusionL1_drop0p1_trmiss50_trlocradio,32,5e-05,1,64,1,0.1,lr5e-05_bs32_modL1_fusion64_fusionL1_drop0p1_trmiss50_trlocradio,9,0.6548715929190317,0.7334014475345612,0.5,0.611706788869985,0.35555555555555557,0.0,0.0,0.0,0.0,0.0,0.0,0.0,0.0,0.0,2002,radio,0.5
2,1,lr5e-05_bs32_modL1_fusion64_fusionL1_drop0p1_trmiss50_trlocradio,32,5e-05,1,64,1,0.1,lr5e-05_bs32_modL1_fusion64_fusionL1_drop0p1_trmiss50_trlocradio,10,0.6498295863469442,0.7327145934104919,0.49789915966386555,0.6271737109064559,0.35555555555555557,0.0,0.0,0.0,0.0,0.0,0.0,0.0,0.0,0.0,2002,radio,0.5
2,1,lr5e-05_bs32_modL1_fusion64_fusionL1_drop0p1_trmiss50_trlocradio,32,5e-05,1,64,1,0.1,lr5e-05_bs32_modL1_fusion64_fusionL1_drop0p1_trmiss50_trlocradio,11,0.6569907665252686,0.7301492393016815,0.5,0.6252525674363992,0.3333333333333333,0.0,0.0,0.0,0.0,0.0,0.0,0.0,0.0,0.0,2002,radio,0.5
2,1,lr5e-05_bs32_modL1_fusion64_fusionL1_drop0p1_trmiss50_trlocradio,32,5e-05,1,64,1,0.1,lr5e-05_bs32_modL1_fusion64_fusionL1_drop0p1_trmiss50_trlocradio,12,0.6581697762012482,0.7286853790283203,0.4915966386554622,0.6192212863468883,0.3333333333333333,0.0,0.0,0.0,0.0,0.0,0.0,0.0,0.0,0.0,2002,radio,0.5
2,1,lr5e-05_bs32_modL1_fusion64_fusionL1_drop0p1_trmiss50_trlocradio,32,5e-05,1,64,1,0.1,lr5e-05_bs32_modL1_fusion64_fusionL1_drop0p1_trmiss50_trlocradio,13,0.638036181529363,0.7271254360675812,0.48109243697478987,0.6115376579023057,0.3333333333333333,0.0,0.0,0.0,0.0,0.0,0.0,0.0,0.0,0.0,2002,radio,0.5
2,1,lr5e-05_bs32_modL1_fusion64_fusionL1_drop0p1_trmiss50_trlocradio,32,5e-05,1,64,1,0.1,lr5e-05_bs32_modL1_fusion64_fusionL1_drop0p1_trmiss50_trlocradio,14,0.6395283142725626,0.728383332490921,0.47478991596638664,0.6083707901883998,0.35555555555555557,0.0,0.0,0.0,0.0,0.0,0.0,0.0,0.0,0.0,2002,radio,0.5
2,1,lr5e-05_bs32_modL1_fusion64_fusionL1_drop0p1_trmiss50_trlocradio,32,5e-05,1,64,1,0.1,lr5e-05_bs32_modL1_fusion64_fusionL1_drop0p1_trmiss50_trlocradio,15,0.6443533500035604,0.7311290502548218,0.4789915966386554,0.6090584506577578,0.3333333333333333,0.0,0.0,0.0,0.0,0.0,0.0,0.0,0.0,0.0,2002,radio,0.5
2,1,lr5e-05_bs32_modL1_fusion64_fusionL1_drop0p1_trmiss50_trlocradio,32,5e-05,1,64,1,0.1,lr5e-05_bs32_modL1_fusion64_fusionL1_drop0p1_trmiss50_trlocradio,16,0.6169176995754242,0.7257831990718842,0.4810924369747899,0.6137137827773297,0.3333333333333333,0.0,0.0,0.0,0.0,0.0,0.0,0.0,0.0,0.0,2002,radio,0.5
2,1,lr5e-05_bs32_modL1_fusion64_fusionL1_drop0p1_trmiss50_trlocradio,32,5e-05,1,64,1,0.1,lr5e-05_bs32_modL1_fusion64_fusionL1_drop0p1_trmiss50_trlocradio,17,0.6242825090885162,0.7233705520629883,0.4915966386554622,0.6186710351064139,0.3333333333333333,0.0,0.0,0.0,0.0,0.0,0.0,0.0,0.0,0.0,2002,radio,0.5
2,1,lr5e-05_bs32_modL1_fusion64_fusionL1_drop0p1_trmiss50_trlocradio,32,5e-05,1,64,1,0.1,lr5e-05_bs32_modL1_fusion64_fusionL1_drop0p1_trmiss50_trlocradio,18,0.6258728802204132,0.7245106399059296,0.49369747899159666,0.6192102751926923,0.3333333333333333,0.0,0.0,0.0,0.0,0.0,0.0,0.0,0.0,0.0,2002,radio,0.5
2,1,lr5e-05_bs32_modL1_fusion64_fusionL1_drop0p1_trmiss50_trlocradio,32,5e-05,1,64,1,0.1,lr5e-05_bs32_modL1_fusion64_fusionL1_drop0p1_trmiss50_trlocradio,19,0.6121937036514282,0.7218108177185059,0.49159663865546216,0.618390473276939,0.35555555555555557,0.0,0.0,0.0,0.0,0.0,0.0,0.0,0.0,0.0,2002,radio,0.5
2,1,lr5e-05_bs32_modL1_fusion64_fusionL1_drop0p1_trmiss50_trlocradio,32,5e-05,1,64,1,0.1,lr5e-05_bs32_modL1_fusion64_fusionL1_drop0p1_trmiss50_trlocradio,20,0.6412332554658254,0.7232910990715027,0.4957983193277311,0.6197437141772183,0.35555555555555557,0.0,0.0,0.0,0.0,0.0,0.0,0.0,0.0,0.0,2002,radio,0.5
2,1,lr5e-05_bs32_modL1_fusion64_fusionL1_drop0p1_trmiss50_trlocradio,32,5e-05,1,64,1,0.1,lr5e-05_bs32_modL1_fusion64_fusionL1_drop0p1_trmiss50_trlocradio,21,0.614026298125585,0.7203616201877594,0.5063025210084033,0.6225224645447386,0.35555555555555557,0.0,0.0,0.0,0.0,0.0,0.0,0.0,0.0,0.0,2002,radio,0.5
2,1,lr5e-05_bs32_modL1_fusion64_fusionL1_drop0p1_trmiss50_trlocradio,32,5e-05,1,64,1,0.1,lr5e-05_bs32_modL1_fusion64_fusionL1_drop0p1_trmiss50_trlocradio,22,0.6029084225495657,0.7220076024532318,0.5,0.6191026436249175,0.35555555555555557,0.0,0.0,0.0,0.0,0.0,0.0,0.0,0.0,0.0,2002,radio,0.5
2,1,lr5e-05_bs32_modL1_fusion64_fusionL1_drop0p1_trmiss50_trlocradio,32,5e-05,1,64,1,0.1,lr5e-05_bs32_modL1_fusion64_fusionL1_drop0p1_trmiss50_trlocradio,23,0.6043290396531423,0.7225567102432251,0.5084033613445378,0.6239376746653057,0.35555555555555557,0.0,0.0,0.0,0.0,0.0,0.0,0.0,0.0,0.0,2002,radio,0.5
2,1,lr5e-05_bs32_modL1_fusion64_fusionL1_drop0p1_trmiss50_trlocradio,32,5e-05,1,64,1,0.1,lr5e-05_bs32_modL1_fusion64_fusionL1_drop0p1_trmiss50_trlocradio,24,0.5982922315597534,0.7211169302463531,0.5105042016806723,0.6253414638520953,0.35555555555555557,0.0,0.0,0.0,0.0,0.0,0.0,0.0,0.0,0.0,2002,radio,0.5
2,1,lr5e-05_bs32_modL1_fusion64_fusionL1_drop0p1_trmiss50_trlocradio,32,5e-05,1,64,1,0.1,lr5e-05_bs32_modL1_fusion64_fusionL1_drop0p1_trmiss50_trlocradio,25,0.6183033486207327,0.7205578088760376,0.5147058823529412,0.6298405362083105,0.3333333333333333,0.0,0.0,0.0,0.0,0.0,0.0,0.0,0.0,0.0,2002,radio,0.5
2,1,lr5e-05_bs32_modL1_fusion64_fusionL1_drop0p1_trmiss50_trlocradio,32,5e-05,1,64,1,0.1,lr5e-05_bs32_modL1_fusion64_fusionL1_drop0p1_trmiss50_trlocradio,26,0.6089292764663696,0.7162804305553436,0.5210084033613446,0.6298146838197164,0.35555555555555557,0.0,0.0,0.0,0.0,0.0,0.0,0.0,0.0,0.0,2002,radio,0.5
2,1,lr5e-05_bs32_modL1_fusion64_fusionL1_drop0p1_trmiss50_trlocradio,32,5e-05,1,64,1,0.1,lr5e-05_bs32_modL1_fusion64_fusionL1_drop0p1_trmiss50_trlocradio,27,0.6255016624927521,0.7188551425933838,0.523109243697479,0.6314712671623497,0.35555555555555557,0.0,0.0,0.0,0.0,0.0,0.0,0.0,0.0,0.0,2002,radio,0.5
2,1,lr5e-05_bs32_modL1_fusion64_fusionL1_drop0p1_trmiss50_trlocradio,32,5e-05,1,64,1,0.1,lr5e-05_bs32_modL1_fusion64_fusionL1_drop0p1_trmiss50_trlocradio,28,0.5947199662526449,0.718011200428009,0.5210084033613445,0.6333214873607427,0.35555555555555557,0.0,0.0,0.0,0.0,0.0,0.0,0.0,0.0,0.0,2002,radio,0.5
2,1,lr5e-05_bs32_modL1_fusion64_fusionL1_drop0p1_trmiss50_trlocradio,32,5e-05,1,64,1,0.1,lr5e-05_bs32_modL1_fusion64_fusionL1_drop0p1_trmiss50_trlocradio,29,0.6006623903910319,0.716195285320282,0.523109243697479,0.6318345943113912,0.35555555555555557,0.0,0.0,0.0,0.0,0.0,0.0,0.0,0.0,0.0,2002,radio,0.5
2,1,lr5e-05_bs32_modL1_fusion64_fusionL1_drop0p1_trmiss50_trlocradio,32,5e-05,1,64,1,0.1,lr5e-05_bs32_modL1_fusion64_fusionL1_drop0p1_trmiss50_trlocradio,30,0.6087311108907064,0.7181613147258759,0.523109243697479,0.6320194508627074,0.35555555555555557,0.0,0.0,0.0,0.0,0.0,0.0,0.0,0.0,0.0,2002,radio,0.5
2,1,lr5e-05_bs32_modL1_fusion64_fusionL1_drop0p1_trmiss50_trlocradio,32,5e-05,1,64,1,0.1,lr5e-05_bs32_modL1_fusion64_fusionL1_drop0p1_trmiss50_trlocradio,31,0.619766523440679,0.7161619365215302,0.523109243697479,0.6316253910722339,0.35555555555555557,0.0,0.0,0.0,0.0,0.0,0.0,0.0,0.0,0.0,2002,radio,0.5
2,1,lr5e-05_bs32_modL1_fusion64_fusionL1_drop0p1_trmiss50_trlocradio,32,5e-05,1,64,1,0.1,lr5e-05_bs32_modL1_fusion64_fusionL1_drop0p1_trmiss50_trlocradio,32,0.6072763701279958,0.71491539478302,0.523109243697479,0.6324457760444047,0.35555555555555557,0.0,0.0,0.0,0.0,0.0,0.0,0.0,0.0,0.0,2002,radio,0.5
2,1,lr5e-05_bs32_modL1_fusion64_fusionL1_drop0p1_trmiss50_trlocradio,32,5e-05,1,64,1,0.1,lr5e-05_bs32_modL1_fusion64_fusionL1_drop0p1_trmiss50_trlocradio,33,0.5783434013525645,0.714099258184433,0.5252100840336135,0.6343137561759317,0.35555555555555557,0.0,0.0,0.0,0.0,0.0,0.0,0.0,0.0,0.0,2002,radio,0.5
2,1,lr5e-05_bs32_modL1_fusion64_fusionL1_drop0p1_trmiss50_trlocradio,32,5e-05,1,64,1,0.1,lr5e-05_bs32_modL1_fusion64_fusionL1_drop0p1_trmiss50_trlocradio,34,0.6134966214497884,0.7167742550373077,0.5210084033613446,0.6324038982793126,0.35555555555555557,0.0,0.0,0.0,0.0,0.0,0.0,0.0,0.0,0.0,2002,radio,0.5
2,1,lr5e-05_bs32_modL1_fusion64_fusionL1_drop0p1_trmiss50_trlocradio,32,5e-05,1,64,1,0.1,lr5e-05_bs32_modL1_fusion64_fusionL1_drop0p1_trmiss50_trlocradio,35,0.6048865218957266,0.7160134613513947,0.5210084033613446,0.633966567779442,0.35555555555555557,0.0,0.0,0.0,0.0,0.0,0.0,0.0,0.0,0.0,2002,radio,0.5
2,1,lr5e-05_bs32_modL1_fusion64_fusionL1_drop0p1_trmiss50_trlocradio,32,5e-05,1,64,1,0.1,lr5e-05_bs32_modL1_fusion64_fusionL1_drop0p1_trmiss50_trlocradio,36,0.6125273207823435,0.717469722032547,0.5168067226890756,0.6276492910972896,0.35555555555555557,0.0,0.0,0.0,0.0,0.0,0.0,0.0,0.0,0.0,2002,radio,0.5
2,1,lr5e-05_bs32_modL1_fusion64_fusionL1_drop0p1_trmiss50_trlocradio,32,5e-05,1,64,1,0.1,lr5e-05_bs32_modL1_fusion64_fusionL1_drop0p1_trmiss50_trlocradio,37,0.6057152251402537,0.7171405553817749,0.5147058823529411,0.6251557770619637,0.35555555555555557,0.0,0.0,0.0,0.0,0.0,0.0,0.0,0.0,0.0,2002,radio,0.5
2,1,lr5e-05_bs32_modL1_fusion64_fusionL1_drop0p1_trmiss50_trlocradio,32,5e-05,1,64,1,0.1,lr5e-05_bs32_modL1_fusion64_fusionL1_drop0p1_trmiss50_trlocradio,38,0.6046895186106364,0.7156195342540741,0.523109243697479,0.6291702433610423,0.35555555555555557,0.0,0.0,0.0,0.0,0.0,0.0,0.0,0.0,0.0,2002,radio,0.5
2,1,lr5e-05_bs32_modL1_fusion64_fusionL1_drop0p1_trmiss50_trlocradio,32,5e-05,1,64,1,0.1,lr5e-05_bs32_modL1_fusion64_fusionL1_drop0p1_trmiss50_trlocradio,39,0.5966127266486486,0.7151507139205933,0.5210084033613446,0.6284021942058964,0.35555555555555557,0.0,0.0,0.0,0.0,0.0,0.0,0.0,0.0,0.0,2002,radio,0.5
2,1,lr5e-05_bs32_modL1_fusion64_fusionL1_drop0p1_trmiss50_trlocradio,32,5e-05,1,64,1,0.1,lr5e-05_bs32_modL1_fusion64_fusionL1_drop0p1_trmiss50_trlocradio,40,0.5903856555620829,0.7138102352619171,0.5189075630252101,0.6278622044605093,0.35555555555555557,0.0,0.0,0.0,0.0,0.0,0.0,0.0,0.0,0.0,2002,radio,0.5
2,1,lr5e-05_bs32_modL1_fusion64_fusionL1_drop0p1_trmiss50_trlocradio,32,5e-05,1,64,1,0.1,lr5e-05_bs32_modL1_fusion64_fusionL1_drop0p1_trmiss50_trlocradio,41,0.6026452233393987,0.7132059633731842,0.5168067226890757,0.629613798515059,0.35555555555555557,0.0,0.0,0.0,0.0,0.0,0.0,0.0,0.0,0.0,2002,radio,0.5
2,1,lr5e-05_bs32_modL1_fusion64_fusionL1_drop0p1_trmiss50_trlocradio,32,5e-05,1,64,1,0.1,lr5e-05_bs32_modL1_fusion64_fusionL1_drop0p1_trmiss50_trlocradio,42,0.5997651020685831,0.7145329713821411,0.5252100840336135,0.6348356237689442,0.35555555555555557,0.0,0.0,0.0,0.0,0.0,0.0,0.0,0.0,0.0,2002,radio,0.5
2,1,lr5e-05_bs32_modL1_fusion64_fusionL1_drop0p1_trmiss50_trlocradio,32,5e-05,1,64,1,0.1,lr5e-05_bs32_modL1_fusion64_fusionL1_drop0p1_trmiss50_trlocradio,43,0.5965609749158224,0.7142996490001678,0.5147058823529411,0.6297382556015866,0.35555555555555557,0.0,0.0,0.0,0.0,0.0,0.0,0.0,0.0,0.0,2002,radio,0.5
2,1,lr5e-05_bs32_modL1_fusion64_fusionL1_drop0p1_trmiss50_trlocradio,32,5e-05,1,64,1,0.1,lr5e-05_bs32_modL1_fusion64_fusionL1_drop0p1_trmiss50_trlocradio,44,0.5842917362848917,0.7150664925575256,0.523109243697479,0.6313987156709738,0.35555555555555557,0.0,0.0,0.0,0.0,0.0,0.0,0.0,0.0,0.0,2002,radio,0.5
2,1,lr5e-05_bs32_modL1_fusion64_fusionL1_drop0p1_trmiss50_trlocradio,32,5e-05,1,64,1,0.1,lr5e-05_bs32_modL1_fusion64_fusionL1_drop0p1_trmiss50_trlocradio,45,0.6095618307590485,0.7163146734237671,0.5126050420168067,0.6251124690768454,0.35555555555555557,0.0,0.0,0.0,0.0,0.0,0.0,0.0,0.0,0.0,2002,radio,0.5
2,1,lr5e-05_bs32_modL1_fusion64_fusionL1_drop0p1_trmiss50_trlocradio,32,5e-05,1,64,1,0.1,lr5e-05_bs32_modL1_fusion64_fusionL1_drop0p1_trmiss50_trlocradio,46,0.591294546922048,0.7145135998725891,0.5273109243697479,0.6331319760249238,0.35555555555555557,0.0,0.0,0.0,0.0,0.0,0.0,0.0,0.0,0.0,2002,radio,0.5
2,1,lr5e-05_bs32_modL1_fusion64_fusionL1_drop0p1_trmiss50_trlocradio,32,5e-05,1,64,1,0.1,lr5e-05_bs32_modL1_fusion64_fusionL1_drop0p1_trmiss50_trlocradio,47,0.6197661956151327,0.7153093218803406,0.5294117647058824,0.6348250440468989,0.35555555555555557,0.0,0.0,0.0,0.0,0.0,0.0,0.0,0.0,0.0,2002,radio,0.5
2,1,lr5e-05_bs32_modL1_fusion64_fusionL1_drop0p1_trmiss50_trlocradio,32,5e-05,1,64,1,0.1,lr5e-05_bs32_modL1_fusion64_fusionL1_drop0p1_trmiss50_trlocradio,48,0.6074925462404887,0.7165301442146301,0.5252100840336135,0.6326896866048018,0.35555555555555557,0.0,0.0,0.0,0.0,0.0,0.0,0.0,0.0,0.0,2002,radio,0.5
2,1,lr5e-05_bs32_modL1_fusion64_fusionL1_drop0p1_trmiss50_trlocradio,32,5e-05,1,64,1,0.1,lr5e-05_bs32_modL1_fusion64_fusionL1_drop0p1_trmiss50_trlocradio,49,0.5961581170558929,0.7146406471729279,0.523109243697479,0.6323612768167245,0.35555555555555557,0.0,0.0,0.0,0.0,0.0,0.0,0.0,0.0,0.0,2002,radio,0.5
2,1,lr5e-05_bs32_modL1_fusion64_fusionL1_drop0p1_trmiss50_trlocradio,32,5e-05,1,64,1,0.1,lr5e-05_bs32_modL1_fusion64_fusionL1_drop0p1_trmiss50_trlocradio,50,0.6015600562095642,0.7153595685958862,0.5294117647058824,0.6346829598112588,0.35555555555555557,0.0,0.0,0.0,0.0,0.0,0.0,0.0,0.0,0.0,2002,radio,0.5
2,1,lr5e-05_bs32_modL1_fusion64_fusionL1_drop0p1_trmiss50_trlocradio,32,5e-05,1,64,1,0.1,lr5e-05_bs32_modL1_fusion64_fusionL1_drop0p1_trmiss50_trlocradio,51,0.5969025592009226,0.7169536650180817,0.5210084033613446,0.6307148757014195,0.35555555555555557,0.0,0.0,0.0,0.0,0.0,0.0,0.0,0.0,0.0,2002,radio,0.5
2,1,lr5e-05_bs32_modL1_fusion64_fusionL1_drop0p1_trmiss50_trlocradio,32,5e-05,1,64,1,0.1,lr5e-05_bs32_modL1_fusion64_fusionL1_drop0p1_trmiss50_trlocradio,52,0.6011855602264404,0.7167452573776245,0.5210084033613446,0.6315806765672204,0.35555555555555557,0.0,0.0,0.0,0.0,0.0,0.0,0.0,0.0,0.0,2002,radio,0.5
2,1,lr5e-05_bs32_modL1_fusion64_fusionL1_drop0p1_trmiss50_trlocradio,32,5e-05,1,64,1,0.1,lr5e-05_bs32_modL1_fusion64_fusionL1_drop0p1_trmiss50_trlocradio,53,0.6029255092144012,0.7132262885570526,0.523109243697479,0.6313186438544488,0.35555555555555557,0.0,0.0,0.0,0.0,0.0,0.0,0.0,0.0,0.0,2002,radio,0.5
2,1,lr5e-05_bs32_modL1_fusion64_fusionL1_drop0p1_trmiss50_trlocradio,32,5e-05,1,64,1,0.1,lr5e-05_bs32_modL1_fusion64_fusionL1_drop0p1_trmiss50_trlocradio,54,0.5970584650834402,0.7161248028278351,0.5210084033613446,0.6288476952628105,0.35555555555555557,0.0,0.0,0.0,0.0,0.0,0.0,0.0,0.0,0.0,2002,radio,0.5
2,1,lr5e-05_bs32_modL1_fusion64_fusionL1_drop0p1_trmiss50_trlocradio,32,5e-05,1,64,1,0.1,lr5e-05_bs32_modL1_fusion64_fusionL1_drop0p1_trmiss50_trlocradio,55,0.5960194865862528,0.7150485813617706,0.51890756302521,0.6289459303610456,0.35555555555555557,0.0,0.0,0.0,0.0,0.0,0.0,0.0,0.0,0.0,2002,radio,0.5
2,1,lr5e-05_bs32_modL1_fusion64_fusionL1_drop0p1_trmiss50_trlocradio,32,5e-05,1,64,1,0.1,lr5e-05_bs32_modL1_fusion64_fusionL1_drop0p1_trmiss50_trlocradio,56,0.598780224720637,0.7158314883708954,0.5168067226890757,0.6295248339180652,0.35555555555555557,0.0,0.0,0.0,0.0,0.0,0.0,0.0,0.0,0.0,2002,radio,0.5
2,1,lr5e-05_bs32_modL1_fusion64_fusionL1_drop0p1_trmiss50_trlocradio,32,5e-05,1,64,1,0.1,lr5e-05_bs32_modL1_fusion64_fusionL1_drop0p1_trmiss50_trlocradio,57,0.5962481300036112,0.7165460288524628,0.5210084033613446,0.6312139555994541,0.35555555555555557,0.0,0.0,0.0,0.0,0.0,0.0,0.0,0.0,0.0,2002,radio,0.5
2,1,lr5e-05_bs32_modL1_fusion64_fusionL1_drop0p1_trmiss50_trlocradio,32,5e-05,1,64,1,0.1,lr5e-05_bs32_modL1_fusion64_fusionL1_drop0p1_trmiss50_trlocradio,58,0.6084498167037964,0.717791736125946,0.5210084033613446,0.6322715455130313,0.35555555555555557,0.0,0.0,0.0,0.0,0.0,0.0,0.0,0.0,0.0,2002,radio,0.5
2,1,lr5e-05_bs32_modL1_fusion64_fusionL1_drop0p1_trmiss50_trlocradio,32,5e-05,1,64,1,0.1,lr5e-05_bs32_modL1_fusion64_fusionL1_drop0p1_trmiss50_trlocradio,59,0.6105378369490305,0.7183438539505005,0.5315126050420168,0.6392018080237555,0.35555555555555557,0.0,0.0,0.0,0.0,0.0,0.0,0.0,0.0,0.0,2002,radio,0.5
2,1,lr5e-05_bs32_modL1_fusion64_fusionL1_drop0p1_trmiss50_trlocradio,32,5e-05,1,64,1,0.1,lr5e-05_bs32_modL1_fusion64_fusionL1_drop0p1_trmiss50_trlocradio,60,0.6011079847812653,0.7183797061443329,0.5189075630252101,0.6281638552932561,0.35555555555555557,0.0,0.0,0.0,0.0,0.0,0.0,0.0,0.0,0.0,2002,radio,0.5
2,1,lr5e-05_bs32_modL1_fusion64_fusionL1_drop0p1_trmiss50_trlocradio,32,5e-05,1,64,1,0.1,lr5e-05_bs32_modL1_fusion64_fusionL1_drop0p1_trmiss50_trlocradio,61,0.5884872476259867,0.7137013375759125,0.5210084033613446,0.6298115226113027,0.35555555555555557,0.0,0.0,0.0,0.0,0.0,0.0,0.0,0.0,0.0,2002,radio,0.5
2,1,lr5e-05_bs32_modL1_fusion64_fusionL1_drop0p1_trmiss50_trlocradio,32,5e-05,1,64,1,0.1,lr5e-05_bs32_modL1_fusion64_fusionL1_drop0p1_trmiss50_trlocradio,62,0.5917201042175293,0.7151918411254883,0.5336134453781513,0.6385130325135514,0.35555555555555557,0.0,0.0,0.0,0.0,0.0,0.0,0.0,0.0,0.0,2002,radio,0.5
2,1,lr5e-05_bs32_modL1_fusion64_fusionL1_drop0p1_trmiss50_trlocradio,32,5e-05,1,64,1,0.1,lr5e-05_bs32_modL1_fusion64_fusionL1_drop0p1_trmiss50_trlocradio,63,0.5967476467291514,0.7162958979606628,0.5252100840336135,0.6325416487413763,0.35555555555555557,0.0,0.0,0.0,0.0,0.0,0.0,0.0,0.0,0.0,2002,radio,0.5
2,1,lr5e-05_bs32_modL1_fusion64_fusionL1_drop0p1_trmiss50_trlocradio,32,5e-05,1,64,1,0.1,lr5e-05_bs32_modL1_fusion64_fusionL1_drop0p1_trmiss50_trlocradio,64,0.5944977005322775,0.7147204577922821,0.5273109243697479,0.6361400656257911,0.35555555555555557,0.0,0.0,0.0,0.0,0.0,0.0,0.0,0.0,0.0,2002,radio,0.5
2,1,lr5e-05_bs32_modL1_fusion64_fusionL1_drop0p1_trmiss50_trlocradio,32,5e-05,1,64,1,0.1,lr5e-05_bs32_modL1_fusion64_fusionL1_drop0p1_trmiss50_trlocradio,65,0.6005685925483704,0.7142121493816376,0.5273109243697479,0.636207695569871,0.35555555555555557,0.0,0.0,0.0,0.0,0.0,0.0,0.0,0.0,0.0,2002,radio,0.5
2,1,lr5e-05_bs32_modL1_fusion64_fusionL1_drop0p1_trmiss50_trlocradio,32,5e-05,1,64,1,0.1,lr5e-05_bs32_modL1_fusion64_fusionL1_drop0p1_trmiss50_trlocradio,66,0.5854926307996114,0.7143606841564178,0.5315126050420169,0.637091007250362,0.35555555555555557,0.0,0.0,0.0,0.0,0.0,0.0,0.0,0.0,0.0,2002,radio,0.5
2,1,lr5e-05_bs32_modL1_fusion64_fusionL1_drop0p1_trmiss50_trlocradio,32,5e-05,1,64,1,0.1,lr5e-05_bs32_modL1_fusion64_fusionL1_drop0p1_trmiss50_trlocradio,67,0.6055948138237,0.7166740000247955,0.523109243697479,0.6316916447081424,0.35555555555555557,0.0,0.0,0.0,0.0,0.0,0.0,0.0,0.0,0.0,2002,radio,0.5
2,1,lr5e-05_bs32_modL1_fusion64_fusionL1_drop0p1_trmiss50_trlocradio,32,5e-05,1,64,1,0.1,lr5e-05_bs32_modL1_fusion64_fusionL1_drop0p1_trmiss50_trlocradio,68,0.5940183401107788,0.7162793278694153,0.5252100840336135,0.6323301710810273,0.35555555555555557,0.0,0.0,0.0,0.0,0.0,0.0,0.0,0.0,0.0,2002,radio,0.5
2,1,lr5e-05_bs32_modL1_fusion64_fusionL1_drop0p1_trmiss50_trlocradio,32,5e-05,1,64,1,0.1,lr5e-05_bs32_modL1_fusion64_fusionL1_drop0p1_trmiss50_trlocradio,69,0.6160618662834167,0.718024730682373,0.523109243697479,0.6316458477238929,0.35555555555555557,0.0,0.0,0.0,0.0,0.0,0.0,0.0,0.0,0.0,2002,radio,0.5
2,1,lr5e-05_bs32_modL1_fusion64_fusionL1_drop0p1_trmiss50_trlocradio,32,5e-05,1,64,1,0.1,lr5e-05_bs32_modL1_fusion64_fusionL1_drop0p1_trmiss50_trlocradio,70,0.6035353640715281,0.7149077355861664,0.5294117647058824,0.6356071883577074,0.35555555555555557,0.0,0.0,0.0,0.0,0.0,0.0,0.0,0.0,0.0,2002,radio,0.5
2,1,lr5e-05_bs32_modL1_fusion64_fusionL1_drop0p1_trmiss50_trlocradio,32,5e-05,1,64,1,0.1,lr5e-05_bs32_modL1_fusion64_fusionL1_drop0p1_trmiss50_trlocradio,71,0.5911101798216502,0.7145082950592041,0.5294117647058824,0.6338242171046901,0.35555555555555557,0.0,0.0,0.0,0.0,0.0,0.0,0.0,0.0,0.0,2002,radio,0.5
2,1,lr5e-05_bs32_modL1_fusion64_fusionL1_drop0p1_trmiss50_trlocradio,32,5e-05,1,64,1,0.1,lr5e-05_bs32_modL1_fusion64_fusionL1_drop0p1_trmiss50_trlocradio,72,0.598219613234202,0.7162697613239288,0.5210084033613446,0.6302362505088458,0.35555555555555557,0.0,0.0,0.0,0.0,0.0,0.0,0.0,0.0,0.0,2002,radio,0.5
2,1,lr5e-05_bs32_modL1_fusion64_fusionL1_drop0p1_trmiss50_trlocradio,32,5e-05,1,64,1,0.1,lr5e-05_bs32_modL1_fusion64_fusionL1_drop0p1_trmiss50_trlocradio,73,0.6158680121103922,0.7174459993839264,0.5210084033613445,0.6298799962951115,0.35555555555555557,0.0,0.0,0.0,0.0,0.0,0.0,0.0,0.0,0.0,2002,radio,0.5
2,1,lr5e-05_bs32_modL1_fusion64_fusionL1_drop0p1_trmiss50_trlocradio,32,5e-05,1,64,1,0.1,lr5e-05_bs32_modL1_fusion64_fusionL1_drop0p1_trmiss50_trlocradio,74,0.5875191191832224,0.7153473198413849,0.5252100840336135,0.6338459948018199,0.35555555555555557,0.0,0.0,0.0,0.0,0.0,0.0,0.0,0.0,0.0,2002,radio,0.5
2,1,lr5e-05_bs32_modL1_fusion64_fusionL1_drop0p1_trmiss50_trlocradio,32,5e-05,1,64,1,0.1,lr5e-05_bs32_modL1_fusion64_fusionL1_drop0p1_trmiss50_trlocradio,75,0.6040108601252238,0.7178313434123993,0.5273109243697479,0.6349277624964907,0.35555555555555557,0.0,0.0,0.0,0.0,0.0,0.0,0.0,0.0,0.0,2002,radio,0.5
2,1,lr5e-05_bs32_modL1_fusion64_fusionL1_drop0p1_trmiss50_trlocradio,32,5e-05,1,64,1,0.1,lr5e-05_bs32_modL1_fusion64_fusionL1_drop0p1_trmiss50_trlocradio,76,0.609872063000997,0.7172880172729492,0.5252100840336135,0.63476493610896,0.35555555555555557,0.0,0.0,0.0,0.0,0.0,0.0,0.0,0.0,0.0,2002,radio,0.5
2,1,lr5e-05_bs32_modL1_fusion64_fusionL1_drop0p1_trmiss50_trlocradio,32,5e-05,1,64,1,0.1,lr5e-05_bs32_modL1_fusion64_fusionL1_drop0p1_trmiss50_trlocradio,77,0.6103348433971405,0.7153035998344421,0.5210084033613445,0.6311017358650653,0.35555555555555557,0.0,0.0,0.0,0.0,0.0,0.0,0.0,0.0,0.0,2002,radio,0.5
2,1,lr5e-05_bs32_modL1_fusion64_fusionL1_drop0p1_trmiss50_trlocradio,32,5e-05,1,64,1,0.1,lr5e-05_bs32_modL1_fusion64_fusionL1_drop0p1_trmiss50_trlocradio,78,0.6056000192960104,0.7173343300819397,0.51890756302521,0.6293762366681391,0.35555555555555557,0.0,0.0,0.0,0.0,0.0,0.0,0.0,0.0,0.0,2002,radio,0.5
2,1,lr5e-05_bs32_modL1_fusion64_fusionL1_drop0p1_trmiss50_trlocradio,32,5e-05,1,64,1,0.1,lr5e-05_bs32_modL1_fusion64_fusionL1_drop0p1_trmiss50_trlocradio,79,0.5990602771441141,0.71632981300354,0.5168067226890756,0.628018286576259,0.35555555555555557,0.0,0.0,0.0,0.0,0.0,0.0,0.0,0.0,0.0,2002,radio,0.5
2,1,lr5e-05_bs32_modL1_fusion64_fusionL1_drop0p1_trmiss50_trlocradio,32,5e-05,1,64,1,0.1,lr5e-05_bs32_modL1_fusion64_fusionL1_drop0p1_trmiss50_trlocradio,80,0.6062694191932678,0.717494785785675,0.5147058823529412,0.6282089515722826,0.35555555555555557,0.0,0.0,0.0,0.0,0.0,0.0,0.0,0.0,0.0,2002,radio,0.5
2,1,lr1e-04_bs32_modL1_fusion32_fusionL1_drop0p2_trmiss50_trlocradio,32,0.0001,1,32,1,0.2,lr1e-04_bs32_modL1_fusion32_fusionL1_drop0p2_trmiss50_trlocradio,1,0.6683605015277863,0.6953476667404175,0.5210084033613445,0.6467164326941188,0.6,0.0,0.0,0.0,0.0,0.0,0.0,0.0,0.0,0.0,2002,radio,0.5
2,1,lr1e-04_bs32_modL1_fusion32_fusionL1_drop0p2_trmiss50_trlocradio,32,0.0001,1,32,1,0.2,lr1e-04_bs32_modL1_fusion32_fusionL1_drop0p2_trmiss50_trlocradio,2,0.6373887856801351,0.6960298717021942,0.5210084033613445,0.6531821043082183,0.6222222222222222,0.0,0.0,0.0,0.0,0.0,0.0,0.0,0.0,0.0,2002,radio,0.5
2,1,lr1e-04_bs32_modL1_fusion32_fusionL1_drop0p2_trmiss50_trlocradio,32,0.0001,1,32,1,0.2,lr1e-04_bs32_modL1_fusion32_fusionL1_drop0p2_trmiss50_trlocradio,3,0.5914723773797353,0.7001038193702698,0.48949579831932777,0.6565490252352134,0.6,0.0,0.0,0.0,0.0,0.0,0.0,0.0,0.0,0.0,2002,radio,0.5
2,1,lr1e-04_bs32_modL1_fusion32_fusionL1_drop0p2_trmiss50_trlocradio,32,0.0001,1,32,1,0.2,lr1e-04_bs32_modL1_fusion32_fusionL1_drop0p2_trmiss50_trlocradio,4,0.583226333061854,0.7028284966945648,0.476890756302521,0.6547979161481956,0.5555555555555556,0.0,0.0,0.0,0.0,0.0,0.0,0.0,0.0,0.0,2002,radio,0.5
2,1,lr1e-04_bs32_modL1_fusion32_fusionL1_drop0p2_trmiss50_trlocradio,32,0.0001,1,32,1,0.2,lr1e-04_bs32_modL1_fusion32_fusionL1_drop0p2_trmiss50_trlocradio,5,0.5749198794364929,0.7056029140949249,0.4663865546218487,0.6514262144680326,0.5555555555555556,0.0,0.0,0.0,0.0,0.0,0.0,0.0,0.0,0.0,2002,radio,0.5
2,1,lr1e-04_bs32_modL1_fusion32_fusionL1_drop0p2_trmiss50_trlocradio,32,0.0001,1,32,1,0.2,lr1e-04_bs32_modL1_fusion32_fusionL1_drop0p2_trmiss50_trlocradio,6,0.5535371005535126,0.7103769779205322,0.4726890756302521,0.6564581970085797,0.5555555555555556,0.0,0.0,0.0,0.0,0.0,0.0,0.0,0.0,0.0,2002,radio,0.5
2,1,lr1e-04_bs32_modL1_fusion32_fusionL1_drop0p2_trmiss50_trlocradio,32,0.0001,1,32,1,0.2,lr1e-04_bs32_modL1_fusion32_fusionL1_drop0p2_trmiss50_trlocradio,7,0.5383812785148621,0.7150779068470001,0.46008403361344535,0.6385891913558079,0.5777777777777777,0.0,0.0,0.0,0.0,0.0,0.0,0.0,0.0,0.0,2002,radio,0.5
2,1,lr1e-04_bs32_modL1_fusion32_fusionL1_drop0p2_trmiss50_trlocradio,32,0.0001,1,32,1,0.2,lr1e-04_bs32_modL1_fusion32_fusionL1_drop0p2_trmiss50_trlocradio,8,0.545705646276474,0.715398371219635,0.46218487394957986,0.639203450442505,0.5777777777777777,0.0,0.0,0.0,0.0,0.0,0.0,0.0,0.0,0.0,2002,radio,0.5
2,1,lr1e-04_bs32_modL1_fusion32_fusionL1_drop0p2_trmiss50_trlocradio,32,0.0001,1,32,1,0.2,lr1e-04_bs32_modL1_fusion32_fusionL1_drop0p2_trmiss50_trlocradio,9,0.5213559865951538,0.7127029001712799,0.4852941176470588,0.6576250211537755,0.6,0.0,0.0,0.0,0.0,0.0,0.0,0.0,0.0,0.0,2002,radio,0.5
2,1,lr1e-04_bs32_modL1_fusion32_fusionL1_drop0p2_trmiss50_trlocradio,32,0.0001,1,32,1,0.2,lr1e-04_bs32_modL1_fusion32_fusionL1_drop0p2_trmiss50_trlocradio,10,0.5133369117975235,0.7104184627532959,0.4915966386554622,0.6602448527447325,0.6,0.0,0.0,0.0,0.0,0.0,0.0,0.0,0.0,0.0,2002,radio,0.5
2,1,lr1e-04_bs32_modL1_fusion32_fusionL1_drop0p2_trmiss50_trlocradio,32,0.0001,1,32,1,0.2,lr1e-04_bs32_modL1_fusion32_fusionL1_drop0p2_trmiss50_trlocradio,11,0.5158742616573969,0.7087835371494293,0.48949579831932777,0.6621016276688584,0.5777777777777777,0.0,0.0,0.0,0.0,0.0,0.0,0.0,0.0,0.0,2002,radio,0.5
2,1,lr1e-04_bs32_modL1_fusion32_fusionL1_drop0p2_trmiss50_trlocradio,32,0.0001,1,32,1,0.2,lr1e-04_bs32_modL1_fusion32_fusionL1_drop0p2_trmiss50_trlocradio,12,0.5073916763067245,0.7087262868881226,0.49369747899159666,0.6635355410942317,0.6,0.0,0.0,0.0,0.0,0.0,0.0,0.0,0.0,0.0,2002,radio,0.5
2,1,lr1e-04_bs32_modL1_fusion32_fusionL1_drop0p2_trmiss50_trlocradio,32,0.0001,1,32,1,0.2,lr1e-04_bs32_modL1_fusion32_fusionL1_drop0p2_trmiss50_trlocradio,13,0.496530423561732,0.7093341648578644,0.49369747899159666,0.6534090156032081,0.6,0.0,0.0,0.0,0.0,0.0,0.0,0.0,0.0,0.0,2002,radio,0.5
2,1,lr1e-04_bs32_modL1_fusion32_fusionL1_drop0p2_trmiss50_trlocradio,32,0.0001,1,32,1,0.2,lr1e-04_bs32_modL1_fusion32_fusionL1_drop0p2_trmiss50_trlocradio,14,0.48167333006858826,0.7105666697025299,0.4915966386554622,0.6512149812193241,0.6222222222222222,0.0,0.0,0.0,0.0,0.0,0.0,0.0,0.0,0.0,2002,radio,0.5
2,1,lr1e-04_bs32_modL1_fusion32_fusionL1_drop0p2_trmiss50_trlocradio,32,0.0001,1,32,1,0.2,lr1e-04_bs32_modL1_fusion32_fusionL1_drop0p2_trmiss50_trlocradio,15,0.4869437317053477,0.7086330652236938,0.49789915966386555,0.654337682892103,0.6222222222222222,0.0,0.0,0.0,0.0,0.0,0.0,0.0,0.0,0.0,2002,radio,0.5
2,1,lr1e-04_bs32_modL1_fusion32_fusionL1_drop0p2_trmiss50_trlocradio,32,0.0001,1,32,1,0.2,lr1e-04_bs32_modL1_fusion32_fusionL1_drop0p2_trmiss50_trlocradio,16,0.4931972920894623,0.7099117636680603,0.4873949579831933,0.6479900252072671,0.5777777777777777,0.0,0.0,0.0,0.0,0.0,0.0,0.0,0.0,0.0,2002,radio,0.5
2,1,lr1e-04_bs32_modL1_fusion32_fusionL1_drop0p2_trmiss50_trlocradio,32,0.0001,1,32,1,0.2,lr1e-04_bs32_modL1_fusion32_fusionL1_drop0p2_trmiss50_trlocradio,17,0.4854067613681157,0.710353672504425,0.49369747899159666,0.6526728295030745,0.6,0.0,0.0,0.0,0.0,0.0,0.0,0.0,0.0,0.0,2002,radio,0.5
2,1,lr1e-04_bs32_modL1_fusion32_fusionL1_drop0p2_trmiss50_trlocradio,32,0.0001,1,32,1,0.2,lr1e-04_bs32_modL1_fusion32_fusionL1_drop0p2_trmiss50_trlocradio,18,0.47692321240901947,0.7099451422691345,0.4915966386554622,0.6503603753456546,0.5777777777777777,0.0,0.0,0.0,0.0,0.0,0.0,0.0,0.0,0.0,2002,radio,0.5
2,1,lr1e-04_bs32_modL1_fusion32_fusionL1_drop0p2_trmiss50_trlocradio,32,0.0001,1,32,1,0.2,lr1e-04_bs32_modL1_fusion32_fusionL1_drop0p2_trmiss50_trlocradio,19,0.47407810389995575,0.7098393440246582,0.4831932773109244,0.6449977478624594,0.5777777777777777,0.0,0.0,0.0,0.0,0.0,0.0,0.0,0.0,0.0,2002,radio,0.5
2,1,lr1e-04_bs32_modL1_fusion32_fusionL1_drop0p2_trmiss50_trlocradio,32,0.0001,1,32,1,0.2,lr1e-04_bs32_modL1_fusion32_fusionL1_drop0p2_trmiss50_trlocradio,20,0.4742434620857239,0.7096017599105835,0.48319327731092443,0.6441317891307886,0.5777777777777777,0.0,0.0,0.0,0.0,0.0,0.0,0.0,0.0,0.0,2002,radio,0.5
2,1,lr1e-04_bs32_modL1_fusion32_fusionL1_drop0p2_trmiss50_trlocradio,32,0.0001,1,32,1,0.2,lr1e-04_bs32_modL1_fusion32_fusionL1_drop0p2_trmiss50_trlocradio,21,0.4673773795366287,0.7110862731933594,0.48739495798319327,0.6476572044563935,0.5777777777777777,0.0,0.0,0.0,0.0,0.0,0.0,0.0,0.0,0.0,2002,radio,0.5
2,1,lr1e-04_bs32_modL1_fusion32_fusionL1_drop0p2_trmiss50_trlocradio,32,0.0001,1,32,1,0.2,lr1e-04_bs32_modL1_fusion32_fusionL1_drop0p2_trmiss50_trlocradio,22,0.48386842509110767,0.7114121317863464,0.4831932773109244,0.6435699105331957,0.5777777777777777,0.0,0.0,0.0,0.0,0.0,0.0,0.0,0.0,0.0,2002,radio,0.5
2,1,lr1e-04_bs32_modL1_fusion32_fusionL1_drop0p2_trmiss50_trlocradio,32,0.0001,1,32,1,0.2,lr1e-04_bs32_modL1_fusion32_fusionL1_drop0p2_trmiss50_trlocradio,23,0.48228535056114197,0.7128759026527405,0.49369747899159666,0.6493368764104558,0.6,0.0,0.0,0.0,0.0,0.0,0.0,0.0,0.0,0.0,2002,radio,0.5
2,1,lr1e-04_bs32_modL1_fusion32_fusionL1_drop0p2_trmiss50_trlocradio,32,0.0001,1,32,1,0.2,lr1e-04_bs32_modL1_fusion32_fusionL1_drop0p2_trmiss50_trlocradio,24,0.4605375627676646,0.7102114856243134,0.4957983193277311,0.6477080118819748,0.6,0.0,0.0,0.0,0.0,0.0,0.0,0.0,0.0,0.0,2002,radio,0.5
2,1,lr1e-04_bs32_modL1_fusion32_fusionL1_drop0p2_trmiss50_trlocradio,32,0.0001,1,32,1,0.2,lr1e-04_bs32_modL1_fusion32_fusionL1_drop0p2_trmiss50_trlocradio,25,0.46703482667605084,0.7119304537773132,0.48949579831932777,0.6441147870426319,0.6,0.0,0.0,0.0,0.0,0.0,0.0,0.0,0.0,0.0,2002,radio,0.5
2,1,lr1e-04_bs32_modL1_fusion32_fusionL1_drop0p2_trmiss50_trlocradio,32,0.0001,1,32,1,0.2,lr1e-04_bs32_modL1_fusion32_fusionL1_drop0p2_trmiss50_trlocradio,26,0.4643370062112808,0.7114688754081726,0.4873949579831933,0.6438867412788719,0.5777777777777777,0.0,0.0,0.0,0.0,0.0,0.0,0.0,0.0,0.0,2002,radio,0.5
2,1,lr1e-04_bs32_modL1_fusion32_fusionL1_drop0p2_trmiss50_trlocradio,32,0.0001,1,32,1,0.2,lr1e-04_bs32_modL1_fusion32_fusionL1_drop0p2_trmiss50_trlocradio,27,0.4731585631767909,0.7123804986476898,0.49369747899159666,0.6469276315480231,0.5777777777777777,0.0,0.0,0.0,0.0,0.0,0.0,0.0,0.0,0.0,2002,radio,0.5
2,1,lr1e-04_bs32_modL1_fusion32_fusionL1_drop0p2_trmiss50_trlocradio,32,0.0001,1,32,1,0.2,lr1e-04_bs32_modL1_fusion32_fusionL1_drop0p2_trmiss50_trlocradio,28,0.46957991023858386,0.7111623585224152,0.4852941176470589,0.6405499525500025,0.5777777777777777,0.0,0.0,0.0,0.0,0.0,0.0,0.0,0.0,0.0,2002,radio,0.5
2,1,lr1e-04_bs32_modL1_fusion32_fusionL1_drop0p2_trmiss50_trlocradio,32,0.0001,1,32,1,0.2,lr1e-04_bs32_modL1_fusion32_fusionL1_drop0p2_trmiss50_trlocradio,29,0.4750031679868698,0.7104322612285614,0.4852941176470588,0.6477778437064651,0.5777777777777777,0.0,0.0,0.0,0.0,0.0,0.0,0.0,0.0,0.0,2002,radio,0.5
2,1,lr1e-04_bs32_modL1_fusion32_fusionL1_drop0p2_trmiss50_trlocradio,32,0.0001,1,32,1,0.2,lr1e-04_bs32_modL1_fusion32_fusionL1_drop0p2_trmiss50_trlocradio,30,0.4491550177335739,0.7119739353656769,0.49579831932773116,0.6474898876149375,0.5777777777777777,0.0,0.0,0.0,0.0,0.0,0.0,0.0,0.0,0.0,2002,radio,0.5
2,1,lr1e-04_bs32_modL1_fusion32_fusionL1_drop0p2_trmiss50_trlocradio,32,0.0001,1,32,1,0.2,lr1e-04_bs32_modL1_fusion32_fusionL1_drop0p2_trmiss50_trlocradio,31,0.46533643702665967,0.7112493813037872,0.4894957983193277,0.6445678096928597,0.5777777777777777,0.0,0.0,0.0,0.0,0.0,0.0,0.0,0.0,0.0,2002,radio,0.5
2,1,lr1e-04_bs32_modL1_fusion32_fusionL1_drop0p2_trmiss50_trlocradio,32,0.0001,1,32,1,0.2,lr1e-04_bs32_modL1_fusion32_fusionL1_drop0p2_trmiss50_trlocradio,32,0.443649098277092,0.7125990688800812,0.48739495798319327,0.6421868573119073,0.5777777777777777,0.0,0.0,0.0,0.0,0.0,0.0,0.0,0.0,0.0,2002,radio,0.5
2,1,lr1e-04_bs32_modL1_fusion32_fusionL1_drop0p2_trmiss50_trlocradio,32,0.0001,1,32,1,0.2,lr1e-04_bs32_modL1_fusion32_fusionL1_drop0p2_trmiss50_trlocradio,33,0.4666220744450887,0.7097124457359314,0.4915966386554622,0.6460284746039854,0.5777777777777777,0.0,0.0,0.0,0.0,0.0,0.0,0.0,0.0,0.0,2002,radio,0.5
2,1,lr1e-04_bs32_modL1_fusion32_fusionL1_drop0p2_trmiss50_trlocradio,32,0.0001,1,32,1,0.2,lr1e-04_bs32_modL1_fusion32_fusionL1_drop0p2_trmiss50_trlocradio,34,0.4522156169017156,0.7085319757461548,0.4957983193277311,0.6534457596998419,0.5777777777777777,0.0,0.0,0.0,0.0,0.0,0.0,0.0,0.0,0.0,2002,radio,0.5
2,1,lr1e-04_bs32_modL1_fusion32_fusionL1_drop0p2_trmiss50_trlocradio,32,0.0001,1,32,1,0.2,lr1e-04_bs32_modL1_fusion32_fusionL1_drop0p2_trmiss50_trlocradio,35,0.4521535187959671,0.7096720337867737,0.48949579831932777,0.6430248849716514,0.5777777777777777,0.0,0.0,0.0,0.0,0.0,0.0,0.0,0.0,0.0,2002,radio,0.5
2,1,lr1e-04_bs32_modL1_fusion32_fusionL1_drop0p1_trmiss50_trlocradio,32,0.0001,1,32,1,0.1,lr1e-04_bs32_modL1_fusion32_fusionL1_drop0p1_trmiss50_trlocradio,1,0.7112183670202891,0.7221339344978333,0.38655462184873945,0.5786862409475008,0.35555555555555557,0.0,0.0,0.0,0.0,0.0,0.0,0.0,0.0,0.0,2002,radio,0.5
2,1,lr1e-04_bs32_modL1_fusion32_fusionL1_drop0p1_trmiss50_trlocradio,32,0.0001,1,32,1,0.1,lr1e-04_bs32_modL1_fusion32_fusionL1_drop0p1_trmiss50_trlocradio,2,0.6646908422311147,0.7336938381195068,0.39285714285714285,0.5881852748733037,0.3333333333333333,0.0,0.0,0.0,0.0,0.0,0.0,0.0,0.0,0.0,2002,radio,0.5
2,1,lr1e-04_bs32_modL1_fusion32_fusionL1_drop0p1_trmiss50_trlocradio,32,0.0001,1,32,1,0.1,lr1e-04_bs32_modL1_fusion32_fusionL1_drop0p1_trmiss50_trlocradio,3,0.6188311775525411,0.7522025108337402,0.3760504201680672,0.5777514125876182,0.4666666666666667,0.0,0.0,0.0,0.0,0.0,0.0,0.0,0.0,0.0,2002,radio,0.5
2,1,lr1e-04_bs32_modL1_fusion32_fusionL1_drop0p1_trmiss50_trlocradio,32,0.0001,1,32,1,0.1,lr1e-04_bs32_modL1_fusion32_fusionL1_drop0p1_trmiss50_trlocradio,4,0.6072967946529388,0.7685252726078033,0.3634453781512605,0.5663907013032864,0.4444444444444444,0.0,0.0,0.0,0.0,0.0,0.0,0.0,0.0,0.0,2002,radio,0.5
2,1,lr1e-04_bs32_modL1_fusion32_fusionL1_drop0p1_trmiss50_trlocradio,32,0.0001,1,32,1,0.1,lr1e-04_bs32_modL1_fusion32_fusionL1_drop0p1_trmiss50_trlocradio,5,0.5875951945781708,0.777445524930954,0.3760504201680672,0.5768010331000801,0.4888888888888889,0.0,0.0,0.0,0.0,0.0,0.0,0.0,0.0,0.0,2002,radio,0.5
2,1,lr1e-04_bs32_modL1_fusion32_fusionL1_drop0p1_trmiss50_trlocradio,32,0.0001,1,32,1,0.1,lr1e-04_bs32_modL1_fusion32_fusionL1_drop0p1_trmiss50_trlocradio,6,0.5787959694862366,0.7754894495010376,0.384453781512605,0.5784065205245331,0.5111111111111111,0.0,0.0,0.0,0.0,0.0,0.0,0.0,0.0,0.0,2002,radio,0.5
2,1,lr1e-04_bs32_modL1_fusion32_fusionL1_drop0p1_trmiss50_trlocradio,32,0.0001,1,32,1,0.1,lr1e-04_bs32_modL1_fusion32_fusionL1_drop0p1_trmiss50_trlocradio,7,0.5511004229386648,0.7762057781219482,0.4012605042016807,0.5922678627121342,0.5111111111111111,0.0,0.0,0.0,0.0,0.0,0.0,0.0,0.0,0.0,2002,radio,0.5
2,1,lr1e-04_bs32_modL1_fusion32_fusionL1_drop0p1_trmiss50_trlocradio,32,0.0001,1,32,1,0.1,lr1e-04_bs32_modL1_fusion32_fusionL1_drop0p1_trmiss50_trlocradio,8,0.5532740751902262,0.7856441736221313,0.39495798319327735,0.5935558147228742,0.5111111111111111,0.0,0.0,0.0,0.0,0.0,0.0,0.0,0.0,0.0,2002,radio,0.5
2,1,lr1e-04_bs32_modL1_fusion32_fusionL1_drop0p1_trmiss50_trlocradio,32,0.0001,1,32,1,0.1,lr1e-04_bs32_modL1_fusion32_fusionL1_drop0p1_trmiss50_trlocradio,9,0.544376939535141,0.787842333316803,0.3802521008403361,0.5779350226913069,0.5111111111111111,0.0,0.0,0.0,0.0,0.0,0.0,0.0,0.0,0.0,2002,radio,0.5
2,1,lr1e-04_bs32_modL1_fusion32_fusionL1_drop0p1_trmiss50_trlocradio,32,0.0001,1,32,1,0.1,lr1e-04_bs32_modL1_fusion32_fusionL1_drop0p1_trmiss50_trlocradio,10,0.5369847317536672,0.788880854845047,0.3802521008403361,0.580602348853768,0.5111111111111111,0.0,0.0,0.0,0.0,0.0,0.0,0.0,0.0,0.0,2002,radio,0.5
2,1,lr1e-04_bs32_modL1_fusion32_fusionL1_drop0p1_trmiss50_trlocradio,32,0.0001,1,32,1,0.1,lr1e-04_bs32_modL1_fusion32_fusionL1_drop0p1_trmiss50_trlocradio,11,0.5348985691865286,0.7910661995410919,0.3592436974789916,0.5660646841375319,0.5111111111111111,0.0,0.0,0.0,0.0,0.0,0.0,0.0,0.0,0.0,2002,radio,0.5
2,1,lr1e-04_bs32_modL1_fusion32_fusionL1_drop0p1_trmiss50_trlocradio,32,0.0001,1,32,1,0.1,lr1e-04_bs32_modL1_fusion32_fusionL1_drop0p1_trmiss50_trlocradio,12,0.5143034805854162,0.7962786853313446,0.36134453781512604,0.566559427489418,0.5333333333333333,0.0,0.0,0.0,0.0,0.0,0.0,0.0,0.0,0.0,2002,radio,0.5
2,1,lr1e-04_bs32_modL1_fusion32_fusionL1_drop0p1_trmiss50_trlocradio,32,0.0001,1,32,1,0.1,lr1e-04_bs32_modL1_fusion32_fusionL1_drop0p1_trmiss50_trlocradio,13,0.5150489956140518,0.7955769896507263,0.3466386554621849,0.558788239303999,0.5333333333333333,0.0,0.0,0.0,0.0,0.0,0.0,0.0,0.0,0.0,2002,radio,0.5
2,1,lr1e-04_bs32_modL1_fusion32_fusionL1_drop0p1_trmiss50_trlocradio,32,0.0001,1,32,1,0.1,lr1e-04_bs32_modL1_fusion32_fusionL1_drop0p1_trmiss50_trlocradio,14,0.5069245845079422,0.7970708310604095,0.3508403361344538,0.5605928500371812,0.5333333333333333,0.0,0.0,0.0,0.0,0.0,0.0,0.0,0.0,0.0,2002,radio,0.5
2,1,lr1e-04_bs32_modL1_fusion32_fusionL1_drop0p1_trmiss50_trlocradio,32,0.0001,1,32,1,0.1,lr1e-04_bs32_modL1_fusion32_fusionL1_drop0p1_trmiss50_trlocradio,15,0.5017041017611822,0.7942163944244385,0.34663865546218486,0.5584274889432486,0.5333333333333333,0.0,0.0,0.0,0.0,0.0,0.0,0.0,0.0,0.0,2002,radio,0.5
2,1,lr1e-04_bs32_modL1_fusion32_fusionL1_drop0p1_trmiss50_trlocradio,32,0.0001,1,32,1,0.1,lr1e-04_bs32_modL1_fusion32_fusionL1_drop0p1_trmiss50_trlocradio,16,0.4939816544453303,0.7942697703838348,0.3529411764705882,0.5615153644096407,0.5333333333333333,0.0,0.0,0.0,0.0,0.0,0.0,0.0,0.0,0.0,2002,radio,0.5
2,1,lr1e-04_bs32_modL1_fusion32_fusionL1_drop0p1_trmiss50_trlocradio,32,0.0001,1,32,1,0.1,lr1e-04_bs32_modL1_fusion32_fusionL1_drop0p1_trmiss50_trlocradio,17,0.508752445379893,0.7920921146869659,0.36764705882352944,0.5761571449081987,0.5333333333333333,0.0,0.0,0.0,0.0,0.0,0.0,0.0,0.0,0.0,2002,radio,0.5
2,1,lr1e-04_bs32_modL1_fusion32_fusionL1_drop0p1_trmiss50_trlocradio,32,0.0001,1,32,1,0.1,lr1e-04_bs32_modL1_fusion32_fusionL1_drop0p1_trmiss50_trlocradio,18,0.49166303873062134,0.792790561914444,0.3739495798319328,0.5801338986531749,0.5111111111111111,0.0,0.0,0.0,0.0,0.0,0.0,0.0,0.0,0.0,2002,radio,0.5
2,1,lr1e-04_bs32_modL1_fusion32_fusionL1_drop0p1_trmiss50_trlocradio,32,0.0001,1,32,1,0.1,lr1e-04_bs32_modL1_fusion32_fusionL1_drop0p1_trmiss50_trlocradio,19,0.48635677496592206,0.7867640852928162,0.3697478991596639,0.5820325370230865,0.5111111111111111,0.0,0.0,0.0,0.0,0.0,0.0,0.0,0.0,0.0,2002,radio,0.5
2,1,lr1e-04_bs32_modL1_fusion32_fusionL1_drop0p1_trmiss50_trlocradio,32,0.0001,1,32,1,0.1,lr1e-04_bs32_modL1_fusion32_fusionL1_drop0p1_trmiss50_trlocradio,20,0.47967757781346637,0.7875909805297852,0.36344537815126055,0.569965437455987,0.5333333333333333,0.0,0.0,0.0,0.0,0.0,0.0,0.0,0.0,0.0,2002,radio,0.5
2,1,lr1e-04_bs32_modL1_fusion32_fusionL1_drop0p1_trmiss50_trlocradio,32,0.0001,1,32,1,0.1,lr1e-04_bs32_modL1_fusion32_fusionL1_drop0p1_trmiss50_trlocradio,21,0.4882506976524989,0.7923354208469391,0.3697478991596639,0.574888341932463,0.5333333333333333,0.0,0.0,0.0,0.0,0.0,0.0,0.0,0.0,0.0,2002,radio,0.5
2,1,lr1e-04_bs32_modL1_fusion32_fusionL1_drop0p1_trmiss50_trlocradio,32,0.0001,1,32,1,0.1,lr1e-04_bs32_modL1_fusion32_fusionL1_drop0p1_trmiss50_trlocradio,22,0.47138747572898865,0.7924452126026154,0.3592436974789916,0.5679638675972744,0.5333333333333333,0.0,0.0,0.0,0.0,0.0,0.0,0.0,0.0,0.0,2002,radio,0.5
2,1,lr1e-04_bs32_modL1_fusion32_fusionL1_drop0p1_trmiss50_trlocradio,32,0.0001,1,32,1,0.1,lr1e-04_bs32_modL1_fusion32_fusionL1_drop0p1_trmiss50_trlocradio,23,0.4801293710867564,0.7921119630336761,0.3592436974789916,0.5679638675972744,0.5333333333333333,0.0,0.0,0.0,0.0,0.0,0.0,0.0,0.0,0.0,2002,radio,0.5
2,1,lr1e-04_bs32_modL1_fusion32_fusionL1_drop0p1_trmiss50_trlocradio,32,0.0001,1,32,1,0.1,lr1e-04_bs32_modL1_fusion32_fusionL1_drop0p1_trmiss50_trlocradio,24,0.4855721940596898,0.7861469686031342,0.3697478991596639,0.583217199791396,0.5111111111111111,0.0,0.0,0.0,0.0,0.0,0.0,0.0,0.0,0.0,2002,radio,0.5
2,1,lr1e-04_bs32_modL1_fusion32_fusionL1_drop0p1_trmiss50_trlocradio,32,0.0001,1,32,1,0.1,lr1e-04_bs32_modL1_fusion32_fusionL1_drop0p1_trmiss50_trlocradio,25,0.4725923140843709,0.7874462604522705,0.3697478991596639,0.5788404909738977,0.5111111111111111,0.0,0.0,0.0,0.0,0.0,0.0,0.0,0.0,0.0,2002,radio,0.5
2,1,lr1e-04_bs32_modL1_fusion32_fusionL1_drop0p1_trmiss50_trlocradio,32,0.0001,1,32,1,0.1,lr1e-04_bs32_modL1_fusion32_fusionL1_drop0p1_trmiss50_trlocradio,26,0.4912687838077545,0.7878958284854889,0.36344537815126055,0.5716931583566403,0.5111111111111111,0.0,0.0,0.0,0.0,0.0,0.0,0.0,0.0,0.0,2002,radio,0.5
2,1,lr1e-04_bs32_modL1_fusion32_fusionL1_drop0p1_trmiss50_trlocradio,32,0.0001,1,32,1,0.1,lr1e-04_bs32_modL1_fusion32_fusionL1_drop0p1_trmiss50_trlocradio,27,0.4780230224132538,0.7900996506214142,0.3571428571428572,0.571011382149654,0.5333333333333333,0.0,0.0,0.0,0.0,0.0,0.0,0.0,0.0,0.0,2002,radio,0.5
2,1,lr1e-04_bs32_modL1_fusion64_fusionL1_drop0p2_trmiss50_trlocradio,32,0.0001,1,64,1,0.2,lr1e-04_bs32_modL1_fusion64_fusionL1_drop0p2_trmiss50_trlocradio,1,0.7926205495993296,0.6810427010059357,0.5546218487394958,0.6894688037537173,0.4222222222222222,0.0,0.0,0.0,0.0,0.0,0.0,0.0,0.0,0.0,2002,radio,0.5
2,1,lr1e-04_bs32_modL1_fusion64_fusionL1_drop0p2_trmiss50_trlocradio,32,0.0001,1,64,1,0.2,lr1e-04_bs32_modL1_fusion64_fusionL1_drop0p2_trmiss50_trlocradio,2,0.7596197625001272,0.6838187873363495,0.5294117647058824,0.6858175317867214,0.4222222222222222,0.0,0.0,0.0,0.0,0.0,0.0,0.0,0.0,0.0,2002,radio,0.5
2,1,lr1e-04_bs32_modL1_fusion64_fusionL1_drop0p2_trmiss50_trlocradio,32,0.0001,1,64,1,0.2,lr1e-04_bs32_modL1_fusion64_fusionL1_drop0p2_trmiss50_trlocradio,3,0.7290479044119517,0.6930859982967377,0.4978991596638655,0.6583852354666251,0.4,0.0,0.0,0.0,0.0,0.0,0.0,0.0,0.0,0.0,2002,radio,0.5
2,1,lr1e-04_bs32_modL1_fusion64_fusionL1_drop0p2_trmiss50_trlocradio,32,0.0001,1,64,1,0.2,lr1e-04_bs32_modL1_fusion64_fusionL1_drop0p2_trmiss50_trlocradio,4,0.7096671760082245,0.7033462226390839,0.4642857142857143,0.6226967968807328,0.4,0.0,0.0,0.0,0.0,0.0,0.0,0.0,0.0,0.0,2002,radio,0.5
2,1,lr1e-04_bs32_modL1_fusion64_fusionL1_drop0p2_trmiss50_trlocradio,32,0.0001,1,64,1,0.2,lr1e-04_bs32_modL1_fusion64_fusionL1_drop0p2_trmiss50_trlocradio,5,0.6836033562819163,0.7062946856021881,0.4663865546218487,0.6243009792235263,0.37777777777777777,0.0,0.0,0.0,0.0,0.0,0.0,0.0,0.0,0.0,2002,radio,0.5
2,1,lr1e-04_bs32_modL1_fusion64_fusionL1_drop0p2_trmiss50_trlocradio,32,0.0001,1,64,1,0.2,lr1e-04_bs32_modL1_fusion64_fusionL1_drop0p2_trmiss50_trlocradio,6,0.6776104668776194,0.7034018635749817,0.4621848739495798,0.6194702964903668,0.4,0.0,0.0,0.0,0.0,0.0,0.0,0.0,0.0,0.0,2002,radio,0.5
2,1,lr1e-04_bs32_modL1_fusion64_fusionL1_drop0p2_trmiss50_trlocradio,32,0.0001,1,64,1,0.2,lr1e-04_bs32_modL1_fusion64_fusionL1_drop0p2_trmiss50_trlocradio,7,0.6479611198107401,0.6973021626472473,0.47058823529411764,0.6290597536176946,0.4444444444444444,0.0,0.0,0.0,0.0,0.0,0.0,0.0,0.0,0.0,2002,radio,0.5
2,1,lr1e-04_bs32_modL1_fusion64_fusionL1_drop0p2_trmiss50_trlocradio,32,0.0001,1,64,1,0.2,lr1e-04_bs32_modL1_fusion64_fusionL1_drop0p2_trmiss50_trlocradio,8,0.6365485588709513,0.6955695152282715,0.47268907563025214,0.631893966679683,0.4666666666666667,0.0,0.0,0.0,0.0,0.0,0.0,0.0,0.0,0.0,2002,radio,0.5
2,1,lr1e-04_bs32_modL1_fusion64_fusionL1_drop0p2_trmiss50_trlocradio,32,0.0001,1,64,1,0.2,lr1e-04_bs32_modL1_fusion64_fusionL1_drop0p2_trmiss50_trlocradio,9,0.6114295621713003,0.6912463009357452,0.4747899159663866,0.6277658047902542,0.4222222222222222,0.0,0.0,0.0,0.0,0.0,0.0,0.0,0.0,0.0,2002,radio,0.5
2,1,lr1e-04_bs32_modL1_fusion64_fusionL1_drop0p2_trmiss50_trlocradio,32,0.0001,1,64,1,0.2,lr1e-04_bs32_modL1_fusion64_fusionL1_drop0p2_trmiss50_trlocradio,10,0.594067374865214,0.6919746398925781,0.47478991596638653,0.6396185148407204,0.4222222222222222,0.0,0.0,0.0,0.0,0.0,0.0,0.0,0.0,0.0,2002,radio,0.5
2,1,lr1e-04_bs32_modL1_fusion64_fusionL1_drop0p2_trmiss50_trlocradio,32,0.0001,1,64,1,0.2,lr1e-04_bs32_modL1_fusion64_fusionL1_drop0p2_trmiss50_trlocradio,11,0.5963301757971445,0.6926608979701996,0.46218487394957986,0.6371754314240633,0.4222222222222222,0.0,0.0,0.0,0.0,0.0,0.0,0.0,0.0,0.0,2002,radio,0.5
2,1,lr1e-04_bs32_modL1_fusion64_fusionL1_drop0p2_trmiss50_trlocradio,32,0.0001,1,64,1,0.2,lr1e-04_bs32_modL1_fusion64_fusionL1_drop0p2_trmiss50_trlocradio,12,0.5865227083365122,0.6945374011993408,0.4474789915966386,0.6306292847576475,0.4222222222222222,0.0,0.0,0.0,0.0,0.0,0.0,0.0,0.0,0.0,2002,radio,0.5
2,1,lr1e-04_bs32_modL1_fusion64_fusionL1_drop0p2_trmiss50_trlocradio,32,0.0001,1,64,1,0.2,lr1e-04_bs32_modL1_fusion64_fusionL1_drop0p2_trmiss50_trlocradio,13,0.5768192708492279,0.6928004026412964,0.43487394957983194,0.6256650711247032,0.4,0.0,0.0,0.0,0.0,0.0,0.0,0.0,0.0,0.0,2002,radio,0.5
2,1,lr1e-04_bs32_modL1_fusion64_fusionL1_drop0p2_trmiss50_trlocradio,32,0.0001,1,64,1,0.2,lr1e-04_bs32_modL1_fusion64_fusionL1_drop0p2_trmiss50_trlocradio,14,0.5898927450180054,0.6916294395923615,0.4453781512605042,0.6472996865093185,0.4222222222222222,0.0,0.0,0.0,0.0,0.0,0.0,0.0,0.0,0.0,2002,radio,0.5
2,1,lr1e-04_bs32_modL1_fusion64_fusionL1_drop0p2_trmiss50_trlocradio,32,0.0001,1,64,1,0.2,lr1e-04_bs32_modL1_fusion64_fusionL1_drop0p2_trmiss50_trlocradio,15,0.5904582242170969,0.6895585358142853,0.4474789915966386,0.6459454817727756,0.4222222222222222,0.0,0.0,0.0,0.0,0.0,0.0,0.0,0.0,0.0,2002,radio,0.5
2,1,lr1e-04_bs32_modL1_fusion64_fusionL1_drop0p2_trmiss50_trlocradio,32,0.0001,1,64,1,0.2,lr1e-04_bs32_modL1_fusion64_fusionL1_drop0p2_trmiss50_trlocradio,16,0.5621965527534485,0.6909540593624115,0.453781512605042,0.6526439415384475,0.4222222222222222,0.0,0.0,0.0,0.0,0.0,0.0,0.0,0.0,0.0,2002,radio,0.5
2,1,lr1e-04_bs32_modL1_fusion64_fusionL1_drop0p2_trmiss50_trlocradio,32,0.0001,1,64,1,0.2,lr1e-04_bs32_modL1_fusion64_fusionL1_drop0p2_trmiss50_trlocradio,17,0.5554884970188141,0.6910105645656586,0.43907563025210083,0.6260942356077955,0.4222222222222222,0.0,0.0,0.0,0.0,0.0,0.0,0.0,0.0,0.0,2002,radio,0.5
2,1,lr1e-04_bs32_modL1_fusion64_fusionL1_drop0p2_trmiss50_trlocradio,32,0.0001,1,64,1,0.2,lr1e-04_bs32_modL1_fusion64_fusionL1_drop0p2_trmiss50_trlocradio,18,0.5473838647206625,0.6898173093795776,0.4453781512605042,0.6372193686992784,0.4,0.0,0.0,0.0,0.0,0.0,0.0,0.0,0.0,0.0,2002,radio,0.5
2,1,lr1e-04_bs32_modL1_fusion64_fusionL1_drop0p2_trmiss50_trlocradio,32,0.0001,1,64,1,0.2,lr1e-04_bs32_modL1_fusion64_fusionL1_drop0p2_trmiss50_trlocradio,19,0.580278476079305,0.6900746822357178,0.4432773109243697,0.6359147370664364,0.4,0.0,0.0,0.0,0.0,0.0,0.0,0.0,0.0,0.0,2002,radio,0.5
2,1,lr1e-04_bs32_modL1_fusion64_fusionL1_drop0p2_trmiss50_trlocradio,32,0.0001,1,64,1,0.2,lr1e-04_bs32_modL1_fusion64_fusionL1_drop0p2_trmiss50_trlocradio,20,0.5318911174933115,0.6875956058502197,0.453781512605042,0.6440331016054036,0.37777777777777777,0.0,0.0,0.0,0.0,0.0,0.0,0.0,0.0,0.0,2002,radio,0.5
2,1,lr1e-04_bs32_modL1_fusion64_fusionL1_drop0p2_trmiss50_trlocradio,32,0.0001,1,64,1,0.2,lr1e-04_bs32_modL1_fusion64_fusionL1_drop0p2_trmiss50_trlocradio,21,0.5621824562549591,0.6890237927436829,0.44957983193277307,0.6420023994040988,0.37777777777777777,0.0,0.0,0.0,0.0,0.0,0.0,0.0,0.0,0.0,2002,radio,0.5
2,1,lr1e-04_bs32_modL1_fusion64_fusionL1_drop0p2_trmiss50_trlocradio,32,0.0001,1,64,1,0.2,lr1e-04_bs32_modL1_fusion64_fusionL1_drop0p2_trmiss50_trlocradio,22,0.5559727648893992,0.6887043714523315,0.4579831932773109,0.6456724328462997,0.37777777777777777,0.0,0.0,0.0,0.0,0.0,0.0,0.0,0.0,0.0,2002,radio,0.5
2,1,lr1e-04_bs32_modL1_fusion64_fusionL1_drop0p2_trmiss50_trlocradio,32,0.0001,1,64,1,0.2,lr1e-04_bs32_modL1_fusion64_fusionL1_drop0p2_trmiss50_trlocradio,23,0.5399757424990336,0.6864860653877258,0.4579831932773109,0.6470629745882239,0.37777777777777777,0.0,0.0,0.0,0.0,0.0,0.0,0.0,0.0,0.0,2002,radio,0.5
2,1,lr1e-04_bs32_modL1_fusion64_fusionL1_drop0p2_trmiss50_trlocradio,32,0.0001,1,64,1,0.2,lr1e-04_bs32_modL1_fusion64_fusionL1_drop0p2_trmiss50_trlocradio,24,0.5440635035435358,0.6868838667869568,0.46218487394957986,0.6490318535376532,0.37777777777777777,0.0,0.0,0.0,0.0,0.0,0.0,0.0,0.0,0.0,2002,radio,0.5
2,1,lr1e-04_bs32_modL1_fusion64_fusionL1_drop0p2_trmiss50_trlocradio,32,0.0001,1,64,1,0.2,lr1e-04_bs32_modL1_fusion64_fusionL1_drop0p2_trmiss50_trlocradio,25,0.5302606473366419,0.6885784566402435,0.45798319327731096,0.6468468290276035,0.37777777777777777,0.0,0.0,0.0,0.0,0.0,0.0,0.0,0.0,0.0,2002,radio,0.5
2,1,lr1e-04_bs32_modL1_fusion64_fusionL1_drop0p2_trmiss50_trlocradio,32,0.0001,1,64,1,0.2,lr1e-04_bs32_modL1_fusion64_fusionL1_drop0p2_trmiss50_trlocradio,26,0.5460164199272791,0.689711719751358,0.4621848739495798,0.6476669884003945,0.4,0.0,0.0,0.0,0.0,0.0,0.0,0.0,0.0,0.0,2002,radio,0.5
2,1,lr1e-04_bs32_modL1_fusion64_fusionL1_drop0p2_trmiss50_trlocradio,32,0.0001,1,64,1,0.2,lr1e-04_bs32_modL1_fusion64_fusionL1_drop0p2_trmiss50_trlocradio,27,0.5453759680191675,0.690166711807251,0.4642857142857143,0.651592497998173,0.37777777777777777,0.0,0.0,0.0,0.0,0.0,0.0,0.0,0.0,0.0,2002,radio,0.5
2,1,lr1e-04_bs32_modL1_fusion64_fusionL1_drop0p2_trmiss50_trlocradio,32,0.0001,1,64,1,0.2,lr1e-04_bs32_modL1_fusion64_fusionL1_drop0p2_trmiss50_trlocradio,28,0.535025010506312,0.6903583407402039,0.4579831932773109,0.6498308976781807,0.37777777777777777,0.0,0.0,0.0,0.0,0.0,0.0,0.0,0.0,0.0,2002,radio,0.5
2,1,lr1e-04_bs32_modL1_fusion64_fusionL1_drop0p2_trmiss50_trlocradio,32,0.0001,1,64,1,0.2,lr1e-04_bs32_modL1_fusion64_fusionL1_drop0p2_trmiss50_trlocradio,29,0.524971162279447,0.6885896623134613,0.4621848739495798,0.6505901871874702,0.4,0.0,0.0,0.0,0.0,0.0,0.0,0.0,0.0,0.0,2002,radio,0.5
2,1,lr1e-04_bs32_modL1_fusion64_fusionL1_drop0p1_trmiss50_trlocradio,32,0.0001,1,64,1,0.1,lr1e-04_bs32_modL1_fusion64_fusionL1_drop0p1_trmiss50_trlocradio,1,0.7736572722593943,0.6884717345237732,0.5210084033613446,0.6469258296351729,0.4666666666666667,0.0,0.0,0.0,0.0,0.0,0.0,0.0,0.0,0.0,2002,radio,0.5
2,1,lr1e-04_bs32_modL1_fusion64_fusionL1_drop0p1_trmiss50_trlocradio,32,0.0001,1,64,1,0.1,lr1e-04_bs32_modL1_fusion64_fusionL1_drop0p1_trmiss50_trlocradio,2,0.7050096690654755,0.6853491961956024,0.5252100840336135,0.6287824049187439,0.4444444444444444,0.0,0.0,0.0,0.0,0.0,0.0,0.0,0.0,0.0,2002,radio,0.5
2,1,lr1e-04_bs32_modL1_fusion64_fusionL1_drop0p1_trmiss50_trlocradio,32,0.0001,1,64,1,0.1,lr1e-04_bs32_modL1_fusion64_fusionL1_drop0p1_trmiss50_trlocradio,3,0.6811080873012543,0.684529572725296,0.5294117647058824,0.624508252669148,0.4444444444444444,0.0,0.0,0.0,0.0,0.0,0.0,0.0,0.0,0.0,2002,radio,0.5
2,1,lr1e-04_bs32_modL1_fusion64_fusionL1_drop0p1_trmiss50_trlocradio,32,0.0001,1,64,1,0.1,lr1e-04_bs32_modL1_fusion64_fusionL1_drop0p1_trmiss50_trlocradio,4,0.6517005066076914,0.6815622746944427,0.5315126050420168,0.6294338563902072,0.4444444444444444,0.0,0.0,0.0,0.0,0.0,0.0,0.0,0.0,0.0,2002,radio,0.5
2,1,lr1e-04_bs32_modL1_fusion64_fusionL1_drop0p1_trmiss50_trlocradio,32,0.0001,1,64,1,0.1,lr1e-04_bs32_modL1_fusion64_fusionL1_drop0p1_trmiss50_trlocradio,5,0.6166711151599884,0.6819541752338409,0.5336134453781513,0.6273789333941113,0.4444444444444444,0.0,0.0,0.0,0.0,0.0,0.0,0.0,0.0,0.0,2002,radio,0.5
2,1,lr1e-04_bs32_modL1_fusion64_fusionL1_drop0p1_trmiss50_trlocradio,32,0.0001,1,64,1,0.1,lr1e-04_bs32_modL1_fusion64_fusionL1_drop0p1_trmiss50_trlocradio,6,0.583923468987147,0.6814810037612915,0.5357142857142857,0.6293843765970335,0.4666666666666667,0.0,0.0,0.0,0.0,0.0,0.0,0.0,0.0,0.0,2002,radio,0.5
2,1,lr1e-04_bs32_modL1_fusion64_fusionL1_drop0p1_trmiss50_trlocradio,32,0.0001,1,64,1,0.1,lr1e-04_bs32_modL1_fusion64_fusionL1_drop0p1_trmiss50_trlocradio,7,0.5703279177347819,0.6865933835506439,0.523109243697479,0.6239660663055979,0.4666666666666667,0.0,0.0,0.0,0.0,0.0,0.0,0.0,0.0,0.0,2002,radio,0.5
2,1,lr1e-04_bs32_modL1_fusion64_fusionL1_drop0p1_trmiss50_trlocradio,32,0.0001,1,64,1,0.1,lr1e-04_bs32_modL1_fusion64_fusionL1_drop0p1_trmiss50_trlocradio,8,0.5521015326182047,0.6950563192367554,0.5105042016806722,0.6189623633994302,0.4666666666666667,0.0,0.0,0.0,0.0,0.0,0.0,0.0,0.0,0.0,2002,radio,0.5
2,1,lr1e-04_bs32_modL1_fusion64_fusionL1_drop0p1_trmiss50_trlocradio,32,0.0001,1,64,1,0.1,lr1e-04_bs32_modL1_fusion64_fusionL1_drop0p1_trmiss50_trlocradio,9,0.5353952497243881,0.7034423351287842,0.49369747899159666,0.6452621150035175,0.4444444444444444,0.0,0.0,0.0,0.0,0.0,0.0,0.0,0.0,0.0,2002,radio,0.5
2,1,lr1e-04_bs32_modL1_fusion64_fusionL1_drop0p1_trmiss50_trlocradio,32,0.0001,1,64,1,0.1,lr1e-04_bs32_modL1_fusion64_fusionL1_drop0p1_trmiss50_trlocradio,10,0.5136754065752029,0.7013112306594849,0.5021008403361344,0.6511604310121276,0.4444444444444444,0.0,0.0,0.0,0.0,0.0,0.0,0.0,0.0,0.0,2002,radio,0.5
2,1,lr1e-04_bs32_modL1_fusion64_fusionL1_drop0p1_trmiss50_trlocradio,32,0.0001,1,64,1,0.1,lr1e-04_bs32_modL1_fusion64_fusionL1_drop0p1_trmiss50_trlocradio,11,0.47766274213790894,0.6996083557605743,0.4915966386554622,0.6320911783304076,0.4444444444444444,0.0,0.0,0.0,0.0,0.0,0.0,0.0,0.0,0.0,2002,radio,0.5
2,1,lr1e-04_bs32_modL1_fusion64_fusionL1_drop0p1_trmiss50_trlocradio,32,0.0001,1,64,1,0.1,lr1e-04_bs32_modL1_fusion64_fusionL1_drop0p1_trmiss50_trlocradio,12,0.48865293463071185,0.7004997134208679,0.4831932773109243,0.6155319105051532,0.4444444444444444,0.0,0.0,0.0,0.0,0.0,0.0,0.0,0.0,0.0,2002,radio,0.5
2,1,lr1e-04_bs32_modL1_fusion64_fusionL1_drop0p1_trmiss50_trlocradio,32,0.0001,1,64,1,0.1,lr1e-04_bs32_modL1_fusion64_fusionL1_drop0p1_trmiss50_trlocradio,13,0.4668259372313817,0.6990338861942291,0.4852941176470589,0.6131672486680065,0.4222222222222222,0.0,0.0,0.0,0.0,0.0,0.0,0.0,0.0,0.0,2002,radio,0.5
2,1,lr1e-04_bs32_modL1_fusion64_fusionL1_drop0p1_trmiss50_trlocradio,32,0.0001,1,64,1,0.1,lr1e-04_bs32_modL1_fusion64_fusionL1_drop0p1_trmiss50_trlocradio,14,0.47023455301920575,0.6967295110225677,0.5021008403361344,0.6234376480667644,0.4222222222222222,0.0,0.0,0.0,0.0,0.0,0.0,0.0,0.0,0.0,2002,radio,0.5
2,1,lr1e-04_bs32_modL1_fusion64_fusionL1_drop0p1_trmiss50_trlocradio,32,0.0001,1,64,1,0.1,lr1e-04_bs32_modL1_fusion64_fusionL1_drop0p1_trmiss50_trlocradio,15,0.4583798944950104,0.6958878934383392,0.5,0.6186232442370357,0.4666666666666667,0.0,0.0,0.0,0.0,0.0,0.0,0.0,0.0,0.0,2002,radio,0.5
2,1,lr1e-04_bs32_modL1_fusion64_fusionL1_drop0p1_trmiss50_trlocradio,32,0.0001,1,64,1,0.1,lr1e-04_bs32_modL1_fusion64_fusionL1_drop0p1_trmiss50_trlocradio,16,0.45773827532927197,0.6969062387943268,0.4957983193277311,0.6108896275273246,0.5111111111111111,0.0,0.0,0.0,0.0,0.0,0.0,0.0,0.0,0.0,2002,radio,0.5
2,1,lr1e-04_bs32_modL1_fusion64_fusionL1_drop0p1_trmiss50_trlocradio,32,0.0001,1,64,1,0.1,lr1e-04_bs32_modL1_fusion64_fusionL1_drop0p1_trmiss50_trlocradio,17,0.4368596573670705,0.6979105472564697,0.4936974789915966,0.6099305133163307,0.5111111111111111,0.0,0.0,0.0,0.0,0.0,0.0,0.0,0.0,0.0,2002,radio,0.5
2,1,lr1e-04_bs32_modL1_fusion64_fusionL1_drop0p1_trmiss50_trlocradio,32,0.0001,1,64,1,0.1,lr1e-04_bs32_modL1_fusion64_fusionL1_drop0p1_trmiss50_trlocradio,18,0.44269077479839325,0.6975292265415192,0.4894957983193277,0.6067409421327856,0.4666666666666667,0.0,0.0,0.0,0.0,0.0,0.0,0.0,0.0,0.0,2002,radio,0.5
2,1,lr1e-04_bs32_modL1_fusion64_fusionL1_drop0p1_trmiss50_trlocradio,32,0.0001,1,64,1,0.1,lr1e-04_bs32_modL1_fusion64_fusionL1_drop0p1_trmiss50_trlocradio,19,0.4325994352499644,0.6929108500480652,0.4915966386554622,0.6088745228377949,0.5111111111111111,0.0,0.0,0.0,0.0,0.0,0.0,0.0,0.0,0.0,2002,radio,0.5
2,1,lr1e-04_bs32_modL1_fusion64_fusionL1_drop0p1_trmiss50_trlocradio,32,0.0001,1,64,1,0.1,lr1e-04_bs32_modL1_fusion64_fusionL1_drop0p1_trmiss50_trlocradio,20,0.4081694632768631,0.6867069900035858,0.5021008403361344,0.6143544221152396,0.5111111111111111,0.0,0.0,0.0,0.0,0.0,0.0,0.0,0.0,0.0,2002,radio,0.5
2,1,lr1e-04_bs32_modL1_fusion64_fusionL1_drop0p1_trmiss50_trlocradio,32,0.0001,1,64,1,0.1,lr1e-04_bs32_modL1_fusion64_fusionL1_drop0p1_trmiss50_trlocradio,21,0.4178941796223323,0.6929631233215332,0.49369747899159666,0.6080170582120862,0.4888888888888889,0.0,0.0,0.0,0.0,0.0,0.0,0.0,0.0,0.0,2002,radio,0.5
2,1,lr1e-04_bs32_modL1_fusion64_fusionL1_drop0p1_trmiss50_trlocradio,32,0.0001,1,64,1,0.1,lr1e-04_bs32_modL1_fusion64_fusionL1_drop0p1_trmiss50_trlocradio,22,0.421772097547849,0.6944108307361603,0.4957983193277311,0.6086689856497278,0.4888888888888889,0.0,0.0,0.0,0.0,0.0,0.0,0.0,0.0,0.0,2002,radio,0.5
2,1,lr1e-04_bs32_modL1_fusion64_fusionL1_drop0p1_trmiss50_trlocradio,32,0.0001,1,64,1,0.1,lr1e-04_bs32_modL1_fusion64_fusionL1_drop0p1_trmiss50_trlocradio,23,0.4305853297313054,0.6985566020011902,0.48949579831932777,0.6028881949992129,0.4888888888888889,0.0,0.0,0.0,0.0,0.0,0.0,0.0,0.0,0.0,2002,radio,0.5
2,1,lr1e-04_bs32_modL1_fusion64_fusionL1_drop0p1_trmiss50_trlocradio,32,0.0001,1,64,1,0.1,lr1e-04_bs32_modL1_fusion64_fusionL1_drop0p1_trmiss50_trlocradio,24,0.41985659797986347,0.7017846703529358,0.4852941176470588,0.5993444197655422,0.4888888888888889,0.0,0.0,0.0,0.0,0.0,0.0,0.0,0.0,0.0,2002,radio,0.5
2,1,lr1e-04_bs32_modL1_fusion64_fusionL1_drop0p1_trmiss50_trlocradio,32,0.0001,1,64,1,0.1,lr1e-04_bs32_modL1_fusion64_fusionL1_drop0p1_trmiss50_trlocradio,25,0.39767025411129,0.6968188583850861,0.4894957983193277,0.6015558306456836,0.4888888888888889,0.0,0.0,0.0,0.0,0.0,0.0,0.0,0.0,0.0,2002,radio,0.5
2,1,lr1e-04_bs32_modL1_fusion64_fusionL1_drop0p1_trmiss50_trlocradio,32,0.0001,1,64,1,0.1,lr1e-04_bs32_modL1_fusion64_fusionL1_drop0p1_trmiss50_trlocradio,26,0.38972734411557514,0.6961810290813446,0.4873949579831933,0.6021835295389083,0.5111111111111111,0.0,0.0,0.0,0.0,0.0,0.0,0.0,0.0,0.0,2002,radio,0.5
2,2,lr5e-05_bs16_modL1_fusion32_fusionL1_drop0p2_trmiss50_trlocradio,16,5e-05,1,32,1,0.2,lr5e-05_bs16_modL1_fusion32_fusionL1_drop0p2_trmiss50_trlocradio,1,0.8264177689949671,0.7435470620791117,0.5258620689655172,0.6753029663851728,0.37777777777777777,0.0,0.0,0.0,0.0,0.0,0.0,0.0,0.0,0.0,2002,radio,0.5
2,2,lr5e-05_bs16_modL1_fusion32_fusionL1_drop0p2_trmiss50_trlocradio,16,5e-05,1,32,1,0.2,lr5e-05_bs16_modL1_fusion32_fusionL1_drop0p2_trmiss50_trlocradio,2,0.7859607587258021,0.7621200482050577,0.5387931034482758,0.6784932104937514,0.3333333333333333,0.0,0.0,0.0,0.0,0.0,0.0,0.0,0.0,0.0,2002,radio,0.5
2,2,lr5e-05_bs16_modL1_fusion32_fusionL1_drop0p2_trmiss50_trlocradio,16,5e-05,1,32,1,0.2,lr5e-05_bs16_modL1_fusion32_fusionL1_drop0p2_trmiss50_trlocradio,3,0.7983402709166209,0.7732236981391907,0.5818965517241379,0.7002896576549696,0.3333333333333333,0.0,0.0,0.0,0.0,0.0,0.0,0.0,0.0,0.0,2002,radio,0.5
2,2,lr5e-05_bs16_modL1_fusion32_fusionL1_drop0p2_trmiss50_trlocradio,16,5e-05,1,32,1,0.2,lr5e-05_bs16_modL1_fusion32_fusionL1_drop0p2_trmiss50_trlocradio,4,0.7655323793490728,0.7742921908696493,0.5797413793103449,0.6996614977565083,0.35555555555555557,0.0,0.0,0.0,0.0,0.0,0.0,0.0,0.0,0.0,2002,radio,0.5
2,2,lr5e-05_bs16_modL1_fusion32_fusionL1_drop0p2_trmiss50_trlocradio,16,5e-05,1,32,1,0.2,lr5e-05_bs16_modL1_fusion32_fusionL1_drop0p2_trmiss50_trlocradio,5,0.7396921366453171,0.7763766646385193,0.6012931034482759,0.7094943363335754,0.37777777777777777,0.0,0.0,0.0,0.0,0.0,0.0,0.0,0.0,0.0,2002,radio,0.5
2,2,lr5e-05_bs16_modL1_fusion32_fusionL1_drop0p2_trmiss50_trlocradio,16,5e-05,1,32,1,0.2,lr5e-05_bs16_modL1_fusion32_fusionL1_drop0p2_trmiss50_trlocradio,6,0.7420191913843155,0.7655039230982462,0.6163793103448276,0.7181051510143913,0.37777777777777777,0.0,0.0,0.0,0.0,0.0,0.0,0.0,0.0,0.0,2002,radio,0.5
2,2,lr5e-05_bs16_modL1_fusion32_fusionL1_drop0p2_trmiss50_trlocradio,16,5e-05,1,32,1,0.2,lr5e-05_bs16_modL1_fusion32_fusionL1_drop0p2_trmiss50_trlocradio,7,0.7562034179766973,0.7592509786287943,0.6400862068965516,0.7323908454499551,0.37777777777777777,0.0,0.0,0.0,0.0,0.0,0.0,0.0,0.0,0.0,2002,radio,0.5
2,2,lr5e-05_bs16_modL1_fusion32_fusionL1_drop0p2_trmiss50_trlocradio,16,5e-05,1,32,1,0.2,lr5e-05_bs16_modL1_fusion32_fusionL1_drop0p2_trmiss50_trlocradio,8,0.7319702357053757,0.758255143960317,0.6142241379310345,0.7135648590023569,0.37777777777777777,0.0,0.0,0.0,0.0,0.0,0.0,0.0,0.0,0.0,2002,radio,0.5
2,2,lr5e-05_bs16_modL1_fusion32_fusionL1_drop0p2_trmiss50_trlocradio,16,5e-05,1,32,1,0.2,lr5e-05_bs16_modL1_fusion32_fusionL1_drop0p2_trmiss50_trlocradio,9,0.6969135602315267,0.7671059370040894,0.6120689655172413,0.7192901245630463,0.35555555555555557,0.0,0.0,0.0,0.0,0.0,0.0,0.0,0.0,0.0,2002,radio,0.5
2,2,lr5e-05_bs16_modL1_fusion32_fusionL1_drop0p2_trmiss50_trlocradio,16,5e-05,1,32,1,0.2,lr5e-05_bs16_modL1_fusion32_fusionL1_drop0p2_trmiss50_trlocradio,10,0.7266952445109686,0.7565723856290182,0.6443965517241379,0.7304455047330778,0.37777777777777777,0.0,0.0,0.0,0.0,0.0,0.0,0.0,0.0,0.0,2002,radio,0.5
2,2,lr5e-05_bs16_modL1_fusion32_fusionL1_drop0p2_trmiss50_trlocradio,16,5e-05,1,32,1,0.2,lr5e-05_bs16_modL1_fusion32_fusionL1_drop0p2_trmiss50_trlocradio,11,0.7193430761496226,0.7616842786471049,0.6228448275862069,0.7182382019256747,0.35555555555555557,0.0,0.0,0.0,0.0,0.0,0.0,0.0,0.0,0.0,2002,radio,0.5
2,2,lr5e-05_bs16_modL1_fusion32_fusionL1_drop0p2_trmiss50_trlocradio,16,5e-05,1,32,1,0.2,lr5e-05_bs16_modL1_fusion32_fusionL1_drop0p2_trmiss50_trlocradio,12,0.6796887417634329,0.7574852108955383,0.625,0.7230191021508192,0.37777777777777777,0.0,0.0,0.0,0.0,0.0,0.0,0.0,0.0,0.0,2002,radio,0.5
2,2,lr5e-05_bs16_modL1_fusion32_fusionL1_drop0p2_trmiss50_trlocradio,16,5e-05,1,32,1,0.2,lr5e-05_bs16_modL1_fusion32_fusionL1_drop0p2_trmiss50_trlocradio,13,0.6964448342720667,0.7586295008659363,0.6185344827586208,0.7289127506306745,0.37777777777777777,0.0,0.0,0.0,0.0,0.0,0.0,0.0,0.0,0.0,2002,radio,0.5
2,2,lr5e-05_bs16_modL1_fusion32_fusionL1_drop0p2_trmiss50_trlocradio,16,5e-05,1,32,1,0.2,lr5e-05_bs16_modL1_fusion32_fusionL1_drop0p2_trmiss50_trlocradio,14,0.6936383694410324,0.7649456461270651,0.603448275862069,0.7123660224007063,0.37777777777777777,0.0,0.0,0.0,0.0,0.0,0.0,0.0,0.0,0.0,2002,radio,0.5
2,2,lr5e-05_bs16_modL1_fusion32_fusionL1_drop0p2_trmiss50_trlocradio,16,5e-05,1,32,1,0.2,lr5e-05_bs16_modL1_fusion32_fusionL1_drop0p2_trmiss50_trlocradio,15,0.6678112894296646,0.7560924291610718,0.5948275862068966,0.7086571647094182,0.37777777777777777,0.0,0.0,0.0,0.0,0.0,0.0,0.0,0.0,0.0,2002,radio,0.5
2,2,lr5e-05_bs16_modL1_fusion32_fusionL1_drop0p2_trmiss50_trlocradio,16,5e-05,1,32,1,0.2,lr5e-05_bs16_modL1_fusion32_fusionL1_drop0p2_trmiss50_trlocradio,16,0.6575282514095306,0.7573685844739279,0.603448275862069,0.7144952142434216,0.37777777777777777,0.0,0.0,0.0,0.0,0.0,0.0,0.0,0.0,0.0,2002,radio,0.5
2,2,lr5e-05_bs16_modL1_fusion32_fusionL1_drop0p2_trmiss50_trlocradio,16,5e-05,1,32,1,0.2,lr5e-05_bs16_modL1_fusion32_fusionL1_drop0p2_trmiss50_trlocradio,17,0.664214034875234,0.7438977360725403,0.6314655172413793,0.7235250797183307,0.37777777777777777,0.0,0.0,0.0,0.0,0.0,0.0,0.0,0.0,0.0,2002,radio,0.5
2,2,lr5e-05_bs16_modL1_fusion32_fusionL1_drop0p2_trmiss50_trlocradio,16,5e-05,1,32,1,0.2,lr5e-05_bs16_modL1_fusion32_fusionL1_drop0p2_trmiss50_trlocradio,18,0.6751162558794022,0.7485805551211039,0.6379310344827587,0.7258112564221023,0.37777777777777777,0.0,0.0,0.0,0.0,0.0,0.0,0.0,0.0,0.0,2002,radio,0.5
2,2,lr5e-05_bs16_modL1_fusion32_fusionL1_drop0p2_trmiss50_trlocradio,16,5e-05,1,32,1,0.2,lr5e-05_bs16_modL1_fusion32_fusionL1_drop0p2_trmiss50_trlocradio,19,0.6806545903285345,0.7718169490496317,0.6142241379310345,0.7104381508063174,0.35555555555555557,0.0,0.0,0.0,0.0,0.0,0.0,0.0,0.0,0.0,2002,radio,0.5
2,2,lr5e-05_bs16_modL1_fusion32_fusionL1_drop0p2_trmiss50_trlocradio,16,5e-05,1,32,1,0.2,lr5e-05_bs16_modL1_fusion32_fusionL1_drop0p2_trmiss50_trlocradio,20,0.6568378408749899,0.7612855235735575,0.6185344827586207,0.7195377641318758,0.37777777777777777,0.0,0.0,0.0,0.0,0.0,0.0,0.0,0.0,0.0,2002,radio,0.5
2,2,lr5e-05_bs16_modL1_fusion32_fusionL1_drop0p2_trmiss50_trlocradio,16,5e-05,1,32,1,0.2,lr5e-05_bs16_modL1_fusion32_fusionL1_drop0p2_trmiss50_trlocradio,21,0.6720319216450056,0.7503134409586588,0.6185344827586207,0.7170244116826642,0.37777777777777777,0.0,0.0,0.0,0.0,0.0,0.0,0.0,0.0,0.0,2002,radio,0.5
2,2,lr5e-05_bs16_modL1_fusion32_fusionL1_drop0p2_trmiss50_trlocradio,16,5e-05,1,32,1,0.2,lr5e-05_bs16_modL1_fusion32_fusionL1_drop0p2_trmiss50_trlocradio,22,0.6734975576400757,0.7565209666887919,0.5948275862068966,0.7072947389535327,0.37777777777777777,0.0,0.0,0.0,0.0,0.0,0.0,0.0,0.0,0.0,2002,radio,0.5
2,2,lr5e-05_bs16_modL1_fusion32_fusionL1_drop0p2_trmiss50_trlocradio,16,5e-05,1,32,1,0.2,lr5e-05_bs16_modL1_fusion32_fusionL1_drop0p2_trmiss50_trlocradio,23,0.6644416948159536,0.7560234467188517,0.6120689655172413,0.7137630223568575,0.37777777777777777,0.0,0.0,0.0,0.0,0.0,0.0,0.0,0.0,0.0,2002,radio,0.5
2,2,lr5e-05_bs16_modL1_fusion32_fusionL1_drop0p2_trmiss50_trlocradio,16,5e-05,1,32,1,0.2,lr5e-05_bs16_modL1_fusion32_fusionL1_drop0p2_trmiss50_trlocradio,24,0.6235887159903845,0.7482171058654785,0.6077586206896552,0.7078149124957929,0.37777777777777777,0.0,0.0,0.0,0.0,0.0,0.0,0.0,0.0,0.0,2002,radio,0.5
2,2,lr5e-05_bs16_modL1_fusion32_fusionL1_drop0p2_trmiss50_trlocradio,16,5e-05,1,32,1,0.2,lr5e-05_bs16_modL1_fusion32_fusionL1_drop0p2_trmiss50_trlocradio,25,0.6740370790163676,0.7462982734044393,0.6142241379310345,0.7152529402013184,0.37777777777777777,0.0,0.0,0.0,0.0,0.0,0.0,0.0,0.0,0.0,2002,radio,0.5
2,2,lr5e-05_bs16_modL1_fusion32_fusionL1_drop0p2_trmiss50_trlocradio,16,5e-05,1,32,1,0.2,lr5e-05_bs16_modL1_fusion32_fusionL1_drop0p2_trmiss50_trlocradio,26,0.678291251262029,0.7557124296824137,0.6099137931034482,0.7134132327514904,0.37777777777777777,0.0,0.0,0.0,0.0,0.0,0.0,0.0,0.0,0.0,2002,radio,0.5
2,2,lr5e-05_bs16_modL1_fusion32_fusionL1_drop0p2_trmiss50_trlocradio,16,5e-05,1,32,1,0.2,lr5e-05_bs16_modL1_fusion32_fusionL1_drop0p2_trmiss50_trlocradio,27,0.6804999262094498,0.7562573949495951,0.6228448275862069,0.719364539302497,0.37777777777777777,0.0,0.0,0.0,0.0,0.0,0.0,0.0,0.0,0.0,2002,radio,0.5
2,2,lr5e-05_bs16_modL1_fusion32_fusionL1_drop0p2_trmiss50_trlocradio,16,5e-05,1,32,1,0.2,lr5e-05_bs16_modL1_fusion32_fusionL1_drop0p2_trmiss50_trlocradio,28,0.6544330765803655,0.7586894035339355,0.6077586206896552,0.7104955628404499,0.37777777777777777,0.0,0.0,0.0,0.0,0.0,0.0,0.0,0.0,0.0,2002,radio,0.5
2,2,lr5e-05_bs16_modL1_fusion32_fusionL1_drop0p2_trmiss50_trlocradio,16,5e-05,1,32,1,0.2,lr5e-05_bs16_modL1_fusion32_fusionL1_drop0p2_trmiss50_trlocradio,29,0.6644637435674667,0.7419703404108683,0.6314655172413792,0.7234727822456597,0.37777777777777777,0.0,0.0,0.0,0.0,0.0,0.0,0.0,0.0,0.0,2002,radio,0.5
2,2,lr5e-05_bs16_modL1_fusion32_fusionL1_drop0p2_trmiss50_trlocradio,16,5e-05,1,32,1,0.2,lr5e-05_bs16_modL1_fusion32_fusionL1_drop0p2_trmiss50_trlocradio,30,0.6437497486670812,0.7495415608088175,0.6206896551724138,0.7172965288597876,0.37777777777777777,0.0,0.0,0.0,0.0,0.0,0.0,0.0,0.0,0.0,2002,radio,0.5
2,2,lr5e-05_bs16_modL1_fusion32_fusionL1_drop0p1_trmiss50_trlocradio,16,5e-05,1,32,1,0.1,lr5e-05_bs16_modL1_fusion32_fusionL1_drop0p1_trmiss50_trlocradio,1,0.6822195599476496,0.670613427956899,0.6012931034482758,0.7420318650242602,0.6444444444444445,0.0,0.0,0.0,0.0,0.0,0.0,0.0,0.0,0.0,2002,radio,0.5
2,2,lr5e-05_bs16_modL1_fusion32_fusionL1_drop0p1_trmiss50_trlocradio,16,5e-05,1,32,1,0.1,lr5e-05_bs16_modL1_fusion32_fusionL1_drop0p1_trmiss50_trlocradio,2,0.6491665889819463,0.6622645457585653,0.6443965517241379,0.7558776964590089,0.6444444444444445,0.0,0.0,0.0,0.0,0.0,0.0,0.0,0.0,0.0,2002,radio,0.5
2,2,lr5e-05_bs16_modL1_fusion32_fusionL1_drop0p1_trmiss50_trlocradio,16,5e-05,1,32,1,0.1,lr5e-05_bs16_modL1_fusion32_fusionL1_drop0p1_trmiss50_trlocradio,3,0.6379500577847163,0.6586984793345133,0.6530172413793103,0.7521127380233077,0.6222222222222222,0.0,0.0,0.0,0.0,0.0,0.0,0.0,0.0,0.0,2002,radio,0.5
2,2,lr5e-05_bs16_modL1_fusion32_fusionL1_drop0p1_trmiss50_trlocradio,16,5e-05,1,32,1,0.1,lr5e-05_bs16_modL1_fusion32_fusionL1_drop0p1_trmiss50_trlocradio,4,0.6299848854541779,0.6583025058110555,0.6487068965517242,0.7657057903424761,0.6222222222222222,0.0,0.0,0.0,0.0,0.0,0.0,0.0,0.0,0.0,2002,radio,0.5
2,2,lr5e-05_bs16_modL1_fusion32_fusionL1_drop0p1_trmiss50_trlocradio,16,5e-05,1,32,1,0.1,lr5e-05_bs16_modL1_fusion32_fusionL1_drop0p1_trmiss50_trlocradio,5,0.6199201842149099,0.6561310688654581,0.6530172413793103,0.7572858082621468,0.6222222222222222,0.0,0.0,0.0,0.0,0.0,0.0,0.0,0.0,0.0,2002,radio,0.5
2,2,lr5e-05_bs16_modL1_fusion32_fusionL1_drop0p1_trmiss50_trlocradio,16,5e-05,1,32,1,0.1,lr5e-05_bs16_modL1_fusion32_fusionL1_drop0p1_trmiss50_trlocradio,6,0.598511129617691,0.6600280602773031,0.6400862068965516,0.7632379927987233,0.6222222222222222,0.0,0.0,0.0,0.0,0.0,0.0,0.0,0.0,0.0,2002,radio,0.5
2,2,lr5e-05_bs16_modL1_fusion32_fusionL1_drop0p1_trmiss50_trlocradio,16,5e-05,1,32,1,0.1,lr5e-05_bs16_modL1_fusion32_fusionL1_drop0p1_trmiss50_trlocradio,7,0.5960982243220011,0.6661221385002136,0.6336206896551724,0.7626473014293681,0.6,0.0,0.0,0.0,0.0,0.0,0.0,0.0,0.0,0.0,2002,radio,0.5
2,2,lr5e-05_bs16_modL1_fusion32_fusionL1_drop0p1_trmiss50_trlocradio,16,5e-05,1,32,1,0.1,lr5e-05_bs16_modL1_fusion32_fusionL1_drop0p1_trmiss50_trlocradio,8,0.5736535290877024,0.6588457226753235,0.646551724137931,0.7761403381417701,0.6222222222222222,0.0,0.0,0.0,0.0,0.0,0.0,0.0,0.0,0.0,2002,radio,0.5
2,2,lr5e-05_bs16_modL1_fusion32_fusionL1_drop0p1_trmiss50_trlocradio,16,5e-05,1,32,1,0.1,lr5e-05_bs16_modL1_fusion32_fusionL1_drop0p1_trmiss50_trlocradio,9,0.5883218149344126,0.653619110584259,0.6573275862068965,0.7891603149548503,0.6666666666666666,0.0,0.0,0.0,0.0,0.0,0.0,0.0,0.0,0.0,2002,radio,0.5
2,2,lr5e-05_bs16_modL1_fusion32_fusionL1_drop0p1_trmiss50_trlocradio,16,5e-05,1,32,1,0.1,lr5e-05_bs16_modL1_fusion32_fusionL1_drop0p1_trmiss50_trlocradio,10,0.5693310350179672,0.6548912525177002,0.6616379310344828,0.7896287614854205,0.6888888888888889,0.0,0.0,0.0,0.0,0.0,0.0,0.0,0.0,0.0,2002,radio,0.5
2,2,lr5e-05_bs16_modL1_fusion32_fusionL1_drop0p1_trmiss50_trlocradio,16,5e-05,1,32,1,0.1,lr5e-05_bs16_modL1_fusion32_fusionL1_drop0p1_trmiss50_trlocradio,11,0.5561543107032776,0.6485312581062317,0.6724137931034482,0.7908091752169686,0.6888888888888889,0.0,0.0,0.0,0.0,0.0,0.0,0.0,0.0,0.0,2002,radio,0.5
2,2,lr5e-05_bs16_modL1_fusion32_fusionL1_drop0p1_trmiss50_trlocradio,16,5e-05,1,32,1,0.1,lr5e-05_bs16_modL1_fusion32_fusionL1_drop0p1_trmiss50_trlocradio,12,0.5476647019386292,0.650024394194285,0.6573275862068966,0.7847208641953984,0.6666666666666666,0.0,0.0,0.0,0.0,0.0,0.0,0.0,0.0,0.0,2002,radio,0.5
2,2,lr5e-05_bs16_modL1_fusion32_fusionL1_drop0p1_trmiss50_trlocradio,16,5e-05,1,32,1,0.1,lr5e-05_bs16_modL1_fusion32_fusionL1_drop0p1_trmiss50_trlocradio,13,0.5397782549262047,0.6558701395988464,0.6422413793103449,0.7838480893870798,0.6666666666666666,0.0,0.0,0.0,0.0,0.0,0.0,0.0,0.0,0.0,2002,radio,0.5
2,2,lr5e-05_bs16_modL1_fusion32_fusionL1_drop0p1_trmiss50_trlocradio,16,5e-05,1,32,1,0.1,lr5e-05_bs16_modL1_fusion32_fusionL1_drop0p1_trmiss50_trlocradio,14,0.5262234732508659,0.659949521223704,0.6099137931034483,0.7669922025359484,0.6666666666666666,0.0,0.0,0.0,0.0,0.0,0.0,0.0,0.0,0.0,2002,radio,0.5
2,2,lr5e-05_bs16_modL1_fusion32_fusionL1_drop0p1_trmiss50_trlocradio,16,5e-05,1,32,1,0.1,lr5e-05_bs16_modL1_fusion32_fusionL1_drop0p1_trmiss50_trlocradio,15,0.5469590450326601,0.6547261873881022,0.6314655172413793,0.7736793665363533,0.6444444444444445,0.0,0.0,0.0,0.0,0.0,0.0,0.0,0.0,0.0,2002,radio,0.5
2,2,lr5e-05_bs16_modL1_fusion32_fusionL1_drop0p1_trmiss50_trlocradio,16,5e-05,1,32,1,0.1,lr5e-05_bs16_modL1_fusion32_fusionL1_drop0p1_trmiss50_trlocradio,16,0.5246292874217033,0.6558289726575216,0.6228448275862069,0.768962842997519,0.6666666666666666,0.0,0.0,0.0,0.0,0.0,0.0,0.0,0.0,0.0,2002,radio,0.5
2,2,lr5e-05_bs16_modL1_fusion32_fusionL1_drop0p1_trmiss50_trlocradio,16,5e-05,1,32,1,0.1,lr5e-05_bs16_modL1_fusion32_fusionL1_drop0p1_trmiss50_trlocradio,17,0.5099954331914583,0.657741129398346,0.6206896551724138,0.768456600539664,0.6444444444444445,0.0,0.0,0.0,0.0,0.0,0.0,0.0,0.0,0.0,2002,radio,0.5
2,2,lr5e-05_bs16_modL1_fusion32_fusionL1_drop0p1_trmiss50_trlocradio,16,5e-05,1,32,1,0.1,lr5e-05_bs16_modL1_fusion32_fusionL1_drop0p1_trmiss50_trlocradio,18,0.5065344224373499,0.6532431443532308,0.6056034482758621,0.7620316085431558,0.6,0.0,0.0,0.0,0.0,0.0,0.0,0.0,0.0,0.0,2002,radio,0.5
2,2,lr5e-05_bs16_modL1_fusion32_fusionL1_drop0p1_trmiss50_trlocradio,16,5e-05,1,32,1,0.1,lr5e-05_bs16_modL1_fusion32_fusionL1_drop0p1_trmiss50_trlocradio,19,0.4888775621851285,0.65883735815684,0.6099137931034482,0.7687965967010064,0.6,0.0,0.0,0.0,0.0,0.0,0.0,0.0,0.0,0.0,2002,radio,0.5
2,2,lr5e-05_bs16_modL1_fusion32_fusionL1_drop0p1_trmiss50_trlocradio,16,5e-05,1,32,1,0.1,lr5e-05_bs16_modL1_fusion32_fusionL1_drop0p1_trmiss50_trlocradio,20,0.5074686134854952,0.6613288124402364,0.584051724137931,0.7551529310028471,0.6,0.0,0.0,0.0,0.0,0.0,0.0,0.0,0.0,0.0,2002,radio,0.5
2,2,lr5e-05_bs16_modL1_fusion32_fusionL1_drop0p1_trmiss50_trlocradio,16,5e-05,1,32,1,0.1,lr5e-05_bs16_modL1_fusion32_fusionL1_drop0p1_trmiss50_trlocradio,21,0.49491821974515915,0.6620733141899109,0.6077586206896551,0.7684764332367777,0.6,0.0,0.0,0.0,0.0,0.0,0.0,0.0,0.0,0.0,2002,radio,0.5
2,2,lr5e-05_bs16_modL1_fusion32_fusionL1_drop0p1_trmiss50_trlocradio,16,5e-05,1,32,1,0.1,lr5e-05_bs16_modL1_fusion32_fusionL1_drop0p1_trmiss50_trlocradio,22,0.48897505799929303,0.6560724377632141,0.6163793103448276,0.7710978436122102,0.6444444444444445,0.0,0.0,0.0,0.0,0.0,0.0,0.0,0.0,0.0,2002,radio,0.5
2,2,lr5e-05_bs16_modL1_fusion32_fusionL1_drop0p1_trmiss50_trlocradio,16,5e-05,1,32,1,0.1,lr5e-05_bs16_modL1_fusion32_fusionL1_drop0p1_trmiss50_trlocradio,23,0.5145042290290197,0.6564228534698486,0.6077586206896551,0.7679171230797976,0.6,0.0,0.0,0.0,0.0,0.0,0.0,0.0,0.0,0.0,2002,radio,0.5
2,2,lr5e-05_bs16_modL1_fusion32_fusionL1_drop0p1_trmiss50_trlocradio,16,5e-05,1,32,1,0.1,lr5e-05_bs16_modL1_fusion32_fusionL1_drop0p1_trmiss50_trlocradio,24,0.49581392606099445,0.6621864239374796,0.5905172413793103,0.7599765451596994,0.6,0.0,0.0,0.0,0.0,0.0,0.0,0.0,0.0,0.0,2002,radio,0.5
2,2,lr5e-05_bs16_modL1_fusion32_fusionL1_drop0p1_trmiss50_trlocradio,16,5e-05,1,32,1,0.1,lr5e-05_bs16_modL1_fusion32_fusionL1_drop0p1_trmiss50_trlocradio,25,0.49349689731995267,0.661592443784078,0.5883620689655172,0.7580096867523571,0.5777777777777777,0.0,0.0,0.0,0.0,0.0,0.0,0.0,0.0,0.0,2002,radio,0.5
2,2,lr5e-05_bs16_modL1_fusion32_fusionL1_drop0p1_trmiss50_trlocradio,16,5e-05,1,32,1,0.1,lr5e-05_bs16_modL1_fusion32_fusionL1_drop0p1_trmiss50_trlocradio,26,0.4853334501385689,0.662821352481842,0.5926724137931034,0.759850446758948,0.6222222222222222,0.0,0.0,0.0,0.0,0.0,0.0,0.0,0.0,0.0,2002,radio,0.5
2,2,lr5e-05_bs16_modL1_fusion32_fusionL1_drop0p1_trmiss50_trlocradio,16,5e-05,1,32,1,0.1,lr5e-05_bs16_modL1_fusion32_fusionL1_drop0p1_trmiss50_trlocradio,27,0.4852435663342476,0.6674404342969259,0.5818965517241379,0.7560610263203142,0.6222222222222222,0.0,0.0,0.0,0.0,0.0,0.0,0.0,0.0,0.0,2002,radio,0.5
2,2,lr5e-05_bs16_modL1_fusion32_fusionL1_drop0p1_trmiss50_trlocradio,16,5e-05,1,32,1,0.1,lr5e-05_bs16_modL1_fusion32_fusionL1_drop0p1_trmiss50_trlocradio,28,0.4879576688011487,0.6615675290425619,0.5991379310344828,0.7676528863400234,0.6,0.0,0.0,0.0,0.0,0.0,0.0,0.0,0.0,0.0,2002,radio,0.5
2,2,lr5e-05_bs16_modL1_fusion32_fusionL1_drop0p1_trmiss50_trlocradio,16,5e-05,1,32,1,0.1,lr5e-05_bs16_modL1_fusion32_fusionL1_drop0p1_trmiss50_trlocradio,29,0.4874798158804576,0.6568957368532816,0.6012931034482758,0.7629703454287593,0.6222222222222222,0.0,0.0,0.0,0.0,0.0,0.0,0.0,0.0,0.0,2002,radio,0.5
2,2,lr5e-05_bs16_modL1_fusion32_fusionL1_drop0p1_trmiss50_trlocradio,16,5e-05,1,32,1,0.1,lr5e-05_bs16_modL1_fusion32_fusionL1_drop0p1_trmiss50_trlocradio,30,0.4716857547561328,0.6558336416880289,0.5883620689655172,0.7560661396355182,0.6,0.0,0.0,0.0,0.0,0.0,0.0,0.0,0.0,0.0,2002,radio,0.5
2,2,lr5e-05_bs16_modL1_fusion32_fusionL1_drop0p1_trmiss50_trlocradio,16,5e-05,1,32,1,0.1,lr5e-05_bs16_modL1_fusion32_fusionL1_drop0p1_trmiss50_trlocradio,31,0.47111203769842785,0.6561938325564066,0.5991379310344827,0.7654880595152624,0.6,0.0,0.0,0.0,0.0,0.0,0.0,0.0,0.0,0.0,2002,radio,0.5
2,2,lr5e-05_bs16_modL1_fusion64_fusionL1_drop0p2_trmiss50_trlocradio,16,5e-05,1,64,1,0.2,lr5e-05_bs16_modL1_fusion64_fusionL1_drop0p2_trmiss50_trlocradio,1,0.7394933998584747,0.7242260773976644,0.42025862068965525,0.693354399919244,0.4666666666666667,0.0,0.0,0.0,0.0,0.0,0.0,0.0,0.0,0.0,2002,radio,0.5
2,2,lr5e-05_bs16_modL1_fusion64_fusionL1_drop0p2_trmiss50_trlocradio,16,5e-05,1,64,1,0.2,lr5e-05_bs16_modL1_fusion64_fusionL1_drop0p2_trmiss50_trlocradio,2,0.7260497262080511,0.7357859412829081,0.4137931034482759,0.6907751667785422,0.4444444444444444,0.0,0.0,0.0,0.0,0.0,0.0,0.0,0.0,0.0,2002,radio,0.5
2,2,lr5e-05_bs16_modL1_fusion64_fusionL1_drop0p2_trmiss50_trlocradio,16,5e-05,1,64,1,0.2,lr5e-05_bs16_modL1_fusion64_fusionL1_drop0p2_trmiss50_trlocradio,3,0.695844034353892,0.7416152159372965,0.43750000000000006,0.7067971347751858,0.4888888888888889,0.0,0.0,0.0,0.0,0.0,0.0,0.0,0.0,0.0,2002,radio,0.5
2,2,lr5e-05_bs16_modL1_fusion64_fusionL1_drop0p2_trmiss50_trlocradio,16,5e-05,1,64,1,0.2,lr5e-05_bs16_modL1_fusion64_fusionL1_drop0p2_trmiss50_trlocradio,4,0.6904613077640533,0.7467100818951925,0.4504310344827586,0.715786941403673,0.5333333333333333,0.0,0.0,0.0,0.0,0.0,0.0,0.0,0.0,0.0,2002,radio,0.5
2,2,lr5e-05_bs16_modL1_fusion64_fusionL1_drop0p2_trmiss50_trlocradio,16,5e-05,1,64,1,0.2,lr5e-05_bs16_modL1_fusion64_fusionL1_drop0p2_trmiss50_trlocradio,5,0.6687229176362356,0.7443325320879618,0.4525862068965517,0.7150991607592327,0.5333333333333333,0.0,0.0,0.0,0.0,0.0,0.0,0.0,0.0,0.0,2002,radio,0.5
2,2,lr5e-05_bs16_modL1_fusion64_fusionL1_drop0p2_trmiss50_trlocradio,16,5e-05,1,64,1,0.2,lr5e-05_bs16_modL1_fusion64_fusionL1_drop0p2_trmiss50_trlocradio,6,0.6612518976132075,0.7376569509506226,0.45689655172413796,0.7184282157853108,0.5111111111111111,0.0,0.0,0.0,0.0,0.0,0.0,0.0,0.0,0.0,2002,radio,0.5
2,2,lr5e-05_bs16_modL1_fusion64_fusionL1_drop0p2_trmiss50_trlocradio,16,5e-05,1,64,1,0.2,lr5e-05_bs16_modL1_fusion64_fusionL1_drop0p2_trmiss50_trlocradio,7,0.6510071605443954,0.7320592403411865,0.47413793103448276,0.7193696481060534,0.5111111111111111,0.0,0.0,0.0,0.0,0.0,0.0,0.0,0.0,0.0,2002,radio,0.5
2,2,lr5e-05_bs16_modL1_fusion64_fusionL1_drop0p2_trmiss50_trlocradio,16,5e-05,1,64,1,0.2,lr5e-05_bs16_modL1_fusion64_fusionL1_drop0p2_trmiss50_trlocradio,8,0.6453976780176163,0.7364313999811808,0.47629310344827586,0.7138347953075221,0.5333333333333333,0.0,0.0,0.0,0.0,0.0,0.0,0.0,0.0,0.0,2002,radio,0.5
2,2,lr5e-05_bs16_modL1_fusion64_fusionL1_drop0p2_trmiss50_trlocradio,16,5e-05,1,64,1,0.2,lr5e-05_bs16_modL1_fusion64_fusionL1_drop0p2_trmiss50_trlocradio,9,0.6572249035040537,0.7349178791046143,0.47198275862068967,0.7108098960515032,0.5333333333333333,0.0,0.0,0.0,0.0,0.0,0.0,0.0,0.0,0.0,2002,radio,0.5
2,2,lr5e-05_bs16_modL1_fusion64_fusionL1_drop0p2_trmiss50_trlocradio,16,5e-05,1,64,1,0.2,lr5e-05_bs16_modL1_fusion64_fusionL1_drop0p2_trmiss50_trlocradio,10,0.6344455182552338,0.7361747622489929,0.45474137931034475,0.7050439536371951,0.5333333333333333,0.0,0.0,0.0,0.0,0.0,0.0,0.0,0.0,0.0,2002,radio,0.5
2,2,lr5e-05_bs16_modL1_fusion64_fusionL1_drop0p2_trmiss50_trlocradio,16,5e-05,1,64,1,0.2,lr5e-05_bs16_modL1_fusion64_fusionL1_drop0p2_trmiss50_trlocradio,11,0.6068550248940786,0.7286221186319987,0.4698275862068966,0.7133191254265656,0.5333333333333333,0.0,0.0,0.0,0.0,0.0,0.0,0.0,0.0,0.0,2002,radio,0.5
2,2,lr5e-05_bs16_modL1_fusion64_fusionL1_drop0p2_trmiss50_trlocradio,16,5e-05,1,64,1,0.2,lr5e-05_bs16_modL1_fusion64_fusionL1_drop0p2_trmiss50_trlocradio,12,0.6117186993360519,0.7256828943888346,0.48275862068965525,0.713191514849284,0.5111111111111111,0.0,0.0,0.0,0.0,0.0,0.0,0.0,0.0,0.0,2002,radio,0.5
2,2,lr5e-05_bs16_modL1_fusion64_fusionL1_drop0p2_trmiss50_trlocradio,16,5e-05,1,64,1,0.2,lr5e-05_bs16_modL1_fusion64_fusionL1_drop0p2_trmiss50_trlocradio,13,0.5837804973125458,0.7154690424601237,0.5064655172413793,0.7318707384664869,0.5111111111111111,0.0,0.0,0.0,0.0,0.0,0.0,0.0,0.0,0.0,2002,radio,0.5
2,2,lr5e-05_bs16_modL1_fusion64_fusionL1_drop0p2_trmiss50_trlocradio,16,5e-05,1,64,1,0.2,lr5e-05_bs16_modL1_fusion64_fusionL1_drop0p2_trmiss50_trlocradio,14,0.6024869978427887,0.7230354150136312,0.5043103448275862,0.7258213494959966,0.4888888888888889,0.0,0.0,0.0,0.0,0.0,0.0,0.0,0.0,0.0,2002,radio,0.5
2,2,lr5e-05_bs16_modL1_fusion64_fusionL1_drop0p2_trmiss50_trlocradio,16,5e-05,1,64,1,0.2,lr5e-05_bs16_modL1_fusion64_fusionL1_drop0p2_trmiss50_trlocradio,15,0.6118880013624827,0.7248170574506124,0.5021551724137931,0.7140737353743107,0.5111111111111111,0.0,0.0,0.0,0.0,0.0,0.0,0.0,0.0,0.0,2002,radio,0.5
2,2,lr5e-05_bs16_modL1_fusion64_fusionL1_drop0p2_trmiss50_trlocradio,16,5e-05,1,64,1,0.2,lr5e-05_bs16_modL1_fusion64_fusionL1_drop0p2_trmiss50_trlocradio,16,0.6373368302981058,0.7247623999913534,0.48275862068965525,0.6952565907473532,0.4888888888888889,0.0,0.0,0.0,0.0,0.0,0.0,0.0,0.0,0.0,2002,radio,0.5
2,2,lr5e-05_bs16_modL1_fusion64_fusionL1_drop0p2_trmiss50_trlocradio,16,5e-05,1,64,1,0.2,lr5e-05_bs16_modL1_fusion64_fusionL1_drop0p2_trmiss50_trlocradio,17,0.5980280091365179,0.726285437742869,0.49784482758620685,0.7033888739000446,0.5111111111111111,0.0,0.0,0.0,0.0,0.0,0.0,0.0,0.0,0.0,2002,radio,0.5
2,2,lr5e-05_bs16_modL1_fusion64_fusionL1_drop0p2_trmiss50_trlocradio,16,5e-05,1,64,1,0.2,lr5e-05_bs16_modL1_fusion64_fusionL1_drop0p2_trmiss50_trlocradio,18,0.5821189234654108,0.7172230084737142,0.5064655172413792,0.7095074084960019,0.5111111111111111,0.0,0.0,0.0,0.0,0.0,0.0,0.0,0.0,0.0,2002,radio,0.5
2,2,lr5e-05_bs16_modL1_fusion64_fusionL1_drop0p2_trmiss50_trlocradio,16,5e-05,1,64,1,0.2,lr5e-05_bs16_modL1_fusion64_fusionL1_drop0p2_trmiss50_trlocradio,19,0.5769784649213155,0.720072070757548,0.4978448275862069,0.701474359488664,0.5333333333333333,0.0,0.0,0.0,0.0,0.0,0.0,0.0,0.0,0.0,2002,radio,0.5
2,2,lr5e-05_bs16_modL1_fusion64_fusionL1_drop0p2_trmiss50_trlocradio,16,5e-05,1,64,1,0.2,lr5e-05_bs16_modL1_fusion64_fusionL1_drop0p2_trmiss50_trlocradio,20,0.5690998608867327,0.7278649806976318,0.4762931034482758,0.6972588423755631,0.5333333333333333,0.0,0.0,0.0,0.0,0.0,0.0,0.0,0.0,0.0,2002,radio,0.5
2,2,lr5e-05_bs16_modL1_fusion64_fusionL1_drop0p2_trmiss50_trlocradio,16,5e-05,1,64,1,0.2,lr5e-05_bs16_modL1_fusion64_fusionL1_drop0p2_trmiss50_trlocradio,21,0.5702597200870514,0.7246050238609314,0.4762931034482759,0.7008197169618259,0.5111111111111111,0.0,0.0,0.0,0.0,0.0,0.0,0.0,0.0,0.0,2002,radio,0.5
2,2,lr5e-05_bs16_modL1_fusion64_fusionL1_drop0p2_trmiss50_trlocradio,16,5e-05,1,64,1,0.2,lr5e-05_bs16_modL1_fusion64_fusionL1_drop0p2_trmiss50_trlocradio,22,0.5809753437836965,0.7244936029116312,0.47629310344827586,0.6916939943564914,0.4888888888888889,0.0,0.0,0.0,0.0,0.0,0.0,0.0,0.0,0.0,2002,radio,0.5
2,2,lr5e-05_bs16_modL1_fusion64_fusionL1_drop0p2_trmiss50_trlocradio,16,5e-05,1,64,1,0.2,lr5e-05_bs16_modL1_fusion64_fusionL1_drop0p2_trmiss50_trlocradio,23,0.5703226427237192,0.7287036379178365,0.47629310344827586,0.6864879677832981,0.4666666666666667,0.0,0.0,0.0,0.0,0.0,0.0,0.0,0.0,0.0,2002,radio,0.5
2,2,lr5e-05_bs16_modL1_fusion64_fusionL1_drop0p2_trmiss50_trlocradio,16,5e-05,1,64,1,0.2,lr5e-05_bs16_modL1_fusion64_fusionL1_drop0p2_trmiss50_trlocradio,24,0.5575214376052221,0.7228844960530599,0.4870689655172414,0.6982129715098038,0.5333333333333333,0.0,0.0,0.0,0.0,0.0,0.0,0.0,0.0,0.0,2002,radio,0.5
2,2,lr5e-05_bs16_modL1_fusion64_fusionL1_drop0p2_trmiss50_trlocradio,16,5e-05,1,64,1,0.2,lr5e-05_bs16_modL1_fusion64_fusionL1_drop0p2_trmiss50_trlocradio,25,0.5768997122844061,0.7237742940584818,0.5,0.7042378392031418,0.5333333333333333,0.0,0.0,0.0,0.0,0.0,0.0,0.0,0.0,0.0,2002,radio,0.5
2,2,lr5e-05_bs16_modL1_fusion64_fusionL1_drop0p2_trmiss50_trlocradio,16,5e-05,1,64,1,0.2,lr5e-05_bs16_modL1_fusion64_fusionL1_drop0p2_trmiss50_trlocradio,26,0.5760246763626734,0.7232855757077535,0.5021551724137931,0.6987736077386913,0.5111111111111111,0.0,0.0,0.0,0.0,0.0,0.0,0.0,0.0,0.0,2002,radio,0.5
2,2,lr5e-05_bs16_modL1_fusion64_fusionL1_drop0p2_trmiss50_trlocradio,16,5e-05,1,64,1,0.2,lr5e-05_bs16_modL1_fusion64_fusionL1_drop0p2_trmiss50_trlocradio,27,0.579168493549029,0.7207263906796774,0.49568965517241376,0.7057976033313551,0.5333333333333333,0.0,0.0,0.0,0.0,0.0,0.0,0.0,0.0,0.0,2002,radio,0.5
2,2,lr5e-05_bs16_modL1_fusion64_fusionL1_drop0p2_trmiss50_trlocradio,16,5e-05,1,64,1,0.2,lr5e-05_bs16_modL1_fusion64_fusionL1_drop0p2_trmiss50_trlocradio,28,0.5574339181184769,0.7203422586123148,0.5043103448275863,0.7127729519582464,0.5555555555555556,0.0,0.0,0.0,0.0,0.0,0.0,0.0,0.0,0.0,2002,radio,0.5
2,2,lr5e-05_bs16_modL1_fusion64_fusionL1_drop0p2_trmiss50_trlocradio,16,5e-05,1,64,1,0.2,lr5e-05_bs16_modL1_fusion64_fusionL1_drop0p2_trmiss50_trlocradio,29,0.5580638547738394,0.7259766062100729,0.4978448275862069,0.7053427054101964,0.5555555555555556,0.0,0.0,0.0,0.0,0.0,0.0,0.0,0.0,0.0,2002,radio,0.5
2,2,lr5e-05_bs16_modL1_fusion64_fusionL1_drop0p2_trmiss50_trlocradio,16,5e-05,1,64,1,0.2,lr5e-05_bs16_modL1_fusion64_fusionL1_drop0p2_trmiss50_trlocradio,30,0.5423857768376669,0.7104182243347168,0.5043103448275862,0.7087342085928956,0.5333333333333333,0.0,0.0,0.0,0.0,0.0,0.0,0.0,0.0,0.0,2002,radio,0.5
2,2,lr5e-05_bs16_modL1_fusion64_fusionL1_drop0p2_trmiss50_trlocradio,16,5e-05,1,64,1,0.2,lr5e-05_bs16_modL1_fusion64_fusionL1_drop0p2_trmiss50_trlocradio,31,0.5453462948401769,0.7086882591247559,0.49137931034482757,0.7018335353969659,0.5555555555555556,0.0,0.0,0.0,0.0,0.0,0.0,0.0,0.0,0.0,2002,radio,0.5
2,2,lr5e-05_bs16_modL1_fusion64_fusionL1_drop0p2_trmiss50_trlocradio,16,5e-05,1,64,1,0.2,lr5e-05_bs16_modL1_fusion64_fusionL1_drop0p2_trmiss50_trlocradio,32,0.5380621080597242,0.7180485526720682,0.4870689655172414,0.7005415039017847,0.5333333333333333,0.0,0.0,0.0,0.0,0.0,0.0,0.0,0.0,0.0,2002,radio,0.5
2,2,lr5e-05_bs16_modL1_fusion64_fusionL1_drop0p2_trmiss50_trlocradio,16,5e-05,1,64,1,0.2,lr5e-05_bs16_modL1_fusion64_fusionL1_drop0p2_trmiss50_trlocradio,33,0.5425679211815199,0.7242846886316935,0.5,0.6990255439363681,0.5333333333333333,0.0,0.0,0.0,0.0,0.0,0.0,0.0,0.0,0.0,2002,radio,0.5
2,2,lr5e-05_bs16_modL1_fusion64_fusionL1_drop0p1_trmiss50_trlocradio,16,5e-05,1,64,1,0.1,lr5e-05_bs16_modL1_fusion64_fusionL1_drop0p1_trmiss50_trlocradio,1,0.6930184016625086,0.6642224589983622,0.5732758620689655,0.7279368390881825,0.6222222222222222,0.0,0.0,0.0,0.0,0.0,0.0,0.0,0.0,0.0,2002,radio,0.5
2,2,lr5e-05_bs16_modL1_fusion64_fusionL1_drop0p1_trmiss50_trlocradio,16,5e-05,1,64,1,0.1,lr5e-05_bs16_modL1_fusion64_fusionL1_drop0p1_trmiss50_trlocradio,2,0.6519568165143331,0.6622706254323324,0.5668103448275861,0.7192835929135782,0.6,0.0,0.0,0.0,0.0,0.0,0.0,0.0,0.0,0.0,2002,radio,0.5
2,2,lr5e-05_bs16_modL1_fusion64_fusionL1_drop0p1_trmiss50_trlocradio,16,5e-05,1,64,1,0.1,lr5e-05_bs16_modL1_fusion64_fusionL1_drop0p1_trmiss50_trlocradio,3,0.6227127611637115,0.654300590356191,0.5732758620689655,0.7206704941058487,0.6444444444444445,0.0,0.0,0.0,0.0,0.0,0.0,0.0,0.0,0.0,2002,radio,0.5
2,2,lr5e-05_bs16_modL1_fusion64_fusionL1_drop0p1_trmiss50_trlocradio,16,5e-05,1,64,1,0.1,lr5e-05_bs16_modL1_fusion64_fusionL1_drop0p1_trmiss50_trlocradio,4,0.6111974368492762,0.6439779003461202,0.627155172413793,0.7517702276235844,0.6444444444444445,0.0,0.0,0.0,0.0,0.0,0.0,0.0,0.0,0.0,2002,radio,0.5
2,2,lr5e-05_bs16_modL1_fusion64_fusionL1_drop0p1_trmiss50_trlocradio,16,5e-05,1,64,1,0.1,lr5e-05_bs16_modL1_fusion64_fusionL1_drop0p1_trmiss50_trlocradio,5,0.619788815577825,0.637937088807424,0.6142241379310345,0.7633765163875892,0.6666666666666666,0.0,0.0,0.0,0.0,0.0,0.0,0.0,0.0,0.0,2002,radio,0.5
2,2,lr5e-05_bs16_modL1_fusion64_fusionL1_drop0p1_trmiss50_trlocradio,16,5e-05,1,64,1,0.1,lr5e-05_bs16_modL1_fusion64_fusionL1_drop0p1_trmiss50_trlocradio,6,0.5984837214152018,0.644743541876475,0.5926724137931035,0.7498550874671194,0.6444444444444445,0.0,0.0,0.0,0.0,0.0,0.0,0.0,0.0,0.0,2002,radio,0.5
2,2,lr5e-05_bs16_modL1_fusion64_fusionL1_drop0p1_trmiss50_trlocradio,16,5e-05,1,64,1,0.1,lr5e-05_bs16_modL1_fusion64_fusionL1_drop0p1_trmiss50_trlocradio,7,0.5566863268613815,0.6463298002878824,0.5948275862068966,0.74405427269197,0.6444444444444445,0.0,0.0,0.0,0.0,0.0,0.0,0.0,0.0,0.0,2002,radio,0.5
2,2,lr5e-05_bs16_modL1_fusion64_fusionL1_drop0p1_trmiss50_trlocradio,16,5e-05,1,64,1,0.1,lr5e-05_bs16_modL1_fusion64_fusionL1_drop0p1_trmiss50_trlocradio,8,0.5614768713712692,0.6467035015424093,0.5926724137931034,0.7458031222278966,0.6222222222222222,0.0,0.0,0.0,0.0,0.0,0.0,0.0,0.0,0.0,2002,radio,0.5
2,2,lr5e-05_bs16_modL1_fusion64_fusionL1_drop0p1_trmiss50_trlocradio,16,5e-05,1,64,1,0.1,lr5e-05_bs16_modL1_fusion64_fusionL1_drop0p1_trmiss50_trlocradio,9,0.5418832376599312,0.647712250550588,0.5969827586206896,0.7579240932365047,0.6,0.0,0.0,0.0,0.0,0.0,0.0,0.0,0.0,0.0,2002,radio,0.5
2,2,lr5e-05_bs16_modL1_fusion64_fusionL1_drop0p1_trmiss50_trlocradio,16,5e-05,1,64,1,0.1,lr5e-05_bs16_modL1_fusion64_fusionL1_drop0p1_trmiss50_trlocradio,10,0.5275587737560272,0.645158847173055,0.584051724137931,0.7464151927042216,0.6,0.0,0.0,0.0,0.0,0.0,0.0,0.0,0.0,0.0,2002,radio,0.5
2,2,lr5e-05_bs16_modL1_fusion64_fusionL1_drop0p1_trmiss50_trlocradio,16,5e-05,1,64,1,0.1,lr5e-05_bs16_modL1_fusion64_fusionL1_drop0p1_trmiss50_trlocradio,11,0.5163869659105936,0.6400895118713379,0.5969827586206897,0.760270844751741,0.6,0.0,0.0,0.0,0.0,0.0,0.0,0.0,0.0,0.0,2002,radio,0.5
2,2,lr5e-05_bs16_modL1_fusion64_fusionL1_drop0p1_trmiss50_trlocradio,16,5e-05,1,64,1,0.1,lr5e-05_bs16_modL1_fusion64_fusionL1_drop0p1_trmiss50_trlocradio,12,0.5148266231020292,0.6393269499142965,0.603448275862069,0.771437224824042,0.6,0.0,0.0,0.0,0.0,0.0,0.0,0.0,0.0,0.0,2002,radio,0.5
2,2,lr5e-05_bs16_modL1_fusion64_fusionL1_drop0p1_trmiss50_trlocradio,16,5e-05,1,64,1,0.1,lr5e-05_bs16_modL1_fusion64_fusionL1_drop0p1_trmiss50_trlocradio,13,0.5278395886222521,0.6366209189097086,0.584051724137931,0.7614068197255579,0.6,0.0,0.0,0.0,0.0,0.0,0.0,0.0,0.0,0.0,2002,radio,0.5
2,2,lr5e-05_bs16_modL1_fusion64_fusionL1_drop0p1_trmiss50_trlocradio,16,5e-05,1,64,1,0.1,lr5e-05_bs16_modL1_fusion64_fusionL1_drop0p1_trmiss50_trlocradio,14,0.4978014553586642,0.6357722679773966,0.5948275862068966,0.7646805003899539,0.6222222222222222,0.0,0.0,0.0,0.0,0.0,0.0,0.0,0.0,0.0,2002,radio,0.5
2,2,lr5e-05_bs16_modL1_fusion64_fusionL1_drop0p1_trmiss50_trlocradio,16,5e-05,1,64,1,0.1,lr5e-05_bs16_modL1_fusion64_fusionL1_drop0p1_trmiss50_trlocradio,15,0.5007340237498283,0.6416727701822916,0.5732758620689654,0.7555823856743007,0.6444444444444445,0.0,0.0,0.0,0.0,0.0,0.0,0.0,0.0,0.0,2002,radio,0.5
2,2,lr5e-05_bs16_modL1_fusion64_fusionL1_drop0p1_trmiss50_trlocradio,16,5e-05,1,64,1,0.1,lr5e-05_bs16_modL1_fusion64_fusionL1_drop0p1_trmiss50_trlocradio,16,0.503066306312879,0.6418749888737997,0.5711206896551724,0.7528940417892023,0.6222222222222222,0.0,0.0,0.0,0.0,0.0,0.0,0.0,0.0,0.0,2002,radio,0.5
2,2,lr5e-05_bs16_modL1_fusion64_fusionL1_drop0p1_trmiss50_trlocradio,16,5e-05,1,64,1,0.1,lr5e-05_bs16_modL1_fusion64_fusionL1_drop0p1_trmiss50_trlocradio,17,0.49677424629529315,0.6374170382817587,0.5775862068965517,0.759133047130923,0.6222222222222222,0.0,0.0,0.0,0.0,0.0,0.0,0.0,0.0,0.0,2002,radio,0.5
2,2,lr5e-05_bs16_modL1_fusion64_fusionL1_drop0p1_trmiss50_trlocradio,16,5e-05,1,64,1,0.1,lr5e-05_bs16_modL1_fusion64_fusionL1_drop0p1_trmiss50_trlocradio,18,0.49002111206452054,0.6425845424334208,0.5625,0.7521265655445446,0.6,0.0,0.0,0.0,0.0,0.0,0.0,0.0,0.0,0.0,2002,radio,0.5
2,2,lr5e-05_bs16_modL1_fusion64_fusionL1_drop0p1_trmiss50_trlocradio,16,5e-05,1,64,1,0.1,lr5e-05_bs16_modL1_fusion64_fusionL1_drop0p1_trmiss50_trlocradio,19,0.49501961718002957,0.6488135059674581,0.543103448275862,0.741665049335152,0.5777777777777777,0.0,0.0,0.0,0.0,0.0,0.0,0.0,0.0,0.0,2002,radio,0.5
2,2,lr5e-05_bs16_modL1_fusion64_fusionL1_drop0p1_trmiss50_trlocradio,16,5e-05,1,64,1,0.1,lr5e-05_bs16_modL1_fusion64_fusionL1_drop0p1_trmiss50_trlocradio,20,0.4855048283934593,0.6403523882230123,0.5689655172413792,0.75026309485606,0.5777777777777777,0.0,0.0,0.0,0.0,0.0,0.0,0.0,0.0,0.0,2002,radio,0.5
2,2,lr5e-05_bs16_modL1_fusion64_fusionL1_drop0p1_trmiss50_trlocradio,16,5e-05,1,64,1,0.1,lr5e-05_bs16_modL1_fusion64_fusionL1_drop0p1_trmiss50_trlocradio,21,0.4865687961379687,0.643511692682902,0.5797413793103449,0.7555807197244369,0.5555555555555556,0.0,0.0,0.0,0.0,0.0,0.0,0.0,0.0,0.0,2002,radio,0.5
2,2,lr5e-05_bs16_modL1_fusion64_fusionL1_drop0p1_trmiss50_trlocradio,16,5e-05,1,64,1,0.1,lr5e-05_bs16_modL1_fusion64_fusionL1_drop0p1_trmiss50_trlocradio,22,0.48299093047777814,0.6447280446688334,0.5625,0.7433145971909891,0.6,0.0,0.0,0.0,0.0,0.0,0.0,0.0,0.0,0.0,2002,radio,0.5
2,2,lr5e-05_bs16_modL1_fusion64_fusionL1_drop0p1_trmiss50_trlocradio,16,5e-05,1,64,1,0.1,lr5e-05_bs16_modL1_fusion64_fusionL1_drop0p1_trmiss50_trlocradio,23,0.4690906157096227,0.6443549791971842,0.5560344827586207,0.7399841538526248,0.6444444444444445,0.0,0.0,0.0,0.0,0.0,0.0,0.0,0.0,0.0,2002,radio,0.5
2,2,lr5e-05_bs16_modL1_fusion64_fusionL1_drop0p1_trmiss50_trlocradio,16,5e-05,1,64,1,0.1,lr5e-05_bs16_modL1_fusion64_fusionL1_drop0p1_trmiss50_trlocradio,24,0.4486192812522252,0.644973079363505,0.5625,0.7484896984069733,0.5555555555555556,0.0,0.0,0.0,0.0,0.0,0.0,0.0,0.0,0.0,2002,radio,0.5
2,2,lr5e-05_bs16_modL1_fusion64_fusionL1_drop0p1_trmiss50_trlocradio,16,5e-05,1,64,1,0.1,lr5e-05_bs16_modL1_fusion64_fusionL1_drop0p1_trmiss50_trlocradio,25,0.4658605034152667,0.6434853871663412,0.5581896551724138,0.7471928244866344,0.5555555555555556,0.0,0.0,0.0,0.0,0.0,0.0,0.0,0.0,0.0,2002,radio,0.5
2,2,lr1e-04_bs16_modL1_fusion32_fusionL1_drop0p2_trmiss50_trlocradio,16,0.0001,1,32,1,0.2,lr1e-04_bs16_modL1_fusion32_fusionL1_drop0p2_trmiss50_trlocradio,1,0.7797271609306335,0.7324085831642151,0.3642241379310345,0.5990310514010131,0.37777777777777777,0.0,0.0,0.0,0.0,0.0,0.0,0.0,0.0,0.0,2002,radio,0.5
2,2,lr1e-04_bs16_modL1_fusion32_fusionL1_drop0p2_trmiss50_trlocradio,16,0.0001,1,32,1,0.2,lr1e-04_bs16_modL1_fusion32_fusionL1_drop0p2_trmiss50_trlocradio,2,0.7329409768184026,0.7359323302904764,0.43965517241379315,0.6476556902500045,0.35555555555555557,0.0,0.0,0.0,0.0,0.0,0.0,0.0,0.0,0.0,2002,radio,0.5
2,2,lr1e-04_bs16_modL1_fusion32_fusionL1_drop0p2_trmiss50_trlocradio,16,0.0001,1,32,1,0.2,lr1e-04_bs16_modL1_fusion32_fusionL1_drop0p2_trmiss50_trlocradio,3,0.7059546212355295,0.7402629653612772,0.4331896551724138,0.644464217256288,0.4,0.0,0.0,0.0,0.0,0.0,0.0,0.0,0.0,0.0,2002,radio,0.5
2,2,lr1e-04_bs16_modL1_fusion32_fusionL1_drop0p2_trmiss50_trlocradio,16,0.0001,1,32,1,0.2,lr1e-04_bs16_modL1_fusion32_fusionL1_drop0p2_trmiss50_trlocradio,4,0.7063862433036169,0.7411956588427225,0.46336206896551724,0.680866522097112,0.4222222222222222,0.0,0.0,0.0,0.0,0.0,0.0,0.0,0.0,0.0,2002,radio,0.5
2,2,lr1e-04_bs16_modL1_fusion32_fusionL1_drop0p2_trmiss50_trlocradio,16,0.0001,1,32,1,0.2,lr1e-04_bs16_modL1_fusion32_fusionL1_drop0p2_trmiss50_trlocradio,5,0.6785074373086294,0.7295531829198202,0.4762931034482759,0.6858057344959153,0.37777777777777777,0.0,0.0,0.0,0.0,0.0,0.0,0.0,0.0,0.0,2002,radio,0.5
2,2,lr1e-04_bs16_modL1_fusion32_fusionL1_drop0p2_trmiss50_trlocradio,16,0.0001,1,32,1,0.2,lr1e-04_bs16_modL1_fusion32_fusionL1_drop0p2_trmiss50_trlocradio,6,0.6488084892431895,0.7261373003323873,0.47413793103448276,0.6816535279562185,0.37777777777777777,0.0,0.0,0.0,0.0,0.0,0.0,0.0,0.0,0.0,2002,radio,0.5
2,2,lr1e-04_bs16_modL1_fusion32_fusionL1_drop0p2_trmiss50_trlocradio,16,0.0001,1,32,1,0.2,lr1e-04_bs16_modL1_fusion32_fusionL1_drop0p2_trmiss50_trlocradio,7,0.6324256906906763,0.7187986771265665,0.4633620689655173,0.6480918666385658,0.4222222222222222,0.0,0.0,0.0,0.0,0.0,0.0,0.0,0.0,0.0,2002,radio,0.5
2,2,lr1e-04_bs16_modL1_fusion32_fusionL1_drop0p2_trmiss50_trlocradio,16,0.0001,1,32,1,0.2,lr1e-04_bs16_modL1_fusion32_fusionL1_drop0p2_trmiss50_trlocradio,8,0.6588931282361349,0.7328024506568909,0.46551724137931033,0.6642488847229098,0.4444444444444444,0.0,0.0,0.0,0.0,0.0,0.0,0.0,0.0,0.0,2002,radio,0.5
2,2,lr1e-04_bs16_modL1_fusion32_fusionL1_drop0p2_trmiss50_trlocradio,16,0.0001,1,32,1,0.2,lr1e-04_bs16_modL1_fusion32_fusionL1_drop0p2_trmiss50_trlocradio,9,0.6323041965564092,0.7336965203285217,0.45043103448275856,0.662727135530439,0.4222222222222222,0.0,0.0,0.0,0.0,0.0,0.0,0.0,0.0,0.0,2002,radio,0.5
2,2,lr1e-04_bs16_modL1_fusion32_fusionL1_drop0p2_trmiss50_trlocradio,16,0.0001,1,32,1,0.2,lr1e-04_bs16_modL1_fusion32_fusionL1_drop0p2_trmiss50_trlocradio,10,0.6364073902368546,0.723234236240387,0.5172413793103448,0.7095249299793083,0.4444444444444444,0.0,0.0,0.0,0.0,0.0,0.0,0.0,0.0,0.0,2002,radio,0.5
2,2,lr1e-04_bs16_modL1_fusion32_fusionL1_drop0p2_trmiss50_trlocradio,16,0.0001,1,32,1,0.2,lr1e-04_bs16_modL1_fusion32_fusionL1_drop0p2_trmiss50_trlocradio,11,0.597523033618927,0.7170973420143127,0.5323275862068966,0.7046502907720696,0.4222222222222222,0.0,0.0,0.0,0.0,0.0,0.0,0.0,0.0,0.0,2002,radio,0.5
2,2,lr1e-04_bs16_modL1_fusion32_fusionL1_drop0p2_trmiss50_trlocradio,16,0.0001,1,32,1,0.2,lr1e-04_bs16_modL1_fusion32_fusionL1_drop0p2_trmiss50_trlocradio,12,0.5875179519255956,0.7176993290583292,0.5237068965517241,0.6993634287213996,0.4222222222222222,0.0,0.0,0.0,0.0,0.0,0.0,0.0,0.0,0.0,2002,radio,0.5
2,2,lr1e-04_bs16_modL1_fusion32_fusionL1_drop0p2_trmiss50_trlocradio,16,0.0001,1,32,1,0.2,lr1e-04_bs16_modL1_fusion32_fusionL1_drop0p2_trmiss50_trlocradio,13,0.5843241314093272,0.722221851348877,0.5258620689655172,0.7022240533098735,0.4666666666666667,0.0,0.0,0.0,0.0,0.0,0.0,0.0,0.0,0.0,2002,radio,0.5
2,2,lr1e-04_bs16_modL1_fusion32_fusionL1_drop0p2_trmiss50_trlocradio,16,0.0001,1,32,1,0.2,lr1e-04_bs16_modL1_fusion32_fusionL1_drop0p2_trmiss50_trlocradio,14,0.5804637720187505,0.7154224117596945,0.5280172413793103,0.6930327944097276,0.4666666666666667,0.0,0.0,0.0,0.0,0.0,0.0,0.0,0.0,0.0,2002,radio,0.5
2,2,lr1e-04_bs16_modL1_fusion32_fusionL1_drop0p2_trmiss50_trlocradio,16,0.0001,1,32,1,0.2,lr1e-04_bs16_modL1_fusion32_fusionL1_drop0p2_trmiss50_trlocradio,15,0.5703120032946268,0.7198602159818014,0.5129310344827587,0.6673686434959192,0.4666666666666667,0.0,0.0,0.0,0.0,0.0,0.0,0.0,0.0,0.0,2002,radio,0.5
2,2,lr1e-04_bs16_modL1_fusion32_fusionL1_drop0p2_trmiss50_trlocradio,16,0.0001,1,32,1,0.2,lr1e-04_bs16_modL1_fusion32_fusionL1_drop0p2_trmiss50_trlocradio,16,0.5667446504036585,0.7198479970296224,0.5107758620689655,0.6684644281663552,0.4222222222222222,0.0,0.0,0.0,0.0,0.0,0.0,0.0,0.0,0.0,2002,radio,0.5
2,2,lr1e-04_bs16_modL1_fusion32_fusionL1_drop0p2_trmiss50_trlocradio,16,0.0001,1,32,1,0.2,lr1e-04_bs16_modL1_fusion32_fusionL1_drop0p2_trmiss50_trlocradio,17,0.5432335535685221,0.7125374674797058,0.5150862068965518,0.6644649838080956,0.4666666666666667,0.0,0.0,0.0,0.0,0.0,0.0,0.0,0.0,0.0,2002,radio,0.5
2,2,lr1e-04_bs16_modL1_fusion32_fusionL1_drop0p2_trmiss50_trlocradio,16,0.0001,1,32,1,0.2,lr1e-04_bs16_modL1_fusion32_fusionL1_drop0p2_trmiss50_trlocradio,18,0.5293663516640663,0.7060311436653137,0.5387931034482758,0.6710887094497764,0.4666666666666667,0.0,0.0,0.0,0.0,0.0,0.0,0.0,0.0,0.0,2002,radio,0.5
2,2,lr1e-04_bs16_modL1_fusion32_fusionL1_drop0p2_trmiss50_trlocradio,16,0.0001,1,32,1,0.2,lr1e-04_bs16_modL1_fusion32_fusionL1_drop0p2_trmiss50_trlocradio,19,0.516544483602047,0.7061273256937662,0.540948275862069,0.6744040632777675,0.5111111111111111,0.0,0.0,0.0,0.0,0.0,0.0,0.0,0.0,0.0,2002,radio,0.5
2,2,lr1e-04_bs16_modL1_fusion32_fusionL1_drop0p2_trmiss50_trlocradio,16,0.0001,1,32,1,0.2,lr1e-04_bs16_modL1_fusion32_fusionL1_drop0p2_trmiss50_trlocradio,20,0.5323456848661104,0.7032846212387085,0.5387931034482758,0.6795639138030882,0.5333333333333333,0.0,0.0,0.0,0.0,0.0,0.0,0.0,0.0,0.0,2002,radio,0.5
2,2,lr1e-04_bs16_modL1_fusion32_fusionL1_drop0p2_trmiss50_trlocradio,16,0.0001,1,32,1,0.2,lr1e-04_bs16_modL1_fusion32_fusionL1_drop0p2_trmiss50_trlocradio,21,0.5259366681178411,0.6982511878013611,0.5538793103448276,0.6906937059185396,0.5333333333333333,0.0,0.0,0.0,0.0,0.0,0.0,0.0,0.0,0.0,2002,radio,0.5
2,2,lr1e-04_bs16_modL1_fusion32_fusionL1_drop0p2_trmiss50_trlocradio,16,0.0001,1,32,1,0.2,lr1e-04_bs16_modL1_fusion32_fusionL1_drop0p2_trmiss50_trlocradio,22,0.5104352285464605,0.7082374890645345,0.5581896551724138,0.7052380171503689,0.5111111111111111,0.0,0.0,0.0,0.0,0.0,0.0,0.0,0.0,0.0,2002,radio,0.5
2,2,lr1e-04_bs16_modL1_fusion32_fusionL1_drop0p2_trmiss50_trlocradio,16,0.0001,1,32,1,0.2,lr1e-04_bs16_modL1_fusion32_fusionL1_drop0p2_trmiss50_trlocradio,23,0.49795476347208023,0.7035478552182516,0.5668103448275862,0.7040782760577495,0.5333333333333333,0.0,0.0,0.0,0.0,0.0,0.0,0.0,0.0,0.0,2002,radio,0.5
2,2,lr1e-04_bs16_modL1_fusion32_fusionL1_drop0p2_trmiss50_trlocradio,16,0.0001,1,32,1,0.2,lr1e-04_bs16_modL1_fusion32_fusionL1_drop0p2_trmiss50_trlocradio,24,0.5188660348455111,0.7141120433807373,0.6012931034482759,0.7364193148431775,0.4888888888888889,0.0,0.0,0.0,0.0,0.0,0.0,0.0,0.0,0.0,2002,radio,0.5
2,2,lr1e-04_bs16_modL1_fusion32_fusionL1_drop0p2_trmiss50_trlocradio,16,0.0001,1,32,1,0.2,lr1e-04_bs16_modL1_fusion32_fusionL1_drop0p2_trmiss50_trlocradio,25,0.49570003648598987,0.6993891994158427,0.6185344827586208,0.7431193637424311,0.5111111111111111,0.0,0.0,0.0,0.0,0.0,0.0,0.0,0.0,0.0,2002,radio,0.5
2,2,lr1e-04_bs16_modL1_fusion32_fusionL1_drop0p2_trmiss50_trlocradio,16,0.0001,1,32,1,0.2,lr1e-04_bs16_modL1_fusion32_fusionL1_drop0p2_trmiss50_trlocradio,26,0.49608634660641354,0.705798327922821,0.5689655172413793,0.7277871713119233,0.5777777777777777,0.0,0.0,0.0,0.0,0.0,0.0,0.0,0.0,0.0,2002,radio,0.5
2,2,lr1e-04_bs16_modL1_fusion32_fusionL1_drop0p2_trmiss50_trlocradio,16,0.0001,1,32,1,0.2,lr1e-04_bs16_modL1_fusion32_fusionL1_drop0p2_trmiss50_trlocradio,27,0.4859261338909467,0.7061463991800944,0.584051724137931,0.7354264385544715,0.5555555555555556,0.0,0.0,0.0,0.0,0.0,0.0,0.0,0.0,0.0,2002,radio,0.5
2,2,lr1e-04_bs16_modL1_fusion32_fusionL1_drop0p2_trmiss50_trlocradio,16,0.0001,1,32,1,0.2,lr1e-04_bs16_modL1_fusion32_fusionL1_drop0p2_trmiss50_trlocradio,28,0.4593222066760063,0.6983817021052042,0.5862068965517242,0.7342002677060682,0.5777777777777777,0.0,0.0,0.0,0.0,0.0,0.0,0.0,0.0,0.0,2002,radio,0.5
2,2,lr1e-04_bs16_modL1_fusion32_fusionL1_drop0p2_trmiss50_trlocradio,16,0.0001,1,32,1,0.2,lr1e-04_bs16_modL1_fusion32_fusionL1_drop0p2_trmiss50_trlocradio,29,0.46422697852055234,0.6964362064997355,0.6120689655172413,0.7395312879889779,0.6222222222222222,0.0,0.0,0.0,0.0,0.0,0.0,0.0,0.0,0.0,2002,radio,0.5
2,2,lr1e-04_bs16_modL1_fusion32_fusionL1_drop0p2_trmiss50_trlocradio,16,0.0001,1,32,1,0.2,lr1e-04_bs16_modL1_fusion32_fusionL1_drop0p2_trmiss50_trlocradio,30,0.4597766846418381,0.6931827465693156,0.6336206896551724,0.7525881975631916,0.6222222222222222,0.0,0.0,0.0,0.0,0.0,0.0,0.0,0.0,0.0,2002,radio,0.5
2,2,lr1e-04_bs16_modL1_fusion32_fusionL1_drop0p2_trmiss50_trlocradio,16,0.0001,1,32,1,0.2,lr1e-04_bs16_modL1_fusion32_fusionL1_drop0p2_trmiss50_trlocradio,31,0.45554883529742557,0.6874713897705078,0.6185344827586207,0.7428594370275114,0.5555555555555556,0.0,0.0,0.0,0.0,0.0,0.0,0.0,0.0,0.0,2002,radio,0.5
2,2,lr1e-04_bs16_modL1_fusion32_fusionL1_drop0p2_trmiss50_trlocradio,16,0.0001,1,32,1,0.2,lr1e-04_bs16_modL1_fusion32_fusionL1_drop0p2_trmiss50_trlocradio,32,0.43753565351168316,0.6873581608136495,0.603448275862069,0.7330372710583835,0.5555555555555556,0.0,0.0,0.0,0.0,0.0,0.0,0.0,0.0,0.0,2002,radio,0.5
2,2,lr1e-04_bs16_modL1_fusion32_fusionL1_drop0p2_trmiss50_trlocradio,16,0.0001,1,32,1,0.2,lr1e-04_bs16_modL1_fusion32_fusionL1_drop0p2_trmiss50_trlocradio,33,0.4368691146373749,0.7020134925842285,0.5797413793103448,0.7213116627899927,0.6,0.0,0.0,0.0,0.0,0.0,0.0,0.0,0.0,0.0,2002,radio,0.5
2,2,lr1e-04_bs16_modL1_fusion32_fusionL1_drop0p2_trmiss50_trlocradio,16,0.0001,1,32,1,0.2,lr1e-04_bs16_modL1_fusion32_fusionL1_drop0p2_trmiss50_trlocradio,34,0.4507983202735583,0.688752551873525,0.6185344827586207,0.7479313160377219,0.5777777777777777,0.0,0.0,0.0,0.0,0.0,0.0,0.0,0.0,0.0,2002,radio,0.5
2,2,lr1e-04_bs16_modL1_fusion32_fusionL1_drop0p2_trmiss50_trlocradio,16,0.0001,1,32,1,0.2,lr1e-04_bs16_modL1_fusion32_fusionL1_drop0p2_trmiss50_trlocradio,35,0.42396320154269534,0.6765506466229757,0.6422413793103448,0.7630197156202561,0.6222222222222222,0.0,0.0,0.0,0.0,0.0,0.0,0.0,0.0,0.0,2002,radio,0.5
2,2,lr1e-04_bs16_modL1_fusion32_fusionL1_drop0p2_trmiss50_trlocradio,16,0.0001,1,32,1,0.2,lr1e-04_bs16_modL1_fusion32_fusionL1_drop0p2_trmiss50_trlocradio,36,0.4251609817147255,0.6883190075556437,0.5948275862068966,0.732231362334919,0.6,0.0,0.0,0.0,0.0,0.0,0.0,0.0,0.0,0.0,2002,radio,0.5
2,2,lr1e-04_bs16_modL1_fusion32_fusionL1_drop0p2_trmiss50_trlocradio,16,0.0001,1,32,1,0.2,lr1e-04_bs16_modL1_fusion32_fusionL1_drop0p2_trmiss50_trlocradio,37,0.4320933173100154,0.6942405502001444,0.6012931034482758,0.740546474366579,0.6,0.0,0.0,0.0,0.0,0.0,0.0,0.0,0.0,0.0,2002,radio,0.5
2,2,lr1e-04_bs16_modL1_fusion32_fusionL1_drop0p2_trmiss50_trlocradio,16,0.0001,1,32,1,0.2,lr1e-04_bs16_modL1_fusion32_fusionL1_drop0p2_trmiss50_trlocradio,38,0.4273451194167137,0.7057708899180094,0.605603448275862,0.7431596070160091,0.6,0.0,0.0,0.0,0.0,0.0,0.0,0.0,0.0,0.0,2002,radio,0.5
2,2,lr1e-04_bs16_modL1_fusion32_fusionL1_drop0p2_trmiss50_trlocradio,16,0.0001,1,32,1,0.2,lr1e-04_bs16_modL1_fusion32_fusionL1_drop0p2_trmiss50_trlocradio,39,0.4110747079054515,0.6805544892946879,0.627155172413793,0.7521161269539796,0.6222222222222222,0.0,0.0,0.0,0.0,0.0,0.0,0.0,0.0,0.0,2002,radio,0.5
2,2,lr1e-04_bs16_modL1_fusion32_fusionL1_drop0p2_trmiss50_trlocradio,16,0.0001,1,32,1,0.2,lr1e-04_bs16_modL1_fusion32_fusionL1_drop0p2_trmiss50_trlocradio,40,0.40973517547051114,0.6774933934211731,0.6185344827586206,0.7476638207225395,0.6444444444444445,0.0,0.0,0.0,0.0,0.0,0.0,0.0,0.0,0.0,2002,radio,0.5
2,2,lr1e-04_bs16_modL1_fusion32_fusionL1_drop0p2_trmiss50_trlocradio,16,0.0001,1,32,1,0.2,lr1e-04_bs16_modL1_fusion32_fusionL1_drop0p2_trmiss50_trlocradio,41,0.3955746541420619,0.6871516108512878,0.5969827586206896,0.7331657217508083,0.6222222222222222,0.0,0.0,0.0,0.0,0.0,0.0,0.0,0.0,0.0,2002,radio,0.5
2,2,lr1e-04_bs16_modL1_fusion32_fusionL1_drop0p2_trmiss50_trlocradio,16,0.0001,1,32,1,0.2,lr1e-04_bs16_modL1_fusion32_fusionL1_drop0p2_trmiss50_trlocradio,42,0.4177584449450175,0.6804512739181519,0.6228448275862069,0.7440363315471739,0.6,0.0,0.0,0.0,0.0,0.0,0.0,0.0,0.0,0.0,2002,radio,0.5
2,2,lr1e-04_bs16_modL1_fusion32_fusionL1_drop0p2_trmiss50_trlocradio,16,0.0001,1,32,1,0.2,lr1e-04_bs16_modL1_fusion32_fusionL1_drop0p2_trmiss50_trlocradio,43,0.4029504433274269,0.6812156240145365,0.6271551724137931,0.75001780226247,0.6,0.0,0.0,0.0,0.0,0.0,0.0,0.0,0.0,0.0,2002,radio,0.5
2,2,lr1e-04_bs16_modL1_fusion32_fusionL1_drop0p2_trmiss50_trlocradio,16,0.0001,1,32,1,0.2,lr1e-04_bs16_modL1_fusion32_fusionL1_drop0p2_trmiss50_trlocradio,44,0.393447607755661,0.681368092695872,0.6163793103448276,0.7423759752934629,0.6,0.0,0.0,0.0,0.0,0.0,0.0,0.0,0.0,0.0,2002,radio,0.5
2,2,lr1e-04_bs16_modL1_fusion32_fusionL1_drop0p2_trmiss50_trlocradio,16,0.0001,1,32,1,0.2,lr1e-04_bs16_modL1_fusion32_fusionL1_drop0p2_trmiss50_trlocradio,45,0.4035741463303566,0.689588189125061,0.603448275862069,0.736635745314129,0.6,0.0,0.0,0.0,0.0,0.0,0.0,0.0,0.0,0.0,2002,radio,0.5
2,2,lr1e-04_bs16_modL1_fusion32_fusionL1_drop0p2_trmiss50_trlocradio,16,0.0001,1,32,1,0.2,lr1e-04_bs16_modL1_fusion32_fusionL1_drop0p2_trmiss50_trlocradio,46,0.4306848670045535,0.6990439891815186,0.6012931034482759,0.7363620559639192,0.6,0.0,0.0,0.0,0.0,0.0,0.0,0.0,0.0,0.0,2002,radio,0.5
2,2,lr1e-04_bs16_modL1_fusion32_fusionL1_drop0p2_trmiss50_trlocradio,16,0.0001,1,32,1,0.2,lr1e-04_bs16_modL1_fusion32_fusionL1_drop0p2_trmiss50_trlocradio,47,0.4095767214894295,0.6983149449030558,0.6142241379310345,0.7437033294348003,0.5777777777777777,0.0,0.0,0.0,0.0,0.0,0.0,0.0,0.0,0.0,2002,radio,0.5
2,2,lr1e-04_bs16_modL1_fusion32_fusionL1_drop0p2_trmiss50_trlocradio,16,0.0001,1,32,1,0.2,lr1e-04_bs16_modL1_fusion32_fusionL1_drop0p2_trmiss50_trlocradio,48,0.413752702375253,0.7027909755706787,0.5969827586206896,0.7333255758328268,0.5777777777777777,0.0,0.0,0.0,0.0,0.0,0.0,0.0,0.0,0.0,2002,radio,0.5
2,2,lr1e-04_bs16_modL1_fusion32_fusionL1_drop0p2_trmiss50_trlocradio,16,0.0001,1,32,1,0.2,lr1e-04_bs16_modL1_fusion32_fusionL1_drop0p2_trmiss50_trlocradio,49,0.3865576758980751,0.6863948504130045,0.603448275862069,0.7365925030710825,0.6222222222222222,0.0,0.0,0.0,0.0,0.0,0.0,0.0,0.0,0.0,2002,radio,0.5
2,2,lr1e-04_bs16_modL1_fusion32_fusionL1_drop0p2_trmiss50_trlocradio,16,0.0001,1,32,1,0.2,lr1e-04_bs16_modL1_fusion32_fusionL1_drop0p2_trmiss50_trlocradio,50,0.4257742663224538,0.7057830095291138,0.6012931034482758,0.7338223560357133,0.5777777777777777,0.0,0.0,0.0,0.0,0.0,0.0,0.0,0.0,0.0,2002,radio,0.5
2,2,lr1e-04_bs16_modL1_fusion32_fusionL1_drop0p2_trmiss50_trlocradio,16,0.0001,1,32,1,0.2,lr1e-04_bs16_modL1_fusion32_fusionL1_drop0p2_trmiss50_trlocradio,51,0.39160121480623883,0.6960604190826416,0.6012931034482758,0.7347061029514075,0.5777777777777777,0.0,0.0,0.0,0.0,0.0,0.0,0.0,0.0,0.0,2002,radio,0.5
2,2,lr1e-04_bs16_modL1_fusion32_fusionL1_drop0p2_trmiss50_trlocradio,16,0.0001,1,32,1,0.2,lr1e-04_bs16_modL1_fusion32_fusionL1_drop0p2_trmiss50_trlocradio,52,0.38889919718106586,0.6869579354921976,0.6142241379310345,0.7434938748535902,0.5777777777777777,0.0,0.0,0.0,0.0,0.0,0.0,0.0,0.0,0.0,2002,radio,0.5
2,2,lr1e-04_bs16_modL1_fusion32_fusionL1_drop0p2_trmiss50_trlocradio,16,0.0001,1,32,1,0.2,lr1e-04_bs16_modL1_fusion32_fusionL1_drop0p2_trmiss50_trlocradio,53,0.4097650994857152,0.6914740999539694,0.6336206896551724,0.7528722760109297,0.6,0.0,0.0,0.0,0.0,0.0,0.0,0.0,0.0,0.0,2002,radio,0.5
2,2,lr1e-04_bs16_modL1_fusion32_fusionL1_drop0p2_trmiss50_trlocradio,16,0.0001,1,32,1,0.2,lr1e-04_bs16_modL1_fusion32_fusionL1_drop0p2_trmiss50_trlocradio,54,0.4359275549650192,0.6949286460876465,0.6314655172413793,0.7505986875304445,0.6,0.0,0.0,0.0,0.0,0.0,0.0,0.0,0.0,0.0,2002,radio,0.5
2,2,lr1e-04_bs16_modL1_fusion32_fusionL1_drop0p2_trmiss50_trlocradio,16,0.0001,1,32,1,0.2,lr1e-04_bs16_modL1_fusion32_fusionL1_drop0p2_trmiss50_trlocradio,55,0.38131555914878845,0.6798645257949829,0.6142241379310345,0.7396880409549,0.6,0.0,0.0,0.0,0.0,0.0,0.0,0.0,0.0,0.0,2002,radio,0.5
2,2,lr1e-04_bs16_modL1_fusion32_fusionL1_drop0p1_trmiss50_trlocradio,16,0.0001,1,32,1,0.1,lr1e-04_bs16_modL1_fusion32_fusionL1_drop0p1_trmiss50_trlocradio,1,0.7494215816259384,0.7173665563265482,0.38146551724137934,0.6102952320810597,0.35555555555555557,0.0,0.0,0.0,0.0,0.0,0.0,0.0,0.0,0.0,2002,radio,0.5
2,2,lr1e-04_bs16_modL1_fusion32_fusionL1_drop0p1_trmiss50_trlocradio,16,0.0001,1,32,1,0.1,lr1e-04_bs16_modL1_fusion32_fusionL1_drop0p1_trmiss50_trlocradio,2,0.6731828401486079,0.7250616550445557,0.36422413793103453,0.623151322131463,0.4,0.0,0.0,0.0,0.0,0.0,0.0,0.0,0.0,0.0,2002,radio,0.5
2,2,lr1e-04_bs16_modL1_fusion32_fusionL1_drop0p1_trmiss50_trlocradio,16,0.0001,1,32,1,0.1,lr1e-04_bs16_modL1_fusion32_fusionL1_drop0p1_trmiss50_trlocradio,3,0.6425618181626002,0.7115487058957418,0.40948275862068967,0.6579636828117893,0.4222222222222222,0.0,0.0,0.0,0.0,0.0,0.0,0.0,0.0,0.0,2002,radio,0.5
2,2,lr1e-04_bs16_modL1_fusion32_fusionL1_drop0p1_trmiss50_trlocradio,16,0.0001,1,32,1,0.1,lr1e-04_bs16_modL1_fusion32_fusionL1_drop0p1_trmiss50_trlocradio,4,0.6266463746627172,0.7172383069992065,0.42887931034482757,0.6703535352092328,0.4,0.0,0.0,0.0,0.0,0.0,0.0,0.0,0.0,0.0,2002,radio,0.5
2,2,lr1e-04_bs16_modL1_fusion32_fusionL1_drop0p1_trmiss50_trlocradio,16,0.0001,1,32,1,0.1,lr1e-04_bs16_modL1_fusion32_fusionL1_drop0p1_trmiss50_trlocradio,5,0.5948767165342966,0.7129572232564291,0.4504310344827587,0.6827067808408516,0.4222222222222222,0.0,0.0,0.0,0.0,0.0,0.0,0.0,0.0,0.0,2002,radio,0.5
2,2,lr1e-04_bs16_modL1_fusion32_fusionL1_drop0p1_trmiss50_trlocradio,16,0.0001,1,32,1,0.1,lr1e-04_bs16_modL1_fusion32_fusionL1_drop0p1_trmiss50_trlocradio,6,0.5857144743204117,0.6962208350499471,0.4655172413793104,0.698748134664221,0.4222222222222222,0.0,0.0,0.0,0.0,0.0,0.0,0.0,0.0,0.0,2002,radio,0.5
2,2,lr1e-04_bs16_modL1_fusion32_fusionL1_drop0p1_trmiss50_trlocradio,16,0.0001,1,32,1,0.1,lr1e-04_bs16_modL1_fusion32_fusionL1_drop0p1_trmiss50_trlocradio,7,0.569692981739839,0.6961791117986044,0.48060344827586204,0.7122249485479414,0.4444444444444444,0.0,0.0,0.0,0.0,0.0,0.0,0.0,0.0,0.0,2002,radio,0.5
2,2,lr1e-04_bs16_modL1_fusion32_fusionL1_drop0p1_trmiss50_trlocradio,16,0.0001,1,32,1,0.1,lr1e-04_bs16_modL1_fusion32_fusionL1_drop0p1_trmiss50_trlocradio,8,0.5648937871058782,0.7013644576072693,0.502155172413793,0.7335398653384652,0.4888888888888889,0.0,0.0,0.0,0.0,0.0,0.0,0.0,0.0,0.0,2002,radio,0.5
2,2,lr1e-04_bs16_modL1_fusion32_fusionL1_drop0p1_trmiss50_trlocradio,16,0.0001,1,32,1,0.1,lr1e-04_bs16_modL1_fusion32_fusionL1_drop0p1_trmiss50_trlocradio,9,0.5362443526585897,0.6895385980606079,0.5021551724137931,0.7236749377671219,0.5333333333333333,0.0,0.0,0.0,0.0,0.0,0.0,0.0,0.0,0.0,2002,radio,0.5
2,2,lr1e-04_bs16_modL1_fusion32_fusionL1_drop0p1_trmiss50_trlocradio,16,0.0001,1,32,1,0.1,lr1e-04_bs16_modL1_fusion32_fusionL1_drop0p1_trmiss50_trlocradio,10,0.5472207590937614,0.6969891389211019,0.5021551724137931,0.7215611084489896,0.5111111111111111,0.0,0.0,0.0,0.0,0.0,0.0,0.0,0.0,0.0,2002,radio,0.5
2,2,lr1e-04_bs16_modL1_fusion32_fusionL1_drop0p1_trmiss50_trlocradio,16,0.0001,1,32,1,0.1,lr1e-04_bs16_modL1_fusion32_fusionL1_drop0p1_trmiss50_trlocradio,11,0.4873997022708257,0.6813645958900452,0.521551724137931,0.7357973899509846,0.5333333333333333,0.0,0.0,0.0,0.0,0.0,0.0,0.0,0.0,0.0,2002,radio,0.5
2,2,lr1e-04_bs16_modL1_fusion32_fusionL1_drop0p1_trmiss50_trlocradio,16,0.0001,1,32,1,0.1,lr1e-04_bs16_modL1_fusion32_fusionL1_drop0p1_trmiss50_trlocradio,12,0.4765947262446086,0.6800034840901693,0.5086206896551724,0.7307962190917598,0.5111111111111111,0.0,0.0,0.0,0.0,0.0,0.0,0.0,0.0,0.0,2002,radio,0.5
2,2,lr1e-04_bs16_modL1_fusion32_fusionL1_drop0p1_trmiss50_trlocradio,16,0.0001,1,32,1,0.1,lr1e-04_bs16_modL1_fusion32_fusionL1_drop0p1_trmiss50_trlocradio,13,0.4709599514802297,0.689314047495524,0.5,0.7368637508070799,0.5333333333333333,0.0,0.0,0.0,0.0,0.0,0.0,0.0,0.0,0.0,2002,radio,0.5
2,2,lr1e-04_bs16_modL1_fusion32_fusionL1_drop0p1_trmiss50_trlocradio,16,0.0001,1,32,1,0.1,lr1e-04_bs16_modL1_fusion32_fusionL1_drop0p1_trmiss50_trlocradio,14,0.47578785568475723,0.6860761841138204,0.5258620689655172,0.7529969919320929,0.5111111111111111,0.0,0.0,0.0,0.0,0.0,0.0,0.0,0.0,0.0,2002,radio,0.5
2,2,lr1e-04_bs16_modL1_fusion32_fusionL1_drop0p1_trmiss50_trlocradio,16,0.0001,1,32,1,0.1,lr1e-04_bs16_modL1_fusion32_fusionL1_drop0p1_trmiss50_trlocradio,15,0.45685130606095,0.691215713818868,0.5172413793103449,0.7490246020681532,0.4888888888888889,0.0,0.0,0.0,0.0,0.0,0.0,0.0,0.0,0.0,2002,radio,0.5
2,2,lr1e-04_bs16_modL1_fusion32_fusionL1_drop0p1_trmiss50_trlocradio,16,0.0001,1,32,1,0.1,lr1e-04_bs16_modL1_fusion32_fusionL1_drop0p1_trmiss50_trlocradio,16,0.4457816233237584,0.677010178565979,0.5711206896551725,0.792490840728439,0.4666666666666667,0.0,0.0,0.0,0.0,0.0,0.0,0.0,0.0,0.0,2002,radio,0.5
2,2,lr1e-04_bs16_modL1_fusion32_fusionL1_drop0p1_trmiss50_trlocradio,16,0.0001,1,32,1,0.1,lr1e-04_bs16_modL1_fusion32_fusionL1_drop0p1_trmiss50_trlocradio,17,0.42281701664129895,0.6646364331245422,0.5969827586206896,0.799620303941422,0.5111111111111111,0.0,0.0,0.0,0.0,0.0,0.0,0.0,0.0,0.0,2002,radio,0.5
2,2,lr1e-04_bs16_modL1_fusion32_fusionL1_drop0p1_trmiss50_trlocradio,16,0.0001,1,32,1,0.1,lr1e-04_bs16_modL1_fusion32_fusionL1_drop0p1_trmiss50_trlocradio,18,0.41720176488161087,0.6677868962287903,0.5926724137931035,0.7965334949339178,0.5555555555555556,0.0,0.0,0.0,0.0,0.0,0.0,0.0,0.0,0.0,2002,radio,0.5
2,2,lr1e-04_bs16_modL1_fusion32_fusionL1_drop0p1_trmiss50_trlocradio,16,0.0001,1,32,1,0.1,lr1e-04_bs16_modL1_fusion32_fusionL1_drop0p1_trmiss50_trlocradio,19,0.39359084765116376,0.6742228865623474,0.5689655172413793,0.7828477464974948,0.5555555555555556,0.0,0.0,0.0,0.0,0.0,0.0,0.0,0.0,0.0,2002,radio,0.5
2,2,lr1e-04_bs16_modL1_fusion32_fusionL1_drop0p1_trmiss50_trlocradio,16,0.0001,1,32,1,0.1,lr1e-04_bs16_modL1_fusion32_fusionL1_drop0p1_trmiss50_trlocradio,20,0.39029719183842343,0.6688430905342102,0.5581896551724138,0.7649403154454675,0.5777777777777777,0.0,0.0,0.0,0.0,0.0,0.0,0.0,0.0,0.0,2002,radio,0.5
2,2,lr1e-04_bs16_modL1_fusion32_fusionL1_drop0p1_trmiss50_trlocradio,16,0.0001,1,32,1,0.1,lr1e-04_bs16_modL1_fusion32_fusionL1_drop0p1_trmiss50_trlocradio,21,0.3927585929632187,0.6662363012631735,0.5818965517241379,0.7880879201660835,0.5555555555555556,0.0,0.0,0.0,0.0,0.0,0.0,0.0,0.0,0.0,2002,radio,0.5
2,2,lr1e-04_bs16_modL1_fusion32_fusionL1_drop0p1_trmiss50_trlocradio,16,0.0001,1,32,1,0.1,lr1e-04_bs16_modL1_fusion32_fusionL1_drop0p1_trmiss50_trlocradio,22,0.439435916642348,0.6603753765424093,0.5754310344827587,0.7768548876031163,0.5333333333333333,0.0,0.0,0.0,0.0,0.0,0.0,0.0,0.0,0.0,2002,radio,0.5
2,2,lr1e-04_bs16_modL1_fusion32_fusionL1_drop0p1_trmiss50_trlocradio,16,0.0001,1,32,1,0.1,lr1e-04_bs16_modL1_fusion32_fusionL1_drop0p1_trmiss50_trlocradio,23,0.374622218310833,0.6510988076527914,0.6314655172413793,0.8035606481072373,0.6666666666666666,0.0,0.0,0.0,0.0,0.0,0.0,0.0,0.0,0.0,2002,radio,0.5
2,2,lr1e-04_bs16_modL1_fusion32_fusionL1_drop0p1_trmiss50_trlocradio,16,0.0001,1,32,1,0.1,lr1e-04_bs16_modL1_fusion32_fusionL1_drop0p1_trmiss50_trlocradio,24,0.36220379918813705,0.6611441572507223,0.6120689655172414,0.7974306733367134,0.6,0.0,0.0,0.0,0.0,0.0,0.0,0.0,0.0,0.0,2002,radio,0.5
2,2,lr1e-04_bs16_modL1_fusion32_fusionL1_drop0p1_trmiss50_trlocradio,16,0.0001,1,32,1,0.1,lr1e-04_bs16_modL1_fusion32_fusionL1_drop0p1_trmiss50_trlocradio,25,0.3720393205682437,0.6629509131113688,0.603448275862069,0.7969823828752549,0.5777777777777777,0.0,0.0,0.0,0.0,0.0,0.0,0.0,0.0,0.0,2002,radio,0.5
2,2,lr1e-04_bs16_modL1_fusion32_fusionL1_drop0p1_trmiss50_trlocradio,16,0.0001,1,32,1,0.1,lr1e-04_bs16_modL1_fusion32_fusionL1_drop0p1_trmiss50_trlocradio,26,0.34909918159246445,0.6702921986579895,0.5948275862068966,0.7901416198830971,0.5777777777777777,0.0,0.0,0.0,0.0,0.0,0.0,0.0,0.0,0.0,2002,radio,0.5
2,2,lr1e-04_bs16_modL1_fusion32_fusionL1_drop0p1_trmiss50_trlocradio,16,0.0001,1,32,1,0.1,lr1e-04_bs16_modL1_fusion32_fusionL1_drop0p1_trmiss50_trlocradio,27,0.35107936958471936,0.6740529338518778,0.5926724137931034,0.7918532703153547,0.5555555555555556,0.0,0.0,0.0,0.0,0.0,0.0,0.0,0.0,0.0,2002,radio,0.5
2,2,lr1e-04_bs16_modL1_fusion32_fusionL1_drop0p1_trmiss50_trlocradio,16,0.0001,1,32,1,0.1,lr1e-04_bs16_modL1_fusion32_fusionL1_drop0p1_trmiss50_trlocradio,28,0.34793618818124133,0.6524751981099447,0.6508620689655173,0.8258522421840748,0.5555555555555556,0.0,0.0,0.0,0.0,0.0,0.0,0.0,0.0,0.0,2002,radio,0.5
2,2,lr1e-04_bs16_modL1_fusion32_fusionL1_drop0p1_trmiss50_trlocradio,16,0.0001,1,32,1,0.1,lr1e-04_bs16_modL1_fusion32_fusionL1_drop0p1_trmiss50_trlocradio,29,0.32976966599623364,0.652510941028595,0.6228448275862069,0.810707513436824,0.6222222222222222,0.0,0.0,0.0,0.0,0.0,0.0,0.0,0.0,0.0,2002,radio,0.5
2,2,lr1e-04_bs16_modL1_fusion32_fusionL1_drop0p1_trmiss50_trlocradio,16,0.0001,1,32,1,0.1,lr1e-04_bs16_modL1_fusion32_fusionL1_drop0p1_trmiss50_trlocradio,30,0.34992509086926776,0.6541695793469747,0.6314655172413794,0.8164939062789303,0.6,0.0,0.0,0.0,0.0,0.0,0.0,0.0,0.0,0.0,2002,radio,0.5
2,2,lr1e-04_bs16_modL1_fusion32_fusionL1_drop0p1_trmiss50_trlocradio,16,0.0001,1,32,1,0.1,lr1e-04_bs16_modL1_fusion32_fusionL1_drop0p1_trmiss50_trlocradio,31,0.31203584124644596,0.6662792960802714,0.6206896551724139,0.8124341152115113,0.5777777777777777,0.0,0.0,0.0,0.0,0.0,0.0,0.0,0.0,0.0,2002,radio,0.5
2,2,lr1e-04_bs16_modL1_fusion32_fusionL1_drop0p1_trmiss50_trlocradio,16,0.0001,1,32,1,0.1,lr1e-04_bs16_modL1_fusion32_fusionL1_drop0p1_trmiss50_trlocradio,32,0.3496481329202652,0.6704502105712891,0.6185344827586206,0.8179395800285623,0.5777777777777777,0.0,0.0,0.0,0.0,0.0,0.0,0.0,0.0,0.0,2002,radio,0.5
2,2,lr1e-04_bs16_modL1_fusion32_fusionL1_drop0p1_trmiss50_trlocradio,16,0.0001,1,32,1,0.1,lr1e-04_bs16_modL1_fusion32_fusionL1_drop0p1_trmiss50_trlocradio,33,0.338199478884538,0.666841725508372,0.6293103448275862,0.8207461566065541,0.6,0.0,0.0,0.0,0.0,0.0,0.0,0.0,0.0,0.0,2002,radio,0.5
2,2,lr1e-04_bs16_modL1_fusion32_fusionL1_drop0p1_trmiss50_trlocradio,16,0.0001,1,32,1,0.1,lr1e-04_bs16_modL1_fusion32_fusionL1_drop0p1_trmiss50_trlocradio,34,0.3346874713897705,0.6454880436261495,0.6422413793103448,0.8267651738187687,0.6222222222222222,0.0,0.0,0.0,0.0,0.0,0.0,0.0,0.0,0.0,2002,radio,0.5
2,2,lr1e-04_bs16_modL1_fusion32_fusionL1_drop0p1_trmiss50_trlocradio,16,0.0001,1,32,1,0.1,lr1e-04_bs16_modL1_fusion32_fusionL1_drop0p1_trmiss50_trlocradio,35,0.3089796230196953,0.6427867611249288,0.6487068965517242,0.8305881056732214,0.6,0.0,0.0,0.0,0.0,0.0,0.0,0.0,0.0,0.0,2002,radio,0.5
2,2,lr1e-04_bs16_modL1_fusion32_fusionL1_drop0p1_trmiss50_trlocradio,16,0.0001,1,32,1,0.1,lr1e-04_bs16_modL1_fusion32_fusionL1_drop0p1_trmiss50_trlocradio,36,0.3150116453568141,0.6393207907676697,0.6530172413793104,0.8278341600209236,0.6222222222222222,0.0,0.0,0.0,0.0,0.0,0.0,0.0,0.0,0.0,2002,radio,0.5
2,2,lr1e-04_bs16_modL1_fusion32_fusionL1_drop0p1_trmiss50_trlocradio,16,0.0001,1,32,1,0.1,lr1e-04_bs16_modL1_fusion32_fusionL1_drop0p1_trmiss50_trlocradio,37,0.32986478755871457,0.6399272680282593,0.6724137931034483,0.8378200533136295,0.6222222222222222,0.0,0.0,0.0,0.0,0.0,0.0,0.0,0.0,0.0,2002,radio,0.5
2,2,lr1e-04_bs16_modL1_fusion32_fusionL1_drop0p1_trmiss50_trlocradio,16,0.0001,1,32,1,0.1,lr1e-04_bs16_modL1_fusion32_fusionL1_drop0p1_trmiss50_trlocradio,38,0.3246460234125455,0.656442125638326,0.6745689655172413,0.8405034818278538,0.6666666666666666,0.0,0.0,0.0,0.0,0.0,0.0,0.0,0.0,0.0,2002,radio,0.5
2,2,lr1e-04_bs16_modL1_fusion32_fusionL1_drop0p1_trmiss50_trlocradio,16,0.0001,1,32,1,0.1,lr1e-04_bs16_modL1_fusion32_fusionL1_drop0p1_trmiss50_trlocradio,39,0.30252330005168915,0.651046872138977,0.6487068965517242,0.814946492635287,0.6666666666666666,0.0,0.0,0.0,0.0,0.0,0.0,0.0,0.0,0.0,2002,radio,0.5
2,2,lr1e-04_bs16_modL1_fusion32_fusionL1_drop0p1_trmiss50_trlocradio,16,0.0001,1,32,1,0.1,lr1e-04_bs16_modL1_fusion32_fusionL1_drop0p1_trmiss50_trlocradio,40,0.29657452553510666,0.6563554604848226,0.622844827586207,0.8036559877841645,0.6444444444444445,0.0,0.0,0.0,0.0,0.0,0.0,0.0,0.0,0.0,2002,radio,0.5
2,2,lr1e-04_bs16_modL1_fusion32_fusionL1_drop0p1_trmiss50_trlocradio,16,0.0001,1,32,1,0.1,lr1e-04_bs16_modL1_fusion32_fusionL1_drop0p1_trmiss50_trlocradio,41,0.28886977086464566,0.6501849492390951,0.6142241379310345,0.7974074523322996,0.6222222222222222,0.0,0.0,0.0,0.0,0.0,0.0,0.0,0.0,0.0,2002,radio,0.5
2,2,lr1e-04_bs16_modL1_fusion32_fusionL1_drop0p1_trmiss50_trlocradio,16,0.0001,1,32,1,0.1,lr1e-04_bs16_modL1_fusion32_fusionL1_drop0p1_trmiss50_trlocradio,42,0.3007858271400134,0.6559501687685648,0.6336206896551724,0.8049779649943456,0.6,0.0,0.0,0.0,0.0,0.0,0.0,0.0,0.0,0.0,2002,radio,0.5
2,2,lr1e-04_bs16_modL1_fusion32_fusionL1_drop0p1_trmiss50_trlocradio,16,0.0001,1,32,1,0.1,lr1e-04_bs16_modL1_fusion32_fusionL1_drop0p1_trmiss50_trlocradio,43,0.3031112266083558,0.6667705178260803,0.6293103448275862,0.804291105256729,0.6222222222222222,0.0,0.0,0.0,0.0,0.0,0.0,0.0,0.0,0.0,2002,radio,0.5
2,2,lr1e-04_bs16_modL1_fusion32_fusionL1_drop0p1_trmiss50_trlocradio,16,0.0001,1,32,1,0.1,lr1e-04_bs16_modL1_fusion32_fusionL1_drop0p1_trmiss50_trlocradio,44,0.32791704932848614,0.6498711307843527,0.6314655172413792,0.8037507843316747,0.6222222222222222,0.0,0.0,0.0,0.0,0.0,0.0,0.0,0.0,0.0,2002,radio,0.5
2,2,lr1e-04_bs16_modL1_fusion32_fusionL1_drop0p1_trmiss50_trlocradio,16,0.0001,1,32,1,0.1,lr1e-04_bs16_modL1_fusion32_fusionL1_drop0p1_trmiss50_trlocradio,45,0.2787864642838637,0.6476496060689291,0.6400862068965517,0.7998875555569434,0.6444444444444445,0.0,0.0,0.0,0.0,0.0,0.0,0.0,0.0,0.0,2002,radio,0.5
2,2,lr1e-04_bs16_modL1_fusion32_fusionL1_drop0p1_trmiss50_trlocradio,16,0.0001,1,32,1,0.1,lr1e-04_bs16_modL1_fusion32_fusionL1_drop0p1_trmiss50_trlocradio,46,0.27891141176223755,0.6565943360328674,0.6314655172413792,0.7982243255902057,0.6222222222222222,0.0,0.0,0.0,0.0,0.0,0.0,0.0,0.0,0.0,2002,radio,0.5
2,2,lr1e-04_bs16_modL1_fusion32_fusionL1_drop0p1_trmiss50_trlocradio,16,0.0001,1,32,1,0.1,lr1e-04_bs16_modL1_fusion32_fusionL1_drop0p1_trmiss50_trlocradio,47,0.2858827921251456,0.6553696990013123,0.6379310344827586,0.8002516464479608,0.6222222222222222,0.0,0.0,0.0,0.0,0.0,0.0,0.0,0.0,0.0,2002,radio,0.5
2,2,lr1e-04_bs16_modL1_fusion32_fusionL1_drop0p1_trmiss50_trlocradio,16,0.0001,1,32,1,0.1,lr1e-04_bs16_modL1_fusion32_fusionL1_drop0p1_trmiss50_trlocradio,48,0.2986237021783988,0.6447632511456808,0.6487068965517241,0.8079857789521506,0.6,0.0,0.0,0.0,0.0,0.0,0.0,0.0,0.0,0.0,2002,radio,0.5
2,2,lr1e-04_bs16_modL1_fusion32_fusionL1_drop0p1_trmiss50_trlocradio,16,0.0001,1,32,1,0.1,lr1e-04_bs16_modL1_fusion32_fusionL1_drop0p1_trmiss50_trlocradio,49,0.2796066713829835,0.6559876799583435,0.6465517241379309,0.8005628793156868,0.6,0.0,0.0,0.0,0.0,0.0,0.0,0.0,0.0,0.0,2002,radio,0.5
2,2,lr1e-04_bs16_modL1_fusion32_fusionL1_drop0p1_trmiss50_trlocradio,16,0.0001,1,32,1,0.1,lr1e-04_bs16_modL1_fusion32_fusionL1_drop0p1_trmiss50_trlocradio,50,0.2851439838608106,0.6450989047686259,0.6551724137931033,0.8162126406668375,0.6222222222222222,0.0,0.0,0.0,0.0,0.0,0.0,0.0,0.0,0.0,2002,radio,0.5
2,2,lr1e-04_bs16_modL1_fusion32_fusionL1_drop0p1_trmiss50_trlocradio,16,0.0001,1,32,1,0.1,lr1e-04_bs16_modL1_fusion32_fusionL1_drop0p1_trmiss50_trlocradio,51,0.27665460978945094,0.6393675406773885,0.6508620689655172,0.8144401212236032,0.6222222222222222,0.0,0.0,0.0,0.0,0.0,0.0,0.0,0.0,0.0,2002,radio,0.5
2,2,lr1e-04_bs16_modL1_fusion32_fusionL1_drop0p1_trmiss50_trlocradio,16,0.0001,1,32,1,0.1,lr1e-04_bs16_modL1_fusion32_fusionL1_drop0p1_trmiss50_trlocradio,52,0.2903188926478227,0.6492003997166952,0.6443965517241379,0.8106660295748009,0.6222222222222222,0.0,0.0,0.0,0.0,0.0,0.0,0.0,0.0,0.0,2002,radio,0.5
2,2,lr1e-04_bs16_modL1_fusion32_fusionL1_drop0p1_trmiss50_trlocradio,16,0.0001,1,32,1,0.1,lr1e-04_bs16_modL1_fusion32_fusionL1_drop0p1_trmiss50_trlocradio,53,0.2782456713418166,0.6464927792549133,0.6508620689655172,0.8197782360510886,0.6,0.0,0.0,0.0,0.0,0.0,0.0,0.0,0.0,0.0,2002,radio,0.5
2,2,lr1e-04_bs16_modL1_fusion32_fusionL1_drop0p1_trmiss50_trlocradio,16,0.0001,1,32,1,0.1,lr1e-04_bs16_modL1_fusion32_fusionL1_drop0p1_trmiss50_trlocradio,54,0.269160870462656,0.6516198317209879,0.6465517241379309,0.8153854721926102,0.6222222222222222,0.0,0.0,0.0,0.0,0.0,0.0,0.0,0.0,0.0,2002,radio,0.5
2,2,lr1e-04_bs16_modL1_fusion32_fusionL1_drop0p1_trmiss50_trlocradio,16,0.0001,1,32,1,0.1,lr1e-04_bs16_modL1_fusion32_fusionL1_drop0p1_trmiss50_trlocradio,55,0.2765662769476573,0.6661285956700643,0.6443965517241379,0.8176116064799177,0.5777777777777777,0.0,0.0,0.0,0.0,0.0,0.0,0.0,0.0,0.0,2002,radio,0.5
2,2,lr1e-04_bs16_modL1_fusion32_fusionL1_drop0p1_trmiss50_trlocradio,16,0.0001,1,32,1,0.1,lr1e-04_bs16_modL1_fusion32_fusionL1_drop0p1_trmiss50_trlocradio,56,0.29700134073694545,0.6692854960759481,0.6487068965517241,0.8203269938228188,0.6,0.0,0.0,0.0,0.0,0.0,0.0,0.0,0.0,0.0,2002,radio,0.5
2,2,lr1e-04_bs16_modL1_fusion32_fusionL1_drop0p1_trmiss50_trlocradio,16,0.0001,1,32,1,0.1,lr1e-04_bs16_modL1_fusion32_fusionL1_drop0p1_trmiss50_trlocradio,57,0.28784974043567974,0.6556268930435181,0.6443965517241379,0.8115645581266961,0.6,0.0,0.0,0.0,0.0,0.0,0.0,0.0,0.0,0.0,2002,radio,0.5
2,2,lr1e-04_bs16_modL1_fusion32_fusionL1_drop0p1_trmiss50_trlocradio,16,0.0001,1,32,1,0.1,lr1e-04_bs16_modL1_fusion32_fusionL1_drop0p1_trmiss50_trlocradio,58,0.2729383346935113,0.6529610951741537,0.6357758620689655,0.8113424192338834,0.6222222222222222,0.0,0.0,0.0,0.0,0.0,0.0,0.0,0.0,0.0,2002,radio,0.5
2,2,lr1e-04_bs16_modL1_fusion64_fusionL1_drop0p2_trmiss50_trlocradio,16,0.0001,1,64,1,0.2,lr1e-04_bs16_modL1_fusion64_fusionL1_drop0p2_trmiss50_trlocradio,1,0.6762838661670685,0.6827159921328226,0.45043103448275856,0.6405126563533367,0.5777777777777777,0.0,0.0,0.0,0.0,0.0,0.0,0.0,0.0,0.0,2002,radio,0.5
2,2,lr1e-04_bs16_modL1_fusion64_fusionL1_drop0p2_trmiss50_trlocradio,16,0.0001,1,64,1,0.2,lr1e-04_bs16_modL1_fusion64_fusionL1_drop0p2_trmiss50_trlocradio,2,0.6393409247199694,0.6773369312286377,0.46336206896551724,0.6807145906471576,0.5555555555555556,0.0,0.0,0.0,0.0,0.0,0.0,0.0,0.0,0.0,2002,radio,0.5
2,2,lr1e-04_bs16_modL1_fusion64_fusionL1_drop0p2_trmiss50_trlocradio,16,0.0001,1,64,1,0.2,lr1e-04_bs16_modL1_fusion64_fusionL1_drop0p2_trmiss50_trlocradio,3,0.6350961302717527,0.6786837776501974,0.47844827586206895,0.683347143053825,0.5555555555555556,0.0,0.0,0.0,0.0,0.0,0.0,0.0,0.0,0.0,2002,radio,0.5
2,2,lr1e-04_bs16_modL1_fusion64_fusionL1_drop0p2_trmiss50_trlocradio,16,0.0001,1,64,1,0.2,lr1e-04_bs16_modL1_fusion64_fusionL1_drop0p2_trmiss50_trlocradio,4,0.5743735060095787,0.679153581460317,0.47413793103448276,0.6895380949064972,0.5555555555555556,0.0,0.0,0.0,0.0,0.0,0.0,0.0,0.0,0.0,2002,radio,0.5
2,2,lr1e-04_bs16_modL1_fusion64_fusionL1_drop0p2_trmiss50_trlocradio,16,0.0001,1,64,1,0.2,lr1e-04_bs16_modL1_fusion64_fusionL1_drop0p2_trmiss50_trlocradio,5,0.5828273892402649,0.6685800353686014,0.5129310344827587,0.7224657181396943,0.5555555555555556,0.0,0.0,0.0,0.0,0.0,0.0,0.0,0.0,0.0,2002,radio,0.5
2,2,lr1e-04_bs16_modL1_fusion64_fusionL1_drop0p2_trmiss50_trlocradio,16,0.0001,1,64,1,0.2,lr1e-04_bs16_modL1_fusion64_fusionL1_drop0p2_trmiss50_trlocradio,6,0.5827459121743838,0.6591940720876058,0.5129310344827586,0.719471373234492,0.6222222222222222,0.0,0.0,0.0,0.0,0.0,0.0,0.0,0.0,0.0,2002,radio,0.5
2,2,lr1e-04_bs16_modL1_fusion64_fusionL1_drop0p2_trmiss50_trlocradio,16,0.0001,1,64,1,0.2,lr1e-04_bs16_modL1_fusion64_fusionL1_drop0p2_trmiss50_trlocradio,7,0.5601010620594025,0.6604781945546468,0.540948275862069,0.7312004746768672,0.6,0.0,0.0,0.0,0.0,0.0,0.0,0.0,0.0,0.0,2002,radio,0.5
2,2,lr1e-04_bs16_modL1_fusion64_fusionL1_drop0p2_trmiss50_trlocradio,16,0.0001,1,64,1,0.2,lr1e-04_bs16_modL1_fusion64_fusionL1_drop0p2_trmiss50_trlocradio,8,0.5419796506563822,0.6623112559318542,0.5431034482758621,0.7074250455761752,0.6,0.0,0.0,0.0,0.0,0.0,0.0,0.0,0.0,0.0,2002,radio,0.5
2,2,lr1e-04_bs16_modL1_fusion64_fusionL1_drop0p2_trmiss50_trlocradio,16,0.0001,1,64,1,0.2,lr1e-04_bs16_modL1_fusion64_fusionL1_drop0p2_trmiss50_trlocradio,9,0.5117935587962469,0.6672764619191488,0.540948275862069,0.6844805603977024,0.5777777777777777,0.0,0.0,0.0,0.0,0.0,0.0,0.0,0.0,0.0,2002,radio,0.5
2,2,lr1e-04_bs16_modL1_fusion64_fusionL1_drop0p2_trmiss50_trlocradio,16,0.0001,1,64,1,0.2,lr1e-04_bs16_modL1_fusion64_fusionL1_drop0p2_trmiss50_trlocradio,10,0.5087855905294418,0.6564084688822428,0.5668103448275862,0.6969322652614194,0.6,0.0,0.0,0.0,0.0,0.0,0.0,0.0,0.0,0.0,2002,radio,0.5
2,2,lr1e-04_bs16_modL1_fusion64_fusionL1_drop0p2_trmiss50_trlocradio,16,0.0001,1,64,1,0.2,lr1e-04_bs16_modL1_fusion64_fusionL1_drop0p2_trmiss50_trlocradio,11,0.48452383528153103,0.6561938126881918,0.5581896551724138,0.6964420487421741,0.6222222222222222,0.0,0.0,0.0,0.0,0.0,0.0,0.0,0.0,0.0,2002,radio,0.5
2,2,lr1e-04_bs16_modL1_fusion64_fusionL1_drop0p2_trmiss50_trlocradio,16,0.0001,1,64,1,0.2,lr1e-04_bs16_modL1_fusion64_fusionL1_drop0p2_trmiss50_trlocradio,12,0.48311785360177356,0.6559520761171976,0.5754310344827586,0.7106264492518228,0.6,0.0,0.0,0.0,0.0,0.0,0.0,0.0,0.0,0.0,2002,radio,0.5
2,2,lr1e-04_bs16_modL1_fusion64_fusionL1_drop0p2_trmiss50_trlocradio,16,0.0001,1,64,1,0.2,lr1e-04_bs16_modL1_fusion64_fusionL1_drop0p2_trmiss50_trlocradio,13,0.4533323869109154,0.6497054894765218,0.5948275862068966,0.7214474369021149,0.6222222222222222,0.0,0.0,0.0,0.0,0.0,0.0,0.0,0.0,0.0,2002,radio,0.5
2,2,lr1e-04_bs16_modL1_fusion64_fusionL1_drop0p2_trmiss50_trlocradio,16,0.0001,1,64,1,0.2,lr1e-04_bs16_modL1_fusion64_fusionL1_drop0p2_trmiss50_trlocradio,14,0.459256611764431,0.6428414781888326,0.6163793103448275,0.7307416270618177,0.6666666666666666,0.0,0.0,0.0,0.0,0.0,0.0,0.0,0.0,0.0,2002,radio,0.5
2,2,lr1e-04_bs16_modL1_fusion64_fusionL1_drop0p2_trmiss50_trlocradio,16,0.0001,1,64,1,0.2,lr1e-04_bs16_modL1_fusion64_fusionL1_drop0p2_trmiss50_trlocradio,15,0.4303833122054736,0.6508402625719706,0.5797413793103448,0.7411420907627221,0.6222222222222222,0.0,0.0,0.0,0.0,0.0,0.0,0.0,0.0,0.0,2002,radio,0.5
2,2,lr1e-04_bs16_modL1_fusion64_fusionL1_drop0p2_trmiss50_trlocradio,16,0.0001,1,64,1,0.2,lr1e-04_bs16_modL1_fusion64_fusionL1_drop0p2_trmiss50_trlocradio,16,0.4334625129898389,0.6605238715807596,0.5581896551724138,0.7325259596692656,0.6,0.0,0.0,0.0,0.0,0.0,0.0,0.0,0.0,0.0,2002,radio,0.5
2,2,lr1e-04_bs16_modL1_fusion64_fusionL1_drop0p2_trmiss50_trlocradio,16,0.0001,1,64,1,0.2,lr1e-04_bs16_modL1_fusion64_fusionL1_drop0p2_trmiss50_trlocradio,17,0.42150138318538666,0.6530570189158121,0.564655172413793,0.7386477577470095,0.5777777777777777,0.0,0.0,0.0,0.0,0.0,0.0,0.0,0.0,0.0,2002,radio,0.5
2,2,lr1e-04_bs16_modL1_fusion64_fusionL1_drop0p2_trmiss50_trlocradio,16,0.0001,1,64,1,0.2,lr1e-04_bs16_modL1_fusion64_fusionL1_drop0p2_trmiss50_trlocradio,18,0.42177461087703705,0.654930830001831,0.5711206896551724,0.7376504818602997,0.6222222222222222,0.0,0.0,0.0,0.0,0.0,0.0,0.0,0.0,0.0,2002,radio,0.5
2,2,lr1e-04_bs16_modL1_fusion64_fusionL1_drop0p2_trmiss50_trlocradio,16,0.0001,1,64,1,0.2,lr1e-04_bs16_modL1_fusion64_fusionL1_drop0p2_trmiss50_trlocradio,19,0.39572787781556445,0.6513516704241434,0.5754310344827586,0.7354363365334938,0.6666666666666666,0.0,0.0,0.0,0.0,0.0,0.0,0.0,0.0,0.0,2002,radio,0.5
2,2,lr1e-04_bs16_modL1_fusion64_fusionL1_drop0p2_trmiss50_trlocradio,16,0.0001,1,64,1,0.2,lr1e-04_bs16_modL1_fusion64_fusionL1_drop0p2_trmiss50_trlocradio,20,0.4030139197905858,0.649756928284963,0.5775862068965517,0.7352033235087282,0.6666666666666666,0.0,0.0,0.0,0.0,0.0,0.0,0.0,0.0,0.0,2002,radio,0.5
2,2,lr1e-04_bs16_modL1_fusion64_fusionL1_drop0p2_trmiss50_trlocradio,16,0.0001,1,64,1,0.2,lr1e-04_bs16_modL1_fusion64_fusionL1_drop0p2_trmiss50_trlocradio,21,0.3912033562858899,0.6535612940788269,0.5711206896551724,0.7326885871498617,0.6666666666666666,0.0,0.0,0.0,0.0,0.0,0.0,0.0,0.0,0.0,2002,radio,0.5
2,2,lr1e-04_bs16_modL1_fusion64_fusionL1_drop0p2_trmiss50_trlocradio,16,0.0001,1,64,1,0.2,lr1e-04_bs16_modL1_fusion64_fusionL1_drop0p2_trmiss50_trlocradio,22,0.3700251579284668,0.6613089442253113,0.5625,0.7223988980864714,0.6222222222222222,0.0,0.0,0.0,0.0,0.0,0.0,0.0,0.0,0.0,2002,radio,0.5
2,2,lr1e-04_bs16_modL1_fusion64_fusionL1_drop0p2_trmiss50_trlocradio,16,0.0001,1,64,1,0.2,lr1e-04_bs16_modL1_fusion64_fusionL1_drop0p2_trmiss50_trlocradio,23,0.40240874141454697,0.6510290503501892,0.5689655172413793,0.7228376035369571,0.6666666666666666,0.0,0.0,0.0,0.0,0.0,0.0,0.0,0.0,0.0,2002,radio,0.5
2,2,lr1e-04_bs16_modL1_fusion64_fusionL1_drop0p2_trmiss50_trlocradio,16,0.0001,1,64,1,0.2,lr1e-04_bs16_modL1_fusion64_fusionL1_drop0p2_trmiss50_trlocradio,24,0.37985853602488834,0.6521896322568258,0.5862068965517242,0.7446964184944423,0.6,0.0,0.0,0.0,0.0,0.0,0.0,0.0,0.0,0.0,2002,radio,0.5
2,2,lr1e-04_bs16_modL1_fusion64_fusionL1_drop0p2_trmiss50_trlocradio,16,0.0001,1,64,1,0.2,lr1e-04_bs16_modL1_fusion64_fusionL1_drop0p2_trmiss50_trlocradio,25,0.3834272623062134,0.6410459081331888,0.6077586206896552,0.7510907738390536,0.6444444444444445,0.0,0.0,0.0,0.0,0.0,0.0,0.0,0.0,0.0,2002,radio,0.5
2,2,lr1e-04_bs16_modL1_fusion64_fusionL1_drop0p2_trmiss50_trlocradio,16,0.0001,1,64,1,0.2,lr1e-04_bs16_modL1_fusion64_fusionL1_drop0p2_trmiss50_trlocradio,26,0.3728957325220108,0.6476167440414429,0.5818965517241379,0.7335770074697622,0.6666666666666666,0.0,0.0,0.0,0.0,0.0,0.0,0.0,0.0,0.0,2002,radio,0.5
2,2,lr1e-04_bs16_modL1_fusion64_fusionL1_drop0p2_trmiss50_trlocradio,16,0.0001,1,64,1,0.2,lr1e-04_bs16_modL1_fusion64_fusionL1_drop0p2_trmiss50_trlocradio,27,0.3419910917679469,0.6518686413764954,0.5969827586206896,0.7494796494569403,0.6444444444444445,0.0,0.0,0.0,0.0,0.0,0.0,0.0,0.0,0.0,2002,radio,0.5
2,2,lr1e-04_bs16_modL1_fusion64_fusionL1_drop0p2_trmiss50_trlocradio,16,0.0001,1,64,1,0.2,lr1e-04_bs16_modL1_fusion64_fusionL1_drop0p2_trmiss50_trlocradio,28,0.3575889393687248,0.648085355758667,0.6099137931034482,0.7631554817610164,0.6,0.0,0.0,0.0,0.0,0.0,0.0,0.0,0.0,0.0,2002,radio,0.5
2,2,lr1e-04_bs16_modL1_fusion64_fusionL1_drop0p2_trmiss50_trlocradio,16,0.0001,1,64,1,0.2,lr1e-04_bs16_modL1_fusion64_fusionL1_drop0p2_trmiss50_trlocradio,29,0.3372742074231307,0.6452664931615194,0.6056034482758621,0.7511493858630066,0.6444444444444445,0.0,0.0,0.0,0.0,0.0,0.0,0.0,0.0,0.0,2002,radio,0.5
2,2,lr1e-04_bs16_modL1_fusion64_fusionL1_drop0p2_trmiss50_trlocradio,16,0.0001,1,64,1,0.2,lr1e-04_bs16_modL1_fusion64_fusionL1_drop0p2_trmiss50_trlocradio,30,0.324615736802419,0.6421712636947632,0.6120689655172413,0.7568539340406465,0.6222222222222222,0.0,0.0,0.0,0.0,0.0,0.0,0.0,0.0,0.0,2002,radio,0.5
2,2,lr1e-04_bs16_modL1_fusion64_fusionL1_drop0p2_trmiss50_trlocradio,16,0.0001,1,64,1,0.2,lr1e-04_bs16_modL1_fusion64_fusionL1_drop0p2_trmiss50_trlocradio,31,0.3250010957320531,0.6408044894536337,0.6163793103448275,0.7601362312287049,0.6666666666666666,0.0,0.0,0.0,0.0,0.0,0.0,0.0,0.0,0.0,2002,radio,0.5
2,2,lr1e-04_bs16_modL1_fusion64_fusionL1_drop0p2_trmiss50_trlocradio,16,0.0001,1,64,1,0.2,lr1e-04_bs16_modL1_fusion64_fusionL1_drop0p2_trmiss50_trlocradio,32,0.3456098660826683,0.6451866626739502,0.5969827586206896,0.7460024401602298,0.6444444444444445,0.0,0.0,0.0,0.0,0.0,0.0,0.0,0.0,0.0,2002,radio,0.5
2,2,lr1e-04_bs16_modL1_fusion64_fusionL1_drop0p2_trmiss50_trlocradio,16,0.0001,1,64,1,0.2,lr1e-04_bs16_modL1_fusion64_fusionL1_drop0p2_trmiss50_trlocradio,33,0.3202289255956809,0.6375214457511902,0.6163793103448276,0.7591000978790136,0.6444444444444445,0.0,0.0,0.0,0.0,0.0,0.0,0.0,0.0,0.0,2002,radio,0.5
2,2,lr1e-04_bs16_modL1_fusion64_fusionL1_drop0p2_trmiss50_trlocradio,16,0.0001,1,64,1,0.2,lr1e-04_bs16_modL1_fusion64_fusionL1_drop0p2_trmiss50_trlocradio,34,0.3065028215448062,0.6381088693936666,0.6228448275862069,0.7608683602203498,0.6222222222222222,0.0,0.0,0.0,0.0,0.0,0.0,0.0,0.0,0.0,2002,radio,0.5
2,2,lr1e-04_bs16_modL1_fusion64_fusionL1_drop0p2_trmiss50_trlocradio,16,0.0001,1,64,1,0.2,lr1e-04_bs16_modL1_fusion64_fusionL1_drop0p2_trmiss50_trlocradio,35,0.30457759896914166,0.6455664237340292,0.5883620689655172,0.7411841704645111,0.6444444444444445,0.0,0.0,0.0,0.0,0.0,0.0,0.0,0.0,0.0,2002,radio,0.5
2,2,lr1e-04_bs16_modL1_fusion64_fusionL1_drop0p2_trmiss50_trlocradio,16,0.0001,1,64,1,0.2,lr1e-04_bs16_modL1_fusion64_fusionL1_drop0p2_trmiss50_trlocradio,36,0.32882415627439815,0.6471734046936035,0.5797413793103448,0.7333750739111541,0.6222222222222222,0.0,0.0,0.0,0.0,0.0,0.0,0.0,0.0,0.0,2002,radio,0.5
2,2,lr1e-04_bs16_modL1_fusion64_fusionL1_drop0p2_trmiss50_trlocradio,16,0.0001,1,64,1,0.2,lr1e-04_bs16_modL1_fusion64_fusionL1_drop0p2_trmiss50_trlocradio,37,0.29433708141247433,0.6426018873850504,0.6056034482758621,0.7479685944860922,0.6444444444444445,0.0,0.0,0.0,0.0,0.0,0.0,0.0,0.0,0.0,2002,radio,0.5
2,2,lr1e-04_bs16_modL1_fusion64_fusionL1_drop0p2_trmiss50_trlocradio,16,0.0001,1,64,1,0.2,lr1e-04_bs16_modL1_fusion64_fusionL1_drop0p2_trmiss50_trlocradio,38,0.28350069498022396,0.6393731832504272,0.603448275862069,0.745133719419485,0.6666666666666666,0.0,0.0,0.0,0.0,0.0,0.0,0.0,0.0,0.0,2002,radio,0.5
2,2,lr1e-04_bs16_modL1_fusion64_fusionL1_drop0p2_trmiss50_trlocradio,16,0.0001,1,64,1,0.2,lr1e-04_bs16_modL1_fusion64_fusionL1_drop0p2_trmiss50_trlocradio,39,0.30398741488655406,0.6417075594266256,0.5991379310344828,0.7438905049211758,0.6222222222222222,0.0,0.0,0.0,0.0,0.0,0.0,0.0,0.0,0.0,2002,radio,0.5
2,2,lr1e-04_bs16_modL1_fusion64_fusionL1_drop0p2_trmiss50_trlocradio,16,0.0001,1,64,1,0.2,lr1e-04_bs16_modL1_fusion64_fusionL1_drop0p2_trmiss50_trlocradio,40,0.28400786717732746,0.6457961002985636,0.5969827586206896,0.7439200013322728,0.6,0.0,0.0,0.0,0.0,0.0,0.0,0.0,0.0,0.0,2002,radio,0.5
2,2,lr1e-04_bs16_modL1_fusion64_fusionL1_drop0p2_trmiss50_trlocradio,16,0.0001,1,64,1,0.2,lr1e-04_bs16_modL1_fusion64_fusionL1_drop0p2_trmiss50_trlocradio,41,0.26686221609512967,0.6352489590644836,0.6120689655172413,0.7541198921396167,0.6222222222222222,0.0,0.0,0.0,0.0,0.0,0.0,0.0,0.0,0.0,2002,radio,0.5
2,2,lr1e-04_bs16_modL1_fusion64_fusionL1_drop0p2_trmiss50_trlocradio,16,0.0001,1,64,1,0.2,lr1e-04_bs16_modL1_fusion64_fusionL1_drop0p2_trmiss50_trlocradio,42,0.2684864488740762,0.631429652372996,0.6185344827586207,0.763462253982431,0.6444444444444445,0.0,0.0,0.0,0.0,0.0,0.0,0.0,0.0,0.0,2002,radio,0.5
2,2,lr1e-04_bs16_modL1_fusion64_fusionL1_drop0p2_trmiss50_trlocradio,16,0.0001,1,64,1,0.2,lr1e-04_bs16_modL1_fusion64_fusionL1_drop0p2_trmiss50_trlocradio,43,0.2869603894650936,0.6329458157221476,0.6142241379310345,0.7625850943434759,0.6444444444444445,0.0,0.0,0.0,0.0,0.0,0.0,0.0,0.0,0.0,2002,radio,0.5
2,2,lr1e-04_bs16_modL1_fusion64_fusionL1_drop0p2_trmiss50_trlocradio,16,0.0001,1,64,1,0.2,lr1e-04_bs16_modL1_fusion64_fusionL1_drop0p2_trmiss50_trlocradio,44,0.28500063965717953,0.6447986165682474,0.6056034482758621,0.7476239582142042,0.6444444444444445,0.0,0.0,0.0,0.0,0.0,0.0,0.0,0.0,0.0,2002,radio,0.5
2,2,lr1e-04_bs16_modL1_fusion64_fusionL1_drop0p2_trmiss50_trlocradio,16,0.0001,1,64,1,0.2,lr1e-04_bs16_modL1_fusion64_fusionL1_drop0p2_trmiss50_trlocradio,45,0.28144071499506634,0.6346372167269388,0.6314655172413792,0.7685867359902153,0.6666666666666666,0.0,0.0,0.0,0.0,0.0,0.0,0.0,0.0,0.0,2002,radio,0.5
2,2,lr1e-04_bs16_modL1_fusion64_fusionL1_drop0p2_trmiss50_trlocradio,16,0.0001,1,64,1,0.2,lr1e-04_bs16_modL1_fusion64_fusionL1_drop0p2_trmiss50_trlocradio,46,0.26511892179648083,0.643518328666687,0.6163793103448275,0.755166466291772,0.6,0.0,0.0,0.0,0.0,0.0,0.0,0.0,0.0,0.0,2002,radio,0.5
2,2,lr1e-04_bs16_modL1_fusion64_fusionL1_drop0p2_trmiss50_trlocradio,16,0.0001,1,64,1,0.2,lr1e-04_bs16_modL1_fusion64_fusionL1_drop0p2_trmiss50_trlocradio,47,0.2687867023050785,0.6397221287091573,0.6099137931034483,0.7545069145143859,0.6666666666666666,0.0,0.0,0.0,0.0,0.0,0.0,0.0,0.0,0.0,2002,radio,0.5
2,2,lr1e-04_bs16_modL1_fusion64_fusionL1_drop0p2_trmiss50_trlocradio,16,0.0001,1,64,1,0.2,lr1e-04_bs16_modL1_fusion64_fusionL1_drop0p2_trmiss50_trlocradio,48,0.2564500259856383,0.6355695327123007,0.6293103448275862,0.7595243604959349,0.6888888888888889,0.0,0.0,0.0,0.0,0.0,0.0,0.0,0.0,0.0,2002,radio,0.5
2,2,lr1e-04_bs16_modL1_fusion64_fusionL1_drop0p2_trmiss50_trlocradio,16,0.0001,1,64,1,0.2,lr1e-04_bs16_modL1_fusion64_fusionL1_drop0p2_trmiss50_trlocradio,49,0.3428692085047563,0.6307848691940308,0.6293103448275862,0.7664361848167375,0.6444444444444445,0.0,0.0,0.0,0.0,0.0,0.0,0.0,0.0,0.0,2002,radio,0.5
2,2,lr1e-04_bs16_modL1_fusion64_fusionL1_drop0p2_trmiss50_trlocradio,16,0.0001,1,64,1,0.2,lr1e-04_bs16_modL1_fusion64_fusionL1_drop0p2_trmiss50_trlocradio,50,0.27813591932257015,0.631469209988912,0.6206896551724138,0.7553724588303005,0.6666666666666666,0.0,0.0,0.0,0.0,0.0,0.0,0.0,0.0,0.0,2002,radio,0.5
2,2,lr1e-04_bs16_modL1_fusion64_fusionL1_drop0p2_trmiss50_trlocradio,16,0.0001,1,64,1,0.2,lr1e-04_bs16_modL1_fusion64_fusionL1_drop0p2_trmiss50_trlocradio,51,0.25756340225537616,0.6393121083577474,0.6163793103448276,0.755111960561511,0.6666666666666666,0.0,0.0,0.0,0.0,0.0,0.0,0.0,0.0,0.0,2002,radio,0.5
2,2,lr1e-04_bs16_modL1_fusion64_fusionL1_drop0p2_trmiss50_trlocradio,16,0.0001,1,64,1,0.2,lr1e-04_bs16_modL1_fusion64_fusionL1_drop0p2_trmiss50_trlocradio,52,0.26557332028945285,0.6422959963480631,0.6077586206896552,0.7557027409037281,0.6666666666666666,0.0,0.0,0.0,0.0,0.0,0.0,0.0,0.0,0.0,2002,radio,0.5
2,2,lr1e-04_bs16_modL1_fusion64_fusionL1_drop0p2_trmiss50_trlocradio,16,0.0001,1,64,1,0.2,lr1e-04_bs16_modL1_fusion64_fusionL1_drop0p2_trmiss50_trlocradio,53,0.28364162767926854,0.6412057280540466,0.6206896551724138,0.758790185694013,0.6222222222222222,0.0,0.0,0.0,0.0,0.0,0.0,0.0,0.0,0.0,2002,radio,0.5
2,2,lr1e-04_bs16_modL1_fusion64_fusionL1_drop0p2_trmiss50_trlocradio,16,0.0001,1,64,1,0.2,lr1e-04_bs16_modL1_fusion64_fusionL1_drop0p2_trmiss50_trlocradio,54,0.2541843665142854,0.6282937029997507,0.6357758620689655,0.764077119247974,0.6444444444444445,0.0,0.0,0.0,0.0,0.0,0.0,0.0,0.0,0.0,2002,radio,0.5
2,2,lr1e-04_bs16_modL1_fusion64_fusionL1_drop0p2_trmiss50_trlocradio,16,0.0001,1,64,1,0.2,lr1e-04_bs16_modL1_fusion64_fusionL1_drop0p2_trmiss50_trlocradio,55,0.25530755519866943,0.643659750620524,0.6185344827586207,0.7582898609670586,0.6222222222222222,0.0,0.0,0.0,0.0,0.0,0.0,0.0,0.0,0.0,2002,radio,0.5
2,2,lr1e-04_bs16_modL1_fusion64_fusionL1_drop0p2_trmiss50_trlocradio,16,0.0001,1,64,1,0.2,lr1e-04_bs16_modL1_fusion64_fusionL1_drop0p2_trmiss50_trlocradio,56,0.2566872847576936,0.6522329648335775,0.6099137931034484,0.7495856998349585,0.6,0.0,0.0,0.0,0.0,0.0,0.0,0.0,0.0,0.0,2002,radio,0.5
2,2,lr1e-04_bs16_modL1_fusion64_fusionL1_drop0p2_trmiss50_trlocradio,16,0.0001,1,64,1,0.2,lr1e-04_bs16_modL1_fusion64_fusionL1_drop0p2_trmiss50_trlocradio,57,0.3031422980129719,0.6396667758623759,0.6056034482758621,0.7537903410638479,0.6666666666666666,0.0,0.0,0.0,0.0,0.0,0.0,0.0,0.0,0.0,2002,radio,0.5
2,2,lr1e-04_bs16_modL1_fusion64_fusionL1_drop0p2_trmiss50_trlocradio,16,0.0001,1,64,1,0.2,lr1e-04_bs16_modL1_fusion64_fusionL1_drop0p2_trmiss50_trlocradio,58,0.24507015074292818,0.6319915850957235,0.6099137931034483,0.7596403400460038,0.6666666666666666,0.0,0.0,0.0,0.0,0.0,0.0,0.0,0.0,0.0,2002,radio,0.5
2,2,lr1e-04_bs16_modL1_fusion64_fusionL1_drop0p2_trmiss50_trlocradio,16,0.0001,1,64,1,0.2,lr1e-04_bs16_modL1_fusion64_fusionL1_drop0p2_trmiss50_trlocradio,59,0.24608590205510458,0.6421871185302734,0.5969827586206897,0.7472554949387451,0.6444444444444445,0.0,0.0,0.0,0.0,0.0,0.0,0.0,0.0,0.0,2002,radio,0.5
2,2,lr1e-04_bs16_modL1_fusion64_fusionL1_drop0p2_trmiss50_trlocradio,16,0.0001,1,64,1,0.2,lr1e-04_bs16_modL1_fusion64_fusionL1_drop0p2_trmiss50_trlocradio,60,0.29770033930738765,0.6393312017122904,0.6077586206896552,0.7556828429592857,0.6444444444444445,0.0,0.0,0.0,0.0,0.0,0.0,0.0,0.0,0.0,2002,radio,0.5
2,2,lr1e-04_bs16_modL1_fusion64_fusionL1_drop0p2_trmiss50_trlocradio,16,0.0001,1,64,1,0.2,lr1e-04_bs16_modL1_fusion64_fusionL1_drop0p2_trmiss50_trlocradio,61,0.340623926371336,0.6340612769126892,0.6293103448275863,0.7650952474323355,0.6222222222222222,0.0,0.0,0.0,0.0,0.0,0.0,0.0,0.0,0.0,2002,radio,0.5
2,2,lr1e-04_bs16_modL1_fusion64_fusionL1_drop0p2_trmiss50_trlocradio,16,0.0001,1,64,1,0.2,lr1e-04_bs16_modL1_fusion64_fusionL1_drop0p2_trmiss50_trlocradio,62,0.22284850105643272,0.6333053211371104,0.6314655172413792,0.7636943384773847,0.6666666666666666,0.0,0.0,0.0,0.0,0.0,0.0,0.0,0.0,0.0,2002,radio,0.5
2,2,lr1e-04_bs16_modL1_fusion64_fusionL1_drop0p2_trmiss50_trlocradio,16,0.0001,1,64,1,0.2,lr1e-04_bs16_modL1_fusion64_fusionL1_drop0p2_trmiss50_trlocradio,63,0.25594286248087883,0.6323038339614868,0.6379310344827587,0.7659228689999651,0.6444444444444445,0.0,0.0,0.0,0.0,0.0,0.0,0.0,0.0,0.0,2002,radio,0.5
2,2,lr1e-04_bs16_modL1_fusion64_fusionL1_drop0p2_trmiss50_trlocradio,16,0.0001,1,64,1,0.2,lr1e-04_bs16_modL1_fusion64_fusionL1_drop0p2_trmiss50_trlocradio,64,0.25635388990243274,0.6397296786308289,0.6120689655172413,0.757954025319509,0.6444444444444445,0.0,0.0,0.0,0.0,0.0,0.0,0.0,0.0,0.0,2002,radio,0.5
2,2,lr1e-04_bs16_modL1_fusion64_fusionL1_drop0p2_trmiss50_trlocradio,16,0.0001,1,64,1,0.2,lr1e-04_bs16_modL1_fusion64_fusionL1_drop0p2_trmiss50_trlocradio,65,0.25816473240653676,0.6467280586560568,0.5905172413793104,0.7463750961797085,0.6444444444444445,0.0,0.0,0.0,0.0,0.0,0.0,0.0,0.0,0.0,2002,radio,0.5
2,2,lr1e-04_bs16_modL1_fusion64_fusionL1_drop0p2_trmiss50_trlocradio,16,0.0001,1,64,1,0.2,lr1e-04_bs16_modL1_fusion64_fusionL1_drop0p2_trmiss50_trlocradio,66,0.2557535097002983,0.6366672913233439,0.6163793103448276,0.7527194276826873,0.6666666666666666,0.0,0.0,0.0,0.0,0.0,0.0,0.0,0.0,0.0,2002,radio,0.5
2,2,lr1e-04_bs16_modL1_fusion64_fusionL1_drop0p2_trmiss50_trlocradio,16,0.0001,1,64,1,0.2,lr1e-04_bs16_modL1_fusion64_fusionL1_drop0p2_trmiss50_trlocradio,67,0.2470372604827086,0.6378820339838663,0.6185344827586208,0.759604977360061,0.6444444444444445,0.0,0.0,0.0,0.0,0.0,0.0,0.0,0.0,0.0,2002,radio,0.5
2,2,lr1e-04_bs16_modL1_fusion64_fusionL1_drop0p2_trmiss50_trlocradio,16,0.0001,1,64,1,0.2,lr1e-04_bs16_modL1_fusion64_fusionL1_drop0p2_trmiss50_trlocradio,68,0.25486815472443897,0.636657198270162,0.6142241379310345,0.7581129201174968,0.6222222222222222,0.0,0.0,0.0,0.0,0.0,0.0,0.0,0.0,0.0,2002,radio,0.5
2,2,lr1e-04_bs16_modL1_fusion64_fusionL1_drop0p2_trmiss50_trlocradio,16,0.0001,1,64,1,0.2,lr1e-04_bs16_modL1_fusion64_fusionL1_drop0p2_trmiss50_trlocradio,69,0.2605195765693982,0.6459941267967224,0.603448275862069,0.755614673790273,0.6222222222222222,0.0,0.0,0.0,0.0,0.0,0.0,0.0,0.0,0.0,2002,radio,0.5
2,2,lr1e-04_bs16_modL1_fusion64_fusionL1_drop0p2_trmiss50_trlocradio,16,0.0001,1,64,1,0.2,lr1e-04_bs16_modL1_fusion64_fusionL1_drop0p2_trmiss50_trlocradio,70,0.2838747650384903,0.6414350271224976,0.6077586206896551,0.752661705683533,0.6666666666666666,0.0,0.0,0.0,0.0,0.0,0.0,0.0,0.0,0.0,2002,radio,0.5
2,2,lr1e-04_bs16_modL1_fusion64_fusionL1_drop0p2_trmiss50_trlocradio,16,0.0001,1,64,1,0.2,lr1e-04_bs16_modL1_fusion64_fusionL1_drop0p2_trmiss50_trlocradio,71,0.24412130316098532,0.629150410493215,0.6314655172413793,0.7647205665266501,0.6888888888888889,0.0,0.0,0.0,0.0,0.0,0.0,0.0,0.0,0.0,2002,radio,0.5
2,2,lr1e-04_bs16_modL1_fusion64_fusionL1_drop0p2_trmiss50_trlocradio,16,0.0001,1,64,1,0.2,lr1e-04_bs16_modL1_fusion64_fusionL1_drop0p2_trmiss50_trlocradio,72,0.24466812734802565,0.6407307783762614,0.6099137931034483,0.7540374031234697,0.6444444444444445,0.0,0.0,0.0,0.0,0.0,0.0,0.0,0.0,0.0,2002,radio,0.5
2,2,lr1e-04_bs16_modL1_fusion64_fusionL1_drop0p2_trmiss50_trlocradio,16,0.0001,1,64,1,0.2,lr1e-04_bs16_modL1_fusion64_fusionL1_drop0p2_trmiss50_trlocradio,73,0.2408521262307962,0.6432952086130778,0.6056034482758621,0.7541337998004811,0.6444444444444445,0.0,0.0,0.0,0.0,0.0,0.0,0.0,0.0,0.0,2002,radio,0.5
2,2,lr1e-04_bs16_modL1_fusion64_fusionL1_drop0p2_trmiss50_trlocradio,16,0.0001,1,64,1,0.2,lr1e-04_bs16_modL1_fusion64_fusionL1_drop0p2_trmiss50_trlocradio,74,0.24676954870422682,0.6370759208997091,0.6249999999999999,0.7600294920504598,0.6444444444444445,0.0,0.0,0.0,0.0,0.0,0.0,0.0,0.0,0.0,2002,radio,0.5
2,2,lr1e-04_bs16_modL1_fusion64_fusionL1_drop0p2_trmiss50_trlocradio,16,0.0001,1,64,1,0.2,lr1e-04_bs16_modL1_fusion64_fusionL1_drop0p2_trmiss50_trlocradio,75,0.2469969131052494,0.642080823580424,0.6142241379310345,0.756436189439375,0.6,0.0,0.0,0.0,0.0,0.0,0.0,0.0,0.0,0.0,2002,radio,0.5
2,2,lr1e-04_bs16_modL1_fusion64_fusionL1_drop0p2_trmiss50_trlocradio,16,0.0001,1,64,1,0.2,lr1e-04_bs16_modL1_fusion64_fusionL1_drop0p2_trmiss50_trlocradio,76,0.23340984185536703,0.6437786817550659,0.5969827586206896,0.7523007955669518,0.6,0.0,0.0,0.0,0.0,0.0,0.0,0.0,0.0,0.0,2002,radio,0.5
2,2,lr1e-04_bs16_modL1_fusion64_fusionL1_drop0p2_trmiss50_trlocradio,16,0.0001,1,64,1,0.2,lr1e-04_bs16_modL1_fusion64_fusionL1_drop0p2_trmiss50_trlocradio,77,0.22791261970996857,0.6426230669021606,0.607758620689655,0.7501164153090458,0.6444444444444445,0.0,0.0,0.0,0.0,0.0,0.0,0.0,0.0,0.0,2002,radio,0.5
2,2,lr1e-04_bs16_modL1_fusion64_fusionL1_drop0p2_trmiss50_trlocradio,16,0.0001,1,64,1,0.2,lr1e-04_bs16_modL1_fusion64_fusionL1_drop0p2_trmiss50_trlocradio,78,0.26672257483005524,0.6464813550313314,0.6120689655172413,0.7534166474685267,0.6,0.0,0.0,0.0,0.0,0.0,0.0,0.0,0.0,0.0,2002,radio,0.5
2,2,lr1e-04_bs16_modL1_fusion64_fusionL1_drop0p2_trmiss50_trlocradio,16,0.0001,1,64,1,0.2,lr1e-04_bs16_modL1_fusion64_fusionL1_drop0p2_trmiss50_trlocradio,79,0.2424808070063591,0.6491296291351318,0.6012931034482758,0.7499174734045486,0.6444444444444445,0.0,0.0,0.0,0.0,0.0,0.0,0.0,0.0,0.0,2002,radio,0.5
2,2,lr1e-04_bs16_modL1_fusion64_fusionL1_drop0p2_trmiss50_trlocradio,16,0.0001,1,64,1,0.2,lr1e-04_bs16_modL1_fusion64_fusionL1_drop0p2_trmiss50_trlocradio,80,0.2668241659800212,0.641441265741984,0.6099137931034483,0.7487247250837058,0.6888888888888889,0.0,0.0,0.0,0.0,0.0,0.0,0.0,0.0,0.0,2002,radio,0.5
2,2,lr1e-04_bs16_modL1_fusion64_fusionL1_drop0p1_trmiss50_trlocradio,16,0.0001,1,64,1,0.1,lr1e-04_bs16_modL1_fusion64_fusionL1_drop0p1_trmiss50_trlocradio,1,0.6783070961634318,0.6814582347869873,0.40948275862068967,0.6196452801325354,0.6,0.0,0.0,0.0,0.0,0.0,0.0,0.0,0.0,0.0,2002,radio,0.5
2,2,lr1e-04_bs16_modL1_fusion64_fusionL1_drop0p1_trmiss50_trlocradio,16,0.0001,1,64,1,0.1,lr1e-04_bs16_modL1_fusion64_fusionL1_drop0p1_trmiss50_trlocradio,2,0.6156210651000341,0.6713007092475891,0.4482758620689655,0.6118117993305077,0.6666666666666666,0.0,0.0,0.0,0.0,0.0,0.0,0.0,0.0,0.0,2002,radio,0.5
2,2,lr1e-04_bs16_modL1_fusion64_fusionL1_drop0p1_trmiss50_trlocradio,16,0.0001,1,64,1,0.1,lr1e-04_bs16_modL1_fusion64_fusionL1_drop0p1_trmiss50_trlocradio,3,0.5872491796811422,0.665809690952301,0.4676724137931034,0.6171920969081497,0.6666666666666666,0.0,0.0,0.0,0.0,0.0,0.0,0.0,0.0,0.0,2002,radio,0.5
2,2,lr1e-04_bs16_modL1_fusion64_fusionL1_drop0p1_trmiss50_trlocradio,16,0.0001,1,64,1,0.1,lr1e-04_bs16_modL1_fusion64_fusionL1_drop0p1_trmiss50_trlocradio,4,0.5514206339915594,0.6542766094207764,0.5172413793103449,0.6591150195251904,0.6666666666666666,0.0,0.0,0.0,0.0,0.0,0.0,0.0,0.0,0.0,2002,radio,0.5
2,2,lr1e-04_bs16_modL1_fusion64_fusionL1_drop0p1_trmiss50_trlocradio,16,0.0001,1,64,1,0.1,lr1e-04_bs16_modL1_fusion64_fusionL1_drop0p1_trmiss50_trlocradio,5,0.535434253513813,0.6529877781867981,0.540948275862069,0.6700827556634169,0.6666666666666666,0.0,0.0,0.0,0.0,0.0,0.0,0.0,0.0,0.0,2002,radio,0.5
2,2,lr1e-04_bs16_modL1_fusion64_fusionL1_drop0p1_trmiss50_trlocradio,16,0.0001,1,64,1,0.1,lr1e-04_bs16_modL1_fusion64_fusionL1_drop0p1_trmiss50_trlocradio,6,0.5406046733260155,0.6475290854771932,0.5495689655172413,0.6485974906423927,0.6666666666666666,0.0,0.0,0.0,0.0,0.0,0.0,0.0,0.0,0.0,2002,radio,0.5
2,2,lr1e-04_bs16_modL1_fusion64_fusionL1_drop0p1_trmiss50_trlocradio,16,0.0001,1,64,1,0.1,lr1e-04_bs16_modL1_fusion64_fusionL1_drop0p1_trmiss50_trlocradio,7,0.5208205580711365,0.6404257615407308,0.5862068965517242,0.7100779877489923,0.6666666666666666,0.0,0.0,0.0,0.0,0.0,0.0,0.0,0.0,0.0,2002,radio,0.5
2,2,lr1e-04_bs16_modL1_fusion64_fusionL1_drop0p1_trmiss50_trlocradio,16,0.0001,1,64,1,0.1,lr1e-04_bs16_modL1_fusion64_fusionL1_drop0p1_trmiss50_trlocradio,8,0.4926206171512604,0.6366312503814697,0.5948275862068966,0.7125221543686499,0.6666666666666666,0.0,0.0,0.0,0.0,0.0,0.0,0.0,0.0,0.0,2002,radio,0.5
2,2,lr1e-04_bs16_modL1_fusion64_fusionL1_drop0p1_trmiss50_trlocradio,16,0.0001,1,64,1,0.1,lr1e-04_bs16_modL1_fusion64_fusionL1_drop0p1_trmiss50_trlocradio,9,0.4725981106360753,0.6387348373730978,0.5797413793103449,0.7037594564589341,0.6666666666666666,0.0,0.0,0.0,0.0,0.0,0.0,0.0,0.0,0.0,2002,radio,0.5
2,2,lr1e-04_bs16_modL1_fusion64_fusionL1_drop0p1_trmiss50_trlocradio,16,0.0001,1,64,1,0.1,lr1e-04_bs16_modL1_fusion64_fusionL1_drop0p1_trmiss50_trlocradio,10,0.47041693578163785,0.638791819413503,0.5883620689655172,0.6857307307342267,0.6666666666666666,0.0,0.0,0.0,0.0,0.0,0.0,0.0,0.0,0.0,2002,radio,0.5
2,2,lr1e-04_bs16_modL1_fusion64_fusionL1_drop0p1_trmiss50_trlocradio,16,0.0001,1,64,1,0.1,lr1e-04_bs16_modL1_fusion64_fusionL1_drop0p1_trmiss50_trlocradio,11,0.4572341938813527,0.6327371597290039,0.5969827586206897,0.7025234980342098,0.6666666666666666,0.0,0.0,0.0,0.0,0.0,0.0,0.0,0.0,0.0,2002,radio,0.5
2,2,lr1e-04_bs16_modL1_fusion64_fusionL1_drop0p1_trmiss50_trlocradio,16,0.0001,1,64,1,0.1,lr1e-04_bs16_modL1_fusion64_fusionL1_drop0p1_trmiss50_trlocradio,12,0.4427810509999593,0.635175089041392,0.5754310344827586,0.6988231083799044,0.6666666666666666,0.0,0.0,0.0,0.0,0.0,0.0,0.0,0.0,0.0,2002,radio,0.5
2,2,lr1e-04_bs16_modL1_fusion64_fusionL1_drop0p1_trmiss50_trlocradio,16,0.0001,1,64,1,0.1,lr1e-04_bs16_modL1_fusion64_fusionL1_drop0p1_trmiss50_trlocradio,13,0.43820172796646756,0.6376096606254578,0.5560344827586207,0.6860969647814191,0.6888888888888889,0.0,0.0,0.0,0.0,0.0,0.0,0.0,0.0,0.0,2002,radio,0.5
2,2,lr1e-04_bs16_modL1_fusion64_fusionL1_drop0p1_trmiss50_trlocradio,16,0.0001,1,64,1,0.1,lr1e-04_bs16_modL1_fusion64_fusionL1_drop0p1_trmiss50_trlocradio,14,0.40604298561811447,0.639439066251119,0.584051724137931,0.6995011102547727,0.6666666666666666,0.0,0.0,0.0,0.0,0.0,0.0,0.0,0.0,0.0,2002,radio,0.5
2,2,lr1e-04_bs16_modL1_fusion64_fusionL1_drop0p1_trmiss50_trlocradio,16,0.0001,1,64,1,0.1,lr1e-04_bs16_modL1_fusion64_fusionL1_drop0p1_trmiss50_trlocradio,15,0.402410368124644,0.6354953646659851,0.5883620689655172,0.6941438827931932,0.6666666666666666,0.0,0.0,0.0,0.0,0.0,0.0,0.0,0.0,0.0,2002,radio,0.5
2,2,lr1e-04_bs16_modL1_fusion64_fusionL1_drop0p1_trmiss50_trlocradio,16,0.0001,1,64,1,0.1,lr1e-04_bs16_modL1_fusion64_fusionL1_drop0p1_trmiss50_trlocradio,16,0.39586325486501056,0.6296920776367188,0.603448275862069,0.7010439498928897,0.6888888888888889,0.0,0.0,0.0,0.0,0.0,0.0,0.0,0.0,0.0,2002,radio,0.5
2,2,lr1e-04_bs16_modL1_fusion64_fusionL1_drop0p1_trmiss50_trlocradio,16,0.0001,1,64,1,0.1,lr1e-04_bs16_modL1_fusion64_fusionL1_drop0p1_trmiss50_trlocradio,17,0.3817436123887698,0.6237497131029764,0.6228448275862069,0.7406037154615163,0.6666666666666666,0.0,0.0,0.0,0.0,0.0,0.0,0.0,0.0,0.0,2002,radio,0.5
2,2,lr1e-04_bs16_modL1_fusion64_fusionL1_drop0p1_trmiss50_trlocradio,16,0.0001,1,64,1,0.1,lr1e-04_bs16_modL1_fusion64_fusionL1_drop0p1_trmiss50_trlocradio,18,0.36526569724082947,0.6259636282920837,0.6056034482758621,0.7397361687335019,0.6444444444444445,0.0,0.0,0.0,0.0,0.0,0.0,0.0,0.0,0.0,2002,radio,0.5
2,2,lr1e-04_bs16_modL1_fusion64_fusionL1_drop0p1_trmiss50_trlocradio,16,0.0001,1,64,1,0.1,lr1e-04_bs16_modL1_fusion64_fusionL1_drop0p1_trmiss50_trlocradio,19,0.36939623455206555,0.6251317858695984,0.5969827586206897,0.7338619902428022,0.6666666666666666,0.0,0.0,0.0,0.0,0.0,0.0,0.0,0.0,0.0,2002,radio,0.5
2,2,lr1e-04_bs16_modL1_fusion64_fusionL1_drop0p1_trmiss50_trlocradio,16,0.0001,1,64,1,0.1,lr1e-04_bs16_modL1_fusion64_fusionL1_drop0p1_trmiss50_trlocradio,20,0.3370516076683998,0.6175158619880676,0.6163793103448276,0.7438670690296617,0.6666666666666666,0.0,0.0,0.0,0.0,0.0,0.0,0.0,0.0,0.0,2002,radio,0.5
2,2,lr1e-04_bs16_modL1_fusion64_fusionL1_drop0p1_trmiss50_trlocradio,16,0.0001,1,64,1,0.1,lr1e-04_bs16_modL1_fusion64_fusionL1_drop0p1_trmiss50_trlocradio,21,0.35735271871089935,0.6242783069610596,0.6142241379310345,0.7427037278440395,0.6666666666666666,0.0,0.0,0.0,0.0,0.0,0.0,0.0,0.0,0.0,2002,radio,0.5
2,2,lr1e-04_bs16_modL1_fusion64_fusionL1_drop0p1_trmiss50_trlocradio,16,0.0001,1,64,1,0.1,lr1e-04_bs16_modL1_fusion64_fusionL1_drop0p1_trmiss50_trlocradio,22,0.3464287916819255,0.6143949627876282,0.6422413793103449,0.7569757408576453,0.7111111111111111,0.0,0.0,0.0,0.0,0.0,0.0,0.0,0.0,0.0,2002,radio,0.5
2,2,lr1e-04_bs16_modL1_fusion64_fusionL1_drop0p1_trmiss50_trlocradio,16,0.0001,1,64,1,0.1,lr1e-04_bs16_modL1_fusion64_fusionL1_drop0p1_trmiss50_trlocradio,23,0.33191367238759995,0.6084949374198914,0.6530172413793104,0.7611016258752893,0.7111111111111111,0.0,0.0,0.0,0.0,0.0,0.0,0.0,0.0,0.0,2002,radio,0.5
2,2,lr1e-04_bs16_modL1_fusion64_fusionL1_drop0p1_trmiss50_trlocradio,16,0.0001,1,64,1,0.1,lr1e-04_bs16_modL1_fusion64_fusionL1_drop0p1_trmiss50_trlocradio,24,0.32910529524087906,0.615861972173055,0.646551724137931,0.7535810240731149,0.7111111111111111,0.0,0.0,0.0,0.0,0.0,0.0,0.0,0.0,0.0,2002,radio,0.5
2,2,lr1e-04_bs16_modL1_fusion64_fusionL1_drop0p1_trmiss50_trlocradio,16,0.0001,1,64,1,0.1,lr1e-04_bs16_modL1_fusion64_fusionL1_drop0p1_trmiss50_trlocradio,25,0.3010733177264531,0.6149726907412211,0.6530172413793103,0.7609510515689452,0.6444444444444445,0.0,0.0,0.0,0.0,0.0,0.0,0.0,0.0,0.0,2002,radio,0.5
2,2,lr1e-04_bs16_modL1_fusion64_fusionL1_drop0p1_trmiss50_trlocradio,16,0.0001,1,64,1,0.1,lr1e-04_bs16_modL1_fusion64_fusionL1_drop0p1_trmiss50_trlocradio,26,0.3284494069715341,0.6152544617652893,0.6422413793103449,0.7580186336668985,0.6666666666666666,0.0,0.0,0.0,0.0,0.0,0.0,0.0,0.0,0.0,2002,radio,0.5
2,2,lr1e-04_bs16_modL1_fusion64_fusionL1_drop0p1_trmiss50_trlocradio,16,0.0001,1,64,1,0.1,lr1e-04_bs16_modL1_fusion64_fusionL1_drop0p1_trmiss50_trlocradio,27,0.29073256254196167,0.6076646645863851,0.6487068965517242,0.7697236971315256,0.7333333333333333,0.0,0.0,0.0,0.0,0.0,0.0,0.0,0.0,0.0,2002,radio,0.5
2,2,lr1e-04_bs16_modL1_fusion64_fusionL1_drop0p1_trmiss50_trlocradio,16,0.0001,1,64,1,0.1,lr1e-04_bs16_modL1_fusion64_fusionL1_drop0p1_trmiss50_trlocradio,28,0.2807045641044776,0.6109780867894491,0.6573275862068966,0.7657048679749864,0.6888888888888889,0.0,0.0,0.0,0.0,0.0,0.0,0.0,0.0,0.0,2002,radio,0.5
2,2,lr1e-04_bs16_modL1_fusion64_fusionL1_drop0p1_trmiss50_trlocradio,16,0.0001,1,64,1,0.1,lr1e-04_bs16_modL1_fusion64_fusionL1_drop0p1_trmiss50_trlocradio,29,0.28707902630170185,0.6237662434577942,0.625,0.7436884241557015,0.7111111111111111,0.0,0.0,0.0,0.0,0.0,0.0,0.0,0.0,0.0,2002,radio,0.5
2,2,lr1e-04_bs16_modL1_fusion64_fusionL1_drop0p1_trmiss50_trlocradio,16,0.0001,1,64,1,0.1,lr1e-04_bs16_modL1_fusion64_fusionL1_drop0p1_trmiss50_trlocradio,30,0.252382164200147,0.6268208026885986,0.6206896551724138,0.7378228575820766,0.7333333333333333,0.0,0.0,0.0,0.0,0.0,0.0,0.0,0.0,0.0,2002,radio,0.5
2,2,lr1e-04_bs16_modL1_fusion64_fusionL1_drop0p1_trmiss50_trlocradio,16,0.0001,1,64,1,0.1,lr1e-04_bs16_modL1_fusion64_fusionL1_drop0p1_trmiss50_trlocradio,31,0.2757199555635452,0.6279276410738627,0.625,0.7493988399337393,0.6888888888888889,0.0,0.0,0.0,0.0,0.0,0.0,0.0,0.0,0.0,2002,radio,0.5
2,2,lr1e-04_bs16_modL1_fusion64_fusionL1_drop0p1_trmiss50_trlocradio,16,0.0001,1,64,1,0.1,lr1e-04_bs16_modL1_fusion64_fusionL1_drop0p1_trmiss50_trlocradio,32,0.2449840965370337,0.6280016501744589,0.6293103448275862,0.753692391628919,0.7111111111111111,0.0,0.0,0.0,0.0,0.0,0.0,0.0,0.0,0.0,2002,radio,0.5
2,2,lr1e-04_bs16_modL1_fusion64_fusionL1_drop0p1_trmiss50_trlocradio,16,0.0001,1,64,1,0.1,lr1e-04_bs16_modL1_fusion64_fusionL1_drop0p1_trmiss50_trlocradio,33,0.24497817953427634,0.6344568332036337,0.5775862068965517,0.7370695258665597,0.6444444444444445,0.0,0.0,0.0,0.0,0.0,0.0,0.0,0.0,0.0,2002,radio,0.5
2,2,lr1e-04_bs16_modL1_fusion64_fusionL1_drop0p1_trmiss50_trlocradio,16,0.0001,1,64,1,0.1,lr1e-04_bs16_modL1_fusion64_fusionL1_drop0p1_trmiss50_trlocradio,34,0.228467537711064,0.6293198863665262,0.6120689655172414,0.7608533625617667,0.6,0.0,0.0,0.0,0.0,0.0,0.0,0.0,0.0,0.0,2002,radio,0.5
2,2,lr1e-04_bs16_modL1_fusion64_fusionL1_drop0p1_trmiss50_trlocradio,16,0.0001,1,64,1,0.1,lr1e-04_bs16_modL1_fusion64_fusionL1_drop0p1_trmiss50_trlocradio,35,0.23221433659394583,0.6264742612838745,0.6163793103448276,0.7587362247660973,0.6222222222222222,0.0,0.0,0.0,0.0,0.0,0.0,0.0,0.0,0.0,2002,radio,0.5
2,2,lr1e-04_bs16_modL1_fusion64_fusionL1_drop0p1_trmiss50_trlocradio,16,0.0001,1,64,1,0.1,lr1e-04_bs16_modL1_fusion64_fusionL1_drop0p1_trmiss50_trlocradio,36,0.2702791889508565,0.6317230860392252,0.6142241379310345,0.7616954656791922,0.6444444444444445,0.0,0.0,0.0,0.0,0.0,0.0,0.0,0.0,0.0,2002,radio,0.5
2,2,lr1e-04_bs16_modL1_fusion64_fusionL1_drop0p1_trmiss50_trlocradio,16,0.0001,1,64,1,0.1,lr1e-04_bs16_modL1_fusion64_fusionL1_drop0p1_trmiss50_trlocradio,37,0.235616368552049,0.6113387842973074,0.646551724137931,0.7740065553139898,0.6888888888888889,0.0,0.0,0.0,0.0,0.0,0.0,0.0,0.0,0.0,2002,radio,0.5
2,2,lr1e-04_bs16_modL1_fusion64_fusionL1_drop0p1_trmiss50_trlocradio,16,0.0001,1,64,1,0.1,lr1e-04_bs16_modL1_fusion64_fusionL1_drop0p1_trmiss50_trlocradio,38,0.2951599732041359,0.6146806180477142,0.6379310344827587,0.7706563420146139,0.7111111111111111,0.0,0.0,0.0,0.0,0.0,0.0,0.0,0.0,0.0,2002,radio,0.5
2,2,lr1e-04_bs16_modL1_fusion64_fusionL1_drop0p1_trmiss50_trlocradio,16,0.0001,1,64,1,0.1,lr1e-04_bs16_modL1_fusion64_fusionL1_drop0p1_trmiss50_trlocradio,39,0.2217098611096541,0.6060647765795389,0.6551724137931034,0.7793093576202159,0.7111111111111111,0.0,0.0,0.0,0.0,0.0,0.0,0.0,0.0,0.0,2002,radio,0.5
2,2,lr1e-04_bs16_modL1_fusion64_fusionL1_drop0p1_trmiss50_trlocradio,16,0.0001,1,64,1,0.1,lr1e-04_bs16_modL1_fusion64_fusionL1_drop0p1_trmiss50_trlocradio,40,0.23487832521398863,0.6069686810175577,0.6637931034482758,0.7741337647389227,0.7333333333333333,0.0,0.0,0.0,0.0,0.0,0.0,0.0,0.0,0.0,2002,radio,0.5
2,2,lr1e-04_bs16_modL1_fusion64_fusionL1_drop0p1_trmiss50_trlocradio,16,0.0001,1,64,1,0.1,lr1e-04_bs16_modL1_fusion64_fusionL1_drop0p1_trmiss50_trlocradio,41,0.23657445733745894,0.6128260890642802,0.6422413793103449,0.7670167494135639,0.6888888888888889,0.0,0.0,0.0,0.0,0.0,0.0,0.0,0.0,0.0,2002,radio,0.5
2,2,lr1e-04_bs16_modL1_fusion64_fusionL1_drop0p1_trmiss50_trlocradio,16,0.0001,1,64,1,0.1,lr1e-04_bs16_modL1_fusion64_fusionL1_drop0p1_trmiss50_trlocradio,42,0.2308493728439013,0.6173312266667684,0.6487068965517242,0.7781177032547136,0.6444444444444445,0.0,0.0,0.0,0.0,0.0,0.0,0.0,0.0,0.0,2002,radio,0.5
2,2,lr1e-04_bs16_modL1_fusion64_fusionL1_drop0p1_trmiss50_trlocradio,16,0.0001,1,64,1,0.1,lr1e-04_bs16_modL1_fusion64_fusionL1_drop0p1_trmiss50_trlocradio,43,0.23066807786623636,0.6164191365242004,0.6314655172413792,0.7697015687197103,0.6222222222222222,0.0,0.0,0.0,0.0,0.0,0.0,0.0,0.0,0.0,2002,radio,0.5
2,2,lr1e-04_bs16_modL1_fusion64_fusionL1_drop0p1_trmiss50_trlocradio,16,0.0001,1,64,1,0.1,lr1e-04_bs16_modL1_fusion64_fusionL1_drop0p1_trmiss50_trlocradio,44,0.2097863107919693,0.6168745756149292,0.6293103448275862,0.774207704301007,0.6444444444444445,0.0,0.0,0.0,0.0,0.0,0.0,0.0,0.0,0.0,2002,radio,0.5
2,2,lr1e-04_bs16_modL1_fusion64_fusionL1_drop0p1_trmiss50_trlocradio,16,0.0001,1,64,1,0.1,lr1e-04_bs16_modL1_fusion64_fusionL1_drop0p1_trmiss50_trlocradio,45,0.20333451529343924,0.6269604365030924,0.6056034482758621,0.7649373658015508,0.6444444444444445,0.0,0.0,0.0,0.0,0.0,0.0,0.0,0.0,0.0,2002,radio,0.5
2,2,lr1e-04_bs16_modL1_fusion64_fusionL1_drop0p1_trmiss50_trlocradio,16,0.0001,1,64,1,0.1,lr1e-04_bs16_modL1_fusion64_fusionL1_drop0p1_trmiss50_trlocradio,46,0.18739776810010275,0.6233632763226827,0.6228448275862069,0.7721794882641703,0.6222222222222222,0.0,0.0,0.0,0.0,0.0,0.0,0.0,0.0,0.0,2002,radio,0.5
2,2,lr1e-04_bs16_modL1_fusion64_fusionL1_drop0p1_trmiss50_trlocradio,16,0.0001,1,64,1,0.1,lr1e-04_bs16_modL1_fusion64_fusionL1_drop0p1_trmiss50_trlocradio,47,0.19536690538128218,0.6272948284943899,0.6120689655172413,0.7619359540227385,0.6444444444444445,0.0,0.0,0.0,0.0,0.0,0.0,0.0,0.0,0.0,2002,radio,0.5
2,2,lr1e-04_bs16_modL1_fusion64_fusionL1_drop0p1_trmiss50_trlocradio,16,0.0001,1,64,1,0.1,lr1e-04_bs16_modL1_fusion64_fusionL1_drop0p1_trmiss50_trlocradio,48,0.19486168523629507,0.6221694747606913,0.6163793103448276,0.763153753724049,0.6222222222222222,0.0,0.0,0.0,0.0,0.0,0.0,0.0,0.0,0.0,2002,radio,0.5
2,2,lr1e-04_bs16_modL1_fusion64_fusionL1_drop0p1_trmiss50_trlocradio,16,0.0001,1,64,1,0.1,lr1e-04_bs16_modL1_fusion64_fusionL1_drop0p1_trmiss50_trlocradio,49,0.21533233299851418,0.6221058368682861,0.6077586206896551,0.7604828208897768,0.6666666666666666,0.0,0.0,0.0,0.0,0.0,0.0,0.0,0.0,0.0,2002,radio,0.5
2,2,lr1e-04_bs16_modL1_fusion64_fusionL1_drop0p1_trmiss50_trlocradio,16,0.0001,1,64,1,0.1,lr1e-04_bs16_modL1_fusion64_fusionL1_drop0p1_trmiss50_trlocradio,50,0.20715127885341644,0.6258187691370646,0.6099137931034482,0.7576543860683246,0.6666666666666666,0.0,0.0,0.0,0.0,0.0,0.0,0.0,0.0,0.0,2002,radio,0.5
2,2,lr1e-04_bs16_modL1_fusion64_fusionL1_drop0p1_trmiss50_trlocradio,16,0.0001,1,64,1,0.1,lr1e-04_bs16_modL1_fusion64_fusionL1_drop0p1_trmiss50_trlocradio,51,0.20361213386058807,0.6199872096379598,0.6293103448275862,0.7706881022228679,0.6222222222222222,0.0,0.0,0.0,0.0,0.0,0.0,0.0,0.0,0.0,2002,radio,0.5
2,2,lr1e-04_bs16_modL1_fusion64_fusionL1_drop0p1_trmiss50_trlocradio,16,0.0001,1,64,1,0.1,lr1e-04_bs16_modL1_fusion64_fusionL1_drop0p1_trmiss50_trlocradio,52,0.21957399820288023,0.6265336076418558,0.6185344827586208,0.7631907063371063,0.6,0.0,0.0,0.0,0.0,0.0,0.0,0.0,0.0,0.0,2002,radio,0.5
2,2,lr1e-04_bs16_modL1_fusion64_fusionL1_drop0p1_trmiss50_trlocradio,16,0.0001,1,64,1,0.1,lr1e-04_bs16_modL1_fusion64_fusionL1_drop0p1_trmiss50_trlocradio,53,0.17379061753551164,0.6247566441694895,0.603448275862069,0.7601795806883519,0.6888888888888889,0.0,0.0,0.0,0.0,0.0,0.0,0.0,0.0,0.0,2002,radio,0.5
2,2,lr1e-04_bs16_modL1_fusion64_fusionL1_drop0p1_trmiss50_trlocradio,16,0.0001,1,64,1,0.1,lr1e-04_bs16_modL1_fusion64_fusionL1_drop0p1_trmiss50_trlocradio,54,0.2204080161948999,0.6395771205425262,0.5732758620689655,0.7469614815976574,0.6444444444444445,0.0,0.0,0.0,0.0,0.0,0.0,0.0,0.0,0.0,2002,radio,0.5
2,2,lr1e-04_bs16_modL1_fusion64_fusionL1_drop0p1_trmiss50_trlocradio,16,0.0001,1,64,1,0.1,lr1e-04_bs16_modL1_fusion64_fusionL1_drop0p1_trmiss50_trlocradio,55,0.20150342707832655,0.6293522119522095,0.6012931034482758,0.7579021044942217,0.6222222222222222,0.0,0.0,0.0,0.0,0.0,0.0,0.0,0.0,0.0,2002,radio,0.5
2,2,lr1e-04_bs16_modL1_fusion64_fusionL1_drop0p1_trmiss50_trlocradio,16,0.0001,1,64,1,0.1,lr1e-04_bs16_modL1_fusion64_fusionL1_drop0p1_trmiss50_trlocradio,56,0.1813229483862718,0.6172172526518503,0.6314655172413793,0.7755674095237254,0.6,0.0,0.0,0.0,0.0,0.0,0.0,0.0,0.0,0.0,2002,radio,0.5
2,2,lr1e-04_bs16_modL1_fusion64_fusionL1_drop0p1_trmiss50_trlocradio,16,0.0001,1,64,1,0.1,lr1e-04_bs16_modL1_fusion64_fusionL1_drop0p1_trmiss50_trlocradio,57,0.17385039602716765,0.6217505931854248,0.6012931034482758,0.7601831861730962,0.6444444444444445,0.0,0.0,0.0,0.0,0.0,0.0,0.0,0.0,0.0,2002,radio,0.5
2,2,lr1e-04_bs16_modL1_fusion64_fusionL1_drop0p1_trmiss50_trlocradio,16,0.0001,1,64,1,0.1,lr1e-04_bs16_modL1_fusion64_fusionL1_drop0p1_trmiss50_trlocradio,58,0.2067070541282495,0.6176941295464834,0.6163793103448276,0.7734671280290516,0.6666666666666666,0.0,0.0,0.0,0.0,0.0,0.0,0.0,0.0,0.0,2002,radio,0.5
2,2,lr1e-04_bs16_modL1_fusion64_fusionL1_drop0p1_trmiss50_trlocradio,16,0.0001,1,64,1,0.1,lr1e-04_bs16_modL1_fusion64_fusionL1_drop0p1_trmiss50_trlocradio,59,0.18494223430752754,0.6157999734083811,0.625,0.7742486016341701,0.6666666666666666,0.0,0.0,0.0,0.0,0.0,0.0,0.0,0.0,0.0,2002,radio,0.5
2,2,lr1e-04_bs16_modL1_fusion64_fusionL1_drop0p1_trmiss50_trlocradio,16,0.0001,1,64,1,0.1,lr1e-04_bs16_modL1_fusion64_fusionL1_drop0p1_trmiss50_trlocradio,60,0.18530667821566263,0.6200175881385803,0.625,0.7697988866129654,0.6888888888888889,0.0,0.0,0.0,0.0,0.0,0.0,0.0,0.0,0.0,2002,radio,0.5
2,2,lr5e-05_bs32_modL1_fusion32_fusionL1_drop0p2_trmiss50_trlocradio,32,5e-05,1,32,1,0.2,lr5e-05_bs32_modL1_fusion32_fusionL1_drop0p2_trmiss50_trlocradio,1,0.7481482525666555,0.6898064613342285,0.6508620689655172,0.8089893197095774,0.6222222222222222,0.0,0.0,0.0,0.0,0.0,0.0,0.0,0.0,0.0,2002,radio,0.5
2,2,lr5e-05_bs32_modL1_fusion32_fusionL1_drop0p2_trmiss50_trlocradio,32,5e-05,1,32,1,0.2,lr5e-05_bs32_modL1_fusion32_fusionL1_drop0p2_trmiss50_trlocradio,2,0.7314567963282267,0.6858353614807129,0.6724137931034482,0.8291483535463919,0.6,0.0,0.0,0.0,0.0,0.0,0.0,0.0,0.0,0.0,2002,radio,0.5
2,2,lr5e-05_bs32_modL1_fusion32_fusionL1_drop0p2_trmiss50_trlocradio,32,5e-05,1,32,1,0.2,lr5e-05_bs32_modL1_fusion32_fusionL1_drop0p2_trmiss50_trlocradio,3,0.6979067722956339,0.6845158040523529,0.6810344827586208,0.8394527086369614,0.6222222222222222,0.0,0.0,0.0,0.0,0.0,0.0,0.0,0.0,0.0,2002,radio,0.5
2,2,lr5e-05_bs32_modL1_fusion32_fusionL1_drop0p2_trmiss50_trlocradio,32,5e-05,1,32,1,0.2,lr5e-05_bs32_modL1_fusion32_fusionL1_drop0p2_trmiss50_trlocradio,4,0.6976798474788666,0.685380220413208,0.6939655172413793,0.849190384356685,0.6,0.0,0.0,0.0,0.0,0.0,0.0,0.0,0.0,0.0,2002,radio,0.5
2,2,lr5e-05_bs32_modL1_fusion32_fusionL1_drop0p2_trmiss50_trlocradio,32,5e-05,1,32,1,0.2,lr5e-05_bs32_modL1_fusion32_fusionL1_drop0p2_trmiss50_trlocradio,5,0.6777037580808004,0.6876062452793121,0.6831896551724137,0.8403469646449866,0.5777777777777777,0.0,0.0,0.0,0.0,0.0,0.0,0.0,0.0,0.0,2002,radio,0.5
2,2,lr5e-05_bs32_modL1_fusion32_fusionL1_drop0p2_trmiss50_trlocradio,32,5e-05,1,32,1,0.2,lr5e-05_bs32_modL1_fusion32_fusionL1_drop0p2_trmiss50_trlocradio,6,0.6758841276168823,0.6891219019889832,0.689655172413793,0.8405401285196921,0.6,0.0,0.0,0.0,0.0,0.0,0.0,0.0,0.0,0.0,2002,radio,0.5
2,2,lr5e-05_bs32_modL1_fusion32_fusionL1_drop0p2_trmiss50_trlocradio,32,5e-05,1,32,1,0.2,lr5e-05_bs32_modL1_fusion32_fusionL1_drop0p2_trmiss50_trlocradio,7,0.6631884972254435,0.6894364953041077,0.6961206896551724,0.8449554280152356,0.6,0.0,0.0,0.0,0.0,0.0,0.0,0.0,0.0,0.0,2002,radio,0.5
2,2,lr5e-05_bs32_modL1_fusion32_fusionL1_drop0p2_trmiss50_trlocradio,32,5e-05,1,32,1,0.2,lr5e-05_bs32_modL1_fusion32_fusionL1_drop0p2_trmiss50_trlocradio,8,0.6426195402940115,0.6864990293979645,0.7068965517241379,0.8480217080705827,0.6666666666666666,0.0,0.0,0.0,0.0,0.0,0.0,0.0,0.0,0.0,2002,radio,0.5
2,2,lr5e-05_bs32_modL1_fusion32_fusionL1_drop0p2_trmiss50_trlocradio,32,5e-05,1,32,1,0.2,lr5e-05_bs32_modL1_fusion32_fusionL1_drop0p2_trmiss50_trlocradio,9,0.6530881226062775,0.6854219436645508,0.7047413793103448,0.8416450107142137,0.6444444444444445,0.0,0.0,0.0,0.0,0.0,0.0,0.0,0.0,0.0,2002,radio,0.5
2,2,lr5e-05_bs32_modL1_fusion32_fusionL1_drop0p2_trmiss50_trlocradio,32,5e-05,1,32,1,0.2,lr5e-05_bs32_modL1_fusion32_fusionL1_drop0p2_trmiss50_trlocradio,10,0.6374756594498953,0.6862007975578308,0.7068965517241379,0.8428716701117875,0.6222222222222222,0.0,0.0,0.0,0.0,0.0,0.0,0.0,0.0,0.0,2002,radio,0.5
2,2,lr5e-05_bs32_modL1_fusion32_fusionL1_drop0p2_trmiss50_trlocradio,32,5e-05,1,32,1,0.2,lr5e-05_bs32_modL1_fusion32_fusionL1_drop0p2_trmiss50_trlocradio,11,0.6659883062044779,0.6891644895076752,0.6982758620689655,0.8381536575083794,0.6222222222222222,0.0,0.0,0.0,0.0,0.0,0.0,0.0,0.0,0.0,2002,radio,0.5
2,2,lr5e-05_bs32_modL1_fusion32_fusionL1_drop0p2_trmiss50_trlocradio,32,5e-05,1,32,1,0.2,lr5e-05_bs32_modL1_fusion32_fusionL1_drop0p2_trmiss50_trlocradio,12,0.633386492729187,0.6899119913578033,0.6875,0.8323407406246823,0.6,0.0,0.0,0.0,0.0,0.0,0.0,0.0,0.0,0.0,2002,radio,0.5
2,2,lr5e-05_bs32_modL1_fusion32_fusionL1_drop0p2_trmiss50_trlocradio,32,5e-05,1,32,1,0.2,lr5e-05_bs32_modL1_fusion32_fusionL1_drop0p2_trmiss50_trlocradio,13,0.619320422410965,0.6918992400169373,0.6939655172413792,0.8423082685209007,0.6222222222222222,0.0,0.0,0.0,0.0,0.0,0.0,0.0,0.0,0.0,2002,radio,0.5
2,2,lr5e-05_bs32_modL1_fusion32_fusionL1_drop0p2_trmiss50_trlocradio,32,5e-05,1,32,1,0.2,lr5e-05_bs32_modL1_fusion32_fusionL1_drop0p2_trmiss50_trlocradio,14,0.6290502150853475,0.6938214600086212,0.6853448275862067,0.8346086464361917,0.6222222222222222,0.0,0.0,0.0,0.0,0.0,0.0,0.0,0.0,0.0,2002,radio,0.5
2,2,lr5e-05_bs32_modL1_fusion32_fusionL1_drop0p2_trmiss50_trlocradio,32,5e-05,1,32,1,0.2,lr5e-05_bs32_modL1_fusion32_fusionL1_drop0p2_trmiss50_trlocradio,15,0.6289102435112,0.6959488689899445,0.6745689655172413,0.8305361834182401,0.6,0.0,0.0,0.0,0.0,0.0,0.0,0.0,0.0,0.0,2002,radio,0.5
2,2,lr5e-05_bs32_modL1_fusion32_fusionL1_drop0p2_trmiss50_trlocradio,32,5e-05,1,32,1,0.2,lr5e-05_bs32_modL1_fusion32_fusionL1_drop0p2_trmiss50_trlocradio,16,0.6258202493190765,0.6941666603088379,0.6788793103448275,0.8328175307158563,0.6,0.0,0.0,0.0,0.0,0.0,0.0,0.0,0.0,0.0,2002,radio,0.5
2,2,lr5e-05_bs32_modL1_fusion32_fusionL1_drop0p2_trmiss50_trlocradio,32,5e-05,1,32,1,0.2,lr5e-05_bs32_modL1_fusion32_fusionL1_drop0p2_trmiss50_trlocradio,17,0.6190410455067953,0.6900216639041901,0.6702586206896551,0.8249346054490394,0.6444444444444445,0.0,0.0,0.0,0.0,0.0,0.0,0.0,0.0,0.0,2002,radio,0.5
2,2,lr5e-05_bs32_modL1_fusion32_fusionL1_drop0p2_trmiss50_trlocradio,32,5e-05,1,32,1,0.2,lr5e-05_bs32_modL1_fusion32_fusionL1_drop0p2_trmiss50_trlocradio,18,0.6192057232062022,0.693511039018631,0.668103448275862,0.823634435215103,0.6444444444444445,0.0,0.0,0.0,0.0,0.0,0.0,0.0,0.0,0.0,2002,radio,0.5
2,2,lr5e-05_bs32_modL1_fusion32_fusionL1_drop0p2_trmiss50_trlocradio,32,5e-05,1,32,1,0.2,lr5e-05_bs32_modL1_fusion32_fusionL1_drop0p2_trmiss50_trlocradio,19,0.6084763705730438,0.6926766335964203,0.6637931034482758,0.8180300728503052,0.6,0.0,0.0,0.0,0.0,0.0,0.0,0.0,0.0,0.0,2002,radio,0.5
2,2,lr5e-05_bs32_modL1_fusion32_fusionL1_drop0p2_trmiss50_trlocradio,32,5e-05,1,32,1,0.2,lr5e-05_bs32_modL1_fusion32_fusionL1_drop0p2_trmiss50_trlocradio,20,0.6049967110157013,0.6921065449714661,0.665948275862069,0.8170714324489494,0.6222222222222222,0.0,0.0,0.0,0.0,0.0,0.0,0.0,0.0,0.0,2002,radio,0.5
2,2,lr5e-05_bs32_modL1_fusion32_fusionL1_drop0p2_trmiss50_trlocradio,32,5e-05,1,32,1,0.2,lr5e-05_bs32_modL1_fusion32_fusionL1_drop0p2_trmiss50_trlocradio,21,0.5832419892152151,0.6921712160110474,0.6681034482758621,0.8248814964593836,0.6222222222222222,0.0,0.0,0.0,0.0,0.0,0.0,0.0,0.0,0.0,2002,radio,0.5
2,2,lr5e-05_bs32_modL1_fusion32_fusionL1_drop0p2_trmiss50_trlocradio,32,5e-05,1,32,1,0.2,lr5e-05_bs32_modL1_fusion32_fusionL1_drop0p2_trmiss50_trlocradio,22,0.6163866917292277,0.6921964883804321,0.6767241379310345,0.8304036952198777,0.6222222222222222,0.0,0.0,0.0,0.0,0.0,0.0,0.0,0.0,0.0,2002,radio,0.5
2,2,lr5e-05_bs32_modL1_fusion32_fusionL1_drop0p2_trmiss50_trlocradio,32,5e-05,1,32,1,0.2,lr5e-05_bs32_modL1_fusion32_fusionL1_drop0p2_trmiss50_trlocradio,23,0.5831101934115092,0.6939279139041901,0.6702586206896551,0.8248339089934085,0.6444444444444445,0.0,0.0,0.0,0.0,0.0,0.0,0.0,0.0,0.0,2002,radio,0.5
2,2,lr5e-05_bs32_modL1_fusion32_fusionL1_drop0p2_trmiss50_trlocradio,32,5e-05,1,32,1,0.2,lr5e-05_bs32_modL1_fusion32_fusionL1_drop0p2_trmiss50_trlocradio,24,0.5900248189767202,0.6907219290733337,0.6853448275862069,0.832143226719529,0.6444444444444445,0.0,0.0,0.0,0.0,0.0,0.0,0.0,0.0,0.0,2002,radio,0.5
2,2,lr5e-05_bs32_modL1_fusion32_fusionL1_drop0p2_trmiss50_trlocradio,32,5e-05,1,32,1,0.2,lr5e-05_bs32_modL1_fusion32_fusionL1_drop0p2_trmiss50_trlocradio,25,0.604377547899882,0.6920316517353058,0.668103448275862,0.8195546650384364,0.6222222222222222,0.0,0.0,0.0,0.0,0.0,0.0,0.0,0.0,0.0,2002,radio,0.5
2,2,lr5e-05_bs32_modL1_fusion32_fusionL1_drop0p2_trmiss50_trlocradio,32,5e-05,1,32,1,0.2,lr5e-05_bs32_modL1_fusion32_fusionL1_drop0p2_trmiss50_trlocradio,26,0.6047404905160269,0.6893596947193146,0.6767241379310345,0.8243714617629083,0.6444444444444445,0.0,0.0,0.0,0.0,0.0,0.0,0.0,0.0,0.0,2002,radio,0.5
2,2,lr5e-05_bs32_modL1_fusion32_fusionL1_drop0p2_trmiss50_trlocradio,32,5e-05,1,32,1,0.2,lr5e-05_bs32_modL1_fusion32_fusionL1_drop0p2_trmiss50_trlocradio,27,0.5879095296065012,0.6905002892017365,0.665948275862069,0.8181676730246903,0.6444444444444445,0.0,0.0,0.0,0.0,0.0,0.0,0.0,0.0,0.0,2002,radio,0.5
2,2,lr5e-05_bs32_modL1_fusion32_fusionL1_drop0p2_trmiss50_trlocradio,32,5e-05,1,32,1,0.2,lr5e-05_bs32_modL1_fusion32_fusionL1_drop0p2_trmiss50_trlocradio,28,0.5817665954430898,0.6893630921840668,0.665948275862069,0.8187361040992394,0.6666666666666666,0.0,0.0,0.0,0.0,0.0,0.0,0.0,0.0,0.0,2002,radio,0.5
2,2,lr5e-05_bs32_modL1_fusion32_fusionL1_drop0p2_trmiss50_trlocradio,32,5e-05,1,32,1,0.2,lr5e-05_bs32_modL1_fusion32_fusionL1_drop0p2_trmiss50_trlocradio,29,0.5917147894700369,0.6903040111064911,0.668103448275862,0.8215350140794375,0.6444444444444445,0.0,0.0,0.0,0.0,0.0,0.0,0.0,0.0,0.0,2002,radio,0.5
2,2,lr5e-05_bs32_modL1_fusion32_fusionL1_drop0p2_trmiss50_trlocradio,32,5e-05,1,32,1,0.2,lr5e-05_bs32_modL1_fusion32_fusionL1_drop0p2_trmiss50_trlocradio,30,0.5897618929545084,0.6922409236431122,0.6637931034482758,0.8181388412867132,0.6444444444444445,0.0,0.0,0.0,0.0,0.0,0.0,0.0,0.0,0.0,2002,radio,0.5
2,2,lr5e-05_bs32_modL1_fusion32_fusionL1_drop0p1_trmiss50_trlocradio,32,5e-05,1,32,1,0.1,lr5e-05_bs32_modL1_fusion32_fusionL1_drop0p1_trmiss50_trlocradio,1,0.7320497930049896,0.7011840641498566,0.5495689655172413,0.6874884056045889,0.4222222222222222,0.0,0.0,0.0,0.0,0.0,0.0,0.0,0.0,0.0,2002,radio,0.5
2,2,lr5e-05_bs32_modL1_fusion32_fusionL1_drop0p1_trmiss50_trlocradio,32,5e-05,1,32,1,0.1,lr5e-05_bs32_modL1_fusion32_fusionL1_drop0p1_trmiss50_trlocradio,2,0.7004523475964864,0.7055611312389374,0.5560344827586208,0.6901907685017117,0.4666666666666667,0.0,0.0,0.0,0.0,0.0,0.0,0.0,0.0,0.0,2002,radio,0.5
2,2,lr5e-05_bs32_modL1_fusion32_fusionL1_drop0p1_trmiss50_trlocradio,32,5e-05,1,32,1,0.1,lr5e-05_bs32_modL1_fusion32_fusionL1_drop0p1_trmiss50_trlocradio,3,0.6807182133197784,0.7106834948062897,0.5452586206896552,0.692801535544852,0.4666666666666667,0.0,0.0,0.0,0.0,0.0,0.0,0.0,0.0,0.0,2002,radio,0.5
2,2,lr5e-05_bs32_modL1_fusion32_fusionL1_drop0p1_trmiss50_trlocradio,32,5e-05,1,32,1,0.1,lr5e-05_bs32_modL1_fusion32_fusionL1_drop0p1_trmiss50_trlocradio,4,0.6737309495608012,0.7159047424793243,0.5387931034482759,0.6869198640076863,0.4888888888888889,0.0,0.0,0.0,0.0,0.0,0.0,0.0,0.0,0.0,2002,radio,0.5
2,2,lr5e-05_bs32_modL1_fusion32_fusionL1_drop0p1_trmiss50_trlocradio,32,5e-05,1,32,1,0.1,lr5e-05_bs32_modL1_fusion32_fusionL1_drop0p1_trmiss50_trlocradio,5,0.6573795775572459,0.7184678614139557,0.5258620689655172,0.6795285031950626,0.4666666666666667,0.0,0.0,0.0,0.0,0.0,0.0,0.0,0.0,0.0,2002,radio,0.5
2,2,lr5e-05_bs32_modL1_fusion32_fusionL1_drop0p1_trmiss50_trlocradio,32,5e-05,1,32,1,0.1,lr5e-05_bs32_modL1_fusion32_fusionL1_drop0p1_trmiss50_trlocradio,6,0.6388077934583029,0.7194039821624756,0.5129310344827587,0.6720429973482884,0.4666666666666667,0.0,0.0,0.0,0.0,0.0,0.0,0.0,0.0,0.0,2002,radio,0.5
2,2,lr5e-05_bs32_modL1_fusion32_fusionL1_drop0p1_trmiss50_trlocradio,32,5e-05,1,32,1,0.1,lr5e-05_bs32_modL1_fusion32_fusionL1_drop0p1_trmiss50_trlocradio,7,0.6407400071620941,0.7214652299880981,0.4892241379310345,0.6612254915631746,0.4,0.0,0.0,0.0,0.0,0.0,0.0,0.0,0.0,0.0,2002,radio,0.5
2,2,lr5e-05_bs32_modL1_fusion32_fusionL1_drop0p1_trmiss50_trlocradio,32,5e-05,1,32,1,0.1,lr5e-05_bs32_modL1_fusion32_fusionL1_drop0p1_trmiss50_trlocradio,8,0.6343327860037485,0.7223580479621887,0.4913793103448276,0.6687519104551181,0.4444444444444444,0.0,0.0,0.0,0.0,0.0,0.0,0.0,0.0,0.0,2002,radio,0.5
2,2,lr5e-05_bs32_modL1_fusion32_fusionL1_drop0p1_trmiss50_trlocradio,32,5e-05,1,32,1,0.1,lr5e-05_bs32_modL1_fusion32_fusionL1_drop0p1_trmiss50_trlocradio,9,0.640654464562734,0.7236314117908478,0.4892241379310345,0.6664022932503986,0.4444444444444444,0.0,0.0,0.0,0.0,0.0,0.0,0.0,0.0,0.0,2002,radio,0.5
2,2,lr5e-05_bs32_modL1_fusion32_fusionL1_drop0p1_trmiss50_trlocradio,32,5e-05,1,32,1,0.1,lr5e-05_bs32_modL1_fusion32_fusionL1_drop0p1_trmiss50_trlocradio,10,0.621594617764155,0.7248703241348267,0.4849137931034483,0.6632062125112144,0.4444444444444444,0.0,0.0,0.0,0.0,0.0,0.0,0.0,0.0,0.0,2002,radio,0.5
2,2,lr5e-05_bs32_modL1_fusion32_fusionL1_drop0p1_trmiss50_trlocradio,32,5e-05,1,32,1,0.1,lr5e-05_bs32_modL1_fusion32_fusionL1_drop0p1_trmiss50_trlocradio,11,0.6207152207692465,0.724487841129303,0.4762931034482758,0.6554737500814103,0.4444444444444444,0.0,0.0,0.0,0.0,0.0,0.0,0.0,0.0,0.0,2002,radio,0.5
2,2,lr5e-05_bs32_modL1_fusion32_fusionL1_drop0p1_trmiss50_trlocradio,32,5e-05,1,32,1,0.1,lr5e-05_bs32_modL1_fusion32_fusionL1_drop0p1_trmiss50_trlocradio,12,0.6169876058896383,0.7232107520103455,0.4849137931034483,0.6600375570542845,0.4888888888888889,0.0,0.0,0.0,0.0,0.0,0.0,0.0,0.0,0.0,2002,radio,0.5
2,2,lr5e-05_bs32_modL1_fusion32_fusionL1_drop0p1_trmiss50_trlocradio,32,5e-05,1,32,1,0.1,lr5e-05_bs32_modL1_fusion32_fusionL1_drop0p1_trmiss50_trlocradio,13,0.6090013285477957,0.7246354520320892,0.4806034482758621,0.6535961331136451,0.4888888888888889,0.0,0.0,0.0,0.0,0.0,0.0,0.0,0.0,0.0,2002,radio,0.5
2,2,lr5e-05_bs32_modL1_fusion32_fusionL1_drop0p1_trmiss50_trlocradio,32,5e-05,1,32,1,0.1,lr5e-05_bs32_modL1_fusion32_fusionL1_drop0p1_trmiss50_trlocradio,14,0.6143183211485544,0.7260132133960724,0.4762931034482759,0.6512348983847278,0.4666666666666667,0.0,0.0,0.0,0.0,0.0,0.0,0.0,0.0,0.0,2002,radio,0.5
2,2,lr5e-05_bs32_modL1_fusion32_fusionL1_drop0p1_trmiss50_trlocradio,32,5e-05,1,32,1,0.1,lr5e-05_bs32_modL1_fusion32_fusionL1_drop0p1_trmiss50_trlocradio,15,0.6083674828211466,0.7252880036830902,0.4762931034482759,0.6534999423333419,0.4888888888888889,0.0,0.0,0.0,0.0,0.0,0.0,0.0,0.0,0.0,2002,radio,0.5
2,2,lr5e-05_bs32_modL1_fusion32_fusionL1_drop0p1_trmiss50_trlocradio,32,5e-05,1,32,1,0.1,lr5e-05_bs32_modL1_fusion32_fusionL1_drop0p1_trmiss50_trlocradio,16,0.5938581724961599,0.723134458065033,0.47198275862068967,0.6550569017079055,0.4888888888888889,0.0,0.0,0.0,0.0,0.0,0.0,0.0,0.0,0.0,2002,radio,0.5
2,2,lr5e-05_bs32_modL1_fusion32_fusionL1_drop0p1_trmiss50_trlocradio,32,5e-05,1,32,1,0.1,lr5e-05_bs32_modL1_fusion32_fusionL1_drop0p1_trmiss50_trlocradio,17,0.5877204636732737,0.7232390642166138,0.4849137931034483,0.6596288605282183,0.4444444444444444,0.0,0.0,0.0,0.0,0.0,0.0,0.0,0.0,0.0,2002,radio,0.5
2,2,lr5e-05_bs32_modL1_fusion32_fusionL1_drop0p1_trmiss50_trlocradio,32,5e-05,1,32,1,0.1,lr5e-05_bs32_modL1_fusion32_fusionL1_drop0p1_trmiss50_trlocradio,18,0.5928492248058319,0.7208321690559387,0.4827586206896552,0.6580484007581033,0.4888888888888889,0.0,0.0,0.0,0.0,0.0,0.0,0.0,0.0,0.0,2002,radio,0.5
2,2,lr5e-05_bs32_modL1_fusion32_fusionL1_drop0p1_trmiss50_trlocradio,32,5e-05,1,32,1,0.1,lr5e-05_bs32_modL1_fusion32_fusionL1_drop0p1_trmiss50_trlocradio,19,0.5943182905515035,0.719749391078949,0.48491379310344823,0.6568282175583091,0.4666666666666667,0.0,0.0,0.0,0.0,0.0,0.0,0.0,0.0,0.0,2002,radio,0.5
2,2,lr5e-05_bs32_modL1_fusion32_fusionL1_drop0p1_trmiss50_trlocradio,32,5e-05,1,32,1,0.1,lr5e-05_bs32_modL1_fusion32_fusionL1_drop0p1_trmiss50_trlocradio,20,0.5952073733011881,0.7204157412052155,0.4870689655172414,0.6577300743222347,0.4666666666666667,0.0,0.0,0.0,0.0,0.0,0.0,0.0,0.0,0.0,2002,radio,0.5
2,2,lr5e-05_bs32_modL1_fusion32_fusionL1_drop0p1_trmiss50_trlocradio,32,5e-05,1,32,1,0.1,lr5e-05_bs32_modL1_fusion32_fusionL1_drop0p1_trmiss50_trlocradio,21,0.5917769968509674,0.7190801203250885,0.48706896551724144,0.6574825615240121,0.4666666666666667,0.0,0.0,0.0,0.0,0.0,0.0,0.0,0.0,0.0,2002,radio,0.5
2,2,lr5e-05_bs32_modL1_fusion32_fusionL1_drop0p1_trmiss50_trlocradio,32,5e-05,1,32,1,0.1,lr5e-05_bs32_modL1_fusion32_fusionL1_drop0p1_trmiss50_trlocradio,22,0.5902699132760366,0.7215216159820557,0.4892241379310345,0.6582850245993783,0.4666666666666667,0.0,0.0,0.0,0.0,0.0,0.0,0.0,0.0,0.0,2002,radio,0.5
2,2,lr5e-05_bs32_modL1_fusion32_fusionL1_drop0p1_trmiss50_trlocradio,32,5e-05,1,32,1,0.1,lr5e-05_bs32_modL1_fusion32_fusionL1_drop0p1_trmiss50_trlocradio,23,0.5927823185920715,0.7209228873252869,0.4870689655172413,0.6581773551090615,0.4888888888888889,0.0,0.0,0.0,0.0,0.0,0.0,0.0,0.0,0.0,2002,radio,0.5
2,2,lr5e-05_bs32_modL1_fusion32_fusionL1_drop0p1_trmiss50_trlocradio,32,5e-05,1,32,1,0.1,lr5e-05_bs32_modL1_fusion32_fusionL1_drop0p1_trmiss50_trlocradio,24,0.5836059252421061,0.7223364412784576,0.48060344827586204,0.6547151063180237,0.4666666666666667,0.0,0.0,0.0,0.0,0.0,0.0,0.0,0.0,0.0,2002,radio,0.5
2,2,lr5e-05_bs32_modL1_fusion32_fusionL1_drop0p1_trmiss50_trlocradio,32,5e-05,1,32,1,0.1,lr5e-05_bs32_modL1_fusion32_fusionL1_drop0p1_trmiss50_trlocradio,25,0.585738867521286,0.7237214744091034,0.4892241379310345,0.6630762250813522,0.4666666666666667,0.0,0.0,0.0,0.0,0.0,0.0,0.0,0.0,0.0,2002,radio,0.5
2,2,lr5e-05_bs32_modL1_fusion64_fusionL1_drop0p2_trmiss50_trlocradio,32,5e-05,1,64,1,0.2,lr5e-05_bs32_modL1_fusion64_fusionL1_drop0p2_trmiss50_trlocradio,1,0.7353785037994385,0.7052493691444397,0.4418103448275862,0.6696959301257434,0.4444444444444444,0.0,0.0,0.0,0.0,0.0,0.0,0.0,0.0,0.0,2002,radio,0.5
2,2,lr5e-05_bs32_modL1_fusion64_fusionL1_drop0p2_trmiss50_trlocradio,32,5e-05,1,64,1,0.2,lr5e-05_bs32_modL1_fusion64_fusionL1_drop0p2_trmiss50_trlocradio,2,0.719996968905131,0.7023327350616455,0.4655172413793104,0.6871130357607276,0.4222222222222222,0.0,0.0,0.0,0.0,0.0,0.0,0.0,0.0,0.0,2002,radio,0.5
2,2,lr5e-05_bs32_modL1_fusion64_fusionL1_drop0p2_trmiss50_trlocradio,32,5e-05,1,64,1,0.2,lr5e-05_bs32_modL1_fusion64_fusionL1_drop0p2_trmiss50_trlocradio,3,0.7102375030517578,0.6988822519779205,0.5474137931034482,0.7508132112842687,0.5111111111111111,0.0,0.0,0.0,0.0,0.0,0.0,0.0,0.0,0.0,2002,radio,0.5
2,2,lr5e-05_bs32_modL1_fusion64_fusionL1_drop0p2_trmiss50_trlocradio,32,5e-05,1,64,1,0.2,lr5e-05_bs32_modL1_fusion64_fusionL1_drop0p2_trmiss50_trlocradio,4,0.6873438159624735,0.6951552033424377,0.5668103448275862,0.7687752663287821,0.5111111111111111,0.0,0.0,0.0,0.0,0.0,0.0,0.0,0.0,0.0,2002,radio,0.5
2,2,lr5e-05_bs32_modL1_fusion64_fusionL1_drop0p2_trmiss50_trlocradio,32,5e-05,1,64,1,0.2,lr5e-05_bs32_modL1_fusion64_fusionL1_drop0p2_trmiss50_trlocradio,5,0.6758888860543569,0.6944657564163208,0.5646551724137931,0.7665568834263059,0.5333333333333333,0.0,0.0,0.0,0.0,0.0,0.0,0.0,0.0,0.0,2002,radio,0.5
2,2,lr5e-05_bs32_modL1_fusion64_fusionL1_drop0p2_trmiss50_trlocradio,32,5e-05,1,64,1,0.2,lr5e-05_bs32_modL1_fusion64_fusionL1_drop0p2_trmiss50_trlocradio,6,0.6717493236064911,0.6976316869258881,0.5689655172413793,0.7585897184626353,0.5111111111111111,0.0,0.0,0.0,0.0,0.0,0.0,0.0,0.0,0.0,2002,radio,0.5
2,2,lr5e-05_bs32_modL1_fusion64_fusionL1_drop0p2_trmiss50_trlocradio,32,5e-05,1,64,1,0.2,lr5e-05_bs32_modL1_fusion64_fusionL1_drop0p2_trmiss50_trlocradio,7,0.6649937927722931,0.7022243440151215,0.5301724137931034,0.7093040662229914,0.5111111111111111,0.0,0.0,0.0,0.0,0.0,0.0,0.0,0.0,0.0,2002,radio,0.5
2,2,lr5e-05_bs32_modL1_fusion64_fusionL1_drop0p2_trmiss50_trlocradio,32,5e-05,1,64,1,0.2,lr5e-05_bs32_modL1_fusion64_fusionL1_drop0p2_trmiss50_trlocradio,8,0.6499861578146616,0.7039033472537994,0.519396551724138,0.7035033888494532,0.4888888888888889,0.0,0.0,0.0,0.0,0.0,0.0,0.0,0.0,0.0,2002,radio,0.5
2,2,lr5e-05_bs32_modL1_fusion64_fusionL1_drop0p2_trmiss50_trlocradio,32,5e-05,1,64,1,0.2,lr5e-05_bs32_modL1_fusion64_fusionL1_drop0p2_trmiss50_trlocradio,9,0.660098264614741,0.7050664126873016,0.5172413793103449,0.6961098237272526,0.4666666666666667,0.0,0.0,0.0,0.0,0.0,0.0,0.0,0.0,0.0,2002,radio,0.5
2,2,lr5e-05_bs32_modL1_fusion64_fusionL1_drop0p2_trmiss50_trlocradio,32,5e-05,1,64,1,0.2,lr5e-05_bs32_modL1_fusion64_fusionL1_drop0p2_trmiss50_trlocradio,10,0.6315797170003256,0.7041937410831451,0.5344827586206897,0.7127993468491604,0.4666666666666667,0.0,0.0,0.0,0.0,0.0,0.0,0.0,0.0,0.0,2002,radio,0.5
2,2,lr5e-05_bs32_modL1_fusion64_fusionL1_drop0p2_trmiss50_trlocradio,32,5e-05,1,64,1,0.2,lr5e-05_bs32_modL1_fusion64_fusionL1_drop0p2_trmiss50_trlocradio,11,0.641162763039271,0.7014353573322296,0.5431034482758621,0.7020337209776801,0.4666666666666667,0.0,0.0,0.0,0.0,0.0,0.0,0.0,0.0,0.0,2002,radio,0.5
2,2,lr5e-05_bs32_modL1_fusion64_fusionL1_drop0p2_trmiss50_trlocradio,32,5e-05,1,64,1,0.2,lr5e-05_bs32_modL1_fusion64_fusionL1_drop0p2_trmiss50_trlocradio,12,0.61555415391922,0.6987085938453674,0.5538793103448276,0.7284705025868754,0.5111111111111111,0.0,0.0,0.0,0.0,0.0,0.0,0.0,0.0,0.0,2002,radio,0.5
2,2,lr5e-05_bs32_modL1_fusion64_fusionL1_drop0p2_trmiss50_trlocradio,32,5e-05,1,64,1,0.2,lr5e-05_bs32_modL1_fusion64_fusionL1_drop0p2_trmiss50_trlocradio,13,0.6007033387819926,0.697301596403122,0.5646551724137931,0.7339298133910139,0.4888888888888889,0.0,0.0,0.0,0.0,0.0,0.0,0.0,0.0,0.0,2002,radio,0.5
2,2,lr5e-05_bs32_modL1_fusion64_fusionL1_drop0p2_trmiss50_trlocradio,32,5e-05,1,64,1,0.2,lr5e-05_bs32_modL1_fusion64_fusionL1_drop0p2_trmiss50_trlocradio,14,0.6363543172677358,0.6947439312934875,0.5689655172413792,0.7354658547777062,0.5333333333333333,0.0,0.0,0.0,0.0,0.0,0.0,0.0,0.0,0.0,2002,radio,0.5
2,2,lr5e-05_bs32_modL1_fusion64_fusionL1_drop0p2_trmiss50_trlocradio,32,5e-05,1,64,1,0.2,lr5e-05_bs32_modL1_fusion64_fusionL1_drop0p2_trmiss50_trlocradio,15,0.6126957833766937,0.6940237581729889,0.5797413793103449,0.7422935126243554,0.5111111111111111,0.0,0.0,0.0,0.0,0.0,0.0,0.0,0.0,0.0,2002,radio,0.5
2,2,lr5e-05_bs32_modL1_fusion64_fusionL1_drop0p2_trmiss50_trlocradio,32,5e-05,1,64,1,0.2,lr5e-05_bs32_modL1_fusion64_fusionL1_drop0p2_trmiss50_trlocradio,16,0.6152979731559753,0.6947980523109436,0.5797413793103449,0.738739577226463,0.5111111111111111,0.0,0.0,0.0,0.0,0.0,0.0,0.0,0.0,0.0,2002,radio,0.5
2,2,lr5e-05_bs32_modL1_fusion64_fusionL1_drop0p2_trmiss50_trlocradio,32,5e-05,1,64,1,0.2,lr5e-05_bs32_modL1_fusion64_fusionL1_drop0p2_trmiss50_trlocradio,17,0.5826225777467092,0.692672610282898,0.5862068965517242,0.7374230363689732,0.5333333333333333,0.0,0.0,0.0,0.0,0.0,0.0,0.0,0.0,0.0,2002,radio,0.5
2,2,lr5e-05_bs32_modL1_fusion64_fusionL1_drop0p2_trmiss50_trlocradio,32,5e-05,1,64,1,0.2,lr5e-05_bs32_modL1_fusion64_fusionL1_drop0p2_trmiss50_trlocradio,18,0.6018267770608267,0.693618893623352,0.5905172413793104,0.739146577833894,0.5333333333333333,0.0,0.0,0.0,0.0,0.0,0.0,0.0,0.0,0.0,2002,radio,0.5
2,2,lr5e-05_bs32_modL1_fusion64_fusionL1_drop0p2_trmiss50_trlocradio,32,5e-05,1,64,1,0.2,lr5e-05_bs32_modL1_fusion64_fusionL1_drop0p2_trmiss50_trlocradio,19,0.5952095687389374,0.6896218061447144,0.5969827586206896,0.7473595653572263,0.5555555555555556,0.0,0.0,0.0,0.0,0.0,0.0,0.0,0.0,0.0,2002,radio,0.5
2,2,lr5e-05_bs32_modL1_fusion64_fusionL1_drop0p2_trmiss50_trlocradio,32,5e-05,1,64,1,0.2,lr5e-05_bs32_modL1_fusion64_fusionL1_drop0p2_trmiss50_trlocradio,20,0.6063874761263529,0.6888016760349274,0.5948275862068966,0.7491738646106736,0.5555555555555556,0.0,0.0,0.0,0.0,0.0,0.0,0.0,0.0,0.0,2002,radio,0.5
2,2,lr5e-05_bs32_modL1_fusion64_fusionL1_drop0p2_trmiss50_trlocradio,32,5e-05,1,64,1,0.2,lr5e-05_bs32_modL1_fusion64_fusionL1_drop0p2_trmiss50_trlocradio,21,0.6092343032360077,0.686549723148346,0.6077586206896551,0.7572550543012275,0.5555555555555556,0.0,0.0,0.0,0.0,0.0,0.0,0.0,0.0,0.0,2002,radio,0.5
2,2,lr5e-05_bs32_modL1_fusion64_fusionL1_drop0p2_trmiss50_trlocradio,32,5e-05,1,64,1,0.2,lr5e-05_bs32_modL1_fusion64_fusionL1_drop0p2_trmiss50_trlocradio,22,0.5960915684700012,0.6830741167068481,0.6077586206896552,0.7586666292155247,0.6,0.0,0.0,0.0,0.0,0.0,0.0,0.0,0.0,0.0,2002,radio,0.5
2,2,lr5e-05_bs32_modL1_fusion64_fusionL1_drop0p2_trmiss50_trlocradio,32,5e-05,1,64,1,0.2,lr5e-05_bs32_modL1_fusion64_fusionL1_drop0p2_trmiss50_trlocradio,23,0.573382576306661,0.6820438206195831,0.6163793103448275,0.7620801017794476,0.6222222222222222,0.0,0.0,0.0,0.0,0.0,0.0,0.0,0.0,0.0,2002,radio,0.5
2,2,lr5e-05_bs32_modL1_fusion64_fusionL1_drop0p2_trmiss50_trlocradio,32,5e-05,1,64,1,0.2,lr5e-05_bs32_modL1_fusion64_fusionL1_drop0p2_trmiss50_trlocradio,24,0.5804872016112009,0.6817421019077301,0.6163793103448275,0.7611038897143063,0.6,0.0,0.0,0.0,0.0,0.0,0.0,0.0,0.0,0.0,2002,radio,0.5
2,2,lr5e-05_bs32_modL1_fusion64_fusionL1_drop0p2_trmiss50_trlocradio,32,5e-05,1,64,1,0.2,lr5e-05_bs32_modL1_fusion64_fusionL1_drop0p2_trmiss50_trlocradio,25,0.5767441292603811,0.6806959509849548,0.6163793103448276,0.7573586176756434,0.6222222222222222,0.0,0.0,0.0,0.0,0.0,0.0,0.0,0.0,0.0,2002,radio,0.5
2,2,lr5e-05_bs32_modL1_fusion64_fusionL1_drop0p2_trmiss50_trlocradio,32,5e-05,1,64,1,0.2,lr5e-05_bs32_modL1_fusion64_fusionL1_drop0p2_trmiss50_trlocradio,26,0.5677833557128906,0.6841794848442078,0.6120689655172413,0.7583316172808089,0.6222222222222222,0.0,0.0,0.0,0.0,0.0,0.0,0.0,0.0,0.0,2002,radio,0.5
2,2,lr5e-05_bs32_modL1_fusion64_fusionL1_drop0p2_trmiss50_trlocradio,32,5e-05,1,64,1,0.2,lr5e-05_bs32_modL1_fusion64_fusionL1_drop0p2_trmiss50_trlocradio,27,0.5756688316663107,0.6844329237937927,0.6163793103448276,0.7595122168652018,0.6,0.0,0.0,0.0,0.0,0.0,0.0,0.0,0.0,0.0,2002,radio,0.5
2,2,lr5e-05_bs32_modL1_fusion64_fusionL1_drop0p2_trmiss50_trlocradio,32,5e-05,1,64,1,0.2,lr5e-05_bs32_modL1_fusion64_fusionL1_drop0p2_trmiss50_trlocradio,28,0.5541771948337555,0.6859175562858582,0.6077586206896552,0.756834002727192,0.5777777777777777,0.0,0.0,0.0,0.0,0.0,0.0,0.0,0.0,0.0,2002,radio,0.5
2,2,lr5e-05_bs32_modL1_fusion64_fusionL1_drop0p2_trmiss50_trlocradio,32,5e-05,1,64,1,0.2,lr5e-05_bs32_modL1_fusion64_fusionL1_drop0p2_trmiss50_trlocradio,29,0.5634110768636068,0.685859888792038,0.6163793103448276,0.7592179206016618,0.6,0.0,0.0,0.0,0.0,0.0,0.0,0.0,0.0,0.0,2002,radio,0.5
2,2,lr5e-05_bs32_modL1_fusion64_fusionL1_drop0p2_trmiss50_trlocradio,32,5e-05,1,64,1,0.2,lr5e-05_bs32_modL1_fusion64_fusionL1_drop0p2_trmiss50_trlocradio,30,0.5644271274407705,0.6828496754169464,0.6228448275862069,0.7631004472216997,0.6,0.0,0.0,0.0,0.0,0.0,0.0,0.0,0.0,0.0,2002,radio,0.5
2,2,lr5e-05_bs32_modL1_fusion64_fusionL1_drop0p2_trmiss50_trlocradio,32,5e-05,1,64,1,0.2,lr5e-05_bs32_modL1_fusion64_fusionL1_drop0p2_trmiss50_trlocradio,31,0.5526383171478907,0.6830491125583649,0.625,0.7626964199120463,0.6,0.0,0.0,0.0,0.0,0.0,0.0,0.0,0.0,0.0,2002,radio,0.5
2,2,lr5e-05_bs32_modL1_fusion64_fusionL1_drop0p2_trmiss50_trlocradio,32,5e-05,1,64,1,0.2,lr5e-05_bs32_modL1_fusion64_fusionL1_drop0p2_trmiss50_trlocradio,32,0.5321682691574097,0.6860110461711884,0.6077586206896551,0.7561484209532761,0.5777777777777777,0.0,0.0,0.0,0.0,0.0,0.0,0.0,0.0,0.0,2002,radio,0.5
2,2,lr5e-05_bs32_modL1_fusion64_fusionL1_drop0p2_trmiss50_trlocradio,32,5e-05,1,64,1,0.2,lr5e-05_bs32_modL1_fusion64_fusionL1_drop0p2_trmiss50_trlocradio,33,0.5418010453383127,0.6858832538127899,0.6120689655172413,0.7559711244595031,0.5777777777777777,0.0,0.0,0.0,0.0,0.0,0.0,0.0,0.0,0.0,2002,radio,0.5
2,2,lr5e-05_bs32_modL1_fusion64_fusionL1_drop0p2_trmiss50_trlocradio,32,5e-05,1,64,1,0.2,lr5e-05_bs32_modL1_fusion64_fusionL1_drop0p2_trmiss50_trlocradio,34,0.543974389632543,0.6847650706768036,0.6056034482758621,0.7531409805117835,0.5777777777777777,0.0,0.0,0.0,0.0,0.0,0.0,0.0,0.0,0.0,2002,radio,0.5
2,2,lr5e-05_bs32_modL1_fusion64_fusionL1_drop0p2_trmiss50_trlocradio,32,5e-05,1,64,1,0.2,lr5e-05_bs32_modL1_fusion64_fusionL1_drop0p2_trmiss50_trlocradio,35,0.5543012122313181,0.6848103106021881,0.605603448275862,0.74726268513197,0.6,0.0,0.0,0.0,0.0,0.0,0.0,0.0,0.0,0.0,2002,radio,0.5
2,2,lr5e-05_bs32_modL1_fusion64_fusionL1_drop0p2_trmiss50_trlocradio,32,5e-05,1,64,1,0.2,lr5e-05_bs32_modL1_fusion64_fusionL1_drop0p2_trmiss50_trlocradio,36,0.5489296913146973,0.687051922082901,0.6056034482758621,0.7419995476658163,0.6,0.0,0.0,0.0,0.0,0.0,0.0,0.0,0.0,0.0,2002,radio,0.5
2,2,lr5e-05_bs32_modL1_fusion64_fusionL1_drop0p2_trmiss50_trlocradio,32,5e-05,1,64,1,0.2,lr5e-05_bs32_modL1_fusion64_fusionL1_drop0p2_trmiss50_trlocradio,37,0.5589356223742167,0.6849954128265381,0.6077586206896552,0.7413380262471759,0.5777777777777777,0.0,0.0,0.0,0.0,0.0,0.0,0.0,0.0,0.0,2002,radio,0.5
2,2,lr5e-05_bs32_modL1_fusion64_fusionL1_drop0p2_trmiss50_trlocradio,32,5e-05,1,64,1,0.2,lr5e-05_bs32_modL1_fusion64_fusionL1_drop0p2_trmiss50_trlocradio,38,0.5433088839054108,0.6849658489227295,0.6099137931034483,0.7419197192063642,0.5777777777777777,0.0,0.0,0.0,0.0,0.0,0.0,0.0,0.0,0.0,2002,radio,0.5
2,2,lr5e-05_bs32_modL1_fusion64_fusionL1_drop0p2_trmiss50_trlocradio,32,5e-05,1,64,1,0.2,lr5e-05_bs32_modL1_fusion64_fusionL1_drop0p2_trmiss50_trlocradio,39,0.5396714806556702,0.6842360496520996,0.6142241379310345,0.7437100578032997,0.6222222222222222,0.0,0.0,0.0,0.0,0.0,0.0,0.0,0.0,0.0,2002,radio,0.5
2,2,lr5e-05_bs32_modL1_fusion64_fusionL1_drop0p2_trmiss50_trlocradio,32,5e-05,1,64,1,0.2,lr5e-05_bs32_modL1_fusion64_fusionL1_drop0p2_trmiss50_trlocradio,40,0.541622390349706,0.6812359392642975,0.6185344827586208,0.7491854579947241,0.6444444444444445,0.0,0.0,0.0,0.0,0.0,0.0,0.0,0.0,0.0,2002,radio,0.5
2,2,lr5e-05_bs32_modL1_fusion64_fusionL1_drop0p2_trmiss50_trlocradio,32,5e-05,1,64,1,0.2,lr5e-05_bs32_modL1_fusion64_fusionL1_drop0p2_trmiss50_trlocradio,41,0.5263852477073669,0.6850322186946869,0.6099137931034483,0.7414203555835237,0.6,0.0,0.0,0.0,0.0,0.0,0.0,0.0,0.0,0.0,2002,radio,0.5
2,2,lr5e-05_bs32_modL1_fusion64_fusionL1_drop0p2_trmiss50_trlocradio,32,5e-05,1,64,1,0.2,lr5e-05_bs32_modL1_fusion64_fusionL1_drop0p2_trmiss50_trlocradio,42,0.5358861982822418,0.686880499124527,0.603448275862069,0.7389042322098778,0.6222222222222222,0.0,0.0,0.0,0.0,0.0,0.0,0.0,0.0,0.0,2002,radio,0.5
2,2,lr5e-05_bs32_modL1_fusion64_fusionL1_drop0p2_trmiss50_trlocradio,32,5e-05,1,64,1,0.2,lr5e-05_bs32_modL1_fusion64_fusionL1_drop0p2_trmiss50_trlocradio,43,0.5390264640251795,0.6855371296405792,0.6142241379310345,0.7444497325394794,0.6,0.0,0.0,0.0,0.0,0.0,0.0,0.0,0.0,0.0,2002,radio,0.5
2,2,lr5e-05_bs32_modL1_fusion64_fusionL1_drop0p2_trmiss50_trlocradio,32,5e-05,1,64,1,0.2,lr5e-05_bs32_modL1_fusion64_fusionL1_drop0p2_trmiss50_trlocradio,44,0.5385717153549194,0.6849857866764069,0.6120689655172413,0.7446054650780172,0.6222222222222222,0.0,0.0,0.0,0.0,0.0,0.0,0.0,0.0,0.0,2002,radio,0.5
2,2,lr5e-05_bs32_modL1_fusion64_fusionL1_drop0p2_trmiss50_trlocradio,32,5e-05,1,64,1,0.2,lr5e-05_bs32_modL1_fusion64_fusionL1_drop0p2_trmiss50_trlocradio,45,0.5450784663359324,0.6848853528499603,0.6120689655172413,0.7433396450030553,0.6,0.0,0.0,0.0,0.0,0.0,0.0,0.0,0.0,0.0,2002,radio,0.5
2,2,lr5e-05_bs32_modL1_fusion64_fusionL1_drop0p2_trmiss50_trlocradio,32,5e-05,1,64,1,0.2,lr5e-05_bs32_modL1_fusion64_fusionL1_drop0p2_trmiss50_trlocradio,46,0.5244227399428686,0.6828197538852692,0.6206896551724138,0.747273742300047,0.6444444444444445,0.0,0.0,0.0,0.0,0.0,0.0,0.0,0.0,0.0,2002,radio,0.5
2,2,lr5e-05_bs32_modL1_fusion64_fusionL1_drop0p2_trmiss50_trlocradio,32,5e-05,1,64,1,0.2,lr5e-05_bs32_modL1_fusion64_fusionL1_drop0p2_trmiss50_trlocradio,47,0.5244450569152832,0.6829280853271484,0.6120689655172413,0.7424817188817384,0.6222222222222222,0.0,0.0,0.0,0.0,0.0,0.0,0.0,0.0,0.0,2002,radio,0.5
2,2,lr5e-05_bs32_modL1_fusion64_fusionL1_drop0p2_trmiss50_trlocradio,32,5e-05,1,64,1,0.2,lr5e-05_bs32_modL1_fusion64_fusionL1_drop0p2_trmiss50_trlocradio,48,0.5147774368524551,0.6855542659759521,0.6185344827586207,0.7443740611049375,0.6222222222222222,0.0,0.0,0.0,0.0,0.0,0.0,0.0,0.0,0.0,2002,radio,0.5
2,2,lr5e-05_bs32_modL1_fusion64_fusionL1_drop0p2_trmiss50_trlocradio,32,5e-05,1,64,1,0.2,lr5e-05_bs32_modL1_fusion64_fusionL1_drop0p2_trmiss50_trlocradio,49,0.5547911077737808,0.6867636144161224,0.6228448275862069,0.7467755878363752,0.6222222222222222,0.0,0.0,0.0,0.0,0.0,0.0,0.0,0.0,0.0,2002,radio,0.5
2,2,lr5e-05_bs32_modL1_fusion64_fusionL1_drop0p2_trmiss50_trlocradio,32,5e-05,1,64,1,0.2,lr5e-05_bs32_modL1_fusion64_fusionL1_drop0p2_trmiss50_trlocradio,50,0.5262793650229772,0.6828704476356506,0.622844827586207,0.7474898735506611,0.6222222222222222,0.0,0.0,0.0,0.0,0.0,0.0,0.0,0.0,0.0,2002,radio,0.5
2,2,lr5e-05_bs32_modL1_fusion64_fusionL1_drop0p2_trmiss50_trlocradio,32,5e-05,1,64,1,0.2,lr5e-05_bs32_modL1_fusion64_fusionL1_drop0p2_trmiss50_trlocradio,51,0.5385490357875824,0.6845235526561737,0.6163793103448276,0.7445656319861637,0.6222222222222222,0.0,0.0,0.0,0.0,0.0,0.0,0.0,0.0,0.0,2002,radio,0.5
2,2,lr5e-05_bs32_modL1_fusion64_fusionL1_drop0p1_trmiss50_trlocradio,32,5e-05,1,64,1,0.1,lr5e-05_bs32_modL1_fusion64_fusionL1_drop0p1_trmiss50_trlocradio,1,0.700033038854599,0.6899985074996948,0.5323275862068966,0.7560970765216184,0.5555555555555556,0.0,0.0,0.0,0.0,0.0,0.0,0.0,0.0,0.0,2002,radio,0.5
2,2,lr5e-05_bs32_modL1_fusion64_fusionL1_drop0p1_trmiss50_trlocradio,32,5e-05,1,64,1,0.1,lr5e-05_bs32_modL1_fusion64_fusionL1_drop0p1_trmiss50_trlocradio,2,0.6651475528875986,0.681454062461853,0.584051724137931,0.7876998337823751,0.5555555555555556,0.0,0.0,0.0,0.0,0.0,0.0,0.0,0.0,0.0,2002,radio,0.5
2,2,lr5e-05_bs32_modL1_fusion64_fusionL1_drop0p1_trmiss50_trlocradio,32,5e-05,1,64,1,0.1,lr5e-05_bs32_modL1_fusion64_fusionL1_drop0p1_trmiss50_trlocradio,3,0.6375411053498586,0.6751562654972076,0.6142241379310345,0.8052462817797532,0.5777777777777777,0.0,0.0,0.0,0.0,0.0,0.0,0.0,0.0,0.0,2002,radio,0.5
2,2,lr5e-05_bs32_modL1_fusion64_fusionL1_drop0p1_trmiss50_trlocradio,32,5e-05,1,64,1,0.1,lr5e-05_bs32_modL1_fusion64_fusionL1_drop0p1_trmiss50_trlocradio,4,0.6187004943688711,0.6710548400878906,0.6314655172413794,0.8130997061628622,0.6,0.0,0.0,0.0,0.0,0.0,0.0,0.0,0.0,0.0,2002,radio,0.5
2,2,lr5e-05_bs32_modL1_fusion64_fusionL1_drop0p1_trmiss50_trlocradio,32,5e-05,1,64,1,0.1,lr5e-05_bs32_modL1_fusion64_fusionL1_drop0p1_trmiss50_trlocradio,5,0.6146937906742096,0.6672803163528442,0.6530172413793104,0.8217896732446928,0.6222222222222222,0.0,0.0,0.0,0.0,0.0,0.0,0.0,0.0,0.0,2002,radio,0.5
2,2,lr5e-05_bs32_modL1_fusion64_fusionL1_drop0p1_trmiss50_trlocradio,32,5e-05,1,64,1,0.1,lr5e-05_bs32_modL1_fusion64_fusionL1_drop0p1_trmiss50_trlocradio,6,0.5880976517995199,0.6614147126674652,0.6530172413793103,0.8224203826862542,0.6666666666666666,0.0,0.0,0.0,0.0,0.0,0.0,0.0,0.0,0.0,2002,radio,0.5
2,2,lr5e-05_bs32_modL1_fusion64_fusionL1_drop0p1_trmiss50_trlocradio,32,5e-05,1,64,1,0.1,lr5e-05_bs32_modL1_fusion64_fusionL1_drop0p1_trmiss50_trlocradio,7,0.5616252024968466,0.6574600338935852,0.6724137931034483,0.8249227665251218,0.6666666666666666,0.0,0.0,0.0,0.0,0.0,0.0,0.0,0.0,0.0,2002,radio,0.5
2,2,lr5e-05_bs32_modL1_fusion64_fusionL1_drop0p1_trmiss50_trlocradio,32,5e-05,1,64,1,0.1,lr5e-05_bs32_modL1_fusion64_fusionL1_drop0p1_trmiss50_trlocradio,8,0.5643554131189982,0.654289722442627,0.6810344827586208,0.8286272128852215,0.6444444444444445,0.0,0.0,0.0,0.0,0.0,0.0,0.0,0.0,0.0,2002,radio,0.5
2,2,lr5e-05_bs32_modL1_fusion64_fusionL1_drop0p1_trmiss50_trlocradio,32,5e-05,1,64,1,0.1,lr5e-05_bs32_modL1_fusion64_fusionL1_drop0p1_trmiss50_trlocradio,9,0.5486287871996561,0.6517609059810638,0.6745689655172414,0.8264178498234414,0.6222222222222222,0.0,0.0,0.0,0.0,0.0,0.0,0.0,0.0,0.0,2002,radio,0.5
2,2,lr5e-05_bs32_modL1_fusion64_fusionL1_drop0p1_trmiss50_trlocradio,32,5e-05,1,64,1,0.1,lr5e-05_bs32_modL1_fusion64_fusionL1_drop0p1_trmiss50_trlocradio,10,0.5373835961023966,0.6481508314609528,0.6745689655172413,0.8193568724518993,0.6444444444444445,0.0,0.0,0.0,0.0,0.0,0.0,0.0,0.0,0.0,2002,radio,0.5
2,2,lr5e-05_bs32_modL1_fusion64_fusionL1_drop0p1_trmiss50_trlocradio,32,5e-05,1,64,1,0.1,lr5e-05_bs32_modL1_fusion64_fusionL1_drop0p1_trmiss50_trlocradio,11,0.5237790743509928,0.6446515321731567,0.6961206896551724,0.8329125829262276,0.6222222222222222,0.0,0.0,0.0,0.0,0.0,0.0,0.0,0.0,0.0,2002,radio,0.5
2,2,lr5e-05_bs32_modL1_fusion64_fusionL1_drop0p1_trmiss50_trlocradio,32,5e-05,1,64,1,0.1,lr5e-05_bs32_modL1_fusion64_fusionL1_drop0p1_trmiss50_trlocradio,12,0.5321148037910461,0.640874832868576,0.709051724137931,0.8358805015973965,0.6666666666666666,0.0,0.0,0.0,0.0,0.0,0.0,0.0,0.0,0.0,2002,radio,0.5
2,2,lr5e-05_bs32_modL1_fusion64_fusionL1_drop0p1_trmiss50_trlocradio,32,5e-05,1,64,1,0.1,lr5e-05_bs32_modL1_fusion64_fusionL1_drop0p1_trmiss50_trlocradio,13,0.5116856346527735,0.6463358700275421,0.6853448275862069,0.8233457245512815,0.6,0.0,0.0,0.0,0.0,0.0,0.0,0.0,0.0,0.0,2002,radio,0.5
2,2,lr5e-05_bs32_modL1_fusion64_fusionL1_drop0p1_trmiss50_trlocradio,32,5e-05,1,64,1,0.1,lr5e-05_bs32_modL1_fusion64_fusionL1_drop0p1_trmiss50_trlocradio,14,0.5110565175612768,0.6433048844337463,0.6961206896551725,0.8274897856627763,0.6444444444444445,0.0,0.0,0.0,0.0,0.0,0.0,0.0,0.0,0.0,2002,radio,0.5
2,2,lr5e-05_bs32_modL1_fusion64_fusionL1_drop0p1_trmiss50_trlocradio,32,5e-05,1,64,1,0.1,lr5e-05_bs32_modL1_fusion64_fusionL1_drop0p1_trmiss50_trlocradio,15,0.48979972302913666,0.644728034734726,0.6831896551724138,0.8182786158837737,0.6222222222222222,0.0,0.0,0.0,0.0,0.0,0.0,0.0,0.0,0.0,2002,radio,0.5
2,2,lr5e-05_bs32_modL1_fusion64_fusionL1_drop0p1_trmiss50_trlocradio,32,5e-05,1,64,1,0.1,lr5e-05_bs32_modL1_fusion64_fusionL1_drop0p1_trmiss50_trlocradio,16,0.4765864660342534,0.6443586051464081,0.6831896551724138,0.8181258237690316,0.6222222222222222,0.0,0.0,0.0,0.0,0.0,0.0,0.0,0.0,0.0,2002,radio,0.5
2,2,lr5e-05_bs32_modL1_fusion64_fusionL1_drop0p1_trmiss50_trlocradio,32,5e-05,1,64,1,0.1,lr5e-05_bs32_modL1_fusion64_fusionL1_drop0p1_trmiss50_trlocradio,17,0.47211262583732605,0.6482979357242584,0.6702586206896551,0.8185904444491363,0.6222222222222222,0.0,0.0,0.0,0.0,0.0,0.0,0.0,0.0,0.0,2002,radio,0.5
2,2,lr5e-05_bs32_modL1_fusion64_fusionL1_drop0p1_trmiss50_trlocradio,32,5e-05,1,64,1,0.1,lr5e-05_bs32_modL1_fusion64_fusionL1_drop0p1_trmiss50_trlocradio,18,0.4690590153137843,0.6483846604824066,0.6594827586206896,0.8065962069497625,0.6222222222222222,0.0,0.0,0.0,0.0,0.0,0.0,0.0,0.0,0.0,2002,radio,0.5
2,2,lr5e-05_bs32_modL1_fusion64_fusionL1_drop0p1_trmiss50_trlocradio,32,5e-05,1,64,1,0.1,lr5e-05_bs32_modL1_fusion64_fusionL1_drop0p1_trmiss50_trlocradio,19,0.46574853360652924,0.6500037908554077,0.6594827586206897,0.8047505460528861,0.6222222222222222,0.0,0.0,0.0,0.0,0.0,0.0,0.0,0.0,0.0,2002,radio,0.5
2,2,lr5e-05_bs32_modL1_fusion64_fusionL1_drop0p1_trmiss50_trlocradio,32,5e-05,1,64,1,0.1,lr5e-05_bs32_modL1_fusion64_fusionL1_drop0p1_trmiss50_trlocradio,20,0.454697589079539,0.648565948009491,0.6573275862068966,0.8054380456111618,0.6,0.0,0.0,0.0,0.0,0.0,0.0,0.0,0.0,0.0,2002,radio,0.5
2,2,lr5e-05_bs32_modL1_fusion64_fusionL1_drop0p1_trmiss50_trlocradio,32,5e-05,1,64,1,0.1,lr5e-05_bs32_modL1_fusion64_fusionL1_drop0p1_trmiss50_trlocradio,21,0.44199523826440174,0.6503432989120483,0.6508620689655172,0.8023440906060921,0.6,0.0,0.0,0.0,0.0,0.0,0.0,0.0,0.0,0.0,2002,radio,0.5
2,2,lr5e-05_bs32_modL1_fusion64_fusionL1_drop0p1_trmiss50_trlocradio,32,5e-05,1,64,1,0.1,lr5e-05_bs32_modL1_fusion64_fusionL1_drop0p1_trmiss50_trlocradio,22,0.4528864075740178,0.6518393754959106,0.6422413793103449,0.8052075328400432,0.6444444444444445,0.0,0.0,0.0,0.0,0.0,0.0,0.0,0.0,0.0,2002,radio,0.5
2,2,lr5e-05_bs32_modL1_fusion64_fusionL1_drop0p1_trmiss50_trlocradio,32,5e-05,1,64,1,0.1,lr5e-05_bs32_modL1_fusion64_fusionL1_drop0p1_trmiss50_trlocradio,23,0.44715729852517444,0.6519868969917297,0.646551724137931,0.8012360418830127,0.6444444444444445,0.0,0.0,0.0,0.0,0.0,0.0,0.0,0.0,0.0,2002,radio,0.5
2,2,lr5e-05_bs32_modL1_fusion64_fusionL1_drop0p1_trmiss50_trlocradio,32,5e-05,1,64,1,0.1,lr5e-05_bs32_modL1_fusion64_fusionL1_drop0p1_trmiss50_trlocradio,24,0.44289815922578174,0.653091311454773,0.6422413793103448,0.7997876733253559,0.6,0.0,0.0,0.0,0.0,0.0,0.0,0.0,0.0,0.0,2002,radio,0.5
2,2,lr5e-05_bs32_modL1_fusion64_fusionL1_drop0p1_trmiss50_trlocradio,32,5e-05,1,64,1,0.1,lr5e-05_bs32_modL1_fusion64_fusionL1_drop0p1_trmiss50_trlocradio,25,0.4333540350198746,0.6491879224777222,0.6551724137931034,0.8037666911117087,0.6222222222222222,0.0,0.0,0.0,0.0,0.0,0.0,0.0,0.0,0.0,2002,radio,0.5
2,2,lr5e-05_bs32_modL1_fusion64_fusionL1_drop0p1_trmiss50_trlocradio,32,5e-05,1,64,1,0.1,lr5e-05_bs32_modL1_fusion64_fusionL1_drop0p1_trmiss50_trlocradio,26,0.41908371945222217,0.6500858664512634,0.6616379310344828,0.8088410193726321,0.6444444444444445,0.0,0.0,0.0,0.0,0.0,0.0,0.0,0.0,0.0,2002,radio,0.5
2,2,lr5e-05_bs32_modL1_fusion64_fusionL1_drop0p1_trmiss50_trlocradio,32,5e-05,1,64,1,0.1,lr5e-05_bs32_modL1_fusion64_fusionL1_drop0p1_trmiss50_trlocradio,27,0.4267084946235021,0.6486094892024994,0.6508620689655172,0.8044218726550503,0.6444444444444445,0.0,0.0,0.0,0.0,0.0,0.0,0.0,0.0,0.0,2002,radio,0.5
2,2,lr5e-05_bs32_modL1_fusion64_fusionL1_drop0p1_trmiss50_trlocradio,32,5e-05,1,64,1,0.1,lr5e-05_bs32_modL1_fusion64_fusionL1_drop0p1_trmiss50_trlocradio,28,0.41418718298276264,0.6454517543315887,0.6637931034482759,0.8078143101593278,0.6666666666666666,0.0,0.0,0.0,0.0,0.0,0.0,0.0,0.0,0.0,2002,radio,0.5
2,2,lr5e-05_bs32_modL1_fusion64_fusionL1_drop0p1_trmiss50_trlocradio,32,5e-05,1,64,1,0.1,lr5e-05_bs32_modL1_fusion64_fusionL1_drop0p1_trmiss50_trlocradio,29,0.4296196202437083,0.6494148075580597,0.6508620689655172,0.8009692578147825,0.6444444444444445,0.0,0.0,0.0,0.0,0.0,0.0,0.0,0.0,0.0,2002,radio,0.5
2,2,lr5e-05_bs32_modL1_fusion64_fusionL1_drop0p1_trmiss50_trlocradio,32,5e-05,1,64,1,0.1,lr5e-05_bs32_modL1_fusion64_fusionL1_drop0p1_trmiss50_trlocradio,30,0.42309459547201794,0.6479488909244537,0.6530172413793103,0.8042519590396418,0.6666666666666666,0.0,0.0,0.0,0.0,0.0,0.0,0.0,0.0,0.0,2002,radio,0.5
2,2,lr5e-05_bs32_modL1_fusion64_fusionL1_drop0p1_trmiss50_trlocradio,32,5e-05,1,64,1,0.1,lr5e-05_bs32_modL1_fusion64_fusionL1_drop0p1_trmiss50_trlocradio,31,0.4126310596863429,0.6430789828300476,0.6681034482758621,0.8091665752032764,0.6666666666666666,0.0,0.0,0.0,0.0,0.0,0.0,0.0,0.0,0.0,2002,radio,0.5
2,2,lr5e-05_bs32_modL1_fusion64_fusionL1_drop0p1_trmiss50_trlocradio,32,5e-05,1,64,1,0.1,lr5e-05_bs32_modL1_fusion64_fusionL1_drop0p1_trmiss50_trlocradio,32,0.4146709640820821,0.6416820585727692,0.6681034482758621,0.8098322861337466,0.6666666666666666,0.0,0.0,0.0,0.0,0.0,0.0,0.0,0.0,0.0,2002,radio,0.5
2,2,lr1e-04_bs32_modL1_fusion32_fusionL1_drop0p2_trmiss50_trlocradio,32,0.0001,1,32,1,0.2,lr1e-04_bs32_modL1_fusion32_fusionL1_drop0p2_trmiss50_trlocradio,1,0.761571079492569,0.7256799042224884,0.6508620689655172,0.7817634999227714,0.35555555555555557,0.0,0.0,0.0,0.0,0.0,0.0,0.0,0.0,0.0,2002,radio,0.5
2,2,lr1e-04_bs32_modL1_fusion32_fusionL1_drop0p2_trmiss50_trlocradio,32,0.0001,1,32,1,0.2,lr1e-04_bs32_modL1_fusion32_fusionL1_drop0p2_trmiss50_trlocradio,2,0.7283255954583486,0.7224559187889099,0.6508620689655172,0.7816486914565002,0.37777777777777777,0.0,0.0,0.0,0.0,0.0,0.0,0.0,0.0,0.0,2002,radio,0.5
2,2,lr1e-04_bs32_modL1_fusion32_fusionL1_drop0p2_trmiss50_trlocradio,32,0.0001,1,32,1,0.2,lr1e-04_bs32_modL1_fusion32_fusionL1_drop0p2_trmiss50_trlocradio,3,0.6899485886096954,0.7213314473628998,0.6530172413793103,0.7784932459680168,0.37777777777777777,0.0,0.0,0.0,0.0,0.0,0.0,0.0,0.0,0.0,2002,radio,0.5
2,2,lr1e-04_bs32_modL1_fusion32_fusionL1_drop0p2_trmiss50_trlocradio,32,0.0001,1,32,1,0.2,lr1e-04_bs32_modL1_fusion32_fusionL1_drop0p2_trmiss50_trlocradio,4,0.6960427761077881,0.720600813627243,0.6745689655172414,0.7864110891390385,0.37777777777777777,0.0,0.0,0.0,0.0,0.0,0.0,0.0,0.0,0.0,2002,radio,0.5
2,2,lr1e-04_bs32_modL1_fusion32_fusionL1_drop0p2_trmiss50_trlocradio,32,0.0001,1,32,1,0.2,lr1e-04_bs32_modL1_fusion32_fusionL1_drop0p2_trmiss50_trlocradio,5,0.6902080476284027,0.7198831140995026,0.6637931034482758,0.7735587907879601,0.37777777777777777,0.0,0.0,0.0,0.0,0.0,0.0,0.0,0.0,0.0,2002,radio,0.5
2,2,lr1e-04_bs32_modL1_fusion32_fusionL1_drop0p2_trmiss50_trlocradio,32,0.0001,1,32,1,0.2,lr1e-04_bs32_modL1_fusion32_fusionL1_drop0p2_trmiss50_trlocradio,6,0.6724842886130015,0.7227618396282196,0.6681034482758621,0.7790996269528815,0.4,0.0,0.0,0.0,0.0,0.0,0.0,0.0,0.0,0.0,2002,radio,0.5
2,2,lr1e-04_bs32_modL1_fusion32_fusionL1_drop0p2_trmiss50_trlocradio,32,0.0001,1,32,1,0.2,lr1e-04_bs32_modL1_fusion32_fusionL1_drop0p2_trmiss50_trlocradio,7,0.6463723480701447,0.7230541110038757,0.6530172413793104,0.7745466518862948,0.4,0.0,0.0,0.0,0.0,0.0,0.0,0.0,0.0,0.0,2002,radio,0.5
2,2,lr1e-04_bs32_modL1_fusion32_fusionL1_drop0p2_trmiss50_trlocradio,32,0.0001,1,32,1,0.2,lr1e-04_bs32_modL1_fusion32_fusionL1_drop0p2_trmiss50_trlocradio,8,0.6522582868734995,0.7225656509399414,0.646551724137931,0.7679387076192649,0.4222222222222222,0.0,0.0,0.0,0.0,0.0,0.0,0.0,0.0,0.0,2002,radio,0.5
2,2,lr1e-04_bs32_modL1_fusion32_fusionL1_drop0p2_trmiss50_trlocradio,32,0.0001,1,32,1,0.2,lr1e-04_bs32_modL1_fusion32_fusionL1_drop0p2_trmiss50_trlocradio,9,0.6326349973678589,0.7212812602519989,0.646551724137931,0.7685781396063128,0.4222222222222222,0.0,0.0,0.0,0.0,0.0,0.0,0.0,0.0,0.0,2002,radio,0.5
2,2,lr1e-04_bs32_modL1_fusion32_fusionL1_drop0p2_trmiss50_trlocradio,32,0.0001,1,32,1,0.2,lr1e-04_bs32_modL1_fusion32_fusionL1_drop0p2_trmiss50_trlocradio,10,0.6229004859924316,0.7204562723636627,0.6443965517241379,0.7641108649840797,0.4222222222222222,0.0,0.0,0.0,0.0,0.0,0.0,0.0,0.0,0.0,2002,radio,0.5
2,2,lr1e-04_bs32_modL1_fusion32_fusionL1_drop0p2_trmiss50_trlocradio,32,0.0001,1,32,1,0.2,lr1e-04_bs32_modL1_fusion32_fusionL1_drop0p2_trmiss50_trlocradio,11,0.6097913086414337,0.7207761108875275,0.6314655172413793,0.7431838521736982,0.4222222222222222,0.0,0.0,0.0,0.0,0.0,0.0,0.0,0.0,0.0,2002,radio,0.5
2,2,lr1e-04_bs32_modL1_fusion32_fusionL1_drop0p2_trmiss50_trlocradio,32,0.0001,1,32,1,0.2,lr1e-04_bs32_modL1_fusion32_fusionL1_drop0p2_trmiss50_trlocradio,12,0.5887186328570048,0.7198433578014374,0.6293103448275862,0.7431069093317988,0.4222222222222222,0.0,0.0,0.0,0.0,0.0,0.0,0.0,0.0,0.0,2002,radio,0.5
2,2,lr1e-04_bs32_modL1_fusion32_fusionL1_drop0p2_trmiss50_trlocradio,32,0.0001,1,32,1,0.2,lr1e-04_bs32_modL1_fusion32_fusionL1_drop0p2_trmiss50_trlocradio,13,0.6036841670672098,0.7207219004631042,0.6271551724137931,0.7384039344090536,0.4222222222222222,0.0,0.0,0.0,0.0,0.0,0.0,0.0,0.0,0.0,2002,radio,0.5
2,2,lr1e-04_bs32_modL1_fusion32_fusionL1_drop0p2_trmiss50_trlocradio,32,0.0001,1,32,1,0.2,lr1e-04_bs32_modL1_fusion32_fusionL1_drop0p2_trmiss50_trlocradio,14,0.5958785712718964,0.719976156949997,0.6206896551724138,0.7328056370116434,0.4222222222222222,0.0,0.0,0.0,0.0,0.0,0.0,0.0,0.0,0.0,2002,radio,0.5
2,2,lr1e-04_bs32_modL1_fusion32_fusionL1_drop0p2_trmiss50_trlocradio,32,0.0001,1,32,1,0.2,lr1e-04_bs32_modL1_fusion32_fusionL1_drop0p2_trmiss50_trlocradio,15,0.564970483382543,0.7195144891738892,0.6250000000000001,0.7339828212866804,0.4444444444444444,0.0,0.0,0.0,0.0,0.0,0.0,0.0,0.0,0.0,2002,radio,0.5
2,2,lr1e-04_bs32_modL1_fusion32_fusionL1_drop0p2_trmiss50_trlocradio,32,0.0001,1,32,1,0.2,lr1e-04_bs32_modL1_fusion32_fusionL1_drop0p2_trmiss50_trlocradio,16,0.5885429779688517,0.7204053103923798,0.6250000000000001,0.7332414557215348,0.4444444444444444,0.0,0.0,0.0,0.0,0.0,0.0,0.0,0.0,0.0,2002,radio,0.5
2,2,lr1e-04_bs32_modL1_fusion32_fusionL1_drop0p2_trmiss50_trlocradio,32,0.0001,1,32,1,0.2,lr1e-04_bs32_modL1_fusion32_fusionL1_drop0p2_trmiss50_trlocradio,17,0.5639933049678802,0.718723475933075,0.6422413793103449,0.741010031044814,0.4444444444444444,0.0,0.0,0.0,0.0,0.0,0.0,0.0,0.0,0.0,2002,radio,0.5
2,2,lr1e-04_bs32_modL1_fusion32_fusionL1_drop0p2_trmiss50_trlocradio,32,0.0001,1,32,1,0.2,lr1e-04_bs32_modL1_fusion32_fusionL1_drop0p2_trmiss50_trlocradio,18,0.5620048344135284,0.7182272970676422,0.6336206896551724,0.7361944825500657,0.4444444444444444,0.0,0.0,0.0,0.0,0.0,0.0,0.0,0.0,0.0,2002,radio,0.5
2,2,lr1e-04_bs32_modL1_fusion32_fusionL1_drop0p2_trmiss50_trlocradio,32,0.0001,1,32,1,0.2,lr1e-04_bs32_modL1_fusion32_fusionL1_drop0p2_trmiss50_trlocradio,19,0.5653508106867472,0.7202371954917908,0.6314655172413793,0.7326826698603723,0.4444444444444444,0.0,0.0,0.0,0.0,0.0,0.0,0.0,0.0,0.0,2002,radio,0.5
2,2,lr1e-04_bs32_modL1_fusion32_fusionL1_drop0p2_trmiss50_trlocradio,32,0.0001,1,32,1,0.2,lr1e-04_bs32_modL1_fusion32_fusionL1_drop0p2_trmiss50_trlocradio,20,0.5719013015429179,0.7185198664665222,0.6206896551724138,0.7287752452446099,0.4444444444444444,0.0,0.0,0.0,0.0,0.0,0.0,0.0,0.0,0.0,2002,radio,0.5
2,2,lr1e-04_bs32_modL1_fusion32_fusionL1_drop0p2_trmiss50_trlocradio,32,0.0001,1,32,1,0.2,lr1e-04_bs32_modL1_fusion32_fusionL1_drop0p2_trmiss50_trlocradio,21,0.5551158885161082,0.7172224521636963,0.6357758620689655,0.7368736625258778,0.4444444444444444,0.0,0.0,0.0,0.0,0.0,0.0,0.0,0.0,0.0,2002,radio,0.5
2,2,lr1e-04_bs32_modL1_fusion32_fusionL1_drop0p2_trmiss50_trlocradio,32,0.0001,1,32,1,0.2,lr1e-04_bs32_modL1_fusion32_fusionL1_drop0p2_trmiss50_trlocradio,22,0.5595521330833435,0.7140225172042847,0.6314655172413793,0.7322866104787753,0.4444444444444444,0.0,0.0,0.0,0.0,0.0,0.0,0.0,0.0,0.0,2002,radio,0.5
2,2,lr1e-04_bs32_modL1_fusion32_fusionL1_drop0p2_trmiss50_trlocradio,32,0.0001,1,32,1,0.2,lr1e-04_bs32_modL1_fusion32_fusionL1_drop0p2_trmiss50_trlocradio,23,0.5491064786911011,0.7160184979438782,0.6163793103448275,0.7206985035866758,0.4444444444444444,0.0,0.0,0.0,0.0,0.0,0.0,0.0,0.0,0.0,2002,radio,0.5
2,2,lr1e-04_bs32_modL1_fusion32_fusionL1_drop0p2_trmiss50_trlocradio,32,0.0001,1,32,1,0.2,lr1e-04_bs32_modL1_fusion32_fusionL1_drop0p2_trmiss50_trlocradio,24,0.5316411157449087,0.7208197712898254,0.603448275862069,0.7170961114824466,0.4222222222222222,0.0,0.0,0.0,0.0,0.0,0.0,0.0,0.0,0.0,2002,radio,0.5
2,2,lr1e-04_bs32_modL1_fusion32_fusionL1_drop0p2_trmiss50_trlocradio,32,0.0001,1,32,1,0.2,lr1e-04_bs32_modL1_fusion32_fusionL1_drop0p2_trmiss50_trlocradio,25,0.5448066840569178,0.7221541106700897,0.5969827586206896,0.7117617022113447,0.4222222222222222,0.0,0.0,0.0,0.0,0.0,0.0,0.0,0.0,0.0,2002,radio,0.5
2,2,lr1e-04_bs32_modL1_fusion32_fusionL1_drop0p2_trmiss50_trlocradio,32,0.0001,1,32,1,0.2,lr1e-04_bs32_modL1_fusion32_fusionL1_drop0p2_trmiss50_trlocradio,26,0.5351259261369705,0.7243979275226593,0.5905172413793103,0.7090892687766608,0.4,0.0,0.0,0.0,0.0,0.0,0.0,0.0,0.0,0.0,2002,radio,0.5
2,2,lr1e-04_bs32_modL1_fusion32_fusionL1_drop0p1_trmiss50_trlocradio,32,0.0001,1,32,1,0.1,lr1e-04_bs32_modL1_fusion32_fusionL1_drop0p1_trmiss50_trlocradio,1,0.6800383031368256,0.690419614315033,0.478448275862069,0.6441237115751665,0.5555555555555556,0.0,0.0,0.0,0.0,0.0,0.0,0.0,0.0,0.0,2002,radio,0.5
2,2,lr1e-04_bs32_modL1_fusion32_fusionL1_drop0p1_trmiss50_trlocradio,32,0.0001,1,32,1,0.1,lr1e-04_bs32_modL1_fusion32_fusionL1_drop0p1_trmiss50_trlocradio,2,0.6193189819653829,0.6834129095077515,0.5237068965517241,0.665266514740475,0.6,0.0,0.0,0.0,0.0,0.0,0.0,0.0,0.0,0.0,2002,radio,0.5
2,2,lr1e-04_bs32_modL1_fusion32_fusionL1_drop0p1_trmiss50_trlocradio,32,0.0001,1,32,1,0.1,lr1e-04_bs32_modL1_fusion32_fusionL1_drop0p1_trmiss50_trlocradio,3,0.5936103860537211,0.677956610918045,0.540948275862069,0.6699135278934829,0.6,0.0,0.0,0.0,0.0,0.0,0.0,0.0,0.0,0.0,2002,radio,0.5
2,2,lr1e-04_bs32_modL1_fusion32_fusionL1_drop0p1_trmiss50_trlocradio,32,0.0001,1,32,1,0.1,lr1e-04_bs32_modL1_fusion32_fusionL1_drop0p1_trmiss50_trlocradio,4,0.5581903656323751,0.6732804179191589,0.5581896551724138,0.6682656891121183,0.6444444444444445,0.0,0.0,0.0,0.0,0.0,0.0,0.0,0.0,0.0,2002,radio,0.5
2,2,lr1e-04_bs32_modL1_fusion32_fusionL1_drop0p1_trmiss50_trlocradio,32,0.0001,1,32,1,0.1,lr1e-04_bs32_modL1_fusion32_fusionL1_drop0p1_trmiss50_trlocradio,5,0.5523868799209595,0.6674516797065735,0.5689655172413792,0.6786174754645989,0.6444444444444445,0.0,0.0,0.0,0.0,0.0,0.0,0.0,0.0,0.0,2002,radio,0.5
2,2,lr1e-04_bs32_modL1_fusion32_fusionL1_drop0p1_trmiss50_trlocradio,32,0.0001,1,32,1,0.1,lr1e-04_bs32_modL1_fusion32_fusionL1_drop0p1_trmiss50_trlocradio,6,0.5254716078440348,0.6645576059818268,0.5754310344827587,0.704784435860492,0.6444444444444445,0.0,0.0,0.0,0.0,0.0,0.0,0.0,0.0,0.0,2002,radio,0.5
2,2,lr1e-04_bs32_modL1_fusion32_fusionL1_drop0p1_trmiss50_trlocradio,32,0.0001,1,32,1,0.1,lr1e-04_bs32_modL1_fusion32_fusionL1_drop0p1_trmiss50_trlocradio,7,0.5258923172950745,0.6632978320121765,0.5775862068965517,0.709104026190328,0.6,0.0,0.0,0.0,0.0,0.0,0.0,0.0,0.0,0.0,2002,radio,0.5
2,2,lr1e-04_bs32_modL1_fusion32_fusionL1_drop0p1_trmiss50_trlocradio,32,0.0001,1,32,1,0.1,lr1e-04_bs32_modL1_fusion32_fusionL1_drop0p1_trmiss50_trlocradio,8,0.503989095489184,0.6608072519302368,0.5926724137931034,0.7336499241803011,0.6,0.0,0.0,0.0,0.0,0.0,0.0,0.0,0.0,0.0,2002,radio,0.5
2,2,lr1e-04_bs32_modL1_fusion32_fusionL1_drop0p1_trmiss50_trlocradio,32,0.0001,1,32,1,0.1,lr1e-04_bs32_modL1_fusion32_fusionL1_drop0p1_trmiss50_trlocradio,9,0.4975364903608958,0.663948267698288,0.5732758620689655,0.7120816652933741,0.6,0.0,0.0,0.0,0.0,0.0,0.0,0.0,0.0,0.0,2002,radio,0.5
2,2,lr1e-04_bs32_modL1_fusion32_fusionL1_drop0p1_trmiss50_trlocradio,32,0.0001,1,32,1,0.1,lr1e-04_bs32_modL1_fusion32_fusionL1_drop0p1_trmiss50_trlocradio,10,0.4799756060043971,0.6686543822288513,0.564655172413793,0.7053561304662368,0.6,0.0,0.0,0.0,0.0,0.0,0.0,0.0,0.0,0.0,2002,radio,0.5
2,2,lr1e-04_bs32_modL1_fusion32_fusionL1_drop0p1_trmiss50_trlocradio,32,0.0001,1,32,1,0.1,lr1e-04_bs32_modL1_fusion32_fusionL1_drop0p1_trmiss50_trlocradio,11,0.4569592277208964,0.664888471364975,0.5732758620689655,0.7312443283625484,0.6222222222222222,0.0,0.0,0.0,0.0,0.0,0.0,0.0,0.0,0.0,2002,radio,0.5
2,2,lr1e-04_bs32_modL1_fusion32_fusionL1_drop0p1_trmiss50_trlocradio,32,0.0001,1,32,1,0.1,lr1e-04_bs32_modL1_fusion32_fusionL1_drop0p1_trmiss50_trlocradio,12,0.44793054461479187,0.6626355051994324,0.5689655172413793,0.7231215376261303,0.6222222222222222,0.0,0.0,0.0,0.0,0.0,0.0,0.0,0.0,0.0,2002,radio,0.5
2,2,lr1e-04_bs32_modL1_fusion32_fusionL1_drop0p1_trmiss50_trlocradio,32,0.0001,1,32,1,0.1,lr1e-04_bs32_modL1_fusion32_fusionL1_drop0p1_trmiss50_trlocradio,13,0.43791329363981885,0.6653497815132141,0.5603448275862069,0.7150426060643135,0.6222222222222222,0.0,0.0,0.0,0.0,0.0,0.0,0.0,0.0,0.0,2002,radio,0.5
2,2,lr1e-04_bs32_modL1_fusion32_fusionL1_drop0p1_trmiss50_trlocradio,32,0.0001,1,32,1,0.1,lr1e-04_bs32_modL1_fusion32_fusionL1_drop0p1_trmiss50_trlocradio,14,0.4348064909378688,0.6666710674762726,0.564655172413793,0.7045392139081138,0.6222222222222222,0.0,0.0,0.0,0.0,0.0,0.0,0.0,0.0,0.0,2002,radio,0.5
2,2,lr1e-04_bs32_modL1_fusion32_fusionL1_drop0p1_trmiss50_trlocradio,32,0.0001,1,32,1,0.1,lr1e-04_bs32_modL1_fusion32_fusionL1_drop0p1_trmiss50_trlocradio,15,0.418439581990242,0.6640902757644653,0.5625,0.7024493497492841,0.6222222222222222,0.0,0.0,0.0,0.0,0.0,0.0,0.0,0.0,0.0,2002,radio,0.5
2,2,lr1e-04_bs32_modL1_fusion32_fusionL1_drop0p1_trmiss50_trlocradio,32,0.0001,1,32,1,0.1,lr1e-04_bs32_modL1_fusion32_fusionL1_drop0p1_trmiss50_trlocradio,16,0.4158771485090256,0.6641247868537903,0.5603448275862069,0.7062514097582406,0.6222222222222222,0.0,0.0,0.0,0.0,0.0,0.0,0.0,0.0,0.0,2002,radio,0.5
2,2,lr1e-04_bs32_modL1_fusion32_fusionL1_drop0p1_trmiss50_trlocradio,32,0.0001,1,32,1,0.1,lr1e-04_bs32_modL1_fusion32_fusionL1_drop0p1_trmiss50_trlocradio,17,0.4344540288050969,0.6670629978179932,0.5560344827586207,0.6936018242271066,0.6222222222222222,0.0,0.0,0.0,0.0,0.0,0.0,0.0,0.0,0.0,2002,radio,0.5
2,2,lr1e-04_bs32_modL1_fusion32_fusionL1_drop0p1_trmiss50_trlocradio,32,0.0001,1,32,1,0.1,lr1e-04_bs32_modL1_fusion32_fusionL1_drop0p1_trmiss50_trlocradio,18,0.40754829347133636,0.6675275266170502,0.5387931034482758,0.6873269089286884,0.6,0.0,0.0,0.0,0.0,0.0,0.0,0.0,0.0,0.0,2002,radio,0.5
2,2,lr1e-04_bs32_modL1_fusion32_fusionL1_drop0p1_trmiss50_trlocradio,32,0.0001,1,32,1,0.1,lr1e-04_bs32_modL1_fusion32_fusionL1_drop0p1_trmiss50_trlocradio,19,0.4256344785292943,0.6638427674770355,0.5560344827586207,0.6991591657710872,0.6,0.0,0.0,0.0,0.0,0.0,0.0,0.0,0.0,0.0,2002,radio,0.5
2,2,lr1e-04_bs32_modL1_fusion32_fusionL1_drop0p1_trmiss50_trlocradio,32,0.0001,1,32,1,0.1,lr1e-04_bs32_modL1_fusion32_fusionL1_drop0p1_trmiss50_trlocradio,20,0.39530817170937854,0.6640851199626923,0.5581896551724138,0.6985760267852008,0.6,0.0,0.0,0.0,0.0,0.0,0.0,0.0,0.0,0.0,2002,radio,0.5
2,2,lr1e-04_bs32_modL1_fusion32_fusionL1_drop0p1_trmiss50_trlocradio,32,0.0001,1,32,1,0.1,lr1e-04_bs32_modL1_fusion32_fusionL1_drop0p1_trmiss50_trlocradio,21,0.39062774181365967,0.6624680161476135,0.5625,0.7000476312020713,0.6222222222222222,0.0,0.0,0.0,0.0,0.0,0.0,0.0,0.0,0.0,2002,radio,0.5
2,2,lr1e-04_bs32_modL1_fusion32_fusionL1_drop0p1_trmiss50_trlocradio,32,0.0001,1,32,1,0.1,lr1e-04_bs32_modL1_fusion32_fusionL1_drop0p1_trmiss50_trlocradio,22,0.41328700880209607,0.6644932329654694,0.5581896551724137,0.6951988739192368,0.6222222222222222,0.0,0.0,0.0,0.0,0.0,0.0,0.0,0.0,0.0,2002,radio,0.5
2,2,lr1e-04_bs32_modL1_fusion32_fusionL1_drop0p1_trmiss50_trlocradio,32,0.0001,1,32,1,0.1,lr1e-04_bs32_modL1_fusion32_fusionL1_drop0p1_trmiss50_trlocradio,23,0.3873240997393926,0.6659755110740662,0.5668103448275862,0.699689727611409,0.6222222222222222,0.0,0.0,0.0,0.0,0.0,0.0,0.0,0.0,0.0,2002,radio,0.5
2,2,lr1e-04_bs32_modL1_fusion32_fusionL1_drop0p1_trmiss50_trlocradio,32,0.0001,1,32,1,0.1,lr1e-04_bs32_modL1_fusion32_fusionL1_drop0p1_trmiss50_trlocradio,24,0.39639968673388165,0.6648692488670349,0.560344827586207,0.6951810874169606,0.6222222222222222,0.0,0.0,0.0,0.0,0.0,0.0,0.0,0.0,0.0,2002,radio,0.5
2,2,lr1e-04_bs32_modL1_fusion32_fusionL1_drop0p1_trmiss50_trlocradio,32,0.0001,1,32,1,0.1,lr1e-04_bs32_modL1_fusion32_fusionL1_drop0p1_trmiss50_trlocradio,25,0.39428340395291644,0.667282372713089,0.5668103448275862,0.7002685711476226,0.6222222222222222,0.0,0.0,0.0,0.0,0.0,0.0,0.0,0.0,0.0,2002,radio,0.5
2,2,lr1e-04_bs32_modL1_fusion32_fusionL1_drop0p1_trmiss50_trlocradio,32,0.0001,1,32,1,0.1,lr1e-04_bs32_modL1_fusion32_fusionL1_drop0p1_trmiss50_trlocradio,26,0.39458883305390674,0.6683215200901031,0.564655172413793,0.6972200679267058,0.6,0.0,0.0,0.0,0.0,0.0,0.0,0.0,0.0,0.0,2002,radio,0.5
2,2,lr1e-04_bs32_modL1_fusion32_fusionL1_drop0p1_trmiss50_trlocradio,32,0.0001,1,32,1,0.1,lr1e-04_bs32_modL1_fusion32_fusionL1_drop0p1_trmiss50_trlocradio,27,0.3795888274908066,0.6670311987400055,0.564655172413793,0.6986768261785958,0.6,0.0,0.0,0.0,0.0,0.0,0.0,0.0,0.0,0.0,2002,radio,0.5
2,2,lr1e-04_bs32_modL1_fusion32_fusionL1_drop0p1_trmiss50_trlocradio,32,0.0001,1,32,1,0.1,lr1e-04_bs32_modL1_fusion32_fusionL1_drop0p1_trmiss50_trlocradio,28,0.38538915912310284,0.6656941473484039,0.5581896551724138,0.687443884655627,0.6222222222222222,0.0,0.0,0.0,0.0,0.0,0.0,0.0,0.0,0.0,2002,radio,0.5
2,2,lr1e-04_bs32_modL1_fusion64_fusionL1_drop0p2_trmiss50_trlocradio,32,0.0001,1,64,1,0.2,lr1e-04_bs32_modL1_fusion64_fusionL1_drop0p2_trmiss50_trlocradio,1,0.6716498931248983,0.6765373349189758,0.4849137931034483,0.6410174667842606,0.6444444444444445,0.0,0.0,0.0,0.0,0.0,0.0,0.0,0.0,0.0,2002,radio,0.5
2,2,lr1e-04_bs32_modL1_fusion64_fusionL1_drop0p2_trmiss50_trlocradio,32,0.0001,1,64,1,0.2,lr1e-04_bs32_modL1_fusion64_fusionL1_drop0p2_trmiss50_trlocradio,2,0.6407910188039144,0.6780832707881927,0.4870689655172414,0.6216412003504683,0.6,0.0,0.0,0.0,0.0,0.0,0.0,0.0,0.0,0.0,2002,radio,0.5
2,2,lr1e-04_bs32_modL1_fusion64_fusionL1_drop0p2_trmiss50_trlocradio,32,0.0001,1,64,1,0.2,lr1e-04_bs32_modL1_fusion64_fusionL1_drop0p2_trmiss50_trlocradio,3,0.6224525272846222,0.6781321465969086,0.4956896551724138,0.6562211696875752,0.6222222222222222,0.0,0.0,0.0,0.0,0.0,0.0,0.0,0.0,0.0,2002,radio,0.5
2,2,lr1e-04_bs32_modL1_fusion64_fusionL1_drop0p2_trmiss50_trlocradio,32,0.0001,1,64,1,0.2,lr1e-04_bs32_modL1_fusion64_fusionL1_drop0p2_trmiss50_trlocradio,4,0.6147184471289316,0.6769765615463257,0.49999999999999994,0.6548435254977608,0.6444444444444445,0.0,0.0,0.0,0.0,0.0,0.0,0.0,0.0,0.0,2002,radio,0.5
2,2,lr1e-04_bs32_modL1_fusion64_fusionL1_drop0p2_trmiss50_trlocradio,32,0.0001,1,64,1,0.2,lr1e-04_bs32_modL1_fusion64_fusionL1_drop0p2_trmiss50_trlocradio,5,0.5808324416478475,0.6706240177154541,0.5387931034482759,0.6961632162515642,0.6444444444444445,0.0,0.0,0.0,0.0,0.0,0.0,0.0,0.0,0.0,2002,radio,0.5
2,2,lr1e-04_bs32_modL1_fusion64_fusionL1_drop0p2_trmiss50_trlocradio,32,0.0001,1,64,1,0.2,lr1e-04_bs32_modL1_fusion64_fusionL1_drop0p2_trmiss50_trlocradio,6,0.5606999893983206,0.6682152152061462,0.5711206896551724,0.7185630370757644,0.6444444444444445,0.0,0.0,0.0,0.0,0.0,0.0,0.0,0.0,0.0,2002,radio,0.5
2,2,lr1e-04_bs32_modL1_fusion64_fusionL1_drop0p2_trmiss50_trlocradio,32,0.0001,1,64,1,0.2,lr1e-04_bs32_modL1_fusion64_fusionL1_drop0p2_trmiss50_trlocradio,7,0.5721471210320791,0.6650271415710449,0.5840517241379309,0.7298139614744309,0.6222222222222222,0.0,0.0,0.0,0.0,0.0,0.0,0.0,0.0,0.0,2002,radio,0.5
2,2,lr1e-04_bs32_modL1_fusion64_fusionL1_drop0p2_trmiss50_trlocradio,32,0.0001,1,64,1,0.2,lr1e-04_bs32_modL1_fusion64_fusionL1_drop0p2_trmiss50_trlocradio,8,0.5478366911411285,0.6648581922054291,0.5732758620689655,0.724594559630601,0.6666666666666666,0.0,0.0,0.0,0.0,0.0,0.0,0.0,0.0,0.0,2002,radio,0.5
2,2,lr1e-04_bs32_modL1_fusion64_fusionL1_drop0p2_trmiss50_trlocradio,32,0.0001,1,64,1,0.2,lr1e-04_bs32_modL1_fusion64_fusionL1_drop0p2_trmiss50_trlocradio,9,0.5226385941108068,0.6654510498046875,0.5646551724137931,0.7156803160557504,0.6666666666666666,0.0,0.0,0.0,0.0,0.0,0.0,0.0,0.0,0.0,2002,radio,0.5
2,2,lr1e-04_bs32_modL1_fusion64_fusionL1_drop0p2_trmiss50_trlocradio,32,0.0001,1,64,1,0.2,lr1e-04_bs32_modL1_fusion64_fusionL1_drop0p2_trmiss50_trlocradio,10,0.5255960524082184,0.666009396314621,0.5625,0.6993754871056299,0.6666666666666666,0.0,0.0,0.0,0.0,0.0,0.0,0.0,0.0,0.0,2002,radio,0.5
2,2,lr1e-04_bs32_modL1_fusion64_fusionL1_drop0p2_trmiss50_trlocradio,32,0.0001,1,64,1,0.2,lr1e-04_bs32_modL1_fusion64_fusionL1_drop0p2_trmiss50_trlocradio,11,0.511604443192482,0.6654714941978455,0.5689655172413792,0.7144786218823528,0.6666666666666666,0.0,0.0,0.0,0.0,0.0,0.0,0.0,0.0,0.0,2002,radio,0.5
2,2,lr1e-04_bs32_modL1_fusion64_fusionL1_drop0p2_trmiss50_trlocradio,32,0.0001,1,64,1,0.2,lr1e-04_bs32_modL1_fusion64_fusionL1_drop0p2_trmiss50_trlocradio,12,0.48104187349478406,0.6619594097137451,0.5818965517241379,0.7306233399957592,0.6888888888888889,0.0,0.0,0.0,0.0,0.0,0.0,0.0,0.0,0.0,2002,radio,0.5
2,2,lr1e-04_bs32_modL1_fusion64_fusionL1_drop0p2_trmiss50_trlocradio,32,0.0001,1,64,1,0.2,lr1e-04_bs32_modL1_fusion64_fusionL1_drop0p2_trmiss50_trlocradio,13,0.4862904151280721,0.6596889793872833,0.5818965517241379,0.7347080846031314,0.7111111111111111,0.0,0.0,0.0,0.0,0.0,0.0,0.0,0.0,0.0,2002,radio,0.5
2,2,lr1e-04_bs32_modL1_fusion64_fusionL1_drop0p2_trmiss50_trlocradio,32,0.0001,1,64,1,0.2,lr1e-04_bs32_modL1_fusion64_fusionL1_drop0p2_trmiss50_trlocradio,14,0.4802457441886266,0.6561453342437744,0.5948275862068966,0.7536256967408246,0.6666666666666666,0.0,0.0,0.0,0.0,0.0,0.0,0.0,0.0,0.0,2002,radio,0.5
2,2,lr1e-04_bs32_modL1_fusion64_fusionL1_drop0p2_trmiss50_trlocradio,32,0.0001,1,64,1,0.2,lr1e-04_bs32_modL1_fusion64_fusionL1_drop0p2_trmiss50_trlocradio,15,0.46881674726804096,0.6514334082603455,0.5926724137931034,0.7558712003386823,0.6666666666666666,0.0,0.0,0.0,0.0,0.0,0.0,0.0,0.0,0.0,2002,radio,0.5
2,2,lr1e-04_bs32_modL1_fusion64_fusionL1_drop0p2_trmiss50_trlocradio,32,0.0001,1,64,1,0.2,lr1e-04_bs32_modL1_fusion64_fusionL1_drop0p2_trmiss50_trlocradio,16,0.4673040757576625,0.6496983170509338,0.5926724137931034,0.7595226674961919,0.6666666666666666,0.0,0.0,0.0,0.0,0.0,0.0,0.0,0.0,0.0,2002,radio,0.5
2,2,lr1e-04_bs32_modL1_fusion64_fusionL1_drop0p2_trmiss50_trlocradio,32,0.0001,1,64,1,0.2,lr1e-04_bs32_modL1_fusion64_fusionL1_drop0p2_trmiss50_trlocradio,17,0.4458431303501129,0.6521096229553223,0.5668103448275862,0.7383605211845036,0.6222222222222222,0.0,0.0,0.0,0.0,0.0,0.0,0.0,0.0,0.0,2002,radio,0.5
2,2,lr1e-04_bs32_modL1_fusion64_fusionL1_drop0p2_trmiss50_trlocradio,32,0.0001,1,64,1,0.2,lr1e-04_bs32_modL1_fusion64_fusionL1_drop0p2_trmiss50_trlocradio,18,0.4288402001063029,0.6462863981723785,0.5991379310344828,0.7649405117721773,0.6666666666666666,0.0,0.0,0.0,0.0,0.0,0.0,0.0,0.0,0.0,2002,radio,0.5
2,2,lr1e-04_bs32_modL1_fusion64_fusionL1_drop0p2_trmiss50_trlocradio,32,0.0001,1,64,1,0.2,lr1e-04_bs32_modL1_fusion64_fusionL1_drop0p2_trmiss50_trlocradio,19,0.4236460328102112,0.6456975340843201,0.5797413793103448,0.750280173845333,0.6666666666666666,0.0,0.0,0.0,0.0,0.0,0.0,0.0,0.0,0.0,2002,radio,0.5
2,2,lr1e-04_bs32_modL1_fusion64_fusionL1_drop0p2_trmiss50_trlocradio,32,0.0001,1,64,1,0.2,lr1e-04_bs32_modL1_fusion64_fusionL1_drop0p2_trmiss50_trlocradio,20,0.4112967550754547,0.6448057293891907,0.581896551724138,0.7490087231158206,0.6888888888888889,0.0,0.0,0.0,0.0,0.0,0.0,0.0,0.0,0.0,2002,radio,0.5
2,2,lr1e-04_bs32_modL1_fusion64_fusionL1_drop0p2_trmiss50_trlocradio,32,0.0001,1,64,1,0.2,lr1e-04_bs32_modL1_fusion64_fusionL1_drop0p2_trmiss50_trlocradio,21,0.406607319911321,0.6456336975097656,0.584051724137931,0.7505690051717439,0.6888888888888889,0.0,0.0,0.0,0.0,0.0,0.0,0.0,0.0,0.0,2002,radio,0.5
2,2,lr1e-04_bs32_modL1_fusion64_fusionL1_drop0p2_trmiss50_trlocradio,32,0.0001,1,64,1,0.2,lr1e-04_bs32_modL1_fusion64_fusionL1_drop0p2_trmiss50_trlocradio,22,0.4095243116219838,0.6439419984817505,0.5818965517241379,0.753410190957032,0.6222222222222222,0.0,0.0,0.0,0.0,0.0,0.0,0.0,0.0,0.0,2002,radio,0.5
2,2,lr1e-04_bs32_modL1_fusion64_fusionL1_drop0p2_trmiss50_trlocradio,32,0.0001,1,64,1,0.2,lr1e-04_bs32_modL1_fusion64_fusionL1_drop0p2_trmiss50_trlocradio,23,0.3953229586283366,0.6421763300895691,0.5926724137931034,0.7587496673474027,0.6222222222222222,0.0,0.0,0.0,0.0,0.0,0.0,0.0,0.0,0.0,2002,radio,0.5
2,2,lr1e-04_bs32_modL1_fusion64_fusionL1_drop0p2_trmiss50_trlocradio,32,0.0001,1,64,1,0.2,lr1e-04_bs32_modL1_fusion64_fusionL1_drop0p2_trmiss50_trlocradio,24,0.38830065727233887,0.6394040286540985,0.584051724137931,0.755579517760835,0.6444444444444445,0.0,0.0,0.0,0.0,0.0,0.0,0.0,0.0,0.0,2002,radio,0.5
2,2,lr1e-04_bs32_modL1_fusion64_fusionL1_drop0p2_trmiss50_trlocradio,32,0.0001,1,64,1,0.2,lr1e-04_bs32_modL1_fusion64_fusionL1_drop0p2_trmiss50_trlocradio,25,0.3874204407135646,0.6364890336990356,0.5948275862068966,0.763704511331898,0.6222222222222222,0.0,0.0,0.0,0.0,0.0,0.0,0.0,0.0,0.0,2002,radio,0.5
2,2,lr1e-04_bs32_modL1_fusion64_fusionL1_drop0p2_trmiss50_trlocradio,32,0.0001,1,64,1,0.2,lr1e-04_bs32_modL1_fusion64_fusionL1_drop0p2_trmiss50_trlocradio,26,0.36236806213855743,0.636847972869873,0.5969827586206897,0.7605533817223155,0.6222222222222222,0.0,0.0,0.0,0.0,0.0,0.0,0.0,0.0,0.0,2002,radio,0.5
2,2,lr1e-04_bs32_modL1_fusion64_fusionL1_drop0p2_trmiss50_trlocradio,32,0.0001,1,64,1,0.2,lr1e-04_bs32_modL1_fusion64_fusionL1_drop0p2_trmiss50_trlocradio,27,0.3680292268594106,0.6385338008403778,0.6012931034482759,0.7649791084926169,0.6,0.0,0.0,0.0,0.0,0.0,0.0,0.0,0.0,0.0,2002,radio,0.5
2,2,lr1e-04_bs32_modL1_fusion64_fusionL1_drop0p2_trmiss50_trlocradio,32,0.0001,1,64,1,0.2,lr1e-04_bs32_modL1_fusion64_fusionL1_drop0p2_trmiss50_trlocradio,28,0.33977661033471424,0.6402735710144043,0.5991379310344828,0.7597408516299885,0.5777777777777777,0.0,0.0,0.0,0.0,0.0,0.0,0.0,0.0,0.0,2002,radio,0.5
2,2,lr1e-04_bs32_modL1_fusion64_fusionL1_drop0p2_trmiss50_trlocradio,32,0.0001,1,64,1,0.2,lr1e-04_bs32_modL1_fusion64_fusionL1_drop0p2_trmiss50_trlocradio,29,0.33924269179503125,0.642768919467926,0.5862068965517241,0.7562391836493313,0.5777777777777777,0.0,0.0,0.0,0.0,0.0,0.0,0.0,0.0,0.0,2002,radio,0.5
2,2,lr1e-04_bs32_modL1_fusion64_fusionL1_drop0p2_trmiss50_trlocradio,32,0.0001,1,64,1,0.2,lr1e-04_bs32_modL1_fusion64_fusionL1_drop0p2_trmiss50_trlocradio,30,0.3360387980937958,0.634897768497467,0.6056034482758621,0.7752927481263236,0.6,0.0,0.0,0.0,0.0,0.0,0.0,0.0,0.0,0.0,2002,radio,0.5
2,2,lr1e-04_bs32_modL1_fusion64_fusionL1_drop0p2_trmiss50_trlocradio,32,0.0001,1,64,1,0.2,lr1e-04_bs32_modL1_fusion64_fusionL1_drop0p2_trmiss50_trlocradio,31,0.3317450036605199,0.628960907459259,0.6120689655172413,0.7765036977722857,0.6,0.0,0.0,0.0,0.0,0.0,0.0,0.0,0.0,0.0,2002,radio,0.5
2,2,lr1e-04_bs32_modL1_fusion64_fusionL1_drop0p2_trmiss50_trlocradio,32,0.0001,1,64,1,0.2,lr1e-04_bs32_modL1_fusion64_fusionL1_drop0p2_trmiss50_trlocradio,32,0.3241230597098668,0.6275267004966736,0.6099137931034483,0.7838322660137662,0.6,0.0,0.0,0.0,0.0,0.0,0.0,0.0,0.0,0.0,2002,radio,0.5
2,2,lr1e-04_bs32_modL1_fusion64_fusionL1_drop0p2_trmiss50_trlocradio,32,0.0001,1,64,1,0.2,lr1e-04_bs32_modL1_fusion64_fusionL1_drop0p2_trmiss50_trlocradio,33,0.312658687432607,0.6262481510639191,0.6077586206896551,0.7821769756674597,0.6,0.0,0.0,0.0,0.0,0.0,0.0,0.0,0.0,0.0,2002,radio,0.5
2,2,lr1e-04_bs32_modL1_fusion64_fusionL1_drop0p2_trmiss50_trlocradio,32,0.0001,1,64,1,0.2,lr1e-04_bs32_modL1_fusion64_fusionL1_drop0p2_trmiss50_trlocradio,34,0.309344748655955,0.633189857006073,0.5883620689655172,0.7779496376831663,0.5777777777777777,0.0,0.0,0.0,0.0,0.0,0.0,0.0,0.0,0.0,2002,radio,0.5
2,2,lr1e-04_bs32_modL1_fusion64_fusionL1_drop0p2_trmiss50_trlocradio,32,0.0001,1,64,1,0.2,lr1e-04_bs32_modL1_fusion64_fusionL1_drop0p2_trmiss50_trlocradio,35,0.3039793570836385,0.6395912170410156,0.581896551724138,0.7673862479060258,0.5555555555555556,0.0,0.0,0.0,0.0,0.0,0.0,0.0,0.0,0.0,2002,radio,0.5
2,2,lr1e-04_bs32_modL1_fusion64_fusionL1_drop0p2_trmiss50_trlocradio,32,0.0001,1,64,1,0.2,lr1e-04_bs32_modL1_fusion64_fusionL1_drop0p2_trmiss50_trlocradio,36,0.2995825658241908,0.6372631788253784,0.5840517241379309,0.7587765273651339,0.5777777777777777,0.0,0.0,0.0,0.0,0.0,0.0,0.0,0.0,0.0,2002,radio,0.5
2,2,lr1e-04_bs32_modL1_fusion64_fusionL1_drop0p2_trmiss50_trlocradio,32,0.0001,1,64,1,0.2,lr1e-04_bs32_modL1_fusion64_fusionL1_drop0p2_trmiss50_trlocradio,37,0.291255459189415,0.6312804222106934,0.605603448275862,0.7758963567944301,0.6,0.0,0.0,0.0,0.0,0.0,0.0,0.0,0.0,0.0,2002,radio,0.5
2,2,lr1e-04_bs32_modL1_fusion64_fusionL1_drop0p2_trmiss50_trlocradio,32,0.0001,1,64,1,0.2,lr1e-04_bs32_modL1_fusion64_fusionL1_drop0p2_trmiss50_trlocradio,38,0.27975794672966003,0.6217868030071259,0.6206896551724138,0.7813553355335467,0.6222222222222222,0.0,0.0,0.0,0.0,0.0,0.0,0.0,0.0,0.0,2002,radio,0.5
2,2,lr1e-04_bs32_modL1_fusion64_fusionL1_drop0p2_trmiss50_trlocradio,32,0.0001,1,64,1,0.2,lr1e-04_bs32_modL1_fusion64_fusionL1_drop0p2_trmiss50_trlocradio,39,0.28080833454926807,0.6168696582317352,0.6314655172413792,0.7805401693187527,0.6444444444444445,0.0,0.0,0.0,0.0,0.0,0.0,0.0,0.0,0.0,2002,radio,0.5
2,2,lr1e-04_bs32_modL1_fusion64_fusionL1_drop0p2_trmiss50_trlocradio,32,0.0001,1,64,1,0.2,lr1e-04_bs32_modL1_fusion64_fusionL1_drop0p2_trmiss50_trlocradio,40,0.27651816606521606,0.6271554231643677,0.622844827586207,0.7727229132361751,0.6,0.0,0.0,0.0,0.0,0.0,0.0,0.0,0.0,0.0,2002,radio,0.5
2,2,lr1e-04_bs32_modL1_fusion64_fusionL1_drop0p2_trmiss50_trlocradio,32,0.0001,1,64,1,0.2,lr1e-04_bs32_modL1_fusion64_fusionL1_drop0p2_trmiss50_trlocradio,41,0.26270828644434613,0.6242533326148987,0.6142241379310345,0.774362863096206,0.6,0.0,0.0,0.0,0.0,0.0,0.0,0.0,0.0,0.0,2002,radio,0.5
2,2,lr1e-04_bs32_modL1_fusion64_fusionL1_drop0p2_trmiss50_trlocradio,32,0.0001,1,64,1,0.2,lr1e-04_bs32_modL1_fusion64_fusionL1_drop0p2_trmiss50_trlocradio,42,0.28007804850737256,0.624231219291687,0.6163793103448276,0.7759716263494535,0.6,0.0,0.0,0.0,0.0,0.0,0.0,0.0,0.0,0.0,2002,radio,0.5
2,2,lr1e-04_bs32_modL1_fusion64_fusionL1_drop0p2_trmiss50_trlocradio,32,0.0001,1,64,1,0.2,lr1e-04_bs32_modL1_fusion64_fusionL1_drop0p2_trmiss50_trlocradio,43,0.24454374859730402,0.6245086789131165,0.625,0.7769918246411096,0.6222222222222222,0.0,0.0,0.0,0.0,0.0,0.0,0.0,0.0,0.0,2002,radio,0.5
2,2,lr1e-04_bs32_modL1_fusion64_fusionL1_drop0p2_trmiss50_trlocradio,32,0.0001,1,64,1,0.2,lr1e-04_bs32_modL1_fusion64_fusionL1_drop0p2_trmiss50_trlocradio,44,0.25741242865721387,0.6210423409938812,0.6293103448275863,0.783334677076758,0.6222222222222222,0.0,0.0,0.0,0.0,0.0,0.0,0.0,0.0,0.0,2002,radio,0.5
2,2,lr1e-04_bs32_modL1_fusion64_fusionL1_drop0p2_trmiss50_trlocradio,32,0.0001,1,64,1,0.2,lr1e-04_bs32_modL1_fusion64_fusionL1_drop0p2_trmiss50_trlocradio,45,0.24101703613996506,0.6177359223365784,0.6206896551724138,0.7685938936652191,0.6444444444444445,0.0,0.0,0.0,0.0,0.0,0.0,0.0,0.0,0.0,2002,radio,0.5
2,2,lr1e-04_bs32_modL1_fusion64_fusionL1_drop0p2_trmiss50_trlocradio,32,0.0001,1,64,1,0.2,lr1e-04_bs32_modL1_fusion64_fusionL1_drop0p2_trmiss50_trlocradio,46,0.23174118995666504,0.6175907254219055,0.6293103448275862,0.7713384899514187,0.6,0.0,0.0,0.0,0.0,0.0,0.0,0.0,0.0,0.0,2002,radio,0.5
2,2,lr1e-04_bs32_modL1_fusion64_fusionL1_drop0p2_trmiss50_trlocradio,32,0.0001,1,64,1,0.2,lr1e-04_bs32_modL1_fusion64_fusionL1_drop0p2_trmiss50_trlocradio,47,0.22918925931056341,0.6178072392940521,0.6357758620689655,0.7848526920268635,0.6,0.0,0.0,0.0,0.0,0.0,0.0,0.0,0.0,0.0,2002,radio,0.5
2,2,lr1e-04_bs32_modL1_fusion64_fusionL1_drop0p2_trmiss50_trlocradio,32,0.0001,1,64,1,0.2,lr1e-04_bs32_modL1_fusion64_fusionL1_drop0p2_trmiss50_trlocradio,48,0.22482464710871378,0.6167931854724884,0.6400862068965517,0.7834621512987546,0.6,0.0,0.0,0.0,0.0,0.0,0.0,0.0,0.0,0.0,2002,radio,0.5
2,2,lr1e-04_bs32_modL1_fusion64_fusionL1_drop0p2_trmiss50_trlocradio,32,0.0001,1,64,1,0.2,lr1e-04_bs32_modL1_fusion64_fusionL1_drop0p2_trmiss50_trlocradio,49,0.2431904673576355,0.6207709610462189,0.6357758620689655,0.7704003251677533,0.5777777777777777,0.0,0.0,0.0,0.0,0.0,0.0,0.0,0.0,0.0,2002,radio,0.5
2,2,lr1e-04_bs32_modL1_fusion64_fusionL1_drop0p2_trmiss50_trlocradio,32,0.0001,1,64,1,0.2,lr1e-04_bs32_modL1_fusion64_fusionL1_drop0p2_trmiss50_trlocradio,50,0.21362219005823135,0.619278609752655,0.627155172413793,0.7604851721467615,0.6444444444444445,0.0,0.0,0.0,0.0,0.0,0.0,0.0,0.0,0.0,2002,radio,0.5
2,2,lr1e-04_bs32_modL1_fusion64_fusionL1_drop0p2_trmiss50_trlocradio,32,0.0001,1,64,1,0.2,lr1e-04_bs32_modL1_fusion64_fusionL1_drop0p2_trmiss50_trlocradio,51,0.2307669719060262,0.6194199025630951,0.6228448275862069,0.7611268643159649,0.6222222222222222,0.0,0.0,0.0,0.0,0.0,0.0,0.0,0.0,0.0,2002,radio,0.5
2,2,lr1e-04_bs32_modL1_fusion64_fusionL1_drop0p2_trmiss50_trlocradio,32,0.0001,1,64,1,0.2,lr1e-04_bs32_modL1_fusion64_fusionL1_drop0p2_trmiss50_trlocradio,52,0.22119593371947607,0.6224697828292847,0.6163793103448276,0.7570101468144478,0.6222222222222222,0.0,0.0,0.0,0.0,0.0,0.0,0.0,0.0,0.0,2002,radio,0.5
2,2,lr1e-04_bs32_modL1_fusion64_fusionL1_drop0p2_trmiss50_trlocradio,32,0.0001,1,64,1,0.2,lr1e-04_bs32_modL1_fusion64_fusionL1_drop0p2_trmiss50_trlocradio,53,0.2198653370141983,0.6271365582942963,0.6163793103448275,0.7567009641912498,0.6,0.0,0.0,0.0,0.0,0.0,0.0,0.0,0.0,0.0,2002,radio,0.5
2,2,lr1e-04_bs32_modL1_fusion64_fusionL1_drop0p2_trmiss50_trlocradio,32,0.0001,1,64,1,0.2,lr1e-04_bs32_modL1_fusion64_fusionL1_drop0p2_trmiss50_trlocradio,54,0.21850030620892844,0.6259953081607819,0.6142241379310345,0.7585246769969277,0.6222222222222222,0.0,0.0,0.0,0.0,0.0,0.0,0.0,0.0,0.0,2002,radio,0.5
2,2,lr1e-04_bs32_modL1_fusion64_fusionL1_drop0p2_trmiss50_trlocradio,32,0.0001,1,64,1,0.2,lr1e-04_bs32_modL1_fusion64_fusionL1_drop0p2_trmiss50_trlocradio,55,0.22748293975989023,0.6280390024185181,0.622844827586207,0.7598576967578795,0.6,0.0,0.0,0.0,0.0,0.0,0.0,0.0,0.0,0.0,2002,radio,0.5
2,2,lr1e-04_bs32_modL1_fusion64_fusionL1_drop0p2_trmiss50_trlocradio,32,0.0001,1,64,1,0.2,lr1e-04_bs32_modL1_fusion64_fusionL1_drop0p2_trmiss50_trlocradio,56,0.20762098828951517,0.6275219917297363,0.6185344827586208,0.7584222393713654,0.6,0.0,0.0,0.0,0.0,0.0,0.0,0.0,0.0,0.0,2002,radio,0.5
2,2,lr1e-04_bs32_modL1_fusion64_fusionL1_drop0p2_trmiss50_trlocradio,32,0.0001,1,64,1,0.2,lr1e-04_bs32_modL1_fusion64_fusionL1_drop0p2_trmiss50_trlocradio,57,0.21358699103196463,0.6262137293815613,0.6185344827586207,0.7585344088220155,0.6222222222222222,0.0,0.0,0.0,0.0,0.0,0.0,0.0,0.0,0.0,2002,radio,0.5
2,2,lr1e-04_bs32_modL1_fusion64_fusionL1_drop0p2_trmiss50_trlocradio,32,0.0001,1,64,1,0.2,lr1e-04_bs32_modL1_fusion64_fusionL1_drop0p2_trmiss50_trlocradio,58,0.2045158992211024,0.6270401179790497,0.6077586206896552,0.7540780361567699,0.6,0.0,0.0,0.0,0.0,0.0,0.0,0.0,0.0,0.0,2002,radio,0.5
2,2,lr1e-04_bs32_modL1_fusion64_fusionL1_drop0p2_trmiss50_trlocradio,32,0.0001,1,64,1,0.2,lr1e-04_bs32_modL1_fusion64_fusionL1_drop0p2_trmiss50_trlocradio,59,0.20685322831074396,0.6224848330020905,0.6228448275862069,0.7606281792748487,0.6222222222222222,0.0,0.0,0.0,0.0,0.0,0.0,0.0,0.0,0.0,2002,radio,0.5
2,2,lr1e-04_bs32_modL1_fusion64_fusionL1_drop0p2_trmiss50_trlocradio,32,0.0001,1,64,1,0.2,lr1e-04_bs32_modL1_fusion64_fusionL1_drop0p2_trmiss50_trlocradio,60,0.21058333168427149,0.6174653768539429,0.6336206896551725,0.7672488405608245,0.6222222222222222,0.0,0.0,0.0,0.0,0.0,0.0,0.0,0.0,0.0,2002,radio,0.5
2,2,lr1e-04_bs32_modL1_fusion64_fusionL1_drop0p2_trmiss50_trlocradio,32,0.0001,1,64,1,0.2,lr1e-04_bs32_modL1_fusion64_fusionL1_drop0p2_trmiss50_trlocradio,61,0.2017761766910553,0.6172354221343994,0.625,0.7619880178811377,0.6222222222222222,0.0,0.0,0.0,0.0,0.0,0.0,0.0,0.0,0.0,2002,radio,0.5
2,2,lr1e-04_bs32_modL1_fusion64_fusionL1_drop0p2_trmiss50_trlocradio,32,0.0001,1,64,1,0.2,lr1e-04_bs32_modL1_fusion64_fusionL1_drop0p2_trmiss50_trlocradio,62,0.20581984768311182,0.6208071112632751,0.6271551724137931,0.7633491794056387,0.6222222222222222,0.0,0.0,0.0,0.0,0.0,0.0,0.0,0.0,0.0,2002,radio,0.5
2,2,lr1e-04_bs32_modL1_fusion64_fusionL1_drop0p2_trmiss50_trlocradio,32,0.0001,1,64,1,0.2,lr1e-04_bs32_modL1_fusion64_fusionL1_drop0p2_trmiss50_trlocradio,63,0.19821114589770636,0.6234539151191711,0.627155172413793,0.7695423183573982,0.6,0.0,0.0,0.0,0.0,0.0,0.0,0.0,0.0,0.0,2002,radio,0.5
2,2,lr1e-04_bs32_modL1_fusion64_fusionL1_drop0p2_trmiss50_trlocradio,32,0.0001,1,64,1,0.2,lr1e-04_bs32_modL1_fusion64_fusionL1_drop0p2_trmiss50_trlocradio,64,0.1938105175892512,0.6210500299930573,0.625,0.7625023390009563,0.6222222222222222,0.0,0.0,0.0,0.0,0.0,0.0,0.0,0.0,0.0,2002,radio,0.5
2,2,lr1e-04_bs32_modL1_fusion64_fusionL1_drop0p2_trmiss50_trlocradio,32,0.0001,1,64,1,0.2,lr1e-04_bs32_modL1_fusion64_fusionL1_drop0p2_trmiss50_trlocradio,65,0.20560693244139353,0.621170848608017,0.6206896551724138,0.7608570658873849,0.5777777777777777,0.0,0.0,0.0,0.0,0.0,0.0,0.0,0.0,0.0,2002,radio,0.5
2,2,lr1e-04_bs32_modL1_fusion64_fusionL1_drop0p2_trmiss50_trlocradio,32,0.0001,1,64,1,0.2,lr1e-04_bs32_modL1_fusion64_fusionL1_drop0p2_trmiss50_trlocradio,66,0.2009547675649325,0.6197250187397003,0.622844827586207,0.7662691506098145,0.6222222222222222,0.0,0.0,0.0,0.0,0.0,0.0,0.0,0.0,0.0,2002,radio,0.5
2,2,lr1e-04_bs32_modL1_fusion64_fusionL1_drop0p2_trmiss50_trlocradio,32,0.0001,1,64,1,0.2,lr1e-04_bs32_modL1_fusion64_fusionL1_drop0p2_trmiss50_trlocradio,67,0.2005392163991928,0.6215212047100067,0.6206896551724138,0.7669075728526955,0.6,0.0,0.0,0.0,0.0,0.0,0.0,0.0,0.0,0.0,2002,radio,0.5
2,2,lr1e-04_bs32_modL1_fusion64_fusionL1_drop0p2_trmiss50_trlocradio,32,0.0001,1,64,1,0.2,lr1e-04_bs32_modL1_fusion64_fusionL1_drop0p2_trmiss50_trlocradio,68,0.21256159991025925,0.6205105781555176,0.6206896551724138,0.76370797595512,0.5777777777777777,0.0,0.0,0.0,0.0,0.0,0.0,0.0,0.0,0.0,2002,radio,0.5
2,2,lr1e-04_bs32_modL1_fusion64_fusionL1_drop0p1_trmiss50_trlocradio,32,0.0001,1,64,1,0.1,lr1e-04_bs32_modL1_fusion64_fusionL1_drop0p1_trmiss50_trlocradio,1,0.7394137481848398,0.697070300579071,0.4310344827586207,0.6979289179164747,0.37777777777777777,0.0,0.0,0.0,0.0,0.0,0.0,0.0,0.0,0.0,2002,radio,0.5
2,2,lr1e-04_bs32_modL1_fusion64_fusionL1_drop0p1_trmiss50_trlocradio,32,0.0001,1,64,1,0.1,lr1e-04_bs32_modL1_fusion64_fusionL1_drop0p1_trmiss50_trlocradio,2,0.6922423640886942,0.7008432149887085,0.4827586206896552,0.7302573205982281,0.4888888888888889,0.0,0.0,0.0,0.0,0.0,0.0,0.0,0.0,0.0,2002,radio,0.5
2,2,lr1e-04_bs32_modL1_fusion64_fusionL1_drop0p1_trmiss50_trlocradio,32,0.0001,1,64,1,0.1,lr1e-04_bs32_modL1_fusion64_fusionL1_drop0p1_trmiss50_trlocradio,3,0.6715058585007986,0.7076551914215088,0.5129310344827587,0.7382629843829966,0.5111111111111111,0.0,0.0,0.0,0.0,0.0,0.0,0.0,0.0,0.0,2002,radio,0.5
2,2,lr1e-04_bs32_modL1_fusion64_fusionL1_drop0p1_trmiss50_trlocradio,32,0.0001,1,64,1,0.1,lr1e-04_bs32_modL1_fusion64_fusionL1_drop0p1_trmiss50_trlocradio,4,0.6409876048564911,0.7139895558357239,0.521551724137931,0.7361274542052179,0.4888888888888889,0.0,0.0,0.0,0.0,0.0,0.0,0.0,0.0,0.0,2002,radio,0.5
2,2,lr1e-04_bs32_modL1_fusion64_fusionL1_drop0p1_trmiss50_trlocradio,32,0.0001,1,64,1,0.1,lr1e-04_bs32_modL1_fusion64_fusionL1_drop0p1_trmiss50_trlocradio,5,0.6385443111260732,0.7170867621898651,0.5150862068965517,0.734207342443157,0.5333333333333333,0.0,0.0,0.0,0.0,0.0,0.0,0.0,0.0,0.0,2002,radio,0.5
2,2,lr1e-04_bs32_modL1_fusion64_fusionL1_drop0p1_trmiss50_trlocradio,32,0.0001,1,64,1,0.1,lr1e-04_bs32_modL1_fusion64_fusionL1_drop0p1_trmiss50_trlocradio,6,0.5895992716153463,0.719254195690155,0.5107758620689655,0.711365006444899,0.5111111111111111,0.0,0.0,0.0,0.0,0.0,0.0,0.0,0.0,0.0,2002,radio,0.5
2,2,lr1e-04_bs32_modL1_fusion64_fusionL1_drop0p1_trmiss50_trlocradio,32,0.0001,1,64,1,0.1,lr1e-04_bs32_modL1_fusion64_fusionL1_drop0p1_trmiss50_trlocradio,7,0.5793495178222656,0.724613219499588,0.5172413793103449,0.7060264917095517,0.5111111111111111,0.0,0.0,0.0,0.0,0.0,0.0,0.0,0.0,0.0,2002,radio,0.5
2,2,lr1e-04_bs32_modL1_fusion64_fusionL1_drop0p1_trmiss50_trlocradio,32,0.0001,1,64,1,0.1,lr1e-04_bs32_modL1_fusion64_fusionL1_drop0p1_trmiss50_trlocradio,8,0.5732032855351766,0.730658769607544,0.5,0.6959915063045435,0.4888888888888889,0.0,0.0,0.0,0.0,0.0,0.0,0.0,0.0,0.0,2002,radio,0.5
2,2,lr1e-04_bs32_modL1_fusion64_fusionL1_drop0p1_trmiss50_trlocradio,32,0.0001,1,64,1,0.1,lr1e-04_bs32_modL1_fusion64_fusionL1_drop0p1_trmiss50_trlocradio,9,0.5704643925031027,0.7323501706123352,0.5043103448275863,0.6974530852662849,0.4888888888888889,0.0,0.0,0.0,0.0,0.0,0.0,0.0,0.0,0.0,2002,radio,0.5
2,2,lr1e-04_bs32_modL1_fusion64_fusionL1_drop0p1_trmiss50_trlocradio,32,0.0001,1,64,1,0.1,lr1e-04_bs32_modL1_fusion64_fusionL1_drop0p1_trmiss50_trlocradio,10,0.5448754827181498,0.7290873229503632,0.5107758620689655,0.7112572724010934,0.4888888888888889,0.0,0.0,0.0,0.0,0.0,0.0,0.0,0.0,0.0,2002,radio,0.5
2,2,lr1e-04_bs32_modL1_fusion64_fusionL1_drop0p1_trmiss50_trlocradio,32,0.0001,1,64,1,0.1,lr1e-04_bs32_modL1_fusion64_fusionL1_drop0p1_trmiss50_trlocradio,11,0.5395002861817678,0.7264711558818817,0.5086206896551724,0.7046293077356035,0.4666666666666667,0.0,0.0,0.0,0.0,0.0,0.0,0.0,0.0,0.0,2002,radio,0.5
2,2,lr1e-04_bs32_modL1_fusion64_fusionL1_drop0p1_trmiss50_trlocradio,32,0.0001,1,64,1,0.1,lr1e-04_bs32_modL1_fusion64_fusionL1_drop0p1_trmiss50_trlocradio,12,0.5290040075778961,0.7276969254016876,0.5043103448275863,0.7022150300416788,0.4666666666666667,0.0,0.0,0.0,0.0,0.0,0.0,0.0,0.0,0.0,2002,radio,0.5
2,2,lr1e-04_bs32_modL1_fusion64_fusionL1_drop0p1_trmiss50_trlocradio,32,0.0001,1,64,1,0.1,lr1e-04_bs32_modL1_fusion64_fusionL1_drop0p1_trmiss50_trlocradio,13,0.5408133665720621,0.7250777184963226,0.5107758620689655,0.7109528835390487,0.4444444444444444,0.0,0.0,0.0,0.0,0.0,0.0,0.0,0.0,0.0,2002,radio,0.5
2,2,lr1e-04_bs32_modL1_fusion64_fusionL1_drop0p1_trmiss50_trlocradio,32,0.0001,1,64,1,0.1,lr1e-04_bs32_modL1_fusion64_fusionL1_drop0p1_trmiss50_trlocradio,14,0.5230156977971395,0.7234982550144196,0.5086206896551724,0.7121612073119726,0.4666666666666667,0.0,0.0,0.0,0.0,0.0,0.0,0.0,0.0,0.0,2002,radio,0.5
2,2,lr1e-04_bs32_modL1_fusion64_fusionL1_drop0p1_trmiss50_trlocradio,32,0.0001,1,64,1,0.1,lr1e-04_bs32_modL1_fusion64_fusionL1_drop0p1_trmiss50_trlocradio,15,0.5206377804279327,0.7229249477386475,0.5107758620689655,0.7169697822751254,0.4444444444444444,0.0,0.0,0.0,0.0,0.0,0.0,0.0,0.0,0.0,2002,radio,0.5
2,2,lr1e-04_bs32_modL1_fusion64_fusionL1_drop0p1_trmiss50_trlocradio,32,0.0001,1,64,1,0.1,lr1e-04_bs32_modL1_fusion64_fusionL1_drop0p1_trmiss50_trlocradio,16,0.5150994062423706,0.7255662381649017,0.5150862068965517,0.7156559277081561,0.4,0.0,0.0,0.0,0.0,0.0,0.0,0.0,0.0,0.0,2002,radio,0.5
2,2,lr1e-04_bs32_modL1_fusion64_fusionL1_drop0p1_trmiss50_trlocradio,32,0.0001,1,64,1,0.1,lr1e-04_bs32_modL1_fusion64_fusionL1_drop0p1_trmiss50_trlocradio,17,0.5045821815729141,0.7285005450248718,0.5129310344827586,0.7149028559681639,0.4,0.0,0.0,0.0,0.0,0.0,0.0,0.0,0.0,0.0,2002,radio,0.5
2,2,lr1e-04_bs32_modL1_fusion64_fusionL1_drop0p1_trmiss50_trlocradio,32,0.0001,1,64,1,0.1,lr1e-04_bs32_modL1_fusion64_fusionL1_drop0p1_trmiss50_trlocradio,18,0.5036406169335047,0.7258731126785278,0.5172413793103449,0.716592959192414,0.4,0.0,0.0,0.0,0.0,0.0,0.0,0.0,0.0,0.0,2002,radio,0.5
2,2,lr1e-04_bs32_modL1_fusion64_fusionL1_drop0p1_trmiss50_trlocradio,32,0.0001,1,64,1,0.1,lr1e-04_bs32_modL1_fusion64_fusionL1_drop0p1_trmiss50_trlocradio,19,0.507276639342308,0.7301739454269409,0.5150862068965517,0.7159264857064679,0.4222222222222222,0.0,0.0,0.0,0.0,0.0,0.0,0.0,0.0,0.0,2002,radio,0.5
2,2,lr1e-04_bs32_modL1_fusion64_fusionL1_drop0p1_trmiss50_trlocradio,32,0.0001,1,64,1,0.1,lr1e-04_bs32_modL1_fusion64_fusionL1_drop0p1_trmiss50_trlocradio,20,0.498536358277003,0.7290659844875336,0.5086206896551724,0.7104647860950938,0.4,0.0,0.0,0.0,0.0,0.0,0.0,0.0,0.0,0.0,2002,radio,0.5
2,2,lr1e-04_bs32_modL1_fusion64_fusionL1_drop0p1_trmiss50_trlocradio,32,0.0001,1,64,1,0.1,lr1e-04_bs32_modL1_fusion64_fusionL1_drop0p1_trmiss50_trlocradio,21,0.4975269138813019,0.7296267151832581,0.5129310344827587,0.7146904621650655,0.4222222222222222,0.0,0.0,0.0,0.0,0.0,0.0,0.0,0.0,0.0,2002,radio,0.5
2,2,lr1e-04_bs32_modL1_fusion64_fusionL1_drop0p1_trmiss50_trlocradio,32,0.0001,1,64,1,0.1,lr1e-04_bs32_modL1_fusion64_fusionL1_drop0p1_trmiss50_trlocradio,22,0.48924367129802704,0.7270744740962982,0.5064655172413793,0.7123401297538811,0.4222222222222222,0.0,0.0,0.0,0.0,0.0,0.0,0.0,0.0,0.0,2002,radio,0.5
2,2,lr1e-04_bs32_modL1_fusion64_fusionL1_drop0p1_trmiss50_trlocradio,32,0.0001,1,64,1,0.1,lr1e-04_bs32_modL1_fusion64_fusionL1_drop0p1_trmiss50_trlocradio,23,0.48780253529548645,0.7293126583099365,0.4956896551724138,0.7056199686755543,0.4222222222222222,0.0,0.0,0.0,0.0,0.0,0.0,0.0,0.0,0.0,2002,radio,0.5
2,2,lr1e-04_bs32_modL1_fusion64_fusionL1_drop0p1_trmiss50_trlocradio,32,0.0001,1,64,1,0.1,lr1e-04_bs32_modL1_fusion64_fusionL1_drop0p1_trmiss50_trlocradio,24,0.4903531074523926,0.7306837141513824,0.5,0.7070056757687525,0.4,0.0,0.0,0.0,0.0,0.0,0.0,0.0,0.0,0.0,2002,radio,0.5
2,2,lr1e-04_bs32_modL1_fusion64_fusionL1_drop0p1_trmiss50_trlocradio,32,0.0001,1,64,1,0.1,lr1e-04_bs32_modL1_fusion64_fusionL1_drop0p1_trmiss50_trlocradio,25,0.4884658257166545,0.7298871278762817,0.502155172413793,0.7056780872119338,0.4222222222222222,0.0,0.0,0.0,0.0,0.0,0.0,0.0,0.0,0.0,2002,radio,0.5
2,2,lr1e-04_bs32_modL1_fusion64_fusionL1_drop0p1_trmiss50_trlocradio,32,0.0001,1,64,1,0.1,lr1e-04_bs32_modL1_fusion64_fusionL1_drop0p1_trmiss50_trlocradio,26,0.5001857380072275,0.7341569662094116,0.49784482758620685,0.7044681658568218,0.4222222222222222,0.0,0.0,0.0,0.0,0.0,0.0,0.0,0.0,0.0,2002,radio,0.5
2,2,lr1e-04_bs32_modL1_fusion64_fusionL1_drop0p1_trmiss50_trlocradio,32,0.0001,1,64,1,0.1,lr1e-04_bs32_modL1_fusion64_fusionL1_drop0p1_trmiss50_trlocradio,27,0.4894307255744934,0.7314270436763763,0.5,0.7043560265673791,0.4,0.0,0.0,0.0,0.0,0.0,0.0,0.0,0.0,0.0,2002,radio,0.5
2,3,lr5e-05_bs16_modL1_fusion32_fusionL1_drop0p2_trmiss50_trlocradio,16,5e-05,1,32,1,0.2,lr5e-05_bs16_modL1_fusion32_fusionL1_drop0p2_trmiss50_trlocradio,1,0.7111495534578959,0.7141187985738119,0.27801724137931033,0.5247176799701339,0.35555555555555557,0.0,0.0,0.0,0.0,0.0,0.0,0.0,0.0,0.0,2002,radio,0.5
2,3,lr5e-05_bs16_modL1_fusion32_fusionL1_drop0p2_trmiss50_trlocradio,16,5e-05,1,32,1,0.2,lr5e-05_bs16_modL1_fusion32_fusionL1_drop0p2_trmiss50_trlocradio,2,0.7110455632209778,0.7368968526522318,0.3060344827586207,0.533306120726909,0.35555555555555557,0.0,0.0,0.0,0.0,0.0,0.0,0.0,0.0,0.0,2002,radio,0.5
2,3,lr5e-05_bs16_modL1_fusion32_fusionL1_drop0p2_trmiss50_trlocradio,16,5e-05,1,32,1,0.2,lr5e-05_bs16_modL1_fusion32_fusionL1_drop0p2_trmiss50_trlocradio,3,0.6937528699636459,0.7562760909398397,0.25646551724137934,0.5113442548293858,0.2,0.0,0.0,0.0,0.0,0.0,0.0,0.0,0.0,0.0,2002,radio,0.5
2,3,lr5e-05_bs16_modL1_fusion32_fusionL1_drop0p2_trmiss50_trlocradio,16,5e-05,1,32,1,0.2,lr5e-05_bs16_modL1_fusion32_fusionL1_drop0p2_trmiss50_trlocradio,4,0.6610059489806493,0.7685287197430929,0.24568965517241378,0.5054310173952059,0.24444444444444444,0.0,0.0,0.0,0.0,0.0,0.0,0.0,0.0,0.0,2002,radio,0.5
2,3,lr5e-05_bs16_modL1_fusion32_fusionL1_drop0p2_trmiss50_trlocradio,16,5e-05,1,32,1,0.2,lr5e-05_bs16_modL1_fusion32_fusionL1_drop0p2_trmiss50_trlocradio,5,0.665245125691096,0.7685754696528116,0.271551724137931,0.515622897097355,0.2222222222222222,0.0,0.0,0.0,0.0,0.0,0.0,0.0,0.0,0.0,2002,radio,0.5
2,3,lr5e-05_bs16_modL1_fusion32_fusionL1_drop0p2_trmiss50_trlocradio,16,5e-05,1,32,1,0.2,lr5e-05_bs16_modL1_fusion32_fusionL1_drop0p2_trmiss50_trlocradio,6,0.6431554506222407,0.7591283917427063,0.3038793103448276,0.5331157462546139,0.3111111111111111,0.0,0.0,0.0,0.0,0.0,0.0,0.0,0.0,0.0,2002,radio,0.5
2,3,lr5e-05_bs16_modL1_fusion32_fusionL1_drop0p2_trmiss50_trlocradio,16,5e-05,1,32,1,0.2,lr5e-05_bs16_modL1_fusion32_fusionL1_drop0p2_trmiss50_trlocradio,7,0.6367709537347158,0.7634375294049581,0.2931034482758621,0.5258949595043233,0.3111111111111111,0.0,0.0,0.0,0.0,0.0,0.0,0.0,0.0,0.0,2002,radio,0.5
2,3,lr5e-05_bs16_modL1_fusion32_fusionL1_drop0p2_trmiss50_trlocradio,16,5e-05,1,32,1,0.2,lr5e-05_bs16_modL1_fusion32_fusionL1_drop0p2_trmiss50_trlocradio,8,0.6399649232625961,0.7631312012672424,0.28663793103448276,0.5261137067910523,0.28888888888888886,0.0,0.0,0.0,0.0,0.0,0.0,0.0,0.0,0.0,2002,radio,0.5
2,3,lr5e-05_bs16_modL1_fusion32_fusionL1_drop0p2_trmiss50_trlocradio,16,5e-05,1,32,1,0.2,lr5e-05_bs16_modL1_fusion32_fusionL1_drop0p2_trmiss50_trlocradio,9,0.6483500599861145,0.7602234482765198,0.31896551724137934,0.5389595688067577,0.3111111111111111,0.0,0.0,0.0,0.0,0.0,0.0,0.0,0.0,0.0,2002,radio,0.5
2,3,lr5e-05_bs16_modL1_fusion32_fusionL1_drop0p2_trmiss50_trlocradio,16,5e-05,1,32,1,0.2,lr5e-05_bs16_modL1_fusion32_fusionL1_drop0p2_trmiss50_trlocradio,10,0.6266284088293711,0.757774829864502,0.3038793103448276,0.5336930269722249,0.3111111111111111,0.0,0.0,0.0,0.0,0.0,0.0,0.0,0.0,0.0,2002,radio,0.5
2,3,lr5e-05_bs16_modL1_fusion32_fusionL1_drop0p2_trmiss50_trlocradio,16,5e-05,1,32,1,0.2,lr5e-05_bs16_modL1_fusion32_fusionL1_drop0p2_trmiss50_trlocradio,11,0.6001426527897517,0.7655637462933859,0.2844827586206896,0.5246236517086158,0.28888888888888886,0.0,0.0,0.0,0.0,0.0,0.0,0.0,0.0,0.0,2002,radio,0.5
2,3,lr5e-05_bs16_modL1_fusion32_fusionL1_drop0p2_trmiss50_trlocradio,16,5e-05,1,32,1,0.2,lr5e-05_bs16_modL1_fusion32_fusionL1_drop0p2_trmiss50_trlocradio,12,0.6181291043758392,0.7639722029368082,0.2952586206896552,0.5296252626955072,0.26666666666666666,0.0,0.0,0.0,0.0,0.0,0.0,0.0,0.0,0.0,2002,radio,0.5
2,3,lr5e-05_bs16_modL1_fusion32_fusionL1_drop0p2_trmiss50_trlocradio,16,5e-05,1,32,1,0.2,lr5e-05_bs16_modL1_fusion32_fusionL1_drop0p2_trmiss50_trlocradio,13,0.6016376515229543,0.7661786278088888,0.31465517241379315,0.5368849771837514,0.28888888888888886,0.0,0.0,0.0,0.0,0.0,0.0,0.0,0.0,0.0,2002,radio,0.5
2,3,lr5e-05_bs16_modL1_fusion32_fusionL1_drop0p2_trmiss50_trlocradio,16,5e-05,1,32,1,0.2,lr5e-05_bs16_modL1_fusion32_fusionL1_drop0p2_trmiss50_trlocradio,14,0.6052794406811396,0.7592795292536417,0.28879310344827586,0.5267792994023741,0.26666666666666666,0.0,0.0,0.0,0.0,0.0,0.0,0.0,0.0,0.0,2002,radio,0.5
2,3,lr5e-05_bs16_modL1_fusion32_fusionL1_drop0p2_trmiss50_trlocradio,16,5e-05,1,32,1,0.2,lr5e-05_bs16_modL1_fusion32_fusionL1_drop0p2_trmiss50_trlocradio,15,0.594512144724528,0.7631749113400778,0.3103448275862069,0.5387331241191544,0.28888888888888886,0.0,0.0,0.0,0.0,0.0,0.0,0.0,0.0,0.0,2002,radio,0.5
2,3,lr5e-05_bs16_modL1_fusion32_fusionL1_drop0p2_trmiss50_trlocradio,16,5e-05,1,32,1,0.2,lr5e-05_bs16_modL1_fusion32_fusionL1_drop0p2_trmiss50_trlocradio,16,0.6005250414212545,0.7661512692769369,0.3038793103448276,0.5315620252644855,0.28888888888888886,0.0,0.0,0.0,0.0,0.0,0.0,0.0,0.0,0.0,2002,radio,0.5
2,3,lr5e-05_bs16_modL1_fusion32_fusionL1_drop0p2_trmiss50_trlocradio,16,5e-05,1,32,1,0.2,lr5e-05_bs16_modL1_fusion32_fusionL1_drop0p2_trmiss50_trlocradio,17,0.5952650507291158,0.7588749925295512,0.3125,0.5369002150278557,0.28888888888888886,0.0,0.0,0.0,0.0,0.0,0.0,0.0,0.0,0.0,2002,radio,0.5
2,3,lr5e-05_bs16_modL1_fusion32_fusionL1_drop0p2_trmiss50_trlocradio,16,5e-05,1,32,1,0.2,lr5e-05_bs16_modL1_fusion32_fusionL1_drop0p2_trmiss50_trlocradio,18,0.5933549553155899,0.7574805617332458,0.3168103448275862,0.5407605974026513,0.26666666666666666,0.0,0.0,0.0,0.0,0.0,0.0,0.0,0.0,0.0,2002,radio,0.5
2,3,lr5e-05_bs16_modL1_fusion32_fusionL1_drop0p2_trmiss50_trlocradio,16,5e-05,1,32,1,0.2,lr5e-05_bs16_modL1_fusion32_fusionL1_drop0p2_trmiss50_trlocradio,19,0.579093004266421,0.7567753394444784,0.3168103448275862,0.5375432912948787,0.3111111111111111,0.0,0.0,0.0,0.0,0.0,0.0,0.0,0.0,0.0,2002,radio,0.5
2,3,lr5e-05_bs16_modL1_fusion32_fusionL1_drop0p2_trmiss50_trlocradio,16,5e-05,1,32,1,0.2,lr5e-05_bs16_modL1_fusion32_fusionL1_drop0p2_trmiss50_trlocradio,20,0.6108991801738739,0.7648716568946838,0.29956896551724144,0.5335943528039125,0.26666666666666666,0.0,0.0,0.0,0.0,0.0,0.0,0.0,0.0,0.0,2002,radio,0.5
2,3,lr5e-05_bs16_modL1_fusion32_fusionL1_drop0p2_trmiss50_trlocradio,16,5e-05,1,32,1,0.2,lr5e-05_bs16_modL1_fusion32_fusionL1_drop0p2_trmiss50_trlocradio,21,0.6128408958514532,0.7581480940183004,0.3146551724137931,0.537949051487657,0.28888888888888886,0.0,0.0,0.0,0.0,0.0,0.0,0.0,0.0,0.0,2002,radio,0.5
2,3,lr5e-05_bs16_modL1_fusion32_fusionL1_drop0p2_trmiss50_trlocradio,16,5e-05,1,32,1,0.2,lr5e-05_bs16_modL1_fusion32_fusionL1_drop0p2_trmiss50_trlocradio,22,0.573373888929685,0.7547111113866171,0.3125,0.5370339321242619,0.3111111111111111,0.0,0.0,0.0,0.0,0.0,0.0,0.0,0.0,0.0,2002,radio,0.5
2,3,lr5e-05_bs16_modL1_fusion32_fusionL1_drop0p2_trmiss50_trlocradio,16,5e-05,1,32,1,0.2,lr5e-05_bs16_modL1_fusion32_fusionL1_drop0p2_trmiss50_trlocradio,23,0.5808554291725159,0.7546510299046835,0.32974137931034486,0.5431369561005763,0.35555555555555557,0.0,0.0,0.0,0.0,0.0,0.0,0.0,0.0,0.0,2002,radio,0.5
2,3,lr5e-05_bs16_modL1_fusion32_fusionL1_drop0p2_trmiss50_trlocradio,16,5e-05,1,32,1,0.2,lr5e-05_bs16_modL1_fusion32_fusionL1_drop0p2_trmiss50_trlocradio,24,0.5805832346280416,0.7493760387102762,0.33836206896551724,0.5479512936267664,0.35555555555555557,0.0,0.0,0.0,0.0,0.0,0.0,0.0,0.0,0.0,2002,radio,0.5
2,3,lr5e-05_bs16_modL1_fusion32_fusionL1_drop0p2_trmiss50_trlocradio,16,5e-05,1,32,1,0.2,lr5e-05_bs16_modL1_fusion32_fusionL1_drop0p2_trmiss50_trlocradio,25,0.5949602872133255,0.7522817651430765,0.3232758620689655,0.5382910207155539,0.3333333333333333,0.0,0.0,0.0,0.0,0.0,0.0,0.0,0.0,0.0,2002,radio,0.5
2,3,lr5e-05_bs16_modL1_fusion32_fusionL1_drop0p2_trmiss50_trlocradio,16,5e-05,1,32,1,0.2,lr5e-05_bs16_modL1_fusion32_fusionL1_drop0p2_trmiss50_trlocradio,26,0.6060774674018224,0.7573819557825724,0.31896551724137934,0.5397560240190457,0.3111111111111111,0.0,0.0,0.0,0.0,0.0,0.0,0.0,0.0,0.0,2002,radio,0.5
2,3,lr5e-05_bs16_modL1_fusion32_fusionL1_drop0p2_trmiss50_trlocradio,16,5e-05,1,32,1,0.2,lr5e-05_bs16_modL1_fusion32_fusionL1_drop0p2_trmiss50_trlocradio,27,0.5945812364419302,0.7637297908465067,0.31034482758620685,0.5309069252470673,0.24444444444444444,0.0,0.0,0.0,0.0,0.0,0.0,0.0,0.0,0.0,2002,radio,0.5
2,3,lr5e-05_bs16_modL1_fusion32_fusionL1_drop0p2_trmiss50_trlocradio,16,5e-05,1,32,1,0.2,lr5e-05_bs16_modL1_fusion32_fusionL1_drop0p2_trmiss50_trlocradio,28,0.5880842804908752,0.7651304801305135,0.3017241379310345,0.5311304999456081,0.24444444444444444,0.0,0.0,0.0,0.0,0.0,0.0,0.0,0.0,0.0,2002,radio,0.5
2,3,lr5e-05_bs16_modL1_fusion32_fusionL1_drop0p2_trmiss50_trlocradio,16,5e-05,1,32,1,0.2,lr5e-05_bs16_modL1_fusion32_fusionL1_drop0p2_trmiss50_trlocradio,29,0.5935686404506365,0.761523425579071,0.3017241379310345,0.5319943054071486,0.24444444444444444,0.0,0.0,0.0,0.0,0.0,0.0,0.0,0.0,0.0,2002,radio,0.5
2,3,lr5e-05_bs16_modL1_fusion32_fusionL1_drop0p2_trmiss50_trlocradio,16,5e-05,1,32,1,0.2,lr5e-05_bs16_modL1_fusion32_fusionL1_drop0p2_trmiss50_trlocradio,30,0.5917351543903351,0.7707494695981344,0.2952586206896552,0.5290480153741812,0.26666666666666666,0.0,0.0,0.0,0.0,0.0,0.0,0.0,0.0,0.0,2002,radio,0.5
2,3,lr5e-05_bs16_modL1_fusion32_fusionL1_drop0p2_trmiss50_trlocradio,16,5e-05,1,32,1,0.2,lr5e-05_bs16_modL1_fusion32_fusionL1_drop0p2_trmiss50_trlocradio,31,0.5798658008376757,0.767090360323588,0.2823275862068966,0.5255916315711705,0.28888888888888886,0.0,0.0,0.0,0.0,0.0,0.0,0.0,0.0,0.0,2002,radio,0.5
2,3,lr5e-05_bs16_modL1_fusion32_fusionL1_drop0p2_trmiss50_trlocradio,16,5e-05,1,32,1,0.2,lr5e-05_bs16_modL1_fusion32_fusionL1_drop0p2_trmiss50_trlocradio,32,0.5866673588752747,0.764052947362264,0.2931034482758621,0.5258273854294134,0.28888888888888886,0.0,0.0,0.0,0.0,0.0,0.0,0.0,0.0,0.0,2002,radio,0.5
2,3,lr5e-05_bs16_modL1_fusion32_fusionL1_drop0p2_trmiss50_trlocradio,16,5e-05,1,32,1,0.2,lr5e-05_bs16_modL1_fusion32_fusionL1_drop0p2_trmiss50_trlocradio,33,0.5636949042479197,0.7617536187171936,0.30172413793103453,0.5302674853330327,0.3333333333333333,0.0,0.0,0.0,0.0,0.0,0.0,0.0,0.0,0.0,2002,radio,0.5
2,3,lr5e-05_bs16_modL1_fusion32_fusionL1_drop0p2_trmiss50_trlocradio,16,5e-05,1,32,1,0.2,lr5e-05_bs16_modL1_fusion32_fusionL1_drop0p2_trmiss50_trlocradio,34,0.5897156248490015,0.7617254853248596,0.30603448275862066,0.533466362745906,0.28888888888888886,0.0,0.0,0.0,0.0,0.0,0.0,0.0,0.0,0.0,2002,radio,0.5
2,3,lr5e-05_bs16_modL1_fusion32_fusionL1_drop0p2_trmiss50_trlocradio,16,5e-05,1,32,1,0.2,lr5e-05_bs16_modL1_fusion32_fusionL1_drop0p2_trmiss50_trlocradio,35,0.5952884405851364,0.7672176361083984,0.3103448275862069,0.5322581832032948,0.28888888888888886,0.0,0.0,0.0,0.0,0.0,0.0,0.0,0.0,0.0,2002,radio,0.5
2,3,lr5e-05_bs16_modL1_fusion32_fusionL1_drop0p2_trmiss50_trlocradio,16,5e-05,1,32,1,0.2,lr5e-05_bs16_modL1_fusion32_fusionL1_drop0p2_trmiss50_trlocradio,36,0.5848639359076818,0.7685006260871887,0.29525862068965514,0.5265784314509754,0.28888888888888886,0.0,0.0,0.0,0.0,0.0,0.0,0.0,0.0,0.0,2002,radio,0.5
2,3,lr5e-05_bs16_modL1_fusion32_fusionL1_drop0p2_trmiss50_trlocradio,16,5e-05,1,32,1,0.2,lr5e-05_bs16_modL1_fusion32_fusionL1_drop0p2_trmiss50_trlocradio,37,0.574347048997879,0.7642707626024882,0.3081896551724138,0.5312765581376772,0.28888888888888886,0.0,0.0,0.0,0.0,0.0,0.0,0.0,0.0,0.0,2002,radio,0.5
2,3,lr5e-05_bs16_modL1_fusion32_fusionL1_drop0p2_trmiss50_trlocradio,16,5e-05,1,32,1,0.2,lr5e-05_bs16_modL1_fusion32_fusionL1_drop0p2_trmiss50_trlocradio,38,0.571780319015185,0.7543205420176188,0.31681034482758624,0.5363838318537499,0.3111111111111111,0.0,0.0,0.0,0.0,0.0,0.0,0.0,0.0,0.0,2002,radio,0.5
2,3,lr5e-05_bs16_modL1_fusion32_fusionL1_drop0p2_trmiss50_trlocradio,16,5e-05,1,32,1,0.2,lr5e-05_bs16_modL1_fusion32_fusionL1_drop0p2_trmiss50_trlocradio,39,0.5881571074326833,0.7593981822331747,0.2995689655172414,0.5305258923276824,0.26666666666666666,0.0,0.0,0.0,0.0,0.0,0.0,0.0,0.0,0.0,2002,radio,0.5
2,3,lr5e-05_bs16_modL1_fusion32_fusionL1_drop0p2_trmiss50_trlocradio,16,5e-05,1,32,1,0.2,lr5e-05_bs16_modL1_fusion32_fusionL1_drop0p2_trmiss50_trlocradio,40,0.5702582647403082,0.7585540612538656,0.3125,0.536678992707242,0.3333333333333333,0.0,0.0,0.0,0.0,0.0,0.0,0.0,0.0,0.0,2002,radio,0.5
2,3,lr5e-05_bs16_modL1_fusion32_fusionL1_drop0p2_trmiss50_trlocradio,16,5e-05,1,32,1,0.2,lr5e-05_bs16_modL1_fusion32_fusionL1_drop0p2_trmiss50_trlocradio,41,0.5908437122901281,0.7604263027509054,0.3017241379310345,0.528822964903887,0.28888888888888886,0.0,0.0,0.0,0.0,0.0,0.0,0.0,0.0,0.0,2002,radio,0.5
2,3,lr5e-05_bs16_modL1_fusion32_fusionL1_drop0p2_trmiss50_trlocradio,16,5e-05,1,32,1,0.2,lr5e-05_bs16_modL1_fusion32_fusionL1_drop0p2_trmiss50_trlocradio,42,0.5789899975061417,0.7590564290682474,0.31896551724137934,0.5364582446994748,0.28888888888888886,0.0,0.0,0.0,0.0,0.0,0.0,0.0,0.0,0.0,2002,radio,0.5
2,3,lr5e-05_bs16_modL1_fusion32_fusionL1_drop0p2_trmiss50_trlocradio,16,5e-05,1,32,1,0.2,lr5e-05_bs16_modL1_fusion32_fusionL1_drop0p2_trmiss50_trlocradio,43,0.5646135161320368,0.7603094975153605,0.2823275862068966,0.5236333893570733,0.28888888888888886,0.0,0.0,0.0,0.0,0.0,0.0,0.0,0.0,0.0,2002,radio,0.5
2,3,lr5e-05_bs16_modL1_fusion32_fusionL1_drop0p2_trmiss50_trlocradio,16,5e-05,1,32,1,0.2,lr5e-05_bs16_modL1_fusion32_fusionL1_drop0p2_trmiss50_trlocradio,44,0.5824135740598043,0.7554445465405782,0.3189655172413793,0.5386941171115914,0.3111111111111111,0.0,0.0,0.0,0.0,0.0,0.0,0.0,0.0,0.0,2002,radio,0.5
2,3,lr5e-05_bs16_modL1_fusion32_fusionL1_drop0p1_trmiss50_trlocradio,16,5e-05,1,32,1,0.1,lr5e-05_bs16_modL1_fusion32_fusionL1_drop0p1_trmiss50_trlocradio,1,0.6703959951798121,0.6742485761642456,0.49137931034482757,0.7169321055531626,0.5333333333333333,0.0,0.0,0.0,0.0,0.0,0.0,0.0,0.0,0.0,2002,radio,0.5
2,3,lr5e-05_bs16_modL1_fusion32_fusionL1_drop0p1_trmiss50_trlocradio,16,5e-05,1,32,1,0.1,lr5e-05_bs16_modL1_fusion32_fusionL1_drop0p1_trmiss50_trlocradio,2,0.6258875578641891,0.6722795565923055,0.502155172413793,0.7109837500960835,0.4888888888888889,0.0,0.0,0.0,0.0,0.0,0.0,0.0,0.0,0.0,2002,radio,0.5
2,3,lr5e-05_bs16_modL1_fusion32_fusionL1_drop0p1_trmiss50_trlocradio,16,5e-05,1,32,1,0.1,lr5e-05_bs16_modL1_fusion32_fusionL1_drop0p1_trmiss50_trlocradio,3,0.6147610743840536,0.6675970554351807,0.5172413793103449,0.7111052068111657,0.5333333333333333,0.0,0.0,0.0,0.0,0.0,0.0,0.0,0.0,0.0,2002,radio,0.5
2,3,lr5e-05_bs16_modL1_fusion32_fusionL1_drop0p1_trmiss50_trlocradio,16,5e-05,1,32,1,0.1,lr5e-05_bs16_modL1_fusion32_fusionL1_drop0p1_trmiss50_trlocradio,4,0.5962152580420176,0.6667330662409464,0.5517241379310345,0.7160352421205513,0.5555555555555556,0.0,0.0,0.0,0.0,0.0,0.0,0.0,0.0,0.0,2002,radio,0.5
2,3,lr5e-05_bs16_modL1_fusion32_fusionL1_drop0p1_trmiss50_trlocradio,16,5e-05,1,32,1,0.1,lr5e-05_bs16_modL1_fusion32_fusionL1_drop0p1_trmiss50_trlocradio,5,0.5789992411931356,0.6661063631375631,0.5495689655172413,0.7224248955294222,0.5777777777777777,0.0,0.0,0.0,0.0,0.0,0.0,0.0,0.0,0.0,2002,radio,0.5
2,3,lr5e-05_bs16_modL1_fusion32_fusionL1_drop0p1_trmiss50_trlocradio,16,5e-05,1,32,1,0.1,lr5e-05_bs16_modL1_fusion32_fusionL1_drop0p1_trmiss50_trlocradio,6,0.5996427237987518,0.6693362593650818,0.5344827586206896,0.7204161707517126,0.5333333333333333,0.0,0.0,0.0,0.0,0.0,0.0,0.0,0.0,0.0,2002,radio,0.5
2,3,lr5e-05_bs16_modL1_fusion32_fusionL1_drop0p1_trmiss50_trlocradio,16,5e-05,1,32,1,0.1,lr5e-05_bs16_modL1_fusion32_fusionL1_drop0p1_trmiss50_trlocradio,7,0.5490548287828764,0.6739399433135986,0.5517241379310345,0.7237239581078821,0.5777777777777777,0.0,0.0,0.0,0.0,0.0,0.0,0.0,0.0,0.0,2002,radio,0.5
2,3,lr5e-05_bs16_modL1_fusion32_fusionL1_drop0p1_trmiss50_trlocradio,16,5e-05,1,32,1,0.1,lr5e-05_bs16_modL1_fusion32_fusionL1_drop0p1_trmiss50_trlocradio,8,0.5581514239311218,0.6777913570404053,0.5107758620689655,0.6884517781435897,0.6,0.0,0.0,0.0,0.0,0.0,0.0,0.0,0.0,0.0,2002,radio,0.5
2,3,lr5e-05_bs16_modL1_fusion32_fusionL1_drop0p1_trmiss50_trlocradio,16,5e-05,1,32,1,0.1,lr5e-05_bs16_modL1_fusion32_fusionL1_drop0p1_trmiss50_trlocradio,9,0.5394280254840851,0.681229829788208,0.5150862068965517,0.6875070109168879,0.6,0.0,0.0,0.0,0.0,0.0,0.0,0.0,0.0,0.0,2002,radio,0.5
2,3,lr5e-05_bs16_modL1_fusion32_fusionL1_drop0p1_trmiss50_trlocradio,16,5e-05,1,32,1,0.1,lr5e-05_bs16_modL1_fusion32_fusionL1_drop0p1_trmiss50_trlocradio,10,0.5388002122441927,0.6837711135546366,0.5064655172413793,0.6765425294087442,0.6,0.0,0.0,0.0,0.0,0.0,0.0,0.0,0.0,0.0,2002,radio,0.5
2,3,lr5e-05_bs16_modL1_fusion32_fusionL1_drop0p1_trmiss50_trlocradio,16,5e-05,1,32,1,0.1,lr5e-05_bs16_modL1_fusion32_fusionL1_drop0p1_trmiss50_trlocradio,11,0.5435806214809418,0.6905147631963094,0.4978448275862069,0.6726078228476614,0.5777777777777777,0.0,0.0,0.0,0.0,0.0,0.0,0.0,0.0,0.0,2002,radio,0.5
2,3,lr5e-05_bs16_modL1_fusion32_fusionL1_drop0p1_trmiss50_trlocradio,16,5e-05,1,32,1,0.1,lr5e-05_bs16_modL1_fusion32_fusionL1_drop0p1_trmiss50_trlocradio,12,0.5321715051929156,0.6837250391642252,0.5107758620689655,0.6885058456229307,0.6,0.0,0.0,0.0,0.0,0.0,0.0,0.0,0.0,0.0,2002,radio,0.5
2,3,lr5e-05_bs16_modL1_fusion32_fusionL1_drop0p1_trmiss50_trlocradio,16,5e-05,1,32,1,0.1,lr5e-05_bs16_modL1_fusion32_fusionL1_drop0p1_trmiss50_trlocradio,13,0.5238978912432989,0.6834461291631063,0.521551724137931,0.6923833938695902,0.5777777777777777,0.0,0.0,0.0,0.0,0.0,0.0,0.0,0.0,0.0,2002,radio,0.5
2,3,lr5e-05_bs16_modL1_fusion32_fusionL1_drop0p1_trmiss50_trlocradio,16,5e-05,1,32,1,0.1,lr5e-05_bs16_modL1_fusion32_fusionL1_drop0p1_trmiss50_trlocradio,14,0.5047032634417216,0.6790365775426229,0.5344827586206897,0.7007865709916998,0.5777777777777777,0.0,0.0,0.0,0.0,0.0,0.0,0.0,0.0,0.0,2002,radio,0.5
2,3,lr5e-05_bs16_modL1_fusion32_fusionL1_drop0p1_trmiss50_trlocradio,16,5e-05,1,32,1,0.1,lr5e-05_bs16_modL1_fusion32_fusionL1_drop0p1_trmiss50_trlocradio,15,0.5307222430904707,0.6754683057467142,0.5495689655172413,0.7052941109737487,0.5777777777777777,0.0,0.0,0.0,0.0,0.0,0.0,0.0,0.0,0.0,2002,radio,0.5
2,3,lr5e-05_bs16_modL1_fusion32_fusionL1_drop0p1_trmiss50_trlocradio,16,5e-05,1,32,1,0.1,lr5e-05_bs16_modL1_fusion32_fusionL1_drop0p1_trmiss50_trlocradio,16,0.52437091867129,0.6815184950828552,0.521551724137931,0.6908567119330087,0.5777777777777777,0.0,0.0,0.0,0.0,0.0,0.0,0.0,0.0,0.0,2002,radio,0.5
2,3,lr5e-05_bs16_modL1_fusion32_fusionL1_drop0p1_trmiss50_trlocradio,16,5e-05,1,32,1,0.1,lr5e-05_bs16_modL1_fusion32_fusionL1_drop0p1_trmiss50_trlocradio,17,0.4940130064884822,0.6870444615681967,0.4956896551724138,0.6788641151007473,0.5555555555555556,0.0,0.0,0.0,0.0,0.0,0.0,0.0,0.0,0.0,2002,radio,0.5
2,3,lr5e-05_bs16_modL1_fusion32_fusionL1_drop0p1_trmiss50_trlocradio,16,5e-05,1,32,1,0.1,lr5e-05_bs16_modL1_fusion32_fusionL1_drop0p1_trmiss50_trlocradio,18,0.5079301322499911,0.6859829227129618,0.5021551724137931,0.6878029241469279,0.5777777777777777,0.0,0.0,0.0,0.0,0.0,0.0,0.0,0.0,0.0,2002,radio,0.5
2,3,lr5e-05_bs16_modL1_fusion32_fusionL1_drop0p1_trmiss50_trlocradio,16,5e-05,1,32,1,0.1,lr5e-05_bs16_modL1_fusion32_fusionL1_drop0p1_trmiss50_trlocradio,19,0.48985205839077633,0.6829703052838644,0.48275862068965525,0.6675301036200241,0.5555555555555556,0.0,0.0,0.0,0.0,0.0,0.0,0.0,0.0,0.0,2002,radio,0.5
2,3,lr5e-05_bs16_modL1_fusion32_fusionL1_drop0p1_trmiss50_trlocradio,16,5e-05,1,32,1,0.1,lr5e-05_bs16_modL1_fusion32_fusionL1_drop0p1_trmiss50_trlocradio,20,0.5016026670734087,0.688376267751058,0.4956896551724138,0.688338691009801,0.5555555555555556,0.0,0.0,0.0,0.0,0.0,0.0,0.0,0.0,0.0,2002,radio,0.5
2,3,lr5e-05_bs16_modL1_fusion32_fusionL1_drop0p1_trmiss50_trlocradio,16,5e-05,1,32,1,0.1,lr5e-05_bs16_modL1_fusion32_fusionL1_drop0p1_trmiss50_trlocradio,21,0.5064447596669197,0.6902851462364197,0.5086206896551724,0.6934303947650526,0.5333333333333333,0.0,0.0,0.0,0.0,0.0,0.0,0.0,0.0,0.0,2002,radio,0.5
2,3,lr5e-05_bs16_modL1_fusion32_fusionL1_drop0p1_trmiss50_trlocradio,16,5e-05,1,32,1,0.1,lr5e-05_bs16_modL1_fusion32_fusionL1_drop0p1_trmiss50_trlocradio,22,0.5149024253090223,0.6883523066838583,0.4892241379310345,0.6681054641998021,0.5555555555555556,0.0,0.0,0.0,0.0,0.0,0.0,0.0,0.0,0.0,2002,radio,0.5
2,3,lr5e-05_bs16_modL1_fusion32_fusionL1_drop0p1_trmiss50_trlocradio,16,5e-05,1,32,1,0.1,lr5e-05_bs16_modL1_fusion32_fusionL1_drop0p1_trmiss50_trlocradio,23,0.49492116272449493,0.6968151330947876,0.4849137931034483,0.6750296405601057,0.5111111111111111,0.0,0.0,0.0,0.0,0.0,0.0,0.0,0.0,0.0,2002,radio,0.5
2,3,lr5e-05_bs16_modL1_fusion32_fusionL1_drop0p1_trmiss50_trlocradio,16,5e-05,1,32,1,0.1,lr5e-05_bs16_modL1_fusion32_fusionL1_drop0p1_trmiss50_trlocradio,24,0.47208046168088913,0.6915295124053955,0.5064655172413793,0.6816441581244244,0.5555555555555556,0.0,0.0,0.0,0.0,0.0,0.0,0.0,0.0,0.0,2002,radio,0.5
2,3,lr5e-05_bs16_modL1_fusion32_fusionL1_drop0p1_trmiss50_trlocradio,16,5e-05,1,32,1,0.1,lr5e-05_bs16_modL1_fusion32_fusionL1_drop0p1_trmiss50_trlocradio,25,0.4894765019416809,0.6850360035896301,0.5215517241379309,0.6933731974823574,0.5333333333333333,0.0,0.0,0.0,0.0,0.0,0.0,0.0,0.0,0.0,2002,radio,0.5
2,3,lr5e-05_bs16_modL1_fusion32_fusionL1_drop0p1_trmiss50_trlocradio,16,5e-05,1,32,1,0.1,lr5e-05_bs16_modL1_fusion32_fusionL1_drop0p1_trmiss50_trlocradio,26,0.4870629260937373,0.6811807751655579,0.5258620689655172,0.697782325317372,0.5777777777777777,0.0,0.0,0.0,0.0,0.0,0.0,0.0,0.0,0.0,2002,radio,0.5
2,3,lr5e-05_bs16_modL1_fusion32_fusionL1_drop0p1_trmiss50_trlocradio,16,5e-05,1,32,1,0.1,lr5e-05_bs16_modL1_fusion32_fusionL1_drop0p1_trmiss50_trlocradio,27,0.489333912730217,0.6864626208941141,0.5021551724137931,0.686288892429378,0.5777777777777777,0.0,0.0,0.0,0.0,0.0,0.0,0.0,0.0,0.0,2002,radio,0.5
2,3,lr5e-05_bs16_modL1_fusion64_fusionL1_drop0p2_trmiss50_trlocradio,16,5e-05,1,64,1,0.2,lr5e-05_bs16_modL1_fusion64_fusionL1_drop0p2_trmiss50_trlocradio,1,0.6847502092520396,0.6625925302505493,0.7435344827586207,0.7938924905600766,0.6666666666666666,0.0,0.0,0.0,0.0,0.0,0.0,0.0,0.0,0.0,2002,radio,0.5
2,3,lr5e-05_bs16_modL1_fusion64_fusionL1_drop0p2_trmiss50_trlocradio,16,5e-05,1,64,1,0.2,lr5e-05_bs16_modL1_fusion64_fusionL1_drop0p2_trmiss50_trlocradio,2,0.6807223906119665,0.6566881140073141,0.7068965517241379,0.7761172932712181,0.6888888888888889,0.0,0.0,0.0,0.0,0.0,0.0,0.0,0.0,0.0,2002,radio,0.5
2,3,lr5e-05_bs16_modL1_fusion64_fusionL1_drop0p2_trmiss50_trlocradio,16,5e-05,1,64,1,0.2,lr5e-05_bs16_modL1_fusion64_fusionL1_drop0p2_trmiss50_trlocradio,3,0.6470136294762293,0.6504749854405721,0.6810344827586208,0.7610874420391354,0.6666666666666666,0.0,0.0,0.0,0.0,0.0,0.0,0.0,0.0,0.0,2002,radio,0.5
2,3,lr5e-05_bs16_modL1_fusion64_fusionL1_drop0p2_trmiss50_trlocradio,16,5e-05,1,64,1,0.2,lr5e-05_bs16_modL1_fusion64_fusionL1_drop0p2_trmiss50_trlocradio,4,0.6127676715453466,0.6544999877611796,0.646551724137931,0.7347585972505524,0.6444444444444445,0.0,0.0,0.0,0.0,0.0,0.0,0.0,0.0,0.0,2002,radio,0.5
2,3,lr5e-05_bs16_modL1_fusion64_fusionL1_drop0p2_trmiss50_trlocradio,16,5e-05,1,64,1,0.2,lr5e-05_bs16_modL1_fusion64_fusionL1_drop0p2_trmiss50_trlocradio,5,0.5896411836147308,0.6545100212097168,0.6594827586206897,0.7375545248513544,0.6444444444444445,0.0,0.0,0.0,0.0,0.0,0.0,0.0,0.0,0.0,2002,radio,0.5
2,3,lr5e-05_bs16_modL1_fusion64_fusionL1_drop0p2_trmiss50_trlocradio,16,5e-05,1,64,1,0.2,lr5e-05_bs16_modL1_fusion64_fusionL1_drop0p2_trmiss50_trlocradio,6,0.5829074680805206,0.6594816247622172,0.6508620689655172,0.7377790392038734,0.6444444444444445,0.0,0.0,0.0,0.0,0.0,0.0,0.0,0.0,0.0,2002,radio,0.5
2,3,lr5e-05_bs16_modL1_fusion64_fusionL1_drop0p2_trmiss50_trlocradio,16,5e-05,1,64,1,0.2,lr5e-05_bs16_modL1_fusion64_fusionL1_drop0p2_trmiss50_trlocradio,7,0.5804104705651602,0.6673121253649393,0.6185344827586207,0.7014242325437396,0.6222222222222222,0.0,0.0,0.0,0.0,0.0,0.0,0.0,0.0,0.0,2002,radio,0.5
2,3,lr5e-05_bs16_modL1_fusion64_fusionL1_drop0p2_trmiss50_trlocradio,16,5e-05,1,64,1,0.2,lr5e-05_bs16_modL1_fusion64_fusionL1_drop0p2_trmiss50_trlocradio,8,0.5821217894554138,0.6785959204037985,0.5818965517241379,0.678148948057948,0.6444444444444445,0.0,0.0,0.0,0.0,0.0,0.0,0.0,0.0,0.0,2002,radio,0.5
2,3,lr5e-05_bs16_modL1_fusion64_fusionL1_drop0p2_trmiss50_trlocradio,16,5e-05,1,64,1,0.2,lr5e-05_bs16_modL1_fusion64_fusionL1_drop0p2_trmiss50_trlocradio,9,0.5488692472378413,0.6765995621681213,0.6012931034482758,0.6947621614071173,0.6222222222222222,0.0,0.0,0.0,0.0,0.0,0.0,0.0,0.0,0.0,2002,radio,0.5
2,3,lr5e-05_bs16_modL1_fusion64_fusionL1_drop0p2_trmiss50_trlocradio,16,5e-05,1,64,1,0.2,lr5e-05_bs16_modL1_fusion64_fusionL1_drop0p2_trmiss50_trlocradio,10,0.5484400391578674,0.6748359402020773,0.5969827586206897,0.6902661528979235,0.6,0.0,0.0,0.0,0.0,0.0,0.0,0.0,0.0,0.0,2002,radio,0.5
2,3,lr5e-05_bs16_modL1_fusion64_fusionL1_drop0p2_trmiss50_trlocradio,16,5e-05,1,64,1,0.2,lr5e-05_bs16_modL1_fusion64_fusionL1_drop0p2_trmiss50_trlocradio,11,0.5399815440177917,0.6773929993311564,0.5969827586206896,0.6878755846819247,0.5777777777777777,0.0,0.0,0.0,0.0,0.0,0.0,0.0,0.0,0.0,2002,radio,0.5
2,3,lr5e-05_bs16_modL1_fusion64_fusionL1_drop0p2_trmiss50_trlocradio,16,5e-05,1,64,1,0.2,lr5e-05_bs16_modL1_fusion64_fusionL1_drop0p2_trmiss50_trlocradio,12,0.5211205333471298,0.6838230689366659,0.5883620689655172,0.6840335983517936,0.6222222222222222,0.0,0.0,0.0,0.0,0.0,0.0,0.0,0.0,0.0,2002,radio,0.5
2,3,lr5e-05_bs16_modL1_fusion64_fusionL1_drop0p2_trmiss50_trlocradio,16,5e-05,1,64,1,0.2,lr5e-05_bs16_modL1_fusion64_fusionL1_drop0p2_trmiss50_trlocradio,13,0.5341277495026588,0.685653547445933,0.5862068965517241,0.6846308730453531,0.6,0.0,0.0,0.0,0.0,0.0,0.0,0.0,0.0,0.0,2002,radio,0.5
2,3,lr5e-05_bs16_modL1_fusion64_fusionL1_drop0p2_trmiss50_trlocradio,16,5e-05,1,64,1,0.2,lr5e-05_bs16_modL1_fusion64_fusionL1_drop0p2_trmiss50_trlocradio,14,0.5530820811788241,0.6901599566141764,0.5431034482758621,0.6656758008544813,0.6,0.0,0.0,0.0,0.0,0.0,0.0,0.0,0.0,0.0,2002,radio,0.5
2,3,lr5e-05_bs16_modL1_fusion64_fusionL1_drop0p2_trmiss50_trlocradio,16,5e-05,1,64,1,0.2,lr5e-05_bs16_modL1_fusion64_fusionL1_drop0p2_trmiss50_trlocradio,15,0.525941883524259,0.6918231050173441,0.5495689655172413,0.661370887426834,0.6,0.0,0.0,0.0,0.0,0.0,0.0,0.0,0.0,0.0,2002,radio,0.5
2,3,lr5e-05_bs16_modL1_fusion64_fusionL1_drop0p2_trmiss50_trlocradio,16,5e-05,1,64,1,0.2,lr5e-05_bs16_modL1_fusion64_fusionL1_drop0p2_trmiss50_trlocradio,16,0.5133106485009193,0.6935729185740153,0.5474137931034482,0.6654246947770543,0.5777777777777777,0.0,0.0,0.0,0.0,0.0,0.0,0.0,0.0,0.0,2002,radio,0.5
2,3,lr5e-05_bs16_modL1_fusion64_fusionL1_drop0p2_trmiss50_trlocradio,16,5e-05,1,64,1,0.2,lr5e-05_bs16_modL1_fusion64_fusionL1_drop0p2_trmiss50_trlocradio,17,0.5352376227577528,0.6986278494199117,0.540948275862069,0.6593549329307109,0.5333333333333333,0.0,0.0,0.0,0.0,0.0,0.0,0.0,0.0,0.0,2002,radio,0.5
2,3,lr5e-05_bs16_modL1_fusion64_fusionL1_drop0p2_trmiss50_trlocradio,16,5e-05,1,64,1,0.2,lr5e-05_bs16_modL1_fusion64_fusionL1_drop0p2_trmiss50_trlocradio,18,0.5121133625507355,0.6971862117449442,0.5366379310344828,0.6570712676666456,0.5333333333333333,0.0,0.0,0.0,0.0,0.0,0.0,0.0,0.0,0.0,2002,radio,0.5
2,3,lr5e-05_bs16_modL1_fusion64_fusionL1_drop0p2_trmiss50_trlocradio,16,5e-05,1,64,1,0.2,lr5e-05_bs16_modL1_fusion64_fusionL1_drop0p2_trmiss50_trlocradio,19,0.5085475717981657,0.6909048358599345,0.5452586206896551,0.6632040660844813,0.5111111111111111,0.0,0.0,0.0,0.0,0.0,0.0,0.0,0.0,0.0,2002,radio,0.5
2,3,lr5e-05_bs16_modL1_fusion64_fusionL1_drop0p2_trmiss50_trlocradio,16,5e-05,1,64,1,0.2,lr5e-05_bs16_modL1_fusion64_fusionL1_drop0p2_trmiss50_trlocradio,20,0.49499237289031345,0.6888442436854044,0.5366379310344827,0.6586288950451722,0.5555555555555556,0.0,0.0,0.0,0.0,0.0,0.0,0.0,0.0,0.0,2002,radio,0.5
2,3,lr5e-05_bs16_modL1_fusion64_fusionL1_drop0p2_trmiss50_trlocradio,16,5e-05,1,64,1,0.2,lr5e-05_bs16_modL1_fusion64_fusionL1_drop0p2_trmiss50_trlocradio,21,0.506530687212944,0.6878451704978943,0.5603448275862069,0.665507872438678,0.5777777777777777,0.0,0.0,0.0,0.0,0.0,0.0,0.0,0.0,0.0,2002,radio,0.5
2,3,lr5e-05_bs16_modL1_fusion64_fusionL1_drop0p2_trmiss50_trlocradio,16,5e-05,1,64,1,0.2,lr5e-05_bs16_modL1_fusion64_fusionL1_drop0p2_trmiss50_trlocradio,22,0.5101791520913442,0.688768188158671,0.5625,0.6661260446570811,0.5555555555555556,0.0,0.0,0.0,0.0,0.0,0.0,0.0,0.0,0.0,2002,radio,0.5
2,3,lr5e-05_bs16_modL1_fusion64_fusionL1_drop0p2_trmiss50_trlocradio,16,5e-05,1,64,1,0.2,lr5e-05_bs16_modL1_fusion64_fusionL1_drop0p2_trmiss50_trlocradio,23,0.507479839026928,0.6929965615272522,0.5646551724137931,0.6730652721468613,0.5333333333333333,0.0,0.0,0.0,0.0,0.0,0.0,0.0,0.0,0.0,2002,radio,0.5
2,3,lr5e-05_bs16_modL1_fusion64_fusionL1_drop0p2_trmiss50_trlocradio,16,5e-05,1,64,1,0.2,lr5e-05_bs16_modL1_fusion64_fusionL1_drop0p2_trmiss50_trlocradio,24,0.48954622944196063,0.6905645330746969,0.5495689655172414,0.6619920679397736,0.5333333333333333,0.0,0.0,0.0,0.0,0.0,0.0,0.0,0.0,0.0,2002,radio,0.5
2,3,lr5e-05_bs16_modL1_fusion64_fusionL1_drop0p2_trmiss50_trlocradio,16,5e-05,1,64,1,0.2,lr5e-05_bs16_modL1_fusion64_fusionL1_drop0p2_trmiss50_trlocradio,25,0.5093575815359751,0.6876111427942911,0.5732758620689655,0.672091499577327,0.5333333333333333,0.0,0.0,0.0,0.0,0.0,0.0,0.0,0.0,0.0,2002,radio,0.5
2,3,lr5e-05_bs16_modL1_fusion64_fusionL1_drop0p1_trmiss50_trlocradio,16,5e-05,1,64,1,0.1,lr5e-05_bs16_modL1_fusion64_fusionL1_drop0p1_trmiss50_trlocradio,1,0.743435819943746,0.7275405526161194,0.23706896551724138,0.5238977323321513,0.28888888888888886,0.0,0.0,0.0,0.0,0.0,0.0,0.0,0.0,0.0,2002,radio,0.5
2,3,lr5e-05_bs16_modL1_fusion64_fusionL1_drop0p1_trmiss50_trlocradio,16,5e-05,1,64,1,0.1,lr5e-05_bs16_modL1_fusion64_fusionL1_drop0p1_trmiss50_trlocradio,2,0.7186401983102163,0.7450228730837504,0.3017241379310345,0.5899303576690392,0.3111111111111111,0.0,0.0,0.0,0.0,0.0,0.0,0.0,0.0,0.0,2002,radio,0.5
2,3,lr5e-05_bs16_modL1_fusion64_fusionL1_drop0p1_trmiss50_trlocradio,16,5e-05,1,64,1,0.1,lr5e-05_bs16_modL1_fusion64_fusionL1_drop0p1_trmiss50_trlocradio,3,0.6823297441005707,0.7558215459187826,0.3297413793103448,0.5965829177966372,0.35555555555555557,0.0,0.0,0.0,0.0,0.0,0.0,0.0,0.0,0.0,2002,radio,0.5
2,3,lr5e-05_bs16_modL1_fusion64_fusionL1_drop0p1_trmiss50_trlocradio,16,5e-05,1,64,1,0.1,lr5e-05_bs16_modL1_fusion64_fusionL1_drop0p1_trmiss50_trlocradio,4,0.6718773742516836,0.7606285611788431,0.36853448275862066,0.6191557068351305,0.4,0.0,0.0,0.0,0.0,0.0,0.0,0.0,0.0,0.0,2002,radio,0.5
2,3,lr5e-05_bs16_modL1_fusion64_fusionL1_drop0p1_trmiss50_trlocradio,16,5e-05,1,64,1,0.1,lr5e-05_bs16_modL1_fusion64_fusionL1_drop0p1_trmiss50_trlocradio,5,0.6574008911848068,0.7434271574020386,0.42241379310344834,0.6602008371616359,0.4,0.0,0.0,0.0,0.0,0.0,0.0,0.0,0.0,0.0,2002,radio,0.5
2,3,lr5e-05_bs16_modL1_fusion64_fusionL1_drop0p1_trmiss50_trlocradio,16,5e-05,1,64,1,0.1,lr5e-05_bs16_modL1_fusion64_fusionL1_drop0p1_trmiss50_trlocradio,6,0.6168328622976939,0.7385125160217285,0.45474137931034486,0.6947576450786541,0.4222222222222222,0.0,0.0,0.0,0.0,0.0,0.0,0.0,0.0,0.0,2002,radio,0.5
2,3,lr5e-05_bs16_modL1_fusion64_fusionL1_drop0p1_trmiss50_trlocradio,16,5e-05,1,64,1,0.1,lr5e-05_bs16_modL1_fusion64_fusionL1_drop0p1_trmiss50_trlocradio,7,0.5964254985253016,0.7445343534151713,0.4418103448275862,0.6842505367464129,0.4666666666666667,0.0,0.0,0.0,0.0,0.0,0.0,0.0,0.0,0.0,2002,radio,0.5
2,3,lr5e-05_bs16_modL1_fusion64_fusionL1_drop0p1_trmiss50_trlocradio,16,5e-05,1,64,1,0.1,lr5e-05_bs16_modL1_fusion64_fusionL1_drop0p1_trmiss50_trlocradio,8,0.5871136436859766,0.7474714120229086,0.4504310344827586,0.6897014375245292,0.4888888888888889,0.0,0.0,0.0,0.0,0.0,0.0,0.0,0.0,0.0,2002,radio,0.5
2,3,lr5e-05_bs16_modL1_fusion64_fusionL1_drop0p1_trmiss50_trlocradio,16,5e-05,1,64,1,0.1,lr5e-05_bs16_modL1_fusion64_fusionL1_drop0p1_trmiss50_trlocradio,9,0.5932848155498505,0.7432173093159994,0.4461206896551725,0.6834762041521731,0.4444444444444444,0.0,0.0,0.0,0.0,0.0,0.0,0.0,0.0,0.0,2002,radio,0.5
2,3,lr5e-05_bs16_modL1_fusion64_fusionL1_drop0p1_trmiss50_trlocradio,16,5e-05,1,64,1,0.1,lr5e-05_bs16_modL1_fusion64_fusionL1_drop0p1_trmiss50_trlocradio,10,0.5881749739249548,0.737970252831777,0.4504310344827586,0.6906918966819573,0.4666666666666667,0.0,0.0,0.0,0.0,0.0,0.0,0.0,0.0,0.0,2002,radio,0.5
2,3,lr5e-05_bs16_modL1_fusion64_fusionL1_drop0p1_trmiss50_trlocradio,16,5e-05,1,64,1,0.1,lr5e-05_bs16_modL1_fusion64_fusionL1_drop0p1_trmiss50_trlocradio,11,0.5789761245250702,0.7529111703236898,0.4267241379310345,0.6756028137518555,0.4444444444444444,0.0,0.0,0.0,0.0,0.0,0.0,0.0,0.0,0.0,2002,radio,0.5
2,3,lr5e-05_bs16_modL1_fusion64_fusionL1_drop0p1_trmiss50_trlocradio,16,5e-05,1,64,1,0.1,lr5e-05_bs16_modL1_fusion64_fusionL1_drop0p1_trmiss50_trlocradio,12,0.5879585618774096,0.7621819376945496,0.4331896551724138,0.6742984497863069,0.4222222222222222,0.0,0.0,0.0,0.0,0.0,0.0,0.0,0.0,0.0,2002,radio,0.5
2,3,lr5e-05_bs16_modL1_fusion64_fusionL1_drop0p1_trmiss50_trlocradio,16,5e-05,1,64,1,0.1,lr5e-05_bs16_modL1_fusion64_fusionL1_drop0p1_trmiss50_trlocradio,13,0.5824339439471563,0.7579519550005595,0.4051724137931035,0.6670022881243554,0.4222222222222222,0.0,0.0,0.0,0.0,0.0,0.0,0.0,0.0,0.0,2002,radio,0.5
2,3,lr5e-05_bs16_modL1_fusion64_fusionL1_drop0p1_trmiss50_trlocradio,16,5e-05,1,64,1,0.1,lr5e-05_bs16_modL1_fusion64_fusionL1_drop0p1_trmiss50_trlocradio,14,0.5568178792794546,0.7587403655052185,0.4073275862068965,0.6656758270836693,0.4222222222222222,0.0,0.0,0.0,0.0,0.0,0.0,0.0,0.0,0.0,2002,radio,0.5
2,3,lr5e-05_bs16_modL1_fusion64_fusionL1_drop0p1_trmiss50_trlocradio,16,5e-05,1,64,1,0.1,lr5e-05_bs16_modL1_fusion64_fusionL1_drop0p1_trmiss50_trlocradio,15,0.558830146988233,0.755019466082255,0.4245689655172413,0.673540286629736,0.4222222222222222,0.0,0.0,0.0,0.0,0.0,0.0,0.0,0.0,0.0,2002,radio,0.5
2,3,lr5e-05_bs16_modL1_fusion64_fusionL1_drop0p1_trmiss50_trlocradio,16,5e-05,1,64,1,0.1,lr5e-05_bs16_modL1_fusion64_fusionL1_drop0p1_trmiss50_trlocradio,16,0.5331340779860815,0.7500583529472351,0.4418103448275862,0.6862562681151132,0.4444444444444444,0.0,0.0,0.0,0.0,0.0,0.0,0.0,0.0,0.0,2002,radio,0.5
2,3,lr5e-05_bs16_modL1_fusion64_fusionL1_drop0p1_trmiss50_trlocradio,16,5e-05,1,64,1,0.1,lr5e-05_bs16_modL1_fusion64_fusionL1_drop0p1_trmiss50_trlocradio,17,0.573321521282196,0.7519304354985555,0.4525862068965517,0.6853731892280917,0.4444444444444444,0.0,0.0,0.0,0.0,0.0,0.0,0.0,0.0,0.0,2002,radio,0.5
2,3,lr5e-05_bs16_modL1_fusion64_fusionL1_drop0p1_trmiss50_trlocradio,16,5e-05,1,64,1,0.1,lr5e-05_bs16_modL1_fusion64_fusionL1_drop0p1_trmiss50_trlocradio,18,0.5386721193790436,0.7447091142336527,0.4719827586206896,0.6917314800900631,0.4666666666666667,0.0,0.0,0.0,0.0,0.0,0.0,0.0,0.0,0.0,2002,radio,0.5
2,3,lr5e-05_bs16_modL1_fusion64_fusionL1_drop0p1_trmiss50_trlocradio,16,5e-05,1,64,1,0.1,lr5e-05_bs16_modL1_fusion64_fusionL1_drop0p1_trmiss50_trlocradio,19,0.541702002286911,0.7480389078458151,0.4418103448275862,0.6811199989626656,0.4666666666666667,0.0,0.0,0.0,0.0,0.0,0.0,0.0,0.0,0.0,2002,radio,0.5
2,3,lr5e-05_bs16_modL1_fusion64_fusionL1_drop0p1_trmiss50_trlocradio,16,5e-05,1,64,1,0.1,lr5e-05_bs16_modL1_fusion64_fusionL1_drop0p1_trmiss50_trlocradio,20,0.5454564690589905,0.7486101587613424,0.4568965517241379,0.6907916325605465,0.4444444444444444,0.0,0.0,0.0,0.0,0.0,0.0,0.0,0.0,0.0,2002,radio,0.5
2,3,lr5e-05_bs16_modL1_fusion64_fusionL1_drop0p1_trmiss50_trlocradio,16,5e-05,1,64,1,0.1,lr5e-05_bs16_modL1_fusion64_fusionL1_drop0p1_trmiss50_trlocradio,21,0.5408575236797333,0.752459446589152,0.4482758620689655,0.6713650645563923,0.4666666666666667,0.0,0.0,0.0,0.0,0.0,0.0,0.0,0.0,0.0,2002,radio,0.5
2,3,lr5e-05_bs16_modL1_fusion64_fusionL1_drop0p1_trmiss50_trlocradio,16,5e-05,1,64,1,0.1,lr5e-05_bs16_modL1_fusion64_fusionL1_drop0p1_trmiss50_trlocradio,22,0.5536200751860937,0.7564606070518494,0.4353448275862069,0.6671855904827909,0.4444444444444444,0.0,0.0,0.0,0.0,0.0,0.0,0.0,0.0,0.0,2002,radio,0.5
2,3,lr5e-05_bs16_modL1_fusion64_fusionL1_drop0p1_trmiss50_trlocradio,16,5e-05,1,64,1,0.1,lr5e-05_bs16_modL1_fusion64_fusionL1_drop0p1_trmiss50_trlocradio,23,0.5256022562583288,0.7479577660560608,0.4331896551724138,0.6689925202686305,0.4666666666666667,0.0,0.0,0.0,0.0,0.0,0.0,0.0,0.0,0.0,2002,radio,0.5
2,3,lr5e-05_bs16_modL1_fusion64_fusionL1_drop0p1_trmiss50_trlocradio,16,5e-05,1,64,1,0.1,lr5e-05_bs16_modL1_fusion64_fusionL1_drop0p1_trmiss50_trlocradio,24,0.540790836016337,0.7507661581039429,0.4525862068965517,0.6787593649539939,0.4666666666666667,0.0,0.0,0.0,0.0,0.0,0.0,0.0,0.0,0.0,2002,radio,0.5
2,3,lr5e-05_bs16_modL1_fusion64_fusionL1_drop0p1_trmiss50_trlocradio,16,5e-05,1,64,1,0.1,lr5e-05_bs16_modL1_fusion64_fusionL1_drop0p1_trmiss50_trlocradio,25,0.5384316469232241,0.7661152680714926,0.44396551724137934,0.6716535317217706,0.4222222222222222,0.0,0.0,0.0,0.0,0.0,0.0,0.0,0.0,0.0,2002,radio,0.5
2,3,lr5e-05_bs16_modL1_fusion64_fusionL1_drop0p1_trmiss50_trlocradio,16,5e-05,1,64,1,0.1,lr5e-05_bs16_modL1_fusion64_fusionL1_drop0p1_trmiss50_trlocradio,26,0.5338688914974531,0.7600699265797933,0.4482758620689655,0.6709420826393094,0.4222222222222222,0.0,0.0,0.0,0.0,0.0,0.0,0.0,0.0,0.0,2002,radio,0.5
2,3,lr5e-05_bs16_modL1_fusion64_fusionL1_drop0p1_trmiss50_trlocradio,16,5e-05,1,64,1,0.1,lr5e-05_bs16_modL1_fusion64_fusionL1_drop0p1_trmiss50_trlocradio,27,0.5342966516812643,0.7382683753967285,0.4568965517241379,0.6694952831961646,0.4666666666666667,0.0,0.0,0.0,0.0,0.0,0.0,0.0,0.0,0.0,2002,radio,0.5
2,3,lr5e-05_bs16_modL1_fusion64_fusionL1_drop0p1_trmiss50_trlocradio,16,5e-05,1,64,1,0.1,lr5e-05_bs16_modL1_fusion64_fusionL1_drop0p1_trmiss50_trlocradio,28,0.5328984931111336,0.7518533070882162,0.4461206896551724,0.6620079816885039,0.4222222222222222,0.0,0.0,0.0,0.0,0.0,0.0,0.0,0.0,0.0,2002,radio,0.5
2,3,lr5e-05_bs16_modL1_fusion64_fusionL1_drop0p1_trmiss50_trlocradio,16,5e-05,1,64,1,0.1,lr5e-05_bs16_modL1_fusion64_fusionL1_drop0p1_trmiss50_trlocradio,29,0.5360303496321043,0.7560410499572754,0.42887931034482757,0.6667643410094432,0.4444444444444444,0.0,0.0,0.0,0.0,0.0,0.0,0.0,0.0,0.0,2002,radio,0.5
2,3,lr5e-05_bs16_modL1_fusion64_fusionL1_drop0p1_trmiss50_trlocradio,16,5e-05,1,64,1,0.1,lr5e-05_bs16_modL1_fusion64_fusionL1_drop0p1_trmiss50_trlocradio,30,0.5363434851169586,0.7527925968170166,0.45474137931034486,0.6793514885590222,0.4222222222222222,0.0,0.0,0.0,0.0,0.0,0.0,0.0,0.0,0.0,2002,radio,0.5
2,3,lr5e-05_bs16_modL1_fusion64_fusionL1_drop0p1_trmiss50_trlocradio,16,5e-05,1,64,1,0.1,lr5e-05_bs16_modL1_fusion64_fusionL1_drop0p1_trmiss50_trlocradio,31,0.5334979196389517,0.7498820821444193,0.4461206896551724,0.6801591617256328,0.4666666666666667,0.0,0.0,0.0,0.0,0.0,0.0,0.0,0.0,0.0,2002,radio,0.5
2,3,lr5e-05_bs16_modL1_fusion64_fusionL1_drop0p1_trmiss50_trlocradio,16,5e-05,1,64,1,0.1,lr5e-05_bs16_modL1_fusion64_fusionL1_drop0p1_trmiss50_trlocradio,32,0.5351872891187668,0.7509909272193909,0.4676724137931035,0.6885528056870476,0.4444444444444444,0.0,0.0,0.0,0.0,0.0,0.0,0.0,0.0,0.0,2002,radio,0.5
2,3,lr5e-05_bs16_modL1_fusion64_fusionL1_drop0p1_trmiss50_trlocradio,16,5e-05,1,64,1,0.1,lr5e-05_bs16_modL1_fusion64_fusionL1_drop0p1_trmiss50_trlocradio,33,0.5555206288894018,0.7720967928568522,0.4418103448275863,0.6623165225572222,0.4222222222222222,0.0,0.0,0.0,0.0,0.0,0.0,0.0,0.0,0.0,2002,radio,0.5
2,3,lr5e-05_bs16_modL1_fusion64_fusionL1_drop0p1_trmiss50_trlocradio,16,5e-05,1,64,1,0.1,lr5e-05_bs16_modL1_fusion64_fusionL1_drop0p1_trmiss50_trlocradio,34,0.5294661348064741,0.7471373081207275,0.4525862068965517,0.672134332952166,0.4444444444444444,0.0,0.0,0.0,0.0,0.0,0.0,0.0,0.0,0.0,2002,radio,0.5
2,3,lr5e-05_bs16_modL1_fusion64_fusionL1_drop0p1_trmiss50_trlocradio,16,5e-05,1,64,1,0.1,lr5e-05_bs16_modL1_fusion64_fusionL1_drop0p1_trmiss50_trlocradio,35,0.5290541698535284,0.7538504004478455,0.4331896551724138,0.6660422495403401,0.4444444444444444,0.0,0.0,0.0,0.0,0.0,0.0,0.0,0.0,0.0,2002,radio,0.5
2,3,lr5e-05_bs16_modL1_fusion64_fusionL1_drop0p1_trmiss50_trlocradio,16,5e-05,1,64,1,0.1,lr5e-05_bs16_modL1_fusion64_fusionL1_drop0p1_trmiss50_trlocradio,36,0.5274301891525587,0.7555543780326843,0.4482758620689655,0.6711420187584561,0.4444444444444444,0.0,0.0,0.0,0.0,0.0,0.0,0.0,0.0,0.0,2002,radio,0.5
2,3,lr5e-05_bs16_modL1_fusion64_fusionL1_drop0p1_trmiss50_trlocradio,16,5e-05,1,64,1,0.1,lr5e-05_bs16_modL1_fusion64_fusionL1_drop0p1_trmiss50_trlocradio,37,0.5335231696565946,0.7718669772148132,0.4094827586206896,0.6391676195719777,0.4222222222222222,0.0,0.0,0.0,0.0,0.0,0.0,0.0,0.0,0.0,2002,radio,0.5
2,3,lr5e-05_bs16_modL1_fusion64_fusionL1_drop0p1_trmiss50_trlocradio,16,5e-05,1,64,1,0.1,lr5e-05_bs16_modL1_fusion64_fusionL1_drop0p1_trmiss50_trlocradio,38,0.5380487715204557,0.7436657349268595,0.4418103448275862,0.6718067165984086,0.4666666666666667,0.0,0.0,0.0,0.0,0.0,0.0,0.0,0.0,0.0,2002,radio,0.5
2,3,lr1e-04_bs16_modL1_fusion32_fusionL1_drop0p2_trmiss50_trlocradio,16,0.0001,1,32,1,0.2,lr1e-04_bs16_modL1_fusion32_fusionL1_drop0p2_trmiss50_trlocradio,1,0.7302426646153132,0.7005689144134521,0.5603448275862069,0.670335444560134,0.4666666666666667,0.0,0.0,0.0,0.0,0.0,0.0,0.0,0.0,0.0,2002,radio,0.5
2,3,lr1e-04_bs16_modL1_fusion32_fusionL1_drop0p2_trmiss50_trlocradio,16,0.0001,1,32,1,0.2,lr1e-04_bs16_modL1_fusion32_fusionL1_drop0p2_trmiss50_trlocradio,2,0.672675609588623,0.6999719738960266,0.5711206896551724,0.7023054497677764,0.4888888888888889,0.0,0.0,0.0,0.0,0.0,0.0,0.0,0.0,0.0,2002,radio,0.5
2,3,lr1e-04_bs16_modL1_fusion32_fusionL1_drop0p2_trmiss50_trlocradio,16,0.0001,1,32,1,0.2,lr1e-04_bs16_modL1_fusion32_fusionL1_drop0p2_trmiss50_trlocradio,3,0.650740365187327,0.7026716272036234,0.5732758620689655,0.72677533157794,0.4444444444444444,0.0,0.0,0.0,0.0,0.0,0.0,0.0,0.0,0.0,2002,radio,0.5
2,3,lr1e-04_bs16_modL1_fusion32_fusionL1_drop0p2_trmiss50_trlocradio,16,0.0001,1,32,1,0.2,lr1e-04_bs16_modL1_fusion32_fusionL1_drop0p2_trmiss50_trlocradio,4,0.6164725025494894,0.7039268414179484,0.5452586206896551,0.7036469738337007,0.4444444444444444,0.0,0.0,0.0,0.0,0.0,0.0,0.0,0.0,0.0,2002,radio,0.5
2,3,lr1e-04_bs16_modL1_fusion32_fusionL1_drop0p2_trmiss50_trlocradio,16,0.0001,1,32,1,0.2,lr1e-04_bs16_modL1_fusion32_fusionL1_drop0p2_trmiss50_trlocradio,5,0.5981437390049299,0.7063127954800924,0.5474137931034483,0.7019439841746258,0.4666666666666667,0.0,0.0,0.0,0.0,0.0,0.0,0.0,0.0,0.0,2002,radio,0.5
2,3,lr1e-04_bs16_modL1_fusion32_fusionL1_drop0p2_trmiss50_trlocradio,16,0.0001,1,32,1,0.2,lr1e-04_bs16_modL1_fusion32_fusionL1_drop0p2_trmiss50_trlocradio,6,0.5838834245999655,0.71433158715566,0.5323275862068966,0.6968273247380008,0.4222222222222222,0.0,0.0,0.0,0.0,0.0,0.0,0.0,0.0,0.0,2002,radio,0.5
2,3,lr1e-04_bs16_modL1_fusion32_fusionL1_drop0p2_trmiss50_trlocradio,16,0.0001,1,32,1,0.2,lr1e-04_bs16_modL1_fusion32_fusionL1_drop0p2_trmiss50_trlocradio,7,0.5834787835677465,0.7169970870018005,0.5366379310344827,0.6998286651427124,0.4222222222222222,0.0,0.0,0.0,0.0,0.0,0.0,0.0,0.0,0.0,2002,radio,0.5
2,3,lr1e-04_bs16_modL1_fusion32_fusionL1_drop0p2_trmiss50_trlocradio,16,0.0001,1,32,1,0.2,lr1e-04_bs16_modL1_fusion32_fusionL1_drop0p2_trmiss50_trlocradio,8,0.5479770402113596,0.7203627228736877,0.5538793103448276,0.7133090157620231,0.4444444444444444,0.0,0.0,0.0,0.0,0.0,0.0,0.0,0.0,0.0,2002,radio,0.5
2,3,lr1e-04_bs16_modL1_fusion32_fusionL1_drop0p2_trmiss50_trlocradio,16,0.0001,1,32,1,0.2,lr1e-04_bs16_modL1_fusion32_fusionL1_drop0p2_trmiss50_trlocradio,9,0.5328386873006821,0.723318854967753,0.5495689655172414,0.7006381828361188,0.4444444444444444,0.0,0.0,0.0,0.0,0.0,0.0,0.0,0.0,0.0,2002,radio,0.5
2,3,lr1e-04_bs16_modL1_fusion32_fusionL1_drop0p2_trmiss50_trlocradio,16,0.0001,1,32,1,0.2,lr1e-04_bs16_modL1_fusion32_fusionL1_drop0p2_trmiss50_trlocradio,10,0.5602526341875395,0.7209821939468384,0.5366379310344828,0.6941000566964952,0.4444444444444444,0.0,0.0,0.0,0.0,0.0,0.0,0.0,0.0,0.0,2002,radio,0.5
2,3,lr1e-04_bs16_modL1_fusion32_fusionL1_drop0p2_trmiss50_trlocradio,16,0.0001,1,32,1,0.2,lr1e-04_bs16_modL1_fusion32_fusionL1_drop0p2_trmiss50_trlocradio,11,0.525327188273271,0.7210015257199606,0.521551724137931,0.6843408150025359,0.4444444444444444,0.0,0.0,0.0,0.0,0.0,0.0,0.0,0.0,0.0,2002,radio,0.5
2,3,lr1e-04_bs16_modL1_fusion32_fusionL1_drop0p2_trmiss50_trlocradio,16,0.0001,1,32,1,0.2,lr1e-04_bs16_modL1_fusion32_fusionL1_drop0p2_trmiss50_trlocradio,12,0.5290379449725151,0.7315279245376587,0.521551724137931,0.6885457430814073,0.4,0.0,0.0,0.0,0.0,0.0,0.0,0.0,0.0,0.0,2002,radio,0.5
2,3,lr1e-04_bs16_modL1_fusion32_fusionL1_drop0p2_trmiss50_trlocradio,16,0.0001,1,32,1,0.2,lr1e-04_bs16_modL1_fusion32_fusionL1_drop0p2_trmiss50_trlocradio,13,0.5377608810861906,0.7320907910664877,0.49568965517241376,0.664104659404009,0.4,0.0,0.0,0.0,0.0,0.0,0.0,0.0,0.0,0.0,2002,radio,0.5
2,3,lr1e-04_bs16_modL1_fusion32_fusionL1_drop0p2_trmiss50_trlocradio,16,0.0001,1,32,1,0.2,lr1e-04_bs16_modL1_fusion32_fusionL1_drop0p2_trmiss50_trlocradio,14,0.4999076748887698,0.7259061535199484,0.5043103448275862,0.6742926362380464,0.4222222222222222,0.0,0.0,0.0,0.0,0.0,0.0,0.0,0.0,0.0,2002,radio,0.5
2,3,lr1e-04_bs16_modL1_fusion32_fusionL1_drop0p2_trmiss50_trlocradio,16,0.0001,1,32,1,0.2,lr1e-04_bs16_modL1_fusion32_fusionL1_drop0p2_trmiss50_trlocradio,15,0.5201403846343359,0.7321688135464987,0.5366379310344828,0.6814758128303375,0.4,0.0,0.0,0.0,0.0,0.0,0.0,0.0,0.0,0.0,2002,radio,0.5
2,3,lr1e-04_bs16_modL1_fusion32_fusionL1_drop0p2_trmiss50_trlocradio,16,0.0001,1,32,1,0.2,lr1e-04_bs16_modL1_fusion32_fusionL1_drop0p2_trmiss50_trlocradio,16,0.5224157844980558,0.7442731062571207,0.5150862068965517,0.6710476045198845,0.4222222222222222,0.0,0.0,0.0,0.0,0.0,0.0,0.0,0.0,0.0,2002,radio,0.5
2,3,lr1e-04_bs16_modL1_fusion32_fusionL1_drop0p2_trmiss50_trlocradio,16,0.0001,1,32,1,0.2,lr1e-04_bs16_modL1_fusion32_fusionL1_drop0p2_trmiss50_trlocradio,17,0.511584480603536,0.7429210146268209,0.4892241379310345,0.6606937289282165,0.4222222222222222,0.0,0.0,0.0,0.0,0.0,0.0,0.0,0.0,0.0,2002,radio,0.5
2,3,lr1e-04_bs16_modL1_fusion32_fusionL1_drop0p2_trmiss50_trlocradio,16,0.0001,1,32,1,0.2,lr1e-04_bs16_modL1_fusion32_fusionL1_drop0p2_trmiss50_trlocradio,18,0.5011786098281542,0.7318678100903829,0.5043103448275862,0.667025007632917,0.4,0.0,0.0,0.0,0.0,0.0,0.0,0.0,0.0,0.0,2002,radio,0.5
2,3,lr1e-04_bs16_modL1_fusion32_fusionL1_drop0p2_trmiss50_trlocradio,16,0.0001,1,32,1,0.2,lr1e-04_bs16_modL1_fusion32_fusionL1_drop0p2_trmiss50_trlocradio,19,0.49764115115006763,0.7316717306772867,0.5,0.6591882976456648,0.4,0.0,0.0,0.0,0.0,0.0,0.0,0.0,0.0,0.0,2002,radio,0.5
2,3,lr1e-04_bs16_modL1_fusion32_fusionL1_drop0p2_trmiss50_trlocradio,16,0.0001,1,32,1,0.2,lr1e-04_bs16_modL1_fusion32_fusionL1_drop0p2_trmiss50_trlocradio,20,0.4979309191306432,0.7224563956260681,0.5086206896551724,0.6648619331237147,0.4444444444444444,0.0,0.0,0.0,0.0,0.0,0.0,0.0,0.0,0.0,2002,radio,0.5
2,3,lr1e-04_bs16_modL1_fusion32_fusionL1_drop0p2_trmiss50_trlocradio,16,0.0001,1,32,1,0.2,lr1e-04_bs16_modL1_fusion32_fusionL1_drop0p2_trmiss50_trlocradio,21,0.5041115383307139,0.7306318084398905,0.5043103448275862,0.6599676781717732,0.4222222222222222,0.0,0.0,0.0,0.0,0.0,0.0,0.0,0.0,0.0,2002,radio,0.5
2,3,lr1e-04_bs16_modL1_fusion32_fusionL1_drop0p2_trmiss50_trlocradio,16,0.0001,1,32,1,0.2,lr1e-04_bs16_modL1_fusion32_fusionL1_drop0p2_trmiss50_trlocradio,22,0.5131888960798582,0.7383705178896586,0.5107758620689655,0.6614771289376511,0.4222222222222222,0.0,0.0,0.0,0.0,0.0,0.0,0.0,0.0,0.0,2002,radio,0.5
2,3,lr1e-04_bs16_modL1_fusion32_fusionL1_drop0p2_trmiss50_trlocradio,16,0.0001,1,32,1,0.2,lr1e-04_bs16_modL1_fusion32_fusionL1_drop0p2_trmiss50_trlocradio,23,0.475727545718352,0.740547259648641,0.5150862068965517,0.6622484186151881,0.4444444444444444,0.0,0.0,0.0,0.0,0.0,0.0,0.0,0.0,0.0,2002,radio,0.5
2,3,lr1e-04_bs16_modL1_fusion32_fusionL1_drop0p2_trmiss50_trlocradio,16,0.0001,1,32,1,0.2,lr1e-04_bs16_modL1_fusion32_fusionL1_drop0p2_trmiss50_trlocradio,24,0.501475103199482,0.7279631694157919,0.5129310344827586,0.6601488813475814,0.4444444444444444,0.0,0.0,0.0,0.0,0.0,0.0,0.0,0.0,0.0,2002,radio,0.5
2,3,lr1e-04_bs16_modL1_fusion32_fusionL1_drop0p2_trmiss50_trlocradio,16,0.0001,1,32,1,0.2,lr1e-04_bs16_modL1_fusion32_fusionL1_drop0p2_trmiss50_trlocradio,25,0.49718285848697025,0.7380393544832865,0.5086206896551724,0.6617394927590271,0.4222222222222222,0.0,0.0,0.0,0.0,0.0,0.0,0.0,0.0,0.0,2002,radio,0.5
2,3,lr1e-04_bs16_modL1_fusion32_fusionL1_drop0p2_trmiss50_trlocradio,16,0.0001,1,32,1,0.2,lr1e-04_bs16_modL1_fusion32_fusionL1_drop0p2_trmiss50_trlocradio,26,0.4812891085942586,0.7416166067123413,0.5107758620689655,0.6639124847432285,0.4222222222222222,0.0,0.0,0.0,0.0,0.0,0.0,0.0,0.0,0.0,2002,radio,0.5
2,3,lr1e-04_bs16_modL1_fusion32_fusionL1_drop0p2_trmiss50_trlocradio,16,0.0001,1,32,1,0.2,lr1e-04_bs16_modL1_fusion32_fusionL1_drop0p2_trmiss50_trlocradio,27,0.48385277887185413,0.7436599930127462,0.5043103448275862,0.6636955954970444,0.4222222222222222,0.0,0.0,0.0,0.0,0.0,0.0,0.0,0.0,0.0,2002,radio,0.5
2,3,lr1e-04_bs16_modL1_fusion32_fusionL1_drop0p2_trmiss50_trlocradio,16,0.0001,1,32,1,0.2,lr1e-04_bs16_modL1_fusion32_fusionL1_drop0p2_trmiss50_trlocradio,28,0.4658106913169225,0.7438183029492696,0.5064655172413793,0.6624157838257846,0.4,0.0,0.0,0.0,0.0,0.0,0.0,0.0,0.0,0.0,2002,radio,0.5
2,3,lr1e-04_bs16_modL1_fusion32_fusionL1_drop0p1_trmiss50_trlocradio,16,0.0001,1,32,1,0.1,lr1e-04_bs16_modL1_fusion32_fusionL1_drop0p1_trmiss50_trlocradio,1,0.654994323849678,0.6840243339538574,0.6142241379310345,0.7442750635102956,0.5333333333333333,0.0,0.0,0.0,0.0,0.0,0.0,0.0,0.0,0.0,2002,radio,0.5
2,3,lr1e-04_bs16_modL1_fusion32_fusionL1_drop0p1_trmiss50_trlocradio,16,0.0001,1,32,1,0.1,lr1e-04_bs16_modL1_fusion32_fusionL1_drop0p1_trmiss50_trlocradio,2,0.6274346311887106,0.6604475577672323,0.5991379310344828,0.7774785037424521,0.5333333333333333,0.0,0.0,0.0,0.0,0.0,0.0,0.0,0.0,0.0,2002,radio,0.5
2,3,lr1e-04_bs16_modL1_fusion32_fusionL1_drop0p1_trmiss50_trlocradio,16,0.0001,1,32,1,0.1,lr1e-04_bs16_modL1_fusion32_fusionL1_drop0p1_trmiss50_trlocradio,3,0.6132417867581049,0.6548076470692953,0.6206896551724138,0.7827328430396863,0.5777777777777777,0.0,0.0,0.0,0.0,0.0,0.0,0.0,0.0,0.0,2002,radio,0.5
2,3,lr1e-04_bs16_modL1_fusion32_fusionL1_drop0p1_trmiss50_trlocradio,16,0.0001,1,32,1,0.1,lr1e-04_bs16_modL1_fusion32_fusionL1_drop0p1_trmiss50_trlocradio,4,0.5685649762550989,0.6590149402618408,0.6099137931034483,0.753445659338774,0.5777777777777777,0.0,0.0,0.0,0.0,0.0,0.0,0.0,0.0,0.0,2002,radio,0.5
2,3,lr1e-04_bs16_modL1_fusion32_fusionL1_drop0p1_trmiss50_trlocradio,16,0.0001,1,32,1,0.1,lr1e-04_bs16_modL1_fusion32_fusionL1_drop0p1_trmiss50_trlocradio,5,0.5649341493844986,0.6572181979815165,0.6271551724137931,0.7796003729171526,0.6,0.0,0.0,0.0,0.0,0.0,0.0,0.0,0.0,0.0,2002,radio,0.5
2,3,lr1e-04_bs16_modL1_fusion32_fusionL1_drop0p1_trmiss50_trlocradio,16,0.0001,1,32,1,0.1,lr1e-04_bs16_modL1_fusion32_fusionL1_drop0p1_trmiss50_trlocradio,6,0.5417907486359278,0.6689267555872599,0.5969827586206896,0.7387406934556193,0.6,0.0,0.0,0.0,0.0,0.0,0.0,0.0,0.0,0.0,2002,radio,0.5
2,3,lr1e-04_bs16_modL1_fusion32_fusionL1_drop0p1_trmiss50_trlocradio,16,0.0001,1,32,1,0.1,lr1e-04_bs16_modL1_fusion32_fusionL1_drop0p1_trmiss50_trlocradio,7,0.5379340549310049,0.6699838439623514,0.603448275862069,0.7132431534270991,0.5777777777777777,0.0,0.0,0.0,0.0,0.0,0.0,0.0,0.0,0.0,2002,radio,0.5
2,3,lr1e-04_bs16_modL1_fusion32_fusionL1_drop0p1_trmiss50_trlocradio,16,0.0001,1,32,1,0.1,lr1e-04_bs16_modL1_fusion32_fusionL1_drop0p1_trmiss50_trlocradio,8,0.5100000898043314,0.6774447560310364,0.5732758620689655,0.7014482404038445,0.5555555555555556,0.0,0.0,0.0,0.0,0.0,0.0,0.0,0.0,0.0,2002,radio,0.5
2,3,lr1e-04_bs16_modL1_fusion32_fusionL1_drop0p1_trmiss50_trlocradio,16,0.0001,1,32,1,0.1,lr1e-04_bs16_modL1_fusion32_fusionL1_drop0p1_trmiss50_trlocradio,9,0.502206563949585,0.6859448154767355,0.5581896551724137,0.6877572408333432,0.5555555555555556,0.0,0.0,0.0,0.0,0.0,0.0,0.0,0.0,0.0,2002,radio,0.5
2,3,lr1e-04_bs16_modL1_fusion32_fusionL1_drop0p1_trmiss50_trlocradio,16,0.0001,1,32,1,0.1,lr1e-04_bs16_modL1_fusion32_fusionL1_drop0p1_trmiss50_trlocradio,10,0.48019106189409894,0.685746451218923,0.5775862068965517,0.678686405115053,0.5333333333333333,0.0,0.0,0.0,0.0,0.0,0.0,0.0,0.0,0.0,2002,radio,0.5
2,3,lr1e-04_bs16_modL1_fusion32_fusionL1_drop0p1_trmiss50_trlocradio,16,0.0001,1,32,1,0.1,lr1e-04_bs16_modL1_fusion32_fusionL1_drop0p1_trmiss50_trlocradio,11,0.47099092106024426,0.6881154179573059,0.5732758620689655,0.6705688601089755,0.5333333333333333,0.0,0.0,0.0,0.0,0.0,0.0,0.0,0.0,0.0,2002,radio,0.5
2,3,lr1e-04_bs16_modL1_fusion32_fusionL1_drop0p1_trmiss50_trlocradio,16,0.0001,1,32,1,0.1,lr1e-04_bs16_modL1_fusion32_fusionL1_drop0p1_trmiss50_trlocradio,12,0.47254934658606845,0.6939424077669779,0.5732758620689655,0.6631758949500699,0.5555555555555556,0.0,0.0,0.0,0.0,0.0,0.0,0.0,0.0,0.0,2002,radio,0.5
2,3,lr1e-04_bs16_modL1_fusion32_fusionL1_drop0p1_trmiss50_trlocradio,16,0.0001,1,32,1,0.1,lr1e-04_bs16_modL1_fusion32_fusionL1_drop0p1_trmiss50_trlocradio,13,0.4629650687177976,0.6941741307576498,0.5560344827586207,0.662017562280887,0.5555555555555556,0.0,0.0,0.0,0.0,0.0,0.0,0.0,0.0,0.0,2002,radio,0.5
2,3,lr1e-04_bs16_modL1_fusion32_fusionL1_drop0p1_trmiss50_trlocradio,16,0.0001,1,32,1,0.1,lr1e-04_bs16_modL1_fusion32_fusionL1_drop0p1_trmiss50_trlocradio,14,0.4489660362402598,0.693484385808309,0.5560344827586207,0.6625946653538307,0.5111111111111111,0.0,0.0,0.0,0.0,0.0,0.0,0.0,0.0,0.0,2002,radio,0.5
2,3,lr1e-04_bs16_modL1_fusion32_fusionL1_drop0p1_trmiss50_trlocradio,16,0.0001,1,32,1,0.1,lr1e-04_bs16_modL1_fusion32_fusionL1_drop0p1_trmiss50_trlocradio,15,0.44470036774873734,0.6994899908701578,0.5560344827586207,0.6791680085961981,0.5111111111111111,0.0,0.0,0.0,0.0,0.0,0.0,0.0,0.0,0.0,2002,radio,0.5
2,3,lr1e-04_bs16_modL1_fusion32_fusionL1_drop0p1_trmiss50_trlocradio,16,0.0001,1,32,1,0.1,lr1e-04_bs16_modL1_fusion32_fusionL1_drop0p1_trmiss50_trlocradio,16,0.45129425326983136,0.6883629560470581,0.5581896551724138,0.6801148988112639,0.5777777777777777,0.0,0.0,0.0,0.0,0.0,0.0,0.0,0.0,0.0,2002,radio,0.5
2,3,lr1e-04_bs16_modL1_fusion32_fusionL1_drop0p1_trmiss50_trlocradio,16,0.0001,1,32,1,0.1,lr1e-04_bs16_modL1_fusion32_fusionL1_drop0p1_trmiss50_trlocradio,17,0.4289493535955747,0.6869369745254517,0.5517241379310345,0.6734938412902136,0.5555555555555556,0.0,0.0,0.0,0.0,0.0,0.0,0.0,0.0,0.0,2002,radio,0.5
2,3,lr1e-04_bs16_modL1_fusion32_fusionL1_drop0p1_trmiss50_trlocradio,16,0.0001,1,32,1,0.1,lr1e-04_bs16_modL1_fusion32_fusionL1_drop0p1_trmiss50_trlocradio,18,0.4192126492659251,0.6935130755106608,0.5452586206896551,0.6543411775814069,0.5333333333333333,0.0,0.0,0.0,0.0,0.0,0.0,0.0,0.0,0.0,2002,radio,0.5
2,3,lr1e-04_bs16_modL1_fusion32_fusionL1_drop0p1_trmiss50_trlocradio,16,0.0001,1,32,1,0.1,lr1e-04_bs16_modL1_fusion32_fusionL1_drop0p1_trmiss50_trlocradio,19,0.43176411588986713,0.7011869549751282,0.5538793103448275,0.6558614800159969,0.5111111111111111,0.0,0.0,0.0,0.0,0.0,0.0,0.0,0.0,0.0,2002,radio,0.5
2,3,lr1e-04_bs16_modL1_fusion32_fusionL1_drop0p1_trmiss50_trlocradio,16,0.0001,1,32,1,0.1,lr1e-04_bs16_modL1_fusion32_fusionL1_drop0p1_trmiss50_trlocradio,20,0.42973953237136203,0.7033930023511251,0.540948275862069,0.6460434429568389,0.5111111111111111,0.0,0.0,0.0,0.0,0.0,0.0,0.0,0.0,0.0,2002,radio,0.5
2,3,lr1e-04_bs16_modL1_fusion32_fusionL1_drop0p1_trmiss50_trlocradio,16,0.0001,1,32,1,0.1,lr1e-04_bs16_modL1_fusion32_fusionL1_drop0p1_trmiss50_trlocradio,21,0.4513563960790634,0.6958886782328287,0.5560344827586207,0.6551649419061794,0.5111111111111111,0.0,0.0,0.0,0.0,0.0,0.0,0.0,0.0,0.0,2002,radio,0.5
2,3,lr1e-04_bs16_modL1_fusion32_fusionL1_drop0p1_trmiss50_trlocradio,16,0.0001,1,32,1,0.1,lr1e-04_bs16_modL1_fusion32_fusionL1_drop0p1_trmiss50_trlocradio,22,0.42301903168360394,0.7119840383529663,0.5431034482758621,0.6525322857658419,0.4444444444444444,0.0,0.0,0.0,0.0,0.0,0.0,0.0,0.0,0.0,2002,radio,0.5
2,3,lr1e-04_bs16_modL1_fusion32_fusionL1_drop0p1_trmiss50_trlocradio,16,0.0001,1,32,1,0.1,lr1e-04_bs16_modL1_fusion32_fusionL1_drop0p1_trmiss50_trlocradio,23,0.42581331978241604,0.705201784769694,0.5344827586206896,0.6438950853020053,0.5111111111111111,0.0,0.0,0.0,0.0,0.0,0.0,0.0,0.0,0.0,2002,radio,0.5
2,3,lr1e-04_bs16_modL1_fusion32_fusionL1_drop0p1_trmiss50_trlocradio,16,0.0001,1,32,1,0.1,lr1e-04_bs16_modL1_fusion32_fusionL1_drop0p1_trmiss50_trlocradio,24,0.41999979813893634,0.7070607940355936,0.5344827586206897,0.6584386749086731,0.5333333333333333,0.0,0.0,0.0,0.0,0.0,0.0,0.0,0.0,0.0,2002,radio,0.5
2,3,lr1e-04_bs16_modL1_fusion32_fusionL1_drop0p1_trmiss50_trlocradio,16,0.0001,1,32,1,0.1,lr1e-04_bs16_modL1_fusion32_fusionL1_drop0p1_trmiss50_trlocradio,25,0.4108740761876106,0.7068081696828207,0.5323275862068966,0.6586709298597406,0.4666666666666667,0.0,0.0,0.0,0.0,0.0,0.0,0.0,0.0,0.0,2002,radio,0.5
2,3,lr1e-04_bs16_modL1_fusion64_fusionL1_drop0p2_trmiss50_trlocradio,16,0.0001,1,64,1,0.2,lr1e-04_bs16_modL1_fusion64_fusionL1_drop0p2_trmiss50_trlocradio,1,0.7815601279338201,0.7139784495035807,0.5646551724137931,0.7310403404994541,0.4222222222222222,0.0,0.0,0.0,0.0,0.0,0.0,0.0,0.0,0.0,2002,radio,0.5
2,3,lr1e-04_bs16_modL1_fusion64_fusionL1_drop0p2_trmiss50_trlocradio,16,0.0001,1,64,1,0.2,lr1e-04_bs16_modL1_fusion64_fusionL1_drop0p2_trmiss50_trlocradio,2,0.7330830444892248,0.7238798141479492,0.627155172413793,0.7819912479319147,0.4666666666666667,0.0,0.0,0.0,0.0,0.0,0.0,0.0,0.0,0.0,2002,radio,0.5
2,3,lr1e-04_bs16_modL1_fusion64_fusionL1_drop0p2_trmiss50_trlocradio,16,0.0001,1,64,1,0.2,lr1e-04_bs16_modL1_fusion64_fusionL1_drop0p2_trmiss50_trlocradio,3,0.682260533173879,0.7292224168777466,0.6357758620689654,0.7776871688197964,0.4222222222222222,0.0,0.0,0.0,0.0,0.0,0.0,0.0,0.0,0.0,2002,radio,0.5
2,3,lr1e-04_bs16_modL1_fusion64_fusionL1_drop0p2_trmiss50_trlocradio,16,0.0001,1,64,1,0.2,lr1e-04_bs16_modL1_fusion64_fusionL1_drop0p2_trmiss50_trlocradio,4,0.6756662875413895,0.7344345053037008,0.6443965517241379,0.7756385850446655,0.4222222222222222,0.0,0.0,0.0,0.0,0.0,0.0,0.0,0.0,0.0,2002,radio,0.5
2,3,lr1e-04_bs16_modL1_fusion64_fusionL1_drop0p2_trmiss50_trlocradio,16,0.0001,1,64,1,0.2,lr1e-04_bs16_modL1_fusion64_fusionL1_drop0p2_trmiss50_trlocradio,5,0.6326650530099869,0.7416532834370931,0.6314655172413792,0.7578722060268838,0.4444444444444444,0.0,0.0,0.0,0.0,0.0,0.0,0.0,0.0,0.0,2002,radio,0.5
2,3,lr1e-04_bs16_modL1_fusion64_fusionL1_drop0p2_trmiss50_trlocradio,16,0.0001,1,64,1,0.2,lr1e-04_bs16_modL1_fusion64_fusionL1_drop0p2_trmiss50_trlocradio,6,0.6222958266735077,0.7402867078781128,0.6314655172413793,0.7334216897453603,0.4666666666666667,0.0,0.0,0.0,0.0,0.0,0.0,0.0,0.0,0.0,2002,radio,0.5
2,3,lr1e-04_bs16_modL1_fusion64_fusionL1_drop0p2_trmiss50_trlocradio,16,0.0001,1,64,1,0.2,lr1e-04_bs16_modL1_fusion64_fusionL1_drop0p2_trmiss50_trlocradio,7,0.6360008418560028,0.7307971318562826,0.605603448275862,0.7141567220403207,0.4666666666666667,0.0,0.0,0.0,0.0,0.0,0.0,0.0,0.0,0.0,2002,radio,0.5
2,3,lr1e-04_bs16_modL1_fusion64_fusionL1_drop0p2_trmiss50_trlocradio,16,0.0001,1,64,1,0.2,lr1e-04_bs16_modL1_fusion64_fusionL1_drop0p2_trmiss50_trlocradio,8,0.6316910038391749,0.729557732741038,0.584051724137931,0.7104899858773805,0.4888888888888889,0.0,0.0,0.0,0.0,0.0,0.0,0.0,0.0,0.0,2002,radio,0.5
2,3,lr1e-04_bs16_modL1_fusion64_fusionL1_drop0p2_trmiss50_trlocradio,16,0.0001,1,64,1,0.2,lr1e-04_bs16_modL1_fusion64_fusionL1_drop0p2_trmiss50_trlocradio,9,0.5980327973763148,0.7369081179300944,0.5711206896551725,0.7026514509019806,0.4666666666666667,0.0,0.0,0.0,0.0,0.0,0.0,0.0,0.0,0.0,2002,radio,0.5
2,3,lr1e-04_bs16_modL1_fusion64_fusionL1_drop0p2_trmiss50_trlocradio,16,0.0001,1,64,1,0.2,lr1e-04_bs16_modL1_fusion64_fusionL1_drop0p2_trmiss50_trlocradio,10,0.61040860414505,0.7415347297986349,0.5797413793103449,0.7088004475672214,0.4666666666666667,0.0,0.0,0.0,0.0,0.0,0.0,0.0,0.0,0.0,2002,radio,0.5
2,3,lr1e-04_bs16_modL1_fusion64_fusionL1_drop0p2_trmiss50_trlocradio,16,0.0001,1,64,1,0.2,lr1e-04_bs16_modL1_fusion64_fusionL1_drop0p2_trmiss50_trlocradio,11,0.6026599059502283,0.7364877065022787,0.6012931034482758,0.7187967561287745,0.4444444444444444,0.0,0.0,0.0,0.0,0.0,0.0,0.0,0.0,0.0,2002,radio,0.5
2,3,lr1e-04_bs16_modL1_fusion64_fusionL1_drop0p2_trmiss50_trlocradio,16,0.0001,1,64,1,0.2,lr1e-04_bs16_modL1_fusion64_fusionL1_drop0p2_trmiss50_trlocradio,12,0.5824674864610037,0.7362894614537557,0.6271551724137931,0.7362223627318156,0.4666666666666667,0.0,0.0,0.0,0.0,0.0,0.0,0.0,0.0,0.0,2002,radio,0.5
2,3,lr1e-04_bs16_modL1_fusion64_fusionL1_drop0p2_trmiss50_trlocradio,16,0.0001,1,64,1,0.2,lr1e-04_bs16_modL1_fusion64_fusionL1_drop0p2_trmiss50_trlocradio,13,0.5864075620969137,0.7282159129778544,0.6185344827586207,0.7290063437341943,0.4888888888888889,0.0,0.0,0.0,0.0,0.0,0.0,0.0,0.0,0.0,2002,radio,0.5
2,3,lr1e-04_bs16_modL1_fusion64_fusionL1_drop0p2_trmiss50_trlocradio,16,0.0001,1,64,1,0.2,lr1e-04_bs16_modL1_fusion64_fusionL1_drop0p2_trmiss50_trlocradio,14,0.6081521411736807,0.7422870596249899,0.6056034482758621,0.7361173066681461,0.4888888888888889,0.0,0.0,0.0,0.0,0.0,0.0,0.0,0.0,0.0,2002,radio,0.5
2,3,lr1e-04_bs16_modL1_fusion64_fusionL1_drop0p2_trmiss50_trlocradio,16,0.0001,1,64,1,0.2,lr1e-04_bs16_modL1_fusion64_fusionL1_drop0p2_trmiss50_trlocradio,15,0.5643802930911382,0.7342527111371359,0.603448275862069,0.7350840759818087,0.4666666666666667,0.0,0.0,0.0,0.0,0.0,0.0,0.0,0.0,0.0,2002,radio,0.5
2,3,lr1e-04_bs16_modL1_fusion64_fusionL1_drop0p2_trmiss50_trlocradio,16,0.0001,1,64,1,0.2,lr1e-04_bs16_modL1_fusion64_fusionL1_drop0p2_trmiss50_trlocradio,16,0.5782333413759867,0.7261707981427511,0.5991379310344828,0.7177454228115863,0.4666666666666667,0.0,0.0,0.0,0.0,0.0,0.0,0.0,0.0,0.0,2002,radio,0.5
2,3,lr1e-04_bs16_modL1_fusion64_fusionL1_drop0p2_trmiss50_trlocradio,16,0.0001,1,64,1,0.2,lr1e-04_bs16_modL1_fusion64_fusionL1_drop0p2_trmiss50_trlocradio,17,0.5574067706863085,0.7359376549720764,0.5948275862068966,0.714923615438585,0.4666666666666667,0.0,0.0,0.0,0.0,0.0,0.0,0.0,0.0,0.0,2002,radio,0.5
2,3,lr1e-04_bs16_modL1_fusion64_fusionL1_drop0p2_trmiss50_trlocradio,16,0.0001,1,64,1,0.2,lr1e-04_bs16_modL1_fusion64_fusionL1_drop0p2_trmiss50_trlocradio,18,0.5490441371997198,0.7384039163589478,0.564655172413793,0.7152789855294885,0.4666666666666667,0.0,0.0,0.0,0.0,0.0,0.0,0.0,0.0,0.0,2002,radio,0.5
2,3,lr1e-04_bs16_modL1_fusion64_fusionL1_drop0p2_trmiss50_trlocradio,16,0.0001,1,64,1,0.2,lr1e-04_bs16_modL1_fusion64_fusionL1_drop0p2_trmiss50_trlocradio,19,0.5386147374908129,0.7532089352607727,0.5646551724137931,0.7028532674535346,0.4444444444444444,0.0,0.0,0.0,0.0,0.0,0.0,0.0,0.0,0.0,2002,radio,0.5
2,3,lr1e-04_bs16_modL1_fusion64_fusionL1_drop0p2_trmiss50_trlocradio,16,0.0001,1,64,1,0.2,lr1e-04_bs16_modL1_fusion64_fusionL1_drop0p2_trmiss50_trlocradio,20,0.5507695997754732,0.7378505269686381,0.5775862068965517,0.7082196715314308,0.4666666666666667,0.0,0.0,0.0,0.0,0.0,0.0,0.0,0.0,0.0,2002,radio,0.5
2,3,lr1e-04_bs16_modL1_fusion64_fusionL1_drop0p2_trmiss50_trlocradio,16,0.0001,1,64,1,0.2,lr1e-04_bs16_modL1_fusion64_fusionL1_drop0p2_trmiss50_trlocradio,21,0.5477806627750397,0.7430912852287292,0.5711206896551724,0.7210195411682117,0.4666666666666667,0.0,0.0,0.0,0.0,0.0,0.0,0.0,0.0,0.0,2002,radio,0.5
2,3,lr1e-04_bs16_modL1_fusion64_fusionL1_drop0p2_trmiss50_trlocradio,16,0.0001,1,64,1,0.2,lr1e-04_bs16_modL1_fusion64_fusionL1_drop0p2_trmiss50_trlocradio,22,0.5457475458582243,0.7434068918228149,0.5689655172413792,0.7044402570073225,0.4888888888888889,0.0,0.0,0.0,0.0,0.0,0.0,0.0,0.0,0.0,2002,radio,0.5
2,3,lr1e-04_bs16_modL1_fusion64_fusionL1_drop0p2_trmiss50_trlocradio,16,0.0001,1,64,1,0.2,lr1e-04_bs16_modL1_fusion64_fusionL1_drop0p2_trmiss50_trlocradio,23,0.5418587053815523,0.7398187120755514,0.5560344827586207,0.6968353715405999,0.4888888888888889,0.0,0.0,0.0,0.0,0.0,0.0,0.0,0.0,0.0,2002,radio,0.5
2,3,lr1e-04_bs16_modL1_fusion64_fusionL1_drop0p2_trmiss50_trlocradio,16,0.0001,1,64,1,0.2,lr1e-04_bs16_modL1_fusion64_fusionL1_drop0p2_trmiss50_trlocradio,24,0.5268948003649712,0.7404049634933472,0.5581896551724137,0.7097113070792476,0.4444444444444444,0.0,0.0,0.0,0.0,0.0,0.0,0.0,0.0,0.0,2002,radio,0.5
2,3,lr1e-04_bs16_modL1_fusion64_fusionL1_drop0p2_trmiss50_trlocradio,16,0.0001,1,64,1,0.2,lr1e-04_bs16_modL1_fusion64_fusionL1_drop0p2_trmiss50_trlocradio,25,0.534190334379673,0.7425923148790995,0.5689655172413793,0.7017300022185753,0.4666666666666667,0.0,0.0,0.0,0.0,0.0,0.0,0.0,0.0,0.0,2002,radio,0.5
2,3,lr1e-04_bs16_modL1_fusion64_fusionL1_drop0p2_trmiss50_trlocradio,16,0.0001,1,64,1,0.2,lr1e-04_bs16_modL1_fusion64_fusionL1_drop0p2_trmiss50_trlocradio,26,0.5219057351350784,0.7416684230168661,0.5754310344827587,0.7052921916631176,0.4888888888888889,0.0,0.0,0.0,0.0,0.0,0.0,0.0,0.0,0.0,2002,radio,0.5
2,3,lr1e-04_bs16_modL1_fusion64_fusionL1_drop0p1_trmiss50_trlocradio,16,0.0001,1,64,1,0.1,lr1e-04_bs16_modL1_fusion64_fusionL1_drop0p1_trmiss50_trlocradio,1,0.698760136961937,0.6913035909334818,0.4439655172413793,0.5878519702617674,0.5333333333333333,0.0,0.0,0.0,0.0,0.0,0.0,0.0,0.0,0.0,2002,radio,0.5
2,3,lr1e-04_bs16_modL1_fusion64_fusionL1_drop0p1_trmiss50_trlocradio,16,0.0001,1,64,1,0.1,lr1e-04_bs16_modL1_fusion64_fusionL1_drop0p1_trmiss50_trlocradio,2,0.6169636497894923,0.6988938450813293,0.44396551724137934,0.5835806107037235,0.5777777777777777,0.0,0.0,0.0,0.0,0.0,0.0,0.0,0.0,0.0,2002,radio,0.5
2,3,lr1e-04_bs16_modL1_fusion64_fusionL1_drop0p1_trmiss50_trlocradio,16,0.0001,1,64,1,0.1,lr1e-04_bs16_modL1_fusion64_fusionL1_drop0p1_trmiss50_trlocradio,3,0.5815003116925558,0.7065250277519226,0.4375,0.5819696931190219,0.5777777777777777,0.0,0.0,0.0,0.0,0.0,0.0,0.0,0.0,0.0,2002,radio,0.5
2,3,lr1e-04_bs16_modL1_fusion64_fusionL1_drop0p1_trmiss50_trlocradio,16,0.0001,1,64,1,0.1,lr1e-04_bs16_modL1_fusion64_fusionL1_drop0p1_trmiss50_trlocradio,4,0.5889042963584264,0.7030746142069498,0.45043103448275856,0.5851579123705793,0.5777777777777777,0.0,0.0,0.0,0.0,0.0,0.0,0.0,0.0,0.0,2002,radio,0.5
2,3,lr1e-04_bs16_modL1_fusion64_fusionL1_drop0p1_trmiss50_trlocradio,16,0.0001,1,64,1,0.1,lr1e-04_bs16_modL1_fusion64_fusionL1_drop0p1_trmiss50_trlocradio,5,0.54496830701828,0.7114861011505127,0.4504310344827586,0.5889642408035979,0.5111111111111111,0.0,0.0,0.0,0.0,0.0,0.0,0.0,0.0,0.0,2002,radio,0.5
2,3,lr1e-04_bs16_modL1_fusion64_fusionL1_drop0p1_trmiss50_trlocradio,16,0.0001,1,64,1,0.1,lr1e-04_bs16_modL1_fusion64_fusionL1_drop0p1_trmiss50_trlocradio,6,0.5387451748053232,0.7179947892824808,0.4375,0.5805873919045162,0.5111111111111111,0.0,0.0,0.0,0.0,0.0,0.0,0.0,0.0,0.0,2002,radio,0.5
2,3,lr1e-04_bs16_modL1_fusion64_fusionL1_drop0p1_trmiss50_trlocradio,16,0.0001,1,64,1,0.1,lr1e-04_bs16_modL1_fusion64_fusionL1_drop0p1_trmiss50_trlocradio,7,0.5438282315929731,0.7167593836784363,0.44396551724137934,0.5885754206625685,0.4666666666666667,0.0,0.0,0.0,0.0,0.0,0.0,0.0,0.0,0.0,2002,radio,0.5
2,3,lr1e-04_bs16_modL1_fusion64_fusionL1_drop0p1_trmiss50_trlocradio,16,0.0001,1,64,1,0.1,lr1e-04_bs16_modL1_fusion64_fusionL1_drop0p1_trmiss50_trlocradio,8,0.5155627653002739,0.7188389301300049,0.4375,0.588016562219649,0.4444444444444444,0.0,0.0,0.0,0.0,0.0,0.0,0.0,0.0,0.0,2002,radio,0.5
2,3,lr1e-04_bs16_modL1_fusion64_fusionL1_drop0p1_trmiss50_trlocradio,16,0.0001,1,64,1,0.1,lr1e-04_bs16_modL1_fusion64_fusionL1_drop0p1_trmiss50_trlocradio,9,0.4952315265933673,0.7177751461664835,0.4439655172413793,0.5914716317577761,0.37777777777777777,0.0,0.0,0.0,0.0,0.0,0.0,0.0,0.0,0.0,2002,radio,0.5
2,3,lr1e-04_bs16_modL1_fusion64_fusionL1_drop0p1_trmiss50_trlocradio,16,0.0001,1,64,1,0.1,lr1e-04_bs16_modL1_fusion64_fusionL1_drop0p1_trmiss50_trlocradio,10,0.49776963144540787,0.7140016158421835,0.4418103448275862,0.5909189192681894,0.4666666666666667,0.0,0.0,0.0,0.0,0.0,0.0,0.0,0.0,0.0,2002,radio,0.5
2,3,lr1e-04_bs16_modL1_fusion64_fusionL1_drop0p1_trmiss50_trlocradio,16,0.0001,1,64,1,0.1,lr1e-04_bs16_modL1_fusion64_fusionL1_drop0p1_trmiss50_trlocradio,11,0.508166196445624,0.7104339599609375,0.45905172413793105,0.6146041855762369,0.5111111111111111,0.0,0.0,0.0,0.0,0.0,0.0,0.0,0.0,0.0,2002,radio,0.5
2,3,lr1e-04_bs16_modL1_fusion64_fusionL1_drop0p1_trmiss50_trlocradio,16,0.0001,1,64,1,0.1,lr1e-04_bs16_modL1_fusion64_fusionL1_drop0p1_trmiss50_trlocradio,12,0.4824537808696429,0.7171312173207601,0.46120689655172414,0.6010442481292493,0.4888888888888889,0.0,0.0,0.0,0.0,0.0,0.0,0.0,0.0,0.0,2002,radio,0.5
2,3,lr1e-04_bs16_modL1_fusion64_fusionL1_drop0p1_trmiss50_trlocradio,16,0.0001,1,64,1,0.1,lr1e-04_bs16_modL1_fusion64_fusionL1_drop0p1_trmiss50_trlocradio,13,0.4686839431524277,0.7317406137784322,0.4418103448275862,0.5889490683450868,0.4222222222222222,0.0,0.0,0.0,0.0,0.0,0.0,0.0,0.0,0.0,2002,radio,0.5
2,3,lr1e-04_bs16_modL1_fusion64_fusionL1_drop0p1_trmiss50_trlocradio,16,0.0001,1,64,1,0.1,lr1e-04_bs16_modL1_fusion64_fusionL1_drop0p1_trmiss50_trlocradio,14,0.46567432830731076,0.7275704741477966,0.45474137931034486,0.5917776354293405,0.4222222222222222,0.0,0.0,0.0,0.0,0.0,0.0,0.0,0.0,0.0,2002,radio,0.5
2,3,lr1e-04_bs16_modL1_fusion64_fusionL1_drop0p1_trmiss50_trlocradio,16,0.0001,1,64,1,0.1,lr1e-04_bs16_modL1_fusion64_fusionL1_drop0p1_trmiss50_trlocradio,15,0.4591352865099907,0.7225943803787231,0.4525862068965517,0.5906421285045285,0.5333333333333333,0.0,0.0,0.0,0.0,0.0,0.0,0.0,0.0,0.0,2002,radio,0.5
2,3,lr1e-04_bs16_modL1_fusion64_fusionL1_drop0p1_trmiss50_trlocradio,16,0.0001,1,64,1,0.1,lr1e-04_bs16_modL1_fusion64_fusionL1_drop0p1_trmiss50_trlocradio,16,0.4568175772825877,0.7279507120450338,0.4698275862068966,0.6018869866260536,0.4444444444444444,0.0,0.0,0.0,0.0,0.0,0.0,0.0,0.0,0.0,2002,radio,0.5
2,3,lr1e-04_bs16_modL1_fusion64_fusionL1_drop0p1_trmiss50_trlocradio,16,0.0001,1,64,1,0.1,lr1e-04_bs16_modL1_fusion64_fusionL1_drop0p1_trmiss50_trlocradio,17,0.45344280699888867,0.7281134724617004,0.47413793103448276,0.5991254800329981,0.4666666666666667,0.0,0.0,0.0,0.0,0.0,0.0,0.0,0.0,0.0,2002,radio,0.5
2,3,lr1e-04_bs16_modL1_fusion64_fusionL1_drop0p1_trmiss50_trlocradio,16,0.0001,1,64,1,0.1,lr1e-04_bs16_modL1_fusion64_fusionL1_drop0p1_trmiss50_trlocradio,18,0.4639035612344742,0.7258077065149943,0.46120689655172414,0.592892865786557,0.4888888888888889,0.0,0.0,0.0,0.0,0.0,0.0,0.0,0.0,0.0,2002,radio,0.5
2,3,lr1e-04_bs16_modL1_fusion64_fusionL1_drop0p1_trmiss50_trlocradio,16,0.0001,1,64,1,0.1,lr1e-04_bs16_modL1_fusion64_fusionL1_drop0p1_trmiss50_trlocradio,19,0.44020992517471313,0.7255376776059469,0.4568965517241379,0.5917809518196734,0.4666666666666667,0.0,0.0,0.0,0.0,0.0,0.0,0.0,0.0,0.0,2002,radio,0.5
2,3,lr1e-04_bs16_modL1_fusion64_fusionL1_drop0p1_trmiss50_trlocradio,16,0.0001,1,64,1,0.1,lr1e-04_bs16_modL1_fusion64_fusionL1_drop0p1_trmiss50_trlocradio,20,0.4522274707754453,0.7198685010274252,0.45474137931034486,0.5913587198558593,0.5333333333333333,0.0,0.0,0.0,0.0,0.0,0.0,0.0,0.0,0.0,2002,radio,0.5
2,3,lr1e-04_bs16_modL1_fusion64_fusionL1_drop0p1_trmiss50_trlocradio,16,0.0001,1,64,1,0.1,lr1e-04_bs16_modL1_fusion64_fusionL1_drop0p1_trmiss50_trlocradio,21,0.44575445105632144,0.7299986879030863,0.4482758620689655,0.592061045289422,0.4666666666666667,0.0,0.0,0.0,0.0,0.0,0.0,0.0,0.0,0.0,2002,radio,0.5
2,3,lr1e-04_bs16_modL1_fusion64_fusionL1_drop0p1_trmiss50_trlocradio,16,0.0001,1,64,1,0.1,lr1e-04_bs16_modL1_fusion64_fusionL1_drop0p1_trmiss50_trlocradio,22,0.4551160012682279,0.7259601751963297,0.46120689655172414,0.5995836126950896,0.4444444444444444,0.0,0.0,0.0,0.0,0.0,0.0,0.0,0.0,0.0,2002,radio,0.5
2,3,lr1e-04_bs16_modL1_fusion64_fusionL1_drop0p1_trmiss50_trlocradio,16,0.0001,1,64,1,0.1,lr1e-04_bs16_modL1_fusion64_fusionL1_drop0p1_trmiss50_trlocradio,23,0.44882917652527493,0.728645900885264,0.4525862068965517,0.595692446539786,0.4666666666666667,0.0,0.0,0.0,0.0,0.0,0.0,0.0,0.0,0.0,2002,radio,0.5
2,3,lr1e-04_bs16_modL1_fusion64_fusionL1_drop0p1_trmiss50_trlocradio,16,0.0001,1,64,1,0.1,lr1e-04_bs16_modL1_fusion64_fusionL1_drop0p1_trmiss50_trlocradio,24,0.4434294005235036,0.7334294120470682,0.46120689655172414,0.6001813074032377,0.4444444444444444,0.0,0.0,0.0,0.0,0.0,0.0,0.0,0.0,0.0,2002,radio,0.5
2,3,lr1e-04_bs16_modL1_fusion64_fusionL1_drop0p1_trmiss50_trlocradio,16,0.0001,1,64,1,0.1,lr1e-04_bs16_modL1_fusion64_fusionL1_drop0p1_trmiss50_trlocradio,25,0.4545130530993144,0.7256107727686564,0.4676724137931034,0.5987829711859177,0.5555555555555556,0.0,0.0,0.0,0.0,0.0,0.0,0.0,0.0,0.0,2002,radio,0.5
2,3,lr1e-04_bs16_modL1_fusion64_fusionL1_drop0p1_trmiss50_trlocradio,16,0.0001,1,64,1,0.1,lr1e-04_bs16_modL1_fusion64_fusionL1_drop0p1_trmiss50_trlocradio,26,0.442076601088047,0.7263025045394897,0.46336206896551724,0.6025249010834388,0.5333333333333333,0.0,0.0,0.0,0.0,0.0,0.0,0.0,0.0,0.0,2002,radio,0.5
2,3,lr1e-04_bs16_modL1_fusion64_fusionL1_drop0p1_trmiss50_trlocradio,16,0.0001,1,64,1,0.1,lr1e-04_bs16_modL1_fusion64_fusionL1_drop0p1_trmiss50_trlocradio,27,0.4248780608177185,0.7352422873179117,0.4375,0.5869426106064746,0.4666666666666667,0.0,0.0,0.0,0.0,0.0,0.0,0.0,0.0,0.0,2002,radio,0.5
2,3,lr1e-04_bs16_modL1_fusion64_fusionL1_drop0p1_trmiss50_trlocradio,16,0.0001,1,64,1,0.1,lr1e-04_bs16_modL1_fusion64_fusionL1_drop0p1_trmiss50_trlocradio,28,0.42690424621105194,0.7280801137288412,0.4547413793103448,0.5925336271839788,0.5111111111111111,0.0,0.0,0.0,0.0,0.0,0.0,0.0,0.0,0.0,2002,radio,0.5
2,3,lr1e-04_bs16_modL1_fusion64_fusionL1_drop0p1_trmiss50_trlocradio,16,0.0001,1,64,1,0.1,lr1e-04_bs16_modL1_fusion64_fusionL1_drop0p1_trmiss50_trlocradio,29,0.46063336233297986,0.7351087331771851,0.4547413793103448,0.5974001193079149,0.4888888888888889,0.0,0.0,0.0,0.0,0.0,0.0,0.0,0.0,0.0,2002,radio,0.5
2,3,lr1e-04_bs16_modL1_fusion64_fusionL1_drop0p1_trmiss50_trlocradio,16,0.0001,1,64,1,0.1,lr1e-04_bs16_modL1_fusion64_fusionL1_drop0p1_trmiss50_trlocradio,30,0.4186277861396472,0.7325287063916525,0.46120689655172414,0.5981559388771219,0.4666666666666667,0.0,0.0,0.0,0.0,0.0,0.0,0.0,0.0,0.0,2002,radio,0.5
2,3,lr1e-04_bs16_modL1_fusion64_fusionL1_drop0p1_trmiss50_trlocradio,16,0.0001,1,64,1,0.1,lr1e-04_bs16_modL1_fusion64_fusionL1_drop0p1_trmiss50_trlocradio,31,0.42395540575186413,0.7383087078730265,0.45905172413793105,0.5922613209589105,0.4444444444444444,0.0,0.0,0.0,0.0,0.0,0.0,0.0,0.0,0.0,2002,radio,0.5
2,3,lr1e-04_bs16_modL1_fusion64_fusionL1_drop0p1_trmiss50_trlocradio,16,0.0001,1,64,1,0.1,lr1e-04_bs16_modL1_fusion64_fusionL1_drop0p1_trmiss50_trlocradio,32,0.4310247128208478,0.7344378232955933,0.45905172413793105,0.5961352210704001,0.4888888888888889,0.0,0.0,0.0,0.0,0.0,0.0,0.0,0.0,0.0,2002,radio,0.5
2,3,lr1e-04_bs16_modL1_fusion64_fusionL1_drop0p1_trmiss50_trlocradio,16,0.0001,1,64,1,0.1,lr1e-04_bs16_modL1_fusion64_fusionL1_drop0p1_trmiss50_trlocradio,33,0.412431334455808,0.7373308539390564,0.45258620689655177,0.5940747016697504,0.4444444444444444,0.0,0.0,0.0,0.0,0.0,0.0,0.0,0.0,0.0,2002,radio,0.5
2,3,lr1e-04_bs16_modL1_fusion64_fusionL1_drop0p1_trmiss50_trlocradio,16,0.0001,1,64,1,0.1,lr1e-04_bs16_modL1_fusion64_fusionL1_drop0p1_trmiss50_trlocradio,34,0.4199110021193822,0.7377691070238749,0.45474137931034486,0.5954277123104075,0.4666666666666667,0.0,0.0,0.0,0.0,0.0,0.0,0.0,0.0,0.0,2002,radio,0.5
2,3,lr1e-04_bs16_modL1_fusion64_fusionL1_drop0p1_trmiss50_trlocradio,16,0.0001,1,64,1,0.1,lr1e-04_bs16_modL1_fusion64_fusionL1_drop0p1_trmiss50_trlocradio,35,0.4253034566839536,0.7316966652870178,0.4504310344827586,0.5913745393170721,0.4444444444444444,0.0,0.0,0.0,0.0,0.0,0.0,0.0,0.0,0.0,2002,radio,0.5
2,3,lr1e-04_bs16_modL1_fusion64_fusionL1_drop0p1_trmiss50_trlocradio,16,0.0001,1,64,1,0.1,lr1e-04_bs16_modL1_fusion64_fusionL1_drop0p1_trmiss50_trlocradio,36,0.4320800801118215,0.739270011583964,0.4482758620689655,0.5923934880081803,0.4444444444444444,0.0,0.0,0.0,0.0,0.0,0.0,0.0,0.0,0.0,2002,radio,0.5
2,3,lr1e-04_bs16_modL1_fusion64_fusionL1_drop0p1_trmiss50_trlocradio,16,0.0001,1,64,1,0.1,lr1e-04_bs16_modL1_fusion64_fusionL1_drop0p1_trmiss50_trlocradio,37,0.41560515264670056,0.7416202624638876,0.4439655172413793,0.5922861232575348,0.4444444444444444,0.0,0.0,0.0,0.0,0.0,0.0,0.0,0.0,0.0,2002,radio,0.5
2,3,lr5e-05_bs32_modL1_fusion32_fusionL1_drop0p2_trmiss50_trlocradio,32,5e-05,1,32,1,0.2,lr5e-05_bs32_modL1_fusion32_fusionL1_drop0p2_trmiss50_trlocradio,1,0.7064351638158163,0.69526407122612,0.4245689655172413,0.5998854263558552,0.4444444444444444,0.0,0.0,0.0,0.0,0.0,0.0,0.0,0.0,0.0,2002,radio,0.5
2,3,lr5e-05_bs32_modL1_fusion32_fusionL1_drop0p2_trmiss50_trlocradio,32,5e-05,1,32,1,0.2,lr5e-05_bs32_modL1_fusion32_fusionL1_drop0p2_trmiss50_trlocradio,2,0.6801740427811941,0.6878930032253265,0.45474137931034486,0.6030480574546171,0.5111111111111111,0.0,0.0,0.0,0.0,0.0,0.0,0.0,0.0,0.0,2002,radio,0.5
2,3,lr5e-05_bs32_modL1_fusion32_fusionL1_drop0p2_trmiss50_trlocradio,32,5e-05,1,32,1,0.2,lr5e-05_bs32_modL1_fusion32_fusionL1_drop0p2_trmiss50_trlocradio,3,0.6652951538562775,0.6808272004127502,0.4676724137931035,0.6099713674929081,0.5111111111111111,0.0,0.0,0.0,0.0,0.0,0.0,0.0,0.0,0.0,2002,radio,0.5
2,3,lr5e-05_bs32_modL1_fusion32_fusionL1_drop0p2_trmiss50_trlocradio,32,5e-05,1,32,1,0.2,lr5e-05_bs32_modL1_fusion32_fusionL1_drop0p2_trmiss50_trlocradio,4,0.6509408156077067,0.6761946380138397,0.4655172413793104,0.6091859017208061,0.4666666666666667,0.0,0.0,0.0,0.0,0.0,0.0,0.0,0.0,0.0,2002,radio,0.5
2,3,lr5e-05_bs32_modL1_fusion32_fusionL1_drop0p2_trmiss50_trlocradio,32,5e-05,1,32,1,0.2,lr5e-05_bs32_modL1_fusion32_fusionL1_drop0p2_trmiss50_trlocradio,5,0.6237141390641531,0.6736242175102234,0.4698275862068966,0.613723300802334,0.5111111111111111,0.0,0.0,0.0,0.0,0.0,0.0,0.0,0.0,0.0,2002,radio,0.5
2,3,lr5e-05_bs32_modL1_fusion32_fusionL1_drop0p2_trmiss50_trlocradio,32,5e-05,1,32,1,0.2,lr5e-05_bs32_modL1_fusion32_fusionL1_drop0p2_trmiss50_trlocradio,6,0.6167656183242798,0.6735764145851135,0.45905172413793105,0.630498135769431,0.5111111111111111,0.0,0.0,0.0,0.0,0.0,0.0,0.0,0.0,0.0,2002,radio,0.5
2,3,lr5e-05_bs32_modL1_fusion32_fusionL1_drop0p2_trmiss50_trlocradio,32,5e-05,1,32,1,0.2,lr5e-05_bs32_modL1_fusion32_fusionL1_drop0p2_trmiss50_trlocradio,7,0.610373298327128,0.6706741452217102,0.4676724137931035,0.6518630192391479,0.5111111111111111,0.0,0.0,0.0,0.0,0.0,0.0,0.0,0.0,0.0,2002,radio,0.5
2,3,lr5e-05_bs32_modL1_fusion32_fusionL1_drop0p2_trmiss50_trlocradio,32,5e-05,1,32,1,0.2,lr5e-05_bs32_modL1_fusion32_fusionL1_drop0p2_trmiss50_trlocradio,8,0.605621467034022,0.6690304279327393,0.4676724137931034,0.6559998793805059,0.5333333333333333,0.0,0.0,0.0,0.0,0.0,0.0,0.0,0.0,0.0,2002,radio,0.5
2,3,lr5e-05_bs32_modL1_fusion32_fusionL1_drop0p2_trmiss50_trlocradio,32,5e-05,1,32,1,0.2,lr5e-05_bs32_modL1_fusion32_fusionL1_drop0p2_trmiss50_trlocradio,9,0.5898432830969492,0.6687892079353333,0.47413793103448276,0.6653357189115935,0.5555555555555556,0.0,0.0,0.0,0.0,0.0,0.0,0.0,0.0,0.0,2002,radio,0.5
2,3,lr5e-05_bs32_modL1_fusion32_fusionL1_drop0p2_trmiss50_trlocradio,32,5e-05,1,32,1,0.2,lr5e-05_bs32_modL1_fusion32_fusionL1_drop0p2_trmiss50_trlocradio,10,0.5660978356997172,0.6699163913726807,0.47629310344827586,0.6733855112651655,0.5333333333333333,0.0,0.0,0.0,0.0,0.0,0.0,0.0,0.0,0.0,2002,radio,0.5
2,3,lr5e-05_bs32_modL1_fusion32_fusionL1_drop0p2_trmiss50_trlocradio,32,5e-05,1,32,1,0.2,lr5e-05_bs32_modL1_fusion32_fusionL1_drop0p2_trmiss50_trlocradio,11,0.5617290437221527,0.6713434457778931,0.4870689655172414,0.6790538533603804,0.5111111111111111,0.0,0.0,0.0,0.0,0.0,0.0,0.0,0.0,0.0,2002,radio,0.5
2,3,lr5e-05_bs32_modL1_fusion32_fusionL1_drop0p2_trmiss50_trlocradio,32,5e-05,1,32,1,0.2,lr5e-05_bs32_modL1_fusion32_fusionL1_drop0p2_trmiss50_trlocradio,12,0.5515006482601166,0.6705502569675446,0.4806034482758621,0.6827972677755857,0.5111111111111111,0.0,0.0,0.0,0.0,0.0,0.0,0.0,0.0,0.0,2002,radio,0.5
2,3,lr5e-05_bs32_modL1_fusion32_fusionL1_drop0p2_trmiss50_trlocradio,32,5e-05,1,32,1,0.2,lr5e-05_bs32_modL1_fusion32_fusionL1_drop0p2_trmiss50_trlocradio,13,0.5643254319826762,0.6737121939659119,0.47629310344827586,0.6877370322066431,0.4888888888888889,0.0,0.0,0.0,0.0,0.0,0.0,0.0,0.0,0.0,2002,radio,0.5
2,3,lr5e-05_bs32_modL1_fusion32_fusionL1_drop0p2_trmiss50_trlocradio,32,5e-05,1,32,1,0.2,lr5e-05_bs32_modL1_fusion32_fusionL1_drop0p2_trmiss50_trlocradio,14,0.5345181326071421,0.6742070615291595,0.46551724137931033,0.6813813946722403,0.4888888888888889,0.0,0.0,0.0,0.0,0.0,0.0,0.0,0.0,0.0,2002,radio,0.5
2,3,lr5e-05_bs32_modL1_fusion32_fusionL1_drop0p2_trmiss50_trlocradio,32,5e-05,1,32,1,0.2,lr5e-05_bs32_modL1_fusion32_fusionL1_drop0p2_trmiss50_trlocradio,15,0.5222005446751913,0.6741597354412079,0.4806034482758621,0.6867236560649838,0.5111111111111111,0.0,0.0,0.0,0.0,0.0,0.0,0.0,0.0,0.0,2002,radio,0.5
2,3,lr5e-05_bs32_modL1_fusion32_fusionL1_drop0p2_trmiss50_trlocradio,32,5e-05,1,32,1,0.2,lr5e-05_bs32_modL1_fusion32_fusionL1_drop0p2_trmiss50_trlocradio,16,0.5141250888506571,0.67265784740448,0.47198275862068967,0.6843909228529982,0.5333333333333333,0.0,0.0,0.0,0.0,0.0,0.0,0.0,0.0,0.0,2002,radio,0.5
2,3,lr5e-05_bs32_modL1_fusion32_fusionL1_drop0p2_trmiss50_trlocradio,32,5e-05,1,32,1,0.2,lr5e-05_bs32_modL1_fusion32_fusionL1_drop0p2_trmiss50_trlocradio,17,0.524341861406962,0.6706660091876984,0.47413793103448276,0.6850360993189547,0.5555555555555556,0.0,0.0,0.0,0.0,0.0,0.0,0.0,0.0,0.0,2002,radio,0.5
2,3,lr5e-05_bs32_modL1_fusion32_fusionL1_drop0p2_trmiss50_trlocradio,32,5e-05,1,32,1,0.2,lr5e-05_bs32_modL1_fusion32_fusionL1_drop0p2_trmiss50_trlocradio,18,0.5341351628303528,0.671866238117218,0.47413793103448276,0.6862759833174593,0.5333333333333333,0.0,0.0,0.0,0.0,0.0,0.0,0.0,0.0,0.0,2002,radio,0.5
2,3,lr5e-05_bs32_modL1_fusion32_fusionL1_drop0p2_trmiss50_trlocradio,32,5e-05,1,32,1,0.2,lr5e-05_bs32_modL1_fusion32_fusionL1_drop0p2_trmiss50_trlocradio,19,0.5216013590494791,0.6741568148136139,0.47413793103448276,0.6862759833174593,0.5111111111111111,0.0,0.0,0.0,0.0,0.0,0.0,0.0,0.0,0.0,2002,radio,0.5
2,3,lr5e-05_bs32_modL1_fusion32_fusionL1_drop0p2_trmiss50_trlocradio,32,5e-05,1,32,1,0.2,lr5e-05_bs32_modL1_fusion32_fusionL1_drop0p2_trmiss50_trlocradio,20,0.5117502709229788,0.6766119599342346,0.47198275862068967,0.6847986500081972,0.4888888888888889,0.0,0.0,0.0,0.0,0.0,0.0,0.0,0.0,0.0,2002,radio,0.5
2,3,lr5e-05_bs32_modL1_fusion32_fusionL1_drop0p2_trmiss50_trlocradio,32,5e-05,1,32,1,0.2,lr5e-05_bs32_modL1_fusion32_fusionL1_drop0p2_trmiss50_trlocradio,21,0.5041411171356837,0.675396054983139,0.4719827586206896,0.6821634978040795,0.4888888888888889,0.0,0.0,0.0,0.0,0.0,0.0,0.0,0.0,0.0,2002,radio,0.5
2,3,lr5e-05_bs32_modL1_fusion32_fusionL1_drop0p2_trmiss50_trlocradio,32,5e-05,1,32,1,0.2,lr5e-05_bs32_modL1_fusion32_fusionL1_drop0p2_trmiss50_trlocradio,22,0.5019863198200861,0.6762502491474152,0.4762931034482758,0.6854660317962685,0.4888888888888889,0.0,0.0,0.0,0.0,0.0,0.0,0.0,0.0,0.0,2002,radio,0.5
2,3,lr5e-05_bs32_modL1_fusion32_fusionL1_drop0p2_trmiss50_trlocradio,32,5e-05,1,32,1,0.2,lr5e-05_bs32_modL1_fusion32_fusionL1_drop0p2_trmiss50_trlocradio,23,0.5016500105460485,0.6740530133247375,0.47413793103448276,0.6869462305413333,0.4888888888888889,0.0,0.0,0.0,0.0,0.0,0.0,0.0,0.0,0.0,2002,radio,0.5
2,3,lr5e-05_bs32_modL1_fusion32_fusionL1_drop0p2_trmiss50_trlocradio,32,5e-05,1,32,1,0.2,lr5e-05_bs32_modL1_fusion32_fusionL1_drop0p2_trmiss50_trlocradio,24,0.519290934006373,0.6756802797317505,0.47629310344827586,0.686876892740598,0.4888888888888889,0.0,0.0,0.0,0.0,0.0,0.0,0.0,0.0,0.0,2002,radio,0.5
2,3,lr5e-05_bs32_modL1_fusion32_fusionL1_drop0p2_trmiss50_trlocradio,32,5e-05,1,32,1,0.2,lr5e-05_bs32_modL1_fusion32_fusionL1_drop0p2_trmiss50_trlocradio,25,0.5122238496939341,0.6761293411254883,0.47629310344827586,0.6873319819380809,0.4888888888888889,0.0,0.0,0.0,0.0,0.0,0.0,0.0,0.0,0.0,2002,radio,0.5
2,3,lr5e-05_bs32_modL1_fusion32_fusionL1_drop0p2_trmiss50_trlocradio,32,5e-05,1,32,1,0.2,lr5e-05_bs32_modL1_fusion32_fusionL1_drop0p2_trmiss50_trlocradio,26,0.4826741764942805,0.6748917698860168,0.4698275862068966,0.6851895207735456,0.5111111111111111,0.0,0.0,0.0,0.0,0.0,0.0,0.0,0.0,0.0,2002,radio,0.5
2,3,lr5e-05_bs32_modL1_fusion32_fusionL1_drop0p2_trmiss50_trlocradio,32,5e-05,1,32,1,0.2,lr5e-05_bs32_modL1_fusion32_fusionL1_drop0p2_trmiss50_trlocradio,27,0.49886644383271533,0.6728057563304901,0.47844827586206895,0.6881266353127192,0.5333333333333333,0.0,0.0,0.0,0.0,0.0,0.0,0.0,0.0,0.0,2002,radio,0.5
2,3,lr5e-05_bs32_modL1_fusion32_fusionL1_drop0p2_trmiss50_trlocradio,32,5e-05,1,32,1,0.2,lr5e-05_bs32_modL1_fusion32_fusionL1_drop0p2_trmiss50_trlocradio,28,0.50524074335893,0.6740697622299194,0.4806034482758621,0.6897508778021783,0.5333333333333333,0.0,0.0,0.0,0.0,0.0,0.0,0.0,0.0,0.0,2002,radio,0.5
2,3,lr5e-05_bs32_modL1_fusion32_fusionL1_drop0p2_trmiss50_trlocradio,32,5e-05,1,32,1,0.2,lr5e-05_bs32_modL1_fusion32_fusionL1_drop0p2_trmiss50_trlocradio,29,0.48025574783484143,0.6757966578006744,0.4676724137931034,0.6835476591366468,0.5333333333333333,0.0,0.0,0.0,0.0,0.0,0.0,0.0,0.0,0.0,2002,radio,0.5
2,3,lr5e-05_bs32_modL1_fusion32_fusionL1_drop0p2_trmiss50_trlocradio,32,5e-05,1,32,1,0.2,lr5e-05_bs32_modL1_fusion32_fusionL1_drop0p2_trmiss50_trlocradio,30,0.48678890367348987,0.6753422915935516,0.4698275862068965,0.6841430821458631,0.5111111111111111,0.0,0.0,0.0,0.0,0.0,0.0,0.0,0.0,0.0,2002,radio,0.5
2,3,lr5e-05_bs32_modL1_fusion32_fusionL1_drop0p2_trmiss50_trlocradio,32,5e-05,1,32,1,0.2,lr5e-05_bs32_modL1_fusion32_fusionL1_drop0p2_trmiss50_trlocradio,31,0.5132861236731211,0.6736432909965515,0.47844827586206895,0.6893757163135884,0.5333333333333333,0.0,0.0,0.0,0.0,0.0,0.0,0.0,0.0,0.0,2002,radio,0.5
2,3,lr5e-05_bs32_modL1_fusion32_fusionL1_drop0p1_trmiss50_trlocradio,32,5e-05,1,32,1,0.1,lr5e-05_bs32_modL1_fusion32_fusionL1_drop0p1_trmiss50_trlocradio,1,0.777776857217153,0.7276649177074432,0.32974137931034486,0.5758254967711586,0.4,0.0,0.0,0.0,0.0,0.0,0.0,0.0,0.0,0.0,2002,radio,0.5
2,3,lr5e-05_bs32_modL1_fusion32_fusionL1_drop0p1_trmiss50_trlocradio,32,5e-05,1,32,1,0.1,lr5e-05_bs32_modL1_fusion32_fusionL1_drop0p1_trmiss50_trlocradio,2,0.7414535184701284,0.7425143122673035,0.35129310344827586,0.5853983631923508,0.37777777777777777,0.0,0.0,0.0,0.0,0.0,0.0,0.0,0.0,0.0,2002,radio,0.5
2,3,lr5e-05_bs32_modL1_fusion32_fusionL1_drop0p1_trmiss50_trlocradio,32,5e-05,1,32,1,0.1,lr5e-05_bs32_modL1_fusion32_fusionL1_drop0p1_trmiss50_trlocradio,3,0.7202130953470866,0.7590196430683136,0.35129310344827586,0.5738218811087336,0.37777777777777777,0.0,0.0,0.0,0.0,0.0,0.0,0.0,0.0,0.0,2002,radio,0.5
2,3,lr5e-05_bs32_modL1_fusion32_fusionL1_drop0p1_trmiss50_trlocradio,32,5e-05,1,32,1,0.1,lr5e-05_bs32_modL1_fusion32_fusionL1_drop0p1_trmiss50_trlocradio,4,0.6991452972094218,0.7736122906208038,0.353448275862069,0.5700678669652599,0.35555555555555557,0.0,0.0,0.0,0.0,0.0,0.0,0.0,0.0,0.0,2002,radio,0.5
2,3,lr5e-05_bs32_modL1_fusion32_fusionL1_drop0p1_trmiss50_trlocradio,32,5e-05,1,32,1,0.1,lr5e-05_bs32_modL1_fusion32_fusionL1_drop0p1_trmiss50_trlocradio,5,0.6879649658997854,0.7863059341907501,0.3448275862068966,0.5674130099145898,0.37777777777777777,0.0,0.0,0.0,0.0,0.0,0.0,0.0,0.0,0.0,2002,radio,0.5
2,3,lr5e-05_bs32_modL1_fusion32_fusionL1_drop0p1_trmiss50_trlocradio,32,5e-05,1,32,1,0.1,lr5e-05_bs32_modL1_fusion32_fusionL1_drop0p1_trmiss50_trlocradio,6,0.6717471977074941,0.7946682572364807,0.3556034482758621,0.5811456246816873,0.37777777777777777,0.0,0.0,0.0,0.0,0.0,0.0,0.0,0.0,0.0,2002,radio,0.5
2,3,lr5e-05_bs32_modL1_fusion32_fusionL1_drop0p1_trmiss50_trlocradio,32,5e-05,1,32,1,0.1,lr5e-05_bs32_modL1_fusion32_fusionL1_drop0p1_trmiss50_trlocradio,7,0.6504571735858917,0.8044954836368561,0.3556034482758621,0.5788266792592937,0.4,0.0,0.0,0.0,0.0,0.0,0.0,0.0,0.0,0.0,2002,radio,0.5
2,3,lr5e-05_bs32_modL1_fusion32_fusionL1_drop0p1_trmiss50_trlocradio,32,5e-05,1,32,1,0.1,lr5e-05_bs32_modL1_fusion32_fusionL1_drop0p1_trmiss50_trlocradio,8,0.6480345924695333,0.8055917620658875,0.3706896551724138,0.5876630852124576,0.37777777777777777,0.0,0.0,0.0,0.0,0.0,0.0,0.0,0.0,0.0,2002,radio,0.5
2,3,lr5e-05_bs32_modL1_fusion32_fusionL1_drop0p1_trmiss50_trlocradio,32,5e-05,1,32,1,0.1,lr5e-05_bs32_modL1_fusion32_fusionL1_drop0p1_trmiss50_trlocradio,9,0.6441572606563568,0.8056900203227997,0.3642241379310345,0.5764036327685277,0.37777777777777777,0.0,0.0,0.0,0.0,0.0,0.0,0.0,0.0,0.0,2002,radio,0.5
2,3,lr5e-05_bs32_modL1_fusion32_fusionL1_drop0p1_trmiss50_trlocradio,32,5e-05,1,32,1,0.1,lr5e-05_bs32_modL1_fusion32_fusionL1_drop0p1_trmiss50_trlocradio,10,0.6198625564575195,0.8073827028274536,0.3512931034482759,0.5711065207416729,0.37777777777777777,0.0,0.0,0.0,0.0,0.0,0.0,0.0,0.0,0.0,2002,radio,0.5
2,3,lr5e-05_bs32_modL1_fusion32_fusionL1_drop0p1_trmiss50_trlocradio,32,5e-05,1,32,1,0.1,lr5e-05_bs32_modL1_fusion32_fusionL1_drop0p1_trmiss50_trlocradio,11,0.6073854366938273,0.8109935522079468,0.35775862068965525,0.57055608124173,0.37777777777777777,0.0,0.0,0.0,0.0,0.0,0.0,0.0,0.0,0.0,2002,radio,0.5
2,3,lr5e-05_bs32_modL1_fusion32_fusionL1_drop0p1_trmiss50_trlocradio,32,5e-05,1,32,1,0.1,lr5e-05_bs32_modL1_fusion32_fusionL1_drop0p1_trmiss50_trlocradio,12,0.6180562078952789,0.8143958151340485,0.33836206896551724,0.5568514307312717,0.37777777777777777,0.0,0.0,0.0,0.0,0.0,0.0,0.0,0.0,0.0,2002,radio,0.5
2,3,lr5e-05_bs32_modL1_fusion32_fusionL1_drop0p1_trmiss50_trlocradio,32,5e-05,1,32,1,0.1,lr5e-05_bs32_modL1_fusion32_fusionL1_drop0p1_trmiss50_trlocradio,13,0.6161325573921204,0.8187577426433563,0.3297413793103448,0.5536224133807731,0.37777777777777777,0.0,0.0,0.0,0.0,0.0,0.0,0.0,0.0,0.0,2002,radio,0.5
2,3,lr5e-05_bs32_modL1_fusion32_fusionL1_drop0p1_trmiss50_trlocradio,32,5e-05,1,32,1,0.1,lr5e-05_bs32_modL1_fusion32_fusionL1_drop0p1_trmiss50_trlocradio,14,0.6025885045528412,0.8214671015739441,0.33620689655172414,0.558920266092419,0.37777777777777777,0.0,0.0,0.0,0.0,0.0,0.0,0.0,0.0,0.0,2002,radio,0.5
2,3,lr5e-05_bs32_modL1_fusion32_fusionL1_drop0p1_trmiss50_trlocradio,32,5e-05,1,32,1,0.1,lr5e-05_bs32_modL1_fusion32_fusionL1_drop0p1_trmiss50_trlocradio,15,0.6033032437165579,0.8227479457855225,0.3232758620689655,0.5500674648224642,0.37777777777777777,0.0,0.0,0.0,0.0,0.0,0.0,0.0,0.0,0.0,2002,radio,0.5
2,3,lr5e-05_bs32_modL1_fusion32_fusionL1_drop0p1_trmiss50_trlocradio,32,5e-05,1,32,1,0.1,lr5e-05_bs32_modL1_fusion32_fusionL1_drop0p1_trmiss50_trlocradio,16,0.6054384013017019,0.8230642080307007,0.3275862068965517,0.5516452676706844,0.37777777777777777,0.0,0.0,0.0,0.0,0.0,0.0,0.0,0.0,0.0,2002,radio,0.5
2,3,lr5e-05_bs32_modL1_fusion32_fusionL1_drop0p1_trmiss50_trlocradio,32,5e-05,1,32,1,0.1,lr5e-05_bs32_modL1_fusion32_fusionL1_drop0p1_trmiss50_trlocradio,17,0.6033168137073517,0.8267280161380768,0.32327586206896547,0.549963802791534,0.37777777777777777,0.0,0.0,0.0,0.0,0.0,0.0,0.0,0.0,0.0,2002,radio,0.5
2,3,lr5e-05_bs32_modL1_fusion32_fusionL1_drop0p1_trmiss50_trlocradio,32,5e-05,1,32,1,0.1,lr5e-05_bs32_modL1_fusion32_fusionL1_drop0p1_trmiss50_trlocradio,18,0.5996432999769846,0.8268485963344574,0.3254310344827586,0.551301278125243,0.37777777777777777,0.0,0.0,0.0,0.0,0.0,0.0,0.0,0.0,0.0,2002,radio,0.5
2,3,lr5e-05_bs32_modL1_fusion32_fusionL1_drop0p1_trmiss50_trlocradio,32,5e-05,1,32,1,0.1,lr5e-05_bs32_modL1_fusion32_fusionL1_drop0p1_trmiss50_trlocradio,19,0.5919839441776276,0.8261494934558868,0.334051724137931,0.5540808423046751,0.37777777777777777,0.0,0.0,0.0,0.0,0.0,0.0,0.0,0.0,0.0,2002,radio,0.5
2,3,lr5e-05_bs32_modL1_fusion32_fusionL1_drop0p1_trmiss50_trlocradio,32,5e-05,1,32,1,0.1,lr5e-05_bs32_modL1_fusion32_fusionL1_drop0p1_trmiss50_trlocradio,20,0.5945425927639008,0.8244491219520569,0.3297413793103448,0.5564954772332003,0.37777777777777777,0.0,0.0,0.0,0.0,0.0,0.0,0.0,0.0,0.0,2002,radio,0.5
2,3,lr5e-05_bs32_modL1_fusion32_fusionL1_drop0p1_trmiss50_trlocradio,32,5e-05,1,32,1,0.1,lr5e-05_bs32_modL1_fusion32_fusionL1_drop0p1_trmiss50_trlocradio,21,0.5874057511488596,0.8254227936267853,0.3275862068965517,0.5560011776707268,0.37777777777777777,0.0,0.0,0.0,0.0,0.0,0.0,0.0,0.0,0.0,2002,radio,0.5
2,3,lr5e-05_bs32_modL1_fusion32_fusionL1_drop0p1_trmiss50_trlocradio,32,5e-05,1,32,1,0.1,lr5e-05_bs32_modL1_fusion32_fusionL1_drop0p1_trmiss50_trlocradio,22,0.5767497519652048,0.8246234655380249,0.3232758620689655,0.5496469826794639,0.37777777777777777,0.0,0.0,0.0,0.0,0.0,0.0,0.0,0.0,0.0,2002,radio,0.5
2,3,lr5e-05_bs32_modL1_fusion32_fusionL1_drop0p1_trmiss50_trlocradio,32,5e-05,1,32,1,0.1,lr5e-05_bs32_modL1_fusion32_fusionL1_drop0p1_trmiss50_trlocradio,23,0.5794836382071177,0.8249489367008209,0.33189655172413796,0.5538368606540439,0.37777777777777777,0.0,0.0,0.0,0.0,0.0,0.0,0.0,0.0,0.0,2002,radio,0.5
2,3,lr5e-05_bs32_modL1_fusion32_fusionL1_drop0p1_trmiss50_trlocradio,32,5e-05,1,32,1,0.1,lr5e-05_bs32_modL1_fusion32_fusionL1_drop0p1_trmiss50_trlocradio,24,0.5784120559692383,0.8247596621513367,0.3168103448275862,0.5487068885742747,0.35555555555555557,0.0,0.0,0.0,0.0,0.0,0.0,0.0,0.0,0.0,2002,radio,0.5
2,3,lr5e-05_bs32_modL1_fusion32_fusionL1_drop0p1_trmiss50_trlocradio,32,5e-05,1,32,1,0.1,lr5e-05_bs32_modL1_fusion32_fusionL1_drop0p1_trmiss50_trlocradio,25,0.5741077959537506,0.8267210423946381,0.3189655172413793,0.5458274847447209,0.35555555555555557,0.0,0.0,0.0,0.0,0.0,0.0,0.0,0.0,0.0,2002,radio,0.5
2,3,lr5e-05_bs32_modL1_fusion32_fusionL1_drop0p1_trmiss50_trlocradio,32,5e-05,1,32,1,0.1,lr5e-05_bs32_modL1_fusion32_fusionL1_drop0p1_trmiss50_trlocradio,26,0.5709690749645233,0.8227856457233429,0.3297413793103448,0.5521543004826399,0.3333333333333333,0.0,0.0,0.0,0.0,0.0,0.0,0.0,0.0,0.0,2002,radio,0.5
2,3,lr5e-05_bs32_modL1_fusion32_fusionL1_drop0p1_trmiss50_trlocradio,32,5e-05,1,32,1,0.1,lr5e-05_bs32_modL1_fusion32_fusionL1_drop0p1_trmiss50_trlocradio,27,0.578772117694219,0.8275501430034637,0.32974137931034475,0.5525678994200043,0.37777777777777777,0.0,0.0,0.0,0.0,0.0,0.0,0.0,0.0,0.0,2002,radio,0.5
2,3,lr5e-05_bs32_modL1_fusion32_fusionL1_drop0p1_trmiss50_trlocradio,32,5e-05,1,32,1,0.1,lr5e-05_bs32_modL1_fusion32_fusionL1_drop0p1_trmiss50_trlocradio,28,0.5814165274302164,0.8309468328952789,0.32543103448275856,0.5487507839135863,0.37777777777777777,0.0,0.0,0.0,0.0,0.0,0.0,0.0,0.0,0.0,2002,radio,0.5
2,3,lr5e-05_bs32_modL1_fusion64_fusionL1_drop0p2_trmiss50_trlocradio,32,5e-05,1,64,1,0.2,lr5e-05_bs32_modL1_fusion64_fusionL1_drop0p2_trmiss50_trlocradio,1,0.6846293608347574,0.67757847905159,0.5323275862068966,0.6795020334650974,0.6444444444444445,0.0,0.0,0.0,0.0,0.0,0.0,0.0,0.0,0.0,2002,radio,0.5
2,3,lr5e-05_bs32_modL1_fusion64_fusionL1_drop0p2_trmiss50_trlocradio,32,5e-05,1,64,1,0.2,lr5e-05_bs32_modL1_fusion64_fusionL1_drop0p2_trmiss50_trlocradio,2,0.6575705309708914,0.6770562827587128,0.5431034482758621,0.6682200411125881,0.6444444444444445,0.0,0.0,0.0,0.0,0.0,0.0,0.0,0.0,0.0,2002,radio,0.5
2,3,lr5e-05_bs32_modL1_fusion64_fusionL1_drop0p2_trmiss50_trlocradio,32,5e-05,1,64,1,0.2,lr5e-05_bs32_modL1_fusion64_fusionL1_drop0p2_trmiss50_trlocradio,3,0.6428326964378357,0.6771177351474762,0.5517241379310345,0.6907823648929319,0.6222222222222222,0.0,0.0,0.0,0.0,0.0,0.0,0.0,0.0,0.0,2002,radio,0.5
2,3,lr5e-05_bs32_modL1_fusion64_fusionL1_drop0p2_trmiss50_trlocradio,32,5e-05,1,64,1,0.2,lr5e-05_bs32_modL1_fusion64_fusionL1_drop0p2_trmiss50_trlocradio,4,0.6261413643757502,0.6771242320537567,0.5452586206896551,0.6845742813363467,0.6222222222222222,0.0,0.0,0.0,0.0,0.0,0.0,0.0,0.0,0.0,2002,radio,0.5
2,3,lr5e-05_bs32_modL1_fusion64_fusionL1_drop0p2_trmiss50_trlocradio,32,5e-05,1,64,1,0.2,lr5e-05_bs32_modL1_fusion64_fusionL1_drop0p2_trmiss50_trlocradio,5,0.6097979148228964,0.6787680983543396,0.540948275862069,0.6888907829424143,0.6222222222222222,0.0,0.0,0.0,0.0,0.0,0.0,0.0,0.0,0.0,2002,radio,0.5
2,3,lr5e-05_bs32_modL1_fusion64_fusionL1_drop0p2_trmiss50_trlocradio,32,5e-05,1,64,1,0.2,lr5e-05_bs32_modL1_fusion64_fusionL1_drop0p2_trmiss50_trlocradio,6,0.6062658627827963,0.6781291961669922,0.564655172413793,0.7065207924461202,0.6222222222222222,0.0,0.0,0.0,0.0,0.0,0.0,0.0,0.0,0.0,2002,radio,0.5
2,3,lr5e-05_bs32_modL1_fusion64_fusionL1_drop0p2_trmiss50_trlocradio,32,5e-05,1,64,1,0.2,lr5e-05_bs32_modL1_fusion64_fusionL1_drop0p2_trmiss50_trlocradio,7,0.5884943604469299,0.6762984097003937,0.5603448275862069,0.700823850859666,0.6222222222222222,0.0,0.0,0.0,0.0,0.0,0.0,0.0,0.0,0.0,2002,radio,0.5
2,3,lr5e-05_bs32_modL1_fusion64_fusionL1_drop0p2_trmiss50_trlocradio,32,5e-05,1,64,1,0.2,lr5e-05_bs32_modL1_fusion64_fusionL1_drop0p2_trmiss50_trlocradio,8,0.5723915000756582,0.6736596822738647,0.5818965517241379,0.7276801550748642,0.6,0.0,0.0,0.0,0.0,0.0,0.0,0.0,0.0,0.0,2002,radio,0.5
2,3,lr5e-05_bs32_modL1_fusion64_fusionL1_drop0p2_trmiss50_trlocradio,32,5e-05,1,64,1,0.2,lr5e-05_bs32_modL1_fusion64_fusionL1_drop0p2_trmiss50_trlocradio,9,0.557549903790156,0.671456515789032,0.5905172413793104,0.7319558148184644,0.6,0.0,0.0,0.0,0.0,0.0,0.0,0.0,0.0,0.0,2002,radio,0.5
2,3,lr5e-05_bs32_modL1_fusion64_fusionL1_drop0p2_trmiss50_trlocradio,32,5e-05,1,64,1,0.2,lr5e-05_bs32_modL1_fusion64_fusionL1_drop0p2_trmiss50_trlocradio,10,0.5582098166147867,0.6706151366233826,0.5905172413793103,0.7222870945490982,0.6,0.0,0.0,0.0,0.0,0.0,0.0,0.0,0.0,0.0,2002,radio,0.5
2,3,lr5e-05_bs32_modL1_fusion64_fusionL1_drop0p2_trmiss50_trlocradio,32,5e-05,1,64,1,0.2,lr5e-05_bs32_modL1_fusion64_fusionL1_drop0p2_trmiss50_trlocradio,11,0.5551532755295435,0.6676032841205597,0.5883620689655173,0.7307756365480287,0.6,0.0,0.0,0.0,0.0,0.0,0.0,0.0,0.0,0.0,2002,radio,0.5
2,3,lr5e-05_bs32_modL1_fusion64_fusionL1_drop0p2_trmiss50_trlocradio,32,5e-05,1,64,1,0.2,lr5e-05_bs32_modL1_fusion64_fusionL1_drop0p2_trmiss50_trlocradio,12,0.5374249418576559,0.6645894050598145,0.6185344827586208,0.7445012117168288,0.6,0.0,0.0,0.0,0.0,0.0,0.0,0.0,0.0,0.0,2002,radio,0.5
2,3,lr5e-05_bs32_modL1_fusion64_fusionL1_drop0p2_trmiss50_trlocradio,32,5e-05,1,64,1,0.2,lr5e-05_bs32_modL1_fusion64_fusionL1_drop0p2_trmiss50_trlocradio,13,0.5494669675827026,0.6646887063980103,0.6336206896551725,0.7728108875784356,0.6,0.0,0.0,0.0,0.0,0.0,0.0,0.0,0.0,0.0,2002,radio,0.5
2,3,lr5e-05_bs32_modL1_fusion64_fusionL1_drop0p2_trmiss50_trlocradio,32,5e-05,1,64,1,0.2,lr5e-05_bs32_modL1_fusion64_fusionL1_drop0p2_trmiss50_trlocradio,14,0.5074091901381811,0.6659353375434875,0.6163793103448276,0.7661024591910613,0.6,0.0,0.0,0.0,0.0,0.0,0.0,0.0,0.0,0.0,2002,radio,0.5
2,3,lr5e-05_bs32_modL1_fusion64_fusionL1_drop0p2_trmiss50_trlocradio,32,5e-05,1,64,1,0.2,lr5e-05_bs32_modL1_fusion64_fusionL1_drop0p2_trmiss50_trlocradio,15,0.5236673057079315,0.6691213548183441,0.603448275862069,0.7533699471020409,0.6,0.0,0.0,0.0,0.0,0.0,0.0,0.0,0.0,0.0,2002,radio,0.5
2,3,lr5e-05_bs32_modL1_fusion64_fusionL1_drop0p2_trmiss50_trlocradio,32,5e-05,1,64,1,0.2,lr5e-05_bs32_modL1_fusion64_fusionL1_drop0p2_trmiss50_trlocradio,16,0.5056928098201752,0.6740652918815613,0.6077586206896551,0.7449537814607954,0.6,0.0,0.0,0.0,0.0,0.0,0.0,0.0,0.0,0.0,2002,radio,0.5
2,3,lr5e-05_bs32_modL1_fusion64_fusionL1_drop0p2_trmiss50_trlocradio,32,5e-05,1,64,1,0.2,lr5e-05_bs32_modL1_fusion64_fusionL1_drop0p2_trmiss50_trlocradio,17,0.511498361825943,0.6709595620632172,0.603448275862069,0.7517902207867216,0.6222222222222222,0.0,0.0,0.0,0.0,0.0,0.0,0.0,0.0,0.0,2002,radio,0.5
2,3,lr5e-05_bs32_modL1_fusion64_fusionL1_drop0p2_trmiss50_trlocradio,32,5e-05,1,64,1,0.2,lr5e-05_bs32_modL1_fusion64_fusionL1_drop0p2_trmiss50_trlocradio,18,0.5068221489588419,0.6690941751003265,0.5948275862068966,0.7621825034859759,0.6,0.0,0.0,0.0,0.0,0.0,0.0,0.0,0.0,0.0,2002,radio,0.5
2,3,lr5e-05_bs32_modL1_fusion64_fusionL1_drop0p2_trmiss50_trlocradio,32,5e-05,1,64,1,0.2,lr5e-05_bs32_modL1_fusion64_fusionL1_drop0p2_trmiss50_trlocradio,19,0.48691528538862866,0.6671363115310669,0.6077586206896551,0.782334075653738,0.6,0.0,0.0,0.0,0.0,0.0,0.0,0.0,0.0,0.0,2002,radio,0.5
2,3,lr5e-05_bs32_modL1_fusion64_fusionL1_drop0p2_trmiss50_trlocradio,32,5e-05,1,64,1,0.2,lr5e-05_bs32_modL1_fusion64_fusionL1_drop0p2_trmiss50_trlocradio,20,0.4851086636384328,0.6671687066555023,0.5969827586206896,0.7693954179914388,0.6,0.0,0.0,0.0,0.0,0.0,0.0,0.0,0.0,0.0,2002,radio,0.5
2,3,lr5e-05_bs32_modL1_fusion64_fusionL1_drop0p2_trmiss50_trlocradio,32,5e-05,1,64,1,0.2,lr5e-05_bs32_modL1_fusion64_fusionL1_drop0p2_trmiss50_trlocradio,21,0.4988398204247157,0.6673985719680786,0.584051724137931,0.7647600636755572,0.6,0.0,0.0,0.0,0.0,0.0,0.0,0.0,0.0,0.0,2002,radio,0.5
2,3,lr5e-05_bs32_modL1_fusion64_fusionL1_drop0p2_trmiss50_trlocradio,32,5e-05,1,64,1,0.2,lr5e-05_bs32_modL1_fusion64_fusionL1_drop0p2_trmiss50_trlocradio,22,0.4781622588634491,0.6656202375888824,0.5948275862068966,0.763715482206935,0.6,0.0,0.0,0.0,0.0,0.0,0.0,0.0,0.0,0.0,2002,radio,0.5
2,3,lr5e-05_bs32_modL1_fusion64_fusionL1_drop0p2_trmiss50_trlocradio,32,5e-05,1,64,1,0.2,lr5e-05_bs32_modL1_fusion64_fusionL1_drop0p2_trmiss50_trlocradio,23,0.4964439421892166,0.6635703146457672,0.6012931034482759,0.778924042327608,0.6222222222222222,0.0,0.0,0.0,0.0,0.0,0.0,0.0,0.0,0.0,2002,radio,0.5
2,3,lr5e-05_bs32_modL1_fusion64_fusionL1_drop0p2_trmiss50_trlocradio,32,5e-05,1,64,1,0.2,lr5e-05_bs32_modL1_fusion64_fusionL1_drop0p2_trmiss50_trlocradio,24,0.48928528527418774,0.664249062538147,0.5969827586206897,0.7723483837038776,0.6,0.0,0.0,0.0,0.0,0.0,0.0,0.0,0.0,0.0,2002,radio,0.5
2,3,lr5e-05_bs32_modL1_fusion64_fusionL1_drop0p2_trmiss50_trlocradio,32,5e-05,1,64,1,0.2,lr5e-05_bs32_modL1_fusion64_fusionL1_drop0p2_trmiss50_trlocradio,25,0.4919852167367935,0.6650630235671997,0.5969827586206897,0.764200780708405,0.6,0.0,0.0,0.0,0.0,0.0,0.0,0.0,0.0,0.0,2002,radio,0.5
2,3,lr5e-05_bs32_modL1_fusion64_fusionL1_drop0p2_trmiss50_trlocradio,32,5e-05,1,64,1,0.2,lr5e-05_bs32_modL1_fusion64_fusionL1_drop0p2_trmiss50_trlocradio,26,0.48415645956993103,0.6646749675273895,0.5926724137931034,0.759992935388788,0.6,0.0,0.0,0.0,0.0,0.0,0.0,0.0,0.0,0.0,2002,radio,0.5
2,3,lr5e-05_bs32_modL1_fusion64_fusionL1_drop0p2_trmiss50_trlocradio,32,5e-05,1,64,1,0.2,lr5e-05_bs32_modL1_fusion64_fusionL1_drop0p2_trmiss50_trlocradio,27,0.4726048211256663,0.6629538536071777,0.5969827586206896,0.7676900080493823,0.5777777777777777,0.0,0.0,0.0,0.0,0.0,0.0,0.0,0.0,0.0,2002,radio,0.5
2,3,lr5e-05_bs32_modL1_fusion64_fusionL1_drop0p2_trmiss50_trlocradio,32,5e-05,1,64,1,0.2,lr5e-05_bs32_modL1_fusion64_fusionL1_drop0p2_trmiss50_trlocradio,28,0.4653654098510742,0.6602943539619446,0.6120689655172414,0.7852248658730314,0.5777777777777777,0.0,0.0,0.0,0.0,0.0,0.0,0.0,0.0,0.0,2002,radio,0.5
2,3,lr5e-05_bs32_modL1_fusion64_fusionL1_drop0p2_trmiss50_trlocradio,32,5e-05,1,64,1,0.2,lr5e-05_bs32_modL1_fusion64_fusionL1_drop0p2_trmiss50_trlocradio,29,0.45036953190962475,0.6594083607196808,0.5948275862068966,0.7720358867303854,0.5777777777777777,0.0,0.0,0.0,0.0,0.0,0.0,0.0,0.0,0.0,2002,radio,0.5
2,3,lr5e-05_bs32_modL1_fusion64_fusionL1_drop0p2_trmiss50_trlocradio,32,5e-05,1,64,1,0.2,lr5e-05_bs32_modL1_fusion64_fusionL1_drop0p2_trmiss50_trlocradio,30,0.45221178233623505,0.6619206070899963,0.5862068965517241,0.7692801261951125,0.5777777777777777,0.0,0.0,0.0,0.0,0.0,0.0,0.0,0.0,0.0,2002,radio,0.5
2,3,lr5e-05_bs32_modL1_fusion64_fusionL1_drop0p2_trmiss50_trlocradio,32,5e-05,1,64,1,0.2,lr5e-05_bs32_modL1_fusion64_fusionL1_drop0p2_trmiss50_trlocradio,31,0.46295172969500226,0.6636958122253418,0.5711206896551724,0.7579457337742159,0.6,0.0,0.0,0.0,0.0,0.0,0.0,0.0,0.0,0.0,2002,radio,0.5
2,3,lr5e-05_bs32_modL1_fusion64_fusionL1_drop0p2_trmiss50_trlocradio,32,5e-05,1,64,1,0.2,lr5e-05_bs32_modL1_fusion64_fusionL1_drop0p2_trmiss50_trlocradio,32,0.44438105324904126,0.6672564148902893,0.5625,0.7509024666690444,0.6,0.0,0.0,0.0,0.0,0.0,0.0,0.0,0.0,0.0,2002,radio,0.5
2,3,lr5e-05_bs32_modL1_fusion64_fusionL1_drop0p2_trmiss50_trlocradio,32,5e-05,1,64,1,0.2,lr5e-05_bs32_modL1_fusion64_fusionL1_drop0p2_trmiss50_trlocradio,33,0.4684503773848216,0.6713991165161133,0.5474137931034483,0.7350850617216105,0.5777777777777777,0.0,0.0,0.0,0.0,0.0,0.0,0.0,0.0,0.0,2002,radio,0.5
2,3,lr5e-05_bs32_modL1_fusion64_fusionL1_drop0p1_trmiss50_trlocradio,32,5e-05,1,64,1,0.1,lr5e-05_bs32_modL1_fusion64_fusionL1_drop0p1_trmiss50_trlocradio,1,0.7282077769438425,0.6910200715065002,0.4806034482758621,0.6307835061608128,0.5555555555555556,0.0,0.0,0.0,0.0,0.0,0.0,0.0,0.0,0.0,2002,radio,0.5
2,3,lr5e-05_bs32_modL1_fusion64_fusionL1_drop0p1_trmiss50_trlocradio,32,5e-05,1,64,1,0.1,lr5e-05_bs32_modL1_fusion64_fusionL1_drop0p1_trmiss50_trlocradio,2,0.7012796700000763,0.6963640749454498,0.45905172413793105,0.6125104581202385,0.5555555555555556,0.0,0.0,0.0,0.0,0.0,0.0,0.0,0.0,0.0,2002,radio,0.5
2,3,lr5e-05_bs32_modL1_fusion64_fusionL1_drop0p1_trmiss50_trlocradio,32,5e-05,1,64,1,0.1,lr5e-05_bs32_modL1_fusion64_fusionL1_drop0p1_trmiss50_trlocradio,3,0.6557444036006927,0.7036083042621613,0.44396551724137934,0.6103411825202073,0.5333333333333333,0.0,0.0,0.0,0.0,0.0,0.0,0.0,0.0,0.0,2002,radio,0.5
2,3,lr5e-05_bs32_modL1_fusion64_fusionL1_drop0p1_trmiss50_trlocradio,32,5e-05,1,64,1,0.1,lr5e-05_bs32_modL1_fusion64_fusionL1_drop0p1_trmiss50_trlocradio,4,0.649206538995107,0.7094074785709381,0.45258620689655177,0.619122609317909,0.4444444444444444,0.0,0.0,0.0,0.0,0.0,0.0,0.0,0.0,0.0,2002,radio,0.5
2,3,lr5e-05_bs32_modL1_fusion64_fusionL1_drop0p1_trmiss50_trlocradio,32,5e-05,1,64,1,0.1,lr5e-05_bs32_modL1_fusion64_fusionL1_drop0p1_trmiss50_trlocradio,5,0.62496284643809,0.7125964164733887,0.4482758620689656,0.6156169994050108,0.4222222222222222,0.0,0.0,0.0,0.0,0.0,0.0,0.0,0.0,0.0,2002,radio,0.5
2,3,lr5e-05_bs32_modL1_fusion64_fusionL1_drop0p1_trmiss50_trlocradio,32,5e-05,1,64,1,0.1,lr5e-05_bs32_modL1_fusion64_fusionL1_drop0p1_trmiss50_trlocradio,6,0.6287361681461334,0.7158768475055695,0.4698275862068966,0.6276801715677668,0.4222222222222222,0.0,0.0,0.0,0.0,0.0,0.0,0.0,0.0,0.0,2002,radio,0.5
2,3,lr5e-05_bs32_modL1_fusion64_fusionL1_drop0p1_trmiss50_trlocradio,32,5e-05,1,64,1,0.1,lr5e-05_bs32_modL1_fusion64_fusionL1_drop0p1_trmiss50_trlocradio,7,0.6097943584124247,0.7185992300510406,0.4482758620689655,0.613289584712871,0.4222222222222222,0.0,0.0,0.0,0.0,0.0,0.0,0.0,0.0,0.0,2002,radio,0.5
2,3,lr5e-05_bs32_modL1_fusion64_fusionL1_drop0p1_trmiss50_trlocradio,32,5e-05,1,64,1,0.1,lr5e-05_bs32_modL1_fusion64_fusionL1_drop0p1_trmiss50_trlocradio,8,0.6024142404397329,0.7205029129981995,0.4493534482758621,0.6129340458837271,0.4,0.0,0.0,0.0,0.0,0.0,0.0,0.0,0.0,0.0,2002,radio,0.5
2,3,lr5e-05_bs32_modL1_fusion64_fusionL1_drop0p1_trmiss50_trlocradio,32,5e-05,1,64,1,0.1,lr5e-05_bs32_modL1_fusion64_fusionL1_drop0p1_trmiss50_trlocradio,9,0.5953899423281351,0.7247741222381592,0.44396551724137934,0.607192046435272,0.4,0.0,0.0,0.0,0.0,0.0,0.0,0.0,0.0,0.0,2002,radio,0.5
2,3,lr5e-05_bs32_modL1_fusion64_fusionL1_drop0p1_trmiss50_trlocradio,32,5e-05,1,64,1,0.1,lr5e-05_bs32_modL1_fusion64_fusionL1_drop0p1_trmiss50_trlocradio,10,0.5843805174032847,0.7283479273319244,0.4396551724137931,0.6042220875255319,0.4,0.0,0.0,0.0,0.0,0.0,0.0,0.0,0.0,0.0,2002,radio,0.5
2,3,lr5e-05_bs32_modL1_fusion64_fusionL1_drop0p1_trmiss50_trlocradio,32,5e-05,1,64,1,0.1,lr5e-05_bs32_modL1_fusion64_fusionL1_drop0p1_trmiss50_trlocradio,11,0.5872642795244852,0.7292889058589935,0.4288793103448276,0.5978656681612585,0.4,0.0,0.0,0.0,0.0,0.0,0.0,0.0,0.0,0.0,2002,radio,0.5
2,3,lr5e-05_bs32_modL1_fusion64_fusionL1_drop0p1_trmiss50_trlocradio,32,5e-05,1,64,1,0.1,lr5e-05_bs32_modL1_fusion64_fusionL1_drop0p1_trmiss50_trlocradio,12,0.5684764881928762,0.7290681600570679,0.4353448275862069,0.6003425017203957,0.4,0.0,0.0,0.0,0.0,0.0,0.0,0.0,0.0,0.0,2002,radio,0.5
2,3,lr5e-05_bs32_modL1_fusion64_fusionL1_drop0p1_trmiss50_trlocradio,32,5e-05,1,64,1,0.1,lr5e-05_bs32_modL1_fusion64_fusionL1_drop0p1_trmiss50_trlocradio,13,0.5627060433228811,0.7301549315452576,0.4353448275862069,0.6051669563761848,0.4,0.0,0.0,0.0,0.0,0.0,0.0,0.0,0.0,0.0,2002,radio,0.5
2,3,lr5e-05_bs32_modL1_fusion64_fusionL1_drop0p1_trmiss50_trlocradio,32,5e-05,1,64,1,0.1,lr5e-05_bs32_modL1_fusion64_fusionL1_drop0p1_trmiss50_trlocradio,14,0.5749943256378174,0.7289540767669678,0.4375,0.6041016125570242,0.4,0.0,0.0,0.0,0.0,0.0,0.0,0.0,0.0,0.0,2002,radio,0.5
2,3,lr5e-05_bs32_modL1_fusion64_fusionL1_drop0p1_trmiss50_trlocradio,32,5e-05,1,64,1,0.1,lr5e-05_bs32_modL1_fusion64_fusionL1_drop0p1_trmiss50_trlocradio,15,0.5660500129063925,0.7312349677085876,0.43965517241379315,0.6063183613254972,0.4,0.0,0.0,0.0,0.0,0.0,0.0,0.0,0.0,0.0,2002,radio,0.5
2,3,lr5e-05_bs32_modL1_fusion64_fusionL1_drop0p1_trmiss50_trlocradio,32,5e-05,1,64,1,0.1,lr5e-05_bs32_modL1_fusion64_fusionL1_drop0p1_trmiss50_trlocradio,16,0.5756541689236959,0.7310769557952881,0.4267241379310345,0.5940588523869296,0.4,0.0,0.0,0.0,0.0,0.0,0.0,0.0,0.0,0.0,2002,radio,0.5
2,3,lr5e-05_bs32_modL1_fusion64_fusionL1_drop0p1_trmiss50_trlocradio,32,5e-05,1,64,1,0.1,lr5e-05_bs32_modL1_fusion64_fusionL1_drop0p1_trmiss50_trlocradio,17,0.5526597996552786,0.7301546931266785,0.42672413793103453,0.5996103453496802,0.4,0.0,0.0,0.0,0.0,0.0,0.0,0.0,0.0,0.0,2002,radio,0.5
2,3,lr5e-05_bs32_modL1_fusion64_fusionL1_drop0p1_trmiss50_trlocradio,32,5e-05,1,64,1,0.1,lr5e-05_bs32_modL1_fusion64_fusionL1_drop0p1_trmiss50_trlocradio,18,0.5696097910404205,0.7317126989364624,0.4245689655172414,0.5961620694876112,0.4,0.0,0.0,0.0,0.0,0.0,0.0,0.0,0.0,0.0,2002,radio,0.5
2,3,lr5e-05_bs32_modL1_fusion64_fusionL1_drop0p1_trmiss50_trlocradio,32,5e-05,1,64,1,0.1,lr5e-05_bs32_modL1_fusion64_fusionL1_drop0p1_trmiss50_trlocradio,19,0.56731116771698,0.7307306230068207,0.4288793103448276,0.6002227757034899,0.4,0.0,0.0,0.0,0.0,0.0,0.0,0.0,0.0,0.0,2002,radio,0.5
2,3,lr5e-05_bs32_modL1_fusion64_fusionL1_drop0p1_trmiss50_trlocradio,32,5e-05,1,64,1,0.1,lr5e-05_bs32_modL1_fusion64_fusionL1_drop0p1_trmiss50_trlocradio,20,0.5656051238377889,0.7302426397800446,0.43103448275862066,0.6040373519318593,0.4222222222222222,0.0,0.0,0.0,0.0,0.0,0.0,0.0,0.0,0.0,2002,radio,0.5
2,3,lr5e-05_bs32_modL1_fusion64_fusionL1_drop0p1_trmiss50_trlocradio,32,5e-05,1,64,1,0.1,lr5e-05_bs32_modL1_fusion64_fusionL1_drop0p1_trmiss50_trlocradio,21,0.545585701862971,0.7307783961296082,0.42887931034482757,0.5957237001654726,0.4,0.0,0.0,0.0,0.0,0.0,0.0,0.0,0.0,0.0,2002,radio,0.5
2,3,lr5e-05_bs32_modL1_fusion64_fusionL1_drop0p1_trmiss50_trlocradio,32,5e-05,1,64,1,0.1,lr5e-05_bs32_modL1_fusion64_fusionL1_drop0p1_trmiss50_trlocradio,22,0.5506584346294403,0.7299793362617493,0.4310344827586207,0.6024098713368855,0.4222222222222222,0.0,0.0,0.0,0.0,0.0,0.0,0.0,0.0,0.0,2002,radio,0.5
2,3,lr5e-05_bs32_modL1_fusion64_fusionL1_drop0p1_trmiss50_trlocradio,32,5e-05,1,64,1,0.1,lr5e-05_bs32_modL1_fusion64_fusionL1_drop0p1_trmiss50_trlocradio,23,0.5443245867888132,0.7309761047363281,0.43318965517241376,0.6036914538778384,0.4,0.0,0.0,0.0,0.0,0.0,0.0,0.0,0.0,0.0,2002,radio,0.5
2,3,lr5e-05_bs32_modL1_fusion64_fusionL1_drop0p1_trmiss50_trlocradio,32,5e-05,1,64,1,0.1,lr5e-05_bs32_modL1_fusion64_fusionL1_drop0p1_trmiss50_trlocradio,24,0.5303072134653727,0.7315639555454254,0.4331896551724138,0.6016097872385694,0.4,0.0,0.0,0.0,0.0,0.0,0.0,0.0,0.0,0.0,2002,radio,0.5
2,3,lr5e-05_bs32_modL1_fusion64_fusionL1_drop0p1_trmiss50_trlocradio,32,5e-05,1,64,1,0.1,lr5e-05_bs32_modL1_fusion64_fusionL1_drop0p1_trmiss50_trlocradio,25,0.55990003546079,0.7308302819728851,0.43965517241379315,0.603800977038336,0.4,0.0,0.0,0.0,0.0,0.0,0.0,0.0,0.0,0.0,2002,radio,0.5
2,3,lr5e-05_bs32_modL1_fusion64_fusionL1_drop0p1_trmiss50_trlocradio,32,5e-05,1,64,1,0.1,lr5e-05_bs32_modL1_fusion64_fusionL1_drop0p1_trmiss50_trlocradio,26,0.5423252781232198,0.730257511138916,0.43103448275862066,0.5987361337322685,0.4,0.0,0.0,0.0,0.0,0.0,0.0,0.0,0.0,0.0,2002,radio,0.5
2,3,lr1e-04_bs32_modL1_fusion32_fusionL1_drop0p2_trmiss50_trlocradio,32,0.0001,1,32,1,0.2,lr1e-04_bs32_modL1_fusion32_fusionL1_drop0p2_trmiss50_trlocradio,1,0.7090761065483093,0.7128298580646515,0.40086206896551724,0.615319202118106,0.37777777777777777,0.0,0.0,0.0,0.0,0.0,0.0,0.0,0.0,0.0,2002,radio,0.5
2,3,lr1e-04_bs32_modL1_fusion32_fusionL1_drop0p2_trmiss50_trlocradio,32,0.0001,1,32,1,0.2,lr1e-04_bs32_modL1_fusion32_fusionL1_drop0p2_trmiss50_trlocradio,2,0.654618889093399,0.7170806229114532,0.3599137931034483,0.5816418399185463,0.37777777777777777,0.0,0.0,0.0,0.0,0.0,0.0,0.0,0.0,0.0,2002,radio,0.5
2,3,lr1e-04_bs32_modL1_fusion32_fusionL1_drop0p2_trmiss50_trlocradio,32,0.0001,1,32,1,0.2,lr1e-04_bs32_modL1_fusion32_fusionL1_drop0p2_trmiss50_trlocradio,3,0.6268558402856191,0.7191385626792908,0.3706896551724138,0.587036784225389,0.3111111111111111,0.0,0.0,0.0,0.0,0.0,0.0,0.0,0.0,0.0,2002,radio,0.5
2,3,lr1e-04_bs32_modL1_fusion32_fusionL1_drop0p2_trmiss50_trlocradio,32,0.0001,1,32,1,0.2,lr1e-04_bs32_modL1_fusion32_fusionL1_drop0p2_trmiss50_trlocradio,4,0.5839212040106455,0.7188516557216644,0.3793103448275862,0.5799045674531761,0.35555555555555557,0.0,0.0,0.0,0.0,0.0,0.0,0.0,0.0,0.0,2002,radio,0.5
2,3,lr1e-04_bs32_modL1_fusion32_fusionL1_drop0p2_trmiss50_trlocradio,32,0.0001,1,32,1,0.2,lr1e-04_bs32_modL1_fusion32_fusionL1_drop0p2_trmiss50_trlocradio,5,0.5887497961521149,0.721214771270752,0.3879310344827587,0.5738099470343208,0.37777777777777777,0.0,0.0,0.0,0.0,0.0,0.0,0.0,0.0,0.0,2002,radio,0.5
2,3,lr1e-04_bs32_modL1_fusion32_fusionL1_drop0p2_trmiss50_trlocradio,32,0.0001,1,32,1,0.2,lr1e-04_bs32_modL1_fusion32_fusionL1_drop0p2_trmiss50_trlocradio,6,0.5983480314413706,0.7235008478164673,0.3728448275862069,0.5658950131917767,0.4222222222222222,0.0,0.0,0.0,0.0,0.0,0.0,0.0,0.0,0.0,2002,radio,0.5
2,3,lr1e-04_bs32_modL1_fusion32_fusionL1_drop0p2_trmiss50_trlocradio,32,0.0001,1,32,1,0.2,lr1e-04_bs32_modL1_fusion32_fusionL1_drop0p2_trmiss50_trlocradio,7,0.551228274901708,0.7249353528022766,0.33836206896551724,0.5543796747365297,0.4222222222222222,0.0,0.0,0.0,0.0,0.0,0.0,0.0,0.0,0.0,2002,radio,0.5
2,3,lr1e-04_bs32_modL1_fusion32_fusionL1_drop0p2_trmiss50_trlocradio,32,0.0001,1,32,1,0.2,lr1e-04_bs32_modL1_fusion32_fusionL1_drop0p2_trmiss50_trlocradio,8,0.5485268831253052,0.7209655940532684,0.34913793103448276,0.5624625670012282,0.4666666666666667,0.0,0.0,0.0,0.0,0.0,0.0,0.0,0.0,0.0,2002,radio,0.5
2,3,lr1e-04_bs32_modL1_fusion32_fusionL1_drop0p2_trmiss50_trlocradio,32,0.0001,1,32,1,0.2,lr1e-04_bs32_modL1_fusion32_fusionL1_drop0p2_trmiss50_trlocradio,9,0.5374009758234024,0.7193412780761719,0.35775862068965525,0.5665225064677254,0.4222222222222222,0.0,0.0,0.0,0.0,0.0,0.0,0.0,0.0,0.0,2002,radio,0.5
2,3,lr1e-04_bs32_modL1_fusion32_fusionL1_drop0p2_trmiss50_trlocradio,32,0.0001,1,32,1,0.2,lr1e-04_bs32_modL1_fusion32_fusionL1_drop0p2_trmiss50_trlocradio,10,0.5342908898989359,0.7175040245056152,0.375,0.5715160698673362,0.4444444444444444,0.0,0.0,0.0,0.0,0.0,0.0,0.0,0.0,0.0,2002,radio,0.5
2,3,lr1e-04_bs32_modL1_fusion32_fusionL1_drop0p2_trmiss50_trlocradio,32,0.0001,1,32,1,0.2,lr1e-04_bs32_modL1_fusion32_fusionL1_drop0p2_trmiss50_trlocradio,11,0.5441708167394003,0.7169493138790131,0.3599137931034483,0.5664899506542721,0.4222222222222222,0.0,0.0,0.0,0.0,0.0,0.0,0.0,0.0,0.0,2002,radio,0.5
2,3,lr1e-04_bs32_modL1_fusion32_fusionL1_drop0p2_trmiss50_trlocradio,32,0.0001,1,32,1,0.2,lr1e-04_bs32_modL1_fusion32_fusionL1_drop0p2_trmiss50_trlocradio,12,0.5356818040211996,0.7165730595588684,0.3728448275862069,0.5707922745378912,0.4666666666666667,0.0,0.0,0.0,0.0,0.0,0.0,0.0,0.0,0.0,2002,radio,0.5
2,3,lr1e-04_bs32_modL1_fusion32_fusionL1_drop0p2_trmiss50_trlocradio,32,0.0001,1,32,1,0.2,lr1e-04_bs32_modL1_fusion32_fusionL1_drop0p2_trmiss50_trlocradio,13,0.5160718411207199,0.7168352007865906,0.3706896551724138,0.5711773418786797,0.4666666666666667,0.0,0.0,0.0,0.0,0.0,0.0,0.0,0.0,0.0,2002,radio,0.5
2,3,lr1e-04_bs32_modL1_fusion32_fusionL1_drop0p2_trmiss50_trlocradio,32,0.0001,1,32,1,0.2,lr1e-04_bs32_modL1_fusion32_fusionL1_drop0p2_trmiss50_trlocradio,14,0.5312340060869852,0.7188082039356232,0.37715517241379315,0.5678486229001634,0.4666666666666667,0.0,0.0,0.0,0.0,0.0,0.0,0.0,0.0,0.0,2002,radio,0.5
2,3,lr1e-04_bs32_modL1_fusion32_fusionL1_drop0p2_trmiss50_trlocradio,32,0.0001,1,32,1,0.2,lr1e-04_bs32_modL1_fusion32_fusionL1_drop0p2_trmiss50_trlocradio,15,0.5160170445839564,0.7225963473320007,0.37931034482758624,0.5712842240671621,0.4666666666666667,0.0,0.0,0.0,0.0,0.0,0.0,0.0,0.0,0.0,2002,radio,0.5
2,3,lr1e-04_bs32_modL1_fusion32_fusionL1_drop0p2_trmiss50_trlocradio,32,0.0001,1,32,1,0.2,lr1e-04_bs32_modL1_fusion32_fusionL1_drop0p2_trmiss50_trlocradio,16,0.5059329122304916,0.7255277633666992,0.36206896551724144,0.5649507138296828,0.4444444444444444,0.0,0.0,0.0,0.0,0.0,0.0,0.0,0.0,0.0,2002,radio,0.5
2,3,lr1e-04_bs32_modL1_fusion32_fusionL1_drop0p2_trmiss50_trlocradio,32,0.0001,1,32,1,0.2,lr1e-04_bs32_modL1_fusion32_fusionL1_drop0p2_trmiss50_trlocradio,17,0.501149316628774,0.725244790315628,0.3663793103448276,0.5683386933133973,0.4222222222222222,0.0,0.0,0.0,0.0,0.0,0.0,0.0,0.0,0.0,2002,radio,0.5
2,3,lr1e-04_bs32_modL1_fusion32_fusionL1_drop0p2_trmiss50_trlocradio,32,0.0001,1,32,1,0.2,lr1e-04_bs32_modL1_fusion32_fusionL1_drop0p2_trmiss50_trlocradio,18,0.500791996717453,0.7266000211238861,0.375,0.5739559116406615,0.4,0.0,0.0,0.0,0.0,0.0,0.0,0.0,0.0,0.0,2002,radio,0.5
2,3,lr1e-04_bs32_modL1_fusion32_fusionL1_drop0p2_trmiss50_trlocradio,32,0.0001,1,32,1,0.2,lr1e-04_bs32_modL1_fusion32_fusionL1_drop0p2_trmiss50_trlocradio,19,0.4892864425977071,0.7225391566753387,0.3728448275862069,0.5716783790858221,0.4222222222222222,0.0,0.0,0.0,0.0,0.0,0.0,0.0,0.0,0.0,2002,radio,0.5
2,3,lr1e-04_bs32_modL1_fusion32_fusionL1_drop0p2_trmiss50_trlocradio,32,0.0001,1,32,1,0.2,lr1e-04_bs32_modL1_fusion32_fusionL1_drop0p2_trmiss50_trlocradio,20,0.4866148879130681,0.7250682711601257,0.3599137931034483,0.566056903597583,0.4,0.0,0.0,0.0,0.0,0.0,0.0,0.0,0.0,0.0,2002,radio,0.5
2,3,lr1e-04_bs32_modL1_fusion32_fusionL1_drop0p2_trmiss50_trlocradio,32,0.0001,1,32,1,0.2,lr1e-04_bs32_modL1_fusion32_fusionL1_drop0p2_trmiss50_trlocradio,21,0.4932451695203781,0.7267725765705109,0.3469827586206897,0.5616584642094999,0.4444444444444444,0.0,0.0,0.0,0.0,0.0,0.0,0.0,0.0,0.0,2002,radio,0.5
2,3,lr1e-04_bs32_modL1_fusion32_fusionL1_drop0p2_trmiss50_trlocradio,32,0.0001,1,32,1,0.2,lr1e-04_bs32_modL1_fusion32_fusionL1_drop0p2_trmiss50_trlocradio,22,0.5036395440498987,0.7320180535316467,0.35129310344827586,0.5606624297317082,0.4,0.0,0.0,0.0,0.0,0.0,0.0,0.0,0.0,0.0,2002,radio,0.5
2,3,lr1e-04_bs32_modL1_fusion32_fusionL1_drop0p2_trmiss50_trlocradio,32,0.0001,1,32,1,0.2,lr1e-04_bs32_modL1_fusion32_fusionL1_drop0p2_trmiss50_trlocradio,23,0.4989452064037323,0.7323995232582092,0.33836206896551724,0.5557220190902235,0.4,0.0,0.0,0.0,0.0,0.0,0.0,0.0,0.0,0.0,2002,radio,0.5
2,3,lr1e-04_bs32_modL1_fusion32_fusionL1_drop0p2_trmiss50_trlocradio,32,0.0001,1,32,1,0.2,lr1e-04_bs32_modL1_fusion32_fusionL1_drop0p2_trmiss50_trlocradio,24,0.4862513889869054,0.7303484082221985,0.34913793103448276,0.5609071032767163,0.4222222222222222,0.0,0.0,0.0,0.0,0.0,0.0,0.0,0.0,0.0,2002,radio,0.5
2,3,lr1e-04_bs32_modL1_fusion32_fusionL1_drop0p2_trmiss50_trlocradio,32,0.0001,1,32,1,0.2,lr1e-04_bs32_modL1_fusion32_fusionL1_drop0p2_trmiss50_trlocradio,25,0.48529844482739765,0.7347370088100433,0.3426724137931035,0.5566372720683654,0.4,0.0,0.0,0.0,0.0,0.0,0.0,0.0,0.0,0.0,2002,radio,0.5
2,3,lr1e-04_bs32_modL1_fusion32_fusionL1_drop0p1_trmiss50_trlocradio,32,0.0001,1,32,1,0.1,lr1e-04_bs32_modL1_fusion32_fusionL1_drop0p1_trmiss50_trlocradio,1,0.6835043330987295,0.693379670381546,0.5344827586206896,0.6942866040399265,0.5555555555555556,0.0,0.0,0.0,0.0,0.0,0.0,0.0,0.0,0.0,2002,radio,0.5
2,3,lr1e-04_bs32_modL1_fusion32_fusionL1_drop0p1_trmiss50_trlocradio,32,0.0001,1,32,1,0.1,lr1e-04_bs32_modL1_fusion32_fusionL1_drop0p1_trmiss50_trlocradio,2,0.6588956415653229,0.6970229148864746,0.478448275862069,0.6593558466167087,0.5333333333333333,0.0,0.0,0.0,0.0,0.0,0.0,0.0,0.0,0.0,2002,radio,0.5
2,3,lr1e-04_bs32_modL1_fusion32_fusionL1_drop0p1_trmiss50_trlocradio,32,0.0001,1,32,1,0.1,lr1e-04_bs32_modL1_fusion32_fusionL1_drop0p1_trmiss50_trlocradio,3,0.6328475574652354,0.7044573724269867,0.4375,0.6490139855735036,0.4666666666666667,0.0,0.0,0.0,0.0,0.0,0.0,0.0,0.0,0.0,2002,radio,0.5
2,3,lr1e-04_bs32_modL1_fusion32_fusionL1_drop0p1_trmiss50_trlocradio,32,0.0001,1,32,1,0.1,lr1e-04_bs32_modL1_fusion32_fusionL1_drop0p1_trmiss50_trlocradio,4,0.5951254268487295,0.7103863656520844,0.43534482758620685,0.6461346191813041,0.4888888888888889,0.0,0.0,0.0,0.0,0.0,0.0,0.0,0.0,0.0,2002,radio,0.5
2,3,lr1e-04_bs32_modL1_fusion32_fusionL1_drop0p1_trmiss50_trlocradio,32,0.0001,1,32,1,0.1,lr1e-04_bs32_modL1_fusion32_fusionL1_drop0p1_trmiss50_trlocradio,5,0.5662625928719839,0.7153569459915161,0.4547413793103448,0.6506317957721255,0.5111111111111111,0.0,0.0,0.0,0.0,0.0,0.0,0.0,0.0,0.0,2002,radio,0.5
2,3,lr1e-04_bs32_modL1_fusion32_fusionL1_drop0p1_trmiss50_trlocradio,32,0.0001,1,32,1,0.1,lr1e-04_bs32_modL1_fusion32_fusionL1_drop0p1_trmiss50_trlocradio,6,0.5650516251722971,0.7202911674976349,0.46336206896551724,0.6536208213172476,0.5111111111111111,0.0,0.0,0.0,0.0,0.0,0.0,0.0,0.0,0.0,2002,radio,0.5
2,3,lr1e-04_bs32_modL1_fusion32_fusionL1_drop0p1_trmiss50_trlocradio,32,0.0001,1,32,1,0.1,lr1e-04_bs32_modL1_fusion32_fusionL1_drop0p1_trmiss50_trlocradio,7,0.5496732294559479,0.722210556268692,0.4676724137931034,0.6572020580069088,0.5333333333333333,0.0,0.0,0.0,0.0,0.0,0.0,0.0,0.0,0.0,2002,radio,0.5
2,3,lr1e-04_bs32_modL1_fusion32_fusionL1_drop0p1_trmiss50_trlocradio,32,0.0001,1,32,1,0.1,lr1e-04_bs32_modL1_fusion32_fusionL1_drop0p1_trmiss50_trlocradio,8,0.5380669434865316,0.7250728011131287,0.46551724137931033,0.6550857843185715,0.5333333333333333,0.0,0.0,0.0,0.0,0.0,0.0,0.0,0.0,0.0,2002,radio,0.5
2,3,lr1e-04_bs32_modL1_fusion32_fusionL1_drop0p1_trmiss50_trlocradio,32,0.0001,1,32,1,0.1,lr1e-04_bs32_modL1_fusion32_fusionL1_drop0p1_trmiss50_trlocradio,9,0.535832424958547,0.7263579666614532,0.4676724137931035,0.6549700898147262,0.5333333333333333,0.0,0.0,0.0,0.0,0.0,0.0,0.0,0.0,0.0,2002,radio,0.5
2,3,lr1e-04_bs32_modL1_fusion32_fusionL1_drop0p1_trmiss50_trlocradio,32,0.0001,1,32,1,0.1,lr1e-04_bs32_modL1_fusion32_fusionL1_drop0p1_trmiss50_trlocradio,10,0.5274130900700887,0.727061003446579,0.4676724137931034,0.6570396905500757,0.5555555555555556,0.0,0.0,0.0,0.0,0.0,0.0,0.0,0.0,0.0,2002,radio,0.5
2,3,lr1e-04_bs32_modL1_fusion32_fusionL1_drop0p1_trmiss50_trlocradio,32,0.0001,1,32,1,0.1,lr1e-04_bs32_modL1_fusion32_fusionL1_drop0p1_trmiss50_trlocradio,11,0.5357534388701121,0.7286410927772522,0.4525862068965517,0.6488415365729546,0.5555555555555556,0.0,0.0,0.0,0.0,0.0,0.0,0.0,0.0,0.0,2002,radio,0.5
2,3,lr1e-04_bs32_modL1_fusion32_fusionL1_drop0p1_trmiss50_trlocradio,32,0.0001,1,32,1,0.1,lr1e-04_bs32_modL1_fusion32_fusionL1_drop0p1_trmiss50_trlocradio,12,0.5094864467779795,0.7279658913612366,0.44827586206896547,0.6481506198213182,0.5333333333333333,0.0,0.0,0.0,0.0,0.0,0.0,0.0,0.0,0.0,2002,radio,0.5
2,3,lr1e-04_bs32_modL1_fusion32_fusionL1_drop0p1_trmiss50_trlocradio,32,0.0001,1,32,1,0.1,lr1e-04_bs32_modL1_fusion32_fusionL1_drop0p1_trmiss50_trlocradio,13,0.5171445856491724,0.7302071452140808,0.4396551724137931,0.6379956000530016,0.5111111111111111,0.0,0.0,0.0,0.0,0.0,0.0,0.0,0.0,0.0,2002,radio,0.5
2,3,lr1e-04_bs32_modL1_fusion32_fusionL1_drop0p1_trmiss50_trlocradio,32,0.0001,1,32,1,0.1,lr1e-04_bs32_modL1_fusion32_fusionL1_drop0p1_trmiss50_trlocradio,14,0.5042264958222707,0.7294330298900604,0.4504310344827587,0.6543865499180233,0.5111111111111111,0.0,0.0,0.0,0.0,0.0,0.0,0.0,0.0,0.0,2002,radio,0.5
2,3,lr1e-04_bs32_modL1_fusion32_fusionL1_drop0p1_trmiss50_trlocradio,32,0.0001,1,32,1,0.1,lr1e-04_bs32_modL1_fusion32_fusionL1_drop0p1_trmiss50_trlocradio,15,0.49966929852962494,0.7298333048820496,0.4504310344827586,0.6547065859784243,0.5333333333333333,0.0,0.0,0.0,0.0,0.0,0.0,0.0,0.0,0.0,2002,radio,0.5
2,3,lr1e-04_bs32_modL1_fusion32_fusionL1_drop0p1_trmiss50_trlocradio,32,0.0001,1,32,1,0.1,lr1e-04_bs32_modL1_fusion32_fusionL1_drop0p1_trmiss50_trlocradio,16,0.4779489189386368,0.7259362637996674,0.46551724137931033,0.6695495815763667,0.5111111111111111,0.0,0.0,0.0,0.0,0.0,0.0,0.0,0.0,0.0,2002,radio,0.5
2,3,lr1e-04_bs32_modL1_fusion32_fusionL1_drop0p1_trmiss50_trlocradio,32,0.0001,1,32,1,0.1,lr1e-04_bs32_modL1_fusion32_fusionL1_drop0p1_trmiss50_trlocradio,17,0.48643064498901367,0.7266797125339508,0.46120689655172414,0.6669760238576183,0.5333333333333333,0.0,0.0,0.0,0.0,0.0,0.0,0.0,0.0,0.0,2002,radio,0.5
2,3,lr1e-04_bs32_modL1_fusion32_fusionL1_drop0p1_trmiss50_trlocradio,32,0.0001,1,32,1,0.1,lr1e-04_bs32_modL1_fusion32_fusionL1_drop0p1_trmiss50_trlocradio,18,0.47981493175029755,0.7283548414707184,0.4547413793103448,0.6580299623825582,0.5111111111111111,0.0,0.0,0.0,0.0,0.0,0.0,0.0,0.0,0.0,2002,radio,0.5
2,3,lr1e-04_bs32_modL1_fusion32_fusionL1_drop0p1_trmiss50_trlocradio,32,0.0001,1,32,1,0.1,lr1e-04_bs32_modL1_fusion32_fusionL1_drop0p1_trmiss50_trlocradio,19,0.48696621259053546,0.7299534678459167,0.4461206896551724,0.6439864626146325,0.5111111111111111,0.0,0.0,0.0,0.0,0.0,0.0,0.0,0.0,0.0,2002,radio,0.5
2,3,lr1e-04_bs32_modL1_fusion32_fusionL1_drop0p1_trmiss50_trlocradio,32,0.0001,1,32,1,0.1,lr1e-04_bs32_modL1_fusion32_fusionL1_drop0p1_trmiss50_trlocradio,20,0.4852025856574376,0.7295315563678741,0.4461206896551725,0.643989949544371,0.5111111111111111,0.0,0.0,0.0,0.0,0.0,0.0,0.0,0.0,0.0,2002,radio,0.5
2,3,lr1e-04_bs32_modL1_fusion32_fusionL1_drop0p1_trmiss50_trlocradio,32,0.0001,1,32,1,0.1,lr1e-04_bs32_modL1_fusion32_fusionL1_drop0p1_trmiss50_trlocradio,21,0.4772440145413081,0.7313377857208252,0.4461206896551725,0.66277228237212,0.4888888888888889,0.0,0.0,0.0,0.0,0.0,0.0,0.0,0.0,0.0,2002,radio,0.5
2,3,lr1e-04_bs32_modL1_fusion32_fusionL1_drop0p1_trmiss50_trlocradio,32,0.0001,1,32,1,0.1,lr1e-04_bs32_modL1_fusion32_fusionL1_drop0p1_trmiss50_trlocradio,22,0.4746042142311732,0.732553631067276,0.4461206896551725,0.66277228237212,0.4888888888888889,0.0,0.0,0.0,0.0,0.0,0.0,0.0,0.0,0.0,2002,radio,0.5
2,3,lr1e-04_bs32_modL1_fusion32_fusionL1_drop0p1_trmiss50_trlocradio,32,0.0001,1,32,1,0.1,lr1e-04_bs32_modL1_fusion32_fusionL1_drop0p1_trmiss50_trlocradio,23,0.47364621857802075,0.7315539419651031,0.4482758620689655,0.6630604312724845,0.5111111111111111,0.0,0.0,0.0,0.0,0.0,0.0,0.0,0.0,0.0,2002,radio,0.5
2,3,lr1e-04_bs32_modL1_fusion32_fusionL1_drop0p1_trmiss50_trlocradio,32,0.0001,1,32,1,0.1,lr1e-04_bs32_modL1_fusion32_fusionL1_drop0p1_trmiss50_trlocradio,24,0.47867955764134723,0.7296704351902008,0.4504310344827586,0.6639794163149834,0.4888888888888889,0.0,0.0,0.0,0.0,0.0,0.0,0.0,0.0,0.0,2002,radio,0.5
2,3,lr1e-04_bs32_modL1_fusion32_fusionL1_drop0p1_trmiss50_trlocradio,32,0.0001,1,32,1,0.1,lr1e-04_bs32_modL1_fusion32_fusionL1_drop0p1_trmiss50_trlocradio,25,0.4814678331216176,0.7298566102981567,0.4482758620689656,0.6625848929884114,0.4888888888888889,0.0,0.0,0.0,0.0,0.0,0.0,0.0,0.0,0.0,2002,radio,0.5
2,3,lr1e-04_bs32_modL1_fusion32_fusionL1_drop0p1_trmiss50_trlocradio,32,0.0001,1,32,1,0.1,lr1e-04_bs32_modL1_fusion32_fusionL1_drop0p1_trmiss50_trlocradio,26,0.4708351443211238,0.7285909950733185,0.45474137931034486,0.6572912555175691,0.4888888888888889,0.0,0.0,0.0,0.0,0.0,0.0,0.0,0.0,0.0,2002,radio,0.5
2,3,lr1e-04_bs32_modL1_fusion32_fusionL1_drop0p1_trmiss50_trlocradio,32,0.0001,1,32,1,0.1,lr1e-04_bs32_modL1_fusion32_fusionL1_drop0p1_trmiss50_trlocradio,27,0.46154529352982837,0.7298901975154877,0.4504310344827587,0.6634132273330301,0.5111111111111111,0.0,0.0,0.0,0.0,0.0,0.0,0.0,0.0,0.0,2002,radio,0.5
2,3,lr1e-04_bs32_modL1_fusion32_fusionL1_drop0p1_trmiss50_trlocradio,32,0.0001,1,32,1,0.1,lr1e-04_bs32_modL1_fusion32_fusionL1_drop0p1_trmiss50_trlocradio,28,0.48168916006882984,0.7295956909656525,0.459051724137931,0.667805864605725,0.4888888888888889,0.0,0.0,0.0,0.0,0.0,0.0,0.0,0.0,0.0,2002,radio,0.5
2,3,lr1e-04_bs32_modL1_fusion32_fusionL1_drop0p1_trmiss50_trlocradio,32,0.0001,1,32,1,0.1,lr1e-04_bs32_modL1_fusion32_fusionL1_drop0p1_trmiss50_trlocradio,29,0.4687563131252925,0.728280782699585,0.46336206896551724,0.668517099419394,0.5111111111111111,0.0,0.0,0.0,0.0,0.0,0.0,0.0,0.0,0.0,2002,radio,0.5
2,3,lr1e-04_bs32_modL1_fusion64_fusionL1_drop0p2_trmiss50_trlocradio,32,0.0001,1,64,1,0.2,lr1e-04_bs32_modL1_fusion64_fusionL1_drop0p2_trmiss50_trlocradio,1,0.6854158441225687,0.6922144889831543,0.47629310344827586,0.6374177084796204,0.5555555555555556,0.0,0.0,0.0,0.0,0.0,0.0,0.0,0.0,0.0,2002,radio,0.5
2,3,lr1e-04_bs32_modL1_fusion64_fusionL1_drop0p2_trmiss50_trlocradio,32,0.0001,1,64,1,0.2,lr1e-04_bs32_modL1_fusion64_fusionL1_drop0p2_trmiss50_trlocradio,2,0.6318202416102091,0.6910221576690674,0.45905172413793105,0.6243131250654763,0.6,0.0,0.0,0.0,0.0,0.0,0.0,0.0,0.0,0.0,2002,radio,0.5
2,3,lr1e-04_bs32_modL1_fusion64_fusionL1_drop0p2_trmiss50_trlocradio,32,0.0001,1,64,1,0.2,lr1e-04_bs32_modL1_fusion64_fusionL1_drop0p2_trmiss50_trlocradio,3,0.6222457389036814,0.6935442090034485,0.44181034482758624,0.6182458782162403,0.5555555555555556,0.0,0.0,0.0,0.0,0.0,0.0,0.0,0.0,0.0,2002,radio,0.5
2,3,lr1e-04_bs32_modL1_fusion64_fusionL1_drop0p2_trmiss50_trlocradio,32,0.0001,1,64,1,0.2,lr1e-04_bs32_modL1_fusion64_fusionL1_drop0p2_trmiss50_trlocradio,4,0.5906150142351786,0.6948967278003693,0.4525862068965517,0.6188014454309184,0.5333333333333333,0.0,0.0,0.0,0.0,0.0,0.0,0.0,0.0,0.0,2002,radio,0.5
2,3,lr1e-04_bs32_modL1_fusion64_fusionL1_drop0p2_trmiss50_trlocradio,32,0.0001,1,64,1,0.2,lr1e-04_bs32_modL1_fusion64_fusionL1_drop0p2_trmiss50_trlocradio,5,0.5862913231054941,0.6938370168209076,0.47629310344827586,0.626399481659978,0.5777777777777777,0.0,0.0,0.0,0.0,0.0,0.0,0.0,0.0,0.0,2002,radio,0.5
2,3,lr1e-04_bs32_modL1_fusion64_fusionL1_drop0p2_trmiss50_trlocradio,32,0.0001,1,64,1,0.2,lr1e-04_bs32_modL1_fusion64_fusionL1_drop0p2_trmiss50_trlocradio,6,0.5718748271465302,0.6980399489402771,0.48060344827586204,0.6251526326845748,0.6222222222222222,0.0,0.0,0.0,0.0,0.0,0.0,0.0,0.0,0.0,2002,radio,0.5
2,3,lr1e-04_bs32_modL1_fusion64_fusionL1_drop0p2_trmiss50_trlocradio,32,0.0001,1,64,1,0.2,lr1e-04_bs32_modL1_fusion64_fusionL1_drop0p2_trmiss50_trlocradio,7,0.5546998580296835,0.6953395903110504,0.4806034482758621,0.6298043414199828,0.5777777777777777,0.0,0.0,0.0,0.0,0.0,0.0,0.0,0.0,0.0,2002,radio,0.5
2,3,lr1e-04_bs32_modL1_fusion64_fusionL1_drop0p2_trmiss50_trlocradio,32,0.0001,1,64,1,0.2,lr1e-04_bs32_modL1_fusion64_fusionL1_drop0p2_trmiss50_trlocradio,8,0.5324393014113108,0.6974342465400696,0.4849137931034483,0.6319603101415094,0.5555555555555556,0.0,0.0,0.0,0.0,0.0,0.0,0.0,0.0,0.0,2002,radio,0.5
2,3,lr1e-04_bs32_modL1_fusion64_fusionL1_drop0p2_trmiss50_trlocradio,32,0.0001,1,64,1,0.2,lr1e-04_bs32_modL1_fusion64_fusionL1_drop0p2_trmiss50_trlocradio,9,0.5177035083373388,0.6982049643993378,0.4698275862068966,0.6260509110175557,0.5555555555555556,0.0,0.0,0.0,0.0,0.0,0.0,0.0,0.0,0.0,2002,radio,0.5
2,3,lr1e-04_bs32_modL1_fusion64_fusionL1_drop0p2_trmiss50_trlocradio,32,0.0001,1,64,1,0.2,lr1e-04_bs32_modL1_fusion64_fusionL1_drop0p2_trmiss50_trlocradio,10,0.5123301347096761,0.7003899812698364,0.47198275862068967,0.6286031635564635,0.5555555555555556,0.0,0.0,0.0,0.0,0.0,0.0,0.0,0.0,0.0,2002,radio,0.5
2,3,lr1e-04_bs32_modL1_fusion64_fusionL1_drop0p2_trmiss50_trlocradio,32,0.0001,1,64,1,0.2,lr1e-04_bs32_modL1_fusion64_fusionL1_drop0p2_trmiss50_trlocradio,11,0.5079241742690405,0.7012746334075928,0.46336206896551724,0.6230676545548814,0.5777777777777777,0.0,0.0,0.0,0.0,0.0,0.0,0.0,0.0,0.0,2002,radio,0.5
2,3,lr1e-04_bs32_modL1_fusion64_fusionL1_drop0p2_trmiss50_trlocradio,32,0.0001,1,64,1,0.2,lr1e-04_bs32_modL1_fusion64_fusionL1_drop0p2_trmiss50_trlocradio,12,0.5158137579758962,0.7052971422672272,0.45689655172413796,0.6227760711321186,0.5555555555555556,0.0,0.0,0.0,0.0,0.0,0.0,0.0,0.0,0.0,2002,radio,0.5
2,3,lr1e-04_bs32_modL1_fusion64_fusionL1_drop0p2_trmiss50_trlocradio,32,0.0001,1,64,1,0.2,lr1e-04_bs32_modL1_fusion64_fusionL1_drop0p2_trmiss50_trlocradio,13,0.49001656472682953,0.709788978099823,0.46120689655172414,0.6251631902184496,0.5555555555555556,0.0,0.0,0.0,0.0,0.0,0.0,0.0,0.0,0.0,2002,radio,0.5
2,3,lr1e-04_bs32_modL1_fusion64_fusionL1_drop0p2_trmiss50_trlocradio,32,0.0001,1,64,1,0.2,lr1e-04_bs32_modL1_fusion64_fusionL1_drop0p2_trmiss50_trlocradio,14,0.49085987607638043,0.7126272320747375,0.4439655172413793,0.6173236888682079,0.5111111111111111,0.0,0.0,0.0,0.0,0.0,0.0,0.0,0.0,0.0,2002,radio,0.5
2,3,lr1e-04_bs32_modL1_fusion64_fusionL1_drop0p2_trmiss50_trlocradio,32,0.0001,1,64,1,0.2,lr1e-04_bs32_modL1_fusion64_fusionL1_drop0p2_trmiss50_trlocradio,15,0.49154895544052124,0.7132658660411835,0.4396551724137931,0.6151961435345059,0.5111111111111111,0.0,0.0,0.0,0.0,0.0,0.0,0.0,0.0,0.0,2002,radio,0.5
2,3,lr1e-04_bs32_modL1_fusion64_fusionL1_drop0p2_trmiss50_trlocradio,32,0.0001,1,64,1,0.2,lr1e-04_bs32_modL1_fusion64_fusionL1_drop0p2_trmiss50_trlocradio,16,0.4985888600349426,0.7135172188282013,0.4418103448275862,0.6169613323686602,0.5111111111111111,0.0,0.0,0.0,0.0,0.0,0.0,0.0,0.0,0.0,2002,radio,0.5
2,3,lr1e-04_bs32_modL1_fusion64_fusionL1_drop0p2_trmiss50_trlocradio,32,0.0001,1,64,1,0.2,lr1e-04_bs32_modL1_fusion64_fusionL1_drop0p2_trmiss50_trlocradio,17,0.4902084022760391,0.7160790264606476,0.4504310344827586,0.6218277061254031,0.4888888888888889,0.0,0.0,0.0,0.0,0.0,0.0,0.0,0.0,0.0,2002,radio,0.5
2,3,lr1e-04_bs32_modL1_fusion64_fusionL1_drop0p2_trmiss50_trlocradio,32,0.0001,1,64,1,0.2,lr1e-04_bs32_modL1_fusion64_fusionL1_drop0p2_trmiss50_trlocradio,18,0.4585785170396169,0.7164014577865601,0.4504310344827586,0.6199012145401075,0.5111111111111111,0.0,0.0,0.0,0.0,0.0,0.0,0.0,0.0,0.0,2002,radio,0.5
2,3,lr1e-04_bs32_modL1_fusion64_fusionL1_drop0p2_trmiss50_trlocradio,32,0.0001,1,64,1,0.2,lr1e-04_bs32_modL1_fusion64_fusionL1_drop0p2_trmiss50_trlocradio,19,0.4609067638715108,0.7183760404586792,0.4504310344827586,0.6214656182980216,0.5111111111111111,0.0,0.0,0.0,0.0,0.0,0.0,0.0,0.0,0.0,2002,radio,0.5
2,3,lr1e-04_bs32_modL1_fusion64_fusionL1_drop0p2_trmiss50_trlocradio,32,0.0001,1,64,1,0.2,lr1e-04_bs32_modL1_fusion64_fusionL1_drop0p2_trmiss50_trlocradio,20,0.47740377485752106,0.7202327847480774,0.4482758620689656,0.619320207395805,0.5111111111111111,0.0,0.0,0.0,0.0,0.0,0.0,0.0,0.0,0.0,2002,radio,0.5
2,3,lr1e-04_bs32_modL1_fusion64_fusionL1_drop0p2_trmiss50_trlocradio,32,0.0001,1,64,1,0.2,lr1e-04_bs32_modL1_fusion64_fusionL1_drop0p2_trmiss50_trlocradio,21,0.4566645473241806,0.7227335870265961,0.43534482758620685,0.6130673408632993,0.5111111111111111,0.0,0.0,0.0,0.0,0.0,0.0,0.0,0.0,0.0,2002,radio,0.5
2,3,lr1e-04_bs32_modL1_fusion64_fusionL1_drop0p2_trmiss50_trlocradio,32,0.0001,1,64,1,0.2,lr1e-04_bs32_modL1_fusion64_fusionL1_drop0p2_trmiss50_trlocradio,22,0.45251773794492084,0.7219595909118652,0.4418103448275862,0.6108071697976503,0.4888888888888889,0.0,0.0,0.0,0.0,0.0,0.0,0.0,0.0,0.0,2002,radio,0.5
2,3,lr1e-04_bs32_modL1_fusion64_fusionL1_drop0p2_trmiss50_trlocradio,32,0.0001,1,64,1,0.2,lr1e-04_bs32_modL1_fusion64_fusionL1_drop0p2_trmiss50_trlocradio,23,0.4590941270192464,0.7230149507522583,0.43965517241379315,0.6131554461612997,0.4888888888888889,0.0,0.0,0.0,0.0,0.0,0.0,0.0,0.0,0.0,2002,radio,0.5
2,3,lr1e-04_bs32_modL1_fusion64_fusionL1_drop0p2_trmiss50_trlocradio,32,0.0001,1,64,1,0.2,lr1e-04_bs32_modL1_fusion64_fusionL1_drop0p2_trmiss50_trlocradio,24,0.465368593732516,0.7239356935024261,0.4439655172413793,0.6158301143573571,0.4666666666666667,0.0,0.0,0.0,0.0,0.0,0.0,0.0,0.0,0.0,2002,radio,0.5
2,3,lr1e-04_bs32_modL1_fusion64_fusionL1_drop0p2_trmiss50_trlocradio,32,0.0001,1,64,1,0.2,lr1e-04_bs32_modL1_fusion64_fusionL1_drop0p2_trmiss50_trlocradio,25,0.4580426663160324,0.7273078858852386,0.4331896551724138,0.6133107265876288,0.4666666666666667,0.0,0.0,0.0,0.0,0.0,0.0,0.0,0.0,0.0,2002,radio,0.5
2,3,lr1e-04_bs32_modL1_fusion64_fusionL1_drop0p2_trmiss50_trlocradio,32,0.0001,1,64,1,0.2,lr1e-04_bs32_modL1_fusion64_fusionL1_drop0p2_trmiss50_trlocradio,26,0.45188455780347186,0.7249316871166229,0.43965517241379315,0.6155935415031151,0.4888888888888889,0.0,0.0,0.0,0.0,0.0,0.0,0.0,0.0,0.0,2002,radio,0.5
2,3,lr1e-04_bs32_modL1_fusion64_fusionL1_drop0p2_trmiss50_trlocradio,32,0.0001,1,64,1,0.2,lr1e-04_bs32_modL1_fusion64_fusionL1_drop0p2_trmiss50_trlocradio,27,0.4643523494402568,0.723712831735611,0.4353448275862069,0.6137274004438986,0.5111111111111111,0.0,0.0,0.0,0.0,0.0,0.0,0.0,0.0,0.0,2002,radio,0.5
2,3,lr1e-04_bs32_modL1_fusion64_fusionL1_drop0p2_trmiss50_trlocradio,32,0.0001,1,64,1,0.2,lr1e-04_bs32_modL1_fusion64_fusionL1_drop0p2_trmiss50_trlocradio,28,0.4734134574731191,0.7232548892498016,0.4375,0.6117731370839511,0.5333333333333333,0.0,0.0,0.0,0.0,0.0,0.0,0.0,0.0,0.0,2002,radio,0.5
2,3,lr1e-04_bs32_modL1_fusion64_fusionL1_drop0p1_trmiss50_trlocradio,32,0.0001,1,64,1,0.1,lr1e-04_bs32_modL1_fusion64_fusionL1_drop0p1_trmiss50_trlocradio,1,0.7405292093753815,0.6963645815849304,0.4935344827586207,0.6399029574189118,0.4444444444444444,0.0,0.0,0.0,0.0,0.0,0.0,0.0,0.0,0.0,2002,radio,0.5
2,3,lr1e-04_bs32_modL1_fusion64_fusionL1_drop0p1_trmiss50_trlocradio,32,0.0001,1,64,1,0.1,lr1e-04_bs32_modL1_fusion64_fusionL1_drop0p1_trmiss50_trlocradio,2,0.6664157609144846,0.6998740136623383,0.4956896551724138,0.668387912439276,0.4,0.0,0.0,0.0,0.0,0.0,0.0,0.0,0.0,0.0,2002,radio,0.5
2,3,lr1e-04_bs32_modL1_fusion64_fusionL1_drop0p1_trmiss50_trlocradio,32,0.0001,1,64,1,0.1,lr1e-04_bs32_modL1_fusion64_fusionL1_drop0p1_trmiss50_trlocradio,3,0.6430629789829254,0.7059628069400787,0.5366379310344829,0.6816827169246893,0.4444444444444444,0.0,0.0,0.0,0.0,0.0,0.0,0.0,0.0,0.0,2002,radio,0.5
2,3,lr1e-04_bs32_modL1_fusion64_fusionL1_drop0p1_trmiss50_trlocradio,32,0.0001,1,64,1,0.1,lr1e-04_bs32_modL1_fusion64_fusionL1_drop0p1_trmiss50_trlocradio,4,0.622333159049352,0.7132923603057861,0.5581896551724138,0.6987703017352724,0.4444444444444444,0.0,0.0,0.0,0.0,0.0,0.0,0.0,0.0,0.0,2002,radio,0.5
2,3,lr1e-04_bs32_modL1_fusion64_fusionL1_drop0p1_trmiss50_trlocradio,32,0.0001,1,64,1,0.1,lr1e-04_bs32_modL1_fusion64_fusionL1_drop0p1_trmiss50_trlocradio,5,0.6004548768202463,0.7238487005233765,0.5495689655172413,0.6941448670756629,0.4666666666666667,0.0,0.0,0.0,0.0,0.0,0.0,0.0,0.0,0.0,2002,radio,0.5
2,3,lr1e-04_bs32_modL1_fusion64_fusionL1_drop0p1_trmiss50_trlocradio,32,0.0001,1,64,1,0.1,lr1e-04_bs32_modL1_fusion64_fusionL1_drop0p1_trmiss50_trlocradio,6,0.5649665494759878,0.7258504033088684,0.5883620689655173,0.7212231516985333,0.4666666666666667,0.0,0.0,0.0,0.0,0.0,0.0,0.0,0.0,0.0,2002,radio,0.5
2,3,lr1e-04_bs32_modL1_fusion64_fusionL1_drop0p1_trmiss50_trlocradio,32,0.0001,1,64,1,0.1,lr1e-04_bs32_modL1_fusion64_fusionL1_drop0p1_trmiss50_trlocradio,7,0.5341473420461019,0.7308845818042755,0.5991379310344827,0.7360872110200021,0.4666666666666667,0.0,0.0,0.0,0.0,0.0,0.0,0.0,0.0,0.0,2002,radio,0.5
2,3,lr1e-04_bs32_modL1_fusion64_fusionL1_drop0p1_trmiss50_trlocradio,32,0.0001,1,64,1,0.1,lr1e-04_bs32_modL1_fusion64_fusionL1_drop0p1_trmiss50_trlocradio,8,0.5379586815834045,0.7298306226730347,0.603448275862069,0.7372481522578089,0.4666666666666667,0.0,0.0,0.0,0.0,0.0,0.0,0.0,0.0,0.0,2002,radio,0.5
2,3,lr1e-04_bs32_modL1_fusion64_fusionL1_drop0p1_trmiss50_trlocradio,32,0.0001,1,64,1,0.1,lr1e-04_bs32_modL1_fusion64_fusionL1_drop0p1_trmiss50_trlocradio,9,0.5163991898298264,0.7305552959442139,0.6012931034482758,0.7339469788205639,0.4666666666666667,0.0,0.0,0.0,0.0,0.0,0.0,0.0,0.0,0.0,2002,radio,0.5
2,3,lr1e-04_bs32_modL1_fusion64_fusionL1_drop0p1_trmiss50_trlocradio,32,0.0001,1,64,1,0.1,lr1e-04_bs32_modL1_fusion64_fusionL1_drop0p1_trmiss50_trlocradio,10,0.5137829184532166,0.7301142513751984,0.603448275862069,0.7301798482458692,0.4666666666666667,0.0,0.0,0.0,0.0,0.0,0.0,0.0,0.0,0.0,2002,radio,0.5
2,3,lr1e-04_bs32_modL1_fusion64_fusionL1_drop0p1_trmiss50_trlocradio,32,0.0001,1,64,1,0.1,lr1e-04_bs32_modL1_fusion64_fusionL1_drop0p1_trmiss50_trlocradio,11,0.5088997632265091,0.7274444997310638,0.5991379310344828,0.7239300320911779,0.4666666666666667,0.0,0.0,0.0,0.0,0.0,0.0,0.0,0.0,0.0,2002,radio,0.5
2,3,lr1e-04_bs32_modL1_fusion64_fusionL1_drop0p1_trmiss50_trlocradio,32,0.0001,1,64,1,0.1,lr1e-04_bs32_modL1_fusion64_fusionL1_drop0p1_trmiss50_trlocradio,12,0.5074310501416525,0.7335176765918732,0.5926724137931034,0.7229074907162937,0.4666666666666667,0.0,0.0,0.0,0.0,0.0,0.0,0.0,0.0,0.0,2002,radio,0.5
2,3,lr1e-04_bs32_modL1_fusion64_fusionL1_drop0p1_trmiss50_trlocradio,32,0.0001,1,64,1,0.1,lr1e-04_bs32_modL1_fusion64_fusionL1_drop0p1_trmiss50_trlocradio,13,0.48594290018081665,0.7325452268123627,0.5883620689655172,0.7232310818143441,0.4888888888888889,0.0,0.0,0.0,0.0,0.0,0.0,0.0,0.0,0.0,2002,radio,0.5
2,3,lr1e-04_bs32_modL1_fusion64_fusionL1_drop0p1_trmiss50_trlocradio,32,0.0001,1,64,1,0.1,lr1e-04_bs32_modL1_fusion64_fusionL1_drop0p1_trmiss50_trlocradio,14,0.4794466197490692,0.7391644716262817,0.5732758620689655,0.7157044679049677,0.4666666666666667,0.0,0.0,0.0,0.0,0.0,0.0,0.0,0.0,0.0,2002,radio,0.5
2,3,lr1e-04_bs32_modL1_fusion64_fusionL1_drop0p1_trmiss50_trlocradio,32,0.0001,1,64,1,0.1,lr1e-04_bs32_modL1_fusion64_fusionL1_drop0p1_trmiss50_trlocradio,15,0.46986811359723407,0.7372270822525024,0.5603448275862069,0.7087701958801862,0.4888888888888889,0.0,0.0,0.0,0.0,0.0,0.0,0.0,0.0,0.0,2002,radio,0.5
2,3,lr1e-04_bs32_modL1_fusion64_fusionL1_drop0p1_trmiss50_trlocradio,32,0.0001,1,64,1,0.1,lr1e-04_bs32_modL1_fusion64_fusionL1_drop0p1_trmiss50_trlocradio,16,0.47274937232335407,0.7347990870475769,0.5646551724137931,0.7099676988018271,0.4888888888888889,0.0,0.0,0.0,0.0,0.0,0.0,0.0,0.0,0.0,2002,radio,0.5
2,3,lr1e-04_bs32_modL1_fusion64_fusionL1_drop0p1_trmiss50_trlocradio,32,0.0001,1,64,1,0.1,lr1e-04_bs32_modL1_fusion64_fusionL1_drop0p1_trmiss50_trlocradio,17,0.4595859448115031,0.735093742609024,0.5560344827586208,0.7057132326283204,0.5111111111111111,0.0,0.0,0.0,0.0,0.0,0.0,0.0,0.0,0.0,2002,radio,0.5
2,3,lr1e-04_bs32_modL1_fusion64_fusionL1_drop0p1_trmiss50_trlocradio,32,0.0001,1,64,1,0.1,lr1e-04_bs32_modL1_fusion64_fusionL1_drop0p1_trmiss50_trlocradio,18,0.4585532347361247,0.7359282672405243,0.5668103448275862,0.711190424877213,0.4888888888888889,0.0,0.0,0.0,0.0,0.0,0.0,0.0,0.0,0.0,2002,radio,0.5
2,3,lr1e-04_bs32_modL1_fusion64_fusionL1_drop0p1_trmiss50_trlocradio,32,0.0001,1,64,1,0.1,lr1e-04_bs32_modL1_fusion64_fusionL1_drop0p1_trmiss50_trlocradio,19,0.46436121066411334,0.7361915111541748,0.5711206896551724,0.7147094341017577,0.5111111111111111,0.0,0.0,0.0,0.0,0.0,0.0,0.0,0.0,0.0,2002,radio,0.5
2,3,lr1e-04_bs32_modL1_fusion64_fusionL1_drop0p1_trmiss50_trlocradio,32,0.0001,1,64,1,0.1,lr1e-04_bs32_modL1_fusion64_fusionL1_drop0p1_trmiss50_trlocradio,20,0.4449044317007065,0.7357742190361023,0.5711206896551724,0.7141357586115081,0.5111111111111111,0.0,0.0,0.0,0.0,0.0,0.0,0.0,0.0,0.0,2002,radio,0.5
2,3,lr1e-04_bs32_modL1_fusion64_fusionL1_drop0p1_trmiss50_trlocradio,32,0.0001,1,64,1,0.1,lr1e-04_bs32_modL1_fusion64_fusionL1_drop0p1_trmiss50_trlocradio,21,0.45093922317028046,0.739797055721283,0.5517241379310345,0.7077534398632823,0.5111111111111111,0.0,0.0,0.0,0.0,0.0,0.0,0.0,0.0,0.0,2002,radio,0.5
2,3,lr1e-04_bs32_modL1_fusion64_fusionL1_drop0p1_trmiss50_trlocradio,32,0.0001,1,64,1,0.1,lr1e-04_bs32_modL1_fusion64_fusionL1_drop0p1_trmiss50_trlocradio,22,0.4513755242029826,0.735825777053833,0.5538793103448276,0.7071236126467247,0.5111111111111111,0.0,0.0,0.0,0.0,0.0,0.0,0.0,0.0,0.0,2002,radio,0.5
2,3,lr1e-04_bs32_modL1_fusion64_fusionL1_drop0p1_trmiss50_trlocradio,32,0.0001,1,64,1,0.1,lr1e-04_bs32_modL1_fusion64_fusionL1_drop0p1_trmiss50_trlocradio,23,0.45255563656489056,0.7372477054595947,0.5646551724137931,0.7097674177940065,0.5111111111111111,0.0,0.0,0.0,0.0,0.0,0.0,0.0,0.0,0.0,2002,radio,0.5
2,3,lr1e-04_bs32_modL1_fusion64_fusionL1_drop0p1_trmiss50_trlocradio,32,0.0001,1,64,1,0.1,lr1e-04_bs32_modL1_fusion64_fusionL1_drop0p1_trmiss50_trlocradio,24,0.4681631922721863,0.7404166162014008,0.5581896551724138,0.7070332685046061,0.4888888888888889,0.0,0.0,0.0,0.0,0.0,0.0,0.0,0.0,0.0,2002,radio,0.5
2,3,lr1e-04_bs32_modL1_fusion64_fusionL1_drop0p1_trmiss50_trlocradio,32,0.0001,1,64,1,0.1,lr1e-04_bs32_modL1_fusion64_fusionL1_drop0p1_trmiss50_trlocradio,25,0.4400767534971237,0.7458611130714417,0.5538793103448276,0.7060455948627544,0.4666666666666667,0.0,0.0,0.0,0.0,0.0,0.0,0.0,0.0,0.0,2002,radio,0.5
2,3,lr1e-04_bs32_modL1_fusion64_fusionL1_drop0p1_trmiss50_trlocradio,32,0.0001,1,64,1,0.1,lr1e-04_bs32_modL1_fusion64_fusionL1_drop0p1_trmiss50_trlocradio,26,0.4530964096387227,0.7398240566253662,0.5517241379310345,0.7064305074484784,0.5111111111111111,0.0,0.0,0.0,0.0,0.0,0.0,0.0,0.0,0.0,2002,radio,0.5
2,3,lr1e-04_bs32_modL1_fusion64_fusionL1_drop0p1_trmiss50_trlocradio,32,0.0001,1,64,1,0.1,lr1e-04_bs32_modL1_fusion64_fusionL1_drop0p1_trmiss50_trlocradio,27,0.4589920292297999,0.7437296211719513,0.5474137931034483,0.7038179056818767,0.4666666666666667,0.0,0.0,0.0,0.0,0.0,0.0,0.0,0.0,0.0,2002,radio,0.5
2,3,lr1e-04_bs32_modL1_fusion64_fusionL1_drop0p1_trmiss50_trlocradio,32,0.0001,1,64,1,0.1,lr1e-04_bs32_modL1_fusion64_fusionL1_drop0p1_trmiss50_trlocradio,28,0.43804923196633655,0.7433751225471497,0.5603448275862069,0.7099546783773679,0.4888888888888889,0.0,0.0,0.0,0.0,0.0,0.0,0.0,0.0,0.0,2002,radio,0.5
2,4,lr5e-05_bs16_modL1_fusion32_fusionL1_drop0p2_trmiss50_trlocradio,16,5e-05,1,32,1,0.2,lr5e-05_bs16_modL1_fusion32_fusionL1_drop0p2_trmiss50_trlocradio,1,0.6806036531925201,0.6639235019683838,0.4504310344827586,0.6672185401013901,0.6444444444444445,0.0,0.0,0.0,0.0,0.0,0.0,0.0,0.0,0.0,2002,radio,0.5
2,4,lr5e-05_bs16_modL1_fusion32_fusionL1_drop0p2_trmiss50_trlocradio,16,5e-05,1,32,1,0.2,lr5e-05_bs16_modL1_fusion32_fusionL1_drop0p2_trmiss50_trlocradio,2,0.6464177668094635,0.6588411728541056,0.46336206896551724,0.6740712049815513,0.6444444444444445,0.0,0.0,0.0,0.0,0.0,0.0,0.0,0.0,0.0,2002,radio,0.5
2,4,lr5e-05_bs16_modL1_fusion32_fusionL1_drop0p2_trmiss50_trlocradio,16,5e-05,1,32,1,0.2,lr5e-05_bs16_modL1_fusion32_fusionL1_drop0p2_trmiss50_trlocradio,3,0.635239784916242,0.659031093120575,0.4568965517241379,0.6764830360102129,0.6444444444444445,0.0,0.0,0.0,0.0,0.0,0.0,0.0,0.0,0.0,2002,radio,0.5
2,4,lr5e-05_bs16_modL1_fusion32_fusionL1_drop0p2_trmiss50_trlocradio,16,5e-05,1,32,1,0.2,lr5e-05_bs16_modL1_fusion32_fusionL1_drop0p2_trmiss50_trlocradio,4,0.6384259363015493,0.6686256527900696,0.4202586206896552,0.6133903818328577,0.6444444444444445,0.0,0.0,0.0,0.0,0.0,0.0,0.0,0.0,0.0,2002,radio,0.5
2,4,lr5e-05_bs16_modL1_fusion32_fusionL1_drop0p2_trmiss50_trlocradio,16,5e-05,1,32,1,0.2,lr5e-05_bs16_modL1_fusion32_fusionL1_drop0p2_trmiss50_trlocradio,5,0.5970669016242027,0.6724456548690796,0.4094827586206897,0.6076215884455998,0.6444444444444445,0.0,0.0,0.0,0.0,0.0,0.0,0.0,0.0,0.0,2002,radio,0.5
2,4,lr5e-05_bs16_modL1_fusion32_fusionL1_drop0p2_trmiss50_trlocradio,16,5e-05,1,32,1,0.2,lr5e-05_bs16_modL1_fusion32_fusionL1_drop0p2_trmiss50_trlocradio,6,0.6251943757136663,0.6702767411867777,0.3900862068965517,0.6138737177162543,0.6444444444444445,0.0,0.0,0.0,0.0,0.0,0.0,0.0,0.0,0.0,2002,radio,0.5
2,4,lr5e-05_bs16_modL1_fusion32_fusionL1_drop0p2_trmiss50_trlocradio,16,5e-05,1,32,1,0.2,lr5e-05_bs16_modL1_fusion32_fusionL1_drop0p2_trmiss50_trlocradio,7,0.6115893224875132,0.669247031211853,0.39655172413793105,0.6352242080357405,0.6444444444444445,0.0,0.0,0.0,0.0,0.0,0.0,0.0,0.0,0.0,2002,radio,0.5
2,4,lr5e-05_bs16_modL1_fusion32_fusionL1_drop0p2_trmiss50_trlocradio,16,5e-05,1,32,1,0.2,lr5e-05_bs16_modL1_fusion32_fusionL1_drop0p2_trmiss50_trlocradio,8,0.6037391622861227,0.6682774623235067,0.39439655172413796,0.6296329010205255,0.6444444444444445,0.0,0.0,0.0,0.0,0.0,0.0,0.0,0.0,0.0,2002,radio,0.5
2,4,lr5e-05_bs16_modL1_fusion32_fusionL1_drop0p2_trmiss50_trlocradio,16,5e-05,1,32,1,0.2,lr5e-05_bs16_modL1_fusion32_fusionL1_drop0p2_trmiss50_trlocradio,9,0.6084566662708918,0.6654965678850809,0.3987068965517242,0.6237890536436184,0.6444444444444445,0.0,0.0,0.0,0.0,0.0,0.0,0.0,0.0,0.0,2002,radio,0.5
2,4,lr5e-05_bs16_modL1_fusion32_fusionL1_drop0p2_trmiss50_trlocradio,16,5e-05,1,32,1,0.2,lr5e-05_bs16_modL1_fusion32_fusionL1_drop0p2_trmiss50_trlocradio,10,0.5926518440246582,0.6664950847625732,0.42025862068965514,0.6343200811399721,0.6444444444444445,0.0,0.0,0.0,0.0,0.0,0.0,0.0,0.0,0.0,2002,radio,0.5
2,4,lr5e-05_bs16_modL1_fusion32_fusionL1_drop0p2_trmiss50_trlocradio,16,5e-05,1,32,1,0.2,lr5e-05_bs16_modL1_fusion32_fusionL1_drop0p2_trmiss50_trlocradio,11,0.6209233403205872,0.6706258257230123,0.39439655172413796,0.6250065197670671,0.6444444444444445,0.0,0.0,0.0,0.0,0.0,0.0,0.0,0.0,0.0,2002,radio,0.5
2,4,lr5e-05_bs16_modL1_fusion32_fusionL1_drop0p2_trmiss50_trlocradio,16,5e-05,1,32,1,0.2,lr5e-05_bs16_modL1_fusion32_fusionL1_drop0p2_trmiss50_trlocradio,12,0.612703929344813,0.6676823496818542,0.44396551724137934,0.6453015107563916,0.6444444444444445,0.0,0.0,0.0,0.0,0.0,0.0,0.0,0.0,0.0,2002,radio,0.5
2,4,lr5e-05_bs16_modL1_fusion32_fusionL1_drop0p2_trmiss50_trlocradio,16,5e-05,1,32,1,0.2,lr5e-05_bs16_modL1_fusion32_fusionL1_drop0p2_trmiss50_trlocradio,13,0.5838521967331568,0.6667237480481466,0.4224137931034483,0.6360145987581138,0.6444444444444445,0.0,0.0,0.0,0.0,0.0,0.0,0.0,0.0,0.0,2002,radio,0.5
2,4,lr5e-05_bs16_modL1_fusion32_fusionL1_drop0p2_trmiss50_trlocradio,16,5e-05,1,32,1,0.2,lr5e-05_bs16_modL1_fusion32_fusionL1_drop0p2_trmiss50_trlocradio,14,0.5870477060476939,0.6677969098091125,0.42241379310344823,0.6419998452605997,0.6222222222222222,0.0,0.0,0.0,0.0,0.0,0.0,0.0,0.0,0.0,2002,radio,0.5
2,4,lr5e-05_bs16_modL1_fusion32_fusionL1_drop0p2_trmiss50_trlocradio,16,5e-05,1,32,1,0.2,lr5e-05_bs16_modL1_fusion32_fusionL1_drop0p2_trmiss50_trlocradio,15,0.5765083382527033,0.6681154568990072,0.4288793103448276,0.6413466807441633,0.6222222222222222,0.0,0.0,0.0,0.0,0.0,0.0,0.0,0.0,0.0,2002,radio,0.5
2,4,lr5e-05_bs16_modL1_fusion32_fusionL1_drop0p2_trmiss50_trlocradio,16,5e-05,1,32,1,0.2,lr5e-05_bs16_modL1_fusion32_fusionL1_drop0p2_trmiss50_trlocradio,16,0.5861384471257528,0.6720964511235555,0.4525862068965517,0.6380322607241007,0.6222222222222222,0.0,0.0,0.0,0.0,0.0,0.0,0.0,0.0,0.0,2002,radio,0.5
2,4,lr5e-05_bs16_modL1_fusion32_fusionL1_drop0p2_trmiss50_trlocradio,16,5e-05,1,32,1,0.2,lr5e-05_bs16_modL1_fusion32_fusionL1_drop0p2_trmiss50_trlocradio,17,0.5942070136467615,0.6692145665486654,0.4655172413793104,0.6437340084233931,0.6222222222222222,0.0,0.0,0.0,0.0,0.0,0.0,0.0,0.0,0.0,2002,radio,0.5
2,4,lr5e-05_bs16_modL1_fusion32_fusionL1_drop0p2_trmiss50_trlocradio,16,5e-05,1,32,1,0.2,lr5e-05_bs16_modL1_fusion32_fusionL1_drop0p2_trmiss50_trlocradio,18,0.5771096696456274,0.671654224395752,0.4504310344827586,0.6364847182556863,0.6444444444444445,0.0,0.0,0.0,0.0,0.0,0.0,0.0,0.0,0.0,2002,radio,0.5
2,4,lr5e-05_bs16_modL1_fusion32_fusionL1_drop0p2_trmiss50_trlocradio,16,5e-05,1,32,1,0.2,lr5e-05_bs16_modL1_fusion32_fusionL1_drop0p2_trmiss50_trlocradio,19,0.5813942328095436,0.6719920833905538,0.4612068965517242,0.6434044895962919,0.6222222222222222,0.0,0.0,0.0,0.0,0.0,0.0,0.0,0.0,0.0,2002,radio,0.5
2,4,lr5e-05_bs16_modL1_fusion32_fusionL1_drop0p2_trmiss50_trlocradio,16,5e-05,1,32,1,0.2,lr5e-05_bs16_modL1_fusion32_fusionL1_drop0p2_trmiss50_trlocradio,20,0.579052597284317,0.6751422683397929,0.4073275862068966,0.623075036424445,0.6222222222222222,0.0,0.0,0.0,0.0,0.0,0.0,0.0,0.0,0.0,2002,radio,0.5
2,4,lr5e-05_bs16_modL1_fusion32_fusionL1_drop0p2_trmiss50_trlocradio,16,5e-05,1,32,1,0.2,lr5e-05_bs16_modL1_fusion32_fusionL1_drop0p2_trmiss50_trlocradio,21,0.5674105534950892,0.6723597049713135,0.4439655172413793,0.6433031302632287,0.6,0.0,0.0,0.0,0.0,0.0,0.0,0.0,0.0,0.0,2002,radio,0.5
2,4,lr5e-05_bs16_modL1_fusion32_fusionL1_drop0p2_trmiss50_trlocradio,16,5e-05,1,32,1,0.2,lr5e-05_bs16_modL1_fusion32_fusionL1_drop0p2_trmiss50_trlocradio,22,0.5840621789296468,0.6702842116355896,0.4698275862068965,0.657936905714393,0.6,0.0,0.0,0.0,0.0,0.0,0.0,0.0,0.0,0.0,2002,radio,0.5
2,4,lr5e-05_bs16_modL1_fusion32_fusionL1_drop0p2_trmiss50_trlocradio,16,5e-05,1,32,1,0.2,lr5e-05_bs16_modL1_fusion32_fusionL1_drop0p2_trmiss50_trlocradio,23,0.5728627815842628,0.6746359864870707,0.4331896551724138,0.617069022506155,0.6,0.0,0.0,0.0,0.0,0.0,0.0,0.0,0.0,0.0,2002,radio,0.5
2,4,lr5e-05_bs16_modL1_fusion32_fusionL1_drop0p2_trmiss50_trlocradio,16,5e-05,1,32,1,0.2,lr5e-05_bs16_modL1_fusion32_fusionL1_drop0p2_trmiss50_trlocradio,24,0.5898159394661585,0.6728142897288004,0.43534482758620685,0.6139178633205131,0.6444444444444445,0.0,0.0,0.0,0.0,0.0,0.0,0.0,0.0,0.0,2002,radio,0.5
2,4,lr5e-05_bs16_modL1_fusion32_fusionL1_drop0p2_trmiss50_trlocradio,16,5e-05,1,32,1,0.2,lr5e-05_bs16_modL1_fusion32_fusionL1_drop0p2_trmiss50_trlocradio,25,0.5931477745374044,0.6761254866917928,0.4288793103448276,0.6086213587770511,0.6222222222222222,0.0,0.0,0.0,0.0,0.0,0.0,0.0,0.0,0.0,2002,radio,0.5
2,4,lr5e-05_bs16_modL1_fusion32_fusionL1_drop0p2_trmiss50_trlocradio,16,5e-05,1,32,1,0.2,lr5e-05_bs16_modL1_fusion32_fusionL1_drop0p2_trmiss50_trlocradio,26,0.5618439813454946,0.6754529078801473,0.4375,0.6127543181568854,0.6,0.0,0.0,0.0,0.0,0.0,0.0,0.0,0.0,0.0,2002,radio,0.5
2,4,lr5e-05_bs16_modL1_fusion32_fusionL1_drop0p2_trmiss50_trlocradio,16,5e-05,1,32,1,0.2,lr5e-05_bs16_modL1_fusion32_fusionL1_drop0p2_trmiss50_trlocradio,27,0.5765180190404257,0.672431210676829,0.4504310344827586,0.6384689344905299,0.6,0.0,0.0,0.0,0.0,0.0,0.0,0.0,0.0,0.0,2002,radio,0.5
2,4,lr5e-05_bs16_modL1_fusion32_fusionL1_drop0p2_trmiss50_trlocradio,16,5e-05,1,32,1,0.2,lr5e-05_bs16_modL1_fusion32_fusionL1_drop0p2_trmiss50_trlocradio,28,0.5650718063116074,0.6714525620142618,0.44612068965517243,0.6458411162185119,0.6,0.0,0.0,0.0,0.0,0.0,0.0,0.0,0.0,0.0,2002,radio,0.5
2,4,lr5e-05_bs16_modL1_fusion32_fusionL1_drop0p2_trmiss50_trlocradio,16,5e-05,1,32,1,0.2,lr5e-05_bs16_modL1_fusion32_fusionL1_drop0p2_trmiss50_trlocradio,29,0.5756554504235586,0.6709440350532532,0.4568965517241379,0.648241477033448,0.6,0.0,0.0,0.0,0.0,0.0,0.0,0.0,0.0,0.0,2002,radio,0.5
2,4,lr5e-05_bs16_modL1_fusion32_fusionL1_drop0p2_trmiss50_trlocradio,16,5e-05,1,32,1,0.2,lr5e-05_bs16_modL1_fusion32_fusionL1_drop0p2_trmiss50_trlocradio,30,0.580527700483799,0.6733262141545614,0.4418103448275862,0.6183182279174096,0.6444444444444445,0.0,0.0,0.0,0.0,0.0,0.0,0.0,0.0,0.0,2002,radio,0.5
2,4,lr5e-05_bs16_modL1_fusion32_fusionL1_drop0p2_trmiss50_trlocradio,16,5e-05,1,32,1,0.2,lr5e-05_bs16_modL1_fusion32_fusionL1_drop0p2_trmiss50_trlocradio,31,0.5636423577864965,0.6711342136065165,0.4504310344827587,0.625202292402086,0.6444444444444445,0.0,0.0,0.0,0.0,0.0,0.0,0.0,0.0,0.0,2002,radio,0.5
2,4,lr5e-05_bs16_modL1_fusion32_fusionL1_drop0p2_trmiss50_trlocradio,16,5e-05,1,32,1,0.2,lr5e-05_bs16_modL1_fusion32_fusionL1_drop0p2_trmiss50_trlocradio,32,0.5588176076610883,0.6732079188028971,0.4547413793103448,0.6246248794178616,0.6,0.0,0.0,0.0,0.0,0.0,0.0,0.0,0.0,0.0,2002,radio,0.5
2,4,lr5e-05_bs16_modL1_fusion32_fusionL1_drop0p2_trmiss50_trlocradio,16,5e-05,1,32,1,0.2,lr5e-05_bs16_modL1_fusion32_fusionL1_drop0p2_trmiss50_trlocradio,33,0.5876446763674418,0.6748746236165365,0.44827586206896547,0.627562926415009,0.6,0.0,0.0,0.0,0.0,0.0,0.0,0.0,0.0,0.0,2002,radio,0.5
2,4,lr5e-05_bs16_modL1_fusion32_fusionL1_drop0p2_trmiss50_trlocradio,16,5e-05,1,32,1,0.2,lr5e-05_bs16_modL1_fusion32_fusionL1_drop0p2_trmiss50_trlocradio,34,0.5677167847752571,0.6742545366287231,0.45689655172413796,0.6311336302405853,0.6,0.0,0.0,0.0,0.0,0.0,0.0,0.0,0.0,0.0,2002,radio,0.5
2,4,lr5e-05_bs16_modL1_fusion32_fusionL1_drop0p2_trmiss50_trlocradio,16,5e-05,1,32,1,0.2,lr5e-05_bs16_modL1_fusion32_fusionL1_drop0p2_trmiss50_trlocradio,35,0.5753286480903625,0.6723744869232178,0.47198275862068967,0.6343050027920855,0.6444444444444445,0.0,0.0,0.0,0.0,0.0,0.0,0.0,0.0,0.0,2002,radio,0.5
2,4,lr5e-05_bs16_modL1_fusion32_fusionL1_drop0p2_trmiss50_trlocradio,16,5e-05,1,32,1,0.2,lr5e-05_bs16_modL1_fusion32_fusionL1_drop0p2_trmiss50_trlocradio,36,0.5521426623066267,0.6743326584498087,0.4568965517241379,0.633490247567729,0.6222222222222222,0.0,0.0,0.0,0.0,0.0,0.0,0.0,0.0,0.0,2002,radio,0.5
2,4,lr5e-05_bs16_modL1_fusion32_fusionL1_drop0p2_trmiss50_trlocradio,16,5e-05,1,32,1,0.2,lr5e-05_bs16_modL1_fusion32_fusionL1_drop0p2_trmiss50_trlocradio,37,0.5774843171238899,0.6786389350891113,0.4331896551724138,0.6160448503515275,0.6,0.0,0.0,0.0,0.0,0.0,0.0,0.0,0.0,0.0,2002,radio,0.5
2,4,lr5e-05_bs16_modL1_fusion32_fusionL1_drop0p2_trmiss50_trlocradio,16,5e-05,1,32,1,0.2,lr5e-05_bs16_modL1_fusion32_fusionL1_drop0p2_trmiss50_trlocradio,38,0.5835531204938889,0.6729635198911031,0.4655172413793104,0.6361528385994856,0.6,0.0,0.0,0.0,0.0,0.0,0.0,0.0,0.0,0.0,2002,radio,0.5
2,4,lr5e-05_bs16_modL1_fusion32_fusionL1_drop0p2_trmiss50_trlocradio,16,5e-05,1,32,1,0.2,lr5e-05_bs16_modL1_fusion32_fusionL1_drop0p2_trmiss50_trlocradio,39,0.5726126283407211,0.6739259958267212,0.4396551724137931,0.6418985177772576,0.6,0.0,0.0,0.0,0.0,0.0,0.0,0.0,0.0,0.0,2002,radio,0.5
2,4,lr5e-05_bs16_modL1_fusion32_fusionL1_drop0p2_trmiss50_trlocradio,16,5e-05,1,32,1,0.2,lr5e-05_bs16_modL1_fusion32_fusionL1_drop0p2_trmiss50_trlocradio,40,0.5943810939788818,0.6751885016759237,0.4676724137931034,0.6352359696338935,0.6222222222222222,0.0,0.0,0.0,0.0,0.0,0.0,0.0,0.0,0.0,2002,radio,0.5
2,4,lr5e-05_bs16_modL1_fusion32_fusionL1_drop0p2_trmiss50_trlocradio,16,5e-05,1,32,1,0.2,lr5e-05_bs16_modL1_fusion32_fusionL1_drop0p2_trmiss50_trlocradio,41,0.556980311870575,0.673546036084493,0.4461206896551724,0.6209502252454924,0.6444444444444445,0.0,0.0,0.0,0.0,0.0,0.0,0.0,0.0,0.0,2002,radio,0.5
2,4,lr5e-05_bs16_modL1_fusion32_fusionL1_drop0p2_trmiss50_trlocradio,16,5e-05,1,32,1,0.2,lr5e-05_bs16_modL1_fusion32_fusionL1_drop0p2_trmiss50_trlocradio,42,0.5649498105049133,0.6711623072624207,0.44181034482758624,0.6429508934759006,0.6,0.0,0.0,0.0,0.0,0.0,0.0,0.0,0.0,0.0,2002,radio,0.5
2,4,lr5e-05_bs16_modL1_fusion32_fusionL1_drop0p2_trmiss50_trlocradio,16,5e-05,1,32,1,0.2,lr5e-05_bs16_modL1_fusion32_fusionL1_drop0p2_trmiss50_trlocradio,43,0.5689263194799423,0.6764996846516927,0.43103448275862066,0.6198364267242945,0.6,0.0,0.0,0.0,0.0,0.0,0.0,0.0,0.0,0.0,2002,radio,0.5
2,4,lr5e-05_bs16_modL1_fusion32_fusionL1_drop0p2_trmiss50_trlocradio,16,5e-05,1,32,1,0.2,lr5e-05_bs16_modL1_fusion32_fusionL1_drop0p2_trmiss50_trlocradio,44,0.5770657310883204,0.6753046711285909,0.4331896551724138,0.6213064786838541,0.6222222222222222,0.0,0.0,0.0,0.0,0.0,0.0,0.0,0.0,0.0,2002,radio,0.5
2,4,lr5e-05_bs16_modL1_fusion32_fusionL1_drop0p2_trmiss50_trlocradio,16,5e-05,1,32,1,0.2,lr5e-05_bs16_modL1_fusion32_fusionL1_drop0p2_trmiss50_trlocradio,45,0.5977346748113632,0.6755369702974955,0.4267241379310345,0.6124536647012909,0.6222222222222222,0.0,0.0,0.0,0.0,0.0,0.0,0.0,0.0,0.0,2002,radio,0.5
2,4,lr5e-05_bs16_modL1_fusion32_fusionL1_drop0p2_trmiss50_trlocradio,16,5e-05,1,32,1,0.2,lr5e-05_bs16_modL1_fusion32_fusionL1_drop0p2_trmiss50_trlocradio,46,0.5696707665920258,0.6718946894009908,0.4504310344827587,0.6296378591520607,0.6222222222222222,0.0,0.0,0.0,0.0,0.0,0.0,0.0,0.0,0.0,2002,radio,0.5
2,4,lr5e-05_bs16_modL1_fusion32_fusionL1_drop0p2_trmiss50_trlocradio,16,5e-05,1,32,1,0.2,lr5e-05_bs16_modL1_fusion32_fusionL1_drop0p2_trmiss50_trlocradio,47,0.5697592943906784,0.6744881669680277,0.43103448275862066,0.617563454170576,0.6,0.0,0.0,0.0,0.0,0.0,0.0,0.0,0.0,0.0,2002,radio,0.5
2,4,lr5e-05_bs16_modL1_fusion32_fusionL1_drop0p2_trmiss50_trlocradio,16,5e-05,1,32,1,0.2,lr5e-05_bs16_modL1_fusion32_fusionL1_drop0p2_trmiss50_trlocradio,48,0.5668358206748962,0.6721027493476868,0.4504310344827586,0.6300198742192334,0.6222222222222222,0.0,0.0,0.0,0.0,0.0,0.0,0.0,0.0,0.0,2002,radio,0.5
2,4,lr5e-05_bs16_modL1_fusion32_fusionL1_drop0p2_trmiss50_trlocradio,16,5e-05,1,32,1,0.2,lr5e-05_bs16_modL1_fusion32_fusionL1_drop0p2_trmiss50_trlocradio,49,0.5593932395180067,0.6726787487665812,0.4698275862068966,0.635185862833057,0.6,0.0,0.0,0.0,0.0,0.0,0.0,0.0,0.0,0.0,2002,radio,0.5
2,4,lr5e-05_bs16_modL1_fusion32_fusionL1_drop0p2_trmiss50_trlocradio,16,5e-05,1,32,1,0.2,lr5e-05_bs16_modL1_fusion32_fusionL1_drop0p2_trmiss50_trlocradio,50,0.5741310516993204,0.6693966388702393,0.4676724137931034,0.6563238177660388,0.6,0.0,0.0,0.0,0.0,0.0,0.0,0.0,0.0,0.0,2002,radio,0.5
2,4,lr5e-05_bs16_modL1_fusion32_fusionL1_drop0p2_trmiss50_trlocradio,16,5e-05,1,32,1,0.2,lr5e-05_bs16_modL1_fusion32_fusionL1_drop0p2_trmiss50_trlocradio,51,0.5826226274172465,0.672380248705546,0.43965517241379315,0.6371124569004921,0.6,0.0,0.0,0.0,0.0,0.0,0.0,0.0,0.0,0.0,2002,radio,0.5
2,4,lr5e-05_bs16_modL1_fusion32_fusionL1_drop0p2_trmiss50_trlocradio,16,5e-05,1,32,1,0.2,lr5e-05_bs16_modL1_fusion32_fusionL1_drop0p2_trmiss50_trlocradio,52,0.5688268293937048,0.6757327914237976,0.4331896551724138,0.6192686918457738,0.6222222222222222,0.0,0.0,0.0,0.0,0.0,0.0,0.0,0.0,0.0,2002,radio,0.5
2,4,lr5e-05_bs16_modL1_fusion32_fusionL1_drop0p2_trmiss50_trlocradio,16,5e-05,1,32,1,0.2,lr5e-05_bs16_modL1_fusion32_fusionL1_drop0p2_trmiss50_trlocradio,53,0.5817540287971497,0.6771190961201986,0.43534482758620685,0.613829034210789,0.6,0.0,0.0,0.0,0.0,0.0,0.0,0.0,0.0,0.0,2002,radio,0.5
2,4,lr5e-05_bs16_modL1_fusion32_fusionL1_drop0p2_trmiss50_trlocradio,16,5e-05,1,32,1,0.2,lr5e-05_bs16_modL1_fusion32_fusionL1_drop0p2_trmiss50_trlocradio,54,0.5798319776852926,0.673385759194692,0.45258620689655177,0.6408876312791149,0.6222222222222222,0.0,0.0,0.0,0.0,0.0,0.0,0.0,0.0,0.0,2002,radio,0.5
2,4,lr5e-05_bs16_modL1_fusion32_fusionL1_drop0p2_trmiss50_trlocradio,16,5e-05,1,32,1,0.2,lr5e-05_bs16_modL1_fusion32_fusionL1_drop0p2_trmiss50_trlocradio,55,0.6016261726617813,0.6729983488718668,0.45905172413793105,0.6254882018032283,0.6,0.0,0.0,0.0,0.0,0.0,0.0,0.0,0.0,0.0,2002,radio,0.5
2,4,lr5e-05_bs16_modL1_fusion32_fusionL1_drop0p1_trmiss50_trlocradio,16,5e-05,1,32,1,0.1,lr5e-05_bs16_modL1_fusion32_fusionL1_drop0p1_trmiss50_trlocradio,1,0.7118211388587952,0.7003955642382304,0.37931034482758624,0.5963233168191416,0.5333333333333333,0.0,0.0,0.0,0.0,0.0,0.0,0.0,0.0,0.0,2002,radio,0.5
2,4,lr5e-05_bs16_modL1_fusion32_fusionL1_drop0p1_trmiss50_trlocradio,16,5e-05,1,32,1,0.1,lr5e-05_bs16_modL1_fusion32_fusionL1_drop0p1_trmiss50_trlocradio,2,0.6820287903149923,0.6973715821901957,0.40948275862068967,0.6195746201244969,0.5777777777777777,0.0,0.0,0.0,0.0,0.0,0.0,0.0,0.0,0.0,2002,radio,0.5
2,4,lr5e-05_bs16_modL1_fusion32_fusionL1_drop0p1_trmiss50_trlocradio,16,5e-05,1,32,1,0.1,lr5e-05_bs16_modL1_fusion32_fusionL1_drop0p1_trmiss50_trlocradio,3,0.6540778378645579,0.689079761505127,0.46336206896551724,0.6722055707089493,0.5333333333333333,0.0,0.0,0.0,0.0,0.0,0.0,0.0,0.0,0.0,2002,radio,0.5
2,4,lr5e-05_bs16_modL1_fusion32_fusionL1_drop0p1_trmiss50_trlocradio,16,5e-05,1,32,1,0.1,lr5e-05_bs16_modL1_fusion32_fusionL1_drop0p1_trmiss50_trlocradio,4,0.6353121598561605,0.6907082001368204,0.46120689655172414,0.6452815303864807,0.5555555555555556,0.0,0.0,0.0,0.0,0.0,0.0,0.0,0.0,0.0,2002,radio,0.5
2,4,lr5e-05_bs16_modL1_fusion32_fusionL1_drop0p1_trmiss50_trlocradio,16,5e-05,1,32,1,0.1,lr5e-05_bs16_modL1_fusion32_fusionL1_drop0p1_trmiss50_trlocradio,5,0.6104750633239746,0.6910507877667745,0.4698275862068966,0.641819346227289,0.5777777777777777,0.0,0.0,0.0,0.0,0.0,0.0,0.0,0.0,0.0,2002,radio,0.5
2,4,lr5e-05_bs16_modL1_fusion32_fusionL1_drop0p1_trmiss50_trlocradio,16,5e-05,1,32,1,0.1,lr5e-05_bs16_modL1_fusion32_fusionL1_drop0p1_trmiss50_trlocradio,6,0.6085570504268011,0.6915450890858968,0.4547413793103448,0.6528837852169048,0.5777777777777777,0.0,0.0,0.0,0.0,0.0,0.0,0.0,0.0,0.0,2002,radio,0.5
2,4,lr5e-05_bs16_modL1_fusion32_fusionL1_drop0p1_trmiss50_trlocradio,16,5e-05,1,32,1,0.1,lr5e-05_bs16_modL1_fusion32_fusionL1_drop0p1_trmiss50_trlocradio,7,0.5971158742904663,0.6831049919128418,0.4676724137931035,0.6863778376230524,0.5777777777777777,0.0,0.0,0.0,0.0,0.0,0.0,0.0,0.0,0.0,2002,radio,0.5
2,4,lr5e-05_bs16_modL1_fusion32_fusionL1_drop0p1_trmiss50_trlocradio,16,5e-05,1,32,1,0.1,lr5e-05_bs16_modL1_fusion32_fusionL1_drop0p1_trmiss50_trlocradio,8,0.5743708113829294,0.6818779905637106,0.45689655172413796,0.6364922610125129,0.6,0.0,0.0,0.0,0.0,0.0,0.0,0.0,0.0,0.0,2002,radio,0.5
2,4,lr5e-05_bs16_modL1_fusion32_fusionL1_drop0p1_trmiss50_trlocradio,16,5e-05,1,32,1,0.1,lr5e-05_bs16_modL1_fusion32_fusionL1_drop0p1_trmiss50_trlocradio,9,0.6006697515646616,0.6838329037030538,0.45689655172413796,0.5937586768774485,0.6,0.0,0.0,0.0,0.0,0.0,0.0,0.0,0.0,0.0,2002,radio,0.5
2,4,lr5e-05_bs16_modL1_fusion32_fusionL1_drop0p1_trmiss50_trlocradio,16,5e-05,1,32,1,0.1,lr5e-05_bs16_modL1_fusion32_fusionL1_drop0p1_trmiss50_trlocradio,10,0.5689825862646103,0.6893410881360372,0.4676724137931035,0.6108460737346529,0.6222222222222222,0.0,0.0,0.0,0.0,0.0,0.0,0.0,0.0,0.0,2002,radio,0.5
2,4,lr5e-05_bs16_modL1_fusion32_fusionL1_drop0p1_trmiss50_trlocradio,16,5e-05,1,32,1,0.1,lr5e-05_bs16_modL1_fusion32_fusionL1_drop0p1_trmiss50_trlocradio,11,0.5495276153087616,0.6855346957842509,0.4870689655172414,0.6304296442576472,0.6,0.0,0.0,0.0,0.0,0.0,0.0,0.0,0.0,0.0,2002,radio,0.5
2,4,lr5e-05_bs16_modL1_fusion32_fusionL1_drop0p1_trmiss50_trlocradio,16,5e-05,1,32,1,0.1,lr5e-05_bs16_modL1_fusion32_fusionL1_drop0p1_trmiss50_trlocradio,12,0.5672233154376348,0.6837150851885477,0.47844827586206895,0.6482472004209435,0.6,0.0,0.0,0.0,0.0,0.0,0.0,0.0,0.0,0.0,2002,radio,0.5
2,4,lr5e-05_bs16_modL1_fusion32_fusionL1_drop0p1_trmiss50_trlocradio,16,5e-05,1,32,1,0.1,lr5e-05_bs16_modL1_fusion32_fusionL1_drop0p1_trmiss50_trlocradio,13,0.5589638352394104,0.683477501074473,0.46120689655172414,0.6364015586195425,0.5777777777777777,0.0,0.0,0.0,0.0,0.0,0.0,0.0,0.0,0.0,2002,radio,0.5
2,4,lr5e-05_bs16_modL1_fusion32_fusionL1_drop0p1_trmiss50_trlocradio,16,5e-05,1,32,1,0.1,lr5e-05_bs16_modL1_fusion32_fusionL1_drop0p1_trmiss50_trlocradio,14,0.5278814708193144,0.6841474175453186,0.5043103448275863,0.6415154542985657,0.6,0.0,0.0,0.0,0.0,0.0,0.0,0.0,0.0,0.0,2002,radio,0.5
2,4,lr5e-05_bs16_modL1_fusion32_fusionL1_drop0p1_trmiss50_trlocradio,16,5e-05,1,32,1,0.1,lr5e-05_bs16_modL1_fusion32_fusionL1_drop0p1_trmiss50_trlocradio,15,0.5147998332977295,0.6816833019256592,0.4956896551724138,0.6249450962411165,0.6444444444444445,0.0,0.0,0.0,0.0,0.0,0.0,0.0,0.0,0.0,2002,radio,0.5
2,4,lr5e-05_bs16_modL1_fusion32_fusionL1_drop0p1_trmiss50_trlocradio,16,5e-05,1,32,1,0.1,lr5e-05_bs16_modL1_fusion32_fusionL1_drop0p1_trmiss50_trlocradio,16,0.5359246457616488,0.6836997667948405,0.4935344827586207,0.62963360696411,0.6,0.0,0.0,0.0,0.0,0.0,0.0,0.0,0.0,0.0,2002,radio,0.5
2,4,lr5e-05_bs16_modL1_fusion32_fusionL1_drop0p1_trmiss50_trlocradio,16,5e-05,1,32,1,0.1,lr5e-05_bs16_modL1_fusion32_fusionL1_drop0p1_trmiss50_trlocradio,17,0.5089489469925562,0.6860048174858093,0.49137931034482757,0.6245732238424033,0.6,0.0,0.0,0.0,0.0,0.0,0.0,0.0,0.0,0.0,2002,radio,0.5
2,4,lr5e-05_bs16_modL1_fusion32_fusionL1_drop0p1_trmiss50_trlocradio,16,5e-05,1,32,1,0.1,lr5e-05_bs16_modL1_fusion32_fusionL1_drop0p1_trmiss50_trlocradio,18,0.5051772023240725,0.6893861492474874,0.49568965517241376,0.6314143595101592,0.5777777777777777,0.0,0.0,0.0,0.0,0.0,0.0,0.0,0.0,0.0,2002,radio,0.5
2,4,lr5e-05_bs16_modL1_fusion32_fusionL1_drop0p1_trmiss50_trlocradio,16,5e-05,1,32,1,0.1,lr5e-05_bs16_modL1_fusion32_fusionL1_drop0p1_trmiss50_trlocradio,19,0.4964703842997551,0.6916117072105408,0.4978448275862069,0.6272543529439635,0.5777777777777777,0.0,0.0,0.0,0.0,0.0,0.0,0.0,0.0,0.0,2002,radio,0.5
2,4,lr5e-05_bs16_modL1_fusion32_fusionL1_drop0p1_trmiss50_trlocradio,16,5e-05,1,32,1,0.1,lr5e-05_bs16_modL1_fusion32_fusionL1_drop0p1_trmiss50_trlocradio,20,0.5232290650407473,0.698661208152771,0.48060344827586204,0.6266276465415118,0.5111111111111111,0.0,0.0,0.0,0.0,0.0,0.0,0.0,0.0,0.0,2002,radio,0.5
2,4,lr5e-05_bs16_modL1_fusion32_fusionL1_drop0p1_trmiss50_trlocradio,16,5e-05,1,32,1,0.1,lr5e-05_bs16_modL1_fusion32_fusionL1_drop0p1_trmiss50_trlocradio,21,0.5056678578257561,0.6988446712493896,0.4741379310344827,0.620020999327988,0.6,0.0,0.0,0.0,0.0,0.0,0.0,0.0,0.0,0.0,2002,radio,0.5
2,4,lr5e-05_bs16_modL1_fusion32_fusionL1_drop0p1_trmiss50_trlocradio,16,5e-05,1,32,1,0.1,lr5e-05_bs16_modL1_fusion32_fusionL1_drop0p1_trmiss50_trlocradio,22,0.5099801073471705,0.6958572665850321,0.4806034482758621,0.6230311099166098,0.5777777777777777,0.0,0.0,0.0,0.0,0.0,0.0,0.0,0.0,0.0,2002,radio,0.5
2,4,lr5e-05_bs16_modL1_fusion32_fusionL1_drop0p1_trmiss50_trlocradio,16,5e-05,1,32,1,0.1,lr5e-05_bs16_modL1_fusion32_fusionL1_drop0p1_trmiss50_trlocradio,23,0.5015460103750229,0.7002996404965719,0.48060344827586204,0.6226653540130617,0.5555555555555556,0.0,0.0,0.0,0.0,0.0,0.0,0.0,0.0,0.0,2002,radio,0.5
2,4,lr5e-05_bs16_modL1_fusion32_fusionL1_drop0p1_trmiss50_trlocradio,16,5e-05,1,32,1,0.1,lr5e-05_bs16_modL1_fusion32_fusionL1_drop0p1_trmiss50_trlocradio,24,0.503160352508227,0.6976515452067057,0.4827586206896552,0.619384680312107,0.6,0.0,0.0,0.0,0.0,0.0,0.0,0.0,0.0,0.0,2002,radio,0.5
2,4,lr5e-05_bs16_modL1_fusion32_fusionL1_drop0p1_trmiss50_trlocradio,16,5e-05,1,32,1,0.1,lr5e-05_bs16_modL1_fusion32_fusionL1_drop0p1_trmiss50_trlocradio,25,0.49836023648579914,0.7014959255854288,0.4806034482758621,0.6165269830155826,0.5777777777777777,0.0,0.0,0.0,0.0,0.0,0.0,0.0,0.0,0.0,2002,radio,0.5
2,4,lr5e-05_bs16_modL1_fusion32_fusionL1_drop0p1_trmiss50_trlocradio,16,5e-05,1,32,1,0.1,lr5e-05_bs16_modL1_fusion32_fusionL1_drop0p1_trmiss50_trlocradio,26,0.5075942749778429,0.699775755405426,0.48922413793103453,0.6282465483427192,0.5555555555555556,0.0,0.0,0.0,0.0,0.0,0.0,0.0,0.0,0.0,2002,radio,0.5
2,4,lr5e-05_bs16_modL1_fusion32_fusionL1_drop0p1_trmiss50_trlocradio,16,5e-05,1,32,1,0.1,lr5e-05_bs16_modL1_fusion32_fusionL1_drop0p1_trmiss50_trlocradio,27,0.4810516933600108,0.6945695479710897,0.4870689655172414,0.6246101632393738,0.6666666666666666,0.0,0.0,0.0,0.0,0.0,0.0,0.0,0.0,0.0,2002,radio,0.5
2,4,lr5e-05_bs16_modL1_fusion32_fusionL1_drop0p1_trmiss50_trlocradio,16,5e-05,1,32,1,0.1,lr5e-05_bs16_modL1_fusion32_fusionL1_drop0p1_trmiss50_trlocradio,28,0.48513594021399814,0.6982083519299825,0.48706896551724144,0.6201947153702873,0.6222222222222222,0.0,0.0,0.0,0.0,0.0,0.0,0.0,0.0,0.0,2002,radio,0.5
2,4,lr5e-05_bs16_modL1_fusion32_fusionL1_drop0p1_trmiss50_trlocradio,16,5e-05,1,32,1,0.1,lr5e-05_bs16_modL1_fusion32_fusionL1_drop0p1_trmiss50_trlocradio,29,0.486218124628067,0.6951521237691244,0.48275862068965514,0.6193258903528555,0.6444444444444445,0.0,0.0,0.0,0.0,0.0,0.0,0.0,0.0,0.0,2002,radio,0.5
2,4,lr5e-05_bs16_modL1_fusion32_fusionL1_drop0p1_trmiss50_trlocradio,16,5e-05,1,32,1,0.1,lr5e-05_bs16_modL1_fusion32_fusionL1_drop0p1_trmiss50_trlocradio,30,0.48755674560864765,0.6991414626439413,0.48491379310344823,0.6186636054779339,0.6666666666666666,0.0,0.0,0.0,0.0,0.0,0.0,0.0,0.0,0.0,2002,radio,0.5
2,4,lr5e-05_bs16_modL1_fusion32_fusionL1_drop0p1_trmiss50_trlocradio,16,5e-05,1,32,1,0.1,lr5e-05_bs16_modL1_fusion32_fusionL1_drop0p1_trmiss50_trlocradio,31,0.48219656695922214,0.6990973949432373,0.4806034482758621,0.6157013144074328,0.6,0.0,0.0,0.0,0.0,0.0,0.0,0.0,0.0,0.0,2002,radio,0.5
2,4,lr5e-05_bs16_modL1_fusion32_fusionL1_drop0p1_trmiss50_trlocradio,16,5e-05,1,32,1,0.1,lr5e-05_bs16_modL1_fusion32_fusionL1_drop0p1_trmiss50_trlocradio,32,0.47854552914698917,0.6992960770924886,0.4913793103448276,0.6192612145093815,0.5777777777777777,0.0,0.0,0.0,0.0,0.0,0.0,0.0,0.0,0.0,2002,radio,0.5
2,4,lr5e-05_bs16_modL1_fusion32_fusionL1_drop0p1_trmiss50_trlocradio,16,5e-05,1,32,1,0.1,lr5e-05_bs16_modL1_fusion32_fusionL1_drop0p1_trmiss50_trlocradio,33,0.4861024518807729,0.6990373531977335,0.48060344827586204,0.612013493024069,0.5555555555555556,0.0,0.0,0.0,0.0,0.0,0.0,0.0,0.0,0.0,2002,radio,0.5
2,4,lr5e-05_bs16_modL1_fusion32_fusionL1_drop0p1_trmiss50_trlocradio,16,5e-05,1,32,1,0.1,lr5e-05_bs16_modL1_fusion32_fusionL1_drop0p1_trmiss50_trlocradio,34,0.4664556458592415,0.699358602364858,0.4762931034482758,0.6148466403012868,0.5555555555555556,0.0,0.0,0.0,0.0,0.0,0.0,0.0,0.0,0.0,2002,radio,0.5
2,4,lr5e-05_bs16_modL1_fusion64_fusionL1_drop0p2_trmiss50_trlocradio,16,5e-05,1,64,1,0.2,lr5e-05_bs16_modL1_fusion64_fusionL1_drop0p2_trmiss50_trlocradio,1,0.6984472672144572,0.6877435247103373,0.48491379310344823,0.6688632171136631,0.5333333333333333,0.0,0.0,0.0,0.0,0.0,0.0,0.0,0.0,0.0,2002,radio,0.5
2,4,lr5e-05_bs16_modL1_fusion64_fusionL1_drop0p2_trmiss50_trlocradio,16,5e-05,1,64,1,0.2,lr5e-05_bs16_modL1_fusion64_fusionL1_drop0p2_trmiss50_trlocradio,2,0.6516927431027094,0.6816741029421488,0.5258620689655172,0.6886467629815859,0.5111111111111111,0.0,0.0,0.0,0.0,0.0,0.0,0.0,0.0,0.0,2002,radio,0.5
2,4,lr5e-05_bs16_modL1_fusion64_fusionL1_drop0p2_trmiss50_trlocradio,16,5e-05,1,64,1,0.2,lr5e-05_bs16_modL1_fusion64_fusionL1_drop0p2_trmiss50_trlocradio,3,0.6241243630647659,0.6752713918685913,0.5452586206896552,0.7243590607394343,0.5333333333333333,0.0,0.0,0.0,0.0,0.0,0.0,0.0,0.0,0.0,2002,radio,0.5
2,4,lr5e-05_bs16_modL1_fusion64_fusionL1_drop0p2_trmiss50_trlocradio,16,5e-05,1,64,1,0.2,lr5e-05_bs16_modL1_fusion64_fusionL1_drop0p2_trmiss50_trlocradio,4,0.5799225370089213,0.6591406265894572,0.6120689655172413,0.7470082422458678,0.5777777777777777,0.0,0.0,0.0,0.0,0.0,0.0,0.0,0.0,0.0,2002,radio,0.5
2,4,lr5e-05_bs16_modL1_fusion64_fusionL1_drop0p2_trmiss50_trlocradio,16,5e-05,1,64,1,0.2,lr5e-05_bs16_modL1_fusion64_fusionL1_drop0p2_trmiss50_trlocradio,5,0.6129734615484873,0.6602136294047037,0.622844827586207,0.7495409262221148,0.5777777777777777,0.0,0.0,0.0,0.0,0.0,0.0,0.0,0.0,0.0,2002,radio,0.5
2,4,lr5e-05_bs16_modL1_fusion64_fusionL1_drop0p2_trmiss50_trlocradio,16,5e-05,1,64,1,0.2,lr5e-05_bs16_modL1_fusion64_fusionL1_drop0p2_trmiss50_trlocradio,6,0.5689874490102133,0.6519677440325419,0.6336206896551724,0.7792716839086421,0.6,0.0,0.0,0.0,0.0,0.0,0.0,0.0,0.0,0.0,2002,radio,0.5
2,4,lr5e-05_bs16_modL1_fusion64_fusionL1_drop0p2_trmiss50_trlocradio,16,5e-05,1,64,1,0.2,lr5e-05_bs16_modL1_fusion64_fusionL1_drop0p2_trmiss50_trlocradio,7,0.5736662745475769,0.6489783922831217,0.6422413793103449,0.7827840430411533,0.6222222222222222,0.0,0.0,0.0,0.0,0.0,0.0,0.0,0.0,0.0,2002,radio,0.5
2,4,lr5e-05_bs16_modL1_fusion64_fusionL1_drop0p2_trmiss50_trlocradio,16,5e-05,1,64,1,0.2,lr5e-05_bs16_modL1_fusion64_fusionL1_drop0p2_trmiss50_trlocradio,8,0.545781229933103,0.6469009319941202,0.6443965517241379,0.7734144801137827,0.6,0.0,0.0,0.0,0.0,0.0,0.0,0.0,0.0,0.0,2002,radio,0.5
2,4,lr5e-05_bs16_modL1_fusion64_fusionL1_drop0p2_trmiss50_trlocradio,16,5e-05,1,64,1,0.2,lr5e-05_bs16_modL1_fusion64_fusionL1_drop0p2_trmiss50_trlocradio,9,0.5446932738025984,0.6428994933764139,0.6357758620689655,0.771179928526392,0.6444444444444445,0.0,0.0,0.0,0.0,0.0,0.0,0.0,0.0,0.0,2002,radio,0.5
2,4,lr5e-05_bs16_modL1_fusion64_fusionL1_drop0p2_trmiss50_trlocradio,16,5e-05,1,64,1,0.2,lr5e-05_bs16_modL1_fusion64_fusionL1_drop0p2_trmiss50_trlocradio,10,0.5427345782518387,0.6468833088874817,0.6573275862068967,0.7809367746084673,0.6444444444444445,0.0,0.0,0.0,0.0,0.0,0.0,0.0,0.0,0.0,2002,radio,0.5
2,4,lr5e-05_bs16_modL1_fusion64_fusionL1_drop0p2_trmiss50_trlocradio,16,5e-05,1,64,1,0.2,lr5e-05_bs16_modL1_fusion64_fusionL1_drop0p2_trmiss50_trlocradio,11,0.5314290995399157,0.6445754170417786,0.6767241379310346,0.7900132215142132,0.6,0.0,0.0,0.0,0.0,0.0,0.0,0.0,0.0,0.0,2002,radio,0.5
2,4,lr5e-05_bs16_modL1_fusion64_fusionL1_drop0p2_trmiss50_trlocradio,16,5e-05,1,64,1,0.2,lr5e-05_bs16_modL1_fusion64_fusionL1_drop0p2_trmiss50_trlocradio,12,0.5078322092692057,0.6528047124544779,0.6616379310344828,0.7866149285131138,0.6444444444444445,0.0,0.0,0.0,0.0,0.0,0.0,0.0,0.0,0.0,2002,radio,0.5
2,4,lr5e-05_bs16_modL1_fusion64_fusionL1_drop0p2_trmiss50_trlocradio,16,5e-05,1,64,1,0.2,lr5e-05_bs16_modL1_fusion64_fusionL1_drop0p2_trmiss50_trlocradio,13,0.5177054355541865,0.6538425882657369,0.6551724137931034,0.7821045405236619,0.6,0.0,0.0,0.0,0.0,0.0,0.0,0.0,0.0,0.0,2002,radio,0.5
2,4,lr5e-05_bs16_modL1_fusion64_fusionL1_drop0p2_trmiss50_trlocradio,16,5e-05,1,64,1,0.2,lr5e-05_bs16_modL1_fusion64_fusionL1_drop0p2_trmiss50_trlocradio,14,0.48678845663865405,0.6504788200060526,0.6508620689655172,0.7840887962459943,0.6222222222222222,0.0,0.0,0.0,0.0,0.0,0.0,0.0,0.0,0.0,2002,radio,0.5
2,4,lr5e-05_bs16_modL1_fusion64_fusionL1_drop0p2_trmiss50_trlocradio,16,5e-05,1,64,1,0.2,lr5e-05_bs16_modL1_fusion64_fusionL1_drop0p2_trmiss50_trlocradio,15,0.4849946176012357,0.6451281706492106,0.6530172413793103,0.7866482164649303,0.6222222222222222,0.0,0.0,0.0,0.0,0.0,0.0,0.0,0.0,0.0,2002,radio,0.5
2,4,lr5e-05_bs16_modL1_fusion64_fusionL1_drop0p2_trmiss50_trlocradio,16,5e-05,1,64,1,0.2,lr5e-05_bs16_modL1_fusion64_fusionL1_drop0p2_trmiss50_trlocradio,16,0.4642226720849673,0.6534850001335144,0.6573275862068965,0.7829941885126755,0.6222222222222222,0.0,0.0,0.0,0.0,0.0,0.0,0.0,0.0,0.0,2002,radio,0.5
2,4,lr5e-05_bs16_modL1_fusion64_fusionL1_drop0p2_trmiss50_trlocradio,16,5e-05,1,64,1,0.2,lr5e-05_bs16_modL1_fusion64_fusionL1_drop0p2_trmiss50_trlocradio,17,0.45544227957725525,0.6544171174367269,0.646551724137931,0.7766487552339941,0.6222222222222222,0.0,0.0,0.0,0.0,0.0,0.0,0.0,0.0,0.0,2002,radio,0.5
2,4,lr5e-05_bs16_modL1_fusion64_fusionL1_drop0p2_trmiss50_trlocradio,16,5e-05,1,64,1,0.2,lr5e-05_bs16_modL1_fusion64_fusionL1_drop0p2_trmiss50_trlocradio,18,0.4661802922685941,0.6451327800750732,0.6637931034482758,0.7888340065767553,0.6222222222222222,0.0,0.0,0.0,0.0,0.0,0.0,0.0,0.0,0.0,2002,radio,0.5
2,4,lr5e-05_bs16_modL1_fusion64_fusionL1_drop0p2_trmiss50_trlocradio,16,5e-05,1,64,1,0.2,lr5e-05_bs16_modL1_fusion64_fusionL1_drop0p2_trmiss50_trlocradio,19,0.46204309662183124,0.6453169385592142,0.6487068965517241,0.78051081308212,0.6444444444444445,0.0,0.0,0.0,0.0,0.0,0.0,0.0,0.0,0.0,2002,radio,0.5
2,4,lr5e-05_bs16_modL1_fusion64_fusionL1_drop0p2_trmiss50_trlocradio,16,5e-05,1,64,1,0.2,lr5e-05_bs16_modL1_fusion64_fusionL1_drop0p2_trmiss50_trlocradio,20,0.4499780610203743,0.6509266893068949,0.6357758620689655,0.7659974889214364,0.6444444444444445,0.0,0.0,0.0,0.0,0.0,0.0,0.0,0.0,0.0,2002,radio,0.5
2,4,lr5e-05_bs16_modL1_fusion64_fusionL1_drop0p2_trmiss50_trlocradio,16,5e-05,1,64,1,0.2,lr5e-05_bs16_modL1_fusion64_fusionL1_drop0p2_trmiss50_trlocradio,21,0.4520316744844119,0.6415177385012308,0.6573275862068965,0.7809653691342567,0.6444444444444445,0.0,0.0,0.0,0.0,0.0,0.0,0.0,0.0,0.0,2002,radio,0.5
2,4,lr5e-05_bs16_modL1_fusion64_fusionL1_drop0p2_trmiss50_trlocradio,16,5e-05,1,64,1,0.2,lr5e-05_bs16_modL1_fusion64_fusionL1_drop0p2_trmiss50_trlocradio,22,0.4619925394654274,0.6451751589775085,0.6551724137931034,0.7590293792017258,0.6444444444444445,0.0,0.0,0.0,0.0,0.0,0.0,0.0,0.0,0.0,2002,radio,0.5
2,4,lr5e-05_bs16_modL1_fusion64_fusionL1_drop0p2_trmiss50_trlocradio,16,5e-05,1,64,1,0.2,lr5e-05_bs16_modL1_fusion64_fusionL1_drop0p2_trmiss50_trlocradio,23,0.44719618558883667,0.6429377396901449,0.6573275862068965,0.7817783498572825,0.6444444444444445,0.0,0.0,0.0,0.0,0.0,0.0,0.0,0.0,0.0,2002,radio,0.5
2,4,lr5e-05_bs16_modL1_fusion64_fusionL1_drop0p2_trmiss50_trlocradio,16,5e-05,1,64,1,0.2,lr5e-05_bs16_modL1_fusion64_fusionL1_drop0p2_trmiss50_trlocradio,24,0.44178569813569385,0.6450991829236349,0.6487068965517241,0.7661918312703188,0.6666666666666666,0.0,0.0,0.0,0.0,0.0,0.0,0.0,0.0,0.0,2002,radio,0.5
2,4,lr5e-05_bs16_modL1_fusion64_fusionL1_drop0p2_trmiss50_trlocradio,16,5e-05,1,64,1,0.2,lr5e-05_bs16_modL1_fusion64_fusionL1_drop0p2_trmiss50_trlocradio,25,0.4557179237405459,0.6568731268246969,0.6379310344827587,0.7655374067452257,0.6666666666666666,0.0,0.0,0.0,0.0,0.0,0.0,0.0,0.0,0.0,2002,radio,0.5
2,4,lr5e-05_bs16_modL1_fusion64_fusionL1_drop0p2_trmiss50_trlocradio,16,5e-05,1,64,1,0.2,lr5e-05_bs16_modL1_fusion64_fusionL1_drop0p2_trmiss50_trlocradio,26,0.44593092799186707,0.6604883472124735,0.6508620689655172,0.7784756377571785,0.6888888888888889,0.0,0.0,0.0,0.0,0.0,0.0,0.0,0.0,0.0,2002,radio,0.5
2,4,lr5e-05_bs16_modL1_fusion64_fusionL1_drop0p2_trmiss50_trlocradio,16,5e-05,1,64,1,0.2,lr5e-05_bs16_modL1_fusion64_fusionL1_drop0p2_trmiss50_trlocradio,27,0.44048359741767246,0.647517740726471,0.6594827586206897,0.7800903869002559,0.6888888888888889,0.0,0.0,0.0,0.0,0.0,0.0,0.0,0.0,0.0,2002,radio,0.5
2,4,lr5e-05_bs16_modL1_fusion64_fusionL1_drop0p2_trmiss50_trlocradio,16,5e-05,1,64,1,0.2,lr5e-05_bs16_modL1_fusion64_fusionL1_drop0p2_trmiss50_trlocradio,28,0.4202103192607562,0.6526844104131063,0.6659482758620688,0.7856571929746586,0.6888888888888889,0.0,0.0,0.0,0.0,0.0,0.0,0.0,0.0,0.0,2002,radio,0.5
2,4,lr5e-05_bs16_modL1_fusion64_fusionL1_drop0p2_trmiss50_trlocradio,16,5e-05,1,64,1,0.2,lr5e-05_bs16_modL1_fusion64_fusionL1_drop0p2_trmiss50_trlocradio,29,0.4214561755458514,0.657234251499176,0.6508620689655172,0.7762838460447302,0.6666666666666666,0.0,0.0,0.0,0.0,0.0,0.0,0.0,0.0,0.0,2002,radio,0.5
2,4,lr5e-05_bs16_modL1_fusion64_fusionL1_drop0p2_trmiss50_trlocradio,16,5e-05,1,64,1,0.2,lr5e-05_bs16_modL1_fusion64_fusionL1_drop0p2_trmiss50_trlocradio,30,0.4335925504565239,0.6635235150655111,0.6508620689655171,0.7705020530578555,0.6888888888888889,0.0,0.0,0.0,0.0,0.0,0.0,0.0,0.0,0.0,2002,radio,0.5
2,4,lr5e-05_bs16_modL1_fusion64_fusionL1_drop0p2_trmiss50_trlocradio,16,5e-05,1,64,1,0.2,lr5e-05_bs16_modL1_fusion64_fusionL1_drop0p2_trmiss50_trlocradio,31,0.43754978477954865,0.6513871947924296,0.6637931034482759,0.7816668461282325,0.6888888888888889,0.0,0.0,0.0,0.0,0.0,0.0,0.0,0.0,0.0,2002,radio,0.5
2,4,lr5e-05_bs16_modL1_fusion64_fusionL1_drop0p1_trmiss50_trlocradio,16,5e-05,1,64,1,0.1,lr5e-05_bs16_modL1_fusion64_fusionL1_drop0p1_trmiss50_trlocradio,1,0.7700333893299103,0.7335410316785177,0.5301724137931034,0.630537364662678,0.3111111111111111,0.0,0.0,0.0,0.0,0.0,0.0,0.0,0.0,0.0,2002,radio,0.5
2,4,lr5e-05_bs16_modL1_fusion64_fusionL1_drop0p1_trmiss50_trlocradio,16,5e-05,1,64,1,0.1,lr5e-05_bs16_modL1_fusion64_fusionL1_drop0p1_trmiss50_trlocradio,2,0.7382669548193613,0.7425669630368551,0.5301724137931034,0.6462671404582291,0.3333333333333333,0.0,0.0,0.0,0.0,0.0,0.0,0.0,0.0,0.0,2002,radio,0.5
2,4,lr5e-05_bs16_modL1_fusion64_fusionL1_drop0p1_trmiss50_trlocradio,16,5e-05,1,64,1,0.1,lr5e-05_bs16_modL1_fusion64_fusionL1_drop0p1_trmiss50_trlocradio,3,0.7051641990741094,0.7533968687057495,0.5237068965517242,0.6622737465342105,0.35555555555555557,0.0,0.0,0.0,0.0,0.0,0.0,0.0,0.0,0.0,2002,radio,0.5
2,4,lr5e-05_bs16_modL1_fusion64_fusionL1_drop0p1_trmiss50_trlocradio,16,5e-05,1,64,1,0.1,lr5e-05_bs16_modL1_fusion64_fusionL1_drop0p1_trmiss50_trlocradio,4,0.6615535318851471,0.7590611775716146,0.5172413793103449,0.6848662005556079,0.3333333333333333,0.0,0.0,0.0,0.0,0.0,0.0,0.0,0.0,0.0,2002,radio,0.5
2,4,lr5e-05_bs16_modL1_fusion64_fusionL1_drop0p1_trmiss50_trlocradio,16,5e-05,1,64,1,0.1,lr5e-05_bs16_modL1_fusion64_fusionL1_drop0p1_trmiss50_trlocradio,5,0.6629246473312378,0.7518327037493387,0.49784482758620685,0.6732147855938722,0.35555555555555557,0.0,0.0,0.0,0.0,0.0,0.0,0.0,0.0,0.0,2002,radio,0.5
2,4,lr5e-05_bs16_modL1_fusion64_fusionL1_drop0p1_trmiss50_trlocradio,16,5e-05,1,64,1,0.1,lr5e-05_bs16_modL1_fusion64_fusionL1_drop0p1_trmiss50_trlocradio,6,0.6601711561282476,0.756868839263916,0.45689655172413796,0.6376089818227122,0.3333333333333333,0.0,0.0,0.0,0.0,0.0,0.0,0.0,0.0,0.0,2002,radio,0.5
2,4,lr5e-05_bs16_modL1_fusion64_fusionL1_drop0p1_trmiss50_trlocradio,16,5e-05,1,64,1,0.1,lr5e-05_bs16_modL1_fusion64_fusionL1_drop0p1_trmiss50_trlocradio,7,0.6617493033409119,0.7587740023930868,0.4224137931034483,0.6241891178938836,0.3111111111111111,0.0,0.0,0.0,0.0,0.0,0.0,0.0,0.0,0.0,2002,radio,0.5
2,4,lr5e-05_bs16_modL1_fusion64_fusionL1_drop0p1_trmiss50_trlocradio,16,5e-05,1,64,1,0.1,lr5e-05_bs16_modL1_fusion64_fusionL1_drop0p1_trmiss50_trlocradio,8,0.6302521824836731,0.7605429689089457,0.4525862068965517,0.638585818699646,0.35555555555555557,0.0,0.0,0.0,0.0,0.0,0.0,0.0,0.0,0.0,2002,radio,0.5
2,4,lr5e-05_bs16_modL1_fusion64_fusionL1_drop0p1_trmiss50_trlocradio,16,5e-05,1,64,1,0.1,lr5e-05_bs16_modL1_fusion64_fusionL1_drop0p1_trmiss50_trlocradio,9,0.6109908272822698,0.7587338089942932,0.45474137931034486,0.6459550027904085,0.3333333333333333,0.0,0.0,0.0,0.0,0.0,0.0,0.0,0.0,0.0,2002,radio,0.5
2,4,lr5e-05_bs16_modL1_fusion64_fusionL1_drop0p1_trmiss50_trlocradio,16,5e-05,1,64,1,0.1,lr5e-05_bs16_modL1_fusion64_fusionL1_drop0p1_trmiss50_trlocradio,10,0.6283444662888845,0.7522305250167847,0.4353448275862069,0.6408236010097469,0.37777777777777777,0.0,0.0,0.0,0.0,0.0,0.0,0.0,0.0,0.0,2002,radio,0.5
2,4,lr5e-05_bs16_modL1_fusion64_fusionL1_drop0p1_trmiss50_trlocradio,16,5e-05,1,64,1,0.1,lr5e-05_bs16_modL1_fusion64_fusionL1_drop0p1_trmiss50_trlocradio,11,0.6304326206445694,0.7574653426806132,0.4331896551724138,0.6347484859657814,0.3333333333333333,0.0,0.0,0.0,0.0,0.0,0.0,0.0,0.0,0.0,2002,radio,0.5
2,4,lr5e-05_bs16_modL1_fusion64_fusionL1_drop0p1_trmiss50_trlocradio,16,5e-05,1,64,1,0.1,lr5e-05_bs16_modL1_fusion64_fusionL1_drop0p1_trmiss50_trlocradio,12,0.614454542597135,0.7535316745440165,0.43965517241379315,0.6350062418343467,0.35555555555555557,0.0,0.0,0.0,0.0,0.0,0.0,0.0,0.0,0.0,2002,radio,0.5
2,4,lr5e-05_bs16_modL1_fusion64_fusionL1_drop0p1_trmiss50_trlocradio,16,5e-05,1,64,1,0.1,lr5e-05_bs16_modL1_fusion64_fusionL1_drop0p1_trmiss50_trlocradio,13,0.5981085722645124,0.7413252790768942,0.4396551724137931,0.6490890837524418,0.37777777777777777,0.0,0.0,0.0,0.0,0.0,0.0,0.0,0.0,0.0,2002,radio,0.5
2,4,lr5e-05_bs16_modL1_fusion64_fusionL1_drop0p1_trmiss50_trlocradio,16,5e-05,1,64,1,0.1,lr5e-05_bs16_modL1_fusion64_fusionL1_drop0p1_trmiss50_trlocradio,14,0.6023054917653402,0.7481350700060526,0.44396551724137934,0.6446601158078946,0.37777777777777777,0.0,0.0,0.0,0.0,0.0,0.0,0.0,0.0,0.0,2002,radio,0.5
2,4,lr5e-05_bs16_modL1_fusion64_fusionL1_drop0p1_trmiss50_trlocradio,16,5e-05,1,64,1,0.1,lr5e-05_bs16_modL1_fusion64_fusionL1_drop0p1_trmiss50_trlocradio,15,0.6047812799612681,0.7522881825764974,0.4482758620689655,0.6431809118354763,0.35555555555555557,0.0,0.0,0.0,0.0,0.0,0.0,0.0,0.0,0.0,2002,radio,0.5
2,4,lr5e-05_bs16_modL1_fusion64_fusionL1_drop0p1_trmiss50_trlocradio,16,5e-05,1,64,1,0.1,lr5e-05_bs16_modL1_fusion64_fusionL1_drop0p1_trmiss50_trlocradio,16,0.5861780295769373,0.7396571040153503,0.45689655172413796,0.6514510546235589,0.35555555555555557,0.0,0.0,0.0,0.0,0.0,0.0,0.0,0.0,0.0,2002,radio,0.5
2,4,lr5e-05_bs16_modL1_fusion64_fusionL1_drop0p1_trmiss50_trlocradio,16,5e-05,1,64,1,0.1,lr5e-05_bs16_modL1_fusion64_fusionL1_drop0p1_trmiss50_trlocradio,17,0.590107853213946,0.7462769150733948,0.4073275862068966,0.6105111449677109,0.35555555555555557,0.0,0.0,0.0,0.0,0.0,0.0,0.0,0.0,0.0,2002,radio,0.5
2,4,lr5e-05_bs16_modL1_fusion64_fusionL1_drop0p1_trmiss50_trlocradio,16,5e-05,1,64,1,0.1,lr5e-05_bs16_modL1_fusion64_fusionL1_drop0p1_trmiss50_trlocradio,18,0.5738451133171717,0.7428295214970907,0.4267241379310345,0.6313571334075593,0.35555555555555557,0.0,0.0,0.0,0.0,0.0,0.0,0.0,0.0,0.0,2002,radio,0.5
2,4,lr5e-05_bs16_modL1_fusion64_fusionL1_drop0p1_trmiss50_trlocradio,16,5e-05,1,64,1,0.1,lr5e-05_bs16_modL1_fusion64_fusionL1_drop0p1_trmiss50_trlocradio,19,0.5890726695458094,0.7437242468198141,0.4245689655172413,0.6211681511710966,0.3333333333333333,0.0,0.0,0.0,0.0,0.0,0.0,0.0,0.0,0.0,2002,radio,0.5
2,4,lr5e-05_bs16_modL1_fusion64_fusionL1_drop0p1_trmiss50_trlocradio,16,5e-05,1,64,1,0.1,lr5e-05_bs16_modL1_fusion64_fusionL1_drop0p1_trmiss50_trlocradio,20,0.5991397351026535,0.7506599823633829,0.4353448275862069,0.6344330188548123,0.35555555555555557,0.0,0.0,0.0,0.0,0.0,0.0,0.0,0.0,0.0,2002,radio,0.5
2,4,lr5e-05_bs16_modL1_fusion64_fusionL1_drop0p1_trmiss50_trlocradio,16,5e-05,1,64,1,0.1,lr5e-05_bs16_modL1_fusion64_fusionL1_drop0p1_trmiss50_trlocradio,21,0.5802750761310259,0.7502610087394714,0.4137931034482758,0.6162489555917088,0.3333333333333333,0.0,0.0,0.0,0.0,0.0,0.0,0.0,0.0,0.0,2002,radio,0.5
2,4,lr5e-05_bs16_modL1_fusion64_fusionL1_drop0p1_trmiss50_trlocradio,16,5e-05,1,64,1,0.1,lr5e-05_bs16_modL1_fusion64_fusionL1_drop0p1_trmiss50_trlocradio,22,0.5839771082003912,0.7481438318888346,0.44612068965517243,0.6398088979941365,0.37777777777777777,0.0,0.0,0.0,0.0,0.0,0.0,0.0,0.0,0.0,2002,radio,0.5
2,4,lr5e-05_bs16_modL1_fusion64_fusionL1_drop0p1_trmiss50_trlocradio,16,5e-05,1,64,1,0.1,lr5e-05_bs16_modL1_fusion64_fusionL1_drop0p1_trmiss50_trlocradio,23,0.5660607342918714,0.7540236711502075,0.4375,0.6321440314048115,0.35555555555555557,0.0,0.0,0.0,0.0,0.0,0.0,0.0,0.0,0.0,2002,radio,0.5
2,4,lr5e-05_bs16_modL1_fusion64_fusionL1_drop0p1_trmiss50_trlocradio,16,5e-05,1,64,1,0.1,lr5e-05_bs16_modL1_fusion64_fusionL1_drop0p1_trmiss50_trlocradio,24,0.5968298763036728,0.7558085322380066,0.4482758620689655,0.6462723882076268,0.3333333333333333,0.0,0.0,0.0,0.0,0.0,0.0,0.0,0.0,0.0,2002,radio,0.5
2,4,lr5e-05_bs16_modL1_fusion64_fusionL1_drop0p1_trmiss50_trlocradio,16,5e-05,1,64,1,0.1,lr5e-05_bs16_modL1_fusion64_fusionL1_drop0p1_trmiss50_trlocradio,25,0.5773354545235634,0.7511648734410604,0.4375,0.6365194335362987,0.3333333333333333,0.0,0.0,0.0,0.0,0.0,0.0,0.0,0.0,0.0,2002,radio,0.5
2,4,lr1e-04_bs16_modL1_fusion32_fusionL1_drop0p2_trmiss50_trlocradio,16,0.0001,1,32,1,0.2,lr1e-04_bs16_modL1_fusion32_fusionL1_drop0p2_trmiss50_trlocradio,1,0.6623359819253286,0.6716681520144144,0.5043103448275863,0.653377425371304,0.6,0.0,0.0,0.0,0.0,0.0,0.0,0.0,0.0,0.0,2002,radio,0.5
2,4,lr1e-04_bs16_modL1_fusion32_fusionL1_drop0p2_trmiss50_trlocradio,16,0.0001,1,32,1,0.2,lr1e-04_bs16_modL1_fusion32_fusionL1_drop0p2_trmiss50_trlocradio,2,0.6265516976515452,0.6639365951220194,0.5581896551724138,0.6808632256258946,0.6,0.0,0.0,0.0,0.0,0.0,0.0,0.0,0.0,0.0,2002,radio,0.5
2,4,lr1e-04_bs16_modL1_fusion32_fusionL1_drop0p2_trmiss50_trlocradio,16,0.0001,1,32,1,0.2,lr1e-04_bs16_modL1_fusion32_fusionL1_drop0p2_trmiss50_trlocradio,3,0.6094395617643992,0.6631792982419332,0.5711206896551724,0.7114464910668887,0.6,0.0,0.0,0.0,0.0,0.0,0.0,0.0,0.0,0.0,2002,radio,0.5
2,4,lr1e-04_bs16_modL1_fusion32_fusionL1_drop0p2_trmiss50_trlocradio,16,0.0001,1,32,1,0.2,lr1e-04_bs16_modL1_fusion32_fusionL1_drop0p2_trmiss50_trlocradio,4,0.5713084489107132,0.6637768348058065,0.5797413793103449,0.7146320632083574,0.6222222222222222,0.0,0.0,0.0,0.0,0.0,0.0,0.0,0.0,0.0,2002,radio,0.5
2,4,lr1e-04_bs16_modL1_fusion32_fusionL1_drop0p2_trmiss50_trlocradio,16,0.0001,1,32,1,0.2,lr1e-04_bs16_modL1_fusion32_fusionL1_drop0p2_trmiss50_trlocradio,5,0.5771300295988718,0.6599828799565634,0.5689655172413792,0.713830115565363,0.5777777777777777,0.0,0.0,0.0,0.0,0.0,0.0,0.0,0.0,0.0,2002,radio,0.5
2,4,lr1e-04_bs16_modL1_fusion32_fusionL1_drop0p2_trmiss50_trlocradio,16,0.0001,1,32,1,0.2,lr1e-04_bs16_modL1_fusion32_fusionL1_drop0p2_trmiss50_trlocradio,6,0.5583417862653732,0.6517972350120544,0.5625,0.7096929633840618,0.6,0.0,0.0,0.0,0.0,0.0,0.0,0.0,0.0,0.0,2002,radio,0.5
2,4,lr1e-04_bs16_modL1_fusion32_fusionL1_drop0p2_trmiss50_trlocradio,16,0.0001,1,32,1,0.2,lr1e-04_bs16_modL1_fusion32_fusionL1_drop0p2_trmiss50_trlocradio,7,0.5342548862099648,0.6566791931788126,0.5732758620689655,0.7220649761295246,0.5333333333333333,0.0,0.0,0.0,0.0,0.0,0.0,0.0,0.0,0.0,2002,radio,0.5
2,4,lr1e-04_bs16_modL1_fusion32_fusionL1_drop0p2_trmiss50_trlocradio,16,0.0001,1,32,1,0.2,lr1e-04_bs16_modL1_fusion32_fusionL1_drop0p2_trmiss50_trlocradio,8,0.5254878774285316,0.6585207581520081,0.5862068965517242,0.7408190706679096,0.6222222222222222,0.0,0.0,0.0,0.0,0.0,0.0,0.0,0.0,0.0,2002,radio,0.5
2,4,lr1e-04_bs16_modL1_fusion32_fusionL1_drop0p2_trmiss50_trlocradio,16,0.0001,1,32,1,0.2,lr1e-04_bs16_modL1_fusion32_fusionL1_drop0p2_trmiss50_trlocradio,9,0.5137648085753123,0.6566482186317444,0.5883620689655172,0.7335136091377003,0.6222222222222222,0.0,0.0,0.0,0.0,0.0,0.0,0.0,0.0,0.0,2002,radio,0.5
2,4,lr1e-04_bs16_modL1_fusion32_fusionL1_drop0p2_trmiss50_trlocradio,16,0.0001,1,32,1,0.2,lr1e-04_bs16_modL1_fusion32_fusionL1_drop0p2_trmiss50_trlocradio,10,0.5192614495754242,0.656692365805308,0.5797413793103449,0.7263748338672747,0.6666666666666666,0.0,0.0,0.0,0.0,0.0,0.0,0.0,0.0,0.0,2002,radio,0.5
2,4,lr1e-04_bs16_modL1_fusion32_fusionL1_drop0p2_trmiss50_trlocradio,16,0.0001,1,32,1,0.2,lr1e-04_bs16_modL1_fusion32_fusionL1_drop0p2_trmiss50_trlocradio,11,0.5059826821088791,0.6603330572446188,0.5991379310344828,0.7251319446188741,0.6,0.0,0.0,0.0,0.0,0.0,0.0,0.0,0.0,0.0,2002,radio,0.5
2,4,lr1e-04_bs16_modL1_fusion32_fusionL1_drop0p2_trmiss50_trlocradio,16,0.0001,1,32,1,0.2,lr1e-04_bs16_modL1_fusion32_fusionL1_drop0p2_trmiss50_trlocradio,12,0.4762082025408745,0.6601320107777914,0.5754310344827587,0.71473970321074,0.6222222222222222,0.0,0.0,0.0,0.0,0.0,0.0,0.0,0.0,0.0,2002,radio,0.5
2,4,lr1e-04_bs16_modL1_fusion32_fusionL1_drop0p2_trmiss50_trlocradio,16,0.0001,1,32,1,0.2,lr1e-04_bs16_modL1_fusion32_fusionL1_drop0p2_trmiss50_trlocradio,13,0.46348870793978375,0.6628884077072144,0.5625,0.7102226745581995,0.6444444444444445,0.0,0.0,0.0,0.0,0.0,0.0,0.0,0.0,0.0,2002,radio,0.5
2,4,lr1e-04_bs16_modL1_fusion32_fusionL1_drop0p2_trmiss50_trlocradio,16,0.0001,1,32,1,0.2,lr1e-04_bs16_modL1_fusion32_fusionL1_drop0p2_trmiss50_trlocradio,14,0.4769465699791908,0.6599751114845276,0.5711206896551724,0.6802939938723229,0.7111111111111111,0.0,0.0,0.0,0.0,0.0,0.0,0.0,0.0,0.0,2002,radio,0.5
2,4,lr1e-04_bs16_modL1_fusion32_fusionL1_drop0p2_trmiss50_trlocradio,16,0.0001,1,32,1,0.2,lr1e-04_bs16_modL1_fusion32_fusionL1_drop0p2_trmiss50_trlocradio,15,0.4488663251201312,0.654562791188558,0.5818965517241379,0.693982202353757,0.6888888888888889,0.0,0.0,0.0,0.0,0.0,0.0,0.0,0.0,0.0,2002,radio,0.5
2,4,lr1e-04_bs16_modL1_fusion32_fusionL1_drop0p2_trmiss50_trlocradio,16,0.0001,1,32,1,0.2,lr1e-04_bs16_modL1_fusion32_fusionL1_drop0p2_trmiss50_trlocradio,16,0.46788190305233,0.6586423317591349,0.5862068965517241,0.6936052378681385,0.6666666666666666,0.0,0.0,0.0,0.0,0.0,0.0,0.0,0.0,0.0,2002,radio,0.5
2,4,lr1e-04_bs16_modL1_fusion32_fusionL1_drop0p2_trmiss50_trlocradio,16,0.0001,1,32,1,0.2,lr1e-04_bs16_modL1_fusion32_fusionL1_drop0p2_trmiss50_trlocradio,17,0.4458862170577049,0.6669316490491232,0.5775862068965517,0.6913778185194425,0.5333333333333333,0.0,0.0,0.0,0.0,0.0,0.0,0.0,0.0,0.0,2002,radio,0.5
2,4,lr1e-04_bs16_modL1_fusion32_fusionL1_drop0p2_trmiss50_trlocradio,16,0.0001,1,32,1,0.2,lr1e-04_bs16_modL1_fusion32_fusionL1_drop0p2_trmiss50_trlocradio,18,0.4448718304435412,0.6728931864102682,0.5689655172413792,0.6882306694488137,0.5777777777777777,0.0,0.0,0.0,0.0,0.0,0.0,0.0,0.0,0.0,2002,radio,0.5
2,4,lr1e-04_bs16_modL1_fusion32_fusionL1_drop0p2_trmiss50_trlocradio,16,0.0001,1,32,1,0.2,lr1e-04_bs16_modL1_fusion32_fusionL1_drop0p2_trmiss50_trlocradio,19,0.43900542209545773,0.664669136206309,0.5646551724137931,0.6904948010325734,0.6444444444444445,0.0,0.0,0.0,0.0,0.0,0.0,0.0,0.0,0.0,2002,radio,0.5
2,4,lr1e-04_bs16_modL1_fusion32_fusionL1_drop0p2_trmiss50_trlocradio,16,0.0001,1,32,1,0.2,lr1e-04_bs16_modL1_fusion32_fusionL1_drop0p2_trmiss50_trlocradio,20,0.4414448117216428,0.6662013530731201,0.5797413793103448,0.7027809170226924,0.6,0.0,0.0,0.0,0.0,0.0,0.0,0.0,0.0,0.0,2002,radio,0.5
2,4,lr1e-04_bs16_modL1_fusion32_fusionL1_drop0p2_trmiss50_trlocradio,16,0.0001,1,32,1,0.2,lr1e-04_bs16_modL1_fusion32_fusionL1_drop0p2_trmiss50_trlocradio,21,0.4376308520634969,0.6678081154823303,0.5711206896551724,0.6923147925636693,0.6222222222222222,0.0,0.0,0.0,0.0,0.0,0.0,0.0,0.0,0.0,2002,radio,0.5
2,4,lr1e-04_bs16_modL1_fusion32_fusionL1_drop0p2_trmiss50_trlocradio,16,0.0001,1,32,1,0.2,lr1e-04_bs16_modL1_fusion32_fusionL1_drop0p2_trmiss50_trlocradio,22,0.4492853730916977,0.6762741009394327,0.5517241379310345,0.6668049003069075,0.6,0.0,0.0,0.0,0.0,0.0,0.0,0.0,0.0,0.0,2002,radio,0.5
2,4,lr1e-04_bs16_modL1_fusion32_fusionL1_drop0p2_trmiss50_trlocradio,16,0.0001,1,32,1,0.2,lr1e-04_bs16_modL1_fusion32_fusionL1_drop0p2_trmiss50_trlocradio,23,0.45049068331718445,0.6712823708852133,0.5538793103448276,0.6731443944826887,0.6222222222222222,0.0,0.0,0.0,0.0,0.0,0.0,0.0,0.0,0.0,2002,radio,0.5
2,4,lr1e-04_bs16_modL1_fusion32_fusionL1_drop0p2_trmiss50_trlocradio,16,0.0001,1,32,1,0.2,lr1e-04_bs16_modL1_fusion32_fusionL1_drop0p2_trmiss50_trlocradio,24,0.4324394389986992,0.6679371198018392,0.5603448275862069,0.6788643745408567,0.6,0.0,0.0,0.0,0.0,0.0,0.0,0.0,0.0,0.0,2002,radio,0.5
2,4,lr1e-04_bs16_modL1_fusion32_fusionL1_drop0p2_trmiss50_trlocradio,16,0.0001,1,32,1,0.2,lr1e-04_bs16_modL1_fusion32_fusionL1_drop0p2_trmiss50_trlocradio,25,0.43278325845797855,0.66619344552358,0.5538793103448276,0.6774518389536515,0.6222222222222222,0.0,0.0,0.0,0.0,0.0,0.0,0.0,0.0,0.0,2002,radio,0.5
2,4,lr1e-04_bs16_modL1_fusion32_fusionL1_drop0p2_trmiss50_trlocradio,16,0.0001,1,32,1,0.2,lr1e-04_bs16_modL1_fusion32_fusionL1_drop0p2_trmiss50_trlocradio,26,0.4166499252120654,0.6681723793347677,0.5538793103448276,0.6791979057037516,0.6222222222222222,0.0,0.0,0.0,0.0,0.0,0.0,0.0,0.0,0.0,2002,radio,0.5
2,4,lr1e-04_bs16_modL1_fusion32_fusionL1_drop0p2_trmiss50_trlocradio,16,0.0001,1,32,1,0.2,lr1e-04_bs16_modL1_fusion32_fusionL1_drop0p2_trmiss50_trlocradio,27,0.4364752843976021,0.671613891919454,0.5495689655172413,0.6753631609052984,0.6,0.0,0.0,0.0,0.0,0.0,0.0,0.0,0.0,0.0,2002,radio,0.5
2,4,lr1e-04_bs16_modL1_fusion32_fusionL1_drop0p2_trmiss50_trlocradio,16,0.0001,1,32,1,0.2,lr1e-04_bs16_modL1_fusion32_fusionL1_drop0p2_trmiss50_trlocradio,28,0.41516271978616714,0.6731420556704203,0.5495689655172413,0.6729162831635824,0.6,0.0,0.0,0.0,0.0,0.0,0.0,0.0,0.0,0.0,2002,radio,0.5
2,4,lr1e-04_bs16_modL1_fusion32_fusionL1_drop0p2_trmiss50_trlocradio,16,0.0001,1,32,1,0.2,lr1e-04_bs16_modL1_fusion32_fusionL1_drop0p2_trmiss50_trlocradio,29,0.4217408870657285,0.6697461803754171,0.5581896551724138,0.6882559758391509,0.5777777777777777,0.0,0.0,0.0,0.0,0.0,0.0,0.0,0.0,0.0,2002,radio,0.5
2,4,lr1e-04_bs16_modL1_fusion32_fusionL1_drop0p2_trmiss50_trlocradio,16,0.0001,1,32,1,0.2,lr1e-04_bs16_modL1_fusion32_fusionL1_drop0p2_trmiss50_trlocradio,30,0.4194199740886688,0.6664042870203654,0.5668103448275862,0.6760030907968022,0.6222222222222222,0.0,0.0,0.0,0.0,0.0,0.0,0.0,0.0,0.0,2002,radio,0.5
2,4,lr1e-04_bs16_modL1_fusion32_fusionL1_drop0p2_trmiss50_trlocradio,16,0.0001,1,32,1,0.2,lr1e-04_bs16_modL1_fusion32_fusionL1_drop0p2_trmiss50_trlocradio,31,0.42895040412743884,0.6756369471549988,0.5517241379310345,0.6738115006729328,0.6222222222222222,0.0,0.0,0.0,0.0,0.0,0.0,0.0,0.0,0.0,2002,radio,0.5
2,4,lr1e-04_bs16_modL1_fusion32_fusionL1_drop0p1_trmiss50_trlocradio,16,0.0001,1,32,1,0.1,lr1e-04_bs16_modL1_fusion32_fusionL1_drop0p1_trmiss50_trlocradio,1,0.7118135541677475,0.6962364117304484,0.4612068965517241,0.609502558498899,0.5777777777777777,0.0,0.0,0.0,0.0,0.0,0.0,0.0,0.0,0.0,2002,radio,0.5
2,4,lr1e-04_bs16_modL1_fusion32_fusionL1_drop0p1_trmiss50_trlocradio,16,0.0001,1,32,1,0.1,lr1e-04_bs16_modL1_fusion32_fusionL1_drop0p1_trmiss50_trlocradio,2,0.6564675619204839,0.6910146673520406,0.4978448275862069,0.6596530920757675,0.4888888888888889,0.0,0.0,0.0,0.0,0.0,0.0,0.0,0.0,0.0,2002,radio,0.5
2,4,lr1e-04_bs16_modL1_fusion32_fusionL1_drop0p1_trmiss50_trlocradio,16,0.0001,1,32,1,0.1,lr1e-04_bs16_modL1_fusion32_fusionL1_drop0p1_trmiss50_trlocradio,3,0.638809452454249,0.6981066266695658,0.5150862068965518,0.6231147192493784,0.6444444444444445,0.0,0.0,0.0,0.0,0.0,0.0,0.0,0.0,0.0,2002,radio,0.5
2,4,lr1e-04_bs16_modL1_fusion32_fusionL1_drop0p1_trmiss50_trlocradio,16,0.0001,1,32,1,0.1,lr1e-04_bs16_modL1_fusion32_fusionL1_drop0p1_trmiss50_trlocradio,4,0.6346954852342606,0.7049538890520731,0.5237068965517241,0.6376260512990781,0.6,0.0,0.0,0.0,0.0,0.0,0.0,0.0,0.0,0.0,2002,radio,0.5
2,4,lr1e-04_bs16_modL1_fusion32_fusionL1_drop0p1_trmiss50_trlocradio,16,0.0001,1,32,1,0.1,lr1e-04_bs16_modL1_fusion32_fusionL1_drop0p1_trmiss50_trlocradio,5,0.6014965226252874,0.7034452160199484,0.5,0.6142629473439111,0.5111111111111111,0.0,0.0,0.0,0.0,0.0,0.0,0.0,0.0,0.0,2002,radio,0.5
2,4,lr1e-04_bs16_modL1_fusion32_fusionL1_drop0p1_trmiss50_trlocradio,16,0.0001,1,32,1,0.1,lr1e-04_bs16_modL1_fusion32_fusionL1_drop0p1_trmiss50_trlocradio,6,0.588603213429451,0.7074518799781799,0.4849137931034483,0.6127684012088521,0.5111111111111111,0.0,0.0,0.0,0.0,0.0,0.0,0.0,0.0,0.0,2002,radio,0.5
2,4,lr1e-04_bs16_modL1_fusion32_fusionL1_drop0p1_trmiss50_trlocradio,16,0.0001,1,32,1,0.1,lr1e-04_bs16_modL1_fusion32_fusionL1_drop0p1_trmiss50_trlocradio,7,0.5703053424755732,0.7051348884900411,0.5150862068965517,0.6276278635186363,0.5111111111111111,0.0,0.0,0.0,0.0,0.0,0.0,0.0,0.0,0.0,2002,radio,0.5
2,4,lr1e-04_bs16_modL1_fusion32_fusionL1_drop0p1_trmiss50_trlocradio,16,0.0001,1,32,1,0.1,lr1e-04_bs16_modL1_fusion32_fusionL1_drop0p1_trmiss50_trlocradio,8,0.551734226445357,0.7041154106458029,0.5301724137931034,0.6394834753895505,0.5555555555555556,0.0,0.0,0.0,0.0,0.0,0.0,0.0,0.0,0.0,2002,radio,0.5
2,4,lr1e-04_bs16_modL1_fusion32_fusionL1_drop0p1_trmiss50_trlocradio,16,0.0001,1,32,1,0.1,lr1e-04_bs16_modL1_fusion32_fusionL1_drop0p1_trmiss50_trlocradio,9,0.525831917921702,0.7043485840161642,0.5107758620689655,0.6313837745957588,0.6,0.0,0.0,0.0,0.0,0.0,0.0,0.0,0.0,0.0,2002,radio,0.5
2,4,lr1e-04_bs16_modL1_fusion32_fusionL1_drop0p1_trmiss50_trlocradio,16,0.0001,1,32,1,0.1,lr1e-04_bs16_modL1_fusion32_fusionL1_drop0p1_trmiss50_trlocradio,10,0.5487646361192068,0.7038355072339376,0.521551724137931,0.6358396556619937,0.5333333333333333,0.0,0.0,0.0,0.0,0.0,0.0,0.0,0.0,0.0,2002,radio,0.5
2,4,lr1e-04_bs16_modL1_fusion32_fusionL1_drop0p1_trmiss50_trlocradio,16,0.0001,1,32,1,0.1,lr1e-04_bs16_modL1_fusion32_fusionL1_drop0p1_trmiss50_trlocradio,11,0.547234445810318,0.7063438892364502,0.5258620689655172,0.6443725977185771,0.5555555555555556,0.0,0.0,0.0,0.0,0.0,0.0,0.0,0.0,0.0,2002,radio,0.5
2,4,lr1e-04_bs16_modL1_fusion32_fusionL1_drop0p1_trmiss50_trlocradio,16,0.0001,1,32,1,0.1,lr1e-04_bs16_modL1_fusion32_fusionL1_drop0p1_trmiss50_trlocradio,12,0.5336282973488172,0.6990397969881693,0.5560344827586207,0.6571167017850009,0.6,0.0,0.0,0.0,0.0,0.0,0.0,0.0,0.0,0.0,2002,radio,0.5
2,4,lr1e-04_bs16_modL1_fusion32_fusionL1_drop0p1_trmiss50_trlocradio,16,0.0001,1,32,1,0.1,lr1e-04_bs16_modL1_fusion32_fusionL1_drop0p1_trmiss50_trlocradio,13,0.5148002256949743,0.6931524475415548,0.5581896551724138,0.6553977589385054,0.6222222222222222,0.0,0.0,0.0,0.0,0.0,0.0,0.0,0.0,0.0,2002,radio,0.5
2,4,lr1e-04_bs16_modL1_fusion32_fusionL1_drop0p1_trmiss50_trlocradio,16,0.0001,1,32,1,0.1,lr1e-04_bs16_modL1_fusion32_fusionL1_drop0p1_trmiss50_trlocradio,14,0.5165137002865473,0.6873922944068909,0.5754310344827587,0.6693867082950455,0.6222222222222222,0.0,0.0,0.0,0.0,0.0,0.0,0.0,0.0,0.0,2002,radio,0.5
2,4,lr1e-04_bs16_modL1_fusion32_fusionL1_drop0p1_trmiss50_trlocradio,16,0.0001,1,32,1,0.1,lr1e-04_bs16_modL1_fusion32_fusionL1_drop0p1_trmiss50_trlocradio,15,0.5047277733683586,0.68907630443573,0.5818965517241379,0.6878003432944553,0.6444444444444445,0.0,0.0,0.0,0.0,0.0,0.0,0.0,0.0,0.0,2002,radio,0.5
2,4,lr1e-04_bs16_modL1_fusion32_fusionL1_drop0p1_trmiss50_trlocradio,16,0.0001,1,32,1,0.1,lr1e-04_bs16_modL1_fusion32_fusionL1_drop0p1_trmiss50_trlocradio,16,0.5201804290215174,0.6942138671875,0.564655172413793,0.6778124476293308,0.6,0.0,0.0,0.0,0.0,0.0,0.0,0.0,0.0,0.0,2002,radio,0.5
2,4,lr1e-04_bs16_modL1_fusion32_fusionL1_drop0p1_trmiss50_trlocradio,16,0.0001,1,32,1,0.1,lr1e-04_bs16_modL1_fusion32_fusionL1_drop0p1_trmiss50_trlocradio,17,0.4975251629948616,0.6906393965085348,0.5668103448275863,0.6729060883014593,0.5777777777777777,0.0,0.0,0.0,0.0,0.0,0.0,0.0,0.0,0.0,2002,radio,0.5
2,4,lr1e-04_bs16_modL1_fusion32_fusionL1_drop0p1_trmiss50_trlocradio,16,0.0001,1,32,1,0.1,lr1e-04_bs16_modL1_fusion32_fusionL1_drop0p1_trmiss50_trlocradio,18,0.4819249560435613,0.6911643743515015,0.5775862068965517,0.6745244453505854,0.5777777777777777,0.0,0.0,0.0,0.0,0.0,0.0,0.0,0.0,0.0,2002,radio,0.5
2,4,lr1e-04_bs16_modL1_fusion32_fusionL1_drop0p1_trmiss50_trlocradio,16,0.0001,1,32,1,0.1,lr1e-04_bs16_modL1_fusion32_fusionL1_drop0p1_trmiss50_trlocradio,19,0.48887260506550473,0.6903237899144491,0.5991379310344828,0.6859807171043202,0.5777777777777777,0.0,0.0,0.0,0.0,0.0,0.0,0.0,0.0,0.0,2002,radio,0.5
2,4,lr1e-04_bs16_modL1_fusion32_fusionL1_drop0p1_trmiss50_trlocradio,16,0.0001,1,32,1,0.1,lr1e-04_bs16_modL1_fusion32_fusionL1_drop0p1_trmiss50_trlocradio,20,0.47786663224299747,0.6889322996139526,0.5862068965517241,0.6834196797162791,0.5555555555555556,0.0,0.0,0.0,0.0,0.0,0.0,0.0,0.0,0.0,2002,radio,0.5
2,4,lr1e-04_bs16_modL1_fusion32_fusionL1_drop0p1_trmiss50_trlocradio,16,0.0001,1,32,1,0.1,lr1e-04_bs16_modL1_fusion32_fusionL1_drop0p1_trmiss50_trlocradio,21,0.46424465129772824,0.6870580514272054,0.6120689655172413,0.7040006093066247,0.6222222222222222,0.0,0.0,0.0,0.0,0.0,0.0,0.0,0.0,0.0,2002,radio,0.5
2,4,lr1e-04_bs16_modL1_fusion32_fusionL1_drop0p1_trmiss50_trlocradio,16,0.0001,1,32,1,0.1,lr1e-04_bs16_modL1_fusion32_fusionL1_drop0p1_trmiss50_trlocradio,22,0.47014285375674564,0.6950376629829407,0.603448275862069,0.6990807489058949,0.5777777777777777,0.0,0.0,0.0,0.0,0.0,0.0,0.0,0.0,0.0,2002,radio,0.5
2,4,lr1e-04_bs16_modL1_fusion32_fusionL1_drop0p1_trmiss50_trlocradio,16,0.0001,1,32,1,0.1,lr1e-04_bs16_modL1_fusion32_fusionL1_drop0p1_trmiss50_trlocradio,23,0.4635489881038666,0.6925611893335978,0.5969827586206897,0.6975950267728808,0.6,0.0,0.0,0.0,0.0,0.0,0.0,0.0,0.0,0.0,2002,radio,0.5
2,4,lr1e-04_bs16_modL1_fusion32_fusionL1_drop0p1_trmiss50_trlocradio,16,0.0001,1,32,1,0.1,lr1e-04_bs16_modL1_fusion32_fusionL1_drop0p1_trmiss50_trlocradio,24,0.4647020598252614,0.6919759710629781,0.5926724137931034,0.6975043022292187,0.5555555555555556,0.0,0.0,0.0,0.0,0.0,0.0,0.0,0.0,0.0,2002,radio,0.5
2,4,lr1e-04_bs16_modL1_fusion32_fusionL1_drop0p1_trmiss50_trlocradio,16,0.0001,1,32,1,0.1,lr1e-04_bs16_modL1_fusion32_fusionL1_drop0p1_trmiss50_trlocradio,25,0.46337347477674484,0.6903322537740072,0.5969827586206896,0.7000632076945024,0.5555555555555556,0.0,0.0,0.0,0.0,0.0,0.0,0.0,0.0,0.0,2002,radio,0.5
2,4,lr1e-04_bs16_modL1_fusion32_fusionL1_drop0p1_trmiss50_trlocradio,16,0.0001,1,32,1,0.1,lr1e-04_bs16_modL1_fusion32_fusionL1_drop0p1_trmiss50_trlocradio,26,0.44698817531267804,0.6771293679873148,0.5991379310344828,0.7035986873591185,0.6,0.0,0.0,0.0,0.0,0.0,0.0,0.0,0.0,0.0,2002,radio,0.5
2,4,lr1e-04_bs16_modL1_fusion32_fusionL1_drop0p1_trmiss50_trlocradio,16,0.0001,1,32,1,0.1,lr1e-04_bs16_modL1_fusion32_fusionL1_drop0p1_trmiss50_trlocradio,27,0.44828862448533374,0.6760604580243429,0.584051724137931,0.6941646750264749,0.6,0.0,0.0,0.0,0.0,0.0,0.0,0.0,0.0,0.0,2002,radio,0.5
2,4,lr1e-04_bs16_modL1_fusion32_fusionL1_drop0p1_trmiss50_trlocradio,16,0.0001,1,32,1,0.1,lr1e-04_bs16_modL1_fusion32_fusionL1_drop0p1_trmiss50_trlocradio,28,0.4381719653805097,0.6735163927078247,0.5948275862068966,0.7142039736632677,0.6,0.0,0.0,0.0,0.0,0.0,0.0,0.0,0.0,0.0,2002,radio,0.5
2,4,lr1e-04_bs16_modL1_fusion32_fusionL1_drop0p1_trmiss50_trlocradio,16,0.0001,1,32,1,0.1,lr1e-04_bs16_modL1_fusion32_fusionL1_drop0p1_trmiss50_trlocradio,29,0.47803748150666553,0.6717517375946045,0.6012931034482759,0.6995916647740796,0.6,0.0,0.0,0.0,0.0,0.0,0.0,0.0,0.0,0.0,2002,radio,0.5
2,4,lr1e-04_bs16_modL1_fusion32_fusionL1_drop0p1_trmiss50_trlocradio,16,0.0001,1,32,1,0.1,lr1e-04_bs16_modL1_fusion32_fusionL1_drop0p1_trmiss50_trlocradio,30,0.4743128716945648,0.6681807438532511,0.5948275862068966,0.7166072049170851,0.5777777777777777,0.0,0.0,0.0,0.0,0.0,0.0,0.0,0.0,0.0,2002,radio,0.5
2,4,lr1e-04_bs16_modL1_fusion32_fusionL1_drop0p1_trmiss50_trlocradio,16,0.0001,1,32,1,0.1,lr1e-04_bs16_modL1_fusion32_fusionL1_drop0p1_trmiss50_trlocradio,31,0.45104072739680606,0.6782607634862264,0.5711206896551724,0.68873682322331,0.5777777777777777,0.0,0.0,0.0,0.0,0.0,0.0,0.0,0.0,0.0,2002,radio,0.5
2,4,lr1e-04_bs16_modL1_fusion32_fusionL1_drop0p1_trmiss50_trlocradio,16,0.0001,1,32,1,0.1,lr1e-04_bs16_modL1_fusion32_fusionL1_drop0p1_trmiss50_trlocradio,32,0.4610261246562004,0.6811892986297607,0.5883620689655172,0.70021317691552,0.5777777777777777,0.0,0.0,0.0,0.0,0.0,0.0,0.0,0.0,0.0,2002,radio,0.5
2,4,lr1e-04_bs16_modL1_fusion32_fusionL1_drop0p1_trmiss50_trlocradio,16,0.0001,1,32,1,0.1,lr1e-04_bs16_modL1_fusion32_fusionL1_drop0p1_trmiss50_trlocradio,33,0.47108712792396545,0.6875542203585306,0.5711206896551725,0.6885459894260848,0.5555555555555556,0.0,0.0,0.0,0.0,0.0,0.0,0.0,0.0,0.0,2002,radio,0.5
2,4,lr1e-04_bs16_modL1_fusion32_fusionL1_drop0p1_trmiss50_trlocradio,16,0.0001,1,32,1,0.1,lr1e-04_bs16_modL1_fusion32_fusionL1_drop0p1_trmiss50_trlocradio,34,0.4404899626970291,0.6866651376088461,0.5754310344827586,0.6968647685209786,0.5555555555555556,0.0,0.0,0.0,0.0,0.0,0.0,0.0,0.0,0.0,2002,radio,0.5
2,4,lr1e-04_bs16_modL1_fusion32_fusionL1_drop0p1_trmiss50_trlocradio,16,0.0001,1,32,1,0.1,lr1e-04_bs16_modL1_fusion32_fusionL1_drop0p1_trmiss50_trlocradio,35,0.45156025389830273,0.6786021590232849,0.6099137931034483,0.7061926927683653,0.5555555555555556,0.0,0.0,0.0,0.0,0.0,0.0,0.0,0.0,0.0,2002,radio,0.5
2,4,lr1e-04_bs16_modL1_fusion32_fusionL1_drop0p1_trmiss50_trlocradio,16,0.0001,1,32,1,0.1,lr1e-04_bs16_modL1_fusion32_fusionL1_drop0p1_trmiss50_trlocradio,36,0.42878635476032895,0.6777563293774923,0.6120689655172413,0.7047190340241671,0.5777777777777777,0.0,0.0,0.0,0.0,0.0,0.0,0.0,0.0,0.0,2002,radio,0.5
2,4,lr1e-04_bs16_modL1_fusion32_fusionL1_drop0p1_trmiss50_trlocradio,16,0.0001,1,32,1,0.1,lr1e-04_bs16_modL1_fusion32_fusionL1_drop0p1_trmiss50_trlocradio,37,0.43007050702969235,0.675570011138916,0.622844827586207,0.7125473108842694,0.5777777777777777,0.0,0.0,0.0,0.0,0.0,0.0,0.0,0.0,0.0,2002,radio,0.5
2,4,lr1e-04_bs16_modL1_fusion32_fusionL1_drop0p1_trmiss50_trlocradio,16,0.0001,1,32,1,0.1,lr1e-04_bs16_modL1_fusion32_fusionL1_drop0p1_trmiss50_trlocradio,38,0.4396008849143982,0.6841157674789429,0.6120689655172414,0.7024095606588668,0.5555555555555556,0.0,0.0,0.0,0.0,0.0,0.0,0.0,0.0,0.0,2002,radio,0.5
2,4,lr1e-04_bs16_modL1_fusion32_fusionL1_drop0p1_trmiss50_trlocradio,16,0.0001,1,32,1,0.1,lr1e-04_bs16_modL1_fusion32_fusionL1_drop0p1_trmiss50_trlocradio,39,0.4293149833877881,0.679823637008667,0.6056034482758621,0.7045680220948054,0.5555555555555556,0.0,0.0,0.0,0.0,0.0,0.0,0.0,0.0,0.0,2002,radio,0.5
2,4,lr1e-04_bs16_modL1_fusion32_fusionL1_drop0p1_trmiss50_trlocradio,16,0.0001,1,32,1,0.1,lr1e-04_bs16_modL1_fusion32_fusionL1_drop0p1_trmiss50_trlocradio,40,0.4232463414470355,0.6670597394307455,0.6293103448275862,0.716420674096389,0.5777777777777777,0.0,0.0,0.0,0.0,0.0,0.0,0.0,0.0,0.0,2002,radio,0.5
2,4,lr1e-04_bs16_modL1_fusion32_fusionL1_drop0p1_trmiss50_trlocradio,16,0.0001,1,32,1,0.1,lr1e-04_bs16_modL1_fusion32_fusionL1_drop0p1_trmiss50_trlocradio,41,0.42719148844480515,0.6776575644810995,0.6185344827586207,0.7067004305160641,0.5555555555555556,0.0,0.0,0.0,0.0,0.0,0.0,0.0,0.0,0.0,2002,radio,0.5
2,4,lr1e-04_bs16_modL1_fusion32_fusionL1_drop0p1_trmiss50_trlocradio,16,0.0001,1,32,1,0.1,lr1e-04_bs16_modL1_fusion32_fusionL1_drop0p1_trmiss50_trlocradio,42,0.4315372680624326,0.6838797132174174,0.6228448275862069,0.7154871531152889,0.5555555555555556,0.0,0.0,0.0,0.0,0.0,0.0,0.0,0.0,0.0,2002,radio,0.5
2,4,lr1e-04_bs16_modL1_fusion32_fusionL1_drop0p1_trmiss50_trlocradio,16,0.0001,1,32,1,0.1,lr1e-04_bs16_modL1_fusion32_fusionL1_drop0p1_trmiss50_trlocradio,43,0.4174676065643628,0.6827092965443929,0.6056034482758621,0.7053517181111487,0.5555555555555556,0.0,0.0,0.0,0.0,0.0,0.0,0.0,0.0,0.0,2002,radio,0.5
2,4,lr1e-04_bs16_modL1_fusion32_fusionL1_drop0p1_trmiss50_trlocradio,16,0.0001,1,32,1,0.1,lr1e-04_bs16_modL1_fusion32_fusionL1_drop0p1_trmiss50_trlocradio,44,0.43718022108078003,0.6834750970204672,0.6012931034482758,0.7062970114227893,0.5555555555555556,0.0,0.0,0.0,0.0,0.0,0.0,0.0,0.0,0.0,2002,radio,0.5
2,4,lr1e-04_bs16_modL1_fusion32_fusionL1_drop0p1_trmiss50_trlocradio,16,0.0001,1,32,1,0.1,lr1e-04_bs16_modL1_fusion32_fusionL1_drop0p1_trmiss50_trlocradio,45,0.4126392329732577,0.6814814408620199,0.6142241379310345,0.7089805922387997,0.5555555555555556,0.0,0.0,0.0,0.0,0.0,0.0,0.0,0.0,0.0,2002,radio,0.5
2,4,lr1e-04_bs16_modL1_fusion32_fusionL1_drop0p1_trmiss50_trlocradio,16,0.0001,1,32,1,0.1,lr1e-04_bs16_modL1_fusion32_fusionL1_drop0p1_trmiss50_trlocradio,46,0.44016143182913464,0.6760691603024801,0.6206896551724138,0.7177447431169366,0.5555555555555556,0.0,0.0,0.0,0.0,0.0,0.0,0.0,0.0,0.0,2002,radio,0.5
2,4,lr1e-04_bs16_modL1_fusion32_fusionL1_drop0p1_trmiss50_trlocradio,16,0.0001,1,32,1,0.1,lr1e-04_bs16_modL1_fusion32_fusionL1_drop0p1_trmiss50_trlocradio,47,0.40972281992435455,0.6821545362472534,0.6163793103448275,0.7131358922997137,0.5555555555555556,0.0,0.0,0.0,0.0,0.0,0.0,0.0,0.0,0.0,2002,radio,0.5
2,4,lr1e-04_bs16_modL1_fusion32_fusionL1_drop0p1_trmiss50_trlocradio,16,0.0001,1,32,1,0.1,lr1e-04_bs16_modL1_fusion32_fusionL1_drop0p1_trmiss50_trlocradio,48,0.45669959982236225,0.685001273949941,0.625,0.7224772187813759,0.5555555555555556,0.0,0.0,0.0,0.0,0.0,0.0,0.0,0.0,0.0,2002,radio,0.5
2,4,lr1e-04_bs16_modL1_fusion32_fusionL1_drop0p1_trmiss50_trlocradio,16,0.0001,1,32,1,0.1,lr1e-04_bs16_modL1_fusion32_fusionL1_drop0p1_trmiss50_trlocradio,49,0.4159456416964531,0.6773375670115153,0.6185344827586207,0.7152214958703005,0.5555555555555556,0.0,0.0,0.0,0.0,0.0,0.0,0.0,0.0,0.0,2002,radio,0.5
2,4,lr1e-04_bs16_modL1_fusion32_fusionL1_drop0p1_trmiss50_trlocradio,16,0.0001,1,32,1,0.1,lr1e-04_bs16_modL1_fusion32_fusionL1_drop0p1_trmiss50_trlocradio,50,0.42153076082468033,0.681022842725118,0.6185344827586207,0.711047711636127,0.5555555555555556,0.0,0.0,0.0,0.0,0.0,0.0,0.0,0.0,0.0,2002,radio,0.5
2,4,lr1e-04_bs16_modL1_fusion32_fusionL1_drop0p1_trmiss50_trlocradio,16,0.0001,1,32,1,0.1,lr1e-04_bs16_modL1_fusion32_fusionL1_drop0p1_trmiss50_trlocradio,51,0.40667176246643066,0.6795648733774821,0.6163793103448276,0.7130156987410782,0.5555555555555556,0.0,0.0,0.0,0.0,0.0,0.0,0.0,0.0,0.0,2002,radio,0.5
2,4,lr1e-04_bs16_modL1_fusion32_fusionL1_drop0p1_trmiss50_trlocradio,16,0.0001,1,32,1,0.1,lr1e-04_bs16_modL1_fusion32_fusionL1_drop0p1_trmiss50_trlocradio,52,0.4344413752357165,0.6788633267084757,0.622844827586207,0.7241166964562207,0.5555555555555556,0.0,0.0,0.0,0.0,0.0,0.0,0.0,0.0,0.0,2002,radio,0.5
2,4,lr1e-04_bs16_modL1_fusion32_fusionL1_drop0p1_trmiss50_trlocradio,16,0.0001,1,32,1,0.1,lr1e-04_bs16_modL1_fusion32_fusionL1_drop0p1_trmiss50_trlocradio,53,0.41706804434458417,0.6811063687006632,0.6120689655172414,0.7099123901596522,0.5555555555555556,0.0,0.0,0.0,0.0,0.0,0.0,0.0,0.0,0.0,2002,radio,0.5
2,4,lr1e-04_bs16_modL1_fusion32_fusionL1_drop0p1_trmiss50_trlocradio,16,0.0001,1,32,1,0.1,lr1e-04_bs16_modL1_fusion32_fusionL1_drop0p1_trmiss50_trlocradio,54,0.4229518969853719,0.6800097624460856,0.6163793103448275,0.712616254509872,0.5555555555555556,0.0,0.0,0.0,0.0,0.0,0.0,0.0,0.0,0.0,2002,radio,0.5
2,4,lr1e-04_bs16_modL1_fusion32_fusionL1_drop0p1_trmiss50_trlocradio,16,0.0001,1,32,1,0.1,lr1e-04_bs16_modL1_fusion32_fusionL1_drop0p1_trmiss50_trlocradio,55,0.408600352704525,0.6824408769607544,0.6120689655172414,0.7107771979826418,0.5555555555555556,0.0,0.0,0.0,0.0,0.0,0.0,0.0,0.0,0.0,2002,radio,0.5
2,4,lr1e-04_bs16_modL1_fusion32_fusionL1_drop0p1_trmiss50_trlocradio,16,0.0001,1,32,1,0.1,lr1e-04_bs16_modL1_fusion32_fusionL1_drop0p1_trmiss50_trlocradio,56,0.40445781499147415,0.6798067291577657,0.6012931034482759,0.7027368310810272,0.5555555555555556,0.0,0.0,0.0,0.0,0.0,0.0,0.0,0.0,0.0,2002,radio,0.5
2,4,lr1e-04_bs16_modL1_fusion32_fusionL1_drop0p1_trmiss50_trlocradio,16,0.0001,1,32,1,0.1,lr1e-04_bs16_modL1_fusion32_fusionL1_drop0p1_trmiss50_trlocradio,57,0.44509368389844894,0.6825112303098043,0.6012931034482759,0.7034732796679456,0.5777777777777777,0.0,0.0,0.0,0.0,0.0,0.0,0.0,0.0,0.0,2002,radio,0.5
2,4,lr1e-04_bs16_modL1_fusion32_fusionL1_drop0p1_trmiss50_trlocradio,16,0.0001,1,32,1,0.1,lr1e-04_bs16_modL1_fusion32_fusionL1_drop0p1_trmiss50_trlocradio,58,0.3960883170366287,0.6795708537101746,0.5926724137931034,0.7000655833962293,0.5555555555555556,0.0,0.0,0.0,0.0,0.0,0.0,0.0,0.0,0.0,2002,radio,0.5
2,4,lr1e-04_bs16_modL1_fusion32_fusionL1_drop0p1_trmiss50_trlocradio,16,0.0001,1,32,1,0.1,lr1e-04_bs16_modL1_fusion32_fusionL1_drop0p1_trmiss50_trlocradio,59,0.4169166361292203,0.6792995929718018,0.6056034482758621,0.711885306259376,0.5555555555555556,0.0,0.0,0.0,0.0,0.0,0.0,0.0,0.0,0.0,2002,radio,0.5
2,4,lr1e-04_bs16_modL1_fusion32_fusionL1_drop0p1_trmiss50_trlocradio,16,0.0001,1,32,1,0.1,lr1e-04_bs16_modL1_fusion32_fusionL1_drop0p1_trmiss50_trlocradio,60,0.3995119407773018,0.6767378648122152,0.5969827586206897,0.702886060967715,0.5555555555555556,0.0,0.0,0.0,0.0,0.0,0.0,0.0,0.0,0.0,2002,radio,0.5
2,4,lr1e-04_bs16_modL1_fusion64_fusionL1_drop0p2_trmiss50_trlocradio,16,0.0001,1,64,1,0.2,lr1e-04_bs16_modL1_fusion64_fusionL1_drop0p2_trmiss50_trlocradio,1,0.6769043753544489,0.6728301445643107,0.4870689655172414,0.7054886674302476,0.6444444444444445,0.0,0.0,0.0,0.0,0.0,0.0,0.0,0.0,0.0,2002,radio,0.5
2,4,lr1e-04_bs16_modL1_fusion64_fusionL1_drop0p2_trmiss50_trlocradio,16,0.0001,1,64,1,0.2,lr1e-04_bs16_modL1_fusion64_fusionL1_drop0p2_trmiss50_trlocradio,2,0.6543615708748499,0.664399524529775,0.5258620689655173,0.7155256060863864,0.6222222222222222,0.0,0.0,0.0,0.0,0.0,0.0,0.0,0.0,0.0,2002,radio,0.5
2,4,lr1e-04_bs16_modL1_fusion64_fusionL1_drop0p2_trmiss50_trlocradio,16,0.0001,1,64,1,0.2,lr1e-04_bs16_modL1_fusion64_fusionL1_drop0p2_trmiss50_trlocradio,3,0.5907662610212961,0.6541566252708435,0.5625,0.7545904854963748,0.6222222222222222,0.0,0.0,0.0,0.0,0.0,0.0,0.0,0.0,0.0,2002,radio,0.5
2,4,lr1e-04_bs16_modL1_fusion64_fusionL1_drop0p2_trmiss50_trlocradio,16,0.0001,1,64,1,0.2,lr1e-04_bs16_modL1_fusion64_fusionL1_drop0p2_trmiss50_trlocradio,4,0.5858639528354009,0.6470438838005066,0.5646551724137931,0.7611715785049737,0.6666666666666666,0.0,0.0,0.0,0.0,0.0,0.0,0.0,0.0,0.0,2002,radio,0.5
2,4,lr1e-04_bs16_modL1_fusion64_fusionL1_drop0p2_trmiss50_trlocradio,16,0.0001,1,64,1,0.2,lr1e-04_bs16_modL1_fusion64_fusionL1_drop0p2_trmiss50_trlocradio,5,0.5749458173910776,0.6373940507570902,0.625,0.7795893628441128,0.6888888888888889,0.0,0.0,0.0,0.0,0.0,0.0,0.0,0.0,0.0,2002,radio,0.5
2,4,lr1e-04_bs16_modL1_fusion64_fusionL1_drop0p2_trmiss50_trlocradio,16,0.0001,1,64,1,0.2,lr1e-04_bs16_modL1_fusion64_fusionL1_drop0p2_trmiss50_trlocradio,6,0.5633757213751475,0.6346535086631775,0.6012931034482758,0.7637464054376326,0.6444444444444445,0.0,0.0,0.0,0.0,0.0,0.0,0.0,0.0,0.0,2002,radio,0.5
2,4,lr1e-04_bs16_modL1_fusion64_fusionL1_drop0p2_trmiss50_trlocradio,16,0.0001,1,64,1,0.2,lr1e-04_bs16_modL1_fusion64_fusionL1_drop0p2_trmiss50_trlocradio,7,0.5528558269143105,0.648469885190328,0.5538793103448276,0.7486166965641436,0.6222222222222222,0.0,0.0,0.0,0.0,0.0,0.0,0.0,0.0,0.0,2002,radio,0.5
2,4,lr1e-04_bs16_modL1_fusion64_fusionL1_drop0p2_trmiss50_trlocradio,16,0.0001,1,64,1,0.2,lr1e-04_bs16_modL1_fusion64_fusionL1_drop0p2_trmiss50_trlocradio,8,0.5421552459398905,0.6475910147031149,0.5754310344827587,0.7634963209863193,0.5333333333333333,0.0,0.0,0.0,0.0,0.0,0.0,0.0,0.0,0.0,2002,radio,0.5
2,4,lr1e-04_bs16_modL1_fusion64_fusionL1_drop0p2_trmiss50_trlocradio,16,0.0001,1,64,1,0.2,lr1e-04_bs16_modL1_fusion64_fusionL1_drop0p2_trmiss50_trlocradio,9,0.4971283773581187,0.6364726026852926,0.6120689655172414,0.7784430865310241,0.5777777777777777,0.0,0.0,0.0,0.0,0.0,0.0,0.0,0.0,0.0,2002,radio,0.5
2,4,lr1e-04_bs16_modL1_fusion64_fusionL1_drop0p2_trmiss50_trlocradio,16,0.0001,1,64,1,0.2,lr1e-04_bs16_modL1_fusion64_fusionL1_drop0p2_trmiss50_trlocradio,10,0.5134977300961813,0.6446321606636047,0.5754310344827587,0.7599981807050074,0.5333333333333333,0.0,0.0,0.0,0.0,0.0,0.0,0.0,0.0,0.0,2002,radio,0.5
2,4,lr1e-04_bs16_modL1_fusion64_fusionL1_drop0p2_trmiss50_trlocradio,16,0.0001,1,64,1,0.2,lr1e-04_bs16_modL1_fusion64_fusionL1_drop0p2_trmiss50_trlocradio,11,0.48734210183223087,0.6413902242978414,0.5732758620689655,0.7592752629425317,0.5333333333333333,0.0,0.0,0.0,0.0,0.0,0.0,0.0,0.0,0.0,2002,radio,0.5
2,4,lr1e-04_bs16_modL1_fusion64_fusionL1_drop0p2_trmiss50_trlocradio,16,0.0001,1,64,1,0.2,lr1e-04_bs16_modL1_fusion64_fusionL1_drop0p2_trmiss50_trlocradio,12,0.46683401614427567,0.6410729686419169,0.5926724137931034,0.7714858769375619,0.6222222222222222,0.0,0.0,0.0,0.0,0.0,0.0,0.0,0.0,0.0,2002,radio,0.5
2,4,lr1e-04_bs16_modL1_fusion64_fusionL1_drop0p2_trmiss50_trlocradio,16,0.0001,1,64,1,0.2,lr1e-04_bs16_modL1_fusion64_fusionL1_drop0p2_trmiss50_trlocradio,13,0.48257074505090714,0.6401805480321249,0.5948275862068966,0.7741393548514632,0.6,0.0,0.0,0.0,0.0,0.0,0.0,0.0,0.0,0.0,2002,radio,0.5
2,4,lr1e-04_bs16_modL1_fusion64_fusionL1_drop0p2_trmiss50_trlocradio,16,0.0001,1,64,1,0.2,lr1e-04_bs16_modL1_fusion64_fusionL1_drop0p2_trmiss50_trlocradio,14,0.4710990935564041,0.6362653175989786,0.5905172413793103,0.7698691493107441,0.6444444444444445,0.0,0.0,0.0,0.0,0.0,0.0,0.0,0.0,0.0,2002,radio,0.5
2,4,lr1e-04_bs16_modL1_fusion64_fusionL1_drop0p2_trmiss50_trlocradio,16,0.0001,1,64,1,0.2,lr1e-04_bs16_modL1_fusion64_fusionL1_drop0p2_trmiss50_trlocradio,15,0.4752133662501971,0.6354674498240153,0.5991379310344828,0.7746041489493949,0.6,0.0,0.0,0.0,0.0,0.0,0.0,0.0,0.0,0.0,2002,radio,0.5
2,4,lr1e-04_bs16_modL1_fusion64_fusionL1_drop0p2_trmiss50_trlocradio,16,0.0001,1,64,1,0.2,lr1e-04_bs16_modL1_fusion64_fusionL1_drop0p2_trmiss50_trlocradio,16,0.4603327785929044,0.6377586921056112,0.6012931034482759,0.7696892972343403,0.6,0.0,0.0,0.0,0.0,0.0,0.0,0.0,0.0,0.0,2002,radio,0.5
2,4,lr1e-04_bs16_modL1_fusion64_fusionL1_drop0p2_trmiss50_trlocradio,16,0.0001,1,64,1,0.2,lr1e-04_bs16_modL1_fusion64_fusionL1_drop0p2_trmiss50_trlocradio,17,0.4356409062941869,0.6381848255793253,0.603448275862069,0.7759268271388173,0.6444444444444445,0.0,0.0,0.0,0.0,0.0,0.0,0.0,0.0,0.0,2002,radio,0.5
2,4,lr1e-04_bs16_modL1_fusion64_fusionL1_drop0p2_trmiss50_trlocradio,16,0.0001,1,64,1,0.2,lr1e-04_bs16_modL1_fusion64_fusionL1_drop0p2_trmiss50_trlocradio,18,0.4465973551074664,0.6419450640678406,0.5991379310344828,0.7707347683243713,0.5777777777777777,0.0,0.0,0.0,0.0,0.0,0.0,0.0,0.0,0.0,2002,radio,0.5
2,4,lr1e-04_bs16_modL1_fusion64_fusionL1_drop0p2_trmiss50_trlocradio,16,0.0001,1,64,1,0.2,lr1e-04_bs16_modL1_fusion64_fusionL1_drop0p2_trmiss50_trlocradio,19,0.4215439533193906,0.6376927892367045,0.6142241379310345,0.7791948491058907,0.5555555555555556,0.0,0.0,0.0,0.0,0.0,0.0,0.0,0.0,0.0,2002,radio,0.5
2,4,lr1e-04_bs16_modL1_fusion64_fusionL1_drop0p2_trmiss50_trlocradio,16,0.0001,1,64,1,0.2,lr1e-04_bs16_modL1_fusion64_fusionL1_drop0p2_trmiss50_trlocradio,20,0.4225435083111127,0.6335036555926005,0.6099137931034483,0.7727120643720282,0.6666666666666666,0.0,0.0,0.0,0.0,0.0,0.0,0.0,0.0,0.0,2002,radio,0.5
2,4,lr1e-04_bs16_modL1_fusion64_fusionL1_drop0p2_trmiss50_trlocradio,16,0.0001,1,64,1,0.2,lr1e-04_bs16_modL1_fusion64_fusionL1_drop0p2_trmiss50_trlocradio,21,0.3958752155303955,0.6386086742083231,0.5969827586206897,0.7652907555357495,0.6444444444444445,0.0,0.0,0.0,0.0,0.0,0.0,0.0,0.0,0.0,2002,radio,0.5
2,4,lr1e-04_bs16_modL1_fusion64_fusionL1_drop0p2_trmiss50_trlocradio,16,0.0001,1,64,1,0.2,lr1e-04_bs16_modL1_fusion64_fusionL1_drop0p2_trmiss50_trlocradio,22,0.40953558683395386,0.6450878779093424,0.5754310344827586,0.7555024528025831,0.6222222222222222,0.0,0.0,0.0,0.0,0.0,0.0,0.0,0.0,0.0,2002,radio,0.5
2,4,lr1e-04_bs16_modL1_fusion64_fusionL1_drop0p2_trmiss50_trlocradio,16,0.0001,1,64,1,0.2,lr1e-04_bs16_modL1_fusion64_fusionL1_drop0p2_trmiss50_trlocradio,23,0.43408408264319104,0.6540839076042175,0.5689655172413793,0.7540641963085521,0.5555555555555556,0.0,0.0,0.0,0.0,0.0,0.0,0.0,0.0,0.0,2002,radio,0.5
2,4,lr1e-04_bs16_modL1_fusion64_fusionL1_drop0p2_trmiss50_trlocradio,16,0.0001,1,64,1,0.2,lr1e-04_bs16_modL1_fusion64_fusionL1_drop0p2_trmiss50_trlocradio,24,0.4194995289047559,0.6572382052739462,0.5560344827586208,0.7441732160357571,0.5555555555555556,0.0,0.0,0.0,0.0,0.0,0.0,0.0,0.0,0.0,2002,radio,0.5
2,4,lr1e-04_bs16_modL1_fusion64_fusionL1_drop0p2_trmiss50_trlocradio,16,0.0001,1,64,1,0.2,lr1e-04_bs16_modL1_fusion64_fusionL1_drop0p2_trmiss50_trlocradio,25,0.38126608232657117,0.6601918935775757,0.5538793103448276,0.7307112549105003,0.5555555555555556,0.0,0.0,0.0,0.0,0.0,0.0,0.0,0.0,0.0,2002,radio,0.5
2,4,lr1e-04_bs16_modL1_fusion64_fusionL1_drop0p1_trmiss50_trlocradio,16,0.0001,1,64,1,0.1,lr1e-04_bs16_modL1_fusion64_fusionL1_drop0p1_trmiss50_trlocradio,1,0.7017752975225449,0.7089146971702576,0.4849137931034483,0.6726861365638905,0.4444444444444444,0.0,0.0,0.0,0.0,0.0,0.0,0.0,0.0,0.0,2002,radio,0.5
2,4,lr1e-04_bs16_modL1_fusion64_fusionL1_drop0p1_trmiss50_trlocradio,16,0.0001,1,64,1,0.1,lr1e-04_bs16_modL1_fusion64_fusionL1_drop0p1_trmiss50_trlocradio,2,0.6682075907786688,0.7203289270401001,0.44181034482758624,0.6858247707916608,0.4444444444444444,0.0,0.0,0.0,0.0,0.0,0.0,0.0,0.0,0.0,2002,radio,0.5
2,4,lr1e-04_bs16_modL1_fusion64_fusionL1_drop0p1_trmiss50_trlocradio,16,0.0001,1,64,1,0.1,lr1e-04_bs16_modL1_fusion64_fusionL1_drop0p1_trmiss50_trlocradio,3,0.6320100724697113,0.7313531239827474,0.4353448275862069,0.6574105572879752,0.4444444444444444,0.0,0.0,0.0,0.0,0.0,0.0,0.0,0.0,0.0,2002,radio,0.5
2,4,lr1e-04_bs16_modL1_fusion64_fusionL1_drop0p1_trmiss50_trlocradio,16,0.0001,1,64,1,0.1,lr1e-04_bs16_modL1_fusion64_fusionL1_drop0p1_trmiss50_trlocradio,4,0.617548331618309,0.729702870051066,0.45258620689655166,0.6573240153179455,0.4666666666666667,0.0,0.0,0.0,0.0,0.0,0.0,0.0,0.0,0.0,2002,radio,0.5
2,4,lr1e-04_bs16_modL1_fusion64_fusionL1_drop0p1_trmiss50_trlocradio,16,0.0001,1,64,1,0.1,lr1e-04_bs16_modL1_fusion64_fusionL1_drop0p1_trmiss50_trlocradio,5,0.6036689480145773,0.7270475824673971,0.4676724137931035,0.6798291424717873,0.4666666666666667,0.0,0.0,0.0,0.0,0.0,0.0,0.0,0.0,0.0,2002,radio,0.5
2,4,lr1e-04_bs16_modL1_fusion64_fusionL1_drop0p1_trmiss50_trlocradio,16,0.0001,1,64,1,0.1,lr1e-04_bs16_modL1_fusion64_fusionL1_drop0p1_trmiss50_trlocradio,6,0.568644126256307,0.7229477365811666,0.4719827586206896,0.6866401456797534,0.4666666666666667,0.0,0.0,0.0,0.0,0.0,0.0,0.0,0.0,0.0,2002,radio,0.5
2,4,lr1e-04_bs16_modL1_fusion64_fusionL1_drop0p1_trmiss50_trlocradio,16,0.0001,1,64,1,0.1,lr1e-04_bs16_modL1_fusion64_fusionL1_drop0p1_trmiss50_trlocradio,7,0.5598665525515875,0.7160705924034119,0.4676724137931034,0.6762973654213204,0.5111111111111111,0.0,0.0,0.0,0.0,0.0,0.0,0.0,0.0,0.0,2002,radio,0.5
2,4,lr1e-04_bs16_modL1_fusion64_fusionL1_drop0p1_trmiss50_trlocradio,16,0.0001,1,64,1,0.1,lr1e-04_bs16_modL1_fusion64_fusionL1_drop0p1_trmiss50_trlocradio,8,0.5636765311161677,0.7133638262748718,0.4892241379310345,0.7062324958124719,0.5111111111111111,0.0,0.0,0.0,0.0,0.0,0.0,0.0,0.0,0.0,2002,radio,0.5
2,4,lr1e-04_bs16_modL1_fusion64_fusionL1_drop0p1_trmiss50_trlocradio,16,0.0001,1,64,1,0.1,lr1e-04_bs16_modL1_fusion64_fusionL1_drop0p1_trmiss50_trlocradio,9,0.5501584808031718,0.7225223978360494,0.5021551724137931,0.7084162361316618,0.4666666666666667,0.0,0.0,0.0,0.0,0.0,0.0,0.0,0.0,0.0,2002,radio,0.5
2,4,lr1e-04_bs16_modL1_fusion64_fusionL1_drop0p1_trmiss50_trlocradio,16,0.0001,1,64,1,0.1,lr1e-04_bs16_modL1_fusion64_fusionL1_drop0p1_trmiss50_trlocradio,10,0.5202337354421616,0.7100429932276408,0.5193965517241379,0.7139938714753121,0.5333333333333333,0.0,0.0,0.0,0.0,0.0,0.0,0.0,0.0,0.0,2002,radio,0.5
2,4,lr1e-04_bs16_modL1_fusion64_fusionL1_drop0p1_trmiss50_trlocradio,16,0.0001,1,64,1,0.1,lr1e-04_bs16_modL1_fusion64_fusionL1_drop0p1_trmiss50_trlocradio,11,0.5160934229691824,0.7097388704617819,0.4956896551724138,0.6750777576263316,0.5111111111111111,0.0,0.0,0.0,0.0,0.0,0.0,0.0,0.0,0.0,2002,radio,0.5
2,4,lr1e-04_bs16_modL1_fusion64_fusionL1_drop0p1_trmiss50_trlocradio,16,0.0001,1,64,1,0.1,lr1e-04_bs16_modL1_fusion64_fusionL1_drop0p1_trmiss50_trlocradio,12,0.5075692733128866,0.7191649476687113,0.49137931034482757,0.6830167987620476,0.5333333333333333,0.0,0.0,0.0,0.0,0.0,0.0,0.0,0.0,0.0,2002,radio,0.5
2,4,lr1e-04_bs16_modL1_fusion64_fusionL1_drop0p1_trmiss50_trlocradio,16,0.0001,1,64,1,0.1,lr1e-04_bs16_modL1_fusion64_fusionL1_drop0p1_trmiss50_trlocradio,13,0.5023685793081919,0.7141353090604147,0.4849137931034483,0.6681274130908736,0.5333333333333333,0.0,0.0,0.0,0.0,0.0,0.0,0.0,0.0,0.0,2002,radio,0.5
2,4,lr1e-04_bs16_modL1_fusion64_fusionL1_drop0p1_trmiss50_trlocradio,16,0.0001,1,64,1,0.1,lr1e-04_bs16_modL1_fusion64_fusionL1_drop0p1_trmiss50_trlocradio,14,0.4947897990544637,0.7113258838653564,0.4892241379310345,0.6739139606851403,0.5111111111111111,0.0,0.0,0.0,0.0,0.0,0.0,0.0,0.0,0.0,2002,radio,0.5
2,4,lr1e-04_bs16_modL1_fusion64_fusionL1_drop0p1_trmiss50_trlocradio,16,0.0001,1,64,1,0.1,lr1e-04_bs16_modL1_fusion64_fusionL1_drop0p1_trmiss50_trlocradio,15,0.49619973450899124,0.7120858430862427,0.48275862068965514,0.6677652495508994,0.5111111111111111,0.0,0.0,0.0,0.0,0.0,0.0,0.0,0.0,0.0,2002,radio,0.5
2,4,lr1e-04_bs16_modL1_fusion64_fusionL1_drop0p1_trmiss50_trlocradio,16,0.0001,1,64,1,0.1,lr1e-04_bs16_modL1_fusion64_fusionL1_drop0p1_trmiss50_trlocradio,16,0.4757717102766037,0.708373228708903,0.4913793103448276,0.6737753763515211,0.5111111111111111,0.0,0.0,0.0,0.0,0.0,0.0,0.0,0.0,0.0,2002,radio,0.5
2,4,lr1e-04_bs16_modL1_fusion64_fusionL1_drop0p1_trmiss50_trlocradio,16,0.0001,1,64,1,0.1,lr1e-04_bs16_modL1_fusion64_fusionL1_drop0p1_trmiss50_trlocradio,17,0.48267045617103577,0.7132511536280314,0.4956896551724138,0.6776975562837604,0.5111111111111111,0.0,0.0,0.0,0.0,0.0,0.0,0.0,0.0,0.0,2002,radio,0.5
2,4,lr1e-04_bs16_modL1_fusion64_fusionL1_drop0p1_trmiss50_trlocradio,16,0.0001,1,64,1,0.1,lr1e-04_bs16_modL1_fusion64_fusionL1_drop0p1_trmiss50_trlocradio,18,0.4811075031757355,0.7114659547805786,0.5043103448275862,0.682131815311728,0.5333333333333333,0.0,0.0,0.0,0.0,0.0,0.0,0.0,0.0,0.0,2002,radio,0.5
2,4,lr1e-04_bs16_modL1_fusion64_fusionL1_drop0p1_trmiss50_trlocradio,16,0.0001,1,64,1,0.1,lr1e-04_bs16_modL1_fusion64_fusionL1_drop0p1_trmiss50_trlocradio,19,0.49093197534481686,0.7149577736854553,0.5,0.6775797900139737,0.4888888888888889,0.0,0.0,0.0,0.0,0.0,0.0,0.0,0.0,0.0,2002,radio,0.5
2,4,lr1e-04_bs16_modL1_fusion64_fusionL1_drop0p1_trmiss50_trlocradio,16,0.0001,1,64,1,0.1,lr1e-04_bs16_modL1_fusion64_fusionL1_drop0p1_trmiss50_trlocradio,20,0.4842016001542409,0.7165253758430481,0.4849137931034483,0.6716740695056873,0.4888888888888889,0.0,0.0,0.0,0.0,0.0,0.0,0.0,0.0,0.0,2002,radio,0.5
2,4,lr1e-04_bs16_modL1_fusion64_fusionL1_drop0p1_trmiss50_trlocradio,16,0.0001,1,64,1,0.1,lr1e-04_bs16_modL1_fusion64_fusionL1_drop0p1_trmiss50_trlocradio,21,0.4661053741971652,0.7105300227801005,0.5,0.6800797196677673,0.5111111111111111,0.0,0.0,0.0,0.0,0.0,0.0,0.0,0.0,0.0,2002,radio,0.5
2,4,lr1e-04_bs16_modL1_fusion64_fusionL1_drop0p1_trmiss50_trlocradio,16,0.0001,1,64,1,0.1,lr1e-04_bs16_modL1_fusion64_fusionL1_drop0p1_trmiss50_trlocradio,22,0.48014766226212185,0.713580052057902,0.49568965517241376,0.6805263066083387,0.5333333333333333,0.0,0.0,0.0,0.0,0.0,0.0,0.0,0.0,0.0,2002,radio,0.5
2,4,lr1e-04_bs16_modL1_fusion64_fusionL1_drop0p1_trmiss50_trlocradio,16,0.0001,1,64,1,0.1,lr1e-04_bs16_modL1_fusion64_fusionL1_drop0p1_trmiss50_trlocradio,23,0.45097386588652927,0.7118332783381144,0.5043103448275863,0.6814369133996419,0.5333333333333333,0.0,0.0,0.0,0.0,0.0,0.0,0.0,0.0,0.0,2002,radio,0.5
2,4,lr1e-04_bs16_modL1_fusion64_fusionL1_drop0p1_trmiss50_trlocradio,16,0.0001,1,64,1,0.1,lr1e-04_bs16_modL1_fusion64_fusionL1_drop0p1_trmiss50_trlocradio,24,0.46662163237730664,0.7123753428459167,0.49137931034482757,0.6726416223930094,0.4888888888888889,0.0,0.0,0.0,0.0,0.0,0.0,0.0,0.0,0.0,2002,radio,0.5
2,4,lr1e-04_bs16_modL1_fusion64_fusionL1_drop0p1_trmiss50_trlocradio,16,0.0001,1,64,1,0.1,lr1e-04_bs16_modL1_fusion64_fusionL1_drop0p1_trmiss50_trlocradio,25,0.45805811633666355,0.7121135791142782,0.5064655172413793,0.6827905785727577,0.5333333333333333,0.0,0.0,0.0,0.0,0.0,0.0,0.0,0.0,0.0,2002,radio,0.5
2,4,lr1e-04_bs16_modL1_fusion64_fusionL1_drop0p1_trmiss50_trlocradio,16,0.0001,1,64,1,0.1,lr1e-04_bs16_modL1_fusion64_fusionL1_drop0p1_trmiss50_trlocradio,26,0.46199992050727207,0.7154962420463562,0.49784482758620696,0.6771326893303753,0.5333333333333333,0.0,0.0,0.0,0.0,0.0,0.0,0.0,0.0,0.0,2002,radio,0.5
2,4,lr1e-04_bs16_modL1_fusion64_fusionL1_drop0p1_trmiss50_trlocradio,16,0.0001,1,64,1,0.1,lr1e-04_bs16_modL1_fusion64_fusionL1_drop0p1_trmiss50_trlocradio,27,0.4689537435770035,0.7191702127456665,0.4806034482758621,0.6684915743737054,0.5333333333333333,0.0,0.0,0.0,0.0,0.0,0.0,0.0,0.0,0.0,2002,radio,0.5
2,4,lr1e-04_bs16_modL1_fusion64_fusionL1_drop0p1_trmiss50_trlocradio,16,0.0001,1,64,1,0.1,lr1e-04_bs16_modL1_fusion64_fusionL1_drop0p1_trmiss50_trlocradio,28,0.4581180736422539,0.7180598974227905,0.4978448275862069,0.6758465796409292,0.5111111111111111,0.0,0.0,0.0,0.0,0.0,0.0,0.0,0.0,0.0,2002,radio,0.5
2,4,lr1e-04_bs16_modL1_fusion64_fusionL1_drop0p1_trmiss50_trlocradio,16,0.0001,1,64,1,0.1,lr1e-04_bs16_modL1_fusion64_fusionL1_drop0p1_trmiss50_trlocradio,29,0.45721322298049927,0.7186130086580912,0.48706896551724144,0.6717058380013479,0.5111111111111111,0.0,0.0,0.0,0.0,0.0,0.0,0.0,0.0,0.0,2002,radio,0.5
2,4,lr1e-04_bs16_modL1_fusion64_fusionL1_drop0p1_trmiss50_trlocradio,16,0.0001,1,64,1,0.1,lr1e-04_bs16_modL1_fusion64_fusionL1_drop0p1_trmiss50_trlocradio,30,0.4541441574692726,0.706007699171702,0.47844827586206895,0.6677552402095128,0.4444444444444444,0.0,0.0,0.0,0.0,0.0,0.0,0.0,0.0,0.0,2002,radio,0.5
2,4,lr5e-05_bs32_modL1_fusion32_fusionL1_drop0p2_trmiss50_trlocradio,32,5e-05,1,32,1,0.2,lr5e-05_bs32_modL1_fusion32_fusionL1_drop0p2_trmiss50_trlocradio,1,0.7123352289199829,0.6950159072875977,0.3232758620689655,0.5378031594249465,0.5555555555555556,0.0,0.0,0.0,0.0,0.0,0.0,0.0,0.0,0.0,2002,radio,0.5
2,4,lr5e-05_bs32_modL1_fusion32_fusionL1_drop0p2_trmiss50_trlocradio,32,5e-05,1,32,1,0.2,lr5e-05_bs32_modL1_fusion32_fusionL1_drop0p2_trmiss50_trlocradio,2,0.7050421337286631,0.7022386193275452,0.33189655172413796,0.5549270179985438,0.5111111111111111,0.0,0.0,0.0,0.0,0.0,0.0,0.0,0.0,0.0,2002,radio,0.5
2,4,lr5e-05_bs32_modL1_fusion32_fusionL1_drop0p2_trmiss50_trlocradio,32,5e-05,1,32,1,0.2,lr5e-05_bs32_modL1_fusion32_fusionL1_drop0p2_trmiss50_trlocradio,3,0.6810714900493622,0.704802930355072,0.3556034482758621,0.5686276885894358,0.4444444444444444,0.0,0.0,0.0,0.0,0.0,0.0,0.0,0.0,0.0,2002,radio,0.5
2,4,lr5e-05_bs32_modL1_fusion32_fusionL1_drop0p2_trmiss50_trlocradio,32,5e-05,1,32,1,0.2,lr5e-05_bs32_modL1_fusion32_fusionL1_drop0p2_trmiss50_trlocradio,4,0.6609295904636383,0.7009411752223969,0.41163793103448276,0.6017185554752115,0.4666666666666667,0.0,0.0,0.0,0.0,0.0,0.0,0.0,0.0,0.0,2002,radio,0.5
2,4,lr5e-05_bs32_modL1_fusion32_fusionL1_drop0p2_trmiss50_trlocradio,32,5e-05,1,32,1,0.2,lr5e-05_bs32_modL1_fusion32_fusionL1_drop0p2_trmiss50_trlocradio,5,0.6452055970827738,0.7018124163150787,0.46120689655172414,0.6272178313586224,0.4444444444444444,0.0,0.0,0.0,0.0,0.0,0.0,0.0,0.0,0.0,2002,radio,0.5
2,4,lr5e-05_bs32_modL1_fusion32_fusionL1_drop0p2_trmiss50_trlocradio,32,5e-05,1,32,1,0.2,lr5e-05_bs32_modL1_fusion32_fusionL1_drop0p2_trmiss50_trlocradio,6,0.6280489861965179,0.6967460215091705,0.5193965517241379,0.658201756748942,0.4888888888888889,0.0,0.0,0.0,0.0,0.0,0.0,0.0,0.0,0.0,2002,radio,0.5
2,4,lr5e-05_bs32_modL1_fusion32_fusionL1_drop0p2_trmiss50_trlocradio,32,5e-05,1,32,1,0.2,lr5e-05_bs32_modL1_fusion32_fusionL1_drop0p2_trmiss50_trlocradio,7,0.6358944276968638,0.6925401091575623,0.5495689655172413,0.6710653284571592,0.5333333333333333,0.0,0.0,0.0,0.0,0.0,0.0,0.0,0.0,0.0,2002,radio,0.5
2,4,lr5e-05_bs32_modL1_fusion32_fusionL1_drop0p2_trmiss50_trlocradio,32,5e-05,1,32,1,0.2,lr5e-05_bs32_modL1_fusion32_fusionL1_drop0p2_trmiss50_trlocradio,8,0.6167470415433248,0.688820481300354,0.5517241379310345,0.6716656034604377,0.5555555555555556,0.0,0.0,0.0,0.0,0.0,0.0,0.0,0.0,0.0,2002,radio,0.5
2,4,lr5e-05_bs32_modL1_fusion32_fusionL1_drop0p2_trmiss50_trlocradio,32,5e-05,1,32,1,0.2,lr5e-05_bs32_modL1_fusion32_fusionL1_drop0p2_trmiss50_trlocradio,9,0.6053050855795542,0.6875196993350983,0.5581896551724138,0.6720784070619136,0.5555555555555556,0.0,0.0,0.0,0.0,0.0,0.0,0.0,0.0,0.0,2002,radio,0.5
2,4,lr5e-05_bs32_modL1_fusion32_fusionL1_drop0p2_trmiss50_trlocradio,32,5e-05,1,32,1,0.2,lr5e-05_bs32_modL1_fusion32_fusionL1_drop0p2_trmiss50_trlocradio,10,0.6045384407043457,0.6873996257781982,0.5668103448275862,0.6757534641085632,0.5555555555555556,0.0,0.0,0.0,0.0,0.0,0.0,0.0,0.0,0.0,2002,radio,0.5
2,4,lr5e-05_bs32_modL1_fusion32_fusionL1_drop0p2_trmiss50_trlocradio,32,5e-05,1,32,1,0.2,lr5e-05_bs32_modL1_fusion32_fusionL1_drop0p2_trmiss50_trlocradio,11,0.5797985295454661,0.6845133900642395,0.5797413793103449,0.6871187914231686,0.5555555555555556,0.0,0.0,0.0,0.0,0.0,0.0,0.0,0.0,0.0,2002,radio,0.5
2,4,lr5e-05_bs32_modL1_fusion32_fusionL1_drop0p2_trmiss50_trlocradio,32,5e-05,1,32,1,0.2,lr5e-05_bs32_modL1_fusion32_fusionL1_drop0p2_trmiss50_trlocradio,12,0.5881774028142294,0.681488037109375,0.5905172413793103,0.6912610312104882,0.5555555555555556,0.0,0.0,0.0,0.0,0.0,0.0,0.0,0.0,0.0,2002,radio,0.5
2,4,lr5e-05_bs32_modL1_fusion32_fusionL1_drop0p2_trmiss50_trlocradio,32,5e-05,1,32,1,0.2,lr5e-05_bs32_modL1_fusion32_fusionL1_drop0p2_trmiss50_trlocradio,13,0.5737965206305186,0.6799962520599365,0.5862068965517242,0.6845624063487515,0.5555555555555556,0.0,0.0,0.0,0.0,0.0,0.0,0.0,0.0,0.0,2002,radio,0.5
2,4,lr5e-05_bs32_modL1_fusion32_fusionL1_drop0p2_trmiss50_trlocradio,32,5e-05,1,32,1,0.2,lr5e-05_bs32_modL1_fusion32_fusionL1_drop0p2_trmiss50_trlocradio,14,0.556287149588267,0.683343768119812,0.5560344827586207,0.6753907584978976,0.5555555555555556,0.0,0.0,0.0,0.0,0.0,0.0,0.0,0.0,0.0,2002,radio,0.5
2,4,lr5e-05_bs32_modL1_fusion32_fusionL1_drop0p2_trmiss50_trlocradio,32,5e-05,1,32,1,0.2,lr5e-05_bs32_modL1_fusion32_fusionL1_drop0p2_trmiss50_trlocradio,15,0.5555864572525024,0.6833608448505402,0.5517241379310345,0.672607946803543,0.5777777777777777,0.0,0.0,0.0,0.0,0.0,0.0,0.0,0.0,0.0,2002,radio,0.5
2,4,lr5e-05_bs32_modL1_fusion32_fusionL1_drop0p2_trmiss50_trlocradio,32,5e-05,1,32,1,0.2,lr5e-05_bs32_modL1_fusion32_fusionL1_drop0p2_trmiss50_trlocradio,16,0.5556396047274271,0.6820110976696014,0.5560344827586207,0.6766399831715031,0.5777777777777777,0.0,0.0,0.0,0.0,0.0,0.0,0.0,0.0,0.0,2002,radio,0.5
2,4,lr5e-05_bs32_modL1_fusion32_fusionL1_drop0p2_trmiss50_trlocradio,32,5e-05,1,32,1,0.2,lr5e-05_bs32_modL1_fusion32_fusionL1_drop0p2_trmiss50_trlocradio,17,0.536144862572352,0.6821799874305725,0.5711206896551725,0.68986605817365,0.5777777777777777,0.0,0.0,0.0,0.0,0.0,0.0,0.0,0.0,0.0,2002,radio,0.5
2,4,lr5e-05_bs32_modL1_fusion32_fusionL1_drop0p2_trmiss50_trlocradio,32,5e-05,1,32,1,0.2,lr5e-05_bs32_modL1_fusion32_fusionL1_drop0p2_trmiss50_trlocradio,18,0.53708948691686,0.6815815269947052,0.5517241379310345,0.6802415532432395,0.5555555555555556,0.0,0.0,0.0,0.0,0.0,0.0,0.0,0.0,0.0,2002,radio,0.5
2,4,lr5e-05_bs32_modL1_fusion32_fusionL1_drop0p2_trmiss50_trlocradio,32,5e-05,1,32,1,0.2,lr5e-05_bs32_modL1_fusion32_fusionL1_drop0p2_trmiss50_trlocradio,19,0.5465075671672821,0.6799227595329285,0.5625,0.6920145291152244,0.5777777777777777,0.0,0.0,0.0,0.0,0.0,0.0,0.0,0.0,0.0,2002,radio,0.5
2,4,lr5e-05_bs32_modL1_fusion32_fusionL1_drop0p2_trmiss50_trlocradio,32,5e-05,1,32,1,0.2,lr5e-05_bs32_modL1_fusion32_fusionL1_drop0p2_trmiss50_trlocradio,20,0.5211938122908274,0.6810283362865448,0.5495689655172413,0.6873150981267033,0.5777777777777777,0.0,0.0,0.0,0.0,0.0,0.0,0.0,0.0,0.0,2002,radio,0.5
2,4,lr5e-05_bs32_modL1_fusion32_fusionL1_drop0p2_trmiss50_trlocradio,32,5e-05,1,32,1,0.2,lr5e-05_bs32_modL1_fusion32_fusionL1_drop0p2_trmiss50_trlocradio,21,0.5391217966874441,0.6788484156131744,0.5560344827586207,0.6927947977914883,0.6,0.0,0.0,0.0,0.0,0.0,0.0,0.0,0.0,0.0,2002,radio,0.5
2,4,lr5e-05_bs32_modL1_fusion32_fusionL1_drop0p2_trmiss50_trlocradio,32,5e-05,1,32,1,0.2,lr5e-05_bs32_modL1_fusion32_fusionL1_drop0p2_trmiss50_trlocradio,22,0.5103030155102412,0.6788438260555267,0.5646551724137931,0.6946546204434965,0.5777777777777777,0.0,0.0,0.0,0.0,0.0,0.0,0.0,0.0,0.0,2002,radio,0.5
2,4,lr5e-05_bs32_modL1_fusion32_fusionL1_drop0p2_trmiss50_trlocradio,32,5e-05,1,32,1,0.2,lr5e-05_bs32_modL1_fusion32_fusionL1_drop0p2_trmiss50_trlocradio,23,0.5133090764284134,0.6763355433940887,0.5646551724137931,0.6979029904069178,0.5555555555555556,0.0,0.0,0.0,0.0,0.0,0.0,0.0,0.0,0.0,2002,radio,0.5
2,4,lr5e-05_bs32_modL1_fusion32_fusionL1_drop0p2_trmiss50_trlocradio,32,5e-05,1,32,1,0.2,lr5e-05_bs32_modL1_fusion32_fusionL1_drop0p2_trmiss50_trlocradio,24,0.4991752902666728,0.6784738004207611,0.5517241379310345,0.6876454495923483,0.5111111111111111,0.0,0.0,0.0,0.0,0.0,0.0,0.0,0.0,0.0,2002,radio,0.5
2,4,lr5e-05_bs32_modL1_fusion32_fusionL1_drop0p2_trmiss50_trlocradio,32,5e-05,1,32,1,0.2,lr5e-05_bs32_modL1_fusion32_fusionL1_drop0p2_trmiss50_trlocradio,25,0.5158022195100784,0.6776140928268433,0.5603448275862069,0.6940096455867355,0.5555555555555556,0.0,0.0,0.0,0.0,0.0,0.0,0.0,0.0,0.0,2002,radio,0.5
2,4,lr5e-05_bs32_modL1_fusion32_fusionL1_drop0p2_trmiss50_trlocradio,32,5e-05,1,32,1,0.2,lr5e-05_bs32_modL1_fusion32_fusionL1_drop0p2_trmiss50_trlocradio,26,0.5085817277431488,0.6775116920471191,0.5474137931034483,0.6877694543947455,0.6,0.0,0.0,0.0,0.0,0.0,0.0,0.0,0.0,0.0,2002,radio,0.5
2,4,lr5e-05_bs32_modL1_fusion32_fusionL1_drop0p2_trmiss50_trlocradio,32,5e-05,1,32,1,0.2,lr5e-05_bs32_modL1_fusion32_fusionL1_drop0p2_trmiss50_trlocradio,27,0.4848867356777191,0.6777970492839813,0.5560344827586207,0.698659579707829,0.6,0.0,0.0,0.0,0.0,0.0,0.0,0.0,0.0,0.0,2002,radio,0.5
2,4,lr5e-05_bs32_modL1_fusion32_fusionL1_drop0p2_trmiss50_trlocradio,32,5e-05,1,32,1,0.2,lr5e-05_bs32_modL1_fusion32_fusionL1_drop0p2_trmiss50_trlocradio,28,0.49921020368735,0.6788307130336761,0.5775862068965518,0.7089489057439848,0.5777777777777777,0.0,0.0,0.0,0.0,0.0,0.0,0.0,0.0,0.0,2002,radio,0.5
2,4,lr5e-05_bs32_modL1_fusion32_fusionL1_drop0p2_trmiss50_trlocradio,32,5e-05,1,32,1,0.2,lr5e-05_bs32_modL1_fusion32_fusionL1_drop0p2_trmiss50_trlocradio,29,0.48359784483909607,0.684501975774765,0.5689655172413793,0.7010032057559554,0.6,0.0,0.0,0.0,0.0,0.0,0.0,0.0,0.0,0.0,2002,radio,0.5
2,4,lr5e-05_bs32_modL1_fusion32_fusionL1_drop0p2_trmiss50_trlocradio,32,5e-05,1,32,1,0.2,lr5e-05_bs32_modL1_fusion32_fusionL1_drop0p2_trmiss50_trlocradio,30,0.47404102484385174,0.6858494877815247,0.5603448275862069,0.6964870047089602,0.5777777777777777,0.0,0.0,0.0,0.0,0.0,0.0,0.0,0.0,0.0,2002,radio,0.5
2,4,lr5e-05_bs32_modL1_fusion32_fusionL1_drop0p2_trmiss50_trlocradio,32,5e-05,1,32,1,0.2,lr5e-05_bs32_modL1_fusion32_fusionL1_drop0p2_trmiss50_trlocradio,31,0.47501711547374725,0.6843569278717041,0.5625,0.695970656459437,0.6,0.0,0.0,0.0,0.0,0.0,0.0,0.0,0.0,0.0,2002,radio,0.5
2,4,lr5e-05_bs32_modL1_fusion32_fusionL1_drop0p2_trmiss50_trlocradio,32,5e-05,1,32,1,0.2,lr5e-05_bs32_modL1_fusion32_fusionL1_drop0p2_trmiss50_trlocradio,32,0.4796111037333806,0.6785299777984619,0.5625,0.689284744054143,0.6444444444444445,0.0,0.0,0.0,0.0,0.0,0.0,0.0,0.0,0.0,2002,radio,0.5
2,4,lr5e-05_bs32_modL1_fusion32_fusionL1_drop0p1_trmiss50_trlocradio,32,5e-05,1,32,1,0.1,lr5e-05_bs32_modL1_fusion32_fusionL1_drop0p1_trmiss50_trlocradio,1,0.7076168258984884,0.6779531240463257,0.4245689655172414,0.6208547578813551,0.6,0.0,0.0,0.0,0.0,0.0,0.0,0.0,0.0,0.0,2002,radio,0.5
2,4,lr5e-05_bs32_modL1_fusion32_fusionL1_drop0p1_trmiss50_trlocradio,32,5e-05,1,32,1,0.1,lr5e-05_bs32_modL1_fusion32_fusionL1_drop0p1_trmiss50_trlocradio,2,0.6638830304145813,0.6738783121109009,0.5064655172413792,0.6533646162960702,0.5111111111111111,0.0,0.0,0.0,0.0,0.0,0.0,0.0,0.0,0.0,2002,radio,0.5
2,4,lr5e-05_bs32_modL1_fusion32_fusionL1_drop0p1_trmiss50_trlocradio,32,5e-05,1,32,1,0.1,lr5e-05_bs32_modL1_fusion32_fusionL1_drop0p1_trmiss50_trlocradio,3,0.6478211482365926,0.6697822213172913,0.5107758620689655,0.6701872607622195,0.5333333333333333,0.0,0.0,0.0,0.0,0.0,0.0,0.0,0.0,0.0,2002,radio,0.5
2,4,lr5e-05_bs32_modL1_fusion32_fusionL1_drop0p1_trmiss50_trlocradio,32,5e-05,1,32,1,0.1,lr5e-05_bs32_modL1_fusion32_fusionL1_drop0p1_trmiss50_trlocradio,4,0.6319179832935333,0.6686257421970367,0.5172413793103449,0.679476172389126,0.5333333333333333,0.0,0.0,0.0,0.0,0.0,0.0,0.0,0.0,0.0,2002,radio,0.5
2,4,lr5e-05_bs32_modL1_fusion32_fusionL1_drop0p1_trmiss50_trlocradio,32,5e-05,1,32,1,0.1,lr5e-05_bs32_modL1_fusion32_fusionL1_drop0p1_trmiss50_trlocradio,5,0.6009853879610697,0.6712115406990051,0.5021551724137931,0.6695934780045285,0.5111111111111111,0.0,0.0,0.0,0.0,0.0,0.0,0.0,0.0,0.0,2002,radio,0.5
2,4,lr5e-05_bs32_modL1_fusion32_fusionL1_drop0p1_trmiss50_trlocradio,32,5e-05,1,32,1,0.1,lr5e-05_bs32_modL1_fusion32_fusionL1_drop0p1_trmiss50_trlocradio,6,0.6049447258313497,0.6752935647964478,0.4849137931034483,0.652738154472102,0.5111111111111111,0.0,0.0,0.0,0.0,0.0,0.0,0.0,0.0,0.0,2002,radio,0.5
2,4,lr5e-05_bs32_modL1_fusion32_fusionL1_drop0p1_trmiss50_trlocradio,32,5e-05,1,32,1,0.1,lr5e-05_bs32_modL1_fusion32_fusionL1_drop0p1_trmiss50_trlocradio,7,0.582714706659317,0.6763755679130554,0.48491379310344834,0.6539128113164947,0.5111111111111111,0.0,0.0,0.0,0.0,0.0,0.0,0.0,0.0,0.0,2002,radio,0.5
2,4,lr5e-05_bs32_modL1_fusion32_fusionL1_drop0p1_trmiss50_trlocradio,32,5e-05,1,32,1,0.1,lr5e-05_bs32_modL1_fusion32_fusionL1_drop0p1_trmiss50_trlocradio,8,0.5824605127175649,0.6761459410190582,0.5064655172413793,0.665424141497797,0.4888888888888889,0.0,0.0,0.0,0.0,0.0,0.0,0.0,0.0,0.0,2002,radio,0.5
2,4,lr5e-05_bs32_modL1_fusion32_fusionL1_drop0p1_trmiss50_trlocradio,32,5e-05,1,32,1,0.1,lr5e-05_bs32_modL1_fusion32_fusionL1_drop0p1_trmiss50_trlocradio,9,0.5563915769259135,0.6752512753009796,0.502155172413793,0.6645041477829633,0.4888888888888889,0.0,0.0,0.0,0.0,0.0,0.0,0.0,0.0,0.0,2002,radio,0.5
2,4,lr5e-05_bs32_modL1_fusion32_fusionL1_drop0p1_trmiss50_trlocradio,32,5e-05,1,32,1,0.1,lr5e-05_bs32_modL1_fusion32_fusionL1_drop0p1_trmiss50_trlocradio,10,0.5605279008547465,0.6733484268188477,0.5107758620689655,0.6787336748617769,0.4888888888888889,0.0,0.0,0.0,0.0,0.0,0.0,0.0,0.0,0.0,2002,radio,0.5
2,4,lr5e-05_bs32_modL1_fusion32_fusionL1_drop0p1_trmiss50_trlocradio,32,5e-05,1,32,1,0.1,lr5e-05_bs32_modL1_fusion32_fusionL1_drop0p1_trmiss50_trlocradio,11,0.5556637744108835,0.6732600033283234,0.5064655172413793,0.682780749040697,0.4666666666666667,0.0,0.0,0.0,0.0,0.0,0.0,0.0,0.0,0.0,2002,radio,0.5
2,4,lr5e-05_bs32_modL1_fusion32_fusionL1_drop0p1_trmiss50_trlocradio,32,5e-05,1,32,1,0.1,lr5e-05_bs32_modL1_fusion32_fusionL1_drop0p1_trmiss50_trlocradio,12,0.5418656865755717,0.6747422814369202,0.5,0.6803427366060455,0.4666666666666667,0.0,0.0,0.0,0.0,0.0,0.0,0.0,0.0,0.0,2002,radio,0.5
2,4,lr5e-05_bs32_modL1_fusion32_fusionL1_drop0p1_trmiss50_trlocradio,32,5e-05,1,32,1,0.1,lr5e-05_bs32_modL1_fusion32_fusionL1_drop0p1_trmiss50_trlocradio,13,0.553083618481954,0.6743782162666321,0.5,0.6814797222257898,0.4444444444444444,0.0,0.0,0.0,0.0,0.0,0.0,0.0,0.0,0.0,2002,radio,0.5
2,4,lr5e-05_bs32_modL1_fusion32_fusionL1_drop0p1_trmiss50_trlocradio,32,5e-05,1,32,1,0.1,lr5e-05_bs32_modL1_fusion32_fusionL1_drop0p1_trmiss50_trlocradio,14,0.5395627419153849,0.6729631423950195,0.4956896551724138,0.6701951948889439,0.4888888888888889,0.0,0.0,0.0,0.0,0.0,0.0,0.0,0.0,0.0,2002,radio,0.5
2,4,lr5e-05_bs32_modL1_fusion32_fusionL1_drop0p1_trmiss50_trlocradio,32,5e-05,1,32,1,0.1,lr5e-05_bs32_modL1_fusion32_fusionL1_drop0p1_trmiss50_trlocradio,15,0.5389314393202463,0.6762451231479645,0.5,0.6762732234808767,0.4666666666666667,0.0,0.0,0.0,0.0,0.0,0.0,0.0,0.0,0.0,2002,radio,0.5
2,4,lr5e-05_bs32_modL1_fusion32_fusionL1_drop0p1_trmiss50_trlocradio,32,5e-05,1,32,1,0.1,lr5e-05_bs32_modL1_fusion32_fusionL1_drop0p1_trmiss50_trlocradio,16,0.5276896258195242,0.6787435412406921,0.4956896551724138,0.6735427559945917,0.4666666666666667,0.0,0.0,0.0,0.0,0.0,0.0,0.0,0.0,0.0,2002,radio,0.5
2,4,lr5e-05_bs32_modL1_fusion32_fusionL1_drop0p1_trmiss50_trlocradio,32,5e-05,1,32,1,0.1,lr5e-05_bs32_modL1_fusion32_fusionL1_drop0p1_trmiss50_trlocradio,17,0.5189974009990692,0.6786653995513916,0.5043103448275863,0.6802535092303796,0.4888888888888889,0.0,0.0,0.0,0.0,0.0,0.0,0.0,0.0,0.0,2002,radio,0.5
2,4,lr5e-05_bs32_modL1_fusion32_fusionL1_drop0p1_trmiss50_trlocradio,32,5e-05,1,32,1,0.1,lr5e-05_bs32_modL1_fusion32_fusionL1_drop0p1_trmiss50_trlocradio,18,0.5180099010467529,0.6807039082050323,0.48922413793103453,0.6695780472055923,0.5111111111111111,0.0,0.0,0.0,0.0,0.0,0.0,0.0,0.0,0.0,2002,radio,0.5
2,4,lr5e-05_bs32_modL1_fusion32_fusionL1_drop0p1_trmiss50_trlocradio,32,5e-05,1,32,1,0.1,lr5e-05_bs32_modL1_fusion32_fusionL1_drop0p1_trmiss50_trlocradio,19,0.5136695404847463,0.6815718412399292,0.4935344827586207,0.6896048522108047,0.5111111111111111,0.0,0.0,0.0,0.0,0.0,0.0,0.0,0.0,0.0,2002,radio,0.5
2,4,lr5e-05_bs32_modL1_fusion32_fusionL1_drop0p1_trmiss50_trlocradio,32,5e-05,1,32,1,0.1,lr5e-05_bs32_modL1_fusion32_fusionL1_drop0p1_trmiss50_trlocradio,20,0.5224265257517496,0.6812631785869598,0.4913793103448276,0.6878807142797702,0.5333333333333333,0.0,0.0,0.0,0.0,0.0,0.0,0.0,0.0,0.0,2002,radio,0.5
2,4,lr5e-05_bs32_modL1_fusion32_fusionL1_drop0p1_trmiss50_trlocradio,32,5e-05,1,32,1,0.1,lr5e-05_bs32_modL1_fusion32_fusionL1_drop0p1_trmiss50_trlocradio,21,0.5217822094758352,0.6827456951141357,0.47844827586206895,0.6627882405366219,0.5111111111111111,0.0,0.0,0.0,0.0,0.0,0.0,0.0,0.0,0.0,2002,radio,0.5
2,4,lr5e-05_bs32_modL1_fusion32_fusionL1_drop0p1_trmiss50_trlocradio,32,5e-05,1,32,1,0.1,lr5e-05_bs32_modL1_fusion32_fusionL1_drop0p1_trmiss50_trlocradio,22,0.4975074529647827,0.684512585401535,0.4806034482758621,0.664591628101967,0.5333333333333333,0.0,0.0,0.0,0.0,0.0,0.0,0.0,0.0,0.0,2002,radio,0.5
2,4,lr5e-05_bs32_modL1_fusion32_fusionL1_drop0p1_trmiss50_trlocradio,32,5e-05,1,32,1,0.1,lr5e-05_bs32_modL1_fusion32_fusionL1_drop0p1_trmiss50_trlocradio,23,0.50776640077432,0.6842522323131561,0.47844827586206895,0.662364024110129,0.5111111111111111,0.0,0.0,0.0,0.0,0.0,0.0,0.0,0.0,0.0,2002,radio,0.5
2,4,lr5e-05_bs32_modL1_fusion32_fusionL1_drop0p1_trmiss50_trlocradio,32,5e-05,1,32,1,0.1,lr5e-05_bs32_modL1_fusion32_fusionL1_drop0p1_trmiss50_trlocradio,24,0.5078697303930918,0.6849951148033142,0.48275862068965514,0.6682334420485124,0.5333333333333333,0.0,0.0,0.0,0.0,0.0,0.0,0.0,0.0,0.0,2002,radio,0.5
2,4,lr5e-05_bs32_modL1_fusion32_fusionL1_drop0p1_trmiss50_trlocradio,32,5e-05,1,32,1,0.1,lr5e-05_bs32_modL1_fusion32_fusionL1_drop0p1_trmiss50_trlocradio,25,0.5032508621613184,0.6862004399299622,0.4719827586206896,0.6575158236630174,0.5111111111111111,0.0,0.0,0.0,0.0,0.0,0.0,0.0,0.0,0.0,2002,radio,0.5
2,4,lr5e-05_bs32_modL1_fusion32_fusionL1_drop0p1_trmiss50_trlocradio,32,5e-05,1,32,1,0.1,lr5e-05_bs32_modL1_fusion32_fusionL1_drop0p1_trmiss50_trlocradio,26,0.5223151942094167,0.6846923828125,0.4698275862068966,0.6613873449165972,0.5333333333333333,0.0,0.0,0.0,0.0,0.0,0.0,0.0,0.0,0.0,2002,radio,0.5
2,4,lr5e-05_bs32_modL1_fusion32_fusionL1_drop0p1_trmiss50_trlocradio,32,5e-05,1,32,1,0.1,lr5e-05_bs32_modL1_fusion32_fusionL1_drop0p1_trmiss50_trlocradio,27,0.5126367112000784,0.6844098567962646,0.4698275862068966,0.6579923041262835,0.5111111111111111,0.0,0.0,0.0,0.0,0.0,0.0,0.0,0.0,0.0,2002,radio,0.5
2,4,lr5e-05_bs32_modL1_fusion32_fusionL1_drop0p1_trmiss50_trlocradio,32,5e-05,1,32,1,0.1,lr5e-05_bs32_modL1_fusion32_fusionL1_drop0p1_trmiss50_trlocradio,28,0.5182309051354727,0.6857888400554657,0.46767241379310354,0.6736797665417279,0.5111111111111111,0.0,0.0,0.0,0.0,0.0,0.0,0.0,0.0,0.0,2002,radio,0.5
2,4,lr5e-05_bs32_modL1_fusion32_fusionL1_drop0p1_trmiss50_trlocradio,32,5e-05,1,32,1,0.1,lr5e-05_bs32_modL1_fusion32_fusionL1_drop0p1_trmiss50_trlocradio,29,0.4994259774684906,0.6830171644687653,0.4719827586206896,0.6757360771438901,0.5111111111111111,0.0,0.0,0.0,0.0,0.0,0.0,0.0,0.0,0.0,2002,radio,0.5
2,4,lr5e-05_bs32_modL1_fusion32_fusionL1_drop0p1_trmiss50_trlocradio,32,5e-05,1,32,1,0.1,lr5e-05_bs32_modL1_fusion32_fusionL1_drop0p1_trmiss50_trlocradio,30,0.504221980770429,0.6838512420654297,0.4762931034482759,0.6784111758243542,0.5333333333333333,0.0,0.0,0.0,0.0,0.0,0.0,0.0,0.0,0.0,2002,radio,0.5
2,4,lr5e-05_bs32_modL1_fusion64_fusionL1_drop0p2_trmiss50_trlocradio,32,5e-05,1,64,1,0.2,lr5e-05_bs32_modL1_fusion64_fusionL1_drop0p2_trmiss50_trlocradio,1,0.703130453824997,0.6828335225582123,0.5021551724137931,0.6235212233523084,0.6444444444444445,0.0,0.0,0.0,0.0,0.0,0.0,0.0,0.0,0.0,2002,radio,0.5
2,4,lr5e-05_bs32_modL1_fusion64_fusionL1_drop0p2_trmiss50_trlocradio,32,5e-05,1,64,1,0.2,lr5e-05_bs32_modL1_fusion64_fusionL1_drop0p2_trmiss50_trlocradio,2,0.645466536283493,0.6806051731109619,0.5280172413793103,0.636739673109174,0.6444444444444445,0.0,0.0,0.0,0.0,0.0,0.0,0.0,0.0,0.0,2002,radio,0.5
2,4,lr5e-05_bs32_modL1_fusion64_fusionL1_drop0p2_trmiss50_trlocradio,32,5e-05,1,64,1,0.2,lr5e-05_bs32_modL1_fusion64_fusionL1_drop0p2_trmiss50_trlocradio,3,0.6477830111980438,0.6748986542224884,0.5344827586206896,0.6484065394533854,0.6444444444444445,0.0,0.0,0.0,0.0,0.0,0.0,0.0,0.0,0.0,2002,radio,0.5
2,4,lr5e-05_bs32_modL1_fusion64_fusionL1_drop0p2_trmiss50_trlocradio,32,5e-05,1,64,1,0.2,lr5e-05_bs32_modL1_fusion64_fusionL1_drop0p2_trmiss50_trlocradio,4,0.6249182422955831,0.6704514920711517,0.5560344827586207,0.6702147458207912,0.6888888888888889,0.0,0.0,0.0,0.0,0.0,0.0,0.0,0.0,0.0,2002,radio,0.5
2,4,lr5e-05_bs32_modL1_fusion64_fusionL1_drop0p2_trmiss50_trlocradio,32,5e-05,1,64,1,0.2,lr5e-05_bs32_modL1_fusion64_fusionL1_drop0p2_trmiss50_trlocradio,5,0.6370665828386942,0.6688360571861267,0.5689655172413793,0.6747922840627898,0.6888888888888889,0.0,0.0,0.0,0.0,0.0,0.0,0.0,0.0,0.0,2002,radio,0.5
2,4,lr5e-05_bs32_modL1_fusion64_fusionL1_drop0p2_trmiss50_trlocradio,32,5e-05,1,64,1,0.2,lr5e-05_bs32_modL1_fusion64_fusionL1_drop0p2_trmiss50_trlocradio,6,0.6035211384296417,0.6676220297813416,0.5883620689655172,0.6939933362646911,0.6888888888888889,0.0,0.0,0.0,0.0,0.0,0.0,0.0,0.0,0.0,2002,radio,0.5
2,4,lr5e-05_bs32_modL1_fusion64_fusionL1_drop0p2_trmiss50_trlocradio,32,5e-05,1,64,1,0.2,lr5e-05_bs32_modL1_fusion64_fusionL1_drop0p2_trmiss50_trlocradio,7,0.5941271185874939,0.669319361448288,0.6056034482758621,0.7059352988607264,0.6666666666666666,0.0,0.0,0.0,0.0,0.0,0.0,0.0,0.0,0.0,2002,radio,0.5
2,4,lr5e-05_bs32_modL1_fusion64_fusionL1_drop0p2_trmiss50_trlocradio,32,5e-05,1,64,1,0.2,lr5e-05_bs32_modL1_fusion64_fusionL1_drop0p2_trmiss50_trlocradio,8,0.5814550220966339,0.6739519238471985,0.5862068965517242,0.6818367421030158,0.6666666666666666,0.0,0.0,0.0,0.0,0.0,0.0,0.0,0.0,0.0,2002,radio,0.5
2,4,lr5e-05_bs32_modL1_fusion64_fusionL1_drop0p2_trmiss50_trlocradio,32,5e-05,1,64,1,0.2,lr5e-05_bs32_modL1_fusion64_fusionL1_drop0p2_trmiss50_trlocradio,9,0.5862398445606232,0.6773962378501892,0.5926724137931034,0.6818633519025922,0.6222222222222222,0.0,0.0,0.0,0.0,0.0,0.0,0.0,0.0,0.0,2002,radio,0.5
2,4,lr5e-05_bs32_modL1_fusion64_fusionL1_drop0p2_trmiss50_trlocradio,32,5e-05,1,64,1,0.2,lr5e-05_bs32_modL1_fusion64_fusionL1_drop0p2_trmiss50_trlocradio,10,0.578723281621933,0.6755955815315247,0.5991379310344828,0.6934686261818077,0.6222222222222222,0.0,0.0,0.0,0.0,0.0,0.0,0.0,0.0,0.0,2002,radio,0.5
2,4,lr5e-05_bs32_modL1_fusion64_fusionL1_drop0p2_trmiss50_trlocradio,32,5e-05,1,64,1,0.2,lr5e-05_bs32_modL1_fusion64_fusionL1_drop0p2_trmiss50_trlocradio,11,0.542717973391215,0.6748938262462616,0.6099137931034483,0.7014944575344448,0.6222222222222222,0.0,0.0,0.0,0.0,0.0,0.0,0.0,0.0,0.0,2002,radio,0.5
2,4,lr5e-05_bs32_modL1_fusion64_fusionL1_drop0p2_trmiss50_trlocradio,32,5e-05,1,64,1,0.2,lr5e-05_bs32_modL1_fusion64_fusionL1_drop0p2_trmiss50_trlocradio,12,0.5491012632846832,0.6726104021072388,0.6077586206896551,0.7002041775135561,0.6,0.0,0.0,0.0,0.0,0.0,0.0,0.0,0.0,0.0,2002,radio,0.5
2,4,lr5e-05_bs32_modL1_fusion64_fusionL1_drop0p2_trmiss50_trlocradio,32,5e-05,1,64,1,0.2,lr5e-05_bs32_modL1_fusion64_fusionL1_drop0p2_trmiss50_trlocradio,13,0.5441514352957407,0.6719251573085785,0.6163793103448275,0.7084884397185893,0.6222222222222222,0.0,0.0,0.0,0.0,0.0,0.0,0.0,0.0,0.0,2002,radio,0.5
2,4,lr5e-05_bs32_modL1_fusion64_fusionL1_drop0p2_trmiss50_trlocradio,32,5e-05,1,64,1,0.2,lr5e-05_bs32_modL1_fusion64_fusionL1_drop0p2_trmiss50_trlocradio,14,0.5282276670138041,0.6700905859470367,0.6185344827586207,0.7126594754667042,0.6222222222222222,0.0,0.0,0.0,0.0,0.0,0.0,0.0,0.0,0.0,2002,radio,0.5
2,4,lr5e-05_bs32_modL1_fusion64_fusionL1_drop0p2_trmiss50_trlocradio,32,5e-05,1,64,1,0.2,lr5e-05_bs32_modL1_fusion64_fusionL1_drop0p2_trmiss50_trlocradio,15,0.5484566787878672,0.66767418384552,0.625,0.7151915438940557,0.6444444444444445,0.0,0.0,0.0,0.0,0.0,0.0,0.0,0.0,0.0,2002,radio,0.5
2,4,lr5e-05_bs32_modL1_fusion64_fusionL1_drop0p2_trmiss50_trlocradio,32,5e-05,1,64,1,0.2,lr5e-05_bs32_modL1_fusion64_fusionL1_drop0p2_trmiss50_trlocradio,16,0.5487221926450729,0.6687685251235962,0.6271551724137931,0.7188777931324812,0.6444444444444445,0.0,0.0,0.0,0.0,0.0,0.0,0.0,0.0,0.0,2002,radio,0.5
2,4,lr5e-05_bs32_modL1_fusion64_fusionL1_drop0p2_trmiss50_trlocradio,32,5e-05,1,64,1,0.2,lr5e-05_bs32_modL1_fusion64_fusionL1_drop0p2_trmiss50_trlocradio,17,0.5340985854466757,0.6715071201324463,0.622844827586207,0.7166950087783301,0.6444444444444445,0.0,0.0,0.0,0.0,0.0,0.0,0.0,0.0,0.0,2002,radio,0.5
2,4,lr5e-05_bs32_modL1_fusion64_fusionL1_drop0p2_trmiss50_trlocradio,32,5e-05,1,64,1,0.2,lr5e-05_bs32_modL1_fusion64_fusionL1_drop0p2_trmiss50_trlocradio,18,0.530771424372991,0.6738028824329376,0.6163793103448275,0.7077077091723692,0.6444444444444445,0.0,0.0,0.0,0.0,0.0,0.0,0.0,0.0,0.0,2002,radio,0.5
2,4,lr5e-05_bs32_modL1_fusion64_fusionL1_drop0p2_trmiss50_trlocradio,32,5e-05,1,64,1,0.2,lr5e-05_bs32_modL1_fusion64_fusionL1_drop0p2_trmiss50_trlocradio,19,0.5208503752946854,0.6692735552787781,0.627155172413793,0.7134846618932948,0.6444444444444445,0.0,0.0,0.0,0.0,0.0,0.0,0.0,0.0,0.0,2002,radio,0.5
2,4,lr5e-05_bs32_modL1_fusion64_fusionL1_drop0p2_trmiss50_trlocradio,32,5e-05,1,64,1,0.2,lr5e-05_bs32_modL1_fusion64_fusionL1_drop0p2_trmiss50_trlocradio,20,0.5180145502090454,0.6716159880161285,0.6163793103448275,0.7062139153984104,0.6444444444444445,0.0,0.0,0.0,0.0,0.0,0.0,0.0,0.0,0.0,2002,radio,0.5
2,4,lr5e-05_bs32_modL1_fusion64_fusionL1_drop0p2_trmiss50_trlocradio,32,5e-05,1,64,1,0.2,lr5e-05_bs32_modL1_fusion64_fusionL1_drop0p2_trmiss50_trlocradio,21,0.5364351123571396,0.672939270734787,0.6206896551724137,0.7106943474650493,0.6444444444444445,0.0,0.0,0.0,0.0,0.0,0.0,0.0,0.0,0.0,2002,radio,0.5
2,4,lr5e-05_bs32_modL1_fusion64_fusionL1_drop0p2_trmiss50_trlocradio,32,5e-05,1,64,1,0.2,lr5e-05_bs32_modL1_fusion64_fusionL1_drop0p2_trmiss50_trlocradio,22,0.5207752188046774,0.6699990034103394,0.6228448275862069,0.7144251119529352,0.6444444444444445,0.0,0.0,0.0,0.0,0.0,0.0,0.0,0.0,0.0,2002,radio,0.5
2,4,lr5e-05_bs32_modL1_fusion64_fusionL1_drop0p2_trmiss50_trlocradio,32,5e-05,1,64,1,0.2,lr5e-05_bs32_modL1_fusion64_fusionL1_drop0p2_trmiss50_trlocradio,23,0.5177250703175863,0.6683897078037262,0.6336206896551725,0.7261640857861317,0.6444444444444445,0.0,0.0,0.0,0.0,0.0,0.0,0.0,0.0,0.0,2002,radio,0.5
2,4,lr5e-05_bs32_modL1_fusion64_fusionL1_drop0p2_trmiss50_trlocradio,32,5e-05,1,64,1,0.2,lr5e-05_bs32_modL1_fusion64_fusionL1_drop0p2_trmiss50_trlocradio,24,0.5149013996124268,0.6659961342811584,0.6508620689655171,0.7385075542058941,0.6666666666666666,0.0,0.0,0.0,0.0,0.0,0.0,0.0,0.0,0.0,2002,radio,0.5
2,4,lr5e-05_bs32_modL1_fusion64_fusionL1_drop0p2_trmiss50_trlocradio,32,5e-05,1,64,1,0.2,lr5e-05_bs32_modL1_fusion64_fusionL1_drop0p2_trmiss50_trlocradio,25,0.5221152206261953,0.667057991027832,0.665948275862069,0.7483375796771228,0.6444444444444445,0.0,0.0,0.0,0.0,0.0,0.0,0.0,0.0,0.0,2002,radio,0.5
2,4,lr5e-05_bs32_modL1_fusion64_fusionL1_drop0p2_trmiss50_trlocradio,32,5e-05,1,64,1,0.2,lr5e-05_bs32_modL1_fusion64_fusionL1_drop0p2_trmiss50_trlocradio,26,0.5263224144776663,0.6710630059242249,0.6573275862068966,0.7437844307315116,0.6444444444444445,0.0,0.0,0.0,0.0,0.0,0.0,0.0,0.0,0.0,2002,radio,0.5
2,4,lr5e-05_bs32_modL1_fusion64_fusionL1_drop0p2_trmiss50_trlocradio,32,5e-05,1,64,1,0.2,lr5e-05_bs32_modL1_fusion64_fusionL1_drop0p2_trmiss50_trlocradio,27,0.524576798081398,0.6699774265289307,0.6487068965517241,0.7381482096052724,0.6666666666666666,0.0,0.0,0.0,0.0,0.0,0.0,0.0,0.0,0.0,2002,radio,0.5
2,4,lr5e-05_bs32_modL1_fusion64_fusionL1_drop0p2_trmiss50_trlocradio,32,5e-05,1,64,1,0.2,lr5e-05_bs32_modL1_fusion64_fusionL1_drop0p2_trmiss50_trlocradio,28,0.507628525296847,0.6711490750312805,0.6357758620689655,0.7253051637247011,0.6444444444444445,0.0,0.0,0.0,0.0,0.0,0.0,0.0,0.0,0.0,2002,radio,0.5
2,4,lr5e-05_bs32_modL1_fusion64_fusionL1_drop0p2_trmiss50_trlocradio,32,5e-05,1,64,1,0.2,lr5e-05_bs32_modL1_fusion64_fusionL1_drop0p2_trmiss50_trlocradio,29,0.5185251732667288,0.6688950955867767,0.6400862068965517,0.7256029001044748,0.6666666666666666,0.0,0.0,0.0,0.0,0.0,0.0,0.0,0.0,0.0,2002,radio,0.5
2,4,lr5e-05_bs32_modL1_fusion64_fusionL1_drop0p2_trmiss50_trlocradio,32,5e-05,1,64,1,0.2,lr5e-05_bs32_modL1_fusion64_fusionL1_drop0p2_trmiss50_trlocradio,30,0.5122514963150024,0.6675868928432465,0.6422413793103448,0.7318724476240224,0.6666666666666666,0.0,0.0,0.0,0.0,0.0,0.0,0.0,0.0,0.0,2002,radio,0.5
2,4,lr5e-05_bs32_modL1_fusion64_fusionL1_drop0p2_trmiss50_trlocradio,32,5e-05,1,64,1,0.2,lr5e-05_bs32_modL1_fusion64_fusionL1_drop0p2_trmiss50_trlocradio,31,0.5222388406594595,0.666642814874649,0.6422413793103448,0.7351458898680528,0.6666666666666666,0.0,0.0,0.0,0.0,0.0,0.0,0.0,0.0,0.0,2002,radio,0.5
2,4,lr5e-05_bs32_modL1_fusion64_fusionL1_drop0p2_trmiss50_trlocradio,32,5e-05,1,64,1,0.2,lr5e-05_bs32_modL1_fusion64_fusionL1_drop0p2_trmiss50_trlocradio,32,0.5255531519651413,0.6665719747543335,0.6422413793103449,0.7353310333944567,0.6666666666666666,0.0,0.0,0.0,0.0,0.0,0.0,0.0,0.0,0.0,2002,radio,0.5
2,4,lr5e-05_bs32_modL1_fusion64_fusionL1_drop0p2_trmiss50_trlocradio,32,5e-05,1,64,1,0.2,lr5e-05_bs32_modL1_fusion64_fusionL1_drop0p2_trmiss50_trlocradio,33,0.5103783557812372,0.6670719683170319,0.6443965517241379,0.7360957719928994,0.6666666666666666,0.0,0.0,0.0,0.0,0.0,0.0,0.0,0.0,0.0,2002,radio,0.5
2,4,lr5e-05_bs32_modL1_fusion64_fusionL1_drop0p2_trmiss50_trlocradio,32,5e-05,1,64,1,0.2,lr5e-05_bs32_modL1_fusion64_fusionL1_drop0p2_trmiss50_trlocradio,34,0.5141888558864594,0.6694380044937134,0.6422413793103448,0.7320202659554433,0.6222222222222222,0.0,0.0,0.0,0.0,0.0,0.0,0.0,0.0,0.0,2002,radio,0.5
2,4,lr5e-05_bs32_modL1_fusion64_fusionL1_drop0p2_trmiss50_trlocradio,32,5e-05,1,64,1,0.2,lr5e-05_bs32_modL1_fusion64_fusionL1_drop0p2_trmiss50_trlocradio,35,0.49091140925884247,0.6708123087882996,0.6357758620689655,0.72971653295237,0.6444444444444445,0.0,0.0,0.0,0.0,0.0,0.0,0.0,0.0,0.0,2002,radio,0.5
2,4,lr5e-05_bs32_modL1_fusion64_fusionL1_drop0p2_trmiss50_trlocradio,32,5e-05,1,64,1,0.2,lr5e-05_bs32_modL1_fusion64_fusionL1_drop0p2_trmiss50_trlocradio,36,0.499809001882871,0.6708820462226868,0.6271551724137931,0.7197800296746064,0.6666666666666666,0.0,0.0,0.0,0.0,0.0,0.0,0.0,0.0,0.0,2002,radio,0.5
2,4,lr5e-05_bs32_modL1_fusion64_fusionL1_drop0p2_trmiss50_trlocradio,32,5e-05,1,64,1,0.2,lr5e-05_bs32_modL1_fusion64_fusionL1_drop0p2_trmiss50_trlocradio,37,0.5052461624145508,0.6737024188041687,0.6228448275862069,0.7141643950252248,0.6666666666666666,0.0,0.0,0.0,0.0,0.0,0.0,0.0,0.0,0.0,2002,radio,0.5
2,4,lr5e-05_bs32_modL1_fusion64_fusionL1_drop0p2_trmiss50_trlocradio,32,5e-05,1,64,1,0.2,lr5e-05_bs32_modL1_fusion64_fusionL1_drop0p2_trmiss50_trlocradio,38,0.5100857764482498,0.6701661050319672,0.6379310344827587,0.728728263937471,0.6666666666666666,0.0,0.0,0.0,0.0,0.0,0.0,0.0,0.0,0.0,2002,radio,0.5
2,4,lr5e-05_bs32_modL1_fusion64_fusionL1_drop0p2_trmiss50_trlocradio,32,5e-05,1,64,1,0.2,lr5e-05_bs32_modL1_fusion64_fusionL1_drop0p2_trmiss50_trlocradio,39,0.500451515118281,0.6697900891304016,0.6379310344827587,0.7293688212781366,0.6666666666666666,0.0,0.0,0.0,0.0,0.0,0.0,0.0,0.0,0.0,2002,radio,0.5
2,4,lr5e-05_bs32_modL1_fusion64_fusionL1_drop0p2_trmiss50_trlocradio,32,5e-05,1,64,1,0.2,lr5e-05_bs32_modL1_fusion64_fusionL1_drop0p2_trmiss50_trlocradio,40,0.496259868144989,0.6673652827739716,0.6400862068965518,0.7309686426294792,0.6666666666666666,0.0,0.0,0.0,0.0,0.0,0.0,0.0,0.0,0.0,2002,radio,0.5
2,4,lr5e-05_bs32_modL1_fusion64_fusionL1_drop0p2_trmiss50_trlocradio,32,5e-05,1,64,1,0.2,lr5e-05_bs32_modL1_fusion64_fusionL1_drop0p2_trmiss50_trlocradio,41,0.5089848985274633,0.6695504486560822,0.6357758620689655,0.7287546682014914,0.6666666666666666,0.0,0.0,0.0,0.0,0.0,0.0,0.0,0.0,0.0,2002,radio,0.5
2,4,lr5e-05_bs32_modL1_fusion64_fusionL1_drop0p2_trmiss50_trlocradio,32,5e-05,1,64,1,0.2,lr5e-05_bs32_modL1_fusion64_fusionL1_drop0p2_trmiss50_trlocradio,42,0.5088666379451752,0.6694311797618866,0.6357758620689655,0.7254778384255728,0.6444444444444445,0.0,0.0,0.0,0.0,0.0,0.0,0.0,0.0,0.0,2002,radio,0.5
2,4,lr5e-05_bs32_modL1_fusion64_fusionL1_drop0p2_trmiss50_trlocradio,32,5e-05,1,64,1,0.2,lr5e-05_bs32_modL1_fusion64_fusionL1_drop0p2_trmiss50_trlocradio,43,0.5102923512458801,0.6724094450473785,0.622844827586207,0.7164912888932582,0.6444444444444445,0.0,0.0,0.0,0.0,0.0,0.0,0.0,0.0,0.0,2002,radio,0.5
2,4,lr5e-05_bs32_modL1_fusion64_fusionL1_drop0p2_trmiss50_trlocradio,32,5e-05,1,64,1,0.2,lr5e-05_bs32_modL1_fusion64_fusionL1_drop0p2_trmiss50_trlocradio,44,0.4984305997689565,0.668520987033844,0.6400862068965517,0.7254876158887772,0.6444444444444445,0.0,0.0,0.0,0.0,0.0,0.0,0.0,0.0,0.0,2002,radio,0.5
2,4,lr5e-05_bs32_modL1_fusion64_fusionL1_drop0p2_trmiss50_trlocradio,32,5e-05,1,64,1,0.2,lr5e-05_bs32_modL1_fusion64_fusionL1_drop0p2_trmiss50_trlocradio,45,0.4994245916604996,0.6674085557460785,0.6400862068965518,0.725679103791846,0.6444444444444445,0.0,0.0,0.0,0.0,0.0,0.0,0.0,0.0,0.0,2002,radio,0.5
2,4,lr5e-05_bs32_modL1_fusion64_fusionL1_drop0p1_trmiss50_trlocradio,32,5e-05,1,64,1,0.1,lr5e-05_bs32_modL1_fusion64_fusionL1_drop0p1_trmiss50_trlocradio,1,0.7730771899223328,0.7159224152565002,0.4849137931034483,0.6360134740223332,0.37777777777777777,0.0,0.0,0.0,0.0,0.0,0.0,0.0,0.0,0.0,2002,radio,0.5
2,4,lr5e-05_bs32_modL1_fusion64_fusionL1_drop0p1_trmiss50_trlocradio,32,5e-05,1,64,1,0.1,lr5e-05_bs32_modL1_fusion64_fusionL1_drop0p1_trmiss50_trlocradio,2,0.7397700150807699,0.7233394384384155,0.48275862068965514,0.6324391448676431,0.35555555555555557,0.0,0.0,0.0,0.0,0.0,0.0,0.0,0.0,0.0,2002,radio,0.5
2,4,lr5e-05_bs32_modL1_fusion64_fusionL1_drop0p1_trmiss50_trlocradio,32,5e-05,1,64,1,0.1,lr5e-05_bs32_modL1_fusion64_fusionL1_drop0p1_trmiss50_trlocradio,3,0.7184370656808218,0.7339650392532349,0.4806034482758621,0.6320067279911276,0.37777777777777777,0.0,0.0,0.0,0.0,0.0,0.0,0.0,0.0,0.0,2002,radio,0.5
2,4,lr5e-05_bs32_modL1_fusion64_fusionL1_drop0p1_trmiss50_trlocradio,32,5e-05,1,64,1,0.1,lr5e-05_bs32_modL1_fusion64_fusionL1_drop0p1_trmiss50_trlocradio,4,0.6922206083933512,0.7423515915870667,0.4612068965517241,0.6148203555776255,0.37777777777777777,0.0,0.0,0.0,0.0,0.0,0.0,0.0,0.0,0.0,2002,radio,0.5
2,4,lr5e-05_bs32_modL1_fusion64_fusionL1_drop0p1_trmiss50_trlocradio,32,5e-05,1,64,1,0.1,lr5e-05_bs32_modL1_fusion64_fusionL1_drop0p1_trmiss50_trlocradio,5,0.6766091783841451,0.7469300031661987,0.44396551724137934,0.6087922148268942,0.4,0.0,0.0,0.0,0.0,0.0,0.0,0.0,0.0,0.0,2002,radio,0.5
2,4,lr5e-05_bs32_modL1_fusion64_fusionL1_drop0p1_trmiss50_trlocradio,32,5e-05,1,64,1,0.1,lr5e-05_bs32_modL1_fusion64_fusionL1_drop0p1_trmiss50_trlocradio,6,0.6716831624507904,0.7546782791614532,0.4353448275862069,0.6058990836827934,0.4222222222222222,0.0,0.0,0.0,0.0,0.0,0.0,0.0,0.0,0.0,2002,radio,0.5
2,4,lr5e-05_bs32_modL1_fusion64_fusionL1_drop0p1_trmiss50_trlocradio,32,5e-05,1,64,1,0.1,lr5e-05_bs32_modL1_fusion64_fusionL1_drop0p1_trmiss50_trlocradio,7,0.651491641998291,0.7553573250770569,0.43750000000000006,0.6082128618586407,0.4222222222222222,0.0,0.0,0.0,0.0,0.0,0.0,0.0,0.0,0.0,2002,radio,0.5
2,4,lr5e-05_bs32_modL1_fusion64_fusionL1_drop0p1_trmiss50_trlocradio,32,5e-05,1,64,1,0.1,lr5e-05_bs32_modL1_fusion64_fusionL1_drop0p1_trmiss50_trlocradio,8,0.6305137972036997,0.7559447288513184,0.4310344827586207,0.6009802922460111,0.4,0.0,0.0,0.0,0.0,0.0,0.0,0.0,0.0,0.0,2002,radio,0.5
2,4,lr5e-05_bs32_modL1_fusion64_fusionL1_drop0p1_trmiss50_trlocradio,32,5e-05,1,64,1,0.1,lr5e-05_bs32_modL1_fusion64_fusionL1_drop0p1_trmiss50_trlocradio,9,0.6428548693656921,0.7560122609138489,0.4267241379310345,0.5973919455182314,0.4222222222222222,0.0,0.0,0.0,0.0,0.0,0.0,0.0,0.0,0.0,2002,radio,0.5
2,4,lr5e-05_bs32_modL1_fusion64_fusionL1_drop0p1_trmiss50_trlocradio,32,5e-05,1,64,1,0.1,lr5e-05_bs32_modL1_fusion64_fusionL1_drop0p1_trmiss50_trlocradio,10,0.6261618733406067,0.757958173751831,0.4288793103448276,0.606724434185183,0.4222222222222222,0.0,0.0,0.0,0.0,0.0,0.0,0.0,0.0,0.0,2002,radio,0.5
2,4,lr5e-05_bs32_modL1_fusion64_fusionL1_drop0p1_trmiss50_trlocradio,32,5e-05,1,64,1,0.1,lr5e-05_bs32_modL1_fusion64_fusionL1_drop0p1_trmiss50_trlocradio,11,0.6117163797219595,0.7553409337997437,0.4245689655172414,0.6029164843881224,0.4222222222222222,0.0,0.0,0.0,0.0,0.0,0.0,0.0,0.0,0.0,2002,radio,0.5
2,4,lr5e-05_bs32_modL1_fusion64_fusionL1_drop0p1_trmiss50_trlocradio,32,5e-05,1,64,1,0.1,lr5e-05_bs32_modL1_fusion64_fusionL1_drop0p1_trmiss50_trlocradio,12,0.6243166029453278,0.7545830309391022,0.4310344827586207,0.6052660370550774,0.4222222222222222,0.0,0.0,0.0,0.0,0.0,0.0,0.0,0.0,0.0,2002,radio,0.5
2,4,lr5e-05_bs32_modL1_fusion64_fusionL1_drop0p1_trmiss50_trlocradio,32,5e-05,1,64,1,0.1,lr5e-05_bs32_modL1_fusion64_fusionL1_drop0p1_trmiss50_trlocradio,13,0.5855684876441956,0.7512490153312683,0.4375,0.6098380153623927,0.4,0.0,0.0,0.0,0.0,0.0,0.0,0.0,0.0,0.0,2002,radio,0.5
2,4,lr5e-05_bs32_modL1_fusion64_fusionL1_drop0p1_trmiss50_trlocradio,32,5e-05,1,64,1,0.1,lr5e-05_bs32_modL1_fusion64_fusionL1_drop0p1_trmiss50_trlocradio,14,0.5980746249357859,0.7547701597213745,0.43103448275862066,0.60888640643469,0.4222222222222222,0.0,0.0,0.0,0.0,0.0,0.0,0.0,0.0,0.0,2002,radio,0.5
2,4,lr5e-05_bs32_modL1_fusion64_fusionL1_drop0p1_trmiss50_trlocradio,32,5e-05,1,64,1,0.1,lr5e-05_bs32_modL1_fusion64_fusionL1_drop0p1_trmiss50_trlocradio,15,0.5960220197836558,0.7560408115386963,0.4267241379310345,0.6062557346653877,0.4,0.0,0.0,0.0,0.0,0.0,0.0,0.0,0.0,0.0,2002,radio,0.5
2,4,lr5e-05_bs32_modL1_fusion64_fusionL1_drop0p1_trmiss50_trlocradio,32,5e-05,1,64,1,0.1,lr5e-05_bs32_modL1_fusion64_fusionL1_drop0p1_trmiss50_trlocradio,16,0.5904537737369537,0.7585850059986115,0.42241379310344823,0.6049852704008108,0.4,0.0,0.0,0.0,0.0,0.0,0.0,0.0,0.0,0.0,2002,radio,0.5
2,4,lr5e-05_bs32_modL1_fusion64_fusionL1_drop0p1_trmiss50_trlocradio,32,5e-05,1,64,1,0.1,lr5e-05_bs32_modL1_fusion64_fusionL1_drop0p1_trmiss50_trlocradio,17,0.5751085082689921,0.7575956284999847,0.4288793103448276,0.6096355918581701,0.4,0.0,0.0,0.0,0.0,0.0,0.0,0.0,0.0,0.0,2002,radio,0.5
2,4,lr5e-05_bs32_modL1_fusion64_fusionL1_drop0p1_trmiss50_trlocradio,32,5e-05,1,64,1,0.1,lr5e-05_bs32_modL1_fusion64_fusionL1_drop0p1_trmiss50_trlocradio,18,0.5893574853738149,0.756314218044281,0.4224137931034483,0.6067855723336052,0.4,0.0,0.0,0.0,0.0,0.0,0.0,0.0,0.0,0.0,2002,radio,0.5
2,4,lr5e-05_bs32_modL1_fusion64_fusionL1_drop0p1_trmiss50_trlocradio,32,5e-05,1,64,1,0.1,lr5e-05_bs32_modL1_fusion64_fusionL1_drop0p1_trmiss50_trlocradio,19,0.5534189244111379,0.7569842636585236,0.41594827586206895,0.598179215887477,0.4,0.0,0.0,0.0,0.0,0.0,0.0,0.0,0.0,0.0,2002,radio,0.5
2,4,lr5e-05_bs32_modL1_fusion64_fusionL1_drop0p1_trmiss50_trlocradio,32,5e-05,1,64,1,0.1,lr5e-05_bs32_modL1_fusion64_fusionL1_drop0p1_trmiss50_trlocradio,20,0.5892308255036672,0.7593768239021301,0.4181034482758621,0.5990311522853322,0.4,0.0,0.0,0.0,0.0,0.0,0.0,0.0,0.0,0.0,2002,radio,0.5
2,4,lr5e-05_bs32_modL1_fusion64_fusionL1_drop0p1_trmiss50_trlocradio,32,5e-05,1,64,1,0.1,lr5e-05_bs32_modL1_fusion64_fusionL1_drop0p1_trmiss50_trlocradio,21,0.5678684910138448,0.7601625919342041,0.41379310344827586,0.5947456290862385,0.4,0.0,0.0,0.0,0.0,0.0,0.0,0.0,0.0,0.0,2002,radio,0.5
2,4,lr5e-05_bs32_modL1_fusion64_fusionL1_drop0p1_trmiss50_trlocradio,32,5e-05,1,64,1,0.1,lr5e-05_bs32_modL1_fusion64_fusionL1_drop0p1_trmiss50_trlocradio,22,0.5627371768156687,0.7616196572780609,0.40948275862068967,0.5952601189363238,0.4,0.0,0.0,0.0,0.0,0.0,0.0,0.0,0.0,0.0,2002,radio,0.5
2,4,lr5e-05_bs32_modL1_fusion64_fusionL1_drop0p1_trmiss50_trlocradio,32,5e-05,1,64,1,0.1,lr5e-05_bs32_modL1_fusion64_fusionL1_drop0p1_trmiss50_trlocradio,23,0.5560029248396555,0.758951336145401,0.41379310344827586,0.5983224817267059,0.4,0.0,0.0,0.0,0.0,0.0,0.0,0.0,0.0,0.0,2002,radio,0.5
2,4,lr5e-05_bs32_modL1_fusion64_fusionL1_drop0p1_trmiss50_trlocradio,32,5e-05,1,64,1,0.1,lr5e-05_bs32_modL1_fusion64_fusionL1_drop0p1_trmiss50_trlocradio,24,0.567937304576238,0.7608809173107147,0.40948275862068967,0.5964827003978581,0.4,0.0,0.0,0.0,0.0,0.0,0.0,0.0,0.0,0.0,2002,radio,0.5
2,4,lr5e-05_bs32_modL1_fusion64_fusionL1_drop0p1_trmiss50_trlocradio,32,5e-05,1,64,1,0.1,lr5e-05_bs32_modL1_fusion64_fusionL1_drop0p1_trmiss50_trlocradio,25,0.5661892692248026,0.757589727640152,0.41594827586206895,0.5992090252337164,0.4,0.0,0.0,0.0,0.0,0.0,0.0,0.0,0.0,0.0,2002,radio,0.5
2,4,lr1e-04_bs32_modL1_fusion32_fusionL1_drop0p2_trmiss50_trlocradio,32,0.0001,1,32,1,0.2,lr1e-04_bs32_modL1_fusion32_fusionL1_drop0p2_trmiss50_trlocradio,1,0.703660120566686,0.6748873889446259,0.5021551724137931,0.6551940807655992,0.6,0.0,0.0,0.0,0.0,0.0,0.0,0.0,0.0,0.0,2002,radio,0.5
2,4,lr1e-04_bs32_modL1_fusion32_fusionL1_drop0p2_trmiss50_trlocradio,32,0.0001,1,32,1,0.2,lr1e-04_bs32_modL1_fusion32_fusionL1_drop0p2_trmiss50_trlocradio,2,0.6557270288467407,0.6859484910964966,0.46336206896551724,0.6412759803127618,0.5333333333333333,0.0,0.0,0.0,0.0,0.0,0.0,0.0,0.0,0.0,2002,radio,0.5
2,4,lr1e-04_bs32_modL1_fusion32_fusionL1_drop0p2_trmiss50_trlocradio,32,0.0001,1,32,1,0.2,lr1e-04_bs32_modL1_fusion32_fusionL1_drop0p2_trmiss50_trlocradio,3,0.6441842416922251,0.6979928612709045,0.4331896551724138,0.6190235820665959,0.4444444444444444,0.0,0.0,0.0,0.0,0.0,0.0,0.0,0.0,0.0,2002,radio,0.5
2,4,lr1e-04_bs32_modL1_fusion32_fusionL1_drop0p2_trmiss50_trlocradio,32,0.0001,1,32,1,0.2,lr1e-04_bs32_modL1_fusion32_fusionL1_drop0p2_trmiss50_trlocradio,4,0.6299221614996592,0.703619658946991,0.43965517241379315,0.6493778201265155,0.4888888888888889,0.0,0.0,0.0,0.0,0.0,0.0,0.0,0.0,0.0,2002,radio,0.5
2,4,lr1e-04_bs32_modL1_fusion32_fusionL1_drop0p2_trmiss50_trlocradio,32,0.0001,1,32,1,0.2,lr1e-04_bs32_modL1_fusion32_fusionL1_drop0p2_trmiss50_trlocradio,5,0.6123401721318563,0.7016726136207581,0.4719827586206896,0.6792992237349421,0.5333333333333333,0.0,0.0,0.0,0.0,0.0,0.0,0.0,0.0,0.0,2002,radio,0.5
2,4,lr1e-04_bs32_modL1_fusion32_fusionL1_drop0p2_trmiss50_trlocradio,32,0.0001,1,32,1,0.2,lr1e-04_bs32_modL1_fusion32_fusionL1_drop0p2_trmiss50_trlocradio,6,0.6021071871121725,0.6996804475784302,0.5064655172413793,0.7109710114230108,0.4444444444444444,0.0,0.0,0.0,0.0,0.0,0.0,0.0,0.0,0.0,2002,radio,0.5
2,4,lr1e-04_bs32_modL1_fusion32_fusionL1_drop0p2_trmiss50_trlocradio,32,0.0001,1,32,1,0.2,lr1e-04_bs32_modL1_fusion32_fusionL1_drop0p2_trmiss50_trlocradio,7,0.5812461872895559,0.6965822279453278,0.5043103448275862,0.7105053861767612,0.5111111111111111,0.0,0.0,0.0,0.0,0.0,0.0,0.0,0.0,0.0,2002,radio,0.5
2,4,lr1e-04_bs32_modL1_fusion32_fusionL1_drop0p2_trmiss50_trlocradio,32,0.0001,1,32,1,0.2,lr1e-04_bs32_modL1_fusion32_fusionL1_drop0p2_trmiss50_trlocradio,8,0.5862523217995962,0.6969278454780579,0.4956896551724138,0.7046067172963479,0.4888888888888889,0.0,0.0,0.0,0.0,0.0,0.0,0.0,0.0,0.0,2002,radio,0.5
2,4,lr1e-04_bs32_modL1_fusion32_fusionL1_drop0p2_trmiss50_trlocradio,32,0.0001,1,32,1,0.2,lr1e-04_bs32_modL1_fusion32_fusionL1_drop0p2_trmiss50_trlocradio,9,0.5519893070062002,0.7017914056777954,0.4935344827586207,0.7072615079636073,0.4888888888888889,0.0,0.0,0.0,0.0,0.0,0.0,0.0,0.0,0.0,2002,radio,0.5
2,4,lr1e-04_bs32_modL1_fusion32_fusionL1_drop0p2_trmiss50_trlocradio,32,0.0001,1,32,1,0.2,lr1e-04_bs32_modL1_fusion32_fusionL1_drop0p2_trmiss50_trlocradio,10,0.5589875280857086,0.7056637108325958,0.5021551724137931,0.696466548519929,0.4888888888888889,0.0,0.0,0.0,0.0,0.0,0.0,0.0,0.0,0.0,2002,radio,0.5
2,4,lr1e-04_bs32_modL1_fusion32_fusionL1_drop0p2_trmiss50_trlocradio,32,0.0001,1,32,1,0.2,lr1e-04_bs32_modL1_fusion32_fusionL1_drop0p2_trmiss50_trlocradio,11,0.5479542911052704,0.7056768238544464,0.49784482758620685,0.6712679942623917,0.4888888888888889,0.0,0.0,0.0,0.0,0.0,0.0,0.0,0.0,0.0,2002,radio,0.5
2,4,lr1e-04_bs32_modL1_fusion32_fusionL1_drop0p2_trmiss50_trlocradio,32,0.0001,1,32,1,0.2,lr1e-04_bs32_modL1_fusion32_fusionL1_drop0p2_trmiss50_trlocradio,12,0.5378898978233337,0.7038707137107849,0.4913793103448276,0.6662481894767843,0.4888888888888889,0.0,0.0,0.0,0.0,0.0,0.0,0.0,0.0,0.0,2002,radio,0.5
2,4,lr1e-04_bs32_modL1_fusion32_fusionL1_drop0p2_trmiss50_trlocradio,32,0.0001,1,32,1,0.2,lr1e-04_bs32_modL1_fusion32_fusionL1_drop0p2_trmiss50_trlocradio,13,0.5231622060139974,0.7041380703449249,0.48275862068965514,0.6650668631239923,0.4444444444444444,0.0,0.0,0.0,0.0,0.0,0.0,0.0,0.0,0.0,2002,radio,0.5
2,4,lr1e-04_bs32_modL1_fusion32_fusionL1_drop0p2_trmiss50_trlocradio,32,0.0001,1,32,1,0.2,lr1e-04_bs32_modL1_fusion32_fusionL1_drop0p2_trmiss50_trlocradio,14,0.52920134862264,0.7024512887001038,0.4870689655172414,0.6670421082830331,0.4666666666666667,0.0,0.0,0.0,0.0,0.0,0.0,0.0,0.0,0.0,2002,radio,0.5
2,4,lr1e-04_bs32_modL1_fusion32_fusionL1_drop0p2_trmiss50_trlocradio,32,0.0001,1,32,1,0.2,lr1e-04_bs32_modL1_fusion32_fusionL1_drop0p2_trmiss50_trlocradio,15,0.5450253983338674,0.7052848637104034,0.4870689655172413,0.6661157357593399,0.4888888888888889,0.0,0.0,0.0,0.0,0.0,0.0,0.0,0.0,0.0,2002,radio,0.5
2,4,lr1e-04_bs32_modL1_fusion32_fusionL1_drop0p2_trmiss50_trlocradio,32,0.0001,1,32,1,0.2,lr1e-04_bs32_modL1_fusion32_fusionL1_drop0p2_trmiss50_trlocradio,16,0.5357401818037033,0.7029111981391907,0.502155172413793,0.6726020327402427,0.5111111111111111,0.0,0.0,0.0,0.0,0.0,0.0,0.0,0.0,0.0,2002,radio,0.5
2,4,lr1e-04_bs32_modL1_fusion32_fusionL1_drop0p2_trmiss50_trlocradio,32,0.0001,1,32,1,0.2,lr1e-04_bs32_modL1_fusion32_fusionL1_drop0p2_trmiss50_trlocradio,17,0.5222050299247106,0.6977348923683167,0.5086206896551725,0.6941223347359267,0.5111111111111111,0.0,0.0,0.0,0.0,0.0,0.0,0.0,0.0,0.0,2002,radio,0.5
2,4,lr1e-04_bs32_modL1_fusion32_fusionL1_drop0p2_trmiss50_trlocradio,32,0.0001,1,32,1,0.2,lr1e-04_bs32_modL1_fusion32_fusionL1_drop0p2_trmiss50_trlocradio,18,0.5159204651912054,0.6973154842853546,0.5107758620689655,0.6989209787494793,0.5111111111111111,0.0,0.0,0.0,0.0,0.0,0.0,0.0,0.0,0.0,2002,radio,0.5
2,4,lr1e-04_bs32_modL1_fusion32_fusionL1_drop0p2_trmiss50_trlocradio,32,0.0001,1,32,1,0.2,lr1e-04_bs32_modL1_fusion32_fusionL1_drop0p2_trmiss50_trlocradio,19,0.5188976774613062,0.6975981593132019,0.5086206896551725,0.7014221599376328,0.5111111111111111,0.0,0.0,0.0,0.0,0.0,0.0,0.0,0.0,0.0,2002,radio,0.5
2,4,lr1e-04_bs32_modL1_fusion32_fusionL1_drop0p2_trmiss50_trlocradio,32,0.0001,1,32,1,0.2,lr1e-04_bs32_modL1_fusion32_fusionL1_drop0p2_trmiss50_trlocradio,20,0.5174324164787928,0.6975650787353516,0.5150862068965517,0.7039250239864329,0.4888888888888889,0.0,0.0,0.0,0.0,0.0,0.0,0.0,0.0,0.0,2002,radio,0.5
2,4,lr1e-04_bs32_modL1_fusion32_fusionL1_drop0p2_trmiss50_trlocradio,32,0.0001,1,32,1,0.2,lr1e-04_bs32_modL1_fusion32_fusionL1_drop0p2_trmiss50_trlocradio,21,0.5111538022756577,0.6962075531482697,0.521551724137931,0.7051926739646538,0.4888888888888889,0.0,0.0,0.0,0.0,0.0,0.0,0.0,0.0,0.0,2002,radio,0.5
2,4,lr1e-04_bs32_modL1_fusion32_fusionL1_drop0p2_trmiss50_trlocradio,32,0.0001,1,32,1,0.2,lr1e-04_bs32_modL1_fusion32_fusionL1_drop0p2_trmiss50_trlocradio,22,0.5106016943852106,0.6959970891475677,0.5172413793103449,0.6974833504485706,0.4888888888888889,0.0,0.0,0.0,0.0,0.0,0.0,0.0,0.0,0.0,2002,radio,0.5
2,4,lr1e-04_bs32_modL1_fusion32_fusionL1_drop0p2_trmiss50_trlocradio,32,0.0001,1,32,1,0.2,lr1e-04_bs32_modL1_fusion32_fusionL1_drop0p2_trmiss50_trlocradio,23,0.5170983672142029,0.69547438621521,0.5193965517241379,0.6999869527309727,0.4888888888888889,0.0,0.0,0.0,0.0,0.0,0.0,0.0,0.0,0.0,2002,radio,0.5
2,4,lr1e-04_bs32_modL1_fusion32_fusionL1_drop0p2_trmiss50_trlocradio,32,0.0001,1,32,1,0.2,lr1e-04_bs32_modL1_fusion32_fusionL1_drop0p2_trmiss50_trlocradio,24,0.5159509927034378,0.6960057616233826,0.5150862068965517,0.7093753544588814,0.4666666666666667,0.0,0.0,0.0,0.0,0.0,0.0,0.0,0.0,0.0,2002,radio,0.5
2,4,lr1e-04_bs32_modL1_fusion32_fusionL1_drop0p2_trmiss50_trlocradio,32,0.0001,1,32,1,0.2,lr1e-04_bs32_modL1_fusion32_fusionL1_drop0p2_trmiss50_trlocradio,25,0.5318912218014399,0.6959371268749237,0.5150862068965517,0.700811529981542,0.4888888888888889,0.0,0.0,0.0,0.0,0.0,0.0,0.0,0.0,0.0,2002,radio,0.5
2,4,lr1e-04_bs32_modL1_fusion32_fusionL1_drop0p2_trmiss50_trlocradio,32,0.0001,1,32,1,0.2,lr1e-04_bs32_modL1_fusion32_fusionL1_drop0p2_trmiss50_trlocradio,26,0.5047602454821268,0.6949729323387146,0.5193965517241379,0.7012097242123648,0.4888888888888889,0.0,0.0,0.0,0.0,0.0,0.0,0.0,0.0,0.0,2002,radio,0.5
2,4,lr1e-04_bs32_modL1_fusion32_fusionL1_drop0p2_trmiss50_trlocradio,32,0.0001,1,32,1,0.2,lr1e-04_bs32_modL1_fusion32_fusionL1_drop0p2_trmiss50_trlocradio,27,0.5131256381670634,0.6979119777679443,0.5150862068965517,0.6998239441337138,0.4666666666666667,0.0,0.0,0.0,0.0,0.0,0.0,0.0,0.0,0.0,2002,radio,0.5
2,4,lr1e-04_bs32_modL1_fusion32_fusionL1_drop0p2_trmiss50_trlocradio,32,0.0001,1,32,1,0.2,lr1e-04_bs32_modL1_fusion32_fusionL1_drop0p2_trmiss50_trlocradio,28,0.5142657409111658,0.697885274887085,0.5172413793103448,0.6989931911825492,0.4888888888888889,0.0,0.0,0.0,0.0,0.0,0.0,0.0,0.0,0.0,2002,radio,0.5
2,4,lr1e-04_bs32_modL1_fusion32_fusionL1_drop0p2_trmiss50_trlocradio,32,0.0001,1,32,1,0.2,lr1e-04_bs32_modL1_fusion32_fusionL1_drop0p2_trmiss50_trlocradio,29,0.5307231744130453,0.6972777247428894,0.5150862068965517,0.6963687106109956,0.4666666666666667,0.0,0.0,0.0,0.0,0.0,0.0,0.0,0.0,0.0,2002,radio,0.5
2,4,lr1e-04_bs32_modL1_fusion32_fusionL1_drop0p2_trmiss50_trlocradio,32,0.0001,1,32,1,0.2,lr1e-04_bs32_modL1_fusion32_fusionL1_drop0p2_trmiss50_trlocradio,30,0.5141333788633347,0.696694403886795,0.5107758620689655,0.6962971380808166,0.4888888888888889,0.0,0.0,0.0,0.0,0.0,0.0,0.0,0.0,0.0,2002,radio,0.5
2,4,lr1e-04_bs32_modL1_fusion32_fusionL1_drop0p2_trmiss50_trlocradio,32,0.0001,1,32,1,0.2,lr1e-04_bs32_modL1_fusion32_fusionL1_drop0p2_trmiss50_trlocradio,31,0.488595778743426,0.6993123292922974,0.5107758620689654,0.693022374729163,0.4666666666666667,0.0,0.0,0.0,0.0,0.0,0.0,0.0,0.0,0.0,2002,radio,0.5
2,4,lr1e-04_bs32_modL1_fusion32_fusionL1_drop0p2_trmiss50_trlocradio,32,0.0001,1,32,1,0.2,lr1e-04_bs32_modL1_fusion32_fusionL1_drop0p2_trmiss50_trlocradio,32,0.5066520522038142,0.6959162652492523,0.5237068965517241,0.7039236841852391,0.4888888888888889,0.0,0.0,0.0,0.0,0.0,0.0,0.0,0.0,0.0,2002,radio,0.5
2,4,lr1e-04_bs32_modL1_fusion32_fusionL1_drop0p2_trmiss50_trlocradio,32,0.0001,1,32,1,0.2,lr1e-04_bs32_modL1_fusion32_fusionL1_drop0p2_trmiss50_trlocradio,33,0.4935246507326762,0.694977879524231,0.5280172413793103,0.7063560131735626,0.4888888888888889,0.0,0.0,0.0,0.0,0.0,0.0,0.0,0.0,0.0,2002,radio,0.5
2,4,lr1e-04_bs32_modL1_fusion32_fusionL1_drop0p2_trmiss50_trlocradio,32,0.0001,1,32,1,0.2,lr1e-04_bs32_modL1_fusion32_fusionL1_drop0p2_trmiss50_trlocradio,34,0.510959709684054,0.6937030851840973,0.5323275862068965,0.7074961509262764,0.5111111111111111,0.0,0.0,0.0,0.0,0.0,0.0,0.0,0.0,0.0,2002,radio,0.5
2,4,lr1e-04_bs32_modL1_fusion32_fusionL1_drop0p2_trmiss50_trlocradio,32,0.0001,1,32,1,0.2,lr1e-04_bs32_modL1_fusion32_fusionL1_drop0p2_trmiss50_trlocradio,35,0.5091466208299001,0.6947898864746094,0.5258620689655172,0.704830114036927,0.4888888888888889,0.0,0.0,0.0,0.0,0.0,0.0,0.0,0.0,0.0,2002,radio,0.5
2,4,lr1e-04_bs32_modL1_fusion32_fusionL1_drop0p2_trmiss50_trlocradio,32,0.0001,1,32,1,0.2,lr1e-04_bs32_modL1_fusion32_fusionL1_drop0p2_trmiss50_trlocradio,36,0.5056695491075516,0.694586992263794,0.5237068965517241,0.7034778489929784,0.5111111111111111,0.0,0.0,0.0,0.0,0.0,0.0,0.0,0.0,0.0,2002,radio,0.5
2,4,lr1e-04_bs32_modL1_fusion32_fusionL1_drop0p2_trmiss50_trlocradio,32,0.0001,1,32,1,0.2,lr1e-04_bs32_modL1_fusion32_fusionL1_drop0p2_trmiss50_trlocradio,37,0.5193785627683004,0.6960977613925934,0.5172413793103448,0.7004108360596547,0.5111111111111111,0.0,0.0,0.0,0.0,0.0,0.0,0.0,0.0,0.0,2002,radio,0.5
2,4,lr1e-04_bs32_modL1_fusion32_fusionL1_drop0p2_trmiss50_trlocradio,32,0.0001,1,32,1,0.2,lr1e-04_bs32_modL1_fusion32_fusionL1_drop0p2_trmiss50_trlocradio,38,0.4999592900276184,0.6945788860321045,0.5258620689655171,0.7039881646596694,0.5111111111111111,0.0,0.0,0.0,0.0,0.0,0.0,0.0,0.0,0.0,2002,radio,0.5
2,4,lr1e-04_bs32_modL1_fusion32_fusionL1_drop0p2_trmiss50_trlocradio,32,0.0001,1,32,1,0.2,lr1e-04_bs32_modL1_fusion32_fusionL1_drop0p2_trmiss50_trlocradio,39,0.49779462317625683,0.6955893039703369,0.5193965517241379,0.6988277171217264,0.5111111111111111,0.0,0.0,0.0,0.0,0.0,0.0,0.0,0.0,0.0,2002,radio,0.5
2,4,lr1e-04_bs32_modL1_fusion32_fusionL1_drop0p2_trmiss50_trlocradio,32,0.0001,1,32,1,0.2,lr1e-04_bs32_modL1_fusion32_fusionL1_drop0p2_trmiss50_trlocradio,40,0.5007389386494955,0.6950514614582062,0.5237068965517241,0.7032370113433938,0.4888888888888889,0.0,0.0,0.0,0.0,0.0,0.0,0.0,0.0,0.0,2002,radio,0.5
2,4,lr1e-04_bs32_modL1_fusion32_fusionL1_drop0p2_trmiss50_trlocradio,32,0.0001,1,32,1,0.2,lr1e-04_bs32_modL1_fusion32_fusionL1_drop0p2_trmiss50_trlocradio,41,0.5248952706654867,0.6938636600971222,0.5193965517241379,0.6981888034394157,0.5111111111111111,0.0,0.0,0.0,0.0,0.0,0.0,0.0,0.0,0.0,2002,radio,0.5
2,4,lr1e-04_bs32_modL1_fusion32_fusionL1_drop0p2_trmiss50_trlocradio,32,0.0001,1,32,1,0.2,lr1e-04_bs32_modL1_fusion32_fusionL1_drop0p2_trmiss50_trlocradio,42,0.49488459527492523,0.6927618086338043,0.521551724137931,0.7029234641738629,0.5111111111111111,0.0,0.0,0.0,0.0,0.0,0.0,0.0,0.0,0.0,2002,radio,0.5
2,4,lr1e-04_bs32_modL1_fusion32_fusionL1_drop0p2_trmiss50_trlocradio,32,0.0001,1,32,1,0.2,lr1e-04_bs32_modL1_fusion32_fusionL1_drop0p2_trmiss50_trlocradio,43,0.5097513000170389,0.694834440946579,0.5193965517241379,0.7008981090087618,0.5111111111111111,0.0,0.0,0.0,0.0,0.0,0.0,0.0,0.0,0.0,2002,radio,0.5
2,4,lr1e-04_bs32_modL1_fusion32_fusionL1_drop0p2_trmiss50_trlocradio,32,0.0001,1,32,1,0.2,lr1e-04_bs32_modL1_fusion32_fusionL1_drop0p2_trmiss50_trlocradio,44,0.5101306736469269,0.6968098878860474,0.521551724137931,0.7033945763194739,0.4888888888888889,0.0,0.0,0.0,0.0,0.0,0.0,0.0,0.0,0.0,2002,radio,0.5
2,4,lr1e-04_bs32_modL1_fusion32_fusionL1_drop0p2_trmiss50_trlocradio,32,0.0001,1,32,1,0.2,lr1e-04_bs32_modL1_fusion32_fusionL1_drop0p2_trmiss50_trlocradio,45,0.5047886570294698,0.6930087804794312,0.521551724137931,0.7029313371992475,0.5111111111111111,0.0,0.0,0.0,0.0,0.0,0.0,0.0,0.0,0.0,2002,radio,0.5
2,4,lr1e-04_bs32_modL1_fusion32_fusionL1_drop0p2_trmiss50_trlocradio,32,0.0001,1,32,1,0.2,lr1e-04_bs32_modL1_fusion32_fusionL1_drop0p2_trmiss50_trlocradio,46,0.4927529990673065,0.6937280595302582,0.521551724137931,0.707223302339912,0.5111111111111111,0.0,0.0,0.0,0.0,0.0,0.0,0.0,0.0,0.0,2002,radio,0.5
2,4,lr1e-04_bs32_modL1_fusion32_fusionL1_drop0p2_trmiss50_trlocradio,32,0.0001,1,32,1,0.2,lr1e-04_bs32_modL1_fusion32_fusionL1_drop0p2_trmiss50_trlocradio,47,0.5068448185920715,0.6953471601009369,0.5129310344827587,0.6980019804096366,0.5111111111111111,0.0,0.0,0.0,0.0,0.0,0.0,0.0,0.0,0.0,2002,radio,0.5
2,4,lr1e-04_bs32_modL1_fusion32_fusionL1_drop0p2_trmiss50_trlocradio,32,0.0001,1,32,1,0.2,lr1e-04_bs32_modL1_fusion32_fusionL1_drop0p2_trmiss50_trlocradio,48,0.5189482768376669,0.6961789429187775,0.5129310344827586,0.6971600653942936,0.4888888888888889,0.0,0.0,0.0,0.0,0.0,0.0,0.0,0.0,0.0,2002,radio,0.5
2,4,lr1e-04_bs32_modL1_fusion32_fusionL1_drop0p2_trmiss50_trlocradio,32,0.0001,1,32,1,0.2,lr1e-04_bs32_modL1_fusion32_fusionL1_drop0p2_trmiss50_trlocradio,49,0.5043148050705591,0.6951529085636139,0.5107758620689655,0.6976700020606433,0.4888888888888889,0.0,0.0,0.0,0.0,0.0,0.0,0.0,0.0,0.0,2002,radio,0.5
2,4,lr1e-04_bs32_modL1_fusion32_fusionL1_drop0p2_trmiss50_trlocradio,32,0.0001,1,32,1,0.2,lr1e-04_bs32_modL1_fusion32_fusionL1_drop0p2_trmiss50_trlocradio,50,0.5047969818115234,0.6970141530036926,0.5172413793103449,0.7012760089520989,0.4888888888888889,0.0,0.0,0.0,0.0,0.0,0.0,0.0,0.0,0.0,2002,radio,0.5
2,4,lr1e-04_bs32_modL1_fusion32_fusionL1_drop0p2_trmiss50_trlocradio,32,0.0001,1,32,1,0.2,lr1e-04_bs32_modL1_fusion32_fusionL1_drop0p2_trmiss50_trlocradio,51,0.4955605963865916,0.6991194784641266,0.5150862068965517,0.7054303952445332,0.4888888888888889,0.0,0.0,0.0,0.0,0.0,0.0,0.0,0.0,0.0,2002,radio,0.5
2,4,lr1e-04_bs32_modL1_fusion32_fusionL1_drop0p2_trmiss50_trlocradio,32,0.0001,1,32,1,0.2,lr1e-04_bs32_modL1_fusion32_fusionL1_drop0p2_trmiss50_trlocradio,52,0.49837954839070636,0.6978431344032288,0.5193965517241379,0.7066926004488311,0.4888888888888889,0.0,0.0,0.0,0.0,0.0,0.0,0.0,0.0,0.0,2002,radio,0.5
2,4,lr1e-04_bs32_modL1_fusion32_fusionL1_drop0p2_trmiss50_trlocradio,32,0.0001,1,32,1,0.2,lr1e-04_bs32_modL1_fusion32_fusionL1_drop0p2_trmiss50_trlocradio,53,0.49951428174972534,0.6968669891357422,0.5150862068965517,0.7002310768726839,0.4888888888888889,0.0,0.0,0.0,0.0,0.0,0.0,0.0,0.0,0.0,2002,radio,0.5
2,4,lr1e-04_bs32_modL1_fusion32_fusionL1_drop0p2_trmiss50_trlocradio,32,0.0001,1,32,1,0.2,lr1e-04_bs32_modL1_fusion32_fusionL1_drop0p2_trmiss50_trlocradio,54,0.5032288332780203,0.6963840126991272,0.5215517241379309,0.7029253317080031,0.4888888888888889,0.0,0.0,0.0,0.0,0.0,0.0,0.0,0.0,0.0,2002,radio,0.5
2,4,lr1e-04_bs32_modL1_fusion32_fusionL1_drop0p1_trmiss50_trlocradio,32,0.0001,1,32,1,0.1,lr1e-04_bs32_modL1_fusion32_fusionL1_drop0p1_trmiss50_trlocradio,1,0.7628083527088165,0.7183915972709656,0.5280172413793103,0.6862259317208268,0.35555555555555557,0.0,0.0,0.0,0.0,0.0,0.0,0.0,0.0,0.0,2002,radio,0.5
2,4,lr1e-04_bs32_modL1_fusion32_fusionL1_drop0p1_trmiss50_trlocradio,32,0.0001,1,32,1,0.1,lr1e-04_bs32_modL1_fusion32_fusionL1_drop0p1_trmiss50_trlocradio,2,0.6955771148204803,0.7141083776950836,0.5452586206896552,0.7076756289814816,0.35555555555555557,0.0,0.0,0.0,0.0,0.0,0.0,0.0,0.0,0.0,2002,radio,0.5
2,4,lr1e-04_bs32_modL1_fusion32_fusionL1_drop0p1_trmiss50_trlocradio,32,0.0001,1,32,1,0.1,lr1e-04_bs32_modL1_fusion32_fusionL1_drop0p1_trmiss50_trlocradio,3,0.6704344550768534,0.7114871144294739,0.5237068965517242,0.7206604174441374,0.4,0.0,0.0,0.0,0.0,0.0,0.0,0.0,0.0,0.0,2002,radio,0.5
2,4,lr1e-04_bs32_modL1_fusion32_fusionL1_drop0p1_trmiss50_trlocradio,32,0.0001,1,32,1,0.1,lr1e-04_bs32_modL1_fusion32_fusionL1_drop0p1_trmiss50_trlocradio,4,0.6364068984985352,0.707309901714325,0.4892241379310345,0.6948927262250469,0.4444444444444444,0.0,0.0,0.0,0.0,0.0,0.0,0.0,0.0,0.0,2002,radio,0.5
2,4,lr1e-04_bs32_modL1_fusion32_fusionL1_drop0p1_trmiss50_trlocradio,32,0.0001,1,32,1,0.1,lr1e-04_bs32_modL1_fusion32_fusionL1_drop0p1_trmiss50_trlocradio,5,0.6048489610354105,0.7042232155799866,0.49568965517241387,0.7102287663978285,0.4222222222222222,0.0,0.0,0.0,0.0,0.0,0.0,0.0,0.0,0.0,2002,radio,0.5
2,4,lr1e-04_bs32_modL1_fusion32_fusionL1_drop0p1_trmiss50_trlocradio,32,0.0001,1,32,1,0.1,lr1e-04_bs32_modL1_fusion32_fusionL1_drop0p1_trmiss50_trlocradio,6,0.6001589000225067,0.7026529610157013,0.4913793103448276,0.7083015240953853,0.4444444444444444,0.0,0.0,0.0,0.0,0.0,0.0,0.0,0.0,0.0,2002,radio,0.5
2,4,lr1e-04_bs32_modL1_fusion32_fusionL1_drop0p1_trmiss50_trlocradio,32,0.0001,1,32,1,0.1,lr1e-04_bs32_modL1_fusion32_fusionL1_drop0p1_trmiss50_trlocradio,7,0.5809074838956197,0.6986622512340546,0.5129310344827586,0.7208787619671734,0.4666666666666667,0.0,0.0,0.0,0.0,0.0,0.0,0.0,0.0,0.0,2002,radio,0.5
2,4,lr1e-04_bs32_modL1_fusion32_fusionL1_drop0p1_trmiss50_trlocradio,32,0.0001,1,32,1,0.1,lr1e-04_bs32_modL1_fusion32_fusionL1_drop0p1_trmiss50_trlocradio,8,0.564970076084137,0.6954400539398193,0.5237068965517242,0.7316505465936993,0.4444444444444444,0.0,0.0,0.0,0.0,0.0,0.0,0.0,0.0,0.0,2002,radio,0.5
2,4,lr1e-04_bs32_modL1_fusion32_fusionL1_drop0p1_trmiss50_trlocradio,32,0.0001,1,32,1,0.1,lr1e-04_bs32_modL1_fusion32_fusionL1_drop0p1_trmiss50_trlocradio,9,0.5426453153292338,0.6934878528118134,0.5086206896551724,0.7104314774594822,0.4222222222222222,0.0,0.0,0.0,0.0,0.0,0.0,0.0,0.0,0.0,2002,radio,0.5
2,4,lr1e-04_bs32_modL1_fusion32_fusionL1_drop0p1_trmiss50_trlocradio,32,0.0001,1,32,1,0.1,lr1e-04_bs32_modL1_fusion32_fusionL1_drop0p1_trmiss50_trlocradio,10,0.5480122417211533,0.6926863789558411,0.5172413793103449,0.6825042169907964,0.4444444444444444,0.0,0.0,0.0,0.0,0.0,0.0,0.0,0.0,0.0,2002,radio,0.5
2,4,lr1e-04_bs32_modL1_fusion32_fusionL1_drop0p1_trmiss50_trlocradio,32,0.0001,1,32,1,0.1,lr1e-04_bs32_modL1_fusion32_fusionL1_drop0p1_trmiss50_trlocradio,11,0.5121659288803736,0.6877310872077942,0.5237068965517242,0.6964652406811341,0.4444444444444444,0.0,0.0,0.0,0.0,0.0,0.0,0.0,0.0,0.0,2002,radio,0.5
2,4,lr1e-04_bs32_modL1_fusion32_fusionL1_drop0p1_trmiss50_trlocradio,32,0.0001,1,32,1,0.1,lr1e-04_bs32_modL1_fusion32_fusionL1_drop0p1_trmiss50_trlocradio,12,0.5244812120993932,0.6852072477340698,0.5258620689655172,0.7163052023928047,0.4666666666666667,0.0,0.0,0.0,0.0,0.0,0.0,0.0,0.0,0.0,2002,radio,0.5
2,4,lr1e-04_bs32_modL1_fusion32_fusionL1_drop0p1_trmiss50_trlocradio,32,0.0001,1,32,1,0.1,lr1e-04_bs32_modL1_fusion32_fusionL1_drop0p1_trmiss50_trlocradio,13,0.4965026527643204,0.6828797161579132,0.5280172413793104,0.7260375159433681,0.4888888888888889,0.0,0.0,0.0,0.0,0.0,0.0,0.0,0.0,0.0,2002,radio,0.5
2,4,lr1e-04_bs32_modL1_fusion32_fusionL1_drop0p1_trmiss50_trlocradio,32,0.0001,1,32,1,0.1,lr1e-04_bs32_modL1_fusion32_fusionL1_drop0p1_trmiss50_trlocradio,14,0.4866047451893489,0.6848266422748566,0.521551724137931,0.713523312904177,0.4444444444444444,0.0,0.0,0.0,0.0,0.0,0.0,0.0,0.0,0.0,2002,radio,0.5
2,4,lr1e-04_bs32_modL1_fusion32_fusionL1_drop0p1_trmiss50_trlocradio,32,0.0001,1,32,1,0.1,lr1e-04_bs32_modL1_fusion32_fusionL1_drop0p1_trmiss50_trlocradio,15,0.4875049789746602,0.6831004023551941,0.5237068965517242,0.7151202447492623,0.4,0.0,0.0,0.0,0.0,0.0,0.0,0.0,0.0,0.0,2002,radio,0.5
2,4,lr1e-04_bs32_modL1_fusion32_fusionL1_drop0p1_trmiss50_trlocradio,32,0.0001,1,32,1,0.1,lr1e-04_bs32_modL1_fusion32_fusionL1_drop0p1_trmiss50_trlocradio,16,0.4643338620662689,0.6818113625049591,0.5366379310344828,0.7323060773900159,0.4,0.0,0.0,0.0,0.0,0.0,0.0,0.0,0.0,0.0,2002,radio,0.5
2,4,lr1e-04_bs32_modL1_fusion32_fusionL1_drop0p1_trmiss50_trlocradio,32,0.0001,1,32,1,0.1,lr1e-04_bs32_modL1_fusion32_fusionL1_drop0p1_trmiss50_trlocradio,17,0.4640314231316249,0.6785309910774231,0.5560344827586207,0.7381131026044458,0.4222222222222222,0.0,0.0,0.0,0.0,0.0,0.0,0.0,0.0,0.0,2002,radio,0.5
2,4,lr1e-04_bs32_modL1_fusion32_fusionL1_drop0p1_trmiss50_trlocradio,32,0.0001,1,32,1,0.1,lr1e-04_bs32_modL1_fusion32_fusionL1_drop0p1_trmiss50_trlocradio,18,0.45033525427182514,0.6760343909263611,0.5668103448275862,0.7499343245876942,0.4666666666666667,0.0,0.0,0.0,0.0,0.0,0.0,0.0,0.0,0.0,2002,radio,0.5
2,4,lr1e-04_bs32_modL1_fusion32_fusionL1_drop0p1_trmiss50_trlocradio,32,0.0001,1,32,1,0.1,lr1e-04_bs32_modL1_fusion32_fusionL1_drop0p1_trmiss50_trlocradio,19,0.43254710733890533,0.6782025396823883,0.5581896551724138,0.7361004086961318,0.4666666666666667,0.0,0.0,0.0,0.0,0.0,0.0,0.0,0.0,0.0,2002,radio,0.5
2,4,lr1e-04_bs32_modL1_fusion32_fusionL1_drop0p1_trmiss50_trlocradio,32,0.0001,1,32,1,0.1,lr1e-04_bs32_modL1_fusion32_fusionL1_drop0p1_trmiss50_trlocradio,20,0.4453807820876439,0.6762605905532837,0.5646551724137931,0.7385053435137369,0.4888888888888889,0.0,0.0,0.0,0.0,0.0,0.0,0.0,0.0,0.0,2002,radio,0.5
2,4,lr1e-04_bs32_modL1_fusion32_fusionL1_drop0p1_trmiss50_trlocradio,32,0.0001,1,32,1,0.1,lr1e-04_bs32_modL1_fusion32_fusionL1_drop0p1_trmiss50_trlocradio,21,0.43340939780076343,0.679010659456253,0.5538793103448276,0.7472328279612734,0.5111111111111111,0.0,0.0,0.0,0.0,0.0,0.0,0.0,0.0,0.0,2002,radio,0.5
2,4,lr1e-04_bs32_modL1_fusion32_fusionL1_drop0p1_trmiss50_trlocradio,32,0.0001,1,32,1,0.1,lr1e-04_bs32_modL1_fusion32_fusionL1_drop0p1_trmiss50_trlocradio,22,0.42299631237983704,0.6795361340045929,0.5732758620689655,0.7704990827010954,0.5111111111111111,0.0,0.0,0.0,0.0,0.0,0.0,0.0,0.0,0.0,2002,radio,0.5
2,4,lr1e-04_bs32_modL1_fusion32_fusionL1_drop0p1_trmiss50_trlocradio,32,0.0001,1,32,1,0.1,lr1e-04_bs32_modL1_fusion32_fusionL1_drop0p1_trmiss50_trlocradio,23,0.4082010140021642,0.6699379086494446,0.5775862068965516,0.7723094243420494,0.5333333333333333,0.0,0.0,0.0,0.0,0.0,0.0,0.0,0.0,0.0,2002,radio,0.5
2,4,lr1e-04_bs32_modL1_fusion32_fusionL1_drop0p1_trmiss50_trlocradio,32,0.0001,1,32,1,0.1,lr1e-04_bs32_modL1_fusion32_fusionL1_drop0p1_trmiss50_trlocradio,24,0.3915461152791977,0.671493798494339,0.5668103448275862,0.7661642397942647,0.5333333333333333,0.0,0.0,0.0,0.0,0.0,0.0,0.0,0.0,0.0,2002,radio,0.5
2,4,lr1e-04_bs32_modL1_fusion32_fusionL1_drop0p1_trmiss50_trlocradio,32,0.0001,1,32,1,0.1,lr1e-04_bs32_modL1_fusion32_fusionL1_drop0p1_trmiss50_trlocradio,25,0.39168088634808856,0.6742733418941498,0.5517241379310345,0.7458072584663182,0.5111111111111111,0.0,0.0,0.0,0.0,0.0,0.0,0.0,0.0,0.0,2002,radio,0.5
2,4,lr1e-04_bs32_modL1_fusion32_fusionL1_drop0p1_trmiss50_trlocradio,32,0.0001,1,32,1,0.1,lr1e-04_bs32_modL1_fusion32_fusionL1_drop0p1_trmiss50_trlocradio,26,0.3775458683570226,0.6699979305267334,0.5646551724137931,0.7550616993886385,0.4888888888888889,0.0,0.0,0.0,0.0,0.0,0.0,0.0,0.0,0.0,2002,radio,0.5
2,4,lr1e-04_bs32_modL1_fusion32_fusionL1_drop0p1_trmiss50_trlocradio,32,0.0001,1,32,1,0.1,lr1e-04_bs32_modL1_fusion32_fusionL1_drop0p1_trmiss50_trlocradio,27,0.3843343158562978,0.6678676009178162,0.5711206896551724,0.7593861636252579,0.4888888888888889,0.0,0.0,0.0,0.0,0.0,0.0,0.0,0.0,0.0,2002,radio,0.5
2,4,lr1e-04_bs32_modL1_fusion32_fusionL1_drop0p1_trmiss50_trlocradio,32,0.0001,1,32,1,0.1,lr1e-04_bs32_modL1_fusion32_fusionL1_drop0p1_trmiss50_trlocradio,28,0.3772670129934947,0.6652730107307434,0.5905172413793103,0.7679072987105267,0.4444444444444444,0.0,0.0,0.0,0.0,0.0,0.0,0.0,0.0,0.0,2002,radio,0.5
2,4,lr1e-04_bs32_modL1_fusion32_fusionL1_drop0p1_trmiss50_trlocradio,32,0.0001,1,32,1,0.1,lr1e-04_bs32_modL1_fusion32_fusionL1_drop0p1_trmiss50_trlocradio,29,0.3829431931177775,0.6716694831848145,0.5668103448275863,0.7355283490480615,0.4666666666666667,0.0,0.0,0.0,0.0,0.0,0.0,0.0,0.0,0.0,2002,radio,0.5
2,4,lr1e-04_bs32_modL1_fusion32_fusionL1_drop0p1_trmiss50_trlocradio,32,0.0001,1,32,1,0.1,lr1e-04_bs32_modL1_fusion32_fusionL1_drop0p1_trmiss50_trlocradio,30,0.3625587522983551,0.6745412349700928,0.5560344827586208,0.7306394586508292,0.4222222222222222,0.0,0.0,0.0,0.0,0.0,0.0,0.0,0.0,0.0,2002,radio,0.5
2,4,lr1e-04_bs32_modL1_fusion32_fusionL1_drop0p1_trmiss50_trlocradio,32,0.0001,1,32,1,0.1,lr1e-04_bs32_modL1_fusion32_fusionL1_drop0p1_trmiss50_trlocradio,31,0.3742864827315013,0.6777600944042206,0.560344827586207,0.7307130231166951,0.4666666666666667,0.0,0.0,0.0,0.0,0.0,0.0,0.0,0.0,0.0,2002,radio,0.5
2,4,lr1e-04_bs32_modL1_fusion32_fusionL1_drop0p1_trmiss50_trlocradio,32,0.0001,1,32,1,0.1,lr1e-04_bs32_modL1_fusion32_fusionL1_drop0p1_trmiss50_trlocradio,32,0.3633035570383072,0.6764344573020935,0.5517241379310345,0.7311862253403575,0.4444444444444444,0.0,0.0,0.0,0.0,0.0,0.0,0.0,0.0,0.0,2002,radio,0.5
2,4,lr1e-04_bs32_modL1_fusion32_fusionL1_drop0p1_trmiss50_trlocradio,32,0.0001,1,32,1,0.1,lr1e-04_bs32_modL1_fusion32_fusionL1_drop0p1_trmiss50_trlocradio,33,0.3483302543560664,0.6738565564155579,0.5581896551724137,0.7453096363509757,0.4666666666666667,0.0,0.0,0.0,0.0,0.0,0.0,0.0,0.0,0.0,2002,radio,0.5
2,4,lr1e-04_bs32_modL1_fusion32_fusionL1_drop0p1_trmiss50_trlocradio,32,0.0001,1,32,1,0.1,lr1e-04_bs32_modL1_fusion32_fusionL1_drop0p1_trmiss50_trlocradio,34,0.3645806163549423,0.6816159784793854,0.5603448275862069,0.7437694828518171,0.4666666666666667,0.0,0.0,0.0,0.0,0.0,0.0,0.0,0.0,0.0,2002,radio,0.5
2,4,lr1e-04_bs32_modL1_fusion32_fusionL1_drop0p1_trmiss50_trlocradio,32,0.0001,1,32,1,0.1,lr1e-04_bs32_modL1_fusion32_fusionL1_drop0p1_trmiss50_trlocradio,35,0.3508196969827016,0.6854026913642883,0.540948275862069,0.729016126318416,0.4666666666666667,0.0,0.0,0.0,0.0,0.0,0.0,0.0,0.0,0.0,2002,radio,0.5
2,4,lr1e-04_bs32_modL1_fusion32_fusionL1_drop0p1_trmiss50_trlocradio,32,0.0001,1,32,1,0.1,lr1e-04_bs32_modL1_fusion32_fusionL1_drop0p1_trmiss50_trlocradio,36,0.333132470647494,0.6848480701446533,0.5387931034482759,0.7258718794388773,0.4666666666666667,0.0,0.0,0.0,0.0,0.0,0.0,0.0,0.0,0.0,2002,radio,0.5
2,4,lr1e-04_bs32_modL1_fusion32_fusionL1_drop0p1_trmiss50_trlocradio,32,0.0001,1,32,1,0.1,lr1e-04_bs32_modL1_fusion32_fusionL1_drop0p1_trmiss50_trlocradio,37,0.3421627829472224,0.6835430562496185,0.5625,0.7334379209160574,0.4666666666666667,0.0,0.0,0.0,0.0,0.0,0.0,0.0,0.0,0.0,2002,radio,0.5
2,4,lr1e-04_bs32_modL1_fusion32_fusionL1_drop0p1_trmiss50_trlocradio,32,0.0001,1,32,1,0.1,lr1e-04_bs32_modL1_fusion32_fusionL1_drop0p1_trmiss50_trlocradio,38,0.33751340210437775,0.6751057505607605,0.5862068965517242,0.7421262764554989,0.5111111111111111,0.0,0.0,0.0,0.0,0.0,0.0,0.0,0.0,0.0,2002,radio,0.5
2,4,lr1e-04_bs32_modL1_fusion32_fusionL1_drop0p1_trmiss50_trlocradio,32,0.0001,1,32,1,0.1,lr1e-04_bs32_modL1_fusion32_fusionL1_drop0p1_trmiss50_trlocradio,39,0.32909893492857617,0.6693403422832489,0.5991379310344828,0.7506823918591387,0.5333333333333333,0.0,0.0,0.0,0.0,0.0,0.0,0.0,0.0,0.0,2002,radio,0.5
2,4,lr1e-04_bs32_modL1_fusion32_fusionL1_drop0p1_trmiss50_trlocradio,32,0.0001,1,32,1,0.1,lr1e-04_bs32_modL1_fusion32_fusionL1_drop0p1_trmiss50_trlocradio,40,0.3286519745985667,0.6702139377593994,0.5948275862068966,0.7523473124345149,0.5111111111111111,0.0,0.0,0.0,0.0,0.0,0.0,0.0,0.0,0.0,2002,radio,0.5
2,4,lr1e-04_bs32_modL1_fusion32_fusionL1_drop0p1_trmiss50_trlocradio,32,0.0001,1,32,1,0.1,lr1e-04_bs32_modL1_fusion32_fusionL1_drop0p1_trmiss50_trlocradio,41,0.3256560266017914,0.6673058867454529,0.5775862068965517,0.7371645177599319,0.4888888888888889,0.0,0.0,0.0,0.0,0.0,0.0,0.0,0.0,0.0,2002,radio,0.5
2,4,lr1e-04_bs32_modL1_fusion32_fusionL1_drop0p1_trmiss50_trlocradio,32,0.0001,1,32,1,0.1,lr1e-04_bs32_modL1_fusion32_fusionL1_drop0p1_trmiss50_trlocradio,42,0.32191672921180725,0.6679955720901489,0.5689655172413792,0.7338466113685621,0.4888888888888889,0.0,0.0,0.0,0.0,0.0,0.0,0.0,0.0,0.0,2002,radio,0.5
2,4,lr1e-04_bs32_modL1_fusion32_fusionL1_drop0p1_trmiss50_trlocradio,32,0.0001,1,32,1,0.1,lr1e-04_bs32_modL1_fusion32_fusionL1_drop0p1_trmiss50_trlocradio,43,0.3172998329003652,0.66928631067276,0.5668103448275862,0.7329270711386772,0.4888888888888889,0.0,0.0,0.0,0.0,0.0,0.0,0.0,0.0,0.0,2002,radio,0.5
2,4,lr1e-04_bs32_modL1_fusion32_fusionL1_drop0p1_trmiss50_trlocradio,32,0.0001,1,32,1,0.1,lr1e-04_bs32_modL1_fusion32_fusionL1_drop0p1_trmiss50_trlocradio,44,0.32084472974141437,0.6721417307853699,0.5689655172413792,0.7301384904916572,0.5111111111111111,0.0,0.0,0.0,0.0,0.0,0.0,0.0,0.0,0.0,2002,radio,0.5
2,4,lr1e-04_bs32_modL1_fusion32_fusionL1_drop0p1_trmiss50_trlocradio,32,0.0001,1,32,1,0.1,lr1e-04_bs32_modL1_fusion32_fusionL1_drop0p1_trmiss50_trlocradio,45,0.31927578151226044,0.6725530922412872,0.5732758620689655,0.7312990050474545,0.4888888888888889,0.0,0.0,0.0,0.0,0.0,0.0,0.0,0.0,0.0,2002,radio,0.5
2,4,lr1e-04_bs32_modL1_fusion32_fusionL1_drop0p1_trmiss50_trlocradio,32,0.0001,1,32,1,0.1,lr1e-04_bs32_modL1_fusion32_fusionL1_drop0p1_trmiss50_trlocradio,46,0.3217811236778895,0.6708165109157562,0.5689655172413792,0.7295222113448435,0.4666666666666667,0.0,0.0,0.0,0.0,0.0,0.0,0.0,0.0,0.0,2002,radio,0.5
2,4,lr1e-04_bs32_modL1_fusion32_fusionL1_drop0p1_trmiss50_trlocradio,32,0.0001,1,32,1,0.1,lr1e-04_bs32_modL1_fusion32_fusionL1_drop0p1_trmiss50_trlocradio,47,0.3143257399400075,0.667822539806366,0.5754310344827587,0.7328134228819322,0.4666666666666667,0.0,0.0,0.0,0.0,0.0,0.0,0.0,0.0,0.0,2002,radio,0.5
2,4,lr1e-04_bs32_modL1_fusion32_fusionL1_drop0p1_trmiss50_trlocradio,32,0.0001,1,32,1,0.1,lr1e-04_bs32_modL1_fusion32_fusionL1_drop0p1_trmiss50_trlocradio,48,0.31559369961420697,0.6675738394260406,0.5775862068965517,0.7338129231318072,0.4888888888888889,0.0,0.0,0.0,0.0,0.0,0.0,0.0,0.0,0.0,2002,radio,0.5
2,4,lr1e-04_bs32_modL1_fusion32_fusionL1_drop0p1_trmiss50_trlocradio,32,0.0001,1,32,1,0.1,lr1e-04_bs32_modL1_fusion32_fusionL1_drop0p1_trmiss50_trlocradio,49,0.31937362253665924,0.6698470711708069,0.5797413793103448,0.7387633890753061,0.4888888888888889,0.0,0.0,0.0,0.0,0.0,0.0,0.0,0.0,0.0,2002,radio,0.5
2,4,lr1e-04_bs32_modL1_fusion32_fusionL1_drop0p1_trmiss50_trlocradio,32,0.0001,1,32,1,0.1,lr1e-04_bs32_modL1_fusion32_fusionL1_drop0p1_trmiss50_trlocradio,50,0.33316126962502796,0.6678448021411896,0.5711206896551724,0.7385327502890998,0.4888888888888889,0.0,0.0,0.0,0.0,0.0,0.0,0.0,0.0,0.0,2002,radio,0.5
2,4,lr1e-04_bs32_modL1_fusion32_fusionL1_drop0p1_trmiss50_trlocradio,32,0.0001,1,32,1,0.1,lr1e-04_bs32_modL1_fusion32_fusionL1_drop0p1_trmiss50_trlocradio,51,0.31674087544282276,0.6663291454315186,0.5646551724137931,0.7295442928371535,0.4888888888888889,0.0,0.0,0.0,0.0,0.0,0.0,0.0,0.0,0.0,2002,radio,0.5
2,4,lr1e-04_bs32_modL1_fusion32_fusionL1_drop0p1_trmiss50_trlocradio,32,0.0001,1,32,1,0.1,lr1e-04_bs32_modL1_fusion32_fusionL1_drop0p1_trmiss50_trlocradio,52,0.3171237309773763,0.6682874262332916,0.5711206896551724,0.7320117009080099,0.5111111111111111,0.0,0.0,0.0,0.0,0.0,0.0,0.0,0.0,0.0,2002,radio,0.5
2,4,lr1e-04_bs32_modL1_fusion32_fusionL1_drop0p1_trmiss50_trlocradio,32,0.0001,1,32,1,0.1,lr1e-04_bs32_modL1_fusion32_fusionL1_drop0p1_trmiss50_trlocradio,53,0.31620094180107117,0.6698806285858154,0.5754310344827587,0.7337662936970853,0.5111111111111111,0.0,0.0,0.0,0.0,0.0,0.0,0.0,0.0,0.0,2002,radio,0.5
2,4,lr1e-04_bs32_modL1_fusion32_fusionL1_drop0p1_trmiss50_trlocradio,32,0.0001,1,32,1,0.1,lr1e-04_bs32_modL1_fusion32_fusionL1_drop0p1_trmiss50_trlocradio,54,0.3201478322347005,0.6742093563079834,0.5754310344827586,0.7378989953560239,0.4888888888888889,0.0,0.0,0.0,0.0,0.0,0.0,0.0,0.0,0.0,2002,radio,0.5
2,4,lr1e-04_bs32_modL1_fusion32_fusionL1_drop0p1_trmiss50_trlocradio,32,0.0001,1,32,1,0.1,lr1e-04_bs32_modL1_fusion32_fusionL1_drop0p1_trmiss50_trlocradio,55,0.3275252729654312,0.673422634601593,0.5754310344827587,0.7375289422873202,0.4888888888888889,0.0,0.0,0.0,0.0,0.0,0.0,0.0,0.0,0.0,2002,radio,0.5
2,4,lr1e-04_bs32_modL1_fusion32_fusionL1_drop0p1_trmiss50_trlocradio,32,0.0001,1,32,1,0.1,lr1e-04_bs32_modL1_fusion32_fusionL1_drop0p1_trmiss50_trlocradio,56,0.3324549396832784,0.6769033372402191,0.5775862068965517,0.7385284425371953,0.4888888888888889,0.0,0.0,0.0,0.0,0.0,0.0,0.0,0.0,0.0,2002,radio,0.5
2,4,lr1e-04_bs32_modL1_fusion32_fusionL1_drop0p1_trmiss50_trlocradio,32,0.0001,1,32,1,0.1,lr1e-04_bs32_modL1_fusion32_fusionL1_drop0p1_trmiss50_trlocradio,57,0.3173111428817113,0.6687954962253571,0.5754310344827587,0.7375289422873202,0.4888888888888889,0.0,0.0,0.0,0.0,0.0,0.0,0.0,0.0,0.0,2002,radio,0.5
2,4,lr1e-04_bs32_modL1_fusion32_fusionL1_drop0p1_trmiss50_trlocradio,32,0.0001,1,32,1,0.1,lr1e-04_bs32_modL1_fusion32_fusionL1_drop0p1_trmiss50_trlocradio,58,0.31764919062455493,0.6745185852050781,0.5689655172413793,0.7347577088564167,0.4888888888888889,0.0,0.0,0.0,0.0,0.0,0.0,0.0,0.0,0.0,2002,radio,0.5
2,4,lr1e-04_bs32_modL1_fusion32_fusionL1_drop0p1_trmiss50_trlocradio,32,0.0001,1,32,1,0.1,lr1e-04_bs32_modL1_fusion32_fusionL1_drop0p1_trmiss50_trlocradio,59,0.3093068252007167,0.6724890768527985,0.5689655172413792,0.7348603847911767,0.4888888888888889,0.0,0.0,0.0,0.0,0.0,0.0,0.0,0.0,0.0,2002,radio,0.5
2,4,lr1e-04_bs32_modL1_fusion64_fusionL1_drop0p2_trmiss50_trlocradio,32,0.0001,1,64,1,0.2,lr1e-04_bs32_modL1_fusion64_fusionL1_drop0p2_trmiss50_trlocradio,1,0.6522464752197266,0.6951622366905212,0.27155172413793105,0.524177245631236,0.6222222222222222,0.0,0.0,0.0,0.0,0.0,0.0,0.0,0.0,0.0,2002,radio,0.5
2,4,lr1e-04_bs32_modL1_fusion64_fusionL1_drop0p2_trmiss50_trlocradio,32,0.0001,1,64,1,0.2,lr1e-04_bs32_modL1_fusion64_fusionL1_drop0p2_trmiss50_trlocradio,2,0.6201994717121124,0.6930791437625885,0.2974137931034483,0.533330718347676,0.6444444444444445,0.0,0.0,0.0,0.0,0.0,0.0,0.0,0.0,0.0,2002,radio,0.5
2,4,lr1e-04_bs32_modL1_fusion64_fusionL1_drop0p2_trmiss50_trlocradio,32,0.0001,1,64,1,0.2,lr1e-04_bs32_modL1_fusion64_fusionL1_drop0p2_trmiss50_trlocradio,3,0.5991507371266683,0.6886207759380341,0.3189655172413793,0.5388698000979245,0.6666666666666666,0.0,0.0,0.0,0.0,0.0,0.0,0.0,0.0,0.0,2002,radio,0.5
2,4,lr1e-04_bs32_modL1_fusion64_fusionL1_drop0p2_trmiss50_trlocradio,32,0.0001,1,64,1,0.2,lr1e-04_bs32_modL1_fusion64_fusionL1_drop0p2_trmiss50_trlocradio,4,0.5805419584115347,0.6885356307029724,0.3254310344827586,0.5432870266926151,0.6444444444444445,0.0,0.0,0.0,0.0,0.0,0.0,0.0,0.0,0.0,2002,radio,0.5
2,4,lr1e-04_bs32_modL1_fusion64_fusionL1_drop0p2_trmiss50_trlocradio,32,0.0001,1,64,1,0.2,lr1e-04_bs32_modL1_fusion64_fusionL1_drop0p2_trmiss50_trlocradio,5,0.5847536226113638,0.6849662661552429,0.33620689655172414,0.5523874523142561,0.6666666666666666,0.0,0.0,0.0,0.0,0.0,0.0,0.0,0.0,0.0,2002,radio,0.5
2,4,lr1e-04_bs32_modL1_fusion64_fusionL1_drop0p2_trmiss50_trlocradio,32,0.0001,1,64,1,0.2,lr1e-04_bs32_modL1_fusion64_fusionL1_drop0p2_trmiss50_trlocradio,6,0.563068817059199,0.6842451989650726,0.3448275862068966,0.5576070759252875,0.6444444444444445,0.0,0.0,0.0,0.0,0.0,0.0,0.0,0.0,0.0,2002,radio,0.5
2,4,lr1e-04_bs32_modL1_fusion64_fusionL1_drop0p2_trmiss50_trlocradio,32,0.0001,1,64,1,0.2,lr1e-04_bs32_modL1_fusion64_fusionL1_drop0p2_trmiss50_trlocradio,7,0.5634076495965322,0.6856157183647156,0.34698275862068967,0.549145984858985,0.6444444444444445,0.0,0.0,0.0,0.0,0.0,0.0,0.0,0.0,0.0,2002,radio,0.5
2,4,lr1e-04_bs32_modL1_fusion64_fusionL1_drop0p2_trmiss50_trlocradio,32,0.0001,1,64,1,0.2,lr1e-04_bs32_modL1_fusion64_fusionL1_drop0p2_trmiss50_trlocradio,8,0.5418399224678675,0.6887852549552917,0.3706896551724138,0.5670641699119559,0.6222222222222222,0.0,0.0,0.0,0.0,0.0,0.0,0.0,0.0,0.0,2002,radio,0.5
2,4,lr1e-04_bs32_modL1_fusion64_fusionL1_drop0p2_trmiss50_trlocradio,32,0.0001,1,64,1,0.2,lr1e-04_bs32_modL1_fusion64_fusionL1_drop0p2_trmiss50_trlocradio,9,0.5090598861376444,0.686767965555191,0.39439655172413796,0.5815729829534018,0.6222222222222222,0.0,0.0,0.0,0.0,0.0,0.0,0.0,0.0,0.0,2002,radio,0.5
2,4,lr1e-04_bs32_modL1_fusion64_fusionL1_drop0p2_trmiss50_trlocradio,32,0.0001,1,64,1,0.2,lr1e-04_bs32_modL1_fusion64_fusionL1_drop0p2_trmiss50_trlocradio,10,0.5302102565765381,0.6843630075454712,0.41810344827586204,0.5945604913842218,0.6222222222222222,0.0,0.0,0.0,0.0,0.0,0.0,0.0,0.0,0.0,2002,radio,0.5
2,4,lr1e-04_bs32_modL1_fusion64_fusionL1_drop0p2_trmiss50_trlocradio,32,0.0001,1,64,1,0.2,lr1e-04_bs32_modL1_fusion64_fusionL1_drop0p2_trmiss50_trlocradio,11,0.5014744301637014,0.6843659579753876,0.41163793103448276,0.594002527149351,0.5777777777777777,0.0,0.0,0.0,0.0,0.0,0.0,0.0,0.0,0.0,2002,radio,0.5
2,4,lr1e-04_bs32_modL1_fusion64_fusionL1_drop0p2_trmiss50_trlocradio,32,0.0001,1,64,1,0.2,lr1e-04_bs32_modL1_fusion64_fusionL1_drop0p2_trmiss50_trlocradio,12,0.5064294387896856,0.6806212365627289,0.4331896551724138,0.6015071218222948,0.6,0.0,0.0,0.0,0.0,0.0,0.0,0.0,0.0,0.0,2002,radio,0.5
2,4,lr1e-04_bs32_modL1_fusion64_fusionL1_drop0p2_trmiss50_trlocradio,32,0.0001,1,64,1,0.2,lr1e-04_bs32_modL1_fusion64_fusionL1_drop0p2_trmiss50_trlocradio,13,0.47766339282194775,0.6828351318836212,0.4331896551724137,0.6004321901368163,0.5777777777777777,0.0,0.0,0.0,0.0,0.0,0.0,0.0,0.0,0.0,2002,radio,0.5
2,4,lr1e-04_bs32_modL1_fusion64_fusionL1_drop0p2_trmiss50_trlocradio,32,0.0001,1,64,1,0.2,lr1e-04_bs32_modL1_fusion64_fusionL1_drop0p2_trmiss50_trlocradio,14,0.4678829660018285,0.687288224697113,0.43749999999999994,0.5975835713208645,0.5777777777777777,0.0,0.0,0.0,0.0,0.0,0.0,0.0,0.0,0.0,2002,radio,0.5
2,4,lr1e-04_bs32_modL1_fusion64_fusionL1_drop0p2_trmiss50_trlocradio,32,0.0001,1,64,1,0.2,lr1e-04_bs32_modL1_fusion64_fusionL1_drop0p2_trmiss50_trlocradio,15,0.4537256956100464,0.68055859208107,0.4439655172413793,0.6034401552225866,0.5777777777777777,0.0,0.0,0.0,0.0,0.0,0.0,0.0,0.0,0.0,2002,radio,0.5
2,4,lr1e-04_bs32_modL1_fusion64_fusionL1_drop0p2_trmiss50_trlocradio,32,0.0001,1,64,1,0.2,lr1e-04_bs32_modL1_fusion64_fusionL1_drop0p2_trmiss50_trlocradio,16,0.46079983313878375,0.6770225465297699,0.46120689655172414,0.6266493338277934,0.5555555555555556,0.0,0.0,0.0,0.0,0.0,0.0,0.0,0.0,0.0,2002,radio,0.5
2,4,lr1e-04_bs32_modL1_fusion64_fusionL1_drop0p2_trmiss50_trlocradio,32,0.0001,1,64,1,0.2,lr1e-04_bs32_modL1_fusion64_fusionL1_drop0p2_trmiss50_trlocradio,17,0.4610402236382167,0.6754208505153656,0.45689655172413796,0.6278665422020977,0.5555555555555556,0.0,0.0,0.0,0.0,0.0,0.0,0.0,0.0,0.0,2002,radio,0.5
2,4,lr1e-04_bs32_modL1_fusion64_fusionL1_drop0p2_trmiss50_trlocradio,32,0.0001,1,64,1,0.2,lr1e-04_bs32_modL1_fusion64_fusionL1_drop0p2_trmiss50_trlocradio,18,0.43811647593975067,0.6784470975399017,0.45258620689655177,0.6217247296487495,0.5777777777777777,0.0,0.0,0.0,0.0,0.0,0.0,0.0,0.0,0.0,2002,radio,0.5
2,4,lr1e-04_bs32_modL1_fusion64_fusionL1_drop0p2_trmiss50_trlocradio,32,0.0001,1,64,1,0.2,lr1e-04_bs32_modL1_fusion64_fusionL1_drop0p2_trmiss50_trlocradio,19,0.41500360270341236,0.6864931583404541,0.4655172413793104,0.6109979618417509,0.5777777777777777,0.0,0.0,0.0,0.0,0.0,0.0,0.0,0.0,0.0,2002,radio,0.5
2,4,lr1e-04_bs32_modL1_fusion64_fusionL1_drop0p2_trmiss50_trlocradio,32,0.0001,1,64,1,0.2,lr1e-04_bs32_modL1_fusion64_fusionL1_drop0p2_trmiss50_trlocradio,20,0.4364931831757228,0.6875069439411163,0.45905172413793105,0.6061217531888159,0.5777777777777777,0.0,0.0,0.0,0.0,0.0,0.0,0.0,0.0,0.0,2002,radio,0.5
2,4,lr1e-04_bs32_modL1_fusion64_fusionL1_drop0p2_trmiss50_trlocradio,32,0.0001,1,64,1,0.2,lr1e-04_bs32_modL1_fusion64_fusionL1_drop0p2_trmiss50_trlocradio,21,0.4106289545694987,0.6835153102874756,0.4525862068965517,0.6204664952228384,0.5777777777777777,0.0,0.0,0.0,0.0,0.0,0.0,0.0,0.0,0.0,2002,radio,0.5
2,4,lr1e-04_bs32_modL1_fusion64_fusionL1_drop0p2_trmiss50_trlocradio,32,0.0001,1,64,1,0.2,lr1e-04_bs32_modL1_fusion64_fusionL1_drop0p2_trmiss50_trlocradio,22,0.3934178153673808,0.6842309236526489,0.44396551724137934,0.6151846538894329,0.5555555555555556,0.0,0.0,0.0,0.0,0.0,0.0,0.0,0.0,0.0,2002,radio,0.5
2,4,lr1e-04_bs32_modL1_fusion64_fusionL1_drop0p2_trmiss50_trlocradio,32,0.0001,1,64,1,0.2,lr1e-04_bs32_modL1_fusion64_fusionL1_drop0p2_trmiss50_trlocradio,23,0.3958574632803599,0.6915003061294556,0.4353448275862069,0.6102667201974005,0.5555555555555556,0.0,0.0,0.0,0.0,0.0,0.0,0.0,0.0,0.0,2002,radio,0.5
2,4,lr1e-04_bs32_modL1_fusion64_fusionL1_drop0p2_trmiss50_trlocradio,32,0.0001,1,64,1,0.2,lr1e-04_bs32_modL1_fusion64_fusionL1_drop0p2_trmiss50_trlocradio,24,0.3977300574382146,0.6964997053146362,0.4267241379310344,0.6034796665555026,0.5555555555555556,0.0,0.0,0.0,0.0,0.0,0.0,0.0,0.0,0.0,2002,radio,0.5
2,4,lr1e-04_bs32_modL1_fusion64_fusionL1_drop0p2_trmiss50_trlocradio,32,0.0001,1,64,1,0.2,lr1e-04_bs32_modL1_fusion64_fusionL1_drop0p2_trmiss50_trlocradio,25,0.37908505896727246,0.6990400850772858,0.42241379310344823,0.5962425234284874,0.6,0.0,0.0,0.0,0.0,0.0,0.0,0.0,0.0,0.0,2002,radio,0.5
2,4,lr1e-04_bs32_modL1_fusion64_fusionL1_drop0p2_trmiss50_trlocradio,32,0.0001,1,64,1,0.2,lr1e-04_bs32_modL1_fusion64_fusionL1_drop0p2_trmiss50_trlocradio,26,0.382553110520045,0.6988159716129303,0.43318965517241376,0.6013959754143169,0.5777777777777777,0.0,0.0,0.0,0.0,0.0,0.0,0.0,0.0,0.0,2002,radio,0.5
2,4,lr1e-04_bs32_modL1_fusion64_fusionL1_drop0p2_trmiss50_trlocradio,32,0.0001,1,64,1,0.2,lr1e-04_bs32_modL1_fusion64_fusionL1_drop0p2_trmiss50_trlocradio,27,0.37474673489729565,0.6979380548000336,0.43318965517241376,0.6090335786908653,0.5777777777777777,0.0,0.0,0.0,0.0,0.0,0.0,0.0,0.0,0.0,2002,radio,0.5
2,4,lr1e-04_bs32_modL1_fusion64_fusionL1_drop0p2_trmiss50_trlocradio,32,0.0001,1,64,1,0.2,lr1e-04_bs32_modL1_fusion64_fusionL1_drop0p2_trmiss50_trlocradio,28,0.37566788991292316,0.6964578926563263,0.4353448275862069,0.6068934993031668,0.5777777777777777,0.0,0.0,0.0,0.0,0.0,0.0,0.0,0.0,0.0,2002,radio,0.5
2,4,lr1e-04_bs32_modL1_fusion64_fusionL1_drop0p2_trmiss50_trlocradio,32,0.0001,1,64,1,0.2,lr1e-04_bs32_modL1_fusion64_fusionL1_drop0p2_trmiss50_trlocradio,29,0.383681058883667,0.6986523568630219,0.4353448275862069,0.609560564039197,0.6,0.0,0.0,0.0,0.0,0.0,0.0,0.0,0.0,0.0,2002,radio,0.5
2,4,lr1e-04_bs32_modL1_fusion64_fusionL1_drop0p2_trmiss50_trlocradio,32,0.0001,1,64,1,0.2,lr1e-04_bs32_modL1_fusion64_fusionL1_drop0p2_trmiss50_trlocradio,30,0.3716769367456436,0.7016957104206085,0.4267241379310345,0.5998678781012285,0.5777777777777777,0.0,0.0,0.0,0.0,0.0,0.0,0.0,0.0,0.0,2002,radio,0.5
2,4,lr1e-04_bs32_modL1_fusion64_fusionL1_drop0p2_trmiss50_trlocradio,32,0.0001,1,64,1,0.2,lr1e-04_bs32_modL1_fusion64_fusionL1_drop0p2_trmiss50_trlocradio,31,0.3666007121404012,0.7009583711624146,0.43103448275862066,0.6036618771357539,0.6,0.0,0.0,0.0,0.0,0.0,0.0,0.0,0.0,0.0,2002,radio,0.5
2,4,lr1e-04_bs32_modL1_fusion64_fusionL1_drop0p2_trmiss50_trlocradio,32,0.0001,1,64,1,0.2,lr1e-04_bs32_modL1_fusion64_fusionL1_drop0p2_trmiss50_trlocradio,32,0.3609861036141713,0.7020166218280792,0.4396551724137931,0.6061085377423432,0.5777777777777777,0.0,0.0,0.0,0.0,0.0,0.0,0.0,0.0,0.0,2002,radio,0.5
2,4,lr1e-04_bs32_modL1_fusion64_fusionL1_drop0p2_trmiss50_trlocradio,32,0.0001,1,64,1,0.2,lr1e-04_bs32_modL1_fusion64_fusionL1_drop0p2_trmiss50_trlocradio,33,0.35948985318342846,0.7041240632534027,0.4375,0.5972706056146447,0.5777777777777777,0.0,0.0,0.0,0.0,0.0,0.0,0.0,0.0,0.0,2002,radio,0.5
2,4,lr1e-04_bs32_modL1_fusion64_fusionL1_drop0p2_trmiss50_trlocradio,32,0.0001,1,64,1,0.2,lr1e-04_bs32_modL1_fusion64_fusionL1_drop0p2_trmiss50_trlocradio,34,0.3690938899914424,0.7074182331562042,0.4461206896551724,0.6017959457489949,0.5777777777777777,0.0,0.0,0.0,0.0,0.0,0.0,0.0,0.0,0.0,2002,radio,0.5
2,4,lr1e-04_bs32_modL1_fusion64_fusionL1_drop0p2_trmiss50_trlocradio,32,0.0001,1,64,1,0.2,lr1e-04_bs32_modL1_fusion64_fusionL1_drop0p2_trmiss50_trlocradio,35,0.35524552563826245,0.710051029920578,0.4504310344827586,0.6047272600526802,0.5777777777777777,0.0,0.0,0.0,0.0,0.0,0.0,0.0,0.0,0.0,2002,radio,0.5
2,4,lr1e-04_bs32_modL1_fusion64_fusionL1_drop0p2_trmiss50_trlocradio,32,0.0001,1,64,1,0.2,lr1e-04_bs32_modL1_fusion64_fusionL1_drop0p2_trmiss50_trlocradio,36,0.3528422862291336,0.7086421847343445,0.4504310344827586,0.6047272600526802,0.5777777777777777,0.0,0.0,0.0,0.0,0.0,0.0,0.0,0.0,0.0,2002,radio,0.5
2,4,lr1e-04_bs32_modL1_fusion64_fusionL1_drop0p2_trmiss50_trlocradio,32,0.0001,1,64,1,0.2,lr1e-04_bs32_modL1_fusion64_fusionL1_drop0p2_trmiss50_trlocradio,37,0.3488724927107493,0.7075644135475159,0.4418103448275862,0.5998444497471781,0.5777777777777777,0.0,0.0,0.0,0.0,0.0,0.0,0.0,0.0,0.0,2002,radio,0.5
2,4,lr1e-04_bs32_modL1_fusion64_fusionL1_drop0p2_trmiss50_trlocradio,32,0.0001,1,64,1,0.2,lr1e-04_bs32_modL1_fusion64_fusionL1_drop0p2_trmiss50_trlocradio,38,0.34457706411679584,0.7059148848056793,0.4439655172413793,0.6032927256092471,0.5777777777777777,0.0,0.0,0.0,0.0,0.0,0.0,0.0,0.0,0.0,2002,radio,0.5
2,4,lr1e-04_bs32_modL1_fusion64_fusionL1_drop0p2_trmiss50_trlocradio,32,0.0001,1,64,1,0.2,lr1e-04_bs32_modL1_fusion64_fusionL1_drop0p2_trmiss50_trlocradio,39,0.34729360540707904,0.7061406373977661,0.4396551724137931,0.600727582556589,0.5777777777777777,0.0,0.0,0.0,0.0,0.0,0.0,0.0,0.0,0.0,2002,radio,0.5
2,4,lr1e-04_bs32_modL1_fusion64_fusionL1_drop0p1_trmiss50_trlocradio,32,0.0001,1,64,1,0.1,lr1e-04_bs32_modL1_fusion64_fusionL1_drop0p1_trmiss50_trlocradio,1,0.719824473063151,0.6861189603805542,0.6465517241379309,0.7254327341737328,0.6222222222222222,0.0,0.0,0.0,0.0,0.0,0.0,0.0,0.0,0.0,2002,radio,0.5
2,4,lr1e-04_bs32_modL1_fusion64_fusionL1_drop0p1_trmiss50_trlocradio,32,0.0001,1,64,1,0.1,lr1e-04_bs32_modL1_fusion64_fusionL1_drop0p1_trmiss50_trlocradio,2,0.673945814371109,0.6874628365039825,0.5969827586206897,0.6923632717788859,0.5555555555555556,0.0,0.0,0.0,0.0,0.0,0.0,0.0,0.0,0.0,2002,radio,0.5
2,4,lr1e-04_bs32_modL1_fusion64_fusionL1_drop0p1_trmiss50_trlocradio,32,0.0001,1,64,1,0.1,lr1e-04_bs32_modL1_fusion64_fusionL1_drop0p1_trmiss50_trlocradio,3,0.6388609210650126,0.6895989179611206,0.5732758620689655,0.6917143665845722,0.5333333333333333,0.0,0.0,0.0,0.0,0.0,0.0,0.0,0.0,0.0,2002,radio,0.5
2,4,lr1e-04_bs32_modL1_fusion64_fusionL1_drop0p1_trmiss50_trlocradio,32,0.0001,1,64,1,0.1,lr1e-04_bs32_modL1_fusion64_fusionL1_drop0p1_trmiss50_trlocradio,4,0.6208991706371307,0.6927047967910767,0.5603448275862069,0.6817492265834375,0.6,0.0,0.0,0.0,0.0,0.0,0.0,0.0,0.0,0.0,2002,radio,0.5
2,4,lr1e-04_bs32_modL1_fusion64_fusionL1_drop0p1_trmiss50_trlocradio,32,0.0001,1,64,1,0.1,lr1e-04_bs32_modL1_fusion64_fusionL1_drop0p1_trmiss50_trlocradio,5,0.5887092649936676,0.6946806311607361,0.5625,0.6804746227959546,0.6,0.0,0.0,0.0,0.0,0.0,0.0,0.0,0.0,0.0,2002,radio,0.5
2,4,lr1e-04_bs32_modL1_fusion64_fusionL1_drop0p1_trmiss50_trlocradio,32,0.0001,1,64,1,0.1,lr1e-04_bs32_modL1_fusion64_fusionL1_drop0p1_trmiss50_trlocradio,6,0.5652518371740977,0.6977826952934265,0.5474137931034484,0.6723253174461852,0.6222222222222222,0.0,0.0,0.0,0.0,0.0,0.0,0.0,0.0,0.0,2002,radio,0.5
2,4,lr1e-04_bs32_modL1_fusion64_fusionL1_drop0p1_trmiss50_trlocradio,32,0.0001,1,64,1,0.1,lr1e-04_bs32_modL1_fusion64_fusionL1_drop0p1_trmiss50_trlocradio,7,0.5513658126195272,0.6946255266666412,0.5323275862068965,0.6595024195613639,0.6,0.0,0.0,0.0,0.0,0.0,0.0,0.0,0.0,0.0,2002,radio,0.5
2,4,lr1e-04_bs32_modL1_fusion64_fusionL1_drop0p1_trmiss50_trlocradio,32,0.0001,1,64,1,0.1,lr1e-04_bs32_modL1_fusion64_fusionL1_drop0p1_trmiss50_trlocradio,8,0.5313581029574076,0.6940113604068756,0.5258620689655172,0.6533582886734057,0.5777777777777777,0.0,0.0,0.0,0.0,0.0,0.0,0.0,0.0,0.0,2002,radio,0.5
2,4,lr1e-04_bs32_modL1_fusion64_fusionL1_drop0p1_trmiss50_trlocradio,32,0.0001,1,64,1,0.1,lr1e-04_bs32_modL1_fusion64_fusionL1_drop0p1_trmiss50_trlocradio,9,0.5282832433780035,0.6949867904186249,0.5301724137931034,0.6489650198983639,0.5777777777777777,0.0,0.0,0.0,0.0,0.0,0.0,0.0,0.0,0.0,2002,radio,0.5
2,4,lr1e-04_bs32_modL1_fusion64_fusionL1_drop0p1_trmiss50_trlocradio,32,0.0001,1,64,1,0.1,lr1e-04_bs32_modL1_fusion64_fusionL1_drop0p1_trmiss50_trlocradio,10,0.5187684545914332,0.6955157220363617,0.540948275862069,0.6566275935483805,0.5333333333333333,0.0,0.0,0.0,0.0,0.0,0.0,0.0,0.0,0.0,2002,radio,0.5
2,4,lr1e-04_bs32_modL1_fusion64_fusionL1_drop0p1_trmiss50_trlocradio,32,0.0001,1,64,1,0.1,lr1e-04_bs32_modL1_fusion64_fusionL1_drop0p1_trmiss50_trlocradio,11,0.5041727523008982,0.6938064098358154,0.5474137931034483,0.6779132008467172,0.5555555555555556,0.0,0.0,0.0,0.0,0.0,0.0,0.0,0.0,0.0,2002,radio,0.5
2,4,lr1e-04_bs32_modL1_fusion64_fusionL1_drop0p1_trmiss50_trlocradio,32,0.0001,1,64,1,0.1,lr1e-04_bs32_modL1_fusion64_fusionL1_drop0p1_trmiss50_trlocradio,12,0.5068084398905436,0.6928910315036774,0.5581896551724138,0.6802744153620588,0.5555555555555556,0.0,0.0,0.0,0.0,0.0,0.0,0.0,0.0,0.0,2002,radio,0.5
2,4,lr1e-04_bs32_modL1_fusion64_fusionL1_drop0p1_trmiss50_trlocradio,32,0.0001,1,64,1,0.1,lr1e-04_bs32_modL1_fusion64_fusionL1_drop0p1_trmiss50_trlocradio,13,0.4877599577109019,0.6932746767997742,0.5625000000000001,0.6801914613366853,0.5777777777777777,0.0,0.0,0.0,0.0,0.0,0.0,0.0,0.0,0.0,2002,radio,0.5
2,4,lr1e-04_bs32_modL1_fusion64_fusionL1_drop0p1_trmiss50_trlocradio,32,0.0001,1,64,1,0.1,lr1e-04_bs32_modL1_fusion64_fusionL1_drop0p1_trmiss50_trlocradio,14,0.4950532664855321,0.6964804232120514,0.5625,0.6650865219912505,0.5555555555555556,0.0,0.0,0.0,0.0,0.0,0.0,0.0,0.0,0.0,2002,radio,0.5
2,4,lr1e-04_bs32_modL1_fusion64_fusionL1_drop0p1_trmiss50_trlocradio,32,0.0001,1,64,1,0.1,lr1e-04_bs32_modL1_fusion64_fusionL1_drop0p1_trmiss50_trlocradio,15,0.48239987591902417,0.6943929195404053,0.5625,0.6811771203600596,0.5555555555555556,0.0,0.0,0.0,0.0,0.0,0.0,0.0,0.0,0.0,2002,radio,0.5
2,4,lr1e-04_bs32_modL1_fusion64_fusionL1_drop0p1_trmiss50_trlocradio,32,0.0001,1,64,1,0.1,lr1e-04_bs32_modL1_fusion64_fusionL1_drop0p1_trmiss50_trlocradio,16,0.48455047110716504,0.6949242949485779,0.5517241379310345,0.6573902500511766,0.5555555555555556,0.0,0.0,0.0,0.0,0.0,0.0,0.0,0.0,0.0,2002,radio,0.5
2,4,lr1e-04_bs32_modL1_fusion64_fusionL1_drop0p1_trmiss50_trlocradio,32,0.0001,1,64,1,0.1,lr1e-04_bs32_modL1_fusion64_fusionL1_drop0p1_trmiss50_trlocradio,17,0.45697841544946033,0.696916252374649,0.543103448275862,0.6521882459584969,0.5555555555555556,0.0,0.0,0.0,0.0,0.0,0.0,0.0,0.0,0.0,2002,radio,0.5
2,4,lr1e-04_bs32_modL1_fusion64_fusionL1_drop0p1_trmiss50_trlocradio,32,0.0001,1,64,1,0.1,lr1e-04_bs32_modL1_fusion64_fusionL1_drop0p1_trmiss50_trlocradio,18,0.4706615259250005,0.694657564163208,0.5560344827586207,0.6602659107980015,0.6,0.0,0.0,0.0,0.0,0.0,0.0,0.0,0.0,0.0,2002,radio,0.5
2,4,lr1e-04_bs32_modL1_fusion64_fusionL1_drop0p1_trmiss50_trlocradio,32,0.0001,1,64,1,0.1,lr1e-04_bs32_modL1_fusion64_fusionL1_drop0p1_trmiss50_trlocradio,19,0.4641016473372777,0.694780170917511,0.5452586206896552,0.6501442184091178,0.6,0.0,0.0,0.0,0.0,0.0,0.0,0.0,0.0,0.0,2002,radio,0.5
2,4,lr1e-04_bs32_modL1_fusion64_fusionL1_drop0p1_trmiss50_trlocradio,32,0.0001,1,64,1,0.1,lr1e-04_bs32_modL1_fusion64_fusionL1_drop0p1_trmiss50_trlocradio,20,0.46152225136756897,0.6957640051841736,0.5495689655172413,0.6578813327241558,0.6444444444444445,0.0,0.0,0.0,0.0,0.0,0.0,0.0,0.0,0.0,2002,radio,0.5
2,4,lr1e-04_bs32_modL1_fusion64_fusionL1_drop0p1_trmiss50_trlocradio,32,0.0001,1,64,1,0.1,lr1e-04_bs32_modL1_fusion64_fusionL1_drop0p1_trmiss50_trlocradio,21,0.4624640494585037,0.6976988017559052,0.5538793103448276,0.6544819483953153,0.6222222222222222,0.0,0.0,0.0,0.0,0.0,0.0,0.0,0.0,0.0,2002,radio,0.5
2,4,lr1e-04_bs32_modL1_fusion64_fusionL1_drop0p1_trmiss50_trlocradio,32,0.0001,1,64,1,0.1,lr1e-04_bs32_modL1_fusion64_fusionL1_drop0p1_trmiss50_trlocradio,22,0.4509593000014623,0.6959821283817291,0.5560344827586207,0.6551667871516702,0.6,0.0,0.0,0.0,0.0,0.0,0.0,0.0,0.0,0.0,2002,radio,0.5
2,4,lr1e-04_bs32_modL1_fusion64_fusionL1_drop0p1_trmiss50_trlocradio,32,0.0001,1,64,1,0.1,lr1e-04_bs32_modL1_fusion64_fusionL1_drop0p1_trmiss50_trlocradio,23,0.44962642590204877,0.6981042623519897,0.5474137931034483,0.6592411367587562,0.5777777777777777,0.0,0.0,0.0,0.0,0.0,0.0,0.0,0.0,0.0,2002,radio,0.5
2,4,lr1e-04_bs32_modL1_fusion64_fusionL1_drop0p1_trmiss50_trlocradio,32,0.0001,1,64,1,0.1,lr1e-04_bs32_modL1_fusion64_fusionL1_drop0p1_trmiss50_trlocradio,24,0.4573094993829727,0.6984532475471497,0.5474137931034482,0.6570488985070787,0.6,0.0,0.0,0.0,0.0,0.0,0.0,0.0,0.0,0.0,2002,radio,0.5
2,4,lr1e-04_bs32_modL1_fusion64_fusionL1_drop0p1_trmiss50_trlocradio,32,0.0001,1,64,1,0.1,lr1e-04_bs32_modL1_fusion64_fusionL1_drop0p1_trmiss50_trlocradio,25,0.45275742808977765,0.6974352598190308,0.5517241379310345,0.6612690613732862,0.6,0.0,0.0,0.0,0.0,0.0,0.0,0.0,0.0,0.0,2002,radio,0.5
2,4,lr1e-04_bs32_modL1_fusion64_fusionL1_drop0p1_trmiss50_trlocradio,32,0.0001,1,64,1,0.1,lr1e-04_bs32_modL1_fusion64_fusionL1_drop0p1_trmiss50_trlocradio,26,0.44168002903461456,0.6986343562602997,0.5495689655172413,0.6582139012781401,0.6,0.0,0.0,0.0,0.0,0.0,0.0,0.0,0.0,0.0,2002,radio,0.5
2,4,lr1e-04_bs32_modL1_fusion64_fusionL1_drop0p1_trmiss50_trlocradio,32,0.0001,1,64,1,0.1,lr1e-04_bs32_modL1_fusion64_fusionL1_drop0p1_trmiss50_trlocradio,27,0.44407522678375244,0.7013280689716339,0.5387931034482758,0.6537883335427236,0.5555555555555556,0.0,0.0,0.0,0.0,0.0,0.0,0.0,0.0,0.0,2002,radio,0.5
2,4,lr1e-04_bs32_modL1_fusion64_fusionL1_drop0p1_trmiss50_trlocradio,32,0.0001,1,64,1,0.1,lr1e-04_bs32_modL1_fusion64_fusionL1_drop0p1_trmiss50_trlocradio,28,0.4436345448096593,0.7008008360862732,0.5344827586206896,0.6511253203640703,0.6222222222222222,0.0,0.0,0.0,0.0,0.0,0.0,0.0,0.0,0.0,2002,radio,0.5
2,4,lr1e-04_bs32_modL1_fusion64_fusionL1_drop0p1_trmiss50_trlocradio,32,0.0001,1,64,1,0.1,lr1e-04_bs32_modL1_fusion64_fusionL1_drop0p1_trmiss50_trlocradio,29,0.4508662174145381,0.7008078694343567,0.5431034482758621,0.6561787754181504,0.6,0.0,0.0,0.0,0.0,0.0,0.0,0.0,0.0,0.0,2002,radio,0.5
2,4,lr1e-04_bs32_modL1_fusion64_fusionL1_drop0p1_trmiss50_trlocradio,32,0.0001,1,64,1,0.1,lr1e-04_bs32_modL1_fusion64_fusionL1_drop0p1_trmiss50_trlocradio,30,0.43256798883279163,0.7012487947940826,0.5431034482758621,0.6588309530072497,0.6,0.0,0.0,0.0,0.0,0.0,0.0,0.0,0.0,0.0,2002,radio,0.5
2,4,lr1e-04_bs32_modL1_fusion64_fusionL1_drop0p1_trmiss50_trlocradio,32,0.0001,1,64,1,0.1,lr1e-04_bs32_modL1_fusion64_fusionL1_drop0p1_trmiss50_trlocradio,31,0.4350370019674301,0.6984164714813232,0.540948275862069,0.6559427291311842,0.6222222222222222,0.0,0.0,0.0,0.0,0.0,0.0,0.0,0.0,0.0,2002,radio,0.5
2,4,lr1e-04_bs32_modL1_fusion64_fusionL1_drop0p1_trmiss50_trlocradio,32,0.0001,1,64,1,0.1,lr1e-04_bs32_modL1_fusion64_fusionL1_drop0p1_trmiss50_trlocradio,32,0.43480096757411957,0.7004157304763794,0.5452586206896551,0.6578344575201903,0.6222222222222222,0.0,0.0,0.0,0.0,0.0,0.0,0.0,0.0,0.0,2002,radio,0.5
2,4,lr1e-04_bs32_modL1_fusion64_fusionL1_drop0p1_trmiss50_trlocradio,32,0.0001,1,64,1,0.1,lr1e-04_bs32_modL1_fusion64_fusionL1_drop0p1_trmiss50_trlocradio,33,0.4417710502942403,0.6987902820110321,0.5431034482758621,0.6563788863687684,0.6,0.0,0.0,0.0,0.0,0.0,0.0,0.0,0.0,0.0,2002,radio,0.5
2,5,lr5e-05_bs16_modL1_fusion32_fusionL1_drop0p2_trmiss50_trlocradio,16,5e-05,1,32,1,0.2,lr5e-05_bs16_modL1_fusion32_fusionL1_drop0p2_trmiss50_trlocradio,1,0.7311332921187083,0.70669953028361,0.5818965517241379,0.7475010749599522,0.4444444444444444,0.0,0.0,0.0,0.0,0.0,0.0,0.0,0.0,0.0,2002,radio,0.5
2,5,lr5e-05_bs16_modL1_fusion32_fusionL1_drop0p2_trmiss50_trlocradio,16,5e-05,1,32,1,0.2,lr5e-05_bs16_modL1_fusion32_fusionL1_drop0p2_trmiss50_trlocradio,2,0.7169062793254852,0.7081402142842611,0.6228448275862069,0.780622455772186,0.4666666666666667,0.0,0.0,0.0,0.0,0.0,0.0,0.0,0.0,0.0,2002,radio,0.5
2,5,lr5e-05_bs16_modL1_fusion32_fusionL1_drop0p2_trmiss50_trlocradio,16,5e-05,1,32,1,0.2,lr5e-05_bs16_modL1_fusion32_fusionL1_drop0p2_trmiss50_trlocradio,3,0.6883953313032786,0.7134870489438375,0.5948275862068966,0.7853949323788931,0.5333333333333333,0.0,0.0,0.0,0.0,0.0,0.0,0.0,0.0,0.0,2002,radio,0.5
2,5,lr5e-05_bs16_modL1_fusion32_fusionL1_drop0p2_trmiss50_trlocradio,16,5e-05,1,32,1,0.2,lr5e-05_bs16_modL1_fusion32_fusionL1_drop0p2_trmiss50_trlocradio,4,0.6701745887597402,0.7122657696406046,0.625,0.7830318041994656,0.4888888888888889,0.0,0.0,0.0,0.0,0.0,0.0,0.0,0.0,0.0,2002,radio,0.5
2,5,lr5e-05_bs16_modL1_fusion32_fusionL1_drop0p2_trmiss50_trlocradio,16,5e-05,1,32,1,0.2,lr5e-05_bs16_modL1_fusion32_fusionL1_drop0p2_trmiss50_trlocradio,5,0.6824986239274343,0.7228590846061707,0.6012931034482759,0.7385457489962668,0.4666666666666667,0.0,0.0,0.0,0.0,0.0,0.0,0.0,0.0,0.0,2002,radio,0.5
2,5,lr5e-05_bs16_modL1_fusion32_fusionL1_drop0p2_trmiss50_trlocradio,16,5e-05,1,32,1,0.2,lr5e-05_bs16_modL1_fusion32_fusionL1_drop0p2_trmiss50_trlocradio,6,0.6563175320625305,0.7136462926864624,0.6185344827586208,0.7669012037203137,0.5111111111111111,0.0,0.0,0.0,0.0,0.0,0.0,0.0,0.0,0.0,2002,radio,0.5
2,5,lr5e-05_bs16_modL1_fusion32_fusionL1_drop0p2_trmiss50_trlocradio,16,5e-05,1,32,1,0.2,lr5e-05_bs16_modL1_fusion32_fusionL1_drop0p2_trmiss50_trlocradio,7,0.6493621071179708,0.7083175182342529,0.6271551724137931,0.7465158819040416,0.5777777777777777,0.0,0.0,0.0,0.0,0.0,0.0,0.0,0.0,0.0,2002,radio,0.5
2,5,lr5e-05_bs16_modL1_fusion32_fusionL1_drop0p2_trmiss50_trlocradio,16,5e-05,1,32,1,0.2,lr5e-05_bs16_modL1_fusion32_fusionL1_drop0p2_trmiss50_trlocradio,8,0.640519767999649,0.7123422225316366,0.6185344827586208,0.7367016340560009,0.5111111111111111,0.0,0.0,0.0,0.0,0.0,0.0,0.0,0.0,0.0,2002,radio,0.5
2,5,lr5e-05_bs16_modL1_fusion32_fusionL1_drop0p2_trmiss50_trlocradio,16,5e-05,1,32,1,0.2,lr5e-05_bs16_modL1_fusion32_fusionL1_drop0p2_trmiss50_trlocradio,9,0.6470487962166468,0.705061654249827,0.6142241379310345,0.738807701313142,0.5333333333333333,0.0,0.0,0.0,0.0,0.0,0.0,0.0,0.0,0.0,2002,radio,0.5
2,5,lr5e-05_bs16_modL1_fusion32_fusionL1_drop0p2_trmiss50_trlocradio,16,5e-05,1,32,1,0.2,lr5e-05_bs16_modL1_fusion32_fusionL1_drop0p2_trmiss50_trlocradio,10,0.6292553544044495,0.6981332103411356,0.6357758620689655,0.7523232814934215,0.6222222222222222,0.0,0.0,0.0,0.0,0.0,0.0,0.0,0.0,0.0,2002,radio,0.5
2,5,lr5e-05_bs16_modL1_fusion32_fusionL1_drop0p2_trmiss50_trlocradio,16,5e-05,1,32,1,0.2,lr5e-05_bs16_modL1_fusion32_fusionL1_drop0p2_trmiss50_trlocradio,11,0.6147329260905584,0.6967429518699646,0.646551724137931,0.7532920554348279,0.5555555555555556,0.0,0.0,0.0,0.0,0.0,0.0,0.0,0.0,0.0,2002,radio,0.5
2,5,lr5e-05_bs16_modL1_fusion32_fusionL1_drop0p2_trmiss50_trlocradio,16,5e-05,1,32,1,0.2,lr5e-05_bs16_modL1_fusion32_fusionL1_drop0p2_trmiss50_trlocradio,12,0.6325379386544228,0.702424426873525,0.6357758620689655,0.7402504226984479,0.5111111111111111,0.0,0.0,0.0,0.0,0.0,0.0,0.0,0.0,0.0,2002,radio,0.5
2,5,lr5e-05_bs16_modL1_fusion32_fusionL1_drop0p2_trmiss50_trlocradio,16,5e-05,1,32,1,0.2,lr5e-05_bs16_modL1_fusion32_fusionL1_drop0p2_trmiss50_trlocradio,13,0.6161917001008987,0.7011045416196188,0.6293103448275862,0.7303290667293441,0.5333333333333333,0.0,0.0,0.0,0.0,0.0,0.0,0.0,0.0,0.0,2002,radio,0.5
2,5,lr5e-05_bs16_modL1_fusion32_fusionL1_drop0p2_trmiss50_trlocradio,16,5e-05,1,32,1,0.2,lr5e-05_bs16_modL1_fusion32_fusionL1_drop0p2_trmiss50_trlocradio,14,0.6447074164946874,0.701894481976827,0.6551724137931034,0.7526214509054046,0.5333333333333333,0.0,0.0,0.0,0.0,0.0,0.0,0.0,0.0,0.0,2002,radio,0.5
2,5,lr5e-05_bs16_modL1_fusion32_fusionL1_drop0p2_trmiss50_trlocradio,16,5e-05,1,32,1,0.2,lr5e-05_bs16_modL1_fusion32_fusionL1_drop0p2_trmiss50_trlocradio,15,0.5883887757857641,0.6958184242248535,0.6551724137931035,0.7699040895472509,0.5111111111111111,0.0,0.0,0.0,0.0,0.0,0.0,0.0,0.0,0.0,2002,radio,0.5
2,5,lr5e-05_bs16_modL1_fusion32_fusionL1_drop0p2_trmiss50_trlocradio,16,5e-05,1,32,1,0.2,lr5e-05_bs16_modL1_fusion32_fusionL1_drop0p2_trmiss50_trlocradio,16,0.6092866708834966,0.6915407180786133,0.6637931034482758,0.7562522243268406,0.5555555555555556,0.0,0.0,0.0,0.0,0.0,0.0,0.0,0.0,0.0,2002,radio,0.5
2,5,lr5e-05_bs16_modL1_fusion32_fusionL1_drop0p2_trmiss50_trlocradio,16,5e-05,1,32,1,0.2,lr5e-05_bs16_modL1_fusion32_fusionL1_drop0p2_trmiss50_trlocradio,17,0.5846196686228117,0.6914381583531698,0.6573275862068966,0.7653498517850856,0.5555555555555556,0.0,0.0,0.0,0.0,0.0,0.0,0.0,0.0,0.0,2002,radio,0.5
2,5,lr5e-05_bs16_modL1_fusion32_fusionL1_drop0p2_trmiss50_trlocradio,16,5e-05,1,32,1,0.2,lr5e-05_bs16_modL1_fusion32_fusionL1_drop0p2_trmiss50_trlocradio,18,0.6001729915539423,0.6960275967915853,0.6573275862068966,0.7626488434657095,0.5333333333333333,0.0,0.0,0.0,0.0,0.0,0.0,0.0,0.0,0.0,2002,radio,0.5
2,5,lr5e-05_bs16_modL1_fusion32_fusionL1_drop0p2_trmiss50_trlocradio,16,5e-05,1,32,1,0.2,lr5e-05_bs16_modL1_fusion32_fusionL1_drop0p2_trmiss50_trlocradio,19,0.5907971759637197,0.6939807931582133,0.6530172413793103,0.7453918843764673,0.5777777777777777,0.0,0.0,0.0,0.0,0.0,0.0,0.0,0.0,0.0,2002,radio,0.5
2,5,lr5e-05_bs16_modL1_fusion32_fusionL1_drop0p2_trmiss50_trlocradio,16,5e-05,1,32,1,0.2,lr5e-05_bs16_modL1_fusion32_fusionL1_drop0p2_trmiss50_trlocradio,20,0.5602807452281316,0.6892923514048258,0.6443965517241379,0.7593212535532856,0.5777777777777777,0.0,0.0,0.0,0.0,0.0,0.0,0.0,0.0,0.0,2002,radio,0.5
2,5,lr5e-05_bs16_modL1_fusion32_fusionL1_drop0p2_trmiss50_trlocradio,16,5e-05,1,32,1,0.2,lr5e-05_bs16_modL1_fusion32_fusionL1_drop0p2_trmiss50_trlocradio,21,0.5705499003330866,0.6889353195826212,0.665948275862069,0.7679794749370501,0.5777777777777777,0.0,0.0,0.0,0.0,0.0,0.0,0.0,0.0,0.0,2002,radio,0.5
2,5,lr5e-05_bs16_modL1_fusion32_fusionL1_drop0p2_trmiss50_trlocradio,16,5e-05,1,32,1,0.2,lr5e-05_bs16_modL1_fusion32_fusionL1_drop0p2_trmiss50_trlocradio,22,0.5598092600703239,0.6957931319872538,0.6508620689655172,0.7694112198688482,0.5333333333333333,0.0,0.0,0.0,0.0,0.0,0.0,0.0,0.0,0.0,2002,radio,0.5
2,5,lr5e-05_bs16_modL1_fusion32_fusionL1_drop0p2_trmiss50_trlocradio,16,5e-05,1,32,1,0.2,lr5e-05_bs16_modL1_fusion32_fusionL1_drop0p2_trmiss50_trlocradio,23,0.5624562700589498,0.6931707461675009,0.6400862068965517,0.766856817350326,0.5555555555555556,0.0,0.0,0.0,0.0,0.0,0.0,0.0,0.0,0.0,2002,radio,0.5
2,5,lr5e-05_bs16_modL1_fusion32_fusionL1_drop0p2_trmiss50_trlocradio,16,5e-05,1,32,1,0.2,lr5e-05_bs16_modL1_fusion32_fusionL1_drop0p2_trmiss50_trlocradio,24,0.5673163533210754,0.6858951052029928,0.6508620689655172,0.7637294584018188,0.5777777777777777,0.0,0.0,0.0,0.0,0.0,0.0,0.0,0.0,0.0,2002,radio,0.5
2,5,lr5e-05_bs16_modL1_fusion32_fusionL1_drop0p2_trmiss50_trlocradio,16,5e-05,1,32,1,0.2,lr5e-05_bs16_modL1_fusion32_fusionL1_drop0p2_trmiss50_trlocradio,25,0.5521035591761271,0.6958498954772949,0.6400862068965517,0.7647294268349868,0.5555555555555556,0.0,0.0,0.0,0.0,0.0,0.0,0.0,0.0,0.0,2002,radio,0.5
2,5,lr5e-05_bs16_modL1_fusion32_fusionL1_drop0p2_trmiss50_trlocradio,16,5e-05,1,32,1,0.2,lr5e-05_bs16_modL1_fusion32_fusionL1_drop0p2_trmiss50_trlocradio,26,0.5853535110751787,0.6967017451922098,0.6314655172413793,0.7475632953124096,0.5555555555555556,0.0,0.0,0.0,0.0,0.0,0.0,0.0,0.0,0.0,2002,radio,0.5
2,5,lr5e-05_bs16_modL1_fusion32_fusionL1_drop0p2_trmiss50_trlocradio,16,5e-05,1,32,1,0.2,lr5e-05_bs16_modL1_fusion32_fusionL1_drop0p2_trmiss50_trlocradio,27,0.5396918132901192,0.7007831732432047,0.6357758620689655,0.7485593319671509,0.5333333333333333,0.0,0.0,0.0,0.0,0.0,0.0,0.0,0.0,0.0,2002,radio,0.5
2,5,lr5e-05_bs16_modL1_fusion32_fusionL1_drop0p2_trmiss50_trlocradio,16,5e-05,1,32,1,0.2,lr5e-05_bs16_modL1_fusion32_fusionL1_drop0p2_trmiss50_trlocradio,28,0.5341424147288004,0.692628006140391,0.6443965517241379,0.7406612258782905,0.5555555555555556,0.0,0.0,0.0,0.0,0.0,0.0,0.0,0.0,0.0,2002,radio,0.5
2,5,lr5e-05_bs16_modL1_fusion32_fusionL1_drop0p2_trmiss50_trlocradio,16,5e-05,1,32,1,0.2,lr5e-05_bs16_modL1_fusion32_fusionL1_drop0p2_trmiss50_trlocradio,29,0.5475065782666206,0.6852300961812338,0.6336206896551725,0.7396704758176053,0.5777777777777777,0.0,0.0,0.0,0.0,0.0,0.0,0.0,0.0,0.0,2002,radio,0.5
2,5,lr5e-05_bs16_modL1_fusion32_fusionL1_drop0p2_trmiss50_trlocradio,16,5e-05,1,32,1,0.2,lr5e-05_bs16_modL1_fusion32_fusionL1_drop0p2_trmiss50_trlocradio,30,0.5310268476605415,0.6745168964068095,0.6487068965517242,0.7673595394013438,0.5777777777777777,0.0,0.0,0.0,0.0,0.0,0.0,0.0,0.0,0.0,2002,radio,0.5
2,5,lr5e-05_bs16_modL1_fusion32_fusionL1_drop0p2_trmiss50_trlocradio,16,5e-05,1,32,1,0.2,lr5e-05_bs16_modL1_fusion32_fusionL1_drop0p2_trmiss50_trlocradio,31,0.5545455093185107,0.6743847727775574,0.6443965517241379,0.7544412997805732,0.6,0.0,0.0,0.0,0.0,0.0,0.0,0.0,0.0,0.0,2002,radio,0.5
2,5,lr5e-05_bs16_modL1_fusion32_fusionL1_drop0p2_trmiss50_trlocradio,16,5e-05,1,32,1,0.2,lr5e-05_bs16_modL1_fusion32_fusionL1_drop0p2_trmiss50_trlocradio,32,0.5558968931436539,0.6925301551818848,0.6293103448275862,0.7473255224111035,0.5777777777777777,0.0,0.0,0.0,0.0,0.0,0.0,0.0,0.0,0.0,2002,radio,0.5
2,5,lr5e-05_bs16_modL1_fusion32_fusionL1_drop0p2_trmiss50_trlocradio,16,5e-05,1,32,1,0.2,lr5e-05_bs16_modL1_fusion32_fusionL1_drop0p2_trmiss50_trlocradio,33,0.5358173872033755,0.6967698335647583,0.6336206896551724,0.7539077163371641,0.5777777777777777,0.0,0.0,0.0,0.0,0.0,0.0,0.0,0.0,0.0,2002,radio,0.5
2,5,lr5e-05_bs16_modL1_fusion32_fusionL1_drop0p2_trmiss50_trlocradio,16,5e-05,1,32,1,0.2,lr5e-05_bs16_modL1_fusion32_fusionL1_drop0p2_trmiss50_trlocradio,34,0.5538380468885103,0.6902403831481934,0.6508620689655172,0.763370566500806,0.5777777777777777,0.0,0.0,0.0,0.0,0.0,0.0,0.0,0.0,0.0,2002,radio,0.5
2,5,lr5e-05_bs16_modL1_fusion32_fusionL1_drop0p2_trmiss50_trlocradio,16,5e-05,1,32,1,0.2,lr5e-05_bs16_modL1_fusion32_fusionL1_drop0p2_trmiss50_trlocradio,35,0.5566164031624794,0.6855805714925131,0.665948275862069,0.7849497708999248,0.5555555555555556,0.0,0.0,0.0,0.0,0.0,0.0,0.0,0.0,0.0,2002,radio,0.5
2,5,lr5e-05_bs16_modL1_fusion32_fusionL1_drop0p2_trmiss50_trlocradio,16,5e-05,1,32,1,0.2,lr5e-05_bs16_modL1_fusion32_fusionL1_drop0p2_trmiss50_trlocradio,36,0.5252060169974963,0.6773285269737244,0.6530172413793104,0.7650274336631487,0.6,0.0,0.0,0.0,0.0,0.0,0.0,0.0,0.0,0.0,2002,radio,0.5
2,5,lr5e-05_bs16_modL1_fusion32_fusionL1_drop0p2_trmiss50_trlocradio,16,5e-05,1,32,1,0.2,lr5e-05_bs16_modL1_fusion32_fusionL1_drop0p2_trmiss50_trlocradio,37,0.5337075764934222,0.6793118913968405,0.6573275862068966,0.768453145134642,0.6,0.0,0.0,0.0,0.0,0.0,0.0,0.0,0.0,0.0,2002,radio,0.5
2,5,lr5e-05_bs16_modL1_fusion32_fusionL1_drop0p2_trmiss50_trlocradio,16,5e-05,1,32,1,0.2,lr5e-05_bs16_modL1_fusion32_fusionL1_drop0p2_trmiss50_trlocradio,38,0.5294416944185892,0.680717666943868,0.6487068965517242,0.7541436108918487,0.5777777777777777,0.0,0.0,0.0,0.0,0.0,0.0,0.0,0.0,0.0,2002,radio,0.5
2,5,lr5e-05_bs16_modL1_fusion32_fusionL1_drop0p2_trmiss50_trlocradio,16,5e-05,1,32,1,0.2,lr5e-05_bs16_modL1_fusion32_fusionL1_drop0p2_trmiss50_trlocradio,39,0.5252416307727495,0.6774165431658427,0.6767241379310345,0.7671284915405736,0.5777777777777777,0.0,0.0,0.0,0.0,0.0,0.0,0.0,0.0,0.0,2002,radio,0.5
2,5,lr5e-05_bs16_modL1_fusion32_fusionL1_drop0p2_trmiss50_trlocradio,16,5e-05,1,32,1,0.2,lr5e-05_bs16_modL1_fusion32_fusionL1_drop0p2_trmiss50_trlocradio,40,0.49618127445379895,0.6887069741884867,0.6702586206896552,0.7617910389235931,0.5777777777777777,0.0,0.0,0.0,0.0,0.0,0.0,0.0,0.0,0.0,2002,radio,0.5
2,5,lr5e-05_bs16_modL1_fusion32_fusionL1_drop0p2_trmiss50_trlocradio,16,5e-05,1,32,1,0.2,lr5e-05_bs16_modL1_fusion32_fusionL1_drop0p2_trmiss50_trlocradio,41,0.5138272767265638,0.6774404048919678,0.6508620689655172,0.7389244929453079,0.6,0.0,0.0,0.0,0.0,0.0,0.0,0.0,0.0,0.0,2002,radio,0.5
2,5,lr5e-05_bs16_modL1_fusion32_fusionL1_drop0p2_trmiss50_trlocradio,16,5e-05,1,32,1,0.2,lr5e-05_bs16_modL1_fusion32_fusionL1_drop0p2_trmiss50_trlocradio,42,0.5135603323578835,0.6648855010668436,0.6681034482758621,0.7577745738643543,0.6,0.0,0.0,0.0,0.0,0.0,0.0,0.0,0.0,0.0,2002,radio,0.5
2,5,lr5e-05_bs16_modL1_fusion32_fusionL1_drop0p2_trmiss50_trlocradio,16,5e-05,1,32,1,0.2,lr5e-05_bs16_modL1_fusion32_fusionL1_drop0p2_trmiss50_trlocradio,43,0.5341716632246971,0.6869469483693441,0.6702586206896551,0.7647687542238236,0.6,0.0,0.0,0.0,0.0,0.0,0.0,0.0,0.0,0.0,2002,radio,0.5
2,5,lr5e-05_bs16_modL1_fusion32_fusionL1_drop0p2_trmiss50_trlocradio,16,5e-05,1,32,1,0.2,lr5e-05_bs16_modL1_fusion32_fusionL1_drop0p2_trmiss50_trlocradio,44,0.49617016812165576,0.6849003831545512,0.665948275862069,0.775634775914641,0.5777777777777777,0.0,0.0,0.0,0.0,0.0,0.0,0.0,0.0,0.0,2002,radio,0.5
2,5,lr5e-05_bs16_modL1_fusion32_fusionL1_drop0p2_trmiss50_trlocradio,16,5e-05,1,32,1,0.2,lr5e-05_bs16_modL1_fusion32_fusionL1_drop0p2_trmiss50_trlocradio,45,0.512861912449201,0.6810881296793619,0.6508620689655172,0.7542553143473855,0.6,0.0,0.0,0.0,0.0,0.0,0.0,0.0,0.0,0.0,2002,radio,0.5
2,5,lr5e-05_bs16_modL1_fusion32_fusionL1_drop0p2_trmiss50_trlocradio,16,5e-05,1,32,1,0.2,lr5e-05_bs16_modL1_fusion32_fusionL1_drop0p2_trmiss50_trlocradio,46,0.5076452742020289,0.6875329812367758,0.6551724137931034,0.766848327136723,0.6,0.0,0.0,0.0,0.0,0.0,0.0,0.0,0.0,0.0,2002,radio,0.5
2,5,lr5e-05_bs16_modL1_fusion32_fusionL1_drop0p2_trmiss50_trlocradio,16,5e-05,1,32,1,0.2,lr5e-05_bs16_modL1_fusion32_fusionL1_drop0p2_trmiss50_trlocradio,47,0.519486037393411,0.6950921614964803,0.6594827586206897,0.7593328966209656,0.6,0.0,0.0,0.0,0.0,0.0,0.0,0.0,0.0,0.0,2002,radio,0.5
2,5,lr5e-05_bs16_modL1_fusion32_fusionL1_drop0p2_trmiss50_trlocradio,16,5e-05,1,32,1,0.2,lr5e-05_bs16_modL1_fusion32_fusionL1_drop0p2_trmiss50_trlocradio,48,0.5081150680780411,0.6813803116480509,0.6637931034482759,0.7643372333783438,0.5777777777777777,0.0,0.0,0.0,0.0,0.0,0.0,0.0,0.0,0.0,2002,radio,0.5
2,5,lr5e-05_bs16_modL1_fusion32_fusionL1_drop0p2_trmiss50_trlocradio,16,5e-05,1,32,1,0.2,lr5e-05_bs16_modL1_fusion32_fusionL1_drop0p2_trmiss50_trlocradio,49,0.5066791077454885,0.6791529456774393,0.6637931034482758,0.7736327720327497,0.6222222222222222,0.0,0.0,0.0,0.0,0.0,0.0,0.0,0.0,0.0,2002,radio,0.5
2,5,lr5e-05_bs16_modL1_fusion32_fusionL1_drop0p2_trmiss50_trlocradio,16,5e-05,1,32,1,0.2,lr5e-05_bs16_modL1_fusion32_fusionL1_drop0p2_trmiss50_trlocradio,50,0.5026176273822784,0.6820670564969381,0.6422413793103449,0.7445454445580796,0.6,0.0,0.0,0.0,0.0,0.0,0.0,0.0,0.0,0.0,2002,radio,0.5
2,5,lr5e-05_bs16_modL1_fusion32_fusionL1_drop0p2_trmiss50_trlocradio,16,5e-05,1,32,1,0.2,lr5e-05_bs16_modL1_fusion32_fusionL1_drop0p2_trmiss50_trlocradio,51,0.49854276825984317,0.6844290494918823,0.6573275862068966,0.7609701462938989,0.6,0.0,0.0,0.0,0.0,0.0,0.0,0.0,0.0,0.0,2002,radio,0.5
2,5,lr5e-05_bs16_modL1_fusion32_fusionL1_drop0p2_trmiss50_trlocradio,16,5e-05,1,32,1,0.2,lr5e-05_bs16_modL1_fusion32_fusionL1_drop0p2_trmiss50_trlocradio,52,0.5018725668390592,0.6853060722351074,0.6487068965517242,0.7547008560599735,0.6,0.0,0.0,0.0,0.0,0.0,0.0,0.0,0.0,0.0,2002,radio,0.5
2,5,lr5e-05_bs16_modL1_fusion32_fusionL1_drop0p2_trmiss50_trlocradio,16,5e-05,1,32,1,0.2,lr5e-05_bs16_modL1_fusion32_fusionL1_drop0p2_trmiss50_trlocradio,53,0.5015497803688049,0.683724582195282,0.665948275862069,0.7666142242535356,0.6222222222222222,0.0,0.0,0.0,0.0,0.0,0.0,0.0,0.0,0.0,2002,radio,0.5
2,5,lr5e-05_bs16_modL1_fusion32_fusionL1_drop0p2_trmiss50_trlocradio,16,5e-05,1,32,1,0.2,lr5e-05_bs16_modL1_fusion32_fusionL1_drop0p2_trmiss50_trlocradio,54,0.48323122908671695,0.6822759111722311,0.6702586206896551,0.7668443462155206,0.6,0.0,0.0,0.0,0.0,0.0,0.0,0.0,0.0,0.0,2002,radio,0.5
2,5,lr5e-05_bs16_modL1_fusion32_fusionL1_drop0p2_trmiss50_trlocradio,16,5e-05,1,32,1,0.2,lr5e-05_bs16_modL1_fusion32_fusionL1_drop0p2_trmiss50_trlocradio,55,0.502179945508639,0.6799372831980387,0.6616379310344828,0.7564702626209067,0.6,0.0,0.0,0.0,0.0,0.0,0.0,0.0,0.0,0.0,2002,radio,0.5
2,5,lr5e-05_bs16_modL1_fusion32_fusionL1_drop0p2_trmiss50_trlocradio,16,5e-05,1,32,1,0.2,lr5e-05_bs16_modL1_fusion32_fusionL1_drop0p2_trmiss50_trlocradio,56,0.48679617047309875,0.6785399317741394,0.6616379310344827,0.7640364029501125,0.6,0.0,0.0,0.0,0.0,0.0,0.0,0.0,0.0,0.0,2002,radio,0.5
2,5,lr5e-05_bs16_modL1_fusion32_fusionL1_drop0p2_trmiss50_trlocradio,16,5e-05,1,32,1,0.2,lr5e-05_bs16_modL1_fusion32_fusionL1_drop0p2_trmiss50_trlocradio,57,0.49818532665570575,0.6815963983535767,0.6767241379310345,0.7705197632236538,0.6,0.0,0.0,0.0,0.0,0.0,0.0,0.0,0.0,0.0,2002,radio,0.5
2,5,lr5e-05_bs16_modL1_fusion32_fusionL1_drop0p2_trmiss50_trlocradio,16,5e-05,1,32,1,0.2,lr5e-05_bs16_modL1_fusion32_fusionL1_drop0p2_trmiss50_trlocradio,58,0.4917374427119891,0.683182418346405,0.6637931034482759,0.7649695748090717,0.5777777777777777,0.0,0.0,0.0,0.0,0.0,0.0,0.0,0.0,0.0,2002,radio,0.5
2,5,lr5e-05_bs16_modL1_fusion32_fusionL1_drop0p2_trmiss50_trlocradio,16,5e-05,1,32,1,0.2,lr5e-05_bs16_modL1_fusion32_fusionL1_drop0p2_trmiss50_trlocradio,59,0.47370842347542447,0.6738573511441549,0.665948275862069,0.7652714648420416,0.6222222222222222,0.0,0.0,0.0,0.0,0.0,0.0,0.0,0.0,0.0,2002,radio,0.5
2,5,lr5e-05_bs16_modL1_fusion32_fusionL1_drop0p1_trmiss50_trlocradio,16,5e-05,1,32,1,0.1,lr5e-05_bs16_modL1_fusion32_fusionL1_drop0p1_trmiss50_trlocradio,1,0.7356944233179092,0.7018687725067139,0.6206896551724138,0.7265784915753735,0.4666666666666667,0.0,0.0,0.0,0.0,0.0,0.0,0.0,0.0,0.0,2002,radio,0.5
2,5,lr5e-05_bs16_modL1_fusion32_fusionL1_drop0p1_trmiss50_trlocradio,16,5e-05,1,32,1,0.1,lr5e-05_bs16_modL1_fusion32_fusionL1_drop0p1_trmiss50_trlocradio,2,0.7221194555362066,0.7276091774304708,0.5603448275862069,0.7068099075048153,0.4444444444444444,0.0,0.0,0.0,0.0,0.0,0.0,0.0,0.0,0.0,2002,radio,0.5
2,5,lr5e-05_bs16_modL1_fusion32_fusionL1_drop0p1_trmiss50_trlocradio,16,5e-05,1,32,1,0.1,lr5e-05_bs16_modL1_fusion32_fusionL1_drop0p1_trmiss50_trlocradio,3,0.670129711429278,0.7319398919741312,0.5948275862068966,0.7214678300081125,0.4444444444444444,0.0,0.0,0.0,0.0,0.0,0.0,0.0,0.0,0.0,2002,radio,0.5
2,5,lr5e-05_bs16_modL1_fusion32_fusionL1_drop0p1_trmiss50_trlocradio,16,5e-05,1,32,1,0.1,lr5e-05_bs16_modL1_fusion32_fusionL1_drop0p1_trmiss50_trlocradio,4,0.6738166511058807,0.7396477659543356,0.5689655172413793,0.6986747710118415,0.4444444444444444,0.0,0.0,0.0,0.0,0.0,0.0,0.0,0.0,0.0,2002,radio,0.5
2,5,lr5e-05_bs16_modL1_fusion32_fusionL1_drop0p1_trmiss50_trlocradio,16,5e-05,1,32,1,0.1,lr5e-05_bs16_modL1_fusion32_fusionL1_drop0p1_trmiss50_trlocradio,5,0.680166631937027,0.7389282782872518,0.5625,0.7076622792416778,0.4444444444444444,0.0,0.0,0.0,0.0,0.0,0.0,0.0,0.0,0.0,2002,radio,0.5
2,5,lr5e-05_bs16_modL1_fusion32_fusionL1_drop0p1_trmiss50_trlocradio,16,5e-05,1,32,1,0.1,lr5e-05_bs16_modL1_fusion32_fusionL1_drop0p1_trmiss50_trlocradio,6,0.6511863519748052,0.744669775168101,0.5560344827586208,0.6948024754032534,0.37777777777777777,0.0,0.0,0.0,0.0,0.0,0.0,0.0,0.0,0.0,2002,radio,0.5
2,5,lr5e-05_bs16_modL1_fusion32_fusionL1_drop0p1_trmiss50_trlocradio,16,5e-05,1,32,1,0.1,lr5e-05_bs16_modL1_fusion32_fusionL1_drop0p1_trmiss50_trlocradio,7,0.6314324786265691,0.7320441404978434,0.5538793103448276,0.6924746231970238,0.4222222222222222,0.0,0.0,0.0,0.0,0.0,0.0,0.0,0.0,0.0,2002,radio,0.5
2,5,lr5e-05_bs16_modL1_fusion32_fusionL1_drop0p1_trmiss50_trlocradio,16,5e-05,1,32,1,0.1,lr5e-05_bs16_modL1_fusion32_fusionL1_drop0p1_trmiss50_trlocradio,8,0.6203942894935608,0.731160581111908,0.584051724137931,0.6949378169273019,0.4666666666666667,0.0,0.0,0.0,0.0,0.0,0.0,0.0,0.0,0.0,2002,radio,0.5
2,5,lr5e-05_bs16_modL1_fusion32_fusionL1_drop0p1_trmiss50_trlocradio,16,5e-05,1,32,1,0.1,lr5e-05_bs16_modL1_fusion32_fusionL1_drop0p1_trmiss50_trlocradio,9,0.6213958710432053,0.7331816752751669,0.584051724137931,0.6851114396300161,0.4444444444444444,0.0,0.0,0.0,0.0,0.0,0.0,0.0,0.0,0.0,2002,radio,0.5
2,5,lr5e-05_bs16_modL1_fusion32_fusionL1_drop0p1_trmiss50_trlocradio,16,5e-05,1,32,1,0.1,lr5e-05_bs16_modL1_fusion32_fusionL1_drop0p1_trmiss50_trlocradio,10,0.624251718322436,0.7460634112358093,0.5754310344827586,0.6770691734818184,0.37777777777777777,0.0,0.0,0.0,0.0,0.0,0.0,0.0,0.0,0.0,2002,radio,0.5
2,5,lr5e-05_bs16_modL1_fusion32_fusionL1_drop0p1_trmiss50_trlocradio,16,5e-05,1,32,1,0.1,lr5e-05_bs16_modL1_fusion32_fusionL1_drop0p1_trmiss50_trlocradio,11,0.6188383847475052,0.735591193040212,0.5732758620689655,0.6832007858133434,0.4222222222222222,0.0,0.0,0.0,0.0,0.0,0.0,0.0,0.0,0.0,2002,radio,0.5
2,5,lr5e-05_bs16_modL1_fusion32_fusionL1_drop0p1_trmiss50_trlocradio,16,5e-05,1,32,1,0.1,lr5e-05_bs16_modL1_fusion32_fusionL1_drop0p1_trmiss50_trlocradio,12,0.6223490039507548,0.7382429440816244,0.5797413793103449,0.6786346710766749,0.4666666666666667,0.0,0.0,0.0,0.0,0.0,0.0,0.0,0.0,0.0,2002,radio,0.5
2,5,lr5e-05_bs16_modL1_fusion32_fusionL1_drop0p1_trmiss50_trlocradio,16,5e-05,1,32,1,0.1,lr5e-05_bs16_modL1_fusion32_fusionL1_drop0p1_trmiss50_trlocradio,13,0.6132646997769674,0.7450464963912964,0.5646551724137931,0.6709437612395801,0.4444444444444444,0.0,0.0,0.0,0.0,0.0,0.0,0.0,0.0,0.0,2002,radio,0.5
2,5,lr5e-05_bs16_modL1_fusion32_fusionL1_drop0p1_trmiss50_trlocradio,16,5e-05,1,32,1,0.1,lr5e-05_bs16_modL1_fusion32_fusionL1_drop0p1_trmiss50_trlocradio,14,0.6061015625794729,0.740565816561381,0.5732758620689655,0.6681722036515445,0.4888888888888889,0.0,0.0,0.0,0.0,0.0,0.0,0.0,0.0,0.0,2002,radio,0.5
2,5,lr5e-05_bs16_modL1_fusion32_fusionL1_drop0p1_trmiss50_trlocradio,16,5e-05,1,32,1,0.1,lr5e-05_bs16_modL1_fusion32_fusionL1_drop0p1_trmiss50_trlocradio,15,0.5953983465830485,0.7363338867823283,0.5603448275862069,0.663753288590833,0.4888888888888889,0.0,0.0,0.0,0.0,0.0,0.0,0.0,0.0,0.0,2002,radio,0.5
2,5,lr5e-05_bs16_modL1_fusion32_fusionL1_drop0p1_trmiss50_trlocradio,16,5e-05,1,32,1,0.1,lr5e-05_bs16_modL1_fusion32_fusionL1_drop0p1_trmiss50_trlocradio,16,0.5892528593540192,0.7400412559509277,0.5560344827586207,0.6612834314296623,0.4888888888888889,0.0,0.0,0.0,0.0,0.0,0.0,0.0,0.0,0.0,2002,radio,0.5
2,5,lr5e-05_bs16_modL1_fusion32_fusionL1_drop0p1_trmiss50_trlocradio,16,5e-05,1,32,1,0.1,lr5e-05_bs16_modL1_fusion32_fusionL1_drop0p1_trmiss50_trlocradio,17,0.5881981402635574,0.7358243068059286,0.5625,0.665146998883142,0.4888888888888889,0.0,0.0,0.0,0.0,0.0,0.0,0.0,0.0,0.0,2002,radio,0.5
2,5,lr5e-05_bs16_modL1_fusion32_fusionL1_drop0p1_trmiss50_trlocradio,16,5e-05,1,32,1,0.1,lr5e-05_bs16_modL1_fusion32_fusionL1_drop0p1_trmiss50_trlocradio,18,0.5859925597906113,0.7368814547856649,0.5818965517241379,0.6948616890596441,0.4888888888888889,0.0,0.0,0.0,0.0,0.0,0.0,0.0,0.0,0.0,2002,radio,0.5
2,5,lr5e-05_bs16_modL1_fusion32_fusionL1_drop0p1_trmiss50_trlocradio,16,5e-05,1,32,1,0.1,lr5e-05_bs16_modL1_fusion32_fusionL1_drop0p1_trmiss50_trlocradio,19,0.6089911113182703,0.7439946134885153,0.5646551724137931,0.6917428429232864,0.4666666666666667,0.0,0.0,0.0,0.0,0.0,0.0,0.0,0.0,0.0,2002,radio,0.5
2,5,lr5e-05_bs16_modL1_fusion32_fusionL1_drop0p1_trmiss50_trlocradio,16,5e-05,1,32,1,0.1,lr5e-05_bs16_modL1_fusion32_fusionL1_drop0p1_trmiss50_trlocradio,20,0.583675762017568,0.7404013077418009,0.5689655172413793,0.6892386208435402,0.4666666666666667,0.0,0.0,0.0,0.0,0.0,0.0,0.0,0.0,0.0,2002,radio,0.5
2,5,lr5e-05_bs16_modL1_fusion32_fusionL1_drop0p1_trmiss50_trlocradio,16,5e-05,1,32,1,0.1,lr5e-05_bs16_modL1_fusion32_fusionL1_drop0p1_trmiss50_trlocradio,21,0.5771930366754532,0.7334460020065308,0.5732758620689655,0.702980053274869,0.4666666666666667,0.0,0.0,0.0,0.0,0.0,0.0,0.0,0.0,0.0,2002,radio,0.5
2,5,lr5e-05_bs16_modL1_fusion32_fusionL1_drop0p1_trmiss50_trlocradio,16,5e-05,1,32,1,0.1,lr5e-05_bs16_modL1_fusion32_fusionL1_drop0p1_trmiss50_trlocradio,22,0.567548394203186,0.737943967183431,0.5732758620689655,0.6914006766045933,0.4888888888888889,0.0,0.0,0.0,0.0,0.0,0.0,0.0,0.0,0.0,2002,radio,0.5
2,5,lr5e-05_bs16_modL1_fusion32_fusionL1_drop0p1_trmiss50_trlocradio,16,5e-05,1,32,1,0.1,lr5e-05_bs16_modL1_fusion32_fusionL1_drop0p1_trmiss50_trlocradio,23,0.5793212552865347,0.7334000865618387,0.5689655172413793,0.6874191948374978,0.4666666666666667,0.0,0.0,0.0,0.0,0.0,0.0,0.0,0.0,0.0,2002,radio,0.5
2,5,lr5e-05_bs16_modL1_fusion32_fusionL1_drop0p1_trmiss50_trlocradio,16,5e-05,1,32,1,0.1,lr5e-05_bs16_modL1_fusion32_fusionL1_drop0p1_trmiss50_trlocradio,24,0.5740077495574951,0.7309335072835287,0.5711206896551724,0.6685400612353362,0.4666666666666667,0.0,0.0,0.0,0.0,0.0,0.0,0.0,0.0,0.0,2002,radio,0.5
2,5,lr5e-05_bs16_modL1_fusion32_fusionL1_drop0p1_trmiss50_trlocradio,16,5e-05,1,32,1,0.1,lr5e-05_bs16_modL1_fusion32_fusionL1_drop0p1_trmiss50_trlocradio,25,0.5734061424930891,0.7355379859606425,0.5711206896551724,0.6796149070433076,0.4666666666666667,0.0,0.0,0.0,0.0,0.0,0.0,0.0,0.0,0.0,2002,radio,0.5
2,5,lr5e-05_bs16_modL1_fusion32_fusionL1_drop0p1_trmiss50_trlocradio,16,5e-05,1,32,1,0.1,lr5e-05_bs16_modL1_fusion32_fusionL1_drop0p1_trmiss50_trlocradio,26,0.5861118212342262,0.7302283644676208,0.5732758620689655,0.6901033539147721,0.4666666666666667,0.0,0.0,0.0,0.0,0.0,0.0,0.0,0.0,0.0,2002,radio,0.5
2,5,lr5e-05_bs16_modL1_fusion32_fusionL1_drop0p1_trmiss50_trlocradio,16,5e-05,1,32,1,0.1,lr5e-05_bs16_modL1_fusion32_fusionL1_drop0p1_trmiss50_trlocradio,27,0.5601370433966318,0.7443116704622904,0.5668103448275863,0.6898156293467117,0.4666666666666667,0.0,0.0,0.0,0.0,0.0,0.0,0.0,0.0,0.0,2002,radio,0.5
2,5,lr5e-05_bs16_modL1_fusion32_fusionL1_drop0p1_trmiss50_trlocradio,16,5e-05,1,32,1,0.1,lr5e-05_bs16_modL1_fusion32_fusionL1_drop0p1_trmiss50_trlocradio,28,0.5822287003199259,0.7413071791330973,0.5732758620689655,0.7197861273486618,0.4666666666666667,0.0,0.0,0.0,0.0,0.0,0.0,0.0,0.0,0.0,2002,radio,0.5
2,5,lr5e-05_bs16_modL1_fusion64_fusionL1_drop0p2_trmiss50_trlocradio,16,5e-05,1,64,1,0.2,lr5e-05_bs16_modL1_fusion64_fusionL1_drop0p2_trmiss50_trlocradio,1,0.8180233364303907,0.7364066243171692,0.5603448275862069,0.679419262842015,0.35555555555555557,0.0,0.0,0.0,0.0,0.0,0.0,0.0,0.0,0.0,2002,radio,0.5
2,5,lr5e-05_bs16_modL1_fusion64_fusionL1_drop0p2_trmiss50_trlocradio,16,5e-05,1,64,1,0.2,lr5e-05_bs16_modL1_fusion64_fusionL1_drop0p2_trmiss50_trlocradio,2,0.8124546309312185,0.7761773467063904,0.5387931034482758,0.6634095845593572,0.35555555555555557,0.0,0.0,0.0,0.0,0.0,0.0,0.0,0.0,0.0,2002,radio,0.5
2,5,lr5e-05_bs16_modL1_fusion64_fusionL1_drop0p2_trmiss50_trlocradio,16,5e-05,1,64,1,0.2,lr5e-05_bs16_modL1_fusion64_fusionL1_drop0p2_trmiss50_trlocradio,3,0.7931386381387711,0.7984983126322428,0.5603448275862069,0.6807924077953981,0.35555555555555557,0.0,0.0,0.0,0.0,0.0,0.0,0.0,0.0,0.0,2002,radio,0.5
2,5,lr5e-05_bs16_modL1_fusion64_fusionL1_drop0p2_trmiss50_trlocradio,16,5e-05,1,64,1,0.2,lr5e-05_bs16_modL1_fusion64_fusionL1_drop0p2_trmiss50_trlocradio,4,0.7880638738473257,0.8034139275550842,0.5474137931034483,0.6774786498013414,0.4,0.0,0.0,0.0,0.0,0.0,0.0,0.0,0.0,0.0,2002,radio,0.5
2,5,lr5e-05_bs16_modL1_fusion64_fusionL1_drop0p2_trmiss50_trlocradio,16,5e-05,1,64,1,0.2,lr5e-05_bs16_modL1_fusion64_fusionL1_drop0p2_trmiss50_trlocradio,5,0.7425847401221594,0.8083765308062235,0.5301724137931034,0.6646114973020218,0.4,0.0,0.0,0.0,0.0,0.0,0.0,0.0,0.0,0.0,2002,radio,0.5
2,5,lr5e-05_bs16_modL1_fusion64_fusionL1_drop0p2_trmiss50_trlocradio,16,5e-05,1,64,1,0.2,lr5e-05_bs16_modL1_fusion64_fusionL1_drop0p2_trmiss50_trlocradio,6,0.7235689163208008,0.798682689666748,0.5387931034482758,0.6801712129787416,0.4,0.0,0.0,0.0,0.0,0.0,0.0,0.0,0.0,0.0,2002,radio,0.5
2,5,lr5e-05_bs16_modL1_fusion64_fusionL1_drop0p2_trmiss50_trlocradio,16,5e-05,1,64,1,0.2,lr5e-05_bs16_modL1_fusion64_fusionL1_drop0p2_trmiss50_trlocradio,7,0.7399002959330877,0.7894925872484843,0.5711206896551725,0.6974716505487939,0.4,0.0,0.0,0.0,0.0,0.0,0.0,0.0,0.0,0.0,2002,radio,0.5
2,5,lr5e-05_bs16_modL1_fusion64_fusionL1_drop0p2_trmiss50_trlocradio,16,5e-05,1,64,1,0.2,lr5e-05_bs16_modL1_fusion64_fusionL1_drop0p2_trmiss50_trlocradio,8,0.7196212212244669,0.7957758704821268,0.5625,0.6729328310944962,0.4,0.0,0.0,0.0,0.0,0.0,0.0,0.0,0.0,0.0,2002,radio,0.5
2,5,lr5e-05_bs16_modL1_fusion64_fusionL1_drop0p2_trmiss50_trlocradio,16,5e-05,1,64,1,0.2,lr5e-05_bs16_modL1_fusion64_fusionL1_drop0p2_trmiss50_trlocradio,9,0.6859877556562424,0.7832269469896952,0.5797413793103448,0.7020616220194211,0.4,0.0,0.0,0.0,0.0,0.0,0.0,0.0,0.0,0.0,2002,radio,0.5
2,5,lr5e-05_bs16_modL1_fusion64_fusionL1_drop0p2_trmiss50_trlocradio,16,5e-05,1,64,1,0.2,lr5e-05_bs16_modL1_fusion64_fusionL1_drop0p2_trmiss50_trlocradio,10,0.6846585894624392,0.7932256857554117,0.5668103448275862,0.6935260979987917,0.37777777777777777,0.0,0.0,0.0,0.0,0.0,0.0,0.0,0.0,0.0,2002,radio,0.5
2,5,lr5e-05_bs16_modL1_fusion64_fusionL1_drop0p2_trmiss50_trlocradio,16,5e-05,1,64,1,0.2,lr5e-05_bs16_modL1_fusion64_fusionL1_drop0p2_trmiss50_trlocradio,11,0.699068491657575,0.7972962260246277,0.5905172413793104,0.7140219144348912,0.37777777777777777,0.0,0.0,0.0,0.0,0.0,0.0,0.0,0.0,0.0,2002,radio,0.5
2,5,lr5e-05_bs16_modL1_fusion64_fusionL1_drop0p2_trmiss50_trlocradio,16,5e-05,1,64,1,0.2,lr5e-05_bs16_modL1_fusion64_fusionL1_drop0p2_trmiss50_trlocradio,12,0.7207077046235403,0.7975379029909769,0.584051724137931,0.6953602937507988,0.4222222222222222,0.0,0.0,0.0,0.0,0.0,0.0,0.0,0.0,0.0,2002,radio,0.5
2,5,lr5e-05_bs16_modL1_fusion64_fusionL1_drop0p2_trmiss50_trlocradio,16,5e-05,1,64,1,0.2,lr5e-05_bs16_modL1_fusion64_fusionL1_drop0p2_trmiss50_trlocradio,13,0.6869954963525137,0.7892014781634012,0.5883620689655171,0.6965897578365667,0.4222222222222222,0.0,0.0,0.0,0.0,0.0,0.0,0.0,0.0,0.0,2002,radio,0.5
2,5,lr5e-05_bs16_modL1_fusion64_fusionL1_drop0p2_trmiss50_trlocradio,16,5e-05,1,64,1,0.2,lr5e-05_bs16_modL1_fusion64_fusionL1_drop0p2_trmiss50_trlocradio,14,0.6639926979939142,0.7860644857088724,0.5991379310344828,0.7161897692528119,0.4222222222222222,0.0,0.0,0.0,0.0,0.0,0.0,0.0,0.0,0.0,2002,radio,0.5
2,5,lr5e-05_bs16_modL1_fusion64_fusionL1_drop0p2_trmiss50_trlocradio,16,5e-05,1,64,1,0.2,lr5e-05_bs16_modL1_fusion64_fusionL1_drop0p2_trmiss50_trlocradio,15,0.6875288685162863,0.7993466258049011,0.5991379310344828,0.7103326554058385,0.35555555555555557,0.0,0.0,0.0,0.0,0.0,0.0,0.0,0.0,0.0,2002,radio,0.5
2,5,lr5e-05_bs16_modL1_fusion64_fusionL1_drop0p2_trmiss50_trlocradio,16,5e-05,1,64,1,0.2,lr5e-05_bs16_modL1_fusion64_fusionL1_drop0p2_trmiss50_trlocradio,16,0.6618753572305044,0.7894363602002462,0.5905172413793104,0.7063763426832028,0.37777777777777777,0.0,0.0,0.0,0.0,0.0,0.0,0.0,0.0,0.0,2002,radio,0.5
2,5,lr5e-05_bs16_modL1_fusion64_fusionL1_drop0p2_trmiss50_trlocradio,16,5e-05,1,64,1,0.2,lr5e-05_bs16_modL1_fusion64_fusionL1_drop0p2_trmiss50_trlocradio,17,0.6513751447200775,0.7884111007054647,0.5818965517241379,0.7159258918667601,0.35555555555555557,0.0,0.0,0.0,0.0,0.0,0.0,0.0,0.0,0.0,2002,radio,0.5
2,5,lr5e-05_bs16_modL1_fusion64_fusionL1_drop0p2_trmiss50_trlocradio,16,5e-05,1,64,1,0.2,lr5e-05_bs16_modL1_fusion64_fusionL1_drop0p2_trmiss50_trlocradio,18,0.6743507981300354,0.7783556580543518,0.5775862068965516,0.7052418534670296,0.4,0.0,0.0,0.0,0.0,0.0,0.0,0.0,0.0,0.0,2002,radio,0.5
2,5,lr5e-05_bs16_modL1_fusion64_fusionL1_drop0p2_trmiss50_trlocradio,16,5e-05,1,64,1,0.2,lr5e-05_bs16_modL1_fusion64_fusionL1_drop0p2_trmiss50_trlocradio,19,0.6405709187189738,0.7767215768496195,0.5926724137931034,0.7208148271571841,0.4,0.0,0.0,0.0,0.0,0.0,0.0,0.0,0.0,0.0,2002,radio,0.5
2,5,lr5e-05_bs16_modL1_fusion64_fusionL1_drop0p2_trmiss50_trlocradio,16,5e-05,1,64,1,0.2,lr5e-05_bs16_modL1_fusion64_fusionL1_drop0p2_trmiss50_trlocradio,20,0.6572326372067133,0.7753235300381979,0.605603448275862,0.7258646460797157,0.4,0.0,0.0,0.0,0.0,0.0,0.0,0.0,0.0,0.0,2002,radio,0.5
2,5,lr5e-05_bs16_modL1_fusion64_fusionL1_drop0p2_trmiss50_trlocradio,16,5e-05,1,64,1,0.2,lr5e-05_bs16_modL1_fusion64_fusionL1_drop0p2_trmiss50_trlocradio,21,0.645599365234375,0.7809439897537231,0.5926724137931034,0.725554454018896,0.4,0.0,0.0,0.0,0.0,0.0,0.0,0.0,0.0,0.0,2002,radio,0.5
2,5,lr5e-05_bs16_modL1_fusion64_fusionL1_drop0p2_trmiss50_trlocradio,16,5e-05,1,64,1,0.2,lr5e-05_bs16_modL1_fusion64_fusionL1_drop0p2_trmiss50_trlocradio,22,0.644379993279775,0.7766483227411906,0.5991379310344828,0.72219827216355,0.37777777777777777,0.0,0.0,0.0,0.0,0.0,0.0,0.0,0.0,0.0,2002,radio,0.5
2,5,lr5e-05_bs16_modL1_fusion64_fusionL1_drop0p2_trmiss50_trlocradio,16,5e-05,1,64,1,0.2,lr5e-05_bs16_modL1_fusion64_fusionL1_drop0p2_trmiss50_trlocradio,23,0.6578870117664337,0.7824968695640564,0.6099137931034483,0.7277923844801576,0.4,0.0,0.0,0.0,0.0,0.0,0.0,0.0,0.0,0.0,2002,radio,0.5
2,5,lr5e-05_bs16_modL1_fusion64_fusionL1_drop0p2_trmiss50_trlocradio,16,5e-05,1,64,1,0.2,lr5e-05_bs16_modL1_fusion64_fusionL1_drop0p2_trmiss50_trlocradio,24,0.6563360566894213,0.7760161757469177,0.5905172413793104,0.7263396992877816,0.4,0.0,0.0,0.0,0.0,0.0,0.0,0.0,0.0,0.0,2002,radio,0.5
2,5,lr5e-05_bs16_modL1_fusion64_fusionL1_drop0p2_trmiss50_trlocradio,16,5e-05,1,64,1,0.2,lr5e-05_bs16_modL1_fusion64_fusionL1_drop0p2_trmiss50_trlocradio,25,0.6330366929372152,0.7842275102933248,0.5883620689655172,0.7245510359208044,0.4,0.0,0.0,0.0,0.0,0.0,0.0,0.0,0.0,0.0,2002,radio,0.5
2,5,lr5e-05_bs16_modL1_fusion64_fusionL1_drop0p2_trmiss50_trlocradio,16,5e-05,1,64,1,0.2,lr5e-05_bs16_modL1_fusion64_fusionL1_drop0p2_trmiss50_trlocradio,26,0.6204342643419901,0.7730391621589661,0.603448275862069,0.7345994297334296,0.4444444444444444,0.0,0.0,0.0,0.0,0.0,0.0,0.0,0.0,0.0,2002,radio,0.5
2,5,lr5e-05_bs16_modL1_fusion64_fusionL1_drop0p2_trmiss50_trlocradio,16,5e-05,1,64,1,0.2,lr5e-05_bs16_modL1_fusion64_fusionL1_drop0p2_trmiss50_trlocradio,27,0.6280655513207117,0.7766110897064209,0.5926724137931034,0.729432579089686,0.4,0.0,0.0,0.0,0.0,0.0,0.0,0.0,0.0,0.0,2002,radio,0.5
2,5,lr5e-05_bs16_modL1_fusion64_fusionL1_drop0p2_trmiss50_trlocradio,16,5e-05,1,64,1,0.2,lr5e-05_bs16_modL1_fusion64_fusionL1_drop0p2_trmiss50_trlocradio,28,0.6539589067300161,0.7816717823346456,0.6120689655172413,0.7387538055008879,0.4222222222222222,0.0,0.0,0.0,0.0,0.0,0.0,0.0,0.0,0.0,2002,radio,0.5
2,5,lr5e-05_bs16_modL1_fusion64_fusionL1_drop0p2_trmiss50_trlocradio,16,5e-05,1,64,1,0.2,lr5e-05_bs16_modL1_fusion64_fusionL1_drop0p2_trmiss50_trlocradio,29,0.6709215467174848,0.7748271425565084,0.6077586206896551,0.7339899710025969,0.4,0.0,0.0,0.0,0.0,0.0,0.0,0.0,0.0,0.0,2002,radio,0.5
2,5,lr5e-05_bs16_modL1_fusion64_fusionL1_drop0p2_trmiss50_trlocradio,16,5e-05,1,64,1,0.2,lr5e-05_bs16_modL1_fusion64_fusionL1_drop0p2_trmiss50_trlocradio,30,0.6528872897227606,0.772694726785024,0.6056034482758621,0.7344778719343209,0.4,0.0,0.0,0.0,0.0,0.0,0.0,0.0,0.0,0.0,2002,radio,0.5
2,5,lr5e-05_bs16_modL1_fusion64_fusionL1_drop0p2_trmiss50_trlocradio,16,5e-05,1,64,1,0.2,lr5e-05_bs16_modL1_fusion64_fusionL1_drop0p2_trmiss50_trlocradio,31,0.6482249200344086,0.7740563551584879,0.6120689655172413,0.7364288970961247,0.4,0.0,0.0,0.0,0.0,0.0,0.0,0.0,0.0,0.0,2002,radio,0.5
2,5,lr5e-05_bs16_modL1_fusion64_fusionL1_drop0p2_trmiss50_trlocradio,16,5e-05,1,64,1,0.2,lr5e-05_bs16_modL1_fusion64_fusionL1_drop0p2_trmiss50_trlocradio,32,0.6887808392445246,0.7760350704193115,0.6163793103448276,0.7422734670193164,0.4444444444444444,0.0,0.0,0.0,0.0,0.0,0.0,0.0,0.0,0.0,2002,radio,0.5
2,5,lr5e-05_bs16_modL1_fusion64_fusionL1_drop0p2_trmiss50_trlocradio,16,5e-05,1,64,1,0.2,lr5e-05_bs16_modL1_fusion64_fusionL1_drop0p2_trmiss50_trlocradio,33,0.6121436953544617,0.7731630007425944,0.5991379310344828,0.731938992886512,0.4222222222222222,0.0,0.0,0.0,0.0,0.0,0.0,0.0,0.0,0.0,2002,radio,0.5
2,5,lr5e-05_bs16_modL1_fusion64_fusionL1_drop0p2_trmiss50_trlocradio,16,5e-05,1,64,1,0.2,lr5e-05_bs16_modL1_fusion64_fusionL1_drop0p2_trmiss50_trlocradio,34,0.6517296309272448,0.7917278210322062,0.6056034482758621,0.7379468700280655,0.4,0.0,0.0,0.0,0.0,0.0,0.0,0.0,0.0,0.0,2002,radio,0.5
2,5,lr5e-05_bs16_modL1_fusion64_fusionL1_drop0p2_trmiss50_trlocradio,16,5e-05,1,64,1,0.2,lr5e-05_bs16_modL1_fusion64_fusionL1_drop0p2_trmiss50_trlocradio,35,0.6454834938049316,0.7802998026212057,0.6142241379310345,0.7364387421485644,0.4222222222222222,0.0,0.0,0.0,0.0,0.0,0.0,0.0,0.0,0.0,2002,radio,0.5
2,5,lr5e-05_bs16_modL1_fusion64_fusionL1_drop0p2_trmiss50_trlocradio,16,5e-05,1,64,1,0.2,lr5e-05_bs16_modL1_fusion64_fusionL1_drop0p2_trmiss50_trlocradio,36,0.6266632229089737,0.7849173148473104,0.5905172413793103,0.7215757376758515,0.4,0.0,0.0,0.0,0.0,0.0,0.0,0.0,0.0,0.0,2002,radio,0.5
2,5,lr5e-05_bs16_modL1_fusion64_fusionL1_drop0p2_trmiss50_trlocradio,16,5e-05,1,64,1,0.2,lr5e-05_bs16_modL1_fusion64_fusionL1_drop0p2_trmiss50_trlocradio,37,0.6168598930040995,0.7679554025332133,0.6099137931034483,0.7359915406035423,0.4222222222222222,0.0,0.0,0.0,0.0,0.0,0.0,0.0,0.0,0.0,2002,radio,0.5
2,5,lr5e-05_bs16_modL1_fusion64_fusionL1_drop0p2_trmiss50_trlocradio,16,5e-05,1,64,1,0.2,lr5e-05_bs16_modL1_fusion64_fusionL1_drop0p2_trmiss50_trlocradio,38,0.6216162045796713,0.7674192984898885,0.6185344827586207,0.7410643723581768,0.4,0.0,0.0,0.0,0.0,0.0,0.0,0.0,0.0,0.0,2002,radio,0.5
2,5,lr5e-05_bs16_modL1_fusion64_fusionL1_drop0p2_trmiss50_trlocradio,16,5e-05,1,64,1,0.2,lr5e-05_bs16_modL1_fusion64_fusionL1_drop0p2_trmiss50_trlocradio,39,0.6172084485491117,0.7739119529724121,0.6099137931034483,0.7405959853775065,0.4,0.0,0.0,0.0,0.0,0.0,0.0,0.0,0.0,0.0,2002,radio,0.5
2,5,lr5e-05_bs16_modL1_fusion64_fusionL1_drop0p2_trmiss50_trlocradio,16,5e-05,1,64,1,0.2,lr5e-05_bs16_modL1_fusion64_fusionL1_drop0p2_trmiss50_trlocradio,40,0.6643899033466975,0.7725569804509481,0.603448275862069,0.728619962578258,0.4222222222222222,0.0,0.0,0.0,0.0,0.0,0.0,0.0,0.0,0.0,2002,radio,0.5
2,5,lr5e-05_bs16_modL1_fusion64_fusionL1_drop0p2_trmiss50_trlocradio,16,5e-05,1,64,1,0.2,lr5e-05_bs16_modL1_fusion64_fusionL1_drop0p2_trmiss50_trlocradio,41,0.6629333396752676,0.7741976777712504,0.6012931034482759,0.7306875938800107,0.4,0.0,0.0,0.0,0.0,0.0,0.0,0.0,0.0,0.0,2002,radio,0.5
2,5,lr5e-05_bs16_modL1_fusion64_fusionL1_drop0p2_trmiss50_trlocradio,16,5e-05,1,64,1,0.2,lr5e-05_bs16_modL1_fusion64_fusionL1_drop0p2_trmiss50_trlocradio,42,0.632186325887839,0.7760355472564697,0.603448275862069,0.731960446863341,0.4222222222222222,0.0,0.0,0.0,0.0,0.0,0.0,0.0,0.0,0.0,2002,radio,0.5
2,5,lr5e-05_bs16_modL1_fusion64_fusionL1_drop0p2_trmiss50_trlocradio,16,5e-05,1,64,1,0.2,lr5e-05_bs16_modL1_fusion64_fusionL1_drop0p2_trmiss50_trlocradio,43,0.6394834021727244,0.7732293009757996,0.6120689655172414,0.7499968691729081,0.4,0.0,0.0,0.0,0.0,0.0,0.0,0.0,0.0,0.0,2002,radio,0.5
2,5,lr5e-05_bs16_modL1_fusion64_fusionL1_drop0p2_trmiss50_trlocradio,16,5e-05,1,64,1,0.2,lr5e-05_bs16_modL1_fusion64_fusionL1_drop0p2_trmiss50_trlocradio,44,0.6309046894311905,0.7652965386708578,0.5969827586206896,0.7322673377094672,0.4444444444444444,0.0,0.0,0.0,0.0,0.0,0.0,0.0,0.0,0.0,2002,radio,0.5
2,5,lr5e-05_bs16_modL1_fusion64_fusionL1_drop0p2_trmiss50_trlocradio,16,5e-05,1,64,1,0.2,lr5e-05_bs16_modL1_fusion64_fusionL1_drop0p2_trmiss50_trlocradio,45,0.6502019092440605,0.7881441513697306,0.6099137931034483,0.7350530792464994,0.4,0.0,0.0,0.0,0.0,0.0,0.0,0.0,0.0,0.0,2002,radio,0.5
2,5,lr5e-05_bs16_modL1_fusion64_fusionL1_drop0p2_trmiss50_trlocradio,16,5e-05,1,64,1,0.2,lr5e-05_bs16_modL1_fusion64_fusionL1_drop0p2_trmiss50_trlocradio,46,0.6122953544060389,0.7727447549502054,0.6163793103448276,0.7362850359989165,0.4,0.0,0.0,0.0,0.0,0.0,0.0,0.0,0.0,0.0,2002,radio,0.5
2,5,lr5e-05_bs16_modL1_fusion64_fusionL1_drop0p2_trmiss50_trlocradio,16,5e-05,1,64,1,0.2,lr5e-05_bs16_modL1_fusion64_fusionL1_drop0p2_trmiss50_trlocradio,47,0.6117304762204488,0.7634728749593099,0.603448275862069,0.7343857204240755,0.4222222222222222,0.0,0.0,0.0,0.0,0.0,0.0,0.0,0.0,0.0,2002,radio,0.5
2,5,lr5e-05_bs16_modL1_fusion64_fusionL1_drop0p2_trmiss50_trlocradio,16,5e-05,1,64,1,0.2,lr5e-05_bs16_modL1_fusion64_fusionL1_drop0p2_trmiss50_trlocradio,48,0.6446618636449178,0.7655688921610514,0.6012931034482759,0.7320089257202923,0.4222222222222222,0.0,0.0,0.0,0.0,0.0,0.0,0.0,0.0,0.0,2002,radio,0.5
2,5,lr5e-05_bs16_modL1_fusion64_fusionL1_drop0p2_trmiss50_trlocradio,16,5e-05,1,64,1,0.2,lr5e-05_bs16_modL1_fusion64_fusionL1_drop0p2_trmiss50_trlocradio,49,0.6455509414275488,0.776630719502767,0.6034482758620688,0.7361099030083892,0.4,0.0,0.0,0.0,0.0,0.0,0.0,0.0,0.0,0.0,2002,radio,0.5
2,5,lr5e-05_bs16_modL1_fusion64_fusionL1_drop0p2_trmiss50_trlocradio,16,5e-05,1,64,1,0.2,lr5e-05_bs16_modL1_fusion64_fusionL1_drop0p2_trmiss50_trlocradio,50,0.631340687473615,0.7692543268203735,0.5948275862068966,0.7329940424481333,0.4444444444444444,0.0,0.0,0.0,0.0,0.0,0.0,0.0,0.0,0.0,2002,radio,0.5
2,5,lr5e-05_bs16_modL1_fusion64_fusionL1_drop0p2_trmiss50_trlocradio,16,5e-05,1,64,1,0.2,lr5e-05_bs16_modL1_fusion64_fusionL1_drop0p2_trmiss50_trlocradio,51,0.6576503589749336,0.779436190923055,0.603448275862069,0.7337164877652501,0.4,0.0,0.0,0.0,0.0,0.0,0.0,0.0,0.0,0.0,2002,radio,0.5
2,5,lr5e-05_bs16_modL1_fusion64_fusionL1_drop0p2_trmiss50_trlocradio,16,5e-05,1,64,1,0.2,lr5e-05_bs16_modL1_fusion64_fusionL1_drop0p2_trmiss50_trlocradio,52,0.6345038885871569,0.7816806435585022,0.5926724137931034,0.7284175548624964,0.4,0.0,0.0,0.0,0.0,0.0,0.0,0.0,0.0,0.0,2002,radio,0.5
2,5,lr5e-05_bs16_modL1_fusion64_fusionL1_drop0p2_trmiss50_trlocradio,16,5e-05,1,64,1,0.2,lr5e-05_bs16_modL1_fusion64_fusionL1_drop0p2_trmiss50_trlocradio,53,0.654230477909247,0.7832209269205729,0.5969827586206896,0.7280614159866227,0.4,0.0,0.0,0.0,0.0,0.0,0.0,0.0,0.0,0.0,2002,radio,0.5
2,5,lr5e-05_bs16_modL1_fusion64_fusionL1_drop0p2_trmiss50_trlocradio,16,5e-05,1,64,1,0.2,lr5e-05_bs16_modL1_fusion64_fusionL1_drop0p2_trmiss50_trlocradio,54,0.6564976871013641,0.7695876757303873,0.5991379310344828,0.7424140882340714,0.4222222222222222,0.0,0.0,0.0,0.0,0.0,0.0,0.0,0.0,0.0,2002,radio,0.5
2,5,lr5e-05_bs16_modL1_fusion64_fusionL1_drop0p2_trmiss50_trlocradio,16,5e-05,1,64,1,0.2,lr5e-05_bs16_modL1_fusion64_fusionL1_drop0p2_trmiss50_trlocradio,55,0.6127915109197298,0.7644674777984619,0.6120689655172414,0.7465536761886257,0.4,0.0,0.0,0.0,0.0,0.0,0.0,0.0,0.0,0.0,2002,radio,0.5
2,5,lr5e-05_bs16_modL1_fusion64_fusionL1_drop0p2_trmiss50_trlocradio,16,5e-05,1,64,1,0.2,lr5e-05_bs16_modL1_fusion64_fusionL1_drop0p2_trmiss50_trlocradio,56,0.6118430346250534,0.7625405391057333,0.6142241379310345,0.7408504228063085,0.4222222222222222,0.0,0.0,0.0,0.0,0.0,0.0,0.0,0.0,0.0,2002,radio,0.5
2,5,lr5e-05_bs16_modL1_fusion64_fusionL1_drop0p2_trmiss50_trlocradio,16,5e-05,1,64,1,0.2,lr5e-05_bs16_modL1_fusion64_fusionL1_drop0p2_trmiss50_trlocradio,57,0.657651719947656,0.7805083394050598,0.5905172413793103,0.7278613254646799,0.4,0.0,0.0,0.0,0.0,0.0,0.0,0.0,0.0,0.0,2002,radio,0.5
2,5,lr5e-05_bs16_modL1_fusion64_fusionL1_drop0p2_trmiss50_trlocradio,16,5e-05,1,64,1,0.2,lr5e-05_bs16_modL1_fusion64_fusionL1_drop0p2_trmiss50_trlocradio,58,0.6466910938421885,0.7891340255737305,0.5969827586206896,0.7303276138556826,0.4,0.0,0.0,0.0,0.0,0.0,0.0,0.0,0.0,0.0,2002,radio,0.5
2,5,lr5e-05_bs16_modL1_fusion64_fusionL1_drop0p1_trmiss50_trlocradio,16,5e-05,1,64,1,0.1,lr5e-05_bs16_modL1_fusion64_fusionL1_drop0p1_trmiss50_trlocradio,1,0.7051393141349157,0.6881217360496521,0.43750000000000006,0.6071685240818295,0.5111111111111111,0.0,0.0,0.0,0.0,0.0,0.0,0.0,0.0,0.0,2002,radio,0.5
2,5,lr5e-05_bs16_modL1_fusion64_fusionL1_drop0p1_trmiss50_trlocradio,16,5e-05,1,64,1,0.1,lr5e-05_bs16_modL1_fusion64_fusionL1_drop0p1_trmiss50_trlocradio,2,0.6750091761350632,0.6959834694862366,0.42241379310344834,0.6026488000067517,0.5111111111111111,0.0,0.0,0.0,0.0,0.0,0.0,0.0,0.0,0.0,2002,radio,0.5
2,5,lr5e-05_bs16_modL1_fusion64_fusionL1_drop0p1_trmiss50_trlocradio,16,5e-05,1,64,1,0.1,lr5e-05_bs16_modL1_fusion64_fusionL1_drop0p1_trmiss50_trlocradio,3,0.6657780359188715,0.6998434861501058,0.4267241379310345,0.6009112010020585,0.5111111111111111,0.0,0.0,0.0,0.0,0.0,0.0,0.0,0.0,0.0,2002,radio,0.5
2,5,lr5e-05_bs16_modL1_fusion64_fusionL1_drop0p1_trmiss50_trlocradio,16,5e-05,1,64,1,0.1,lr5e-05_bs16_modL1_fusion64_fusionL1_drop0p1_trmiss50_trlocradio,4,0.6518057982126871,0.6950735052426656,0.46120689655172414,0.604495838917484,0.5555555555555556,0.0,0.0,0.0,0.0,0.0,0.0,0.0,0.0,0.0,2002,radio,0.5
2,5,lr5e-05_bs16_modL1_fusion64_fusionL1_drop0p1_trmiss50_trlocradio,16,5e-05,1,64,1,0.1,lr5e-05_bs16_modL1_fusion64_fusionL1_drop0p1_trmiss50_trlocradio,5,0.6106077283620834,0.6900062958399454,0.4806034482758621,0.6168737281037526,0.5777777777777777,0.0,0.0,0.0,0.0,0.0,0.0,0.0,0.0,0.0,2002,radio,0.5
2,5,lr5e-05_bs16_modL1_fusion64_fusionL1_drop0p1_trmiss50_trlocradio,16,5e-05,1,64,1,0.1,lr5e-05_bs16_modL1_fusion64_fusionL1_drop0p1_trmiss50_trlocradio,6,0.6163191546996435,0.6869797309239706,0.4870689655172414,0.6238196542379746,0.5777777777777777,0.0,0.0,0.0,0.0,0.0,0.0,0.0,0.0,0.0,2002,radio,0.5
2,5,lr5e-05_bs16_modL1_fusion64_fusionL1_drop0p1_trmiss50_trlocradio,16,5e-05,1,64,1,0.1,lr5e-05_bs16_modL1_fusion64_fusionL1_drop0p1_trmiss50_trlocradio,7,0.5949189215898514,0.6823601722717285,0.4956896551724138,0.6421284349903397,0.5777777777777777,0.0,0.0,0.0,0.0,0.0,0.0,0.0,0.0,0.0,2002,radio,0.5
2,5,lr5e-05_bs16_modL1_fusion64_fusionL1_drop0p1_trmiss50_trlocradio,16,5e-05,1,64,1,0.1,lr5e-05_bs16_modL1_fusion64_fusionL1_drop0p1_trmiss50_trlocradio,8,0.5922810683647791,0.6770907243092855,0.4935344827586207,0.6339484712845153,0.6222222222222222,0.0,0.0,0.0,0.0,0.0,0.0,0.0,0.0,0.0,2002,radio,0.5
2,5,lr5e-05_bs16_modL1_fusion64_fusionL1_drop0p1_trmiss50_trlocradio,16,5e-05,1,64,1,0.1,lr5e-05_bs16_modL1_fusion64_fusionL1_drop0p1_trmiss50_trlocradio,9,0.5730001901586851,0.6795262893040975,0.5280172413793103,0.6629655553493523,0.5777777777777777,0.0,0.0,0.0,0.0,0.0,0.0,0.0,0.0,0.0,2002,radio,0.5
2,5,lr5e-05_bs16_modL1_fusion64_fusionL1_drop0p1_trmiss50_trlocradio,16,5e-05,1,64,1,0.1,lr5e-05_bs16_modL1_fusion64_fusionL1_drop0p1_trmiss50_trlocradio,10,0.5477620363235474,0.6690606673558553,0.5431034482758621,0.6651321874224061,0.6444444444444445,0.0,0.0,0.0,0.0,0.0,0.0,0.0,0.0,0.0,2002,radio,0.5
2,5,lr5e-05_bs16_modL1_fusion64_fusionL1_drop0p1_trmiss50_trlocradio,16,5e-05,1,64,1,0.1,lr5e-05_bs16_modL1_fusion64_fusionL1_drop0p1_trmiss50_trlocradio,11,0.5552316606044769,0.6710217197736105,0.5452586206896551,0.6570425929564255,0.6,0.0,0.0,0.0,0.0,0.0,0.0,0.0,0.0,0.0,2002,radio,0.5
2,5,lr5e-05_bs16_modL1_fusion64_fusionL1_drop0p1_trmiss50_trlocradio,16,5e-05,1,64,1,0.1,lr5e-05_bs16_modL1_fusion64_fusionL1_drop0p1_trmiss50_trlocradio,12,0.5353728557626406,0.676815410455068,0.5431034482758621,0.6523577343030971,0.6222222222222222,0.0,0.0,0.0,0.0,0.0,0.0,0.0,0.0,0.0,2002,radio,0.5
2,5,lr5e-05_bs16_modL1_fusion64_fusionL1_drop0p1_trmiss50_trlocradio,16,5e-05,1,64,1,0.1,lr5e-05_bs16_modL1_fusion64_fusionL1_drop0p1_trmiss50_trlocradio,13,0.5383150825897852,0.6656127770741781,0.5732758620689655,0.6725343363263833,0.7111111111111111,0.0,0.0,0.0,0.0,0.0,0.0,0.0,0.0,0.0,2002,radio,0.5
2,5,lr5e-05_bs16_modL1_fusion64_fusionL1_drop0p1_trmiss50_trlocradio,16,5e-05,1,64,1,0.1,lr5e-05_bs16_modL1_fusion64_fusionL1_drop0p1_trmiss50_trlocradio,14,0.5012399032711983,0.6800817449887594,0.502155172413793,0.6359417713604568,0.6222222222222222,0.0,0.0,0.0,0.0,0.0,0.0,0.0,0.0,0.0,2002,radio,0.5
2,5,lr5e-05_bs16_modL1_fusion64_fusionL1_drop0p1_trmiss50_trlocradio,16,5e-05,1,64,1,0.1,lr5e-05_bs16_modL1_fusion64_fusionL1_drop0p1_trmiss50_trlocradio,15,0.5188998778661092,0.6707538564999899,0.5495689655172413,0.6635140378695834,0.6444444444444445,0.0,0.0,0.0,0.0,0.0,0.0,0.0,0.0,0.0,2002,radio,0.5
2,5,lr5e-05_bs16_modL1_fusion64_fusionL1_drop0p1_trmiss50_trlocradio,16,5e-05,1,64,1,0.1,lr5e-05_bs16_modL1_fusion64_fusionL1_drop0p1_trmiss50_trlocradio,16,0.5025508925318718,0.6678269902865092,0.5689655172413792,0.6744442498704274,0.6666666666666666,0.0,0.0,0.0,0.0,0.0,0.0,0.0,0.0,0.0,2002,radio,0.5
2,5,lr5e-05_bs16_modL1_fusion64_fusionL1_drop0p1_trmiss50_trlocradio,16,5e-05,1,64,1,0.1,lr5e-05_bs16_modL1_fusion64_fusionL1_drop0p1_trmiss50_trlocradio,17,0.48836150020360947,0.6597013076146444,0.5711206896551724,0.6750804870667736,0.6888888888888889,0.0,0.0,0.0,0.0,0.0,0.0,0.0,0.0,0.0,2002,radio,0.5
2,5,lr5e-05_bs16_modL1_fusion64_fusionL1_drop0p1_trmiss50_trlocradio,16,5e-05,1,64,1,0.1,lr5e-05_bs16_modL1_fusion64_fusionL1_drop0p1_trmiss50_trlocradio,18,0.4801516781250636,0.651452382405599,0.603448275862069,0.6929038452713939,0.6888888888888889,0.0,0.0,0.0,0.0,0.0,0.0,0.0,0.0,0.0,2002,radio,0.5
2,5,lr5e-05_bs16_modL1_fusion64_fusionL1_drop0p1_trmiss50_trlocradio,16,5e-05,1,64,1,0.1,lr5e-05_bs16_modL1_fusion64_fusionL1_drop0p1_trmiss50_trlocradio,19,0.4797855441768964,0.6585788528124491,0.5948275862068966,0.6865857571619444,0.6444444444444445,0.0,0.0,0.0,0.0,0.0,0.0,0.0,0.0,0.0,2002,radio,0.5
2,5,lr5e-05_bs16_modL1_fusion64_fusionL1_drop0p1_trmiss50_trlocradio,16,5e-05,1,64,1,0.1,lr5e-05_bs16_modL1_fusion64_fusionL1_drop0p1_trmiss50_trlocradio,20,0.4786386862397194,0.6616920431454977,0.5883620689655172,0.6753841334812609,0.6444444444444445,0.0,0.0,0.0,0.0,0.0,0.0,0.0,0.0,0.0,2002,radio,0.5
2,5,lr5e-05_bs16_modL1_fusion64_fusionL1_drop0p1_trmiss50_trlocradio,16,5e-05,1,64,1,0.1,lr5e-05_bs16_modL1_fusion64_fusionL1_drop0p1_trmiss50_trlocradio,21,0.4806382805109024,0.6618332068125407,0.5883620689655172,0.6840553412857152,0.6,0.0,0.0,0.0,0.0,0.0,0.0,0.0,0.0,0.0,2002,radio,0.5
2,5,lr5e-05_bs16_modL1_fusion64_fusionL1_drop0p1_trmiss50_trlocradio,16,5e-05,1,64,1,0.1,lr5e-05_bs16_modL1_fusion64_fusionL1_drop0p1_trmiss50_trlocradio,22,0.45364820460478467,0.6586516896883646,0.6120689655172414,0.696864287663649,0.6222222222222222,0.0,0.0,0.0,0.0,0.0,0.0,0.0,0.0,0.0,2002,radio,0.5
2,5,lr5e-05_bs16_modL1_fusion64_fusionL1_drop0p1_trmiss50_trlocradio,16,5e-05,1,64,1,0.1,lr5e-05_bs16_modL1_fusion64_fusionL1_drop0p1_trmiss50_trlocradio,23,0.4386073797941208,0.6545422673225403,0.6206896551724138,0.7059216811494393,0.6666666666666666,0.0,0.0,0.0,0.0,0.0,0.0,0.0,0.0,0.0,2002,radio,0.5
2,5,lr5e-05_bs16_modL1_fusion64_fusionL1_drop0p1_trmiss50_trlocradio,16,5e-05,1,64,1,0.1,lr5e-05_bs16_modL1_fusion64_fusionL1_drop0p1_trmiss50_trlocradio,24,0.44888096551100415,0.6459492246309916,0.6357758620689655,0.7125061285411716,0.6666666666666666,0.0,0.0,0.0,0.0,0.0,0.0,0.0,0.0,0.0,2002,radio,0.5
2,5,lr5e-05_bs16_modL1_fusion64_fusionL1_drop0p1_trmiss50_trlocradio,16,5e-05,1,64,1,0.1,lr5e-05_bs16_modL1_fusion64_fusionL1_drop0p1_trmiss50_trlocradio,25,0.42025740444660187,0.6426797310511271,0.6573275862068966,0.72754957977505,0.6666666666666666,0.0,0.0,0.0,0.0,0.0,0.0,0.0,0.0,0.0,2002,radio,0.5
2,5,lr5e-05_bs16_modL1_fusion64_fusionL1_drop0p1_trmiss50_trlocradio,16,5e-05,1,64,1,0.1,lr5e-05_bs16_modL1_fusion64_fusionL1_drop0p1_trmiss50_trlocradio,26,0.4165218248963356,0.6469682852427164,0.6616379310344828,0.7411336758193563,0.6222222222222222,0.0,0.0,0.0,0.0,0.0,0.0,0.0,0.0,0.0,2002,radio,0.5
2,5,lr5e-05_bs16_modL1_fusion64_fusionL1_drop0p1_trmiss50_trlocradio,16,5e-05,1,64,1,0.1,lr5e-05_bs16_modL1_fusion64_fusionL1_drop0p1_trmiss50_trlocradio,27,0.414884589612484,0.6486433744430542,0.6487068965517242,0.7242045815281263,0.6444444444444445,0.0,0.0,0.0,0.0,0.0,0.0,0.0,0.0,0.0,2002,radio,0.5
2,5,lr5e-05_bs16_modL1_fusion64_fusionL1_drop0p1_trmiss50_trlocradio,16,5e-05,1,64,1,0.1,lr5e-05_bs16_modL1_fusion64_fusionL1_drop0p1_trmiss50_trlocradio,28,0.41655640800793964,0.6433319250742594,0.6508620689655172,0.7202916410116474,0.6444444444444445,0.0,0.0,0.0,0.0,0.0,0.0,0.0,0.0,0.0,2002,radio,0.5
2,5,lr5e-05_bs16_modL1_fusion64_fusionL1_drop0p1_trmiss50_trlocradio,16,5e-05,1,64,1,0.1,lr5e-05_bs16_modL1_fusion64_fusionL1_drop0p1_trmiss50_trlocradio,29,0.4108334705233574,0.6391112407048544,0.6594827586206897,0.7254591685231058,0.6666666666666666,0.0,0.0,0.0,0.0,0.0,0.0,0.0,0.0,0.0,2002,radio,0.5
2,5,lr5e-05_bs16_modL1_fusion64_fusionL1_drop0p1_trmiss50_trlocradio,16,5e-05,1,64,1,0.1,lr5e-05_bs16_modL1_fusion64_fusionL1_drop0p1_trmiss50_trlocradio,30,0.38491010169188183,0.6446404059727987,0.6422413793103448,0.7160671801399816,0.6444444444444445,0.0,0.0,0.0,0.0,0.0,0.0,0.0,0.0,0.0,2002,radio,0.5
2,5,lr5e-05_bs16_modL1_fusion64_fusionL1_drop0p1_trmiss50_trlocradio,16,5e-05,1,64,1,0.1,lr5e-05_bs16_modL1_fusion64_fusionL1_drop0p1_trmiss50_trlocradio,31,0.39678220202525455,0.6432604591051737,0.6616379310344827,0.725199362163967,0.6888888888888889,0.0,0.0,0.0,0.0,0.0,0.0,0.0,0.0,0.0,2002,radio,0.5
2,5,lr5e-05_bs16_modL1_fusion64_fusionL1_drop0p1_trmiss50_trlocradio,16,5e-05,1,64,1,0.1,lr5e-05_bs16_modL1_fusion64_fusionL1_drop0p1_trmiss50_trlocradio,32,0.3827991659442584,0.6467636426289877,0.6594827586206896,0.7279366121517379,0.7111111111111111,0.0,0.0,0.0,0.0,0.0,0.0,0.0,0.0,0.0,2002,radio,0.5
2,5,lr5e-05_bs16_modL1_fusion64_fusionL1_drop0p1_trmiss50_trlocradio,16,5e-05,1,64,1,0.1,lr5e-05_bs16_modL1_fusion64_fusionL1_drop0p1_trmiss50_trlocradio,33,0.3976355915268262,0.630778948465983,0.6745689655172414,0.7430454314666531,0.6666666666666666,0.0,0.0,0.0,0.0,0.0,0.0,0.0,0.0,0.0,2002,radio,0.5
2,5,lr5e-05_bs16_modL1_fusion64_fusionL1_drop0p1_trmiss50_trlocradio,16,5e-05,1,64,1,0.1,lr5e-05_bs16_modL1_fusion64_fusionL1_drop0p1_trmiss50_trlocradio,34,0.3798445264498393,0.6251380642255148,0.6745689655172413,0.7424047899558811,0.6666666666666666,0.0,0.0,0.0,0.0,0.0,0.0,0.0,0.0,0.0,2002,radio,0.5
2,5,lr5e-05_bs16_modL1_fusion64_fusionL1_drop0p1_trmiss50_trlocradio,16,5e-05,1,64,1,0.1,lr5e-05_bs16_modL1_fusion64_fusionL1_drop0p1_trmiss50_trlocradio,35,0.36585169782241184,0.6234060128529867,0.6982758620689655,0.7613951006442197,0.6888888888888889,0.0,0.0,0.0,0.0,0.0,0.0,0.0,0.0,0.0,2002,radio,0.5
2,5,lr5e-05_bs16_modL1_fusion64_fusionL1_drop0p1_trmiss50_trlocradio,16,5e-05,1,64,1,0.1,lr5e-05_bs16_modL1_fusion64_fusionL1_drop0p1_trmiss50_trlocradio,36,0.38161423554023105,0.6186420520146688,0.7176724137931034,0.7688851492457873,0.6666666666666666,0.0,0.0,0.0,0.0,0.0,0.0,0.0,0.0,0.0,2002,radio,0.5
2,5,lr5e-05_bs16_modL1_fusion64_fusionL1_drop0p1_trmiss50_trlocradio,16,5e-05,1,64,1,0.1,lr5e-05_bs16_modL1_fusion64_fusionL1_drop0p1_trmiss50_trlocradio,37,0.36837518711884815,0.6236970027287801,0.6831896551724137,0.7535882974349521,0.6888888888888889,0.0,0.0,0.0,0.0,0.0,0.0,0.0,0.0,0.0,2002,radio,0.5
2,5,lr5e-05_bs16_modL1_fusion64_fusionL1_drop0p1_trmiss50_trlocradio,16,5e-05,1,64,1,0.1,lr5e-05_bs16_modL1_fusion64_fusionL1_drop0p1_trmiss50_trlocradio,38,0.35665648182233173,0.616644024848938,0.689655172413793,0.7636682461811415,0.6444444444444445,0.0,0.0,0.0,0.0,0.0,0.0,0.0,0.0,0.0,2002,radio,0.5
2,5,lr5e-05_bs16_modL1_fusion64_fusionL1_drop0p1_trmiss50_trlocradio,16,5e-05,1,64,1,0.1,lr5e-05_bs16_modL1_fusion64_fusionL1_drop0p1_trmiss50_trlocradio,39,0.3322953035434087,0.6146851181983948,0.7004310344827586,0.7651101042829818,0.6888888888888889,0.0,0.0,0.0,0.0,0.0,0.0,0.0,0.0,0.0,2002,radio,0.5
2,5,lr5e-05_bs16_modL1_fusion64_fusionL1_drop0p1_trmiss50_trlocradio,16,5e-05,1,64,1,0.1,lr5e-05_bs16_modL1_fusion64_fusionL1_drop0p1_trmiss50_trlocradio,40,0.3460751970609029,0.6155645847320557,0.6939655172413793,0.7694015806278742,0.7111111111111111,0.0,0.0,0.0,0.0,0.0,0.0,0.0,0.0,0.0,2002,radio,0.5
2,5,lr5e-05_bs16_modL1_fusion64_fusionL1_drop0p1_trmiss50_trlocradio,16,5e-05,1,64,1,0.1,lr5e-05_bs16_modL1_fusion64_fusionL1_drop0p1_trmiss50_trlocradio,41,0.36548299590746564,0.6066450079282125,0.6939655172413793,0.7685081878810971,0.6888888888888889,0.0,0.0,0.0,0.0,0.0,0.0,0.0,0.0,0.0,2002,radio,0.5
2,5,lr5e-05_bs16_modL1_fusion64_fusionL1_drop0p1_trmiss50_trlocradio,16,5e-05,1,64,1,0.1,lr5e-05_bs16_modL1_fusion64_fusionL1_drop0p1_trmiss50_trlocradio,42,0.32752299308776855,0.6119588613510132,0.7004310344827587,0.7730565538813687,0.6888888888888889,0.0,0.0,0.0,0.0,0.0,0.0,0.0,0.0,0.0,2002,radio,0.5
2,5,lr5e-05_bs16_modL1_fusion64_fusionL1_drop0p1_trmiss50_trlocradio,16,5e-05,1,64,1,0.1,lr5e-05_bs16_modL1_fusion64_fusionL1_drop0p1_trmiss50_trlocradio,43,0.3076193630695343,0.6195179422696432,0.6918103448275862,0.7662558105875334,0.7111111111111111,0.0,0.0,0.0,0.0,0.0,0.0,0.0,0.0,0.0,2002,radio,0.5
2,5,lr5e-05_bs16_modL1_fusion64_fusionL1_drop0p1_trmiss50_trlocradio,16,5e-05,1,64,1,0.1,lr5e-05_bs16_modL1_fusion64_fusionL1_drop0p1_trmiss50_trlocradio,44,0.33129695802927017,0.6206742525100708,0.6939655172413792,0.7672309028916264,0.7111111111111111,0.0,0.0,0.0,0.0,0.0,0.0,0.0,0.0,0.0,2002,radio,0.5
2,5,lr5e-05_bs16_modL1_fusion64_fusionL1_drop0p1_trmiss50_trlocradio,16,5e-05,1,64,1,0.1,lr5e-05_bs16_modL1_fusion64_fusionL1_drop0p1_trmiss50_trlocradio,45,0.31943292419115704,0.6181586384773254,0.7068965517241379,0.7738513544871772,0.6666666666666666,0.0,0.0,0.0,0.0,0.0,0.0,0.0,0.0,0.0,2002,radio,0.5
2,5,lr5e-05_bs16_modL1_fusion64_fusionL1_drop0p1_trmiss50_trlocradio,16,5e-05,1,64,1,0.1,lr5e-05_bs16_modL1_fusion64_fusionL1_drop0p1_trmiss50_trlocradio,46,0.3056619142492612,0.6105554501215616,0.709051724137931,0.7726330604904934,0.7111111111111111,0.0,0.0,0.0,0.0,0.0,0.0,0.0,0.0,0.0,2002,radio,0.5
2,5,lr5e-05_bs16_modL1_fusion64_fusionL1_drop0p1_trmiss50_trlocradio,16,5e-05,1,64,1,0.1,lr5e-05_bs16_modL1_fusion64_fusionL1_drop0p1_trmiss50_trlocradio,47,0.27983081837495166,0.6116891105969747,0.6961206896551724,0.7907390103619274,0.7111111111111111,0.0,0.0,0.0,0.0,0.0,0.0,0.0,0.0,0.0,2002,radio,0.5
2,5,lr5e-05_bs16_modL1_fusion64_fusionL1_drop0p1_trmiss50_trlocradio,16,5e-05,1,64,1,0.1,lr5e-05_bs16_modL1_fusion64_fusionL1_drop0p1_trmiss50_trlocradio,48,0.2872685467203458,0.612510065237681,0.7025862068965517,0.7933101663692248,0.7111111111111111,0.0,0.0,0.0,0.0,0.0,0.0,0.0,0.0,0.0,2002,radio,0.5
2,5,lr5e-05_bs16_modL1_fusion64_fusionL1_drop0p1_trmiss50_trlocradio,16,5e-05,1,64,1,0.1,lr5e-05_bs16_modL1_fusion64_fusionL1_drop0p1_trmiss50_trlocradio,49,0.2947720003624757,0.621077318986257,0.6767241379310346,0.7801469951545641,0.6888888888888889,0.0,0.0,0.0,0.0,0.0,0.0,0.0,0.0,0.0,2002,radio,0.5
2,5,lr5e-05_bs16_modL1_fusion64_fusionL1_drop0p1_trmiss50_trlocradio,16,5e-05,1,64,1,0.1,lr5e-05_bs16_modL1_fusion64_fusionL1_drop0p1_trmiss50_trlocradio,50,0.3077186780671279,0.6260715921719869,0.6724137931034483,0.7787391285489289,0.6888888888888889,0.0,0.0,0.0,0.0,0.0,0.0,0.0,0.0,0.0,2002,radio,0.5
2,5,lr5e-05_bs16_modL1_fusion64_fusionL1_drop0p1_trmiss50_trlocradio,16,5e-05,1,64,1,0.1,lr5e-05_bs16_modL1_fusion64_fusionL1_drop0p1_trmiss50_trlocradio,51,0.2752826561530431,0.6199667851130167,0.6788793103448276,0.776270711788771,0.7111111111111111,0.0,0.0,0.0,0.0,0.0,0.0,0.0,0.0,0.0,2002,radio,0.5
2,5,lr5e-05_bs16_modL1_fusion64_fusionL1_drop0p1_trmiss50_trlocradio,16,5e-05,1,64,1,0.1,lr5e-05_bs16_modL1_fusion64_fusionL1_drop0p1_trmiss50_trlocradio,52,0.27311820909380913,0.6233692566553751,0.6724137931034484,0.7713863847424018,0.7111111111111111,0.0,0.0,0.0,0.0,0.0,0.0,0.0,0.0,0.0,2002,radio,0.5
2,5,lr5e-05_bs16_modL1_fusion64_fusionL1_drop0p1_trmiss50_trlocradio,16,5e-05,1,64,1,0.1,lr5e-05_bs16_modL1_fusion64_fusionL1_drop0p1_trmiss50_trlocradio,53,0.26926497370004654,0.6152600248654684,0.6875,0.7804155566726589,0.6666666666666666,0.0,0.0,0.0,0.0,0.0,0.0,0.0,0.0,0.0,2002,radio,0.5
2,5,lr5e-05_bs16_modL1_fusion64_fusionL1_drop0p1_trmiss50_trlocradio,16,5e-05,1,64,1,0.1,lr5e-05_bs16_modL1_fusion64_fusionL1_drop0p1_trmiss50_trlocradio,54,0.2756640041867892,0.6168921589851379,0.6810344827586208,0.7769865355586576,0.6666666666666666,0.0,0.0,0.0,0.0,0.0,0.0,0.0,0.0,0.0,2002,radio,0.5
2,5,lr5e-05_bs16_modL1_fusion64_fusionL1_drop0p1_trmiss50_trlocradio,16,5e-05,1,64,1,0.1,lr5e-05_bs16_modL1_fusion64_fusionL1_drop0p1_trmiss50_trlocradio,55,0.2718704715371132,0.6180001497268677,0.6788793103448275,0.7734722615310636,0.6666666666666666,0.0,0.0,0.0,0.0,0.0,0.0,0.0,0.0,0.0,2002,radio,0.5
2,5,lr5e-05_bs16_modL1_fusion64_fusionL1_drop0p1_trmiss50_trlocradio,16,5e-05,1,64,1,0.1,lr5e-05_bs16_modL1_fusion64_fusionL1_drop0p1_trmiss50_trlocradio,56,0.27242694050073624,0.6207035978635153,0.6745689655172413,0.7735260416612768,0.6666666666666666,0.0,0.0,0.0,0.0,0.0,0.0,0.0,0.0,0.0,2002,radio,0.5
2,5,lr1e-04_bs16_modL1_fusion32_fusionL1_drop0p2_trmiss50_trlocradio,16,0.0001,1,32,1,0.2,lr1e-04_bs16_modL1_fusion32_fusionL1_drop0p2_trmiss50_trlocradio,1,0.7101985514163971,0.6942702134450277,0.5603448275862069,0.6994777173471413,0.5111111111111111,0.0,0.0,0.0,0.0,0.0,0.0,0.0,0.0,0.0,2002,radio,0.5
2,5,lr1e-04_bs16_modL1_fusion32_fusionL1_drop0p2_trmiss50_trlocradio,16,0.0001,1,32,1,0.2,lr1e-04_bs16_modL1_fusion32_fusionL1_drop0p2_trmiss50_trlocradio,2,0.6646510610977808,0.684037466843923,0.6206896551724137,0.7304433537868262,0.6222222222222222,0.0,0.0,0.0,0.0,0.0,0.0,0.0,0.0,0.0,2002,radio,0.5
2,5,lr1e-04_bs16_modL1_fusion32_fusionL1_drop0p2_trmiss50_trlocradio,16,0.0001,1,32,1,0.2,lr1e-04_bs16_modL1_fusion32_fusionL1_drop0p2_trmiss50_trlocradio,3,0.6499549001455307,0.6848510106404623,0.5948275862068965,0.712458293197357,0.6222222222222222,0.0,0.0,0.0,0.0,0.0,0.0,0.0,0.0,0.0,2002,radio,0.5
2,5,lr1e-04_bs16_modL1_fusion32_fusionL1_drop0p2_trmiss50_trlocradio,16,0.0001,1,32,1,0.2,lr1e-04_bs16_modL1_fusion32_fusionL1_drop0p2_trmiss50_trlocradio,4,0.6026395857334137,0.6797810594240824,0.6228448275862069,0.7110721095664444,0.6,0.0,0.0,0.0,0.0,0.0,0.0,0.0,0.0,0.0,2002,radio,0.5
2,5,lr1e-04_bs16_modL1_fusion32_fusionL1_drop0p2_trmiss50_trlocradio,16,0.0001,1,32,1,0.2,lr1e-04_bs16_modL1_fusion32_fusionL1_drop0p2_trmiss50_trlocradio,5,0.6128037571907043,0.6659184694290161,0.6443965517241379,0.7238415354912842,0.6444444444444445,0.0,0.0,0.0,0.0,0.0,0.0,0.0,0.0,0.0,2002,radio,0.5
2,5,lr1e-04_bs16_modL1_fusion32_fusionL1_drop0p2_trmiss50_trlocradio,16,0.0001,1,32,1,0.2,lr1e-04_bs16_modL1_fusion32_fusionL1_drop0p2_trmiss50_trlocradio,6,0.5942930728197098,0.666458010673523,0.6702586206896551,0.7307999370306453,0.6444444444444445,0.0,0.0,0.0,0.0,0.0,0.0,0.0,0.0,0.0,2002,radio,0.5
2,5,lr1e-04_bs16_modL1_fusion32_fusionL1_drop0p2_trmiss50_trlocradio,16,0.0001,1,32,1,0.2,lr1e-04_bs16_modL1_fusion32_fusionL1_drop0p2_trmiss50_trlocradio,7,0.5610308647155762,0.677834709485372,0.6163793103448276,0.6996730546972039,0.6444444444444445,0.0,0.0,0.0,0.0,0.0,0.0,0.0,0.0,0.0,2002,radio,0.5
2,5,lr1e-04_bs16_modL1_fusion32_fusionL1_drop0p2_trmiss50_trlocradio,16,0.0001,1,32,1,0.2,lr1e-04_bs16_modL1_fusion32_fusionL1_drop0p2_trmiss50_trlocradio,8,0.5752656559149424,0.6756741801897684,0.6400862068965517,0.7116180456862012,0.6222222222222222,0.0,0.0,0.0,0.0,0.0,0.0,0.0,0.0,0.0,2002,radio,0.5
2,5,lr1e-04_bs16_modL1_fusion32_fusionL1_drop0p2_trmiss50_trlocradio,16,0.0001,1,32,1,0.2,lr1e-04_bs16_modL1_fusion32_fusionL1_drop0p2_trmiss50_trlocradio,9,0.554221843679746,0.6680973172187805,0.6357758620689655,0.7096979089111205,0.6222222222222222,0.0,0.0,0.0,0.0,0.0,0.0,0.0,0.0,0.0,2002,radio,0.5
2,5,lr1e-04_bs16_modL1_fusion32_fusionL1_drop0p2_trmiss50_trlocradio,16,0.0001,1,32,1,0.2,lr1e-04_bs16_modL1_fusion32_fusionL1_drop0p2_trmiss50_trlocradio,10,0.5738887538512548,0.6717310945192972,0.6508620689655172,0.723832898312505,0.6222222222222222,0.0,0.0,0.0,0.0,0.0,0.0,0.0,0.0,0.0,2002,radio,0.5
2,5,lr1e-04_bs16_modL1_fusion32_fusionL1_drop0p2_trmiss50_trlocradio,16,0.0001,1,32,1,0.2,lr1e-04_bs16_modL1_fusion32_fusionL1_drop0p2_trmiss50_trlocradio,11,0.5363021145264307,0.6615380247433981,0.6637931034482759,0.7196030101746465,0.6666666666666666,0.0,0.0,0.0,0.0,0.0,0.0,0.0,0.0,0.0,2002,radio,0.5
2,5,lr1e-04_bs16_modL1_fusion32_fusionL1_drop0p2_trmiss50_trlocradio,16,0.0001,1,32,1,0.2,lr1e-04_bs16_modL1_fusion32_fusionL1_drop0p2_trmiss50_trlocradio,12,0.5320875346660614,0.6557539105415344,0.6637931034482758,0.7191315767542412,0.6444444444444445,0.0,0.0,0.0,0.0,0.0,0.0,0.0,0.0,0.0,2002,radio,0.5
2,5,lr1e-04_bs16_modL1_fusion32_fusionL1_drop0p2_trmiss50_trlocradio,16,0.0001,1,32,1,0.2,lr1e-04_bs16_modL1_fusion32_fusionL1_drop0p2_trmiss50_trlocradio,13,0.5160084068775177,0.6571774482727051,0.6487068965517241,0.7072129384411118,0.6444444444444445,0.0,0.0,0.0,0.0,0.0,0.0,0.0,0.0,0.0,2002,radio,0.5
2,5,lr1e-04_bs16_modL1_fusion32_fusionL1_drop0p2_trmiss50_trlocradio,16,0.0001,1,32,1,0.2,lr1e-04_bs16_modL1_fusion32_fusionL1_drop0p2_trmiss50_trlocradio,14,0.5016972695787748,0.6618483463923136,0.6551724137931034,0.7105353617739332,0.6444444444444445,0.0,0.0,0.0,0.0,0.0,0.0,0.0,0.0,0.0,2002,radio,0.5
2,5,lr1e-04_bs16_modL1_fusion32_fusionL1_drop0p2_trmiss50_trlocradio,16,0.0001,1,32,1,0.2,lr1e-04_bs16_modL1_fusion32_fusionL1_drop0p2_trmiss50_trlocradio,15,0.48977598547935486,0.6557123859723409,0.6594827586206897,0.7139069326801502,0.6888888888888889,0.0,0.0,0.0,0.0,0.0,0.0,0.0,0.0,0.0,2002,radio,0.5
2,5,lr1e-04_bs16_modL1_fusion32_fusionL1_drop0p2_trmiss50_trlocradio,16,0.0001,1,32,1,0.2,lr1e-04_bs16_modL1_fusion32_fusionL1_drop0p2_trmiss50_trlocradio,16,0.4730891635020574,0.647765596707662,0.6637931034482759,0.7548724499903252,0.6888888888888889,0.0,0.0,0.0,0.0,0.0,0.0,0.0,0.0,0.0,2002,radio,0.5
2,5,lr1e-04_bs16_modL1_fusion32_fusionL1_drop0p2_trmiss50_trlocradio,16,0.0001,1,32,1,0.2,lr1e-04_bs16_modL1_fusion32_fusionL1_drop0p2_trmiss50_trlocradio,17,0.4726097658276558,0.6539173126220703,0.6508620689655172,0.7127818947470798,0.6666666666666666,0.0,0.0,0.0,0.0,0.0,0.0,0.0,0.0,0.0,2002,radio,0.5
2,5,lr1e-04_bs16_modL1_fusion32_fusionL1_drop0p2_trmiss50_trlocradio,16,0.0001,1,32,1,0.2,lr1e-04_bs16_modL1_fusion32_fusionL1_drop0p2_trmiss50_trlocradio,18,0.4558255324761073,0.6539328098297119,0.6508620689655172,0.7371235929432643,0.6666666666666666,0.0,0.0,0.0,0.0,0.0,0.0,0.0,0.0,0.0,2002,radio,0.5
2,5,lr1e-04_bs16_modL1_fusion32_fusionL1_drop0p2_trmiss50_trlocradio,16,0.0001,1,32,1,0.2,lr1e-04_bs16_modL1_fusion32_fusionL1_drop0p2_trmiss50_trlocradio,19,0.44072216252485913,0.654075821240743,0.646551724137931,0.7042409879092021,0.6444444444444445,0.0,0.0,0.0,0.0,0.0,0.0,0.0,0.0,0.0,2002,radio,0.5
2,5,lr1e-04_bs16_modL1_fusion32_fusionL1_drop0p2_trmiss50_trlocradio,16,0.0001,1,32,1,0.2,lr1e-04_bs16_modL1_fusion32_fusionL1_drop0p2_trmiss50_trlocradio,20,0.4520392914613088,0.6569729248682658,0.644396551724138,0.6980527780224383,0.6666666666666666,0.0,0.0,0.0,0.0,0.0,0.0,0.0,0.0,0.0,2002,radio,0.5
2,5,lr1e-04_bs16_modL1_fusion32_fusionL1_drop0p2_trmiss50_trlocradio,16,0.0001,1,32,1,0.2,lr1e-04_bs16_modL1_fusion32_fusionL1_drop0p2_trmiss50_trlocradio,21,0.4387713794906934,0.6446658770243326,0.6487068965517241,0.7066249532704278,0.6444444444444445,0.0,0.0,0.0,0.0,0.0,0.0,0.0,0.0,0.0,2002,radio,0.5
2,5,lr1e-04_bs16_modL1_fusion32_fusionL1_drop0p2_trmiss50_trlocradio,16,0.0001,1,32,1,0.2,lr1e-04_bs16_modL1_fusion32_fusionL1_drop0p2_trmiss50_trlocradio,22,0.42983926832675934,0.638947049776713,0.6724137931034483,0.735830654172202,0.6666666666666666,0.0,0.0,0.0,0.0,0.0,0.0,0.0,0.0,0.0,2002,radio,0.5
2,5,lr1e-04_bs16_modL1_fusion32_fusionL1_drop0p2_trmiss50_trlocradio,16,0.0001,1,32,1,0.2,lr1e-04_bs16_modL1_fusion32_fusionL1_drop0p2_trmiss50_trlocradio,23,0.42774902532498044,0.6502984166145325,0.6637931034482759,0.7101218172604837,0.6666666666666666,0.0,0.0,0.0,0.0,0.0,0.0,0.0,0.0,0.0,2002,radio,0.5
2,5,lr1e-04_bs16_modL1_fusion32_fusionL1_drop0p2_trmiss50_trlocradio,16,0.0001,1,32,1,0.2,lr1e-04_bs16_modL1_fusion32_fusionL1_drop0p2_trmiss50_trlocradio,24,0.41135580837726593,0.6467722654342651,0.6616379310344828,0.7130457440072404,0.6444444444444445,0.0,0.0,0.0,0.0,0.0,0.0,0.0,0.0,0.0,2002,radio,0.5
2,5,lr1e-04_bs16_modL1_fusion32_fusionL1_drop0p2_trmiss50_trlocradio,16,0.0001,1,32,1,0.2,lr1e-04_bs16_modL1_fusion32_fusionL1_drop0p2_trmiss50_trlocradio,25,0.4177809605995814,0.643236517906189,0.6681034482758621,0.7237308019636468,0.6222222222222222,0.0,0.0,0.0,0.0,0.0,0.0,0.0,0.0,0.0,2002,radio,0.5
2,5,lr1e-04_bs16_modL1_fusion32_fusionL1_drop0p2_trmiss50_trlocradio,16,0.0001,1,32,1,0.2,lr1e-04_bs16_modL1_fusion32_fusionL1_drop0p2_trmiss50_trlocradio,26,0.4022023528814316,0.6423949201901754,0.6616379310344827,0.7144123716865782,0.6222222222222222,0.0,0.0,0.0,0.0,0.0,0.0,0.0,0.0,0.0,2002,radio,0.5
2,5,lr1e-04_bs16_modL1_fusion32_fusionL1_drop0p2_trmiss50_trlocradio,16,0.0001,1,32,1,0.2,lr1e-04_bs16_modL1_fusion32_fusionL1_drop0p2_trmiss50_trlocradio,27,0.3779957890510559,0.6366252303123474,0.665948275862069,0.7253875132905231,0.6222222222222222,0.0,0.0,0.0,0.0,0.0,0.0,0.0,0.0,0.0,2002,radio,0.5
2,5,lr1e-04_bs16_modL1_fusion32_fusionL1_drop0p2_trmiss50_trlocradio,16,0.0001,1,32,1,0.2,lr1e-04_bs16_modL1_fusion32_fusionL1_drop0p2_trmiss50_trlocradio,28,0.3861423780520757,0.6359860102335612,0.6767241379310345,0.7608965634136529,0.6222222222222222,0.0,0.0,0.0,0.0,0.0,0.0,0.0,0.0,0.0,2002,radio,0.5
2,5,lr1e-04_bs16_modL1_fusion32_fusionL1_drop0p2_trmiss50_trlocradio,16,0.0001,1,32,1,0.2,lr1e-04_bs16_modL1_fusion32_fusionL1_drop0p2_trmiss50_trlocradio,29,0.3645784631371498,0.6319164435068766,0.6745689655172413,0.766089285166118,0.6222222222222222,0.0,0.0,0.0,0.0,0.0,0.0,0.0,0.0,0.0,2002,radio,0.5
2,5,lr1e-04_bs16_modL1_fusion32_fusionL1_drop0p2_trmiss50_trlocradio,16,0.0001,1,32,1,0.2,lr1e-04_bs16_modL1_fusion32_fusionL1_drop0p2_trmiss50_trlocradio,30,0.37503161529699963,0.6367573340733846,0.6724137931034483,0.7597414624687114,0.6,0.0,0.0,0.0,0.0,0.0,0.0,0.0,0.0,0.0,2002,radio,0.5
2,5,lr1e-04_bs16_modL1_fusion32_fusionL1_drop0p2_trmiss50_trlocradio,16,0.0001,1,32,1,0.2,lr1e-04_bs16_modL1_fusion32_fusionL1_drop0p2_trmiss50_trlocradio,31,0.3567971810698509,0.6352652907371521,0.6702586206896551,0.7624836643307403,0.6444444444444445,0.0,0.0,0.0,0.0,0.0,0.0,0.0,0.0,0.0,2002,radio,0.5
2,5,lr1e-04_bs16_modL1_fusion32_fusionL1_drop0p2_trmiss50_trlocradio,16,0.0001,1,32,1,0.2,lr1e-04_bs16_modL1_fusion32_fusionL1_drop0p2_trmiss50_trlocradio,32,0.3543965220451355,0.6504007577896118,0.6594827586206896,0.7438549118742503,0.6222222222222222,0.0,0.0,0.0,0.0,0.0,0.0,0.0,0.0,0.0,2002,radio,0.5
2,5,lr1e-04_bs16_modL1_fusion32_fusionL1_drop0p2_trmiss50_trlocradio,16,0.0001,1,32,1,0.2,lr1e-04_bs16_modL1_fusion32_fusionL1_drop0p2_trmiss50_trlocradio,33,0.3312455788254738,0.6415040691693624,0.6767241379310345,0.7616915111935617,0.6,0.0,0.0,0.0,0.0,0.0,0.0,0.0,0.0,0.0,2002,radio,0.5
2,5,lr1e-04_bs16_modL1_fusion32_fusionL1_drop0p2_trmiss50_trlocradio,16,0.0001,1,32,1,0.2,lr1e-04_bs16_modL1_fusion32_fusionL1_drop0p2_trmiss50_trlocradio,34,0.3510019655028979,0.6449507077534994,0.6573275862068966,0.7415538106627952,0.6,0.0,0.0,0.0,0.0,0.0,0.0,0.0,0.0,0.0,2002,radio,0.5
2,5,lr1e-04_bs16_modL1_fusion32_fusionL1_drop0p2_trmiss50_trlocradio,16,0.0001,1,32,1,0.2,lr1e-04_bs16_modL1_fusion32_fusionL1_drop0p2_trmiss50_trlocradio,35,0.33295441170533496,0.6535070339838663,0.6637931034482758,0.7364751112512624,0.6,0.0,0.0,0.0,0.0,0.0,0.0,0.0,0.0,0.0,2002,radio,0.5
2,5,lr1e-04_bs16_modL1_fusion32_fusionL1_drop0p2_trmiss50_trlocradio,16,0.0001,1,32,1,0.2,lr1e-04_bs16_modL1_fusion32_fusionL1_drop0p2_trmiss50_trlocradio,36,0.327530100941658,0.6465988556543986,0.6551724137931034,0.750512359088488,0.6,0.0,0.0,0.0,0.0,0.0,0.0,0.0,0.0,0.0,2002,radio,0.5
2,5,lr1e-04_bs16_modL1_fusion32_fusionL1_drop0p2_trmiss50_trlocradio,16,0.0001,1,32,1,0.2,lr1e-04_bs16_modL1_fusion32_fusionL1_drop0p2_trmiss50_trlocradio,37,0.3227841729919116,0.6320429642995199,0.6702586206896552,0.7598636206304579,0.6222222222222222,0.0,0.0,0.0,0.0,0.0,0.0,0.0,0.0,0.0,2002,radio,0.5
2,5,lr1e-04_bs16_modL1_fusion32_fusionL1_drop0p2_trmiss50_trlocradio,16,0.0001,1,32,1,0.2,lr1e-04_bs16_modL1_fusion32_fusionL1_drop0p2_trmiss50_trlocradio,38,0.31773003190755844,0.6322233080863953,0.6681034482758621,0.7590977259975177,0.6222222222222222,0.0,0.0,0.0,0.0,0.0,0.0,0.0,0.0,0.0,2002,radio,0.5
2,5,lr1e-04_bs16_modL1_fusion32_fusionL1_drop0p2_trmiss50_trlocradio,16,0.0001,1,32,1,0.2,lr1e-04_bs16_modL1_fusion32_fusionL1_drop0p2_trmiss50_trlocradio,39,0.3569578652580579,0.6410338282585144,0.6745689655172413,0.7734788022296876,0.6,0.0,0.0,0.0,0.0,0.0,0.0,0.0,0.0,0.0,2002,radio,0.5
2,5,lr1e-04_bs16_modL1_fusion32_fusionL1_drop0p2_trmiss50_trlocradio,16,0.0001,1,32,1,0.2,lr1e-04_bs16_modL1_fusion32_fusionL1_drop0p2_trmiss50_trlocradio,40,0.3558223669727643,0.6375679969787598,0.6831896551724138,0.7603217979389296,0.6222222222222222,0.0,0.0,0.0,0.0,0.0,0.0,0.0,0.0,0.0,2002,radio,0.5
2,5,lr1e-04_bs16_modL1_fusion32_fusionL1_drop0p2_trmiss50_trlocradio,16,0.0001,1,32,1,0.2,lr1e-04_bs16_modL1_fusion32_fusionL1_drop0p2_trmiss50_trlocradio,41,0.3091193387905757,0.6251429915428162,0.6961206896551724,0.7662766367439034,0.6444444444444445,0.0,0.0,0.0,0.0,0.0,0.0,0.0,0.0,0.0,2002,radio,0.5
2,5,lr1e-04_bs16_modL1_fusion32_fusionL1_drop0p2_trmiss50_trlocradio,16,0.0001,1,32,1,0.2,lr1e-04_bs16_modL1_fusion32_fusionL1_drop0p2_trmiss50_trlocradio,42,0.33122772599260014,0.6228899359703064,0.689655172413793,0.7679307207255736,0.6444444444444445,0.0,0.0,0.0,0.0,0.0,0.0,0.0,0.0,0.0,2002,radio,0.5
2,5,lr1e-04_bs16_modL1_fusion32_fusionL1_drop0p2_trmiss50_trlocradio,16,0.0001,1,32,1,0.2,lr1e-04_bs16_modL1_fusion32_fusionL1_drop0p2_trmiss50_trlocradio,43,0.33435171097517014,0.6281293630599976,0.689655172413793,0.7799971508673692,0.6222222222222222,0.0,0.0,0.0,0.0,0.0,0.0,0.0,0.0,0.0,2002,radio,0.5
2,5,lr1e-04_bs16_modL1_fusion32_fusionL1_drop0p2_trmiss50_trlocradio,16,0.0001,1,32,1,0.2,lr1e-04_bs16_modL1_fusion32_fusionL1_drop0p2_trmiss50_trlocradio,44,0.30937351286411285,0.623512327671051,0.7004310344827586,0.7662865780336292,0.6444444444444445,0.0,0.0,0.0,0.0,0.0,0.0,0.0,0.0,0.0,2002,radio,0.5
2,5,lr1e-04_bs16_modL1_fusion32_fusionL1_drop0p2_trmiss50_trlocradio,16,0.0001,1,32,1,0.2,lr1e-04_bs16_modL1_fusion32_fusionL1_drop0p2_trmiss50_trlocradio,45,0.3293453703324,0.6176780064900717,0.6853448275862069,0.7498259001936334,0.6222222222222222,0.0,0.0,0.0,0.0,0.0,0.0,0.0,0.0,0.0,2002,radio,0.5
2,5,lr1e-04_bs16_modL1_fusion32_fusionL1_drop0p2_trmiss50_trlocradio,16,0.0001,1,32,1,0.2,lr1e-04_bs16_modL1_fusion32_fusionL1_drop0p2_trmiss50_trlocradio,46,0.29552936802307767,0.6362254023551941,0.6788793103448275,0.7662207745159391,0.6,0.0,0.0,0.0,0.0,0.0,0.0,0.0,0.0,0.0,2002,radio,0.5
2,5,lr1e-04_bs16_modL1_fusion32_fusionL1_drop0p2_trmiss50_trlocradio,16,0.0001,1,32,1,0.2,lr1e-04_bs16_modL1_fusion32_fusionL1_drop0p2_trmiss50_trlocradio,47,0.28697708745797473,0.6201944351196289,0.6875,0.7697137238101992,0.6444444444444445,0.0,0.0,0.0,0.0,0.0,0.0,0.0,0.0,0.0,2002,radio,0.5
2,5,lr1e-04_bs16_modL1_fusion32_fusionL1_drop0p2_trmiss50_trlocradio,16,0.0001,1,32,1,0.2,lr1e-04_bs16_modL1_fusion32_fusionL1_drop0p2_trmiss50_trlocradio,48,0.3217126528422038,0.6317524313926697,0.6918103448275862,0.7876033555213494,0.6,0.0,0.0,0.0,0.0,0.0,0.0,0.0,0.0,0.0,2002,radio,0.5
2,5,lr1e-04_bs16_modL1_fusion32_fusionL1_drop0p2_trmiss50_trlocradio,16,0.0001,1,32,1,0.2,lr1e-04_bs16_modL1_fusion32_fusionL1_drop0p2_trmiss50_trlocradio,49,0.34580736607313156,0.6350137790044149,0.6982758620689655,0.7829891326710874,0.6222222222222222,0.0,0.0,0.0,0.0,0.0,0.0,0.0,0.0,0.0,2002,radio,0.5
2,5,lr1e-04_bs16_modL1_fusion32_fusionL1_drop0p2_trmiss50_trlocradio,16,0.0001,1,32,1,0.2,lr1e-04_bs16_modL1_fusion32_fusionL1_drop0p2_trmiss50_trlocradio,50,0.2933453929920991,0.6194732586542765,0.6875,0.7585448550912157,0.6444444444444445,0.0,0.0,0.0,0.0,0.0,0.0,0.0,0.0,0.0,2002,radio,0.5
2,5,lr1e-04_bs16_modL1_fusion32_fusionL1_drop0p2_trmiss50_trlocradio,16,0.0001,1,32,1,0.2,lr1e-04_bs16_modL1_fusion32_fusionL1_drop0p2_trmiss50_trlocradio,51,0.276312464227279,0.6216726899147034,0.6961206896551724,0.7897501483366481,0.6444444444444445,0.0,0.0,0.0,0.0,0.0,0.0,0.0,0.0,0.0,2002,radio,0.5
2,5,lr1e-04_bs16_modL1_fusion32_fusionL1_drop0p2_trmiss50_trlocradio,16,0.0001,1,32,1,0.2,lr1e-04_bs16_modL1_fusion32_fusionL1_drop0p2_trmiss50_trlocradio,52,0.29424474636713666,0.6174715558687845,0.6896551724137931,0.7687398302175757,0.6444444444444445,0.0,0.0,0.0,0.0,0.0,0.0,0.0,0.0,0.0,2002,radio,0.5
2,5,lr1e-04_bs16_modL1_fusion32_fusionL1_drop0p2_trmiss50_trlocradio,16,0.0001,1,32,1,0.2,lr1e-04_bs16_modL1_fusion32_fusionL1_drop0p2_trmiss50_trlocradio,53,0.2704746052622795,0.6203275521596273,0.7047413793103448,0.793462363268549,0.6444444444444445,0.0,0.0,0.0,0.0,0.0,0.0,0.0,0.0,0.0,2002,radio,0.5
2,5,lr1e-04_bs16_modL1_fusion32_fusionL1_drop0p2_trmiss50_trlocradio,16,0.0001,1,32,1,0.2,lr1e-04_bs16_modL1_fusion32_fusionL1_drop0p2_trmiss50_trlocradio,54,0.29442474494377774,0.6310054063796997,0.7004310344827587,0.7836331497707001,0.6444444444444445,0.0,0.0,0.0,0.0,0.0,0.0,0.0,0.0,0.0,2002,radio,0.5
2,5,lr1e-04_bs16_modL1_fusion32_fusionL1_drop0p2_trmiss50_trlocradio,16,0.0001,1,32,1,0.2,lr1e-04_bs16_modL1_fusion32_fusionL1_drop0p2_trmiss50_trlocradio,55,0.28198792040348053,0.6203690568606058,0.6961206896551725,0.7796997447444205,0.6444444444444445,0.0,0.0,0.0,0.0,0.0,0.0,0.0,0.0,0.0,2002,radio,0.5
2,5,lr1e-04_bs16_modL1_fusion32_fusionL1_drop0p2_trmiss50_trlocradio,16,0.0001,1,32,1,0.2,lr1e-04_bs16_modL1_fusion32_fusionL1_drop0p2_trmiss50_trlocradio,56,0.30048707375923794,0.6141721606254578,0.7047413793103448,0.7726817353783421,0.6444444444444445,0.0,0.0,0.0,0.0,0.0,0.0,0.0,0.0,0.0,2002,radio,0.5
2,5,lr1e-04_bs16_modL1_fusion32_fusionL1_drop0p2_trmiss50_trlocradio,16,0.0001,1,32,1,0.2,lr1e-04_bs16_modL1_fusion32_fusionL1_drop0p2_trmiss50_trlocradio,57,0.2955246853331725,0.6191271543502808,0.689655172413793,0.7707909745235517,0.6444444444444445,0.0,0.0,0.0,0.0,0.0,0.0,0.0,0.0,0.0,2002,radio,0.5
2,5,lr1e-04_bs16_modL1_fusion32_fusionL1_drop0p2_trmiss50_trlocradio,16,0.0001,1,32,1,0.2,lr1e-04_bs16_modL1_fusion32_fusionL1_drop0p2_trmiss50_trlocradio,58,0.2992084560294946,0.6245703299840292,0.6939655172413792,0.7777271267520023,0.6444444444444445,0.0,0.0,0.0,0.0,0.0,0.0,0.0,0.0,0.0,2002,radio,0.5
2,5,lr1e-04_bs16_modL1_fusion32_fusionL1_drop0p2_trmiss50_trlocradio,16,0.0001,1,32,1,0.2,lr1e-04_bs16_modL1_fusion32_fusionL1_drop0p2_trmiss50_trlocradio,59,0.2614680255452792,0.613159974416097,0.7004310344827587,0.7811407639256365,0.6444444444444445,0.0,0.0,0.0,0.0,0.0,0.0,0.0,0.0,0.0,2002,radio,0.5
2,5,lr1e-04_bs16_modL1_fusion32_fusionL1_drop0p2_trmiss50_trlocradio,16,0.0001,1,32,1,0.2,lr1e-04_bs16_modL1_fusion32_fusionL1_drop0p2_trmiss50_trlocradio,60,0.2757584291199843,0.6149718165397644,0.6939655172413793,0.7749122812100295,0.6444444444444445,0.0,0.0,0.0,0.0,0.0,0.0,0.0,0.0,0.0,2002,radio,0.5
2,5,lr1e-04_bs16_modL1_fusion32_fusionL1_drop0p2_trmiss50_trlocradio,16,0.0001,1,32,1,0.2,lr1e-04_bs16_modL1_fusion32_fusionL1_drop0p2_trmiss50_trlocradio,61,0.3060085400938988,0.6113210320472717,0.7004310344827586,0.7837074832230689,0.6444444444444445,0.0,0.0,0.0,0.0,0.0,0.0,0.0,0.0,0.0,2002,radio,0.5
2,5,lr1e-04_bs16_modL1_fusion32_fusionL1_drop0p2_trmiss50_trlocradio,16,0.0001,1,32,1,0.2,lr1e-04_bs16_modL1_fusion32_fusionL1_drop0p2_trmiss50_trlocradio,62,0.30087162430087727,0.6178392569224039,0.7025862068965517,0.7782749431339848,0.6444444444444445,0.0,0.0,0.0,0.0,0.0,0.0,0.0,0.0,0.0,2002,radio,0.5
2,5,lr1e-04_bs16_modL1_fusion32_fusionL1_drop0p2_trmiss50_trlocradio,16,0.0001,1,32,1,0.2,lr1e-04_bs16_modL1_fusion32_fusionL1_drop0p2_trmiss50_trlocradio,63,0.268300694723924,0.6143855849901835,0.7112068965517241,0.7967750766168188,0.6444444444444445,0.0,0.0,0.0,0.0,0.0,0.0,0.0,0.0,0.0,2002,radio,0.5
2,5,lr1e-04_bs16_modL1_fusion32_fusionL1_drop0p2_trmiss50_trlocradio,16,0.0001,1,32,1,0.2,lr1e-04_bs16_modL1_fusion32_fusionL1_drop0p2_trmiss50_trlocradio,64,0.2621086450914542,0.6135809222857157,0.7047413793103448,0.7822225022638816,0.6444444444444445,0.0,0.0,0.0,0.0,0.0,0.0,0.0,0.0,0.0,2002,radio,0.5
2,5,lr1e-04_bs16_modL1_fusion32_fusionL1_drop0p2_trmiss50_trlocradio,16,0.0001,1,32,1,0.2,lr1e-04_bs16_modL1_fusion32_fusionL1_drop0p2_trmiss50_trlocradio,65,0.24490070839722952,0.6127269466718038,0.7133620689655172,0.7720898383915056,0.6444444444444445,0.0,0.0,0.0,0.0,0.0,0.0,0.0,0.0,0.0,2002,radio,0.5
2,5,lr1e-04_bs16_modL1_fusion32_fusionL1_drop0p2_trmiss50_trlocradio,16,0.0001,1,32,1,0.2,lr1e-04_bs16_modL1_fusion32_fusionL1_drop0p2_trmiss50_trlocradio,66,0.31594935804605484,0.603990395863851,0.7047413793103448,0.7628109224477786,0.6666666666666666,0.0,0.0,0.0,0.0,0.0,0.0,0.0,0.0,0.0,2002,radio,0.5
2,5,lr1e-04_bs16_modL1_fusion32_fusionL1_drop0p2_trmiss50_trlocradio,16,0.0001,1,32,1,0.2,lr1e-04_bs16_modL1_fusion32_fusionL1_drop0p2_trmiss50_trlocradio,67,0.24798269445697466,0.602610448996226,0.7068965517241379,0.7827503010456114,0.6444444444444445,0.0,0.0,0.0,0.0,0.0,0.0,0.0,0.0,0.0,2002,radio,0.5
2,5,lr1e-04_bs16_modL1_fusion32_fusionL1_drop0p2_trmiss50_trlocradio,16,0.0001,1,32,1,0.2,lr1e-04_bs16_modL1_fusion32_fusionL1_drop0p2_trmiss50_trlocradio,68,0.2628721085687478,0.6051368316014608,0.7112068965517242,0.7845236572336161,0.6444444444444445,0.0,0.0,0.0,0.0,0.0,0.0,0.0,0.0,0.0,2002,radio,0.5
2,5,lr1e-04_bs16_modL1_fusion32_fusionL1_drop0p2_trmiss50_trlocradio,16,0.0001,1,32,1,0.2,lr1e-04_bs16_modL1_fusion32_fusionL1_drop0p2_trmiss50_trlocradio,69,0.2936744838953018,0.6052037676175436,0.7155172413793103,0.8020574640265637,0.6444444444444445,0.0,0.0,0.0,0.0,0.0,0.0,0.0,0.0,0.0,2002,radio,0.5
2,5,lr1e-04_bs16_modL1_fusion32_fusionL1_drop0p2_trmiss50_trlocradio,16,0.0001,1,32,1,0.2,lr1e-04_bs16_modL1_fusion32_fusionL1_drop0p2_trmiss50_trlocradio,70,0.2772545578579108,0.6117350260416666,0.7068965517241379,0.7958197984116208,0.6222222222222222,0.0,0.0,0.0,0.0,0.0,0.0,0.0,0.0,0.0,2002,radio,0.5
2,5,lr1e-04_bs16_modL1_fusion32_fusionL1_drop0p2_trmiss50_trlocradio,16,0.0001,1,32,1,0.2,lr1e-04_bs16_modL1_fusion32_fusionL1_drop0p2_trmiss50_trlocradio,71,0.29063086832563084,0.6083606084187826,0.6939655172413792,0.7582680928324739,0.6444444444444445,0.0,0.0,0.0,0.0,0.0,0.0,0.0,0.0,0.0,2002,radio,0.5
2,5,lr1e-04_bs16_modL1_fusion32_fusionL1_drop0p2_trmiss50_trlocradio,16,0.0001,1,32,1,0.2,lr1e-04_bs16_modL1_fusion32_fusionL1_drop0p2_trmiss50_trlocradio,72,0.23361573989192644,0.6104117631912231,0.7047413793103449,0.7942587747384727,0.6444444444444445,0.0,0.0,0.0,0.0,0.0,0.0,0.0,0.0,0.0,2002,radio,0.5
2,5,lr1e-04_bs16_modL1_fusion32_fusionL1_drop0p2_trmiss50_trlocradio,16,0.0001,1,32,1,0.2,lr1e-04_bs16_modL1_fusion32_fusionL1_drop0p2_trmiss50_trlocradio,73,0.2933484949171543,0.6101559996604919,0.6982758620689655,0.7610428075537368,0.6666666666666666,0.0,0.0,0.0,0.0,0.0,0.0,0.0,0.0,0.0,2002,radio,0.5
2,5,lr1e-04_bs16_modL1_fusion32_fusionL1_drop0p2_trmiss50_trlocradio,16,0.0001,1,32,1,0.2,lr1e-04_bs16_modL1_fusion32_fusionL1_drop0p2_trmiss50_trlocradio,74,0.3144795248905818,0.6188204487164816,0.7004310344827586,0.7624345906434729,0.6222222222222222,0.0,0.0,0.0,0.0,0.0,0.0,0.0,0.0,0.0,2002,radio,0.5
2,5,lr1e-04_bs16_modL1_fusion32_fusionL1_drop0p2_trmiss50_trlocradio,16,0.0001,1,32,1,0.2,lr1e-04_bs16_modL1_fusion32_fusionL1_drop0p2_trmiss50_trlocradio,75,0.2603610542913278,0.6157139738400778,0.6853448275862069,0.7507429870916152,0.6444444444444445,0.0,0.0,0.0,0.0,0.0,0.0,0.0,0.0,0.0,2002,radio,0.5
2,5,lr1e-04_bs16_modL1_fusion32_fusionL1_drop0p2_trmiss50_trlocradio,16,0.0001,1,32,1,0.2,lr1e-04_bs16_modL1_fusion32_fusionL1_drop0p2_trmiss50_trlocradio,76,0.2706286236643791,0.611818253993988,0.689655172413793,0.7512480502140539,0.6888888888888889,0.0,0.0,0.0,0.0,0.0,0.0,0.0,0.0,0.0,2002,radio,0.5
2,5,lr1e-04_bs16_modL1_fusion32_fusionL1_drop0p2_trmiss50_trlocradio,16,0.0001,1,32,1,0.2,lr1e-04_bs16_modL1_fusion32_fusionL1_drop0p2_trmiss50_trlocradio,77,0.28431863337755203,0.6207920511563619,0.689655172413793,0.7529710602471557,0.6444444444444445,0.0,0.0,0.0,0.0,0.0,0.0,0.0,0.0,0.0,2002,radio,0.5
2,5,lr1e-04_bs16_modL1_fusion32_fusionL1_drop0p2_trmiss50_trlocradio,16,0.0001,1,32,1,0.2,lr1e-04_bs16_modL1_fusion32_fusionL1_drop0p2_trmiss50_trlocradio,78,0.27233153333266574,0.6192367672920227,0.6961206896551724,0.760699840609583,0.6222222222222222,0.0,0.0,0.0,0.0,0.0,0.0,0.0,0.0,0.0,2002,radio,0.5
2,5,lr1e-04_bs16_modL1_fusion32_fusionL1_drop0p2_trmiss50_trlocradio,16,0.0001,1,32,1,0.2,lr1e-04_bs16_modL1_fusion32_fusionL1_drop0p2_trmiss50_trlocradio,79,0.257900392015775,0.6222434838612875,0.6875,0.7540317010483752,0.6444444444444445,0.0,0.0,0.0,0.0,0.0,0.0,0.0,0.0,0.0,2002,radio,0.5
2,5,lr1e-04_bs16_modL1_fusion32_fusionL1_drop0p2_trmiss50_trlocradio,16,0.0001,1,32,1,0.2,lr1e-04_bs16_modL1_fusion32_fusionL1_drop0p2_trmiss50_trlocradio,80,0.24981917689243952,0.6095840136210123,0.6918103448275862,0.7571095811792096,0.6666666666666666,0.0,0.0,0.0,0.0,0.0,0.0,0.0,0.0,0.0,2002,radio,0.5
2,5,lr1e-04_bs16_modL1_fusion32_fusionL1_drop0p1_trmiss50_trlocradio,16,0.0001,1,32,1,0.1,lr1e-04_bs16_modL1_fusion32_fusionL1_drop0p1_trmiss50_trlocradio,1,0.7093217819929123,0.686448355515798,0.502155172413793,0.7459321687276894,0.5111111111111111,0.0,0.0,0.0,0.0,0.0,0.0,0.0,0.0,0.0,2002,radio,0.5
2,5,lr1e-04_bs16_modL1_fusion32_fusionL1_drop0p1_trmiss50_trlocradio,16,0.0001,1,32,1,0.1,lr1e-04_bs16_modL1_fusion32_fusionL1_drop0p1_trmiss50_trlocradio,2,0.648710086941719,0.7023184299468994,0.502155172413793,0.6987254981685832,0.4888888888888889,0.0,0.0,0.0,0.0,0.0,0.0,0.0,0.0,0.0,2002,radio,0.5
2,5,lr1e-04_bs16_modL1_fusion32_fusionL1_drop0p1_trmiss50_trlocradio,16,0.0001,1,32,1,0.1,lr1e-04_bs16_modL1_fusion32_fusionL1_drop0p1_trmiss50_trlocradio,3,0.6064247886339823,0.7050324082374573,0.5258620689655172,0.6838642433161658,0.5333333333333333,0.0,0.0,0.0,0.0,0.0,0.0,0.0,0.0,0.0,2002,radio,0.5
2,5,lr1e-04_bs16_modL1_fusion32_fusionL1_drop0p1_trmiss50_trlocradio,16,0.0001,1,32,1,0.1,lr1e-04_bs16_modL1_fusion32_fusionL1_drop0p1_trmiss50_trlocradio,4,0.5590820237994194,0.6982161601384481,0.521551724137931,0.7026991207405543,0.5111111111111111,0.0,0.0,0.0,0.0,0.0,0.0,0.0,0.0,0.0,2002,radio,0.5
2,5,lr1e-04_bs16_modL1_fusion32_fusionL1_drop0p1_trmiss50_trlocradio,16,0.0001,1,32,1,0.1,lr1e-04_bs16_modL1_fusion32_fusionL1_drop0p1_trmiss50_trlocradio,5,0.5614016254742941,0.7011622587839762,0.5517241379310345,0.7303172782838908,0.5777777777777777,0.0,0.0,0.0,0.0,0.0,0.0,0.0,0.0,0.0,2002,radio,0.5
2,5,lr1e-04_bs16_modL1_fusion32_fusionL1_drop0p1_trmiss50_trlocradio,16,0.0001,1,32,1,0.1,lr1e-04_bs16_modL1_fusion32_fusionL1_drop0p1_trmiss50_trlocradio,6,0.5249825790524483,0.6989695231119791,0.5452586206896551,0.7186771337782505,0.5333333333333333,0.0,0.0,0.0,0.0,0.0,0.0,0.0,0.0,0.0,2002,radio,0.5
2,5,lr1e-04_bs16_modL1_fusion32_fusionL1_drop0p1_trmiss50_trlocradio,16,0.0001,1,32,1,0.1,lr1e-04_bs16_modL1_fusion32_fusionL1_drop0p1_trmiss50_trlocradio,7,0.5173947860797247,0.6988106369972229,0.5560344827586207,0.7213428017353765,0.5333333333333333,0.0,0.0,0.0,0.0,0.0,0.0,0.0,0.0,0.0,2002,radio,0.5
2,5,lr1e-04_bs16_modL1_fusion32_fusionL1_drop0p1_trmiss50_trlocradio,16,0.0001,1,32,1,0.1,lr1e-04_bs16_modL1_fusion32_fusionL1_drop0p1_trmiss50_trlocradio,8,0.5143590768178304,0.7039398352305094,0.5603448275862069,0.7276785321236316,0.5333333333333333,0.0,0.0,0.0,0.0,0.0,0.0,0.0,0.0,0.0,2002,radio,0.5
2,5,lr1e-04_bs16_modL1_fusion32_fusionL1_drop0p1_trmiss50_trlocradio,16,0.0001,1,32,1,0.1,lr1e-04_bs16_modL1_fusion32_fusionL1_drop0p1_trmiss50_trlocradio,9,0.4866434534390767,0.6961585879325867,0.5560344827586207,0.7240964004355814,0.5333333333333333,0.0,0.0,0.0,0.0,0.0,0.0,0.0,0.0,0.0,2002,radio,0.5
2,5,lr1e-04_bs16_modL1_fusion32_fusionL1_drop0p1_trmiss50_trlocradio,16,0.0001,1,32,1,0.1,lr1e-04_bs16_modL1_fusion32_fusionL1_drop0p1_trmiss50_trlocradio,10,0.4852735474705696,0.690912147363027,0.5344827586206896,0.7091892833683053,0.5777777777777777,0.0,0.0,0.0,0.0,0.0,0.0,0.0,0.0,0.0,2002,radio,0.5
2,5,lr1e-04_bs16_modL1_fusion32_fusionL1_drop0p1_trmiss50_trlocradio,16,0.0001,1,32,1,0.1,lr1e-04_bs16_modL1_fusion32_fusionL1_drop0p1_trmiss50_trlocradio,11,0.49077583601077396,0.6972128947575887,0.5711206896551724,0.7331416239015156,0.5555555555555556,0.0,0.0,0.0,0.0,0.0,0.0,0.0,0.0,0.0,2002,radio,0.5
2,5,lr1e-04_bs16_modL1_fusion32_fusionL1_drop0p1_trmiss50_trlocradio,16,0.0001,1,32,1,0.1,lr1e-04_bs16_modL1_fusion32_fusionL1_drop0p1_trmiss50_trlocradio,12,0.4599476183454196,0.696108082930247,0.5560344827586207,0.7250866673780063,0.5555555555555556,0.0,0.0,0.0,0.0,0.0,0.0,0.0,0.0,0.0,2002,radio,0.5
2,5,lr1e-04_bs16_modL1_fusion32_fusionL1_drop0p1_trmiss50_trlocradio,16,0.0001,1,32,1,0.1,lr1e-04_bs16_modL1_fusion32_fusionL1_drop0p1_trmiss50_trlocradio,13,0.46465883652369183,0.693134069442749,0.5344827586206897,0.7042431653426295,0.5777777777777777,0.0,0.0,0.0,0.0,0.0,0.0,0.0,0.0,0.0,2002,radio,0.5
2,5,lr1e-04_bs16_modL1_fusion32_fusionL1_drop0p1_trmiss50_trlocradio,16,0.0001,1,32,1,0.1,lr1e-04_bs16_modL1_fusion32_fusionL1_drop0p1_trmiss50_trlocradio,14,0.44637628893057507,0.6893730362256368,0.5452586206896551,0.7189520770963338,0.5777777777777777,0.0,0.0,0.0,0.0,0.0,0.0,0.0,0.0,0.0,2002,radio,0.5
2,5,lr1e-04_bs16_modL1_fusion32_fusionL1_drop0p1_trmiss50_trlocradio,16,0.0001,1,32,1,0.1,lr1e-04_bs16_modL1_fusion32_fusionL1_drop0p1_trmiss50_trlocradio,15,0.481360691289107,0.6988484263420105,0.5711206896551724,0.7383063432371697,0.5555555555555556,0.0,0.0,0.0,0.0,0.0,0.0,0.0,0.0,0.0,2002,radio,0.5
2,5,lr1e-04_bs16_modL1_fusion32_fusionL1_drop0p1_trmiss50_trlocradio,16,0.0001,1,32,1,0.1,lr1e-04_bs16_modL1_fusion32_fusionL1_drop0p1_trmiss50_trlocradio,16,0.43236510703961056,0.6974584857622782,0.5625,0.7191813856939098,0.5555555555555556,0.0,0.0,0.0,0.0,0.0,0.0,0.0,0.0,0.0,2002,radio,0.5
2,5,lr1e-04_bs16_modL1_fusion32_fusionL1_drop0p1_trmiss50_trlocradio,16,0.0001,1,32,1,0.1,lr1e-04_bs16_modL1_fusion32_fusionL1_drop0p1_trmiss50_trlocradio,17,0.45406341056029004,0.7028703490893046,0.5625,0.7200417257425928,0.5777777777777777,0.0,0.0,0.0,0.0,0.0,0.0,0.0,0.0,0.0,2002,radio,0.5
2,5,lr1e-04_bs16_modL1_fusion32_fusionL1_drop0p1_trmiss50_trlocradio,16,0.0001,1,32,1,0.1,lr1e-04_bs16_modL1_fusion32_fusionL1_drop0p1_trmiss50_trlocradio,18,0.42513615141312283,0.6970109343528748,0.5301724137931034,0.7012471705917138,0.5555555555555556,0.0,0.0,0.0,0.0,0.0,0.0,0.0,0.0,0.0,2002,radio,0.5
2,5,lr1e-04_bs16_modL1_fusion32_fusionL1_drop0p1_trmiss50_trlocradio,16,0.0001,1,32,1,0.1,lr1e-04_bs16_modL1_fusion32_fusionL1_drop0p1_trmiss50_trlocradio,19,0.453081709643205,0.6912958820660909,0.5387931034482758,0.7063862377486816,0.5555555555555556,0.0,0.0,0.0,0.0,0.0,0.0,0.0,0.0,0.0,2002,radio,0.5
2,5,lr1e-04_bs16_modL1_fusion32_fusionL1_drop0p1_trmiss50_trlocradio,16,0.0001,1,32,1,0.1,lr1e-04_bs16_modL1_fusion32_fusionL1_drop0p1_trmiss50_trlocradio,20,0.4181958610812823,0.6962395707766215,0.5323275862068966,0.7003922133142904,0.5555555555555556,0.0,0.0,0.0,0.0,0.0,0.0,0.0,0.0,0.0,2002,radio,0.5
2,5,lr1e-04_bs16_modL1_fusion32_fusionL1_drop0p1_trmiss50_trlocradio,16,0.0001,1,32,1,0.1,lr1e-04_bs16_modL1_fusion32_fusionL1_drop0p1_trmiss50_trlocradio,21,0.41686072448889416,0.6927590767542521,0.5344827586206896,0.7011909364840676,0.5555555555555556,0.0,0.0,0.0,0.0,0.0,0.0,0.0,0.0,0.0,2002,radio,0.5
2,5,lr1e-04_bs16_modL1_fusion32_fusionL1_drop0p1_trmiss50_trlocradio,16,0.0001,1,32,1,0.1,lr1e-04_bs16_modL1_fusion32_fusionL1_drop0p1_trmiss50_trlocradio,22,0.42662401000658673,0.7029147744178772,0.5344827586206896,0.7024336384015455,0.5555555555555556,0.0,0.0,0.0,0.0,0.0,0.0,0.0,0.0,0.0,2002,radio,0.5
2,5,lr1e-04_bs16_modL1_fusion32_fusionL1_drop0p1_trmiss50_trlocradio,16,0.0001,1,32,1,0.1,lr1e-04_bs16_modL1_fusion32_fusionL1_drop0p1_trmiss50_trlocradio,23,0.4317786619067192,0.6938653389612833,0.5452586206896551,0.7150516949502228,0.5555555555555556,0.0,0.0,0.0,0.0,0.0,0.0,0.0,0.0,0.0,2002,radio,0.5
2,5,lr1e-04_bs16_modL1_fusion32_fusionL1_drop0p1_trmiss50_trlocradio,16,0.0001,1,32,1,0.1,lr1e-04_bs16_modL1_fusion32_fusionL1_drop0p1_trmiss50_trlocradio,24,0.4439496050278346,0.6931077837944031,0.5474137931034483,0.7158184102925644,0.5555555555555556,0.0,0.0,0.0,0.0,0.0,0.0,0.0,0.0,0.0,2002,radio,0.5
2,5,lr1e-04_bs16_modL1_fusion32_fusionL1_drop0p1_trmiss50_trlocradio,16,0.0001,1,32,1,0.1,lr1e-04_bs16_modL1_fusion32_fusionL1_drop0p1_trmiss50_trlocradio,25,0.4255618030826251,0.7028262813886007,0.5517241379310345,0.7158052207429084,0.5555555555555556,0.0,0.0,0.0,0.0,0.0,0.0,0.0,0.0,0.0,2002,radio,0.5
2,5,lr1e-04_bs16_modL1_fusion32_fusionL1_drop0p1_trmiss50_trlocradio,16,0.0001,1,32,1,0.1,lr1e-04_bs16_modL1_fusion32_fusionL1_drop0p1_trmiss50_trlocradio,26,0.4311317081252734,0.6958472530047098,0.5581896551724138,0.7183607955166351,0.5555555555555556,0.0,0.0,0.0,0.0,0.0,0.0,0.0,0.0,0.0,2002,radio,0.5
2,5,lr1e-04_bs16_modL1_fusion32_fusionL1_drop0p1_trmiss50_trlocradio,16,0.0001,1,32,1,0.1,lr1e-04_bs16_modL1_fusion32_fusionL1_drop0p1_trmiss50_trlocradio,27,0.4147554735342662,0.6961616079012553,0.5517241379310345,0.7174462213180748,0.5555555555555556,0.0,0.0,0.0,0.0,0.0,0.0,0.0,0.0,0.0,2002,radio,0.5
2,5,lr1e-04_bs16_modL1_fusion32_fusionL1_drop0p1_trmiss50_trlocradio,16,0.0001,1,32,1,0.1,lr1e-04_bs16_modL1_fusion32_fusionL1_drop0p1_trmiss50_trlocradio,28,0.4223606660962105,0.693446675936381,0.5301724137931034,0.6970345207984896,0.5555555555555556,0.0,0.0,0.0,0.0,0.0,0.0,0.0,0.0,0.0,2002,radio,0.5
2,5,lr1e-04_bs16_modL1_fusion32_fusionL1_drop0p1_trmiss50_trlocradio,16,0.0001,1,32,1,0.1,lr1e-04_bs16_modL1_fusion32_fusionL1_drop0p1_trmiss50_trlocradio,29,0.4385642136136691,0.703464130560557,0.5258620689655172,0.7048231954161797,0.5555555555555556,0.0,0.0,0.0,0.0,0.0,0.0,0.0,0.0,0.0,2002,radio,0.5
2,5,lr1e-04_bs16_modL1_fusion32_fusionL1_drop0p1_trmiss50_trlocradio,16,0.0001,1,32,1,0.1,lr1e-04_bs16_modL1_fusion32_fusionL1_drop0p1_trmiss50_trlocradio,30,0.41508056968450546,0.6945732037226359,0.5517241379310345,0.7208667042943218,0.5555555555555556,0.0,0.0,0.0,0.0,0.0,0.0,0.0,0.0,0.0,2002,radio,0.5
2,5,lr1e-04_bs16_modL1_fusion32_fusionL1_drop0p1_trmiss50_trlocradio,16,0.0001,1,32,1,0.1,lr1e-04_bs16_modL1_fusion32_fusionL1_drop0p1_trmiss50_trlocradio,31,0.4010202611486117,0.691218912601471,0.5237068965517241,0.691115226175492,0.5555555555555556,0.0,0.0,0.0,0.0,0.0,0.0,0.0,0.0,0.0,2002,radio,0.5
2,5,lr1e-04_bs16_modL1_fusion64_fusionL1_drop0p2_trmiss50_trlocradio,16,0.0001,1,64,1,0.2,lr1e-04_bs16_modL1_fusion64_fusionL1_drop0p2_trmiss50_trlocradio,1,0.7189830839633942,0.6798050999641418,0.5711206896551725,0.7722565743473078,0.5777777777777777,0.0,0.0,0.0,0.0,0.0,0.0,0.0,0.0,0.0,2002,radio,0.5
2,5,lr1e-04_bs16_modL1_fusion64_fusionL1_drop0p2_trmiss50_trlocradio,16,0.0001,1,64,1,0.2,lr1e-04_bs16_modL1_fusion64_fusionL1_drop0p2_trmiss50_trlocradio,2,0.6597584237655004,0.680092473824819,0.5948275862068966,0.7751441016523932,0.5333333333333333,0.0,0.0,0.0,0.0,0.0,0.0,0.0,0.0,0.0,2002,radio,0.5
2,5,lr1e-04_bs16_modL1_fusion64_fusionL1_drop0p2_trmiss50_trlocradio,16,0.0001,1,64,1,0.2,lr1e-04_bs16_modL1_fusion64_fusionL1_drop0p2_trmiss50_trlocradio,3,0.6500051518281301,0.6720718542734782,0.6163793103448276,0.7810058751829335,0.6222222222222222,0.0,0.0,0.0,0.0,0.0,0.0,0.0,0.0,0.0,2002,radio,0.5
2,5,lr1e-04_bs16_modL1_fusion64_fusionL1_drop0p2_trmiss50_trlocradio,16,0.0001,1,64,1,0.2,lr1e-04_bs16_modL1_fusion64_fusionL1_drop0p2_trmiss50_trlocradio,4,0.6135273228089014,0.6727064251899719,0.6250000000000001,0.785895522975102,0.6222222222222222,0.0,0.0,0.0,0.0,0.0,0.0,0.0,0.0,0.0,2002,radio,0.5
2,5,lr1e-04_bs16_modL1_fusion64_fusionL1_drop0p2_trmiss50_trlocradio,16,0.0001,1,64,1,0.2,lr1e-04_bs16_modL1_fusion64_fusionL1_drop0p2_trmiss50_trlocradio,5,0.6066579471031824,0.6735333601633707,0.6271551724137931,0.7842798941826915,0.6222222222222222,0.0,0.0,0.0,0.0,0.0,0.0,0.0,0.0,0.0,2002,radio,0.5
2,5,lr1e-04_bs16_modL1_fusion64_fusionL1_drop0p2_trmiss50_trlocradio,16,0.0001,1,64,1,0.2,lr1e-04_bs16_modL1_fusion64_fusionL1_drop0p2_trmiss50_trlocradio,6,0.6012168576320013,0.6672990123430887,0.6379310344827586,0.8088802991873341,0.6,0.0,0.0,0.0,0.0,0.0,0.0,0.0,0.0,0.0,2002,radio,0.5
2,5,lr1e-04_bs16_modL1_fusion64_fusionL1_drop0p2_trmiss50_trlocradio,16,0.0001,1,64,1,0.2,lr1e-04_bs16_modL1_fusion64_fusionL1_drop0p2_trmiss50_trlocradio,7,0.5786198576291403,0.6726106603940328,0.6056034482758621,0.7827062582413982,0.6222222222222222,0.0,0.0,0.0,0.0,0.0,0.0,0.0,0.0,0.0,2002,radio,0.5
2,5,lr1e-04_bs16_modL1_fusion64_fusionL1_drop0p2_trmiss50_trlocradio,16,0.0001,1,64,1,0.2,lr1e-04_bs16_modL1_fusion64_fusionL1_drop0p2_trmiss50_trlocradio,8,0.5661652733882269,0.6597676277160645,0.6142241379310345,0.7903752337139212,0.6,0.0,0.0,0.0,0.0,0.0,0.0,0.0,0.0,0.0,2002,radio,0.5
2,5,lr1e-04_bs16_modL1_fusion64_fusionL1_drop0p2_trmiss50_trlocradio,16,0.0001,1,64,1,0.2,lr1e-04_bs16_modL1_fusion64_fusionL1_drop0p2_trmiss50_trlocradio,9,0.5501066843668619,0.6516587336858114,0.6573275862068966,0.817978096721033,0.6222222222222222,0.0,0.0,0.0,0.0,0.0,0.0,0.0,0.0,0.0,2002,radio,0.5
2,5,lr1e-04_bs16_modL1_fusion64_fusionL1_drop0p2_trmiss50_trlocradio,16,0.0001,1,64,1,0.2,lr1e-04_bs16_modL1_fusion64_fusionL1_drop0p2_trmiss50_trlocradio,10,0.5367967734734217,0.6422335108121237,0.6918103448275862,0.8381577101109676,0.6444444444444445,0.0,0.0,0.0,0.0,0.0,0.0,0.0,0.0,0.0,2002,radio,0.5
2,5,lr1e-04_bs16_modL1_fusion64_fusionL1_drop0p2_trmiss50_trlocradio,16,0.0001,1,64,1,0.2,lr1e-04_bs16_modL1_fusion64_fusionL1_drop0p2_trmiss50_trlocradio,11,0.5653744066754977,0.6350908279418945,0.6724137931034483,0.8224207697579415,0.6444444444444445,0.0,0.0,0.0,0.0,0.0,0.0,0.0,0.0,0.0,2002,radio,0.5
2,5,lr1e-04_bs16_modL1_fusion64_fusionL1_drop0p2_trmiss50_trlocradio,16,0.0001,1,64,1,0.2,lr1e-04_bs16_modL1_fusion64_fusionL1_drop0p2_trmiss50_trlocradio,12,0.5109788477420807,0.6407900849978129,0.665948275862069,0.8121699154956485,0.6222222222222222,0.0,0.0,0.0,0.0,0.0,0.0,0.0,0.0,0.0,2002,radio,0.5
2,5,lr1e-04_bs16_modL1_fusion64_fusionL1_drop0p2_trmiss50_trlocradio,16,0.0001,1,64,1,0.2,lr1e-04_bs16_modL1_fusion64_fusionL1_drop0p2_trmiss50_trlocradio,13,0.522652896742026,0.6372186144193014,0.6767241379310345,0.8091140849415528,0.6222222222222222,0.0,0.0,0.0,0.0,0.0,0.0,0.0,0.0,0.0,2002,radio,0.5
2,5,lr1e-04_bs16_modL1_fusion64_fusionL1_drop0p2_trmiss50_trlocradio,16,0.0001,1,64,1,0.2,lr1e-04_bs16_modL1_fusion64_fusionL1_drop0p2_trmiss50_trlocradio,14,0.49374348670244217,0.6303423047065735,0.6788793103448275,0.822240842068205,0.6222222222222222,0.0,0.0,0.0,0.0,0.0,0.0,0.0,0.0,0.0,2002,radio,0.5
2,5,lr1e-04_bs16_modL1_fusion64_fusionL1_drop0p2_trmiss50_trlocradio,16,0.0001,1,64,1,0.2,lr1e-04_bs16_modL1_fusion64_fusionL1_drop0p2_trmiss50_trlocradio,15,0.4845959047476451,0.6168811917304993,0.7176724137931034,0.8461376503833906,0.6666666666666666,0.0,0.0,0.0,0.0,0.0,0.0,0.0,0.0,0.0,2002,radio,0.5
2,5,lr1e-04_bs16_modL1_fusion64_fusionL1_drop0p2_trmiss50_trlocradio,16,0.0001,1,64,1,0.2,lr1e-04_bs16_modL1_fusion64_fusionL1_drop0p2_trmiss50_trlocradio,16,0.4740213950475057,0.6134408911069235,0.7198275862068966,0.8360226597842606,0.6666666666666666,0.0,0.0,0.0,0.0,0.0,0.0,0.0,0.0,0.0,2002,radio,0.5
2,5,lr1e-04_bs16_modL1_fusion64_fusionL1_drop0p2_trmiss50_trlocradio,16,0.0001,1,64,1,0.2,lr1e-04_bs16_modL1_fusion64_fusionL1_drop0p2_trmiss50_trlocradio,17,0.4601958617568016,0.6096540093421936,0.7241379310344827,0.7968996159578456,0.6666666666666666,0.0,0.0,0.0,0.0,0.0,0.0,0.0,0.0,0.0,2002,radio,0.5
2,5,lr1e-04_bs16_modL1_fusion64_fusionL1_drop0p2_trmiss50_trlocradio,16,0.0001,1,64,1,0.2,lr1e-04_bs16_modL1_fusion64_fusionL1_drop0p2_trmiss50_trlocradio,18,0.4669659386078517,0.6109602848688761,0.7219827586206896,0.8226296773735464,0.6666666666666666,0.0,0.0,0.0,0.0,0.0,0.0,0.0,0.0,0.0,2002,radio,0.5
2,5,lr1e-04_bs16_modL1_fusion64_fusionL1_drop0p2_trmiss50_trlocradio,16,0.0001,1,64,1,0.2,lr1e-04_bs16_modL1_fusion64_fusionL1_drop0p2_trmiss50_trlocradio,19,0.46132026612758636,0.6049003601074219,0.7327586206896551,0.8384640315013363,0.6888888888888889,0.0,0.0,0.0,0.0,0.0,0.0,0.0,0.0,0.0,2002,radio,0.5
2,5,lr1e-04_bs16_modL1_fusion64_fusionL1_drop0p2_trmiss50_trlocradio,16,0.0001,1,64,1,0.2,lr1e-04_bs16_modL1_fusion64_fusionL1_drop0p2_trmiss50_trlocradio,20,0.4505287980039914,0.6076373855272929,0.7327586206896551,0.833425017664148,0.6888888888888889,0.0,0.0,0.0,0.0,0.0,0.0,0.0,0.0,0.0,2002,radio,0.5
2,5,lr1e-04_bs16_modL1_fusion64_fusionL1_drop0p2_trmiss50_trlocradio,16,0.0001,1,64,1,0.2,lr1e-04_bs16_modL1_fusion64_fusionL1_drop0p2_trmiss50_trlocradio,21,0.43884363770484924,0.6113315423329672,0.7133620689655172,0.7936761599546478,0.6666666666666666,0.0,0.0,0.0,0.0,0.0,0.0,0.0,0.0,0.0,2002,radio,0.5
2,5,lr1e-04_bs16_modL1_fusion64_fusionL1_drop0p2_trmiss50_trlocradio,16,0.0001,1,64,1,0.2,lr1e-04_bs16_modL1_fusion64_fusionL1_drop0p2_trmiss50_trlocradio,22,0.4079698547720909,0.600268284479777,0.7370689655172413,0.8060561440223801,0.7111111111111111,0.0,0.0,0.0,0.0,0.0,0.0,0.0,0.0,0.0,2002,radio,0.5
2,5,lr1e-04_bs16_modL1_fusion64_fusionL1_drop0p2_trmiss50_trlocradio,16,0.0001,1,64,1,0.2,lr1e-04_bs16_modL1_fusion64_fusionL1_drop0p2_trmiss50_trlocradio,23,0.42755264788866043,0.590780774752299,0.7521551724137931,0.8230255111408228,0.7333333333333333,0.0,0.0,0.0,0.0,0.0,0.0,0.0,0.0,0.0,2002,radio,0.5
2,5,lr1e-04_bs16_modL1_fusion64_fusionL1_drop0p2_trmiss50_trlocradio,16,0.0001,1,64,1,0.2,lr1e-04_bs16_modL1_fusion64_fusionL1_drop0p2_trmiss50_trlocradio,24,0.39173004527886707,0.58159073193868,0.771551724137931,0.849509000270303,0.7111111111111111,0.0,0.0,0.0,0.0,0.0,0.0,0.0,0.0,0.0,2002,radio,0.5
2,5,lr1e-04_bs16_modL1_fusion64_fusionL1_drop0p2_trmiss50_trlocradio,16,0.0001,1,64,1,0.2,lr1e-04_bs16_modL1_fusion64_fusionL1_drop0p2_trmiss50_trlocradio,25,0.42380669961373013,0.5799527963002523,0.7974137931034483,0.8824250501108672,0.7333333333333333,0.0,0.0,0.0,0.0,0.0,0.0,0.0,0.0,0.0,2002,radio,0.5
2,5,lr1e-04_bs16_modL1_fusion64_fusionL1_drop0p2_trmiss50_trlocradio,16,0.0001,1,64,1,0.2,lr1e-04_bs16_modL1_fusion64_fusionL1_drop0p2_trmiss50_trlocradio,26,0.4171499212582906,0.579941471417745,0.7887931034482758,0.8838566584912302,0.7111111111111111,0.0,0.0,0.0,0.0,0.0,0.0,0.0,0.0,0.0,2002,radio,0.5
2,5,lr1e-04_bs16_modL1_fusion64_fusionL1_drop0p2_trmiss50_trlocradio,16,0.0001,1,64,1,0.2,lr1e-04_bs16_modL1_fusion64_fusionL1_drop0p2_trmiss50_trlocradio,27,0.3898726801077525,0.5822805166244507,0.7823275862068966,0.8729547300407143,0.7111111111111111,0.0,0.0,0.0,0.0,0.0,0.0,0.0,0.0,0.0,2002,radio,0.5
2,5,lr1e-04_bs16_modL1_fusion64_fusionL1_drop0p2_trmiss50_trlocradio,16,0.0001,1,64,1,0.2,lr1e-04_bs16_modL1_fusion64_fusionL1_drop0p2_trmiss50_trlocradio,28,0.35659126192331314,0.5864597956339518,0.7650862068965516,0.8639542342947457,0.7111111111111111,0.0,0.0,0.0,0.0,0.0,0.0,0.0,0.0,0.0,2002,radio,0.5
2,5,lr1e-04_bs16_modL1_fusion64_fusionL1_drop0p2_trmiss50_trlocradio,16,0.0001,1,64,1,0.2,lr1e-04_bs16_modL1_fusion64_fusionL1_drop0p2_trmiss50_trlocradio,29,0.3684300556778908,0.5720101197560629,0.7672413793103448,0.8575929309302284,0.6888888888888889,0.0,0.0,0.0,0.0,0.0,0.0,0.0,0.0,0.0,2002,radio,0.5
2,5,lr1e-04_bs16_modL1_fusion64_fusionL1_drop0p2_trmiss50_trlocradio,16,0.0001,1,64,1,0.2,lr1e-04_bs16_modL1_fusion64_fusionL1_drop0p2_trmiss50_trlocradio,30,0.33863847702741623,0.5727811058362325,0.7586206896551724,0.851143288765323,0.6666666666666666,0.0,0.0,0.0,0.0,0.0,0.0,0.0,0.0,0.0,2002,radio,0.5
2,5,lr1e-04_bs16_modL1_fusion64_fusionL1_drop0p2_trmiss50_trlocradio,16,0.0001,1,64,1,0.2,lr1e-04_bs16_modL1_fusion64_fusionL1_drop0p2_trmiss50_trlocradio,31,0.3362070992588997,0.5703858931859335,0.7564655172413792,0.855273604414651,0.6888888888888889,0.0,0.0,0.0,0.0,0.0,0.0,0.0,0.0,0.0,2002,radio,0.5
2,5,lr1e-04_bs16_modL1_fusion64_fusionL1_drop0p2_trmiss50_trlocradio,16,0.0001,1,64,1,0.2,lr1e-04_bs16_modL1_fusion64_fusionL1_drop0p2_trmiss50_trlocradio,32,0.3180162310600281,0.5707428654034933,0.7435344827586207,0.8439292289871361,0.6888888888888889,0.0,0.0,0.0,0.0,0.0,0.0,0.0,0.0,0.0,2002,radio,0.5
2,5,lr1e-04_bs16_modL1_fusion64_fusionL1_drop0p2_trmiss50_trlocradio,16,0.0001,1,64,1,0.2,lr1e-04_bs16_modL1_fusion64_fusionL1_drop0p2_trmiss50_trlocradio,33,0.3328711489836375,0.5741932590802511,0.7478448275862069,0.8474043648457814,0.6888888888888889,0.0,0.0,0.0,0.0,0.0,0.0,0.0,0.0,0.0,2002,radio,0.5
2,5,lr1e-04_bs16_modL1_fusion64_fusionL1_drop0p2_trmiss50_trlocradio,16,0.0001,1,64,1,0.2,lr1e-04_bs16_modL1_fusion64_fusionL1_drop0p2_trmiss50_trlocradio,34,0.31978459656238556,0.5826040307680765,0.75,0.844657323089727,0.6888888888888889,0.0,0.0,0.0,0.0,0.0,0.0,0.0,0.0,0.0,2002,radio,0.5
2,5,lr1e-04_bs16_modL1_fusion64_fusionL1_drop0p2_trmiss50_trlocradio,16,0.0001,1,64,1,0.2,lr1e-04_bs16_modL1_fusion64_fusionL1_drop0p2_trmiss50_trlocradio,35,0.2873091672857602,0.5911563038825989,0.7155172413793103,0.8005968938725386,0.6666666666666666,0.0,0.0,0.0,0.0,0.0,0.0,0.0,0.0,0.0,2002,radio,0.5
2,5,lr1e-04_bs16_modL1_fusion64_fusionL1_drop0p2_trmiss50_trlocradio,16,0.0001,1,64,1,0.2,lr1e-04_bs16_modL1_fusion64_fusionL1_drop0p2_trmiss50_trlocradio,36,0.29225749025742215,0.5881214737892151,0.7284482758620691,0.806130606482078,0.6666666666666666,0.0,0.0,0.0,0.0,0.0,0.0,0.0,0.0,0.0,2002,radio,0.5
2,5,lr1e-04_bs16_modL1_fusion64_fusionL1_drop0p2_trmiss50_trlocradio,16,0.0001,1,64,1,0.2,lr1e-04_bs16_modL1_fusion64_fusionL1_drop0p2_trmiss50_trlocradio,37,0.2764887710412343,0.5926227370897929,0.7241379310344828,0.7995818146470128,0.6666666666666666,0.0,0.0,0.0,0.0,0.0,0.0,0.0,0.0,0.0,2002,radio,0.5
2,5,lr1e-04_bs16_modL1_fusion64_fusionL1_drop0p2_trmiss50_trlocradio,16,0.0001,1,64,1,0.2,lr1e-04_bs16_modL1_fusion64_fusionL1_drop0p2_trmiss50_trlocradio,38,0.2715865696469943,0.5857646465301514,0.7241379310344828,0.8017076630053672,0.6888888888888889,0.0,0.0,0.0,0.0,0.0,0.0,0.0,0.0,0.0,2002,radio,0.5
2,5,lr1e-04_bs16_modL1_fusion64_fusionL1_drop0p2_trmiss50_trlocradio,16,0.0001,1,64,1,0.2,lr1e-04_bs16_modL1_fusion64_fusionL1_drop0p2_trmiss50_trlocradio,39,0.3074641947944959,0.5902442932128906,0.7241379310344828,0.8017126267852857,0.6666666666666666,0.0,0.0,0.0,0.0,0.0,0.0,0.0,0.0,0.0,2002,radio,0.5
2,5,lr1e-04_bs16_modL1_fusion64_fusionL1_drop0p2_trmiss50_trlocradio,16,0.0001,1,64,1,0.2,lr1e-04_bs16_modL1_fusion64_fusionL1_drop0p2_trmiss50_trlocradio,40,0.28726959973573685,0.5896013379096985,0.7198275862068966,0.7998824125706367,0.6888888888888889,0.0,0.0,0.0,0.0,0.0,0.0,0.0,0.0,0.0,2002,radio,0.5
2,5,lr1e-04_bs16_modL1_fusion64_fusionL1_drop0p2_trmiss50_trlocradio,16,0.0001,1,64,1,0.2,lr1e-04_bs16_modL1_fusion64_fusionL1_drop0p2_trmiss50_trlocradio,41,0.287511703868707,0.5874688625335693,0.7327586206896551,0.8153762662325396,0.6666666666666666,0.0,0.0,0.0,0.0,0.0,0.0,0.0,0.0,0.0,2002,radio,0.5
2,5,lr1e-04_bs16_modL1_fusion64_fusionL1_drop0p2_trmiss50_trlocradio,16,0.0001,1,64,1,0.2,lr1e-04_bs16_modL1_fusion64_fusionL1_drop0p2_trmiss50_trlocradio,42,0.27676112825671834,0.5848907430966696,0.7392241379310345,0.8197482179168644,0.6888888888888889,0.0,0.0,0.0,0.0,0.0,0.0,0.0,0.0,0.0,2002,radio,0.5
2,5,lr1e-04_bs16_modL1_fusion64_fusionL1_drop0p2_trmiss50_trlocradio,16,0.0001,1,64,1,0.2,lr1e-04_bs16_modL1_fusion64_fusionL1_drop0p2_trmiss50_trlocradio,43,0.2391546443104744,0.5811436772346497,0.7413793103448275,0.8346028121549202,0.6888888888888889,0.0,0.0,0.0,0.0,0.0,0.0,0.0,0.0,0.0,2002,radio,0.5
2,5,lr1e-04_bs16_modL1_fusion64_fusionL1_drop0p2_trmiss50_trlocradio,16,0.0001,1,64,1,0.2,lr1e-04_bs16_modL1_fusion64_fusionL1_drop0p2_trmiss50_trlocradio,44,0.24960321436325708,0.5828684369723002,0.7478448275862069,0.8492152077563344,0.6888888888888889,0.0,0.0,0.0,0.0,0.0,0.0,0.0,0.0,0.0,2002,radio,0.5
2,5,lr1e-04_bs16_modL1_fusion64_fusionL1_drop0p2_trmiss50_trlocradio,16,0.0001,1,64,1,0.2,lr1e-04_bs16_modL1_fusion64_fusionL1_drop0p2_trmiss50_trlocradio,45,0.2824633866548538,0.5795616308848063,0.7392241379310345,0.8349696494534596,0.7111111111111111,0.0,0.0,0.0,0.0,0.0,0.0,0.0,0.0,0.0,2002,radio,0.5
2,5,lr1e-04_bs16_modL1_fusion64_fusionL1_drop0p1_trmiss50_trlocradio,16,0.0001,1,64,1,0.1,lr1e-04_bs16_modL1_fusion64_fusionL1_drop0p1_trmiss50_trlocradio,1,0.7495366781949997,0.7040865818659464,0.4849137931034483,0.6305940873138407,0.4666666666666667,0.0,0.0,0.0,0.0,0.0,0.0,0.0,0.0,0.0,2002,radio,0.5
2,5,lr1e-04_bs16_modL1_fusion64_fusionL1_drop0p1_trmiss50_trlocradio,16,0.0001,1,64,1,0.1,lr1e-04_bs16_modL1_fusion64_fusionL1_drop0p1_trmiss50_trlocradio,2,0.6888112674156824,0.7161451379458109,0.4806034482758621,0.6243536785352468,0.4888888888888889,0.0,0.0,0.0,0.0,0.0,0.0,0.0,0.0,0.0,2002,radio,0.5
2,5,lr1e-04_bs16_modL1_fusion64_fusionL1_drop0p1_trmiss50_trlocradio,16,0.0001,1,64,1,0.1,lr1e-04_bs16_modL1_fusion64_fusionL1_drop0p1_trmiss50_trlocradio,3,0.6384977251291275,0.7176493803660074,0.5150862068965517,0.6448018523828741,0.4666666666666667,0.0,0.0,0.0,0.0,0.0,0.0,0.0,0.0,0.0,2002,radio,0.5
2,5,lr1e-04_bs16_modL1_fusion64_fusionL1_drop0p1_trmiss50_trlocradio,16,0.0001,1,64,1,0.1,lr1e-04_bs16_modL1_fusion64_fusionL1_drop0p1_trmiss50_trlocradio,4,0.6290836830933889,0.7091944416364034,0.5689655172413792,0.6952332940944839,0.5111111111111111,0.0,0.0,0.0,0.0,0.0,0.0,0.0,0.0,0.0,2002,radio,0.5
2,5,lr1e-04_bs16_modL1_fusion64_fusionL1_drop0p1_trmiss50_trlocradio,16,0.0001,1,64,1,0.1,lr1e-04_bs16_modL1_fusion64_fusionL1_drop0p1_trmiss50_trlocradio,5,0.6187148839235306,0.6979821920394897,0.5646551724137931,0.6735677523820908,0.5777777777777777,0.0,0.0,0.0,0.0,0.0,0.0,0.0,0.0,0.0,2002,radio,0.5
2,5,lr1e-04_bs16_modL1_fusion64_fusionL1_drop0p1_trmiss50_trlocradio,16,0.0001,1,64,1,0.1,lr1e-04_bs16_modL1_fusion64_fusionL1_drop0p1_trmiss50_trlocradio,6,0.5921859567364057,0.6887108087539673,0.5905172413793103,0.7012754908614218,0.6222222222222222,0.0,0.0,0.0,0.0,0.0,0.0,0.0,0.0,0.0,2002,radio,0.5
2,5,lr1e-04_bs16_modL1_fusion64_fusionL1_drop0p1_trmiss50_trlocradio,16,0.0001,1,64,1,0.1,lr1e-04_bs16_modL1_fusion64_fusionL1_drop0p1_trmiss50_trlocradio,7,0.5776519477367401,0.6820886333783468,0.6056034482758621,0.7153568511983179,0.6444444444444445,0.0,0.0,0.0,0.0,0.0,0.0,0.0,0.0,0.0,2002,radio,0.5
2,5,lr1e-04_bs16_modL1_fusion64_fusionL1_drop0p1_trmiss50_trlocradio,16,0.0001,1,64,1,0.1,lr1e-04_bs16_modL1_fusion64_fusionL1_drop0p1_trmiss50_trlocradio,8,0.5537518560886383,0.670424203077952,0.6357758620689655,0.782399433650168,0.6444444444444445,0.0,0.0,0.0,0.0,0.0,0.0,0.0,0.0,0.0,2002,radio,0.5
2,5,lr1e-04_bs16_modL1_fusion64_fusionL1_drop0p1_trmiss50_trlocradio,16,0.0001,1,64,1,0.1,lr1e-04_bs16_modL1_fusion64_fusionL1_drop0p1_trmiss50_trlocradio,9,0.5247688442468643,0.667776087919871,0.6314655172413793,0.7530010864636758,0.6666666666666666,0.0,0.0,0.0,0.0,0.0,0.0,0.0,0.0,0.0,2002,radio,0.5
2,5,lr1e-04_bs16_modL1_fusion64_fusionL1_drop0p1_trmiss50_trlocradio,16,0.0001,1,64,1,0.1,lr1e-04_bs16_modL1_fusion64_fusionL1_drop0p1_trmiss50_trlocradio,10,0.5046523660421371,0.6586438218752543,0.6336206896551725,0.7352704832486766,0.6888888888888889,0.0,0.0,0.0,0.0,0.0,0.0,0.0,0.0,0.0,2002,radio,0.5
2,5,lr1e-04_bs16_modL1_fusion64_fusionL1_drop0p1_trmiss50_trlocradio,16,0.0001,1,64,1,0.1,lr1e-04_bs16_modL1_fusion64_fusionL1_drop0p1_trmiss50_trlocradio,11,0.5091094598174095,0.6563906868298849,0.6443965517241379,0.7443843097914845,0.6666666666666666,0.0,0.0,0.0,0.0,0.0,0.0,0.0,0.0,0.0,2002,radio,0.5
2,5,lr1e-04_bs16_modL1_fusion64_fusionL1_drop0p1_trmiss50_trlocradio,16,0.0001,1,64,1,0.1,lr1e-04_bs16_modL1_fusion64_fusionL1_drop0p1_trmiss50_trlocradio,12,0.482529749472936,0.6540874044100443,0.6551724137931034,0.7734356362500551,0.6444444444444445,0.0,0.0,0.0,0.0,0.0,0.0,0.0,0.0,0.0,2002,radio,0.5
2,5,lr1e-04_bs16_modL1_fusion64_fusionL1_drop0p1_trmiss50_trlocradio,16,0.0001,1,64,1,0.1,lr1e-04_bs16_modL1_fusion64_fusionL1_drop0p1_trmiss50_trlocradio,13,0.4670819714665413,0.6484066247940063,0.668103448275862,0.7880314286086508,0.6444444444444445,0.0,0.0,0.0,0.0,0.0,0.0,0.0,0.0,0.0,2002,radio,0.5
2,5,lr1e-04_bs16_modL1_fusion64_fusionL1_drop0p1_trmiss50_trlocradio,16,0.0001,1,64,1,0.1,lr1e-04_bs16_modL1_fusion64_fusionL1_drop0p1_trmiss50_trlocradio,14,0.45251601934432983,0.6514666477839152,0.6594827586206896,0.7710938860493893,0.6666666666666666,0.0,0.0,0.0,0.0,0.0,0.0,0.0,0.0,0.0,2002,radio,0.5
2,5,lr1e-04_bs16_modL1_fusion64_fusionL1_drop0p1_trmiss50_trlocradio,16,0.0001,1,64,1,0.1,lr1e-04_bs16_modL1_fusion64_fusionL1_drop0p1_trmiss50_trlocradio,15,0.4421613539258639,0.6414826313654581,0.6767241379310345,0.7512241256273977,0.6666666666666666,0.0,0.0,0.0,0.0,0.0,0.0,0.0,0.0,0.0,2002,radio,0.5
2,5,lr1e-04_bs16_modL1_fusion64_fusionL1_drop0p1_trmiss50_trlocradio,16,0.0001,1,64,1,0.1,lr1e-04_bs16_modL1_fusion64_fusionL1_drop0p1_trmiss50_trlocradio,16,0.42280129591623944,0.6387327114741007,0.6724137931034483,0.7589561140876621,0.6888888888888889,0.0,0.0,0.0,0.0,0.0,0.0,0.0,0.0,0.0,2002,radio,0.5
2,5,lr1e-04_bs16_modL1_fusion64_fusionL1_drop0p1_trmiss50_trlocradio,16,0.0001,1,64,1,0.1,lr1e-04_bs16_modL1_fusion64_fusionL1_drop0p1_trmiss50_trlocradio,17,0.3982307016849518,0.6270133852958679,0.6982758620689655,0.7734674962154011,0.6888888888888889,0.0,0.0,0.0,0.0,0.0,0.0,0.0,0.0,0.0,2002,radio,0.5
2,5,lr1e-04_bs16_modL1_fusion64_fusionL1_drop0p1_trmiss50_trlocradio,16,0.0001,1,64,1,0.1,lr1e-04_bs16_modL1_fusion64_fusionL1_drop0p1_trmiss50_trlocradio,18,0.4099726974964142,0.6257643103599548,0.6875,0.7778495606563894,0.6888888888888889,0.0,0.0,0.0,0.0,0.0,0.0,0.0,0.0,0.0,2002,radio,0.5
2,5,lr1e-04_bs16_modL1_fusion64_fusionL1_drop0p1_trmiss50_trlocradio,16,0.0001,1,64,1,0.1,lr1e-04_bs16_modL1_fusion64_fusionL1_drop0p1_trmiss50_trlocradio,19,0.39885777483383816,0.6290830373764038,0.6745689655172413,0.7717672380189944,0.6888888888888889,0.0,0.0,0.0,0.0,0.0,0.0,0.0,0.0,0.0,2002,radio,0.5
2,5,lr1e-04_bs16_modL1_fusion64_fusionL1_drop0p1_trmiss50_trlocradio,16,0.0001,1,64,1,0.1,lr1e-04_bs16_modL1_fusion64_fusionL1_drop0p1_trmiss50_trlocradio,20,0.3880787839492162,0.6338587999343872,0.6616379310344828,0.7530237272830612,0.6666666666666666,0.0,0.0,0.0,0.0,0.0,0.0,0.0,0.0,0.0,2002,radio,0.5
2,5,lr1e-04_bs16_modL1_fusion64_fusionL1_drop0p1_trmiss50_trlocradio,16,0.0001,1,64,1,0.1,lr1e-04_bs16_modL1_fusion64_fusionL1_drop0p1_trmiss50_trlocradio,21,0.36186087131500244,0.6389657855033875,0.6293103448275862,0.7398023051167929,0.6222222222222222,0.0,0.0,0.0,0.0,0.0,0.0,0.0,0.0,0.0,2002,radio,0.5
2,5,lr1e-04_bs16_modL1_fusion64_fusionL1_drop0p1_trmiss50_trlocradio,16,0.0001,1,64,1,0.1,lr1e-04_bs16_modL1_fusion64_fusionL1_drop0p1_trmiss50_trlocradio,22,0.3563391591111819,0.6422039469083151,0.6206896551724138,0.7377581259652825,0.6444444444444445,0.0,0.0,0.0,0.0,0.0,0.0,0.0,0.0,0.0,2002,radio,0.5
2,5,lr1e-04_bs16_modL1_fusion64_fusionL1_drop0p1_trmiss50_trlocradio,16,0.0001,1,64,1,0.1,lr1e-04_bs16_modL1_fusion64_fusionL1_drop0p1_trmiss50_trlocradio,23,0.3412462075551351,0.6373610893885294,0.6400862068965517,0.748626308815458,0.6888888888888889,0.0,0.0,0.0,0.0,0.0,0.0,0.0,0.0,0.0,2002,radio,0.5
2,5,lr1e-04_bs16_modL1_fusion64_fusionL1_drop0p1_trmiss50_trlocradio,16,0.0001,1,64,1,0.1,lr1e-04_bs16_modL1_fusion64_fusionL1_drop0p1_trmiss50_trlocradio,24,0.32308058937390643,0.6452377041180929,0.6400862068965517,0.7581224551401297,0.6222222222222222,0.0,0.0,0.0,0.0,0.0,0.0,0.0,0.0,0.0,2002,radio,0.5
2,5,lr1e-04_bs16_modL1_fusion64_fusionL1_drop0p1_trmiss50_trlocradio,16,0.0001,1,64,1,0.1,lr1e-04_bs16_modL1_fusion64_fusionL1_drop0p1_trmiss50_trlocradio,25,0.33936437716086704,0.6447654167811075,0.6551724137931035,0.7630952575840495,0.6222222222222222,0.0,0.0,0.0,0.0,0.0,0.0,0.0,0.0,0.0,2002,radio,0.5
2,5,lr1e-04_bs16_modL1_fusion64_fusionL1_drop0p1_trmiss50_trlocradio,16,0.0001,1,64,1,0.1,lr1e-04_bs16_modL1_fusion64_fusionL1_drop0p1_trmiss50_trlocradio,26,0.30433880910277367,0.6372999747594198,0.6487068965517241,0.7667955178845176,0.6222222222222222,0.0,0.0,0.0,0.0,0.0,0.0,0.0,0.0,0.0,2002,radio,0.5
2,5,lr1e-04_bs16_modL1_fusion64_fusionL1_drop0p1_trmiss50_trlocradio,16,0.0001,1,64,1,0.1,lr1e-04_bs16_modL1_fusion64_fusionL1_drop0p1_trmiss50_trlocradio,27,0.33168574670950574,0.6414875388145447,0.6400862068965517,0.7536531538756965,0.6222222222222222,0.0,0.0,0.0,0.0,0.0,0.0,0.0,0.0,0.0,2002,radio,0.5
2,5,lr1e-04_bs16_modL1_fusion64_fusionL1_drop0p1_trmiss50_trlocradio,16,0.0001,1,64,1,0.1,lr1e-04_bs16_modL1_fusion64_fusionL1_drop0p1_trmiss50_trlocradio,28,0.2914899190266927,0.6442482272783915,0.6551724137931034,0.7686642868249813,0.6444444444444445,0.0,0.0,0.0,0.0,0.0,0.0,0.0,0.0,0.0,2002,radio,0.5
2,5,lr1e-04_bs16_modL1_fusion64_fusionL1_drop0p1_trmiss50_trlocradio,16,0.0001,1,64,1,0.1,lr1e-04_bs16_modL1_fusion64_fusionL1_drop0p1_trmiss50_trlocradio,29,0.30189815163612366,0.6353156963984171,0.6573275862068966,0.7739853883181165,0.6444444444444445,0.0,0.0,0.0,0.0,0.0,0.0,0.0,0.0,0.0,2002,radio,0.5
2,5,lr1e-04_bs16_modL1_fusion64_fusionL1_drop0p1_trmiss50_trlocradio,16,0.0001,1,64,1,0.1,lr1e-04_bs16_modL1_fusion64_fusionL1_drop0p1_trmiss50_trlocradio,30,0.28527605657776195,0.6272933681805929,0.6637931034482758,0.7781887828289842,0.6444444444444445,0.0,0.0,0.0,0.0,0.0,0.0,0.0,0.0,0.0,2002,radio,0.5
2,5,lr1e-04_bs16_modL1_fusion64_fusionL1_drop0p1_trmiss50_trlocradio,16,0.0001,1,64,1,0.1,lr1e-04_bs16_modL1_fusion64_fusionL1_drop0p1_trmiss50_trlocradio,31,0.2830079992612203,0.6272540291150411,0.6918103448275862,0.7915970304829874,0.6444444444444445,0.0,0.0,0.0,0.0,0.0,0.0,0.0,0.0,0.0,2002,radio,0.5
2,5,lr1e-04_bs16_modL1_fusion64_fusionL1_drop0p1_trmiss50_trlocradio,16,0.0001,1,64,1,0.1,lr1e-04_bs16_modL1_fusion64_fusionL1_drop0p1_trmiss50_trlocradio,32,0.2887672285238902,0.6283003489176432,0.6831896551724138,0.7970963331458455,0.6666666666666666,0.0,0.0,0.0,0.0,0.0,0.0,0.0,0.0,0.0,2002,radio,0.5
2,5,lr1e-04_bs16_modL1_fusion64_fusionL1_drop0p1_trmiss50_trlocradio,16,0.0001,1,64,1,0.1,lr1e-04_bs16_modL1_fusion64_fusionL1_drop0p1_trmiss50_trlocradio,33,0.27863605320453644,0.6254737774531046,0.6745689655172413,0.7799321427235597,0.6666666666666666,0.0,0.0,0.0,0.0,0.0,0.0,0.0,0.0,0.0,2002,radio,0.5
2,5,lr1e-04_bs16_modL1_fusion64_fusionL1_drop0p1_trmiss50_trlocradio,16,0.0001,1,64,1,0.1,lr1e-04_bs16_modL1_fusion64_fusionL1_drop0p1_trmiss50_trlocradio,34,0.2787856434782346,0.6268359820048014,0.6810344827586207,0.7896738152067353,0.6222222222222222,0.0,0.0,0.0,0.0,0.0,0.0,0.0,0.0,0.0,2002,radio,0.5
2,5,lr1e-04_bs16_modL1_fusion64_fusionL1_drop0p1_trmiss50_trlocradio,16,0.0001,1,64,1,0.1,lr1e-04_bs16_modL1_fusion64_fusionL1_drop0p1_trmiss50_trlocradio,35,0.26878730580210686,0.6244961023330688,0.6788793103448276,0.7953749126695283,0.6666666666666666,0.0,0.0,0.0,0.0,0.0,0.0,0.0,0.0,0.0,2002,radio,0.5
2,5,lr1e-04_bs16_modL1_fusion64_fusionL1_drop0p1_trmiss50_trlocradio,16,0.0001,1,64,1,0.1,lr1e-04_bs16_modL1_fusion64_fusionL1_drop0p1_trmiss50_trlocradio,36,0.27630881468455,0.6293739279111227,0.6616379310344828,0.7839446946356793,0.6444444444444445,0.0,0.0,0.0,0.0,0.0,0.0,0.0,0.0,0.0,2002,radio,0.5
2,5,lr1e-04_bs16_modL1_fusion64_fusionL1_drop0p1_trmiss50_trlocradio,16,0.0001,1,64,1,0.1,lr1e-04_bs16_modL1_fusion64_fusionL1_drop0p1_trmiss50_trlocradio,37,0.27622203653057414,0.6257890462875366,0.668103448275862,0.7833616731251903,0.6444444444444445,0.0,0.0,0.0,0.0,0.0,0.0,0.0,0.0,0.0,2002,radio,0.5
2,5,lr5e-05_bs32_modL1_fusion32_fusionL1_drop0p2_trmiss50_trlocradio,32,5e-05,1,32,1,0.2,lr5e-05_bs32_modL1_fusion32_fusionL1_drop0p2_trmiss50_trlocradio,1,0.6998618543148041,0.6941664814949036,0.3922413793103448,0.6003915454439094,0.4444444444444444,0.0,0.0,0.0,0.0,0.0,0.0,0.0,0.0,0.0,2002,radio,0.5
2,5,lr5e-05_bs32_modL1_fusion32_fusionL1_drop0p2_trmiss50_trlocradio,32,5e-05,1,32,1,0.2,lr5e-05_bs32_modL1_fusion32_fusionL1_drop0p2_trmiss50_trlocradio,2,0.6757727861404419,0.6985153257846832,0.4224137931034483,0.6123311576836085,0.4666666666666667,0.0,0.0,0.0,0.0,0.0,0.0,0.0,0.0,0.0,2002,radio,0.5
2,5,lr5e-05_bs32_modL1_fusion32_fusionL1_drop0p2_trmiss50_trlocradio,32,5e-05,1,32,1,0.2,lr5e-05_bs32_modL1_fusion32_fusionL1_drop0p2_trmiss50_trlocradio,3,0.6672580043474833,0.698765218257904,0.4288793103448276,0.6178626261241661,0.4666666666666667,0.0,0.0,0.0,0.0,0.0,0.0,0.0,0.0,0.0,2002,radio,0.5
2,5,lr5e-05_bs32_modL1_fusion32_fusionL1_drop0p2_trmiss50_trlocradio,32,5e-05,1,32,1,0.2,lr5e-05_bs32_modL1_fusion32_fusionL1_drop0p2_trmiss50_trlocradio,4,0.6473185916741689,0.7000530064105988,0.44396551724137934,0.6039257783819502,0.4666666666666667,0.0,0.0,0.0,0.0,0.0,0.0,0.0,0.0,0.0,2002,radio,0.5
2,5,lr5e-05_bs32_modL1_fusion32_fusionL1_drop0p2_trmiss50_trlocradio,32,5e-05,1,32,1,0.2,lr5e-05_bs32_modL1_fusion32_fusionL1_drop0p2_trmiss50_trlocradio,5,0.6317733824253082,0.7008820474147797,0.4482758620689655,0.6023414611603705,0.4666666666666667,0.0,0.0,0.0,0.0,0.0,0.0,0.0,0.0,0.0,2002,radio,0.5
2,5,lr5e-05_bs32_modL1_fusion32_fusionL1_drop0p2_trmiss50_trlocradio,32,5e-05,1,32,1,0.2,lr5e-05_bs32_modL1_fusion32_fusionL1_drop0p2_trmiss50_trlocradio,6,0.6440068682034811,0.6999294459819794,0.45905172413793105,0.6086174905358331,0.5111111111111111,0.0,0.0,0.0,0.0,0.0,0.0,0.0,0.0,0.0,2002,radio,0.5
2,5,lr5e-05_bs32_modL1_fusion32_fusionL1_drop0p2_trmiss50_trlocradio,32,5e-05,1,32,1,0.2,lr5e-05_bs32_modL1_fusion32_fusionL1_drop0p2_trmiss50_trlocradio,7,0.6233498354752859,0.6990053057670593,0.4827586206896552,0.6256891200651873,0.5111111111111111,0.0,0.0,0.0,0.0,0.0,0.0,0.0,0.0,0.0,2002,radio,0.5
2,5,lr5e-05_bs32_modL1_fusion32_fusionL1_drop0p2_trmiss50_trlocradio,32,5e-05,1,32,1,0.2,lr5e-05_bs32_modL1_fusion32_fusionL1_drop0p2_trmiss50_trlocradio,8,0.6266945799191793,0.6995750665664673,0.4827586206896552,0.6256891200651873,0.5333333333333333,0.0,0.0,0.0,0.0,0.0,0.0,0.0,0.0,0.0,2002,radio,0.5
2,5,lr5e-05_bs32_modL1_fusion32_fusionL1_drop0p2_trmiss50_trlocradio,32,5e-05,1,32,1,0.2,lr5e-05_bs32_modL1_fusion32_fusionL1_drop0p2_trmiss50_trlocradio,9,0.6028472085793813,0.6996194124221802,0.4827586206896552,0.6279308417115121,0.5333333333333333,0.0,0.0,0.0,0.0,0.0,0.0,0.0,0.0,0.0,2002,radio,0.5
2,5,lr5e-05_bs32_modL1_fusion32_fusionL1_drop0p2_trmiss50_trlocradio,32,5e-05,1,32,1,0.2,lr5e-05_bs32_modL1_fusion32_fusionL1_drop0p2_trmiss50_trlocradio,10,0.6147966285546621,0.6989148259162903,0.4956896551724138,0.6336870724284978,0.5555555555555556,0.0,0.0,0.0,0.0,0.0,0.0,0.0,0.0,0.0,2002,radio,0.5
2,5,lr5e-05_bs32_modL1_fusion32_fusionL1_drop0p2_trmiss50_trlocradio,32,5e-05,1,32,1,0.2,lr5e-05_bs32_modL1_fusion32_fusionL1_drop0p2_trmiss50_trlocradio,11,0.59951185186704,0.6994811594486237,0.4956896551724138,0.633772179771023,0.5777777777777777,0.0,0.0,0.0,0.0,0.0,0.0,0.0,0.0,0.0,2002,radio,0.5
2,5,lr5e-05_bs32_modL1_fusion32_fusionL1_drop0p2_trmiss50_trlocradio,32,5e-05,1,32,1,0.2,lr5e-05_bs32_modL1_fusion32_fusionL1_drop0p2_trmiss50_trlocradio,12,0.6029605269432068,0.6996375322341919,0.49137931034482757,0.6320298424282446,0.5555555555555556,0.0,0.0,0.0,0.0,0.0,0.0,0.0,0.0,0.0,2002,radio,0.5
2,5,lr5e-05_bs32_modL1_fusion32_fusionL1_drop0p2_trmiss50_trlocradio,32,5e-05,1,32,1,0.2,lr5e-05_bs32_modL1_fusion32_fusionL1_drop0p2_trmiss50_trlocradio,13,0.5982494950294495,0.7005239427089691,0.49568965517241376,0.6348850016970904,0.5111111111111111,0.0,0.0,0.0,0.0,0.0,0.0,0.0,0.0,0.0,2002,radio,0.5
2,5,lr5e-05_bs32_modL1_fusion32_fusionL1_drop0p2_trmiss50_trlocradio,32,5e-05,1,32,1,0.2,lr5e-05_bs32_modL1_fusion32_fusionL1_drop0p2_trmiss50_trlocradio,14,0.57453124721845,0.6976108849048615,0.5043103448275862,0.64013903141139,0.5333333333333333,0.0,0.0,0.0,0.0,0.0,0.0,0.0,0.0,0.0,2002,radio,0.5
2,5,lr5e-05_bs32_modL1_fusion32_fusionL1_drop0p2_trmiss50_trlocradio,32,5e-05,1,32,1,0.2,lr5e-05_bs32_modL1_fusion32_fusionL1_drop0p2_trmiss50_trlocradio,15,0.5888640085856119,0.6979076564311981,0.5129310344827587,0.6432461620382285,0.5555555555555556,0.0,0.0,0.0,0.0,0.0,0.0,0.0,0.0,0.0,2002,radio,0.5
2,5,lr5e-05_bs32_modL1_fusion32_fusionL1_drop0p2_trmiss50_trlocradio,32,5e-05,1,32,1,0.2,lr5e-05_bs32_modL1_fusion32_fusionL1_drop0p2_trmiss50_trlocradio,16,0.567547877629598,0.699310839176178,0.5258620689655172,0.6502396165699609,0.5111111111111111,0.0,0.0,0.0,0.0,0.0,0.0,0.0,0.0,0.0,2002,radio,0.5
2,5,lr5e-05_bs32_modL1_fusion32_fusionL1_drop0p2_trmiss50_trlocradio,32,5e-05,1,32,1,0.2,lr5e-05_bs32_modL1_fusion32_fusionL1_drop0p2_trmiss50_trlocradio,17,0.5871342519919077,0.7032982409000397,0.5193965517241379,0.6479764273400515,0.5111111111111111,0.0,0.0,0.0,0.0,0.0,0.0,0.0,0.0,0.0,2002,radio,0.5
2,5,lr5e-05_bs32_modL1_fusion32_fusionL1_drop0p2_trmiss50_trlocradio,32,5e-05,1,32,1,0.2,lr5e-05_bs32_modL1_fusion32_fusionL1_drop0p2_trmiss50_trlocradio,18,0.5840712487697601,0.7056381404399872,0.521551724137931,0.6488170586117172,0.5111111111111111,0.0,0.0,0.0,0.0,0.0,0.0,0.0,0.0,0.0,2002,radio,0.5
2,5,lr5e-05_bs32_modL1_fusion32_fusionL1_drop0p2_trmiss50_trlocradio,32,5e-05,1,32,1,0.2,lr5e-05_bs32_modL1_fusion32_fusionL1_drop0p2_trmiss50_trlocradio,19,0.5700862805048624,0.7035662233829498,0.5301724137931034,0.6522378183909787,0.5111111111111111,0.0,0.0,0.0,0.0,0.0,0.0,0.0,0.0,0.0,2002,radio,0.5
2,5,lr5e-05_bs32_modL1_fusion32_fusionL1_drop0p2_trmiss50_trlocradio,32,5e-05,1,32,1,0.2,lr5e-05_bs32_modL1_fusion32_fusionL1_drop0p2_trmiss50_trlocradio,20,0.5818441907564799,0.702027440071106,0.5258620689655172,0.6471619257177558,0.5111111111111111,0.0,0.0,0.0,0.0,0.0,0.0,0.0,0.0,0.0,2002,radio,0.5
2,5,lr5e-05_bs32_modL1_fusion32_fusionL1_drop0p2_trmiss50_trlocradio,32,5e-05,1,32,1,0.2,lr5e-05_bs32_modL1_fusion32_fusionL1_drop0p2_trmiss50_trlocradio,21,0.5673260589440664,0.7035196125507355,0.521551724137931,0.6448737165938467,0.5111111111111111,0.0,0.0,0.0,0.0,0.0,0.0,0.0,0.0,0.0,2002,radio,0.5
2,5,lr5e-05_bs32_modL1_fusion32_fusionL1_drop0p2_trmiss50_trlocradio,32,5e-05,1,32,1,0.2,lr5e-05_bs32_modL1_fusion32_fusionL1_drop0p2_trmiss50_trlocradio,22,0.5837787489096323,0.7030879855155945,0.5258620689655172,0.6497998825431304,0.5111111111111111,0.0,0.0,0.0,0.0,0.0,0.0,0.0,0.0,0.0,2002,radio,0.5
2,5,lr5e-05_bs32_modL1_fusion32_fusionL1_drop0p2_trmiss50_trlocradio,32,5e-05,1,32,1,0.2,lr5e-05_bs32_modL1_fusion32_fusionL1_drop0p2_trmiss50_trlocradio,23,0.560919056336085,0.7030761539936066,0.521551724137931,0.6465060936826134,0.5111111111111111,0.0,0.0,0.0,0.0,0.0,0.0,0.0,0.0,0.0,2002,radio,0.5
2,5,lr5e-05_bs32_modL1_fusion32_fusionL1_drop0p2_trmiss50_trlocradio,32,5e-05,1,32,1,0.2,lr5e-05_bs32_modL1_fusion32_fusionL1_drop0p2_trmiss50_trlocradio,24,0.5926412840684255,0.7020541131496429,0.5237068965517241,0.6493796569010042,0.5111111111111111,0.0,0.0,0.0,0.0,0.0,0.0,0.0,0.0,0.0,2002,radio,0.5
2,5,lr5e-05_bs32_modL1_fusion32_fusionL1_drop0p2_trmiss50_trlocradio,32,5e-05,1,32,1,0.2,lr5e-05_bs32_modL1_fusion32_fusionL1_drop0p2_trmiss50_trlocradio,25,0.5870108207066854,0.7027282416820526,0.521551724137931,0.6480321971679508,0.5333333333333333,0.0,0.0,0.0,0.0,0.0,0.0,0.0,0.0,0.0,2002,radio,0.5
2,5,lr5e-05_bs32_modL1_fusion32_fusionL1_drop0p2_trmiss50_trlocradio,32,5e-05,1,32,1,0.2,lr5e-05_bs32_modL1_fusion32_fusionL1_drop0p2_trmiss50_trlocradio,26,0.5598143339157104,0.7008579075336456,0.540948275862069,0.6550697755139565,0.5111111111111111,0.0,0.0,0.0,0.0,0.0,0.0,0.0,0.0,0.0,2002,radio,0.5
2,5,lr5e-05_bs32_modL1_fusion32_fusionL1_drop0p2_trmiss50_trlocradio,32,5e-05,1,32,1,0.2,lr5e-05_bs32_modL1_fusion32_fusionL1_drop0p2_trmiss50_trlocradio,27,0.5687447388966879,0.7023983001708984,0.5344827586206896,0.6523937599366331,0.4888888888888889,0.0,0.0,0.0,0.0,0.0,0.0,0.0,0.0,0.0,2002,radio,0.5
2,5,lr5e-05_bs32_modL1_fusion32_fusionL1_drop0p2_trmiss50_trlocradio,32,5e-05,1,32,1,0.2,lr5e-05_bs32_modL1_fusion32_fusionL1_drop0p2_trmiss50_trlocradio,28,0.5802789032459259,0.7018443644046783,0.5323275862068966,0.6531500606825315,0.5111111111111111,0.0,0.0,0.0,0.0,0.0,0.0,0.0,0.0,0.0,2002,radio,0.5
2,5,lr5e-05_bs32_modL1_fusion32_fusionL1_drop0p2_trmiss50_trlocradio,32,5e-05,1,32,1,0.2,lr5e-05_bs32_modL1_fusion32_fusionL1_drop0p2_trmiss50_trlocradio,29,0.5623826483885447,0.7048850655555725,0.5193965517241379,0.6483015630754132,0.5111111111111111,0.0,0.0,0.0,0.0,0.0,0.0,0.0,0.0,0.0,2002,radio,0.5
2,5,lr5e-05_bs32_modL1_fusion32_fusionL1_drop0p2_trmiss50_trlocradio,32,5e-05,1,32,1,0.2,lr5e-05_bs32_modL1_fusion32_fusionL1_drop0p2_trmiss50_trlocradio,30,0.5560227533181509,0.7029465734958649,0.5301724137931034,0.6521421031228498,0.5111111111111111,0.0,0.0,0.0,0.0,0.0,0.0,0.0,0.0,0.0,2002,radio,0.5
2,5,lr5e-05_bs32_modL1_fusion32_fusionL1_drop0p2_trmiss50_trlocradio,32,5e-05,1,32,1,0.2,lr5e-05_bs32_modL1_fusion32_fusionL1_drop0p2_trmiss50_trlocradio,31,0.5726821720600128,0.7008107900619507,0.5237068965517242,0.6496624520113854,0.5555555555555556,0.0,0.0,0.0,0.0,0.0,0.0,0.0,0.0,0.0,2002,radio,0.5
2,5,lr5e-05_bs32_modL1_fusion32_fusionL1_drop0p2_trmiss50_trlocradio,32,5e-05,1,32,1,0.2,lr5e-05_bs32_modL1_fusion32_fusionL1_drop0p2_trmiss50_trlocradio,32,0.5843068361282349,0.7043765485286713,0.521551724137931,0.6488301095619206,0.5111111111111111,0.0,0.0,0.0,0.0,0.0,0.0,0.0,0.0,0.0,2002,radio,0.5
2,5,lr5e-05_bs32_modL1_fusion32_fusionL1_drop0p2_trmiss50_trlocradio,32,5e-05,1,32,1,0.2,lr5e-05_bs32_modL1_fusion32_fusionL1_drop0p2_trmiss50_trlocradio,33,0.5595057209332784,0.7050789594650269,0.5150862068965517,0.6463744857353291,0.5111111111111111,0.0,0.0,0.0,0.0,0.0,0.0,0.0,0.0,0.0,2002,radio,0.5
2,5,lr5e-05_bs32_modL1_fusion32_fusionL1_drop0p2_trmiss50_trlocradio,32,5e-05,1,32,1,0.2,lr5e-05_bs32_modL1_fusion32_fusionL1_drop0p2_trmiss50_trlocradio,34,0.5745653410752615,0.7077641785144806,0.5172413793103449,0.6469632334612214,0.5111111111111111,0.0,0.0,0.0,0.0,0.0,0.0,0.0,0.0,0.0,2002,radio,0.5
2,5,lr5e-05_bs32_modL1_fusion32_fusionL1_drop0p2_trmiss50_trlocradio,32,5e-05,1,32,1,0.2,lr5e-05_bs32_modL1_fusion32_fusionL1_drop0p2_trmiss50_trlocradio,35,0.5737454195817312,0.7041054666042328,0.5323275862068966,0.6528085766087959,0.4888888888888889,0.0,0.0,0.0,0.0,0.0,0.0,0.0,0.0,0.0,2002,radio,0.5
2,5,lr5e-05_bs32_modL1_fusion32_fusionL1_drop0p2_trmiss50_trlocradio,32,5e-05,1,32,1,0.2,lr5e-05_bs32_modL1_fusion32_fusionL1_drop0p2_trmiss50_trlocradio,36,0.5590672194957733,0.701277494430542,0.5301724137931034,0.652218177432747,0.5333333333333333,0.0,0.0,0.0,0.0,0.0,0.0,0.0,0.0,0.0,2002,radio,0.5
2,5,lr5e-05_bs32_modL1_fusion32_fusionL1_drop0p2_trmiss50_trlocradio,32,5e-05,1,32,1,0.2,lr5e-05_bs32_modL1_fusion32_fusionL1_drop0p2_trmiss50_trlocradio,37,0.5661560992399851,0.7008224725723267,0.5301724137931034,0.6519994158457986,0.5111111111111111,0.0,0.0,0.0,0.0,0.0,0.0,0.0,0.0,0.0,2002,radio,0.5
2,5,lr5e-05_bs32_modL1_fusion32_fusionL1_drop0p2_trmiss50_trlocradio,32,5e-05,1,32,1,0.2,lr5e-05_bs32_modL1_fusion32_fusionL1_drop0p2_trmiss50_trlocradio,38,0.5655145446459452,0.7012374997138977,0.5323275862068966,0.6530338986044193,0.5333333333333333,0.0,0.0,0.0,0.0,0.0,0.0,0.0,0.0,0.0,2002,radio,0.5
2,5,lr5e-05_bs32_modL1_fusion32_fusionL1_drop0p2_trmiss50_trlocradio,32,5e-05,1,32,1,0.2,lr5e-05_bs32_modL1_fusion32_fusionL1_drop0p2_trmiss50_trlocradio,39,0.5633699297904968,0.7021595537662506,0.5323275862068966,0.6528085766087959,0.5111111111111111,0.0,0.0,0.0,0.0,0.0,0.0,0.0,0.0,0.0,2002,radio,0.5
2,5,lr5e-05_bs32_modL1_fusion32_fusionL1_drop0p2_trmiss50_trlocradio,32,5e-05,1,32,1,0.2,lr5e-05_bs32_modL1_fusion32_fusionL1_drop0p2_trmiss50_trlocradio,40,0.564188947280248,0.7010748088359833,0.5301724137931034,0.6521199123202505,0.5111111111111111,0.0,0.0,0.0,0.0,0.0,0.0,0.0,0.0,0.0,2002,radio,0.5
2,5,lr5e-05_bs32_modL1_fusion32_fusionL1_drop0p2_trmiss50_trlocradio,32,5e-05,1,32,1,0.2,lr5e-05_bs32_modL1_fusion32_fusionL1_drop0p2_trmiss50_trlocradio,41,0.5678591330846151,0.7005202174186707,0.5323275862068966,0.6535401587085647,0.5111111111111111,0.0,0.0,0.0,0.0,0.0,0.0,0.0,0.0,0.0,2002,radio,0.5
2,5,lr5e-05_bs32_modL1_fusion32_fusionL1_drop0p2_trmiss50_trlocradio,32,5e-05,1,32,1,0.2,lr5e-05_bs32_modL1_fusion32_fusionL1_drop0p2_trmiss50_trlocradio,42,0.5604904890060425,0.700856626033783,0.5280172413793104,0.6511605129876588,0.5111111111111111,0.0,0.0,0.0,0.0,0.0,0.0,0.0,0.0,0.0,2002,radio,0.5
2,5,lr5e-05_bs32_modL1_fusion32_fusionL1_drop0p2_trmiss50_trlocradio,32,5e-05,1,32,1,0.2,lr5e-05_bs32_modL1_fusion32_fusionL1_drop0p2_trmiss50_trlocradio,43,0.5900218288103739,0.7042095363140106,0.5237068965517241,0.6497730988527474,0.4888888888888889,0.0,0.0,0.0,0.0,0.0,0.0,0.0,0.0,0.0,2002,radio,0.5
2,5,lr5e-05_bs32_modL1_fusion32_fusionL1_drop0p2_trmiss50_trlocradio,32,5e-05,1,32,1,0.2,lr5e-05_bs32_modL1_fusion32_fusionL1_drop0p2_trmiss50_trlocradio,44,0.5690133472283682,0.7032582759857178,0.5301724137931034,0.6525520156879347,0.4888888888888889,0.0,0.0,0.0,0.0,0.0,0.0,0.0,0.0,0.0,2002,radio,0.5
2,5,lr5e-05_bs32_modL1_fusion32_fusionL1_drop0p2_trmiss50_trlocradio,32,5e-05,1,32,1,0.2,lr5e-05_bs32_modL1_fusion32_fusionL1_drop0p2_trmiss50_trlocradio,45,0.5689244369665781,0.7018305361270905,0.5323275862068966,0.6530338986044193,0.4888888888888889,0.0,0.0,0.0,0.0,0.0,0.0,0.0,0.0,0.0,2002,radio,0.5
2,5,lr5e-05_bs32_modL1_fusion32_fusionL1_drop0p2_trmiss50_trlocradio,32,5e-05,1,32,1,0.2,lr5e-05_bs32_modL1_fusion32_fusionL1_drop0p2_trmiss50_trlocradio,46,0.5666121741135915,0.6984700858592987,0.5366379310344828,0.6549138339683024,0.5555555555555556,0.0,0.0,0.0,0.0,0.0,0.0,0.0,0.0,0.0,2002,radio,0.5
2,5,lr5e-05_bs32_modL1_fusion32_fusionL1_drop0p1_trmiss50_trlocradio,32,5e-05,1,32,1,0.1,lr5e-05_bs32_modL1_fusion32_fusionL1_drop0p1_trmiss50_trlocradio,1,0.6667986909548441,0.686439037322998,0.5107758620689655,0.6766012474587172,0.5777777777777777,0.0,0.0,0.0,0.0,0.0,0.0,0.0,0.0,0.0,2002,radio,0.5
2,5,lr5e-05_bs32_modL1_fusion32_fusionL1_drop0p1_trmiss50_trlocradio,32,5e-05,1,32,1,0.1,lr5e-05_bs32_modL1_fusion32_fusionL1_drop0p1_trmiss50_trlocradio,2,0.6549493273099264,0.6841846108436584,0.5107758620689654,0.6713281932818744,0.5777777777777777,0.0,0.0,0.0,0.0,0.0,0.0,0.0,0.0,0.0,2002,radio,0.5
2,5,lr5e-05_bs32_modL1_fusion32_fusionL1_drop0p1_trmiss50_trlocradio,32,5e-05,1,32,1,0.1,lr5e-05_bs32_modL1_fusion32_fusionL1_drop0p1_trmiss50_trlocradio,3,0.627796858549118,0.6776688694953918,0.540948275862069,0.6847135501650916,0.6222222222222222,0.0,0.0,0.0,0.0,0.0,0.0,0.0,0.0,0.0,2002,radio,0.5
2,5,lr5e-05_bs32_modL1_fusion32_fusionL1_drop0p1_trmiss50_trlocradio,32,5e-05,1,32,1,0.1,lr5e-05_bs32_modL1_fusion32_fusionL1_drop0p1_trmiss50_trlocradio,4,0.6174921294053396,0.6726297438144684,0.5668103448275862,0.7010501476440975,0.6222222222222222,0.0,0.0,0.0,0.0,0.0,0.0,0.0,0.0,0.0,2002,radio,0.5
2,5,lr5e-05_bs32_modL1_fusion32_fusionL1_drop0p1_trmiss50_trlocradio,32,5e-05,1,32,1,0.1,lr5e-05_bs32_modL1_fusion32_fusionL1_drop0p1_trmiss50_trlocradio,5,0.5818426509698232,0.6696986854076385,0.5754310344827587,0.7014625438349643,0.6222222222222222,0.0,0.0,0.0,0.0,0.0,0.0,0.0,0.0,0.0,2002,radio,0.5
2,5,lr5e-05_bs32_modL1_fusion32_fusionL1_drop0p1_trmiss50_trlocradio,32,5e-05,1,32,1,0.1,lr5e-05_bs32_modL1_fusion32_fusionL1_drop0p1_trmiss50_trlocradio,6,0.5771989027659098,0.6685537695884705,0.5818965517241379,0.7077531660456419,0.6444444444444445,0.0,0.0,0.0,0.0,0.0,0.0,0.0,0.0,0.0,2002,radio,0.5
2,5,lr5e-05_bs32_modL1_fusion32_fusionL1_drop0p1_trmiss50_trlocradio,32,5e-05,1,32,1,0.1,lr5e-05_bs32_modL1_fusion32_fusionL1_drop0p1_trmiss50_trlocradio,7,0.5716559588909149,0.6657757461071014,0.5883620689655172,0.7174191937530641,0.6444444444444445,0.0,0.0,0.0,0.0,0.0,0.0,0.0,0.0,0.0,2002,radio,0.5
2,5,lr5e-05_bs32_modL1_fusion32_fusionL1_drop0p1_trmiss50_trlocradio,32,5e-05,1,32,1,0.1,lr5e-05_bs32_modL1_fusion32_fusionL1_drop0p1_trmiss50_trlocradio,8,0.5651879608631134,0.6652963757514954,0.6012931034482759,0.7215644930952776,0.6444444444444445,0.0,0.0,0.0,0.0,0.0,0.0,0.0,0.0,0.0,2002,radio,0.5
2,5,lr5e-05_bs32_modL1_fusion32_fusionL1_drop0p1_trmiss50_trlocradio,32,5e-05,1,32,1,0.1,lr5e-05_bs32_modL1_fusion32_fusionL1_drop0p1_trmiss50_trlocradio,9,0.54615119099617,0.6629635989665985,0.6012931034482758,0.7237502609255864,0.6,0.0,0.0,0.0,0.0,0.0,0.0,0.0,0.0,0.0,2002,radio,0.5
2,5,lr5e-05_bs32_modL1_fusion32_fusionL1_drop0p1_trmiss50_trlocradio,32,5e-05,1,32,1,0.1,lr5e-05_bs32_modL1_fusion32_fusionL1_drop0p1_trmiss50_trlocradio,10,0.5397451718648275,0.6605241596698761,0.6099137931034483,0.7279117102223627,0.6,0.0,0.0,0.0,0.0,0.0,0.0,0.0,0.0,0.0,2002,radio,0.5
2,5,lr5e-05_bs32_modL1_fusion32_fusionL1_drop0p1_trmiss50_trlocradio,32,5e-05,1,32,1,0.1,lr5e-05_bs32_modL1_fusion32_fusionL1_drop0p1_trmiss50_trlocradio,11,0.5330540537834167,0.6571393013000488,0.6163793103448275,0.7275522033826901,0.6,0.0,0.0,0.0,0.0,0.0,0.0,0.0,0.0,0.0,2002,radio,0.5
2,5,lr5e-05_bs32_modL1_fusion32_fusionL1_drop0p1_trmiss50_trlocradio,32,5e-05,1,32,1,0.1,lr5e-05_bs32_modL1_fusion32_fusionL1_drop0p1_trmiss50_trlocradio,12,0.5199341227610906,0.6536539494991302,0.6142241379310345,0.7316544581804809,0.6222222222222222,0.0,0.0,0.0,0.0,0.0,0.0,0.0,0.0,0.0,2002,radio,0.5
2,5,lr5e-05_bs32_modL1_fusion32_fusionL1_drop0p1_trmiss50_trlocradio,32,5e-05,1,32,1,0.1,lr5e-05_bs32_modL1_fusion32_fusionL1_drop0p1_trmiss50_trlocradio,13,0.5204771061738332,0.6530101001262665,0.6206896551724138,0.7398651013190112,0.6222222222222222,0.0,0.0,0.0,0.0,0.0,0.0,0.0,0.0,0.0,2002,radio,0.5
2,5,lr5e-05_bs32_modL1_fusion32_fusionL1_drop0p1_trmiss50_trlocradio,32,5e-05,1,32,1,0.1,lr5e-05_bs32_modL1_fusion32_fusionL1_drop0p1_trmiss50_trlocradio,14,0.5013775676488876,0.6569245457649231,0.6099137931034483,0.7305829407369928,0.6444444444444445,0.0,0.0,0.0,0.0,0.0,0.0,0.0,0.0,0.0,2002,radio,0.5
2,5,lr5e-05_bs32_modL1_fusion32_fusionL1_drop0p1_trmiss50_trlocradio,32,5e-05,1,32,1,0.1,lr5e-05_bs32_modL1_fusion32_fusionL1_drop0p1_trmiss50_trlocradio,15,0.49629275997479755,0.6547323167324066,0.6120689655172414,0.7447585590442344,0.6444444444444445,0.0,0.0,0.0,0.0,0.0,0.0,0.0,0.0,0.0,2002,radio,0.5
2,5,lr5e-05_bs32_modL1_fusion32_fusionL1_drop0p1_trmiss50_trlocradio,32,5e-05,1,32,1,0.1,lr5e-05_bs32_modL1_fusion32_fusionL1_drop0p1_trmiss50_trlocradio,16,0.5002948443094889,0.6560324132442474,0.6056034482758621,0.7372376139541427,0.6444444444444445,0.0,0.0,0.0,0.0,0.0,0.0,0.0,0.0,0.0,2002,radio,0.5
2,5,lr5e-05_bs32_modL1_fusion32_fusionL1_drop0p1_trmiss50_trlocradio,32,5e-05,1,32,1,0.1,lr5e-05_bs32_modL1_fusion32_fusionL1_drop0p1_trmiss50_trlocradio,17,0.48255469898382825,0.6565885245800018,0.6099137931034483,0.7451862605985625,0.6444444444444445,0.0,0.0,0.0,0.0,0.0,0.0,0.0,0.0,0.0,2002,radio,0.5
2,5,lr5e-05_bs32_modL1_fusion32_fusionL1_drop0p1_trmiss50_trlocradio,32,5e-05,1,32,1,0.1,lr5e-05_bs32_modL1_fusion32_fusionL1_drop0p1_trmiss50_trlocradio,18,0.4765943686167399,0.6565308570861816,0.6099137931034483,0.7343270191290022,0.6444444444444445,0.0,0.0,0.0,0.0,0.0,0.0,0.0,0.0,0.0,2002,radio,0.5
2,5,lr5e-05_bs32_modL1_fusion32_fusionL1_drop0p1_trmiss50_trlocradio,32,5e-05,1,32,1,0.1,lr5e-05_bs32_modL1_fusion32_fusionL1_drop0p1_trmiss50_trlocradio,19,0.4868633449077606,0.6548418402671814,0.6271551724137931,0.7519012851899968,0.6222222222222222,0.0,0.0,0.0,0.0,0.0,0.0,0.0,0.0,0.0,2002,radio,0.5
2,5,lr5e-05_bs32_modL1_fusion32_fusionL1_drop0p1_trmiss50_trlocradio,32,5e-05,1,32,1,0.1,lr5e-05_bs32_modL1_fusion32_fusionL1_drop0p1_trmiss50_trlocradio,20,0.472221036752065,0.6533170938491821,0.6271551724137931,0.749021867815388,0.6222222222222222,0.0,0.0,0.0,0.0,0.0,0.0,0.0,0.0,0.0,2002,radio,0.5
2,5,lr5e-05_bs32_modL1_fusion32_fusionL1_drop0p1_trmiss50_trlocradio,32,5e-05,1,32,1,0.1,lr5e-05_bs32_modL1_fusion32_fusionL1_drop0p1_trmiss50_trlocradio,21,0.46456384658813477,0.6504981219768524,0.627155172413793,0.7500505551523918,0.6444444444444445,0.0,0.0,0.0,0.0,0.0,0.0,0.0,0.0,0.0,2002,radio,0.5
2,5,lr5e-05_bs32_modL1_fusion32_fusionL1_drop0p1_trmiss50_trlocradio,32,5e-05,1,32,1,0.1,lr5e-05_bs32_modL1_fusion32_fusionL1_drop0p1_trmiss50_trlocradio,22,0.45774945616722107,0.6488705277442932,0.6314655172413792,0.7522669469564898,0.6444444444444445,0.0,0.0,0.0,0.0,0.0,0.0,0.0,0.0,0.0,2002,radio,0.5
2,5,lr5e-05_bs32_modL1_fusion32_fusionL1_drop0p1_trmiss50_trlocradio,32,5e-05,1,32,1,0.1,lr5e-05_bs32_modL1_fusion32_fusionL1_drop0p1_trmiss50_trlocradio,23,0.46277142067750293,0.6498465240001678,0.6314655172413793,0.7544309458231059,0.6444444444444445,0.0,0.0,0.0,0.0,0.0,0.0,0.0,0.0,0.0,2002,radio,0.5
2,5,lr5e-05_bs32_modL1_fusion32_fusionL1_drop0p1_trmiss50_trlocradio,32,5e-05,1,32,1,0.1,lr5e-05_bs32_modL1_fusion32_fusionL1_drop0p1_trmiss50_trlocradio,24,0.46309420466423035,0.6497108042240143,0.6185344827586208,0.745812700727959,0.6444444444444445,0.0,0.0,0.0,0.0,0.0,0.0,0.0,0.0,0.0,2002,radio,0.5
2,5,lr5e-05_bs32_modL1_fusion32_fusionL1_drop0p1_trmiss50_trlocradio,32,5e-05,1,32,1,0.1,lr5e-05_bs32_modL1_fusion32_fusionL1_drop0p1_trmiss50_trlocradio,25,0.46648548046747845,0.6498288810253143,0.625,0.7548090898752547,0.6222222222222222,0.0,0.0,0.0,0.0,0.0,0.0,0.0,0.0,0.0,2002,radio,0.5
2,5,lr5e-05_bs32_modL1_fusion32_fusionL1_drop0p1_trmiss50_trlocradio,32,5e-05,1,32,1,0.1,lr5e-05_bs32_modL1_fusion32_fusionL1_drop0p1_trmiss50_trlocradio,26,0.44342727959156036,0.6479733884334564,0.6336206896551724,0.7586277791454373,0.6444444444444445,0.0,0.0,0.0,0.0,0.0,0.0,0.0,0.0,0.0,2002,radio,0.5
2,5,lr5e-05_bs32_modL1_fusion32_fusionL1_drop0p1_trmiss50_trlocradio,32,5e-05,1,32,1,0.1,lr5e-05_bs32_modL1_fusion32_fusionL1_drop0p1_trmiss50_trlocradio,27,0.4392593602339427,0.6457130312919617,0.6379310344827586,0.7677028356342869,0.6222222222222222,0.0,0.0,0.0,0.0,0.0,0.0,0.0,0.0,0.0,2002,radio,0.5
2,5,lr5e-05_bs32_modL1_fusion32_fusionL1_drop0p1_trmiss50_trlocradio,32,5e-05,1,32,1,0.1,lr5e-05_bs32_modL1_fusion32_fusionL1_drop0p1_trmiss50_trlocradio,28,0.4565451443195343,0.6471684277057648,0.6400862068965517,0.7665627321234939,0.6444444444444445,0.0,0.0,0.0,0.0,0.0,0.0,0.0,0.0,0.0,2002,radio,0.5
2,5,lr5e-05_bs32_modL1_fusion32_fusionL1_drop0p1_trmiss50_trlocradio,32,5e-05,1,32,1,0.1,lr5e-05_bs32_modL1_fusion32_fusionL1_drop0p1_trmiss50_trlocradio,29,0.44983236491680145,0.6490212380886078,0.6336206896551724,0.7491831308402194,0.6444444444444445,0.0,0.0,0.0,0.0,0.0,0.0,0.0,0.0,0.0,2002,radio,0.5
2,5,lr5e-05_bs32_modL1_fusion32_fusionL1_drop0p1_trmiss50_trlocradio,32,5e-05,1,32,1,0.1,lr5e-05_bs32_modL1_fusion32_fusionL1_drop0p1_trmiss50_trlocradio,30,0.43885596096515656,0.6470908224582672,0.6314655172413792,0.751358662507584,0.6444444444444445,0.0,0.0,0.0,0.0,0.0,0.0,0.0,0.0,0.0,2002,radio,0.5
2,5,lr5e-05_bs32_modL1_fusion32_fusionL1_drop0p1_trmiss50_trlocradio,32,5e-05,1,32,1,0.1,lr5e-05_bs32_modL1_fusion32_fusionL1_drop0p1_trmiss50_trlocradio,31,0.43747182190418243,0.6463862359523773,0.6379310344827586,0.7545318769217241,0.6444444444444445,0.0,0.0,0.0,0.0,0.0,0.0,0.0,0.0,0.0,2002,radio,0.5
2,5,lr5e-05_bs32_modL1_fusion32_fusionL1_drop0p1_trmiss50_trlocradio,32,5e-05,1,32,1,0.1,lr5e-05_bs32_modL1_fusion32_fusionL1_drop0p1_trmiss50_trlocradio,32,0.4343021462361018,0.6439482867717743,0.6400862068965517,0.7665481856865336,0.6222222222222222,0.0,0.0,0.0,0.0,0.0,0.0,0.0,0.0,0.0,2002,radio,0.5
2,5,lr5e-05_bs32_modL1_fusion32_fusionL1_drop0p1_trmiss50_trlocradio,32,5e-05,1,32,1,0.1,lr5e-05_bs32_modL1_fusion32_fusionL1_drop0p1_trmiss50_trlocradio,33,0.43039093911647797,0.6435856521129608,0.6487068965517242,0.7824851646250568,0.6666666666666666,0.0,0.0,0.0,0.0,0.0,0.0,0.0,0.0,0.0,2002,radio,0.5
2,5,lr5e-05_bs32_modL1_fusion32_fusionL1_drop0p1_trmiss50_trlocradio,32,5e-05,1,32,1,0.1,lr5e-05_bs32_modL1_fusion32_fusionL1_drop0p1_trmiss50_trlocradio,34,0.4253267248471578,0.6433576345443726,0.6465517241379309,0.7819726260745765,0.6666666666666666,0.0,0.0,0.0,0.0,0.0,0.0,0.0,0.0,0.0,2002,radio,0.5
2,5,lr5e-05_bs32_modL1_fusion32_fusionL1_drop0p1_trmiss50_trlocradio,32,5e-05,1,32,1,0.1,lr5e-05_bs32_modL1_fusion32_fusionL1_drop0p1_trmiss50_trlocradio,35,0.44218311707178753,0.6451511085033417,0.6400862068965517,0.7735866583739187,0.6666666666666666,0.0,0.0,0.0,0.0,0.0,0.0,0.0,0.0,0.0,2002,radio,0.5
2,5,lr5e-05_bs32_modL1_fusion32_fusionL1_drop0p1_trmiss50_trlocradio,32,5e-05,1,32,1,0.1,lr5e-05_bs32_modL1_fusion32_fusionL1_drop0p1_trmiss50_trlocradio,36,0.42292875548203784,0.6441501379013062,0.6336206896551724,0.7620040411612218,0.6666666666666666,0.0,0.0,0.0,0.0,0.0,0.0,0.0,0.0,0.0,2002,radio,0.5
2,5,lr5e-05_bs32_modL1_fusion32_fusionL1_drop0p1_trmiss50_trlocradio,32,5e-05,1,32,1,0.1,lr5e-05_bs32_modL1_fusion32_fusionL1_drop0p1_trmiss50_trlocradio,37,0.4239484369754791,0.6442655026912689,0.6357758620689655,0.7474992988316265,0.6666666666666666,0.0,0.0,0.0,0.0,0.0,0.0,0.0,0.0,0.0,2002,radio,0.5
2,5,lr5e-05_bs32_modL1_fusion32_fusionL1_drop0p1_trmiss50_trlocradio,32,5e-05,1,32,1,0.1,lr5e-05_bs32_modL1_fusion32_fusionL1_drop0p1_trmiss50_trlocradio,38,0.4127379010121028,0.6427392959594727,0.6357758620689655,0.7472628007236115,0.6444444444444445,0.0,0.0,0.0,0.0,0.0,0.0,0.0,0.0,0.0,2002,radio,0.5
2,5,lr5e-05_bs32_modL1_fusion32_fusionL1_drop0p1_trmiss50_trlocradio,32,5e-05,1,32,1,0.1,lr5e-05_bs32_modL1_fusion32_fusionL1_drop0p1_trmiss50_trlocradio,39,0.41852735976378125,0.6415633261203766,0.6357758620689655,0.7593673726667404,0.6444444444444445,0.0,0.0,0.0,0.0,0.0,0.0,0.0,0.0,0.0,2002,radio,0.5
2,5,lr5e-05_bs32_modL1_fusion32_fusionL1_drop0p1_trmiss50_trlocradio,32,5e-05,1,32,1,0.1,lr5e-05_bs32_modL1_fusion32_fusionL1_drop0p1_trmiss50_trlocradio,40,0.41474586228529614,0.6375646889209747,0.6487068965517242,0.7806671222392546,0.6444444444444445,0.0,0.0,0.0,0.0,0.0,0.0,0.0,0.0,0.0,2002,radio,0.5
2,5,lr5e-05_bs32_modL1_fusion32_fusionL1_drop0p1_trmiss50_trlocradio,32,5e-05,1,32,1,0.1,lr5e-05_bs32_modL1_fusion32_fusionL1_drop0p1_trmiss50_trlocradio,41,0.4114150404930115,0.6380317211151123,0.6616379310344828,0.7955298890348708,0.6666666666666666,0.0,0.0,0.0,0.0,0.0,0.0,0.0,0.0,0.0,2002,radio,0.5
2,5,lr5e-05_bs32_modL1_fusion32_fusionL1_drop0p1_trmiss50_trlocradio,32,5e-05,1,32,1,0.1,lr5e-05_bs32_modL1_fusion32_fusionL1_drop0p1_trmiss50_trlocradio,42,0.4140196740627289,0.6397648453712463,0.6616379310344828,0.7970207555005571,0.6666666666666666,0.0,0.0,0.0,0.0,0.0,0.0,0.0,0.0,0.0,2002,radio,0.5
2,5,lr5e-05_bs32_modL1_fusion32_fusionL1_drop0p1_trmiss50_trlocradio,32,5e-05,1,32,1,0.1,lr5e-05_bs32_modL1_fusion32_fusionL1_drop0p1_trmiss50_trlocradio,43,0.40718310077985126,0.6369555592536926,0.6637931034482759,0.8028242388308633,0.6444444444444445,0.0,0.0,0.0,0.0,0.0,0.0,0.0,0.0,0.0,2002,radio,0.5
2,5,lr5e-05_bs32_modL1_fusion32_fusionL1_drop0p1_trmiss50_trlocradio,32,5e-05,1,32,1,0.1,lr5e-05_bs32_modL1_fusion32_fusionL1_drop0p1_trmiss50_trlocradio,44,0.40312419335047406,0.6405578851699829,0.6422413793103449,0.7641873746728464,0.6666666666666666,0.0,0.0,0.0,0.0,0.0,0.0,0.0,0.0,0.0,2002,radio,0.5
2,5,lr5e-05_bs32_modL1_fusion32_fusionL1_drop0p1_trmiss50_trlocradio,32,5e-05,1,32,1,0.1,lr5e-05_bs32_modL1_fusion32_fusionL1_drop0p1_trmiss50_trlocradio,45,0.4126948416233063,0.6384041607379913,0.6422413793103449,0.7524580145995663,0.6444444444444445,0.0,0.0,0.0,0.0,0.0,0.0,0.0,0.0,0.0,2002,radio,0.5
2,5,lr5e-05_bs32_modL1_fusion32_fusionL1_drop0p1_trmiss50_trlocradio,32,5e-05,1,32,1,0.1,lr5e-05_bs32_modL1_fusion32_fusionL1_drop0p1_trmiss50_trlocradio,46,0.40164656937122345,0.6354901492595673,0.6487068965517242,0.7772238699942248,0.6444444444444445,0.0,0.0,0.0,0.0,0.0,0.0,0.0,0.0,0.0,2002,radio,0.5
2,5,lr5e-05_bs32_modL1_fusion32_fusionL1_drop0p1_trmiss50_trlocradio,32,5e-05,1,32,1,0.1,lr5e-05_bs32_modL1_fusion32_fusionL1_drop0p1_trmiss50_trlocradio,47,0.39568563799063367,0.6328887045383453,0.6573275862068966,0.8007032415127511,0.6222222222222222,0.0,0.0,0.0,0.0,0.0,0.0,0.0,0.0,0.0,2002,radio,0.5
2,5,lr5e-05_bs32_modL1_fusion32_fusionL1_drop0p1_trmiss50_trlocradio,32,5e-05,1,32,1,0.1,lr5e-05_bs32_modL1_fusion32_fusionL1_drop0p1_trmiss50_trlocradio,48,0.38906898101170856,0.6319454610347748,0.6637931034482759,0.806156002936917,0.6222222222222222,0.0,0.0,0.0,0.0,0.0,0.0,0.0,0.0,0.0,2002,radio,0.5
2,5,lr5e-05_bs32_modL1_fusion32_fusionL1_drop0p1_trmiss50_trlocradio,32,5e-05,1,32,1,0.1,lr5e-05_bs32_modL1_fusion32_fusionL1_drop0p1_trmiss50_trlocradio,49,0.39013705650965375,0.6343031525611877,0.6443965517241379,0.7752981058728063,0.6222222222222222,0.0,0.0,0.0,0.0,0.0,0.0,0.0,0.0,0.0,2002,radio,0.5
2,5,lr5e-05_bs32_modL1_fusion32_fusionL1_drop0p1_trmiss50_trlocradio,32,5e-05,1,32,1,0.1,lr5e-05_bs32_modL1_fusion32_fusionL1_drop0p1_trmiss50_trlocradio,50,0.3923659125963847,0.6350248456001282,0.6379310344827587,0.7647574354414716,0.6444444444444445,0.0,0.0,0.0,0.0,0.0,0.0,0.0,0.0,0.0,2002,radio,0.5
2,5,lr5e-05_bs32_modL1_fusion32_fusionL1_drop0p1_trmiss50_trlocradio,32,5e-05,1,32,1,0.1,lr5e-05_bs32_modL1_fusion32_fusionL1_drop0p1_trmiss50_trlocradio,51,0.3962000409762065,0.631542444229126,0.6616379310344828,0.7961537270081329,0.6222222222222222,0.0,0.0,0.0,0.0,0.0,0.0,0.0,0.0,0.0,2002,radio,0.5
2,5,lr5e-05_bs32_modL1_fusion32_fusionL1_drop0p1_trmiss50_trlocradio,32,5e-05,1,32,1,0.1,lr5e-05_bs32_modL1_fusion32_fusionL1_drop0p1_trmiss50_trlocradio,52,0.3890358904997508,0.6303103566169739,0.6594827586206896,0.7956983599411713,0.6444444444444445,0.0,0.0,0.0,0.0,0.0,0.0,0.0,0.0,0.0,2002,radio,0.5
2,5,lr5e-05_bs32_modL1_fusion32_fusionL1_drop0p1_trmiss50_trlocradio,32,5e-05,1,32,1,0.1,lr5e-05_bs32_modL1_fusion32_fusionL1_drop0p1_trmiss50_trlocradio,53,0.3803165952364604,0.6302037239074707,0.6573275862068966,0.7859373064055806,0.6444444444444445,0.0,0.0,0.0,0.0,0.0,0.0,0.0,0.0,0.0,2002,radio,0.5
2,5,lr5e-05_bs32_modL1_fusion32_fusionL1_drop0p1_trmiss50_trlocradio,32,5e-05,1,32,1,0.1,lr5e-05_bs32_modL1_fusion32_fusionL1_drop0p1_trmiss50_trlocradio,54,0.37911849717299145,0.6333852410316467,0.6508620689655172,0.7709317530884262,0.6444444444444445,0.0,0.0,0.0,0.0,0.0,0.0,0.0,0.0,0.0,2002,radio,0.5
2,5,lr5e-05_bs32_modL1_fusion32_fusionL1_drop0p1_trmiss50_trlocradio,32,5e-05,1,32,1,0.1,lr5e-05_bs32_modL1_fusion32_fusionL1_drop0p1_trmiss50_trlocradio,55,0.3760857731103897,0.6381665170192719,0.6379310344827587,0.7474529102744174,0.6666666666666666,0.0,0.0,0.0,0.0,0.0,0.0,0.0,0.0,0.0,2002,radio,0.5
2,5,lr5e-05_bs32_modL1_fusion32_fusionL1_drop0p1_trmiss50_trlocradio,32,5e-05,1,32,1,0.1,lr5e-05_bs32_modL1_fusion32_fusionL1_drop0p1_trmiss50_trlocradio,56,0.38323764503002167,0.6370093524456024,0.6422413793103448,0.751688221422294,0.6666666666666666,0.0,0.0,0.0,0.0,0.0,0.0,0.0,0.0,0.0,2002,radio,0.5
2,5,lr5e-05_bs32_modL1_fusion32_fusionL1_drop0p1_trmiss50_trlocradio,32,5e-05,1,32,1,0.1,lr5e-05_bs32_modL1_fusion32_fusionL1_drop0p1_trmiss50_trlocradio,57,0.3856258789698283,0.6322697699069977,0.6594827586206896,0.7913153453859011,0.6666666666666666,0.0,0.0,0.0,0.0,0.0,0.0,0.0,0.0,0.0,2002,radio,0.5
2,5,lr5e-05_bs32_modL1_fusion32_fusionL1_drop0p1_trmiss50_trlocradio,32,5e-05,1,32,1,0.1,lr5e-05_bs32_modL1_fusion32_fusionL1_drop0p1_trmiss50_trlocradio,58,0.38075120250384015,0.6307742595672607,0.6724137931034482,0.799487002166946,0.6666666666666666,0.0,0.0,0.0,0.0,0.0,0.0,0.0,0.0,0.0,2002,radio,0.5
2,5,lr5e-05_bs32_modL1_fusion32_fusionL1_drop0p1_trmiss50_trlocradio,32,5e-05,1,32,1,0.1,lr5e-05_bs32_modL1_fusion32_fusionL1_drop0p1_trmiss50_trlocradio,59,0.37414325773715973,0.628038078546524,0.6831896551724137,0.8119105060746084,0.6666666666666666,0.0,0.0,0.0,0.0,0.0,0.0,0.0,0.0,0.0,2002,radio,0.5
2,5,lr5e-05_bs32_modL1_fusion32_fusionL1_drop0p1_trmiss50_trlocradio,32,5e-05,1,32,1,0.1,lr5e-05_bs32_modL1_fusion32_fusionL1_drop0p1_trmiss50_trlocradio,60,0.37457094093163806,0.6270267963409424,0.6767241379310345,0.8049658820139532,0.6666666666666666,0.0,0.0,0.0,0.0,0.0,0.0,0.0,0.0,0.0,2002,radio,0.5
2,5,lr5e-05_bs32_modL1_fusion32_fusionL1_drop0p1_trmiss50_trlocradio,32,5e-05,1,32,1,0.1,lr5e-05_bs32_modL1_fusion32_fusionL1_drop0p1_trmiss50_trlocradio,61,0.39289944370587665,0.6292796730995178,0.6767241379310345,0.7976406724234772,0.6666666666666666,0.0,0.0,0.0,0.0,0.0,0.0,0.0,0.0,0.0,2002,radio,0.5
2,5,lr5e-05_bs32_modL1_fusion32_fusionL1_drop0p1_trmiss50_trlocradio,32,5e-05,1,32,1,0.1,lr5e-05_bs32_modL1_fusion32_fusionL1_drop0p1_trmiss50_trlocradio,62,0.36906860768795013,0.6293143033981323,0.665948275862069,0.7752776033311995,0.6666666666666666,0.0,0.0,0.0,0.0,0.0,0.0,0.0,0.0,0.0,2002,radio,0.5
2,5,lr5e-05_bs32_modL1_fusion32_fusionL1_drop0p1_trmiss50_trlocradio,32,5e-05,1,32,1,0.1,lr5e-05_bs32_modL1_fusion32_fusionL1_drop0p1_trmiss50_trlocradio,63,0.3654731015364329,0.6281991899013519,0.665948275862069,0.7681014941480442,0.6666666666666666,0.0,0.0,0.0,0.0,0.0,0.0,0.0,0.0,0.0,2002,radio,0.5
2,5,lr5e-05_bs32_modL1_fusion32_fusionL1_drop0p1_trmiss50_trlocradio,32,5e-05,1,32,1,0.1,lr5e-05_bs32_modL1_fusion32_fusionL1_drop0p1_trmiss50_trlocradio,64,0.37796062727769214,0.625570148229599,0.6896551724137931,0.8089063550700717,0.6666666666666666,0.0,0.0,0.0,0.0,0.0,0.0,0.0,0.0,0.0,2002,radio,0.5
2,5,lr5e-05_bs32_modL1_fusion32_fusionL1_drop0p1_trmiss50_trlocradio,32,5e-05,1,32,1,0.1,lr5e-05_bs32_modL1_fusion32_fusionL1_drop0p1_trmiss50_trlocradio,65,0.36996105313301086,0.6228228509426117,0.6982758620689655,0.8186825941566556,0.6666666666666666,0.0,0.0,0.0,0.0,0.0,0.0,0.0,0.0,0.0,2002,radio,0.5
2,5,lr5e-05_bs32_modL1_fusion32_fusionL1_drop0p1_trmiss50_trlocradio,32,5e-05,1,32,1,0.1,lr5e-05_bs32_modL1_fusion32_fusionL1_drop0p1_trmiss50_trlocradio,66,0.3655806928873062,0.6223341226577759,0.6939655172413792,0.812197868604993,0.6666666666666666,0.0,0.0,0.0,0.0,0.0,0.0,0.0,0.0,0.0,2002,radio,0.5
2,5,lr5e-05_bs32_modL1_fusion32_fusionL1_drop0p1_trmiss50_trlocradio,32,5e-05,1,32,1,0.1,lr5e-05_bs32_modL1_fusion32_fusionL1_drop0p1_trmiss50_trlocradio,67,0.36481378972530365,0.6259188950061798,0.6875000000000001,0.7988298748772008,0.6666666666666666,0.0,0.0,0.0,0.0,0.0,0.0,0.0,0.0,0.0,2002,radio,0.5
2,5,lr5e-05_bs32_modL1_fusion32_fusionL1_drop0p1_trmiss50_trlocradio,32,5e-05,1,32,1,0.1,lr5e-05_bs32_modL1_fusion32_fusionL1_drop0p1_trmiss50_trlocradio,68,0.35875247915585834,0.6235552132129669,0.6745689655172414,0.7828525159965646,0.6666666666666666,0.0,0.0,0.0,0.0,0.0,0.0,0.0,0.0,0.0,2002,radio,0.5
2,5,lr5e-05_bs32_modL1_fusion32_fusionL1_drop0p1_trmiss50_trlocradio,32,5e-05,1,32,1,0.1,lr5e-05_bs32_modL1_fusion32_fusionL1_drop0p1_trmiss50_trlocradio,69,0.36050547659397125,0.6216752231121063,0.6767241379310346,0.7834574766741204,0.6888888888888889,0.0,0.0,0.0,0.0,0.0,0.0,0.0,0.0,0.0,2002,radio,0.5
2,5,lr5e-05_bs32_modL1_fusion32_fusionL1_drop0p1_trmiss50_trlocradio,32,5e-05,1,32,1,0.1,lr5e-05_bs32_modL1_fusion32_fusionL1_drop0p1_trmiss50_trlocradio,70,0.34165505568186444,0.6219775676727295,0.6788793103448276,0.7828600168383256,0.6888888888888889,0.0,0.0,0.0,0.0,0.0,0.0,0.0,0.0,0.0,2002,radio,0.5
2,5,lr5e-05_bs32_modL1_fusion32_fusionL1_drop0p1_trmiss50_trlocradio,32,5e-05,1,32,1,0.1,lr5e-05_bs32_modL1_fusion32_fusionL1_drop0p1_trmiss50_trlocradio,71,0.3521348685026169,0.6211324036121368,0.685344827586207,0.7851691301388183,0.6888888888888889,0.0,0.0,0.0,0.0,0.0,0.0,0.0,0.0,0.0,2002,radio,0.5
2,5,lr5e-05_bs32_modL1_fusion32_fusionL1_drop0p1_trmiss50_trlocradio,32,5e-05,1,32,1,0.1,lr5e-05_bs32_modL1_fusion32_fusionL1_drop0p1_trmiss50_trlocradio,72,0.3437546541293462,0.6189720034599304,0.6896551724137931,0.7908341547693601,0.6888888888888889,0.0,0.0,0.0,0.0,0.0,0.0,0.0,0.0,0.0,2002,radio,0.5
2,5,lr5e-05_bs32_modL1_fusion32_fusionL1_drop0p1_trmiss50_trlocradio,32,5e-05,1,32,1,0.1,lr5e-05_bs32_modL1_fusion32_fusionL1_drop0p1_trmiss50_trlocradio,73,0.3537948628266652,0.6171309053897858,0.6939655172413793,0.8119014482844756,0.6888888888888889,0.0,0.0,0.0,0.0,0.0,0.0,0.0,0.0,0.0,2002,radio,0.5
2,5,lr5e-05_bs32_modL1_fusion32_fusionL1_drop0p1_trmiss50_trlocradio,32,5e-05,1,32,1,0.1,lr5e-05_bs32_modL1_fusion32_fusionL1_drop0p1_trmiss50_trlocradio,74,0.344043031334877,0.6149349510669708,0.6875,0.8109503251004743,0.6888888888888889,0.0,0.0,0.0,0.0,0.0,0.0,0.0,0.0,0.0,2002,radio,0.5
2,5,lr5e-05_bs32_modL1_fusion32_fusionL1_drop0p1_trmiss50_trlocradio,32,5e-05,1,32,1,0.1,lr5e-05_bs32_modL1_fusion32_fusionL1_drop0p1_trmiss50_trlocradio,75,0.34839577972888947,0.6145133376121521,0.6896551724137931,0.8054207165763104,0.6888888888888889,0.0,0.0,0.0,0.0,0.0,0.0,0.0,0.0,0.0,2002,radio,0.5
2,5,lr5e-05_bs32_modL1_fusion32_fusionL1_drop0p1_trmiss50_trlocradio,32,5e-05,1,32,1,0.1,lr5e-05_bs32_modL1_fusion32_fusionL1_drop0p1_trmiss50_trlocradio,76,0.3592695891857147,0.6154015958309174,0.6831896551724138,0.7826543525951344,0.6888888888888889,0.0,0.0,0.0,0.0,0.0,0.0,0.0,0.0,0.0,2002,radio,0.5
2,5,lr5e-05_bs32_modL1_fusion32_fusionL1_drop0p1_trmiss50_trlocradio,32,5e-05,1,32,1,0.1,lr5e-05_bs32_modL1_fusion32_fusionL1_drop0p1_trmiss50_trlocradio,77,0.3529434750477473,0.6161125898361206,0.6831896551724137,0.7817823742597205,0.6888888888888889,0.0,0.0,0.0,0.0,0.0,0.0,0.0,0.0,0.0,2002,radio,0.5
2,5,lr5e-05_bs32_modL1_fusion32_fusionL1_drop0p1_trmiss50_trlocradio,32,5e-05,1,32,1,0.1,lr5e-05_bs32_modL1_fusion32_fusionL1_drop0p1_trmiss50_trlocradio,78,0.336569478114446,0.618399053812027,0.6875,0.7826406144622011,0.6888888888888889,0.0,0.0,0.0,0.0,0.0,0.0,0.0,0.0,0.0,2002,radio,0.5
2,5,lr5e-05_bs32_modL1_fusion32_fusionL1_drop0p1_trmiss50_trlocradio,32,5e-05,1,32,1,0.1,lr5e-05_bs32_modL1_fusion32_fusionL1_drop0p1_trmiss50_trlocradio,79,0.34352871775627136,0.6159010529518127,0.6918103448275862,0.8031134507311833,0.6888888888888889,0.0,0.0,0.0,0.0,0.0,0.0,0.0,0.0,0.0,2002,radio,0.5
2,5,lr5e-05_bs32_modL1_fusion32_fusionL1_drop0p1_trmiss50_trlocradio,32,5e-05,1,32,1,0.1,lr5e-05_bs32_modL1_fusion32_fusionL1_drop0p1_trmiss50_trlocradio,80,0.34238215287526447,0.6184874773025513,0.6961206896551724,0.7958138908176079,0.6888888888888889,0.0,0.0,0.0,0.0,0.0,0.0,0.0,0.0,0.0,2002,radio,0.5
2,5,lr5e-05_bs32_modL1_fusion64_fusionL1_drop0p2_trmiss50_trlocradio,32,5e-05,1,64,1,0.2,lr5e-05_bs32_modL1_fusion64_fusionL1_drop0p2_trmiss50_trlocradio,1,0.6985517044862112,0.7037923336029053,0.45474137931034486,0.6755975106946149,0.4222222222222222,0.0,0.0,0.0,0.0,0.0,0.0,0.0,0.0,0.0,2002,radio,0.5
2,5,lr5e-05_bs32_modL1_fusion64_fusionL1_drop0p2_trmiss50_trlocradio,32,5e-05,1,64,1,0.2,lr5e-05_bs32_modL1_fusion64_fusionL1_drop0p2_trmiss50_trlocradio,2,0.6760089099407196,0.6994412541389465,0.4051724137931035,0.6328361785086912,0.4888888888888889,0.0,0.0,0.0,0.0,0.0,0.0,0.0,0.0,0.0,2002,radio,0.5
2,5,lr5e-05_bs32_modL1_fusion64_fusionL1_drop0p2_trmiss50_trlocradio,32,5e-05,1,64,1,0.2,lr5e-05_bs32_modL1_fusion64_fusionL1_drop0p2_trmiss50_trlocradio,3,0.6439282198747,0.6985290348529816,0.40086206896551724,0.6187442142072794,0.4444444444444444,0.0,0.0,0.0,0.0,0.0,0.0,0.0,0.0,0.0,2002,radio,0.5
2,5,lr5e-05_bs32_modL1_fusion64_fusionL1_drop0p2_trmiss50_trlocradio,32,5e-05,1,64,1,0.2,lr5e-05_bs32_modL1_fusion64_fusionL1_drop0p2_trmiss50_trlocradio,4,0.6169138153394064,0.6957527995109558,0.41163793103448276,0.6215950639168346,0.5111111111111111,0.0,0.0,0.0,0.0,0.0,0.0,0.0,0.0,0.0,2002,radio,0.5
2,5,lr5e-05_bs32_modL1_fusion64_fusionL1_drop0p2_trmiss50_trlocradio,32,5e-05,1,64,1,0.2,lr5e-05_bs32_modL1_fusion64_fusionL1_drop0p2_trmiss50_trlocradio,5,0.6353628734747568,0.6927439272403717,0.43318965517241376,0.62712746586235,0.5111111111111111,0.0,0.0,0.0,0.0,0.0,0.0,0.0,0.0,0.0,2002,radio,0.5
2,5,lr5e-05_bs32_modL1_fusion64_fusionL1_drop0p2_trmiss50_trlocradio,32,5e-05,1,64,1,0.2,lr5e-05_bs32_modL1_fusion64_fusionL1_drop0p2_trmiss50_trlocradio,6,0.6085692445437113,0.6891373991966248,0.4525862068965517,0.6317719027966601,0.5333333333333333,0.0,0.0,0.0,0.0,0.0,0.0,0.0,0.0,0.0,2002,radio,0.5
2,5,lr5e-05_bs32_modL1_fusion64_fusionL1_drop0p2_trmiss50_trlocradio,32,5e-05,1,64,1,0.2,lr5e-05_bs32_modL1_fusion64_fusionL1_drop0p2_trmiss50_trlocradio,7,0.5930276910463969,0.6858641803264618,0.46336206896551724,0.6341095089585395,0.5333333333333333,0.0,0.0,0.0,0.0,0.0,0.0,0.0,0.0,0.0,2002,radio,0.5
2,5,lr5e-05_bs32_modL1_fusion64_fusionL1_drop0p2_trmiss50_trlocradio,32,5e-05,1,64,1,0.2,lr5e-05_bs32_modL1_fusion64_fusionL1_drop0p2_trmiss50_trlocradio,8,0.5857243637243906,0.6817909181118011,0.5021551724137931,0.6610782555215161,0.5333333333333333,0.0,0.0,0.0,0.0,0.0,0.0,0.0,0.0,0.0,2002,radio,0.5
2,5,lr5e-05_bs32_modL1_fusion64_fusionL1_drop0p2_trmiss50_trlocradio,32,5e-05,1,64,1,0.2,lr5e-05_bs32_modL1_fusion64_fusionL1_drop0p2_trmiss50_trlocradio,9,0.5725447038809458,0.6807084083557129,0.5129310344827586,0.6810970102781086,0.5333333333333333,0.0,0.0,0.0,0.0,0.0,0.0,0.0,0.0,0.0,2002,radio,0.5
2,5,lr5e-05_bs32_modL1_fusion64_fusionL1_drop0p2_trmiss50_trlocradio,32,5e-05,1,64,1,0.2,lr5e-05_bs32_modL1_fusion64_fusionL1_drop0p2_trmiss50_trlocradio,10,0.5753588179747263,0.6803172528743744,0.5323275862068966,0.6880837744014673,0.5555555555555556,0.0,0.0,0.0,0.0,0.0,0.0,0.0,0.0,0.0,2002,radio,0.5
2,5,lr5e-05_bs32_modL1_fusion64_fusionL1_drop0p2_trmiss50_trlocradio,32,5e-05,1,64,1,0.2,lr5e-05_bs32_modL1_fusion64_fusionL1_drop0p2_trmiss50_trlocradio,11,0.5576092302799225,0.681177020072937,0.5280172413793103,0.7030371957203313,0.5777777777777777,0.0,0.0,0.0,0.0,0.0,0.0,0.0,0.0,0.0,2002,radio,0.5
2,5,lr5e-05_bs32_modL1_fusion64_fusionL1_drop0p2_trmiss50_trlocradio,32,5e-05,1,64,1,0.2,lr5e-05_bs32_modL1_fusion64_fusionL1_drop0p2_trmiss50_trlocradio,12,0.5553384323914846,0.68168705701828,0.5474137931034483,0.7262916541527652,0.5777777777777777,0.0,0.0,0.0,0.0,0.0,0.0,0.0,0.0,0.0,2002,radio,0.5
2,5,lr5e-05_bs32_modL1_fusion64_fusionL1_drop0p2_trmiss50_trlocradio,32,5e-05,1,64,1,0.2,lr5e-05_bs32_modL1_fusion64_fusionL1_drop0p2_trmiss50_trlocradio,13,0.5367748439311981,0.6795422434806824,0.5711206896551724,0.7414637034092783,0.5777777777777777,0.0,0.0,0.0,0.0,0.0,0.0,0.0,0.0,0.0,2002,radio,0.5
2,5,lr5e-05_bs32_modL1_fusion64_fusionL1_drop0p2_trmiss50_trlocradio,32,5e-05,1,64,1,0.2,lr5e-05_bs32_modL1_fusion64_fusionL1_drop0p2_trmiss50_trlocradio,14,0.5296258727709452,0.6755505502223969,0.5732758620689654,0.7408851307807077,0.5555555555555556,0.0,0.0,0.0,0.0,0.0,0.0,0.0,0.0,0.0,2002,radio,0.5
2,5,lr5e-05_bs32_modL1_fusion64_fusionL1_drop0p2_trmiss50_trlocradio,32,5e-05,1,64,1,0.2,lr5e-05_bs32_modL1_fusion64_fusionL1_drop0p2_trmiss50_trlocradio,15,0.5243929028511047,0.6703835427761078,0.5818965517241379,0.7379257465518345,0.5777777777777777,0.0,0.0,0.0,0.0,0.0,0.0,0.0,0.0,0.0,2002,radio,0.5
2,5,lr5e-05_bs32_modL1_fusion64_fusionL1_drop0p2_trmiss50_trlocradio,32,5e-05,1,64,1,0.2,lr5e-05_bs32_modL1_fusion64_fusionL1_drop0p2_trmiss50_trlocradio,16,0.5364411969979604,0.6710682809352875,0.5754310344827587,0.7393526938719577,0.5777777777777777,0.0,0.0,0.0,0.0,0.0,0.0,0.0,0.0,0.0,2002,radio,0.5
2,5,lr5e-05_bs32_modL1_fusion64_fusionL1_drop0p2_trmiss50_trlocradio,32,5e-05,1,64,1,0.2,lr5e-05_bs32_modL1_fusion64_fusionL1_drop0p2_trmiss50_trlocradio,17,0.5133082369963328,0.6718935668468475,0.5732758620689655,0.7408043249924803,0.5777777777777777,0.0,0.0,0.0,0.0,0.0,0.0,0.0,0.0,0.0,2002,radio,0.5
2,5,lr5e-05_bs32_modL1_fusion64_fusionL1_drop0p2_trmiss50_trlocradio,32,5e-05,1,64,1,0.2,lr5e-05_bs32_modL1_fusion64_fusionL1_drop0p2_trmiss50_trlocradio,18,0.5094452152649561,0.6702483296394348,0.5775862068965517,0.744427453934535,0.5777777777777777,0.0,0.0,0.0,0.0,0.0,0.0,0.0,0.0,0.0,2002,radio,0.5
2,5,lr5e-05_bs32_modL1_fusion64_fusionL1_drop0p2_trmiss50_trlocradio,32,5e-05,1,64,1,0.2,lr5e-05_bs32_modL1_fusion64_fusionL1_drop0p2_trmiss50_trlocradio,19,0.49829568962256116,0.671582818031311,0.5818965517241379,0.7635785981857027,0.5555555555555556,0.0,0.0,0.0,0.0,0.0,0.0,0.0,0.0,0.0,2002,radio,0.5
2,5,lr5e-05_bs32_modL1_fusion64_fusionL1_drop0p2_trmiss50_trlocradio,32,5e-05,1,64,1,0.2,lr5e-05_bs32_modL1_fusion64_fusionL1_drop0p2_trmiss50_trlocradio,20,0.5002830376227697,0.6691986620426178,0.6077586206896551,0.7718203728708629,0.5555555555555556,0.0,0.0,0.0,0.0,0.0,0.0,0.0,0.0,0.0,2002,radio,0.5
2,5,lr5e-05_bs32_modL1_fusion64_fusionL1_drop0p2_trmiss50_trlocradio,32,5e-05,1,64,1,0.2,lr5e-05_bs32_modL1_fusion64_fusionL1_drop0p2_trmiss50_trlocradio,21,0.5010762264331182,0.6659711599349976,0.6228448275862069,0.7808589840391688,0.5555555555555556,0.0,0.0,0.0,0.0,0.0,0.0,0.0,0.0,0.0,2002,radio,0.5
2,5,lr5e-05_bs32_modL1_fusion64_fusionL1_drop0p2_trmiss50_trlocradio,32,5e-05,1,64,1,0.2,lr5e-05_bs32_modL1_fusion64_fusionL1_drop0p2_trmiss50_trlocradio,22,0.48773623009522754,0.6680730581283569,0.6099137931034483,0.7726496000747795,0.5555555555555556,0.0,0.0,0.0,0.0,0.0,0.0,0.0,0.0,0.0,2002,radio,0.5
2,5,lr5e-05_bs32_modL1_fusion64_fusionL1_drop0p2_trmiss50_trlocradio,32,5e-05,1,64,1,0.2,lr5e-05_bs32_modL1_fusion64_fusionL1_drop0p2_trmiss50_trlocradio,23,0.4757932275533676,0.666865885257721,0.6120689655172413,0.7829702452347468,0.5777777777777777,0.0,0.0,0.0,0.0,0.0,0.0,0.0,0.0,0.0,2002,radio,0.5
2,5,lr5e-05_bs32_modL1_fusion64_fusionL1_drop0p2_trmiss50_trlocradio,32,5e-05,1,64,1,0.2,lr5e-05_bs32_modL1_fusion64_fusionL1_drop0p2_trmiss50_trlocradio,24,0.4678989996512731,0.6673508882522583,0.6271551724137931,0.7927454706990152,0.5333333333333333,0.0,0.0,0.0,0.0,0.0,0.0,0.0,0.0,0.0,2002,radio,0.5
2,5,lr5e-05_bs32_modL1_fusion64_fusionL1_drop0p2_trmiss50_trlocradio,32,5e-05,1,64,1,0.2,lr5e-05_bs32_modL1_fusion64_fusionL1_drop0p2_trmiss50_trlocradio,25,0.46824738879998523,0.665290504693985,0.6314655172413792,0.7878476042840962,0.5555555555555556,0.0,0.0,0.0,0.0,0.0,0.0,0.0,0.0,0.0,2002,radio,0.5
2,5,lr5e-05_bs32_modL1_fusion64_fusionL1_drop0p2_trmiss50_trlocradio,32,5e-05,1,64,1,0.2,lr5e-05_bs32_modL1_fusion64_fusionL1_drop0p2_trmiss50_trlocradio,26,0.4764886448780696,0.6650910675525665,0.6163793103448276,0.7809332568637314,0.5555555555555556,0.0,0.0,0.0,0.0,0.0,0.0,0.0,0.0,0.0,2002,radio,0.5
2,5,lr5e-05_bs32_modL1_fusion64_fusionL1_drop0p2_trmiss50_trlocradio,32,5e-05,1,64,1,0.2,lr5e-05_bs32_modL1_fusion64_fusionL1_drop0p2_trmiss50_trlocradio,27,0.44908953706423443,0.6670982539653778,0.6185344827586207,0.7705292129591963,0.5555555555555556,0.0,0.0,0.0,0.0,0.0,0.0,0.0,0.0,0.0,2002,radio,0.5
2,5,lr5e-05_bs32_modL1_fusion64_fusionL1_drop0p2_trmiss50_trlocradio,32,5e-05,1,64,1,0.2,lr5e-05_bs32_modL1_fusion64_fusionL1_drop0p2_trmiss50_trlocradio,28,0.45234414935112,0.6722127199172974,0.6163793103448275,0.7809983398637238,0.5333333333333333,0.0,0.0,0.0,0.0,0.0,0.0,0.0,0.0,0.0,2002,radio,0.5
2,5,lr5e-05_bs32_modL1_fusion64_fusionL1_drop0p2_trmiss50_trlocradio,32,5e-05,1,64,1,0.2,lr5e-05_bs32_modL1_fusion64_fusionL1_drop0p2_trmiss50_trlocradio,29,0.44357802470525104,0.6722874641418457,0.6099137931034483,0.7766330423047926,0.5555555555555556,0.0,0.0,0.0,0.0,0.0,0.0,0.0,0.0,0.0,2002,radio,0.5
2,5,lr5e-05_bs32_modL1_fusion64_fusionL1_drop0p2_trmiss50_trlocradio,32,5e-05,1,64,1,0.2,lr5e-05_bs32_modL1_fusion64_fusionL1_drop0p2_trmiss50_trlocradio,30,0.44730983674526215,0.6693125367164612,0.6120689655172413,0.7766293633345255,0.5555555555555556,0.0,0.0,0.0,0.0,0.0,0.0,0.0,0.0,0.0,2002,radio,0.5
2,5,lr5e-05_bs32_modL1_fusion64_fusionL1_drop0p2_trmiss50_trlocradio,32,5e-05,1,64,1,0.2,lr5e-05_bs32_modL1_fusion64_fusionL1_drop0p2_trmiss50_trlocradio,31,0.4390214780966441,0.6723600625991821,0.6228448275862069,0.7751940113842295,0.5555555555555556,0.0,0.0,0.0,0.0,0.0,0.0,0.0,0.0,0.0,2002,radio,0.5
2,5,lr5e-05_bs32_modL1_fusion64_fusionL1_drop0p2_trmiss50_trlocradio,32,5e-05,1,64,1,0.2,lr5e-05_bs32_modL1_fusion64_fusionL1_drop0p2_trmiss50_trlocradio,32,0.42596209049224854,0.6718535125255585,0.625,0.7767865202509026,0.5333333333333333,0.0,0.0,0.0,0.0,0.0,0.0,0.0,0.0,0.0,2002,radio,0.5
2,5,lr5e-05_bs32_modL1_fusion64_fusionL1_drop0p2_trmiss50_trlocradio,32,5e-05,1,64,1,0.2,lr5e-05_bs32_modL1_fusion64_fusionL1_drop0p2_trmiss50_trlocradio,33,0.44144082566102344,0.6726327240467072,0.6293103448275861,0.7763561963921592,0.5333333333333333,0.0,0.0,0.0,0.0,0.0,0.0,0.0,0.0,0.0,2002,radio,0.5
2,5,lr5e-05_bs32_modL1_fusion64_fusionL1_drop0p2_trmiss50_trlocradio,32,5e-05,1,64,1,0.2,lr5e-05_bs32_modL1_fusion64_fusionL1_drop0p2_trmiss50_trlocradio,34,0.4127180725336075,0.6753113269805908,0.6206896551724137,0.7722111019193185,0.5333333333333333,0.0,0.0,0.0,0.0,0.0,0.0,0.0,0.0,0.0,2002,radio,0.5
2,5,lr5e-05_bs32_modL1_fusion64_fusionL1_drop0p2_trmiss50_trlocradio,32,5e-05,1,64,1,0.2,lr5e-05_bs32_modL1_fusion64_fusionL1_drop0p2_trmiss50_trlocradio,35,0.4345257381598155,0.6745841801166534,0.6185344827586207,0.7787472527960858,0.5333333333333333,0.0,0.0,0.0,0.0,0.0,0.0,0.0,0.0,0.0,2002,radio,0.5
2,5,lr5e-05_bs32_modL1_fusion64_fusionL1_drop0p2_trmiss50_trlocradio,32,5e-05,1,64,1,0.2,lr5e-05_bs32_modL1_fusion64_fusionL1_drop0p2_trmiss50_trlocradio,36,0.42644863327344257,0.674578458070755,0.6120689655172413,0.7660649094814977,0.5555555555555556,0.0,0.0,0.0,0.0,0.0,0.0,0.0,0.0,0.0,2002,radio,0.5
2,5,lr5e-05_bs32_modL1_fusion64_fusionL1_drop0p2_trmiss50_trlocradio,32,5e-05,1,64,1,0.2,lr5e-05_bs32_modL1_fusion64_fusionL1_drop0p2_trmiss50_trlocradio,37,0.41520464917023975,0.6755276024341583,0.6077586206896551,0.7629391388084314,0.5333333333333333,0.0,0.0,0.0,0.0,0.0,0.0,0.0,0.0,0.0,2002,radio,0.5
2,5,lr5e-05_bs32_modL1_fusion64_fusionL1_drop0p2_trmiss50_trlocradio,32,5e-05,1,64,1,0.2,lr5e-05_bs32_modL1_fusion64_fusionL1_drop0p2_trmiss50_trlocradio,38,0.4140840321779251,0.6743624806404114,0.605603448275862,0.7723802954952378,0.5555555555555556,0.0,0.0,0.0,0.0,0.0,0.0,0.0,0.0,0.0,2002,radio,0.5
2,5,lr5e-05_bs32_modL1_fusion64_fusionL1_drop0p2_trmiss50_trlocradio,32,5e-05,1,64,1,0.2,lr5e-05_bs32_modL1_fusion64_fusionL1_drop0p2_trmiss50_trlocradio,39,0.4090116967757543,0.6735675930976868,0.605603448275862,0.7734354634154638,0.5555555555555556,0.0,0.0,0.0,0.0,0.0,0.0,0.0,0.0,0.0,2002,radio,0.5
2,5,lr5e-05_bs32_modL1_fusion64_fusionL1_drop0p2_trmiss50_trlocradio,32,5e-05,1,64,1,0.2,lr5e-05_bs32_modL1_fusion64_fusionL1_drop0p2_trmiss50_trlocradio,40,0.4065874367952347,0.6720720827579498,0.6099137931034483,0.7759819805372542,0.5555555555555556,0.0,0.0,0.0,0.0,0.0,0.0,0.0,0.0,0.0,2002,radio,0.5
2,5,lr5e-05_bs32_modL1_fusion64_fusionL1_drop0p2_trmiss50_trlocradio,32,5e-05,1,64,1,0.2,lr5e-05_bs32_modL1_fusion64_fusionL1_drop0p2_trmiss50_trlocradio,41,0.4023616711298625,0.6703481078147888,0.6077586206896551,0.7658064089823724,0.5555555555555556,0.0,0.0,0.0,0.0,0.0,0.0,0.0,0.0,0.0,2002,radio,0.5
2,5,lr5e-05_bs32_modL1_fusion64_fusionL1_drop0p2_trmiss50_trlocradio,32,5e-05,1,64,1,0.2,lr5e-05_bs32_modL1_fusion64_fusionL1_drop0p2_trmiss50_trlocradio,42,0.40545521179835003,0.6729004085063934,0.605603448275862,0.7651631866375008,0.5777777777777777,0.0,0.0,0.0,0.0,0.0,0.0,0.0,0.0,0.0,2002,radio,0.5
2,5,lr5e-05_bs32_modL1_fusion64_fusionL1_drop0p2_trmiss50_trlocradio,32,5e-05,1,64,1,0.2,lr5e-05_bs32_modL1_fusion64_fusionL1_drop0p2_trmiss50_trlocradio,43,0.40121741592884064,0.6755972504615784,0.6163793103448275,0.7724268676312287,0.5777777777777777,0.0,0.0,0.0,0.0,0.0,0.0,0.0,0.0,0.0,2002,radio,0.5
2,5,lr5e-05_bs32_modL1_fusion64_fusionL1_drop0p2_trmiss50_trlocradio,32,5e-05,1,64,1,0.2,lr5e-05_bs32_modL1_fusion64_fusionL1_drop0p2_trmiss50_trlocradio,44,0.4078279435634613,0.670886904001236,0.6120689655172413,0.7686289695023709,0.5777777777777777,0.0,0.0,0.0,0.0,0.0,0.0,0.0,0.0,0.0,2002,radio,0.5
2,5,lr5e-05_bs32_modL1_fusion64_fusionL1_drop0p2_trmiss50_trlocradio,32,5e-05,1,64,1,0.2,lr5e-05_bs32_modL1_fusion64_fusionL1_drop0p2_trmiss50_trlocradio,45,0.3966839959224065,0.6700603365898132,0.6142241379310345,0.7696106071397735,0.6,0.0,0.0,0.0,0.0,0.0,0.0,0.0,0.0,0.0,2002,radio,0.5
2,5,lr5e-05_bs32_modL1_fusion64_fusionL1_drop0p1_trmiss50_trlocradio,32,5e-05,1,64,1,0.1,lr5e-05_bs32_modL1_fusion64_fusionL1_drop0p1_trmiss50_trlocradio,1,0.7303261359532675,0.6804159283638,0.6379310344827587,0.7648648323742416,0.6,0.0,0.0,0.0,0.0,0.0,0.0,0.0,0.0,0.0,2002,radio,0.5
2,5,lr5e-05_bs32_modL1_fusion64_fusionL1_drop0p1_trmiss50_trlocradio,32,5e-05,1,64,1,0.1,lr5e-05_bs32_modL1_fusion64_fusionL1_drop0p1_trmiss50_trlocradio,2,0.6791352331638336,0.6801659762859344,0.6422413793103448,0.7830745097265845,0.6,0.0,0.0,0.0,0.0,0.0,0.0,0.0,0.0,0.0,2002,radio,0.5
2,5,lr5e-05_bs32_modL1_fusion64_fusionL1_drop0p1_trmiss50_trlocradio,32,5e-05,1,64,1,0.1,lr5e-05_bs32_modL1_fusion64_fusionL1_drop0p1_trmiss50_trlocradio,3,0.673262357711792,0.677695095539093,0.6443965517241379,0.7872817405167039,0.6222222222222222,0.0,0.0,0.0,0.0,0.0,0.0,0.0,0.0,0.0,2002,radio,0.5
2,5,lr5e-05_bs32_modL1_fusion64_fusionL1_drop0p1_trmiss50_trlocradio,32,5e-05,1,64,1,0.1,lr5e-05_bs32_modL1_fusion64_fusionL1_drop0p1_trmiss50_trlocradio,4,0.6549631456534067,0.6728028953075409,0.6530172413793104,0.7971060778453123,0.6,0.0,0.0,0.0,0.0,0.0,0.0,0.0,0.0,0.0,2002,radio,0.5
2,5,lr5e-05_bs32_modL1_fusion64_fusionL1_drop0p1_trmiss50_trlocradio,32,5e-05,1,64,1,0.1,lr5e-05_bs32_modL1_fusion64_fusionL1_drop0p1_trmiss50_trlocradio,5,0.6248524089654287,0.6671395301818848,0.6551724137931034,0.8062426708897876,0.6,0.0,0.0,0.0,0.0,0.0,0.0,0.0,0.0,0.0,2002,radio,0.5
2,5,lr5e-05_bs32_modL1_fusion64_fusionL1_drop0p1_trmiss50_trlocradio,32,5e-05,1,64,1,0.1,lr5e-05_bs32_modL1_fusion64_fusionL1_drop0p1_trmiss50_trlocradio,6,0.6283033490180969,0.6629805862903595,0.6573275862068966,0.80978267092618,0.6,0.0,0.0,0.0,0.0,0.0,0.0,0.0,0.0,0.0,2002,radio,0.5
2,5,lr5e-05_bs32_modL1_fusion64_fusionL1_drop0p1_trmiss50_trlocradio,32,5e-05,1,64,1,0.1,lr5e-05_bs32_modL1_fusion64_fusionL1_drop0p1_trmiss50_trlocradio,7,0.6021618445714315,0.6613260507583618,0.6487068965517241,0.8073233680447196,0.5777777777777777,0.0,0.0,0.0,0.0,0.0,0.0,0.0,0.0,0.0,2002,radio,0.5
2,5,lr5e-05_bs32_modL1_fusion64_fusionL1_drop0p1_trmiss50_trlocradio,32,5e-05,1,64,1,0.1,lr5e-05_bs32_modL1_fusion64_fusionL1_drop0p1_trmiss50_trlocradio,8,0.6026259064674377,0.656008392572403,0.665948275862069,0.8187627344626136,0.6222222222222222,0.0,0.0,0.0,0.0,0.0,0.0,0.0,0.0,0.0,2002,radio,0.5
2,5,lr5e-05_bs32_modL1_fusion64_fusionL1_drop0p1_trmiss50_trlocradio,32,5e-05,1,64,1,0.1,lr5e-05_bs32_modL1_fusion64_fusionL1_drop0p1_trmiss50_trlocradio,9,0.5925966600577036,0.6538373529911041,0.6724137931034483,0.8227161681523554,0.6222222222222222,0.0,0.0,0.0,0.0,0.0,0.0,0.0,0.0,0.0,2002,radio,0.5
2,5,lr5e-05_bs32_modL1_fusion64_fusionL1_drop0p1_trmiss50_trlocradio,32,5e-05,1,64,1,0.1,lr5e-05_bs32_modL1_fusion64_fusionL1_drop0p1_trmiss50_trlocradio,10,0.5675177176793417,0.6529341638088226,0.6745689655172414,0.825691239058461,0.6222222222222222,0.0,0.0,0.0,0.0,0.0,0.0,0.0,0.0,0.0,2002,radio,0.5
2,5,lr5e-05_bs32_modL1_fusion64_fusionL1_drop0p1_trmiss50_trlocradio,32,5e-05,1,64,1,0.1,lr5e-05_bs32_modL1_fusion64_fusionL1_drop0p1_trmiss50_trlocradio,11,0.5771142641703287,0.6521984338760376,0.6767241379310345,0.8200211492894043,0.6222222222222222,0.0,0.0,0.0,0.0,0.0,0.0,0.0,0.0,0.0,2002,radio,0.5
2,5,lr5e-05_bs32_modL1_fusion64_fusionL1_drop0p1_trmiss50_trlocradio,32,5e-05,1,64,1,0.1,lr5e-05_bs32_modL1_fusion64_fusionL1_drop0p1_trmiss50_trlocradio,12,0.5541730920473734,0.6468209028244019,0.685344827586207,0.8276960535317122,0.6666666666666666,0.0,0.0,0.0,0.0,0.0,0.0,0.0,0.0,0.0,2002,radio,0.5
2,5,lr5e-05_bs32_modL1_fusion64_fusionL1_drop0p1_trmiss50_trlocradio,32,5e-05,1,64,1,0.1,lr5e-05_bs32_modL1_fusion64_fusionL1_drop0p1_trmiss50_trlocradio,13,0.5551911095778147,0.6398879289627075,0.7068965517241379,0.8399953417728931,0.6666666666666666,0.0,0.0,0.0,0.0,0.0,0.0,0.0,0.0,0.0,2002,radio,0.5
2,5,lr5e-05_bs32_modL1_fusion64_fusionL1_drop0p1_trmiss50_trlocradio,32,5e-05,1,64,1,0.1,lr5e-05_bs32_modL1_fusion64_fusionL1_drop0p1_trmiss50_trlocradio,14,0.5424490670363108,0.6372839212417603,0.709051724137931,0.834939978878755,0.6666666666666666,0.0,0.0,0.0,0.0,0.0,0.0,0.0,0.0,0.0,2002,radio,0.5
2,5,lr5e-05_bs32_modL1_fusion64_fusionL1_drop0p1_trmiss50_trlocradio,32,5e-05,1,64,1,0.1,lr5e-05_bs32_modL1_fusion64_fusionL1_drop0p1_trmiss50_trlocradio,15,0.5263565282026926,0.6372908055782318,0.7047413793103448,0.8363631766519786,0.6666666666666666,0.0,0.0,0.0,0.0,0.0,0.0,0.0,0.0,0.0,2002,radio,0.5
2,5,lr5e-05_bs32_modL1_fusion64_fusionL1_drop0p1_trmiss50_trlocradio,32,5e-05,1,64,1,0.1,lr5e-05_bs32_modL1_fusion64_fusionL1_drop0p1_trmiss50_trlocradio,16,0.5129412412643433,0.6386370360851288,0.7004310344827587,0.8226929669426934,0.6444444444444445,0.0,0.0,0.0,0.0,0.0,0.0,0.0,0.0,0.0,2002,radio,0.5
2,5,lr5e-05_bs32_modL1_fusion64_fusionL1_drop0p1_trmiss50_trlocradio,32,5e-05,1,64,1,0.1,lr5e-05_bs32_modL1_fusion64_fusionL1_drop0p1_trmiss50_trlocradio,17,0.49968769649664563,0.635621577501297,0.709051724137931,0.8280659606222305,0.6444444444444445,0.0,0.0,0.0,0.0,0.0,0.0,0.0,0.0,0.0,2002,radio,0.5
2,5,lr5e-05_bs32_modL1_fusion64_fusionL1_drop0p1_trmiss50_trlocradio,32,5e-05,1,64,1,0.1,lr5e-05_bs32_modL1_fusion64_fusionL1_drop0p1_trmiss50_trlocradio,18,0.5034452180067698,0.6362204551696777,0.7068965517241379,0.8234663131926359,0.6444444444444445,0.0,0.0,0.0,0.0,0.0,0.0,0.0,0.0,0.0,2002,radio,0.5
2,5,lr5e-05_bs32_modL1_fusion64_fusionL1_drop0p1_trmiss50_trlocradio,32,5e-05,1,64,1,0.1,lr5e-05_bs32_modL1_fusion64_fusionL1_drop0p1_trmiss50_trlocradio,19,0.4833264847596486,0.6382678151130676,0.6961206896551724,0.8137115992636934,0.6444444444444445,0.0,0.0,0.0,0.0,0.0,0.0,0.0,0.0,0.0,2002,radio,0.5
2,5,lr5e-05_bs32_modL1_fusion64_fusionL1_drop0p1_trmiss50_trlocradio,32,5e-05,1,64,1,0.1,lr5e-05_bs32_modL1_fusion64_fusionL1_drop0p1_trmiss50_trlocradio,20,0.48876626789569855,0.6382967829704285,0.6939655172413793,0.8076775164406829,0.6444444444444445,0.0,0.0,0.0,0.0,0.0,0.0,0.0,0.0,0.0,2002,radio,0.5
2,5,lr5e-05_bs32_modL1_fusion64_fusionL1_drop0p1_trmiss50_trlocradio,32,5e-05,1,64,1,0.1,lr5e-05_bs32_modL1_fusion64_fusionL1_drop0p1_trmiss50_trlocradio,21,0.4707591434319814,0.6359802782535553,0.6896551724137931,0.8062347744502079,0.6444444444444445,0.0,0.0,0.0,0.0,0.0,0.0,0.0,0.0,0.0,2002,radio,0.5
2,5,lr5e-05_bs32_modL1_fusion64_fusionL1_drop0p1_trmiss50_trlocradio,32,5e-05,1,64,1,0.1,lr5e-05_bs32_modL1_fusion64_fusionL1_drop0p1_trmiss50_trlocradio,22,0.46715367833773297,0.6349474191665649,0.6896551724137931,0.8075290828492228,0.6444444444444445,0.0,0.0,0.0,0.0,0.0,0.0,0.0,0.0,0.0,2002,radio,0.5
2,5,lr5e-05_bs32_modL1_fusion64_fusionL1_drop0p1_trmiss50_trlocradio,32,5e-05,1,64,1,0.1,lr5e-05_bs32_modL1_fusion64_fusionL1_drop0p1_trmiss50_trlocradio,23,0.46521249413490295,0.6365215182304382,0.6875,0.7875325971071873,0.6444444444444445,0.0,0.0,0.0,0.0,0.0,0.0,0.0,0.0,0.0,2002,radio,0.5
2,5,lr5e-05_bs32_modL1_fusion64_fusionL1_drop0p1_trmiss50_trlocradio,32,5e-05,1,64,1,0.1,lr5e-05_bs32_modL1_fusion64_fusionL1_drop0p1_trmiss50_trlocradio,24,0.4537796527147293,0.6337293386459351,0.6896551724137931,0.7974088891654639,0.6444444444444445,0.0,0.0,0.0,0.0,0.0,0.0,0.0,0.0,0.0,2002,radio,0.5
2,5,lr5e-05_bs32_modL1_fusion64_fusionL1_drop0p1_trmiss50_trlocradio,32,5e-05,1,64,1,0.1,lr5e-05_bs32_modL1_fusion64_fusionL1_drop0p1_trmiss50_trlocradio,25,0.4371739129225413,0.6357734501361847,0.6831896551724137,0.7950877386643432,0.6444444444444445,0.0,0.0,0.0,0.0,0.0,0.0,0.0,0.0,0.0,2002,radio,0.5
2,5,lr5e-05_bs32_modL1_fusion64_fusionL1_drop0p1_trmiss50_trlocradio,32,5e-05,1,64,1,0.1,lr5e-05_bs32_modL1_fusion64_fusionL1_drop0p1_trmiss50_trlocradio,26,0.4500563790400823,0.6374456286430359,0.6745689655172414,0.7854342616912805,0.6444444444444445,0.0,0.0,0.0,0.0,0.0,0.0,0.0,0.0,0.0,2002,radio,0.5
2,5,lr5e-05_bs32_modL1_fusion64_fusionL1_drop0p1_trmiss50_trlocradio,32,5e-05,1,64,1,0.1,lr5e-05_bs32_modL1_fusion64_fusionL1_drop0p1_trmiss50_trlocradio,27,0.4566010932127635,0.6382315754890442,0.6831896551724137,0.7832425920700624,0.6444444444444445,0.0,0.0,0.0,0.0,0.0,0.0,0.0,0.0,0.0,2002,radio,0.5
2,5,lr5e-05_bs32_modL1_fusion64_fusionL1_drop0p1_trmiss50_trlocradio,32,5e-05,1,64,1,0.1,lr5e-05_bs32_modL1_fusion64_fusionL1_drop0p1_trmiss50_trlocradio,28,0.43187611798445386,0.6378821730613708,0.6702586206896551,0.7774361059955207,0.6444444444444445,0.0,0.0,0.0,0.0,0.0,0.0,0.0,0.0,0.0,2002,radio,0.5
2,5,lr5e-05_bs32_modL1_fusion64_fusionL1_drop0p1_trmiss50_trlocradio,32,5e-05,1,64,1,0.1,lr5e-05_bs32_modL1_fusion64_fusionL1_drop0p1_trmiss50_trlocradio,29,0.4396480868260066,0.6399501264095306,0.6637931034482758,0.7872101335959397,0.6222222222222222,0.0,0.0,0.0,0.0,0.0,0.0,0.0,0.0,0.0,2002,radio,0.5
2,5,lr5e-05_bs32_modL1_fusion64_fusionL1_drop0p1_trmiss50_trlocradio,32,5e-05,1,64,1,0.1,lr5e-05_bs32_modL1_fusion64_fusionL1_drop0p1_trmiss50_trlocradio,30,0.4082425038019816,0.6384771168231964,0.6530172413793104,0.7737269976908016,0.6444444444444445,0.0,0.0,0.0,0.0,0.0,0.0,0.0,0.0,0.0,2002,radio,0.5
2,5,lr5e-05_bs32_modL1_fusion64_fusionL1_drop0p1_trmiss50_trlocradio,32,5e-05,1,64,1,0.1,lr5e-05_bs32_modL1_fusion64_fusionL1_drop0p1_trmiss50_trlocradio,31,0.40483321249485016,0.637163370847702,0.6616379310344828,0.7882357973341189,0.6222222222222222,0.0,0.0,0.0,0.0,0.0,0.0,0.0,0.0,0.0,2002,radio,0.5
2,5,lr5e-05_bs32_modL1_fusion64_fusionL1_drop0p1_trmiss50_trlocradio,32,5e-05,1,64,1,0.1,lr5e-05_bs32_modL1_fusion64_fusionL1_drop0p1_trmiss50_trlocradio,32,0.4050881763299306,0.6383028030395508,0.6530172413793103,0.7642368651275392,0.6444444444444445,0.0,0.0,0.0,0.0,0.0,0.0,0.0,0.0,0.0,2002,radio,0.5
2,5,lr5e-05_bs32_modL1_fusion64_fusionL1_drop0p1_trmiss50_trlocradio,32,5e-05,1,64,1,0.1,lr5e-05_bs32_modL1_fusion64_fusionL1_drop0p1_trmiss50_trlocradio,33,0.40564797818660736,0.6381991803646088,0.6508620689655173,0.7690354939516552,0.6444444444444445,0.0,0.0,0.0,0.0,0.0,0.0,0.0,0.0,0.0,2002,radio,0.5
2,5,lr5e-05_bs32_modL1_fusion64_fusionL1_drop0p1_trmiss50_trlocradio,32,5e-05,1,64,1,0.1,lr5e-05_bs32_modL1_fusion64_fusionL1_drop0p1_trmiss50_trlocradio,34,0.4165453761816025,0.6396790444850922,0.6508620689655172,0.7692308327901726,0.6222222222222222,0.0,0.0,0.0,0.0,0.0,0.0,0.0,0.0,0.0,2002,radio,0.5
2,5,lr5e-05_bs32_modL1_fusion64_fusionL1_drop0p1_trmiss50_trlocradio,32,5e-05,1,64,1,0.1,lr5e-05_bs32_modL1_fusion64_fusionL1_drop0p1_trmiss50_trlocradio,35,0.39646829664707184,0.6376164555549622,0.6508620689655172,0.7700565411187471,0.6444444444444445,0.0,0.0,0.0,0.0,0.0,0.0,0.0,0.0,0.0,2002,radio,0.5
2,5,lr5e-05_bs32_modL1_fusion64_fusionL1_drop0p1_trmiss50_trlocradio,32,5e-05,1,64,1,0.1,lr5e-05_bs32_modL1_fusion64_fusionL1_drop0p1_trmiss50_trlocradio,36,0.3931419352690379,0.6373217701911926,0.6573275862068966,0.7724678126131493,0.6444444444444445,0.0,0.0,0.0,0.0,0.0,0.0,0.0,0.0,0.0,2002,radio,0.5
2,5,lr5e-05_bs32_modL1_fusion64_fusionL1_drop0p1_trmiss50_trlocradio,32,5e-05,1,64,1,0.1,lr5e-05_bs32_modL1_fusion64_fusionL1_drop0p1_trmiss50_trlocradio,37,0.3839174807071686,0.6370570063591003,0.6616379310344828,0.7706461319757912,0.6222222222222222,0.0,0.0,0.0,0.0,0.0,0.0,0.0,0.0,0.0,2002,radio,0.5
2,5,lr1e-04_bs32_modL1_fusion32_fusionL1_drop0p2_trmiss50_trlocradio,32,0.0001,1,32,1,0.2,lr1e-04_bs32_modL1_fusion32_fusionL1_drop0p2_trmiss50_trlocradio,1,0.6929519772529602,0.6652543842792511,0.5668103448275862,0.6991534636125225,0.6444444444444445,0.0,0.0,0.0,0.0,0.0,0.0,0.0,0.0,0.0,2002,radio,0.5
2,5,lr1e-04_bs32_modL1_fusion32_fusionL1_drop0p2_trmiss50_trlocradio,32,0.0001,1,32,1,0.2,lr1e-04_bs32_modL1_fusion32_fusionL1_drop0p2_trmiss50_trlocradio,2,0.6569104293982188,0.6629838943481445,0.5905172413793104,0.6686142829287274,0.6666666666666666,0.0,0.0,0.0,0.0,0.0,0.0,0.0,0.0,0.0,2002,radio,0.5
2,5,lr1e-04_bs32_modL1_fusion32_fusionL1_drop0p2_trmiss50_trlocradio,32,0.0001,1,32,1,0.2,lr1e-04_bs32_modL1_fusion32_fusionL1_drop0p2_trmiss50_trlocradio,3,0.6253309448560079,0.6575869619846344,0.6379310344827587,0.7050032235407848,0.6666666666666666,0.0,0.0,0.0,0.0,0.0,0.0,0.0,0.0,0.0,2002,radio,0.5
2,5,lr1e-04_bs32_modL1_fusion32_fusionL1_drop0p2_trmiss50_trlocradio,32,0.0001,1,32,1,0.2,lr1e-04_bs32_modL1_fusion32_fusionL1_drop0p2_trmiss50_trlocradio,4,0.608429491519928,0.6529363393783569,0.6487068965517241,0.7205443151412574,0.6666666666666666,0.0,0.0,0.0,0.0,0.0,0.0,0.0,0.0,0.0,2002,radio,0.5
2,5,lr1e-04_bs32_modL1_fusion32_fusionL1_drop0p2_trmiss50_trlocradio,32,0.0001,1,32,1,0.2,lr1e-04_bs32_modL1_fusion32_fusionL1_drop0p2_trmiss50_trlocradio,5,0.6215036908785502,0.6498519778251648,0.6422413793103449,0.717857712129853,0.6444444444444445,0.0,0.0,0.0,0.0,0.0,0.0,0.0,0.0,0.0,2002,radio,0.5
2,5,lr1e-04_bs32_modL1_fusion32_fusionL1_drop0p2_trmiss50_trlocradio,32,0.0001,1,32,1,0.2,lr1e-04_bs32_modL1_fusion32_fusionL1_drop0p2_trmiss50_trlocradio,6,0.5936737159887949,0.6497522294521332,0.6508620689655172,0.7260988622150779,0.6444444444444445,0.0,0.0,0.0,0.0,0.0,0.0,0.0,0.0,0.0,2002,radio,0.5
2,5,lr1e-04_bs32_modL1_fusion32_fusionL1_drop0p2_trmiss50_trlocradio,32,0.0001,1,32,1,0.2,lr1e-04_bs32_modL1_fusion32_fusionL1_drop0p2_trmiss50_trlocradio,7,0.5658734192450842,0.6501989364624023,0.6443965517241379,0.7197579778725978,0.6444444444444445,0.0,0.0,0.0,0.0,0.0,0.0,0.0,0.0,0.0,2002,radio,0.5
2,5,lr1e-04_bs32_modL1_fusion32_fusionL1_drop0p2_trmiss50_trlocradio,32,0.0001,1,32,1,0.2,lr1e-04_bs32_modL1_fusion32_fusionL1_drop0p2_trmiss50_trlocradio,8,0.5535496771335602,0.6480153501033783,0.6530172413793104,0.7222869928422377,0.6444444444444445,0.0,0.0,0.0,0.0,0.0,0.0,0.0,0.0,0.0,2002,radio,0.5
2,5,lr1e-04_bs32_modL1_fusion32_fusionL1_drop0p2_trmiss50_trlocradio,32,0.0001,1,32,1,0.2,lr1e-04_bs32_modL1_fusion32_fusionL1_drop0p2_trmiss50_trlocradio,9,0.5532226661841074,0.6448237895965576,0.6616379310344828,0.7263619324455421,0.6444444444444445,0.0,0.0,0.0,0.0,0.0,0.0,0.0,0.0,0.0,2002,radio,0.5
2,5,lr1e-04_bs32_modL1_fusion32_fusionL1_drop0p2_trmiss50_trlocradio,32,0.0001,1,32,1,0.2,lr1e-04_bs32_modL1_fusion32_fusionL1_drop0p2_trmiss50_trlocradio,10,0.5376864025990168,0.6443517208099365,0.6702586206896551,0.7372707139734517,0.6666666666666666,0.0,0.0,0.0,0.0,0.0,0.0,0.0,0.0,0.0,2002,radio,0.5
2,5,lr1e-04_bs32_modL1_fusion32_fusionL1_drop0p2_trmiss50_trlocradio,32,0.0001,1,32,1,0.2,lr1e-04_bs32_modL1_fusion32_fusionL1_drop0p2_trmiss50_trlocradio,11,0.5466625789801279,0.6443283557891846,0.6702586206896552,0.7359680925273627,0.6666666666666666,0.0,0.0,0.0,0.0,0.0,0.0,0.0,0.0,0.0,2002,radio,0.5
2,5,lr1e-04_bs32_modL1_fusion32_fusionL1_drop0p2_trmiss50_trlocradio,32,0.0001,1,32,1,0.2,lr1e-04_bs32_modL1_fusion32_fusionL1_drop0p2_trmiss50_trlocradio,12,0.5173696676890055,0.6412377953529358,0.6767241379310345,0.7391893440588965,0.6444444444444445,0.0,0.0,0.0,0.0,0.0,0.0,0.0,0.0,0.0,2002,radio,0.5
2,5,lr1e-04_bs32_modL1_fusion32_fusionL1_drop0p2_trmiss50_trlocradio,32,0.0001,1,32,1,0.2,lr1e-04_bs32_modL1_fusion32_fusionL1_drop0p2_trmiss50_trlocradio,13,0.5209911863009135,0.6383150517940521,0.685344827586207,0.7446096953853985,0.6222222222222222,0.0,0.0,0.0,0.0,0.0,0.0,0.0,0.0,0.0,2002,radio,0.5
2,5,lr1e-04_bs32_modL1_fusion32_fusionL1_drop0p2_trmiss50_trlocradio,32,0.0001,1,32,1,0.2,lr1e-04_bs32_modL1_fusion32_fusionL1_drop0p2_trmiss50_trlocradio,14,0.4978572279214859,0.6381057500839233,0.7047413793103448,0.749730716738198,0.6444444444444445,0.0,0.0,0.0,0.0,0.0,0.0,0.0,0.0,0.0,2002,radio,0.5
2,5,lr1e-04_bs32_modL1_fusion32_fusionL1_drop0p2_trmiss50_trlocradio,32,0.0001,1,32,1,0.2,lr1e-04_bs32_modL1_fusion32_fusionL1_drop0p2_trmiss50_trlocradio,15,0.5019705096880595,0.6375360786914825,0.7068965517241379,0.7507963838223093,0.6444444444444445,0.0,0.0,0.0,0.0,0.0,0.0,0.0,0.0,0.0,2002,radio,0.5
2,5,lr1e-04_bs32_modL1_fusion32_fusionL1_drop0p2_trmiss50_trlocradio,32,0.0001,1,32,1,0.2,lr1e-04_bs32_modL1_fusion32_fusionL1_drop0p2_trmiss50_trlocradio,16,0.4996512184540431,0.6329222321510315,0.7219827586206897,0.757135686009438,0.7111111111111111,0.0,0.0,0.0,0.0,0.0,0.0,0.0,0.0,0.0,2002,radio,0.5
2,5,lr1e-04_bs32_modL1_fusion32_fusionL1_drop0p2_trmiss50_trlocradio,32,0.0001,1,32,1,0.2,lr1e-04_bs32_modL1_fusion32_fusionL1_drop0p2_trmiss50_trlocradio,17,0.47853682935237885,0.6270037293434143,0.7176724137931034,0.7549867401445213,0.6888888888888889,0.0,0.0,0.0,0.0,0.0,0.0,0.0,0.0,0.0,2002,radio,0.5
2,5,lr1e-04_bs32_modL1_fusion32_fusionL1_drop0p2_trmiss50_trlocradio,32,0.0001,1,32,1,0.2,lr1e-04_bs32_modL1_fusion32_fusionL1_drop0p2_trmiss50_trlocradio,18,0.4784730424483617,0.6258823275566101,0.7068965517241379,0.7482512970117101,0.6888888888888889,0.0,0.0,0.0,0.0,0.0,0.0,0.0,0.0,0.0,2002,radio,0.5
2,5,lr1e-04_bs32_modL1_fusion32_fusionL1_drop0p2_trmiss50_trlocradio,32,0.0001,1,32,1,0.2,lr1e-04_bs32_modL1_fusion32_fusionL1_drop0p2_trmiss50_trlocradio,19,0.47568804025650024,0.6302200257778168,0.6982758620689655,0.7404329055095508,0.6888888888888889,0.0,0.0,0.0,0.0,0.0,0.0,0.0,0.0,0.0,2002,radio,0.5
2,5,lr1e-04_bs32_modL1_fusion32_fusionL1_drop0p2_trmiss50_trlocradio,32,0.0001,1,32,1,0.2,lr1e-04_bs32_modL1_fusion32_fusionL1_drop0p2_trmiss50_trlocradio,20,0.4632515261570613,0.6327890157699585,0.7004310344827587,0.7439211681903946,0.6666666666666666,0.0,0.0,0.0,0.0,0.0,0.0,0.0,0.0,0.0,2002,radio,0.5
2,5,lr1e-04_bs32_modL1_fusion32_fusionL1_drop0p2_trmiss50_trlocradio,32,0.0001,1,32,1,0.2,lr1e-04_bs32_modL1_fusion32_fusionL1_drop0p2_trmiss50_trlocradio,21,0.44917724033196765,0.6332398056983948,0.7004310344827586,0.7449739405249118,0.7111111111111111,0.0,0.0,0.0,0.0,0.0,0.0,0.0,0.0,0.0,2002,radio,0.5
2,5,lr1e-04_bs32_modL1_fusion32_fusionL1_drop0p2_trmiss50_trlocradio,32,0.0001,1,32,1,0.2,lr1e-04_bs32_modL1_fusion32_fusionL1_drop0p2_trmiss50_trlocradio,22,0.43082734445730847,0.6280587613582611,0.7068965517241379,0.7506706524066569,0.7111111111111111,0.0,0.0,0.0,0.0,0.0,0.0,0.0,0.0,0.0,2002,radio,0.5
2,5,lr1e-04_bs32_modL1_fusion32_fusionL1_drop0p2_trmiss50_trlocradio,32,0.0001,1,32,1,0.2,lr1e-04_bs32_modL1_fusion32_fusionL1_drop0p2_trmiss50_trlocradio,23,0.42693409820397693,0.6278204619884491,0.7133620689655172,0.7560756357645381,0.6888888888888889,0.0,0.0,0.0,0.0,0.0,0.0,0.0,0.0,0.0,2002,radio,0.5
2,5,lr1e-04_bs32_modL1_fusion32_fusionL1_drop0p2_trmiss50_trlocradio,32,0.0001,1,32,1,0.2,lr1e-04_bs32_modL1_fusion32_fusionL1_drop0p2_trmiss50_trlocradio,24,0.4484711637099584,0.6295127868652344,0.7155172413793103,0.755651374987707,0.6888888888888889,0.0,0.0,0.0,0.0,0.0,0.0,0.0,0.0,0.0,2002,radio,0.5
2,5,lr1e-04_bs32_modL1_fusion32_fusionL1_drop0p2_trmiss50_trlocradio,32,0.0001,1,32,1,0.2,lr1e-04_bs32_modL1_fusion32_fusionL1_drop0p2_trmiss50_trlocradio,25,0.42805591722329456,0.6309371590614319,0.7133620689655172,0.7547001264740328,0.6888888888888889,0.0,0.0,0.0,0.0,0.0,0.0,0.0,0.0,0.0,2002,radio,0.5
2,5,lr1e-04_bs32_modL1_fusion32_fusionL1_drop0p2_trmiss50_trlocradio,32,0.0001,1,32,1,0.2,lr1e-04_bs32_modL1_fusion32_fusionL1_drop0p2_trmiss50_trlocradio,26,0.4241976539293925,0.6304334700107574,0.709051724137931,0.7530708091541285,0.6666666666666666,0.0,0.0,0.0,0.0,0.0,0.0,0.0,0.0,0.0,2002,radio,0.5
2,5,lr1e-04_bs32_modL1_fusion32_fusionL1_drop0p2_trmiss50_trlocradio,32,0.0001,1,32,1,0.2,lr1e-04_bs32_modL1_fusion32_fusionL1_drop0p2_trmiss50_trlocradio,27,0.4155103911956151,0.6306226253509521,0.7025862068965518,0.7510213263116002,0.6666666666666666,0.0,0.0,0.0,0.0,0.0,0.0,0.0,0.0,0.0,2002,radio,0.5
2,5,lr1e-04_bs32_modL1_fusion32_fusionL1_drop0p2_trmiss50_trlocradio,32,0.0001,1,32,1,0.2,lr1e-04_bs32_modL1_fusion32_fusionL1_drop0p2_trmiss50_trlocradio,28,0.4126819868882497,0.6310039460659027,0.6939655172413793,0.7470791693545992,0.6666666666666666,0.0,0.0,0.0,0.0,0.0,0.0,0.0,0.0,0.0,2002,radio,0.5
2,5,lr1e-04_bs32_modL1_fusion32_fusionL1_drop0p2_trmiss50_trlocradio,32,0.0001,1,32,1,0.2,lr1e-04_bs32_modL1_fusion32_fusionL1_drop0p2_trmiss50_trlocradio,29,0.4105195105075836,0.6272772252559662,0.6961206896551725,0.7476502964107095,0.6888888888888889,0.0,0.0,0.0,0.0,0.0,0.0,0.0,0.0,0.0,2002,radio,0.5
2,5,lr1e-04_bs32_modL1_fusion32_fusionL1_drop0p2_trmiss50_trlocradio,32,0.0001,1,32,1,0.2,lr1e-04_bs32_modL1_fusion32_fusionL1_drop0p2_trmiss50_trlocradio,30,0.4079565703868866,0.6240716278553009,0.709051724137931,0.7529696128460356,0.6666666666666666,0.0,0.0,0.0,0.0,0.0,0.0,0.0,0.0,0.0,2002,radio,0.5
2,5,lr1e-04_bs32_modL1_fusion32_fusionL1_drop0p2_trmiss50_trlocradio,32,0.0001,1,32,1,0.2,lr1e-04_bs32_modL1_fusion32_fusionL1_drop0p2_trmiss50_trlocradio,31,0.40522655844688416,0.6232009530067444,0.7025862068965518,0.7502868179496701,0.7111111111111111,0.0,0.0,0.0,0.0,0.0,0.0,0.0,0.0,0.0,2002,radio,0.5
2,5,lr1e-04_bs32_modL1_fusion32_fusionL1_drop0p2_trmiss50_trlocradio,32,0.0001,1,32,1,0.2,lr1e-04_bs32_modL1_fusion32_fusionL1_drop0p2_trmiss50_trlocradio,32,0.41477982699871063,0.6248103678226471,0.7004310344827586,0.7485433383418969,0.7111111111111111,0.0,0.0,0.0,0.0,0.0,0.0,0.0,0.0,0.0,2002,radio,0.5
2,5,lr1e-04_bs32_modL1_fusion32_fusionL1_drop0p2_trmiss50_trlocradio,32,0.0001,1,32,1,0.2,lr1e-04_bs32_modL1_fusion32_fusionL1_drop0p2_trmiss50_trlocradio,33,0.4007827540238698,0.6235524415969849,0.6982758620689655,0.7451807566618887,0.7111111111111111,0.0,0.0,0.0,0.0,0.0,0.0,0.0,0.0,0.0,2002,radio,0.5
2,5,lr1e-04_bs32_modL1_fusion32_fusionL1_drop0p2_trmiss50_trlocradio,32,0.0001,1,32,1,0.2,lr1e-04_bs32_modL1_fusion32_fusionL1_drop0p2_trmiss50_trlocradio,34,0.3914560526609421,0.6231856942176819,0.6982758620689655,0.7450434266910271,0.7111111111111111,0.0,0.0,0.0,0.0,0.0,0.0,0.0,0.0,0.0,2002,radio,0.5
2,5,lr1e-04_bs32_modL1_fusion32_fusionL1_drop0p2_trmiss50_trlocradio,32,0.0001,1,32,1,0.2,lr1e-04_bs32_modL1_fusion32_fusionL1_drop0p2_trmiss50_trlocradio,35,0.3982590784629186,0.6239577233791351,0.6982758620689655,0.74491420032558,0.7111111111111111,0.0,0.0,0.0,0.0,0.0,0.0,0.0,0.0,0.0,2002,radio,0.5
2,5,lr1e-04_bs32_modL1_fusion32_fusionL1_drop0p2_trmiss50_trlocradio,32,0.0001,1,32,1,0.2,lr1e-04_bs32_modL1_fusion32_fusionL1_drop0p2_trmiss50_trlocradio,36,0.3994755943616231,0.623488575220108,0.6896551724137931,0.7359111451764238,0.7111111111111111,0.0,0.0,0.0,0.0,0.0,0.0,0.0,0.0,0.0,2002,radio,0.5
2,5,lr1e-04_bs32_modL1_fusion32_fusionL1_drop0p1_trmiss50_trlocradio,32,0.0001,1,32,1,0.1,lr1e-04_bs32_modL1_fusion32_fusionL1_drop0p1_trmiss50_trlocradio,1,0.6917049884796143,0.6840150654315948,0.4310344827586207,0.6158501265766454,0.5777777777777777,0.0,0.0,0.0,0.0,0.0,0.0,0.0,0.0,0.0,2002,radio,0.5
2,5,lr1e-04_bs32_modL1_fusion32_fusionL1_drop0p1_trmiss50_trlocradio,32,0.0001,1,32,1,0.1,lr1e-04_bs32_modL1_fusion32_fusionL1_drop0p1_trmiss50_trlocradio,2,0.6446900169054667,0.6922588348388672,0.44612068965517243,0.6313680449923699,0.5333333333333333,0.0,0.0,0.0,0.0,0.0,0.0,0.0,0.0,0.0,2002,radio,0.5
2,5,lr1e-04_bs32_modL1_fusion32_fusionL1_drop0p1_trmiss50_trlocradio,32,0.0001,1,32,1,0.1,lr1e-04_bs32_modL1_fusion32_fusionL1_drop0p1_trmiss50_trlocradio,3,0.6031902531782786,0.6978895962238312,0.4504310344827587,0.6356848764784888,0.5333333333333333,0.0,0.0,0.0,0.0,0.0,0.0,0.0,0.0,0.0,2002,radio,0.5
2,5,lr1e-04_bs32_modL1_fusion32_fusionL1_drop0p1_trmiss50_trlocradio,32,0.0001,1,32,1,0.1,lr1e-04_bs32_modL1_fusion32_fusionL1_drop0p1_trmiss50_trlocradio,4,0.6004506051540375,0.7006248235702515,0.47198275862068967,0.6559821563507657,0.5555555555555556,0.0,0.0,0.0,0.0,0.0,0.0,0.0,0.0,0.0,2002,radio,0.5
2,5,lr1e-04_bs32_modL1_fusion32_fusionL1_drop0p1_trmiss50_trlocradio,32,0.0001,1,32,1,0.1,lr1e-04_bs32_modL1_fusion32_fusionL1_drop0p1_trmiss50_trlocradio,5,0.5757914086182913,0.7009082734584808,0.46551724137931033,0.6510697544951864,0.5777777777777777,0.0,0.0,0.0,0.0,0.0,0.0,0.0,0.0,0.0,2002,radio,0.5
2,5,lr1e-04_bs32_modL1_fusion32_fusionL1_drop0p1_trmiss50_trlocradio,32,0.0001,1,32,1,0.1,lr1e-04_bs32_modL1_fusion32_fusionL1_drop0p1_trmiss50_trlocradio,6,0.5561656355857849,0.7021121978759766,0.459051724137931,0.6486611440279874,0.6,0.0,0.0,0.0,0.0,0.0,0.0,0.0,0.0,0.0,2002,radio,0.5
2,5,lr1e-04_bs32_modL1_fusion32_fusionL1_drop0p1_trmiss50_trlocradio,32,0.0001,1,32,1,0.1,lr1e-04_bs32_modL1_fusion32_fusionL1_drop0p1_trmiss50_trlocradio,7,0.5335264205932617,0.6984503865242004,0.4892241379310345,0.6535133540840036,0.6,0.0,0.0,0.0,0.0,0.0,0.0,0.0,0.0,0.0,2002,radio,0.5
2,5,lr1e-04_bs32_modL1_fusion32_fusionL1_drop0p1_trmiss50_trlocradio,32,0.0001,1,32,1,0.1,lr1e-04_bs32_modL1_fusion32_fusionL1_drop0p1_trmiss50_trlocradio,8,0.5341522097587585,0.6994742453098297,0.49353448275862066,0.6411114196579534,0.6,0.0,0.0,0.0,0.0,0.0,0.0,0.0,0.0,0.0,2002,radio,0.5
2,5,lr1e-04_bs32_modL1_fusion32_fusionL1_drop0p1_trmiss50_trlocradio,32,0.0001,1,32,1,0.1,lr1e-04_bs32_modL1_fusion32_fusionL1_drop0p1_trmiss50_trlocradio,9,0.5256033837795258,0.6978126764297485,0.5086206896551724,0.662611081757594,0.6,0.0,0.0,0.0,0.0,0.0,0.0,0.0,0.0,0.0,2002,radio,0.5
2,5,lr1e-04_bs32_modL1_fusion32_fusionL1_drop0p1_trmiss50_trlocradio,32,0.0001,1,32,1,0.1,lr1e-04_bs32_modL1_fusion32_fusionL1_drop0p1_trmiss50_trlocradio,10,0.5169785767793655,0.6985064148902893,0.5107758620689655,0.6619928302772734,0.6,0.0,0.0,0.0,0.0,0.0,0.0,0.0,0.0,0.0,2002,radio,0.5
2,5,lr1e-04_bs32_modL1_fusion32_fusionL1_drop0p1_trmiss50_trlocradio,32,0.0001,1,32,1,0.1,lr1e-04_bs32_modL1_fusion32_fusionL1_drop0p1_trmiss50_trlocradio,11,0.5087104340394338,0.6994172632694244,0.5086206896551724,0.6604707041398235,0.6,0.0,0.0,0.0,0.0,0.0,0.0,0.0,0.0,0.0,2002,radio,0.5
2,5,lr1e-04_bs32_modL1_fusion32_fusionL1_drop0p1_trmiss50_trlocradio,32,0.0001,1,32,1,0.1,lr1e-04_bs32_modL1_fusion32_fusionL1_drop0p1_trmiss50_trlocradio,12,0.4973123570283254,0.6988320350646973,0.5107758620689655,0.6599977597977108,0.6,0.0,0.0,0.0,0.0,0.0,0.0,0.0,0.0,0.0,2002,radio,0.5
2,5,lr1e-04_bs32_modL1_fusion32_fusionL1_drop0p1_trmiss50_trlocradio,32,0.0001,1,32,1,0.1,lr1e-04_bs32_modL1_fusion32_fusionL1_drop0p1_trmiss50_trlocradio,13,0.49523837367693585,0.6965316832065582,0.5129310344827586,0.6645512348574033,0.6,0.0,0.0,0.0,0.0,0.0,0.0,0.0,0.0,0.0,2002,radio,0.5
2,5,lr1e-04_bs32_modL1_fusion32_fusionL1_drop0p1_trmiss50_trlocradio,32,0.0001,1,32,1,0.1,lr1e-04_bs32_modL1_fusion32_fusionL1_drop0p1_trmiss50_trlocradio,14,0.4898868054151535,0.6977597177028656,0.5064655172413793,0.656420997391466,0.6,0.0,0.0,0.0,0.0,0.0,0.0,0.0,0.0,0.0,2002,radio,0.5
2,5,lr1e-04_bs32_modL1_fusion32_fusionL1_drop0p1_trmiss50_trlocradio,32,0.0001,1,32,1,0.1,lr1e-04_bs32_modL1_fusion32_fusionL1_drop0p1_trmiss50_trlocradio,15,0.48411529262860614,0.6977003812789917,0.5172413793103448,0.6671623942636945,0.6,0.0,0.0,0.0,0.0,0.0,0.0,0.0,0.0,0.0,2002,radio,0.5
2,5,lr1e-04_bs32_modL1_fusion32_fusionL1_drop0p1_trmiss50_trlocradio,32,0.0001,1,32,1,0.1,lr1e-04_bs32_modL1_fusion32_fusionL1_drop0p1_trmiss50_trlocradio,16,0.4878562390804291,0.6980223953723907,0.5172413793103448,0.6671623942636945,0.5777777777777777,0.0,0.0,0.0,0.0,0.0,0.0,0.0,0.0,0.0,2002,radio,0.5
2,5,lr1e-04_bs32_modL1_fusion32_fusionL1_drop0p1_trmiss50_trlocradio,32,0.0001,1,32,1,0.1,lr1e-04_bs32_modL1_fusion32_fusionL1_drop0p1_trmiss50_trlocradio,17,0.47921553750832874,0.6965648531913757,0.521551724137931,0.6626297454777309,0.5777777777777777,0.0,0.0,0.0,0.0,0.0,0.0,0.0,0.0,0.0,2002,radio,0.5
2,5,lr1e-04_bs32_modL1_fusion32_fusionL1_drop0p1_trmiss50_trlocradio,32,0.0001,1,32,1,0.1,lr1e-04_bs32_modL1_fusion32_fusionL1_drop0p1_trmiss50_trlocradio,18,0.46798809866110486,0.6939525008201599,0.521551724137931,0.6620824001027995,0.5777777777777777,0.0,0.0,0.0,0.0,0.0,0.0,0.0,0.0,0.0,2002,radio,0.5
2,5,lr1e-04_bs32_modL1_fusion32_fusionL1_drop0p1_trmiss50_trlocradio,32,0.0001,1,32,1,0.1,lr1e-04_bs32_modL1_fusion32_fusionL1_drop0p1_trmiss50_trlocradio,19,0.4706651568412781,0.6933335363864899,0.521551724137931,0.6620824001027995,0.5777777777777777,0.0,0.0,0.0,0.0,0.0,0.0,0.0,0.0,0.0,2002,radio,0.5
2,5,lr1e-04_bs32_modL1_fusion32_fusionL1_drop0p1_trmiss50_trlocradio,32,0.0001,1,32,1,0.1,lr1e-04_bs32_modL1_fusion32_fusionL1_drop0p1_trmiss50_trlocradio,20,0.4724547614653905,0.6941256821155548,0.5237068965517241,0.6633139271963955,0.5777777777777777,0.0,0.0,0.0,0.0,0.0,0.0,0.0,0.0,0.0,2002,radio,0.5
2,5,lr1e-04_bs32_modL1_fusion32_fusionL1_drop0p1_trmiss50_trlocradio,32,0.0001,1,32,1,0.1,lr1e-04_bs32_modL1_fusion32_fusionL1_drop0p1_trmiss50_trlocradio,21,0.4628986318906148,0.6936037540435791,0.521551724137931,0.6659446697925967,0.5777777777777777,0.0,0.0,0.0,0.0,0.0,0.0,0.0,0.0,0.0,2002,radio,0.5
2,5,lr1e-04_bs32_modL1_fusion32_fusionL1_drop0p1_trmiss50_trlocradio,32,0.0001,1,32,1,0.1,lr1e-04_bs32_modL1_fusion32_fusionL1_drop0p1_trmiss50_trlocradio,22,0.48072148362795514,0.6935369670391083,0.5301724137931034,0.6672927649141097,0.5777777777777777,0.0,0.0,0.0,0.0,0.0,0.0,0.0,0.0,0.0,2002,radio,0.5
2,5,lr1e-04_bs32_modL1_fusion32_fusionL1_drop0p1_trmiss50_trlocradio,32,0.0001,1,32,1,0.1,lr1e-04_bs32_modL1_fusion32_fusionL1_drop0p1_trmiss50_trlocradio,23,0.465619037548701,0.6930938065052032,0.5280172413793103,0.6665417199820303,0.6,0.0,0.0,0.0,0.0,0.0,0.0,0.0,0.0,0.0,2002,radio,0.5
2,5,lr1e-04_bs32_modL1_fusion32_fusionL1_drop0p1_trmiss50_trlocradio,32,0.0001,1,32,1,0.1,lr1e-04_bs32_modL1_fusion32_fusionL1_drop0p1_trmiss50_trlocradio,24,0.4611191153526306,0.691559761762619,0.5301724137931034,0.67439767103876,0.6,0.0,0.0,0.0,0.0,0.0,0.0,0.0,0.0,0.0,2002,radio,0.5
2,5,lr1e-04_bs32_modL1_fusion32_fusionL1_drop0p1_trmiss50_trlocradio,32,0.0001,1,32,1,0.1,lr1e-04_bs32_modL1_fusion32_fusionL1_drop0p1_trmiss50_trlocradio,25,0.45511430005232495,0.6897250711917877,0.5280172413793104,0.6692252572456566,0.6,0.0,0.0,0.0,0.0,0.0,0.0,0.0,0.0,0.0,2002,radio,0.5
2,5,lr1e-04_bs32_modL1_fusion32_fusionL1_drop0p1_trmiss50_trlocradio,32,0.0001,1,32,1,0.1,lr1e-04_bs32_modL1_fusion32_fusionL1_drop0p1_trmiss50_trlocradio,26,0.4619048585494359,0.6906333863735199,0.5237068965517242,0.6672150872154643,0.6,0.0,0.0,0.0,0.0,0.0,0.0,0.0,0.0,0.0,2002,radio,0.5
2,5,lr1e-04_bs32_modL1_fusion32_fusionL1_drop0p1_trmiss50_trlocradio,32,0.0001,1,32,1,0.1,lr1e-04_bs32_modL1_fusion32_fusionL1_drop0p1_trmiss50_trlocradio,27,0.4560356140136719,0.6914120614528656,0.5258620689655172,0.6684466143090603,0.5777777777777777,0.0,0.0,0.0,0.0,0.0,0.0,0.0,0.0,0.0,2002,radio,0.5
2,5,lr1e-04_bs32_modL1_fusion32_fusionL1_drop0p1_trmiss50_trlocradio,32,0.0001,1,32,1,0.1,lr1e-04_bs32_modL1_fusion32_fusionL1_drop0p1_trmiss50_trlocradio,28,0.46491699914137524,0.6904241740703583,0.5258620689655172,0.6684466143090603,0.6,0.0,0.0,0.0,0.0,0.0,0.0,0.0,0.0,0.0,2002,radio,0.5
2,5,lr1e-04_bs32_modL1_fusion32_fusionL1_drop0p1_trmiss50_trlocradio,32,0.0001,1,32,1,0.1,lr1e-04_bs32_modL1_fusion32_fusionL1_drop0p1_trmiss50_trlocradio,29,0.4511326601107915,0.6898263394832611,0.5258620689655172,0.6684466143090603,0.6,0.0,0.0,0.0,0.0,0.0,0.0,0.0,0.0,0.0,2002,radio,0.5
2,5,lr1e-04_bs32_modL1_fusion32_fusionL1_drop0p1_trmiss50_trlocradio,32,0.0001,1,32,1,0.1,lr1e-04_bs32_modL1_fusion32_fusionL1_drop0p1_trmiss50_trlocradio,30,0.4497481783231099,0.6885923743247986,0.5237068965517242,0.6649983384469913,0.6,0.0,0.0,0.0,0.0,0.0,0.0,0.0,0.0,0.0,2002,radio,0.5
2,5,lr1e-04_bs32_modL1_fusion32_fusionL1_drop0p1_trmiss50_trlocradio,32,0.0001,1,32,1,0.1,lr1e-04_bs32_modL1_fusion32_fusionL1_drop0p1_trmiss50_trlocradio,31,0.44947896897792816,0.689826637506485,0.5237068965517242,0.6649983384469913,0.6,0.0,0.0,0.0,0.0,0.0,0.0,0.0,0.0,0.0,2002,radio,0.5
2,5,lr1e-04_bs32_modL1_fusion32_fusionL1_drop0p1_trmiss50_trlocradio,32,0.0001,1,32,1,0.1,lr1e-04_bs32_modL1_fusion32_fusionL1_drop0p1_trmiss50_trlocradio,32,0.4485909889141719,0.6898602545261383,0.5237068965517242,0.6649983384469913,0.6,0.0,0.0,0.0,0.0,0.0,0.0,0.0,0.0,0.0,2002,radio,0.5
2,5,lr1e-04_bs32_modL1_fusion32_fusionL1_drop0p1_trmiss50_trlocradio,32,0.0001,1,32,1,0.1,lr1e-04_bs32_modL1_fusion32_fusionL1_drop0p1_trmiss50_trlocradio,33,0.4666575491428375,0.689805805683136,0.5237068965517242,0.6649983384469913,0.6,0.0,0.0,0.0,0.0,0.0,0.0,0.0,0.0,0.0,2002,radio,0.5
2,5,lr1e-04_bs32_modL1_fusion32_fusionL1_drop0p1_trmiss50_trlocradio,32,0.0001,1,32,1,0.1,lr1e-04_bs32_modL1_fusion32_fusionL1_drop0p1_trmiss50_trlocradio,34,0.4549675981203715,0.6896958351135254,0.5237068965517242,0.6649983384469913,0.6,0.0,0.0,0.0,0.0,0.0,0.0,0.0,0.0,0.0,2002,radio,0.5
2,5,lr1e-04_bs32_modL1_fusion32_fusionL1_drop0p1_trmiss50_trlocradio,32,0.0001,1,32,1,0.1,lr1e-04_bs32_modL1_fusion32_fusionL1_drop0p1_trmiss50_trlocradio,35,0.45354841152826947,0.6892162263393402,0.5323275862068966,0.6759717478461879,0.6,0.0,0.0,0.0,0.0,0.0,0.0,0.0,0.0,0.0,2002,radio,0.5
2,5,lr1e-04_bs32_modL1_fusion32_fusionL1_drop0p1_trmiss50_trlocradio,32,0.0001,1,32,1,0.1,lr1e-04_bs32_modL1_fusion32_fusionL1_drop0p1_trmiss50_trlocradio,36,0.45415663222471875,0.6898764669895172,0.5301724137931034,0.6748132361929235,0.6,0.0,0.0,0.0,0.0,0.0,0.0,0.0,0.0,0.0,2002,radio,0.5
2,5,lr1e-04_bs32_modL1_fusion32_fusionL1_drop0p1_trmiss50_trlocradio,32,0.0001,1,32,1,0.1,lr1e-04_bs32_modL1_fusion32_fusionL1_drop0p1_trmiss50_trlocradio,37,0.44633496304353076,0.6892405152320862,0.5323275862068966,0.6772762903801157,0.6,0.0,0.0,0.0,0.0,0.0,0.0,0.0,0.0,0.0,2002,radio,0.5
2,5,lr1e-04_bs32_modL1_fusion32_fusionL1_drop0p1_trmiss50_trlocradio,32,0.0001,1,32,1,0.1,lr1e-04_bs32_modL1_fusion32_fusionL1_drop0p1_trmiss50_trlocradio,38,0.4614326258500417,0.6896611452102661,0.5301724137931034,0.6760820822893558,0.6,0.0,0.0,0.0,0.0,0.0,0.0,0.0,0.0,0.0,2002,radio,0.5
2,5,lr1e-04_bs32_modL1_fusion32_fusionL1_drop0p1_trmiss50_trlocradio,32,0.0001,1,32,1,0.1,lr1e-04_bs32_modL1_fusion32_fusionL1_drop0p1_trmiss50_trlocradio,39,0.4583735018968582,0.6896682679653168,0.5301724137931034,0.6760820822893558,0.6,0.0,0.0,0.0,0.0,0.0,0.0,0.0,0.0,0.0,2002,radio,0.5
2,5,lr1e-04_bs32_modL1_fusion32_fusionL1_drop0p1_trmiss50_trlocradio,32,0.0001,1,32,1,0.1,lr1e-04_bs32_modL1_fusion32_fusionL1_drop0p1_trmiss50_trlocradio,40,0.46684953570365906,0.6910777390003204,0.5323275862068966,0.6768607252259521,0.5777777777777777,0.0,0.0,0.0,0.0,0.0,0.0,0.0,0.0,0.0,2002,radio,0.5
2,5,lr1e-04_bs32_modL1_fusion32_fusionL1_drop0p1_trmiss50_trlocradio,32,0.0001,1,32,1,0.1,lr1e-04_bs32_modL1_fusion32_fusionL1_drop0p1_trmiss50_trlocradio,41,0.4566918909549713,0.6903750598430634,0.5301724137931034,0.6748132361929235,0.6,0.0,0.0,0.0,0.0,0.0,0.0,0.0,0.0,0.0,2002,radio,0.5
2,5,lr1e-04_bs32_modL1_fusion32_fusionL1_drop0p1_trmiss50_trlocradio,32,0.0001,1,32,1,0.1,lr1e-04_bs32_modL1_fusion32_fusionL1_drop0p1_trmiss50_trlocradio,42,0.450350950161616,0.689437061548233,0.5280172413793104,0.6696408223998201,0.6,0.0,0.0,0.0,0.0,0.0,0.0,0.0,0.0,0.0,2002,radio,0.5
2,5,lr1e-04_bs32_modL1_fusion32_fusionL1_drop0p1_trmiss50_trlocradio,32,0.0001,1,32,1,0.1,lr1e-04_bs32_modL1_fusion32_fusionL1_drop0p1_trmiss50_trlocradio,43,0.46771307786305744,0.6903805434703827,0.5323275862068966,0.6755918791295198,0.6,0.0,0.0,0.0,0.0,0.0,0.0,0.0,0.0,0.0,2002,radio,0.5
2,5,lr1e-04_bs32_modL1_fusion32_fusionL1_drop0p1_trmiss50_trlocradio,32,0.0001,1,32,1,0.1,lr1e-04_bs32_modL1_fusion32_fusionL1_drop0p1_trmiss50_trlocradio,44,0.45672015845775604,0.6911971271038055,0.5323275862068966,0.6759717478461879,0.6,0.0,0.0,0.0,0.0,0.0,0.0,0.0,0.0,0.0,2002,radio,0.5
2,5,lr1e-04_bs32_modL1_fusion32_fusionL1_drop0p1_trmiss50_trlocradio,32,0.0001,1,32,1,0.1,lr1e-04_bs32_modL1_fusion32_fusionL1_drop0p1_trmiss50_trlocradio,45,0.4580581982930501,0.6903556883335114,0.5280172413793104,0.6736190281021637,0.5777777777777777,0.0,0.0,0.0,0.0,0.0,0.0,0.0,0.0,0.0,2002,radio,0.5
2,5,lr1e-04_bs32_modL1_fusion32_fusionL1_drop0p1_trmiss50_trlocradio,32,0.0001,1,32,1,0.1,lr1e-04_bs32_modL1_fusion32_fusionL1_drop0p1_trmiss50_trlocradio,46,0.45737460752328235,0.6897655427455902,0.5280172413793104,0.6696408223998201,0.6,0.0,0.0,0.0,0.0,0.0,0.0,0.0,0.0,0.0,2002,radio,0.5
2,5,lr1e-04_bs32_modL1_fusion32_fusionL1_drop0p1_trmiss50_trlocradio,32,0.0001,1,32,1,0.1,lr1e-04_bs32_modL1_fusion32_fusionL1_drop0p1_trmiss50_trlocradio,47,0.452623575925827,0.6896571516990662,0.5301724137931034,0.6716883114328487,0.6,0.0,0.0,0.0,0.0,0.0,0.0,0.0,0.0,0.0,2002,radio,0.5
2,5,lr1e-04_bs32_modL1_fusion32_fusionL1_drop0p1_trmiss50_trlocradio,32,0.0001,1,32,1,0.1,lr1e-04_bs32_modL1_fusion32_fusionL1_drop0p1_trmiss50_trlocradio,48,0.46563971042633057,0.6898638308048248,0.5280172413793103,0.6709096684962524,0.6,0.0,0.0,0.0,0.0,0.0,0.0,0.0,0.0,0.0,2002,radio,0.5
2,5,lr1e-04_bs32_modL1_fusion32_fusionL1_drop0p1_trmiss50_trlocradio,32,0.0001,1,32,1,0.1,lr1e-04_bs32_modL1_fusion32_fusionL1_drop0p1_trmiss50_trlocradio,49,0.46202974518140155,0.6890489757061005,0.5237068965517242,0.6446134551310737,0.6,0.0,0.0,0.0,0.0,0.0,0.0,0.0,0.0,0.0,2002,radio,0.5
2,5,lr1e-04_bs32_modL1_fusion32_fusionL1_drop0p1_trmiss50_trlocradio,32,0.0001,1,32,1,0.1,lr1e-04_bs32_modL1_fusion32_fusionL1_drop0p1_trmiss50_trlocradio,50,0.45027456680933636,0.6919364035129547,0.5344827586206896,0.6796709263954414,0.6,0.0,0.0,0.0,0.0,0.0,0.0,0.0,0.0,0.0,2002,radio,0.5
2,5,lr1e-04_bs32_modL1_fusion32_fusionL1_drop0p1_trmiss50_trlocradio,32,0.0001,1,32,1,0.1,lr1e-04_bs32_modL1_fusion32_fusionL1_drop0p1_trmiss50_trlocradio,51,0.455932413538297,0.689533144235611,0.5280172413793103,0.6686556007249432,0.5777777777777777,0.0,0.0,0.0,0.0,0.0,0.0,0.0,0.0,0.0,2002,radio,0.5
2,5,lr1e-04_bs32_modL1_fusion32_fusionL1_drop0p1_trmiss50_trlocradio,32,0.0001,1,32,1,0.1,lr1e-04_bs32_modL1_fusion32_fusionL1_drop0p1_trmiss50_trlocradio,52,0.4570452819267909,0.6892519593238831,0.5344827586206896,0.6780549333167118,0.6,0.0,0.0,0.0,0.0,0.0,0.0,0.0,0.0,0.0,2002,radio,0.5
2,5,lr1e-04_bs32_modL1_fusion32_fusionL1_drop0p1_trmiss50_trlocradio,32,0.0001,1,32,1,0.1,lr1e-04_bs32_modL1_fusion32_fusionL1_drop0p1_trmiss50_trlocradio,53,0.452634334564209,0.6891086995601654,0.5344827586206896,0.6706885407554168,0.5777777777777777,0.0,0.0,0.0,0.0,0.0,0.0,0.0,0.0,0.0,2002,radio,0.5
2,5,lr1e-04_bs32_modL1_fusion32_fusionL1_drop0p1_trmiss50_trlocradio,32,0.0001,1,32,1,0.1,lr1e-04_bs32_modL1_fusion32_fusionL1_drop0p1_trmiss50_trlocradio,54,0.4484651138385137,0.687397837638855,0.5301724137931034,0.667515261803495,0.5777777777777777,0.0,0.0,0.0,0.0,0.0,0.0,0.0,0.0,0.0,2002,radio,0.5
2,5,lr1e-04_bs32_modL1_fusion32_fusionL1_drop0p1_trmiss50_trlocradio,32,0.0001,1,32,1,0.1,lr1e-04_bs32_modL1_fusion32_fusionL1_drop0p1_trmiss50_trlocradio,55,0.4452202965815862,0.6882166862487793,0.5301724137931034,0.667515261803495,0.6,0.0,0.0,0.0,0.0,0.0,0.0,0.0,0.0,0.0,2002,radio,0.5
2,5,lr1e-04_bs32_modL1_fusion32_fusionL1_drop0p1_trmiss50_trlocradio,32,0.0001,1,32,1,0.1,lr1e-04_bs32_modL1_fusion32_fusionL1_drop0p1_trmiss50_trlocradio,56,0.45563824474811554,0.6880701184272766,0.5258620689655172,0.6468256066310812,0.6,0.0,0.0,0.0,0.0,0.0,0.0,0.0,0.0,0.0,2002,radio,0.5
2,5,lr1e-04_bs32_modL1_fusion32_fusionL1_drop0p1_trmiss50_trlocradio,32,0.0001,1,32,1,0.1,lr1e-04_bs32_modL1_fusion32_fusionL1_drop0p1_trmiss50_trlocradio,57,0.4439480702082316,0.6883121430873871,0.5366379310344828,0.6792134449699762,0.6,0.0,0.0,0.0,0.0,0.0,0.0,0.0,0.0,0.0,2002,radio,0.5
2,5,lr1e-04_bs32_modL1_fusion32_fusionL1_drop0p1_trmiss50_trlocradio,32,0.0001,1,32,1,0.1,lr1e-04_bs32_modL1_fusion32_fusionL1_drop0p1_trmiss50_trlocradio,58,0.438387468457222,0.6871843039989471,0.5344827586206897,0.6740410311768728,0.6,0.0,0.0,0.0,0.0,0.0,0.0,0.0,0.0,0.0,2002,radio,0.5
2,5,lr1e-04_bs32_modL1_fusion32_fusionL1_drop0p1_trmiss50_trlocradio,32,0.0001,1,32,1,0.1,lr1e-04_bs32_modL1_fusion32_fusionL1_drop0p1_trmiss50_trlocradio,59,0.46266284088293713,0.6886550188064575,0.5280172413793104,0.6476042495676775,0.6,0.0,0.0,0.0,0.0,0.0,0.0,0.0,0.0,0.0,2002,radio,0.5
2,5,lr1e-04_bs32_modL1_fusion32_fusionL1_drop0p1_trmiss50_trlocradio,32,0.0001,1,32,1,0.1,lr1e-04_bs32_modL1_fusion32_fusionL1_drop0p1_trmiss50_trlocradio,60,0.45556171238422394,0.6899215281009674,0.5280172413793104,0.6526559254104284,0.6,0.0,0.0,0.0,0.0,0.0,0.0,0.0,0.0,0.0,2002,radio,0.5
2,5,lr1e-04_bs32_modL1_fusion32_fusionL1_drop0p1_trmiss50_trlocradio,32,0.0001,1,32,1,0.1,lr1e-04_bs32_modL1_fusion32_fusionL1_drop0p1_trmiss50_trlocradio,61,0.44917742411295575,0.6898545324802399,0.5366379310344828,0.6804495693320376,0.6,0.0,0.0,0.0,0.0,0.0,0.0,0.0,0.0,0.0,2002,radio,0.5
2,5,lr1e-04_bs32_modL1_fusion32_fusionL1_drop0p1_trmiss50_trlocradio,32,0.0001,1,32,1,0.1,lr1e-04_bs32_modL1_fusion32_fusionL1_drop0p1_trmiss50_trlocradio,62,0.4414313534895579,0.691503256559372,0.5237068965517241,0.6452515298236534,0.6,0.0,0.0,0.0,0.0,0.0,0.0,0.0,0.0,0.0,2002,radio,0.5
2,5,lr1e-04_bs32_modL1_fusion32_fusionL1_drop0p1_trmiss50_trlocradio,32,0.0001,1,32,1,0.1,lr1e-04_bs32_modL1_fusion32_fusionL1_drop0p1_trmiss50_trlocradio,63,0.43967386583487195,0.6907861828804016,0.5344827586206896,0.6792553612412777,0.5777777777777777,0.0,0.0,0.0,0.0,0.0,0.0,0.0,0.0,0.0,2002,radio,0.5
2,5,lr1e-04_bs32_modL1_fusion32_fusionL1_drop0p1_trmiss50_trlocradio,32,0.0001,1,32,1,0.1,lr1e-04_bs32_modL1_fusion32_fusionL1_drop0p1_trmiss50_trlocradio,64,0.4501449465751648,0.6887703835964203,0.5323275862068966,0.6740829474481743,0.6,0.0,0.0,0.0,0.0,0.0,0.0,0.0,0.0,0.0,2002,radio,0.5
2,5,lr1e-04_bs32_modL1_fusion32_fusionL1_drop0p1_trmiss50_trlocradio,32,0.0001,1,32,1,0.1,lr1e-04_bs32_modL1_fusion32_fusionL1_drop0p1_trmiss50_trlocradio,65,0.4551328221956889,0.6905864477157593,0.5280172413793103,0.6648875451493238,0.6,0.0,0.0,0.0,0.0,0.0,0.0,0.0,0.0,0.0,2002,radio,0.5
2,5,lr1e-04_bs32_modL1_fusion32_fusionL1_drop0p1_trmiss50_trlocradio,32,0.0001,1,32,1,0.1,lr1e-04_bs32_modL1_fusion32_fusionL1_drop0p1_trmiss50_trlocradio,66,0.4556272824605306,0.6900239586830139,0.5301724137931034,0.6716883114328487,0.6,0.0,0.0,0.0,0.0,0.0,0.0,0.0,0.0,0.0,2002,radio,0.5
2,5,lr1e-04_bs32_modL1_fusion32_fusionL1_drop0p1_trmiss50_trlocradio,32,0.0001,1,32,1,0.1,lr1e-04_bs32_modL1_fusion32_fusionL1_drop0p1_trmiss50_trlocradio,67,0.44939350585142773,0.6906547248363495,0.521551724137931,0.6434192470403138,0.6,0.0,0.0,0.0,0.0,0.0,0.0,0.0,0.0,0.0,2002,radio,0.5
2,5,lr1e-04_bs32_modL1_fusion32_fusionL1_drop0p1_trmiss50_trlocradio,32,0.0001,1,32,1,0.1,lr1e-04_bs32_modL1_fusion32_fusionL1_drop0p1_trmiss50_trlocradio,68,0.448491836587588,0.689990907907486,0.5193965517241379,0.6415233685217173,0.6,0.0,0.0,0.0,0.0,0.0,0.0,0.0,0.0,0.0,2002,radio,0.5
2,5,lr1e-04_bs32_modL1_fusion32_fusionL1_drop0p1_trmiss50_trlocradio,32,0.0001,1,32,1,0.1,lr1e-04_bs32_modL1_fusion32_fusionL1_drop0p1_trmiss50_trlocradio,69,0.43810748557249707,0.6908428370952606,0.521551724137931,0.658265990335333,0.6,0.0,0.0,0.0,0.0,0.0,0.0,0.0,0.0,0.0,2002,radio,0.5
2,5,lr1e-04_bs32_modL1_fusion32_fusionL1_drop0p1_trmiss50_trlocradio,32,0.0001,1,32,1,0.1,lr1e-04_bs32_modL1_fusion32_fusionL1_drop0p1_trmiss50_trlocradio,70,0.44403772552808124,0.6913982331752777,0.5301724137931034,0.6694342436615395,0.6,0.0,0.0,0.0,0.0,0.0,0.0,0.0,0.0,0.0,2002,radio,0.5
2,5,lr1e-04_bs32_modL1_fusion32_fusionL1_drop0p1_trmiss50_trlocradio,32,0.0001,1,32,1,0.1,lr1e-04_bs32_modL1_fusion32_fusionL1_drop0p1_trmiss50_trlocradio,71,0.447995329896609,0.6902077496051788,0.5301724137931034,0.671050236740269,0.5777777777777777,0.0,0.0,0.0,0.0,0.0,0.0,0.0,0.0,0.0,2002,radio,0.5
2,5,lr1e-04_bs32_modL1_fusion32_fusionL1_drop0p1_trmiss50_trlocradio,32,0.0001,1,32,1,0.1,lr1e-04_bs32_modL1_fusion32_fusionL1_drop0p1_trmiss50_trlocradio,72,0.45549656450748444,0.6900707185268402,0.5323275862068966,0.6705927553148038,0.5555555555555556,0.0,0.0,0.0,0.0,0.0,0.0,0.0,0.0,0.0,2002,radio,0.5
2,5,lr1e-04_bs32_modL1_fusion32_fusionL1_drop0p1_trmiss50_trlocradio,32,0.0001,1,32,1,0.1,lr1e-04_bs32_modL1_fusion32_fusionL1_drop0p1_trmiss50_trlocradio,73,0.44627708693345386,0.6906203627586365,0.5301724137931034,0.6694342436615395,0.6,0.0,0.0,0.0,0.0,0.0,0.0,0.0,0.0,0.0,2002,radio,0.5
2,5,lr1e-04_bs32_modL1_fusion32_fusionL1_drop0p1_trmiss50_trlocradio,32,0.0001,1,32,1,0.1,lr1e-04_bs32_modL1_fusion32_fusionL1_drop0p1_trmiss50_trlocradio,74,0.4568176319201787,0.6910740435123444,0.5280172413793103,0.6686556007249432,0.5777777777777777,0.0,0.0,0.0,0.0,0.0,0.0,0.0,0.0,0.0,2002,radio,0.5
2,5,lr1e-04_bs32_modL1_fusion32_fusionL1_drop0p1_trmiss50_trlocradio,32,0.0001,1,32,1,0.1,lr1e-04_bs32_modL1_fusion32_fusionL1_drop0p1_trmiss50_trlocradio,75,0.452665979663531,0.6922595500946045,0.5301724137931034,0.6721038765870123,0.5555555555555556,0.0,0.0,0.0,0.0,0.0,0.0,0.0,0.0,0.0,2002,radio,0.5
2,5,lr1e-04_bs32_modL1_fusion32_fusionL1_drop0p1_trmiss50_trlocradio,32,0.0001,1,32,1,0.1,lr1e-04_bs32_modL1_fusion32_fusionL1_drop0p1_trmiss50_trlocradio,76,0.4468173285325368,0.6904386281967163,0.5323275862068966,0.6722087483935332,0.5555555555555556,0.0,0.0,0.0,0.0,0.0,0.0,0.0,0.0,0.0,2002,radio,0.5
2,5,lr1e-04_bs32_modL1_fusion32_fusionL1_drop0p1_trmiss50_trlocradio,32,0.0001,1,32,1,0.1,lr1e-04_bs32_modL1_fusion32_fusionL1_drop0p1_trmiss50_trlocradio,77,0.46440573533376056,0.6883923411369324,0.5301724137931034,0.6664616219567516,0.6,0.0,0.0,0.0,0.0,0.0,0.0,0.0,0.0,0.0,2002,radio,0.5
2,5,lr1e-04_bs32_modL1_fusion64_fusionL1_drop0p2_trmiss50_trlocradio,32,0.0001,1,64,1,0.2,lr1e-04_bs32_modL1_fusion64_fusionL1_drop0p2_trmiss50_trlocradio,1,0.684753398100535,0.6695444285869598,0.6357758620689655,0.7990917329097824,0.6,0.0,0.0,0.0,0.0,0.0,0.0,0.0,0.0,0.0,2002,radio,0.5
2,5,lr1e-04_bs32_modL1_fusion64_fusionL1_drop0p2_trmiss50_trlocradio,32,0.0001,1,64,1,0.2,lr1e-04_bs32_modL1_fusion64_fusionL1_drop0p2_trmiss50_trlocradio,2,0.6510712703069051,0.658016711473465,0.665948275862069,0.805956548989504,0.6444444444444445,0.0,0.0,0.0,0.0,0.0,0.0,0.0,0.0,0.0,2002,radio,0.5
2,5,lr1e-04_bs32_modL1_fusion64_fusionL1_drop0p2_trmiss50_trlocradio,32,0.0001,1,64,1,0.2,lr1e-04_bs32_modL1_fusion64_fusionL1_drop0p2_trmiss50_trlocradio,3,0.6337887048721313,0.6516187787055969,0.6681034482758621,0.8105535925780805,0.6444444444444445,0.0,0.0,0.0,0.0,0.0,0.0,0.0,0.0,0.0,2002,radio,0.5
2,5,lr1e-04_bs32_modL1_fusion64_fusionL1_drop0p2_trmiss50_trlocradio,32,0.0001,1,64,1,0.2,lr1e-04_bs32_modL1_fusion64_fusionL1_drop0p2_trmiss50_trlocradio,4,0.6328855057557424,0.6460915505886078,0.6681034482758621,0.8039328405552599,0.6222222222222222,0.0,0.0,0.0,0.0,0.0,0.0,0.0,0.0,0.0,2002,radio,0.5
2,5,lr1e-04_bs32_modL1_fusion64_fusionL1_drop0p2_trmiss50_trlocradio,32,0.0001,1,64,1,0.2,lr1e-04_bs32_modL1_fusion64_fusionL1_drop0p2_trmiss50_trlocradio,5,0.6008913318316141,0.6418260037899017,0.6745689655172414,0.7915335572530434,0.6666666666666666,0.0,0.0,0.0,0.0,0.0,0.0,0.0,0.0,0.0,2002,radio,0.5
2,5,lr1e-04_bs32_modL1_fusion64_fusionL1_drop0p2_trmiss50_trlocradio,32,0.0001,1,64,1,0.2,lr1e-04_bs32_modL1_fusion64_fusionL1_drop0p2_trmiss50_trlocradio,6,0.5912955403327942,0.634449690580368,0.6853448275862069,0.8156205890762904,0.6666666666666666,0.0,0.0,0.0,0.0,0.0,0.0,0.0,0.0,0.0,2002,radio,0.5
2,5,lr1e-04_bs32_modL1_fusion64_fusionL1_drop0p2_trmiss50_trlocradio,32,0.0001,1,64,1,0.2,lr1e-04_bs32_modL1_fusion64_fusionL1_drop0p2_trmiss50_trlocradio,7,0.5791559020678202,0.6298718154430389,0.6810344827586207,0.8098799523729857,0.6666666666666666,0.0,0.0,0.0,0.0,0.0,0.0,0.0,0.0,0.0,2002,radio,0.5
2,5,lr1e-04_bs32_modL1_fusion64_fusionL1_drop0p2_trmiss50_trlocradio,32,0.0001,1,64,1,0.2,lr1e-04_bs32_modL1_fusion64_fusionL1_drop0p2_trmiss50_trlocradio,8,0.5634000400702158,0.6330378651618958,0.665948275862069,0.7999290854376426,0.6444444444444445,0.0,0.0,0.0,0.0,0.0,0.0,0.0,0.0,0.0,2002,radio,0.5
2,5,lr1e-04_bs32_modL1_fusion64_fusionL1_drop0p2_trmiss50_trlocradio,32,0.0001,1,64,1,0.2,lr1e-04_bs32_modL1_fusion64_fusionL1_drop0p2_trmiss50_trlocradio,9,0.5495336353778839,0.6331967413425446,0.6616379310344828,0.802500824043864,0.6666666666666666,0.0,0.0,0.0,0.0,0.0,0.0,0.0,0.0,0.0,2002,radio,0.5
2,5,lr1e-04_bs32_modL1_fusion64_fusionL1_drop0p2_trmiss50_trlocradio,32,0.0001,1,64,1,0.2,lr1e-04_bs32_modL1_fusion64_fusionL1_drop0p2_trmiss50_trlocradio,10,0.5328751901785532,0.6332594752311707,0.6530172413793103,0.8035552512963222,0.6666666666666666,0.0,0.0,0.0,0.0,0.0,0.0,0.0,0.0,0.0,2002,radio,0.5
2,5,lr1e-04_bs32_modL1_fusion64_fusionL1_drop0p2_trmiss50_trlocradio,32,0.0001,1,64,1,0.2,lr1e-04_bs32_modL1_fusion64_fusionL1_drop0p2_trmiss50_trlocradio,11,0.5316778967777888,0.6336213946342468,0.646551724137931,0.793812038598023,0.6666666666666666,0.0,0.0,0.0,0.0,0.0,0.0,0.0,0.0,0.0,2002,radio,0.5
2,5,lr1e-04_bs32_modL1_fusion64_fusionL1_drop0p2_trmiss50_trlocradio,32,0.0001,1,64,1,0.2,lr1e-04_bs32_modL1_fusion64_fusionL1_drop0p2_trmiss50_trlocradio,12,0.5207802702983221,0.6331685483455658,0.6551724137931034,0.8010860918458009,0.6666666666666666,0.0,0.0,0.0,0.0,0.0,0.0,0.0,0.0,0.0,2002,radio,0.5
2,5,lr1e-04_bs32_modL1_fusion64_fusionL1_drop0p2_trmiss50_trlocradio,32,0.0001,1,64,1,0.2,lr1e-04_bs32_modL1_fusion64_fusionL1_drop0p2_trmiss50_trlocradio,13,0.4940153509378433,0.6311305463314056,0.6573275862068966,0.7931355338464916,0.6666666666666666,0.0,0.0,0.0,0.0,0.0,0.0,0.0,0.0,0.0,2002,radio,0.5
2,5,lr1e-04_bs32_modL1_fusion64_fusionL1_drop0p2_trmiss50_trlocradio,32,0.0001,1,64,1,0.2,lr1e-04_bs32_modL1_fusion64_fusionL1_drop0p2_trmiss50_trlocradio,14,0.5068492641051611,0.6317345798015594,0.6616379310344828,0.7827536885291594,0.6666666666666666,0.0,0.0,0.0,0.0,0.0,0.0,0.0,0.0,0.0,2002,radio,0.5
2,5,lr1e-04_bs32_modL1_fusion64_fusionL1_drop0p2_trmiss50_trlocradio,32,0.0001,1,64,1,0.2,lr1e-04_bs32_modL1_fusion64_fusionL1_drop0p2_trmiss50_trlocradio,15,0.49494775136311847,0.6302043199539185,0.6637931034482759,0.7897025889394258,0.6666666666666666,0.0,0.0,0.0,0.0,0.0,0.0,0.0,0.0,0.0,2002,radio,0.5
2,5,lr1e-04_bs32_modL1_fusion64_fusionL1_drop0p2_trmiss50_trlocradio,32,0.0001,1,64,1,0.2,lr1e-04_bs32_modL1_fusion64_fusionL1_drop0p2_trmiss50_trlocradio,16,0.48731771608193714,0.6283785700798035,0.6702586206896552,0.7798497511007024,0.6888888888888889,0.0,0.0,0.0,0.0,0.0,0.0,0.0,0.0,0.0,2002,radio,0.5
2,5,lr1e-04_bs32_modL1_fusion64_fusionL1_drop0p2_trmiss50_trlocradio,32,0.0001,1,64,1,0.2,lr1e-04_bs32_modL1_fusion64_fusionL1_drop0p2_trmiss50_trlocradio,17,0.4989042232433955,0.6291857659816742,0.6702586206896551,0.7794876264774934,0.7111111111111111,0.0,0.0,0.0,0.0,0.0,0.0,0.0,0.0,0.0,2002,radio,0.5
2,5,lr1e-04_bs32_modL1_fusion64_fusionL1_drop0p2_trmiss50_trlocradio,32,0.0001,1,64,1,0.2,lr1e-04_bs32_modL1_fusion64_fusionL1_drop0p2_trmiss50_trlocradio,18,0.47869421541690826,0.6272671520709991,0.685344827586207,0.7862002848055821,0.7111111111111111,0.0,0.0,0.0,0.0,0.0,0.0,0.0,0.0,0.0,2002,radio,0.5
2,5,lr1e-04_bs32_modL1_fusion64_fusionL1_drop0p2_trmiss50_trlocradio,32,0.0001,1,64,1,0.2,lr1e-04_bs32_modL1_fusion64_fusionL1_drop0p2_trmiss50_trlocradio,19,0.4590035279591878,0.6298979222774506,0.665948275862069,0.7828010493756524,0.6666666666666666,0.0,0.0,0.0,0.0,0.0,0.0,0.0,0.0,0.0,2002,radio,0.5
2,5,lr1e-04_bs32_modL1_fusion64_fusionL1_drop0p2_trmiss50_trlocradio,32,0.0001,1,64,1,0.2,lr1e-04_bs32_modL1_fusion64_fusionL1_drop0p2_trmiss50_trlocradio,20,0.46781039237976074,0.6275018453598022,0.6745689655172413,0.788706616744523,0.6888888888888889,0.0,0.0,0.0,0.0,0.0,0.0,0.0,0.0,0.0,2002,radio,0.5
2,5,lr1e-04_bs32_modL1_fusion64_fusionL1_drop0p2_trmiss50_trlocradio,32,0.0001,1,64,1,0.2,lr1e-04_bs32_modL1_fusion64_fusionL1_drop0p2_trmiss50_trlocradio,21,0.46924058596293133,0.6263815760612488,0.6767241379310345,0.7923524334092614,0.6888888888888889,0.0,0.0,0.0,0.0,0.0,0.0,0.0,0.0,0.0,2002,radio,0.5
2,5,lr1e-04_bs32_modL1_fusion64_fusionL1_drop0p2_trmiss50_trlocradio,32,0.0001,1,64,1,0.2,lr1e-04_bs32_modL1_fusion64_fusionL1_drop0p2_trmiss50_trlocradio,22,0.4536665181318919,0.6304213106632233,0.6637931034482758,0.7796107720235842,0.6666666666666666,0.0,0.0,0.0,0.0,0.0,0.0,0.0,0.0,0.0,2002,radio,0.5
2,5,lr1e-04_bs32_modL1_fusion64_fusionL1_drop0p2_trmiss50_trlocradio,32,0.0001,1,64,1,0.2,lr1e-04_bs32_modL1_fusion64_fusionL1_drop0p2_trmiss50_trlocradio,23,0.4551890691121419,0.6291326880455017,0.6637931034482759,0.7854234440046255,0.6888888888888889,0.0,0.0,0.0,0.0,0.0,0.0,0.0,0.0,0.0,2002,radio,0.5
2,5,lr1e-04_bs32_modL1_fusion64_fusionL1_drop0p2_trmiss50_trlocradio,32,0.0001,1,64,1,0.2,lr1e-04_bs32_modL1_fusion64_fusionL1_drop0p2_trmiss50_trlocradio,24,0.4449201424916585,0.6277920603752136,0.6767241379310345,0.7946219528823645,0.6888888888888889,0.0,0.0,0.0,0.0,0.0,0.0,0.0,0.0,0.0,2002,radio,0.5
2,5,lr1e-04_bs32_modL1_fusion64_fusionL1_drop0p2_trmiss50_trlocradio,32,0.0001,1,64,1,0.2,lr1e-04_bs32_modL1_fusion64_fusionL1_drop0p2_trmiss50_trlocradio,25,0.43117061257362366,0.626943439245224,0.6767241379310345,0.8041451415160357,0.6666666666666666,0.0,0.0,0.0,0.0,0.0,0.0,0.0,0.0,0.0,2002,radio,0.5
2,5,lr1e-04_bs32_modL1_fusion64_fusionL1_drop0p2_trmiss50_trlocradio,32,0.0001,1,64,1,0.2,lr1e-04_bs32_modL1_fusion64_fusionL1_drop0p2_trmiss50_trlocradio,26,0.425566886862119,0.6250518560409546,0.6896551724137931,0.8113452097676472,0.6888888888888889,0.0,0.0,0.0,0.0,0.0,0.0,0.0,0.0,0.0,2002,radio,0.5
2,5,lr1e-04_bs32_modL1_fusion64_fusionL1_drop0p2_trmiss50_trlocradio,32,0.0001,1,64,1,0.2,lr1e-04_bs32_modL1_fusion64_fusionL1_drop0p2_trmiss50_trlocradio,27,0.4249310443798701,0.6231787204742432,0.6875,0.8108394839034241,0.6666666666666666,0.0,0.0,0.0,0.0,0.0,0.0,0.0,0.0,0.0,2002,radio,0.5
2,5,lr1e-04_bs32_modL1_fusion64_fusionL1_drop0p2_trmiss50_trlocradio,32,0.0001,1,64,1,0.2,lr1e-04_bs32_modL1_fusion64_fusionL1_drop0p2_trmiss50_trlocradio,28,0.417859415213267,0.6221491396427155,0.6875,0.8078096074389414,0.6666666666666666,0.0,0.0,0.0,0.0,0.0,0.0,0.0,0.0,0.0,2002,radio,0.5
2,5,lr1e-04_bs32_modL1_fusion64_fusionL1_drop0p2_trmiss50_trlocradio,32,0.0001,1,64,1,0.2,lr1e-04_bs32_modL1_fusion64_fusionL1_drop0p2_trmiss50_trlocradio,29,0.4369210700194041,0.6185719072818756,0.7004310344827587,0.8176384147688746,0.6444444444444445,0.0,0.0,0.0,0.0,0.0,0.0,0.0,0.0,0.0,2002,radio,0.5
2,5,lr1e-04_bs32_modL1_fusion64_fusionL1_drop0p2_trmiss50_trlocradio,32,0.0001,1,64,1,0.2,lr1e-04_bs32_modL1_fusion64_fusionL1_drop0p2_trmiss50_trlocradio,30,0.4340196301539739,0.6160416007041931,0.7047413793103448,0.8217230841918326,0.6444444444444445,0.0,0.0,0.0,0.0,0.0,0.0,0.0,0.0,0.0,2002,radio,0.5
2,5,lr1e-04_bs32_modL1_fusion64_fusionL1_drop0p2_trmiss50_trlocradio,32,0.0001,1,64,1,0.2,lr1e-04_bs32_modL1_fusion64_fusionL1_drop0p2_trmiss50_trlocradio,31,0.4183156490325928,0.6165211200714111,0.6853448275862069,0.8086254889330124,0.6222222222222222,0.0,0.0,0.0,0.0,0.0,0.0,0.0,0.0,0.0,2002,radio,0.5
2,5,lr1e-04_bs32_modL1_fusion64_fusionL1_drop0p2_trmiss50_trlocradio,32,0.0001,1,64,1,0.2,lr1e-04_bs32_modL1_fusion64_fusionL1_drop0p2_trmiss50_trlocradio,32,0.41540823380152386,0.6169351041316986,0.6788793103448276,0.8050271407448901,0.6444444444444445,0.0,0.0,0.0,0.0,0.0,0.0,0.0,0.0,0.0,2002,radio,0.5
2,5,lr1e-04_bs32_modL1_fusion64_fusionL1_drop0p2_trmiss50_trlocradio,32,0.0001,1,64,1,0.2,lr1e-04_bs32_modL1_fusion64_fusionL1_drop0p2_trmiss50_trlocradio,33,0.40629256268342334,0.6173715591430664,0.6810344827586207,0.8042772725827911,0.6444444444444445,0.0,0.0,0.0,0.0,0.0,0.0,0.0,0.0,0.0,2002,radio,0.5
2,5,lr1e-04_bs32_modL1_fusion64_fusionL1_drop0p2_trmiss50_trlocradio,32,0.0001,1,64,1,0.2,lr1e-04_bs32_modL1_fusion64_fusionL1_drop0p2_trmiss50_trlocradio,34,0.4047836164633433,0.6163412034511566,0.6788793103448275,0.8035396734679101,0.6444444444444445,0.0,0.0,0.0,0.0,0.0,0.0,0.0,0.0,0.0,2002,radio,0.5
2,5,lr1e-04_bs32_modL1_fusion64_fusionL1_drop0p2_trmiss50_trlocradio,32,0.0001,1,64,1,0.2,lr1e-04_bs32_modL1_fusion64_fusionL1_drop0p2_trmiss50_trlocradio,35,0.39233429233233136,0.6154465973377228,0.6918103448275862,0.8194593230476048,0.6444444444444445,0.0,0.0,0.0,0.0,0.0,0.0,0.0,0.0,0.0,2002,radio,0.5
2,5,lr1e-04_bs32_modL1_fusion64_fusionL1_drop0p2_trmiss50_trlocradio,32,0.0001,1,64,1,0.2,lr1e-04_bs32_modL1_fusion64_fusionL1_drop0p2_trmiss50_trlocradio,36,0.38787276049455005,0.6158251166343689,0.6853448275862069,0.8143374334429565,0.6444444444444445,0.0,0.0,0.0,0.0,0.0,0.0,0.0,0.0,0.0,2002,radio,0.5
2,5,lr1e-04_bs32_modL1_fusion64_fusionL1_drop0p2_trmiss50_trlocradio,32,0.0001,1,64,1,0.2,lr1e-04_bs32_modL1_fusion64_fusionL1_drop0p2_trmiss50_trlocradio,37,0.3917710483074188,0.6172090470790863,0.6810344827586207,0.8041265645817635,0.6222222222222222,0.0,0.0,0.0,0.0,0.0,0.0,0.0,0.0,0.0,2002,radio,0.5
2,5,lr1e-04_bs32_modL1_fusion64_fusionL1_drop0p2_trmiss50_trlocradio,32,0.0001,1,64,1,0.2,lr1e-04_bs32_modL1_fusion64_fusionL1_drop0p2_trmiss50_trlocradio,38,0.38946978251139325,0.6158648133277893,0.6810344827586207,0.8065162807734023,0.6444444444444445,0.0,0.0,0.0,0.0,0.0,0.0,0.0,0.0,0.0,2002,radio,0.5
2,5,lr1e-04_bs32_modL1_fusion64_fusionL1_drop0p2_trmiss50_trlocradio,32,0.0001,1,64,1,0.2,lr1e-04_bs32_modL1_fusion64_fusionL1_drop0p2_trmiss50_trlocradio,39,0.38275696833928424,0.6154276132583618,0.6853448275862069,0.8115323680029782,0.6444444444444445,0.0,0.0,0.0,0.0,0.0,0.0,0.0,0.0,0.0,2002,radio,0.5
2,5,lr1e-04_bs32_modL1_fusion64_fusionL1_drop0p2_trmiss50_trlocradio,32,0.0001,1,64,1,0.2,lr1e-04_bs32_modL1_fusion64_fusionL1_drop0p2_trmiss50_trlocradio,40,0.39192478358745575,0.6146344840526581,0.6853448275862069,0.8185590131071923,0.6444444444444445,0.0,0.0,0.0,0.0,0.0,0.0,0.0,0.0,0.0,2002,radio,0.5
2,5,lr1e-04_bs32_modL1_fusion64_fusionL1_drop0p2_trmiss50_trlocradio,32,0.0001,1,64,1,0.2,lr1e-04_bs32_modL1_fusion64_fusionL1_drop0p2_trmiss50_trlocradio,41,0.3700634688138962,0.614548921585083,0.6874999999999999,0.8191003885606805,0.6444444444444445,0.0,0.0,0.0,0.0,0.0,0.0,0.0,0.0,0.0,2002,radio,0.5
2,5,lr1e-04_bs32_modL1_fusion64_fusionL1_drop0p2_trmiss50_trlocradio,32,0.0001,1,64,1,0.2,lr1e-04_bs32_modL1_fusion64_fusionL1_drop0p2_trmiss50_trlocradio,42,0.3669374038775762,0.6118440926074982,0.6961206896551724,0.8223891660159302,0.6444444444444445,0.0,0.0,0.0,0.0,0.0,0.0,0.0,0.0,0.0,2002,radio,0.5
2,5,lr1e-04_bs32_modL1_fusion64_fusionL1_drop0p2_trmiss50_trlocradio,32,0.0001,1,64,1,0.2,lr1e-04_bs32_modL1_fusion64_fusionL1_drop0p2_trmiss50_trlocradio,43,0.36996350685755414,0.6090592741966248,0.7025862068965517,0.8260788162810733,0.6444444444444445,0.0,0.0,0.0,0.0,0.0,0.0,0.0,0.0,0.0,2002,radio,0.5
2,5,lr1e-04_bs32_modL1_fusion64_fusionL1_drop0p2_trmiss50_trlocradio,32,0.0001,1,64,1,0.2,lr1e-04_bs32_modL1_fusion64_fusionL1_drop0p2_trmiss50_trlocradio,44,0.3602660298347473,0.6061298549175262,0.7068965517241379,0.8298685000090198,0.6444444444444445,0.0,0.0,0.0,0.0,0.0,0.0,0.0,0.0,0.0,2002,radio,0.5
2,5,lr1e-04_bs32_modL1_fusion64_fusionL1_drop0p2_trmiss50_trlocradio,32,0.0001,1,64,1,0.2,lr1e-04_bs32_modL1_fusion64_fusionL1_drop0p2_trmiss50_trlocradio,45,0.3507116883993149,0.6046977341175079,0.7133620689655172,0.8335784862270252,0.6666666666666666,0.0,0.0,0.0,0.0,0.0,0.0,0.0,0.0,0.0,2002,radio,0.5
2,5,lr1e-04_bs32_modL1_fusion64_fusionL1_drop0p2_trmiss50_trlocradio,32,0.0001,1,64,1,0.2,lr1e-04_bs32_modL1_fusion64_fusionL1_drop0p2_trmiss50_trlocradio,46,0.34947120149930316,0.6039310097694397,0.6982758620689655,0.8231091537266959,0.6666666666666666,0.0,0.0,0.0,0.0,0.0,0.0,0.0,0.0,0.0,2002,radio,0.5
2,5,lr1e-04_bs32_modL1_fusion64_fusionL1_drop0p2_trmiss50_trlocradio,32,0.0001,1,64,1,0.2,lr1e-04_bs32_modL1_fusion64_fusionL1_drop0p2_trmiss50_trlocradio,47,0.3492315461238225,0.6043443381786346,0.6939655172413792,0.8171781710090058,0.6666666666666666,0.0,0.0,0.0,0.0,0.0,0.0,0.0,0.0,0.0,2002,radio,0.5
2,5,lr1e-04_bs32_modL1_fusion64_fusionL1_drop0p2_trmiss50_trlocradio,32,0.0001,1,64,1,0.2,lr1e-04_bs32_modL1_fusion64_fusionL1_drop0p2_trmiss50_trlocradio,48,0.33481313784917194,0.6051346063613892,0.6918103448275862,0.8161295012037366,0.6888888888888889,0.0,0.0,0.0,0.0,0.0,0.0,0.0,0.0,0.0,2002,radio,0.5
2,5,lr1e-04_bs32_modL1_fusion64_fusionL1_drop0p2_trmiss50_trlocradio,32,0.0001,1,64,1,0.2,lr1e-04_bs32_modL1_fusion64_fusionL1_drop0p2_trmiss50_trlocradio,49,0.34478368361790973,0.6083441376686096,0.6853448275862069,0.8099915647806757,0.6666666666666666,0.0,0.0,0.0,0.0,0.0,0.0,0.0,0.0,0.0,2002,radio,0.5
2,5,lr1e-04_bs32_modL1_fusion64_fusionL1_drop0p2_trmiss50_trlocradio,32,0.0001,1,64,1,0.2,lr1e-04_bs32_modL1_fusion64_fusionL1_drop0p2_trmiss50_trlocradio,50,0.32998957733313244,0.6076316237449646,0.6810344827586207,0.8061082791507637,0.6444444444444445,0.0,0.0,0.0,0.0,0.0,0.0,0.0,0.0,0.0,2002,radio,0.5
2,5,lr1e-04_bs32_modL1_fusion64_fusionL1_drop0p2_trmiss50_trlocradio,32,0.0001,1,64,1,0.2,lr1e-04_bs32_modL1_fusion64_fusionL1_drop0p2_trmiss50_trlocradio,51,0.33308963974316913,0.61039137840271,0.6810344827586207,0.8055221751439434,0.6666666666666666,0.0,0.0,0.0,0.0,0.0,0.0,0.0,0.0,0.0,2002,radio,0.5
2,5,lr1e-04_bs32_modL1_fusion64_fusionL1_drop0p2_trmiss50_trlocradio,32,0.0001,1,64,1,0.2,lr1e-04_bs32_modL1_fusion64_fusionL1_drop0p2_trmiss50_trlocradio,52,0.3424401730298996,0.6094335615634918,0.6831896551724138,0.8069077785945902,0.6666666666666666,0.0,0.0,0.0,0.0,0.0,0.0,0.0,0.0,0.0,2002,radio,0.5
2,5,lr1e-04_bs32_modL1_fusion64_fusionL1_drop0p2_trmiss50_trlocradio,32,0.0001,1,64,1,0.2,lr1e-04_bs32_modL1_fusion64_fusionL1_drop0p2_trmiss50_trlocradio,53,0.3316020419200261,0.6085556745529175,0.6853448275862069,0.8084854211458634,0.6666666666666666,0.0,0.0,0.0,0.0,0.0,0.0,0.0,0.0,0.0,2002,radio,0.5
2,5,lr1e-04_bs32_modL1_fusion64_fusionL1_drop0p2_trmiss50_trlocradio,32,0.0001,1,64,1,0.2,lr1e-04_bs32_modL1_fusion64_fusionL1_drop0p2_trmiss50_trlocradio,54,0.3168785075346629,0.6071678996086121,0.6853448275862069,0.8077579550633467,0.6444444444444445,0.0,0.0,0.0,0.0,0.0,0.0,0.0,0.0,0.0,2002,radio,0.5
2,5,lr1e-04_bs32_modL1_fusion64_fusionL1_drop0p2_trmiss50_trlocradio,32,0.0001,1,64,1,0.2,lr1e-04_bs32_modL1_fusion64_fusionL1_drop0p2_trmiss50_trlocradio,55,0.33032510181268054,0.6044057309627533,0.6874999999999999,0.8083186503254718,0.6666666666666666,0.0,0.0,0.0,0.0,0.0,0.0,0.0,0.0,0.0,2002,radio,0.5
2,5,lr1e-04_bs32_modL1_fusion64_fusionL1_drop0p2_trmiss50_trlocradio,32,0.0001,1,64,1,0.2,lr1e-04_bs32_modL1_fusion64_fusionL1_drop0p2_trmiss50_trlocradio,56,0.32400505741437274,0.6049439609050751,0.6875,0.8109059694420262,0.6444444444444445,0.0,0.0,0.0,0.0,0.0,0.0,0.0,0.0,0.0,2002,radio,0.5
2,5,lr1e-04_bs32_modL1_fusion64_fusionL1_drop0p2_trmiss50_trlocradio,32,0.0001,1,64,1,0.2,lr1e-04_bs32_modL1_fusion64_fusionL1_drop0p2_trmiss50_trlocradio,57,0.3222155620654424,0.6057349741458893,0.6875,0.8124293969536791,0.6444444444444445,0.0,0.0,0.0,0.0,0.0,0.0,0.0,0.0,0.0,2002,radio,0.5
2,5,lr1e-04_bs32_modL1_fusion64_fusionL1_drop0p2_trmiss50_trlocradio,32,0.0001,1,64,1,0.2,lr1e-04_bs32_modL1_fusion64_fusionL1_drop0p2_trmiss50_trlocradio,58,0.33903928597768146,0.607622355222702,0.6961206896551724,0.819477334024105,0.6444444444444445,0.0,0.0,0.0,0.0,0.0,0.0,0.0,0.0,0.0,2002,radio,0.5
2,5,lr1e-04_bs32_modL1_fusion64_fusionL1_drop0p2_trmiss50_trlocradio,32,0.0001,1,64,1,0.2,lr1e-04_bs32_modL1_fusion64_fusionL1_drop0p2_trmiss50_trlocradio,59,0.3099444309870402,0.6051702797412872,0.6918103448275862,0.8161809080074214,0.6444444444444445,0.0,0.0,0.0,0.0,0.0,0.0,0.0,0.0,0.0,2002,radio,0.5
2,5,lr1e-04_bs32_modL1_fusion64_fusionL1_drop0p2_trmiss50_trlocradio,32,0.0001,1,64,1,0.2,lr1e-04_bs32_modL1_fusion64_fusionL1_drop0p2_trmiss50_trlocradio,60,0.3170807162920634,0.606728196144104,0.689655172413793,0.8140967852336434,0.6444444444444445,0.0,0.0,0.0,0.0,0.0,0.0,0.0,0.0,0.0,2002,radio,0.5
2,5,lr1e-04_bs32_modL1_fusion64_fusionL1_drop0p2_trmiss50_trlocradio,32,0.0001,1,64,1,0.2,lr1e-04_bs32_modL1_fusion64_fusionL1_drop0p2_trmiss50_trlocradio,61,0.3080776631832123,0.6053312122821808,0.6853448275862069,0.813122019252825,0.6444444444444445,0.0,0.0,0.0,0.0,0.0,0.0,0.0,0.0,0.0,2002,radio,0.5
2,5,lr1e-04_bs32_modL1_fusion64_fusionL1_drop0p2_trmiss50_trlocradio,32,0.0001,1,64,1,0.2,lr1e-04_bs32_modL1_fusion64_fusionL1_drop0p2_trmiss50_trlocradio,62,0.3118762969970703,0.6054468154907227,0.6853448275862069,0.8116329910396589,0.6444444444444445,0.0,0.0,0.0,0.0,0.0,0.0,0.0,0.0,0.0,2002,radio,0.5
2,5,lr1e-04_bs32_modL1_fusion64_fusionL1_drop0p2_trmiss50_trlocradio,32,0.0001,1,64,1,0.2,lr1e-04_bs32_modL1_fusion64_fusionL1_drop0p2_trmiss50_trlocradio,63,0.30505750079949695,0.6034529805183411,0.6875,0.815943335867245,0.6444444444444445,0.0,0.0,0.0,0.0,0.0,0.0,0.0,0.0,0.0,2002,radio,0.5
2,5,lr1e-04_bs32_modL1_fusion64_fusionL1_drop0p2_trmiss50_trlocradio,32,0.0001,1,64,1,0.2,lr1e-04_bs32_modL1_fusion64_fusionL1_drop0p2_trmiss50_trlocradio,64,0.3125758618116379,0.6058644652366638,0.6853448275862069,0.809873643440731,0.6222222222222222,0.0,0.0,0.0,0.0,0.0,0.0,0.0,0.0,0.0,2002,radio,0.5
2,5,lr1e-04_bs32_modL1_fusion64_fusionL1_drop0p2_trmiss50_trlocradio,32,0.0001,1,64,1,0.2,lr1e-04_bs32_modL1_fusion64_fusionL1_drop0p2_trmiss50_trlocradio,65,0.3030151079098384,0.6041861474514008,0.6875,0.8126949600551512,0.6444444444444445,0.0,0.0,0.0,0.0,0.0,0.0,0.0,0.0,0.0,2002,radio,0.5
2,5,lr1e-04_bs32_modL1_fusion64_fusionL1_drop0p1_trmiss50_trlocradio,32,0.0001,1,64,1,0.1,lr1e-04_bs32_modL1_fusion64_fusionL1_drop0p1_trmiss50_trlocradio,1,0.7176106870174408,0.6939919888973236,0.5668103448275862,0.7037235283618011,0.5111111111111111,0.0,0.0,0.0,0.0,0.0,0.0,0.0,0.0,0.0,2002,radio,0.5
2,5,lr1e-04_bs32_modL1_fusion64_fusionL1_drop0p1_trmiss50_trlocradio,32,0.0001,1,64,1,0.1,lr1e-04_bs32_modL1_fusion64_fusionL1_drop0p1_trmiss50_trlocradio,2,0.6677145262559255,0.6906759142875671,0.584051724137931,0.7204037450961724,0.5111111111111111,0.0,0.0,0.0,0.0,0.0,0.0,0.0,0.0,0.0,2002,radio,0.5
2,5,lr1e-04_bs32_modL1_fusion64_fusionL1_drop0p1_trmiss50_trlocradio,32,0.0001,1,64,1,0.1,lr1e-04_bs32_modL1_fusion64_fusionL1_drop0p1_trmiss50_trlocradio,3,0.6410269836584727,0.6866810321807861,0.5969827586206896,0.7322726839735936,0.5111111111111111,0.0,0.0,0.0,0.0,0.0,0.0,0.0,0.0,0.0,2002,radio,0.5
2,5,lr1e-04_bs32_modL1_fusion64_fusionL1_drop0p1_trmiss50_trlocradio,32,0.0001,1,64,1,0.1,lr1e-04_bs32_modL1_fusion64_fusionL1_drop0p1_trmiss50_trlocradio,4,0.6121887266635895,0.6812570691108704,0.5991379310344828,0.7396363120315766,0.5111111111111111,0.0,0.0,0.0,0.0,0.0,0.0,0.0,0.0,0.0,2002,radio,0.5
2,5,lr1e-04_bs32_modL1_fusion64_fusionL1_drop0p1_trmiss50_trlocradio,32,0.0001,1,64,1,0.1,lr1e-04_bs32_modL1_fusion64_fusionL1_drop0p1_trmiss50_trlocradio,5,0.6142362753550211,0.6776788830757141,0.6099137931034482,0.7376282297845947,0.5777777777777777,0.0,0.0,0.0,0.0,0.0,0.0,0.0,0.0,0.0,2002,radio,0.5
2,5,lr1e-04_bs32_modL1_fusion64_fusionL1_drop0p1_trmiss50_trlocradio,32,0.0001,1,64,1,0.1,lr1e-04_bs32_modL1_fusion64_fusionL1_drop0p1_trmiss50_trlocradio,6,0.5710318485895792,0.6731550097465515,0.6228448275862069,0.7483058787669304,0.6,0.0,0.0,0.0,0.0,0.0,0.0,0.0,0.0,0.0,2002,radio,0.5
2,5,lr1e-04_bs32_modL1_fusion64_fusionL1_drop0p1_trmiss50_trlocradio,32,0.0001,1,64,1,0.1,lr1e-04_bs32_modL1_fusion64_fusionL1_drop0p1_trmiss50_trlocradio,7,0.576066921154658,0.6716805100440979,0.625,0.7490112633863705,0.6,0.0,0.0,0.0,0.0,0.0,0.0,0.0,0.0,0.0,2002,radio,0.5
2,5,lr1e-04_bs32_modL1_fusion64_fusionL1_drop0p1_trmiss50_trlocradio,32,0.0001,1,64,1,0.1,lr1e-04_bs32_modL1_fusion64_fusionL1_drop0p1_trmiss50_trlocradio,8,0.554163008928299,0.6707811057567596,0.6336206896551725,0.7581201473536497,0.6222222222222222,0.0,0.0,0.0,0.0,0.0,0.0,0.0,0.0,0.0,2002,radio,0.5
2,5,lr1e-04_bs32_modL1_fusion64_fusionL1_drop0p1_trmiss50_trlocradio,32,0.0001,1,64,1,0.1,lr1e-04_bs32_modL1_fusion64_fusionL1_drop0p1_trmiss50_trlocradio,9,0.5434094866116842,0.6724474728107452,0.6379310344827586,0.7611663033986692,0.6222222222222222,0.0,0.0,0.0,0.0,0.0,0.0,0.0,0.0,0.0,2002,radio,0.5
2,5,lr1e-04_bs32_modL1_fusion64_fusionL1_drop0p1_trmiss50_trlocradio,32,0.0001,1,64,1,0.1,lr1e-04_bs32_modL1_fusion64_fusionL1_drop0p1_trmiss50_trlocradio,10,0.5391976634661356,0.6731854975223541,0.6249999999999999,0.7502313760447109,0.6222222222222222,0.0,0.0,0.0,0.0,0.0,0.0,0.0,0.0,0.0,2002,radio,0.5
2,5,lr1e-04_bs32_modL1_fusion64_fusionL1_drop0p1_trmiss50_trlocradio,32,0.0001,1,64,1,0.1,lr1e-04_bs32_modL1_fusion64_fusionL1_drop0p1_trmiss50_trlocradio,11,0.5070037444432577,0.6647952795028687,0.6422413793103449,0.7582893322853194,0.6666666666666666,0.0,0.0,0.0,0.0,0.0,0.0,0.0,0.0,0.0,2002,radio,0.5
2,5,lr1e-04_bs32_modL1_fusion64_fusionL1_drop0p1_trmiss50_trlocradio,32,0.0001,1,64,1,0.1,lr1e-04_bs32_modL1_fusion64_fusionL1_drop0p1_trmiss50_trlocradio,12,0.4896492858727773,0.6603913605213165,0.6443965517241379,0.7480149166212625,0.6666666666666666,0.0,0.0,0.0,0.0,0.0,0.0,0.0,0.0,0.0,2002,radio,0.5
2,5,lr1e-04_bs32_modL1_fusion64_fusionL1_drop0p1_trmiss50_trlocradio,32,0.0001,1,64,1,0.1,lr1e-04_bs32_modL1_fusion64_fusionL1_drop0p1_trmiss50_trlocradio,13,0.494470218817393,0.6598621010780334,0.6357758620689655,0.753335787562948,0.6444444444444445,0.0,0.0,0.0,0.0,0.0,0.0,0.0,0.0,0.0,2002,radio,0.5
2,5,lr1e-04_bs32_modL1_fusion64_fusionL1_drop0p1_trmiss50_trlocradio,32,0.0001,1,64,1,0.1,lr1e-04_bs32_modL1_fusion64_fusionL1_drop0p1_trmiss50_trlocradio,14,0.4718283514181773,0.656524270772934,0.6422413793103449,0.7582662345533194,0.5777777777777777,0.0,0.0,0.0,0.0,0.0,0.0,0.0,0.0,0.0,2002,radio,0.5
2,5,lr1e-04_bs32_modL1_fusion64_fusionL1_drop0p1_trmiss50_trlocradio,32,0.0001,1,64,1,0.1,lr1e-04_bs32_modL1_fusion64_fusionL1_drop0p1_trmiss50_trlocradio,15,0.446786696712176,0.6514070332050323,0.6400862068965517,0.7497708541669109,0.6444444444444445,0.0,0.0,0.0,0.0,0.0,0.0,0.0,0.0,0.0,2002,radio,0.5
2,5,lr1e-04_bs32_modL1_fusion64_fusionL1_drop0p1_trmiss50_trlocradio,32,0.0001,1,64,1,0.1,lr1e-04_bs32_modL1_fusion64_fusionL1_drop0p1_trmiss50_trlocradio,16,0.45320330560207367,0.6492013335227966,0.6422413793103449,0.7422819022334385,0.6222222222222222,0.0,0.0,0.0,0.0,0.0,0.0,0.0,0.0,0.0,2002,radio,0.5
2,5,lr1e-04_bs32_modL1_fusion64_fusionL1_drop0p1_trmiss50_trlocradio,32,0.0001,1,64,1,0.1,lr1e-04_bs32_modL1_fusion64_fusionL1_drop0p1_trmiss50_trlocradio,17,0.44900159041086835,0.6454137861728668,0.6616379310344828,0.7594268201811482,0.6222222222222222,0.0,0.0,0.0,0.0,0.0,0.0,0.0,0.0,0.0,2002,radio,0.5
2,5,lr1e-04_bs32_modL1_fusion64_fusionL1_drop0p1_trmiss50_trlocradio,32,0.0001,1,64,1,0.1,lr1e-04_bs32_modL1_fusion64_fusionL1_drop0p1_trmiss50_trlocradio,18,0.4275604337453842,0.6430156230926514,0.646551724137931,0.7398778184582334,0.6666666666666666,0.0,0.0,0.0,0.0,0.0,0.0,0.0,0.0,0.0,2002,radio,0.5
2,5,lr1e-04_bs32_modL1_fusion64_fusionL1_drop0p1_trmiss50_trlocradio,32,0.0001,1,64,1,0.1,lr1e-04_bs32_modL1_fusion64_fusionL1_drop0p1_trmiss50_trlocradio,19,0.42143938442071277,0.6450782418251038,0.6508620689655172,0.7407206927010789,0.6444444444444445,0.0,0.0,0.0,0.0,0.0,0.0,0.0,0.0,0.0,2002,radio,0.5
2,5,lr1e-04_bs32_modL1_fusion64_fusionL1_drop0p1_trmiss50_trlocradio,32,0.0001,1,64,1,0.1,lr1e-04_bs32_modL1_fusion64_fusionL1_drop0p1_trmiss50_trlocradio,20,0.4111884484688441,0.6476354002952576,0.6400862068965516,0.7389980750481235,0.6666666666666666,0.0,0.0,0.0,0.0,0.0,0.0,0.0,0.0,0.0,2002,radio,0.5
2,5,lr1e-04_bs32_modL1_fusion64_fusionL1_drop0p1_trmiss50_trlocradio,32,0.0001,1,64,1,0.1,lr1e-04_bs32_modL1_fusion64_fusionL1_drop0p1_trmiss50_trlocradio,21,0.40942610303560895,0.6507470607757568,0.6379310344827587,0.7372805505992149,0.6666666666666666,0.0,0.0,0.0,0.0,0.0,0.0,0.0,0.0,0.0,2002,radio,0.5
2,5,lr1e-04_bs32_modL1_fusion64_fusionL1_drop0p1_trmiss50_trlocradio,32,0.0001,1,64,1,0.1,lr1e-04_bs32_modL1_fusion64_fusionL1_drop0p1_trmiss50_trlocradio,22,0.37352000673611957,0.6456892490386963,0.6357758620689655,0.7314490449807125,0.6444444444444445,0.0,0.0,0.0,0.0,0.0,0.0,0.0,0.0,0.0,2002,radio,0.5
2,5,lr1e-04_bs32_modL1_fusion64_fusionL1_drop0p1_trmiss50_trlocradio,32,0.0001,1,64,1,0.1,lr1e-04_bs32_modL1_fusion64_fusionL1_drop0p1_trmiss50_trlocradio,23,0.3808613419532776,0.6401956379413605,0.6422413793103448,0.7355626694170705,0.6444444444444445,0.0,0.0,0.0,0.0,0.0,0.0,0.0,0.0,0.0,2002,radio,0.5
2,5,lr1e-04_bs32_modL1_fusion64_fusionL1_drop0p1_trmiss50_trlocradio,32,0.0001,1,64,1,0.1,lr1e-04_bs32_modL1_fusion64_fusionL1_drop0p1_trmiss50_trlocradio,24,0.37606842319170636,0.6356996893882751,0.6702586206896551,0.7711648485457921,0.6888888888888889,0.0,0.0,0.0,0.0,0.0,0.0,0.0,0.0,0.0,2002,radio,0.5
2,5,lr1e-04_bs32_modL1_fusion64_fusionL1_drop0p1_trmiss50_trlocradio,32,0.0001,1,64,1,0.1,lr1e-04_bs32_modL1_fusion64_fusionL1_drop0p1_trmiss50_trlocradio,25,0.35718896488348645,0.6357522308826447,0.6724137931034482,0.7738365554016872,0.6888888888888889,0.0,0.0,0.0,0.0,0.0,0.0,0.0,0.0,0.0,2002,radio,0.5
2,5,lr1e-04_bs32_modL1_fusion64_fusionL1_drop0p1_trmiss50_trlocradio,32,0.0001,1,64,1,0.1,lr1e-04_bs32_modL1_fusion64_fusionL1_drop0p1_trmiss50_trlocradio,26,0.3611678381760915,0.6361225843429565,0.6724137931034483,0.7691909266629656,0.6666666666666666,0.0,0.0,0.0,0.0,0.0,0.0,0.0,0.0,0.0,2002,radio,0.5
2,5,lr1e-04_bs32_modL1_fusion64_fusionL1_drop0p1_trmiss50_trlocradio,32,0.0001,1,64,1,0.1,lr1e-04_bs32_modL1_fusion64_fusionL1_drop0p1_trmiss50_trlocradio,27,0.3363483399152756,0.6385407149791718,0.6573275862068966,0.7470950083449378,0.6666666666666666,0.0,0.0,0.0,0.0,0.0,0.0,0.0,0.0,0.0,2002,radio,0.5
2,5,lr1e-04_bs32_modL1_fusion64_fusionL1_drop0p1_trmiss50_trlocradio,32,0.0001,1,64,1,0.1,lr1e-04_bs32_modL1_fusion64_fusionL1_drop0p1_trmiss50_trlocradio,28,0.35066355764865875,0.6461146473884583,0.6551724137931034,0.7436974527941269,0.6888888888888889,0.0,0.0,0.0,0.0,0.0,0.0,0.0,0.0,0.0,2002,radio,0.5
2,5,lr1e-04_bs32_modL1_fusion64_fusionL1_drop0p1_trmiss50_trlocradio,32,0.0001,1,64,1,0.1,lr1e-04_bs32_modL1_fusion64_fusionL1_drop0p1_trmiss50_trlocradio,29,0.32717224458853406,0.6397111713886261,0.6681034482758621,0.7473345027655329,0.6888888888888889,0.0,0.0,0.0,0.0,0.0,0.0,0.0,0.0,0.0,2002,radio,0.5
2,5,lr1e-04_bs32_modL1_fusion64_fusionL1_drop0p1_trmiss50_trlocradio,32,0.0001,1,64,1,0.1,lr1e-04_bs32_modL1_fusion64_fusionL1_drop0p1_trmiss50_trlocradio,30,0.3192370782295863,0.6409139931201935,0.6702586206896552,0.7468089870008624,0.6888888888888889,0.0,0.0,0.0,0.0,0.0,0.0,0.0,0.0,0.0,2002,radio,0.5
2,5,lr1e-04_bs32_modL1_fusion64_fusionL1_drop0p1_trmiss50_trlocradio,32,0.0001,1,64,1,0.1,lr1e-04_bs32_modL1_fusion64_fusionL1_drop0p1_trmiss50_trlocradio,31,0.3098331441481908,0.6384536027908325,0.6681034482758621,0.7476595372883575,0.7111111111111111,0.0,0.0,0.0,0.0,0.0,0.0,0.0,0.0,0.0,2002,radio,0.5
2,5,lr1e-04_bs32_modL1_fusion64_fusionL1_drop0p1_trmiss50_trlocradio,32,0.0001,1,64,1,0.1,lr1e-04_bs32_modL1_fusion64_fusionL1_drop0p1_trmiss50_trlocradio,32,0.32535336414972943,0.6403613090515137,0.6702586206896551,0.7510767068321619,0.7111111111111111,0.0,0.0,0.0,0.0,0.0,0.0,0.0,0.0,0.0,2002,radio,0.5
2,5,lr1e-04_bs32_modL1_fusion64_fusionL1_drop0p1_trmiss50_trlocradio,32,0.0001,1,64,1,0.1,lr1e-04_bs32_modL1_fusion64_fusionL1_drop0p1_trmiss50_trlocradio,33,0.3013216604789098,0.6355422139167786,0.6745689655172414,0.7612778562574493,0.7111111111111111,0.0,0.0,0.0,0.0,0.0,0.0,0.0,0.0,0.0,2002,radio,0.5
2,5,lr1e-04_bs32_modL1_fusion64_fusionL1_drop0p1_trmiss50_trlocradio,32,0.0001,1,64,1,0.1,lr1e-04_bs32_modL1_fusion64_fusionL1_drop0p1_trmiss50_trlocradio,34,0.2967124283313751,0.6353982388973236,0.6767241379310345,0.7627991544318915,0.7111111111111111,0.0,0.0,0.0,0.0,0.0,0.0,0.0,0.0,0.0,2002,radio,0.5
2,5,lr1e-04_bs32_modL1_fusion64_fusionL1_drop0p1_trmiss50_trlocradio,32,0.0001,1,64,1,0.1,lr1e-04_bs32_modL1_fusion64_fusionL1_drop0p1_trmiss50_trlocradio,35,0.30195897817611694,0.6319028735160828,0.6788793103448276,0.7648890185907212,0.7111111111111111,0.0,0.0,0.0,0.0,0.0,0.0,0.0,0.0,0.0,2002,radio,0.5
2,5,lr1e-04_bs32_modL1_fusion64_fusionL1_drop0p1_trmiss50_trlocradio,32,0.0001,1,64,1,0.1,lr1e-04_bs32_modL1_fusion64_fusionL1_drop0p1_trmiss50_trlocradio,36,0.28759872913360596,0.6312459707260132,0.6810344827586207,0.7698822162309212,0.7111111111111111,0.0,0.0,0.0,0.0,0.0,0.0,0.0,0.0,0.0,2002,radio,0.5
2,5,lr1e-04_bs32_modL1_fusion64_fusionL1_drop0p1_trmiss50_trlocradio,32,0.0001,1,64,1,0.1,lr1e-04_bs32_modL1_fusion64_fusionL1_drop0p1_trmiss50_trlocradio,37,0.2932224969069163,0.6323143839836121,0.6831896551724138,0.7697519717295364,0.7111111111111111,0.0,0.0,0.0,0.0,0.0,0.0,0.0,0.0,0.0,2002,radio,0.5
2,5,lr1e-04_bs32_modL1_fusion64_fusionL1_drop0p1_trmiss50_trlocradio,32,0.0001,1,64,1,0.1,lr1e-04_bs32_modL1_fusion64_fusionL1_drop0p1_trmiss50_trlocradio,38,0.295246218641599,0.6324383318424225,0.6788793103448276,0.7621583117765298,0.7111111111111111,0.0,0.0,0.0,0.0,0.0,0.0,0.0,0.0,0.0,2002,radio,0.5
2,5,lr1e-04_bs32_modL1_fusion64_fusionL1_drop0p1_trmiss50_trlocradio,32,0.0001,1,64,1,0.1,lr1e-04_bs32_modL1_fusion64_fusionL1_drop0p1_trmiss50_trlocradio,39,0.27844667931397754,0.6328789293766022,0.6745689655172414,0.7573780280155159,0.7333333333333333,0.0,0.0,0.0,0.0,0.0,0.0,0.0,0.0,0.0,2002,radio,0.5
2,5,lr1e-04_bs32_modL1_fusion64_fusionL1_drop0p1_trmiss50_trlocradio,32,0.0001,1,64,1,0.1,lr1e-04_bs32_modL1_fusion64_fusionL1_drop0p1_trmiss50_trlocradio,40,0.28999705115954083,0.6306931972503662,0.6788793103448276,0.7604797859600729,0.7111111111111111,0.0,0.0,0.0,0.0,0.0,0.0,0.0,0.0,0.0,2002,radio,0.5
2,5,lr1e-04_bs32_modL1_fusion64_fusionL1_drop0p1_trmiss50_trlocradio,32,0.0001,1,64,1,0.1,lr1e-04_bs32_modL1_fusion64_fusionL1_drop0p1_trmiss50_trlocradio,41,0.270043320953846,0.6298897862434387,0.6724137931034483,0.7618046111430502,0.7333333333333333,0.0,0.0,0.0,0.0,0.0,0.0,0.0,0.0,0.0,2002,radio,0.5
2,5,lr1e-04_bs32_modL1_fusion64_fusionL1_drop0p1_trmiss50_trlocradio,32,0.0001,1,64,1,0.1,lr1e-04_bs32_modL1_fusion64_fusionL1_drop0p1_trmiss50_trlocradio,42,0.2816021790107091,0.6326613426208496,0.6702586206896551,0.7552106228566845,0.7333333333333333,0.0,0.0,0.0,0.0,0.0,0.0,0.0,0.0,0.0,2002,radio,0.5
2,5,lr1e-04_bs32_modL1_fusion64_fusionL1_drop0p1_trmiss50_trlocradio,32,0.0001,1,64,1,0.1,lr1e-04_bs32_modL1_fusion64_fusionL1_drop0p1_trmiss50_trlocradio,43,0.2639670968055725,0.6349910795688629,0.6681034482758621,0.7565382539370379,0.7333333333333333,0.0,0.0,0.0,0.0,0.0,0.0,0.0,0.0,0.0,2002,radio,0.5
2,5,lr1e-04_bs32_modL1_fusion64_fusionL1_drop0p1_trmiss50_trlocradio,32,0.0001,1,64,1,0.1,lr1e-04_bs32_modL1_fusion64_fusionL1_drop0p1_trmiss50_trlocradio,44,0.27932482957839966,0.6306057274341583,0.6745689655172413,0.760567080630259,0.7333333333333333,0.0,0.0,0.0,0.0,0.0,0.0,0.0,0.0,0.0,2002,radio,0.5
2,5,lr1e-04_bs32_modL1_fusion64_fusionL1_drop0p1_trmiss50_trlocradio,32,0.0001,1,64,1,0.1,lr1e-04_bs32_modL1_fusion64_fusionL1_drop0p1_trmiss50_trlocradio,45,0.26475322743256885,0.6315760910511017,0.6745689655172413,0.7597861203039705,0.7333333333333333,0.0,0.0,0.0,0.0,0.0,0.0,0.0,0.0,0.0,2002,radio,0.5
2,5,lr1e-04_bs32_modL1_fusion64_fusionL1_drop0p1_trmiss50_trlocradio,32,0.0001,1,64,1,0.1,lr1e-04_bs32_modL1_fusion64_fusionL1_drop0p1_trmiss50_trlocradio,46,0.26102589815855026,0.6312692761421204,0.6831896551724137,0.7654306194829527,0.7333333333333333,0.0,0.0,0.0,0.0,0.0,0.0,0.0,0.0,0.0,2002,radio,0.5
2,5,lr1e-04_bs32_modL1_fusion64_fusionL1_drop0p1_trmiss50_trlocradio,32,0.0001,1,64,1,0.1,lr1e-04_bs32_modL1_fusion64_fusionL1_drop0p1_trmiss50_trlocradio,47,0.2679341609279315,0.626049280166626,0.6831896551724138,0.7652826161534171,0.7333333333333333,0.0,0.0,0.0,0.0,0.0,0.0,0.0,0.0,0.0,2002,radio,0.5
2,5,lr1e-04_bs32_modL1_fusion64_fusionL1_drop0p1_trmiss50_trlocradio,32,0.0001,1,64,1,0.1,lr1e-04_bs32_modL1_fusion64_fusionL1_drop0p1_trmiss50_trlocradio,48,0.2541583701968193,0.6271012425422668,0.6831896551724138,0.7760729498899983,0.7111111111111111,0.0,0.0,0.0,0.0,0.0,0.0,0.0,0.0,0.0,2002,radio,0.5
2,5,lr1e-04_bs32_modL1_fusion64_fusionL1_drop0p1_trmiss50_trlocradio,32,0.0001,1,64,1,0.1,lr1e-04_bs32_modL1_fusion64_fusionL1_drop0p1_trmiss50_trlocradio,49,0.2615937292575836,0.6292678415775299,0.6831896551724138,0.7692069246035876,0.7333333333333333,0.0,0.0,0.0,0.0,0.0,0.0,0.0,0.0,0.0,2002,radio,0.5
2,5,lr1e-04_bs32_modL1_fusion64_fusionL1_drop0p1_trmiss50_trlocradio,32,0.0001,1,64,1,0.1,lr1e-04_bs32_modL1_fusion64_fusionL1_drop0p1_trmiss50_trlocradio,50,0.23940768341223398,0.6317925453186035,0.6788793103448276,0.7621985459549542,0.7111111111111111,0.0,0.0,0.0,0.0,0.0,0.0,0.0,0.0,0.0,2002,radio,0.5
2,5,lr1e-04_bs32_modL1_fusion64_fusionL1_drop0p1_trmiss50_trlocradio,32,0.0001,1,64,1,0.1,lr1e-04_bs32_modL1_fusion64_fusionL1_drop0p1_trmiss50_trlocradio,51,0.2446754996975263,0.6290639340877533,0.6810344827586208,0.7619572389185153,0.7111111111111111,0.0,0.0,0.0,0.0,0.0,0.0,0.0,0.0,0.0,2002,radio,0.5
2,5,lr1e-04_bs32_modL1_fusion64_fusionL1_drop0p1_trmiss50_trlocradio,32,0.0001,1,64,1,0.1,lr1e-04_bs32_modL1_fusion64_fusionL1_drop0p1_trmiss50_trlocradio,52,0.23668735722700754,0.6258202493190765,0.6853448275862069,0.7776484943418821,0.7111111111111111,0.0,0.0,0.0,0.0,0.0,0.0,0.0,0.0,0.0,2002,radio,0.5
2,5,lr1e-04_bs32_modL1_fusion64_fusionL1_drop0p1_trmiss50_trlocradio,32,0.0001,1,64,1,0.1,lr1e-04_bs32_modL1_fusion64_fusionL1_drop0p1_trmiss50_trlocradio,53,0.24227389941612879,0.6207607388496399,0.6939655172413793,0.7865931936121144,0.7111111111111111,0.0,0.0,0.0,0.0,0.0,0.0,0.0,0.0,0.0,2002,radio,0.5
2,5,lr1e-04_bs32_modL1_fusion64_fusionL1_drop0p1_trmiss50_trlocradio,32,0.0001,1,64,1,0.1,lr1e-04_bs32_modL1_fusion64_fusionL1_drop0p1_trmiss50_trlocradio,54,0.23417423417170843,0.6193253397941589,0.6982758620689655,0.7830841463150346,0.7111111111111111,0.0,0.0,0.0,0.0,0.0,0.0,0.0,0.0,0.0,2002,radio,0.5
2,5,lr1e-04_bs32_modL1_fusion64_fusionL1_drop0p1_trmiss50_trlocradio,32,0.0001,1,64,1,0.1,lr1e-04_bs32_modL1_fusion64_fusionL1_drop0p1_trmiss50_trlocradio,55,0.24083300679922104,0.6219184398651123,0.6939655172413793,0.7811728229271777,0.7111111111111111,0.0,0.0,0.0,0.0,0.0,0.0,0.0,0.0,0.0,2002,radio,0.5
2,5,lr1e-04_bs32_modL1_fusion64_fusionL1_drop0p1_trmiss50_trlocradio,32,0.0001,1,64,1,0.1,lr1e-04_bs32_modL1_fusion64_fusionL1_drop0p1_trmiss50_trlocradio,56,0.23796584457159042,0.6244803667068481,0.6896551724137931,0.7807333367878945,0.7111111111111111,0.0,0.0,0.0,0.0,0.0,0.0,0.0,0.0,0.0,2002,radio,0.5
2,5,lr1e-04_bs32_modL1_fusion64_fusionL1_drop0p1_trmiss50_trlocradio,32,0.0001,1,64,1,0.1,lr1e-04_bs32_modL1_fusion64_fusionL1_drop0p1_trmiss50_trlocradio,57,0.22783786803483963,0.6239637732505798,0.6918103448275862,0.7797795486138852,0.7111111111111111,0.0,0.0,0.0,0.0,0.0,0.0,0.0,0.0,0.0,2002,radio,0.5
2,5,lr1e-04_bs32_modL1_fusion64_fusionL1_drop0p1_trmiss50_trlocradio,32,0.0001,1,64,1,0.1,lr1e-04_bs32_modL1_fusion64_fusionL1_drop0p1_trmiss50_trlocradio,58,0.2251259610056877,0.6247707903385162,0.6875,0.7719713837308096,0.7111111111111111,0.0,0.0,0.0,0.0,0.0,0.0,0.0,0.0,0.0,2002,radio,0.5
2,5,lr1e-04_bs32_modL1_fusion64_fusionL1_drop0p1_trmiss50_trlocradio,32,0.0001,1,64,1,0.1,lr1e-04_bs32_modL1_fusion64_fusionL1_drop0p1_trmiss50_trlocradio,59,0.21778203547000885,0.6257023215293884,0.6788793103448275,0.7491712257427752,0.7111111111111111,0.0,0.0,0.0,0.0,0.0,0.0,0.0,0.0,0.0,2002,radio,0.5
2,5,lr1e-04_bs32_modL1_fusion64_fusionL1_drop0p1_trmiss50_trlocradio,32,0.0001,1,64,1,0.1,lr1e-04_bs32_modL1_fusion64_fusionL1_drop0p1_trmiss50_trlocradio,60,0.2185387263695399,0.6295283436775208,0.6810344827586207,0.7510658828098462,0.7111111111111111,0.0,0.0,0.0,0.0,0.0,0.0,0.0,0.0,0.0,2002,radio,0.5
2,5,lr1e-04_bs32_modL1_fusion64_fusionL1_drop0p1_trmiss50_trlocradio,32,0.0001,1,64,1,0.1,lr1e-04_bs32_modL1_fusion64_fusionL1_drop0p1_trmiss50_trlocradio,61,0.21532513946294785,0.6307566463947296,0.6831896551724138,0.7520798556258212,0.7111111111111111,0.0,0.0,0.0,0.0,0.0,0.0,0.0,0.0,0.0,2002,radio,0.5
2,5,lr1e-04_bs32_modL1_fusion64_fusionL1_drop0p1_trmiss50_trlocradio,32,0.0001,1,64,1,0.1,lr1e-04_bs32_modL1_fusion64_fusionL1_drop0p1_trmiss50_trlocradio,62,0.21775604536135992,0.6298996210098267,0.6831896551724138,0.7520798556258212,0.7111111111111111,0.0,0.0,0.0,0.0,0.0,0.0,0.0,0.0,0.0,2002,radio,0.5
2,5,lr1e-04_bs32_modL1_fusion64_fusionL1_drop0p1_trmiss50_trlocradio,32,0.0001,1,64,1,0.1,lr1e-04_bs32_modL1_fusion64_fusionL1_drop0p1_trmiss50_trlocradio,63,0.22395867109298706,0.6264729201793671,0.6745689655172413,0.7489998694600535,0.7111111111111111,0.0,0.0,0.0,0.0,0.0,0.0,0.0,0.0,0.0,2002,radio,0.5
2,5,lr1e-04_bs32_modL1_fusion64_fusionL1_drop0p1_trmiss50_trlocradio,32,0.0001,1,64,1,0.1,lr1e-04_bs32_modL1_fusion64_fusionL1_drop0p1_trmiss50_trlocradio,64,0.21253089855114618,0.629565566778183,0.6853448275862069,0.7558094509122115,0.6888888888888889,0.0,0.0,0.0,0.0,0.0,0.0,0.0,0.0,0.0,2002,radio,0.5
2,5,lr1e-04_bs32_modL1_fusion64_fusionL1_drop0p1_trmiss50_trlocradio,32,0.0001,1,64,1,0.1,lr1e-04_bs32_modL1_fusion64_fusionL1_drop0p1_trmiss50_trlocradio,65,0.2169009397427241,0.6291612982749939,0.6767241379310345,0.7518734326784442,0.7333333333333333,0.0,0.0,0.0,0.0,0.0,0.0,0.0,0.0,0.0,2002,radio,0.5
2,5,lr1e-04_bs32_modL1_fusion64_fusionL1_drop0p1_trmiss50_trlocradio,32,0.0001,1,64,1,0.1,lr1e-04_bs32_modL1_fusion64_fusionL1_drop0p1_trmiss50_trlocradio,66,0.2174844096104304,0.6238875687122345,0.685344827586207,0.7569109834792616,0.7111111111111111,0.0,0.0,0.0,0.0,0.0,0.0,0.0,0.0,0.0,2002,radio,0.5
2,5,lr1e-04_bs32_modL1_fusion64_fusionL1_drop0p1_trmiss50_trlocradio,32,0.0001,1,64,1,0.1,lr1e-04_bs32_modL1_fusion64_fusionL1_drop0p1_trmiss50_trlocradio,67,0.21016365786393484,0.6228731572628021,0.6875,0.7578225966381993,0.7111111111111111,0.0,0.0,0.0,0.0,0.0,0.0,0.0,0.0,0.0,2002,radio,0.5
2,5,lr1e-04_bs32_modL1_fusion64_fusionL1_drop0p1_trmiss50_trlocradio,32,0.0001,1,64,1,0.1,lr1e-04_bs32_modL1_fusion64_fusionL1_drop0p1_trmiss50_trlocradio,68,0.20853175471226373,0.6243627071380615,0.685344827586207,0.7569109834792616,0.7111111111111111,0.0,0.0,0.0,0.0,0.0,0.0,0.0,0.0,0.0,2002,radio,0.5
2,5,lr1e-04_bs32_modL1_fusion64_fusionL1_drop0p1_trmiss50_trlocradio,32,0.0001,1,64,1,0.1,lr1e-04_bs32_modL1_fusion64_fusionL1_drop0p1_trmiss50_trlocradio,69,0.21575346837441126,0.6268255114555359,0.685344827586207,0.7569109834792616,0.7111111111111111,0.0,0.0,0.0,0.0,0.0,0.0,0.0,0.0,0.0,2002,radio,0.5
2,5,lr1e-04_bs32_modL1_fusion64_fusionL1_drop0p1_trmiss50_trlocradio,32,0.0001,1,64,1,0.1,lr1e-04_bs32_modL1_fusion64_fusionL1_drop0p1_trmiss50_trlocradio,70,0.2122731332977613,0.628222644329071,0.685344827586207,0.754953418844212,0.7111111111111111,0.0,0.0,0.0,0.0,0.0,0.0,0.0,0.0,0.0,2002,radio,0.5
2,5,lr1e-04_bs32_modL1_fusion64_fusionL1_drop0p1_trmiss50_trlocradio,32,0.0001,1,64,1,0.1,lr1e-04_bs32_modL1_fusion64_fusionL1_drop0p1_trmiss50_trlocradio,71,0.2153193106253942,0.6290251910686493,0.6831896551724138,0.7520139277479454,0.7111111111111111,0.0,0.0,0.0,0.0,0.0,0.0,0.0,0.0,0.0,2002,radio,0.5
2,5,lr1e-04_bs32_modL1_fusion64_fusionL1_drop0p1_trmiss50_trlocradio,32,0.0001,1,64,1,0.1,lr1e-04_bs32_modL1_fusion64_fusionL1_drop0p1_trmiss50_trlocradio,72,0.2036261186003685,0.6293777525424957,0.6788793103448276,0.7503927959298626,0.7111111111111111,0.0,0.0,0.0,0.0,0.0,0.0,0.0,0.0,0.0,2002,radio,0.5
2,5,lr1e-04_bs32_modL1_fusion64_fusionL1_drop0p1_trmiss50_trlocradio,32,0.0001,1,64,1,0.1,lr1e-04_bs32_modL1_fusion64_fusionL1_drop0p1_trmiss50_trlocradio,73,0.21853823214769363,0.6293177902698517,0.6810344827586207,0.7511611283411972,0.7111111111111111,0.0,0.0,0.0,0.0,0.0,0.0,0.0,0.0,0.0,2002,radio,0.5
2,5,lr1e-04_bs32_modL1_fusion64_fusionL1_drop0p1_trmiss50_trlocradio,32,0.0001,1,64,1,0.1,lr1e-04_bs32_modL1_fusion64_fusionL1_drop0p1_trmiss50_trlocradio,74,0.21166981756687164,0.6308868527412415,0.6788793103448276,0.7503927959298626,0.7111111111111111,0.0,0.0,0.0,0.0,0.0,0.0,0.0,0.0,0.0,2002,radio,0.5
3,1,lr5e-05_bs16_modL1_fusion32_fusionL1_drop0p2_trmiss50_trlocradio,16,5e-05,1,32,1,0.2,lr5e-05_bs16_modL1_fusion32_fusionL1_drop0p2_trmiss50_trlocradio,1,0.6509954134623209,0.661401629447937,0.6638655462184875,0.7665055450248324,0.6,0.0,0.0,0.0,0.0,0.0,0.0,0.0,0.0,0.0,2002,radio,0.5
3,1,lr5e-05_bs16_modL1_fusion32_fusionL1_drop0p2_trmiss50_trlocradio,16,5e-05,1,32,1,0.2,lr5e-05_bs16_modL1_fusion32_fusionL1_drop0p2_trmiss50_trlocradio,2,0.6506341447432836,0.6577764948209127,0.6596638655462185,0.7667676303696703,0.6222222222222222,0.0,0.0,0.0,0.0,0.0,0.0,0.0,0.0,0.0,2002,radio,0.5
3,1,lr5e-05_bs16_modL1_fusion32_fusionL1_drop0p2_trmiss50_trlocradio,16,5e-05,1,32,1,0.2,lr5e-05_bs16_modL1_fusion32_fusionL1_drop0p2_trmiss50_trlocradio,3,0.607765756547451,0.6578550338745117,0.6260504201680672,0.7482660722185107,0.6222222222222222,0.0,0.0,0.0,0.0,0.0,0.0,0.0,0.0,0.0,2002,radio,0.5
3,1,lr5e-05_bs16_modL1_fusion32_fusionL1_drop0p2_trmiss50_trlocradio,16,5e-05,1,32,1,0.2,lr5e-05_bs16_modL1_fusion32_fusionL1_drop0p2_trmiss50_trlocradio,4,0.6057249729832014,0.656059722105662,0.6302521008403361,0.7516986502723293,0.6222222222222222,0.0,0.0,0.0,0.0,0.0,0.0,0.0,0.0,0.0,2002,radio,0.5
3,1,lr5e-05_bs16_modL1_fusion32_fusionL1_drop0p2_trmiss50_trlocradio,16,5e-05,1,32,1,0.2,lr5e-05_bs16_modL1_fusion32_fusionL1_drop0p2_trmiss50_trlocradio,5,0.5977463747064272,0.6570850809415182,0.6134453781512605,0.7323850209034128,0.6222222222222222,0.0,0.0,0.0,0.0,0.0,0.0,0.0,0.0,0.0,2002,radio,0.5
3,1,lr5e-05_bs16_modL1_fusion32_fusionL1_drop0p2_trmiss50_trlocradio,16,5e-05,1,32,1,0.2,lr5e-05_bs16_modL1_fusion32_fusionL1_drop0p2_trmiss50_trlocradio,6,0.5918717980384827,0.6562843322753906,0.611344537815126,0.7223624821655488,0.6444444444444445,0.0,0.0,0.0,0.0,0.0,0.0,0.0,0.0,0.0,2002,radio,0.5
3,1,lr5e-05_bs16_modL1_fusion32_fusionL1_drop0p2_trmiss50_trlocradio,16,5e-05,1,32,1,0.2,lr5e-05_bs16_modL1_fusion32_fusionL1_drop0p2_trmiss50_trlocradio,7,0.5904658337434133,0.6468721230824789,0.6407563025210085,0.7478189514291942,0.6222222222222222,0.0,0.0,0.0,0.0,0.0,0.0,0.0,0.0,0.0,2002,radio,0.5
3,1,lr5e-05_bs16_modL1_fusion32_fusionL1_drop0p2_trmiss50_trlocradio,16,5e-05,1,32,1,0.2,lr5e-05_bs16_modL1_fusion32_fusionL1_drop0p2_trmiss50_trlocradio,8,0.5603983749945959,0.6586443384488424,0.5861344537815125,0.7138907649094329,0.6222222222222222,0.0,0.0,0.0,0.0,0.0,0.0,0.0,0.0,0.0,2002,radio,0.5
3,1,lr5e-05_bs16_modL1_fusion32_fusionL1_drop0p2_trmiss50_trlocradio,16,5e-05,1,32,1,0.2,lr5e-05_bs16_modL1_fusion32_fusionL1_drop0p2_trmiss50_trlocradio,9,0.5479469622174898,0.6616774002710978,0.5966386554621849,0.7158202572738923,0.6,0.0,0.0,0.0,0.0,0.0,0.0,0.0,0.0,0.0,2002,radio,0.5
3,1,lr5e-05_bs16_modL1_fusion32_fusionL1_drop0p2_trmiss50_trlocradio,16,5e-05,1,32,1,0.2,lr5e-05_bs16_modL1_fusion32_fusionL1_drop0p2_trmiss50_trlocradio,10,0.5487069090207418,0.660651703675588,0.5966386554621849,0.7201047963637701,0.6,0.0,0.0,0.0,0.0,0.0,0.0,0.0,0.0,0.0,2002,radio,0.5
3,1,lr5e-05_bs16_modL1_fusion32_fusionL1_drop0p2_trmiss50_trlocradio,16,5e-05,1,32,1,0.2,lr5e-05_bs16_modL1_fusion32_fusionL1_drop0p2_trmiss50_trlocradio,11,0.5297627920905749,0.6599148710568746,0.6050420168067228,0.7223079872889833,0.6222222222222222,0.0,0.0,0.0,0.0,0.0,0.0,0.0,0.0,0.0,2002,radio,0.5
3,1,lr5e-05_bs16_modL1_fusion32_fusionL1_drop0p2_trmiss50_trlocradio,16,5e-05,1,32,1,0.2,lr5e-05_bs16_modL1_fusion32_fusionL1_drop0p2_trmiss50_trlocradio,12,0.5215582276384035,0.6562158862749735,0.6008403361344539,0.7200440674045073,0.6222222222222222,0.0,0.0,0.0,0.0,0.0,0.0,0.0,0.0,0.0,2002,radio,0.5
3,1,lr5e-05_bs16_modL1_fusion32_fusionL1_drop0p2_trmiss50_trlocradio,16,5e-05,1,32,1,0.2,lr5e-05_bs16_modL1_fusion32_fusionL1_drop0p2_trmiss50_trlocradio,13,0.5274599889914194,0.656391421953837,0.6092436974789915,0.7215346554187455,0.6222222222222222,0.0,0.0,0.0,0.0,0.0,0.0,0.0,0.0,0.0,2002,radio,0.5
3,1,lr5e-05_bs16_modL1_fusion32_fusionL1_drop0p2_trmiss50_trlocradio,16,5e-05,1,32,1,0.2,lr5e-05_bs16_modL1_fusion32_fusionL1_drop0p2_trmiss50_trlocradio,14,0.5210789069533348,0.6597641905148824,0.596638655462185,0.7142803712019451,0.6444444444444445,0.0,0.0,0.0,0.0,0.0,0.0,0.0,0.0,0.0,2002,radio,0.5
3,1,lr5e-05_bs16_modL1_fusion32_fusionL1_drop0p2_trmiss50_trlocradio,16,5e-05,1,32,1,0.2,lr5e-05_bs16_modL1_fusion32_fusionL1_drop0p2_trmiss50_trlocradio,15,0.48656753698984784,0.6605772574742635,0.6029411764705883,0.7178903798054206,0.6,0.0,0.0,0.0,0.0,0.0,0.0,0.0,0.0,0.0,2002,radio,0.5
3,1,lr5e-05_bs16_modL1_fusion32_fusionL1_drop0p2_trmiss50_trlocradio,16,5e-05,1,32,1,0.2,lr5e-05_bs16_modL1_fusion32_fusionL1_drop0p2_trmiss50_trlocradio,16,0.51897032558918,0.6634943882624308,0.596638655462185,0.7109670966167487,0.6444444444444445,0.0,0.0,0.0,0.0,0.0,0.0,0.0,0.0,0.0,2002,radio,0.5
3,1,lr5e-05_bs16_modL1_fusion32_fusionL1_drop0p2_trmiss50_trlocradio,16,5e-05,1,32,1,0.2,lr5e-05_bs16_modL1_fusion32_fusionL1_drop0p2_trmiss50_trlocradio,17,0.5109728251894315,0.664929191271464,0.5924369747899161,0.7117414602793111,0.6444444444444445,0.0,0.0,0.0,0.0,0.0,0.0,0.0,0.0,0.0,2002,radio,0.5
3,1,lr5e-05_bs16_modL1_fusion32_fusionL1_drop0p2_trmiss50_trlocradio,16,5e-05,1,32,1,0.2,lr5e-05_bs16_modL1_fusion32_fusionL1_drop0p2_trmiss50_trlocradio,18,0.508098766207695,0.6657251914342245,0.5840336134453781,0.6990194621245948,0.6222222222222222,0.0,0.0,0.0,0.0,0.0,0.0,0.0,0.0,0.0,2002,radio,0.5
3,1,lr5e-05_bs16_modL1_fusion32_fusionL1_drop0p2_trmiss50_trlocradio,16,5e-05,1,32,1,0.2,lr5e-05_bs16_modL1_fusion32_fusionL1_drop0p2_trmiss50_trlocradio,19,0.5055510625243187,0.66597447792689,0.5777310924369747,0.6972874255033055,0.6,0.0,0.0,0.0,0.0,0.0,0.0,0.0,0.0,0.0,2002,radio,0.5
3,1,lr5e-05_bs16_modL1_fusion32_fusionL1_drop0p2_trmiss50_trlocradio,16,5e-05,1,32,1,0.2,lr5e-05_bs16_modL1_fusion32_fusionL1_drop0p2_trmiss50_trlocradio,20,0.49148333569367725,0.6681381861368815,0.5798319327731092,0.6997297840256619,0.6222222222222222,0.0,0.0,0.0,0.0,0.0,0.0,0.0,0.0,0.0,2002,radio,0.5
3,1,lr5e-05_bs16_modL1_fusion32_fusionL1_drop0p2_trmiss50_trlocradio,16,5e-05,1,32,1,0.2,lr5e-05_bs16_modL1_fusion32_fusionL1_drop0p2_trmiss50_trlocradio,21,0.49551278352737427,0.6649446288744608,0.5882352941176471,0.7089284387835255,0.6222222222222222,0.0,0.0,0.0,0.0,0.0,0.0,0.0,0.0,0.0,2002,radio,0.5
3,1,lr5e-05_bs16_modL1_fusion32_fusionL1_drop0p2_trmiss50_trlocradio,16,5e-05,1,32,1,0.2,lr5e-05_bs16_modL1_fusion32_fusionL1_drop0p2_trmiss50_trlocradio,22,0.49667426695426303,0.6643683115641276,0.5819327731092436,0.7051140722811892,0.6,0.0,0.0,0.0,0.0,0.0,0.0,0.0,0.0,0.0,2002,radio,0.5
3,1,lr5e-05_bs16_modL1_fusion32_fusionL1_drop0p2_trmiss50_trlocradio,16,5e-05,1,32,1,0.2,lr5e-05_bs16_modL1_fusion32_fusionL1_drop0p2_trmiss50_trlocradio,23,0.4963352431853612,0.6625697612762451,0.5987394957983194,0.7110294685623928,0.6222222222222222,0.0,0.0,0.0,0.0,0.0,0.0,0.0,0.0,0.0,2002,radio,0.5
3,1,lr5e-05_bs16_modL1_fusion32_fusionL1_drop0p2_trmiss50_trlocradio,16,5e-05,1,32,1,0.2,lr5e-05_bs16_modL1_fusion32_fusionL1_drop0p2_trmiss50_trlocradio,24,0.49452582995096844,0.6666059096654257,0.5840336134453782,0.699370795263426,0.6222222222222222,0.0,0.0,0.0,0.0,0.0,0.0,0.0,0.0,0.0,2002,radio,0.5
3,1,lr5e-05_bs16_modL1_fusion32_fusionL1_drop0p2_trmiss50_trlocradio,16,5e-05,1,32,1,0.2,lr5e-05_bs16_modL1_fusion32_fusionL1_drop0p2_trmiss50_trlocradio,25,0.4983618880311648,0.6629392504692078,0.5819327731092436,0.6992711457795402,0.6,0.0,0.0,0.0,0.0,0.0,0.0,0.0,0.0,0.0,2002,radio,0.5
3,1,lr5e-05_bs16_modL1_fusion32_fusionL1_drop0p2_trmiss50_trlocradio,16,5e-05,1,32,1,0.2,lr5e-05_bs16_modL1_fusion32_fusionL1_drop0p2_trmiss50_trlocradio,26,0.5050829723477364,0.6656381885210673,0.5819327731092437,0.6982587546466272,0.6444444444444445,0.0,0.0,0.0,0.0,0.0,0.0,0.0,0.0,0.0,2002,radio,0.5
3,1,lr5e-05_bs16_modL1_fusion32_fusionL1_drop0p2_trmiss50_trlocradio,16,5e-05,1,32,1,0.2,lr5e-05_bs16_modL1_fusion32_fusionL1_drop0p2_trmiss50_trlocradio,27,0.48496798674265545,0.6676098306973776,0.5672268907563025,0.6869134074750416,0.6,0.0,0.0,0.0,0.0,0.0,0.0,0.0,0.0,0.0,2002,radio,0.5
3,1,lr5e-05_bs16_modL1_fusion32_fusionL1_drop0p1_trmiss50_trlocradio,16,5e-05,1,32,1,0.1,lr5e-05_bs16_modL1_fusion32_fusionL1_drop0p1_trmiss50_trlocradio,1,0.6961822013060252,0.7092229922612509,0.4159663865546218,0.5839779983364948,0.4444444444444444,0.0,0.0,0.0,0.0,0.0,0.0,0.0,0.0,0.0,2002,radio,0.5
3,1,lr5e-05_bs16_modL1_fusion32_fusionL1_drop0p1_trmiss50_trlocradio,16,5e-05,1,32,1,0.1,lr5e-05_bs16_modL1_fusion32_fusionL1_drop0p1_trmiss50_trlocradio,2,0.6552753746509552,0.723507026831309,0.4495798319327731,0.5842036098251884,0.4666666666666667,0.0,0.0,0.0,0.0,0.0,0.0,0.0,0.0,0.0,2002,radio,0.5
3,1,lr5e-05_bs16_modL1_fusion32_fusionL1_drop0p1_trmiss50_trlocradio,16,5e-05,1,32,1,0.1,lr5e-05_bs16_modL1_fusion32_fusionL1_drop0p1_trmiss50_trlocradio,3,0.6481129229068756,0.7270449995994568,0.4621848739495798,0.5940696633011039,0.5333333333333333,0.0,0.0,0.0,0.0,0.0,0.0,0.0,0.0,0.0,2002,radio,0.5
3,1,lr5e-05_bs16_modL1_fusion32_fusionL1_drop0p1_trmiss50_trlocradio,16,5e-05,1,32,1,0.1,lr5e-05_bs16_modL1_fusion32_fusionL1_drop0p1_trmiss50_trlocradio,4,0.6299611081679662,0.7293453216552734,0.45588235294117646,0.6090887534479,0.5111111111111111,0.0,0.0,0.0,0.0,0.0,0.0,0.0,0.0,0.0,2002,radio,0.5
3,1,lr5e-05_bs16_modL1_fusion32_fusionL1_drop0p1_trmiss50_trlocradio,16,5e-05,1,32,1,0.1,lr5e-05_bs16_modL1_fusion32_fusionL1_drop0p1_trmiss50_trlocradio,5,0.6010867456595103,0.7323618133862814,0.45588235294117646,0.5965168632114918,0.4888888888888889,0.0,0.0,0.0,0.0,0.0,0.0,0.0,0.0,0.0,2002,radio,0.5
3,1,lr5e-05_bs16_modL1_fusion32_fusionL1_drop0p1_trmiss50_trlocradio,16,5e-05,1,32,1,0.1,lr5e-05_bs16_modL1_fusion32_fusionL1_drop0p1_trmiss50_trlocradio,6,0.5864676286776861,0.733592689037323,0.44957983193277307,0.5936752098168738,0.5111111111111111,0.0,0.0,0.0,0.0,0.0,0.0,0.0,0.0,0.0,2002,radio,0.5
3,1,lr5e-05_bs16_modL1_fusion32_fusionL1_drop0p1_trmiss50_trlocradio,16,5e-05,1,32,1,0.1,lr5e-05_bs16_modL1_fusion32_fusionL1_drop0p1_trmiss50_trlocradio,7,0.5774191369613012,0.7437514662742615,0.4390756302521009,0.5884017686194631,0.5111111111111111,0.0,0.0,0.0,0.0,0.0,0.0,0.0,0.0,0.0,2002,radio,0.5
3,1,lr5e-05_bs16_modL1_fusion32_fusionL1_drop0p1_trmiss50_trlocradio,16,5e-05,1,32,1,0.1,lr5e-05_bs16_modL1_fusion32_fusionL1_drop0p1_trmiss50_trlocradio,8,0.5890083561340967,0.7454606294631958,0.42436974789915966,0.576141498292999,0.4888888888888889,0.0,0.0,0.0,0.0,0.0,0.0,0.0,0.0,0.0,2002,radio,0.5
3,1,lr5e-05_bs16_modL1_fusion32_fusionL1_drop0p1_trmiss50_trlocradio,16,5e-05,1,32,1,0.1,lr5e-05_bs16_modL1_fusion32_fusionL1_drop0p1_trmiss50_trlocradio,9,0.5839452743530273,0.7404207785924276,0.42016806722689076,0.5726868964373553,0.5111111111111111,0.0,0.0,0.0,0.0,0.0,0.0,0.0,0.0,0.0,2002,radio,0.5
3,1,lr5e-05_bs16_modL1_fusion32_fusionL1_drop0p1_trmiss50_trlocradio,16,5e-05,1,32,1,0.1,lr5e-05_bs16_modL1_fusion32_fusionL1_drop0p1_trmiss50_trlocradio,10,0.5584249844153722,0.7404283682505289,0.4285714285714286,0.579176313679878,0.5111111111111111,0.0,0.0,0.0,0.0,0.0,0.0,0.0,0.0,0.0,2002,radio,0.5
3,1,lr5e-05_bs16_modL1_fusion32_fusionL1_drop0p1_trmiss50_trlocradio,16,5e-05,1,32,1,0.1,lr5e-05_bs16_modL1_fusion32_fusionL1_drop0p1_trmiss50_trlocradio,11,0.5609082877635956,0.7386997938156128,0.42436974789915966,0.5831392601074152,0.5555555555555556,0.0,0.0,0.0,0.0,0.0,0.0,0.0,0.0,0.0,2002,radio,0.5
3,1,lr5e-05_bs16_modL1_fusion32_fusionL1_drop0p1_trmiss50_trlocradio,16,5e-05,1,32,1,0.1,lr5e-05_bs16_modL1_fusion32_fusionL1_drop0p1_trmiss50_trlocradio,12,0.5723667293787003,0.7376962900161743,0.4390756302521009,0.5971714200132134,0.5111111111111111,0.0,0.0,0.0,0.0,0.0,0.0,0.0,0.0,0.0,2002,radio,0.5
3,1,lr5e-05_bs16_modL1_fusion32_fusionL1_drop0p1_trmiss50_trlocradio,16,5e-05,1,32,1,0.1,lr5e-05_bs16_modL1_fusion32_fusionL1_drop0p1_trmiss50_trlocradio,13,0.5538331717252731,0.7257026036580404,0.4579831932773109,0.6118923766673191,0.4888888888888889,0.0,0.0,0.0,0.0,0.0,0.0,0.0,0.0,0.0,2002,radio,0.5
3,1,lr5e-05_bs16_modL1_fusion32_fusionL1_drop0p1_trmiss50_trlocradio,16,5e-05,1,32,1,0.1,lr5e-05_bs16_modL1_fusion32_fusionL1_drop0p1_trmiss50_trlocradio,14,0.5438574900229772,0.7165939013163248,0.4474789915966387,0.5924875009176859,0.5111111111111111,0.0,0.0,0.0,0.0,0.0,0.0,0.0,0.0,0.0,2002,radio,0.5
3,1,lr5e-05_bs16_modL1_fusion32_fusionL1_drop0p1_trmiss50_trlocradio,16,5e-05,1,32,1,0.1,lr5e-05_bs16_modL1_fusion32_fusionL1_drop0p1_trmiss50_trlocradio,15,0.5565655380487442,0.7259491483370463,0.4684873949579832,0.6109513200740169,0.5111111111111111,0.0,0.0,0.0,0.0,0.0,0.0,0.0,0.0,0.0,2002,radio,0.5
3,1,lr5e-05_bs16_modL1_fusion32_fusionL1_drop0p1_trmiss50_trlocradio,16,5e-05,1,32,1,0.1,lr5e-05_bs16_modL1_fusion32_fusionL1_drop0p1_trmiss50_trlocradio,16,0.5636274268229803,0.7266303896903992,0.4369747899159664,0.5909915773694723,0.5333333333333333,0.0,0.0,0.0,0.0,0.0,0.0,0.0,0.0,0.0,2002,radio,0.5
3,1,lr5e-05_bs16_modL1_fusion32_fusionL1_drop0p1_trmiss50_trlocradio,16,5e-05,1,32,1,0.1,lr5e-05_bs16_modL1_fusion32_fusionL1_drop0p1_trmiss50_trlocradio,17,0.548208529750506,0.7226436535517374,0.4432773109243697,0.5905048778768798,0.5333333333333333,0.0,0.0,0.0,0.0,0.0,0.0,0.0,0.0,0.0,2002,radio,0.5
3,1,lr5e-05_bs16_modL1_fusion32_fusionL1_drop0p1_trmiss50_trlocradio,16,5e-05,1,32,1,0.1,lr5e-05_bs16_modL1_fusion32_fusionL1_drop0p1_trmiss50_trlocradio,18,0.5555612494548162,0.7303369243939718,0.4369747899159664,0.5922728047672756,0.5333333333333333,0.0,0.0,0.0,0.0,0.0,0.0,0.0,0.0,0.0,2002,radio,0.5
3,1,lr5e-05_bs16_modL1_fusion32_fusionL1_drop0p1_trmiss50_trlocradio,16,5e-05,1,32,1,0.1,lr5e-05_bs16_modL1_fusion32_fusionL1_drop0p1_trmiss50_trlocradio,19,0.5445874060193697,0.7325490514437357,0.4369747899159664,0.5910502324049974,0.5333333333333333,0.0,0.0,0.0,0.0,0.0,0.0,0.0,0.0,0.0,2002,radio,0.5
3,1,lr5e-05_bs16_modL1_fusion32_fusionL1_drop0p1_trmiss50_trlocradio,16,5e-05,1,32,1,0.1,lr5e-05_bs16_modL1_fusion32_fusionL1_drop0p1_trmiss50_trlocradio,20,0.5416092475255331,0.7265437444051107,0.4495798319327731,0.594095655051749,0.5333333333333333,0.0,0.0,0.0,0.0,0.0,0.0,0.0,0.0,0.0,2002,radio,0.5
3,1,lr5e-05_bs16_modL1_fusion32_fusionL1_drop0p1_trmiss50_trlocradio,16,5e-05,1,32,1,0.1,lr5e-05_bs16_modL1_fusion32_fusionL1_drop0p1_trmiss50_trlocradio,21,0.5444474170605341,0.7272349794705709,0.42436974789915966,0.5826059479199301,0.5111111111111111,0.0,0.0,0.0,0.0,0.0,0.0,0.0,0.0,0.0,2002,radio,0.5
3,1,lr5e-05_bs16_modL1_fusion32_fusionL1_drop0p1_trmiss50_trlocradio,16,5e-05,1,32,1,0.1,lr5e-05_bs16_modL1_fusion32_fusionL1_drop0p1_trmiss50_trlocradio,22,0.5347840910156568,0.7309141953786215,0.4474789915966387,0.6006223210093441,0.5333333333333333,0.0,0.0,0.0,0.0,0.0,0.0,0.0,0.0,0.0,2002,radio,0.5
3,1,lr5e-05_bs16_modL1_fusion32_fusionL1_drop0p1_trmiss50_trlocradio,16,5e-05,1,32,1,0.1,lr5e-05_bs16_modL1_fusion32_fusionL1_drop0p1_trmiss50_trlocradio,23,0.5299487188458443,0.7296657959620158,0.4432773109243697,0.5870191391730795,0.5333333333333333,0.0,0.0,0.0,0.0,0.0,0.0,0.0,0.0,0.0,2002,radio,0.5
3,1,lr5e-05_bs16_modL1_fusion32_fusionL1_drop0p1_trmiss50_trlocradio,16,5e-05,1,32,1,0.1,lr5e-05_bs16_modL1_fusion32_fusionL1_drop0p1_trmiss50_trlocradio,24,0.5211424926916758,0.721265971660614,0.44957983193277307,0.5941693586069017,0.5111111111111111,0.0,0.0,0.0,0.0,0.0,0.0,0.0,0.0,0.0,2002,radio,0.5
3,1,lr5e-05_bs16_modL1_fusion32_fusionL1_drop0p1_trmiss50_trlocradio,16,5e-05,1,32,1,0.1,lr5e-05_bs16_modL1_fusion32_fusionL1_drop0p1_trmiss50_trlocradio,25,0.5534328371286392,0.7346046368281046,0.43697478991596633,0.5815972272415236,0.5111111111111111,0.0,0.0,0.0,0.0,0.0,0.0,0.0,0.0,0.0,2002,radio,0.5
3,1,lr5e-05_bs16_modL1_fusion32_fusionL1_drop0p1_trmiss50_trlocradio,16,5e-05,1,32,1,0.1,lr5e-05_bs16_modL1_fusion32_fusionL1_drop0p1_trmiss50_trlocradio,26,0.5464470957716306,0.7296284437179565,0.42857142857142855,0.5765136630169475,0.5111111111111111,0.0,0.0,0.0,0.0,0.0,0.0,0.0,0.0,0.0,2002,radio,0.5
3,1,lr5e-05_bs16_modL1_fusion32_fusionL1_drop0p1_trmiss50_trlocradio,16,5e-05,1,32,1,0.1,lr5e-05_bs16_modL1_fusion32_fusionL1_drop0p1_trmiss50_trlocradio,27,0.5409757569432259,0.7302801807721456,0.45378151260504196,0.5975556728905432,0.5111111111111111,0.0,0.0,0.0,0.0,0.0,0.0,0.0,0.0,0.0,2002,radio,0.5
3,1,lr5e-05_bs16_modL1_fusion32_fusionL1_drop0p1_trmiss50_trlocradio,16,5e-05,1,32,1,0.1,lr5e-05_bs16_modL1_fusion32_fusionL1_drop0p1_trmiss50_trlocradio,28,0.533008041481177,0.7271765867869059,0.45378151260504207,0.5937452867043806,0.5333333333333333,0.0,0.0,0.0,0.0,0.0,0.0,0.0,0.0,0.0,2002,radio,0.5
3,1,lr5e-05_bs16_modL1_fusion32_fusionL1_drop0p1_trmiss50_trlocradio,16,5e-05,1,32,1,0.1,lr5e-05_bs16_modL1_fusion32_fusionL1_drop0p1_trmiss50_trlocradio,29,0.5324598054091135,0.7366983890533447,0.4474789915966387,0.6041490135841358,0.5111111111111111,0.0,0.0,0.0,0.0,0.0,0.0,0.0,0.0,0.0,2002,radio,0.5
3,1,lr5e-05_bs16_modL1_fusion32_fusionL1_drop0p1_trmiss50_trlocradio,16,5e-05,1,32,1,0.1,lr5e-05_bs16_modL1_fusion32_fusionL1_drop0p1_trmiss50_trlocradio,30,0.532143622636795,0.7311926682790121,0.4495798319327731,0.6005993991900835,0.5111111111111111,0.0,0.0,0.0,0.0,0.0,0.0,0.0,0.0,0.0,2002,radio,0.5
3,1,lr5e-05_bs16_modL1_fusion32_fusionL1_drop0p1_trmiss50_trlocradio,16,5e-05,1,32,1,0.1,lr5e-05_bs16_modL1_fusion32_fusionL1_drop0p1_trmiss50_trlocradio,31,0.5317105526725451,0.7358498573303223,0.4432773109243697,0.5922729811382651,0.5333333333333333,0.0,0.0,0.0,0.0,0.0,0.0,0.0,0.0,0.0,2002,radio,0.5
3,1,lr5e-05_bs16_modL1_fusion32_fusionL1_drop0p1_trmiss50_trlocradio,16,5e-05,1,32,1,0.1,lr5e-05_bs16_modL1_fusion32_fusionL1_drop0p1_trmiss50_trlocradio,32,0.5455450961987177,0.7249662478764852,0.42647058823529416,0.5796085109475935,0.5111111111111111,0.0,0.0,0.0,0.0,0.0,0.0,0.0,0.0,0.0,2002,radio,0.5
3,1,lr5e-05_bs16_modL1_fusion32_fusionL1_drop0p1_trmiss50_trlocradio,16,5e-05,1,32,1,0.1,lr5e-05_bs16_modL1_fusion32_fusionL1_drop0p1_trmiss50_trlocradio,33,0.5590924918651581,0.7267535130182902,0.42436974789915966,0.5774720447196668,0.5333333333333333,0.0,0.0,0.0,0.0,0.0,0.0,0.0,0.0,0.0,2002,radio,0.5
3,1,lr5e-05_bs16_modL1_fusion32_fusionL1_drop0p1_trmiss50_trlocradio,16,5e-05,1,32,1,0.1,lr5e-05_bs16_modL1_fusion32_fusionL1_drop0p1_trmiss50_trlocradio,34,0.5284287830193838,0.7276617487271627,0.453781512605042,0.6021283103319054,0.5111111111111111,0.0,0.0,0.0,0.0,0.0,0.0,0.0,0.0,0.0,2002,radio,0.5
3,1,lr5e-05_bs16_modL1_fusion32_fusionL1_drop0p1_trmiss50_trlocradio,16,5e-05,1,32,1,0.1,lr5e-05_bs16_modL1_fusion32_fusionL1_drop0p1_trmiss50_trlocradio,35,0.5284043923020363,0.7290445963541666,0.453781512605042,0.60596094180158,0.4888888888888889,0.0,0.0,0.0,0.0,0.0,0.0,0.0,0.0,0.0,2002,radio,0.5
3,1,lr5e-05_bs16_modL1_fusion64_fusionL1_drop0p2_trmiss50_trlocradio,16,5e-05,1,64,1,0.2,lr5e-05_bs16_modL1_fusion64_fusionL1_drop0p2_trmiss50_trlocradio,1,0.6759313096602758,0.6879720290501913,0.5420168067226891,0.6706206108795469,0.6,0.0,0.0,0.0,0.0,0.0,0.0,0.0,0.0,0.0,2002,radio,0.5
3,1,lr5e-05_bs16_modL1_fusion64_fusionL1_drop0p2_trmiss50_trlocradio,16,5e-05,1,64,1,0.2,lr5e-05_bs16_modL1_fusion64_fusionL1_drop0p2_trmiss50_trlocradio,2,0.6665689448515574,0.6897128224372864,0.5441176470588236,0.6744933036475034,0.6,0.0,0.0,0.0,0.0,0.0,0.0,0.0,0.0,0.0,2002,radio,0.5
3,1,lr5e-05_bs16_modL1_fusion64_fusionL1_drop0p2_trmiss50_trlocradio,16,5e-05,1,64,1,0.2,lr5e-05_bs16_modL1_fusion64_fusionL1_drop0p2_trmiss50_trlocradio,3,0.6374169538418452,0.6865461071332296,0.5609243697478992,0.6907161442730977,0.5777777777777777,0.0,0.0,0.0,0.0,0.0,0.0,0.0,0.0,0.0,2002,radio,0.5
3,1,lr5e-05_bs16_modL1_fusion64_fusionL1_drop0p2_trmiss50_trlocradio,16,5e-05,1,64,1,0.2,lr5e-05_bs16_modL1_fusion64_fusionL1_drop0p2_trmiss50_trlocradio,4,0.6076454420884451,0.6899869044621786,0.5756302521008403,0.6958598653967726,0.5555555555555556,0.0,0.0,0.0,0.0,0.0,0.0,0.0,0.0,0.0,2002,radio,0.5
3,1,lr5e-05_bs16_modL1_fusion64_fusionL1_drop0p2_trmiss50_trlocradio,16,5e-05,1,64,1,0.2,lr5e-05_bs16_modL1_fusion64_fusionL1_drop0p2_trmiss50_trlocradio,5,0.5904262065887451,0.6787460247675577,0.6008403361344538,0.7176943295773244,0.5555555555555556,0.0,0.0,0.0,0.0,0.0,0.0,0.0,0.0,0.0,2002,radio,0.5
3,1,lr5e-05_bs16_modL1_fusion64_fusionL1_drop0p2_trmiss50_trlocradio,16,5e-05,1,64,1,0.2,lr5e-05_bs16_modL1_fusion64_fusionL1_drop0p2_trmiss50_trlocradio,6,0.5831362456083298,0.6739982763926188,0.6008403361344539,0.7238154917048977,0.6,0.0,0.0,0.0,0.0,0.0,0.0,0.0,0.0,0.0,2002,radio,0.5
3,1,lr5e-05_bs16_modL1_fusion64_fusionL1_drop0p2_trmiss50_trlocradio,16,5e-05,1,64,1,0.2,lr5e-05_bs16_modL1_fusion64_fusionL1_drop0p2_trmiss50_trlocradio,7,0.5608225017786026,0.6817739407221476,0.6029411764705883,0.7063820983657966,0.5777777777777777,0.0,0.0,0.0,0.0,0.0,0.0,0.0,0.0,0.0,2002,radio,0.5
3,1,lr5e-05_bs16_modL1_fusion64_fusionL1_drop0p2_trmiss50_trlocradio,16,5e-05,1,64,1,0.2,lr5e-05_bs16_modL1_fusion64_fusionL1_drop0p2_trmiss50_trlocradio,8,0.5565581520398458,0.6790143847465515,0.6092436974789917,0.6973469467468164,0.6,0.0,0.0,0.0,0.0,0.0,0.0,0.0,0.0,0.0,2002,radio,0.5
3,1,lr5e-05_bs16_modL1_fusion64_fusionL1_drop0p2_trmiss50_trlocradio,16,5e-05,1,64,1,0.2,lr5e-05_bs16_modL1_fusion64_fusionL1_drop0p2_trmiss50_trlocradio,9,0.5740610013405482,0.6834377845128378,0.6050420168067228,0.696745635095361,0.6,0.0,0.0,0.0,0.0,0.0,0.0,0.0,0.0,0.0,2002,radio,0.5
3,1,lr5e-05_bs16_modL1_fusion64_fusionL1_drop0p2_trmiss50_trlocradio,16,5e-05,1,64,1,0.2,lr5e-05_bs16_modL1_fusion64_fusionL1_drop0p2_trmiss50_trlocradio,10,0.5561981797218323,0.6819833119710287,0.6218487394957983,0.7092036664836714,0.5777777777777777,0.0,0.0,0.0,0.0,0.0,0.0,0.0,0.0,0.0,2002,radio,0.5
3,1,lr5e-05_bs16_modL1_fusion64_fusionL1_drop0p2_trmiss50_trlocradio,16,5e-05,1,64,1,0.2,lr5e-05_bs16_modL1_fusion64_fusionL1_drop0p2_trmiss50_trlocradio,11,0.5292944808801016,0.6823866963386536,0.6344537815126051,0.7091958726491897,0.6,0.0,0.0,0.0,0.0,0.0,0.0,0.0,0.0,0.0,2002,radio,0.5
3,1,lr5e-05_bs16_modL1_fusion64_fusionL1_drop0p2_trmiss50_trlocradio,16,5e-05,1,64,1,0.2,lr5e-05_bs16_modL1_fusion64_fusionL1_drop0p2_trmiss50_trlocradio,12,0.5456656068563461,0.6766770879427592,0.6428571428571429,0.7269729956703253,0.6,0.0,0.0,0.0,0.0,0.0,0.0,0.0,0.0,0.0,2002,radio,0.5
3,1,lr5e-05_bs16_modL1_fusion64_fusionL1_drop0p2_trmiss50_trlocradio,16,5e-05,1,64,1,0.2,lr5e-05_bs16_modL1_fusion64_fusionL1_drop0p2_trmiss50_trlocradio,13,0.5413479010264078,0.6784988840421041,0.6323529411764706,0.7210000278864456,0.5777777777777777,0.0,0.0,0.0,0.0,0.0,0.0,0.0,0.0,0.0,2002,radio,0.5
3,1,lr5e-05_bs16_modL1_fusion64_fusionL1_drop0p2_trmiss50_trlocradio,16,5e-05,1,64,1,0.2,lr5e-05_bs16_modL1_fusion64_fusionL1_drop0p2_trmiss50_trlocradio,14,0.5314964900414149,0.681671937306722,0.6323529411764706,0.7249176100877014,0.5777777777777777,0.0,0.0,0.0,0.0,0.0,0.0,0.0,0.0,0.0,2002,radio,0.5
3,1,lr5e-05_bs16_modL1_fusion64_fusionL1_drop0p2_trmiss50_trlocradio,16,5e-05,1,64,1,0.2,lr5e-05_bs16_modL1_fusion64_fusionL1_drop0p2_trmiss50_trlocradio,15,0.5009197344382604,0.6744365692138672,0.6302521008403361,0.7192696184795372,0.6,0.0,0.0,0.0,0.0,0.0,0.0,0.0,0.0,0.0,2002,radio,0.5
3,1,lr5e-05_bs16_modL1_fusion64_fusionL1_drop0p2_trmiss50_trlocradio,16,5e-05,1,64,1,0.2,lr5e-05_bs16_modL1_fusion64_fusionL1_drop0p2_trmiss50_trlocradio,16,0.5362682590881983,0.6813023686408997,0.6407563025210083,0.730618615006171,0.5777777777777777,0.0,0.0,0.0,0.0,0.0,0.0,0.0,0.0,0.0,2002,radio,0.5
3,1,lr5e-05_bs16_modL1_fusion64_fusionL1_drop0p2_trmiss50_trlocradio,16,5e-05,1,64,1,0.2,lr5e-05_bs16_modL1_fusion64_fusionL1_drop0p2_trmiss50_trlocradio,17,0.5348806530237198,0.6791283885637919,0.6260504201680672,0.7088315553499124,0.5777777777777777,0.0,0.0,0.0,0.0,0.0,0.0,0.0,0.0,0.0,2002,radio,0.5
3,1,lr5e-05_bs16_modL1_fusion64_fusionL1_drop0p2_trmiss50_trlocradio,16,5e-05,1,64,1,0.2,lr5e-05_bs16_modL1_fusion64_fusionL1_drop0p2_trmiss50_trlocradio,18,0.5268106162548065,0.672956625620524,0.6386554621848739,0.735364602536846,0.5555555555555556,0.0,0.0,0.0,0.0,0.0,0.0,0.0,0.0,0.0,2002,radio,0.5
3,1,lr5e-05_bs16_modL1_fusion64_fusionL1_drop0p2_trmiss50_trlocradio,16,5e-05,1,64,1,0.2,lr5e-05_bs16_modL1_fusion64_fusionL1_drop0p2_trmiss50_trlocradio,19,0.5205856536825498,0.6695349017779032,0.6407563025210083,0.7350128095666377,0.6,0.0,0.0,0.0,0.0,0.0,0.0,0.0,0.0,0.0,2002,radio,0.5
3,1,lr5e-05_bs16_modL1_fusion64_fusionL1_drop0p2_trmiss50_trlocradio,16,5e-05,1,64,1,0.2,lr5e-05_bs16_modL1_fusion64_fusionL1_drop0p2_trmiss50_trlocradio,20,0.5126612558960915,0.6772840023040771,0.6239495798319328,0.712089520749502,0.6,0.0,0.0,0.0,0.0,0.0,0.0,0.0,0.0,0.0,2002,radio,0.5
3,1,lr5e-05_bs16_modL1_fusion64_fusionL1_drop0p2_trmiss50_trlocradio,16,5e-05,1,64,1,0.2,lr5e-05_bs16_modL1_fusion64_fusionL1_drop0p2_trmiss50_trlocradio,21,0.5017624249060949,0.6785744428634644,0.6218487394957983,0.6968171117212102,0.6222222222222222,0.0,0.0,0.0,0.0,0.0,0.0,0.0,0.0,0.0,2002,radio,0.5
3,1,lr5e-05_bs16_modL1_fusion64_fusionL1_drop0p2_trmiss50_trlocradio,16,5e-05,1,64,1,0.2,lr5e-05_bs16_modL1_fusion64_fusionL1_drop0p2_trmiss50_trlocradio,22,0.5022621204455694,0.6811138590176901,0.6260504201680672,0.6956619943100901,0.6,0.0,0.0,0.0,0.0,0.0,0.0,0.0,0.0,0.0,2002,radio,0.5
3,1,lr5e-05_bs16_modL1_fusion64_fusionL1_drop0p2_trmiss50_trlocradio,16,5e-05,1,64,1,0.2,lr5e-05_bs16_modL1_fusion64_fusionL1_drop0p2_trmiss50_trlocradio,23,0.4939412126938502,0.6804126898447672,0.6176470588235294,0.7081077193734869,0.6222222222222222,0.0,0.0,0.0,0.0,0.0,0.0,0.0,0.0,0.0,2002,radio,0.5
3,1,lr5e-05_bs16_modL1_fusion64_fusionL1_drop0p2_trmiss50_trlocradio,16,5e-05,1,64,1,0.2,lr5e-05_bs16_modL1_fusion64_fusionL1_drop0p2_trmiss50_trlocradio,24,0.48483413209517795,0.6721875866254171,0.6239495798319328,0.7217377885935478,0.6,0.0,0.0,0.0,0.0,0.0,0.0,0.0,0.0,0.0,2002,radio,0.5
3,1,lr5e-05_bs16_modL1_fusion64_fusionL1_drop0p2_trmiss50_trlocradio,16,5e-05,1,64,1,0.2,lr5e-05_bs16_modL1_fusion64_fusionL1_drop0p2_trmiss50_trlocradio,25,0.4966215466459592,0.6743003328641256,0.6197478991596639,0.7212399064530511,0.6222222222222222,0.0,0.0,0.0,0.0,0.0,0.0,0.0,0.0,0.0,2002,radio,0.5
3,1,lr5e-05_bs16_modL1_fusion64_fusionL1_drop0p2_trmiss50_trlocradio,16,5e-05,1,64,1,0.2,lr5e-05_bs16_modL1_fusion64_fusionL1_drop0p2_trmiss50_trlocradio,26,0.476308211684227,0.6757633288701376,0.6218487394957983,0.7130329435973534,0.6,0.0,0.0,0.0,0.0,0.0,0.0,0.0,0.0,0.0,2002,radio,0.5
3,1,lr5e-05_bs16_modL1_fusion64_fusionL1_drop0p2_trmiss50_trlocradio,16,5e-05,1,64,1,0.2,lr5e-05_bs16_modL1_fusion64_fusionL1_drop0p2_trmiss50_trlocradio,27,0.48182035734256107,0.6717458566029867,0.6302521008403361,0.7192454242453211,0.6444444444444445,0.0,0.0,0.0,0.0,0.0,0.0,0.0,0.0,0.0,2002,radio,0.5
3,1,lr5e-05_bs16_modL1_fusion64_fusionL1_drop0p2_trmiss50_trlocradio,16,5e-05,1,64,1,0.2,lr5e-05_bs16_modL1_fusion64_fusionL1_drop0p2_trmiss50_trlocradio,28,0.4867598017056783,0.6782188216845194,0.6239495798319328,0.7158693272313735,0.5555555555555556,0.0,0.0,0.0,0.0,0.0,0.0,0.0,0.0,0.0,2002,radio,0.5
3,1,lr5e-05_bs16_modL1_fusion64_fusionL1_drop0p2_trmiss50_trlocradio,16,5e-05,1,64,1,0.2,lr5e-05_bs16_modL1_fusion64_fusionL1_drop0p2_trmiss50_trlocradio,29,0.46512903024752933,0.6806177099545797,0.6176470588235294,0.717299871098542,0.5555555555555556,0.0,0.0,0.0,0.0,0.0,0.0,0.0,0.0,0.0,2002,radio,0.5
3,1,lr5e-05_bs16_modL1_fusion64_fusionL1_drop0p2_trmiss50_trlocradio,16,5e-05,1,64,1,0.2,lr5e-05_bs16_modL1_fusion64_fusionL1_drop0p2_trmiss50_trlocradio,30,0.4714425380031268,0.6831469138463339,0.6134453781512605,0.7196477861338223,0.5333333333333333,0.0,0.0,0.0,0.0,0.0,0.0,0.0,0.0,0.0,2002,radio,0.5
3,1,lr5e-05_bs16_modL1_fusion64_fusionL1_drop0p2_trmiss50_trlocradio,16,5e-05,1,64,1,0.2,lr5e-05_bs16_modL1_fusion64_fusionL1_drop0p2_trmiss50_trlocradio,31,0.469437874853611,0.6760783791542053,0.6134453781512605,0.7075241078628663,0.6222222222222222,0.0,0.0,0.0,0.0,0.0,0.0,0.0,0.0,0.0,2002,radio,0.5
3,1,lr5e-05_bs16_modL1_fusion64_fusionL1_drop0p2_trmiss50_trlocradio,16,5e-05,1,64,1,0.2,lr5e-05_bs16_modL1_fusion64_fusionL1_drop0p2_trmiss50_trlocradio,32,0.47771430263916653,0.6793533166249593,0.6050420168067228,0.6992294926435163,0.6222222222222222,0.0,0.0,0.0,0.0,0.0,0.0,0.0,0.0,0.0,2002,radio,0.5
3,1,lr5e-05_bs16_modL1_fusion64_fusionL1_drop0p1_trmiss50_trlocradio,16,5e-05,1,64,1,0.1,lr5e-05_bs16_modL1_fusion64_fusionL1_drop0p1_trmiss50_trlocradio,1,0.6857971698045731,0.6847169796625773,0.5399159663865546,0.7212922909322573,0.5111111111111111,0.0,0.0,0.0,0.0,0.0,0.0,0.0,0.0,0.0,2002,radio,0.5
3,1,lr5e-05_bs16_modL1_fusion64_fusionL1_drop0p1_trmiss50_trlocradio,16,5e-05,1,64,1,0.1,lr5e-05_bs16_modL1_fusion64_fusionL1_drop0p1_trmiss50_trlocradio,2,0.6541128754615784,0.6873159408569336,0.5315126050420168,0.6965558717771895,0.5333333333333333,0.0,0.0,0.0,0.0,0.0,0.0,0.0,0.0,0.0,2002,radio,0.5
3,1,lr5e-05_bs16_modL1_fusion64_fusionL1_drop0p1_trmiss50_trlocradio,16,5e-05,1,64,1,0.1,lr5e-05_bs16_modL1_fusion64_fusionL1_drop0p1_trmiss50_trlocradio,3,0.6228526135285696,0.6860262155532837,0.5042016806722689,0.6770182727802753,0.5333333333333333,0.0,0.0,0.0,0.0,0.0,0.0,0.0,0.0,0.0,2002,radio,0.5
3,1,lr5e-05_bs16_modL1_fusion64_fusionL1_drop0p1_trmiss50_trlocradio,16,5e-05,1,64,1,0.1,lr5e-05_bs16_modL1_fusion64_fusionL1_drop0p1_trmiss50_trlocradio,4,0.6030079027016958,0.6897293130556742,0.4957983193277311,0.6673001582839202,0.5333333333333333,0.0,0.0,0.0,0.0,0.0,0.0,0.0,0.0,0.0,2002,radio,0.5
3,1,lr5e-05_bs16_modL1_fusion64_fusionL1_drop0p1_trmiss50_trlocradio,16,5e-05,1,64,1,0.1,lr5e-05_bs16_modL1_fusion64_fusionL1_drop0p1_trmiss50_trlocradio,5,0.5972273647785187,0.6855683922767639,0.5147058823529411,0.6716223909427455,0.5555555555555556,0.0,0.0,0.0,0.0,0.0,0.0,0.0,0.0,0.0,2002,radio,0.5
3,1,lr5e-05_bs16_modL1_fusion64_fusionL1_drop0p1_trmiss50_trlocradio,16,5e-05,1,64,1,0.1,lr5e-05_bs16_modL1_fusion64_fusionL1_drop0p1_trmiss50_trlocradio,6,0.5852739214897156,0.6840379238128662,0.5084033613445378,0.6720911717887997,0.6,0.0,0.0,0.0,0.0,0.0,0.0,0.0,0.0,0.0,2002,radio,0.5
3,1,lr5e-05_bs16_modL1_fusion64_fusionL1_drop0p1_trmiss50_trlocradio,16,5e-05,1,64,1,0.1,lr5e-05_bs16_modL1_fusion64_fusionL1_drop0p1_trmiss50_trlocradio,7,0.5729975402355194,0.6800332268079122,0.5315126050420168,0.6841557168955464,0.6,0.0,0.0,0.0,0.0,0.0,0.0,0.0,0.0,0.0,2002,radio,0.5
3,1,lr5e-05_bs16_modL1_fusion64_fusionL1_drop0p1_trmiss50_trlocradio,16,5e-05,1,64,1,0.1,lr5e-05_bs16_modL1_fusion64_fusionL1_drop0p1_trmiss50_trlocradio,8,0.5566409975290298,0.6833774248758951,0.5252100840336135,0.6730152301111454,0.6,0.0,0.0,0.0,0.0,0.0,0.0,0.0,0.0,0.0,2002,radio,0.5
3,1,lr5e-05_bs16_modL1_fusion64_fusionL1_drop0p1_trmiss50_trlocradio,16,5e-05,1,64,1,0.1,lr5e-05_bs16_modL1_fusion64_fusionL1_drop0p1_trmiss50_trlocradio,9,0.5389995872974396,0.6795740127563477,0.523109243697479,0.667549284534548,0.6,0.0,0.0,0.0,0.0,0.0,0.0,0.0,0.0,0.0,2002,radio,0.5
3,1,lr5e-05_bs16_modL1_fusion64_fusionL1_drop0p1_trmiss50_trlocradio,16,5e-05,1,64,1,0.1,lr5e-05_bs16_modL1_fusion64_fusionL1_drop0p1_trmiss50_trlocradio,10,0.5416155060132345,0.6765612165133158,0.5357142857142857,0.678507447059745,0.6,0.0,0.0,0.0,0.0,0.0,0.0,0.0,0.0,0.0,2002,radio,0.5
3,1,lr5e-05_bs16_modL1_fusion64_fusionL1_drop0p1_trmiss50_trlocradio,16,5e-05,1,64,1,0.1,lr5e-05_bs16_modL1_fusion64_fusionL1_drop0p1_trmiss50_trlocradio,11,0.529182938237985,0.6683889826138815,0.5777310924369747,0.7098772005107459,0.6222222222222222,0.0,0.0,0.0,0.0,0.0,0.0,0.0,0.0,0.0,2002,radio,0.5
3,1,lr5e-05_bs16_modL1_fusion64_fusionL1_drop0p1_trmiss50_trlocradio,16,5e-05,1,64,1,0.1,lr5e-05_bs16_modL1_fusion64_fusionL1_drop0p1_trmiss50_trlocradio,12,0.5038002356886864,0.6651701927185059,0.5882352941176471,0.7036409201912912,0.6222222222222222,0.0,0.0,0.0,0.0,0.0,0.0,0.0,0.0,0.0,2002,radio,0.5
3,1,lr5e-05_bs16_modL1_fusion64_fusionL1_drop0p1_trmiss50_trlocradio,16,5e-05,1,64,1,0.1,lr5e-05_bs16_modL1_fusion64_fusionL1_drop0p1_trmiss50_trlocradio,13,0.5034525319933891,0.6692926287651062,0.5588235294117647,0.6937963876136146,0.5777777777777777,0.0,0.0,0.0,0.0,0.0,0.0,0.0,0.0,0.0,2002,radio,0.5
3,1,lr5e-05_bs16_modL1_fusion64_fusionL1_drop0p1_trmiss50_trlocradio,16,5e-05,1,64,1,0.1,lr5e-05_bs16_modL1_fusion64_fusionL1_drop0p1_trmiss50_trlocradio,14,0.4966928834716479,0.673068126042684,0.5483193277310925,0.6905508514140233,0.5555555555555556,0.0,0.0,0.0,0.0,0.0,0.0,0.0,0.0,0.0,2002,radio,0.5
3,1,lr5e-05_bs16_modL1_fusion64_fusionL1_drop0p1_trmiss50_trlocradio,16,5e-05,1,64,1,0.1,lr5e-05_bs16_modL1_fusion64_fusionL1_drop0p1_trmiss50_trlocradio,15,0.4628749837478002,0.680294950803121,0.5336134453781513,0.6778941094787759,0.5111111111111111,0.0,0.0,0.0,0.0,0.0,0.0,0.0,0.0,0.0,2002,radio,0.5
3,1,lr5e-05_bs16_modL1_fusion64_fusionL1_drop0p1_trmiss50_trlocradio,16,5e-05,1,64,1,0.1,lr5e-05_bs16_modL1_fusion64_fusionL1_drop0p1_trmiss50_trlocradio,16,0.4816777855157852,0.6767842769622803,0.546218487394958,0.6846345709206711,0.5333333333333333,0.0,0.0,0.0,0.0,0.0,0.0,0.0,0.0,0.0,2002,radio,0.5
3,1,lr5e-05_bs16_modL1_fusion64_fusionL1_drop0p1_trmiss50_trlocradio,16,5e-05,1,64,1,0.1,lr5e-05_bs16_modL1_fusion64_fusionL1_drop0p1_trmiss50_trlocradio,17,0.468370387951533,0.6798418561617533,0.5357142857142857,0.6914554030188705,0.4888888888888889,0.0,0.0,0.0,0.0,0.0,0.0,0.0,0.0,0.0,2002,radio,0.5
3,1,lr5e-05_bs16_modL1_fusion64_fusionL1_drop0p1_trmiss50_trlocradio,16,5e-05,1,64,1,0.1,lr5e-05_bs16_modL1_fusion64_fusionL1_drop0p1_trmiss50_trlocradio,18,0.46739768236875534,0.6867733796437582,0.5315126050420169,0.6752197852676108,0.5333333333333333,0.0,0.0,0.0,0.0,0.0,0.0,0.0,0.0,0.0,2002,radio,0.5
3,1,lr5e-05_bs16_modL1_fusion64_fusionL1_drop0p1_trmiss50_trlocradio,16,5e-05,1,64,1,0.1,lr5e-05_bs16_modL1_fusion64_fusionL1_drop0p1_trmiss50_trlocradio,19,0.4422648573915164,0.6860541899998983,0.5252100840336135,0.6702841446935427,0.5333333333333333,0.0,0.0,0.0,0.0,0.0,0.0,0.0,0.0,0.0,2002,radio,0.5
3,1,lr5e-05_bs16_modL1_fusion64_fusionL1_drop0p1_trmiss50_trlocradio,16,5e-05,1,64,1,0.1,lr5e-05_bs16_modL1_fusion64_fusionL1_drop0p1_trmiss50_trlocradio,20,0.44738147656122845,0.6794859369595846,0.5420168067226891,0.6769801969948105,0.5111111111111111,0.0,0.0,0.0,0.0,0.0,0.0,0.0,0.0,0.0,2002,radio,0.5
3,1,lr5e-05_bs16_modL1_fusion64_fusionL1_drop0p1_trmiss50_trlocradio,16,5e-05,1,64,1,0.1,lr5e-05_bs16_modL1_fusion64_fusionL1_drop0p1_trmiss50_trlocradio,21,0.4396163175503413,0.6829604705174764,0.5105042016806722,0.6767576279022817,0.4666666666666667,0.0,0.0,0.0,0.0,0.0,0.0,0.0,0.0,0.0,2002,radio,0.5
3,1,lr5e-05_bs16_modL1_fusion64_fusionL1_drop0p1_trmiss50_trlocradio,16,5e-05,1,64,1,0.1,lr5e-05_bs16_modL1_fusion64_fusionL1_drop0p1_trmiss50_trlocradio,22,0.4342287729183833,0.6851508617401123,0.5210084033613445,0.6766591759333737,0.5111111111111111,0.0,0.0,0.0,0.0,0.0,0.0,0.0,0.0,0.0,2002,radio,0.5
3,1,lr5e-05_bs16_modL1_fusion64_fusionL1_drop0p1_trmiss50_trlocradio,16,5e-05,1,64,1,0.1,lr5e-05_bs16_modL1_fusion64_fusionL1_drop0p1_trmiss50_trlocradio,23,0.4303167462348938,0.6872969071070353,0.5147058823529412,0.6642162030026652,0.4888888888888889,0.0,0.0,0.0,0.0,0.0,0.0,0.0,0.0,0.0,2002,radio,0.5
3,1,lr5e-05_bs16_modL1_fusion64_fusionL1_drop0p1_trmiss50_trlocradio,16,5e-05,1,64,1,0.1,lr5e-05_bs16_modL1_fusion64_fusionL1_drop0p1_trmiss50_trlocradio,24,0.4324669614434242,0.6849793990453085,0.51890756302521,0.6666843211142562,0.4888888888888889,0.0,0.0,0.0,0.0,0.0,0.0,0.0,0.0,0.0,2002,radio,0.5
3,1,lr5e-05_bs16_modL1_fusion64_fusionL1_drop0p1_trmiss50_trlocradio,16,5e-05,1,64,1,0.1,lr5e-05_bs16_modL1_fusion64_fusionL1_drop0p1_trmiss50_trlocradio,25,0.4315756286183993,0.6913498242696127,0.5042016806722689,0.6764118950727603,0.4666666666666667,0.0,0.0,0.0,0.0,0.0,0.0,0.0,0.0,0.0,2002,radio,0.5
3,1,lr5e-05_bs16_modL1_fusion64_fusionL1_drop0p1_trmiss50_trlocradio,16,5e-05,1,64,1,0.1,lr5e-05_bs16_modL1_fusion64_fusionL1_drop0p1_trmiss50_trlocradio,26,0.41953778515259427,0.688650369644165,0.4957983193277311,0.6553859013653756,0.5111111111111111,0.0,0.0,0.0,0.0,0.0,0.0,0.0,0.0,0.0,2002,radio,0.5
3,1,lr5e-05_bs16_modL1_fusion64_fusionL1_drop0p1_trmiss50_trlocradio,16,5e-05,1,64,1,0.1,lr5e-05_bs16_modL1_fusion64_fusionL1_drop0p1_trmiss50_trlocradio,27,0.41840860247612,0.6874208052953085,0.49369747899159666,0.6579116954804441,0.5111111111111111,0.0,0.0,0.0,0.0,0.0,0.0,0.0,0.0,0.0,2002,radio,0.5
3,1,lr5e-05_bs16_modL1_fusion64_fusionL1_drop0p1_trmiss50_trlocradio,16,5e-05,1,64,1,0.1,lr5e-05_bs16_modL1_fusion64_fusionL1_drop0p1_trmiss50_trlocradio,28,0.439941627283891,0.6871403058369955,0.4915966386554622,0.6515257467816581,0.5333333333333333,0.0,0.0,0.0,0.0,0.0,0.0,0.0,0.0,0.0,2002,radio,0.5
3,1,lr5e-05_bs16_modL1_fusion64_fusionL1_drop0p1_trmiss50_trlocradio,16,5e-05,1,64,1,0.1,lr5e-05_bs16_modL1_fusion64_fusionL1_drop0p1_trmiss50_trlocradio,29,0.4204072852929433,0.6877335906028748,0.5063025210084033,0.6587676745119005,0.5333333333333333,0.0,0.0,0.0,0.0,0.0,0.0,0.0,0.0,0.0,2002,radio,0.5
3,1,lr5e-05_bs16_modL1_fusion64_fusionL1_drop0p1_trmiss50_trlocradio,16,5e-05,1,64,1,0.1,lr5e-05_bs16_modL1_fusion64_fusionL1_drop0p1_trmiss50_trlocradio,30,0.41537636270125705,0.6825467546780905,0.5021008403361344,0.659047252410418,0.5555555555555556,0.0,0.0,0.0,0.0,0.0,0.0,0.0,0.0,0.0,2002,radio,0.5
3,1,lr5e-05_bs16_modL1_fusion64_fusionL1_drop0p1_trmiss50_trlocradio,16,5e-05,1,64,1,0.1,lr5e-05_bs16_modL1_fusion64_fusionL1_drop0p1_trmiss50_trlocradio,31,0.44947121292352676,0.6863377888997396,0.49789915966386555,0.6735070394337073,0.4666666666666667,0.0,0.0,0.0,0.0,0.0,0.0,0.0,0.0,0.0,2002,radio,0.5
3,1,lr5e-05_bs16_modL1_fusion64_fusionL1_drop0p1_trmiss50_trlocradio,16,5e-05,1,64,1,0.1,lr5e-05_bs16_modL1_fusion64_fusionL1_drop0p1_trmiss50_trlocradio,32,0.38516348600387573,0.6789536873499552,0.5147058823529412,0.6797732450696862,0.5111111111111111,0.0,0.0,0.0,0.0,0.0,0.0,0.0,0.0,0.0,2002,radio,0.5
3,1,lr1e-04_bs16_modL1_fusion32_fusionL1_drop0p2_trmiss50_trlocradio,16,0.0001,1,32,1,0.2,lr1e-04_bs16_modL1_fusion32_fusionL1_drop0p2_trmiss50_trlocradio,1,0.670042872428894,0.6971342364947001,0.3550420168067227,0.5534005361819901,0.6,0.0,0.0,0.0,0.0,0.0,0.0,0.0,0.0,0.0,2002,radio,0.5
3,1,lr1e-04_bs16_modL1_fusion32_fusionL1_drop0p2_trmiss50_trlocradio,16,0.0001,1,32,1,0.2,lr1e-04_bs16_modL1_fusion32_fusionL1_drop0p2_trmiss50_trlocradio,2,0.6213146646817526,0.6978239417076111,0.4327731092436975,0.6153718902245805,0.6,0.0,0.0,0.0,0.0,0.0,0.0,0.0,0.0,0.0,2002,radio,0.5
3,1,lr1e-04_bs16_modL1_fusion32_fusionL1_drop0p2_trmiss50_trlocradio,16,0.0001,1,32,1,0.2,lr1e-04_bs16_modL1_fusion32_fusionL1_drop0p2_trmiss50_trlocradio,3,0.6052651852369308,0.6952495376269022,0.48319327731092443,0.6376418313715478,0.6,0.0,0.0,0.0,0.0,0.0,0.0,0.0,0.0,0.0,2002,radio,0.5
3,1,lr1e-04_bs16_modL1_fusion32_fusionL1_drop0p2_trmiss50_trlocradio,16,0.0001,1,32,1,0.2,lr1e-04_bs16_modL1_fusion32_fusionL1_drop0p2_trmiss50_trlocradio,4,0.5889582931995392,0.696595827738444,0.4474789915966387,0.6421729767690477,0.5777777777777777,0.0,0.0,0.0,0.0,0.0,0.0,0.0,0.0,0.0,2002,radio,0.5
3,1,lr1e-04_bs16_modL1_fusion32_fusionL1_drop0p2_trmiss50_trlocradio,16,0.0001,1,32,1,0.2,lr1e-04_bs16_modL1_fusion32_fusionL1_drop0p2_trmiss50_trlocradio,5,0.5747761577367783,0.6952025492986044,0.453781512605042,0.639100918616314,0.6,0.0,0.0,0.0,0.0,0.0,0.0,0.0,0.0,0.0,2002,radio,0.5
3,1,lr1e-04_bs16_modL1_fusion32_fusionL1_drop0p2_trmiss50_trlocradio,16,0.0001,1,32,1,0.2,lr1e-04_bs16_modL1_fusion32_fusionL1_drop0p2_trmiss50_trlocradio,6,0.5598337799310684,0.6957675615946451,0.4831932773109244,0.6418590877024113,0.6,0.0,0.0,0.0,0.0,0.0,0.0,0.0,0.0,0.0,2002,radio,0.5
3,1,lr1e-04_bs16_modL1_fusion32_fusionL1_drop0p2_trmiss50_trlocradio,16,0.0001,1,32,1,0.2,lr1e-04_bs16_modL1_fusion32_fusionL1_drop0p2_trmiss50_trlocradio,7,0.5822418803970019,0.7020586530367533,0.45168067226890757,0.6275613104375933,0.5555555555555556,0.0,0.0,0.0,0.0,0.0,0.0,0.0,0.0,0.0,2002,radio,0.5
3,1,lr1e-04_bs16_modL1_fusion32_fusionL1_drop0p2_trmiss50_trlocradio,16,0.0001,1,32,1,0.2,lr1e-04_bs16_modL1_fusion32_fusionL1_drop0p2_trmiss50_trlocradio,8,0.5510121807456017,0.6955211559931437,0.4495798319327731,0.635548105397123,0.5777777777777777,0.0,0.0,0.0,0.0,0.0,0.0,0.0,0.0,0.0,2002,radio,0.5
3,1,lr1e-04_bs16_modL1_fusion32_fusionL1_drop0p2_trmiss50_trlocradio,16,0.0001,1,32,1,0.2,lr1e-04_bs16_modL1_fusion32_fusionL1_drop0p2_trmiss50_trlocradio,9,0.5464084794123968,0.6852614283561707,0.46638655462184875,0.653807657381698,0.5555555555555556,0.0,0.0,0.0,0.0,0.0,0.0,0.0,0.0,0.0,2002,radio,0.5
3,1,lr1e-04_bs16_modL1_fusion32_fusionL1_drop0p2_trmiss50_trlocradio,16,0.0001,1,32,1,0.2,lr1e-04_bs16_modL1_fusion32_fusionL1_drop0p2_trmiss50_trlocradio,10,0.5365001559257507,0.6909339825312296,0.45378151260504207,0.6381132165151997,0.6,0.0,0.0,0.0,0.0,0.0,0.0,0.0,0.0,0.0,2002,radio,0.5
3,1,lr1e-04_bs16_modL1_fusion32_fusionL1_drop0p2_trmiss50_trlocradio,16,0.0001,1,32,1,0.2,lr1e-04_bs16_modL1_fusion32_fusionL1_drop0p2_trmiss50_trlocradio,11,0.5465725759665171,0.6900343497594198,0.4957983193277311,0.6577711017796004,0.6,0.0,0.0,0.0,0.0,0.0,0.0,0.0,0.0,0.0,2002,radio,0.5
3,1,lr1e-04_bs16_modL1_fusion32_fusionL1_drop0p2_trmiss50_trlocradio,16,0.0001,1,32,1,0.2,lr1e-04_bs16_modL1_fusion32_fusionL1_drop0p2_trmiss50_trlocradio,12,0.5033857375383377,0.6908555229504904,0.5126050420168067,0.6681962068242895,0.6222222222222222,0.0,0.0,0.0,0.0,0.0,0.0,0.0,0.0,0.0,2002,radio,0.5
3,1,lr1e-04_bs16_modL1_fusion32_fusionL1_drop0p2_trmiss50_trlocradio,16,0.0001,1,32,1,0.2,lr1e-04_bs16_modL1_fusion32_fusionL1_drop0p2_trmiss50_trlocradio,13,0.5125524724523226,0.689820925394694,0.523109243697479,0.6761225859327581,0.5333333333333333,0.0,0.0,0.0,0.0,0.0,0.0,0.0,0.0,0.0,2002,radio,0.5
3,1,lr1e-04_bs16_modL1_fusion32_fusionL1_drop0p2_trmiss50_trlocradio,16,0.0001,1,32,1,0.2,lr1e-04_bs16_modL1_fusion32_fusionL1_drop0p2_trmiss50_trlocradio,14,0.527163083354632,0.6837755441665649,0.49369747899159666,0.6649426372802103,0.5555555555555556,0.0,0.0,0.0,0.0,0.0,0.0,0.0,0.0,0.0,2002,radio,0.5
3,1,lr1e-04_bs16_modL1_fusion32_fusionL1_drop0p2_trmiss50_trlocradio,16,0.0001,1,32,1,0.2,lr1e-04_bs16_modL1_fusion32_fusionL1_drop0p2_trmiss50_trlocradio,15,0.5065330391128858,0.6802178422609965,0.5504201680672268,0.696676167683997,0.5777777777777777,0.0,0.0,0.0,0.0,0.0,0.0,0.0,0.0,0.0,2002,radio,0.5
3,1,lr1e-04_bs16_modL1_fusion32_fusionL1_drop0p2_trmiss50_trlocradio,16,0.0001,1,32,1,0.2,lr1e-04_bs16_modL1_fusion32_fusionL1_drop0p2_trmiss50_trlocradio,16,0.4980280001958211,0.6874488393465678,0.5210084033613446,0.6796836090094964,0.5555555555555556,0.0,0.0,0.0,0.0,0.0,0.0,0.0,0.0,0.0,2002,radio,0.5
3,1,lr1e-04_bs16_modL1_fusion32_fusionL1_drop0p2_trmiss50_trlocradio,16,0.0001,1,32,1,0.2,lr1e-04_bs16_modL1_fusion32_fusionL1_drop0p2_trmiss50_trlocradio,17,0.48337877293427783,0.6909277637799581,0.5231092436974789,0.6769475657814034,0.5777777777777777,0.0,0.0,0.0,0.0,0.0,0.0,0.0,0.0,0.0,2002,radio,0.5
3,1,lr1e-04_bs16_modL1_fusion32_fusionL1_drop0p2_trmiss50_trlocradio,16,0.0001,1,32,1,0.2,lr1e-04_bs16_modL1_fusion32_fusionL1_drop0p2_trmiss50_trlocradio,18,0.4689306616783142,0.694690982500712,0.5189075630252101,0.6606890673693544,0.5555555555555556,0.0,0.0,0.0,0.0,0.0,0.0,0.0,0.0,0.0,2002,radio,0.5
3,1,lr1e-04_bs16_modL1_fusion32_fusionL1_drop0p2_trmiss50_trlocradio,16,0.0001,1,32,1,0.2,lr1e-04_bs16_modL1_fusion32_fusionL1_drop0p2_trmiss50_trlocradio,19,0.47946377098560333,0.6832538843154907,0.5525210084033614,0.6893972127642408,0.5777777777777777,0.0,0.0,0.0,0.0,0.0,0.0,0.0,0.0,0.0,2002,radio,0.5
3,1,lr1e-04_bs16_modL1_fusion32_fusionL1_drop0p2_trmiss50_trlocradio,16,0.0001,1,32,1,0.2,lr1e-04_bs16_modL1_fusion32_fusionL1_drop0p2_trmiss50_trlocradio,20,0.4782978693644206,0.6869801680246989,0.5651260504201681,0.6893210596687963,0.5555555555555556,0.0,0.0,0.0,0.0,0.0,0.0,0.0,0.0,0.0,2002,radio,0.5
3,1,lr1e-04_bs16_modL1_fusion32_fusionL1_drop0p2_trmiss50_trlocradio,16,0.0001,1,32,1,0.2,lr1e-04_bs16_modL1_fusion32_fusionL1_drop0p2_trmiss50_trlocradio,21,0.4758174742261569,0.6874664425849915,0.5609243697478992,0.6870399466755914,0.5777777777777777,0.0,0.0,0.0,0.0,0.0,0.0,0.0,0.0,0.0,2002,radio,0.5
3,1,lr1e-04_bs16_modL1_fusion32_fusionL1_drop0p2_trmiss50_trlocradio,16,0.0001,1,32,1,0.2,lr1e-04_bs16_modL1_fusion32_fusionL1_drop0p2_trmiss50_trlocradio,22,0.4428855702280998,0.6869312524795532,0.5609243697478992,0.685825880405687,0.6,0.0,0.0,0.0,0.0,0.0,0.0,0.0,0.0,0.0,2002,radio,0.5
3,1,lr1e-04_bs16_modL1_fusion32_fusionL1_drop0p2_trmiss50_trlocradio,16,0.0001,1,32,1,0.2,lr1e-04_bs16_modL1_fusion32_fusionL1_drop0p2_trmiss50_trlocradio,23,0.45607620229323703,0.6833181182543436,0.5588235294117647,0.6830147452177793,0.6,0.0,0.0,0.0,0.0,0.0,0.0,0.0,0.0,0.0,2002,radio,0.5
3,1,lr1e-04_bs16_modL1_fusion32_fusionL1_drop0p2_trmiss50_trlocradio,16,0.0001,1,32,1,0.2,lr1e-04_bs16_modL1_fusion32_fusionL1_drop0p2_trmiss50_trlocradio,24,0.44221186886231106,0.68255748351415,0.573529411764706,0.701677164004724,0.6222222222222222,0.0,0.0,0.0,0.0,0.0,0.0,0.0,0.0,0.0,2002,radio,0.5
3,1,lr1e-04_bs16_modL1_fusion32_fusionL1_drop0p2_trmiss50_trlocradio,16,0.0001,1,32,1,0.2,lr1e-04_bs16_modL1_fusion32_fusionL1_drop0p2_trmiss50_trlocradio,25,0.4213794370492299,0.6898520191510519,0.5651260504201681,0.6817084582211234,0.5777777777777777,0.0,0.0,0.0,0.0,0.0,0.0,0.0,0.0,0.0,2002,radio,0.5
3,1,lr1e-04_bs16_modL1_fusion32_fusionL1_drop0p2_trmiss50_trlocradio,16,0.0001,1,32,1,0.2,lr1e-04_bs16_modL1_fusion32_fusionL1_drop0p2_trmiss50_trlocradio,26,0.42878884822130203,0.6910536090532938,0.5567226890756303,0.6801413786315156,0.5777777777777777,0.0,0.0,0.0,0.0,0.0,0.0,0.0,0.0,0.0,2002,radio,0.5
3,1,lr1e-04_bs16_modL1_fusion32_fusionL1_drop0p2_trmiss50_trlocradio,16,0.0001,1,32,1,0.2,lr1e-04_bs16_modL1_fusion32_fusionL1_drop0p2_trmiss50_trlocradio,27,0.4204527586698532,0.6859038670857748,0.546218487394958,0.6842697871346572,0.5777777777777777,0.0,0.0,0.0,0.0,0.0,0.0,0.0,0.0,0.0,2002,radio,0.5
3,1,lr1e-04_bs16_modL1_fusion32_fusionL1_drop0p2_trmiss50_trlocradio,16,0.0001,1,32,1,0.2,lr1e-04_bs16_modL1_fusion32_fusionL1_drop0p2_trmiss50_trlocradio,28,0.42640911042690277,0.695451537768046,0.5294117647058822,0.669317923213406,0.5777777777777777,0.0,0.0,0.0,0.0,0.0,0.0,0.0,0.0,0.0,2002,radio,0.5
3,1,lr1e-04_bs16_modL1_fusion32_fusionL1_drop0p2_trmiss50_trlocradio,16,0.0001,1,32,1,0.2,lr1e-04_bs16_modL1_fusion32_fusionL1_drop0p2_trmiss50_trlocradio,29,0.4221770539879799,0.6887623071670532,0.5441176470588236,0.6791860471216941,0.5777777777777777,0.0,0.0,0.0,0.0,0.0,0.0,0.0,0.0,0.0,2002,radio,0.5
3,1,lr1e-04_bs16_modL1_fusion32_fusionL1_drop0p2_trmiss50_trlocradio,16,0.0001,1,32,1,0.2,lr1e-04_bs16_modL1_fusion32_fusionL1_drop0p2_trmiss50_trlocradio,30,0.44873571147521335,0.7009876370429993,0.5336134453781511,0.6733632204900464,0.5777777777777777,0.0,0.0,0.0,0.0,0.0,0.0,0.0,0.0,0.0,2002,radio,0.5
3,1,lr1e-04_bs16_modL1_fusion32_fusionL1_drop0p2_trmiss50_trlocradio,16,0.0001,1,32,1,0.2,lr1e-04_bs16_modL1_fusion32_fusionL1_drop0p2_trmiss50_trlocradio,31,0.4073498770594597,0.6960534453392029,0.5420168067226891,0.6757054018910144,0.5777777777777777,0.0,0.0,0.0,0.0,0.0,0.0,0.0,0.0,0.0,2002,radio,0.5
3,1,lr1e-04_bs16_modL1_fusion32_fusionL1_drop0p2_trmiss50_trlocradio,16,0.0001,1,32,1,0.2,lr1e-04_bs16_modL1_fusion32_fusionL1_drop0p2_trmiss50_trlocradio,32,0.39449960986773175,0.7002331614494324,0.5378151260504203,0.6768699752303721,0.5777777777777777,0.0,0.0,0.0,0.0,0.0,0.0,0.0,0.0,0.0,2002,radio,0.5
3,1,lr1e-04_bs16_modL1_fusion32_fusionL1_drop0p2_trmiss50_trlocradio,16,0.0001,1,32,1,0.2,lr1e-04_bs16_modL1_fusion32_fusionL1_drop0p2_trmiss50_trlocradio,33,0.40612292538086575,0.6977281173070272,0.5441176470588235,0.6836237084222134,0.5777777777777777,0.0,0.0,0.0,0.0,0.0,0.0,0.0,0.0,0.0,2002,radio,0.5
3,1,lr1e-04_bs16_modL1_fusion32_fusionL1_drop0p2_trmiss50_trlocradio,16,0.0001,1,32,1,0.2,lr1e-04_bs16_modL1_fusion32_fusionL1_drop0p2_trmiss50_trlocradio,34,0.4081582377354304,0.6912690003712972,0.5441176470588236,0.6813807961545579,0.5777777777777777,0.0,0.0,0.0,0.0,0.0,0.0,0.0,0.0,0.0,2002,radio,0.5
3,1,lr1e-04_bs16_modL1_fusion32_fusionL1_drop0p2_trmiss50_trlocradio,16,0.0001,1,32,1,0.2,lr1e-04_bs16_modL1_fusion32_fusionL1_drop0p2_trmiss50_trlocradio,35,0.4093910704056422,0.6968719959259033,0.5399159663865546,0.6801026298402789,0.5555555555555556,0.0,0.0,0.0,0.0,0.0,0.0,0.0,0.0,0.0,2002,radio,0.5
3,1,lr1e-04_bs16_modL1_fusion32_fusionL1_drop0p2_trmiss50_trlocradio,16,0.0001,1,32,1,0.2,lr1e-04_bs16_modL1_fusion32_fusionL1_drop0p2_trmiss50_trlocradio,36,0.3907957971096039,0.6945608854293823,0.5441176470588235,0.6872592319837627,0.5777777777777777,0.0,0.0,0.0,0.0,0.0,0.0,0.0,0.0,0.0,2002,radio,0.5
3,1,lr1e-04_bs16_modL1_fusion32_fusionL1_drop0p2_trmiss50_trlocradio,16,0.0001,1,32,1,0.2,lr1e-04_bs16_modL1_fusion32_fusionL1_drop0p2_trmiss50_trlocradio,37,0.404393936196963,0.693859875202179,0.5441176470588236,0.688066942691323,0.5777777777777777,0.0,0.0,0.0,0.0,0.0,0.0,0.0,0.0,0.0,2002,radio,0.5
3,1,lr1e-04_bs16_modL1_fusion32_fusionL1_drop0p2_trmiss50_trlocradio,16,0.0001,1,32,1,0.2,lr1e-04_bs16_modL1_fusion32_fusionL1_drop0p2_trmiss50_trlocradio,38,0.395337608953317,0.6953071753184,0.542016806722689,0.6797036942344598,0.5777777777777777,0.0,0.0,0.0,0.0,0.0,0.0,0.0,0.0,0.0,2002,radio,0.5
3,1,lr1e-04_bs16_modL1_fusion32_fusionL1_drop0p2_trmiss50_trlocradio,16,0.0001,1,32,1,0.2,lr1e-04_bs16_modL1_fusion32_fusionL1_drop0p2_trmiss50_trlocradio,39,0.394817275305589,0.6926460266113281,0.5630252100840336,0.6932901764593704,0.6222222222222222,0.0,0.0,0.0,0.0,0.0,0.0,0.0,0.0,0.0,2002,radio,0.5
3,1,lr1e-04_bs16_modL1_fusion32_fusionL1_drop0p2_trmiss50_trlocradio,16,0.0001,1,32,1,0.2,lr1e-04_bs16_modL1_fusion32_fusionL1_drop0p2_trmiss50_trlocradio,40,0.39783166845639545,0.6996291677157084,0.5336134453781513,0.6812116702389046,0.5777777777777777,0.0,0.0,0.0,0.0,0.0,0.0,0.0,0.0,0.0,2002,radio,0.5
3,1,lr1e-04_bs16_modL1_fusion32_fusionL1_drop0p2_trmiss50_trlocradio,16,0.0001,1,32,1,0.2,lr1e-04_bs16_modL1_fusion32_fusionL1_drop0p2_trmiss50_trlocradio,41,0.41961118082205456,0.7015672326087952,0.5399159663865546,0.6811847513345021,0.5777777777777777,0.0,0.0,0.0,0.0,0.0,0.0,0.0,0.0,0.0,2002,radio,0.5
3,1,lr1e-04_bs16_modL1_fusion32_fusionL1_drop0p2_trmiss50_trlocradio,16,0.0001,1,32,1,0.2,lr1e-04_bs16_modL1_fusion32_fusionL1_drop0p2_trmiss50_trlocradio,42,0.3960101529955864,0.6995763977368673,0.542016806722689,0.6811133794578518,0.6,0.0,0.0,0.0,0.0,0.0,0.0,0.0,0.0,0.0,2002,radio,0.5
3,1,lr1e-04_bs16_modL1_fusion32_fusionL1_drop0p2_trmiss50_trlocradio,16,0.0001,1,32,1,0.2,lr1e-04_bs16_modL1_fusion32_fusionL1_drop0p2_trmiss50_trlocradio,43,0.4196324348449707,0.7038920124371847,0.5294117647058824,0.6792908522892691,0.6222222222222222,0.0,0.0,0.0,0.0,0.0,0.0,0.0,0.0,0.0,2002,radio,0.5
3,1,lr1e-04_bs16_modL1_fusion32_fusionL1_drop0p2_trmiss50_trlocradio,16,0.0001,1,32,1,0.2,lr1e-04_bs16_modL1_fusion32_fusionL1_drop0p2_trmiss50_trlocradio,44,0.3901577691237132,0.6993596355120341,0.5483193277310925,0.6870031687137371,0.6,0.0,0.0,0.0,0.0,0.0,0.0,0.0,0.0,0.0,2002,radio,0.5
3,1,lr1e-04_bs16_modL1_fusion32_fusionL1_drop0p1_trmiss50_trlocradio,16,0.0001,1,32,1,0.1,lr1e-04_bs16_modL1_fusion32_fusionL1_drop0p1_trmiss50_trlocradio,1,0.7770954767862955,0.7470576763153076,0.4264705882352941,0.5819392530401173,0.37777777777777777,0.0,0.0,0.0,0.0,0.0,0.0,0.0,0.0,0.0,2002,radio,0.5
3,1,lr1e-04_bs16_modL1_fusion32_fusionL1_drop0p1_trmiss50_trlocradio,16,0.0001,1,32,1,0.1,lr1e-04_bs16_modL1_fusion32_fusionL1_drop0p1_trmiss50_trlocradio,2,0.7060667524735132,0.7861226399739584,0.4936974789915966,0.6567838007651734,0.4666666666666667,0.0,0.0,0.0,0.0,0.0,0.0,0.0,0.0,0.0,2002,radio,0.5
3,1,lr1e-04_bs16_modL1_fusion32_fusionL1_drop0p1_trmiss50_trlocradio,16,0.0001,1,32,1,0.1,lr1e-04_bs16_modL1_fusion32_fusionL1_drop0p1_trmiss50_trlocradio,3,0.683806985616684,0.8234023054440817,0.4915966386554622,0.6557117764531858,0.4222222222222222,0.0,0.0,0.0,0.0,0.0,0.0,0.0,0.0,0.0,2002,radio,0.5
3,1,lr1e-04_bs16_modL1_fusion32_fusionL1_drop0p1_trmiss50_trlocradio,16,0.0001,1,32,1,0.1,lr1e-04_bs16_modL1_fusion32_fusionL1_drop0p1_trmiss50_trlocradio,4,0.6470345109701157,0.8257376154263815,0.49579831932773105,0.6590388865865201,0.4222222222222222,0.0,0.0,0.0,0.0,0.0,0.0,0.0,0.0,0.0,2002,radio,0.5
3,1,lr1e-04_bs16_modL1_fusion32_fusionL1_drop0p1_trmiss50_trlocradio,16,0.0001,1,32,1,0.1,lr1e-04_bs16_modL1_fusion32_fusionL1_drop0p1_trmiss50_trlocradio,5,0.6155219326416651,0.8262775937716166,0.4957983193277311,0.6773815578794355,0.4444444444444444,0.0,0.0,0.0,0.0,0.0,0.0,0.0,0.0,0.0,2002,radio,0.5
3,1,lr1e-04_bs16_modL1_fusion32_fusionL1_drop0p1_trmiss50_trlocradio,16,0.0001,1,32,1,0.1,lr1e-04_bs16_modL1_fusion32_fusionL1_drop0p1_trmiss50_trlocradio,6,0.5969416548808416,0.8282342950503031,0.4831932773109244,0.6584388527337229,0.4444444444444444,0.0,0.0,0.0,0.0,0.0,0.0,0.0,0.0,0.0,2002,radio,0.5
3,1,lr1e-04_bs16_modL1_fusion32_fusionL1_drop0p1_trmiss50_trlocradio,16,0.0001,1,32,1,0.1,lr1e-04_bs16_modL1_fusion32_fusionL1_drop0p1_trmiss50_trlocradio,7,0.607458084821701,0.8729461232821146,0.4894957983193278,0.6740660316902354,0.4222222222222222,0.0,0.0,0.0,0.0,0.0,0.0,0.0,0.0,0.0,2002,radio,0.5
3,1,lr1e-04_bs16_modL1_fusion32_fusionL1_drop0p1_trmiss50_trlocradio,16,0.0001,1,32,1,0.1,lr1e-04_bs16_modL1_fusion32_fusionL1_drop0p1_trmiss50_trlocradio,8,0.599764441450437,0.8616906801859537,0.48949579831932777,0.6688285596300496,0.4666666666666667,0.0,0.0,0.0,0.0,0.0,0.0,0.0,0.0,0.0,2002,radio,0.5
3,1,lr1e-04_bs16_modL1_fusion32_fusionL1_drop0p1_trmiss50_trlocradio,16,0.0001,1,32,1,0.1,lr1e-04_bs16_modL1_fusion32_fusionL1_drop0p1_trmiss50_trlocradio,9,0.5847012947003046,0.8738689621289571,0.4831932773109244,0.6589660242959733,0.4222222222222222,0.0,0.0,0.0,0.0,0.0,0.0,0.0,0.0,0.0,2002,radio,0.5
3,1,lr1e-04_bs16_modL1_fusion32_fusionL1_drop0p1_trmiss50_trlocradio,16,0.0001,1,32,1,0.1,lr1e-04_bs16_modL1_fusion32_fusionL1_drop0p1_trmiss50_trlocradio,10,0.5573610762755076,0.854002038637797,0.4852941176470588,0.6687307450135646,0.4888888888888889,0.0,0.0,0.0,0.0,0.0,0.0,0.0,0.0,0.0,2002,radio,0.5
3,1,lr1e-04_bs16_modL1_fusion32_fusionL1_drop0p1_trmiss50_trlocradio,16,0.0001,1,32,1,0.1,lr1e-04_bs16_modL1_fusion32_fusionL1_drop0p1_trmiss50_trlocradio,11,0.5531876981258392,0.8373076121012369,0.4810924369747899,0.6570359994336176,0.4666666666666667,0.0,0.0,0.0,0.0,0.0,0.0,0.0,0.0,0.0,2002,radio,0.5
3,1,lr1e-04_bs16_modL1_fusion32_fusionL1_drop0p1_trmiss50_trlocradio,16,0.0001,1,32,1,0.1,lr1e-04_bs16_modL1_fusion32_fusionL1_drop0p1_trmiss50_trlocradio,12,0.547162930170695,0.8283045291900635,0.5105042016806722,0.6823622184379657,0.4888888888888889,0.0,0.0,0.0,0.0,0.0,0.0,0.0,0.0,0.0,2002,radio,0.5
3,1,lr1e-04_bs16_modL1_fusion32_fusionL1_drop0p1_trmiss50_trlocradio,16,0.0001,1,32,1,0.1,lr1e-04_bs16_modL1_fusion32_fusionL1_drop0p1_trmiss50_trlocradio,13,0.5488830283284187,0.8320278326670328,0.49789915966386555,0.6730554549802316,0.4444444444444444,0.0,0.0,0.0,0.0,0.0,0.0,0.0,0.0,0.0,2002,radio,0.5
3,1,lr1e-04_bs16_modL1_fusion32_fusionL1_drop0p1_trmiss50_trlocradio,16,0.0001,1,32,1,0.1,lr1e-04_bs16_modL1_fusion32_fusionL1_drop0p1_trmiss50_trlocradio,14,0.5340672681728998,0.8374430735905966,0.4978991596638656,0.6707177567044403,0.4666666666666667,0.0,0.0,0.0,0.0,0.0,0.0,0.0,0.0,0.0,2002,radio,0.5
3,1,lr1e-04_bs16_modL1_fusion32_fusionL1_drop0p1_trmiss50_trlocradio,16,0.0001,1,32,1,0.1,lr1e-04_bs16_modL1_fusion32_fusionL1_drop0p1_trmiss50_trlocradio,15,0.5189824253320694,0.7984612782796224,0.5231092436974789,0.6724759564230586,0.4888888888888889,0.0,0.0,0.0,0.0,0.0,0.0,0.0,0.0,0.0,2002,radio,0.5
3,1,lr1e-04_bs16_modL1_fusion32_fusionL1_drop0p1_trmiss50_trlocradio,16,0.0001,1,32,1,0.1,lr1e-04_bs16_modL1_fusion32_fusionL1_drop0p1_trmiss50_trlocradio,16,0.5395392328500748,0.821210503578186,0.5063025210084033,0.6641684823590153,0.4444444444444444,0.0,0.0,0.0,0.0,0.0,0.0,0.0,0.0,0.0,2002,radio,0.5
3,1,lr1e-04_bs16_modL1_fusion32_fusionL1_drop0p1_trmiss50_trlocradio,16,0.0001,1,32,1,0.1,lr1e-04_bs16_modL1_fusion32_fusionL1_drop0p1_trmiss50_trlocradio,17,0.5392181053757668,0.8163167635599772,0.5147058823529412,0.6715114177003072,0.4888888888888889,0.0,0.0,0.0,0.0,0.0,0.0,0.0,0.0,0.0,2002,radio,0.5
3,1,lr1e-04_bs16_modL1_fusion32_fusionL1_drop0p1_trmiss50_trlocradio,16,0.0001,1,32,1,0.1,lr1e-04_bs16_modL1_fusion32_fusionL1_drop0p1_trmiss50_trlocradio,18,0.5079475591580073,0.8151527841885885,0.49789915966386555,0.6654466364156832,0.5111111111111111,0.0,0.0,0.0,0.0,0.0,0.0,0.0,0.0,0.0,2002,radio,0.5
3,1,lr1e-04_bs16_modL1_fusion32_fusionL1_drop0p1_trmiss50_trlocradio,16,0.0001,1,32,1,0.1,lr1e-04_bs16_modL1_fusion32_fusionL1_drop0p1_trmiss50_trlocradio,19,0.5142542868852615,0.802150289217631,0.48949579831932777,0.6612208240491315,0.4888888888888889,0.0,0.0,0.0,0.0,0.0,0.0,0.0,0.0,0.0,2002,radio,0.5
3,1,lr1e-04_bs16_modL1_fusion32_fusionL1_drop0p1_trmiss50_trlocradio,16,0.0001,1,32,1,0.1,lr1e-04_bs16_modL1_fusion32_fusionL1_drop0p1_trmiss50_trlocradio,20,0.5200271382927895,0.8184520602226257,0.49789915966386555,0.6616076758596633,0.5111111111111111,0.0,0.0,0.0,0.0,0.0,0.0,0.0,0.0,0.0,2002,radio,0.5
3,1,lr1e-04_bs16_modL1_fusion32_fusionL1_drop0p1_trmiss50_trlocradio,16,0.0001,1,32,1,0.1,lr1e-04_bs16_modL1_fusion32_fusionL1_drop0p1_trmiss50_trlocradio,21,0.5129248052835464,0.8266755739847819,0.49159663865546216,0.6533958758880489,0.5111111111111111,0.0,0.0,0.0,0.0,0.0,0.0,0.0,0.0,0.0,2002,radio,0.5
3,1,lr1e-04_bs16_modL1_fusion32_fusionL1_drop0p1_trmiss50_trlocradio,16,0.0001,1,32,1,0.1,lr1e-04_bs16_modL1_fusion32_fusionL1_drop0p1_trmiss50_trlocradio,22,0.4991196816166242,0.8378668824831644,0.4915966386554622,0.6584650634876662,0.5111111111111111,0.0,0.0,0.0,0.0,0.0,0.0,0.0,0.0,0.0,2002,radio,0.5
3,1,lr1e-04_bs16_modL1_fusion32_fusionL1_drop0p1_trmiss50_trlocradio,16,0.0001,1,32,1,0.1,lr1e-04_bs16_modL1_fusion32_fusionL1_drop0p1_trmiss50_trlocradio,23,0.5171297043561935,0.8286782304445902,0.49369747899159666,0.6540055893813708,0.5111111111111111,0.0,0.0,0.0,0.0,0.0,0.0,0.0,0.0,0.0,2002,radio,0.5
3,1,lr1e-04_bs16_modL1_fusion32_fusionL1_drop0p1_trmiss50_trlocradio,16,0.0001,1,32,1,0.1,lr1e-04_bs16_modL1_fusion32_fusionL1_drop0p1_trmiss50_trlocradio,24,0.5291427125533422,0.8481034437815348,0.49579831932773116,0.6566537532337022,0.4444444444444444,0.0,0.0,0.0,0.0,0.0,0.0,0.0,0.0,0.0,2002,radio,0.5
3,1,lr1e-04_bs16_modL1_fusion32_fusionL1_drop0p1_trmiss50_trlocradio,16,0.0001,1,32,1,0.1,lr1e-04_bs16_modL1_fusion32_fusionL1_drop0p1_trmiss50_trlocradio,25,0.495461401840051,0.8187720576922098,0.5168067226890756,0.6736375303439778,0.5111111111111111,0.0,0.0,0.0,0.0,0.0,0.0,0.0,0.0,0.0,2002,radio,0.5
3,1,lr1e-04_bs16_modL1_fusion32_fusionL1_drop0p1_trmiss50_trlocradio,16,0.0001,1,32,1,0.1,lr1e-04_bs16_modL1_fusion32_fusionL1_drop0p1_trmiss50_trlocradio,26,0.5108833735187849,0.8424528241157532,0.5147058823529411,0.6715770907835382,0.5111111111111111,0.0,0.0,0.0,0.0,0.0,0.0,0.0,0.0,0.0,2002,radio,0.5
3,1,lr1e-04_bs16_modL1_fusion32_fusionL1_drop0p1_trmiss50_trlocradio,16,0.0001,1,32,1,0.1,lr1e-04_bs16_modL1_fusion32_fusionL1_drop0p1_trmiss50_trlocradio,27,0.49943295617898303,0.8506060043970743,0.5189075630252101,0.6756551634001448,0.4666666666666667,0.0,0.0,0.0,0.0,0.0,0.0,0.0,0.0,0.0,2002,radio,0.5
3,1,lr1e-04_bs16_modL1_fusion32_fusionL1_drop0p1_trmiss50_trlocradio,16,0.0001,1,32,1,0.1,lr1e-04_bs16_modL1_fusion32_fusionL1_drop0p1_trmiss50_trlocradio,28,0.5169450864195824,0.8608283400535583,0.5021008403361344,0.6570291580978423,0.4666666666666667,0.0,0.0,0.0,0.0,0.0,0.0,0.0,0.0,0.0,2002,radio,0.5
3,1,lr1e-04_bs16_modL1_fusion32_fusionL1_drop0p1_trmiss50_trlocradio,16,0.0001,1,32,1,0.1,lr1e-04_bs16_modL1_fusion32_fusionL1_drop0p1_trmiss50_trlocradio,29,0.49307018021742505,0.8566051522890726,0.48949579831932777,0.6487995025992793,0.4888888888888889,0.0,0.0,0.0,0.0,0.0,0.0,0.0,0.0,0.0,2002,radio,0.5
3,1,lr1e-04_bs16_modL1_fusion32_fusionL1_drop0p1_trmiss50_trlocradio,16,0.0001,1,32,1,0.1,lr1e-04_bs16_modL1_fusion32_fusionL1_drop0p1_trmiss50_trlocradio,30,0.49228082597255707,0.8096021413803101,0.5021008403361344,0.6591356238512991,0.5111111111111111,0.0,0.0,0.0,0.0,0.0,0.0,0.0,0.0,0.0,2002,radio,0.5
3,1,lr1e-04_bs16_modL1_fusion32_fusionL1_drop0p1_trmiss50_trlocradio,16,0.0001,1,32,1,0.1,lr1e-04_bs16_modL1_fusion32_fusionL1_drop0p1_trmiss50_trlocradio,31,0.48586634546518326,0.8215171694755554,0.5042016806722689,0.6658171634143615,0.5111111111111111,0.0,0.0,0.0,0.0,0.0,0.0,0.0,0.0,0.0,2002,radio,0.5
3,1,lr1e-04_bs16_modL1_fusion32_fusionL1_drop0p1_trmiss50_trlocradio,16,0.0001,1,32,1,0.1,lr1e-04_bs16_modL1_fusion32_fusionL1_drop0p1_trmiss50_trlocradio,32,0.49041756987571716,0.8283027609189352,0.4936974789915966,0.657761296332204,0.5111111111111111,0.0,0.0,0.0,0.0,0.0,0.0,0.0,0.0,0.0,2002,radio,0.5
3,1,lr1e-04_bs16_modL1_fusion32_fusionL1_drop0p1_trmiss50_trlocradio,16,0.0001,1,32,1,0.1,lr1e-04_bs16_modL1_fusion32_fusionL1_drop0p1_trmiss50_trlocradio,33,0.48142915467421216,0.84000164270401,0.5084033613445378,0.6666629135392313,0.5111111111111111,0.0,0.0,0.0,0.0,0.0,0.0,0.0,0.0,0.0,2002,radio,0.5
3,1,lr1e-04_bs16_modL1_fusion32_fusionL1_drop0p1_trmiss50_trlocradio,16,0.0001,1,32,1,0.1,lr1e-04_bs16_modL1_fusion32_fusionL1_drop0p1_trmiss50_trlocradio,34,0.48853035767873126,0.8266957799593607,0.5021008403361344,0.6615608647452321,0.5111111111111111,0.0,0.0,0.0,0.0,0.0,0.0,0.0,0.0,0.0,2002,radio,0.5
3,1,lr1e-04_bs16_modL1_fusion32_fusionL1_drop0p1_trmiss50_trlocradio,16,0.0001,1,32,1,0.1,lr1e-04_bs16_modL1_fusion32_fusionL1_drop0p1_trmiss50_trlocradio,35,0.506516898671786,0.8473843733469645,0.4936974789915966,0.6354770420800328,0.5111111111111111,0.0,0.0,0.0,0.0,0.0,0.0,0.0,0.0,0.0,2002,radio,0.5
3,1,lr1e-04_bs16_modL1_fusion64_fusionL1_drop0p2_trmiss50_trlocradio,16,0.0001,1,64,1,0.2,lr1e-04_bs16_modL1_fusion64_fusionL1_drop0p2_trmiss50_trlocradio,1,0.6944550921519598,0.6912967363993326,0.5567226890756303,0.6630503972277914,0.5111111111111111,0.0,0.0,0.0,0.0,0.0,0.0,0.0,0.0,0.0,2002,radio,0.5
3,1,lr1e-04_bs16_modL1_fusion64_fusionL1_drop0p2_trmiss50_trlocradio,16,0.0001,1,64,1,0.2,lr1e-04_bs16_modL1_fusion64_fusionL1_drop0p2_trmiss50_trlocradio,2,0.6505241543054581,0.6952182650566101,0.5525210084033613,0.6621716317065823,0.5333333333333333,0.0,0.0,0.0,0.0,0.0,0.0,0.0,0.0,0.0,2002,radio,0.5
3,1,lr1e-04_bs16_modL1_fusion64_fusionL1_drop0p2_trmiss50_trlocradio,16,0.0001,1,64,1,0.2,lr1e-04_bs16_modL1_fusion64_fusionL1_drop0p2_trmiss50_trlocradio,3,0.6384996275107065,0.7048111160596212,0.5672268907563025,0.66829043192773,0.5333333333333333,0.0,0.0,0.0,0.0,0.0,0.0,0.0,0.0,0.0,2002,radio,0.5
3,1,lr1e-04_bs16_modL1_fusion64_fusionL1_drop0p2_trmiss50_trlocradio,16,0.0001,1,64,1,0.2,lr1e-04_bs16_modL1_fusion64_fusionL1_drop0p2_trmiss50_trlocradio,4,0.5754386732975642,0.7121331294377645,0.5525210084033614,0.6561168770767155,0.5333333333333333,0.0,0.0,0.0,0.0,0.0,0.0,0.0,0.0,0.0,2002,radio,0.5
3,1,lr1e-04_bs16_modL1_fusion64_fusionL1_drop0p2_trmiss50_trlocradio,16,0.0001,1,64,1,0.2,lr1e-04_bs16_modL1_fusion64_fusionL1_drop0p2_trmiss50_trlocradio,5,0.5634175737698873,0.7138028542200724,0.5441176470588236,0.6499300372566083,0.5111111111111111,0.0,0.0,0.0,0.0,0.0,0.0,0.0,0.0,0.0,2002,radio,0.5
3,1,lr1e-04_bs16_modL1_fusion64_fusionL1_drop0p2_trmiss50_trlocradio,16,0.0001,1,64,1,0.2,lr1e-04_bs16_modL1_fusion64_fusionL1_drop0p2_trmiss50_trlocradio,6,0.5619635234276453,0.7125019629796346,0.5399159663865546,0.6474400663387069,0.5111111111111111,0.0,0.0,0.0,0.0,0.0,0.0,0.0,0.0,0.0,2002,radio,0.5
3,1,lr1e-04_bs16_modL1_fusion64_fusionL1_drop0p2_trmiss50_trlocradio,16,0.0001,1,64,1,0.2,lr1e-04_bs16_modL1_fusion64_fusionL1_drop0p2_trmiss50_trlocradio,7,0.5422359456618627,0.7157924572626749,0.5315126050420168,0.6456072853230325,0.5111111111111111,0.0,0.0,0.0,0.0,0.0,0.0,0.0,0.0,0.0,2002,radio,0.5
3,1,lr1e-04_bs16_modL1_fusion64_fusionL1_drop0p2_trmiss50_trlocradio,16,0.0001,1,64,1,0.2,lr1e-04_bs16_modL1_fusion64_fusionL1_drop0p2_trmiss50_trlocradio,8,0.5170062954227129,0.7143874764442444,0.5357142857142857,0.6476690365477725,0.4666666666666667,0.0,0.0,0.0,0.0,0.0,0.0,0.0,0.0,0.0,2002,radio,0.5
3,1,lr1e-04_bs16_modL1_fusion64_fusionL1_drop0p2_trmiss50_trlocradio,16,0.0001,1,64,1,0.2,lr1e-04_bs16_modL1_fusion64_fusionL1_drop0p2_trmiss50_trlocradio,9,0.5073115304112434,0.7155593236287435,0.5357142857142858,0.6495596624045638,0.4666666666666667,0.0,0.0,0.0,0.0,0.0,0.0,0.0,0.0,0.0,2002,radio,0.5
3,1,lr1e-04_bs16_modL1_fusion64_fusionL1_drop0p2_trmiss50_trlocradio,16,0.0001,1,64,1,0.2,lr1e-04_bs16_modL1_fusion64_fusionL1_drop0p2_trmiss50_trlocradio,10,0.48920658230781555,0.7159566084543864,0.5336134453781513,0.6474847785679204,0.5111111111111111,0.0,0.0,0.0,0.0,0.0,0.0,0.0,0.0,0.0,2002,radio,0.5
3,1,lr1e-04_bs16_modL1_fusion64_fusionL1_drop0p2_trmiss50_trlocradio,16,0.0001,1,64,1,0.2,lr1e-04_bs16_modL1_fusion64_fusionL1_drop0p2_trmiss50_trlocradio,11,0.5010496377944946,0.718893309434255,0.5273109243697479,0.6489204910824135,0.5111111111111111,0.0,0.0,0.0,0.0,0.0,0.0,0.0,0.0,0.0,2002,radio,0.5
3,1,lr1e-04_bs16_modL1_fusion64_fusionL1_drop0p2_trmiss50_trlocradio,16,0.0001,1,64,1,0.2,lr1e-04_bs16_modL1_fusion64_fusionL1_drop0p2_trmiss50_trlocradio,12,0.5025967409213384,0.7190601030985514,0.5357142857142858,0.6528291571825052,0.5333333333333333,0.0,0.0,0.0,0.0,0.0,0.0,0.0,0.0,0.0,2002,radio,0.5
3,1,lr1e-04_bs16_modL1_fusion64_fusionL1_drop0p2_trmiss50_trlocradio,16,0.0001,1,64,1,0.2,lr1e-04_bs16_modL1_fusion64_fusionL1_drop0p2_trmiss50_trlocradio,13,0.49585628261168796,0.7237598101298014,0.5273109243697478,0.6507127212975351,0.5111111111111111,0.0,0.0,0.0,0.0,0.0,0.0,0.0,0.0,0.0,2002,radio,0.5
3,1,lr1e-04_bs16_modL1_fusion64_fusionL1_drop0p2_trmiss50_trlocradio,16,0.0001,1,64,1,0.2,lr1e-04_bs16_modL1_fusion64_fusionL1_drop0p2_trmiss50_trlocradio,14,0.5017757539947828,0.7158456842104594,0.5357142857142857,0.6532630515175928,0.5333333333333333,0.0,0.0,0.0,0.0,0.0,0.0,0.0,0.0,0.0,2002,radio,0.5
3,1,lr1e-04_bs16_modL1_fusion64_fusionL1_drop0p2_trmiss50_trlocradio,16,0.0001,1,64,1,0.2,lr1e-04_bs16_modL1_fusion64_fusionL1_drop0p2_trmiss50_trlocradio,15,0.4818031961719195,0.7065699100494385,0.5357142857142858,0.6524528669085047,0.5111111111111111,0.0,0.0,0.0,0.0,0.0,0.0,0.0,0.0,0.0,2002,radio,0.5
3,1,lr1e-04_bs16_modL1_fusion64_fusionL1_drop0p2_trmiss50_trlocradio,16,0.0001,1,64,1,0.2,lr1e-04_bs16_modL1_fusion64_fusionL1_drop0p2_trmiss50_trlocradio,16,0.4967796802520752,0.7093509435653687,0.5294117647058824,0.6547224025121526,0.5111111111111111,0.0,0.0,0.0,0.0,0.0,0.0,0.0,0.0,0.0,2002,radio,0.5
3,1,lr1e-04_bs16_modL1_fusion64_fusionL1_drop0p2_trmiss50_trlocradio,16,0.0001,1,64,1,0.2,lr1e-04_bs16_modL1_fusion64_fusionL1_drop0p2_trmiss50_trlocradio,17,0.5046013643344244,0.7236623366673788,0.5147058823529411,0.6412996887517883,0.4888888888888889,0.0,0.0,0.0,0.0,0.0,0.0,0.0,0.0,0.0,2002,radio,0.5
3,1,lr1e-04_bs16_modL1_fusion64_fusionL1_drop0p2_trmiss50_trlocradio,16,0.0001,1,64,1,0.2,lr1e-04_bs16_modL1_fusion64_fusionL1_drop0p2_trmiss50_trlocradio,18,0.47121569017569226,0.7186552286148071,0.5168067226890757,0.6422172856693352,0.5111111111111111,0.0,0.0,0.0,0.0,0.0,0.0,0.0,0.0,0.0,2002,radio,0.5
3,1,lr1e-04_bs16_modL1_fusion64_fusionL1_drop0p2_trmiss50_trlocradio,16,0.0001,1,64,1,0.2,lr1e-04_bs16_modL1_fusion64_fusionL1_drop0p2_trmiss50_trlocradio,19,0.4747292722264926,0.721301813920339,0.5210084033613445,0.6483569721280924,0.4888888888888889,0.0,0.0,0.0,0.0,0.0,0.0,0.0,0.0,0.0,2002,radio,0.5
3,1,lr1e-04_bs16_modL1_fusion64_fusionL1_drop0p2_trmiss50_trlocradio,16,0.0001,1,64,1,0.2,lr1e-04_bs16_modL1_fusion64_fusionL1_drop0p2_trmiss50_trlocradio,20,0.48030152668555576,0.7282666365305582,0.5063025210084033,0.6403269812856015,0.5111111111111111,0.0,0.0,0.0,0.0,0.0,0.0,0.0,0.0,0.0,2002,radio,0.5
3,1,lr1e-04_bs16_modL1_fusion64_fusionL1_drop0p2_trmiss50_trlocradio,16,0.0001,1,64,1,0.2,lr1e-04_bs16_modL1_fusion64_fusionL1_drop0p2_trmiss50_trlocradio,21,0.47625070065259933,0.7296130259831747,0.5210084033613445,0.6443040865460831,0.4888888888888889,0.0,0.0,0.0,0.0,0.0,0.0,0.0,0.0,0.0,2002,radio,0.5
3,1,lr1e-04_bs16_modL1_fusion64_fusionL1_drop0p2_trmiss50_trlocradio,16,0.0001,1,64,1,0.2,lr1e-04_bs16_modL1_fusion64_fusionL1_drop0p2_trmiss50_trlocradio,22,0.4523274724682172,0.7325281699498495,0.5,0.6368817536075017,0.4888888888888889,0.0,0.0,0.0,0.0,0.0,0.0,0.0,0.0,0.0,2002,radio,0.5
3,1,lr1e-04_bs16_modL1_fusion64_fusionL1_drop0p2_trmiss50_trlocradio,16,0.0001,1,64,1,0.2,lr1e-04_bs16_modL1_fusion64_fusionL1_drop0p2_trmiss50_trlocradio,23,0.48415515571832657,0.7271674275398254,0.5105042016806722,0.6391321721622379,0.4888888888888889,0.0,0.0,0.0,0.0,0.0,0.0,0.0,0.0,0.0,2002,radio,0.5
3,1,lr1e-04_bs16_modL1_fusion64_fusionL1_drop0p2_trmiss50_trlocradio,16,0.0001,1,64,1,0.2,lr1e-04_bs16_modL1_fusion64_fusionL1_drop0p2_trmiss50_trlocradio,24,0.4508773262302081,0.7226151426633199,0.51890756302521,0.6432742223859668,0.4666666666666667,0.0,0.0,0.0,0.0,0.0,0.0,0.0,0.0,0.0,2002,radio,0.5
3,1,lr1e-04_bs16_modL1_fusion64_fusionL1_drop0p2_trmiss50_trlocradio,16,0.0001,1,64,1,0.2,lr1e-04_bs16_modL1_fusion64_fusionL1_drop0p2_trmiss50_trlocradio,25,0.44816645483175915,0.7208391030629476,0.523109243697479,0.6468346641304626,0.4888888888888889,0.0,0.0,0.0,0.0,0.0,0.0,0.0,0.0,0.0,2002,radio,0.5
3,1,lr1e-04_bs16_modL1_fusion64_fusionL1_drop0p1_trmiss50_trlocradio,16,0.0001,1,64,1,0.1,lr1e-04_bs16_modL1_fusion64_fusionL1_drop0p1_trmiss50_trlocradio,1,0.7374424586693445,0.7203840414683024,0.5567226890756303,0.6325250908852886,0.3111111111111111,0.0,0.0,0.0,0.0,0.0,0.0,0.0,0.0,0.0,2002,radio,0.5
3,1,lr1e-04_bs16_modL1_fusion64_fusionL1_drop0p1_trmiss50_trlocradio,16,0.0001,1,64,1,0.1,lr1e-04_bs16_modL1_fusion64_fusionL1_drop0p1_trmiss50_trlocradio,2,0.6753216236829758,0.7319507996241251,0.546218487394958,0.6336466793300422,0.4222222222222222,0.0,0.0,0.0,0.0,0.0,0.0,0.0,0.0,0.0,2002,radio,0.5
3,1,lr1e-04_bs16_modL1_fusion64_fusionL1_drop0p1_trmiss50_trlocradio,16,0.0001,1,64,1,0.1,lr1e-04_bs16_modL1_fusion64_fusionL1_drop0p1_trmiss50_trlocradio,3,0.659403994679451,0.7431263128916422,0.5609243697478992,0.6680130305713934,0.4444444444444444,0.0,0.0,0.0,0.0,0.0,0.0,0.0,0.0,0.0,2002,radio,0.5
3,1,lr1e-04_bs16_modL1_fusion64_fusionL1_drop0p1_trmiss50_trlocradio,16,0.0001,1,64,1,0.1,lr1e-04_bs16_modL1_fusion64_fusionL1_drop0p1_trmiss50_trlocradio,4,0.6300148516893387,0.7406888604164124,0.5588235294117647,0.6802940375009724,0.4444444444444444,0.0,0.0,0.0,0.0,0.0,0.0,0.0,0.0,0.0,2002,radio,0.5
3,1,lr1e-04_bs16_modL1_fusion64_fusionL1_drop0p1_trmiss50_trlocradio,16,0.0001,1,64,1,0.1,lr1e-04_bs16_modL1_fusion64_fusionL1_drop0p1_trmiss50_trlocradio,5,0.6133553584416708,0.740635097026825,0.5882352941176471,0.7062990079925048,0.4222222222222222,0.0,0.0,0.0,0.0,0.0,0.0,0.0,0.0,0.0,2002,radio,0.5
3,1,lr1e-04_bs16_modL1_fusion64_fusionL1_drop0p1_trmiss50_trlocradio,16,0.0001,1,64,1,0.1,lr1e-04_bs16_modL1_fusion64_fusionL1_drop0p1_trmiss50_trlocradio,6,0.6098485688368479,0.7263754804929098,0.569327731092437,0.6957641793269355,0.4222222222222222,0.0,0.0,0.0,0.0,0.0,0.0,0.0,0.0,0.0,2002,radio,0.5
3,1,lr1e-04_bs16_modL1_fusion64_fusionL1_drop0p1_trmiss50_trlocradio,16,0.0001,1,64,1,0.1,lr1e-04_bs16_modL1_fusion64_fusionL1_drop0p1_trmiss50_trlocradio,7,0.5919422060251236,0.7340911229451498,0.5672268907563025,0.6979256288132046,0.4222222222222222,0.0,0.0,0.0,0.0,0.0,0.0,0.0,0.0,0.0,2002,radio,0.5
3,1,lr1e-04_bs16_modL1_fusion64_fusionL1_drop0p1_trmiss50_trlocradio,16,0.0001,1,64,1,0.1,lr1e-04_bs16_modL1_fusion64_fusionL1_drop0p1_trmiss50_trlocradio,8,0.5490195602178574,0.7254044612248739,0.5777310924369747,0.7032282501684574,0.4444444444444444,0.0,0.0,0.0,0.0,0.0,0.0,0.0,0.0,0.0,2002,radio,0.5
3,1,lr1e-04_bs16_modL1_fusion64_fusionL1_drop0p1_trmiss50_trlocradio,16,0.0001,1,64,1,0.1,lr1e-04_bs16_modL1_fusion64_fusionL1_drop0p1_trmiss50_trlocradio,9,0.5493551790714264,0.7275919715563456,0.5777310924369747,0.7012980663488496,0.4444444444444444,0.0,0.0,0.0,0.0,0.0,0.0,0.0,0.0,0.0,2002,radio,0.5
3,1,lr1e-04_bs16_modL1_fusion64_fusionL1_drop0p1_trmiss50_trlocradio,16,0.0001,1,64,1,0.1,lr1e-04_bs16_modL1_fusion64_fusionL1_drop0p1_trmiss50_trlocradio,10,0.5346168826023737,0.7213934063911438,0.569327731092437,0.6940954303827118,0.4222222222222222,0.0,0.0,0.0,0.0,0.0,0.0,0.0,0.0,0.0,2002,radio,0.5
3,1,lr1e-04_bs16_modL1_fusion64_fusionL1_drop0p1_trmiss50_trlocradio,16,0.0001,1,64,1,0.1,lr1e-04_bs16_modL1_fusion64_fusionL1_drop0p1_trmiss50_trlocradio,11,0.5465859373410543,0.7274770538012186,0.5798319327731092,0.7062860452698357,0.4,0.0,0.0,0.0,0.0,0.0,0.0,0.0,0.0,0.0,2002,radio,0.5
3,1,lr1e-04_bs16_modL1_fusion64_fusionL1_drop0p1_trmiss50_trlocradio,16,0.0001,1,64,1,0.1,lr1e-04_bs16_modL1_fusion64_fusionL1_drop0p1_trmiss50_trlocradio,12,0.5149078642328581,0.7094937562942505,0.5945378151260504,0.7194901320766829,0.4222222222222222,0.0,0.0,0.0,0.0,0.0,0.0,0.0,0.0,0.0,2002,radio,0.5
3,1,lr1e-04_bs16_modL1_fusion64_fusionL1_drop0p1_trmiss50_trlocradio,16,0.0001,1,64,1,0.1,lr1e-04_bs16_modL1_fusion64_fusionL1_drop0p1_trmiss50_trlocradio,13,0.5140264704823494,0.702049195766449,0.5861344537815126,0.7147832527510751,0.4888888888888889,0.0,0.0,0.0,0.0,0.0,0.0,0.0,0.0,0.0,2002,radio,0.5
3,1,lr1e-04_bs16_modL1_fusion64_fusionL1_drop0p1_trmiss50_trlocradio,16,0.0001,1,64,1,0.1,lr1e-04_bs16_modL1_fusion64_fusionL1_drop0p1_trmiss50_trlocradio,14,0.5148342053095499,0.6970614393552145,0.6050420168067228,0.7145135246445214,0.4666666666666667,0.0,0.0,0.0,0.0,0.0,0.0,0.0,0.0,0.0,2002,radio,0.5
3,1,lr1e-04_bs16_modL1_fusion64_fusionL1_drop0p1_trmiss50_trlocradio,16,0.0001,1,64,1,0.1,lr1e-04_bs16_modL1_fusion64_fusionL1_drop0p1_trmiss50_trlocradio,15,0.5050108805298805,0.7229888240496317,0.5861344537815126,0.7105640814114624,0.4444444444444444,0.0,0.0,0.0,0.0,0.0,0.0,0.0,0.0,0.0,2002,radio,0.5
3,1,lr1e-04_bs16_modL1_fusion64_fusionL1_drop0p1_trmiss50_trlocradio,16,0.0001,1,64,1,0.1,lr1e-04_bs16_modL1_fusion64_fusionL1_drop0p1_trmiss50_trlocradio,16,0.4735662216941516,0.7050792773564657,0.5756302521008403,0.702816231765992,0.4444444444444444,0.0,0.0,0.0,0.0,0.0,0.0,0.0,0.0,0.0,2002,radio,0.5
3,1,lr1e-04_bs16_modL1_fusion64_fusionL1_drop0p1_trmiss50_trlocradio,16,0.0001,1,64,1,0.1,lr1e-04_bs16_modL1_fusion64_fusionL1_drop0p1_trmiss50_trlocradio,17,0.49836492786804837,0.713868260383606,0.5819327731092436,0.7074165891972316,0.4444444444444444,0.0,0.0,0.0,0.0,0.0,0.0,0.0,0.0,0.0,2002,radio,0.5
3,1,lr1e-04_bs16_modL1_fusion64_fusionL1_drop0p1_trmiss50_trlocradio,16,0.0001,1,64,1,0.1,lr1e-04_bs16_modL1_fusion64_fusionL1_drop0p1_trmiss50_trlocradio,18,0.4867413714528084,0.7237832546234131,0.5777310924369748,0.7146772824974039,0.4666666666666667,0.0,0.0,0.0,0.0,0.0,0.0,0.0,0.0,0.0,2002,radio,0.5
3,1,lr1e-04_bs16_modL1_fusion64_fusionL1_drop0p1_trmiss50_trlocradio,16,0.0001,1,64,1,0.1,lr1e-04_bs16_modL1_fusion64_fusionL1_drop0p1_trmiss50_trlocradio,19,0.46755897005399066,0.7007496158281962,0.5882352941176471,0.719237216779668,0.4666666666666667,0.0,0.0,0.0,0.0,0.0,0.0,0.0,0.0,0.0,2002,radio,0.5
3,1,lr1e-04_bs16_modL1_fusion64_fusionL1_drop0p1_trmiss50_trlocradio,16,0.0001,1,64,1,0.1,lr1e-04_bs16_modL1_fusion64_fusionL1_drop0p1_trmiss50_trlocradio,20,0.45110304405291873,0.7091877857844034,0.5714285714285714,0.7142062953201751,0.4444444444444444,0.0,0.0,0.0,0.0,0.0,0.0,0.0,0.0,0.0,2002,radio,0.5
3,1,lr1e-04_bs16_modL1_fusion64_fusionL1_drop0p1_trmiss50_trlocradio,16,0.0001,1,64,1,0.1,lr1e-04_bs16_modL1_fusion64_fusionL1_drop0p1_trmiss50_trlocradio,21,0.4566603824496269,0.7180135846138,0.5651260504201681,0.7041694885535145,0.4222222222222222,0.0,0.0,0.0,0.0,0.0,0.0,0.0,0.0,0.0,2002,radio,0.5
3,1,lr1e-04_bs16_modL1_fusion64_fusionL1_drop0p1_trmiss50_trlocradio,16,0.0001,1,64,1,0.1,lr1e-04_bs16_modL1_fusion64_fusionL1_drop0p1_trmiss50_trlocradio,22,0.4427884171406428,0.7153704961140951,0.5651260504201681,0.7071364746829325,0.4222222222222222,0.0,0.0,0.0,0.0,0.0,0.0,0.0,0.0,0.0,2002,radio,0.5
3,1,lr1e-04_bs16_modL1_fusion64_fusionL1_drop0p1_trmiss50_trlocradio,16,0.0001,1,64,1,0.1,lr1e-04_bs16_modL1_fusion64_fusionL1_drop0p1_trmiss50_trlocradio,23,0.4339745615919431,0.7115299304326376,0.5672268907563025,0.7083270361519334,0.4222222222222222,0.0,0.0,0.0,0.0,0.0,0.0,0.0,0.0,0.0,2002,radio,0.5
3,1,lr1e-04_bs16_modL1_fusion64_fusionL1_drop0p1_trmiss50_trlocradio,16,0.0001,1,64,1,0.1,lr1e-04_bs16_modL1_fusion64_fusionL1_drop0p1_trmiss50_trlocradio,24,0.44094306975603104,0.7151383360226949,0.5672268907563025,0.7067135306098564,0.4222222222222222,0.0,0.0,0.0,0.0,0.0,0.0,0.0,0.0,0.0,2002,radio,0.5
3,1,lr1e-04_bs16_modL1_fusion64_fusionL1_drop0p1_trmiss50_trlocradio,16,0.0001,1,64,1,0.1,lr1e-04_bs16_modL1_fusion64_fusionL1_drop0p1_trmiss50_trlocradio,25,0.43380963802337646,0.7108687361081442,0.5861344537815126,0.7190692492717128,0.4666666666666667,0.0,0.0,0.0,0.0,0.0,0.0,0.0,0.0,0.0,2002,radio,0.5
3,1,lr1e-04_bs16_modL1_fusion64_fusionL1_drop0p1_trmiss50_trlocradio,16,0.0001,1,64,1,0.1,lr1e-04_bs16_modL1_fusion64_fusionL1_drop0p1_trmiss50_trlocradio,26,0.4404553870360057,0.7000148892402649,0.5966386554621849,0.7277625353398987,0.4666666666666667,0.0,0.0,0.0,0.0,0.0,0.0,0.0,0.0,0.0,2002,radio,0.5
3,1,lr1e-04_bs16_modL1_fusion64_fusionL1_drop0p1_trmiss50_trlocradio,16,0.0001,1,64,1,0.1,lr1e-04_bs16_modL1_fusion64_fusionL1_drop0p1_trmiss50_trlocradio,27,0.4351425940791766,0.7009265820185343,0.6071428571428571,0.732268860284774,0.4444444444444444,0.0,0.0,0.0,0.0,0.0,0.0,0.0,0.0,0.0,2002,radio,0.5
3,1,lr1e-04_bs16_modL1_fusion64_fusionL1_drop0p1_trmiss50_trlocradio,16,0.0001,1,64,1,0.1,lr1e-04_bs16_modL1_fusion64_fusionL1_drop0p1_trmiss50_trlocradio,28,0.4215150251984596,0.7080316543579102,0.5882352941176471,0.7147433648393869,0.4444444444444444,0.0,0.0,0.0,0.0,0.0,0.0,0.0,0.0,0.0,2002,radio,0.5
3,1,lr1e-04_bs16_modL1_fusion64_fusionL1_drop0p1_trmiss50_trlocradio,16,0.0001,1,64,1,0.1,lr1e-04_bs16_modL1_fusion64_fusionL1_drop0p1_trmiss50_trlocradio,29,0.44231484333674115,0.703339159488678,0.5861344537815126,0.7221449857748424,0.4444444444444444,0.0,0.0,0.0,0.0,0.0,0.0,0.0,0.0,0.0,2002,radio,0.5
3,1,lr1e-04_bs16_modL1_fusion64_fusionL1_drop0p1_trmiss50_trlocradio,16,0.0001,1,64,1,0.1,lr1e-04_bs16_modL1_fusion64_fusionL1_drop0p1_trmiss50_trlocradio,30,0.4538299689690272,0.7027469476064047,0.6029411764705882,0.7257972648001959,0.4444444444444444,0.0,0.0,0.0,0.0,0.0,0.0,0.0,0.0,0.0,2002,radio,0.5
3,1,lr1e-04_bs16_modL1_fusion64_fusionL1_drop0p1_trmiss50_trlocradio,16,0.0001,1,64,1,0.1,lr1e-04_bs16_modL1_fusion64_fusionL1_drop0p1_trmiss50_trlocradio,31,0.419104943672816,0.6891048153241476,0.5945378151260504,0.7166270353527752,0.4444444444444444,0.0,0.0,0.0,0.0,0.0,0.0,0.0,0.0,0.0,2002,radio,0.5
3,1,lr1e-04_bs16_modL1_fusion64_fusionL1_drop0p1_trmiss50_trlocradio,16,0.0001,1,64,1,0.1,lr1e-04_bs16_modL1_fusion64_fusionL1_drop0p1_trmiss50_trlocradio,32,0.4376284306248029,0.7041146953900655,0.5903361344537815,0.7149394247005934,0.4666666666666667,0.0,0.0,0.0,0.0,0.0,0.0,0.0,0.0,0.0,2002,radio,0.5
3,1,lr1e-04_bs16_modL1_fusion64_fusionL1_drop0p1_trmiss50_trlocradio,16,0.0001,1,64,1,0.1,lr1e-04_bs16_modL1_fusion64_fusionL1_drop0p1_trmiss50_trlocradio,33,0.43095940599838894,0.6974384586016337,0.592436974789916,0.7117135830818946,0.4888888888888889,0.0,0.0,0.0,0.0,0.0,0.0,0.0,0.0,0.0,2002,radio,0.5
3,1,lr1e-04_bs16_modL1_fusion64_fusionL1_drop0p1_trmiss50_trlocradio,16,0.0001,1,64,1,0.1,lr1e-04_bs16_modL1_fusion64_fusionL1_drop0p1_trmiss50_trlocradio,34,0.41453731805086136,0.6873768369356791,0.5882352941176471,0.7107719371927697,0.4666666666666667,0.0,0.0,0.0,0.0,0.0,0.0,0.0,0.0,0.0,2002,radio,0.5
3,1,lr1e-04_bs16_modL1_fusion64_fusionL1_drop0p1_trmiss50_trlocradio,16,0.0001,1,64,1,0.1,lr1e-04_bs16_modL1_fusion64_fusionL1_drop0p1_trmiss50_trlocradio,35,0.4177100285887718,0.6985301772753397,0.5945378151260504,0.7163750901626852,0.4666666666666667,0.0,0.0,0.0,0.0,0.0,0.0,0.0,0.0,0.0,2002,radio,0.5
3,1,lr1e-04_bs16_modL1_fusion64_fusionL1_drop0p1_trmiss50_trlocradio,16,0.0001,1,64,1,0.1,lr1e-04_bs16_modL1_fusion64_fusionL1_drop0p1_trmiss50_trlocradio,36,0.42470844089984894,0.7052682638168335,0.5882352941176471,0.7124207655737698,0.4666666666666667,0.0,0.0,0.0,0.0,0.0,0.0,0.0,0.0,0.0,2002,radio,0.5
3,1,lr1e-04_bs16_modL1_fusion64_fusionL1_drop0p1_trmiss50_trlocradio,16,0.0001,1,64,1,0.1,lr1e-04_bs16_modL1_fusion64_fusionL1_drop0p1_trmiss50_trlocradio,37,0.3962724134325981,0.7001969814300537,0.5819327731092436,0.716287963647503,0.4666666666666667,0.0,0.0,0.0,0.0,0.0,0.0,0.0,0.0,0.0,2002,radio,0.5
3,1,lr1e-04_bs16_modL1_fusion64_fusionL1_drop0p1_trmiss50_trlocradio,16,0.0001,1,64,1,0.1,lr1e-04_bs16_modL1_fusion64_fusionL1_drop0p1_trmiss50_trlocradio,38,0.4065525010228157,0.7043202519416809,0.5882352941176471,0.7172564538070314,0.4222222222222222,0.0,0.0,0.0,0.0,0.0,0.0,0.0,0.0,0.0,2002,radio,0.5
3,1,lr1e-04_bs16_modL1_fusion64_fusionL1_drop0p1_trmiss50_trlocradio,16,0.0001,1,64,1,0.1,lr1e-04_bs16_modL1_fusion64_fusionL1_drop0p1_trmiss50_trlocradio,39,0.4085427199800809,0.6863914926846822,0.5840336134453782,0.7169708016980709,0.4666666666666667,0.0,0.0,0.0,0.0,0.0,0.0,0.0,0.0,0.0,2002,radio,0.5
3,1,lr1e-04_bs16_modL1_fusion64_fusionL1_drop0p1_trmiss50_trlocradio,16,0.0001,1,64,1,0.1,lr1e-04_bs16_modL1_fusion64_fusionL1_drop0p1_trmiss50_trlocradio,40,0.4149807666738828,0.699709415435791,0.5987394957983193,0.7256086610392802,0.4222222222222222,0.0,0.0,0.0,0.0,0.0,0.0,0.0,0.0,0.0,2002,radio,0.5
3,1,lr1e-04_bs16_modL1_fusion64_fusionL1_drop0p1_trmiss50_trlocradio,16,0.0001,1,64,1,0.1,lr1e-04_bs16_modL1_fusion64_fusionL1_drop0p1_trmiss50_trlocradio,41,0.4113728205362956,0.6917645732561747,0.6071428571428572,0.7232269953469942,0.4666666666666667,0.0,0.0,0.0,0.0,0.0,0.0,0.0,0.0,0.0,2002,radio,0.5
3,1,lr1e-04_bs16_modL1_fusion64_fusionL1_drop0p1_trmiss50_trlocradio,16,0.0001,1,64,1,0.1,lr1e-04_bs16_modL1_fusion64_fusionL1_drop0p1_trmiss50_trlocradio,42,0.4173094506065051,0.7052173614501953,0.6071428571428572,0.7249957010810362,0.4444444444444444,0.0,0.0,0.0,0.0,0.0,0.0,0.0,0.0,0.0,2002,radio,0.5
3,1,lr1e-04_bs16_modL1_fusion64_fusionL1_drop0p1_trmiss50_trlocradio,16,0.0001,1,64,1,0.1,lr1e-04_bs16_modL1_fusion64_fusionL1_drop0p1_trmiss50_trlocradio,43,0.40513473004102707,0.7079655528068542,0.592436974789916,0.7144232542404834,0.4666666666666667,0.0,0.0,0.0,0.0,0.0,0.0,0.0,0.0,0.0,2002,radio,0.5
3,1,lr1e-04_bs16_modL1_fusion64_fusionL1_drop0p1_trmiss50_trlocradio,16,0.0001,1,64,1,0.1,lr1e-04_bs16_modL1_fusion64_fusionL1_drop0p1_trmiss50_trlocradio,44,0.4121434763073921,0.7020891308784485,0.6092436974789915,0.7269030730251728,0.5111111111111111,0.0,0.0,0.0,0.0,0.0,0.0,0.0,0.0,0.0,2002,radio,0.5
3,1,lr1e-04_bs16_modL1_fusion64_fusionL1_drop0p1_trmiss50_trlocradio,16,0.0001,1,64,1,0.1,lr1e-04_bs16_modL1_fusion64_fusionL1_drop0p1_trmiss50_trlocradio,45,0.4260232796271642,0.7080624103546143,0.5966386554621849,0.7242313161289842,0.4666666666666667,0.0,0.0,0.0,0.0,0.0,0.0,0.0,0.0,0.0,2002,radio,0.5
3,1,lr1e-04_bs16_modL1_fusion64_fusionL1_drop0p1_trmiss50_trlocradio,16,0.0001,1,64,1,0.1,lr1e-04_bs16_modL1_fusion64_fusionL1_drop0p1_trmiss50_trlocradio,46,0.39909544835488003,0.6952131787935892,0.5861344537815126,0.7101686147134256,0.4666666666666667,0.0,0.0,0.0,0.0,0.0,0.0,0.0,0.0,0.0,2002,radio,0.5
3,1,lr1e-04_bs16_modL1_fusion64_fusionL1_drop0p1_trmiss50_trlocradio,16,0.0001,1,64,1,0.1,lr1e-04_bs16_modL1_fusion64_fusionL1_drop0p1_trmiss50_trlocradio,47,0.3873591149846713,0.6867578824361166,0.5987394957983192,0.7202260047409617,0.5333333333333333,0.0,0.0,0.0,0.0,0.0,0.0,0.0,0.0,0.0,2002,radio,0.5
3,1,lr1e-04_bs16_modL1_fusion64_fusionL1_drop0p1_trmiss50_trlocradio,16,0.0001,1,64,1,0.1,lr1e-04_bs16_modL1_fusion64_fusionL1_drop0p1_trmiss50_trlocradio,48,0.39733869085709256,0.6866480310757955,0.5987394957983193,0.7233897262528974,0.5333333333333333,0.0,0.0,0.0,0.0,0.0,0.0,0.0,0.0,0.0,2002,radio,0.5
3,1,lr1e-04_bs16_modL1_fusion64_fusionL1_drop0p1_trmiss50_trlocradio,16,0.0001,1,64,1,0.1,lr1e-04_bs16_modL1_fusion64_fusionL1_drop0p1_trmiss50_trlocradio,49,0.4067235042651494,0.7027055422465006,0.592436974789916,0.7115301948572635,0.4666666666666667,0.0,0.0,0.0,0.0,0.0,0.0,0.0,0.0,0.0,2002,radio,0.5
3,1,lr1e-04_bs16_modL1_fusion64_fusionL1_drop0p1_trmiss50_trlocradio,16,0.0001,1,64,1,0.1,lr1e-04_bs16_modL1_fusion64_fusionL1_drop0p1_trmiss50_trlocradio,50,0.3982935721675555,0.6917294263839722,0.5987394957983193,0.7236333694604382,0.4888888888888889,0.0,0.0,0.0,0.0,0.0,0.0,0.0,0.0,0.0,2002,radio,0.5
3,1,lr1e-04_bs16_modL1_fusion64_fusionL1_drop0p1_trmiss50_trlocradio,16,0.0001,1,64,1,0.1,lr1e-04_bs16_modL1_fusion64_fusionL1_drop0p1_trmiss50_trlocradio,51,0.3880644415815671,0.7035910685857137,0.5987394957983193,0.7244666812540551,0.4666666666666667,0.0,0.0,0.0,0.0,0.0,0.0,0.0,0.0,0.0,2002,radio,0.5
3,1,lr1e-04_bs16_modL1_fusion64_fusionL1_drop0p1_trmiss50_trlocradio,16,0.0001,1,64,1,0.1,lr1e-04_bs16_modL1_fusion64_fusionL1_drop0p1_trmiss50_trlocradio,52,0.39574461927016574,0.6940641403198242,0.5966386554621849,0.7239479934498741,0.4666666666666667,0.0,0.0,0.0,0.0,0.0,0.0,0.0,0.0,0.0,2002,radio,0.5
3,1,lr1e-04_bs16_modL1_fusion64_fusionL1_drop0p1_trmiss50_trlocradio,16,0.0001,1,64,1,0.1,lr1e-04_bs16_modL1_fusion64_fusionL1_drop0p1_trmiss50_trlocradio,53,0.3913586313525836,0.7036059697469076,0.5945378151260504,0.7202127768951088,0.4666666666666667,0.0,0.0,0.0,0.0,0.0,0.0,0.0,0.0,0.0,2002,radio,0.5
3,1,lr1e-04_bs16_modL1_fusion64_fusionL1_drop0p1_trmiss50_trlocradio,16,0.0001,1,64,1,0.1,lr1e-04_bs16_modL1_fusion64_fusionL1_drop0p1_trmiss50_trlocradio,54,0.4118151093522708,0.6986893614133199,0.5987394957983193,0.7202684129241261,0.4666666666666667,0.0,0.0,0.0,0.0,0.0,0.0,0.0,0.0,0.0,2002,radio,0.5
3,1,lr1e-04_bs16_modL1_fusion64_fusionL1_drop0p1_trmiss50_trlocradio,16,0.0001,1,64,1,0.1,lr1e-04_bs16_modL1_fusion64_fusionL1_drop0p1_trmiss50_trlocradio,55,0.37702688823143643,0.6825233896573385,0.6008403361344538,0.72564604955358,0.4888888888888889,0.0,0.0,0.0,0.0,0.0,0.0,0.0,0.0,0.0,2002,radio,0.5
3,1,lr1e-04_bs16_modL1_fusion64_fusionL1_drop0p1_trmiss50_trlocradio,16,0.0001,1,64,1,0.1,lr1e-04_bs16_modL1_fusion64_fusionL1_drop0p1_trmiss50_trlocradio,56,0.3966411277651787,0.6918110847473145,0.5861344537815126,0.7185522600936145,0.5111111111111111,0.0,0.0,0.0,0.0,0.0,0.0,0.0,0.0,0.0,2002,radio,0.5
3,1,lr1e-04_bs16_modL1_fusion64_fusionL1_drop0p1_trmiss50_trlocradio,16,0.0001,1,64,1,0.1,lr1e-04_bs16_modL1_fusion64_fusionL1_drop0p1_trmiss50_trlocradio,57,0.4051421533028285,0.7080254157384237,0.592436974789916,0.7205333664654772,0.4666666666666667,0.0,0.0,0.0,0.0,0.0,0.0,0.0,0.0,0.0,2002,radio,0.5
3,1,lr1e-04_bs16_modL1_fusion64_fusionL1_drop0p1_trmiss50_trlocradio,16,0.0001,1,64,1,0.1,lr1e-04_bs16_modL1_fusion64_fusionL1_drop0p1_trmiss50_trlocradio,58,0.3939734523495038,0.7002231876055399,0.6029411764705883,0.7185292076134923,0.4666666666666667,0.0,0.0,0.0,0.0,0.0,0.0,0.0,0.0,0.0,2002,radio,0.5
3,1,lr1e-04_bs16_modL1_fusion64_fusionL1_drop0p1_trmiss50_trlocradio,16,0.0001,1,64,1,0.1,lr1e-04_bs16_modL1_fusion64_fusionL1_drop0p1_trmiss50_trlocradio,59,0.44780267030000687,0.6918148398399353,0.6029411764705883,0.7239047378532131,0.5111111111111111,0.0,0.0,0.0,0.0,0.0,0.0,0.0,0.0,0.0,2002,radio,0.5
3,1,lr1e-04_bs16_modL1_fusion64_fusionL1_drop0p1_trmiss50_trlocradio,16,0.0001,1,64,1,0.1,lr1e-04_bs16_modL1_fusion64_fusionL1_drop0p1_trmiss50_trlocradio,60,0.41981369505325955,0.6983863711357117,0.5987394957983193,0.723070967512395,0.4888888888888889,0.0,0.0,0.0,0.0,0.0,0.0,0.0,0.0,0.0,2002,radio,0.5
3,1,lr1e-04_bs16_modL1_fusion64_fusionL1_drop0p1_trmiss50_trlocradio,16,0.0001,1,64,1,0.1,lr1e-04_bs16_modL1_fusion64_fusionL1_drop0p1_trmiss50_trlocradio,61,0.39281804362932843,0.6938235362370809,0.6050420168067228,0.7283099428870116,0.4666666666666667,0.0,0.0,0.0,0.0,0.0,0.0,0.0,0.0,0.0,2002,radio,0.5
3,1,lr1e-04_bs16_modL1_fusion64_fusionL1_drop0p1_trmiss50_trlocradio,16,0.0001,1,64,1,0.1,lr1e-04_bs16_modL1_fusion64_fusionL1_drop0p1_trmiss50_trlocradio,62,0.4046140859524409,0.6978816588719686,0.6008403361344538,0.7164575224930165,0.5111111111111111,0.0,0.0,0.0,0.0,0.0,0.0,0.0,0.0,0.0,2002,radio,0.5
3,1,lr1e-04_bs16_modL1_fusion64_fusionL1_drop0p1_trmiss50_trlocradio,16,0.0001,1,64,1,0.1,lr1e-04_bs16_modL1_fusion64_fusionL1_drop0p1_trmiss50_trlocradio,63,0.38189632445573807,0.697868804136912,0.5882352941176471,0.7126629148450255,0.4888888888888889,0.0,0.0,0.0,0.0,0.0,0.0,0.0,0.0,0.0,2002,radio,0.5
3,1,lr1e-04_bs16_modL1_fusion64_fusionL1_drop0p1_trmiss50_trlocradio,16,0.0001,1,64,1,0.1,lr1e-04_bs16_modL1_fusion64_fusionL1_drop0p1_trmiss50_trlocradio,64,0.40942375113566715,0.7067126433054606,0.5987394957983193,0.7197034413922931,0.4666666666666667,0.0,0.0,0.0,0.0,0.0,0.0,0.0,0.0,0.0,2002,radio,0.5
3,1,lr5e-05_bs32_modL1_fusion32_fusionL1_drop0p2_trmiss50_trlocradio,32,5e-05,1,32,1,0.2,lr5e-05_bs32_modL1_fusion32_fusionL1_drop0p2_trmiss50_trlocradio,1,0.7326946059862772,0.6815538704395294,0.5441176470588236,0.6710365391305716,0.6,0.0,0.0,0.0,0.0,0.0,0.0,0.0,0.0,0.0,2002,radio,0.5
3,1,lr5e-05_bs32_modL1_fusion32_fusionL1_drop0p2_trmiss50_trlocradio,32,5e-05,1,32,1,0.2,lr5e-05_bs32_modL1_fusion32_fusionL1_drop0p2_trmiss50_trlocradio,2,0.7152244448661804,0.6862744688987732,0.5168067226890757,0.6557945405003734,0.4444444444444444,0.0,0.0,0.0,0.0,0.0,0.0,0.0,0.0,0.0,2002,radio,0.5
3,1,lr5e-05_bs32_modL1_fusion32_fusionL1_drop0p2_trmiss50_trlocradio,32,5e-05,1,32,1,0.2,lr5e-05_bs32_modL1_fusion32_fusionL1_drop0p2_trmiss50_trlocradio,3,0.7090514699618021,0.689528077840805,0.5273109243697479,0.6440483249853334,0.4,0.0,0.0,0.0,0.0,0.0,0.0,0.0,0.0,0.0,2002,radio,0.5
3,1,lr5e-05_bs32_modL1_fusion32_fusionL1_drop0p2_trmiss50_trlocradio,32,5e-05,1,32,1,0.2,lr5e-05_bs32_modL1_fusion32_fusionL1_drop0p2_trmiss50_trlocradio,4,0.7129172086715698,0.6942505240440369,0.5252100840336135,0.6669687588717647,0.37777777777777777,0.0,0.0,0.0,0.0,0.0,0.0,0.0,0.0,0.0,2002,radio,0.5
3,1,lr5e-05_bs32_modL1_fusion32_fusionL1_drop0p2_trmiss50_trlocradio,32,5e-05,1,32,1,0.2,lr5e-05_bs32_modL1_fusion32_fusionL1_drop0p2_trmiss50_trlocradio,5,0.6781851649284363,0.6921634376049042,0.5399159663865546,0.6765127251725562,0.4222222222222222,0.0,0.0,0.0,0.0,0.0,0.0,0.0,0.0,0.0,2002,radio,0.5
3,1,lr5e-05_bs32_modL1_fusion32_fusionL1_drop0p2_trmiss50_trlocradio,32,5e-05,1,32,1,0.2,lr5e-05_bs32_modL1_fusion32_fusionL1_drop0p2_trmiss50_trlocradio,6,0.666508287191391,0.696140319108963,0.546218487394958,0.6898073643145434,0.4444444444444444,0.0,0.0,0.0,0.0,0.0,0.0,0.0,0.0,0.0,2002,radio,0.5
3,1,lr5e-05_bs32_modL1_fusion32_fusionL1_drop0p2_trmiss50_trlocradio,32,5e-05,1,32,1,0.2,lr5e-05_bs32_modL1_fusion32_fusionL1_drop0p2_trmiss50_trlocradio,7,0.6707316140333811,0.6946139335632324,0.546218487394958,0.6882389279288247,0.4666666666666667,0.0,0.0,0.0,0.0,0.0,0.0,0.0,0.0,0.0,2002,radio,0.5
3,1,lr5e-05_bs32_modL1_fusion32_fusionL1_drop0p2_trmiss50_trlocradio,32,5e-05,1,32,1,0.2,lr5e-05_bs32_modL1_fusion32_fusionL1_drop0p2_trmiss50_trlocradio,8,0.6411415139834086,0.694717139005661,0.546218487394958,0.6846069601445407,0.4666666666666667,0.0,0.0,0.0,0.0,0.0,0.0,0.0,0.0,0.0,2002,radio,0.5
3,1,lr5e-05_bs32_modL1_fusion32_fusionL1_drop0p2_trmiss50_trlocradio,32,5e-05,1,32,1,0.2,lr5e-05_bs32_modL1_fusion32_fusionL1_drop0p2_trmiss50_trlocradio,9,0.6380892793337504,0.6959371566772461,0.5483193277310925,0.6850059760558905,0.4666666666666667,0.0,0.0,0.0,0.0,0.0,0.0,0.0,0.0,0.0,2002,radio,0.5
3,1,lr5e-05_bs32_modL1_fusion32_fusionL1_drop0p2_trmiss50_trlocradio,32,5e-05,1,32,1,0.2,lr5e-05_bs32_modL1_fusion32_fusionL1_drop0p2_trmiss50_trlocradio,10,0.6271452407042185,0.694475382566452,0.5504201680672269,0.6905515276098455,0.4666666666666667,0.0,0.0,0.0,0.0,0.0,0.0,0.0,0.0,0.0,2002,radio,0.5
3,1,lr5e-05_bs32_modL1_fusion32_fusionL1_drop0p2_trmiss50_trlocradio,32,5e-05,1,32,1,0.2,lr5e-05_bs32_modL1_fusion32_fusionL1_drop0p2_trmiss50_trlocradio,11,0.634909600019455,0.6941838562488556,0.5567226890756303,0.6973617250878128,0.4666666666666667,0.0,0.0,0.0,0.0,0.0,0.0,0.0,0.0,0.0,2002,radio,0.5
3,1,lr5e-05_bs32_modL1_fusion32_fusionL1_drop0p2_trmiss50_trlocradio,32,5e-05,1,32,1,0.2,lr5e-05_bs32_modL1_fusion32_fusionL1_drop0p2_trmiss50_trlocradio,12,0.6237806876500448,0.6936519742012024,0.569327731092437,0.7177963417396358,0.4666666666666667,0.0,0.0,0.0,0.0,0.0,0.0,0.0,0.0,0.0,2002,radio,0.5
3,1,lr5e-05_bs32_modL1_fusion32_fusionL1_drop0p2_trmiss50_trlocradio,32,5e-05,1,32,1,0.2,lr5e-05_bs32_modL1_fusion32_fusionL1_drop0p2_trmiss50_trlocradio,13,0.6350246767203013,0.698912501335144,0.5525210084033614,0.7036771230599842,0.4666666666666667,0.0,0.0,0.0,0.0,0.0,0.0,0.0,0.0,0.0,2002,radio,0.5
3,1,lr5e-05_bs32_modL1_fusion32_fusionL1_drop0p2_trmiss50_trlocradio,32,5e-05,1,32,1,0.2,lr5e-05_bs32_modL1_fusion32_fusionL1_drop0p2_trmiss50_trlocradio,14,0.6192755103111267,0.6962206661701202,0.5651260504201681,0.7163378933197451,0.4666666666666667,0.0,0.0,0.0,0.0,0.0,0.0,0.0,0.0,0.0,2002,radio,0.5
3,1,lr5e-05_bs32_modL1_fusion32_fusionL1_drop0p2_trmiss50_trlocradio,32,5e-05,1,32,1,0.2,lr5e-05_bs32_modL1_fusion32_fusionL1_drop0p2_trmiss50_trlocradio,15,0.6097665925820669,0.693156898021698,0.5672268907563025,0.7159266484528919,0.4444444444444444,0.0,0.0,0.0,0.0,0.0,0.0,0.0,0.0,0.0,2002,radio,0.5
3,1,lr5e-05_bs32_modL1_fusion32_fusionL1_drop0p2_trmiss50_trlocradio,32,5e-05,1,32,1,0.2,lr5e-05_bs32_modL1_fusion32_fusionL1_drop0p2_trmiss50_trlocradio,16,0.6176950931549072,0.6998260021209717,0.5630252100840336,0.7054223980893949,0.4666666666666667,0.0,0.0,0.0,0.0,0.0,0.0,0.0,0.0,0.0,2002,radio,0.5
3,1,lr5e-05_bs32_modL1_fusion32_fusionL1_drop0p2_trmiss50_trlocradio,32,5e-05,1,32,1,0.2,lr5e-05_bs32_modL1_fusion32_fusionL1_drop0p2_trmiss50_trlocradio,17,0.6166176895300547,0.6981748044490814,0.569327731092437,0.7222126243817248,0.4888888888888889,0.0,0.0,0.0,0.0,0.0,0.0,0.0,0.0,0.0,2002,radio,0.5
3,1,lr5e-05_bs32_modL1_fusion32_fusionL1_drop0p2_trmiss50_trlocradio,32,5e-05,1,32,1,0.2,lr5e-05_bs32_modL1_fusion32_fusionL1_drop0p2_trmiss50_trlocradio,18,0.6109734574953715,0.6999902427196503,0.5672268907563025,0.725532221451322,0.4888888888888889,0.0,0.0,0.0,0.0,0.0,0.0,0.0,0.0,0.0,2002,radio,0.5
3,1,lr5e-05_bs32_modL1_fusion32_fusionL1_drop0p2_trmiss50_trlocradio,32,5e-05,1,32,1,0.2,lr5e-05_bs32_modL1_fusion32_fusionL1_drop0p2_trmiss50_trlocradio,19,0.6258166829744974,0.7005584836006165,0.5651260504201681,0.7158204189246079,0.4888888888888889,0.0,0.0,0.0,0.0,0.0,0.0,0.0,0.0,0.0,2002,radio,0.5
3,1,lr5e-05_bs32_modL1_fusion32_fusionL1_drop0p2_trmiss50_trlocradio,32,5e-05,1,32,1,0.2,lr5e-05_bs32_modL1_fusion32_fusionL1_drop0p2_trmiss50_trlocradio,20,0.6076116462548574,0.7003501951694489,0.569327731092437,0.7240515056564871,0.4666666666666667,0.0,0.0,0.0,0.0,0.0,0.0,0.0,0.0,0.0,2002,radio,0.5
3,1,lr5e-05_bs32_modL1_fusion32_fusionL1_drop0p2_trmiss50_trlocradio,32,5e-05,1,32,1,0.2,lr5e-05_bs32_modL1_fusion32_fusionL1_drop0p2_trmiss50_trlocradio,21,0.6239334146181742,0.696412056684494,0.5546218487394958,0.7068011533517871,0.4444444444444444,0.0,0.0,0.0,0.0,0.0,0.0,0.0,0.0,0.0,2002,radio,0.5
3,1,lr5e-05_bs32_modL1_fusion32_fusionL1_drop0p2_trmiss50_trlocradio,32,5e-05,1,32,1,0.2,lr5e-05_bs32_modL1_fusion32_fusionL1_drop0p2_trmiss50_trlocradio,22,0.5985241731007894,0.6949113309383392,0.5525210084033614,0.7050518172537115,0.4666666666666667,0.0,0.0,0.0,0.0,0.0,0.0,0.0,0.0,0.0,2002,radio,0.5
3,1,lr5e-05_bs32_modL1_fusion32_fusionL1_drop0p2_trmiss50_trlocradio,32,5e-05,1,32,1,0.2,lr5e-05_bs32_modL1_fusion32_fusionL1_drop0p2_trmiss50_trlocradio,23,0.5858105719089508,0.6971221566200256,0.5441176470588236,0.7007109536242534,0.4666666666666667,0.0,0.0,0.0,0.0,0.0,0.0,0.0,0.0,0.0,2002,radio,0.5
3,1,lr5e-05_bs32_modL1_fusion32_fusionL1_drop0p2_trmiss50_trlocradio,32,5e-05,1,32,1,0.2,lr5e-05_bs32_modL1_fusion32_fusionL1_drop0p2_trmiss50_trlocradio,24,0.5922243197758993,0.6937775015830994,0.5504201680672269,0.7046498382803039,0.4444444444444444,0.0,0.0,0.0,0.0,0.0,0.0,0.0,0.0,0.0,2002,radio,0.5
3,1,lr5e-05_bs32_modL1_fusion32_fusionL1_drop0p2_trmiss50_trlocradio,32,5e-05,1,32,1,0.2,lr5e-05_bs32_modL1_fusion32_fusionL1_drop0p2_trmiss50_trlocradio,25,0.5834117730458578,0.6972650587558746,0.5546218487394958,0.7060841620097957,0.4666666666666667,0.0,0.0,0.0,0.0,0.0,0.0,0.0,0.0,0.0,2002,radio,0.5
3,1,lr5e-05_bs32_modL1_fusion32_fusionL1_drop0p2_trmiss50_trlocradio,32,5e-05,1,32,1,0.2,lr5e-05_bs32_modL1_fusion32_fusionL1_drop0p2_trmiss50_trlocradio,26,0.5982240239779154,0.6949518918991089,0.5567226890756303,0.7083246415349391,0.4666666666666667,0.0,0.0,0.0,0.0,0.0,0.0,0.0,0.0,0.0,2002,radio,0.5
3,1,lr5e-05_bs32_modL1_fusion32_fusionL1_drop0p2_trmiss50_trlocradio,32,5e-05,1,32,1,0.2,lr5e-05_bs32_modL1_fusion32_fusionL1_drop0p2_trmiss50_trlocradio,27,0.597138891617457,0.6962003707885742,0.5483193277310925,0.7038433866674007,0.4666666666666667,0.0,0.0,0.0,0.0,0.0,0.0,0.0,0.0,0.0,2002,radio,0.5
3,1,lr5e-05_bs32_modL1_fusion32_fusionL1_drop0p2_trmiss50_trlocradio,32,5e-05,1,32,1,0.2,lr5e-05_bs32_modL1_fusion32_fusionL1_drop0p2_trmiss50_trlocradio,28,0.5880069235960642,0.7006612420082092,0.5399159663865546,0.6969089520543946,0.4666666666666667,0.0,0.0,0.0,0.0,0.0,0.0,0.0,0.0,0.0,2002,radio,0.5
3,1,lr5e-05_bs32_modL1_fusion32_fusionL1_drop0p2_trmiss50_trlocradio,32,5e-05,1,32,1,0.2,lr5e-05_bs32_modL1_fusion32_fusionL1_drop0p2_trmiss50_trlocradio,29,0.6018675367037455,0.7004589140415192,0.5483193277310925,0.7034282206009741,0.4666666666666667,0.0,0.0,0.0,0.0,0.0,0.0,0.0,0.0,0.0,2002,radio,0.5
3,1,lr5e-05_bs32_modL1_fusion32_fusionL1_drop0p2_trmiss50_trlocradio,32,5e-05,1,32,1,0.2,lr5e-05_bs32_modL1_fusion32_fusionL1_drop0p2_trmiss50_trlocradio,30,0.5846306880315145,0.7006656527519226,0.5441176470588236,0.6962666438490612,0.4666666666666667,0.0,0.0,0.0,0.0,0.0,0.0,0.0,0.0,0.0,2002,radio,0.5
3,1,lr5e-05_bs32_modL1_fusion32_fusionL1_drop0p2_trmiss50_trlocradio,32,5e-05,1,32,1,0.2,lr5e-05_bs32_modL1_fusion32_fusionL1_drop0p2_trmiss50_trlocradio,31,0.6083472867806753,0.7044938206672668,0.5420168067226891,0.691536811205415,0.4666666666666667,0.0,0.0,0.0,0.0,0.0,0.0,0.0,0.0,0.0,2002,radio,0.5
3,1,lr5e-05_bs32_modL1_fusion32_fusionL1_drop0p2_trmiss50_trlocradio,32,5e-05,1,32,1,0.2,lr5e-05_bs32_modL1_fusion32_fusionL1_drop0p2_trmiss50_trlocradio,32,0.5928952892621359,0.7028149366378784,0.542016806722689,0.6958107737548617,0.4666666666666667,0.0,0.0,0.0,0.0,0.0,0.0,0.0,0.0,0.0,2002,radio,0.5
3,1,lr5e-05_bs32_modL1_fusion32_fusionL1_drop0p1_trmiss50_trlocradio,32,5e-05,1,32,1,0.1,lr5e-05_bs32_modL1_fusion32_fusionL1_drop0p1_trmiss50_trlocradio,1,0.6941278278827667,0.6929429471492767,0.47058823529411764,0.641457791621342,0.5333333333333333,0.0,0.0,0.0,0.0,0.0,0.0,0.0,0.0,0.0,2002,radio,0.5
3,1,lr5e-05_bs32_modL1_fusion32_fusionL1_drop0p1_trmiss50_trlocradio,32,5e-05,1,32,1,0.1,lr5e-05_bs32_modL1_fusion32_fusionL1_drop0p1_trmiss50_trlocradio,2,0.6618460019429525,0.695976734161377,0.4747899159663866,0.6363561120656859,0.5333333333333333,0.0,0.0,0.0,0.0,0.0,0.0,0.0,0.0,0.0,2002,radio,0.5
3,1,lr5e-05_bs32_modL1_fusion32_fusionL1_drop0p1_trmiss50_trlocradio,32,5e-05,1,32,1,0.1,lr5e-05_bs32_modL1_fusion32_fusionL1_drop0p1_trmiss50_trlocradio,3,0.6407686273256937,0.6990935206413269,0.4684873949579832,0.6456059468352322,0.4888888888888889,0.0,0.0,0.0,0.0,0.0,0.0,0.0,0.0,0.0,2002,radio,0.5
3,1,lr5e-05_bs32_modL1_fusion32_fusionL1_drop0p1_trmiss50_trlocradio,32,5e-05,1,32,1,0.1,lr5e-05_bs32_modL1_fusion32_fusionL1_drop0p1_trmiss50_trlocradio,4,0.6283733348051707,0.7018963992595673,0.47058823529411764,0.6479936005460211,0.4666666666666667,0.0,0.0,0.0,0.0,0.0,0.0,0.0,0.0,0.0,2002,radio,0.5
3,1,lr5e-05_bs32_modL1_fusion32_fusionL1_drop0p1_trmiss50_trlocradio,32,5e-05,1,32,1,0.1,lr5e-05_bs32_modL1_fusion32_fusionL1_drop0p1_trmiss50_trlocradio,5,0.6102075974146525,0.7034795880317688,0.4831932773109244,0.6563530881787638,0.4888888888888889,0.0,0.0,0.0,0.0,0.0,0.0,0.0,0.0,0.0,2002,radio,0.5
3,1,lr5e-05_bs32_modL1_fusion32_fusionL1_drop0p1_trmiss50_trlocradio,32,5e-05,1,32,1,0.1,lr5e-05_bs32_modL1_fusion32_fusionL1_drop0p1_trmiss50_trlocradio,6,0.6069545845190684,0.7024591267108917,0.48949579831932777,0.6634351451129995,0.5111111111111111,0.0,0.0,0.0,0.0,0.0,0.0,0.0,0.0,0.0,2002,radio,0.5
3,1,lr5e-05_bs32_modL1_fusion32_fusionL1_drop0p1_trmiss50_trlocradio,32,5e-05,1,32,1,0.1,lr5e-05_bs32_modL1_fusion32_fusionL1_drop0p1_trmiss50_trlocradio,7,0.5939329266548157,0.7012007236480713,0.4957983193277311,0.6663188914426769,0.5111111111111111,0.0,0.0,0.0,0.0,0.0,0.0,0.0,0.0,0.0,2002,radio,0.5
3,1,lr5e-05_bs32_modL1_fusion32_fusionL1_drop0p1_trmiss50_trlocradio,32,5e-05,1,32,1,0.1,lr5e-05_bs32_modL1_fusion32_fusionL1_drop0p1_trmiss50_trlocradio,8,0.5911532640457153,0.7032536864280701,0.48949579831932777,0.6605954482192337,0.4888888888888889,0.0,0.0,0.0,0.0,0.0,0.0,0.0,0.0,0.0,2002,radio,0.5
3,1,lr5e-05_bs32_modL1_fusion32_fusionL1_drop0p1_trmiss50_trlocradio,32,5e-05,1,32,1,0.1,lr5e-05_bs32_modL1_fusion32_fusionL1_drop0p1_trmiss50_trlocradio,9,0.5875941614309946,0.7028973400592804,0.4957983193277311,0.6598810394691107,0.4888888888888889,0.0,0.0,0.0,0.0,0.0,0.0,0.0,0.0,0.0,2002,radio,0.5
3,1,lr5e-05_bs32_modL1_fusion32_fusionL1_drop0p1_trmiss50_trlocradio,32,5e-05,1,32,1,0.1,lr5e-05_bs32_modL1_fusion32_fusionL1_drop0p1_trmiss50_trlocradio,10,0.581808845202128,0.7023657560348511,0.49579831932773105,0.6616547423457547,0.4888888888888889,0.0,0.0,0.0,0.0,0.0,0.0,0.0,0.0,0.0,2002,radio,0.5
3,1,lr5e-05_bs32_modL1_fusion32_fusionL1_drop0p1_trmiss50_trlocradio,32,5e-05,1,32,1,0.1,lr5e-05_bs32_modL1_fusion32_fusionL1_drop0p1_trmiss50_trlocradio,11,0.5691454708576202,0.7020390033721924,0.49369747899159666,0.6569666564708656,0.5111111111111111,0.0,0.0,0.0,0.0,0.0,0.0,0.0,0.0,0.0,2002,radio,0.5
3,1,lr5e-05_bs32_modL1_fusion32_fusionL1_drop0p1_trmiss50_trlocradio,32,5e-05,1,32,1,0.1,lr5e-05_bs32_modL1_fusion32_fusionL1_drop0p1_trmiss50_trlocradio,12,0.5748113791147867,0.7018877565860748,0.4978991596638655,0.6568365150592116,0.5333333333333333,0.0,0.0,0.0,0.0,0.0,0.0,0.0,0.0,0.0,2002,radio,0.5
3,1,lr5e-05_bs32_modL1_fusion32_fusionL1_drop0p1_trmiss50_trlocradio,32,5e-05,1,32,1,0.1,lr5e-05_bs32_modL1_fusion32_fusionL1_drop0p1_trmiss50_trlocradio,13,0.5576594968636831,0.7005082070827484,0.4957983193277311,0.6586716403905776,0.5333333333333333,0.0,0.0,0.0,0.0,0.0,0.0,0.0,0.0,0.0,2002,radio,0.5
3,1,lr5e-05_bs32_modL1_fusion32_fusionL1_drop0p1_trmiss50_trlocradio,32,5e-05,1,32,1,0.1,lr5e-05_bs32_modL1_fusion32_fusionL1_drop0p1_trmiss50_trlocradio,14,0.5542148848374685,0.7004419565200806,0.49789915966386555,0.6597387594930869,0.4888888888888889,0.0,0.0,0.0,0.0,0.0,0.0,0.0,0.0,0.0,2002,radio,0.5
3,1,lr5e-05_bs32_modL1_fusion32_fusionL1_drop0p1_trmiss50_trlocradio,32,5e-05,1,32,1,0.1,lr5e-05_bs32_modL1_fusion32_fusionL1_drop0p1_trmiss50_trlocradio,15,0.5642220477263132,0.702047735452652,0.4915966386554622,0.6572232138827832,0.5111111111111111,0.0,0.0,0.0,0.0,0.0,0.0,0.0,0.0,0.0,2002,radio,0.5
3,1,lr5e-05_bs32_modL1_fusion32_fusionL1_drop0p1_trmiss50_trlocradio,32,5e-05,1,32,1,0.1,lr5e-05_bs32_modL1_fusion32_fusionL1_drop0p1_trmiss50_trlocradio,16,0.5568674802780151,0.7015724778175354,0.4957983193277311,0.6604518592773272,0.5111111111111111,0.0,0.0,0.0,0.0,0.0,0.0,0.0,0.0,0.0,2002,radio,0.5
3,1,lr5e-05_bs32_modL1_fusion32_fusionL1_drop0p1_trmiss50_trlocradio,32,5e-05,1,32,1,0.1,lr5e-05_bs32_modL1_fusion32_fusionL1_drop0p1_trmiss50_trlocradio,17,0.5625889301300049,0.7033507525920868,0.48949579831932777,0.6569084450196272,0.4888888888888889,0.0,0.0,0.0,0.0,0.0,0.0,0.0,0.0,0.0,2002,radio,0.5
3,1,lr5e-05_bs32_modL1_fusion32_fusionL1_drop0p1_trmiss50_trlocradio,32,5e-05,1,32,1,0.1,lr5e-05_bs32_modL1_fusion32_fusionL1_drop0p1_trmiss50_trlocradio,18,0.5606981019179026,0.7047957479953766,0.4831932773109244,0.6545705162710527,0.4888888888888889,0.0,0.0,0.0,0.0,0.0,0.0,0.0,0.0,0.0,2002,radio,0.5
3,1,lr5e-05_bs32_modL1_fusion32_fusionL1_drop0p1_trmiss50_trlocradio,32,5e-05,1,32,1,0.1,lr5e-05_bs32_modL1_fusion32_fusionL1_drop0p1_trmiss50_trlocradio,19,0.556742787361145,0.7018492519855499,0.49369747899159666,0.6586461794123443,0.4888888888888889,0.0,0.0,0.0,0.0,0.0,0.0,0.0,0.0,0.0,2002,radio,0.5
3,1,lr5e-05_bs32_modL1_fusion32_fusionL1_drop0p1_trmiss50_trlocradio,32,5e-05,1,32,1,0.1,lr5e-05_bs32_modL1_fusion32_fusionL1_drop0p1_trmiss50_trlocradio,20,0.5504677097002665,0.7024060487747192,0.4957983193277311,0.6592887659924308,0.4888888888888889,0.0,0.0,0.0,0.0,0.0,0.0,0.0,0.0,0.0,2002,radio,0.5
3,1,lr5e-05_bs32_modL1_fusion32_fusionL1_drop0p1_trmiss50_trlocradio,32,5e-05,1,32,1,0.1,lr5e-05_bs32_modL1_fusion32_fusionL1_drop0p1_trmiss50_trlocradio,21,0.5389999349912008,0.702100396156311,0.49369747899159666,0.6580982898019546,0.5111111111111111,0.0,0.0,0.0,0.0,0.0,0.0,0.0,0.0,0.0,2002,radio,0.5
3,1,lr5e-05_bs32_modL1_fusion32_fusionL1_drop0p1_trmiss50_trlocradio,32,5e-05,1,32,1,0.1,lr5e-05_bs32_modL1_fusion32_fusionL1_drop0p1_trmiss50_trlocradio,22,0.548661490281423,0.7014975249767303,0.4957983193277311,0.6597632590298529,0.5111111111111111,0.0,0.0,0.0,0.0,0.0,0.0,0.0,0.0,0.0,2002,radio,0.5
3,1,lr5e-05_bs32_modL1_fusion32_fusionL1_drop0p1_trmiss50_trlocradio,32,5e-05,1,32,1,0.1,lr5e-05_bs32_modL1_fusion32_fusionL1_drop0p1_trmiss50_trlocradio,23,0.5476468702157339,0.700827032327652,0.5,0.6614722643102867,0.5111111111111111,0.0,0.0,0.0,0.0,0.0,0.0,0.0,0.0,0.0,2002,radio,0.5
3,1,lr5e-05_bs32_modL1_fusion32_fusionL1_drop0p1_trmiss50_trlocradio,32,5e-05,1,32,1,0.1,lr5e-05_bs32_modL1_fusion32_fusionL1_drop0p1_trmiss50_trlocradio,24,0.5356895824273428,0.7018243074417114,0.48949579831932777,0.6569597886634536,0.5111111111111111,0.0,0.0,0.0,0.0,0.0,0.0,0.0,0.0,0.0,2002,radio,0.5
3,1,lr5e-05_bs32_modL1_fusion32_fusionL1_drop0p1_trmiss50_trlocradio,32,5e-05,1,32,1,0.1,lr5e-05_bs32_modL1_fusion32_fusionL1_drop0p1_trmiss50_trlocradio,25,0.5459165573120117,0.7020926475524902,0.4894957983193277,0.6575603892640541,0.5111111111111111,0.0,0.0,0.0,0.0,0.0,0.0,0.0,0.0,0.0,2002,radio,0.5
3,1,lr5e-05_bs32_modL1_fusion32_fusionL1_drop0p1_trmiss50_trlocradio,32,5e-05,1,32,1,0.1,lr5e-05_bs32_modL1_fusion32_fusionL1_drop0p1_trmiss50_trlocradio,26,0.531688799460729,0.7010715901851654,0.49369747899159666,0.6587868831376068,0.4888888888888889,0.0,0.0,0.0,0.0,0.0,0.0,0.0,0.0,0.0,2002,radio,0.5
3,1,lr5e-05_bs32_modL1_fusion32_fusionL1_drop0p1_trmiss50_trlocradio,32,5e-05,1,32,1,0.1,lr5e-05_bs32_modL1_fusion32_fusionL1_drop0p1_trmiss50_trlocradio,27,0.549691359202067,0.7003084421157837,0.4957983193277311,0.6596903275193121,0.4888888888888889,0.0,0.0,0.0,0.0,0.0,0.0,0.0,0.0,0.0,2002,radio,0.5
3,1,lr5e-05_bs32_modL1_fusion32_fusionL1_drop0p1_trmiss50_trlocradio,32,5e-05,1,32,1,0.1,lr5e-05_bs32_modL1_fusion32_fusionL1_drop0p1_trmiss50_trlocradio,28,0.5408523082733154,0.700350821018219,0.4915966386554622,0.6571444079657198,0.4888888888888889,0.0,0.0,0.0,0.0,0.0,0.0,0.0,0.0,0.0,2002,radio,0.5
3,1,lr5e-05_bs32_modL1_fusion32_fusionL1_drop0p1_trmiss50_trlocradio,32,5e-05,1,32,1,0.1,lr5e-05_bs32_modL1_fusion32_fusionL1_drop0p1_trmiss50_trlocradio,29,0.5579948027928671,0.7010241150856018,0.49369747899159666,0.6580635095040165,0.4888888888888889,0.0,0.0,0.0,0.0,0.0,0.0,0.0,0.0,0.0,2002,radio,0.5
3,1,lr5e-05_bs32_modL1_fusion32_fusionL1_drop0p1_trmiss50_trlocradio,32,5e-05,1,32,1,0.1,lr5e-05_bs32_modL1_fusion32_fusionL1_drop0p1_trmiss50_trlocradio,30,0.5403217375278473,0.7016277611255646,0.4894957983193277,0.6564318078723149,0.5111111111111111,0.0,0.0,0.0,0.0,0.0,0.0,0.0,0.0,0.0,2002,radio,0.5
3,1,lr5e-05_bs32_modL1_fusion32_fusionL1_drop0p1_trmiss50_trlocradio,32,5e-05,1,32,1,0.1,lr5e-05_bs32_modL1_fusion32_fusionL1_drop0p1_trmiss50_trlocradio,31,0.538684477408727,0.6994487047195435,0.4915966386554622,0.6601308180104911,0.4888888888888889,0.0,0.0,0.0,0.0,0.0,0.0,0.0,0.0,0.0,2002,radio,0.5
3,1,lr5e-05_bs32_modL1_fusion32_fusionL1_drop0p1_trmiss50_trlocradio,32,5e-05,1,32,1,0.1,lr5e-05_bs32_modL1_fusion32_fusionL1_drop0p1_trmiss50_trlocradio,32,0.5446043709913889,0.7004317045211792,0.47899159663865554,0.6503340120345484,0.5111111111111111,0.0,0.0,0.0,0.0,0.0,0.0,0.0,0.0,0.0,2002,radio,0.5
3,1,lr5e-05_bs32_modL1_fusion32_fusionL1_drop0p1_trmiss50_trlocradio,32,5e-05,1,32,1,0.1,lr5e-05_bs32_modL1_fusion32_fusionL1_drop0p1_trmiss50_trlocradio,33,0.5405508975187937,0.7001377940177917,0.4915966386554622,0.6542025252637752,0.4888888888888889,0.0,0.0,0.0,0.0,0.0,0.0,0.0,0.0,0.0,2002,radio,0.5
3,1,lr5e-05_bs32_modL1_fusion32_fusionL1_drop0p1_trmiss50_trlocradio,32,5e-05,1,32,1,0.1,lr5e-05_bs32_modL1_fusion32_fusionL1_drop0p1_trmiss50_trlocradio,34,0.5329966346422831,0.7001011967658997,0.49789915966386555,0.6577430783012324,0.4888888888888889,0.0,0.0,0.0,0.0,0.0,0.0,0.0,0.0,0.0,2002,radio,0.5
3,1,lr5e-05_bs32_modL1_fusion32_fusionL1_drop0p1_trmiss50_trlocradio,32,5e-05,1,32,1,0.1,lr5e-05_bs32_modL1_fusion32_fusionL1_drop0p1_trmiss50_trlocradio,35,0.5432128608226776,0.6993233859539032,0.4894957983193277,0.6558466216447137,0.4888888888888889,0.0,0.0,0.0,0.0,0.0,0.0,0.0,0.0,0.0,2002,radio,0.5
3,1,lr5e-05_bs32_modL1_fusion32_fusionL1_drop0p1_trmiss50_trlocradio,32,5e-05,1,32,1,0.1,lr5e-05_bs32_modL1_fusion32_fusionL1_drop0p1_trmiss50_trlocradio,36,0.5366969207922617,0.6987995803356171,0.4936974789915966,0.6576178767054425,0.5111111111111111,0.0,0.0,0.0,0.0,0.0,0.0,0.0,0.0,0.0,2002,radio,0.5
3,1,lr5e-05_bs32_modL1_fusion32_fusionL1_drop0p1_trmiss50_trlocradio,32,5e-05,1,32,1,0.1,lr5e-05_bs32_modL1_fusion32_fusionL1_drop0p1_trmiss50_trlocradio,37,0.5496917366981506,0.7005148530006409,0.4936974789915966,0.6576178767054425,0.4888888888888889,0.0,0.0,0.0,0.0,0.0,0.0,0.0,0.0,0.0,2002,radio,0.5
3,1,lr5e-05_bs32_modL1_fusion32_fusionL1_drop0p1_trmiss50_trlocradio,32,5e-05,1,32,1,0.1,lr5e-05_bs32_modL1_fusion32_fusionL1_drop0p1_trmiss50_trlocradio,38,0.5409464240074158,0.6992743611335754,0.5,0.6614722643102867,0.5111111111111111,0.0,0.0,0.0,0.0,0.0,0.0,0.0,0.0,0.0,2002,radio,0.5
3,1,lr5e-05_bs32_modL1_fusion32_fusionL1_drop0p1_trmiss50_trlocradio,32,5e-05,1,32,1,0.1,lr5e-05_bs32_modL1_fusion32_fusionL1_drop0p1_trmiss50_trlocradio,39,0.5395830323298773,0.6973267793655396,0.5126050420168067,0.6718609770710984,0.5111111111111111,0.0,0.0,0.0,0.0,0.0,0.0,0.0,0.0,0.0,2002,radio,0.5
3,1,lr5e-05_bs32_modL1_fusion32_fusionL1_drop0p1_trmiss50_trlocradio,32,5e-05,1,32,1,0.1,lr5e-05_bs32_modL1_fusion32_fusionL1_drop0p1_trmiss50_trlocradio,40,0.5501123170057932,0.6992232203483582,0.49789915966386555,0.6592843586350823,0.4888888888888889,0.0,0.0,0.0,0.0,0.0,0.0,0.0,0.0,0.0,2002,radio,0.5
3,1,lr5e-05_bs32_modL1_fusion32_fusionL1_drop0p1_trmiss50_trlocradio,32,5e-05,1,32,1,0.1,lr5e-05_bs32_modL1_fusion32_fusionL1_drop0p1_trmiss50_trlocradio,41,0.5370433429876963,0.6997716128826141,0.5021008403361344,0.6595588799499762,0.5111111111111111,0.0,0.0,0.0,0.0,0.0,0.0,0.0,0.0,0.0,2002,radio,0.5
3,1,lr5e-05_bs32_modL1_fusion32_fusionL1_drop0p1_trmiss50_trlocradio,32,5e-05,1,32,1,0.1,lr5e-05_bs32_modL1_fusion32_fusionL1_drop0p1_trmiss50_trlocradio,42,0.5406030515829722,0.7003447711467743,0.49369747899159666,0.6577843574391501,0.5111111111111111,0.0,0.0,0.0,0.0,0.0,0.0,0.0,0.0,0.0,2002,radio,0.5
3,1,lr5e-05_bs32_modL1_fusion32_fusionL1_drop0p1_trmiss50_trlocradio,32,5e-05,1,32,1,0.1,lr5e-05_bs32_modL1_fusion32_fusionL1_drop0p1_trmiss50_trlocradio,43,0.5423130591710409,0.7001215815544128,0.49369747899159666,0.65802660287844,0.5333333333333333,0.0,0.0,0.0,0.0,0.0,0.0,0.0,0.0,0.0,2002,radio,0.5
3,1,lr5e-05_bs32_modL1_fusion32_fusionL1_drop0p1_trmiss50_trlocradio,32,5e-05,1,32,1,0.1,lr5e-05_bs32_modL1_fusion32_fusionL1_drop0p1_trmiss50_trlocradio,44,0.5335317452748617,0.6995996236801147,0.49789915966386555,0.6581908893085303,0.5111111111111111,0.0,0.0,0.0,0.0,0.0,0.0,0.0,0.0,0.0,2002,radio,0.5
3,1,lr5e-05_bs32_modL1_fusion32_fusionL1_drop0p1_trmiss50_trlocradio,32,5e-05,1,32,1,0.1,lr5e-05_bs32_modL1_fusion32_fusionL1_drop0p1_trmiss50_trlocradio,45,0.5362877746423086,0.7004168331623077,0.49369747899159666,0.6578191377370882,0.5111111111111111,0.0,0.0,0.0,0.0,0.0,0.0,0.0,0.0,0.0,2002,radio,0.5
3,1,lr5e-05_bs32_modL1_fusion32_fusionL1_drop0p1_trmiss50_trlocradio,32,5e-05,1,32,1,0.1,lr5e-05_bs32_modL1_fusion32_fusionL1_drop0p1_trmiss50_trlocradio,46,0.5398093859354655,0.6999256610870361,0.4957983193277311,0.6584209757228272,0.5111111111111111,0.0,0.0,0.0,0.0,0.0,0.0,0.0,0.0,0.0,2002,radio,0.5
3,1,lr5e-05_bs32_modL1_fusion32_fusionL1_drop0p1_trmiss50_trlocradio,32,5e-05,1,32,1,0.1,lr5e-05_bs32_modL1_fusion32_fusionL1_drop0p1_trmiss50_trlocradio,47,0.5440410772959391,0.6986668109893799,0.49369747899159666,0.658150677238243,0.5111111111111111,0.0,0.0,0.0,0.0,0.0,0.0,0.0,0.0,0.0,2002,radio,0.5
3,1,lr5e-05_bs32_modL1_fusion32_fusionL1_drop0p1_trmiss50_trlocradio,32,5e-05,1,32,1,0.1,lr5e-05_bs32_modL1_fusion32_fusionL1_drop0p1_trmiss50_trlocradio,48,0.5409800509611765,0.7001038491725922,0.4894957983193277,0.656592320309613,0.5111111111111111,0.0,0.0,0.0,0.0,0.0,0.0,0.0,0.0,0.0,2002,radio,0.5
3,1,lr5e-05_bs32_modL1_fusion32_fusionL1_drop0p1_trmiss50_trlocradio,32,5e-05,1,32,1,0.1,lr5e-05_bs32_modL1_fusion32_fusionL1_drop0p1_trmiss50_trlocradio,49,0.53224116563797,0.6994290053844452,0.5,0.6606500072654445,0.5111111111111111,0.0,0.0,0.0,0.0,0.0,0.0,0.0,0.0,0.0,2002,radio,0.5
3,1,lr5e-05_bs32_modL1_fusion32_fusionL1_drop0p1_trmiss50_trlocradio,32,5e-05,1,32,1,0.1,lr5e-05_bs32_modL1_fusion32_fusionL1_drop0p1_trmiss50_trlocradio,50,0.5494985083738962,0.6994417905807495,0.4894957983193277,0.65613124757103,0.5111111111111111,0.0,0.0,0.0,0.0,0.0,0.0,0.0,0.0,0.0,2002,radio,0.5
3,1,lr5e-05_bs32_modL1_fusion32_fusionL1_drop0p1_trmiss50_trlocradio,32,5e-05,1,32,1,0.1,lr5e-05_bs32_modL1_fusion32_fusionL1_drop0p1_trmiss50_trlocradio,51,0.5503735343615214,0.6999700665473938,0.4957983193277311,0.658282909104221,0.5111111111111111,0.0,0.0,0.0,0.0,0.0,0.0,0.0,0.0,0.0,2002,radio,0.5
3,1,lr5e-05_bs32_modL1_fusion32_fusionL1_drop0p1_trmiss50_trlocradio,32,5e-05,1,32,1,0.1,lr5e-05_bs32_modL1_fusion32_fusionL1_drop0p1_trmiss50_trlocradio,52,0.5339124699433645,0.7001344263553619,0.5063025210084033,0.663323365542193,0.5111111111111111,0.0,0.0,0.0,0.0,0.0,0.0,0.0,0.0,0.0,2002,radio,0.5
3,1,lr5e-05_bs32_modL1_fusion32_fusionL1_drop0p1_trmiss50_trlocradio,32,5e-05,1,32,1,0.1,lr5e-05_bs32_modL1_fusion32_fusionL1_drop0p1_trmiss50_trlocradio,53,0.5337205231189728,0.699078232049942,0.5,0.6605208560790101,0.5111111111111111,0.0,0.0,0.0,0.0,0.0,0.0,0.0,0.0,0.0,2002,radio,0.5
3,1,lr5e-05_bs32_modL1_fusion32_fusionL1_drop0p1_trmiss50_trlocradio,32,5e-05,1,32,1,0.1,lr5e-05_bs32_modL1_fusion32_fusionL1_drop0p1_trmiss50_trlocradio,54,0.551724890867869,0.6995414793491364,0.4978991596638655,0.6593401461786109,0.5111111111111111,0.0,0.0,0.0,0.0,0.0,0.0,0.0,0.0,0.0,2002,radio,0.5
3,1,lr5e-05_bs32_modL1_fusion32_fusionL1_drop0p1_trmiss50_trlocradio,32,5e-05,1,32,1,0.1,lr5e-05_bs32_modL1_fusion32_fusionL1_drop0p1_trmiss50_trlocradio,55,0.5400137404600779,0.6995556950569153,0.49789915966386555,0.6587804765522528,0.5111111111111111,0.0,0.0,0.0,0.0,0.0,0.0,0.0,0.0,0.0,2002,radio,0.5
3,1,lr5e-05_bs32_modL1_fusion32_fusionL1_drop0p1_trmiss50_trlocradio,32,5e-05,1,32,1,0.1,lr5e-05_bs32_modL1_fusion32_fusionL1_drop0p1_trmiss50_trlocradio,56,0.5530212918917338,0.6997557878494263,0.5021008403361344,0.6605912649701841,0.5111111111111111,0.0,0.0,0.0,0.0,0.0,0.0,0.0,0.0,0.0,2002,radio,0.5
3,1,lr5e-05_bs32_modL1_fusion32_fusionL1_drop0p1_trmiss50_trlocradio,32,5e-05,1,32,1,0.1,lr5e-05_bs32_modL1_fusion32_fusionL1_drop0p1_trmiss50_trlocradio,57,0.5369329452514648,0.6996270418167114,0.49789915966386555,0.6583617710583595,0.5333333333333333,0.0,0.0,0.0,0.0,0.0,0.0,0.0,0.0,0.0,2002,radio,0.5
3,1,lr5e-05_bs32_modL1_fusion32_fusionL1_drop0p1_trmiss50_trlocradio,32,5e-05,1,32,1,0.1,lr5e-05_bs32_modL1_fusion32_fusionL1_drop0p1_trmiss50_trlocradio,58,0.5442564288775126,0.6988049149513245,0.5,0.6588668215634099,0.5111111111111111,0.0,0.0,0.0,0.0,0.0,0.0,0.0,0.0,0.0,2002,radio,0.5
3,1,lr5e-05_bs32_modL1_fusion32_fusionL1_drop0p1_trmiss50_trlocradio,32,5e-05,1,32,1,0.1,lr5e-05_bs32_modL1_fusion32_fusionL1_drop0p1_trmiss50_trlocradio,59,0.5404914120833079,0.7005678117275238,0.4957983193277311,0.6555839932805817,0.5333333333333333,0.0,0.0,0.0,0.0,0.0,0.0,0.0,0.0,0.0,2002,radio,0.5
3,1,lr5e-05_bs32_modL1_fusion64_fusionL1_drop0p2_trmiss50_trlocradio,32,5e-05,1,64,1,0.2,lr5e-05_bs32_modL1_fusion64_fusionL1_drop0p2_trmiss50_trlocradio,1,0.7037222484747568,0.6828747987747192,0.47689075630252103,0.6618931773320127,0.5111111111111111,0.0,0.0,0.0,0.0,0.0,0.0,0.0,0.0,0.0,2002,radio,0.5
3,1,lr5e-05_bs32_modL1_fusion64_fusionL1_drop0p2_trmiss50_trlocradio,32,5e-05,1,64,1,0.2,lr5e-05_bs32_modL1_fusion64_fusionL1_drop0p2_trmiss50_trlocradio,2,0.6954969664414724,0.6854104101657867,0.4663865546218487,0.6742041572463091,0.5555555555555556,0.0,0.0,0.0,0.0,0.0,0.0,0.0,0.0,0.0,2002,radio,0.5
3,1,lr5e-05_bs32_modL1_fusion64_fusionL1_drop0p2_trmiss50_trlocradio,32,5e-05,1,64,1,0.2,lr5e-05_bs32_modL1_fusion64_fusionL1_drop0p2_trmiss50_trlocradio,3,0.6636450588703156,0.6878703534603119,0.48739495798319327,0.6948856678365711,0.4888888888888889,0.0,0.0,0.0,0.0,0.0,0.0,0.0,0.0,0.0,2002,radio,0.5
3,1,lr5e-05_bs32_modL1_fusion64_fusionL1_drop0p2_trmiss50_trlocradio,32,5e-05,1,64,1,0.2,lr5e-05_bs32_modL1_fusion64_fusionL1_drop0p2_trmiss50_trlocradio,4,0.6787327329317728,0.6872701644897461,0.523109243697479,0.7371041017734278,0.4666666666666667,0.0,0.0,0.0,0.0,0.0,0.0,0.0,0.0,0.0,2002,radio,0.5
3,1,lr5e-05_bs32_modL1_fusion64_fusionL1_drop0p2_trmiss50_trlocradio,32,5e-05,1,64,1,0.2,lr5e-05_bs32_modL1_fusion64_fusionL1_drop0p2_trmiss50_trlocradio,5,0.6441373427708944,0.6861775815486908,0.5,0.720302961160642,0.4666666666666667,0.0,0.0,0.0,0.0,0.0,0.0,0.0,0.0,0.0,2002,radio,0.5
3,1,lr5e-05_bs32_modL1_fusion64_fusionL1_drop0p2_trmiss50_trlocradio,32,5e-05,1,64,1,0.2,lr5e-05_bs32_modL1_fusion64_fusionL1_drop0p2_trmiss50_trlocradio,6,0.6245694657166799,0.6844345033168793,0.5105042016806722,0.7345337061595637,0.4888888888888889,0.0,0.0,0.0,0.0,0.0,0.0,0.0,0.0,0.0,2002,radio,0.5
3,1,lr5e-05_bs32_modL1_fusion64_fusionL1_drop0p2_trmiss50_trlocradio,32,5e-05,1,64,1,0.2,lr5e-05_bs32_modL1_fusion64_fusionL1_drop0p2_trmiss50_trlocradio,7,0.6079719066619873,0.685020387172699,0.5021008403361344,0.7243519011358329,0.4888888888888889,0.0,0.0,0.0,0.0,0.0,0.0,0.0,0.0,0.0,2002,radio,0.5
3,1,lr5e-05_bs32_modL1_fusion64_fusionL1_drop0p2_trmiss50_trlocradio,32,5e-05,1,64,1,0.2,lr5e-05_bs32_modL1_fusion64_fusionL1_drop0p2_trmiss50_trlocradio,8,0.6261753737926483,0.6856529116630554,0.4957983193277311,0.7161278235522986,0.5111111111111111,0.0,0.0,0.0,0.0,0.0,0.0,0.0,0.0,0.0,2002,radio,0.5
3,1,lr5e-05_bs32_modL1_fusion64_fusionL1_drop0p2_trmiss50_trlocradio,32,5e-05,1,64,1,0.2,lr5e-05_bs32_modL1_fusion64_fusionL1_drop0p2_trmiss50_trlocradio,9,0.6197721362113953,0.6854198276996613,0.4852941176470588,0.7084549283204007,0.5111111111111111,0.0,0.0,0.0,0.0,0.0,0.0,0.0,0.0,0.0,2002,radio,0.5
3,1,lr5e-05_bs32_modL1_fusion64_fusionL1_drop0p2_trmiss50_trlocradio,32,5e-05,1,64,1,0.2,lr5e-05_bs32_modL1_fusion64_fusionL1_drop0p2_trmiss50_trlocradio,10,0.619216521581014,0.6863020062446594,0.49369747899159666,0.7153767760068438,0.4888888888888889,0.0,0.0,0.0,0.0,0.0,0.0,0.0,0.0,0.0,2002,radio,0.5
3,1,lr5e-05_bs32_modL1_fusion64_fusionL1_drop0p2_trmiss50_trlocradio,32,5e-05,1,64,1,0.2,lr5e-05_bs32_modL1_fusion64_fusionL1_drop0p2_trmiss50_trlocradio,11,0.6043384373188019,0.6851704120635986,0.4915966386554622,0.714738646393059,0.4888888888888889,0.0,0.0,0.0,0.0,0.0,0.0,0.0,0.0,0.0,2002,radio,0.5
3,1,lr5e-05_bs32_modL1_fusion64_fusionL1_drop0p2_trmiss50_trlocradio,32,5e-05,1,64,1,0.2,lr5e-05_bs32_modL1_fusion64_fusionL1_drop0p2_trmiss50_trlocradio,12,0.5867004493872324,0.685850590467453,0.49369747899159666,0.7049194662500964,0.4888888888888889,0.0,0.0,0.0,0.0,0.0,0.0,0.0,0.0,0.0,2002,radio,0.5
3,1,lr5e-05_bs32_modL1_fusion64_fusionL1_drop0p2_trmiss50_trlocradio,32,5e-05,1,64,1,0.2,lr5e-05_bs32_modL1_fusion64_fusionL1_drop0p2_trmiss50_trlocradio,13,0.5796630481878916,0.6838695108890533,0.5063025210084033,0.7104605770262188,0.4888888888888889,0.0,0.0,0.0,0.0,0.0,0.0,0.0,0.0,0.0,2002,radio,0.5
3,1,lr5e-05_bs32_modL1_fusion64_fusionL1_drop0p2_trmiss50_trlocradio,32,5e-05,1,64,1,0.2,lr5e-05_bs32_modL1_fusion64_fusionL1_drop0p2_trmiss50_trlocradio,14,0.6005227863788605,0.6871549189090729,0.5084033613445378,0.7155038953555202,0.4888888888888889,0.0,0.0,0.0,0.0,0.0,0.0,0.0,0.0,0.0,2002,radio,0.5
3,1,lr5e-05_bs32_modL1_fusion64_fusionL1_drop0p2_trmiss50_trlocradio,32,5e-05,1,64,1,0.2,lr5e-05_bs32_modL1_fusion64_fusionL1_drop0p2_trmiss50_trlocradio,15,0.5991413791974386,0.687260240316391,0.5042016806722689,0.7126277792129301,0.4888888888888889,0.0,0.0,0.0,0.0,0.0,0.0,0.0,0.0,0.0,2002,radio,0.5
3,1,lr5e-05_bs32_modL1_fusion64_fusionL1_drop0p2_trmiss50_trlocradio,32,5e-05,1,64,1,0.2,lr5e-05_bs32_modL1_fusion64_fusionL1_drop0p2_trmiss50_trlocradio,16,0.5803281664848328,0.6819040179252625,0.5042016806722689,0.7192936851885997,0.4888888888888889,0.0,0.0,0.0,0.0,0.0,0.0,0.0,0.0,0.0,2002,radio,0.5
3,1,lr5e-05_bs32_modL1_fusion64_fusionL1_drop0p2_trmiss50_trlocradio,32,5e-05,1,64,1,0.2,lr5e-05_bs32_modL1_fusion64_fusionL1_drop0p2_trmiss50_trlocradio,17,0.5823098917802175,0.6833513975143433,0.5063025210084033,0.717363914729348,0.4888888888888889,0.0,0.0,0.0,0.0,0.0,0.0,0.0,0.0,0.0,2002,radio,0.5
3,1,lr5e-05_bs32_modL1_fusion64_fusionL1_drop0p2_trmiss50_trlocradio,32,5e-05,1,64,1,0.2,lr5e-05_bs32_modL1_fusion64_fusionL1_drop0p2_trmiss50_trlocradio,18,0.5750083327293396,0.6851847469806671,0.4957983193277311,0.7100235438049645,0.4666666666666667,0.0,0.0,0.0,0.0,0.0,0.0,0.0,0.0,0.0,2002,radio,0.5
3,1,lr5e-05_bs32_modL1_fusion64_fusionL1_drop0p2_trmiss50_trlocradio,32,5e-05,1,64,1,0.2,lr5e-05_bs32_modL1_fusion64_fusionL1_drop0p2_trmiss50_trlocradio,19,0.5802105963230133,0.6834224164485931,0.5042016806722689,0.7076987959102017,0.4666666666666667,0.0,0.0,0.0,0.0,0.0,0.0,0.0,0.0,0.0,2002,radio,0.5
3,1,lr5e-05_bs32_modL1_fusion64_fusionL1_drop0p2_trmiss50_trlocradio,32,5e-05,1,64,1,0.2,lr5e-05_bs32_modL1_fusion64_fusionL1_drop0p2_trmiss50_trlocradio,20,0.5782195329666138,0.6836379170417786,0.5084033613445378,0.7070212747089131,0.4666666666666667,0.0,0.0,0.0,0.0,0.0,0.0,0.0,0.0,0.0,2002,radio,0.5
3,1,lr5e-05_bs32_modL1_fusion64_fusionL1_drop0p2_trmiss50_trlocradio,32,5e-05,1,64,1,0.2,lr5e-05_bs32_modL1_fusion64_fusionL1_drop0p2_trmiss50_trlocradio,21,0.575100968281428,0.6830042600631714,0.51890756302521,0.7250811909831149,0.4666666666666667,0.0,0.0,0.0,0.0,0.0,0.0,0.0,0.0,0.0,2002,radio,0.5
3,1,lr5e-05_bs32_modL1_fusion64_fusionL1_drop0p2_trmiss50_trlocradio,32,5e-05,1,64,1,0.2,lr5e-05_bs32_modL1_fusion64_fusionL1_drop0p2_trmiss50_trlocradio,22,0.5717153251171112,0.6840669810771942,0.5147058823529412,0.7106200826531432,0.4888888888888889,0.0,0.0,0.0,0.0,0.0,0.0,0.0,0.0,0.0,2002,radio,0.5
3,1,lr5e-05_bs32_modL1_fusion64_fusionL1_drop0p2_trmiss50_trlocradio,32,5e-05,1,64,1,0.2,lr5e-05_bs32_modL1_fusion64_fusionL1_drop0p2_trmiss50_trlocradio,23,0.5522498190402985,0.6822337806224823,0.5168067226890757,0.7159025195145275,0.4888888888888889,0.0,0.0,0.0,0.0,0.0,0.0,0.0,0.0,0.0,2002,radio,0.5
3,1,lr5e-05_bs32_modL1_fusion64_fusionL1_drop0p2_trmiss50_trlocradio,32,5e-05,1,64,1,0.2,lr5e-05_bs32_modL1_fusion64_fusionL1_drop0p2_trmiss50_trlocradio,24,0.5750557978947958,0.6830833852291107,0.5105042016806722,0.710673194331224,0.4888888888888889,0.0,0.0,0.0,0.0,0.0,0.0,0.0,0.0,0.0,2002,radio,0.5
3,1,lr5e-05_bs32_modL1_fusion64_fusionL1_drop0p2_trmiss50_trlocradio,32,5e-05,1,64,1,0.2,lr5e-05_bs32_modL1_fusion64_fusionL1_drop0p2_trmiss50_trlocradio,25,0.5623359084129333,0.681836724281311,0.5168067226890757,0.7161374819205425,0.4888888888888889,0.0,0.0,0.0,0.0,0.0,0.0,0.0,0.0,0.0,2002,radio,0.5
3,1,lr5e-05_bs32_modL1_fusion64_fusionL1_drop0p2_trmiss50_trlocradio,32,5e-05,1,64,1,0.2,lr5e-05_bs32_modL1_fusion64_fusionL1_drop0p2_trmiss50_trlocradio,26,0.5668696463108063,0.6827163994312286,0.5189075630252101,0.7159790619091814,0.4888888888888889,0.0,0.0,0.0,0.0,0.0,0.0,0.0,0.0,0.0,2002,radio,0.5
3,1,lr5e-05_bs32_modL1_fusion64_fusionL1_drop0p2_trmiss50_trlocradio,32,5e-05,1,64,1,0.2,lr5e-05_bs32_modL1_fusion64_fusionL1_drop0p2_trmiss50_trlocradio,27,0.5459245344003042,0.681983083486557,0.5168067226890756,0.7120071119659771,0.4666666666666667,0.0,0.0,0.0,0.0,0.0,0.0,0.0,0.0,0.0,2002,radio,0.5
3,1,lr5e-05_bs32_modL1_fusion64_fusionL1_drop0p2_trmiss50_trlocradio,32,5e-05,1,64,1,0.2,lr5e-05_bs32_modL1_fusion64_fusionL1_drop0p2_trmiss50_trlocradio,28,0.5596493482589722,0.6813338398933411,0.5147058823529411,0.7170260693096802,0.4888888888888889,0.0,0.0,0.0,0.0,0.0,0.0,0.0,0.0,0.0,2002,radio,0.5
3,1,lr5e-05_bs32_modL1_fusion64_fusionL1_drop0p2_trmiss50_trlocradio,32,5e-05,1,64,1,0.2,lr5e-05_bs32_modL1_fusion64_fusionL1_drop0p2_trmiss50_trlocradio,29,0.5620327989260355,0.6808660626411438,0.5084033613445378,0.707959695724673,0.4888888888888889,0.0,0.0,0.0,0.0,0.0,0.0,0.0,0.0,0.0,2002,radio,0.5
3,1,lr5e-05_bs32_modL1_fusion64_fusionL1_drop0p2_trmiss50_trlocradio,32,5e-05,1,64,1,0.2,lr5e-05_bs32_modL1_fusion64_fusionL1_drop0p2_trmiss50_trlocradio,30,0.5617335637410482,0.6821179687976837,0.5105042016806722,0.7107646097047021,0.4888888888888889,0.0,0.0,0.0,0.0,0.0,0.0,0.0,0.0,0.0,2002,radio,0.5
3,1,lr5e-05_bs32_modL1_fusion64_fusionL1_drop0p2_trmiss50_trlocradio,32,5e-05,1,64,1,0.2,lr5e-05_bs32_modL1_fusion64_fusionL1_drop0p2_trmiss50_trlocradio,31,0.5828440388043722,0.6836134791374207,0.5168067226890757,0.7122523984777109,0.4888888888888889,0.0,0.0,0.0,0.0,0.0,0.0,0.0,0.0,0.0,2002,radio,0.5
3,1,lr5e-05_bs32_modL1_fusion64_fusionL1_drop0p2_trmiss50_trlocradio,32,5e-05,1,64,1,0.2,lr5e-05_bs32_modL1_fusion64_fusionL1_drop0p2_trmiss50_trlocradio,32,0.5723175307114919,0.6837420463562012,0.5105042016806722,0.7093547625490566,0.4888888888888889,0.0,0.0,0.0,0.0,0.0,0.0,0.0,0.0,0.0,2002,radio,0.5
3,1,lr5e-05_bs32_modL1_fusion64_fusionL1_drop0p2_trmiss50_trlocradio,32,5e-05,1,64,1,0.2,lr5e-05_bs32_modL1_fusion64_fusionL1_drop0p2_trmiss50_trlocradio,33,0.5444742639859518,0.6826330423355103,0.5126050420168067,0.7132825439274992,0.4666666666666667,0.0,0.0,0.0,0.0,0.0,0.0,0.0,0.0,0.0,2002,radio,0.5
3,1,lr5e-05_bs32_modL1_fusion64_fusionL1_drop0p2_trmiss50_trlocradio,32,5e-05,1,64,1,0.2,lr5e-05_bs32_modL1_fusion64_fusionL1_drop0p2_trmiss50_trlocradio,34,0.5443665583928426,0.6824192106723785,0.5126050420168067,0.7188541687017816,0.4666666666666667,0.0,0.0,0.0,0.0,0.0,0.0,0.0,0.0,0.0,2002,radio,0.5
3,1,lr5e-05_bs32_modL1_fusion64_fusionL1_drop0p2_trmiss50_trlocradio,32,5e-05,1,64,1,0.2,lr5e-05_bs32_modL1_fusion64_fusionL1_drop0p2_trmiss50_trlocradio,35,0.5557457755009333,0.6805373430252075,0.5168067226890756,0.7231100740578243,0.4666666666666667,0.0,0.0,0.0,0.0,0.0,0.0,0.0,0.0,0.0,2002,radio,0.5
3,1,lr5e-05_bs32_modL1_fusion64_fusionL1_drop0p2_trmiss50_trlocradio,32,5e-05,1,64,1,0.2,lr5e-05_bs32_modL1_fusion64_fusionL1_drop0p2_trmiss50_trlocradio,36,0.553118626276652,0.6786505579948425,0.5210084033613446,0.7258130548749168,0.4888888888888889,0.0,0.0,0.0,0.0,0.0,0.0,0.0,0.0,0.0,2002,radio,0.5
3,1,lr5e-05_bs32_modL1_fusion64_fusionL1_drop0p2_trmiss50_trlocradio,32,5e-05,1,64,1,0.2,lr5e-05_bs32_modL1_fusion64_fusionL1_drop0p2_trmiss50_trlocradio,37,0.5466041167577108,0.6779015958309174,0.5063025210084034,0.7131905850667825,0.4888888888888889,0.0,0.0,0.0,0.0,0.0,0.0,0.0,0.0,0.0,2002,radio,0.5
3,1,lr5e-05_bs32_modL1_fusion64_fusionL1_drop0p2_trmiss50_trlocradio,32,5e-05,1,64,1,0.2,lr5e-05_bs32_modL1_fusion64_fusionL1_drop0p2_trmiss50_trlocradio,38,0.5307582964499792,0.6764256358146667,0.5063025210084033,0.7147159768198837,0.5111111111111111,0.0,0.0,0.0,0.0,0.0,0.0,0.0,0.0,0.0,2002,radio,0.5
3,1,lr5e-05_bs32_modL1_fusion64_fusionL1_drop0p2_trmiss50_trlocradio,32,5e-05,1,64,1,0.2,lr5e-05_bs32_modL1_fusion64_fusionL1_drop0p2_trmiss50_trlocradio,39,0.5400393903255463,0.673891544342041,0.5084033613445378,0.7143178822109598,0.5111111111111111,0.0,0.0,0.0,0.0,0.0,0.0,0.0,0.0,0.0,2002,radio,0.5
3,1,lr5e-05_bs32_modL1_fusion64_fusionL1_drop0p2_trmiss50_trlocradio,32,5e-05,1,64,1,0.2,lr5e-05_bs32_modL1_fusion64_fusionL1_drop0p2_trmiss50_trlocradio,40,0.540003647406896,0.6736036241054535,0.51890756302521,0.7192621492874596,0.4888888888888889,0.0,0.0,0.0,0.0,0.0,0.0,0.0,0.0,0.0,2002,radio,0.5
3,1,lr5e-05_bs32_modL1_fusion64_fusionL1_drop0p2_trmiss50_trlocradio,32,5e-05,1,64,1,0.2,lr5e-05_bs32_modL1_fusion64_fusionL1_drop0p2_trmiss50_trlocradio,41,0.5488195518652598,0.6744610667228699,0.5168067226890757,0.7175428436354364,0.4888888888888889,0.0,0.0,0.0,0.0,0.0,0.0,0.0,0.0,0.0,2002,radio,0.5
3,1,lr5e-05_bs32_modL1_fusion64_fusionL1_drop0p2_trmiss50_trlocradio,32,5e-05,1,64,1,0.2,lr5e-05_bs32_modL1_fusion64_fusionL1_drop0p2_trmiss50_trlocradio,42,0.5493279198805491,0.675809383392334,0.5147058823529412,0.7193639120205247,0.4888888888888889,0.0,0.0,0.0,0.0,0.0,0.0,0.0,0.0,0.0,2002,radio,0.5
3,1,lr5e-05_bs32_modL1_fusion64_fusionL1_drop0p2_trmiss50_trlocradio,32,5e-05,1,64,1,0.2,lr5e-05_bs32_modL1_fusion64_fusionL1_drop0p2_trmiss50_trlocradio,43,0.5458418528238932,0.6796121299266815,0.5105042016806722,0.718076003808165,0.4888888888888889,0.0,0.0,0.0,0.0,0.0,0.0,0.0,0.0,0.0,2002,radio,0.5
3,1,lr5e-05_bs32_modL1_fusion64_fusionL1_drop0p2_trmiss50_trlocradio,32,5e-05,1,64,1,0.2,lr5e-05_bs32_modL1_fusion64_fusionL1_drop0p2_trmiss50_trlocradio,44,0.5356543759504954,0.6799156367778778,0.5126050420168067,0.7192620109975711,0.4888888888888889,0.0,0.0,0.0,0.0,0.0,0.0,0.0,0.0,0.0,2002,radio,0.5
3,1,lr5e-05_bs32_modL1_fusion64_fusionL1_drop0p2_trmiss50_trlocradio,32,5e-05,1,64,1,0.2,lr5e-05_bs32_modL1_fusion64_fusionL1_drop0p2_trmiss50_trlocradio,45,0.5469491680463155,0.6791453063488007,0.5063025210084033,0.7143186932641259,0.4888888888888889,0.0,0.0,0.0,0.0,0.0,0.0,0.0,0.0,0.0,2002,radio,0.5
3,1,lr5e-05_bs32_modL1_fusion64_fusionL1_drop0p2_trmiss50_trlocradio,32,5e-05,1,64,1,0.2,lr5e-05_bs32_modL1_fusion64_fusionL1_drop0p2_trmiss50_trlocradio,46,0.5459576845169067,0.6801694333553314,0.5042016806722689,0.7124166785057646,0.4666666666666667,0.0,0.0,0.0,0.0,0.0,0.0,0.0,0.0,0.0,2002,radio,0.5
3,1,lr5e-05_bs32_modL1_fusion64_fusionL1_drop0p2_trmiss50_trlocradio,32,5e-05,1,64,1,0.2,lr5e-05_bs32_modL1_fusion64_fusionL1_drop0p2_trmiss50_trlocradio,47,0.5476532777150472,0.6779292225837708,0.5042016806722689,0.7124445228859865,0.4888888888888889,0.0,0.0,0.0,0.0,0.0,0.0,0.0,0.0,0.0,2002,radio,0.5
3,1,lr5e-05_bs32_modL1_fusion64_fusionL1_drop0p2_trmiss50_trlocradio,32,5e-05,1,64,1,0.2,lr5e-05_bs32_modL1_fusion64_fusionL1_drop0p2_trmiss50_trlocradio,48,0.5473296145598093,0.678433895111084,0.49369747899159666,0.708917018205475,0.4888888888888889,0.0,0.0,0.0,0.0,0.0,0.0,0.0,0.0,0.0,2002,radio,0.5
3,1,lr5e-05_bs32_modL1_fusion64_fusionL1_drop0p2_trmiss50_trlocradio,32,5e-05,1,64,1,0.2,lr5e-05_bs32_modL1_fusion64_fusionL1_drop0p2_trmiss50_trlocradio,49,0.5456949969132742,0.6748049259185791,0.5063025210084033,0.715817594776139,0.4888888888888889,0.0,0.0,0.0,0.0,0.0,0.0,0.0,0.0,0.0,2002,radio,0.5
3,1,lr5e-05_bs32_modL1_fusion64_fusionL1_drop0p2_trmiss50_trlocradio,32,5e-05,1,64,1,0.2,lr5e-05_bs32_modL1_fusion64_fusionL1_drop0p2_trmiss50_trlocradio,50,0.5440380275249481,0.6759016811847687,0.5021008403361344,0.7131947746585868,0.4888888888888889,0.0,0.0,0.0,0.0,0.0,0.0,0.0,0.0,0.0,2002,radio,0.5
3,1,lr5e-05_bs32_modL1_fusion64_fusionL1_drop0p2_trmiss50_trlocradio,32,5e-05,1,64,1,0.2,lr5e-05_bs32_modL1_fusion64_fusionL1_drop0p2_trmiss50_trlocradio,51,0.5255026320616404,0.6773836314678192,0.5021008403361344,0.7136777287923001,0.4888888888888889,0.0,0.0,0.0,0.0,0.0,0.0,0.0,0.0,0.0,2002,radio,0.5
3,1,lr5e-05_bs32_modL1_fusion64_fusionL1_drop0p2_trmiss50_trlocradio,32,5e-05,1,64,1,0.2,lr5e-05_bs32_modL1_fusion64_fusionL1_drop0p2_trmiss50_trlocradio,52,0.5353140632311503,0.676061749458313,0.5,0.7148911790846978,0.4888888888888889,0.0,0.0,0.0,0.0,0.0,0.0,0.0,0.0,0.0,2002,radio,0.5
3,1,lr5e-05_bs32_modL1_fusion64_fusionL1_drop0p2_trmiss50_trlocradio,32,5e-05,1,64,1,0.2,lr5e-05_bs32_modL1_fusion64_fusionL1_drop0p2_trmiss50_trlocradio,53,0.5371903826793035,0.6759741604328156,0.5063025210084033,0.7135681652057853,0.4888888888888889,0.0,0.0,0.0,0.0,0.0,0.0,0.0,0.0,0.0,2002,radio,0.5
3,1,lr5e-05_bs32_modL1_fusion64_fusionL1_drop0p2_trmiss50_trlocradio,32,5e-05,1,64,1,0.2,lr5e-05_bs32_modL1_fusion64_fusionL1_drop0p2_trmiss50_trlocradio,54,0.5319362084070841,0.6743361055850983,0.5042016806722689,0.7093099328233378,0.4888888888888889,0.0,0.0,0.0,0.0,0.0,0.0,0.0,0.0,0.0,2002,radio,0.5
3,1,lr5e-05_bs32_modL1_fusion64_fusionL1_drop0p2_trmiss50_trlocradio,32,5e-05,1,64,1,0.2,lr5e-05_bs32_modL1_fusion64_fusionL1_drop0p2_trmiss50_trlocradio,55,0.5240906178951263,0.6737567186355591,0.5042016806722689,0.7124817745462612,0.5111111111111111,0.0,0.0,0.0,0.0,0.0,0.0,0.0,0.0,0.0,2002,radio,0.5
3,1,lr5e-05_bs32_modL1_fusion64_fusionL1_drop0p2_trmiss50_trlocradio,32,5e-05,1,64,1,0.2,lr5e-05_bs32_modL1_fusion64_fusionL1_drop0p2_trmiss50_trlocradio,56,0.526022215684255,0.671734631061554,0.5147058823529411,0.7176206073288796,0.5111111111111111,0.0,0.0,0.0,0.0,0.0,0.0,0.0,0.0,0.0,2002,radio,0.5
3,1,lr5e-05_bs32_modL1_fusion64_fusionL1_drop0p1_trmiss50_trlocradio,32,5e-05,1,64,1,0.1,lr5e-05_bs32_modL1_fusion64_fusionL1_drop0p1_trmiss50_trlocradio,1,0.6904357175032297,0.6941365301609039,0.5378151260504201,0.6735579101315083,0.5333333333333333,0.0,0.0,0.0,0.0,0.0,0.0,0.0,0.0,0.0,2002,radio,0.5
3,1,lr5e-05_bs32_modL1_fusion64_fusionL1_drop0p1_trmiss50_trlocradio,32,5e-05,1,64,1,0.1,lr5e-05_bs32_modL1_fusion64_fusionL1_drop0p1_trmiss50_trlocradio,2,0.6755192379156748,0.6951481699943542,0.5378151260504201,0.6991123334585299,0.5111111111111111,0.0,0.0,0.0,0.0,0.0,0.0,0.0,0.0,0.0,2002,radio,0.5
3,1,lr5e-05_bs32_modL1_fusion64_fusionL1_drop0p1_trmiss50_trlocradio,32,5e-05,1,64,1,0.1,lr5e-05_bs32_modL1_fusion64_fusionL1_drop0p1_trmiss50_trlocradio,3,0.6540503203868866,0.6977294981479645,0.5504201680672269,0.7250699086432231,0.5111111111111111,0.0,0.0,0.0,0.0,0.0,0.0,0.0,0.0,0.0,2002,radio,0.5
3,1,lr5e-05_bs32_modL1_fusion64_fusionL1_drop0p1_trmiss50_trlocradio,32,5e-05,1,64,1,0.1,lr5e-05_bs32_modL1_fusion64_fusionL1_drop0p1_trmiss50_trlocradio,4,0.6317965785662333,0.6984514892101288,0.5714285714285714,0.7328391722485565,0.5111111111111111,0.0,0.0,0.0,0.0,0.0,0.0,0.0,0.0,0.0,2002,radio,0.5
3,1,lr5e-05_bs32_modL1_fusion64_fusionL1_drop0p1_trmiss50_trlocradio,32,5e-05,1,64,1,0.1,lr5e-05_bs32_modL1_fusion64_fusionL1_drop0p1_trmiss50_trlocradio,5,0.6274702052275339,0.7005996108055115,0.5609243697478992,0.7154278159964423,0.5111111111111111,0.0,0.0,0.0,0.0,0.0,0.0,0.0,0.0,0.0,2002,radio,0.5
3,1,lr5e-05_bs32_modL1_fusion64_fusionL1_drop0p1_trmiss50_trlocradio,32,5e-05,1,64,1,0.1,lr5e-05_bs32_modL1_fusion64_fusionL1_drop0p1_trmiss50_trlocradio,6,0.6051299870014191,0.7019276320934296,0.5714285714285714,0.7269941946652723,0.5111111111111111,0.0,0.0,0.0,0.0,0.0,0.0,0.0,0.0,0.0,2002,radio,0.5
3,1,lr5e-05_bs32_modL1_fusion64_fusionL1_drop0p1_trmiss50_trlocradio,32,5e-05,1,64,1,0.1,lr5e-05_bs32_modL1_fusion64_fusionL1_drop0p1_trmiss50_trlocradio,7,0.5828627943992615,0.7007263600826263,0.569327731092437,0.7285290778493151,0.5111111111111111,0.0,0.0,0.0,0.0,0.0,0.0,0.0,0.0,0.0,2002,radio,0.5
3,1,lr5e-05_bs32_modL1_fusion64_fusionL1_drop0p1_trmiss50_trlocradio,32,5e-05,1,64,1,0.1,lr5e-05_bs32_modL1_fusion64_fusionL1_drop0p1_trmiss50_trlocradio,8,0.5725729862848917,0.7026996314525604,0.573529411764706,0.7287289060248564,0.5333333333333333,0.0,0.0,0.0,0.0,0.0,0.0,0.0,0.0,0.0,2002,radio,0.5
3,1,lr5e-05_bs32_modL1_fusion64_fusionL1_drop0p1_trmiss50_trlocradio,32,5e-05,1,64,1,0.1,lr5e-05_bs32_modL1_fusion64_fusionL1_drop0p1_trmiss50_trlocradio,9,0.5931788583596548,0.7028467953205109,0.5756302521008403,0.7183784419525878,0.5333333333333333,0.0,0.0,0.0,0.0,0.0,0.0,0.0,0.0,0.0,2002,radio,0.5
3,1,lr5e-05_bs32_modL1_fusion64_fusionL1_drop0p1_trmiss50_trlocradio,32,5e-05,1,64,1,0.1,lr5e-05_bs32_modL1_fusion64_fusionL1_drop0p1_trmiss50_trlocradio,10,0.5682677229245504,0.703110933303833,0.5672268907563025,0.7146532198063131,0.5111111111111111,0.0,0.0,0.0,0.0,0.0,0.0,0.0,0.0,0.0,2002,radio,0.5
3,1,lr5e-05_bs32_modL1_fusion64_fusionL1_drop0p1_trmiss50_trlocradio,32,5e-05,1,64,1,0.1,lr5e-05_bs32_modL1_fusion64_fusionL1_drop0p1_trmiss50_trlocradio,11,0.5662132203578949,0.7009904086589813,0.5777310924369747,0.7218584933861167,0.5333333333333333,0.0,0.0,0.0,0.0,0.0,0.0,0.0,0.0,0.0,2002,radio,0.5
3,1,lr5e-05_bs32_modL1_fusion64_fusionL1_drop0p1_trmiss50_trlocradio,32,5e-05,1,64,1,0.1,lr5e-05_bs32_modL1_fusion64_fusionL1_drop0p1_trmiss50_trlocradio,12,0.5579323073228201,0.6958898901939392,0.588235294117647,0.7297457471712034,0.5333333333333333,0.0,0.0,0.0,0.0,0.0,0.0,0.0,0.0,0.0,2002,radio,0.5
3,1,lr5e-05_bs32_modL1_fusion64_fusionL1_drop0p1_trmiss50_trlocradio,32,5e-05,1,64,1,0.1,lr5e-05_bs32_modL1_fusion64_fusionL1_drop0p1_trmiss50_trlocradio,13,0.5571550528208414,0.6942980587482452,0.5861344537815125,0.7089658326412889,0.5111111111111111,0.0,0.0,0.0,0.0,0.0,0.0,0.0,0.0,0.0,2002,radio,0.5
3,1,lr5e-05_bs32_modL1_fusion64_fusionL1_drop0p1_trmiss50_trlocradio,32,5e-05,1,64,1,0.1,lr5e-05_bs32_modL1_fusion64_fusionL1_drop0p1_trmiss50_trlocradio,14,0.5549730062484741,0.693789154291153,0.5903361344537815,0.7283255043774917,0.5111111111111111,0.0,0.0,0.0,0.0,0.0,0.0,0.0,0.0,0.0,2002,radio,0.5
3,1,lr5e-05_bs32_modL1_fusion64_fusionL1_drop0p1_trmiss50_trlocradio,32,5e-05,1,64,1,0.1,lr5e-05_bs32_modL1_fusion64_fusionL1_drop0p1_trmiss50_trlocradio,15,0.5575110117594401,0.6959986686706543,0.5840336134453782,0.7227886500976861,0.5111111111111111,0.0,0.0,0.0,0.0,0.0,0.0,0.0,0.0,0.0,2002,radio,0.5
3,1,lr5e-05_bs32_modL1_fusion64_fusionL1_drop0p1_trmiss50_trlocradio,32,5e-05,1,64,1,0.1,lr5e-05_bs32_modL1_fusion64_fusionL1_drop0p1_trmiss50_trlocradio,16,0.5538275937239329,0.6924570202827454,0.592436974789916,0.7259931029849398,0.5111111111111111,0.0,0.0,0.0,0.0,0.0,0.0,0.0,0.0,0.0,2002,radio,0.5
3,1,lr5e-05_bs32_modL1_fusion64_fusionL1_drop0p1_trmiss50_trlocradio,32,5e-05,1,64,1,0.1,lr5e-05_bs32_modL1_fusion64_fusionL1_drop0p1_trmiss50_trlocradio,17,0.5504866242408752,0.6915225088596344,0.588235294117647,0.725517138478309,0.5111111111111111,0.0,0.0,0.0,0.0,0.0,0.0,0.0,0.0,0.0,2002,radio,0.5
3,1,lr5e-05_bs32_modL1_fusion64_fusionL1_drop0p1_trmiss50_trlocradio,32,5e-05,1,64,1,0.1,lr5e-05_bs32_modL1_fusion64_fusionL1_drop0p1_trmiss50_trlocradio,18,0.5377815216779709,0.6926065981388092,0.5840336134453781,0.7224469630397125,0.5111111111111111,0.0,0.0,0.0,0.0,0.0,0.0,0.0,0.0,0.0,2002,radio,0.5
3,1,lr5e-05_bs32_modL1_fusion64_fusionL1_drop0p1_trmiss50_trlocradio,32,5e-05,1,64,1,0.1,lr5e-05_bs32_modL1_fusion64_fusionL1_drop0p1_trmiss50_trlocradio,19,0.5462316572666168,0.6907782256603241,0.588235294117647,0.7238772363953891,0.5111111111111111,0.0,0.0,0.0,0.0,0.0,0.0,0.0,0.0,0.0,2002,radio,0.5
3,1,lr5e-05_bs32_modL1_fusion64_fusionL1_drop0p1_trmiss50_trlocradio,32,5e-05,1,64,1,0.1,lr5e-05_bs32_modL1_fusion64_fusionL1_drop0p1_trmiss50_trlocradio,20,0.5332573503255844,0.6925254166126251,0.5840336134453781,0.721582626243636,0.5333333333333333,0.0,0.0,0.0,0.0,0.0,0.0,0.0,0.0,0.0,2002,radio,0.5
3,1,lr5e-05_bs32_modL1_fusion64_fusionL1_drop0p1_trmiss50_trlocradio,32,5e-05,1,64,1,0.1,lr5e-05_bs32_modL1_fusion64_fusionL1_drop0p1_trmiss50_trlocradio,21,0.5443429251511892,0.6920165419578552,0.5861344537815125,0.7203398214294027,0.5333333333333333,0.0,0.0,0.0,0.0,0.0,0.0,0.0,0.0,0.0,2002,radio,0.5
3,1,lr5e-05_bs32_modL1_fusion64_fusionL1_drop0p1_trmiss50_trlocradio,32,5e-05,1,64,1,0.1,lr5e-05_bs32_modL1_fusion64_fusionL1_drop0p1_trmiss50_trlocradio,22,0.5374273508787155,0.6912549138069153,0.5882352941176471,0.7054969127519076,0.5333333333333333,0.0,0.0,0.0,0.0,0.0,0.0,0.0,0.0,0.0,2002,radio,0.5
3,1,lr5e-05_bs32_modL1_fusion64_fusionL1_drop0p1_trmiss50_trlocradio,32,5e-05,1,64,1,0.1,lr5e-05_bs32_modL1_fusion64_fusionL1_drop0p1_trmiss50_trlocradio,23,0.532163679599762,0.6915936172008514,0.5798319327731092,0.6929739305860683,0.5333333333333333,0.0,0.0,0.0,0.0,0.0,0.0,0.0,0.0,0.0,2002,radio,0.5
3,1,lr5e-05_bs32_modL1_fusion64_fusionL1_drop0p1_trmiss50_trlocradio,32,5e-05,1,64,1,0.1,lr5e-05_bs32_modL1_fusion64_fusionL1_drop0p1_trmiss50_trlocradio,24,0.5390320519606272,0.6926312148571014,0.5819327731092437,0.6940071036959851,0.5333333333333333,0.0,0.0,0.0,0.0,0.0,0.0,0.0,0.0,0.0,2002,radio,0.5
3,1,lr5e-05_bs32_modL1_fusion64_fusionL1_drop0p1_trmiss50_trlocradio,32,5e-05,1,64,1,0.1,lr5e-05_bs32_modL1_fusion64_fusionL1_drop0p1_trmiss50_trlocradio,25,0.5352318783601125,0.6914009153842926,0.5777310924369747,0.691942944028766,0.5333333333333333,0.0,0.0,0.0,0.0,0.0,0.0,0.0,0.0,0.0,2002,radio,0.5
3,1,lr5e-05_bs32_modL1_fusion64_fusionL1_drop0p1_trmiss50_trlocradio,32,5e-05,1,64,1,0.1,lr5e-05_bs32_modL1_fusion64_fusionL1_drop0p1_trmiss50_trlocradio,26,0.5218575894832611,0.6901178359985352,0.5777310924369747,0.691942944028766,0.5333333333333333,0.0,0.0,0.0,0.0,0.0,0.0,0.0,0.0,0.0,2002,radio,0.5
3,1,lr5e-05_bs32_modL1_fusion64_fusionL1_drop0p1_trmiss50_trlocradio,32,5e-05,1,64,1,0.1,lr5e-05_bs32_modL1_fusion64_fusionL1_drop0p1_trmiss50_trlocradio,27,0.5313694278399149,0.6892141699790955,0.5840336134453782,0.6941873889423839,0.5333333333333333,0.0,0.0,0.0,0.0,0.0,0.0,0.0,0.0,0.0,2002,radio,0.5
3,1,lr5e-05_bs32_modL1_fusion64_fusionL1_drop0p1_trmiss50_trlocradio,32,5e-05,1,64,1,0.1,lr5e-05_bs32_modL1_fusion64_fusionL1_drop0p1_trmiss50_trlocradio,28,0.5330339173475901,0.6906010508537292,0.5840336134453782,0.6934110755720855,0.5333333333333333,0.0,0.0,0.0,0.0,0.0,0.0,0.0,0.0,0.0,2002,radio,0.5
3,1,lr5e-05_bs32_modL1_fusion64_fusionL1_drop0p1_trmiss50_trlocradio,32,5e-05,1,64,1,0.1,lr5e-05_bs32_modL1_fusion64_fusionL1_drop0p1_trmiss50_trlocradio,29,0.5294180264075597,0.6906867623329163,0.5861344537815126,0.6943573213491583,0.5333333333333333,0.0,0.0,0.0,0.0,0.0,0.0,0.0,0.0,0.0,2002,radio,0.5
3,1,lr5e-05_bs32_modL1_fusion64_fusionL1_drop0p1_trmiss50_trlocradio,32,5e-05,1,64,1,0.1,lr5e-05_bs32_modL1_fusion64_fusionL1_drop0p1_trmiss50_trlocradio,30,0.5219988822937012,0.6908820271492004,0.5798319327731092,0.6914825919119288,0.5333333333333333,0.0,0.0,0.0,0.0,0.0,0.0,0.0,0.0,0.0,2002,radio,0.5
3,1,lr5e-05_bs32_modL1_fusion64_fusionL1_drop0p1_trmiss50_trlocradio,32,5e-05,1,64,1,0.1,lr5e-05_bs32_modL1_fusion64_fusionL1_drop0p1_trmiss50_trlocradio,31,0.5292488833268484,0.6899604797363281,0.5861344537815126,0.6935533634023432,0.5333333333333333,0.0,0.0,0.0,0.0,0.0,0.0,0.0,0.0,0.0,2002,radio,0.5
3,1,lr5e-05_bs32_modL1_fusion64_fusionL1_drop0p1_trmiss50_trlocradio,32,5e-05,1,64,1,0.1,lr5e-05_bs32_modL1_fusion64_fusionL1_drop0p1_trmiss50_trlocradio,32,0.5381578703721365,0.6915867030620575,0.5861344537815126,0.6945323292212106,0.5333333333333333,0.0,0.0,0.0,0.0,0.0,0.0,0.0,0.0,0.0,2002,radio,0.5
3,1,lr5e-05_bs32_modL1_fusion64_fusionL1_drop0p1_trmiss50_trlocradio,32,5e-05,1,64,1,0.1,lr5e-05_bs32_modL1_fusion64_fusionL1_drop0p1_trmiss50_trlocradio,33,0.5227755556503931,0.6919972598552704,0.5882352941176471,0.6947715376747047,0.5333333333333333,0.0,0.0,0.0,0.0,0.0,0.0,0.0,0.0,0.0,2002,radio,0.5
3,1,lr5e-05_bs32_modL1_fusion64_fusionL1_drop0p1_trmiss50_trlocradio,32,5e-05,1,64,1,0.1,lr5e-05_bs32_modL1_fusion64_fusionL1_drop0p1_trmiss50_trlocradio,34,0.5296497891346613,0.6899769008159637,0.5945378151260504,0.6984066840409435,0.5333333333333333,0.0,0.0,0.0,0.0,0.0,0.0,0.0,0.0,0.0,2002,radio,0.5
3,1,lr5e-05_bs32_modL1_fusion64_fusionL1_drop0p1_trmiss50_trlocradio,32,5e-05,1,64,1,0.1,lr5e-05_bs32_modL1_fusion64_fusionL1_drop0p1_trmiss50_trlocradio,35,0.5194116781155268,0.6898373663425446,0.5903361344537815,0.6962544438345161,0.5333333333333333,0.0,0.0,0.0,0.0,0.0,0.0,0.0,0.0,0.0,2002,radio,0.5
3,1,lr5e-05_bs32_modL1_fusion64_fusionL1_drop0p1_trmiss50_trlocradio,32,5e-05,1,64,1,0.1,lr5e-05_bs32_modL1_fusion64_fusionL1_drop0p1_trmiss50_trlocradio,36,0.5130765537420908,0.6875517666339874,0.592436974789916,0.6976149880522031,0.5333333333333333,0.0,0.0,0.0,0.0,0.0,0.0,0.0,0.0,0.0,2002,radio,0.5
3,1,lr5e-05_bs32_modL1_fusion64_fusionL1_drop0p1_trmiss50_trlocradio,32,5e-05,1,64,1,0.1,lr5e-05_bs32_modL1_fusion64_fusionL1_drop0p1_trmiss50_trlocradio,37,0.5178046524524689,0.6904007494449615,0.5882352941176471,0.6954318838954148,0.5333333333333333,0.0,0.0,0.0,0.0,0.0,0.0,0.0,0.0,0.0,2002,radio,0.5
3,1,lr5e-05_bs32_modL1_fusion64_fusionL1_drop0p1_trmiss50_trlocradio,32,5e-05,1,64,1,0.1,lr5e-05_bs32_modL1_fusion64_fusionL1_drop0p1_trmiss50_trlocradio,38,0.5049547255039215,0.6909907758235931,0.5882352941176471,0.6974145269635842,0.5333333333333333,0.0,0.0,0.0,0.0,0.0,0.0,0.0,0.0,0.0,2002,radio,0.5
3,1,lr5e-05_bs32_modL1_fusion64_fusionL1_drop0p1_trmiss50_trlocradio,32,5e-05,1,64,1,0.1,lr5e-05_bs32_modL1_fusion64_fusionL1_drop0p1_trmiss50_trlocradio,39,0.5320761303106943,0.6917188465595245,0.5861344537815126,0.6958481109234839,0.5333333333333333,0.0,0.0,0.0,0.0,0.0,0.0,0.0,0.0,0.0,2002,radio,0.5
3,1,lr5e-05_bs32_modL1_fusion64_fusionL1_drop0p1_trmiss50_trlocradio,32,5e-05,1,64,1,0.1,lr5e-05_bs32_modL1_fusion64_fusionL1_drop0p1_trmiss50_trlocradio,40,0.5211660514275233,0.6922144293785095,0.5903361344537815,0.6979987578109729,0.5333333333333333,0.0,0.0,0.0,0.0,0.0,0.0,0.0,0.0,0.0,2002,radio,0.5
3,1,lr5e-05_bs32_modL1_fusion64_fusionL1_drop0p1_trmiss50_trlocradio,32,5e-05,1,64,1,0.1,lr5e-05_bs32_modL1_fusion64_fusionL1_drop0p1_trmiss50_trlocradio,41,0.528718521197637,0.6954652667045593,0.5840336134453781,0.6942720497364386,0.5333333333333333,0.0,0.0,0.0,0.0,0.0,0.0,0.0,0.0,0.0,2002,radio,0.5
3,1,lr5e-05_bs32_modL1_fusion64_fusionL1_drop0p1_trmiss50_trlocradio,32,5e-05,1,64,1,0.1,lr5e-05_bs32_modL1_fusion64_fusionL1_drop0p1_trmiss50_trlocradio,42,0.5107296655575434,0.6909283697605133,0.5882352941176471,0.6960180433302584,0.5333333333333333,0.0,0.0,0.0,0.0,0.0,0.0,0.0,0.0,0.0,2002,radio,0.5
3,1,lr5e-05_bs32_modL1_fusion64_fusionL1_drop0p1_trmiss50_trlocradio,32,5e-05,1,64,1,0.1,lr5e-05_bs32_modL1_fusion64_fusionL1_drop0p1_trmiss50_trlocradio,43,0.5297418932120005,0.6880238354206085,0.5945378151260505,0.6988408950816817,0.5333333333333333,0.0,0.0,0.0,0.0,0.0,0.0,0.0,0.0,0.0,2002,radio,0.5
3,1,lr5e-05_bs32_modL1_fusion64_fusionL1_drop0p1_trmiss50_trlocradio,32,5e-05,1,64,1,0.1,lr5e-05_bs32_modL1_fusion64_fusionL1_drop0p1_trmiss50_trlocradio,44,0.5274751285711924,0.6914672255516052,0.5861344537815126,0.693888279977669,0.5333333333333333,0.0,0.0,0.0,0.0,0.0,0.0,0.0,0.0,0.0,2002,radio,0.5
3,1,lr5e-05_bs32_modL1_fusion64_fusionL1_drop0p1_trmiss50_trlocradio,32,5e-05,1,64,1,0.1,lr5e-05_bs32_modL1_fusion64_fusionL1_drop0p1_trmiss50_trlocradio,45,0.5044683317343394,0.6925240755081177,0.5882352941176471,0.6950175854548005,0.5333333333333333,0.0,0.0,0.0,0.0,0.0,0.0,0.0,0.0,0.0,2002,radio,0.5
3,1,lr5e-05_bs32_modL1_fusion64_fusionL1_drop0p1_trmiss50_trlocradio,32,5e-05,1,64,1,0.1,lr5e-05_bs32_modL1_fusion64_fusionL1_drop0p1_trmiss50_trlocradio,46,0.5110280066728592,0.6887403130531311,0.5882352941176471,0.6950175854548005,0.5333333333333333,0.0,0.0,0.0,0.0,0.0,0.0,0.0,0.0,0.0,2002,radio,0.5
3,1,lr5e-05_bs32_modL1_fusion64_fusionL1_drop0p1_trmiss50_trlocradio,32,5e-05,1,64,1,0.1,lr5e-05_bs32_modL1_fusion64_fusionL1_drop0p1_trmiss50_trlocradio,47,0.511669933795929,0.6866455674171448,0.5882352941176471,0.6950175854548005,0.5333333333333333,0.0,0.0,0.0,0.0,0.0,0.0,0.0,0.0,0.0,2002,radio,0.5
3,1,lr5e-05_bs32_modL1_fusion64_fusionL1_drop0p1_trmiss50_trlocradio,32,5e-05,1,64,1,0.1,lr5e-05_bs32_modL1_fusion64_fusionL1_drop0p1_trmiss50_trlocradio,48,0.518013189236323,0.6889064908027649,0.5861344537815126,0.6944008973381125,0.5333333333333333,0.0,0.0,0.0,0.0,0.0,0.0,0.0,0.0,0.0,2002,radio,0.5
3,1,lr5e-05_bs32_modL1_fusion64_fusionL1_drop0p1_trmiss50_trlocradio,32,5e-05,1,64,1,0.1,lr5e-05_bs32_modL1_fusion64_fusionL1_drop0p1_trmiss50_trlocradio,49,0.523933470249176,0.690444141626358,0.5861344537815126,0.6944008973381125,0.5333333333333333,0.0,0.0,0.0,0.0,0.0,0.0,0.0,0.0,0.0,2002,radio,0.5
3,1,lr5e-05_bs32_modL1_fusion64_fusionL1_drop0p1_trmiss50_trlocradio,32,5e-05,1,64,1,0.1,lr5e-05_bs32_modL1_fusion64_fusionL1_drop0p1_trmiss50_trlocradio,50,0.5176811963319778,0.6869316101074219,0.5903361344537814,0.6957420438763032,0.5333333333333333,0.0,0.0,0.0,0.0,0.0,0.0,0.0,0.0,0.0,2002,radio,0.5
3,1,lr5e-05_bs32_modL1_fusion64_fusionL1_drop0p1_trmiss50_trlocradio,32,5e-05,1,64,1,0.1,lr5e-05_bs32_modL1_fusion64_fusionL1_drop0p1_trmiss50_trlocradio,51,0.5209477494160334,0.6895911395549774,0.5882352941176471,0.6951925933268528,0.5333333333333333,0.0,0.0,0.0,0.0,0.0,0.0,0.0,0.0,0.0,2002,radio,0.5
3,1,lr5e-05_bs32_modL1_fusion64_fusionL1_drop0p1_trmiss50_trlocradio,32,5e-05,1,64,1,0.1,lr5e-05_bs32_modL1_fusion64_fusionL1_drop0p1_trmiss50_trlocradio,52,0.5131531407435735,0.6866715550422668,0.5903361344537815,0.6973664077049385,0.5333333333333333,0.0,0.0,0.0,0.0,0.0,0.0,0.0,0.0,0.0,2002,radio,0.5
3,1,lr5e-05_bs32_modL1_fusion64_fusionL1_drop0p1_trmiss50_trlocradio,32,5e-05,1,64,1,0.1,lr5e-05_bs32_modL1_fusion64_fusionL1_drop0p1_trmiss50_trlocradio,53,0.5126931369304657,0.6894852519035339,0.5903361344537815,0.6969521092643244,0.5333333333333333,0.0,0.0,0.0,0.0,0.0,0.0,0.0,0.0,0.0,2002,radio,0.5
3,1,lr5e-05_bs32_modL1_fusion64_fusionL1_drop0p1_trmiss50_trlocradio,32,5e-05,1,64,1,0.1,lr5e-05_bs32_modL1_fusion64_fusionL1_drop0p1_trmiss50_trlocradio,54,0.5039882411559423,0.6885343492031097,0.592436974789916,0.6981889676440399,0.5333333333333333,0.0,0.0,0.0,0.0,0.0,0.0,0.0,0.0,0.0,2002,radio,0.5
3,1,lr5e-05_bs32_modL1_fusion64_fusionL1_drop0p1_trmiss50_trlocradio,32,5e-05,1,64,1,0.1,lr5e-05_bs32_modL1_fusion64_fusionL1_drop0p1_trmiss50_trlocradio,55,0.5164608160654703,0.6896592974662781,0.5861344537815126,0.6944008973381125,0.5333333333333333,0.0,0.0,0.0,0.0,0.0,0.0,0.0,0.0,0.0,2002,radio,0.5
3,1,lr5e-05_bs32_modL1_fusion64_fusionL1_drop0p1_trmiss50_trlocradio,32,5e-05,1,64,1,0.1,lr5e-05_bs32_modL1_fusion64_fusionL1_drop0p1_trmiss50_trlocradio,56,0.5085775355497996,0.688261866569519,0.5903361344537815,0.696998299935515,0.5333333333333333,0.0,0.0,0.0,0.0,0.0,0.0,0.0,0.0,0.0,2002,radio,0.5
3,1,lr5e-05_bs32_modL1_fusion64_fusionL1_drop0p1_trmiss50_trlocradio,32,5e-05,1,64,1,0.1,lr5e-05_bs32_modL1_fusion64_fusionL1_drop0p1_trmiss50_trlocradio,57,0.5227267195781072,0.6890286207199097,0.5882352941176471,0.6956377557178279,0.5333333333333333,0.0,0.0,0.0,0.0,0.0,0.0,0.0,0.0,0.0,2002,radio,0.5
3,1,lr5e-05_bs32_modL1_fusion64_fusionL1_drop0p1_trmiss50_trlocradio,32,5e-05,1,64,1,0.1,lr5e-05_bs32_modL1_fusion64_fusionL1_drop0p1_trmiss50_trlocradio,58,0.5202940305074056,0.6900292634963989,0.5903361344537815,0.696998299935515,0.5333333333333333,0.0,0.0,0.0,0.0,0.0,0.0,0.0,0.0,0.0,2002,radio,0.5
3,1,lr5e-05_bs32_modL1_fusion64_fusionL1_drop0p1_trmiss50_trlocradio,32,5e-05,1,64,1,0.1,lr5e-05_bs32_modL1_fusion64_fusionL1_drop0p1_trmiss50_trlocradio,59,0.5113348613182703,0.6882984936237335,0.5861344537815126,0.6947036897837621,0.5333333333333333,0.0,0.0,0.0,0.0,0.0,0.0,0.0,0.0,0.0,2002,radio,0.5
3,1,lr5e-05_bs32_modL1_fusion64_fusionL1_drop0p1_trmiss50_trlocradio,32,5e-05,1,64,1,0.1,lr5e-05_bs32_modL1_fusion64_fusionL1_drop0p1_trmiss50_trlocradio,60,0.513017495473226,0.6890900731086731,0.5882352941176471,0.6963354211476362,0.5333333333333333,0.0,0.0,0.0,0.0,0.0,0.0,0.0,0.0,0.0,2002,radio,0.5
3,1,lr5e-05_bs32_modL1_fusion64_fusionL1_drop0p1_trmiss50_trlocradio,32,5e-05,1,64,1,0.1,lr5e-05_bs32_modL1_fusion64_fusionL1_drop0p1_trmiss50_trlocradio,61,0.511426975329717,0.6899542808532715,0.5903361344537815,0.6975722795273517,0.5333333333333333,0.0,0.0,0.0,0.0,0.0,0.0,0.0,0.0,0.0,2002,radio,0.5
3,1,lr5e-05_bs32_modL1_fusion64_fusionL1_drop0p1_trmiss50_trlocradio,32,5e-05,1,64,1,0.1,lr5e-05_bs32_modL1_fusion64_fusionL1_drop0p1_trmiss50_trlocradio,62,0.5284828792015711,0.6894046664237976,0.5861344537815126,0.6949774916121857,0.5333333333333333,0.0,0.0,0.0,0.0,0.0,0.0,0.0,0.0,0.0,2002,radio,0.5
3,1,lr5e-05_bs32_modL1_fusion64_fusionL1_drop0p1_trmiss50_trlocradio,32,5e-05,1,64,1,0.1,lr5e-05_bs32_modL1_fusion64_fusionL1_drop0p1_trmiss50_trlocradio,63,0.5076081951459249,0.6890594065189362,0.5882352941176471,0.6950175854548005,0.5333333333333333,0.0,0.0,0.0,0.0,0.0,0.0,0.0,0.0,0.0,2002,radio,0.5
3,1,lr1e-04_bs32_modL1_fusion32_fusionL1_drop0p2_trmiss50_trlocradio,32,0.0001,1,32,1,0.2,lr1e-04_bs32_modL1_fusion32_fusionL1_drop0p2_trmiss50_trlocradio,1,0.7946912149588267,0.7285297214984894,0.5504201680672268,0.7046056134997161,0.37777777777777777,0.0,0.0,0.0,0.0,0.0,0.0,0.0,0.0,0.0,2002,radio,0.5
3,1,lr1e-04_bs32_modL1_fusion32_fusionL1_drop0p2_trmiss50_trlocradio,32,0.0001,1,32,1,0.2,lr1e-04_bs32_modL1_fusion32_fusionL1_drop0p2_trmiss50_trlocradio,2,0.7331258058547974,0.729528546333313,0.5504201680672269,0.6943502657480252,0.4,0.0,0.0,0.0,0.0,0.0,0.0,0.0,0.0,0.0,2002,radio,0.5
3,1,lr1e-04_bs32_modL1_fusion32_fusionL1_drop0p2_trmiss50_trlocradio,32,0.0001,1,32,1,0.2,lr1e-04_bs32_modL1_fusion32_fusionL1_drop0p2_trmiss50_trlocradio,3,0.7184756596883138,0.7354323863983154,0.5441176470588235,0.6802019565118232,0.4444444444444444,0.0,0.0,0.0,0.0,0.0,0.0,0.0,0.0,0.0,2002,radio,0.5
3,1,lr1e-04_bs32_modL1_fusion32_fusionL1_drop0p2_trmiss50_trlocradio,32,0.0001,1,32,1,0.2,lr1e-04_bs32_modL1_fusion32_fusionL1_drop0p2_trmiss50_trlocradio,4,0.6856732666492462,0.7369871139526367,0.5378151260504201,0.6832198287731583,0.4444444444444444,0.0,0.0,0.0,0.0,0.0,0.0,0.0,0.0,0.0,2002,radio,0.5
3,1,lr1e-04_bs32_modL1_fusion32_fusionL1_drop0p2_trmiss50_trlocradio,32,0.0001,1,32,1,0.2,lr1e-04_bs32_modL1_fusion32_fusionL1_drop0p2_trmiss50_trlocradio,5,0.6928181151549021,0.7440131902694702,0.5210084033613446,0.6681477927852444,0.4222222222222222,0.0,0.0,0.0,0.0,0.0,0.0,0.0,0.0,0.0,2002,radio,0.5
3,1,lr1e-04_bs32_modL1_fusion32_fusionL1_drop0p2_trmiss50_trlocradio,32,0.0001,1,32,1,0.2,lr1e-04_bs32_modL1_fusion32_fusionL1_drop0p2_trmiss50_trlocradio,6,0.6660189827283224,0.7501501739025116,0.4915966386554622,0.6435931276002678,0.4222222222222222,0.0,0.0,0.0,0.0,0.0,0.0,0.0,0.0,0.0,2002,radio,0.5
3,1,lr1e-04_bs32_modL1_fusion32_fusionL1_drop0p2_trmiss50_trlocradio,32,0.0001,1,32,1,0.2,lr1e-04_bs32_modL1_fusion32_fusionL1_drop0p2_trmiss50_trlocradio,7,0.652614007393519,0.7514190077781677,0.4852941176470588,0.6298551709775898,0.4222222222222222,0.0,0.0,0.0,0.0,0.0,0.0,0.0,0.0,0.0,2002,radio,0.5
3,1,lr1e-04_bs32_modL1_fusion32_fusionL1_drop0p2_trmiss50_trlocradio,32,0.0001,1,32,1,0.2,lr1e-04_bs32_modL1_fusion32_fusionL1_drop0p2_trmiss50_trlocradio,8,0.6270437836647034,0.7531047463417053,0.4831932773109243,0.6332390245190064,0.37777777777777777,0.0,0.0,0.0,0.0,0.0,0.0,0.0,0.0,0.0,2002,radio,0.5
3,1,lr1e-04_bs32_modL1_fusion32_fusionL1_drop0p2_trmiss50_trlocradio,32,0.0001,1,32,1,0.2,lr1e-04_bs32_modL1_fusion32_fusionL1_drop0p2_trmiss50_trlocradio,9,0.6219185392061869,0.7547025084495544,0.4831932773109243,0.6285254486344956,0.37777777777777777,0.0,0.0,0.0,0.0,0.0,0.0,0.0,0.0,0.0,2002,radio,0.5
3,1,lr1e-04_bs32_modL1_fusion32_fusionL1_drop0p2_trmiss50_trlocradio,32,0.0001,1,32,1,0.2,lr1e-04_bs32_modL1_fusion32_fusionL1_drop0p2_trmiss50_trlocradio,10,0.6318475504716238,0.7623665928840637,0.47268907563025214,0.6220461329980516,0.37777777777777777,0.0,0.0,0.0,0.0,0.0,0.0,0.0,0.0,0.0,2002,radio,0.5
3,1,lr1e-04_bs32_modL1_fusion32_fusionL1_drop0p2_trmiss50_trlocradio,32,0.0001,1,32,1,0.2,lr1e-04_bs32_modL1_fusion32_fusionL1_drop0p2_trmiss50_trlocradio,11,0.6278914511203766,0.7625889182090759,0.47058823529411764,0.6240095648058076,0.35555555555555557,0.0,0.0,0.0,0.0,0.0,0.0,0.0,0.0,0.0,2002,radio,0.5
3,1,lr1e-04_bs32_modL1_fusion32_fusionL1_drop0p2_trmiss50_trlocradio,32,0.0001,1,32,1,0.2,lr1e-04_bs32_modL1_fusion32_fusionL1_drop0p2_trmiss50_trlocradio,12,0.5951163570086161,0.7617835700511932,0.45798319327731096,0.6189534304161493,0.35555555555555557,0.0,0.0,0.0,0.0,0.0,0.0,0.0,0.0,0.0,2002,radio,0.5
3,1,lr1e-04_bs32_modL1_fusion32_fusionL1_drop0p2_trmiss50_trlocradio,32,0.0001,1,32,1,0.2,lr1e-04_bs32_modL1_fusion32_fusionL1_drop0p2_trmiss50_trlocradio,13,0.6069814066092173,0.7602082192897797,0.4579831932773109,0.6216070780821122,0.35555555555555557,0.0,0.0,0.0,0.0,0.0,0.0,0.0,0.0,0.0,2002,radio,0.5
3,1,lr1e-04_bs32_modL1_fusion32_fusionL1_drop0p2_trmiss50_trlocradio,32,0.0001,1,32,1,0.2,lr1e-04_bs32_modL1_fusion32_fusionL1_drop0p2_trmiss50_trlocradio,14,0.6008009513219198,0.7628360390663147,0.453781512605042,0.6196590261340603,0.35555555555555557,0.0,0.0,0.0,0.0,0.0,0.0,0.0,0.0,0.0,2002,radio,0.5
3,1,lr1e-04_bs32_modL1_fusion32_fusionL1_drop0p2_trmiss50_trlocradio,32,0.0001,1,32,1,0.2,lr1e-04_bs32_modL1_fusion32_fusionL1_drop0p2_trmiss50_trlocradio,15,0.5886062979698181,0.7654463052749634,0.4495798319327731,0.6136623320877278,0.35555555555555557,0.0,0.0,0.0,0.0,0.0,0.0,0.0,0.0,0.0,2002,radio,0.5
3,1,lr1e-04_bs32_modL1_fusion32_fusionL1_drop0p2_trmiss50_trlocradio,32,0.0001,1,32,1,0.2,lr1e-04_bs32_modL1_fusion32_fusionL1_drop0p2_trmiss50_trlocradio,16,0.6006200909614563,0.7650704681873322,0.45168067226890757,0.6163149736041044,0.35555555555555557,0.0,0.0,0.0,0.0,0.0,0.0,0.0,0.0,0.0,2002,radio,0.5
3,1,lr1e-04_bs32_modL1_fusion32_fusionL1_drop0p2_trmiss50_trlocradio,32,0.0001,1,32,1,0.2,lr1e-04_bs32_modL1_fusion32_fusionL1_drop0p2_trmiss50_trlocradio,17,0.5944605469703674,0.7623178064823151,0.45798319327731096,0.6233207537947968,0.35555555555555557,0.0,0.0,0.0,0.0,0.0,0.0,0.0,0.0,0.0,2002,radio,0.5
3,1,lr1e-04_bs32_modL1_fusion32_fusionL1_drop0p2_trmiss50_trlocradio,32,0.0001,1,32,1,0.2,lr1e-04_bs32_modL1_fusion32_fusionL1_drop0p2_trmiss50_trlocradio,18,0.5865014294783274,0.7629552483558655,0.4600840336134454,0.6193911359706555,0.35555555555555557,0.0,0.0,0.0,0.0,0.0,0.0,0.0,0.0,0.0,2002,radio,0.5
3,1,lr1e-04_bs32_modL1_fusion32_fusionL1_drop0p2_trmiss50_trlocradio,32,0.0001,1,32,1,0.2,lr1e-04_bs32_modL1_fusion32_fusionL1_drop0p2_trmiss50_trlocradio,19,0.5963567992051443,0.7634941339492798,0.46428571428571425,0.6259097190136288,0.35555555555555557,0.0,0.0,0.0,0.0,0.0,0.0,0.0,0.0,0.0,2002,radio,0.5
3,1,lr1e-04_bs32_modL1_fusion32_fusionL1_drop0p2_trmiss50_trlocradio,32,0.0001,1,32,1,0.2,lr1e-04_bs32_modL1_fusion32_fusionL1_drop0p2_trmiss50_trlocradio,20,0.5953942437966665,0.7643149197101593,0.46218487394957986,0.6246258721415466,0.35555555555555557,0.0,0.0,0.0,0.0,0.0,0.0,0.0,0.0,0.0,2002,radio,0.5
3,1,lr1e-04_bs32_modL1_fusion32_fusionL1_drop0p2_trmiss50_trlocradio,32,0.0001,1,32,1,0.2,lr1e-04_bs32_modL1_fusion32_fusionL1_drop0p2_trmiss50_trlocradio,21,0.5825832585493723,0.7629558444023132,0.4600840336134454,0.6240596700509543,0.35555555555555557,0.0,0.0,0.0,0.0,0.0,0.0,0.0,0.0,0.0,2002,radio,0.5
3,1,lr1e-04_bs32_modL1_fusion32_fusionL1_drop0p2_trmiss50_trlocradio,32,0.0001,1,32,1,0.2,lr1e-04_bs32_modL1_fusion32_fusionL1_drop0p2_trmiss50_trlocradio,22,0.5824048717816671,0.7656532526016235,0.4579831932773109,0.6243652022425684,0.35555555555555557,0.0,0.0,0.0,0.0,0.0,0.0,0.0,0.0,0.0,2002,radio,0.5
3,1,lr1e-04_bs32_modL1_fusion32_fusionL1_drop0p2_trmiss50_trlocradio,32,0.0001,1,32,1,0.2,lr1e-04_bs32_modL1_fusion32_fusionL1_drop0p2_trmiss50_trlocradio,23,0.5779736737410227,0.7620685696601868,0.46008403361344535,0.6359701224853623,0.35555555555555557,0.0,0.0,0.0,0.0,0.0,0.0,0.0,0.0,0.0,2002,radio,0.5
3,1,lr1e-04_bs32_modL1_fusion32_fusionL1_drop0p2_trmiss50_trlocradio,32,0.0001,1,32,1,0.2,lr1e-04_bs32_modL1_fusion32_fusionL1_drop0p2_trmiss50_trlocradio,24,0.5825746059417725,0.7620958685874939,0.4579831932773109,0.6240653605806005,0.35555555555555557,0.0,0.0,0.0,0.0,0.0,0.0,0.0,0.0,0.0,2002,radio,0.5
3,1,lr1e-04_bs32_modL1_fusion32_fusionL1_drop0p2_trmiss50_trlocradio,32,0.0001,1,32,1,0.2,lr1e-04_bs32_modL1_fusion32_fusionL1_drop0p2_trmiss50_trlocradio,25,0.5790763199329376,0.7627506256103516,0.4579831932773109,0.6240653605806005,0.35555555555555557,0.0,0.0,0.0,0.0,0.0,0.0,0.0,0.0,0.0,2002,radio,0.5
3,1,lr1e-04_bs32_modL1_fusion32_fusionL1_drop0p1_trmiss50_trlocradio,32,0.0001,1,32,1,0.1,lr1e-04_bs32_modL1_fusion32_fusionL1_drop0p1_trmiss50_trlocradio,1,0.7159810960292816,0.6974628567695618,0.4558823529411765,0.6560756445548636,0.35555555555555557,0.0,0.0,0.0,0.0,0.0,0.0,0.0,0.0,0.0,2002,radio,0.5
3,1,lr1e-04_bs32_modL1_fusion32_fusionL1_drop0p1_trmiss50_trlocradio,32,0.0001,1,32,1,0.1,lr1e-04_bs32_modL1_fusion32_fusionL1_drop0p1_trmiss50_trlocradio,2,0.6670019328594208,0.7044039964675903,0.4411764705882353,0.601230593603221,0.37777777777777777,0.0,0.0,0.0,0.0,0.0,0.0,0.0,0.0,0.0,2002,radio,0.5
3,1,lr1e-04_bs32_modL1_fusion32_fusionL1_drop0p1_trmiss50_trlocradio,32,0.0001,1,32,1,0.1,lr1e-04_bs32_modL1_fusion32_fusionL1_drop0p1_trmiss50_trlocradio,3,0.6241946717103323,0.7072176933288574,0.4852941176470588,0.6224491592275819,0.4444444444444444,0.0,0.0,0.0,0.0,0.0,0.0,0.0,0.0,0.0,2002,radio,0.5
3,1,lr1e-04_bs32_modL1_fusion32_fusionL1_drop0p1_trmiss50_trlocradio,32,0.0001,1,32,1,0.1,lr1e-04_bs32_modL1_fusion32_fusionL1_drop0p1_trmiss50_trlocradio,4,0.6049021184444427,0.7104372382164001,0.5105042016806722,0.6358056273795009,0.4666666666666667,0.0,0.0,0.0,0.0,0.0,0.0,0.0,0.0,0.0,2002,radio,0.5
3,1,lr1e-04_bs32_modL1_fusion32_fusionL1_drop0p1_trmiss50_trlocradio,32,0.0001,1,32,1,0.1,lr1e-04_bs32_modL1_fusion32_fusionL1_drop0p1_trmiss50_trlocradio,5,0.5715257823467255,0.7153153717517853,0.5147058823529411,0.6435895723227504,0.5111111111111111,0.0,0.0,0.0,0.0,0.0,0.0,0.0,0.0,0.0,2002,radio,0.5
3,1,lr1e-04_bs32_modL1_fusion32_fusionL1_drop0p1_trmiss50_trlocradio,32,0.0001,1,32,1,0.1,lr1e-04_bs32_modL1_fusion32_fusionL1_drop0p1_trmiss50_trlocradio,6,0.5524727006753286,0.7132636904716492,0.5252100840336135,0.6523789638521246,0.5333333333333333,0.0,0.0,0.0,0.0,0.0,0.0,0.0,0.0,0.0,2002,radio,0.5
3,1,lr1e-04_bs32_modL1_fusion32_fusionL1_drop0p1_trmiss50_trlocradio,32,0.0001,1,32,1,0.1,lr1e-04_bs32_modL1_fusion32_fusionL1_drop0p1_trmiss50_trlocradio,7,0.5427522112925848,0.7130317687988281,0.5336134453781513,0.6604685597424635,0.5555555555555556,0.0,0.0,0.0,0.0,0.0,0.0,0.0,0.0,0.0,2002,radio,0.5
3,1,lr1e-04_bs32_modL1_fusion32_fusionL1_drop0p1_trmiss50_trlocradio,32,0.0001,1,32,1,0.1,lr1e-04_bs32_modL1_fusion32_fusionL1_drop0p1_trmiss50_trlocradio,8,0.5331545521815618,0.7054812014102936,0.5315126050420168,0.6586356631578582,0.5111111111111111,0.0,0.0,0.0,0.0,0.0,0.0,0.0,0.0,0.0,2002,radio,0.5
3,1,lr1e-04_bs32_modL1_fusion32_fusionL1_drop0p1_trmiss50_trlocradio,32,0.0001,1,32,1,0.1,lr1e-04_bs32_modL1_fusion32_fusionL1_drop0p1_trmiss50_trlocradio,9,0.5136162141958872,0.6997568309307098,0.5420168067226891,0.6732992085130223,0.4888888888888889,0.0,0.0,0.0,0.0,0.0,0.0,0.0,0.0,0.0,2002,radio,0.5
3,1,lr1e-04_bs32_modL1_fusion32_fusionL1_drop0p1_trmiss50_trlocradio,32,0.0001,1,32,1,0.1,lr1e-04_bs32_modL1_fusion32_fusionL1_drop0p1_trmiss50_trlocradio,10,0.5062301804622015,0.6969638466835022,0.5462184873949579,0.6757532657892809,0.5111111111111111,0.0,0.0,0.0,0.0,0.0,0.0,0.0,0.0,0.0,2002,radio,0.5
3,1,lr1e-04_bs32_modL1_fusion32_fusionL1_drop0p1_trmiss50_trlocradio,32,0.0001,1,32,1,0.1,lr1e-04_bs32_modL1_fusion32_fusionL1_drop0p1_trmiss50_trlocradio,11,0.498638316988945,0.6965529918670654,0.5525210084033614,0.6856520262714814,0.5333333333333333,0.0,0.0,0.0,0.0,0.0,0.0,0.0,0.0,0.0,2002,radio,0.5
3,1,lr1e-04_bs32_modL1_fusion32_fusionL1_drop0p1_trmiss50_trlocradio,32,0.0001,1,32,1,0.1,lr1e-04_bs32_modL1_fusion32_fusionL1_drop0p1_trmiss50_trlocradio,12,0.49961116909980774,0.6984735131263733,0.5483193277310925,0.682951753793658,0.5111111111111111,0.0,0.0,0.0,0.0,0.0,0.0,0.0,0.0,0.0,2002,radio,0.5
3,1,lr1e-04_bs32_modL1_fusion32_fusionL1_drop0p1_trmiss50_trlocradio,32,0.0001,1,32,1,0.1,lr1e-04_bs32_modL1_fusion32_fusionL1_drop0p1_trmiss50_trlocradio,13,0.4998914698759715,0.7025652229785919,0.5399159663865547,0.6754140806659662,0.5333333333333333,0.0,0.0,0.0,0.0,0.0,0.0,0.0,0.0,0.0,2002,radio,0.5
3,1,lr1e-04_bs32_modL1_fusion32_fusionL1_drop0p1_trmiss50_trlocradio,32,0.0001,1,32,1,0.1,lr1e-04_bs32_modL1_fusion32_fusionL1_drop0p1_trmiss50_trlocradio,14,0.4868485977252324,0.6988787055015564,0.5336134453781514,0.6715351432976008,0.5111111111111111,0.0,0.0,0.0,0.0,0.0,0.0,0.0,0.0,0.0,2002,radio,0.5
3,1,lr1e-04_bs32_modL1_fusion32_fusionL1_drop0p1_trmiss50_trlocradio,32,0.0001,1,32,1,0.1,lr1e-04_bs32_modL1_fusion32_fusionL1_drop0p1_trmiss50_trlocradio,15,0.4807104766368866,0.6941634118556976,0.5315126050420169,0.6711741590111372,0.5111111111111111,0.0,0.0,0.0,0.0,0.0,0.0,0.0,0.0,0.0,2002,radio,0.5
3,1,lr1e-04_bs32_modL1_fusion32_fusionL1_drop0p1_trmiss50_trlocradio,32,0.0001,1,32,1,0.1,lr1e-04_bs32_modL1_fusion32_fusionL1_drop0p1_trmiss50_trlocradio,16,0.46730075279871625,0.6965847611427307,0.5252100840336135,0.6679613974168856,0.5111111111111111,0.0,0.0,0.0,0.0,0.0,0.0,0.0,0.0,0.0,2002,radio,0.5
3,1,lr1e-04_bs32_modL1_fusion32_fusionL1_drop0p1_trmiss50_trlocradio,32,0.0001,1,32,1,0.1,lr1e-04_bs32_modL1_fusion32_fusionL1_drop0p1_trmiss50_trlocradio,17,0.45860326290130615,0.7000169157981873,0.5210084033613446,0.664735947880346,0.4666666666666667,0.0,0.0,0.0,0.0,0.0,0.0,0.0,0.0,0.0,2002,radio,0.5
3,1,lr1e-04_bs32_modL1_fusion32_fusionL1_drop0p1_trmiss50_trlocradio,32,0.0001,1,32,1,0.1,lr1e-04_bs32_modL1_fusion32_fusionL1_drop0p1_trmiss50_trlocradio,18,0.4685083230336507,0.6983239054679871,0.5273109243697479,0.6733602791478919,0.4666666666666667,0.0,0.0,0.0,0.0,0.0,0.0,0.0,0.0,0.0,2002,radio,0.5
3,1,lr1e-04_bs32_modL1_fusion32_fusionL1_drop0p1_trmiss50_trlocradio,32,0.0001,1,32,1,0.1,lr1e-04_bs32_modL1_fusion32_fusionL1_drop0p1_trmiss50_trlocradio,19,0.4513509174187978,0.7002890110015869,0.5315126050420168,0.6756858208548324,0.5111111111111111,0.0,0.0,0.0,0.0,0.0,0.0,0.0,0.0,0.0,2002,radio,0.5
3,1,lr1e-04_bs32_modL1_fusion32_fusionL1_drop0p1_trmiss50_trlocradio,32,0.0001,1,32,1,0.1,lr1e-04_bs32_modL1_fusion32_fusionL1_drop0p1_trmiss50_trlocradio,20,0.4479769865671794,0.6957084834575653,0.5336134453781513,0.6729067371933959,0.5111111111111111,0.0,0.0,0.0,0.0,0.0,0.0,0.0,0.0,0.0,2002,radio,0.5
3,1,lr1e-04_bs32_modL1_fusion32_fusionL1_drop0p1_trmiss50_trlocradio,32,0.0001,1,32,1,0.1,lr1e-04_bs32_modL1_fusion32_fusionL1_drop0p1_trmiss50_trlocradio,21,0.4371000826358795,0.6905640661716461,0.5567226890756302,0.6867478774275446,0.5111111111111111,0.0,0.0,0.0,0.0,0.0,0.0,0.0,0.0,0.0,2002,radio,0.5
3,1,lr1e-04_bs32_modL1_fusion32_fusionL1_drop0p1_trmiss50_trlocradio,32,0.0001,1,32,1,0.1,lr1e-04_bs32_modL1_fusion32_fusionL1_drop0p1_trmiss50_trlocradio,22,0.4230859875679016,0.6871949732303619,0.5567226890756303,0.6871830003025948,0.5333333333333333,0.0,0.0,0.0,0.0,0.0,0.0,0.0,0.0,0.0,2002,radio,0.5
3,1,lr1e-04_bs32_modL1_fusion32_fusionL1_drop0p1_trmiss50_trlocradio,32,0.0001,1,32,1,0.1,lr1e-04_bs32_modL1_fusion32_fusionL1_drop0p1_trmiss50_trlocradio,23,0.44152024388313293,0.6899407207965851,0.5588235294117647,0.6891083499074611,0.5111111111111111,0.0,0.0,0.0,0.0,0.0,0.0,0.0,0.0,0.0,2002,radio,0.5
3,1,lr1e-04_bs32_modL1_fusion32_fusionL1_drop0p1_trmiss50_trlocradio,32,0.0001,1,32,1,0.1,lr1e-04_bs32_modL1_fusion32_fusionL1_drop0p1_trmiss50_trlocradio,24,0.41958104570706684,0.6879637837409973,0.5651260504201681,0.6885124127791282,0.5333333333333333,0.0,0.0,0.0,0.0,0.0,0.0,0.0,0.0,0.0,2002,radio,0.5
3,1,lr1e-04_bs32_modL1_fusion32_fusionL1_drop0p1_trmiss50_trlocradio,32,0.0001,1,32,1,0.1,lr1e-04_bs32_modL1_fusion32_fusionL1_drop0p1_trmiss50_trlocradio,25,0.417100265622139,0.6863033771514893,0.569327731092437,0.6889440463118071,0.5555555555555556,0.0,0.0,0.0,0.0,0.0,0.0,0.0,0.0,0.0,2002,radio,0.5
3,1,lr1e-04_bs32_modL1_fusion32_fusionL1_drop0p1_trmiss50_trlocradio,32,0.0001,1,32,1,0.1,lr1e-04_bs32_modL1_fusion32_fusionL1_drop0p1_trmiss50_trlocradio,26,0.4171900451183319,0.6850302517414093,0.5651260504201682,0.6894360729786457,0.5333333333333333,0.0,0.0,0.0,0.0,0.0,0.0,0.0,0.0,0.0,2002,radio,0.5
3,1,lr1e-04_bs32_modL1_fusion32_fusionL1_drop0p1_trmiss50_trlocradio,32,0.0001,1,32,1,0.1,lr1e-04_bs32_modL1_fusion32_fusionL1_drop0p1_trmiss50_trlocradio,27,0.4246506591637929,0.6890901029109955,0.5651260504201681,0.6894688168764918,0.5111111111111111,0.0,0.0,0.0,0.0,0.0,0.0,0.0,0.0,0.0,2002,radio,0.5
3,1,lr1e-04_bs32_modL1_fusion32_fusionL1_drop0p1_trmiss50_trlocradio,32,0.0001,1,32,1,0.1,lr1e-04_bs32_modL1_fusion32_fusionL1_drop0p1_trmiss50_trlocradio,28,0.41128186384836835,0.6939550936222076,0.5567226890756303,0.684097425895857,0.5111111111111111,0.0,0.0,0.0,0.0,0.0,0.0,0.0,0.0,0.0,2002,radio,0.5
3,1,lr1e-04_bs32_modL1_fusion32_fusionL1_drop0p1_trmiss50_trlocradio,32,0.0001,1,32,1,0.1,lr1e-04_bs32_modL1_fusion32_fusionL1_drop0p1_trmiss50_trlocradio,29,0.40050679941972095,0.6926533579826355,0.5567226890756303,0.6841723620164053,0.5111111111111111,0.0,0.0,0.0,0.0,0.0,0.0,0.0,0.0,0.0,2002,radio,0.5
3,1,lr1e-04_bs32_modL1_fusion32_fusionL1_drop0p1_trmiss50_trlocradio,32,0.0001,1,32,1,0.1,lr1e-04_bs32_modL1_fusion32_fusionL1_drop0p1_trmiss50_trlocradio,30,0.3920433968305588,0.6965702176094055,0.5504201680672269,0.6782590670752393,0.4666666666666667,0.0,0.0,0.0,0.0,0.0,0.0,0.0,0.0,0.0,2002,radio,0.5
3,1,lr1e-04_bs32_modL1_fusion32_fusionL1_drop0p1_trmiss50_trlocradio,32,0.0001,1,32,1,0.1,lr1e-04_bs32_modL1_fusion32_fusionL1_drop0p1_trmiss50_trlocradio,31,0.40305398404598236,0.6968398988246918,0.5483193277310925,0.6775188862018973,0.4666666666666667,0.0,0.0,0.0,0.0,0.0,0.0,0.0,0.0,0.0,2002,radio,0.5
3,1,lr1e-04_bs32_modL1_fusion32_fusionL1_drop0p1_trmiss50_trlocradio,32,0.0001,1,32,1,0.1,lr1e-04_bs32_modL1_fusion32_fusionL1_drop0p1_trmiss50_trlocradio,32,0.3964458803335826,0.6930980086326599,0.5588235294117647,0.6893900153666184,0.4666666666666667,0.0,0.0,0.0,0.0,0.0,0.0,0.0,0.0,0.0,2002,radio,0.5
3,1,lr1e-04_bs32_modL1_fusion32_fusionL1_drop0p1_trmiss50_trlocradio,32,0.0001,1,32,1,0.1,lr1e-04_bs32_modL1_fusion32_fusionL1_drop0p1_trmiss50_trlocradio,33,0.39357790350914,0.6962431967258453,0.5672268907563025,0.7114389037591676,0.5333333333333333,0.0,0.0,0.0,0.0,0.0,0.0,0.0,0.0,0.0,2002,radio,0.5
3,1,lr1e-04_bs32_modL1_fusion32_fusionL1_drop0p1_trmiss50_trlocradio,32,0.0001,1,32,1,0.1,lr1e-04_bs32_modL1_fusion32_fusionL1_drop0p1_trmiss50_trlocradio,34,0.4082532326380412,0.6969415843486786,0.5609243697478992,0.690429228057309,0.5333333333333333,0.0,0.0,0.0,0.0,0.0,0.0,0.0,0.0,0.0,2002,radio,0.5
3,1,lr1e-04_bs32_modL1_fusion32_fusionL1_drop0p1_trmiss50_trlocradio,32,0.0001,1,32,1,0.1,lr1e-04_bs32_modL1_fusion32_fusionL1_drop0p1_trmiss50_trlocradio,35,0.38550300896167755,0.6978676915168762,0.5588235294117647,0.6890940743406353,0.5333333333333333,0.0,0.0,0.0,0.0,0.0,0.0,0.0,0.0,0.0,2002,radio,0.5
3,1,lr1e-04_bs32_modL1_fusion32_fusionL1_drop0p1_trmiss50_trlocradio,32,0.0001,1,32,1,0.1,lr1e-04_bs32_modL1_fusion32_fusionL1_drop0p1_trmiss50_trlocradio,36,0.3729038139184316,0.6968017220497131,0.5525210084033614,0.685458956602626,0.4888888888888889,0.0,0.0,0.0,0.0,0.0,0.0,0.0,0.0,0.0,2002,radio,0.5
3,1,lr1e-04_bs32_modL1_fusion32_fusionL1_drop0p1_trmiss50_trlocradio,32,0.0001,1,32,1,0.1,lr1e-04_bs32_modL1_fusion32_fusionL1_drop0p1_trmiss50_trlocradio,37,0.3766092509031296,0.6964212656021118,0.5525210084033614,0.6847097832934701,0.5111111111111111,0.0,0.0,0.0,0.0,0.0,0.0,0.0,0.0,0.0,2002,radio,0.5
3,1,lr1e-04_bs32_modL1_fusion32_fusionL1_drop0p1_trmiss50_trlocradio,32,0.0001,1,32,1,0.1,lr1e-04_bs32_modL1_fusion32_fusionL1_drop0p1_trmiss50_trlocradio,38,0.37479234238465625,0.699191153049469,0.5567226890756303,0.688030665602814,0.5333333333333333,0.0,0.0,0.0,0.0,0.0,0.0,0.0,0.0,0.0,2002,radio,0.5
3,1,lr1e-04_bs32_modL1_fusion32_fusionL1_drop0p1_trmiss50_trlocradio,32,0.0001,1,32,1,0.1,lr1e-04_bs32_modL1_fusion32_fusionL1_drop0p1_trmiss50_trlocradio,39,0.3709648946921031,0.6998706161975861,0.5567226890756303,0.6875261387426064,0.5111111111111111,0.0,0.0,0.0,0.0,0.0,0.0,0.0,0.0,0.0,2002,radio,0.5
3,1,lr1e-04_bs32_modL1_fusion32_fusionL1_drop0p1_trmiss50_trlocradio,32,0.0001,1,32,1,0.1,lr1e-04_bs32_modL1_fusion32_fusionL1_drop0p1_trmiss50_trlocradio,40,0.3881843437751134,0.7053949236869812,0.5567226890756303,0.6866275705421893,0.5111111111111111,0.0,0.0,0.0,0.0,0.0,0.0,0.0,0.0,0.0,2002,radio,0.5
3,1,lr1e-04_bs32_modL1_fusion32_fusionL1_drop0p1_trmiss50_trlocradio,32,0.0001,1,32,1,0.1,lr1e-04_bs32_modL1_fusion32_fusionL1_drop0p1_trmiss50_trlocradio,41,0.36636950572331745,0.7071090638637543,0.5588235294117647,0.6893308857455045,0.5555555555555556,0.0,0.0,0.0,0.0,0.0,0.0,0.0,0.0,0.0,2002,radio,0.5
3,1,lr1e-04_bs32_modL1_fusion32_fusionL1_drop0p1_trmiss50_trlocradio,32,0.0001,1,32,1,0.1,lr1e-04_bs32_modL1_fusion32_fusionL1_drop0p1_trmiss50_trlocradio,42,0.3755217641592026,0.7044433355331421,0.5546218487394958,0.6870713282947924,0.5333333333333333,0.0,0.0,0.0,0.0,0.0,0.0,0.0,0.0,0.0,2002,radio,0.5
3,1,lr1e-04_bs32_modL1_fusion32_fusionL1_drop0p1_trmiss50_trlocradio,32,0.0001,1,32,1,0.1,lr1e-04_bs32_modL1_fusion32_fusionL1_drop0p1_trmiss50_trlocradio,43,0.3690512130657832,0.7016744017601013,0.5546218487394958,0.688047968951055,0.4888888888888889,0.0,0.0,0.0,0.0,0.0,0.0,0.0,0.0,0.0,2002,radio,0.5
3,1,lr1e-04_bs32_modL1_fusion32_fusionL1_drop0p1_trmiss50_trlocradio,32,0.0001,1,32,1,0.1,lr1e-04_bs32_modL1_fusion32_fusionL1_drop0p1_trmiss50_trlocradio,44,0.3556234687566757,0.7029246687889099,0.5525210084033614,0.6857494202212183,0.5111111111111111,0.0,0.0,0.0,0.0,0.0,0.0,0.0,0.0,0.0,2002,radio,0.5
3,1,lr1e-04_bs32_modL1_fusion32_fusionL1_drop0p1_trmiss50_trlocradio,32,0.0001,1,32,1,0.1,lr1e-04_bs32_modL1_fusion32_fusionL1_drop0p1_trmiss50_trlocradio,45,0.36681989828745526,0.7012814879417419,0.5504201680672269,0.6833143552861534,0.5111111111111111,0.0,0.0,0.0,0.0,0.0,0.0,0.0,0.0,0.0,2002,radio,0.5
3,1,lr1e-04_bs32_modL1_fusion64_fusionL1_drop0p2_trmiss50_trlocradio,32,0.0001,1,64,1,0.2,lr1e-04_bs32_modL1_fusion64_fusionL1_drop0p2_trmiss50_trlocradio,1,0.6940924326578776,0.6908554434776306,0.5357142857142858,0.6437704510464393,0.5111111111111111,0.0,0.0,0.0,0.0,0.0,0.0,0.0,0.0,0.0,2002,radio,0.5
3,1,lr1e-04_bs32_modL1_fusion64_fusionL1_drop0p2_trmiss50_trlocradio,32,0.0001,1,64,1,0.2,lr1e-04_bs32_modL1_fusion64_fusionL1_drop0p2_trmiss50_trlocradio,2,0.6566667954126993,0.6915068626403809,0.5273109243697478,0.6538005363373011,0.5555555555555556,0.0,0.0,0.0,0.0,0.0,0.0,0.0,0.0,0.0,2002,radio,0.5
3,1,lr1e-04_bs32_modL1_fusion64_fusionL1_drop0p2_trmiss50_trlocradio,32,0.0001,1,64,1,0.2,lr1e-04_bs32_modL1_fusion64_fusionL1_drop0p2_trmiss50_trlocradio,3,0.6045641899108887,0.6926296949386597,0.5210084033613445,0.6527076937990728,0.5555555555555556,0.0,0.0,0.0,0.0,0.0,0.0,0.0,0.0,0.0,2002,radio,0.5
3,1,lr1e-04_bs32_modL1_fusion64_fusionL1_drop0p2_trmiss50_trlocradio,32,0.0001,1,64,1,0.2,lr1e-04_bs32_modL1_fusion64_fusionL1_drop0p2_trmiss50_trlocradio,4,0.6160830954710642,0.6925066411495209,0.5315126050420168,0.6749688477681602,0.5333333333333333,0.0,0.0,0.0,0.0,0.0,0.0,0.0,0.0,0.0,2002,radio,0.5
3,1,lr1e-04_bs32_modL1_fusion64_fusionL1_drop0p2_trmiss50_trlocradio,32,0.0001,1,64,1,0.2,lr1e-04_bs32_modL1_fusion64_fusionL1_drop0p2_trmiss50_trlocradio,5,0.6041787266731262,0.6927587985992432,0.5357142857142857,0.6789777082536175,0.5333333333333333,0.0,0.0,0.0,0.0,0.0,0.0,0.0,0.0,0.0,2002,radio,0.5
3,1,lr1e-04_bs32_modL1_fusion64_fusionL1_drop0p2_trmiss50_trlocradio,32,0.0001,1,64,1,0.2,lr1e-04_bs32_modL1_fusion64_fusionL1_drop0p2_trmiss50_trlocradio,6,0.5790784955024719,0.6947219669818878,0.5378151260504201,0.6800730376897397,0.5111111111111111,0.0,0.0,0.0,0.0,0.0,0.0,0.0,0.0,0.0,2002,radio,0.5
3,1,lr1e-04_bs32_modL1_fusion64_fusionL1_drop0p2_trmiss50_trlocradio,32,0.0001,1,64,1,0.2,lr1e-04_bs32_modL1_fusion64_fusionL1_drop0p2_trmiss50_trlocradio,7,0.5779536366462708,0.6882398128509521,0.5441176470588236,0.6818058782618659,0.4888888888888889,0.0,0.0,0.0,0.0,0.0,0.0,0.0,0.0,0.0,2002,radio,0.5
3,1,lr1e-04_bs32_modL1_fusion64_fusionL1_drop0p2_trmiss50_trlocradio,32,0.0001,1,64,1,0.2,lr1e-04_bs32_modL1_fusion64_fusionL1_drop0p2_trmiss50_trlocradio,8,0.5765746037165324,0.6869259476661682,0.5378151260504201,0.6766020178180564,0.4888888888888889,0.0,0.0,0.0,0.0,0.0,0.0,0.0,0.0,0.0,2002,radio,0.5
3,1,lr1e-04_bs32_modL1_fusion64_fusionL1_drop0p2_trmiss50_trlocradio,32,0.0001,1,64,1,0.2,lr1e-04_bs32_modL1_fusion64_fusionL1_drop0p2_trmiss50_trlocradio,9,0.5389516055583954,0.6828464269638062,0.5315126050420167,0.6778112120716424,0.4888888888888889,0.0,0.0,0.0,0.0,0.0,0.0,0.0,0.0,0.0,2002,radio,0.5
3,1,lr1e-04_bs32_modL1_fusion64_fusionL1_drop0p2_trmiss50_trlocradio,32,0.0001,1,64,1,0.2,lr1e-04_bs32_modL1_fusion64_fusionL1_drop0p2_trmiss50_trlocradio,10,0.5349889397621155,0.6847632825374603,0.5294117647058824,0.6746143421054684,0.4666666666666667,0.0,0.0,0.0,0.0,0.0,0.0,0.0,0.0,0.0,2002,radio,0.5
3,1,lr1e-04_bs32_modL1_fusion64_fusionL1_drop0p2_trmiss50_trlocradio,32,0.0001,1,64,1,0.2,lr1e-04_bs32_modL1_fusion64_fusionL1_drop0p2_trmiss50_trlocradio,11,0.5160748759905497,0.6875452399253845,0.5294117647058824,0.6734086298539912,0.5111111111111111,0.0,0.0,0.0,0.0,0.0,0.0,0.0,0.0,0.0,2002,radio,0.5
3,1,lr1e-04_bs32_modL1_fusion64_fusionL1_drop0p2_trmiss50_trlocradio,32,0.0001,1,64,1,0.2,lr1e-04_bs32_modL1_fusion64_fusionL1_drop0p2_trmiss50_trlocradio,12,0.5038636674483618,0.6890640258789062,0.5294117647058824,0.6790588548008676,0.5111111111111111,0.0,0.0,0.0,0.0,0.0,0.0,0.0,0.0,0.0,2002,radio,0.5
3,1,lr1e-04_bs32_modL1_fusion64_fusionL1_drop0p2_trmiss50_trlocradio,32,0.0001,1,64,1,0.2,lr1e-04_bs32_modL1_fusion64_fusionL1_drop0p2_trmiss50_trlocradio,13,0.4833144595225652,0.6925805807113647,0.5357142857142857,0.6849827496159018,0.5333333333333333,0.0,0.0,0.0,0.0,0.0,0.0,0.0,0.0,0.0,2002,radio,0.5
3,1,lr1e-04_bs32_modL1_fusion64_fusionL1_drop0p2_trmiss50_trlocradio,32,0.0001,1,64,1,0.2,lr1e-04_bs32_modL1_fusion64_fusionL1_drop0p2_trmiss50_trlocradio,14,0.4975171536207199,0.6890034079551697,0.5231092436974789,0.6759559884776307,0.5111111111111111,0.0,0.0,0.0,0.0,0.0,0.0,0.0,0.0,0.0,2002,radio,0.5
3,1,lr1e-04_bs32_modL1_fusion64_fusionL1_drop0p2_trmiss50_trlocradio,32,0.0001,1,64,1,0.2,lr1e-04_bs32_modL1_fusion64_fusionL1_drop0p2_trmiss50_trlocradio,15,0.4755253295103709,0.6954019963741302,0.5189075630252101,0.6826632354789953,0.5111111111111111,0.0,0.0,0.0,0.0,0.0,0.0,0.0,0.0,0.0,2002,radio,0.5
3,1,lr1e-04_bs32_modL1_fusion64_fusionL1_drop0p2_trmiss50_trlocradio,32,0.0001,1,64,1,0.2,lr1e-04_bs32_modL1_fusion64_fusionL1_drop0p2_trmiss50_trlocradio,16,0.476225346326828,0.6967287659645081,0.5168067226890756,0.6820536032904159,0.5111111111111111,0.0,0.0,0.0,0.0,0.0,0.0,0.0,0.0,0.0,2002,radio,0.5
3,1,lr1e-04_bs32_modL1_fusion64_fusionL1_drop0p2_trmiss50_trlocradio,32,0.0001,1,64,1,0.2,lr1e-04_bs32_modL1_fusion64_fusionL1_drop0p2_trmiss50_trlocradio,17,0.46772729357083637,0.6922702491283417,0.5147058823529411,0.6795254766551463,0.5333333333333333,0.0,0.0,0.0,0.0,0.0,0.0,0.0,0.0,0.0,2002,radio,0.5
3,1,lr1e-04_bs32_modL1_fusion64_fusionL1_drop0p2_trmiss50_trlocradio,32,0.0001,1,64,1,0.2,lr1e-04_bs32_modL1_fusion64_fusionL1_drop0p2_trmiss50_trlocradio,18,0.4488522857427597,0.6918061375617981,0.5147058823529411,0.6795254766551463,0.5333333333333333,0.0,0.0,0.0,0.0,0.0,0.0,0.0,0.0,0.0,2002,radio,0.5
3,1,lr1e-04_bs32_modL1_fusion64_fusionL1_drop0p2_trmiss50_trlocradio,32,0.0001,1,64,1,0.2,lr1e-04_bs32_modL1_fusion64_fusionL1_drop0p2_trmiss50_trlocradio,19,0.44185879329840344,0.687686562538147,0.5147058823529411,0.6785325447411618,0.5555555555555556,0.0,0.0,0.0,0.0,0.0,0.0,0.0,0.0,0.0,2002,radio,0.5
3,1,lr1e-04_bs32_modL1_fusion64_fusionL1_drop0p2_trmiss50_trlocradio,32,0.0001,1,64,1,0.2,lr1e-04_bs32_modL1_fusion64_fusionL1_drop0p2_trmiss50_trlocradio,20,0.4441868116458257,0.6879236102104187,0.5210084033613446,0.6890919258362571,0.4888888888888889,0.0,0.0,0.0,0.0,0.0,0.0,0.0,0.0,0.0,2002,radio,0.5
3,1,lr1e-04_bs32_modL1_fusion64_fusionL1_drop0p2_trmiss50_trlocradio,32,0.0001,1,64,1,0.2,lr1e-04_bs32_modL1_fusion64_fusionL1_drop0p2_trmiss50_trlocradio,21,0.4533194949229558,0.6875132024288177,0.5168067226890756,0.685010293183196,0.4888888888888889,0.0,0.0,0.0,0.0,0.0,0.0,0.0,0.0,0.0,2002,radio,0.5
3,1,lr1e-04_bs32_modL1_fusion64_fusionL1_drop0p2_trmiss50_trlocradio,32,0.0001,1,64,1,0.2,lr1e-04_bs32_modL1_fusion64_fusionL1_drop0p2_trmiss50_trlocradio,22,0.44577187299728394,0.6858867406845093,0.5168067226890756,0.6846824149963481,0.5777777777777777,0.0,0.0,0.0,0.0,0.0,0.0,0.0,0.0,0.0,2002,radio,0.5
3,1,lr1e-04_bs32_modL1_fusion64_fusionL1_drop0p2_trmiss50_trlocradio,32,0.0001,1,64,1,0.2,lr1e-04_bs32_modL1_fusion64_fusionL1_drop0p2_trmiss50_trlocradio,23,0.4375343968470891,0.6890665292739868,0.5147058823529412,0.6853318086853261,0.5111111111111111,0.0,0.0,0.0,0.0,0.0,0.0,0.0,0.0,0.0,2002,radio,0.5
3,1,lr1e-04_bs32_modL1_fusion64_fusionL1_drop0p2_trmiss50_trlocradio,32,0.0001,1,64,1,0.2,lr1e-04_bs32_modL1_fusion64_fusionL1_drop0p2_trmiss50_trlocradio,24,0.44252972304821014,0.6949872970581055,0.5084033613445378,0.6804002715031554,0.4888888888888889,0.0,0.0,0.0,0.0,0.0,0.0,0.0,0.0,0.0,2002,radio,0.5
3,1,lr1e-04_bs32_modL1_fusion64_fusionL1_drop0p2_trmiss50_trlocradio,32,0.0001,1,64,1,0.2,lr1e-04_bs32_modL1_fusion64_fusionL1_drop0p2_trmiss50_trlocradio,25,0.42851265768210095,0.6934070289134979,0.5126050420168068,0.6833535682064522,0.5111111111111111,0.0,0.0,0.0,0.0,0.0,0.0,0.0,0.0,0.0,2002,radio,0.5
3,1,lr1e-04_bs32_modL1_fusion64_fusionL1_drop0p2_trmiss50_trlocradio,32,0.0001,1,64,1,0.2,lr1e-04_bs32_modL1_fusion64_fusionL1_drop0p2_trmiss50_trlocradio,26,0.4182770699262619,0.6929031014442444,0.5168067226890756,0.6867917002160129,0.5111111111111111,0.0,0.0,0.0,0.0,0.0,0.0,0.0,0.0,0.0,2002,radio,0.5
3,1,lr1e-04_bs32_modL1_fusion64_fusionL1_drop0p2_trmiss50_trlocradio,32,0.0001,1,64,1,0.2,lr1e-04_bs32_modL1_fusion64_fusionL1_drop0p2_trmiss50_trlocradio,27,0.4187714209159215,0.6907016336917877,0.51890756302521,0.6897086362211841,0.5111111111111111,0.0,0.0,0.0,0.0,0.0,0.0,0.0,0.0,0.0,2002,radio,0.5
3,1,lr1e-04_bs32_modL1_fusion64_fusionL1_drop0p1_trmiss50_trlocradio,32,0.0001,1,64,1,0.1,lr1e-04_bs32_modL1_fusion64_fusionL1_drop0p1_trmiss50_trlocradio,1,0.7557275791962942,0.702714204788208,0.4873949579831932,0.5960407816671897,0.4444444444444444,0.0,0.0,0.0,0.0,0.0,0.0,0.0,0.0,0.0,2002,radio,0.5
3,1,lr1e-04_bs32_modL1_fusion64_fusionL1_drop0p1_trmiss50_trlocradio,32,0.0001,1,64,1,0.1,lr1e-04_bs32_modL1_fusion64_fusionL1_drop0p1_trmiss50_trlocradio,2,0.675276497999827,0.7037179470062256,0.5210084033613446,0.6528548051203753,0.5111111111111111,0.0,0.0,0.0,0.0,0.0,0.0,0.0,0.0,0.0,2002,radio,0.5
3,1,lr1e-04_bs32_modL1_fusion64_fusionL1_drop0p1_trmiss50_trlocradio,32,0.0001,1,64,1,0.1,lr1e-04_bs32_modL1_fusion64_fusionL1_drop0p1_trmiss50_trlocradio,3,0.6533850729465485,0.7106064260005951,0.5126050420168067,0.6715844681908967,0.5111111111111111,0.0,0.0,0.0,0.0,0.0,0.0,0.0,0.0,0.0,2002,radio,0.5
3,1,lr1e-04_bs32_modL1_fusion64_fusionL1_drop0p1_trmiss50_trlocradio,32,0.0001,1,64,1,0.1,lr1e-04_bs32_modL1_fusion64_fusionL1_drop0p1_trmiss50_trlocradio,4,0.613133579492569,0.7126498222351074,0.4915966386554622,0.6636541542387356,0.5111111111111111,0.0,0.0,0.0,0.0,0.0,0.0,0.0,0.0,0.0,2002,radio,0.5
3,1,lr1e-04_bs32_modL1_fusion64_fusionL1_drop0p1_trmiss50_trlocradio,32,0.0001,1,64,1,0.1,lr1e-04_bs32_modL1_fusion64_fusionL1_drop0p1_trmiss50_trlocradio,5,0.5884521802266439,0.712242990732193,0.5105042016806722,0.6880424134257539,0.4888888888888889,0.0,0.0,0.0,0.0,0.0,0.0,0.0,0.0,0.0,2002,radio,0.5
3,1,lr1e-04_bs32_modL1_fusion64_fusionL1_drop0p1_trmiss50_trlocradio,32,0.0001,1,64,1,0.1,lr1e-04_bs32_modL1_fusion64_fusionL1_drop0p1_trmiss50_trlocradio,6,0.5702925324440002,0.7106193900108337,0.5,0.679314899131899,0.5555555555555556,0.0,0.0,0.0,0.0,0.0,0.0,0.0,0.0,0.0,2002,radio,0.5
3,1,lr1e-04_bs32_modL1_fusion64_fusionL1_drop0p1_trmiss50_trlocradio,32,0.0001,1,64,1,0.1,lr1e-04_bs32_modL1_fusion64_fusionL1_drop0p1_trmiss50_trlocradio,7,0.5642049461603165,0.7116879522800446,0.5063025210084034,0.6840008913240396,0.5333333333333333,0.0,0.0,0.0,0.0,0.0,0.0,0.0,0.0,0.0,2002,radio,0.5
3,1,lr1e-04_bs32_modL1_fusion64_fusionL1_drop0p1_trmiss50_trlocradio,32,0.0001,1,64,1,0.1,lr1e-04_bs32_modL1_fusion64_fusionL1_drop0p1_trmiss50_trlocradio,8,0.5152167230844498,0.7099460959434509,0.4957983193277311,0.6721558864158899,0.5111111111111111,0.0,0.0,0.0,0.0,0.0,0.0,0.0,0.0,0.0,2002,radio,0.5
3,1,lr1e-04_bs32_modL1_fusion64_fusionL1_drop0p1_trmiss50_trlocradio,32,0.0001,1,64,1,0.1,lr1e-04_bs32_modL1_fusion64_fusionL1_drop0p1_trmiss50_trlocradio,9,0.5286178290843964,0.7068325281143188,0.5168067226890756,0.6811300586741598,0.4888888888888889,0.0,0.0,0.0,0.0,0.0,0.0,0.0,0.0,0.0,2002,radio,0.5
3,1,lr1e-04_bs32_modL1_fusion64_fusionL1_drop0p1_trmiss50_trlocradio,32,0.0001,1,64,1,0.1,lr1e-04_bs32_modL1_fusion64_fusionL1_drop0p1_trmiss50_trlocradio,10,0.5128175020217896,0.704696387052536,0.5294117647058822,0.683672732022187,0.4888888888888889,0.0,0.0,0.0,0.0,0.0,0.0,0.0,0.0,0.0,2002,radio,0.5
3,1,lr1e-04_bs32_modL1_fusion64_fusionL1_drop0p1_trmiss50_trlocradio,32,0.0001,1,64,1,0.1,lr1e-04_bs32_modL1_fusion64_fusionL1_drop0p1_trmiss50_trlocradio,11,0.5083032747109731,0.7045373916625977,0.5252100840336135,0.6912469160734198,0.4888888888888889,0.0,0.0,0.0,0.0,0.0,0.0,0.0,0.0,0.0,2002,radio,0.5
3,1,lr1e-04_bs32_modL1_fusion64_fusionL1_drop0p1_trmiss50_trlocradio,32,0.0001,1,64,1,0.1,lr1e-04_bs32_modL1_fusion64_fusionL1_drop0p1_trmiss50_trlocradio,12,0.49077485501766205,0.7017986476421356,0.546218487394958,0.7064902444078183,0.4888888888888889,0.0,0.0,0.0,0.0,0.0,0.0,0.0,0.0,0.0,2002,radio,0.5
3,1,lr1e-04_bs32_modL1_fusion64_fusionL1_drop0p1_trmiss50_trlocradio,32,0.0001,1,64,1,0.1,lr1e-04_bs32_modL1_fusion64_fusionL1_drop0p1_trmiss50_trlocradio,13,0.48756419618924457,0.7053872644901276,0.5483193277310925,0.711373292452414,0.4888888888888889,0.0,0.0,0.0,0.0,0.0,0.0,0.0,0.0,0.0,2002,radio,0.5
3,1,lr1e-04_bs32_modL1_fusion64_fusionL1_drop0p1_trmiss50_trlocradio,32,0.0001,1,64,1,0.1,lr1e-04_bs32_modL1_fusion64_fusionL1_drop0p1_trmiss50_trlocradio,14,0.48886239031950635,0.7043354213237762,0.5441176470588236,0.701771200027937,0.4888888888888889,0.0,0.0,0.0,0.0,0.0,0.0,0.0,0.0,0.0,2002,radio,0.5
3,1,lr1e-04_bs32_modL1_fusion64_fusionL1_drop0p1_trmiss50_trlocradio,32,0.0001,1,64,1,0.1,lr1e-04_bs32_modL1_fusion64_fusionL1_drop0p1_trmiss50_trlocradio,15,0.4649546295404434,0.7021389603614807,0.542016806722689,0.7023754923561526,0.5333333333333333,0.0,0.0,0.0,0.0,0.0,0.0,0.0,0.0,0.0,2002,radio,0.5
3,1,lr1e-04_bs32_modL1_fusion64_fusionL1_drop0p1_trmiss50_trlocradio,32,0.0001,1,64,1,0.1,lr1e-04_bs32_modL1_fusion64_fusionL1_drop0p1_trmiss50_trlocradio,16,0.4573123057683309,0.7011862695217133,0.5336134453781513,0.7033479470455105,0.5333333333333333,0.0,0.0,0.0,0.0,0.0,0.0,0.0,0.0,0.0,2002,radio,0.5
3,1,lr1e-04_bs32_modL1_fusion64_fusionL1_drop0p1_trmiss50_trlocradio,32,0.0001,1,64,1,0.1,lr1e-04_bs32_modL1_fusion64_fusionL1_drop0p1_trmiss50_trlocradio,17,0.45597117642561596,0.6976775825023651,0.5336134453781513,0.70244497261092,0.5333333333333333,0.0,0.0,0.0,0.0,0.0,0.0,0.0,0.0,0.0,2002,radio,0.5
3,1,lr1e-04_bs32_modL1_fusion64_fusionL1_drop0p1_trmiss50_trlocradio,32,0.0001,1,64,1,0.1,lr1e-04_bs32_modL1_fusion64_fusionL1_drop0p1_trmiss50_trlocradio,18,0.44804932673772174,0.697392076253891,0.523109243697479,0.6929070360710711,0.5111111111111111,0.0,0.0,0.0,0.0,0.0,0.0,0.0,0.0,0.0,2002,radio,0.5
3,1,lr1e-04_bs32_modL1_fusion64_fusionL1_drop0p1_trmiss50_trlocradio,32,0.0001,1,64,1,0.1,lr1e-04_bs32_modL1_fusion64_fusionL1_drop0p1_trmiss50_trlocradio,19,0.4268569052219391,0.6980689764022827,0.5315126050420168,0.69498355239263,0.5111111111111111,0.0,0.0,0.0,0.0,0.0,0.0,0.0,0.0,0.0,2002,radio,0.5
3,1,lr1e-04_bs32_modL1_fusion64_fusionL1_drop0p1_trmiss50_trlocradio,32,0.0001,1,64,1,0.1,lr1e-04_bs32_modL1_fusion64_fusionL1_drop0p1_trmiss50_trlocradio,20,0.4222344607114792,0.7037658393383026,0.5252100840336134,0.6902362225796489,0.4888888888888889,0.0,0.0,0.0,0.0,0.0,0.0,0.0,0.0,0.0,2002,radio,0.5
3,1,lr1e-04_bs32_modL1_fusion64_fusionL1_drop0p1_trmiss50_trlocradio,32,0.0001,1,64,1,0.1,lr1e-04_bs32_modL1_fusion64_fusionL1_drop0p1_trmiss50_trlocradio,21,0.4186083873112996,0.699225664138794,0.5336134453781514,0.695043970498583,0.4888888888888889,0.0,0.0,0.0,0.0,0.0,0.0,0.0,0.0,0.0,2002,radio,0.5
3,1,lr1e-04_bs32_modL1_fusion64_fusionL1_drop0p1_trmiss50_trlocradio,32,0.0001,1,64,1,0.1,lr1e-04_bs32_modL1_fusion64_fusionL1_drop0p1_trmiss50_trlocradio,22,0.40887167553106946,0.6921747028827667,0.5420168067226891,0.6966969879076481,0.5111111111111111,0.0,0.0,0.0,0.0,0.0,0.0,0.0,0.0,0.0,2002,radio,0.5
3,1,lr1e-04_bs32_modL1_fusion64_fusionL1_drop0p1_trmiss50_trlocradio,32,0.0001,1,64,1,0.1,lr1e-04_bs32_modL1_fusion64_fusionL1_drop0p1_trmiss50_trlocradio,23,0.40765025715033215,0.6942732632160187,0.5441176470588236,0.6974885240409512,0.5111111111111111,0.0,0.0,0.0,0.0,0.0,0.0,0.0,0.0,0.0,2002,radio,0.5
3,1,lr1e-04_bs32_modL1_fusion64_fusionL1_drop0p1_trmiss50_trlocradio,32,0.0001,1,64,1,0.1,lr1e-04_bs32_modL1_fusion64_fusionL1_drop0p1_trmiss50_trlocradio,24,0.40960565706094104,0.6934440732002258,0.5525210084033614,0.704734081386972,0.4888888888888889,0.0,0.0,0.0,0.0,0.0,0.0,0.0,0.0,0.0,2002,radio,0.5
3,1,lr1e-04_bs32_modL1_fusion64_fusionL1_drop0p1_trmiss50_trlocradio,32,0.0001,1,64,1,0.1,lr1e-04_bs32_modL1_fusion64_fusionL1_drop0p1_trmiss50_trlocradio,25,0.40473217765490216,0.6970329582691193,0.5504201680672269,0.7038860542311146,0.4888888888888889,0.0,0.0,0.0,0.0,0.0,0.0,0.0,0.0,0.0,2002,radio,0.5
3,1,lr1e-04_bs32_modL1_fusion64_fusionL1_drop0p1_trmiss50_trlocradio,32,0.0001,1,64,1,0.1,lr1e-04_bs32_modL1_fusion64_fusionL1_drop0p1_trmiss50_trlocradio,26,0.3857985585927963,0.691197544336319,0.5630252100840336,0.7114622086278702,0.4888888888888889,0.0,0.0,0.0,0.0,0.0,0.0,0.0,0.0,0.0,2002,radio,0.5
3,1,lr1e-04_bs32_modL1_fusion64_fusionL1_drop0p1_trmiss50_trlocradio,32,0.0001,1,64,1,0.1,lr1e-04_bs32_modL1_fusion64_fusionL1_drop0p1_trmiss50_trlocradio,27,0.38087687889734906,0.6922872364521027,0.5546218487394958,0.7078498607849218,0.5333333333333333,0.0,0.0,0.0,0.0,0.0,0.0,0.0,0.0,0.0,2002,radio,0.5
3,1,lr1e-04_bs32_modL1_fusion64_fusionL1_drop0p1_trmiss50_trlocradio,32,0.0001,1,64,1,0.1,lr1e-04_bs32_modL1_fusion64_fusionL1_drop0p1_trmiss50_trlocradio,28,0.38555699090162915,0.6971454918384552,0.5462184873949579,0.7035786477232863,0.4888888888888889,0.0,0.0,0.0,0.0,0.0,0.0,0.0,0.0,0.0,2002,radio,0.5
3,1,lr1e-04_bs32_modL1_fusion64_fusionL1_drop0p1_trmiss50_trlocradio,32,0.0001,1,64,1,0.1,lr1e-04_bs32_modL1_fusion64_fusionL1_drop0p1_trmiss50_trlocradio,29,0.37022089461485547,0.6999366581439972,0.546218487394958,0.7016245192376069,0.4888888888888889,0.0,0.0,0.0,0.0,0.0,0.0,0.0,0.0,0.0,2002,radio,0.5
3,1,lr1e-04_bs32_modL1_fusion64_fusionL1_drop0p1_trmiss50_trlocradio,32,0.0001,1,64,1,0.1,lr1e-04_bs32_modL1_fusion64_fusionL1_drop0p1_trmiss50_trlocradio,30,0.3663881967465083,0.7023205459117889,0.5315126050420169,0.7059628545566479,0.5333333333333333,0.0,0.0,0.0,0.0,0.0,0.0,0.0,0.0,0.0,2002,radio,0.5
3,1,lr1e-04_bs32_modL1_fusion64_fusionL1_drop0p1_trmiss50_trlocradio,32,0.0001,1,64,1,0.1,lr1e-04_bs32_modL1_fusion64_fusionL1_drop0p1_trmiss50_trlocradio,31,0.3699214110771815,0.6996934711933136,0.546218487394958,0.7113846285633327,0.4666666666666667,0.0,0.0,0.0,0.0,0.0,0.0,0.0,0.0,0.0,2002,radio,0.5
3,1,lr1e-04_bs32_modL1_fusion64_fusionL1_drop0p1_trmiss50_trlocradio,32,0.0001,1,64,1,0.1,lr1e-04_bs32_modL1_fusion64_fusionL1_drop0p1_trmiss50_trlocradio,32,0.34873848656813305,0.6955165266990662,0.5504201680672269,0.7006487266637703,0.5333333333333333,0.0,0.0,0.0,0.0,0.0,0.0,0.0,0.0,0.0,2002,radio,0.5
3,1,lr1e-04_bs32_modL1_fusion64_fusionL1_drop0p1_trmiss50_trlocradio,32,0.0001,1,64,1,0.1,lr1e-04_bs32_modL1_fusion64_fusionL1_drop0p1_trmiss50_trlocradio,33,0.3660811533530553,0.6962235569953918,0.5609243697478992,0.7021832428004363,0.5555555555555556,0.0,0.0,0.0,0.0,0.0,0.0,0.0,0.0,0.0,2002,radio,0.5
3,1,lr1e-04_bs32_modL1_fusion64_fusionL1_drop0p1_trmiss50_trlocradio,32,0.0001,1,64,1,0.1,lr1e-04_bs32_modL1_fusion64_fusionL1_drop0p1_trmiss50_trlocradio,34,0.3580014357964198,0.696012943983078,0.5483193277310925,0.6965857354928613,0.5333333333333333,0.0,0.0,0.0,0.0,0.0,0.0,0.0,0.0,0.0,2002,radio,0.5
3,1,lr1e-04_bs32_modL1_fusion64_fusionL1_drop0p1_trmiss50_trlocradio,32,0.0001,1,64,1,0.1,lr1e-04_bs32_modL1_fusion64_fusionL1_drop0p1_trmiss50_trlocradio,35,0.3339881052573522,0.6952904760837555,0.5399159663865546,0.690371848329118,0.5333333333333333,0.0,0.0,0.0,0.0,0.0,0.0,0.0,0.0,0.0,2002,radio,0.5
3,1,lr1e-04_bs32_modL1_fusion64_fusionL1_drop0p1_trmiss50_trlocradio,32,0.0001,1,64,1,0.1,lr1e-04_bs32_modL1_fusion64_fusionL1_drop0p1_trmiss50_trlocradio,36,0.36176830530166626,0.697618156671524,0.53781512605042,0.6879744442584298,0.5333333333333333,0.0,0.0,0.0,0.0,0.0,0.0,0.0,0.0,0.0,2002,radio,0.5
3,1,lr1e-04_bs32_modL1_fusion64_fusionL1_drop0p1_trmiss50_trlocradio,32,0.0001,1,64,1,0.1,lr1e-04_bs32_modL1_fusion64_fusionL1_drop0p1_trmiss50_trlocradio,37,0.35254349807898205,0.6960666477680206,0.5336134453781513,0.6773764443747156,0.4888888888888889,0.0,0.0,0.0,0.0,0.0,0.0,0.0,0.0,0.0,2002,radio,0.5
3,1,lr1e-04_bs32_modL1_fusion64_fusionL1_drop0p1_trmiss50_trlocradio,32,0.0001,1,64,1,0.1,lr1e-04_bs32_modL1_fusion64_fusionL1_drop0p1_trmiss50_trlocradio,38,0.34933219850063324,0.6985235512256622,0.5315126050420168,0.6758080728165076,0.5111111111111111,0.0,0.0,0.0,0.0,0.0,0.0,0.0,0.0,0.0,2002,radio,0.5
3,1,lr1e-04_bs32_modL1_fusion64_fusionL1_drop0p1_trmiss50_trlocradio,32,0.0001,1,64,1,0.1,lr1e-04_bs32_modL1_fusion64_fusionL1_drop0p1_trmiss50_trlocradio,39,0.3442557156085968,0.6993104517459869,0.5378151260504201,0.6939448018030354,0.4888888888888889,0.0,0.0,0.0,0.0,0.0,0.0,0.0,0.0,0.0,2002,radio,0.5
3,1,lr1e-04_bs32_modL1_fusion64_fusionL1_drop0p1_trmiss50_trlocradio,32,0.0001,1,64,1,0.1,lr1e-04_bs32_modL1_fusion64_fusionL1_drop0p1_trmiss50_trlocradio,40,0.3475282887617747,0.7008165419101715,0.542016806722689,0.6828780092931668,0.5111111111111111,0.0,0.0,0.0,0.0,0.0,0.0,0.0,0.0,0.0,2002,radio,0.5
3,1,lr1e-04_bs32_modL1_fusion64_fusionL1_drop0p1_trmiss50_trlocradio,32,0.0001,1,64,1,0.1,lr1e-04_bs32_modL1_fusion64_fusionL1_drop0p1_trmiss50_trlocradio,41,0.35735024015108746,0.7043564915657043,0.5357142857142857,0.6904736759262358,0.4888888888888889,0.0,0.0,0.0,0.0,0.0,0.0,0.0,0.0,0.0,2002,radio,0.5
3,1,lr1e-04_bs32_modL1_fusion64_fusionL1_drop0p1_trmiss50_trlocradio,32,0.0001,1,64,1,0.1,lr1e-04_bs32_modL1_fusion64_fusionL1_drop0p1_trmiss50_trlocradio,42,0.34108014901479083,0.7004659473896027,0.546218487394958,0.6973618322225194,0.5111111111111111,0.0,0.0,0.0,0.0,0.0,0.0,0.0,0.0,0.0,2002,radio,0.5
3,1,lr1e-04_bs32_modL1_fusion64_fusionL1_drop0p1_trmiss50_trlocradio,32,0.0001,1,64,1,0.1,lr1e-04_bs32_modL1_fusion64_fusionL1_drop0p1_trmiss50_trlocradio,43,0.3305113265911738,0.7041505873203278,0.5441176470588235,0.6968013486957484,0.4888888888888889,0.0,0.0,0.0,0.0,0.0,0.0,0.0,0.0,0.0,2002,radio,0.5
3,1,lr1e-04_bs32_modL1_fusion64_fusionL1_drop0p1_trmiss50_trlocradio,32,0.0001,1,64,1,0.1,lr1e-04_bs32_modL1_fusion64_fusionL1_drop0p1_trmiss50_trlocradio,44,0.33781301975250244,0.7027506232261658,0.5357142857142857,0.6934691019521716,0.5111111111111111,0.0,0.0,0.0,0.0,0.0,0.0,0.0,0.0,0.0,2002,radio,0.5
3,1,lr1e-04_bs32_modL1_fusion64_fusionL1_drop0p1_trmiss50_trlocradio,32,0.0001,1,64,1,0.1,lr1e-04_bs32_modL1_fusion64_fusionL1_drop0p1_trmiss50_trlocradio,45,0.3358347763617833,0.7067120671272278,0.5273109243697479,0.6901524481861456,0.5333333333333333,0.0,0.0,0.0,0.0,0.0,0.0,0.0,0.0,0.0,2002,radio,0.5
3,1,lr1e-04_bs32_modL1_fusion64_fusionL1_drop0p1_trmiss50_trlocradio,32,0.0001,1,64,1,0.1,lr1e-04_bs32_modL1_fusion64_fusionL1_drop0p1_trmiss50_trlocradio,46,0.3318942387898763,0.7022667527198792,0.5315126050420168,0.6910440515691085,0.4888888888888889,0.0,0.0,0.0,0.0,0.0,0.0,0.0,0.0,0.0,2002,radio,0.5
3,2,lr5e-05_bs16_modL1_fusion32_fusionL1_drop0p2_trmiss50_trlocradio,16,5e-05,1,32,1,0.2,lr5e-05_bs16_modL1_fusion32_fusionL1_drop0p2_trmiss50_trlocradio,1,0.7207047243913015,0.6787412762641907,0.5588235294117647,0.6639068680872201,0.5777777777777777,0.0,0.0,0.0,0.0,0.0,0.0,0.0,0.0,0.0,2002,radio,0.5
3,2,lr5e-05_bs16_modL1_fusion32_fusionL1_drop0p2_trmiss50_trlocradio,16,5e-05,1,32,1,0.2,lr5e-05_bs16_modL1_fusion32_fusionL1_drop0p2_trmiss50_trlocradio,2,0.6953813135623932,0.6771180232365926,0.5651260504201681,0.6874168281162013,0.6,0.0,0.0,0.0,0.0,0.0,0.0,0.0,0.0,0.0,2002,radio,0.5
3,2,lr5e-05_bs16_modL1_fusion32_fusionL1_drop0p2_trmiss50_trlocradio,16,5e-05,1,32,1,0.2,lr5e-05_bs16_modL1_fusion32_fusionL1_drop0p2_trmiss50_trlocradio,3,0.6638733744621277,0.6750720342000326,0.5798319327731092,0.6979556043365325,0.6,0.0,0.0,0.0,0.0,0.0,0.0,0.0,0.0,0.0,2002,radio,0.5
3,2,lr5e-05_bs16_modL1_fusion32_fusionL1_drop0p2_trmiss50_trlocradio,16,5e-05,1,32,1,0.2,lr5e-05_bs16_modL1_fusion32_fusionL1_drop0p2_trmiss50_trlocradio,4,0.6662781139214834,0.6701858838399252,0.6113445378151261,0.69643393377635,0.6222222222222222,0.0,0.0,0.0,0.0,0.0,0.0,0.0,0.0,0.0,2002,radio,0.5
3,2,lr5e-05_bs16_modL1_fusion32_fusionL1_drop0p2_trmiss50_trlocradio,16,5e-05,1,32,1,0.2,lr5e-05_bs16_modL1_fusion32_fusionL1_drop0p2_trmiss50_trlocradio,5,0.637821207443873,0.6617374618848165,0.6386554621848739,0.7078431042270884,0.6222222222222222,0.0,0.0,0.0,0.0,0.0,0.0,0.0,0.0,0.0,2002,radio,0.5
3,2,lr5e-05_bs16_modL1_fusion32_fusionL1_drop0p2_trmiss50_trlocradio,16,5e-05,1,32,1,0.2,lr5e-05_bs16_modL1_fusion32_fusionL1_drop0p2_trmiss50_trlocradio,6,0.6223161766926447,0.6587525208791097,0.638655462184874,0.7091508326839651,0.6444444444444445,0.0,0.0,0.0,0.0,0.0,0.0,0.0,0.0,0.0,2002,radio,0.5
3,2,lr5e-05_bs16_modL1_fusion32_fusionL1_drop0p2_trmiss50_trlocradio,16,5e-05,1,32,1,0.2,lr5e-05_bs16_modL1_fusion32_fusionL1_drop0p2_trmiss50_trlocradio,7,0.605131005247434,0.6543721159299215,0.6302521008403362,0.7209457311566188,0.6444444444444445,0.0,0.0,0.0,0.0,0.0,0.0,0.0,0.0,0.0,2002,radio,0.5
3,2,lr5e-05_bs16_modL1_fusion32_fusionL1_drop0p2_trmiss50_trlocradio,16,5e-05,1,32,1,0.2,lr5e-05_bs16_modL1_fusion32_fusionL1_drop0p2_trmiss50_trlocradio,8,0.606752465168635,0.6495977242787679,0.6554621848739496,0.7492671437193308,0.6666666666666666,0.0,0.0,0.0,0.0,0.0,0.0,0.0,0.0,0.0,2002,radio,0.5
3,2,lr5e-05_bs16_modL1_fusion32_fusionL1_drop0p2_trmiss50_trlocradio,16,5e-05,1,32,1,0.2,lr5e-05_bs16_modL1_fusion32_fusionL1_drop0p2_trmiss50_trlocradio,9,0.5907221684853236,0.6541170875231425,0.634453781512605,0.7401488136667562,0.6222222222222222,0.0,0.0,0.0,0.0,0.0,0.0,0.0,0.0,0.0,2002,radio,0.5
3,2,lr5e-05_bs16_modL1_fusion32_fusionL1_drop0p2_trmiss50_trlocradio,16,5e-05,1,32,1,0.2,lr5e-05_bs16_modL1_fusion32_fusionL1_drop0p2_trmiss50_trlocradio,10,0.5981486688057581,0.6469467282295227,0.6554621848739496,0.7476175321224214,0.6666666666666666,0.0,0.0,0.0,0.0,0.0,0.0,0.0,0.0,0.0,2002,radio,0.5
3,2,lr5e-05_bs16_modL1_fusion32_fusionL1_drop0p2_trmiss50_trlocradio,16,5e-05,1,32,1,0.2,lr5e-05_bs16_modL1_fusion32_fusionL1_drop0p2_trmiss50_trlocradio,11,0.6034058183431625,0.6447619199752808,0.6638655462184874,0.7509525459380326,0.6444444444444445,0.0,0.0,0.0,0.0,0.0,0.0,0.0,0.0,0.0,2002,radio,0.5
3,2,lr5e-05_bs16_modL1_fusion32_fusionL1_drop0p2_trmiss50_trlocradio,16,5e-05,1,32,1,0.2,lr5e-05_bs16_modL1_fusion32_fusionL1_drop0p2_trmiss50_trlocradio,12,0.5772925118605295,0.6427826682726542,0.653361344537815,0.7247281585240622,0.6888888888888889,0.0,0.0,0.0,0.0,0.0,0.0,0.0,0.0,0.0,2002,radio,0.5
3,2,lr5e-05_bs16_modL1_fusion32_fusionL1_drop0p2_trmiss50_trlocradio,16,5e-05,1,32,1,0.2,lr5e-05_bs16_modL1_fusion32_fusionL1_drop0p2_trmiss50_trlocradio,13,0.5798809776703516,0.642086942990621,0.661764705882353,0.7227898105617366,0.7111111111111111,0.0,0.0,0.0,0.0,0.0,0.0,0.0,0.0,0.0,2002,radio,0.5
3,2,lr5e-05_bs16_modL1_fusion32_fusionL1_drop0p2_trmiss50_trlocradio,16,5e-05,1,32,1,0.2,lr5e-05_bs16_modL1_fusion32_fusionL1_drop0p2_trmiss50_trlocradio,14,0.5662622998158137,0.6415930390357971,0.6701680672268907,0.7424038636361893,0.7111111111111111,0.0,0.0,0.0,0.0,0.0,0.0,0.0,0.0,0.0,2002,radio,0.5
3,2,lr5e-05_bs16_modL1_fusion32_fusionL1_drop0p2_trmiss50_trlocradio,16,5e-05,1,32,1,0.2,lr5e-05_bs16_modL1_fusion32_fusionL1_drop0p2_trmiss50_trlocradio,15,0.5477355023225149,0.6364128192265829,0.6722689075630253,0.7462484189342664,0.7111111111111111,0.0,0.0,0.0,0.0,0.0,0.0,0.0,0.0,0.0,2002,radio,0.5
3,2,lr5e-05_bs16_modL1_fusion32_fusionL1_drop0p2_trmiss50_trlocradio,16,5e-05,1,32,1,0.2,lr5e-05_bs16_modL1_fusion32_fusionL1_drop0p2_trmiss50_trlocradio,16,0.5520608425140381,0.6378400127092997,0.6764705882352942,0.7269655229665059,0.6888888888888889,0.0,0.0,0.0,0.0,0.0,0.0,0.0,0.0,0.0,2002,radio,0.5
3,2,lr5e-05_bs16_modL1_fusion32_fusionL1_drop0p2_trmiss50_trlocradio,16,5e-05,1,32,1,0.2,lr5e-05_bs16_modL1_fusion32_fusionL1_drop0p2_trmiss50_trlocradio,17,0.5464577575524648,0.6361939112345377,0.6974789915966386,0.7401519403513588,0.6666666666666666,0.0,0.0,0.0,0.0,0.0,0.0,0.0,0.0,0.0,2002,radio,0.5
3,2,lr5e-05_bs16_modL1_fusion32_fusionL1_drop0p2_trmiss50_trlocradio,16,5e-05,1,32,1,0.2,lr5e-05_bs16_modL1_fusion32_fusionL1_drop0p2_trmiss50_trlocradio,18,0.5208397110303243,0.6318988800048828,0.6848739495798319,0.7257607011951774,0.6222222222222222,0.0,0.0,0.0,0.0,0.0,0.0,0.0,0.0,0.0,2002,radio,0.5
3,2,lr5e-05_bs16_modL1_fusion32_fusionL1_drop0p2_trmiss50_trlocradio,16,5e-05,1,32,1,0.2,lr5e-05_bs16_modL1_fusion32_fusionL1_drop0p2_trmiss50_trlocradio,19,0.515274666249752,0.6270211537679037,0.6911764705882353,0.7237842249851111,0.6666666666666666,0.0,0.0,0.0,0.0,0.0,0.0,0.0,0.0,0.0,2002,radio,0.5
3,2,lr5e-05_bs16_modL1_fusion32_fusionL1_drop0p2_trmiss50_trlocradio,16,5e-05,1,32,1,0.2,lr5e-05_bs16_modL1_fusion32_fusionL1_drop0p2_trmiss50_trlocradio,20,0.5099958404898643,0.6299591263135275,0.6932773109243697,0.7274160249404406,0.6888888888888889,0.0,0.0,0.0,0.0,0.0,0.0,0.0,0.0,0.0,2002,radio,0.5
3,2,lr5e-05_bs16_modL1_fusion32_fusionL1_drop0p2_trmiss50_trlocradio,16,5e-05,1,32,1,0.2,lr5e-05_bs16_modL1_fusion32_fusionL1_drop0p2_trmiss50_trlocradio,21,0.5269690652688345,0.6303893129030863,0.6848739495798319,0.7262311516267395,0.6666666666666666,0.0,0.0,0.0,0.0,0.0,0.0,0.0,0.0,0.0,2002,radio,0.5
3,2,lr5e-05_bs16_modL1_fusion32_fusionL1_drop0p2_trmiss50_trlocradio,16,5e-05,1,32,1,0.2,lr5e-05_bs16_modL1_fusion32_fusionL1_drop0p2_trmiss50_trlocradio,22,0.5254169180989265,0.6366758743921915,0.6974789915966386,0.7327936665291243,0.6444444444444445,0.0,0.0,0.0,0.0,0.0,0.0,0.0,0.0,0.0,2002,radio,0.5
3,2,lr5e-05_bs16_modL1_fusion32_fusionL1_drop0p2_trmiss50_trlocradio,16,5e-05,1,32,1,0.2,lr5e-05_bs16_modL1_fusion32_fusionL1_drop0p2_trmiss50_trlocradio,23,0.5116752609610558,0.6238999764124552,0.7184873949579832,0.7499145826158307,0.6888888888888889,0.0,0.0,0.0,0.0,0.0,0.0,0.0,0.0,0.0,2002,radio,0.5
3,2,lr5e-05_bs16_modL1_fusion32_fusionL1_drop0p2_trmiss50_trlocradio,16,5e-05,1,32,1,0.2,lr5e-05_bs16_modL1_fusion32_fusionL1_drop0p2_trmiss50_trlocradio,24,0.5144397790233294,0.6242602467536926,0.7121848739495799,0.746780097854373,0.6888888888888889,0.0,0.0,0.0,0.0,0.0,0.0,0.0,0.0,0.0,2002,radio,0.5
3,2,lr5e-05_bs16_modL1_fusion32_fusionL1_drop0p2_trmiss50_trlocradio,16,5e-05,1,32,1,0.2,lr5e-05_bs16_modL1_fusion32_fusionL1_drop0p2_trmiss50_trlocradio,25,0.48405957221984863,0.6230809489885966,0.7163865546218487,0.7617322575800518,0.6888888888888889,0.0,0.0,0.0,0.0,0.0,0.0,0.0,0.0,0.0,2002,radio,0.5
3,2,lr5e-05_bs16_modL1_fusion32_fusionL1_drop0p2_trmiss50_trlocradio,16,5e-05,1,32,1,0.2,lr5e-05_bs16_modL1_fusion32_fusionL1_drop0p2_trmiss50_trlocradio,26,0.47193382183710736,0.622101902961731,0.7058823529411764,0.7552123032560435,0.6888888888888889,0.0,0.0,0.0,0.0,0.0,0.0,0.0,0.0,0.0,2002,radio,0.5
3,2,lr5e-05_bs16_modL1_fusion32_fusionL1_drop0p2_trmiss50_trlocradio,16,5e-05,1,32,1,0.2,lr5e-05_bs16_modL1_fusion32_fusionL1_drop0p2_trmiss50_trlocradio,27,0.5059880092740059,0.6248754858970642,0.7142857142857143,0.7569435397925761,0.6666666666666666,0.0,0.0,0.0,0.0,0.0,0.0,0.0,0.0,0.0,2002,radio,0.5
3,2,lr5e-05_bs16_modL1_fusion32_fusionL1_drop0p2_trmiss50_trlocradio,16,5e-05,1,32,1,0.2,lr5e-05_bs16_modL1_fusion32_fusionL1_drop0p2_trmiss50_trlocradio,28,0.47958801438411075,0.6307672460873922,0.7058823529411764,0.7520635306872914,0.6444444444444445,0.0,0.0,0.0,0.0,0.0,0.0,0.0,0.0,0.0,2002,radio,0.5
3,2,lr5e-05_bs16_modL1_fusion32_fusionL1_drop0p2_trmiss50_trlocradio,16,5e-05,1,32,1,0.2,lr5e-05_bs16_modL1_fusion32_fusionL1_drop0p2_trmiss50_trlocradio,29,0.461100493868192,0.6253846486409506,0.707983193277311,0.7525202662617149,0.6666666666666666,0.0,0.0,0.0,0.0,0.0,0.0,0.0,0.0,0.0,2002,radio,0.5
3,2,lr5e-05_bs16_modL1_fusion32_fusionL1_drop0p2_trmiss50_trlocradio,16,5e-05,1,32,1,0.2,lr5e-05_bs16_modL1_fusion32_fusionL1_drop0p2_trmiss50_trlocradio,30,0.45922887573639554,0.6253241697947184,0.6953781512605042,0.758518166378665,0.6888888888888889,0.0,0.0,0.0,0.0,0.0,0.0,0.0,0.0,0.0,2002,radio,0.5
3,2,lr5e-05_bs16_modL1_fusion32_fusionL1_drop0p2_trmiss50_trlocradio,16,5e-05,1,32,1,0.2,lr5e-05_bs16_modL1_fusion32_fusionL1_drop0p2_trmiss50_trlocradio,31,0.4640359158317248,0.624004046122233,0.6848739495798319,0.7375681137074771,0.6888888888888889,0.0,0.0,0.0,0.0,0.0,0.0,0.0,0.0,0.0,2002,radio,0.5
3,2,lr5e-05_bs16_modL1_fusion32_fusionL1_drop0p2_trmiss50_trlocradio,16,5e-05,1,32,1,0.2,lr5e-05_bs16_modL1_fusion32_fusionL1_drop0p2_trmiss50_trlocradio,32,0.4679371962944667,0.6262695988019308,0.6911764705882353,0.7269724405279187,0.7111111111111111,0.0,0.0,0.0,0.0,0.0,0.0,0.0,0.0,0.0,2002,radio,0.5
3,2,lr5e-05_bs16_modL1_fusion32_fusionL1_drop0p2_trmiss50_trlocradio,16,5e-05,1,32,1,0.2,lr5e-05_bs16_modL1_fusion32_fusionL1_drop0p2_trmiss50_trlocradio,33,0.46689000477393466,0.6363085905710856,0.6890756302521008,0.7440829187775982,0.6444444444444445,0.0,0.0,0.0,0.0,0.0,0.0,0.0,0.0,0.0,2002,radio,0.5
3,2,lr5e-05_bs16_modL1_fusion32_fusionL1_drop0p2_trmiss50_trlocradio,16,5e-05,1,32,1,0.2,lr5e-05_bs16_modL1_fusion32_fusionL1_drop0p2_trmiss50_trlocradio,34,0.450310875972112,0.6391923030217489,0.6953781512605042,0.7477156073034651,0.6222222222222222,0.0,0.0,0.0,0.0,0.0,0.0,0.0,0.0,0.0,2002,radio,0.5
3,2,lr5e-05_bs16_modL1_fusion32_fusionL1_drop0p2_trmiss50_trlocradio,16,5e-05,1,32,1,0.2,lr5e-05_bs16_modL1_fusion32_fusionL1_drop0p2_trmiss50_trlocradio,35,0.4523406575123469,0.6286179224650065,0.6974789915966386,0.747375522469019,0.6888888888888889,0.0,0.0,0.0,0.0,0.0,0.0,0.0,0.0,0.0,2002,radio,0.5
3,2,lr5e-05_bs16_modL1_fusion32_fusionL1_drop0p2_trmiss50_trlocradio,16,5e-05,1,32,1,0.2,lr5e-05_bs16_modL1_fusion32_fusionL1_drop0p2_trmiss50_trlocradio,36,0.45525558044513065,0.6299305160840353,0.6974789915966387,0.7419001469276942,0.7111111111111111,0.0,0.0,0.0,0.0,0.0,0.0,0.0,0.0,0.0,2002,radio,0.5
3,2,lr5e-05_bs16_modL1_fusion32_fusionL1_drop0p2_trmiss50_trlocradio,16,5e-05,1,32,1,0.2,lr5e-05_bs16_modL1_fusion32_fusionL1_drop0p2_trmiss50_trlocradio,37,0.45330092559258145,0.6423599322636923,0.6911764705882353,0.7447371042968721,0.6666666666666666,0.0,0.0,0.0,0.0,0.0,0.0,0.0,0.0,0.0,2002,radio,0.5
3,2,lr5e-05_bs16_modL1_fusion32_fusionL1_drop0p2_trmiss50_trlocradio,16,5e-05,1,32,1,0.2,lr5e-05_bs16_modL1_fusion32_fusionL1_drop0p2_trmiss50_trlocradio,38,0.4288769910732905,0.6391560236612955,0.6911764705882353,0.7453082146370437,0.6666666666666666,0.0,0.0,0.0,0.0,0.0,0.0,0.0,0.0,0.0,2002,radio,0.5
3,2,lr5e-05_bs16_modL1_fusion32_fusionL1_drop0p2_trmiss50_trlocradio,16,5e-05,1,32,1,0.2,lr5e-05_bs16_modL1_fusion32_fusionL1_drop0p2_trmiss50_trlocradio,39,0.43846814582745236,0.6376515825589498,0.6827731092436975,0.7247719926043344,0.6888888888888889,0.0,0.0,0.0,0.0,0.0,0.0,0.0,0.0,0.0,2002,radio,0.5
3,2,lr5e-05_bs16_modL1_fusion32_fusionL1_drop0p2_trmiss50_trlocradio,16,5e-05,1,32,1,0.2,lr5e-05_bs16_modL1_fusion32_fusionL1_drop0p2_trmiss50_trlocradio,40,0.4312145958344142,0.6341579755147299,0.6911764705882353,0.7349939103414095,0.6888888888888889,0.0,0.0,0.0,0.0,0.0,0.0,0.0,0.0,0.0,2002,radio,0.5
3,2,lr5e-05_bs16_modL1_fusion32_fusionL1_drop0p2_trmiss50_trlocradio,16,5e-05,1,32,1,0.2,lr5e-05_bs16_modL1_fusion32_fusionL1_drop0p2_trmiss50_trlocradio,41,0.43421640743811923,0.6381577452023824,0.6848739495798319,0.7229351458201392,0.6666666666666666,0.0,0.0,0.0,0.0,0.0,0.0,0.0,0.0,0.0,2002,radio,0.5
3,2,lr5e-05_bs16_modL1_fusion32_fusionL1_drop0p2_trmiss50_trlocradio,16,5e-05,1,32,1,0.2,lr5e-05_bs16_modL1_fusion32_fusionL1_drop0p2_trmiss50_trlocradio,42,0.4327487424015999,0.6337698698043823,0.6911764705882353,0.7319859845008223,0.7111111111111111,0.0,0.0,0.0,0.0,0.0,0.0,0.0,0.0,0.0,2002,radio,0.5
3,2,lr5e-05_bs16_modL1_fusion32_fusionL1_drop0p2_trmiss50_trlocradio,16,5e-05,1,32,1,0.2,lr5e-05_bs16_modL1_fusion32_fusionL1_drop0p2_trmiss50_trlocradio,43,0.42373202244440716,0.6354764103889465,0.6827731092436975,0.7204889164328137,0.7111111111111111,0.0,0.0,0.0,0.0,0.0,0.0,0.0,0.0,0.0,2002,radio,0.5
3,2,lr5e-05_bs16_modL1_fusion32_fusionL1_drop0p1_trmiss50_trlocradio,16,5e-05,1,32,1,0.1,lr5e-05_bs16_modL1_fusion32_fusionL1_drop0p1_trmiss50_trlocradio,1,0.7264558424552282,0.6911090016365051,0.4831932773109244,0.6673221549646634,0.4444444444444444,0.0,0.0,0.0,0.0,0.0,0.0,0.0,0.0,0.0,2002,radio,0.5
3,2,lr5e-05_bs16_modL1_fusion32_fusionL1_drop0p1_trmiss50_trlocradio,16,5e-05,1,32,1,0.1,lr5e-05_bs16_modL1_fusion32_fusionL1_drop0p1_trmiss50_trlocradio,2,0.6886320064465205,0.6919376254081726,0.5168067226890756,0.6818409322592724,0.4888888888888889,0.0,0.0,0.0,0.0,0.0,0.0,0.0,0.0,0.0,2002,radio,0.5
3,2,lr5e-05_bs16_modL1_fusion32_fusionL1_drop0p1_trmiss50_trlocradio,16,5e-05,1,32,1,0.1,lr5e-05_bs16_modL1_fusion32_fusionL1_drop0p1_trmiss50_trlocradio,3,0.6805961380402247,0.69308469692866,0.5546218487394958,0.712498157631421,0.4888888888888889,0.0,0.0,0.0,0.0,0.0,0.0,0.0,0.0,0.0,2002,radio,0.5
3,2,lr5e-05_bs16_modL1_fusion32_fusionL1_drop0p1_trmiss50_trlocradio,16,5e-05,1,32,1,0.1,lr5e-05_bs16_modL1_fusion32_fusionL1_drop0p1_trmiss50_trlocradio,4,0.6697141230106354,0.688754657904307,0.5567226890756303,0.7214766834730219,0.4888888888888889,0.0,0.0,0.0,0.0,0.0,0.0,0.0,0.0,0.0,2002,radio,0.5
3,2,lr5e-05_bs16_modL1_fusion32_fusionL1_drop0p1_trmiss50_trlocradio,16,5e-05,1,32,1,0.1,lr5e-05_bs16_modL1_fusion32_fusionL1_drop0p1_trmiss50_trlocradio,5,0.6404374688863754,0.6822960376739502,0.569327731092437,0.7252615961559289,0.6,0.0,0.0,0.0,0.0,0.0,0.0,0.0,0.0,0.0,2002,radio,0.5
3,2,lr5e-05_bs16_modL1_fusion32_fusionL1_drop0p1_trmiss50_trlocradio,16,5e-05,1,32,1,0.1,lr5e-05_bs16_modL1_fusion32_fusionL1_drop0p1_trmiss50_trlocradio,6,0.6292294164498647,0.6811533172925314,0.5882352941176471,0.7306195081638944,0.5555555555555556,0.0,0.0,0.0,0.0,0.0,0.0,0.0,0.0,0.0,2002,radio,0.5
3,2,lr5e-05_bs16_modL1_fusion32_fusionL1_drop0p1_trmiss50_trlocradio,16,5e-05,1,32,1,0.1,lr5e-05_bs16_modL1_fusion32_fusionL1_drop0p1_trmiss50_trlocradio,7,0.6291769395271937,0.6782262126604716,0.5945378151260504,0.7381886248104232,0.5555555555555556,0.0,0.0,0.0,0.0,0.0,0.0,0.0,0.0,0.0,2002,radio,0.5
3,2,lr5e-05_bs16_modL1_fusion32_fusionL1_drop0p1_trmiss50_trlocradio,16,5e-05,1,32,1,0.1,lr5e-05_bs16_modL1_fusion32_fusionL1_drop0p1_trmiss50_trlocradio,8,0.6093473980824152,0.6814983089764913,0.5861344537815126,0.7427228337909891,0.5333333333333333,0.0,0.0,0.0,0.0,0.0,0.0,0.0,0.0,0.0,2002,radio,0.5
3,2,lr5e-05_bs16_modL1_fusion32_fusionL1_drop0p1_trmiss50_trlocradio,16,5e-05,1,32,1,0.1,lr5e-05_bs16_modL1_fusion32_fusionL1_drop0p1_trmiss50_trlocradio,9,0.6131391773621241,0.6797221899032593,0.5861344537815126,0.7505960056361344,0.5555555555555556,0.0,0.0,0.0,0.0,0.0,0.0,0.0,0.0,0.0,2002,radio,0.5
3,2,lr5e-05_bs16_modL1_fusion32_fusionL1_drop0p1_trmiss50_trlocradio,16,5e-05,1,32,1,0.1,lr5e-05_bs16_modL1_fusion32_fusionL1_drop0p1_trmiss50_trlocradio,10,0.5903230210145315,0.6785340110460917,0.5945378151260504,0.7624232021004566,0.5555555555555556,0.0,0.0,0.0,0.0,0.0,0.0,0.0,0.0,0.0,2002,radio,0.5
3,2,lr5e-05_bs16_modL1_fusion32_fusionL1_drop0p1_trmiss50_trlocradio,16,5e-05,1,32,1,0.1,lr5e-05_bs16_modL1_fusion32_fusionL1_drop0p1_trmiss50_trlocradio,11,0.583208238085111,0.6769537925720215,0.5966386554621849,0.7508062457358801,0.5777777777777777,0.0,0.0,0.0,0.0,0.0,0.0,0.0,0.0,0.0,2002,radio,0.5
3,2,lr5e-05_bs16_modL1_fusion32_fusionL1_drop0p1_trmiss50_trlocradio,16,5e-05,1,32,1,0.1,lr5e-05_bs16_modL1_fusion32_fusionL1_drop0p1_trmiss50_trlocradio,12,0.577547108133634,0.6733551025390625,0.6281512605042017,0.7794157008545293,0.5555555555555556,0.0,0.0,0.0,0.0,0.0,0.0,0.0,0.0,0.0,2002,radio,0.5
3,2,lr5e-05_bs16_modL1_fusion32_fusionL1_drop0p1_trmiss50_trlocradio,16,5e-05,1,32,1,0.1,lr5e-05_bs16_modL1_fusion32_fusionL1_drop0p1_trmiss50_trlocradio,13,0.5806269943714142,0.6767129699389139,0.5945378151260504,0.7618931644245169,0.5333333333333333,0.0,0.0,0.0,0.0,0.0,0.0,0.0,0.0,0.0,2002,radio,0.5
3,2,lr5e-05_bs16_modL1_fusion32_fusionL1_drop0p1_trmiss50_trlocradio,16,5e-05,1,32,1,0.1,lr5e-05_bs16_modL1_fusion32_fusionL1_drop0p1_trmiss50_trlocradio,14,0.563559224208196,0.6759432355562845,0.6008403361344539,0.769241638231161,0.5333333333333333,0.0,0.0,0.0,0.0,0.0,0.0,0.0,0.0,0.0,2002,radio,0.5
3,2,lr5e-05_bs16_modL1_fusion32_fusionL1_drop0p1_trmiss50_trlocradio,16,5e-05,1,32,1,0.1,lr5e-05_bs16_modL1_fusion32_fusionL1_drop0p1_trmiss50_trlocradio,15,0.5499974191188812,0.6759592493375143,0.5987394957983193,0.7675889495895871,0.5555555555555556,0.0,0.0,0.0,0.0,0.0,0.0,0.0,0.0,0.0,2002,radio,0.5
3,2,lr5e-05_bs16_modL1_fusion32_fusionL1_drop0p1_trmiss50_trlocradio,16,5e-05,1,32,1,0.1,lr5e-05_bs16_modL1_fusion32_fusionL1_drop0p1_trmiss50_trlocradio,16,0.5657801826794943,0.6726423899332682,0.6176470588235294,0.7763678425555383,0.5777777777777777,0.0,0.0,0.0,0.0,0.0,0.0,0.0,0.0,0.0,2002,radio,0.5
3,2,lr5e-05_bs16_modL1_fusion32_fusionL1_drop0p1_trmiss50_trlocradio,16,5e-05,1,32,1,0.1,lr5e-05_bs16_modL1_fusion32_fusionL1_drop0p1_trmiss50_trlocradio,17,0.5270389194289843,0.677598794301351,0.6134453781512605,0.7764874951232502,0.5555555555555556,0.0,0.0,0.0,0.0,0.0,0.0,0.0,0.0,0.0,2002,radio,0.5
3,2,lr5e-05_bs16_modL1_fusion32_fusionL1_drop0p1_trmiss50_trlocradio,16,5e-05,1,32,1,0.1,lr5e-05_bs16_modL1_fusion32_fusionL1_drop0p1_trmiss50_trlocradio,18,0.5296084408958753,0.6756841739018759,0.6092436974789917,0.774130242462389,0.5333333333333333,0.0,0.0,0.0,0.0,0.0,0.0,0.0,0.0,0.0,2002,radio,0.5
3,2,lr5e-05_bs16_modL1_fusion32_fusionL1_drop0p1_trmiss50_trlocradio,16,5e-05,1,32,1,0.1,lr5e-05_bs16_modL1_fusion32_fusionL1_drop0p1_trmiss50_trlocradio,19,0.5239236454168955,0.674463133017222,0.6134453781512605,0.7545122313917387,0.5111111111111111,0.0,0.0,0.0,0.0,0.0,0.0,0.0,0.0,0.0,2002,radio,0.5
3,2,lr5e-05_bs16_modL1_fusion32_fusionL1_drop0p1_trmiss50_trlocradio,16,5e-05,1,32,1,0.1,lr5e-05_bs16_modL1_fusion32_fusionL1_drop0p1_trmiss50_trlocradio,20,0.5380091294646263,0.6666218638420105,0.638655462184874,0.769456292859876,0.6444444444444445,0.0,0.0,0.0,0.0,0.0,0.0,0.0,0.0,0.0,2002,radio,0.5
3,2,lr5e-05_bs16_modL1_fusion32_fusionL1_drop0p1_trmiss50_trlocradio,16,5e-05,1,32,1,0.1,lr5e-05_bs16_modL1_fusion32_fusionL1_drop0p1_trmiss50_trlocradio,21,0.5098707328240076,0.6672385334968567,0.6491596638655462,0.7874783169034141,0.6444444444444445,0.0,0.0,0.0,0.0,0.0,0.0,0.0,0.0,0.0,2002,radio,0.5
3,2,lr5e-05_bs16_modL1_fusion32_fusionL1_drop0p1_trmiss50_trlocradio,16,5e-05,1,32,1,0.1,lr5e-05_bs16_modL1_fusion32_fusionL1_drop0p1_trmiss50_trlocradio,22,0.5185761029521624,0.6645102302233378,0.6449579831932774,0.7884116691078601,0.6444444444444445,0.0,0.0,0.0,0.0,0.0,0.0,0.0,0.0,0.0,2002,radio,0.5
3,2,lr5e-05_bs16_modL1_fusion32_fusionL1_drop0p1_trmiss50_trlocradio,16,5e-05,1,32,1,0.1,lr5e-05_bs16_modL1_fusion32_fusionL1_drop0p1_trmiss50_trlocradio,23,0.4789660573005676,0.6706482768058777,0.6470588235294118,0.7901952657160021,0.6666666666666666,0.0,0.0,0.0,0.0,0.0,0.0,0.0,0.0,0.0,2002,radio,0.5
3,2,lr5e-05_bs16_modL1_fusion32_fusionL1_drop0p1_trmiss50_trlocradio,16,5e-05,1,32,1,0.1,lr5e-05_bs16_modL1_fusion32_fusionL1_drop0p1_trmiss50_trlocradio,24,0.48977281153202057,0.6564519802729288,0.6785714285714286,0.8037569446432807,0.6666666666666666,0.0,0.0,0.0,0.0,0.0,0.0,0.0,0.0,0.0,2002,radio,0.5
3,2,lr5e-05_bs16_modL1_fusion32_fusionL1_drop0p1_trmiss50_trlocradio,16,5e-05,1,32,1,0.1,lr5e-05_bs16_modL1_fusion32_fusionL1_drop0p1_trmiss50_trlocradio,25,0.4865635558962822,0.6550811131795248,0.6617647058823529,0.8027083228126392,0.6444444444444445,0.0,0.0,0.0,0.0,0.0,0.0,0.0,0.0,0.0,2002,radio,0.5
3,2,lr5e-05_bs16_modL1_fusion32_fusionL1_drop0p1_trmiss50_trlocradio,16,5e-05,1,32,1,0.1,lr5e-05_bs16_modL1_fusion32_fusionL1_drop0p1_trmiss50_trlocradio,26,0.4971054991086324,0.6642415523529053,0.6239495798319328,0.7816283503979738,0.6,0.0,0.0,0.0,0.0,0.0,0.0,0.0,0.0,0.0,2002,radio,0.5
3,2,lr5e-05_bs16_modL1_fusion32_fusionL1_drop0p1_trmiss50_trlocradio,16,5e-05,1,32,1,0.1,lr5e-05_bs16_modL1_fusion32_fusionL1_drop0p1_trmiss50_trlocradio,27,0.4846878871321678,0.6632318496704102,0.5987394957983194,0.7670512175154568,0.6,0.0,0.0,0.0,0.0,0.0,0.0,0.0,0.0,0.0,2002,radio,0.5
3,2,lr5e-05_bs16_modL1_fusion32_fusionL1_drop0p1_trmiss50_trlocradio,16,5e-05,1,32,1,0.1,lr5e-05_bs16_modL1_fusion32_fusionL1_drop0p1_trmiss50_trlocradio,28,0.4936448484659195,0.6674182613690695,0.6029411764705883,0.7714328661774597,0.5777777777777777,0.0,0.0,0.0,0.0,0.0,0.0,0.0,0.0,0.0,2002,radio,0.5
3,2,lr5e-05_bs16_modL1_fusion32_fusionL1_drop0p1_trmiss50_trlocradio,16,5e-05,1,32,1,0.1,lr5e-05_bs16_modL1_fusion32_fusionL1_drop0p1_trmiss50_trlocradio,29,0.48155103623867035,0.6667433381080627,0.6176470588235294,0.7763268632377839,0.5777777777777777,0.0,0.0,0.0,0.0,0.0,0.0,0.0,0.0,0.0,2002,radio,0.5
3,2,lr5e-05_bs16_modL1_fusion32_fusionL1_drop0p1_trmiss50_trlocradio,16,5e-05,1,32,1,0.1,lr5e-05_bs16_modL1_fusion32_fusionL1_drop0p1_trmiss50_trlocradio,30,0.4739629551768303,0.6487418413162231,0.6722689075630253,0.8043152755645407,0.6666666666666666,0.0,0.0,0.0,0.0,0.0,0.0,0.0,0.0,0.0,2002,radio,0.5
3,2,lr5e-05_bs16_modL1_fusion32_fusionL1_drop0p1_trmiss50_trlocradio,16,5e-05,1,32,1,0.1,lr5e-05_bs16_modL1_fusion32_fusionL1_drop0p1_trmiss50_trlocradio,31,0.4757576336463292,0.6496784289677938,0.6680672268907564,0.810839841296615,0.6222222222222222,0.0,0.0,0.0,0.0,0.0,0.0,0.0,0.0,0.0,2002,radio,0.5
3,2,lr5e-05_bs16_modL1_fusion32_fusionL1_drop0p1_trmiss50_trlocradio,16,5e-05,1,32,1,0.1,lr5e-05_bs16_modL1_fusion32_fusionL1_drop0p1_trmiss50_trlocradio,32,0.44938385486602783,0.6420831878980001,0.6890756302521008,0.8171127756728142,0.6,0.0,0.0,0.0,0.0,0.0,0.0,0.0,0.0,0.0,2002,radio,0.5
3,2,lr5e-05_bs16_modL1_fusion32_fusionL1_drop0p1_trmiss50_trlocradio,16,5e-05,1,32,1,0.1,lr5e-05_bs16_modL1_fusion32_fusionL1_drop0p1_trmiss50_trlocradio,33,0.45718058695395786,0.6430356899897257,0.6869747899159664,0.8155262776915526,0.6444444444444445,0.0,0.0,0.0,0.0,0.0,0.0,0.0,0.0,0.0,2002,radio,0.5
3,2,lr5e-05_bs16_modL1_fusion32_fusionL1_drop0p1_trmiss50_trlocradio,16,5e-05,1,32,1,0.1,lr5e-05_bs16_modL1_fusion32_fusionL1_drop0p1_trmiss50_trlocradio,34,0.45243121435244876,0.6536882519721985,0.6659663865546219,0.8050722253729866,0.5555555555555556,0.0,0.0,0.0,0.0,0.0,0.0,0.0,0.0,0.0,2002,radio,0.5
3,2,lr5e-05_bs16_modL1_fusion32_fusionL1_drop0p1_trmiss50_trlocradio,16,5e-05,1,32,1,0.1,lr5e-05_bs16_modL1_fusion32_fusionL1_drop0p1_trmiss50_trlocradio,35,0.4447804739077886,0.6473489999771118,0.6680672268907564,0.8024019778208822,0.6444444444444445,0.0,0.0,0.0,0.0,0.0,0.0,0.0,0.0,0.0,2002,radio,0.5
3,2,lr5e-05_bs16_modL1_fusion32_fusionL1_drop0p1_trmiss50_trlocradio,16,5e-05,1,32,1,0.1,lr5e-05_bs16_modL1_fusion32_fusionL1_drop0p1_trmiss50_trlocradio,36,0.43670879304409027,0.6514014800389608,0.6638655462184874,0.789525762512975,0.6444444444444445,0.0,0.0,0.0,0.0,0.0,0.0,0.0,0.0,0.0,2002,radio,0.5
3,2,lr5e-05_bs16_modL1_fusion32_fusionL1_drop0p1_trmiss50_trlocradio,16,5e-05,1,32,1,0.1,lr5e-05_bs16_modL1_fusion32_fusionL1_drop0p1_trmiss50_trlocradio,37,0.42735339452823,0.652015745639801,0.6722689075630253,0.7977567550559833,0.6444444444444445,0.0,0.0,0.0,0.0,0.0,0.0,0.0,0.0,0.0,2002,radio,0.5
3,2,lr5e-05_bs16_modL1_fusion32_fusionL1_drop0p1_trmiss50_trlocradio,16,5e-05,1,32,1,0.1,lr5e-05_bs16_modL1_fusion32_fusionL1_drop0p1_trmiss50_trlocradio,38,0.429370678961277,0.6508989930152893,0.6869747899159664,0.8082266888685508,0.6444444444444445,0.0,0.0,0.0,0.0,0.0,0.0,0.0,0.0,0.0,2002,radio,0.5
3,2,lr5e-05_bs16_modL1_fusion32_fusionL1_drop0p1_trmiss50_trlocradio,16,5e-05,1,32,1,0.1,lr5e-05_bs16_modL1_fusion32_fusionL1_drop0p1_trmiss50_trlocradio,39,0.42949479073286057,0.6540994842847189,0.6743697478991597,0.799969438966564,0.6444444444444445,0.0,0.0,0.0,0.0,0.0,0.0,0.0,0.0,0.0,2002,radio,0.5
3,2,lr5e-05_bs16_modL1_fusion32_fusionL1_drop0p1_trmiss50_trlocradio,16,5e-05,1,32,1,0.1,lr5e-05_bs16_modL1_fusion32_fusionL1_drop0p1_trmiss50_trlocradio,40,0.41226161271333694,0.6571954488754272,0.6554621848739496,0.7892309562637808,0.5777777777777777,0.0,0.0,0.0,0.0,0.0,0.0,0.0,0.0,0.0,2002,radio,0.5
3,2,lr5e-05_bs16_modL1_fusion32_fusionL1_drop0p1_trmiss50_trlocradio,16,5e-05,1,32,1,0.1,lr5e-05_bs16_modL1_fusion32_fusionL1_drop0p1_trmiss50_trlocradio,41,0.39980724453926086,0.650479813416799,0.680672268907563,0.7986950725716225,0.6444444444444445,0.0,0.0,0.0,0.0,0.0,0.0,0.0,0.0,0.0,2002,radio,0.5
3,2,lr5e-05_bs16_modL1_fusion32_fusionL1_drop0p1_trmiss50_trlocradio,16,5e-05,1,32,1,0.1,lr5e-05_bs16_modL1_fusion32_fusionL1_drop0p1_trmiss50_trlocradio,42,0.4192618504166603,0.6484301090240479,0.6932773109243697,0.8112773602823746,0.6666666666666666,0.0,0.0,0.0,0.0,0.0,0.0,0.0,0.0,0.0,2002,radio,0.5
3,2,lr5e-05_bs16_modL1_fusion32_fusionL1_drop0p1_trmiss50_trlocradio,16,5e-05,1,32,1,0.1,lr5e-05_bs16_modL1_fusion32_fusionL1_drop0p1_trmiss50_trlocradio,43,0.401133934656779,0.6451767881711324,0.6848739495798319,0.8095508268456652,0.6222222222222222,0.0,0.0,0.0,0.0,0.0,0.0,0.0,0.0,0.0,2002,radio,0.5
3,2,lr5e-05_bs16_modL1_fusion32_fusionL1_drop0p1_trmiss50_trlocradio,16,5e-05,1,32,1,0.1,lr5e-05_bs16_modL1_fusion32_fusionL1_drop0p1_trmiss50_trlocradio,44,0.3902411659558614,0.6533768773078918,0.6638655462184874,0.7858341081042826,0.6444444444444445,0.0,0.0,0.0,0.0,0.0,0.0,0.0,0.0,0.0,2002,radio,0.5
3,2,lr5e-05_bs16_modL1_fusion32_fusionL1_drop0p1_trmiss50_trlocradio,16,5e-05,1,32,1,0.1,lr5e-05_bs16_modL1_fusion32_fusionL1_drop0p1_trmiss50_trlocradio,45,0.43511911233266193,0.6543725927670797,0.6617647058823529,0.7804674564041632,0.6,0.0,0.0,0.0,0.0,0.0,0.0,0.0,0.0,0.0,2002,radio,0.5
3,2,lr5e-05_bs16_modL1_fusion32_fusionL1_drop0p1_trmiss50_trlocradio,16,5e-05,1,32,1,0.1,lr5e-05_bs16_modL1_fusion32_fusionL1_drop0p1_trmiss50_trlocradio,46,0.4144730120897293,0.6582975387573242,0.6512605042016807,0.7758611341112454,0.6222222222222222,0.0,0.0,0.0,0.0,0.0,0.0,0.0,0.0,0.0,2002,radio,0.5
3,2,lr5e-05_bs16_modL1_fusion32_fusionL1_drop0p1_trmiss50_trlocradio,16,5e-05,1,32,1,0.1,lr5e-05_bs16_modL1_fusion32_fusionL1_drop0p1_trmiss50_trlocradio,47,0.40724967916806537,0.6468782822291056,0.6701680672268908,0.788049187857472,0.6444444444444445,0.0,0.0,0.0,0.0,0.0,0.0,0.0,0.0,0.0,2002,radio,0.5
3,2,lr5e-05_bs16_modL1_fusion32_fusionL1_drop0p1_trmiss50_trlocradio,16,5e-05,1,32,1,0.1,lr5e-05_bs16_modL1_fusion32_fusionL1_drop0p1_trmiss50_trlocradio,48,0.40799426784118015,0.6454422275225321,0.6743697478991597,0.7832013990000426,0.6222222222222222,0.0,0.0,0.0,0.0,0.0,0.0,0.0,0.0,0.0,2002,radio,0.5
3,2,lr5e-05_bs16_modL1_fusion32_fusionL1_drop0p1_trmiss50_trlocradio,16,5e-05,1,32,1,0.1,lr5e-05_bs16_modL1_fusion32_fusionL1_drop0p1_trmiss50_trlocradio,49,0.4195387785633405,0.6541756590207418,0.6764705882352942,0.7872742757648237,0.6666666666666666,0.0,0.0,0.0,0.0,0.0,0.0,0.0,0.0,0.0,2002,radio,0.5
3,2,lr5e-05_bs16_modL1_fusion32_fusionL1_drop0p1_trmiss50_trlocradio,16,5e-05,1,32,1,0.1,lr5e-05_bs16_modL1_fusion32_fusionL1_drop0p1_trmiss50_trlocradio,50,0.38200729340314865,0.6553895672162374,0.6659663865546219,0.780675526763468,0.6222222222222222,0.0,0.0,0.0,0.0,0.0,0.0,0.0,0.0,0.0,2002,radio,0.5
3,2,lr5e-05_bs16_modL1_fusion32_fusionL1_drop0p1_trmiss50_trlocradio,16,5e-05,1,32,1,0.1,lr5e-05_bs16_modL1_fusion32_fusionL1_drop0p1_trmiss50_trlocradio,51,0.4261221910516421,0.6542165875434875,0.661764705882353,0.7776008111169792,0.6444444444444445,0.0,0.0,0.0,0.0,0.0,0.0,0.0,0.0,0.0,2002,radio,0.5
3,2,lr5e-05_bs16_modL1_fusion32_fusionL1_drop0p1_trmiss50_trlocradio,16,5e-05,1,32,1,0.1,lr5e-05_bs16_modL1_fusion32_fusionL1_drop0p1_trmiss50_trlocradio,52,0.40103020519018173,0.6481587688128153,0.657563025210084,0.7800801944863656,0.6222222222222222,0.0,0.0,0.0,0.0,0.0,0.0,0.0,0.0,0.0,2002,radio,0.5
3,2,lr5e-05_bs16_modL1_fusion32_fusionL1_drop0p1_trmiss50_trlocradio,16,5e-05,1,32,1,0.1,lr5e-05_bs16_modL1_fusion32_fusionL1_drop0p1_trmiss50_trlocradio,53,0.39965009440978366,0.6505292455355326,0.6596638655462185,0.7786283666470446,0.6222222222222222,0.0,0.0,0.0,0.0,0.0,0.0,0.0,0.0,0.0,2002,radio,0.5
3,2,lr5e-05_bs16_modL1_fusion32_fusionL1_drop0p1_trmiss50_trlocradio,16,5e-05,1,32,1,0.1,lr5e-05_bs16_modL1_fusion32_fusionL1_drop0p1_trmiss50_trlocradio,54,0.3905574828386307,0.6497305234273275,0.6596638655462185,0.781674823228061,0.6222222222222222,0.0,0.0,0.0,0.0,0.0,0.0,0.0,0.0,0.0,2002,radio,0.5
3,2,lr5e-05_bs16_modL1_fusion32_fusionL1_drop0p1_trmiss50_trlocradio,16,5e-05,1,32,1,0.1,lr5e-05_bs16_modL1_fusion32_fusionL1_drop0p1_trmiss50_trlocradio,55,0.39185074468453723,0.6464190284411112,0.6701680672268908,0.7944102238889841,0.6222222222222222,0.0,0.0,0.0,0.0,0.0,0.0,0.0,0.0,0.0,2002,radio,0.5
3,2,lr5e-05_bs16_modL1_fusion32_fusionL1_drop0p1_trmiss50_trlocradio,16,5e-05,1,32,1,0.1,lr5e-05_bs16_modL1_fusion32_fusionL1_drop0p1_trmiss50_trlocradio,56,0.3912376215060552,0.6460461219151815,0.6470588235294118,0.7746187039063273,0.6222222222222222,0.0,0.0,0.0,0.0,0.0,0.0,0.0,0.0,0.0,2002,radio,0.5
3,2,lr5e-05_bs16_modL1_fusion32_fusionL1_drop0p1_trmiss50_trlocradio,16,5e-05,1,32,1,0.1,lr5e-05_bs16_modL1_fusion32_fusionL1_drop0p1_trmiss50_trlocradio,57,0.4096754863858223,0.6384334365526835,0.6533613445378151,0.7752728254255218,0.6444444444444445,0.0,0.0,0.0,0.0,0.0,0.0,0.0,0.0,0.0,2002,radio,0.5
3,2,lr5e-05_bs16_modL1_fusion32_fusionL1_drop0p1_trmiss50_trlocradio,16,5e-05,1,32,1,0.1,lr5e-05_bs16_modL1_fusion32_fusionL1_drop0p1_trmiss50_trlocradio,58,0.40116070210933685,0.6463159322738647,0.6743697478991597,0.794801725947501,0.6222222222222222,0.0,0.0,0.0,0.0,0.0,0.0,0.0,0.0,0.0,2002,radio,0.5
3,2,lr5e-05_bs16_modL1_fusion32_fusionL1_drop0p1_trmiss50_trlocradio,16,5e-05,1,32,1,0.1,lr5e-05_bs16_modL1_fusion32_fusionL1_drop0p1_trmiss50_trlocradio,59,0.39244306832551956,0.6511183381080627,0.6701680672268907,0.7871007747391741,0.6444444444444445,0.0,0.0,0.0,0.0,0.0,0.0,0.0,0.0,0.0,2002,radio,0.5
3,2,lr5e-05_bs16_modL1_fusion32_fusionL1_drop0p1_trmiss50_trlocradio,16,5e-05,1,32,1,0.1,lr5e-05_bs16_modL1_fusion32_fusionL1_drop0p1_trmiss50_trlocradio,60,0.3817810540397962,0.6495037873586019,0.6407563025210083,0.7689626250037829,0.6222222222222222,0.0,0.0,0.0,0.0,0.0,0.0,0.0,0.0,0.0,2002,radio,0.5
3,2,lr5e-05_bs16_modL1_fusion32_fusionL1_drop0p1_trmiss50_trlocradio,16,5e-05,1,32,1,0.1,lr5e-05_bs16_modL1_fusion32_fusionL1_drop0p1_trmiss50_trlocradio,61,0.38893845429023105,0.646683911482493,0.6596638655462185,0.7810662500778498,0.6222222222222222,0.0,0.0,0.0,0.0,0.0,0.0,0.0,0.0,0.0,2002,radio,0.5
3,2,lr5e-05_bs16_modL1_fusion32_fusionL1_drop0p1_trmiss50_trlocradio,16,5e-05,1,32,1,0.1,lr5e-05_bs16_modL1_fusion32_fusionL1_drop0p1_trmiss50_trlocradio,62,0.3891587307055791,0.6514822840690613,0.6785714285714286,0.8005935380271915,0.6222222222222222,0.0,0.0,0.0,0.0,0.0,0.0,0.0,0.0,0.0,2002,radio,0.5
3,2,lr5e-05_bs16_modL1_fusion64_fusionL1_drop0p2_trmiss50_trlocradio,16,5e-05,1,64,1,0.2,lr5e-05_bs16_modL1_fusion64_fusionL1_drop0p2_trmiss50_trlocradio,1,0.6979782382647196,0.691309909025828,0.5630252100840336,0.6800456518192634,0.6222222222222222,0.0,0.0,0.0,0.0,0.0,0.0,0.0,0.0,0.0,2002,radio,0.5
3,2,lr5e-05_bs16_modL1_fusion64_fusionL1_drop0p2_trmiss50_trlocradio,16,5e-05,1,64,1,0.2,lr5e-05_bs16_modL1_fusion64_fusionL1_drop0p2_trmiss50_trlocradio,2,0.6697466671466827,0.6913990577061971,0.5672268907563025,0.6720791225565944,0.6222222222222222,0.0,0.0,0.0,0.0,0.0,0.0,0.0,0.0,0.0,2002,radio,0.5
3,2,lr5e-05_bs16_modL1_fusion64_fusionL1_drop0p2_trmiss50_trlocradio,16,5e-05,1,64,1,0.2,lr5e-05_bs16_modL1_fusion64_fusionL1_drop0p2_trmiss50_trlocradio,3,0.6312804271777471,0.6856863697369894,0.5777310924369747,0.6815972970365805,0.6,0.0,0.0,0.0,0.0,0.0,0.0,0.0,0.0,0.0,2002,radio,0.5
3,2,lr5e-05_bs16_modL1_fusion64_fusionL1_drop0p2_trmiss50_trlocradio,16,5e-05,1,64,1,0.2,lr5e-05_bs16_modL1_fusion64_fusionL1_drop0p2_trmiss50_trlocradio,4,0.6536415567000707,0.6716556350390116,0.6281512605042017,0.7100516855559337,0.6666666666666666,0.0,0.0,0.0,0.0,0.0,0.0,0.0,0.0,0.0,2002,radio,0.5
3,2,lr5e-05_bs16_modL1_fusion64_fusionL1_drop0p2_trmiss50_trlocradio,16,5e-05,1,64,1,0.2,lr5e-05_bs16_modL1_fusion64_fusionL1_drop0p2_trmiss50_trlocradio,5,0.6064324875672659,0.6702601909637451,0.6281512605042017,0.7019730791944468,0.6222222222222222,0.0,0.0,0.0,0.0,0.0,0.0,0.0,0.0,0.0,2002,radio,0.5
3,2,lr5e-05_bs16_modL1_fusion64_fusionL1_drop0p2_trmiss50_trlocradio,16,5e-05,1,64,1,0.2,lr5e-05_bs16_modL1_fusion64_fusionL1_drop0p2_trmiss50_trlocradio,6,0.6112487614154816,0.6729971766471863,0.5861344537815125,0.6773390935755877,0.6,0.0,0.0,0.0,0.0,0.0,0.0,0.0,0.0,0.0,2002,radio,0.5
3,2,lr5e-05_bs16_modL1_fusion64_fusionL1_drop0p2_trmiss50_trlocradio,16,5e-05,1,64,1,0.2,lr5e-05_bs16_modL1_fusion64_fusionL1_drop0p2_trmiss50_trlocradio,7,0.5814240078131357,0.6707114775975546,0.5861344537815125,0.6823988705520937,0.5555555555555556,0.0,0.0,0.0,0.0,0.0,0.0,0.0,0.0,0.0,2002,radio,0.5
3,2,lr5e-05_bs16_modL1_fusion64_fusionL1_drop0p2_trmiss50_trlocradio,16,5e-05,1,64,1,0.2,lr5e-05_bs16_modL1_fusion64_fusionL1_drop0p2_trmiss50_trlocradio,8,0.5745706011851629,0.6698095599810282,0.5840336134453781,0.6856202623727191,0.5555555555555556,0.0,0.0,0.0,0.0,0.0,0.0,0.0,0.0,0.0,2002,radio,0.5
3,2,lr5e-05_bs16_modL1_fusion64_fusionL1_drop0p2_trmiss50_trlocradio,16,5e-05,1,64,1,0.2,lr5e-05_bs16_modL1_fusion64_fusionL1_drop0p2_trmiss50_trlocradio,9,0.5622311880191168,0.678046703338623,0.5672268907563025,0.6786623564352187,0.6,0.0,0.0,0.0,0.0,0.0,0.0,0.0,0.0,0.0,2002,radio,0.5
3,2,lr5e-05_bs16_modL1_fusion64_fusionL1_drop0p2_trmiss50_trlocradio,16,5e-05,1,64,1,0.2,lr5e-05_bs16_modL1_fusion64_fusionL1_drop0p2_trmiss50_trlocradio,10,0.5630879923701286,0.6727096637090048,0.5840336134453781,0.6816027254215397,0.6222222222222222,0.0,0.0,0.0,0.0,0.0,0.0,0.0,0.0,0.0,2002,radio,0.5
3,2,lr5e-05_bs16_modL1_fusion64_fusionL1_drop0p2_trmiss50_trlocradio,16,5e-05,1,64,1,0.2,lr5e-05_bs16_modL1_fusion64_fusionL1_drop0p2_trmiss50_trlocradio,11,0.5904213090737661,0.6679964065551758,0.596638655462185,0.6900282002592858,0.6222222222222222,0.0,0.0,0.0,0.0,0.0,0.0,0.0,0.0,0.0,2002,radio,0.5
3,2,lr5e-05_bs16_modL1_fusion64_fusionL1_drop0p2_trmiss50_trlocradio,16,5e-05,1,64,1,0.2,lr5e-05_bs16_modL1_fusion64_fusionL1_drop0p2_trmiss50_trlocradio,12,0.5533171196778616,0.6652512152989706,0.6050420168067226,0.7034838365460586,0.6222222222222222,0.0,0.0,0.0,0.0,0.0,0.0,0.0,0.0,0.0,2002,radio,0.5
3,2,lr5e-05_bs16_modL1_fusion64_fusionL1_drop0p2_trmiss50_trlocradio,16,5e-05,1,64,1,0.2,lr5e-05_bs16_modL1_fusion64_fusionL1_drop0p2_trmiss50_trlocradio,13,0.5474567289153734,0.6667163372039795,0.6008403361344539,0.7015865891480297,0.6222222222222222,0.0,0.0,0.0,0.0,0.0,0.0,0.0,0.0,0.0,2002,radio,0.5
3,2,lr5e-05_bs16_modL1_fusion64_fusionL1_drop0p2_trmiss50_trlocradio,16,5e-05,1,64,1,0.2,lr5e-05_bs16_modL1_fusion64_fusionL1_drop0p2_trmiss50_trlocradio,14,0.531636950870355,0.6647370855013529,0.5819327731092437,0.6954291185567258,0.6,0.0,0.0,0.0,0.0,0.0,0.0,0.0,0.0,0.0,2002,radio,0.5
3,2,lr5e-05_bs16_modL1_fusion64_fusionL1_drop0p2_trmiss50_trlocradio,16,5e-05,1,64,1,0.2,lr5e-05_bs16_modL1_fusion64_fusionL1_drop0p2_trmiss50_trlocradio,15,0.5117848391334215,0.6643218994140625,0.5840336134453781,0.6968661540575543,0.6,0.0,0.0,0.0,0.0,0.0,0.0,0.0,0.0,0.0,2002,radio,0.5
3,2,lr5e-05_bs16_modL1_fusion64_fusionL1_drop0p2_trmiss50_trlocradio,16,5e-05,1,64,1,0.2,lr5e-05_bs16_modL1_fusion64_fusionL1_drop0p2_trmiss50_trlocradio,16,0.5293521285057068,0.6643118262290955,0.5798319327731092,0.6836845503034046,0.5555555555555556,0.0,0.0,0.0,0.0,0.0,0.0,0.0,0.0,0.0,2002,radio,0.5
3,2,lr5e-05_bs16_modL1_fusion64_fusionL1_drop0p2_trmiss50_trlocradio,16,5e-05,1,64,1,0.2,lr5e-05_bs16_modL1_fusion64_fusionL1_drop0p2_trmiss50_trlocradio,17,0.5040275802214941,0.6652934352556864,0.5819327731092437,0.6933240764207943,0.5555555555555556,0.0,0.0,0.0,0.0,0.0,0.0,0.0,0.0,0.0,2002,radio,0.5
3,2,lr5e-05_bs16_modL1_fusion64_fusionL1_drop0p2_trmiss50_trlocradio,16,5e-05,1,64,1,0.2,lr5e-05_bs16_modL1_fusion64_fusionL1_drop0p2_trmiss50_trlocradio,18,0.5136098315318426,0.6563801368077596,0.6071428571428572,0.7141640669187382,0.6,0.0,0.0,0.0,0.0,0.0,0.0,0.0,0.0,0.0,2002,radio,0.5
3,2,lr5e-05_bs16_modL1_fusion64_fusionL1_drop0p2_trmiss50_trlocradio,16,5e-05,1,64,1,0.2,lr5e-05_bs16_modL1_fusion64_fusionL1_drop0p2_trmiss50_trlocradio,19,0.48863451927900314,0.6561125914255778,0.6071428571428572,0.7005100195370171,0.6,0.0,0.0,0.0,0.0,0.0,0.0,0.0,0.0,0.0,2002,radio,0.5
3,2,lr5e-05_bs16_modL1_fusion64_fusionL1_drop0p2_trmiss50_trlocradio,16,5e-05,1,64,1,0.2,lr5e-05_bs16_modL1_fusion64_fusionL1_drop0p2_trmiss50_trlocradio,20,0.49431053797403973,0.6601876815160116,0.6029411764705883,0.7127248326070934,0.6,0.0,0.0,0.0,0.0,0.0,0.0,0.0,0.0,0.0,2002,radio,0.5
3,2,lr5e-05_bs16_modL1_fusion64_fusionL1_drop0p2_trmiss50_trlocradio,16,5e-05,1,64,1,0.2,lr5e-05_bs16_modL1_fusion64_fusionL1_drop0p2_trmiss50_trlocradio,21,0.4599159111579259,0.6599646806716919,0.5840336134453782,0.6949125273564086,0.6222222222222222,0.0,0.0,0.0,0.0,0.0,0.0,0.0,0.0,0.0,2002,radio,0.5
3,2,lr5e-05_bs16_modL1_fusion64_fusionL1_drop0p2_trmiss50_trlocradio,16,5e-05,1,64,1,0.2,lr5e-05_bs16_modL1_fusion64_fusionL1_drop0p2_trmiss50_trlocradio,22,0.4844982052842776,0.6519342263539633,0.5987394957983193,0.7034953145534429,0.6,0.0,0.0,0.0,0.0,0.0,0.0,0.0,0.0,0.0,2002,radio,0.5
3,2,lr5e-05_bs16_modL1_fusion64_fusionL1_drop0p2_trmiss50_trlocradio,16,5e-05,1,64,1,0.2,lr5e-05_bs16_modL1_fusion64_fusionL1_drop0p2_trmiss50_trlocradio,23,0.4828644593556722,0.652813454469045,0.6050420168067226,0.710573428654847,0.6222222222222222,0.0,0.0,0.0,0.0,0.0,0.0,0.0,0.0,0.0,2002,radio,0.5
3,2,lr5e-05_bs16_modL1_fusion64_fusionL1_drop0p2_trmiss50_trlocradio,16,5e-05,1,64,1,0.2,lr5e-05_bs16_modL1_fusion64_fusionL1_drop0p2_trmiss50_trlocradio,24,0.47185877710580826,0.6574536363283793,0.5987394957983193,0.7006874677379095,0.6666666666666666,0.0,0.0,0.0,0.0,0.0,0.0,0.0,0.0,0.0,2002,radio,0.5
3,2,lr5e-05_bs16_modL1_fusion64_fusionL1_drop0p2_trmiss50_trlocradio,16,5e-05,1,64,1,0.2,lr5e-05_bs16_modL1_fusion64_fusionL1_drop0p2_trmiss50_trlocradio,25,0.4420996829867363,0.6518827875455221,0.6113445378151261,0.7099497271345796,0.6444444444444445,0.0,0.0,0.0,0.0,0.0,0.0,0.0,0.0,0.0,2002,radio,0.5
3,2,lr5e-05_bs16_modL1_fusion64_fusionL1_drop0p1_trmiss50_trlocradio,16,5e-05,1,64,1,0.1,lr5e-05_bs16_modL1_fusion64_fusionL1_drop0p1_trmiss50_trlocradio,1,0.7050405492385229,0.6714524428049723,0.6932773109243696,0.7424548756458499,0.5555555555555556,0.0,0.0,0.0,0.0,0.0,0.0,0.0,0.0,0.0,2002,radio,0.5
3,2,lr5e-05_bs16_modL1_fusion64_fusionL1_drop0p1_trmiss50_trlocradio,16,5e-05,1,64,1,0.1,lr5e-05_bs16_modL1_fusion64_fusionL1_drop0p1_trmiss50_trlocradio,2,0.6692542483409246,0.6556466221809387,0.7163865546218487,0.7550279723726928,0.5777777777777777,0.0,0.0,0.0,0.0,0.0,0.0,0.0,0.0,0.0,2002,radio,0.5
3,2,lr5e-05_bs16_modL1_fusion64_fusionL1_drop0p1_trmiss50_trlocradio,16,5e-05,1,64,1,0.1,lr5e-05_bs16_modL1_fusion64_fusionL1_drop0p1_trmiss50_trlocradio,3,0.629751185576121,0.6525482734044393,0.7163865546218487,0.7545786614535233,0.6444444444444445,0.0,0.0,0.0,0.0,0.0,0.0,0.0,0.0,0.0,2002,radio,0.5
3,2,lr5e-05_bs16_modL1_fusion64_fusionL1_drop0p1_trmiss50_trlocradio,16,5e-05,1,64,1,0.1,lr5e-05_bs16_modL1_fusion64_fusionL1_drop0p1_trmiss50_trlocradio,4,0.6251034239927927,0.6421555280685425,0.7289915966386555,0.7615280107191337,0.6444444444444445,0.0,0.0,0.0,0.0,0.0,0.0,0.0,0.0,0.0,2002,radio,0.5
3,2,lr5e-05_bs16_modL1_fusion64_fusionL1_drop0p1_trmiss50_trlocradio,16,5e-05,1,64,1,0.1,lr5e-05_bs16_modL1_fusion64_fusionL1_drop0p1_trmiss50_trlocradio,5,0.5913854390382767,0.6424214839935303,0.7310924369747899,0.7667346830369878,0.6666666666666666,0.0,0.0,0.0,0.0,0.0,0.0,0.0,0.0,0.0,2002,radio,0.5
3,2,lr5e-05_bs16_modL1_fusion64_fusionL1_drop0p1_trmiss50_trlocradio,16,5e-05,1,64,1,0.1,lr5e-05_bs16_modL1_fusion64_fusionL1_drop0p1_trmiss50_trlocradio,6,0.5918345898389816,0.6313039461771647,0.7436974789915967,0.7849721701061483,0.7111111111111111,0.0,0.0,0.0,0.0,0.0,0.0,0.0,0.0,0.0,2002,radio,0.5
3,2,lr5e-05_bs16_modL1_fusion64_fusionL1_drop0p1_trmiss50_trlocradio,16,5e-05,1,64,1,0.1,lr5e-05_bs16_modL1_fusion64_fusionL1_drop0p1_trmiss50_trlocradio,7,0.5713846584161123,0.6333968639373779,0.7226890756302521,0.7589213764588304,0.7111111111111111,0.0,0.0,0.0,0.0,0.0,0.0,0.0,0.0,0.0,2002,radio,0.5
3,2,lr5e-05_bs16_modL1_fusion64_fusionL1_drop0p1_trmiss50_trlocradio,16,5e-05,1,64,1,0.1,lr5e-05_bs16_modL1_fusion64_fusionL1_drop0p1_trmiss50_trlocradio,8,0.5740590989589691,0.6334132154782613,0.7394957983193278,0.7626321187554602,0.6888888888888889,0.0,0.0,0.0,0.0,0.0,0.0,0.0,0.0,0.0,2002,radio,0.5
3,2,lr5e-05_bs16_modL1_fusion64_fusionL1_drop0p1_trmiss50_trlocradio,16,5e-05,1,64,1,0.1,lr5e-05_bs16_modL1_fusion64_fusionL1_drop0p1_trmiss50_trlocradio,9,0.537524126470089,0.6268663803736368,0.7436974789915967,0.7729321128946552,0.7555555555555555,0.0,0.0,0.0,0.0,0.0,0.0,0.0,0.0,0.0,2002,radio,0.5
3,2,lr5e-05_bs16_modL1_fusion64_fusionL1_drop0p1_trmiss50_trlocradio,16,5e-05,1,64,1,0.1,lr5e-05_bs16_modL1_fusion64_fusionL1_drop0p1_trmiss50_trlocradio,10,0.5630368143320084,0.6320688923199972,0.726890756302521,0.753152346658898,0.7111111111111111,0.0,0.0,0.0,0.0,0.0,0.0,0.0,0.0,0.0,2002,radio,0.5
3,2,lr5e-05_bs16_modL1_fusion64_fusionL1_drop0p1_trmiss50_trlocradio,16,5e-05,1,64,1,0.1,lr5e-05_bs16_modL1_fusion64_fusionL1_drop0p1_trmiss50_trlocradio,11,0.5440112203359604,0.6262251734733582,0.7415966386554622,0.7768939991804579,0.6888888888888889,0.0,0.0,0.0,0.0,0.0,0.0,0.0,0.0,0.0,2002,radio,0.5
3,2,lr5e-05_bs16_modL1_fusion64_fusionL1_drop0p1_trmiss50_trlocradio,16,5e-05,1,64,1,0.1,lr5e-05_bs16_modL1_fusion64_fusionL1_drop0p1_trmiss50_trlocradio,12,0.5327075893680254,0.6218361457188925,0.7352941176470589,0.7490387527704134,0.6666666666666666,0.0,0.0,0.0,0.0,0.0,0.0,0.0,0.0,0.0,2002,radio,0.5
3,2,lr5e-05_bs16_modL1_fusion64_fusionL1_drop0p1_trmiss50_trlocradio,16,5e-05,1,64,1,0.1,lr5e-05_bs16_modL1_fusion64_fusionL1_drop0p1_trmiss50_trlocradio,13,0.49247130503257114,0.6179704864819845,0.7457983193277311,0.8072962977624802,0.6888888888888889,0.0,0.0,0.0,0.0,0.0,0.0,0.0,0.0,0.0,2002,radio,0.5
3,2,lr5e-05_bs16_modL1_fusion64_fusionL1_drop0p1_trmiss50_trlocradio,16,5e-05,1,64,1,0.1,lr5e-05_bs16_modL1_fusion64_fusionL1_drop0p1_trmiss50_trlocradio,14,0.49914444734652835,0.612966259320577,0.7394957983193278,0.7905716995278183,0.7111111111111111,0.0,0.0,0.0,0.0,0.0,0.0,0.0,0.0,0.0,2002,radio,0.5
3,2,lr5e-05_bs16_modL1_fusion64_fusionL1_drop0p1_trmiss50_trlocradio,16,5e-05,1,64,1,0.1,lr5e-05_bs16_modL1_fusion64_fusionL1_drop0p1_trmiss50_trlocradio,15,0.4927850514650345,0.6168407599131266,0.7352941176470589,0.8055175951730903,0.6888888888888889,0.0,0.0,0.0,0.0,0.0,0.0,0.0,0.0,0.0,2002,radio,0.5
3,2,lr5e-05_bs16_modL1_fusion64_fusionL1_drop0p1_trmiss50_trlocradio,16,5e-05,1,64,1,0.1,lr5e-05_bs16_modL1_fusion64_fusionL1_drop0p1_trmiss50_trlocradio,16,0.49420255919297534,0.6136864026387533,0.7373949579831933,0.7757239658472622,0.7111111111111111,0.0,0.0,0.0,0.0,0.0,0.0,0.0,0.0,0.0,2002,radio,0.5
3,2,lr5e-05_bs16_modL1_fusion64_fusionL1_drop0p1_trmiss50_trlocradio,16,5e-05,1,64,1,0.1,lr5e-05_bs16_modL1_fusion64_fusionL1_drop0p1_trmiss50_trlocradio,17,0.4827027792731921,0.6150529583295187,0.7226890756302521,0.7820257457677389,0.6666666666666666,0.0,0.0,0.0,0.0,0.0,0.0,0.0,0.0,0.0,2002,radio,0.5
3,2,lr5e-05_bs16_modL1_fusion64_fusionL1_drop0p1_trmiss50_trlocradio,16,5e-05,1,64,1,0.1,lr5e-05_bs16_modL1_fusion64_fusionL1_drop0p1_trmiss50_trlocradio,18,0.46958888570467633,0.6174537142117819,0.7163865546218487,0.7600887497640639,0.6666666666666666,0.0,0.0,0.0,0.0,0.0,0.0,0.0,0.0,0.0,2002,radio,0.5
3,2,lr5e-05_bs16_modL1_fusion64_fusionL1_drop0p1_trmiss50_trlocradio,16,5e-05,1,64,1,0.1,lr5e-05_bs16_modL1_fusion64_fusionL1_drop0p1_trmiss50_trlocradio,19,0.45995717247327167,0.6086932023366293,0.7394957983193278,0.8187981288860555,0.6666666666666666,0.0,0.0,0.0,0.0,0.0,0.0,0.0,0.0,0.0,2002,radio,0.5
3,2,lr5e-05_bs16_modL1_fusion64_fusionL1_drop0p1_trmiss50_trlocradio,16,5e-05,1,64,1,0.1,lr5e-05_bs16_modL1_fusion64_fusionL1_drop0p1_trmiss50_trlocradio,20,0.44194114953279495,0.6163023511568705,0.7184873949579832,0.7976093566394582,0.6444444444444445,0.0,0.0,0.0,0.0,0.0,0.0,0.0,0.0,0.0,2002,radio,0.5
3,2,lr5e-05_bs16_modL1_fusion64_fusionL1_drop0p1_trmiss50_trlocradio,16,5e-05,1,64,1,0.1,lr5e-05_bs16_modL1_fusion64_fusionL1_drop0p1_trmiss50_trlocradio,21,0.4629203254977862,0.6212919354438782,0.703781512605042,0.779299716496924,0.6666666666666666,0.0,0.0,0.0,0.0,0.0,0.0,0.0,0.0,0.0,2002,radio,0.5
3,2,lr5e-05_bs16_modL1_fusion64_fusionL1_drop0p1_trmiss50_trlocradio,16,5e-05,1,64,1,0.1,lr5e-05_bs16_modL1_fusion64_fusionL1_drop0p1_trmiss50_trlocradio,22,0.44062180320421857,0.6133471131324768,0.7121848739495799,0.7810694437185963,0.6444444444444445,0.0,0.0,0.0,0.0,0.0,0.0,0.0,0.0,0.0,2002,radio,0.5
3,2,lr5e-05_bs16_modL1_fusion64_fusionL1_drop0p1_trmiss50_trlocradio,16,5e-05,1,64,1,0.1,lr5e-05_bs16_modL1_fusion64_fusionL1_drop0p1_trmiss50_trlocradio,23,0.4246820385257403,0.6132228970527649,0.7142857142857142,0.7886246654010894,0.6444444444444445,0.0,0.0,0.0,0.0,0.0,0.0,0.0,0.0,0.0,2002,radio,0.5
3,2,lr5e-05_bs16_modL1_fusion64_fusionL1_drop0p1_trmiss50_trlocradio,16,5e-05,1,64,1,0.1,lr5e-05_bs16_modL1_fusion64_fusionL1_drop0p1_trmiss50_trlocradio,24,0.4201009174187978,0.6165530482927958,0.6932773109243697,0.7868359442991737,0.6444444444444445,0.0,0.0,0.0,0.0,0.0,0.0,0.0,0.0,0.0,2002,radio,0.5
3,2,lr5e-05_bs16_modL1_fusion64_fusionL1_drop0p1_trmiss50_trlocradio,16,5e-05,1,64,1,0.1,lr5e-05_bs16_modL1_fusion64_fusionL1_drop0p1_trmiss50_trlocradio,25,0.41023999204238254,0.6154184142748514,0.6911764705882353,0.7832917842108958,0.6444444444444445,0.0,0.0,0.0,0.0,0.0,0.0,0.0,0.0,0.0,2002,radio,0.5
3,2,lr5e-05_bs16_modL1_fusion64_fusionL1_drop0p1_trmiss50_trlocradio,16,5e-05,1,64,1,0.1,lr5e-05_bs16_modL1_fusion64_fusionL1_drop0p1_trmiss50_trlocradio,26,0.392100195089976,0.6134488185246786,0.6911764705882353,0.7900215268325822,0.6444444444444445,0.0,0.0,0.0,0.0,0.0,0.0,0.0,0.0,0.0,2002,radio,0.5
3,2,lr5e-05_bs16_modL1_fusion64_fusionL1_drop0p1_trmiss50_trlocradio,16,5e-05,1,64,1,0.1,lr5e-05_bs16_modL1_fusion64_fusionL1_drop0p1_trmiss50_trlocradio,27,0.3954225406050682,0.611219068368276,0.7121848739495797,0.8214882591451756,0.6666666666666666,0.0,0.0,0.0,0.0,0.0,0.0,0.0,0.0,0.0,2002,radio,0.5
3,2,lr5e-05_bs16_modL1_fusion64_fusionL1_drop0p1_trmiss50_trlocradio,16,5e-05,1,64,1,0.1,lr5e-05_bs16_modL1_fusion64_fusionL1_drop0p1_trmiss50_trlocradio,28,0.3951439807812373,0.6086882948875427,0.7079831932773109,0.8200873811348052,0.6666666666666666,0.0,0.0,0.0,0.0,0.0,0.0,0.0,0.0,0.0,2002,radio,0.5
3,2,lr5e-05_bs16_modL1_fusion64_fusionL1_drop0p1_trmiss50_trlocradio,16,5e-05,1,64,1,0.1,lr5e-05_bs16_modL1_fusion64_fusionL1_drop0p1_trmiss50_trlocradio,29,0.4116513133049011,0.6082468231519064,0.7205882352941175,0.8330765351385857,0.6444444444444445,0.0,0.0,0.0,0.0,0.0,0.0,0.0,0.0,0.0,2002,radio,0.5
3,2,lr5e-05_bs16_modL1_fusion64_fusionL1_drop0p1_trmiss50_trlocradio,16,5e-05,1,64,1,0.1,lr5e-05_bs16_modL1_fusion64_fusionL1_drop0p1_trmiss50_trlocradio,30,0.37494859596093494,0.6052353183428446,0.7247899159663865,0.8366627859475807,0.6444444444444445,0.0,0.0,0.0,0.0,0.0,0.0,0.0,0.0,0.0,2002,radio,0.5
3,2,lr5e-05_bs16_modL1_fusion64_fusionL1_drop0p1_trmiss50_trlocradio,16,5e-05,1,64,1,0.1,lr5e-05_bs16_modL1_fusion64_fusionL1_drop0p1_trmiss50_trlocradio,31,0.37900711099306744,0.6066384315490723,0.7142857142857143,0.8216029871077897,0.6666666666666666,0.0,0.0,0.0,0.0,0.0,0.0,0.0,0.0,0.0,2002,radio,0.5
3,2,lr5e-05_bs16_modL1_fusion64_fusionL1_drop0p1_trmiss50_trlocradio,16,5e-05,1,64,1,0.1,lr5e-05_bs16_modL1_fusion64_fusionL1_drop0p1_trmiss50_trlocradio,32,0.39115440597136814,0.6082546909650167,0.7121848739495799,0.8135345084865965,0.6666666666666666,0.0,0.0,0.0,0.0,0.0,0.0,0.0,0.0,0.0,2002,radio,0.5
3,2,lr5e-05_bs16_modL1_fusion64_fusionL1_drop0p1_trmiss50_trlocradio,16,5e-05,1,64,1,0.1,lr5e-05_bs16_modL1_fusion64_fusionL1_drop0p1_trmiss50_trlocradio,33,0.3943430135647456,0.6106643279393514,0.7163865546218487,0.8184211154568083,0.6444444444444445,0.0,0.0,0.0,0.0,0.0,0.0,0.0,0.0,0.0,2002,radio,0.5
3,2,lr1e-04_bs16_modL1_fusion32_fusionL1_drop0p2_trmiss50_trlocradio,16,0.0001,1,32,1,0.2,lr1e-04_bs16_modL1_fusion32_fusionL1_drop0p2_trmiss50_trlocradio,1,0.6876119275887808,0.6671687364578247,0.7478991596638656,0.8677617706700059,0.6444444444444445,0.0,0.0,0.0,0.0,0.0,0.0,0.0,0.0,0.0,2002,radio,0.5
3,2,lr1e-04_bs16_modL1_fusion32_fusionL1_drop0p2_trmiss50_trlocradio,16,0.0001,1,32,1,0.2,lr1e-04_bs16_modL1_fusion32_fusionL1_drop0p2_trmiss50_trlocradio,2,0.6752283076445261,0.6557661692301432,0.73109243697479,0.8432964817074092,0.6888888888888889,0.0,0.0,0.0,0.0,0.0,0.0,0.0,0.0,0.0,2002,radio,0.5
3,2,lr1e-04_bs16_modL1_fusion32_fusionL1_drop0p2_trmiss50_trlocradio,16,0.0001,1,32,1,0.2,lr1e-04_bs16_modL1_fusion32_fusionL1_drop0p2_trmiss50_trlocradio,3,0.632764865954717,0.645581066608429,0.7394957983193278,0.8550858297224901,0.6666666666666666,0.0,0.0,0.0,0.0,0.0,0.0,0.0,0.0,0.0,2002,radio,0.5
3,2,lr1e-04_bs16_modL1_fusion32_fusionL1_drop0p2_trmiss50_trlocradio,16,0.0001,1,32,1,0.2,lr1e-04_bs16_modL1_fusion32_fusionL1_drop0p2_trmiss50_trlocradio,4,0.6121705174446106,0.6431544224421183,0.7289915966386555,0.854025280797364,0.6888888888888889,0.0,0.0,0.0,0.0,0.0,0.0,0.0,0.0,0.0,2002,radio,0.5
3,2,lr1e-04_bs16_modL1_fusion32_fusionL1_drop0p2_trmiss50_trlocradio,16,0.0001,1,32,1,0.2,lr1e-04_bs16_modL1_fusion32_fusionL1_drop0p2_trmiss50_trlocradio,5,0.5935038179159164,0.6300657391548157,0.7542016806722689,0.8620300255126859,0.7333333333333333,0.0,0.0,0.0,0.0,0.0,0.0,0.0,0.0,0.0,2002,radio,0.5
3,2,lr1e-04_bs16_modL1_fusion32_fusionL1_drop0p2_trmiss50_trlocradio,16,0.0001,1,32,1,0.2,lr1e-04_bs16_modL1_fusion32_fusionL1_drop0p2_trmiss50_trlocradio,6,0.5808202375968298,0.6278526981671652,0.7352941176470589,0.8462952430389404,0.6444444444444445,0.0,0.0,0.0,0.0,0.0,0.0,0.0,0.0,0.0,2002,radio,0.5
3,2,lr1e-04_bs16_modL1_fusion32_fusionL1_drop0p2_trmiss50_trlocradio,16,0.0001,1,32,1,0.2,lr1e-04_bs16_modL1_fusion32_fusionL1_drop0p2_trmiss50_trlocradio,7,0.5651039729515711,0.639090100924174,0.7058823529411765,0.8329549703451166,0.6444444444444445,0.0,0.0,0.0,0.0,0.0,0.0,0.0,0.0,0.0,2002,radio,0.5
3,2,lr1e-04_bs16_modL1_fusion32_fusionL1_drop0p2_trmiss50_trlocradio,16,0.0001,1,32,1,0.2,lr1e-04_bs16_modL1_fusion32_fusionL1_drop0p2_trmiss50_trlocradio,8,0.5814164678255717,0.6506775617599487,0.6764705882352942,0.8199912645619505,0.5777777777777777,0.0,0.0,0.0,0.0,0.0,0.0,0.0,0.0,0.0,2002,radio,0.5
3,2,lr1e-04_bs16_modL1_fusion32_fusionL1_drop0p2_trmiss50_trlocradio,16,0.0001,1,32,1,0.2,lr1e-04_bs16_modL1_fusion32_fusionL1_drop0p2_trmiss50_trlocradio,9,0.5535191719730695,0.6501437822977701,0.6785714285714285,0.8180722362584074,0.6,0.0,0.0,0.0,0.0,0.0,0.0,0.0,0.0,0.0,2002,radio,0.5
3,2,lr1e-04_bs16_modL1_fusion32_fusionL1_drop0p2_trmiss50_trlocradio,16,0.0001,1,32,1,0.2,lr1e-04_bs16_modL1_fusion32_fusionL1_drop0p2_trmiss50_trlocradio,10,0.5389644528428713,0.638636032740275,0.7163865546218487,0.8300105672370656,0.6222222222222222,0.0,0.0,0.0,0.0,0.0,0.0,0.0,0.0,0.0,2002,radio,0.5
3,2,lr1e-04_bs16_modL1_fusion32_fusionL1_drop0p2_trmiss50_trlocradio,16,0.0001,1,32,1,0.2,lr1e-04_bs16_modL1_fusion32_fusionL1_drop0p2_trmiss50_trlocradio,11,0.5180585210522016,0.6456999580065409,0.7058823529411765,0.8321956137888321,0.6444444444444445,0.0,0.0,0.0,0.0,0.0,0.0,0.0,0.0,0.0,2002,radio,0.5
3,2,lr1e-04_bs16_modL1_fusion32_fusionL1_drop0p2_trmiss50_trlocradio,16,0.0001,1,32,1,0.2,lr1e-04_bs16_modL1_fusion32_fusionL1_drop0p2_trmiss50_trlocradio,12,0.5214471643169721,0.6271519462267557,0.7352941176470589,0.8430935993923447,0.7111111111111111,0.0,0.0,0.0,0.0,0.0,0.0,0.0,0.0,0.0,2002,radio,0.5
3,2,lr1e-04_bs16_modL1_fusion32_fusionL1_drop0p2_trmiss50_trlocradio,16,0.0001,1,32,1,0.2,lr1e-04_bs16_modL1_fusion32_fusionL1_drop0p2_trmiss50_trlocradio,13,0.49093200514713925,0.6363909244537354,0.7289915966386555,0.8411967674779394,0.7111111111111111,0.0,0.0,0.0,0.0,0.0,0.0,0.0,0.0,0.0,2002,radio,0.5
3,2,lr1e-04_bs16_modL1_fusion32_fusionL1_drop0p2_trmiss50_trlocradio,16,0.0001,1,32,1,0.2,lr1e-04_bs16_modL1_fusion32_fusionL1_drop0p2_trmiss50_trlocradio,14,0.5018574371933937,0.6295258402824402,0.7415966386554622,0.8501700062348897,0.6888888888888889,0.0,0.0,0.0,0.0,0.0,0.0,0.0,0.0,0.0,2002,radio,0.5
3,2,lr1e-04_bs16_modL1_fusion32_fusionL1_drop0p2_trmiss50_trlocradio,16,0.0001,1,32,1,0.2,lr1e-04_bs16_modL1_fusion32_fusionL1_drop0p2_trmiss50_trlocradio,15,0.49338531245787937,0.6353391210238138,0.7205882352941176,0.8378647561215566,0.6888888888888889,0.0,0.0,0.0,0.0,0.0,0.0,0.0,0.0,0.0,2002,radio,0.5
3,2,lr1e-04_bs16_modL1_fusion32_fusionL1_drop0p2_trmiss50_trlocradio,16,0.0001,1,32,1,0.2,lr1e-04_bs16_modL1_fusion32_fusionL1_drop0p2_trmiss50_trlocradio,16,0.47733689844608307,0.6344464421272278,0.73109243697479,0.8384908625224611,0.7333333333333333,0.0,0.0,0.0,0.0,0.0,0.0,0.0,0.0,0.0,2002,radio,0.5
3,2,lr1e-04_bs16_modL1_fusion32_fusionL1_drop0p2_trmiss50_trlocradio,16,0.0001,1,32,1,0.2,lr1e-04_bs16_modL1_fusion32_fusionL1_drop0p2_trmiss50_trlocradio,17,0.4610908751686414,0.6256901025772095,0.7226890756302522,0.8144114953102184,0.6888888888888889,0.0,0.0,0.0,0.0,0.0,0.0,0.0,0.0,0.0,2002,radio,0.5
3,2,lr1e-04_bs16_modL1_fusion32_fusionL1_drop0p2_trmiss50_trlocradio,16,0.0001,1,32,1,0.2,lr1e-04_bs16_modL1_fusion32_fusionL1_drop0p2_trmiss50_trlocradio,18,0.45837633063395816,0.6274818778038025,0.7184873949579832,0.8233259373185753,0.7333333333333333,0.0,0.0,0.0,0.0,0.0,0.0,0.0,0.0,0.0,2002,radio,0.5
3,2,lr1e-04_bs16_modL1_fusion32_fusionL1_drop0p2_trmiss50_trlocradio,16,0.0001,1,32,1,0.2,lr1e-04_bs16_modL1_fusion32_fusionL1_drop0p2_trmiss50_trlocradio,19,0.42946530878543854,0.6259554227193197,0.7247899159663865,0.8255862884593996,0.7333333333333333,0.0,0.0,0.0,0.0,0.0,0.0,0.0,0.0,0.0,2002,radio,0.5
3,2,lr1e-04_bs16_modL1_fusion32_fusionL1_drop0p2_trmiss50_trlocradio,16,0.0001,1,32,1,0.2,lr1e-04_bs16_modL1_fusion32_fusionL1_drop0p2_trmiss50_trlocradio,20,0.41574763506650925,0.629892905553182,0.7289915966386554,0.827955122685708,0.7333333333333333,0.0,0.0,0.0,0.0,0.0,0.0,0.0,0.0,0.0,2002,radio,0.5
3,2,lr1e-04_bs16_modL1_fusion32_fusionL1_drop0p2_trmiss50_trlocradio,16,0.0001,1,32,1,0.2,lr1e-04_bs16_modL1_fusion32_fusionL1_drop0p2_trmiss50_trlocradio,21,0.43801241119702655,0.6270412604014078,0.7268907563025211,0.8322923154115354,0.6888888888888889,0.0,0.0,0.0,0.0,0.0,0.0,0.0,0.0,0.0,2002,radio,0.5
3,2,lr1e-04_bs16_modL1_fusion32_fusionL1_drop0p2_trmiss50_trlocradio,16,0.0001,1,32,1,0.2,lr1e-04_bs16_modL1_fusion32_fusionL1_drop0p2_trmiss50_trlocradio,22,0.4198081096013387,0.6230099399884542,0.7205882352941178,0.8282377452755056,0.6888888888888889,0.0,0.0,0.0,0.0,0.0,0.0,0.0,0.0,0.0,2002,radio,0.5
3,2,lr1e-04_bs16_modL1_fusion32_fusionL1_drop0p2_trmiss50_trlocradio,16,0.0001,1,32,1,0.2,lr1e-04_bs16_modL1_fusion32_fusionL1_drop0p2_trmiss50_trlocradio,23,0.4286511540412903,0.6155046025911967,0.7205882352941176,0.8274275217429397,0.6666666666666666,0.0,0.0,0.0,0.0,0.0,0.0,0.0,0.0,0.0,2002,radio,0.5
3,2,lr1e-04_bs16_modL1_fusion32_fusionL1_drop0p2_trmiss50_trlocradio,16,0.0001,1,32,1,0.2,lr1e-04_bs16_modL1_fusion32_fusionL1_drop0p2_trmiss50_trlocradio,24,0.41382276515165967,0.6186476548512777,0.7226890756302522,0.834090777025945,0.7111111111111111,0.0,0.0,0.0,0.0,0.0,0.0,0.0,0.0,0.0,2002,radio,0.5
3,2,lr1e-04_bs16_modL1_fusion32_fusionL1_drop0p2_trmiss50_trlocradio,16,0.0001,1,32,1,0.2,lr1e-04_bs16_modL1_fusion32_fusionL1_drop0p2_trmiss50_trlocradio,25,0.3836418390274048,0.6248095234235128,0.7079831932773109,0.8247572481241049,0.6666666666666666,0.0,0.0,0.0,0.0,0.0,0.0,0.0,0.0,0.0,2002,radio,0.5
3,2,lr1e-04_bs16_modL1_fusion32_fusionL1_drop0p1_trmiss50_trlocradio,16,0.0001,1,32,1,0.1,lr1e-04_bs16_modL1_fusion32_fusionL1_drop0p1_trmiss50_trlocradio,1,0.6751814236243566,0.6942576964696249,0.4852941176470588,0.6444180411260264,0.4888888888888889,0.0,0.0,0.0,0.0,0.0,0.0,0.0,0.0,0.0,2002,radio,0.5
3,2,lr1e-04_bs16_modL1_fusion32_fusionL1_drop0p1_trmiss50_trlocradio,16,0.0001,1,32,1,0.1,lr1e-04_bs16_modL1_fusion32_fusionL1_drop0p1_trmiss50_trlocradio,2,0.6102873086929321,0.6844604214032491,0.48739495798319327,0.6748175387245556,0.5111111111111111,0.0,0.0,0.0,0.0,0.0,0.0,0.0,0.0,0.0,2002,radio,0.5
3,2,lr1e-04_bs16_modL1_fusion32_fusionL1_drop0p1_trmiss50_trlocradio,16,0.0001,1,32,1,0.1,lr1e-04_bs16_modL1_fusion32_fusionL1_drop0p1_trmiss50_trlocradio,3,0.6021206577618917,0.6759818991025289,0.5525210084033614,0.7212937464010469,0.5111111111111111,0.0,0.0,0.0,0.0,0.0,0.0,0.0,0.0,0.0,2002,radio,0.5
3,2,lr1e-04_bs16_modL1_fusion32_fusionL1_drop0p1_trmiss50_trlocradio,16,0.0001,1,32,1,0.1,lr1e-04_bs16_modL1_fusion32_fusionL1_drop0p1_trmiss50_trlocradio,4,0.5643480469783148,0.6602644721666971,0.6008403361344538,0.7503279530438789,0.5333333333333333,0.0,0.0,0.0,0.0,0.0,0.0,0.0,0.0,0.0,2002,radio,0.5
3,2,lr1e-04_bs16_modL1_fusion32_fusionL1_drop0p1_trmiss50_trlocradio,16,0.0001,1,32,1,0.1,lr1e-04_bs16_modL1_fusion32_fusionL1_drop0p1_trmiss50_trlocradio,5,0.5223066781957945,0.6577980319658915,0.5966386554621849,0.7421793393692527,0.5555555555555556,0.0,0.0,0.0,0.0,0.0,0.0,0.0,0.0,0.0,2002,radio,0.5
3,2,lr1e-04_bs16_modL1_fusion32_fusionL1_drop0p1_trmiss50_trlocradio,16,0.0001,1,32,1,0.1,lr1e-04_bs16_modL1_fusion32_fusionL1_drop0p1_trmiss50_trlocradio,6,0.5030423651138941,0.657379686832428,0.6113445378151261,0.7400746658561416,0.6222222222222222,0.0,0.0,0.0,0.0,0.0,0.0,0.0,0.0,0.0,2002,radio,0.5
3,2,lr1e-04_bs16_modL1_fusion32_fusionL1_drop0p1_trmiss50_trlocradio,16,0.0001,1,32,1,0.1,lr1e-04_bs16_modL1_fusion32_fusionL1_drop0p1_trmiss50_trlocradio,7,0.5021512508392334,0.6521398226420084,0.6239495798319328,0.7358740980029511,0.6222222222222222,0.0,0.0,0.0,0.0,0.0,0.0,0.0,0.0,0.0,2002,radio,0.5
3,2,lr1e-04_bs16_modL1_fusion32_fusionL1_drop0p1_trmiss50_trlocradio,16,0.0001,1,32,1,0.1,lr1e-04_bs16_modL1_fusion32_fusionL1_drop0p1_trmiss50_trlocradio,8,0.508947841823101,0.6465653578440348,0.6449579831932772,0.7491722566493211,0.6,0.0,0.0,0.0,0.0,0.0,0.0,0.0,0.0,0.0,2002,radio,0.5
3,2,lr1e-04_bs16_modL1_fusion32_fusionL1_drop0p1_trmiss50_trlocradio,16,0.0001,1,32,1,0.1,lr1e-04_bs16_modL1_fusion32_fusionL1_drop0p1_trmiss50_trlocradio,9,0.4814649174610774,0.6499336759249369,0.638655462184874,0.7435012061360625,0.6,0.0,0.0,0.0,0.0,0.0,0.0,0.0,0.0,0.0,2002,radio,0.5
3,2,lr1e-04_bs16_modL1_fusion32_fusionL1_drop0p1_trmiss50_trlocradio,16,0.0001,1,32,1,0.1,lr1e-04_bs16_modL1_fusion32_fusionL1_drop0p1_trmiss50_trlocradio,10,0.48778128375609714,0.6582928498586019,0.6176470588235294,0.7200567553839259,0.6,0.0,0.0,0.0,0.0,0.0,0.0,0.0,0.0,0.0,2002,radio,0.5
3,2,lr1e-04_bs16_modL1_fusion32_fusionL1_drop0p1_trmiss50_trlocradio,16,0.0001,1,32,1,0.1,lr1e-04_bs16_modL1_fusion32_fusionL1_drop0p1_trmiss50_trlocradio,11,0.46235980838537216,0.6578565835952759,0.6218487394957983,0.7226005099519532,0.6222222222222222,0.0,0.0,0.0,0.0,0.0,0.0,0.0,0.0,0.0,2002,radio,0.5
3,2,lr1e-04_bs16_modL1_fusion32_fusionL1_drop0p1_trmiss50_trlocradio,16,0.0001,1,32,1,0.1,lr1e-04_bs16_modL1_fusion32_fusionL1_drop0p1_trmiss50_trlocradio,12,0.43457430104414624,0.6623902122179667,0.6302521008403361,0.7208254747115471,0.6222222222222222,0.0,0.0,0.0,0.0,0.0,0.0,0.0,0.0,0.0,2002,radio,0.5
3,2,lr1e-04_bs16_modL1_fusion32_fusionL1_drop0p1_trmiss50_trlocradio,16,0.0001,1,32,1,0.1,lr1e-04_bs16_modL1_fusion32_fusionL1_drop0p1_trmiss50_trlocradio,13,0.41540845731894177,0.6650009353955587,0.592436974789916,0.7020697998437886,0.6222222222222222,0.0,0.0,0.0,0.0,0.0,0.0,0.0,0.0,0.0,2002,radio,0.5
3,2,lr1e-04_bs16_modL1_fusion32_fusionL1_drop0p1_trmiss50_trlocradio,16,0.0001,1,32,1,0.1,lr1e-04_bs16_modL1_fusion32_fusionL1_drop0p1_trmiss50_trlocradio,14,0.42503666629393894,0.6707666516304016,0.5777310924369748,0.7069101998092293,0.6222222222222222,0.0,0.0,0.0,0.0,0.0,0.0,0.0,0.0,0.0,2002,radio,0.5
3,2,lr1e-04_bs16_modL1_fusion32_fusionL1_drop0p1_trmiss50_trlocradio,16,0.0001,1,32,1,0.1,lr1e-04_bs16_modL1_fusion32_fusionL1_drop0p1_trmiss50_trlocradio,15,0.42016924172639847,0.6690910259882609,0.5819327731092437,0.7105512070035804,0.5777777777777777,0.0,0.0,0.0,0.0,0.0,0.0,0.0,0.0,0.0,2002,radio,0.5
3,2,lr1e-04_bs16_modL1_fusion32_fusionL1_drop0p1_trmiss50_trlocradio,16,0.0001,1,32,1,0.1,lr1e-04_bs16_modL1_fusion32_fusionL1_drop0p1_trmiss50_trlocradio,16,0.4069235970576604,0.6652335325876871,0.592436974789916,0.7119743806714871,0.6,0.0,0.0,0.0,0.0,0.0,0.0,0.0,0.0,0.0,2002,radio,0.5
3,2,lr1e-04_bs16_modL1_fusion32_fusionL1_drop0p1_trmiss50_trlocradio,16,0.0001,1,32,1,0.1,lr1e-04_bs16_modL1_fusion32_fusionL1_drop0p1_trmiss50_trlocradio,17,0.3956831569472949,0.6666186650594076,0.6029411764705883,0.7217378326860995,0.6666666666666666,0.0,0.0,0.0,0.0,0.0,0.0,0.0,0.0,0.0,2002,radio,0.5
3,2,lr1e-04_bs16_modL1_fusion32_fusionL1_drop0p1_trmiss50_trlocradio,16,0.0001,1,32,1,0.1,lr1e-04_bs16_modL1_fusion32_fusionL1_drop0p1_trmiss50_trlocradio,18,0.405596598982811,0.6693538824717203,0.6050420168067226,0.7081553229156465,0.6,0.0,0.0,0.0,0.0,0.0,0.0,0.0,0.0,0.0,2002,radio,0.5
3,2,lr1e-04_bs16_modL1_fusion32_fusionL1_drop0p1_trmiss50_trlocradio,16,0.0001,1,32,1,0.1,lr1e-04_bs16_modL1_fusion32_fusionL1_drop0p1_trmiss50_trlocradio,19,0.3920043483376503,0.6710510651270548,0.6134453781512605,0.7079197921732634,0.6666666666666666,0.0,0.0,0.0,0.0,0.0,0.0,0.0,0.0,0.0,2002,radio,0.5
3,2,lr1e-04_bs16_modL1_fusion32_fusionL1_drop0p1_trmiss50_trlocradio,16,0.0001,1,32,1,0.1,lr1e-04_bs16_modL1_fusion32_fusionL1_drop0p1_trmiss50_trlocradio,20,0.3675575057665507,0.6705659627914429,0.6008403361344539,0.6952202654460544,0.6666666666666666,0.0,0.0,0.0,0.0,0.0,0.0,0.0,0.0,0.0,2002,radio,0.5
3,2,lr1e-04_bs16_modL1_fusion32_fusionL1_drop0p1_trmiss50_trlocradio,16,0.0001,1,32,1,0.1,lr1e-04_bs16_modL1_fusion32_fusionL1_drop0p1_trmiss50_trlocradio,21,0.373709296186765,0.6680391430854797,0.6071428571428572,0.6998536290861623,0.6222222222222222,0.0,0.0,0.0,0.0,0.0,0.0,0.0,0.0,0.0,2002,radio,0.5
3,2,lr1e-04_bs16_modL1_fusion32_fusionL1_drop0p1_trmiss50_trlocradio,16,0.0001,1,32,1,0.1,lr1e-04_bs16_modL1_fusion32_fusionL1_drop0p1_trmiss50_trlocradio,22,0.39119116713603336,0.6670624613761902,0.6134453781512605,0.7078815851874267,0.6222222222222222,0.0,0.0,0.0,0.0,0.0,0.0,0.0,0.0,0.0,2002,radio,0.5
3,2,lr1e-04_bs16_modL1_fusion32_fusionL1_drop0p1_trmiss50_trlocradio,16,0.0001,1,32,1,0.1,lr1e-04_bs16_modL1_fusion32_fusionL1_drop0p1_trmiss50_trlocradio,23,0.38021161903937656,0.6715878446896871,0.6113445378151261,0.7062304787728374,0.6666666666666666,0.0,0.0,0.0,0.0,0.0,0.0,0.0,0.0,0.0,2002,radio,0.5
3,2,lr1e-04_bs16_modL1_fusion32_fusionL1_drop0p1_trmiss50_trlocradio,16,0.0001,1,32,1,0.1,lr1e-04_bs16_modL1_fusion32_fusionL1_drop0p1_trmiss50_trlocradio,24,0.38226280361413956,0.670162041982015,0.6071428571428572,0.705157777530607,0.6666666666666666,0.0,0.0,0.0,0.0,0.0,0.0,0.0,0.0,0.0,2002,radio,0.5
3,2,lr1e-04_bs16_modL1_fusion32_fusionL1_drop0p1_trmiss50_trlocradio,16,0.0001,1,32,1,0.1,lr1e-04_bs16_modL1_fusion32_fusionL1_drop0p1_trmiss50_trlocradio,25,0.3800962269306183,0.6759225328763326,0.6008403361344538,0.7018295690806736,0.6222222222222222,0.0,0.0,0.0,0.0,0.0,0.0,0.0,0.0,0.0,2002,radio,0.5
3,2,lr1e-04_bs16_modL1_fusion32_fusionL1_drop0p1_trmiss50_trlocradio,16,0.0001,1,32,1,0.1,lr1e-04_bs16_modL1_fusion32_fusionL1_drop0p1_trmiss50_trlocradio,26,0.4015838106473287,0.680294394493103,0.592436974789916,0.6986091137039132,0.6222222222222222,0.0,0.0,0.0,0.0,0.0,0.0,0.0,0.0,0.0,2002,radio,0.5
3,2,lr1e-04_bs16_modL1_fusion32_fusionL1_drop0p1_trmiss50_trlocradio,16,0.0001,1,32,1,0.1,lr1e-04_bs16_modL1_fusion32_fusionL1_drop0p1_trmiss50_trlocradio,27,0.36997034152348834,0.6767736275990804,0.5945378151260504,0.7044231814565018,0.6222222222222222,0.0,0.0,0.0,0.0,0.0,0.0,0.0,0.0,0.0,2002,radio,0.5
3,2,lr1e-04_bs16_modL1_fusion32_fusionL1_drop0p1_trmiss50_trlocradio,16,0.0001,1,32,1,0.1,lr1e-04_bs16_modL1_fusion32_fusionL1_drop0p1_trmiss50_trlocradio,28,0.37282369037469226,0.6795533498128256,0.6029411764705882,0.7085246423929381,0.5777777777777777,0.0,0.0,0.0,0.0,0.0,0.0,0.0,0.0,0.0,2002,radio,0.5
3,2,lr1e-04_bs16_modL1_fusion64_fusionL1_drop0p2_trmiss50_trlocradio,16,0.0001,1,64,1,0.2,lr1e-04_bs16_modL1_fusion64_fusionL1_drop0p2_trmiss50_trlocradio,1,0.7078542957703272,0.6740801533063253,0.6197478991596639,0.751240322621938,0.5555555555555556,0.0,0.0,0.0,0.0,0.0,0.0,0.0,0.0,0.0,2002,radio,0.5
3,2,lr1e-04_bs16_modL1_fusion64_fusionL1_drop0p2_trmiss50_trlocradio,16,0.0001,1,64,1,0.2,lr1e-04_bs16_modL1_fusion64_fusionL1_drop0p2_trmiss50_trlocradio,2,0.6806875119606653,0.658422569433848,0.6680672268907564,0.7902923615123322,0.6222222222222222,0.0,0.0,0.0,0.0,0.0,0.0,0.0,0.0,0.0,2002,radio,0.5
3,2,lr1e-04_bs16_modL1_fusion64_fusionL1_drop0p2_trmiss50_trlocradio,16,0.0001,1,64,1,0.2,lr1e-04_bs16_modL1_fusion64_fusionL1_drop0p2_trmiss50_trlocradio,3,0.6598129719495773,0.6537397106488546,0.680672268907563,0.7999861736057887,0.6222222222222222,0.0,0.0,0.0,0.0,0.0,0.0,0.0,0.0,0.0,2002,radio,0.5
3,2,lr1e-04_bs16_modL1_fusion64_fusionL1_drop0p2_trmiss50_trlocradio,16,0.0001,1,64,1,0.2,lr1e-04_bs16_modL1_fusion64_fusionL1_drop0p2_trmiss50_trlocradio,4,0.6444327582915624,0.6491666038831075,0.6764705882352942,0.8089487124974131,0.6222222222222222,0.0,0.0,0.0,0.0,0.0,0.0,0.0,0.0,0.0,2002,radio,0.5
3,2,lr1e-04_bs16_modL1_fusion64_fusionL1_drop0p2_trmiss50_trlocradio,16,0.0001,1,64,1,0.2,lr1e-04_bs16_modL1_fusion64_fusionL1_drop0p2_trmiss50_trlocradio,5,0.6059906135002772,0.644793967405955,0.6722689075630253,0.7969955081031938,0.6,0.0,0.0,0.0,0.0,0.0,0.0,0.0,0.0,0.0,2002,radio,0.5
3,2,lr1e-04_bs16_modL1_fusion64_fusionL1_drop0p2_trmiss50_trlocradio,16,0.0001,1,64,1,0.2,lr1e-04_bs16_modL1_fusion64_fusionL1_drop0p2_trmiss50_trlocradio,6,0.6002642860015234,0.6366626620292664,0.6932773109243697,0.8110865818688351,0.6,0.0,0.0,0.0,0.0,0.0,0.0,0.0,0.0,0.0,2002,radio,0.5
3,2,lr1e-04_bs16_modL1_fusion64_fusionL1_drop0p2_trmiss50_trlocradio,16,0.0001,1,64,1,0.2,lr1e-04_bs16_modL1_fusion64_fusionL1_drop0p2_trmiss50_trlocradio,7,0.5820396170020103,0.6322585741678873,0.6764705882352942,0.7957640824652088,0.6444444444444445,0.0,0.0,0.0,0.0,0.0,0.0,0.0,0.0,0.0,2002,radio,0.5
3,2,lr1e-04_bs16_modL1_fusion64_fusionL1_drop0p2_trmiss50_trlocradio,16,0.0001,1,64,1,0.2,lr1e-04_bs16_modL1_fusion64_fusionL1_drop0p2_trmiss50_trlocradio,8,0.5635302364826202,0.6299775044123331,0.6827731092436975,0.8009171710472788,0.6222222222222222,0.0,0.0,0.0,0.0,0.0,0.0,0.0,0.0,0.0,2002,radio,0.5
3,2,lr1e-04_bs16_modL1_fusion64_fusionL1_drop0p2_trmiss50_trlocradio,16,0.0001,1,64,1,0.2,lr1e-04_bs16_modL1_fusion64_fusionL1_drop0p2_trmiss50_trlocradio,9,0.5483434572815895,0.6299214561780294,0.6869747899159664,0.7970039867010672,0.6444444444444445,0.0,0.0,0.0,0.0,0.0,0.0,0.0,0.0,0.0,2002,radio,0.5
3,2,lr1e-04_bs16_modL1_fusion64_fusionL1_drop0p2_trmiss50_trlocradio,16,0.0001,1,64,1,0.2,lr1e-04_bs16_modL1_fusion64_fusionL1_drop0p2_trmiss50_trlocradio,10,0.5267076219121615,0.6214269399642944,0.7079831932773109,0.8066104637025555,0.6666666666666666,0.0,0.0,0.0,0.0,0.0,0.0,0.0,0.0,0.0,2002,radio,0.5
3,2,lr1e-04_bs16_modL1_fusion64_fusionL1_drop0p2_trmiss50_trlocradio,16,0.0001,1,64,1,0.2,lr1e-04_bs16_modL1_fusion64_fusionL1_drop0p2_trmiss50_trlocradio,11,0.5301594162980715,0.6183557907740275,0.6953781512605042,0.8010252227559719,0.6444444444444445,0.0,0.0,0.0,0.0,0.0,0.0,0.0,0.0,0.0,2002,radio,0.5
3,2,lr1e-04_bs16_modL1_fusion64_fusionL1_drop0p2_trmiss50_trlocradio,16,0.0001,1,64,1,0.2,lr1e-04_bs16_modL1_fusion64_fusionL1_drop0p2_trmiss50_trlocradio,12,0.5109169532855352,0.619998574256897,0.7184873949579832,0.810802649320688,0.6444444444444445,0.0,0.0,0.0,0.0,0.0,0.0,0.0,0.0,0.0,2002,radio,0.5
3,2,lr1e-04_bs16_modL1_fusion64_fusionL1_drop0p2_trmiss50_trlocradio,16,0.0001,1,64,1,0.2,lr1e-04_bs16_modL1_fusion64_fusionL1_drop0p2_trmiss50_trlocradio,13,0.5033438131213188,0.6228077212969462,0.703781512605042,0.7893719213395962,0.6444444444444445,0.0,0.0,0.0,0.0,0.0,0.0,0.0,0.0,0.0,2002,radio,0.5
3,2,lr1e-04_bs16_modL1_fusion64_fusionL1_drop0p2_trmiss50_trlocradio,16,0.0001,1,64,1,0.2,lr1e-04_bs16_modL1_fusion64_fusionL1_drop0p2_trmiss50_trlocradio,14,0.5108794843157133,0.6099472045898438,0.7289915966386554,0.8166443661075461,0.7111111111111111,0.0,0.0,0.0,0.0,0.0,0.0,0.0,0.0,0.0,2002,radio,0.5
3,2,lr1e-04_bs16_modL1_fusion64_fusionL1_drop0p2_trmiss50_trlocradio,16,0.0001,1,64,1,0.2,lr1e-04_bs16_modL1_fusion64_fusionL1_drop0p2_trmiss50_trlocradio,15,0.49738385776678723,0.6147036552429199,0.7016806722689075,0.7904294315698611,0.6666666666666666,0.0,0.0,0.0,0.0,0.0,0.0,0.0,0.0,0.0,2002,radio,0.5
3,2,lr1e-04_bs16_modL1_fusion64_fusionL1_drop0p2_trmiss50_trlocradio,16,0.0001,1,64,1,0.2,lr1e-04_bs16_modL1_fusion64_fusionL1_drop0p2_trmiss50_trlocradio,16,0.46182528386513394,0.6172571579615275,0.7100840336134454,0.8087745732477646,0.6444444444444445,0.0,0.0,0.0,0.0,0.0,0.0,0.0,0.0,0.0,2002,radio,0.5
3,2,lr1e-04_bs16_modL1_fusion64_fusionL1_drop0p2_trmiss50_trlocradio,16,0.0001,1,64,1,0.2,lr1e-04_bs16_modL1_fusion64_fusionL1_drop0p2_trmiss50_trlocradio,17,0.4316256493330002,0.6275111238161722,0.6869747899159664,0.7929322860133996,0.6444444444444445,0.0,0.0,0.0,0.0,0.0,0.0,0.0,0.0,0.0,2002,radio,0.5
3,2,lr1e-04_bs16_modL1_fusion64_fusionL1_drop0p2_trmiss50_trlocradio,16,0.0001,1,64,1,0.2,lr1e-04_bs16_modL1_fusion64_fusionL1_drop0p2_trmiss50_trlocradio,18,0.4438854704300563,0.6245134671529134,0.689075630252101,0.7882244497681296,0.6444444444444445,0.0,0.0,0.0,0.0,0.0,0.0,0.0,0.0,0.0,2002,radio,0.5
3,2,lr1e-04_bs16_modL1_fusion64_fusionL1_drop0p2_trmiss50_trlocradio,16,0.0001,1,64,1,0.2,lr1e-04_bs16_modL1_fusion64_fusionL1_drop0p2_trmiss50_trlocradio,19,0.4319775973757108,0.6303540666898092,0.6659663865546219,0.7690095759365905,0.6444444444444445,0.0,0.0,0.0,0.0,0.0,0.0,0.0,0.0,0.0,2002,radio,0.5
3,2,lr1e-04_bs16_modL1_fusion64_fusionL1_drop0p2_trmiss50_trlocradio,16,0.0001,1,64,1,0.2,lr1e-04_bs16_modL1_fusion64_fusionL1_drop0p2_trmiss50_trlocradio,20,0.4137394254406293,0.632957657178243,0.6554621848739496,0.7405175663988206,0.6888888888888889,0.0,0.0,0.0,0.0,0.0,0.0,0.0,0.0,0.0,2002,radio,0.5
3,2,lr1e-04_bs16_modL1_fusion64_fusionL1_drop0p2_trmiss50_trlocradio,16,0.0001,1,64,1,0.2,lr1e-04_bs16_modL1_fusion64_fusionL1_drop0p2_trmiss50_trlocradio,21,0.40334294239679974,0.6293759942054749,0.6638655462184875,0.7594954941248623,0.6666666666666666,0.0,0.0,0.0,0.0,0.0,0.0,0.0,0.0,0.0,2002,radio,0.5
3,2,lr1e-04_bs16_modL1_fusion64_fusionL1_drop0p2_trmiss50_trlocradio,16,0.0001,1,64,1,0.2,lr1e-04_bs16_modL1_fusion64_fusionL1_drop0p2_trmiss50_trlocradio,22,0.4351283833384514,0.6328736543655396,0.6680672268907564,0.7529752302030515,0.6666666666666666,0.0,0.0,0.0,0.0,0.0,0.0,0.0,0.0,0.0,2002,radio,0.5
3,2,lr1e-04_bs16_modL1_fusion64_fusionL1_drop0p2_trmiss50_trlocradio,16,0.0001,1,64,1,0.2,lr1e-04_bs16_modL1_fusion64_fusionL1_drop0p2_trmiss50_trlocradio,23,0.40656616787115735,0.6365508039792379,0.6638655462184874,0.7423738666795094,0.6666666666666666,0.0,0.0,0.0,0.0,0.0,0.0,0.0,0.0,0.0,2002,radio,0.5
3,2,lr1e-04_bs16_modL1_fusion64_fusionL1_drop0p2_trmiss50_trlocradio,16,0.0001,1,64,1,0.2,lr1e-04_bs16_modL1_fusion64_fusionL1_drop0p2_trmiss50_trlocradio,24,0.39967397103707,0.621033787727356,0.6890756302521008,0.7696778094806229,0.6888888888888889,0.0,0.0,0.0,0.0,0.0,0.0,0.0,0.0,0.0,2002,radio,0.5
3,2,lr1e-04_bs16_modL1_fusion64_fusionL1_drop0p2_trmiss50_trlocradio,16,0.0001,1,64,1,0.2,lr1e-04_bs16_modL1_fusion64_fusionL1_drop0p2_trmiss50_trlocradio,25,0.395383949081103,0.6121983329455057,0.7058823529411764,0.7704316787380915,0.7111111111111111,0.0,0.0,0.0,0.0,0.0,0.0,0.0,0.0,0.0,2002,radio,0.5
3,2,lr1e-04_bs16_modL1_fusion64_fusionL1_drop0p2_trmiss50_trlocradio,16,0.0001,1,64,1,0.2,lr1e-04_bs16_modL1_fusion64_fusionL1_drop0p2_trmiss50_trlocradio,26,0.3983405480782191,0.6133144497871399,0.7016806722689075,0.7696581737159132,0.7111111111111111,0.0,0.0,0.0,0.0,0.0,0.0,0.0,0.0,0.0,2002,radio,0.5
3,2,lr1e-04_bs16_modL1_fusion64_fusionL1_drop0p2_trmiss50_trlocradio,16,0.0001,1,64,1,0.2,lr1e-04_bs16_modL1_fusion64_fusionL1_drop0p2_trmiss50_trlocradio,27,0.4157686059673627,0.6084120074907938,0.7100840336134454,0.7668012808693866,0.7333333333333333,0.0,0.0,0.0,0.0,0.0,0.0,0.0,0.0,0.0,2002,radio,0.5
3,2,lr1e-04_bs16_modL1_fusion64_fusionL1_drop0p2_trmiss50_trlocradio,16,0.0001,1,64,1,0.2,lr1e-04_bs16_modL1_fusion64_fusionL1_drop0p2_trmiss50_trlocradio,28,0.39429710308710736,0.6108967463175455,0.7142857142857143,0.778084301871602,0.7333333333333333,0.0,0.0,0.0,0.0,0.0,0.0,0.0,0.0,0.0,2002,radio,0.5
3,2,lr1e-04_bs16_modL1_fusion64_fusionL1_drop0p2_trmiss50_trlocradio,16,0.0001,1,64,1,0.2,lr1e-04_bs16_modL1_fusion64_fusionL1_drop0p2_trmiss50_trlocradio,29,0.3808181385199229,0.6102099418640137,0.7163865546218487,0.7821708168603726,0.7777777777777778,0.0,0.0,0.0,0.0,0.0,0.0,0.0,0.0,0.0,2002,radio,0.5
3,2,lr1e-04_bs16_modL1_fusion64_fusionL1_drop0p2_trmiss50_trlocradio,16,0.0001,1,64,1,0.2,lr1e-04_bs16_modL1_fusion64_fusionL1_drop0p2_trmiss50_trlocradio,30,0.392844798664252,0.6158963640530905,0.6995798319327732,0.7610738289639,0.7111111111111111,0.0,0.0,0.0,0.0,0.0,0.0,0.0,0.0,0.0,2002,radio,0.5
3,2,lr1e-04_bs16_modL1_fusion64_fusionL1_drop0p2_trmiss50_trlocradio,16,0.0001,1,64,1,0.2,lr1e-04_bs16_modL1_fusion64_fusionL1_drop0p2_trmiss50_trlocradio,31,0.4041250968972842,0.6092403729756674,0.7121848739495799,0.774928333309796,0.7333333333333333,0.0,0.0,0.0,0.0,0.0,0.0,0.0,0.0,0.0,2002,radio,0.5
3,2,lr1e-04_bs16_modL1_fusion64_fusionL1_drop0p2_trmiss50_trlocradio,16,0.0001,1,64,1,0.2,lr1e-04_bs16_modL1_fusion64_fusionL1_drop0p2_trmiss50_trlocradio,32,0.3756861984729767,0.6141312122344971,0.6932773109243697,0.7615670242508125,0.6888888888888889,0.0,0.0,0.0,0.0,0.0,0.0,0.0,0.0,0.0,2002,radio,0.5
3,2,lr1e-04_bs16_modL1_fusion64_fusionL1_drop0p2_trmiss50_trlocradio,16,0.0001,1,64,1,0.2,lr1e-04_bs16_modL1_fusion64_fusionL1_drop0p2_trmiss50_trlocradio,33,0.3609844495852788,0.6169615189234415,0.6995798319327732,0.767580977277771,0.7333333333333333,0.0,0.0,0.0,0.0,0.0,0.0,0.0,0.0,0.0,2002,radio,0.5
3,2,lr1e-04_bs16_modL1_fusion64_fusionL1_drop0p2_trmiss50_trlocradio,16,0.0001,1,64,1,0.2,lr1e-04_bs16_modL1_fusion64_fusionL1_drop0p2_trmiss50_trlocradio,34,0.34930230180422467,0.6154683828353882,0.7037815126050421,0.762245374818014,0.7111111111111111,0.0,0.0,0.0,0.0,0.0,0.0,0.0,0.0,0.0,2002,radio,0.5
3,2,lr1e-04_bs16_modL1_fusion64_fusionL1_drop0p1_trmiss50_trlocradio,16,0.0001,1,64,1,0.1,lr1e-04_bs16_modL1_fusion64_fusionL1_drop0p1_trmiss50_trlocradio,1,0.6897376974423727,0.6671668887138367,0.6932773109243697,0.7589297622609301,0.6888888888888889,0.0,0.0,0.0,0.0,0.0,0.0,0.0,0.0,0.0,2002,radio,0.5
3,2,lr1e-04_bs16_modL1_fusion64_fusionL1_drop0p1_trmiss50_trlocradio,16,0.0001,1,64,1,0.1,lr1e-04_bs16_modL1_fusion64_fusionL1_drop0p1_trmiss50_trlocradio,2,0.6584513684113821,0.6529229680697123,0.7016806722689075,0.7908832427995643,0.6888888888888889,0.0,0.0,0.0,0.0,0.0,0.0,0.0,0.0,0.0,2002,radio,0.5
3,2,lr1e-04_bs16_modL1_fusion64_fusionL1_drop0p1_trmiss50_trlocradio,16,0.0001,1,64,1,0.1,lr1e-04_bs16_modL1_fusion64_fusionL1_drop0p1_trmiss50_trlocradio,3,0.6319937606652578,0.6405459841092428,0.7205882352941178,0.8068616821360554,0.7555555555555555,0.0,0.0,0.0,0.0,0.0,0.0,0.0,0.0,0.0,2002,radio,0.5
3,2,lr1e-04_bs16_modL1_fusion64_fusionL1_drop0p1_trmiss50_trlocradio,16,0.0001,1,64,1,0.1,lr1e-04_bs16_modL1_fusion64_fusionL1_drop0p1_trmiss50_trlocradio,4,0.5987513264020284,0.6333982547124227,0.7394957983193278,0.8228223259252075,0.7777777777777778,0.0,0.0,0.0,0.0,0.0,0.0,0.0,0.0,0.0,2002,radio,0.5
3,2,lr1e-04_bs16_modL1_fusion64_fusionL1_drop0p1_trmiss50_trlocradio,16,0.0001,1,64,1,0.1,lr1e-04_bs16_modL1_fusion64_fusionL1_drop0p1_trmiss50_trlocradio,5,0.6002878149350485,0.6299894054730734,0.7436974789915967,0.8259294157300949,0.6888888888888889,0.0,0.0,0.0,0.0,0.0,0.0,0.0,0.0,0.0,2002,radio,0.5
3,2,lr1e-04_bs16_modL1_fusion64_fusionL1_drop0p1_trmiss50_trlocradio,16,0.0001,1,64,1,0.1,lr1e-04_bs16_modL1_fusion64_fusionL1_drop0p1_trmiss50_trlocradio,6,0.5609604318936666,0.630676805973053,0.7184873949579832,0.8220625061924978,0.6666666666666666,0.0,0.0,0.0,0.0,0.0,0.0,0.0,0.0,0.0,2002,radio,0.5
3,2,lr1e-04_bs16_modL1_fusion64_fusionL1_drop0p1_trmiss50_trlocradio,16,0.0001,1,64,1,0.1,lr1e-04_bs16_modL1_fusion64_fusionL1_drop0p1_trmiss50_trlocradio,7,0.5406492302815119,0.6277755896250407,0.7247899159663866,0.8272071585721106,0.7111111111111111,0.0,0.0,0.0,0.0,0.0,0.0,0.0,0.0,0.0,2002,radio,0.5
3,2,lr1e-04_bs16_modL1_fusion64_fusionL1_drop0p1_trmiss50_trlocradio,16,0.0001,1,64,1,0.1,lr1e-04_bs16_modL1_fusion64_fusionL1_drop0p1_trmiss50_trlocradio,8,0.5194046124815941,0.6254217823346456,0.7163865546218487,0.8232976783333158,0.6666666666666666,0.0,0.0,0.0,0.0,0.0,0.0,0.0,0.0,0.0,2002,radio,0.5
3,2,lr1e-04_bs16_modL1_fusion64_fusionL1_drop0p1_trmiss50_trlocradio,16,0.0001,1,64,1,0.1,lr1e-04_bs16_modL1_fusion64_fusionL1_drop0p1_trmiss50_trlocradio,9,0.5009750152627627,0.6244322856267294,0.7037815126050421,0.8212760549063217,0.6222222222222222,0.0,0.0,0.0,0.0,0.0,0.0,0.0,0.0,0.0,2002,radio,0.5
3,2,lr1e-04_bs16_modL1_fusion64_fusionL1_drop0p1_trmiss50_trlocradio,16,0.0001,1,64,1,0.1,lr1e-04_bs16_modL1_fusion64_fusionL1_drop0p1_trmiss50_trlocradio,10,0.4944949398438136,0.6344861586888632,0.680672268907563,0.817502992970253,0.5777777777777777,0.0,0.0,0.0,0.0,0.0,0.0,0.0,0.0,0.0,2002,radio,0.5
3,2,lr1e-04_bs16_modL1_fusion64_fusionL1_drop0p1_trmiss50_trlocradio,16,0.0001,1,64,1,0.1,lr1e-04_bs16_modL1_fusion64_fusionL1_drop0p1_trmiss50_trlocradio,11,0.4818320497870445,0.6336777210235596,0.6701680672268907,0.8028178289882936,0.6222222222222222,0.0,0.0,0.0,0.0,0.0,0.0,0.0,0.0,0.0,2002,radio,0.5
3,2,lr1e-04_bs16_modL1_fusion64_fusionL1_drop0p1_trmiss50_trlocradio,16,0.0001,1,64,1,0.1,lr1e-04_bs16_modL1_fusion64_fusionL1_drop0p1_trmiss50_trlocradio,12,0.46830443541208905,0.6339871486028036,0.6785714285714286,0.8113131333423022,0.6222222222222222,0.0,0.0,0.0,0.0,0.0,0.0,0.0,0.0,0.0,2002,radio,0.5
3,2,lr1e-04_bs16_modL1_fusion64_fusionL1_drop0p1_trmiss50_trlocradio,16,0.0001,1,64,1,0.1,lr1e-04_bs16_modL1_fusion64_fusionL1_drop0p1_trmiss50_trlocradio,13,0.460756520430247,0.6322146455446879,0.6722689075630253,0.8020272840561743,0.6222222222222222,0.0,0.0,0.0,0.0,0.0,0.0,0.0,0.0,0.0,2002,radio,0.5
3,2,lr1e-04_bs16_modL1_fusion64_fusionL1_drop0p1_trmiss50_trlocradio,16,0.0001,1,64,1,0.1,lr1e-04_bs16_modL1_fusion64_fusionL1_drop0p1_trmiss50_trlocradio,14,0.4831889420747757,0.6362972259521484,0.6470588235294117,0.7720478877364092,0.6444444444444445,0.0,0.0,0.0,0.0,0.0,0.0,0.0,0.0,0.0,2002,radio,0.5
3,2,lr1e-04_bs16_modL1_fusion64_fusionL1_drop0p1_trmiss50_trlocradio,16,0.0001,1,64,1,0.1,lr1e-04_bs16_modL1_fusion64_fusionL1_drop0p1_trmiss50_trlocradio,15,0.45576796929041546,0.6277227997779846,0.6869747899159664,0.8000854819852331,0.6666666666666666,0.0,0.0,0.0,0.0,0.0,0.0,0.0,0.0,0.0,2002,radio,0.5
3,2,lr1e-04_bs16_modL1_fusion64_fusionL1_drop0p1_trmiss50_trlocradio,16,0.0001,1,64,1,0.1,lr1e-04_bs16_modL1_fusion64_fusionL1_drop0p1_trmiss50_trlocradio,16,0.45133935163418454,0.6307454109191895,0.6869747899159664,0.7988405301248852,0.6888888888888889,0.0,0.0,0.0,0.0,0.0,0.0,0.0,0.0,0.0,2002,radio,0.5
3,2,lr1e-04_bs16_modL1_fusion64_fusionL1_drop0p1_trmiss50_trlocradio,16,0.0001,1,64,1,0.1,lr1e-04_bs16_modL1_fusion64_fusionL1_drop0p1_trmiss50_trlocradio,17,0.408968910574913,0.6256998380025228,0.6848739495798319,0.7936570446553586,0.6888888888888889,0.0,0.0,0.0,0.0,0.0,0.0,0.0,0.0,0.0,2002,radio,0.5
3,2,lr1e-04_bs16_modL1_fusion64_fusionL1_drop0p1_trmiss50_trlocradio,16,0.0001,1,64,1,0.1,lr1e-04_bs16_modL1_fusion64_fusionL1_drop0p1_trmiss50_trlocradio,18,0.40025098125139874,0.6262169082959493,0.6911764705882353,0.8113315983088212,0.6888888888888889,0.0,0.0,0.0,0.0,0.0,0.0,0.0,0.0,0.0,2002,radio,0.5
3,2,lr1e-04_bs16_modL1_fusion64_fusionL1_drop0p1_trmiss50_trlocradio,16,0.0001,1,64,1,0.1,lr1e-04_bs16_modL1_fusion64_fusionL1_drop0p1_trmiss50_trlocradio,19,0.4002710779507955,0.624337395032247,0.6974789915966388,0.8089706731083474,0.6888888888888889,0.0,0.0,0.0,0.0,0.0,0.0,0.0,0.0,0.0,2002,radio,0.5
3,2,lr1e-04_bs16_modL1_fusion64_fusionL1_drop0p1_trmiss50_trlocradio,16,0.0001,1,64,1,0.1,lr1e-04_bs16_modL1_fusion64_fusionL1_drop0p1_trmiss50_trlocradio,20,0.4010207901398341,0.6183350086212158,0.7100840336134454,0.8161804417660391,0.6666666666666666,0.0,0.0,0.0,0.0,0.0,0.0,0.0,0.0,0.0,2002,radio,0.5
3,2,lr1e-04_bs16_modL1_fusion64_fusionL1_drop0p1_trmiss50_trlocradio,16,0.0001,1,64,1,0.1,lr1e-04_bs16_modL1_fusion64_fusionL1_drop0p1_trmiss50_trlocradio,21,0.3923022871216138,0.6185336510340372,0.7037815126050421,0.811743693689597,0.6666666666666666,0.0,0.0,0.0,0.0,0.0,0.0,0.0,0.0,0.0,2002,radio,0.5
3,2,lr1e-04_bs16_modL1_fusion64_fusionL1_drop0p1_trmiss50_trlocradio,16,0.0001,1,64,1,0.1,lr1e-04_bs16_modL1_fusion64_fusionL1_drop0p1_trmiss50_trlocradio,22,0.38635914772748947,0.6240874727567037,0.6974789915966386,0.8108717975589794,0.6666666666666666,0.0,0.0,0.0,0.0,0.0,0.0,0.0,0.0,0.0,2002,radio,0.5
3,2,lr1e-04_bs16_modL1_fusion64_fusionL1_drop0p1_trmiss50_trlocradio,16,0.0001,1,64,1,0.1,lr1e-04_bs16_modL1_fusion64_fusionL1_drop0p1_trmiss50_trlocradio,23,0.37250040968259174,0.6285539070765177,0.6995798319327731,0.8030632043543959,0.6444444444444445,0.0,0.0,0.0,0.0,0.0,0.0,0.0,0.0,0.0,2002,radio,0.5
3,2,lr1e-04_bs16_modL1_fusion64_fusionL1_drop0p1_trmiss50_trlocradio,16,0.0001,1,64,1,0.1,lr1e-04_bs16_modL1_fusion64_fusionL1_drop0p1_trmiss50_trlocradio,24,0.35825229436159134,0.6205806732177734,0.6995798319327732,0.7999395438396011,0.7111111111111111,0.0,0.0,0.0,0.0,0.0,0.0,0.0,0.0,0.0,2002,radio,0.5
3,2,lr1e-04_bs16_modL1_fusion64_fusionL1_drop0p1_trmiss50_trlocradio,16,0.0001,1,64,1,0.1,lr1e-04_bs16_modL1_fusion64_fusionL1_drop0p1_trmiss50_trlocradio,25,0.35279009242852527,0.6201614340146383,0.6932773109243697,0.7907491960716919,0.7111111111111111,0.0,0.0,0.0,0.0,0.0,0.0,0.0,0.0,0.0,2002,radio,0.5
3,2,lr5e-05_bs32_modL1_fusion32_fusionL1_drop0p2_trmiss50_trlocradio,32,5e-05,1,32,1,0.2,lr5e-05_bs32_modL1_fusion32_fusionL1_drop0p2_trmiss50_trlocradio,1,0.7125348349412283,0.6966834962368011,0.546218487394958,0.7091333402265998,0.4888888888888889,0.0,0.0,0.0,0.0,0.0,0.0,0.0,0.0,0.0,2002,radio,0.5
3,2,lr5e-05_bs32_modL1_fusion32_fusionL1_drop0p2_trmiss50_trlocradio,32,5e-05,1,32,1,0.2,lr5e-05_bs32_modL1_fusion32_fusionL1_drop0p2_trmiss50_trlocradio,2,0.6938259502251943,0.693691611289978,0.5504201680672269,0.6986310674938367,0.4888888888888889,0.0,0.0,0.0,0.0,0.0,0.0,0.0,0.0,0.0,2002,radio,0.5
3,2,lr5e-05_bs32_modL1_fusion32_fusionL1_drop0p2_trmiss50_trlocradio,32,5e-05,1,32,1,0.2,lr5e-05_bs32_modL1_fusion32_fusionL1_drop0p2_trmiss50_trlocradio,3,0.665166050195694,0.6908310055732727,0.5609243697478992,0.7255561211842301,0.4888888888888889,0.0,0.0,0.0,0.0,0.0,0.0,0.0,0.0,0.0,2002,radio,0.5
3,2,lr5e-05_bs32_modL1_fusion32_fusionL1_drop0p2_trmiss50_trlocradio,32,5e-05,1,32,1,0.2,lr5e-05_bs32_modL1_fusion32_fusionL1_drop0p2_trmiss50_trlocradio,4,0.6636522312959036,0.6875572204589844,0.5798319327731093,0.7465342019531999,0.5333333333333333,0.0,0.0,0.0,0.0,0.0,0.0,0.0,0.0,0.0,2002,radio,0.5
3,2,lr5e-05_bs32_modL1_fusion32_fusionL1_drop0p2_trmiss50_trlocradio,32,5e-05,1,32,1,0.2,lr5e-05_bs32_modL1_fusion32_fusionL1_drop0p2_trmiss50_trlocradio,5,0.6534536182880402,0.6840896904468536,0.6050420168067226,0.7639146157334934,0.5777777777777777,0.0,0.0,0.0,0.0,0.0,0.0,0.0,0.0,0.0,2002,radio,0.5
3,2,lr5e-05_bs32_modL1_fusion32_fusionL1_drop0p2_trmiss50_trlocradio,32,5e-05,1,32,1,0.2,lr5e-05_bs32_modL1_fusion32_fusionL1_drop0p2_trmiss50_trlocradio,6,0.6248586773872375,0.6807108819484711,0.6134453781512605,0.7627792528864531,0.5777777777777777,0.0,0.0,0.0,0.0,0.0,0.0,0.0,0.0,0.0,2002,radio,0.5
3,2,lr5e-05_bs32_modL1_fusion32_fusionL1_drop0p2_trmiss50_trlocradio,32,5e-05,1,32,1,0.2,lr5e-05_bs32_modL1_fusion32_fusionL1_drop0p2_trmiss50_trlocradio,7,0.622053861618042,0.674723356962204,0.6407563025210083,0.7866722925541888,0.5777777777777777,0.0,0.0,0.0,0.0,0.0,0.0,0.0,0.0,0.0,2002,radio,0.5
3,2,lr5e-05_bs32_modL1_fusion32_fusionL1_drop0p2_trmiss50_trlocradio,32,5e-05,1,32,1,0.2,lr5e-05_bs32_modL1_fusion32_fusionL1_drop0p2_trmiss50_trlocradio,8,0.6129318475723267,0.6710764467716217,0.6533613445378151,0.7906011912951175,0.5555555555555556,0.0,0.0,0.0,0.0,0.0,0.0,0.0,0.0,0.0,2002,radio,0.5
3,2,lr5e-05_bs32_modL1_fusion32_fusionL1_drop0p2_trmiss50_trlocradio,32,5e-05,1,32,1,0.2,lr5e-05_bs32_modL1_fusion32_fusionL1_drop0p2_trmiss50_trlocradio,9,0.5901428759098053,0.6738185882568359,0.6491596638655462,0.7898858478539508,0.6,0.0,0.0,0.0,0.0,0.0,0.0,0.0,0.0,0.0,2002,radio,0.5
3,2,lr5e-05_bs32_modL1_fusion32_fusionL1_drop0p2_trmiss50_trlocradio,32,5e-05,1,32,1,0.2,lr5e-05_bs32_modL1_fusion32_fusionL1_drop0p2_trmiss50_trlocradio,10,0.5938672522703806,0.6697550714015961,0.6701680672268908,0.798211280570073,0.6,0.0,0.0,0.0,0.0,0.0,0.0,0.0,0.0,0.0,2002,radio,0.5
3,2,lr5e-05_bs32_modL1_fusion32_fusionL1_drop0p2_trmiss50_trlocradio,32,5e-05,1,32,1,0.2,lr5e-05_bs32_modL1_fusion32_fusionL1_drop0p2_trmiss50_trlocradio,11,0.5727496246496836,0.6677778661251068,0.6848739495798319,0.7997116511640786,0.6,0.0,0.0,0.0,0.0,0.0,0.0,0.0,0.0,0.0,2002,radio,0.5
3,2,lr5e-05_bs32_modL1_fusion32_fusionL1_drop0p2_trmiss50_trlocradio,32,5e-05,1,32,1,0.2,lr5e-05_bs32_modL1_fusion32_fusionL1_drop0p2_trmiss50_trlocradio,12,0.5791889727115631,0.6644181311130524,0.6932773109243697,0.808364512240222,0.6222222222222222,0.0,0.0,0.0,0.0,0.0,0.0,0.0,0.0,0.0,2002,radio,0.5
3,2,lr5e-05_bs32_modL1_fusion32_fusionL1_drop0p2_trmiss50_trlocradio,32,5e-05,1,32,1,0.2,lr5e-05_bs32_modL1_fusion32_fusionL1_drop0p2_trmiss50_trlocradio,13,0.5582631329695383,0.6612180471420288,0.7016806722689075,0.8156398022706274,0.6666666666666666,0.0,0.0,0.0,0.0,0.0,0.0,0.0,0.0,0.0,2002,radio,0.5
3,2,lr5e-05_bs32_modL1_fusion32_fusionL1_drop0p2_trmiss50_trlocradio,32,5e-05,1,32,1,0.2,lr5e-05_bs32_modL1_fusion32_fusionL1_drop0p2_trmiss50_trlocradio,14,0.5567355751991272,0.6599493324756622,0.6911764705882353,0.8129255380245931,0.6444444444444445,0.0,0.0,0.0,0.0,0.0,0.0,0.0,0.0,0.0,2002,radio,0.5
3,2,lr5e-05_bs32_modL1_fusion32_fusionL1_drop0p2_trmiss50_trlocradio,32,5e-05,1,32,1,0.2,lr5e-05_bs32_modL1_fusion32_fusionL1_drop0p2_trmiss50_trlocradio,15,0.5653298298517863,0.6594270169734955,0.6995798319327732,0.8170850570005529,0.6444444444444445,0.0,0.0,0.0,0.0,0.0,0.0,0.0,0.0,0.0,2002,radio,0.5
3,2,lr5e-05_bs32_modL1_fusion32_fusionL1_drop0p2_trmiss50_trlocradio,32,5e-05,1,32,1,0.2,lr5e-05_bs32_modL1_fusion32_fusionL1_drop0p2_trmiss50_trlocradio,16,0.557472308476766,0.6591089069843292,0.6974789915966387,0.8221273689664292,0.6444444444444445,0.0,0.0,0.0,0.0,0.0,0.0,0.0,0.0,0.0,2002,radio,0.5
3,2,lr5e-05_bs32_modL1_fusion32_fusionL1_drop0p2_trmiss50_trlocradio,32,5e-05,1,32,1,0.2,lr5e-05_bs32_modL1_fusion32_fusionL1_drop0p2_trmiss50_trlocradio,17,0.534422238667806,0.6608363687992096,0.7016806722689076,0.8181311355294064,0.6888888888888889,0.0,0.0,0.0,0.0,0.0,0.0,0.0,0.0,0.0,2002,radio,0.5
3,2,lr5e-05_bs32_modL1_fusion32_fusionL1_drop0p2_trmiss50_trlocradio,32,5e-05,1,32,1,0.2,lr5e-05_bs32_modL1_fusion32_fusionL1_drop0p2_trmiss50_trlocradio,18,0.5363207658131918,0.6620377600193024,0.7121848739495799,0.8256435139105327,0.7111111111111111,0.0,0.0,0.0,0.0,0.0,0.0,0.0,0.0,0.0,2002,radio,0.5
3,2,lr5e-05_bs32_modL1_fusion32_fusionL1_drop0p2_trmiss50_trlocradio,32,5e-05,1,32,1,0.2,lr5e-05_bs32_modL1_fusion32_fusionL1_drop0p2_trmiss50_trlocradio,19,0.5297903368870417,0.6649863123893738,0.6995798319327731,0.8229495183788043,0.7111111111111111,0.0,0.0,0.0,0.0,0.0,0.0,0.0,0.0,0.0,2002,radio,0.5
3,2,lr5e-05_bs32_modL1_fusion32_fusionL1_drop0p2_trmiss50_trlocradio,32,5e-05,1,32,1,0.2,lr5e-05_bs32_modL1_fusion32_fusionL1_drop0p2_trmiss50_trlocradio,20,0.5136999090512594,0.6674222052097321,0.6953781512605042,0.821536881838423,0.7111111111111111,0.0,0.0,0.0,0.0,0.0,0.0,0.0,0.0,0.0,2002,radio,0.5
3,2,lr5e-05_bs32_modL1_fusion32_fusionL1_drop0p2_trmiss50_trlocradio,32,5e-05,1,32,1,0.2,lr5e-05_bs32_modL1_fusion32_fusionL1_drop0p2_trmiss50_trlocradio,21,0.5196124414602915,0.6664943695068359,0.6995798319327731,0.8232447439167732,0.7111111111111111,0.0,0.0,0.0,0.0,0.0,0.0,0.0,0.0,0.0,2002,radio,0.5
3,2,lr5e-05_bs32_modL1_fusion32_fusionL1_drop0p2_trmiss50_trlocradio,32,5e-05,1,32,1,0.2,lr5e-05_bs32_modL1_fusion32_fusionL1_drop0p2_trmiss50_trlocradio,22,0.4912629872560501,0.6682079434394836,0.6869747899159664,0.8168673969191254,0.6666666666666666,0.0,0.0,0.0,0.0,0.0,0.0,0.0,0.0,0.0,2002,radio,0.5
3,2,lr5e-05_bs32_modL1_fusion32_fusionL1_drop0p2_trmiss50_trlocradio,32,5e-05,1,32,1,0.2,lr5e-05_bs32_modL1_fusion32_fusionL1_drop0p2_trmiss50_trlocradio,23,0.5162928501764933,0.6689704656600952,0.6848739495798319,0.8092442556099694,0.6666666666666666,0.0,0.0,0.0,0.0,0.0,0.0,0.0,0.0,0.0,2002,radio,0.5
3,2,lr5e-05_bs32_modL1_fusion32_fusionL1_drop0p2_trmiss50_trlocradio,32,5e-05,1,32,1,0.2,lr5e-05_bs32_modL1_fusion32_fusionL1_drop0p2_trmiss50_trlocradio,24,0.49611111481984455,0.668860673904419,0.680672268907563,0.8085920704934986,0.6444444444444445,0.0,0.0,0.0,0.0,0.0,0.0,0.0,0.0,0.0,2002,radio,0.5
3,2,lr5e-05_bs32_modL1_fusion32_fusionL1_drop0p2_trmiss50_trlocradio,32,5e-05,1,32,1,0.2,lr5e-05_bs32_modL1_fusion32_fusionL1_drop0p2_trmiss50_trlocradio,25,0.48614587883154553,0.6687910556793213,0.6848739495798319,0.807841870862089,0.6666666666666666,0.0,0.0,0.0,0.0,0.0,0.0,0.0,0.0,0.0,2002,radio,0.5
3,2,lr5e-05_bs32_modL1_fusion32_fusionL1_drop0p2_trmiss50_trlocradio,32,5e-05,1,32,1,0.2,lr5e-05_bs32_modL1_fusion32_fusionL1_drop0p2_trmiss50_trlocradio,26,0.5047560483217239,0.6690765023231506,0.6953781512605042,0.8146923487708173,0.6444444444444445,0.0,0.0,0.0,0.0,0.0,0.0,0.0,0.0,0.0,2002,radio,0.5
3,2,lr5e-05_bs32_modL1_fusion32_fusionL1_drop0p2_trmiss50_trlocradio,32,5e-05,1,32,1,0.2,lr5e-05_bs32_modL1_fusion32_fusionL1_drop0p2_trmiss50_trlocradio,27,0.4856789658466975,0.6664240956306458,0.7016806722689075,0.8193369242282006,0.6666666666666666,0.0,0.0,0.0,0.0,0.0,0.0,0.0,0.0,0.0,2002,radio,0.5
3,2,lr5e-05_bs32_modL1_fusion32_fusionL1_drop0p2_trmiss50_trlocradio,32,5e-05,1,32,1,0.2,lr5e-05_bs32_modL1_fusion32_fusionL1_drop0p2_trmiss50_trlocradio,28,0.4849381943543752,0.6650708317756653,0.7016806722689075,0.8194479882676299,0.6444444444444445,0.0,0.0,0.0,0.0,0.0,0.0,0.0,0.0,0.0,2002,radio,0.5
3,2,lr5e-05_bs32_modL1_fusion32_fusionL1_drop0p2_trmiss50_trlocradio,32,5e-05,1,32,1,0.2,lr5e-05_bs32_modL1_fusion32_fusionL1_drop0p2_trmiss50_trlocradio,29,0.48075122634569806,0.6651031076908112,0.6911764705882353,0.8098810267823706,0.6444444444444445,0.0,0.0,0.0,0.0,0.0,0.0,0.0,0.0,0.0,2002,radio,0.5
3,2,lr5e-05_bs32_modL1_fusion32_fusionL1_drop0p2_trmiss50_trlocradio,32,5e-05,1,32,1,0.2,lr5e-05_bs32_modL1_fusion32_fusionL1_drop0p2_trmiss50_trlocradio,30,0.47732482850551605,0.6651245057582855,0.6890756302521008,0.8093651307687928,0.6444444444444445,0.0,0.0,0.0,0.0,0.0,0.0,0.0,0.0,0.0,2002,radio,0.5
3,2,lr5e-05_bs32_modL1_fusion32_fusionL1_drop0p2_trmiss50_trlocradio,32,5e-05,1,32,1,0.2,lr5e-05_bs32_modL1_fusion32_fusionL1_drop0p2_trmiss50_trlocradio,31,0.48592589795589447,0.6652597784996033,0.6827731092436975,0.808008918095517,0.6222222222222222,0.0,0.0,0.0,0.0,0.0,0.0,0.0,0.0,0.0,2002,radio,0.5
3,2,lr5e-05_bs32_modL1_fusion32_fusionL1_drop0p2_trmiss50_trlocradio,32,5e-05,1,32,1,0.2,lr5e-05_bs32_modL1_fusion32_fusionL1_drop0p2_trmiss50_trlocradio,32,0.4939689636230469,0.6632976830005646,0.6890756302521008,0.8097695465673702,0.6444444444444445,0.0,0.0,0.0,0.0,0.0,0.0,0.0,0.0,0.0,2002,radio,0.5
3,2,lr5e-05_bs32_modL1_fusion32_fusionL1_drop0p2_trmiss50_trlocradio,32,5e-05,1,32,1,0.2,lr5e-05_bs32_modL1_fusion32_fusionL1_drop0p2_trmiss50_trlocradio,33,0.47851179043451947,0.6644736230373383,0.6953781512605042,0.8111882703116913,0.6444444444444445,0.0,0.0,0.0,0.0,0.0,0.0,0.0,0.0,0.0,2002,radio,0.5
3,2,lr5e-05_bs32_modL1_fusion32_fusionL1_drop0p2_trmiss50_trlocradio,32,5e-05,1,32,1,0.2,lr5e-05_bs32_modL1_fusion32_fusionL1_drop0p2_trmiss50_trlocradio,34,0.4728454401095708,0.665957123041153,0.6953781512605042,0.812042307578772,0.6222222222222222,0.0,0.0,0.0,0.0,0.0,0.0,0.0,0.0,0.0,2002,radio,0.5
3,2,lr5e-05_bs32_modL1_fusion32_fusionL1_drop0p2_trmiss50_trlocradio,32,5e-05,1,32,1,0.2,lr5e-05_bs32_modL1_fusion32_fusionL1_drop0p2_trmiss50_trlocradio,35,0.47415318091710407,0.6656596660614014,0.6911764705882353,0.8111929772920174,0.6444444444444445,0.0,0.0,0.0,0.0,0.0,0.0,0.0,0.0,0.0,2002,radio,0.5
3,2,lr5e-05_bs32_modL1_fusion32_fusionL1_drop0p2_trmiss50_trlocradio,32,5e-05,1,32,1,0.2,lr5e-05_bs32_modL1_fusion32_fusionL1_drop0p2_trmiss50_trlocradio,36,0.4802289505799611,0.6679166853427887,0.6911764705882354,0.8109927274596431,0.6444444444444445,0.0,0.0,0.0,0.0,0.0,0.0,0.0,0.0,0.0,2002,radio,0.5
3,2,lr5e-05_bs32_modL1_fusion32_fusionL1_drop0p2_trmiss50_trlocradio,32,5e-05,1,32,1,0.2,lr5e-05_bs32_modL1_fusion32_fusionL1_drop0p2_trmiss50_trlocradio,37,0.4671450157960256,0.6663445234298706,0.6932773109243698,0.8121236798405954,0.6666666666666666,0.0,0.0,0.0,0.0,0.0,0.0,0.0,0.0,0.0,2002,radio,0.5
3,2,lr5e-05_bs32_modL1_fusion32_fusionL1_drop0p2_trmiss50_trlocradio,32,5e-05,1,32,1,0.2,lr5e-05_bs32_modL1_fusion32_fusionL1_drop0p2_trmiss50_trlocradio,38,0.48472412923971814,0.6657480895519257,0.6827731092436975,0.8099078016957677,0.6666666666666666,0.0,0.0,0.0,0.0,0.0,0.0,0.0,0.0,0.0,2002,radio,0.5
3,2,lr5e-05_bs32_modL1_fusion32_fusionL1_drop0p1_trmiss50_trlocradio,32,5e-05,1,32,1,0.1,lr5e-05_bs32_modL1_fusion32_fusionL1_drop0p1_trmiss50_trlocradio,1,0.677407423655192,0.6804816126823425,0.5504201680672269,0.7209893645567439,0.6222222222222222,0.0,0.0,0.0,0.0,0.0,0.0,0.0,0.0,0.0,2002,radio,0.5
3,2,lr5e-05_bs32_modL1_fusion32_fusionL1_drop0p1_trmiss50_trlocradio,32,5e-05,1,32,1,0.1,lr5e-05_bs32_modL1_fusion32_fusionL1_drop0p1_trmiss50_trlocradio,2,0.6250608563423157,0.6770377159118652,0.5504201680672269,0.719061487007087,0.6222222222222222,0.0,0.0,0.0,0.0,0.0,0.0,0.0,0.0,0.0,2002,radio,0.5
3,2,lr5e-05_bs32_modL1_fusion32_fusionL1_drop0p1_trmiss50_trlocradio,32,5e-05,1,32,1,0.1,lr5e-05_bs32_modL1_fusion32_fusionL1_drop0p1_trmiss50_trlocradio,3,0.6108368039131165,0.6716227233409882,0.5714285714285714,0.7280216669963229,0.6222222222222222,0.0,0.0,0.0,0.0,0.0,0.0,0.0,0.0,0.0,2002,radio,0.5
3,2,lr5e-05_bs32_modL1_fusion32_fusionL1_drop0p1_trmiss50_trlocradio,32,5e-05,1,32,1,0.1,lr5e-05_bs32_modL1_fusion32_fusionL1_drop0p1_trmiss50_trlocradio,4,0.5859806537628174,0.6677341163158417,0.588235294117647,0.7514596979533646,0.6,0.0,0.0,0.0,0.0,0.0,0.0,0.0,0.0,0.0,2002,radio,0.5
3,2,lr5e-05_bs32_modL1_fusion32_fusionL1_drop0p1_trmiss50_trlocradio,32,5e-05,1,32,1,0.1,lr5e-05_bs32_modL1_fusion32_fusionL1_drop0p1_trmiss50_trlocradio,5,0.5781564513842264,0.6657946407794952,0.6050420168067228,0.7630514137494936,0.6,0.0,0.0,0.0,0.0,0.0,0.0,0.0,0.0,0.0,2002,radio,0.5
3,2,lr5e-05_bs32_modL1_fusion32_fusionL1_drop0p1_trmiss50_trlocradio,32,5e-05,1,32,1,0.1,lr5e-05_bs32_modL1_fusion32_fusionL1_drop0p1_trmiss50_trlocradio,6,0.5668386916319529,0.6631111800670624,0.6113445378151261,0.7536385802692664,0.5777777777777777,0.0,0.0,0.0,0.0,0.0,0.0,0.0,0.0,0.0,2002,radio,0.5
3,2,lr5e-05_bs32_modL1_fusion32_fusionL1_drop0p1_trmiss50_trlocradio,32,5e-05,1,32,1,0.1,lr5e-05_bs32_modL1_fusion32_fusionL1_drop0p1_trmiss50_trlocradio,7,0.5479522943496704,0.6627727150917053,0.6092436974789917,0.740645268852528,0.5777777777777777,0.0,0.0,0.0,0.0,0.0,0.0,0.0,0.0,0.0,2002,radio,0.5
3,2,lr5e-05_bs32_modL1_fusion32_fusionL1_drop0p1_trmiss50_trlocradio,32,5e-05,1,32,1,0.1,lr5e-05_bs32_modL1_fusion32_fusionL1_drop0p1_trmiss50_trlocradio,8,0.5482260485490164,0.6616192162036896,0.6113445378151261,0.738005959297769,0.5777777777777777,0.0,0.0,0.0,0.0,0.0,0.0,0.0,0.0,0.0,2002,radio,0.5
3,2,lr5e-05_bs32_modL1_fusion32_fusionL1_drop0p1_trmiss50_trlocradio,32,5e-05,1,32,1,0.1,lr5e-05_bs32_modL1_fusion32_fusionL1_drop0p1_trmiss50_trlocradio,9,0.5387071073055267,0.6624522805213928,0.6092436974789917,0.7367646020053744,0.5777777777777777,0.0,0.0,0.0,0.0,0.0,0.0,0.0,0.0,0.0,2002,radio,0.5
3,2,lr5e-05_bs32_modL1_fusion32_fusionL1_drop0p1_trmiss50_trlocradio,32,5e-05,1,32,1,0.1,lr5e-05_bs32_modL1_fusion32_fusionL1_drop0p1_trmiss50_trlocradio,10,0.5269158780574799,0.6617144346237183,0.6218487394957983,0.745204615855775,0.5777777777777777,0.0,0.0,0.0,0.0,0.0,0.0,0.0,0.0,0.0,2002,radio,0.5
3,2,lr5e-05_bs32_modL1_fusion32_fusionL1_drop0p1_trmiss50_trlocradio,32,5e-05,1,32,1,0.1,lr5e-05_bs32_modL1_fusion32_fusionL1_drop0p1_trmiss50_trlocradio,11,0.5151312202215195,0.6641699075698853,0.6071428571428572,0.7481855426678594,0.5777777777777777,0.0,0.0,0.0,0.0,0.0,0.0,0.0,0.0,0.0,2002,radio,0.5
3,2,lr5e-05_bs32_modL1_fusion32_fusionL1_drop0p1_trmiss50_trlocradio,32,5e-05,1,32,1,0.1,lr5e-05_bs32_modL1_fusion32_fusionL1_drop0p1_trmiss50_trlocradio,12,0.5114659567674001,0.6651150584220886,0.596638655462185,0.7355999618939788,0.6,0.0,0.0,0.0,0.0,0.0,0.0,0.0,0.0,0.0,2002,radio,0.5
3,2,lr5e-05_bs32_modL1_fusion32_fusionL1_drop0p1_trmiss50_trlocradio,32,5e-05,1,32,1,0.1,lr5e-05_bs32_modL1_fusion32_fusionL1_drop0p1_trmiss50_trlocradio,13,0.5001775274674097,0.6631630957126617,0.6092436974789917,0.7369594517926059,0.5777777777777777,0.0,0.0,0.0,0.0,0.0,0.0,0.0,0.0,0.0,2002,radio,0.5
3,2,lr5e-05_bs32_modL1_fusion32_fusionL1_drop0p1_trmiss50_trlocradio,32,5e-05,1,32,1,0.1,lr5e-05_bs32_modL1_fusion32_fusionL1_drop0p1_trmiss50_trlocradio,14,0.4869970679283142,0.6617774069309235,0.6113445378151261,0.7396041187229871,0.5777777777777777,0.0,0.0,0.0,0.0,0.0,0.0,0.0,0.0,0.0,2002,radio,0.5
3,2,lr5e-05_bs32_modL1_fusion32_fusionL1_drop0p1_trmiss50_trlocradio,32,5e-05,1,32,1,0.1,lr5e-05_bs32_modL1_fusion32_fusionL1_drop0p1_trmiss50_trlocradio,15,0.48844390114148456,0.661557674407959,0.6050420168067226,0.7337273235604778,0.5777777777777777,0.0,0.0,0.0,0.0,0.0,0.0,0.0,0.0,0.0,2002,radio,0.5
3,2,lr5e-05_bs32_modL1_fusion32_fusionL1_drop0p1_trmiss50_trlocradio,32,5e-05,1,32,1,0.1,lr5e-05_bs32_modL1_fusion32_fusionL1_drop0p1_trmiss50_trlocradio,16,0.47645321985085803,0.6621414721012115,0.6092436974789915,0.7380307247628559,0.5333333333333333,0.0,0.0,0.0,0.0,0.0,0.0,0.0,0.0,0.0,2002,radio,0.5
3,2,lr5e-05_bs32_modL1_fusion32_fusionL1_drop0p1_trmiss50_trlocradio,32,5e-05,1,32,1,0.1,lr5e-05_bs32_modL1_fusion32_fusionL1_drop0p1_trmiss50_trlocradio,17,0.48396030565102893,0.6634650528430939,0.6113445378151261,0.7427221973114713,0.5333333333333333,0.0,0.0,0.0,0.0,0.0,0.0,0.0,0.0,0.0,2002,radio,0.5
3,2,lr5e-05_bs32_modL1_fusion32_fusionL1_drop0p1_trmiss50_trlocradio,32,5e-05,1,32,1,0.1,lr5e-05_bs32_modL1_fusion32_fusionL1_drop0p1_trmiss50_trlocradio,18,0.4644410659869512,0.6647516787052155,0.5903361344537815,0.7287866635134514,0.5333333333333333,0.0,0.0,0.0,0.0,0.0,0.0,0.0,0.0,0.0,2002,radio,0.5
3,2,lr5e-05_bs32_modL1_fusion32_fusionL1_drop0p1_trmiss50_trlocradio,32,5e-05,1,32,1,0.1,lr5e-05_bs32_modL1_fusion32_fusionL1_drop0p1_trmiss50_trlocradio,19,0.48092156648635864,0.6642483770847321,0.5987394957983193,0.7434083853906079,0.5555555555555556,0.0,0.0,0.0,0.0,0.0,0.0,0.0,0.0,0.0,2002,radio,0.5
3,2,lr5e-05_bs32_modL1_fusion32_fusionL1_drop0p1_trmiss50_trlocradio,32,5e-05,1,32,1,0.1,lr5e-05_bs32_modL1_fusion32_fusionL1_drop0p1_trmiss50_trlocradio,20,0.4800645311673482,0.6652471125125885,0.5966386554621849,0.7435581485531421,0.5555555555555556,0.0,0.0,0.0,0.0,0.0,0.0,0.0,0.0,0.0,2002,radio,0.5
3,2,lr5e-05_bs32_modL1_fusion32_fusionL1_drop0p1_trmiss50_trlocradio,32,5e-05,1,32,1,0.1,lr5e-05_bs32_modL1_fusion32_fusionL1_drop0p1_trmiss50_trlocradio,21,0.4599980215231578,0.661840945482254,0.6134453781512605,0.7531381450692168,0.5777777777777777,0.0,0.0,0.0,0.0,0.0,0.0,0.0,0.0,0.0,2002,radio,0.5
3,2,lr5e-05_bs32_modL1_fusion32_fusionL1_drop0p1_trmiss50_trlocradio,32,5e-05,1,32,1,0.1,lr5e-05_bs32_modL1_fusion32_fusionL1_drop0p1_trmiss50_trlocradio,22,0.46574394901593524,0.6606611609458923,0.6176470588235294,0.7598457935102749,0.5555555555555556,0.0,0.0,0.0,0.0,0.0,0.0,0.0,0.0,0.0,2002,radio,0.5
3,2,lr5e-05_bs32_modL1_fusion32_fusionL1_drop0p1_trmiss50_trlocradio,32,5e-05,1,32,1,0.1,lr5e-05_bs32_modL1_fusion32_fusionL1_drop0p1_trmiss50_trlocradio,23,0.4555018146832784,0.659367024898529,0.6239495798319328,0.7589868507241955,0.6,0.0,0.0,0.0,0.0,0.0,0.0,0.0,0.0,0.0,2002,radio,0.5
3,2,lr5e-05_bs32_modL1_fusion32_fusionL1_drop0p1_trmiss50_trlocradio,32,5e-05,1,32,1,0.1,lr5e-05_bs32_modL1_fusion32_fusionL1_drop0p1_trmiss50_trlocradio,24,0.4591137965520223,0.6561858654022217,0.6449579831932774,0.7708859326390244,0.6,0.0,0.0,0.0,0.0,0.0,0.0,0.0,0.0,0.0,2002,radio,0.5
3,2,lr5e-05_bs32_modL1_fusion32_fusionL1_drop0p1_trmiss50_trlocradio,32,5e-05,1,32,1,0.1,lr5e-05_bs32_modL1_fusion32_fusionL1_drop0p1_trmiss50_trlocradio,25,0.45278283953666687,0.657385915517807,0.634453781512605,0.7616089686116132,0.6,0.0,0.0,0.0,0.0,0.0,0.0,0.0,0.0,0.0,2002,radio,0.5
3,2,lr5e-05_bs32_modL1_fusion32_fusionL1_drop0p1_trmiss50_trlocradio,32,5e-05,1,32,1,0.1,lr5e-05_bs32_modL1_fusion32_fusionL1_drop0p1_trmiss50_trlocradio,26,0.45507266620794934,0.6576206088066101,0.6386554621848739,0.7712133874225131,0.5777777777777777,0.0,0.0,0.0,0.0,0.0,0.0,0.0,0.0,0.0,2002,radio,0.5
3,2,lr5e-05_bs32_modL1_fusion32_fusionL1_drop0p1_trmiss50_trlocradio,32,5e-05,1,32,1,0.1,lr5e-05_bs32_modL1_fusion32_fusionL1_drop0p1_trmiss50_trlocradio,27,0.44901907940705615,0.6587210297584534,0.6260504201680672,0.7526132547741875,0.5777777777777777,0.0,0.0,0.0,0.0,0.0,0.0,0.0,0.0,0.0,2002,radio,0.5
3,2,lr5e-05_bs32_modL1_fusion32_fusionL1_drop0p1_trmiss50_trlocradio,32,5e-05,1,32,1,0.1,lr5e-05_bs32_modL1_fusion32_fusionL1_drop0p1_trmiss50_trlocradio,28,0.4553215056657791,0.6576481759548187,0.6407563025210083,0.7664782086504749,0.5777777777777777,0.0,0.0,0.0,0.0,0.0,0.0,0.0,0.0,0.0,2002,radio,0.5
3,2,lr5e-05_bs32_modL1_fusion32_fusionL1_drop0p1_trmiss50_trlocradio,32,5e-05,1,32,1,0.1,lr5e-05_bs32_modL1_fusion32_fusionL1_drop0p1_trmiss50_trlocradio,29,0.46197385092576343,0.6588244736194611,0.634453781512605,0.7608188858886532,0.6222222222222222,0.0,0.0,0.0,0.0,0.0,0.0,0.0,0.0,0.0,2002,radio,0.5
3,2,lr5e-05_bs32_modL1_fusion32_fusionL1_drop0p1_trmiss50_trlocradio,32,5e-05,1,32,1,0.1,lr5e-05_bs32_modL1_fusion32_fusionL1_drop0p1_trmiss50_trlocradio,30,0.45210687816143036,0.6591675281524658,0.6365546218487395,0.7566842311996478,0.6222222222222222,0.0,0.0,0.0,0.0,0.0,0.0,0.0,0.0,0.0,2002,radio,0.5
3,2,lr5e-05_bs32_modL1_fusion32_fusionL1_drop0p1_trmiss50_trlocradio,32,5e-05,1,32,1,0.1,lr5e-05_bs32_modL1_fusion32_fusionL1_drop0p1_trmiss50_trlocradio,31,0.44630469878514606,0.6569645404815674,0.6449579831932774,0.7717418770650114,0.6,0.0,0.0,0.0,0.0,0.0,0.0,0.0,0.0,0.0,2002,radio,0.5
3,2,lr5e-05_bs32_modL1_fusion32_fusionL1_drop0p1_trmiss50_trlocradio,32,5e-05,1,32,1,0.1,lr5e-05_bs32_modL1_fusion32_fusionL1_drop0p1_trmiss50_trlocradio,32,0.44593119621276855,0.6585021615028381,0.6407563025210083,0.7634028601456742,0.6222222222222222,0.0,0.0,0.0,0.0,0.0,0.0,0.0,0.0,0.0,2002,radio,0.5
3,2,lr5e-05_bs32_modL1_fusion32_fusionL1_drop0p1_trmiss50_trlocradio,32,5e-05,1,32,1,0.1,lr5e-05_bs32_modL1_fusion32_fusionL1_drop0p1_trmiss50_trlocradio,33,0.45309903224309284,0.6572514176368713,0.6407563025210083,0.7634318880425689,0.6222222222222222,0.0,0.0,0.0,0.0,0.0,0.0,0.0,0.0,0.0,2002,radio,0.5
3,2,lr5e-05_bs32_modL1_fusion32_fusionL1_drop0p1_trmiss50_trlocradio,32,5e-05,1,32,1,0.1,lr5e-05_bs32_modL1_fusion32_fusionL1_drop0p1_trmiss50_trlocradio,34,0.45035089552402496,0.6578126847743988,0.6449579831932774,0.7736835565702804,0.6222222222222222,0.0,0.0,0.0,0.0,0.0,0.0,0.0,0.0,0.0,2002,radio,0.5
3,2,lr5e-05_bs32_modL1_fusion32_fusionL1_drop0p1_trmiss50_trlocradio,32,5e-05,1,32,1,0.1,lr5e-05_bs32_modL1_fusion32_fusionL1_drop0p1_trmiss50_trlocradio,35,0.4387455036242803,0.6579039692878723,0.6428571428571428,0.7701375828972536,0.6222222222222222,0.0,0.0,0.0,0.0,0.0,0.0,0.0,0.0,0.0,2002,radio,0.5
3,2,lr5e-05_bs32_modL1_fusion32_fusionL1_drop0p1_trmiss50_trlocradio,32,5e-05,1,32,1,0.1,lr5e-05_bs32_modL1_fusion32_fusionL1_drop0p1_trmiss50_trlocradio,36,0.4514775921901067,0.6564681828022003,0.6554621848739496,0.7778517074892584,0.6222222222222222,0.0,0.0,0.0,0.0,0.0,0.0,0.0,0.0,0.0,2002,radio,0.5
3,2,lr5e-05_bs32_modL1_fusion32_fusionL1_drop0p1_trmiss50_trlocradio,32,5e-05,1,32,1,0.1,lr5e-05_bs32_modL1_fusion32_fusionL1_drop0p1_trmiss50_trlocradio,37,0.4426644891500473,0.657119631767273,0.657563025210084,0.7754684624113548,0.6222222222222222,0.0,0.0,0.0,0.0,0.0,0.0,0.0,0.0,0.0,2002,radio,0.5
3,2,lr5e-05_bs32_modL1_fusion32_fusionL1_drop0p1_trmiss50_trlocradio,32,5e-05,1,32,1,0.1,lr5e-05_bs32_modL1_fusion32_fusionL1_drop0p1_trmiss50_trlocradio,38,0.43120357394218445,0.6562822163105011,0.6596638655462185,0.7762005734375834,0.6222222222222222,0.0,0.0,0.0,0.0,0.0,0.0,0.0,0.0,0.0,2002,radio,0.5
3,2,lr5e-05_bs32_modL1_fusion32_fusionL1_drop0p1_trmiss50_trlocradio,32,5e-05,1,32,1,0.1,lr5e-05_bs32_modL1_fusion32_fusionL1_drop0p1_trmiss50_trlocradio,39,0.45071367422739667,0.6555136442184448,0.6659663865546219,0.7819060048094884,0.6222222222222222,0.0,0.0,0.0,0.0,0.0,0.0,0.0,0.0,0.0,2002,radio,0.5
3,2,lr5e-05_bs32_modL1_fusion32_fusionL1_drop0p1_trmiss50_trlocradio,32,5e-05,1,32,1,0.1,lr5e-05_bs32_modL1_fusion32_fusionL1_drop0p1_trmiss50_trlocradio,40,0.44597484171390533,0.656742513179779,0.6554621848739495,0.7645855548808302,0.6222222222222222,0.0,0.0,0.0,0.0,0.0,0.0,0.0,0.0,0.0,2002,radio,0.5
3,2,lr5e-05_bs32_modL1_fusion32_fusionL1_drop0p1_trmiss50_trlocradio,32,5e-05,1,32,1,0.1,lr5e-05_bs32_modL1_fusion32_fusionL1_drop0p1_trmiss50_trlocradio,41,0.4418477217356364,0.6569845378398895,0.6491596638655461,0.7655427970056372,0.6222222222222222,0.0,0.0,0.0,0.0,0.0,0.0,0.0,0.0,0.0,2002,radio,0.5
3,2,lr5e-05_bs32_modL1_fusion32_fusionL1_drop0p1_trmiss50_trlocradio,32,5e-05,1,32,1,0.1,lr5e-05_bs32_modL1_fusion32_fusionL1_drop0p1_trmiss50_trlocradio,42,0.449025164047877,0.6565918922424316,0.657563025210084,0.7741113755750451,0.6444444444444445,0.0,0.0,0.0,0.0,0.0,0.0,0.0,0.0,0.0,2002,radio,0.5
3,2,lr5e-05_bs32_modL1_fusion32_fusionL1_drop0p1_trmiss50_trlocradio,32,5e-05,1,32,1,0.1,lr5e-05_bs32_modL1_fusion32_fusionL1_drop0p1_trmiss50_trlocradio,43,0.44062243898709613,0.6557188332080841,0.6533613445378151,0.7700948341130756,0.6222222222222222,0.0,0.0,0.0,0.0,0.0,0.0,0.0,0.0,0.0,2002,radio,0.5
3,2,lr5e-05_bs32_modL1_fusion32_fusionL1_drop0p1_trmiss50_trlocradio,32,5e-05,1,32,1,0.1,lr5e-05_bs32_modL1_fusion32_fusionL1_drop0p1_trmiss50_trlocradio,44,0.43883027136325836,0.6551437079906464,0.6617647058823529,0.7746622261689273,0.6222222222222222,0.0,0.0,0.0,0.0,0.0,0.0,0.0,0.0,0.0,2002,radio,0.5
3,2,lr5e-05_bs32_modL1_fusion32_fusionL1_drop0p1_trmiss50_trlocradio,32,5e-05,1,32,1,0.1,lr5e-05_bs32_modL1_fusion32_fusionL1_drop0p1_trmiss50_trlocradio,45,0.44062212606271106,0.6564597487449646,0.6575630252100839,0.7710144124707343,0.6222222222222222,0.0,0.0,0.0,0.0,0.0,0.0,0.0,0.0,0.0,2002,radio,0.5
3,2,lr5e-05_bs32_modL1_fusion32_fusionL1_drop0p1_trmiss50_trlocradio,32,5e-05,1,32,1,0.1,lr5e-05_bs32_modL1_fusion32_fusionL1_drop0p1_trmiss50_trlocradio,46,0.43321148057778675,0.6573234498500824,0.653361344537815,0.7693564622316248,0.6222222222222222,0.0,0.0,0.0,0.0,0.0,0.0,0.0,0.0,0.0,2002,radio,0.5
3,2,lr5e-05_bs32_modL1_fusion32_fusionL1_drop0p1_trmiss50_trlocradio,32,5e-05,1,32,1,0.1,lr5e-05_bs32_modL1_fusion32_fusionL1_drop0p1_trmiss50_trlocradio,47,0.44160452981789905,0.655798465013504,0.6449579831932772,0.7611228731891044,0.6222222222222222,0.0,0.0,0.0,0.0,0.0,0.0,0.0,0.0,0.0,2002,radio,0.5
3,2,lr5e-05_bs32_modL1_fusion32_fusionL1_drop0p1_trmiss50_trlocradio,32,5e-05,1,32,1,0.1,lr5e-05_bs32_modL1_fusion32_fusionL1_drop0p1_trmiss50_trlocradio,48,0.45333146055539447,0.6552965939044952,0.6638655462184874,0.7751293340926193,0.6444444444444445,0.0,0.0,0.0,0.0,0.0,0.0,0.0,0.0,0.0,2002,radio,0.5
3,2,lr5e-05_bs32_modL1_fusion32_fusionL1_drop0p1_trmiss50_trlocradio,32,5e-05,1,32,1,0.1,lr5e-05_bs32_modL1_fusion32_fusionL1_drop0p1_trmiss50_trlocradio,49,0.432072713971138,0.6557488739490509,0.6638655462184875,0.776871008656723,0.6222222222222222,0.0,0.0,0.0,0.0,0.0,0.0,0.0,0.0,0.0,2002,radio,0.5
3,2,lr5e-05_bs32_modL1_fusion32_fusionL1_drop0p1_trmiss50_trlocradio,32,5e-05,1,32,1,0.1,lr5e-05_bs32_modL1_fusion32_fusionL1_drop0p1_trmiss50_trlocradio,50,0.4387909223635991,0.6547347009181976,0.6638655462184875,0.7761828175846357,0.6444444444444445,0.0,0.0,0.0,0.0,0.0,0.0,0.0,0.0,0.0,2002,radio,0.5
3,2,lr5e-05_bs32_modL1_fusion32_fusionL1_drop0p1_trmiss50_trlocradio,32,5e-05,1,32,1,0.1,lr5e-05_bs32_modL1_fusion32_fusionL1_drop0p1_trmiss50_trlocradio,51,0.4305172910292943,0.6526191532611847,0.6764705882352942,0.7905457601300749,0.6444444444444445,0.0,0.0,0.0,0.0,0.0,0.0,0.0,0.0,0.0,2002,radio,0.5
3,2,lr5e-05_bs32_modL1_fusion32_fusionL1_drop0p1_trmiss50_trlocradio,32,5e-05,1,32,1,0.1,lr5e-05_bs32_modL1_fusion32_fusionL1_drop0p1_trmiss50_trlocradio,52,0.44222551087538403,0.6534256637096405,0.6638655462184874,0.7820533901327239,0.6444444444444445,0.0,0.0,0.0,0.0,0.0,0.0,0.0,0.0,0.0,2002,radio,0.5
3,2,lr5e-05_bs32_modL1_fusion32_fusionL1_drop0p1_trmiss50_trlocradio,32,5e-05,1,32,1,0.1,lr5e-05_bs32_modL1_fusion32_fusionL1_drop0p1_trmiss50_trlocradio,53,0.4333065201838811,0.6531943380832672,0.6638655462184875,0.7768142291881788,0.6444444444444445,0.0,0.0,0.0,0.0,0.0,0.0,0.0,0.0,0.0,2002,radio,0.5
3,2,lr5e-05_bs32_modL1_fusion32_fusionL1_drop0p1_trmiss50_trlocradio,32,5e-05,1,32,1,0.1,lr5e-05_bs32_modL1_fusion32_fusionL1_drop0p1_trmiss50_trlocradio,54,0.45536894102891284,0.6536841690540314,0.6638655462184875,0.7835249404233207,0.6222222222222222,0.0,0.0,0.0,0.0,0.0,0.0,0.0,0.0,0.0,2002,radio,0.5
3,2,lr5e-05_bs32_modL1_fusion32_fusionL1_drop0p1_trmiss50_trlocradio,32,5e-05,1,32,1,0.1,lr5e-05_bs32_modL1_fusion32_fusionL1_drop0p1_trmiss50_trlocradio,55,0.42705156405766803,0.6545356810092926,0.661764705882353,0.7720430462822652,0.6222222222222222,0.0,0.0,0.0,0.0,0.0,0.0,0.0,0.0,0.0,2002,radio,0.5
3,2,lr5e-05_bs32_modL1_fusion32_fusionL1_drop0p1_trmiss50_trlocradio,32,5e-05,1,32,1,0.1,lr5e-05_bs32_modL1_fusion32_fusionL1_drop0p1_trmiss50_trlocradio,56,0.44711923599243164,0.6528884172439575,0.6722689075630253,0.7794193168841549,0.6444444444444445,0.0,0.0,0.0,0.0,0.0,0.0,0.0,0.0,0.0,2002,radio,0.5
3,2,lr5e-05_bs32_modL1_fusion32_fusionL1_drop0p1_trmiss50_trlocradio,32,5e-05,1,32,1,0.1,lr5e-05_bs32_modL1_fusion32_fusionL1_drop0p1_trmiss50_trlocradio,57,0.429385910431544,0.6541395485401154,0.6701680672268908,0.7856227381209209,0.6444444444444445,0.0,0.0,0.0,0.0,0.0,0.0,0.0,0.0,0.0,2002,radio,0.5
3,2,lr5e-05_bs32_modL1_fusion32_fusionL1_drop0p1_trmiss50_trlocradio,32,5e-05,1,32,1,0.1,lr5e-05_bs32_modL1_fusion32_fusionL1_drop0p1_trmiss50_trlocradio,58,0.42522601783275604,0.651966005563736,0.680672268907563,0.7899526227785747,0.6444444444444445,0.0,0.0,0.0,0.0,0.0,0.0,0.0,0.0,0.0,2002,radio,0.5
3,2,lr5e-05_bs32_modL1_fusion32_fusionL1_drop0p1_trmiss50_trlocradio,32,5e-05,1,32,1,0.1,lr5e-05_bs32_modL1_fusion32_fusionL1_drop0p1_trmiss50_trlocradio,59,0.4364349643389384,0.6518965661525726,0.680672268907563,0.7913937188362674,0.6444444444444445,0.0,0.0,0.0,0.0,0.0,0.0,0.0,0.0,0.0,2002,radio,0.5
3,2,lr5e-05_bs32_modL1_fusion32_fusionL1_drop0p1_trmiss50_trlocradio,32,5e-05,1,32,1,0.1,lr5e-05_bs32_modL1_fusion32_fusionL1_drop0p1_trmiss50_trlocradio,60,0.43797313173611957,0.6521220505237579,0.6785714285714286,0.7906734307210213,0.6222222222222222,0.0,0.0,0.0,0.0,0.0,0.0,0.0,0.0,0.0,2002,radio,0.5
3,2,lr5e-05_bs32_modL1_fusion32_fusionL1_drop0p1_trmiss50_trlocradio,32,5e-05,1,32,1,0.1,lr5e-05_bs32_modL1_fusion32_fusionL1_drop0p1_trmiss50_trlocradio,61,0.4455431153376897,0.6522286236286163,0.6827731092436975,0.7937361314110534,0.6444444444444445,0.0,0.0,0.0,0.0,0.0,0.0,0.0,0.0,0.0,2002,radio,0.5
3,2,lr5e-05_bs32_modL1_fusion32_fusionL1_drop0p1_trmiss50_trlocradio,32,5e-05,1,32,1,0.1,lr5e-05_bs32_modL1_fusion32_fusionL1_drop0p1_trmiss50_trlocradio,62,0.4326455940802892,0.653466671705246,0.6701680672268907,0.7796461408153084,0.6222222222222222,0.0,0.0,0.0,0.0,0.0,0.0,0.0,0.0,0.0,2002,radio,0.5
3,2,lr5e-05_bs32_modL1_fusion32_fusionL1_drop0p1_trmiss50_trlocradio,32,5e-05,1,32,1,0.1,lr5e-05_bs32_modL1_fusion32_fusionL1_drop0p1_trmiss50_trlocradio,63,0.4254013846317927,0.6542249619960785,0.6554621848739496,0.772443349788988,0.6222222222222222,0.0,0.0,0.0,0.0,0.0,0.0,0.0,0.0,0.0,2002,radio,0.5
3,2,lr5e-05_bs32_modL1_fusion32_fusionL1_drop0p1_trmiss50_trlocradio,32,5e-05,1,32,1,0.1,lr5e-05_bs32_modL1_fusion32_fusionL1_drop0p1_trmiss50_trlocradio,64,0.43420825401941937,0.6539602875709534,0.6680672268907564,0.7769742024747548,0.6222222222222222,0.0,0.0,0.0,0.0,0.0,0.0,0.0,0.0,0.0,2002,radio,0.5
3,2,lr5e-05_bs32_modL1_fusion32_fusionL1_drop0p1_trmiss50_trlocradio,32,5e-05,1,32,1,0.1,lr5e-05_bs32_modL1_fusion32_fusionL1_drop0p1_trmiss50_trlocradio,65,0.42797958354155224,0.6540480554103851,0.6743697478991597,0.7810187748491592,0.6444444444444445,0.0,0.0,0.0,0.0,0.0,0.0,0.0,0.0,0.0,2002,radio,0.5
3,2,lr5e-05_bs32_modL1_fusion32_fusionL1_drop0p1_trmiss50_trlocradio,32,5e-05,1,32,1,0.1,lr5e-05_bs32_modL1_fusion32_fusionL1_drop0p1_trmiss50_trlocradio,66,0.4410819311936696,0.6550790369510651,0.661764705882353,0.7705650956307264,0.6222222222222222,0.0,0.0,0.0,0.0,0.0,0.0,0.0,0.0,0.0,2002,radio,0.5
3,2,lr5e-05_bs32_modL1_fusion32_fusionL1_drop0p1_trmiss50_trlocradio,32,5e-05,1,32,1,0.1,lr5e-05_bs32_modL1_fusion32_fusionL1_drop0p1_trmiss50_trlocradio,67,0.4412634422381719,0.6549367904663086,0.6701680672268908,0.7752406237367057,0.6222222222222222,0.0,0.0,0.0,0.0,0.0,0.0,0.0,0.0,0.0,2002,radio,0.5
3,2,lr5e-05_bs32_modL1_fusion32_fusionL1_drop0p1_trmiss50_trlocradio,32,5e-05,1,32,1,0.1,lr5e-05_bs32_modL1_fusion32_fusionL1_drop0p1_trmiss50_trlocradio,68,0.4491693029801051,0.6546950042247772,0.6701680672268908,0.7777182500938025,0.6444444444444445,0.0,0.0,0.0,0.0,0.0,0.0,0.0,0.0,0.0,2002,radio,0.5
3,2,lr5e-05_bs32_modL1_fusion32_fusionL1_drop0p1_trmiss50_trlocradio,32,5e-05,1,32,1,0.1,lr5e-05_bs32_modL1_fusion32_fusionL1_drop0p1_trmiss50_trlocradio,69,0.42995816965897876,0.6542102098464966,0.6722689075630253,0.7866986604397589,0.6444444444444445,0.0,0.0,0.0,0.0,0.0,0.0,0.0,0.0,0.0,2002,radio,0.5
3,2,lr5e-05_bs32_modL1_fusion32_fusionL1_drop0p1_trmiss50_trlocradio,32,5e-05,1,32,1,0.1,lr5e-05_bs32_modL1_fusion32_fusionL1_drop0p1_trmiss50_trlocradio,70,0.43819619218508404,0.6517502665519714,0.680672268907563,0.7920215455226458,0.6444444444444445,0.0,0.0,0.0,0.0,0.0,0.0,0.0,0.0,0.0,2002,radio,0.5
3,2,lr5e-05_bs32_modL1_fusion32_fusionL1_drop0p1_trmiss50_trlocradio,32,5e-05,1,32,1,0.1,lr5e-05_bs32_modL1_fusion32_fusionL1_drop0p1_trmiss50_trlocradio,71,0.4319452792406082,0.6528358459472656,0.6785714285714286,0.790707383494198,0.6444444444444445,0.0,0.0,0.0,0.0,0.0,0.0,0.0,0.0,0.0,2002,radio,0.5
3,2,lr5e-05_bs32_modL1_fusion32_fusionL1_drop0p1_trmiss50_trlocradio,32,5e-05,1,32,1,0.1,lr5e-05_bs32_modL1_fusion32_fusionL1_drop0p1_trmiss50_trlocradio,72,0.43690815567970276,0.652422308921814,0.6743697478991597,0.7875850615118156,0.6444444444444445,0.0,0.0,0.0,0.0,0.0,0.0,0.0,0.0,0.0,2002,radio,0.5
3,2,lr5e-05_bs32_modL1_fusion32_fusionL1_drop0p1_trmiss50_trlocradio,32,5e-05,1,32,1,0.1,lr5e-05_bs32_modL1_fusion32_fusionL1_drop0p1_trmiss50_trlocradio,73,0.4316767454147339,0.6524223983287811,0.680672268907563,0.7919854311309413,0.6444444444444445,0.0,0.0,0.0,0.0,0.0,0.0,0.0,0.0,0.0,2002,radio,0.5
3,2,lr5e-05_bs32_modL1_fusion32_fusionL1_drop0p1_trmiss50_trlocradio,32,5e-05,1,32,1,0.1,lr5e-05_bs32_modL1_fusion32_fusionL1_drop0p1_trmiss50_trlocradio,74,0.4349900434414546,0.6543110311031342,0.6722689075630253,0.7859171233730556,0.6444444444444445,0.0,0.0,0.0,0.0,0.0,0.0,0.0,0.0,0.0,2002,radio,0.5
3,2,lr5e-05_bs32_modL1_fusion32_fusionL1_drop0p1_trmiss50_trlocradio,32,5e-05,1,32,1,0.1,lr5e-05_bs32_modL1_fusion32_fusionL1_drop0p1_trmiss50_trlocradio,75,0.419878954688708,0.6541309952735901,0.6722689075630253,0.779087254494272,0.6222222222222222,0.0,0.0,0.0,0.0,0.0,0.0,0.0,0.0,0.0,2002,radio,0.5
3,2,lr5e-05_bs32_modL1_fusion32_fusionL1_drop0p1_trmiss50_trlocradio,32,5e-05,1,32,1,0.1,lr5e-05_bs32_modL1_fusion32_fusionL1_drop0p1_trmiss50_trlocradio,76,0.4372904598712921,0.6529197096824646,0.6722689075630253,0.7784503611200311,0.6222222222222222,0.0,0.0,0.0,0.0,0.0,0.0,0.0,0.0,0.0,2002,radio,0.5
3,2,lr5e-05_bs32_modL1_fusion32_fusionL1_drop0p1_trmiss50_trlocradio,32,5e-05,1,32,1,0.1,lr5e-05_bs32_modL1_fusion32_fusionL1_drop0p1_trmiss50_trlocradio,77,0.42302000522613525,0.6536327004432678,0.6701680672268908,0.7788176466511345,0.6444444444444445,0.0,0.0,0.0,0.0,0.0,0.0,0.0,0.0,0.0,2002,radio,0.5
3,2,lr5e-05_bs32_modL1_fusion32_fusionL1_drop0p1_trmiss50_trlocradio,32,5e-05,1,32,1,0.1,lr5e-05_bs32_modL1_fusion32_fusionL1_drop0p1_trmiss50_trlocradio,78,0.4391108999649684,0.6533107459545135,0.6722689075630252,0.7787470221309778,0.6444444444444445,0.0,0.0,0.0,0.0,0.0,0.0,0.0,0.0,0.0,2002,radio,0.5
3,2,lr5e-05_bs32_modL1_fusion32_fusionL1_drop0p1_trmiss50_trlocradio,32,5e-05,1,32,1,0.1,lr5e-05_bs32_modL1_fusion32_fusionL1_drop0p1_trmiss50_trlocradio,79,0.4255697925885518,0.6533292233943939,0.6743697478991597,0.7801926003622703,0.6444444444444445,0.0,0.0,0.0,0.0,0.0,0.0,0.0,0.0,0.0,2002,radio,0.5
3,2,lr5e-05_bs32_modL1_fusion32_fusionL1_drop0p1_trmiss50_trlocradio,32,5e-05,1,32,1,0.1,lr5e-05_bs32_modL1_fusion32_fusionL1_drop0p1_trmiss50_trlocradio,80,0.43335243066151935,0.6533389389514923,0.680672268907563,0.7830613418759698,0.6222222222222222,0.0,0.0,0.0,0.0,0.0,0.0,0.0,0.0,0.0,2002,radio,0.5
3,2,lr5e-05_bs32_modL1_fusion64_fusionL1_drop0p2_trmiss50_trlocradio,32,5e-05,1,64,1,0.2,lr5e-05_bs32_modL1_fusion64_fusionL1_drop0p2_trmiss50_trlocradio,1,0.7333402335643768,0.6899365186691284,0.6260504201680672,0.7512033651282009,0.6444444444444445,0.0,0.0,0.0,0.0,0.0,0.0,0.0,0.0,0.0,2002,radio,0.5
3,2,lr5e-05_bs32_modL1_fusion64_fusionL1_drop0p2_trmiss50_trlocradio,32,5e-05,1,64,1,0.2,lr5e-05_bs32_modL1_fusion64_fusionL1_drop0p2_trmiss50_trlocradio,2,0.7009799579779307,0.6864474713802338,0.6659663865546218,0.7897569058443629,0.6444444444444445,0.0,0.0,0.0,0.0,0.0,0.0,0.0,0.0,0.0,2002,radio,0.5
3,2,lr5e-05_bs32_modL1_fusion64_fusionL1_drop0p2_trmiss50_trlocradio,32,5e-05,1,64,1,0.2,lr5e-05_bs32_modL1_fusion64_fusionL1_drop0p2_trmiss50_trlocradio,3,0.6708347201347351,0.6844636499881744,0.6848739495798319,0.8031146941330737,0.6222222222222222,0.0,0.0,0.0,0.0,0.0,0.0,0.0,0.0,0.0,2002,radio,0.5
3,2,lr5e-05_bs32_modL1_fusion64_fusionL1_drop0p2_trmiss50_trlocradio,32,5e-05,1,64,1,0.2,lr5e-05_bs32_modL1_fusion64_fusionL1_drop0p2_trmiss50_trlocradio,4,0.6773605942726135,0.6837031245231628,0.6911764705882353,0.8053228254737791,0.6222222222222222,0.0,0.0,0.0,0.0,0.0,0.0,0.0,0.0,0.0,2002,radio,0.5
3,2,lr5e-05_bs32_modL1_fusion64_fusionL1_drop0p2_trmiss50_trlocradio,32,5e-05,1,64,1,0.2,lr5e-05_bs32_modL1_fusion64_fusionL1_drop0p2_trmiss50_trlocradio,5,0.6541572014490763,0.6845660507678986,0.6911764705882353,0.8096863276313989,0.6222222222222222,0.0,0.0,0.0,0.0,0.0,0.0,0.0,0.0,0.0,2002,radio,0.5
3,2,lr5e-05_bs32_modL1_fusion64_fusionL1_drop0p2_trmiss50_trlocradio,32,5e-05,1,64,1,0.2,lr5e-05_bs32_modL1_fusion64_fusionL1_drop0p2_trmiss50_trlocradio,6,0.6180573403835297,0.6824238002300262,0.6911764705882353,0.8115612655125984,0.6444444444444445,0.0,0.0,0.0,0.0,0.0,0.0,0.0,0.0,0.0,2002,radio,0.5
3,2,lr5e-05_bs32_modL1_fusion64_fusionL1_drop0p2_trmiss50_trlocradio,32,5e-05,1,64,1,0.2,lr5e-05_bs32_modL1_fusion64_fusionL1_drop0p2_trmiss50_trlocradio,7,0.6103866994380951,0.6836287677288055,0.6869747899159664,0.8086434262728829,0.6444444444444445,0.0,0.0,0.0,0.0,0.0,0.0,0.0,0.0,0.0,2002,radio,0.5
3,2,lr5e-05_bs32_modL1_fusion64_fusionL1_drop0p2_trmiss50_trlocradio,32,5e-05,1,64,1,0.2,lr5e-05_bs32_modL1_fusion64_fusionL1_drop0p2_trmiss50_trlocradio,8,0.6030712922414144,0.6823536157608032,0.6911764705882353,0.8169719171415277,0.6,0.0,0.0,0.0,0.0,0.0,0.0,0.0,0.0,0.0,2002,radio,0.5
3,2,lr5e-05_bs32_modL1_fusion64_fusionL1_drop0p2_trmiss50_trlocradio,32,5e-05,1,64,1,0.2,lr5e-05_bs32_modL1_fusion64_fusionL1_drop0p2_trmiss50_trlocradio,9,0.6147099832693735,0.6830925047397614,0.6848739495798319,0.8124826217680158,0.6,0.0,0.0,0.0,0.0,0.0,0.0,0.0,0.0,0.0,2002,radio,0.5
3,2,lr5e-05_bs32_modL1_fusion64_fusionL1_drop0p2_trmiss50_trlocradio,32,5e-05,1,64,1,0.2,lr5e-05_bs32_modL1_fusion64_fusionL1_drop0p2_trmiss50_trlocradio,10,0.5949444671471914,0.6862363219261169,0.6722689075630253,0.803442006019661,0.5777777777777777,0.0,0.0,0.0,0.0,0.0,0.0,0.0,0.0,0.0,2002,radio,0.5
3,2,lr5e-05_bs32_modL1_fusion64_fusionL1_drop0p2_trmiss50_trlocradio,32,5e-05,1,64,1,0.2,lr5e-05_bs32_modL1_fusion64_fusionL1_drop0p2_trmiss50_trlocradio,11,0.5839134951432546,0.6859028041362762,0.6659663865546218,0.7989638426129261,0.5555555555555556,0.0,0.0,0.0,0.0,0.0,0.0,0.0,0.0,0.0,2002,radio,0.5
3,2,lr5e-05_bs32_modL1_fusion64_fusionL1_drop0p2_trmiss50_trlocradio,32,5e-05,1,64,1,0.2,lr5e-05_bs32_modL1_fusion64_fusionL1_drop0p2_trmiss50_trlocradio,12,0.574707438548406,0.6833333969116211,0.6785714285714286,0.8052721626120909,0.5777777777777777,0.0,0.0,0.0,0.0,0.0,0.0,0.0,0.0,0.0,2002,radio,0.5
3,2,lr5e-05_bs32_modL1_fusion64_fusionL1_drop0p2_trmiss50_trlocradio,32,5e-05,1,64,1,0.2,lr5e-05_bs32_modL1_fusion64_fusionL1_drop0p2_trmiss50_trlocradio,13,0.5465994874636332,0.680739015340805,0.6743697478991596,0.8024336796541917,0.5555555555555556,0.0,0.0,0.0,0.0,0.0,0.0,0.0,0.0,0.0,2002,radio,0.5
3,2,lr5e-05_bs32_modL1_fusion64_fusionL1_drop0p2_trmiss50_trlocradio,32,5e-05,1,64,1,0.2,lr5e-05_bs32_modL1_fusion64_fusionL1_drop0p2_trmiss50_trlocradio,14,0.5639666716257731,0.6791769564151764,0.6785714285714286,0.8025510741767168,0.6,0.0,0.0,0.0,0.0,0.0,0.0,0.0,0.0,0.0,2002,radio,0.5
3,2,lr5e-05_bs32_modL1_fusion64_fusionL1_drop0p2_trmiss50_trlocradio,32,5e-05,1,64,1,0.2,lr5e-05_bs32_modL1_fusion64_fusionL1_drop0p2_trmiss50_trlocradio,15,0.5538210272789001,0.6776411235332489,0.6743697478991597,0.804415640635837,0.6,0.0,0.0,0.0,0.0,0.0,0.0,0.0,0.0,0.0,2002,radio,0.5
3,2,lr5e-05_bs32_modL1_fusion64_fusionL1_drop0p2_trmiss50_trlocradio,32,5e-05,1,64,1,0.2,lr5e-05_bs32_modL1_fusion64_fusionL1_drop0p2_trmiss50_trlocradio,16,0.5292540738979975,0.6773438453674316,0.6701680672268907,0.800966489163088,0.6,0.0,0.0,0.0,0.0,0.0,0.0,0.0,0.0,0.0,2002,radio,0.5
3,2,lr5e-05_bs32_modL1_fusion64_fusionL1_drop0p2_trmiss50_trlocradio,32,5e-05,1,64,1,0.2,lr5e-05_bs32_modL1_fusion64_fusionL1_drop0p2_trmiss50_trlocradio,17,0.528287798166275,0.6780285537242889,0.6680672268907564,0.7994509068912693,0.5777777777777777,0.0,0.0,0.0,0.0,0.0,0.0,0.0,0.0,0.0,2002,radio,0.5
3,2,lr5e-05_bs32_modL1_fusion64_fusionL1_drop0p2_trmiss50_trlocradio,32,5e-05,1,64,1,0.2,lr5e-05_bs32_modL1_fusion64_fusionL1_drop0p2_trmiss50_trlocradio,18,0.5372121085723242,0.6837936043739319,0.6554621848739496,0.7914774531449275,0.5777777777777777,0.0,0.0,0.0,0.0,0.0,0.0,0.0,0.0,0.0,2002,radio,0.5
3,2,lr5e-05_bs32_modL1_fusion64_fusionL1_drop0p2_trmiss50_trlocradio,32,5e-05,1,64,1,0.2,lr5e-05_bs32_modL1_fusion64_fusionL1_drop0p2_trmiss50_trlocradio,19,0.5219587882359823,0.6841526329517365,0.657563025210084,0.7933884807138497,0.5777777777777777,0.0,0.0,0.0,0.0,0.0,0.0,0.0,0.0,0.0,2002,radio,0.5
3,2,lr5e-05_bs32_modL1_fusion64_fusionL1_drop0p2_trmiss50_trlocradio,32,5e-05,1,64,1,0.2,lr5e-05_bs32_modL1_fusion64_fusionL1_drop0p2_trmiss50_trlocradio,20,0.509719709555308,0.6833916306495667,0.6554621848739496,0.7896821857336677,0.6,0.0,0.0,0.0,0.0,0.0,0.0,0.0,0.0,0.0,2002,radio,0.5
3,2,lr5e-05_bs32_modL1_fusion64_fusionL1_drop0p2_trmiss50_trlocradio,32,5e-05,1,64,1,0.2,lr5e-05_bs32_modL1_fusion64_fusionL1_drop0p2_trmiss50_trlocradio,21,0.5191426674524943,0.6827867329120636,0.6533613445378151,0.790409712401044,0.6,0.0,0.0,0.0,0.0,0.0,0.0,0.0,0.0,0.0,2002,radio,0.5
3,2,lr5e-05_bs32_modL1_fusion64_fusionL1_drop0p2_trmiss50_trlocradio,32,5e-05,1,64,1,0.2,lr5e-05_bs32_modL1_fusion64_fusionL1_drop0p2_trmiss50_trlocradio,22,0.49268652498722076,0.683902770280838,0.657563025210084,0.7883453076545033,0.6222222222222222,0.0,0.0,0.0,0.0,0.0,0.0,0.0,0.0,0.0,2002,radio,0.5
3,2,lr5e-05_bs32_modL1_fusion64_fusionL1_drop0p2_trmiss50_trlocradio,32,5e-05,1,64,1,0.2,lr5e-05_bs32_modL1_fusion64_fusionL1_drop0p2_trmiss50_trlocradio,23,0.4961628317832947,0.6826610565185547,0.657563025210084,0.7907827638043655,0.6222222222222222,0.0,0.0,0.0,0.0,0.0,0.0,0.0,0.0,0.0,2002,radio,0.5
3,2,lr5e-05_bs32_modL1_fusion64_fusionL1_drop0p2_trmiss50_trlocradio,32,5e-05,1,64,1,0.2,lr5e-05_bs32_modL1_fusion64_fusionL1_drop0p2_trmiss50_trlocradio,24,0.48743624488512677,0.6818222403526306,0.6596638655462185,0.7885476104553283,0.6444444444444445,0.0,0.0,0.0,0.0,0.0,0.0,0.0,0.0,0.0,2002,radio,0.5
3,2,lr5e-05_bs32_modL1_fusion64_fusionL1_drop0p2_trmiss50_trlocradio,32,5e-05,1,64,1,0.2,lr5e-05_bs32_modL1_fusion64_fusionL1_drop0p2_trmiss50_trlocradio,25,0.4943380703528722,0.6774996221065521,0.6659663865546219,0.7850963591043533,0.6666666666666666,0.0,0.0,0.0,0.0,0.0,0.0,0.0,0.0,0.0,2002,radio,0.5
3,2,lr5e-05_bs32_modL1_fusion64_fusionL1_drop0p2_trmiss50_trlocradio,32,5e-05,1,64,1,0.2,lr5e-05_bs32_modL1_fusion64_fusionL1_drop0p2_trmiss50_trlocradio,26,0.48254554470380145,0.6752158105373383,0.6743697478991597,0.7894863162366313,0.6666666666666666,0.0,0.0,0.0,0.0,0.0,0.0,0.0,0.0,0.0,2002,radio,0.5
3,2,lr5e-05_bs32_modL1_fusion64_fusionL1_drop0p2_trmiss50_trlocradio,32,5e-05,1,64,1,0.2,lr5e-05_bs32_modL1_fusion64_fusionL1_drop0p2_trmiss50_trlocradio,27,0.4803304225206375,0.6775785684585571,0.6722689075630253,0.7933049215486792,0.6666666666666666,0.0,0.0,0.0,0.0,0.0,0.0,0.0,0.0,0.0,2002,radio,0.5
3,2,lr5e-05_bs32_modL1_fusion64_fusionL1_drop0p2_trmiss50_trlocradio,32,5e-05,1,64,1,0.2,lr5e-05_bs32_modL1_fusion64_fusionL1_drop0p2_trmiss50_trlocradio,28,0.4731398473183314,0.6752097010612488,0.6785714285714286,0.7961515699410727,0.6666666666666666,0.0,0.0,0.0,0.0,0.0,0.0,0.0,0.0,0.0,2002,radio,0.5
3,2,lr5e-05_bs32_modL1_fusion64_fusionL1_drop0p1_trmiss50_trlocradio,32,5e-05,1,64,1,0.1,lr5e-05_bs32_modL1_fusion64_fusionL1_drop0p1_trmiss50_trlocradio,1,0.6521978477636973,0.6687673330307007,0.7373949579831933,0.8495687343808297,0.6888888888888889,0.0,0.0,0.0,0.0,0.0,0.0,0.0,0.0,0.0,2002,radio,0.5
3,2,lr5e-05_bs32_modL1_fusion64_fusionL1_drop0p1_trmiss50_trlocradio,32,5e-05,1,64,1,0.1,lr5e-05_bs32_modL1_fusion64_fusionL1_drop0p1_trmiss50_trlocradio,2,0.6336306035518646,0.6580628156661987,0.7668067226890757,0.8696617630658788,0.7111111111111111,0.0,0.0,0.0,0.0,0.0,0.0,0.0,0.0,0.0,2002,radio,0.5
3,2,lr5e-05_bs32_modL1_fusion64_fusionL1_drop0p1_trmiss50_trlocradio,32,5e-05,1,64,1,0.1,lr5e-05_bs32_modL1_fusion64_fusionL1_drop0p1_trmiss50_trlocradio,3,0.5997166931629181,0.6453193426132202,0.7899159663865546,0.8819160629712482,0.6888888888888889,0.0,0.0,0.0,0.0,0.0,0.0,0.0,0.0,0.0,2002,radio,0.5
3,2,lr5e-05_bs32_modL1_fusion64_fusionL1_drop0p1_trmiss50_trlocradio,32,5e-05,1,64,1,0.1,lr5e-05_bs32_modL1_fusion64_fusionL1_drop0p1_trmiss50_trlocradio,4,0.5894070068995158,0.632877916097641,0.8025210084033614,0.8882699502321154,0.7111111111111111,0.0,0.0,0.0,0.0,0.0,0.0,0.0,0.0,0.0,2002,radio,0.5
3,2,lr5e-05_bs32_modL1_fusion64_fusionL1_drop0p1_trmiss50_trlocradio,32,5e-05,1,64,1,0.1,lr5e-05_bs32_modL1_fusion64_fusionL1_drop0p1_trmiss50_trlocradio,5,0.577546109755834,0.6240494847297668,0.8067226890756303,0.8920196509220276,0.7111111111111111,0.0,0.0,0.0,0.0,0.0,0.0,0.0,0.0,0.0,2002,radio,0.5
3,2,lr5e-05_bs32_modL1_fusion64_fusionL1_drop0p1_trmiss50_trlocradio,32,5e-05,1,64,1,0.1,lr5e-05_bs32_modL1_fusion64_fusionL1_drop0p1_trmiss50_trlocradio,6,0.5614859263102213,0.6190621554851532,0.8046218487394958,0.8914981836517261,0.7111111111111111,0.0,0.0,0.0,0.0,0.0,0.0,0.0,0.0,0.0,2002,radio,0.5
3,2,lr5e-05_bs32_modL1_fusion64_fusionL1_drop0p1_trmiss50_trlocradio,32,5e-05,1,64,1,0.1,lr5e-05_bs32_modL1_fusion64_fusionL1_drop0p1_trmiss50_trlocradio,7,0.547924796740214,0.6133245229721069,0.8088235294117647,0.893902317469171,0.7333333333333333,0.0,0.0,0.0,0.0,0.0,0.0,0.0,0.0,0.0,2002,radio,0.5
3,2,lr5e-05_bs32_modL1_fusion64_fusionL1_drop0p1_trmiss50_trlocradio,32,5e-05,1,64,1,0.1,lr5e-05_bs32_modL1_fusion64_fusionL1_drop0p1_trmiss50_trlocradio,8,0.5388790915409724,0.6093591749668121,0.8151260504201681,0.8992138944028263,0.7555555555555555,0.0,0.0,0.0,0.0,0.0,0.0,0.0,0.0,0.0,2002,radio,0.5
3,2,lr5e-05_bs32_modL1_fusion64_fusionL1_drop0p1_trmiss50_trlocradio,32,5e-05,1,64,1,0.1,lr5e-05_bs32_modL1_fusion64_fusionL1_drop0p1_trmiss50_trlocradio,9,0.5314685106277466,0.6041271984577179,0.8298319327731092,0.9019003498992989,0.7777777777777778,0.0,0.0,0.0,0.0,0.0,0.0,0.0,0.0,0.0,2002,radio,0.5
3,2,lr5e-05_bs32_modL1_fusion64_fusionL1_drop0p1_trmiss50_trlocradio,32,5e-05,1,64,1,0.1,lr5e-05_bs32_modL1_fusion64_fusionL1_drop0p1_trmiss50_trlocradio,10,0.5273347099622091,0.60055011510849,0.8298319327731092,0.9020875539995464,0.8,0.0,0.0,0.0,0.0,0.0,0.0,0.0,0.0,0.0,2002,radio,0.5
3,2,lr5e-05_bs32_modL1_fusion64_fusionL1_drop0p1_trmiss50_trlocradio,32,5e-05,1,64,1,0.1,lr5e-05_bs32_modL1_fusion64_fusionL1_drop0p1_trmiss50_trlocradio,11,0.5059983680645624,0.5983448028564453,0.8298319327731092,0.9034805080240794,0.8,0.0,0.0,0.0,0.0,0.0,0.0,0.0,0.0,0.0,2002,radio,0.5
3,2,lr5e-05_bs32_modL1_fusion64_fusionL1_drop0p1_trmiss50_trlocradio,32,5e-05,1,64,1,0.1,lr5e-05_bs32_modL1_fusion64_fusionL1_drop0p1_trmiss50_trlocradio,12,0.4926022986570994,0.5945668816566467,0.8340336134453781,0.9054079456658028,0.7555555555555555,0.0,0.0,0.0,0.0,0.0,0.0,0.0,0.0,0.0,2002,radio,0.5
3,2,lr5e-05_bs32_modL1_fusion64_fusionL1_drop0p1_trmiss50_trlocradio,32,5e-05,1,64,1,0.1,lr5e-05_bs32_modL1_fusion64_fusionL1_drop0p1_trmiss50_trlocradio,13,0.493332639336586,0.5930726528167725,0.8298319327731093,0.9058250546048466,0.7777777777777778,0.0,0.0,0.0,0.0,0.0,0.0,0.0,0.0,0.0,2002,radio,0.5
3,2,lr5e-05_bs32_modL1_fusion64_fusionL1_drop0p1_trmiss50_trlocradio,32,5e-05,1,64,1,0.1,lr5e-05_bs32_modL1_fusion64_fusionL1_drop0p1_trmiss50_trlocradio,14,0.4856673777103424,0.5893562138080597,0.8403361344537814,0.915557946518203,0.7555555555555555,0.0,0.0,0.0,0.0,0.0,0.0,0.0,0.0,0.0,2002,radio,0.5
3,2,lr5e-05_bs32_modL1_fusion64_fusionL1_drop0p1_trmiss50_trlocradio,32,5e-05,1,64,1,0.1,lr5e-05_bs32_modL1_fusion64_fusionL1_drop0p1_trmiss50_trlocradio,15,0.4631044765313466,0.5871469974517822,0.8298319327731092,0.9058840458292513,0.7555555555555555,0.0,0.0,0.0,0.0,0.0,0.0,0.0,0.0,0.0,2002,radio,0.5
3,2,lr5e-05_bs32_modL1_fusion64_fusionL1_drop0p1_trmiss50_trlocradio,32,5e-05,1,64,1,0.1,lr5e-05_bs32_modL1_fusion64_fusionL1_drop0p1_trmiss50_trlocradio,16,0.4661080787579219,0.5847706496715546,0.8214285714285714,0.8991273784647225,0.7777777777777778,0.0,0.0,0.0,0.0,0.0,0.0,0.0,0.0,0.0,2002,radio,0.5
3,2,lr5e-05_bs32_modL1_fusion64_fusionL1_drop0p1_trmiss50_trlocradio,32,5e-05,1,64,1,0.1,lr5e-05_bs32_modL1_fusion64_fusionL1_drop0p1_trmiss50_trlocradio,17,0.4567517042160034,0.5845343768596649,0.823529411764706,0.9019202249156572,0.7555555555555555,0.0,0.0,0.0,0.0,0.0,0.0,0.0,0.0,0.0,2002,radio,0.5
3,2,lr5e-05_bs32_modL1_fusion64_fusionL1_drop0p1_trmiss50_trlocradio,32,5e-05,1,64,1,0.1,lr5e-05_bs32_modL1_fusion64_fusionL1_drop0p1_trmiss50_trlocradio,18,0.4464771052201589,0.5852763056755066,0.8172268907563025,0.8966799790504113,0.7555555555555555,0.0,0.0,0.0,0.0,0.0,0.0,0.0,0.0,0.0,2002,radio,0.5
3,2,lr5e-05_bs32_modL1_fusion64_fusionL1_drop0p1_trmiss50_trlocradio,32,5e-05,1,64,1,0.1,lr5e-05_bs32_modL1_fusion64_fusionL1_drop0p1_trmiss50_trlocradio,19,0.42194034655888873,0.5840506553649902,0.8319327731092437,0.9088519067956654,0.7555555555555555,0.0,0.0,0.0,0.0,0.0,0.0,0.0,0.0,0.0,2002,radio,0.5
3,2,lr5e-05_bs32_modL1_fusion64_fusionL1_drop0p1_trmiss50_trlocradio,32,5e-05,1,64,1,0.1,lr5e-05_bs32_modL1_fusion64_fusionL1_drop0p1_trmiss50_trlocradio,20,0.4397365053494771,0.5832061767578125,0.8277310924369748,0.9082964915252171,0.7333333333333333,0.0,0.0,0.0,0.0,0.0,0.0,0.0,0.0,0.0,2002,radio,0.5
3,2,lr5e-05_bs32_modL1_fusion64_fusionL1_drop0p1_trmiss50_trlocradio,32,5e-05,1,64,1,0.1,lr5e-05_bs32_modL1_fusion64_fusionL1_drop0p1_trmiss50_trlocradio,21,0.43142583469549817,0.582365483045578,0.8214285714285715,0.901259721474294,0.7333333333333333,0.0,0.0,0.0,0.0,0.0,0.0,0.0,0.0,0.0,2002,radio,0.5
3,2,lr5e-05_bs32_modL1_fusion64_fusionL1_drop0p1_trmiss50_trlocradio,32,5e-05,1,64,1,0.1,lr5e-05_bs32_modL1_fusion64_fusionL1_drop0p1_trmiss50_trlocradio,22,0.4194429914156596,0.5807940065860748,0.8151260504201681,0.8969959082154769,0.7555555555555555,0.0,0.0,0.0,0.0,0.0,0.0,0.0,0.0,0.0,2002,radio,0.5
3,2,lr5e-05_bs32_modL1_fusion64_fusionL1_drop0p1_trmiss50_trlocradio,32,5e-05,1,64,1,0.1,lr5e-05_bs32_modL1_fusion64_fusionL1_drop0p1_trmiss50_trlocradio,23,0.412510022521019,0.5823526978492737,0.8025210084033614,0.8858895754277326,0.7555555555555555,0.0,0.0,0.0,0.0,0.0,0.0,0.0,0.0,0.0,2002,radio,0.5
3,2,lr5e-05_bs32_modL1_fusion64_fusionL1_drop0p1_trmiss50_trlocradio,32,5e-05,1,64,1,0.1,lr5e-05_bs32_modL1_fusion64_fusionL1_drop0p1_trmiss50_trlocradio,24,0.3980202277501424,0.5827358663082123,0.7983193277310925,0.8799068695676657,0.7777777777777778,0.0,0.0,0.0,0.0,0.0,0.0,0.0,0.0,0.0,2002,radio,0.5
3,2,lr5e-05_bs32_modL1_fusion64_fusionL1_drop0p1_trmiss50_trlocradio,32,5e-05,1,64,1,0.1,lr5e-05_bs32_modL1_fusion64_fusionL1_drop0p1_trmiss50_trlocradio,25,0.39725132783253986,0.5823592245578766,0.8025210084033614,0.879347744996965,0.8,0.0,0.0,0.0,0.0,0.0,0.0,0.0,0.0,0.0,2002,radio,0.5
3,2,lr5e-05_bs32_modL1_fusion64_fusionL1_drop0p1_trmiss50_trlocradio,32,5e-05,1,64,1,0.1,lr5e-05_bs32_modL1_fusion64_fusionL1_drop0p1_trmiss50_trlocradio,26,0.38869236906369525,0.5801663100719452,0.8004201680672269,0.8804363543800645,0.7777777777777778,0.0,0.0,0.0,0.0,0.0,0.0,0.0,0.0,0.0,2002,radio,0.5
3,2,lr5e-05_bs32_modL1_fusion64_fusionL1_drop0p1_trmiss50_trlocradio,32,5e-05,1,64,1,0.1,lr5e-05_bs32_modL1_fusion64_fusionL1_drop0p1_trmiss50_trlocradio,27,0.3844981888930003,0.576209545135498,0.8004201680672269,0.879256299024589,0.7777777777777778,0.0,0.0,0.0,0.0,0.0,0.0,0.0,0.0,0.0,2002,radio,0.5
3,2,lr5e-05_bs32_modL1_fusion64_fusionL1_drop0p1_trmiss50_trlocradio,32,5e-05,1,64,1,0.1,lr5e-05_bs32_modL1_fusion64_fusionL1_drop0p1_trmiss50_trlocradio,28,0.37311922013759613,0.5770743489265442,0.8088235294117647,0.8859781282096281,0.7777777777777778,0.0,0.0,0.0,0.0,0.0,0.0,0.0,0.0,0.0,2002,radio,0.5
3,2,lr5e-05_bs32_modL1_fusion64_fusionL1_drop0p1_trmiss50_trlocradio,32,5e-05,1,64,1,0.1,lr5e-05_bs32_modL1_fusion64_fusionL1_drop0p1_trmiss50_trlocradio,29,0.37384997804959613,0.5756974518299103,0.8046218487394958,0.8816839105225532,0.7777777777777778,0.0,0.0,0.0,0.0,0.0,0.0,0.0,0.0,0.0,2002,radio,0.5
3,2,lr5e-05_bs32_modL1_fusion64_fusionL1_drop0p1_trmiss50_trlocradio,32,5e-05,1,64,1,0.1,lr5e-05_bs32_modL1_fusion64_fusionL1_drop0p1_trmiss50_trlocradio,30,0.36398571232954663,0.5729933381080627,0.8088235294117648,0.8857243396594685,0.7777777777777778,0.0,0.0,0.0,0.0,0.0,0.0,0.0,0.0,0.0,2002,radio,0.5
3,2,lr5e-05_bs32_modL1_fusion64_fusionL1_drop0p1_trmiss50_trlocradio,32,5e-05,1,64,1,0.1,lr5e-05_bs32_modL1_fusion64_fusionL1_drop0p1_trmiss50_trlocradio,31,0.35761381189028424,0.5736000537872314,0.8067226890756303,0.8825115663468767,0.7555555555555555,0.0,0.0,0.0,0.0,0.0,0.0,0.0,0.0,0.0,2002,radio,0.5
3,2,lr5e-05_bs32_modL1_fusion64_fusionL1_drop0p1_trmiss50_trlocradio,32,5e-05,1,64,1,0.1,lr5e-05_bs32_modL1_fusion64_fusionL1_drop0p1_trmiss50_trlocradio,32,0.35609036187330884,0.5765939950942993,0.7878151260504203,0.8642057714936623,0.7777777777777778,0.0,0.0,0.0,0.0,0.0,0.0,0.0,0.0,0.0,2002,radio,0.5
3,2,lr5e-05_bs32_modL1_fusion64_fusionL1_drop0p1_trmiss50_trlocradio,32,5e-05,1,64,1,0.1,lr5e-05_bs32_modL1_fusion64_fusionL1_drop0p1_trmiss50_trlocradio,33,0.36891716718673706,0.5773069262504578,0.7794117647058824,0.8635234633245606,0.7333333333333333,0.0,0.0,0.0,0.0,0.0,0.0,0.0,0.0,0.0,2002,radio,0.5
3,2,lr5e-05_bs32_modL1_fusion64_fusionL1_drop0p1_trmiss50_trlocradio,32,5e-05,1,64,1,0.1,lr5e-05_bs32_modL1_fusion64_fusionL1_drop0p1_trmiss50_trlocradio,34,0.36992379029591876,0.5748471915721893,0.7857142857142858,0.8738056022357704,0.6888888888888889,0.0,0.0,0.0,0.0,0.0,0.0,0.0,0.0,0.0,2002,radio,0.5
3,2,lr1e-04_bs32_modL1_fusion32_fusionL1_drop0p2_trmiss50_trlocradio,32,0.0001,1,32,1,0.2,lr1e-04_bs32_modL1_fusion32_fusionL1_drop0p2_trmiss50_trlocradio,1,0.6977192560831705,0.6899142265319824,0.5399159663865546,0.7017778018820463,0.5111111111111111,0.0,0.0,0.0,0.0,0.0,0.0,0.0,0.0,0.0,2002,radio,0.5
3,2,lr1e-04_bs32_modL1_fusion32_fusionL1_drop0p2_trmiss50_trlocradio,32,0.0001,1,32,1,0.2,lr1e-04_bs32_modL1_fusion32_fusionL1_drop0p2_trmiss50_trlocradio,2,0.6397254168987274,0.6894772946834564,0.5357142857142857,0.7087269243557754,0.5555555555555556,0.0,0.0,0.0,0.0,0.0,0.0,0.0,0.0,0.0,2002,radio,0.5
3,2,lr1e-04_bs32_modL1_fusion32_fusionL1_drop0p2_trmiss50_trlocradio,32,0.0001,1,32,1,0.2,lr1e-04_bs32_modL1_fusion32_fusionL1_drop0p2_trmiss50_trlocradio,3,0.6130688190460205,0.6909677684307098,0.5357142857142857,0.7083134661096026,0.5111111111111111,0.0,0.0,0.0,0.0,0.0,0.0,0.0,0.0,0.0,2002,radio,0.5
3,2,lr1e-04_bs32_modL1_fusion32_fusionL1_drop0p2_trmiss50_trlocradio,32,0.0001,1,32,1,0.2,lr1e-04_bs32_modL1_fusion32_fusionL1_drop0p2_trmiss50_trlocradio,4,0.5709580977757772,0.6921683251857758,0.5588235294117648,0.7228102537450969,0.5333333333333333,0.0,0.0,0.0,0.0,0.0,0.0,0.0,0.0,0.0,2002,radio,0.5
3,2,lr1e-04_bs32_modL1_fusion32_fusionL1_drop0p2_trmiss50_trlocradio,32,0.0001,1,32,1,0.2,lr1e-04_bs32_modL1_fusion32_fusionL1_drop0p2_trmiss50_trlocradio,5,0.5858706335226694,0.6905077397823334,0.569327731092437,0.7273325454840069,0.5555555555555556,0.0,0.0,0.0,0.0,0.0,0.0,0.0,0.0,0.0,2002,radio,0.5
3,2,lr1e-04_bs32_modL1_fusion32_fusionL1_drop0p2_trmiss50_trlocradio,32,0.0001,1,32,1,0.2,lr1e-04_bs32_modL1_fusion32_fusionL1_drop0p2_trmiss50_trlocradio,6,0.563938707113266,0.6887437701225281,0.5819327731092437,0.735497712894684,0.5777777777777777,0.0,0.0,0.0,0.0,0.0,0.0,0.0,0.0,0.0,2002,radio,0.5
3,2,lr1e-04_bs32_modL1_fusion32_fusionL1_drop0p2_trmiss50_trlocradio,32,0.0001,1,32,1,0.2,lr1e-04_bs32_modL1_fusion32_fusionL1_drop0p2_trmiss50_trlocradio,7,0.557929148276647,0.684739887714386,0.6029411764705882,0.7521958849770095,0.5777777777777777,0.0,0.0,0.0,0.0,0.0,0.0,0.0,0.0,0.0,2002,radio,0.5
3,2,lr1e-04_bs32_modL1_fusion32_fusionL1_drop0p2_trmiss50_trlocradio,32,0.0001,1,32,1,0.2,lr1e-04_bs32_modL1_fusion32_fusionL1_drop0p2_trmiss50_trlocradio,8,0.5399252772331238,0.6796484291553497,0.6113445378151261,0.7565988949439292,0.5555555555555556,0.0,0.0,0.0,0.0,0.0,0.0,0.0,0.0,0.0,2002,radio,0.5
3,2,lr1e-04_bs32_modL1_fusion32_fusionL1_drop0p2_trmiss50_trlocradio,32,0.0001,1,32,1,0.2,lr1e-04_bs32_modL1_fusion32_fusionL1_drop0p2_trmiss50_trlocradio,9,0.5274926871061325,0.6735440194606781,0.6281512605042017,0.7588363901214171,0.5777777777777777,0.0,0.0,0.0,0.0,0.0,0.0,0.0,0.0,0.0,2002,radio,0.5
3,2,lr1e-04_bs32_modL1_fusion32_fusionL1_drop0p2_trmiss50_trlocradio,32,0.0001,1,32,1,0.2,lr1e-04_bs32_modL1_fusion32_fusionL1_drop0p2_trmiss50_trlocradio,10,0.5169070462385813,0.6716546416282654,0.6365546218487396,0.7592864562378401,0.6,0.0,0.0,0.0,0.0,0.0,0.0,0.0,0.0,0.0,2002,radio,0.5
3,2,lr1e-04_bs32_modL1_fusion32_fusionL1_drop0p2_trmiss50_trlocradio,32,0.0001,1,32,1,0.2,lr1e-04_bs32_modL1_fusion32_fusionL1_drop0p2_trmiss50_trlocradio,11,0.4846378266811371,0.6699103713035583,0.6323529411764707,0.7621683966613086,0.6,0.0,0.0,0.0,0.0,0.0,0.0,0.0,0.0,0.0,2002,radio,0.5
3,2,lr1e-04_bs32_modL1_fusion32_fusionL1_drop0p2_trmiss50_trlocradio,32,0.0001,1,32,1,0.2,lr1e-04_bs32_modL1_fusion32_fusionL1_drop0p2_trmiss50_trlocradio,12,0.49607109030087787,0.6703599691390991,0.6344537815126051,0.7653859059457093,0.6,0.0,0.0,0.0,0.0,0.0,0.0,0.0,0.0,0.0,2002,radio,0.5
3,2,lr1e-04_bs32_modL1_fusion32_fusionL1_drop0p2_trmiss50_trlocradio,32,0.0001,1,32,1,0.2,lr1e-04_bs32_modL1_fusion32_fusionL1_drop0p2_trmiss50_trlocradio,13,0.4672466864188512,0.6697688400745392,0.6407563025210085,0.7797088774298595,0.6444444444444445,0.0,0.0,0.0,0.0,0.0,0.0,0.0,0.0,0.0,2002,radio,0.5
3,2,lr1e-04_bs32_modL1_fusion32_fusionL1_drop0p2_trmiss50_trlocradio,32,0.0001,1,32,1,0.2,lr1e-04_bs32_modL1_fusion32_fusionL1_drop0p2_trmiss50_trlocradio,14,0.45156234006086987,0.6700820326805115,0.6302521008403361,0.7720545019414855,0.6222222222222222,0.0,0.0,0.0,0.0,0.0,0.0,0.0,0.0,0.0,2002,radio,0.5
3,2,lr1e-04_bs32_modL1_fusion32_fusionL1_drop0p2_trmiss50_trlocradio,32,0.0001,1,32,1,0.2,lr1e-04_bs32_modL1_fusion32_fusionL1_drop0p2_trmiss50_trlocradio,15,0.46354613204797107,0.66856250166893,0.6365546218487395,0.7761917819069499,0.6,0.0,0.0,0.0,0.0,0.0,0.0,0.0,0.0,0.0,2002,radio,0.5
3,2,lr1e-04_bs32_modL1_fusion32_fusionL1_drop0p2_trmiss50_trlocradio,32,0.0001,1,32,1,0.2,lr1e-04_bs32_modL1_fusion32_fusionL1_drop0p2_trmiss50_trlocradio,16,0.4362390836079915,0.6684057414531708,0.6323529411764706,0.780629398451755,0.6,0.0,0.0,0.0,0.0,0.0,0.0,0.0,0.0,0.0,2002,radio,0.5
3,2,lr1e-04_bs32_modL1_fusion32_fusionL1_drop0p2_trmiss50_trlocradio,32,0.0001,1,32,1,0.2,lr1e-04_bs32_modL1_fusion32_fusionL1_drop0p2_trmiss50_trlocradio,17,0.42817067603270215,0.6702166497707367,0.6281512605042017,0.7745458514357061,0.6,0.0,0.0,0.0,0.0,0.0,0.0,0.0,0.0,0.0,2002,radio,0.5
3,2,lr1e-04_bs32_modL1_fusion32_fusionL1_drop0p2_trmiss50_trlocradio,32,0.0001,1,32,1,0.2,lr1e-04_bs32_modL1_fusion32_fusionL1_drop0p2_trmiss50_trlocradio,18,0.4463793287674586,0.6749022006988525,0.6176470588235294,0.770534690277832,0.5777777777777777,0.0,0.0,0.0,0.0,0.0,0.0,0.0,0.0,0.0,2002,radio,0.5
3,2,lr1e-04_bs32_modL1_fusion32_fusionL1_drop0p2_trmiss50_trlocradio,32,0.0001,1,32,1,0.2,lr1e-04_bs32_modL1_fusion32_fusionL1_drop0p2_trmiss50_trlocradio,19,0.4285509337981542,0.6727285981178284,0.6260504201680672,0.7794672234954456,0.5777777777777777,0.0,0.0,0.0,0.0,0.0,0.0,0.0,0.0,0.0,2002,radio,0.5
3,2,lr1e-04_bs32_modL1_fusion32_fusionL1_drop0p2_trmiss50_trlocradio,32,0.0001,1,32,1,0.2,lr1e-04_bs32_modL1_fusion32_fusionL1_drop0p2_trmiss50_trlocradio,20,0.40443996091683704,0.6744426488876343,0.6197478991596639,0.773652678707653,0.5777777777777777,0.0,0.0,0.0,0.0,0.0,0.0,0.0,0.0,0.0,2002,radio,0.5
3,2,lr1e-04_bs32_modL1_fusion32_fusionL1_drop0p2_trmiss50_trlocradio,32,0.0001,1,32,1,0.2,lr1e-04_bs32_modL1_fusion32_fusionL1_drop0p2_trmiss50_trlocradio,21,0.4122212727864583,0.6744459569454193,0.6239495798319328,0.7788395717275797,0.6222222222222222,0.0,0.0,0.0,0.0,0.0,0.0,0.0,0.0,0.0,2002,radio,0.5
3,2,lr1e-04_bs32_modL1_fusion32_fusionL1_drop0p2_trmiss50_trlocradio,32,0.0001,1,32,1,0.2,lr1e-04_bs32_modL1_fusion32_fusionL1_drop0p2_trmiss50_trlocradio,22,0.3977493892113368,0.6722898185253143,0.6302521008403361,0.7864728198324266,0.6222222222222222,0.0,0.0,0.0,0.0,0.0,0.0,0.0,0.0,0.0,2002,radio,0.5
3,2,lr1e-04_bs32_modL1_fusion32_fusionL1_drop0p2_trmiss50_trlocradio,32,0.0001,1,32,1,0.2,lr1e-04_bs32_modL1_fusion32_fusionL1_drop0p2_trmiss50_trlocradio,23,0.3731221854686737,0.6730470061302185,0.6197478991596639,0.7722952180387703,0.6444444444444445,0.0,0.0,0.0,0.0,0.0,0.0,0.0,0.0,0.0,2002,radio,0.5
3,2,lr1e-04_bs32_modL1_fusion32_fusionL1_drop0p2_trmiss50_trlocradio,32,0.0001,1,32,1,0.2,lr1e-04_bs32_modL1_fusion32_fusionL1_drop0p2_trmiss50_trlocradio,24,0.40340052048365277,0.6726453602313995,0.634453781512605,0.7802333721741495,0.6444444444444445,0.0,0.0,0.0,0.0,0.0,0.0,0.0,0.0,0.0,2002,radio,0.5
3,2,lr1e-04_bs32_modL1_fusion32_fusionL1_drop0p2_trmiss50_trlocradio,32,0.0001,1,32,1,0.2,lr1e-04_bs32_modL1_fusion32_fusionL1_drop0p2_trmiss50_trlocradio,25,0.3778427640597026,0.6711494028568268,0.6386554621848739,0.7797031600893154,0.6444444444444445,0.0,0.0,0.0,0.0,0.0,0.0,0.0,0.0,0.0,2002,radio,0.5
3,2,lr1e-04_bs32_modL1_fusion32_fusionL1_drop0p2_trmiss50_trlocradio,32,0.0001,1,32,1,0.2,lr1e-04_bs32_modL1_fusion32_fusionL1_drop0p2_trmiss50_trlocradio,26,0.3893623352050781,0.6744098365306854,0.6302521008403361,0.768374123685482,0.6444444444444445,0.0,0.0,0.0,0.0,0.0,0.0,0.0,0.0,0.0,2002,radio,0.5
3,2,lr1e-04_bs32_modL1_fusion32_fusionL1_drop0p2_trmiss50_trlocradio,32,0.0001,1,32,1,0.2,lr1e-04_bs32_modL1_fusion32_fusionL1_drop0p2_trmiss50_trlocradio,27,0.37107960879802704,0.6760419309139252,0.6281512605042017,0.7589646702489349,0.6444444444444445,0.0,0.0,0.0,0.0,0.0,0.0,0.0,0.0,0.0,2002,radio,0.5
3,2,lr1e-04_bs32_modL1_fusion32_fusionL1_drop0p2_trmiss50_trlocradio,32,0.0001,1,32,1,0.2,lr1e-04_bs32_modL1_fusion32_fusionL1_drop0p2_trmiss50_trlocradio,28,0.3839048445224762,0.6780931353569031,0.6176470588235294,0.7383865029257423,0.6222222222222222,0.0,0.0,0.0,0.0,0.0,0.0,0.0,0.0,0.0,2002,radio,0.5
3,2,lr1e-04_bs32_modL1_fusion32_fusionL1_drop0p2_trmiss50_trlocradio,32,0.0001,1,32,1,0.2,lr1e-04_bs32_modL1_fusion32_fusionL1_drop0p2_trmiss50_trlocradio,29,0.37485667566458386,0.6801723837852478,0.6113445378151261,0.7331036438143558,0.6222222222222222,0.0,0.0,0.0,0.0,0.0,0.0,0.0,0.0,0.0,2002,radio,0.5
3,2,lr1e-04_bs32_modL1_fusion32_fusionL1_drop0p2_trmiss50_trlocradio,32,0.0001,1,32,1,0.2,lr1e-04_bs32_modL1_fusion32_fusionL1_drop0p2_trmiss50_trlocradio,30,0.37561752398808795,0.6804574728012085,0.6071428571428572,0.7322285569374998,0.6222222222222222,0.0,0.0,0.0,0.0,0.0,0.0,0.0,0.0,0.0,2002,radio,0.5
3,2,lr1e-04_bs32_modL1_fusion32_fusionL1_drop0p2_trmiss50_trlocradio,32,0.0001,1,32,1,0.2,lr1e-04_bs32_modL1_fusion32_fusionL1_drop0p2_trmiss50_trlocradio,31,0.3799331734577815,0.6820086538791656,0.6029411764705882,0.7289708093940379,0.6,0.0,0.0,0.0,0.0,0.0,0.0,0.0,0.0,0.0,2002,radio,0.5
3,2,lr1e-04_bs32_modL1_fusion32_fusionL1_drop0p2_trmiss50_trlocradio,32,0.0001,1,32,1,0.2,lr1e-04_bs32_modL1_fusion32_fusionL1_drop0p2_trmiss50_trlocradio,32,0.3739583492279053,0.6839472651481628,0.5987394957983194,0.7285091120690887,0.6222222222222222,0.0,0.0,0.0,0.0,0.0,0.0,0.0,0.0,0.0,2002,radio,0.5
3,2,lr1e-04_bs32_modL1_fusion32_fusionL1_drop0p2_trmiss50_trlocradio,32,0.0001,1,32,1,0.2,lr1e-04_bs32_modL1_fusion32_fusionL1_drop0p2_trmiss50_trlocradio,33,0.36815648277600604,0.6836979985237122,0.6008403361344539,0.7131836507808946,0.6,0.0,0.0,0.0,0.0,0.0,0.0,0.0,0.0,0.0,2002,radio,0.5
3,2,lr1e-04_bs32_modL1_fusion32_fusionL1_drop0p1_trmiss50_trlocradio,32,0.0001,1,32,1,0.1,lr1e-04_bs32_modL1_fusion32_fusionL1_drop0p1_trmiss50_trlocradio,1,0.7013544539610544,0.6757567524909973,0.6680672268907564,0.7107941899857425,0.5777777777777777,0.0,0.0,0.0,0.0,0.0,0.0,0.0,0.0,0.0,2002,radio,0.5
3,2,lr1e-04_bs32_modL1_fusion32_fusionL1_drop0p1_trmiss50_trlocradio,32,0.0001,1,32,1,0.1,lr1e-04_bs32_modL1_fusion32_fusionL1_drop0p1_trmiss50_trlocradio,2,0.6695017615954081,0.6633730530738831,0.7184873949579832,0.768282301013493,0.6222222222222222,0.0,0.0,0.0,0.0,0.0,0.0,0.0,0.0,0.0,2002,radio,0.5
3,2,lr1e-04_bs32_modL1_fusion32_fusionL1_drop0p1_trmiss50_trlocradio,32,0.0001,1,32,1,0.1,lr1e-04_bs32_modL1_fusion32_fusionL1_drop0p1_trmiss50_trlocradio,3,0.6446856359640757,0.648493766784668,0.726890756302521,0.7810422307429605,0.6,0.0,0.0,0.0,0.0,0.0,0.0,0.0,0.0,0.0,2002,radio,0.5
3,2,lr1e-04_bs32_modL1_fusion32_fusionL1_drop0p1_trmiss50_trlocradio,32,0.0001,1,32,1,0.1,lr1e-04_bs32_modL1_fusion32_fusionL1_drop0p1_trmiss50_trlocradio,4,0.6064050495624542,0.6386121213436127,0.73109243697479,0.7851259776838504,0.5777777777777777,0.0,0.0,0.0,0.0,0.0,0.0,0.0,0.0,0.0,2002,radio,0.5
3,2,lr1e-04_bs32_modL1_fusion32_fusionL1_drop0p1_trmiss50_trlocradio,32,0.0001,1,32,1,0.1,lr1e-04_bs32_modL1_fusion32_fusionL1_drop0p1_trmiss50_trlocradio,5,0.5754540463288625,0.6319041848182678,0.7373949579831933,0.7704414503389958,0.5777777777777777,0.0,0.0,0.0,0.0,0.0,0.0,0.0,0.0,0.0,2002,radio,0.5
3,2,lr1e-04_bs32_modL1_fusion32_fusionL1_drop0p1_trmiss50_trlocradio,32,0.0001,1,32,1,0.1,lr1e-04_bs32_modL1_fusion32_fusionL1_drop0p1_trmiss50_trlocradio,6,0.5709340075651804,0.6214455962181091,0.7457983193277311,0.7961239360214813,0.6,0.0,0.0,0.0,0.0,0.0,0.0,0.0,0.0,0.0,2002,radio,0.5
3,2,lr1e-04_bs32_modL1_fusion32_fusionL1_drop0p1_trmiss50_trlocradio,32,0.0001,1,32,1,0.1,lr1e-04_bs32_modL1_fusion32_fusionL1_drop0p1_trmiss50_trlocradio,7,0.5399974336226782,0.6090997755527496,0.7626050420168067,0.8318151695604592,0.6222222222222222,0.0,0.0,0.0,0.0,0.0,0.0,0.0,0.0,0.0,2002,radio,0.5
3,2,lr1e-04_bs32_modL1_fusion32_fusionL1_drop0p1_trmiss50_trlocradio,32,0.0001,1,32,1,0.1,lr1e-04_bs32_modL1_fusion32_fusionL1_drop0p1_trmiss50_trlocradio,8,0.547036200761795,0.6045298874378204,0.7794117647058824,0.8535962674353641,0.6444444444444445,0.0,0.0,0.0,0.0,0.0,0.0,0.0,0.0,0.0,2002,radio,0.5
3,2,lr1e-04_bs32_modL1_fusion32_fusionL1_drop0p1_trmiss50_trlocradio,32,0.0001,1,32,1,0.1,lr1e-04_bs32_modL1_fusion32_fusionL1_drop0p1_trmiss50_trlocradio,9,0.512858713666598,0.601272851228714,0.7836134453781513,0.8389992893469383,0.6666666666666666,0.0,0.0,0.0,0.0,0.0,0.0,0.0,0.0,0.0,2002,radio,0.5
3,2,lr1e-04_bs32_modL1_fusion32_fusionL1_drop0p1_trmiss50_trlocradio,32,0.0001,1,32,1,0.1,lr1e-04_bs32_modL1_fusion32_fusionL1_drop0p1_trmiss50_trlocradio,10,0.5203132629394531,0.6014321446418762,0.7752100840336135,0.8237469287435342,0.6888888888888889,0.0,0.0,0.0,0.0,0.0,0.0,0.0,0.0,0.0,2002,radio,0.5
3,2,lr1e-04_bs32_modL1_fusion32_fusionL1_drop0p1_trmiss50_trlocradio,32,0.0001,1,32,1,0.1,lr1e-04_bs32_modL1_fusion32_fusionL1_drop0p1_trmiss50_trlocradio,11,0.4870940645535787,0.6024445295333862,0.7752100840336134,0.8274340540638816,0.6666666666666666,0.0,0.0,0.0,0.0,0.0,0.0,0.0,0.0,0.0,2002,radio,0.5
3,2,lr1e-04_bs32_modL1_fusion32_fusionL1_drop0p1_trmiss50_trlocradio,32,0.0001,1,32,1,0.1,lr1e-04_bs32_modL1_fusion32_fusionL1_drop0p1_trmiss50_trlocradio,12,0.489075427254041,0.6008067429065704,0.7773109243697479,0.838810182249016,0.6666666666666666,0.0,0.0,0.0,0.0,0.0,0.0,0.0,0.0,0.0,2002,radio,0.5
3,2,lr1e-04_bs32_modL1_fusion32_fusionL1_drop0p1_trmiss50_trlocradio,32,0.0001,1,32,1,0.1,lr1e-04_bs32_modL1_fusion32_fusionL1_drop0p1_trmiss50_trlocradio,13,0.47396331528822583,0.5992442071437836,0.7941176470588235,0.8525780770189493,0.6666666666666666,0.0,0.0,0.0,0.0,0.0,0.0,0.0,0.0,0.0,2002,radio,0.5
3,2,lr1e-04_bs32_modL1_fusion32_fusionL1_drop0p1_trmiss50_trlocradio,32,0.0001,1,32,1,0.1,lr1e-04_bs32_modL1_fusion32_fusionL1_drop0p1_trmiss50_trlocradio,14,0.47106191019217175,0.5948127508163452,0.8067226890756303,0.8622879742149538,0.6444444444444445,0.0,0.0,0.0,0.0,0.0,0.0,0.0,0.0,0.0,2002,radio,0.5
3,2,lr1e-04_bs32_modL1_fusion32_fusionL1_drop0p1_trmiss50_trlocradio,32,0.0001,1,32,1,0.1,lr1e-04_bs32_modL1_fusion32_fusionL1_drop0p1_trmiss50_trlocradio,15,0.45632338523864746,0.5914234220981598,0.8109243697478992,0.8686502463965536,0.6666666666666666,0.0,0.0,0.0,0.0,0.0,0.0,0.0,0.0,0.0,2002,radio,0.5
3,2,lr1e-04_bs32_modL1_fusion32_fusionL1_drop0p1_trmiss50_trlocradio,32,0.0001,1,32,1,0.1,lr1e-04_bs32_modL1_fusion32_fusionL1_drop0p1_trmiss50_trlocradio,16,0.4589124371608098,0.5867880582809448,0.8277310924369747,0.8835159525857893,0.6666666666666666,0.0,0.0,0.0,0.0,0.0,0.0,0.0,0.0,0.0,2002,radio,0.5
3,2,lr1e-04_bs32_modL1_fusion32_fusionL1_drop0p1_trmiss50_trlocradio,32,0.0001,1,32,1,0.1,lr1e-04_bs32_modL1_fusion32_fusionL1_drop0p1_trmiss50_trlocradio,17,0.4434105157852173,0.5866881906986237,0.8235294117647058,0.8710702461183437,0.6888888888888889,0.0,0.0,0.0,0.0,0.0,0.0,0.0,0.0,0.0,2002,radio,0.5
3,2,lr1e-04_bs32_modL1_fusion32_fusionL1_drop0p1_trmiss50_trlocradio,32,0.0001,1,32,1,0.1,lr1e-04_bs32_modL1_fusion32_fusionL1_drop0p1_trmiss50_trlocradio,18,0.445388784011205,0.5889649987220764,0.8088235294117647,0.863018425683718,0.6888888888888889,0.0,0.0,0.0,0.0,0.0,0.0,0.0,0.0,0.0,2002,radio,0.5
3,2,lr1e-04_bs32_modL1_fusion32_fusionL1_drop0p1_trmiss50_trlocradio,32,0.0001,1,32,1,0.1,lr1e-04_bs32_modL1_fusion32_fusionL1_drop0p1_trmiss50_trlocradio,19,0.43574028213818866,0.58635014295578,0.8130252100840336,0.8522952713918452,0.6888888888888889,0.0,0.0,0.0,0.0,0.0,0.0,0.0,0.0,0.0,2002,radio,0.5
3,2,lr1e-04_bs32_modL1_fusion32_fusionL1_drop0p1_trmiss50_trlocradio,32,0.0001,1,32,1,0.1,lr1e-04_bs32_modL1_fusion32_fusionL1_drop0p1_trmiss50_trlocradio,20,0.42082831760247547,0.584955483675003,0.8151260504201681,0.854335826293063,0.6666666666666666,0.0,0.0,0.0,0.0,0.0,0.0,0.0,0.0,0.0,2002,radio,0.5
3,2,lr1e-04_bs32_modL1_fusion32_fusionL1_drop0p1_trmiss50_trlocradio,32,0.0001,1,32,1,0.1,lr1e-04_bs32_modL1_fusion32_fusionL1_drop0p1_trmiss50_trlocradio,21,0.418035626411438,0.5899598896503448,0.7983193277310925,0.8384400988530744,0.6666666666666666,0.0,0.0,0.0,0.0,0.0,0.0,0.0,0.0,0.0,2002,radio,0.5
3,2,lr1e-04_bs32_modL1_fusion32_fusionL1_drop0p1_trmiss50_trlocradio,32,0.0001,1,32,1,0.1,lr1e-04_bs32_modL1_fusion32_fusionL1_drop0p1_trmiss50_trlocradio,22,0.4165078103542328,0.5903345346450806,0.796218487394958,0.8238411285301349,0.6666666666666666,0.0,0.0,0.0,0.0,0.0,0.0,0.0,0.0,0.0,2002,radio,0.5
3,2,lr1e-04_bs32_modL1_fusion32_fusionL1_drop0p1_trmiss50_trlocradio,32,0.0001,1,32,1,0.1,lr1e-04_bs32_modL1_fusion32_fusionL1_drop0p1_trmiss50_trlocradio,23,0.40403710802396137,0.5872571170330048,0.8088235294117647,0.8412707690148049,0.6666666666666666,0.0,0.0,0.0,0.0,0.0,0.0,0.0,0.0,0.0,2002,radio,0.5
3,2,lr1e-04_bs32_modL1_fusion32_fusionL1_drop0p1_trmiss50_trlocradio,32,0.0001,1,32,1,0.1,lr1e-04_bs32_modL1_fusion32_fusionL1_drop0p1_trmiss50_trlocradio,24,0.3971555729707082,0.5896442234516144,0.8046218487394958,0.8309721965943838,0.6666666666666666,0.0,0.0,0.0,0.0,0.0,0.0,0.0,0.0,0.0,2002,radio,0.5
3,2,lr1e-04_bs32_modL1_fusion32_fusionL1_drop0p1_trmiss50_trlocradio,32,0.0001,1,32,1,0.1,lr1e-04_bs32_modL1_fusion32_fusionL1_drop0p1_trmiss50_trlocradio,25,0.39994632204373676,0.5928117334842682,0.7899159663865546,0.8146724548137203,0.6666666666666666,0.0,0.0,0.0,0.0,0.0,0.0,0.0,0.0,0.0,2002,radio,0.5
3,2,lr1e-04_bs32_modL1_fusion32_fusionL1_drop0p1_trmiss50_trlocradio,32,0.0001,1,32,1,0.1,lr1e-04_bs32_modL1_fusion32_fusionL1_drop0p1_trmiss50_trlocradio,26,0.37901565929253894,0.5866625607013702,0.8025210084033614,0.8280709157406806,0.6666666666666666,0.0,0.0,0.0,0.0,0.0,0.0,0.0,0.0,0.0,2002,radio,0.5
3,2,lr1e-04_bs32_modL1_fusion32_fusionL1_drop0p1_trmiss50_trlocradio,32,0.0001,1,32,1,0.1,lr1e-04_bs32_modL1_fusion32_fusionL1_drop0p1_trmiss50_trlocradio,27,0.37374945481618244,0.5863929390907288,0.8046218487394958,0.8334596501225806,0.6666666666666666,0.0,0.0,0.0,0.0,0.0,0.0,0.0,0.0,0.0,2002,radio,0.5
3,2,lr1e-04_bs32_modL1_fusion32_fusionL1_drop0p1_trmiss50_trlocradio,32,0.0001,1,32,1,0.1,lr1e-04_bs32_modL1_fusion32_fusionL1_drop0p1_trmiss50_trlocradio,28,0.37431472539901733,0.5890390276908875,0.773109243697479,0.8127303122837177,0.6666666666666666,0.0,0.0,0.0,0.0,0.0,0.0,0.0,0.0,0.0,2002,radio,0.5
3,2,lr1e-04_bs32_modL1_fusion32_fusionL1_drop0p1_trmiss50_trlocradio,32,0.0001,1,32,1,0.1,lr1e-04_bs32_modL1_fusion32_fusionL1_drop0p1_trmiss50_trlocradio,29,0.3689393252134323,0.5903577506542206,0.7626050420168068,0.7907266117147206,0.6666666666666666,0.0,0.0,0.0,0.0,0.0,0.0,0.0,0.0,0.0,2002,radio,0.5
3,2,lr1e-04_bs32_modL1_fusion32_fusionL1_drop0p1_trmiss50_trlocradio,32,0.0001,1,32,1,0.1,lr1e-04_bs32_modL1_fusion32_fusionL1_drop0p1_trmiss50_trlocradio,30,0.39089128871758777,0.5886027216911316,0.7647058823529412,0.7918051049896977,0.6666666666666666,0.0,0.0,0.0,0.0,0.0,0.0,0.0,0.0,0.0,2002,radio,0.5
3,2,lr1e-04_bs32_modL1_fusion32_fusionL1_drop0p1_trmiss50_trlocradio,32,0.0001,1,32,1,0.1,lr1e-04_bs32_modL1_fusion32_fusionL1_drop0p1_trmiss50_trlocradio,31,0.3624093383550644,0.5872688889503479,0.773109243697479,0.8012791552402965,0.6666666666666666,0.0,0.0,0.0,0.0,0.0,0.0,0.0,0.0,0.0,2002,radio,0.5
3,2,lr1e-04_bs32_modL1_fusion32_fusionL1_drop0p1_trmiss50_trlocradio,32,0.0001,1,32,1,0.1,lr1e-04_bs32_modL1_fusion32_fusionL1_drop0p1_trmiss50_trlocradio,32,0.36376052101453143,0.5836979150772095,0.7836134453781513,0.8218738832673878,0.6666666666666666,0.0,0.0,0.0,0.0,0.0,0.0,0.0,0.0,0.0,2002,radio,0.5
3,2,lr1e-04_bs32_modL1_fusion32_fusionL1_drop0p1_trmiss50_trlocradio,32,0.0001,1,32,1,0.1,lr1e-04_bs32_modL1_fusion32_fusionL1_drop0p1_trmiss50_trlocradio,33,0.3586583485205968,0.584244966506958,0.7815126050420168,0.8198595285935215,0.6666666666666666,0.0,0.0,0.0,0.0,0.0,0.0,0.0,0.0,0.0,2002,radio,0.5
3,2,lr1e-04_bs32_modL1_fusion32_fusionL1_drop0p1_trmiss50_trlocradio,32,0.0001,1,32,1,0.1,lr1e-04_bs32_modL1_fusion32_fusionL1_drop0p1_trmiss50_trlocradio,34,0.3634725511074066,0.5850542783737183,0.7815126050420168,0.8187053169088477,0.6666666666666666,0.0,0.0,0.0,0.0,0.0,0.0,0.0,0.0,0.0,2002,radio,0.5
3,2,lr1e-04_bs32_modL1_fusion32_fusionL1_drop0p1_trmiss50_trlocradio,32,0.0001,1,32,1,0.1,lr1e-04_bs32_modL1_fusion32_fusionL1_drop0p1_trmiss50_trlocradio,35,0.34909723699092865,0.585770845413208,0.7836134453781513,0.8245170106054651,0.6666666666666666,0.0,0.0,0.0,0.0,0.0,0.0,0.0,0.0,0.0,2002,radio,0.5
3,2,lr1e-04_bs32_modL1_fusion32_fusionL1_drop0p1_trmiss50_trlocradio,32,0.0001,1,32,1,0.1,lr1e-04_bs32_modL1_fusion32_fusionL1_drop0p1_trmiss50_trlocradio,36,0.347063069542249,0.5874569118022919,0.7878151260504201,0.8277990383808635,0.6666666666666666,0.0,0.0,0.0,0.0,0.0,0.0,0.0,0.0,0.0,2002,radio,0.5
3,2,lr1e-04_bs32_modL1_fusion64_fusionL1_drop0p2_trmiss50_trlocradio,32,0.0001,1,64,1,0.2,lr1e-04_bs32_modL1_fusion64_fusionL1_drop0p2_trmiss50_trlocradio,1,0.6856375435988108,0.6874670684337616,0.5609243697478992,0.7296803621583782,0.4666666666666667,0.0,0.0,0.0,0.0,0.0,0.0,0.0,0.0,0.0,2002,radio,0.5
3,2,lr1e-04_bs32_modL1_fusion64_fusionL1_drop0p2_trmiss50_trlocradio,32,0.0001,1,64,1,0.2,lr1e-04_bs32_modL1_fusion64_fusionL1_drop0p2_trmiss50_trlocradio,2,0.674649735291799,0.6790984272956848,0.5756302521008403,0.7403286848072473,0.4666666666666667,0.0,0.0,0.0,0.0,0.0,0.0,0.0,0.0,0.0,2002,radio,0.5
3,2,lr1e-04_bs32_modL1_fusion64_fusionL1_drop0p2_trmiss50_trlocradio,32,0.0001,1,64,1,0.2,lr1e-04_bs32_modL1_fusion64_fusionL1_drop0p2_trmiss50_trlocradio,3,0.6272268791993459,0.6716498732566833,0.5882352941176471,0.7543619652715053,0.4888888888888889,0.0,0.0,0.0,0.0,0.0,0.0,0.0,0.0,0.0,2002,radio,0.5
3,2,lr1e-04_bs32_modL1_fusion64_fusionL1_drop0p2_trmiss50_trlocradio,32,0.0001,1,64,1,0.2,lr1e-04_bs32_modL1_fusion64_fusionL1_drop0p2_trmiss50_trlocradio,4,0.6215305725733439,0.6657543182373047,0.592436974789916,0.7592260131633894,0.5555555555555556,0.0,0.0,0.0,0.0,0.0,0.0,0.0,0.0,0.0,2002,radio,0.5
3,2,lr1e-04_bs32_modL1_fusion64_fusionL1_drop0p2_trmiss50_trlocradio,32,0.0001,1,64,1,0.2,lr1e-04_bs32_modL1_fusion64_fusionL1_drop0p2_trmiss50_trlocradio,5,0.6145515243212382,0.6607842743396759,0.6134453781512605,0.7716310737066926,0.5555555555555556,0.0,0.0,0.0,0.0,0.0,0.0,0.0,0.0,0.0,2002,radio,0.5
3,2,lr1e-04_bs32_modL1_fusion64_fusionL1_drop0p2_trmiss50_trlocradio,32,0.0001,1,64,1,0.2,lr1e-04_bs32_modL1_fusion64_fusionL1_drop0p2_trmiss50_trlocradio,6,0.5956019461154938,0.6582836210727692,0.6197478991596638,0.7715982079475386,0.5777777777777777,0.0,0.0,0.0,0.0,0.0,0.0,0.0,0.0,0.0,2002,radio,0.5
3,2,lr1e-04_bs32_modL1_fusion64_fusionL1_drop0p2_trmiss50_trlocradio,32,0.0001,1,64,1,0.2,lr1e-04_bs32_modL1_fusion64_fusionL1_drop0p2_trmiss50_trlocradio,7,0.5755566954612732,0.6548750102519989,0.6407563025210085,0.7836561147686346,0.5777777777777777,0.0,0.0,0.0,0.0,0.0,0.0,0.0,0.0,0.0,2002,radio,0.5
3,2,lr1e-04_bs32_modL1_fusion64_fusionL1_drop0p2_trmiss50_trlocradio,32,0.0001,1,64,1,0.2,lr1e-04_bs32_modL1_fusion64_fusionL1_drop0p2_trmiss50_trlocradio,8,0.5630333026250204,0.6499377489089966,0.6596638655462186,0.7909148125402289,0.6,0.0,0.0,0.0,0.0,0.0,0.0,0.0,0.0,0.0,2002,radio,0.5
3,2,lr1e-04_bs32_modL1_fusion64_fusionL1_drop0p2_trmiss50_trlocradio,32,0.0001,1,64,1,0.2,lr1e-04_bs32_modL1_fusion64_fusionL1_drop0p2_trmiss50_trlocradio,9,0.5379258592923483,0.6470184922218323,0.6701680672268908,0.8004887122512265,0.6222222222222222,0.0,0.0,0.0,0.0,0.0,0.0,0.0,0.0,0.0,2002,radio,0.5
3,2,lr1e-04_bs32_modL1_fusion64_fusionL1_drop0p2_trmiss50_trlocradio,32,0.0001,1,64,1,0.2,lr1e-04_bs32_modL1_fusion64_fusionL1_drop0p2_trmiss50_trlocradio,10,0.5309034635623296,0.6443665623664856,0.6764705882352942,0.8025385918208215,0.6222222222222222,0.0,0.0,0.0,0.0,0.0,0.0,0.0,0.0,0.0,2002,radio,0.5
3,2,lr1e-04_bs32_modL1_fusion64_fusionL1_drop0p2_trmiss50_trlocradio,32,0.0001,1,64,1,0.2,lr1e-04_bs32_modL1_fusion64_fusionL1_drop0p2_trmiss50_trlocradio,11,0.5271403938531876,0.6424490809440613,0.6743697478991597,0.8000079068867941,0.6222222222222222,0.0,0.0,0.0,0.0,0.0,0.0,0.0,0.0,0.0,2002,radio,0.5
3,2,lr1e-04_bs32_modL1_fusion64_fusionL1_drop0p2_trmiss50_trlocradio,32,0.0001,1,64,1,0.2,lr1e-04_bs32_modL1_fusion64_fusionL1_drop0p2_trmiss50_trlocradio,12,0.5179874946673712,0.6418351531028748,0.6722689075630252,0.7981184555801953,0.6222222222222222,0.0,0.0,0.0,0.0,0.0,0.0,0.0,0.0,0.0,2002,radio,0.5
3,2,lr1e-04_bs32_modL1_fusion64_fusionL1_drop0p2_trmiss50_trlocradio,32,0.0001,1,64,1,0.2,lr1e-04_bs32_modL1_fusion64_fusionL1_drop0p2_trmiss50_trlocradio,13,0.48888441920280457,0.6397063434123993,0.6848739495798319,0.8067153428567345,0.6,0.0,0.0,0.0,0.0,0.0,0.0,0.0,0.0,0.0,2002,radio,0.5
3,2,lr1e-04_bs32_modL1_fusion64_fusionL1_drop0p2_trmiss50_trlocradio,32,0.0001,1,64,1,0.2,lr1e-04_bs32_modL1_fusion64_fusionL1_drop0p2_trmiss50_trlocradio,14,0.4869086643060048,0.6381092667579651,0.6932773109243697,0.8071344972685175,0.6444444444444445,0.0,0.0,0.0,0.0,0.0,0.0,0.0,0.0,0.0,2002,radio,0.5
3,2,lr1e-04_bs32_modL1_fusion64_fusionL1_drop0p2_trmiss50_trlocradio,32,0.0001,1,64,1,0.2,lr1e-04_bs32_modL1_fusion64_fusionL1_drop0p2_trmiss50_trlocradio,15,0.47795094549655914,0.6333791315555573,0.707983193277311,0.8231739934203218,0.6444444444444445,0.0,0.0,0.0,0.0,0.0,0.0,0.0,0.0,0.0,2002,radio,0.5
3,2,lr1e-04_bs32_modL1_fusion64_fusionL1_drop0p2_trmiss50_trlocradio,32,0.0001,1,64,1,0.2,lr1e-04_bs32_modL1_fusion64_fusionL1_drop0p2_trmiss50_trlocradio,16,0.4751331905523936,0.6353683769702911,0.6890756302521008,0.8093554233767607,0.6222222222222222,0.0,0.0,0.0,0.0,0.0,0.0,0.0,0.0,0.0,2002,radio,0.5
3,2,lr1e-04_bs32_modL1_fusion64_fusionL1_drop0p2_trmiss50_trlocradio,32,0.0001,1,64,1,0.2,lr1e-04_bs32_modL1_fusion64_fusionL1_drop0p2_trmiss50_trlocradio,17,0.45748171210289,0.6350523233413696,0.6995798319327732,0.8069346771810055,0.6222222222222222,0.0,0.0,0.0,0.0,0.0,0.0,0.0,0.0,0.0,2002,radio,0.5
3,2,lr1e-04_bs32_modL1_fusion64_fusionL1_drop0p2_trmiss50_trlocradio,32,0.0001,1,64,1,0.2,lr1e-04_bs32_modL1_fusion64_fusionL1_drop0p2_trmiss50_trlocradio,18,0.43738407890001935,0.6348570585250854,0.6932773109243697,0.7907428782164287,0.6222222222222222,0.0,0.0,0.0,0.0,0.0,0.0,0.0,0.0,0.0,2002,radio,0.5
3,2,lr1e-04_bs32_modL1_fusion64_fusionL1_drop0p2_trmiss50_trlocradio,32,0.0001,1,64,1,0.2,lr1e-04_bs32_modL1_fusion64_fusionL1_drop0p2_trmiss50_trlocradio,19,0.44065052767594654,0.636143684387207,0.6974789915966386,0.7959957415924706,0.6222222222222222,0.0,0.0,0.0,0.0,0.0,0.0,0.0,0.0,0.0,2002,radio,0.5
3,2,lr1e-04_bs32_modL1_fusion64_fusionL1_drop0p2_trmiss50_trlocradio,32,0.0001,1,64,1,0.2,lr1e-04_bs32_modL1_fusion64_fusionL1_drop0p2_trmiss50_trlocradio,20,0.42419888575871784,0.6325101256370544,0.7142857142857142,0.8012145494023857,0.6222222222222222,0.0,0.0,0.0,0.0,0.0,0.0,0.0,0.0,0.0,2002,radio,0.5
3,2,lr1e-04_bs32_modL1_fusion64_fusionL1_drop0p2_trmiss50_trlocradio,32,0.0001,1,64,1,0.2,lr1e-04_bs32_modL1_fusion64_fusionL1_drop0p2_trmiss50_trlocradio,21,0.40785275399684906,0.6289498507976532,0.7121848739495799,0.8014684255021265,0.6222222222222222,0.0,0.0,0.0,0.0,0.0,0.0,0.0,0.0,0.0,2002,radio,0.5
3,2,lr1e-04_bs32_modL1_fusion64_fusionL1_drop0p2_trmiss50_trlocradio,32,0.0001,1,64,1,0.2,lr1e-04_bs32_modL1_fusion64_fusionL1_drop0p2_trmiss50_trlocradio,22,0.42048077285289764,0.6260983347892761,0.7121848739495799,0.8039027877056125,0.6222222222222222,0.0,0.0,0.0,0.0,0.0,0.0,0.0,0.0,0.0,2002,radio,0.5
3,2,lr1e-04_bs32_modL1_fusion64_fusionL1_drop0p2_trmiss50_trlocradio,32,0.0001,1,64,1,0.2,lr1e-04_bs32_modL1_fusion64_fusionL1_drop0p2_trmiss50_trlocradio,23,0.411137397090594,0.6235400438308716,0.7121848739495799,0.8111426717588535,0.6444444444444445,0.0,0.0,0.0,0.0,0.0,0.0,0.0,0.0,0.0,2002,radio,0.5
3,2,lr1e-04_bs32_modL1_fusion64_fusionL1_drop0p2_trmiss50_trlocradio,32,0.0001,1,64,1,0.2,lr1e-04_bs32_modL1_fusion64_fusionL1_drop0p2_trmiss50_trlocradio,24,0.39105867346127826,0.6240134835243225,0.7163865546218487,0.805927837715298,0.6444444444444445,0.0,0.0,0.0,0.0,0.0,0.0,0.0,0.0,0.0,2002,radio,0.5
3,2,lr1e-04_bs32_modL1_fusion64_fusionL1_drop0p2_trmiss50_trlocradio,32,0.0001,1,64,1,0.2,lr1e-04_bs32_modL1_fusion64_fusionL1_drop0p2_trmiss50_trlocradio,25,0.3788393537203471,0.6234093606472015,0.7121848739495797,0.8016613734711642,0.6444444444444445,0.0,0.0,0.0,0.0,0.0,0.0,0.0,0.0,0.0,2002,radio,0.5
3,2,lr1e-04_bs32_modL1_fusion64_fusionL1_drop0p2_trmiss50_trlocradio,32,0.0001,1,64,1,0.2,lr1e-04_bs32_modL1_fusion64_fusionL1_drop0p2_trmiss50_trlocradio,26,0.3707558214664459,0.6223500072956085,0.7163865546218486,0.8063158175517472,0.6666666666666666,0.0,0.0,0.0,0.0,0.0,0.0,0.0,0.0,0.0,2002,radio,0.5
3,2,lr1e-04_bs32_modL1_fusion64_fusionL1_drop0p2_trmiss50_trlocradio,32,0.0001,1,64,1,0.2,lr1e-04_bs32_modL1_fusion64_fusionL1_drop0p2_trmiss50_trlocradio,27,0.3627110719680786,0.6210246682167053,0.7163865546218486,0.8074181281852386,0.6666666666666666,0.0,0.0,0.0,0.0,0.0,0.0,0.0,0.0,0.0,2002,radio,0.5
3,2,lr1e-04_bs32_modL1_fusion64_fusionL1_drop0p2_trmiss50_trlocradio,32,0.0001,1,64,1,0.2,lr1e-04_bs32_modL1_fusion64_fusionL1_drop0p2_trmiss50_trlocradio,28,0.34911102056503296,0.6228412985801697,0.7247899159663865,0.8103287833443363,0.6444444444444445,0.0,0.0,0.0,0.0,0.0,0.0,0.0,0.0,0.0,2002,radio,0.5
3,2,lr1e-04_bs32_modL1_fusion64_fusionL1_drop0p2_trmiss50_trlocradio,32,0.0001,1,64,1,0.2,lr1e-04_bs32_modL1_fusion64_fusionL1_drop0p2_trmiss50_trlocradio,29,0.3514550377925237,0.6238290667533875,0.7184873949579832,0.8086474503791232,0.6666666666666666,0.0,0.0,0.0,0.0,0.0,0.0,0.0,0.0,0.0,2002,radio,0.5
3,2,lr1e-04_bs32_modL1_fusion64_fusionL1_drop0p2_trmiss50_trlocradio,32,0.0001,1,64,1,0.2,lr1e-04_bs32_modL1_fusion64_fusionL1_drop0p2_trmiss50_trlocradio,30,0.33185996611913043,0.62551349401474,0.707983193277311,0.796130325265338,0.6666666666666666,0.0,0.0,0.0,0.0,0.0,0.0,0.0,0.0,0.0,2002,radio,0.5
3,2,lr1e-04_bs32_modL1_fusion64_fusionL1_drop0p2_trmiss50_trlocradio,32,0.0001,1,64,1,0.2,lr1e-04_bs32_modL1_fusion64_fusionL1_drop0p2_trmiss50_trlocradio,31,0.33171426753203076,0.6220567226409912,0.7226890756302521,0.8091994769844235,0.6666666666666666,0.0,0.0,0.0,0.0,0.0,0.0,0.0,0.0,0.0,2002,radio,0.5
3,2,lr1e-04_bs32_modL1_fusion64_fusionL1_drop0p2_trmiss50_trlocradio,32,0.0001,1,64,1,0.2,lr1e-04_bs32_modL1_fusion64_fusionL1_drop0p2_trmiss50_trlocradio,32,0.32911387582619983,0.6192975044250488,0.73109243697479,0.8101955608736526,0.6666666666666666,0.0,0.0,0.0,0.0,0.0,0.0,0.0,0.0,0.0,2002,radio,0.5
3,2,lr1e-04_bs32_modL1_fusion64_fusionL1_drop0p2_trmiss50_trlocradio,32,0.0001,1,64,1,0.2,lr1e-04_bs32_modL1_fusion64_fusionL1_drop0p2_trmiss50_trlocradio,33,0.327296644449234,0.6212812662124634,0.722689075630252,0.7967516307886995,0.6666666666666666,0.0,0.0,0.0,0.0,0.0,0.0,0.0,0.0,0.0,2002,radio,0.5
3,2,lr1e-04_bs32_modL1_fusion64_fusionL1_drop0p2_trmiss50_trlocradio,32,0.0001,1,64,1,0.2,lr1e-04_bs32_modL1_fusion64_fusionL1_drop0p2_trmiss50_trlocradio,34,0.3067183842261632,0.6222190260887146,0.7226890756302522,0.7973791545254669,0.6444444444444445,0.0,0.0,0.0,0.0,0.0,0.0,0.0,0.0,0.0,2002,radio,0.5
3,2,lr1e-04_bs32_modL1_fusion64_fusionL1_drop0p2_trmiss50_trlocradio,32,0.0001,1,64,1,0.2,lr1e-04_bs32_modL1_fusion64_fusionL1_drop0p2_trmiss50_trlocradio,35,0.2906562387943268,0.6234576404094696,0.7163865546218486,0.7930541263359202,0.6444444444444445,0.0,0.0,0.0,0.0,0.0,0.0,0.0,0.0,0.0,2002,radio,0.5
3,2,lr1e-04_bs32_modL1_fusion64_fusionL1_drop0p2_trmiss50_trlocradio,32,0.0001,1,64,1,0.2,lr1e-04_bs32_modL1_fusion64_fusionL1_drop0p2_trmiss50_trlocradio,36,0.30072365204493207,0.6241244077682495,0.7184873949579832,0.7916422835747803,0.6444444444444445,0.0,0.0,0.0,0.0,0.0,0.0,0.0,0.0,0.0,2002,radio,0.5
3,2,lr1e-04_bs32_modL1_fusion64_fusionL1_drop0p2_trmiss50_trlocradio,32,0.0001,1,64,1,0.2,lr1e-04_bs32_modL1_fusion64_fusionL1_drop0p2_trmiss50_trlocradio,37,0.3005133420228958,0.6240492165088654,0.7142857142857142,0.7904247827454026,0.6444444444444445,0.0,0.0,0.0,0.0,0.0,0.0,0.0,0.0,0.0,2002,radio,0.5
3,2,lr1e-04_bs32_modL1_fusion64_fusionL1_drop0p2_trmiss50_trlocradio,32,0.0001,1,64,1,0.2,lr1e-04_bs32_modL1_fusion64_fusionL1_drop0p2_trmiss50_trlocradio,38,0.28874916831652325,0.6227328181266785,0.7226890756302522,0.8047890574358398,0.6444444444444445,0.0,0.0,0.0,0.0,0.0,0.0,0.0,0.0,0.0,2002,radio,0.5
3,2,lr1e-04_bs32_modL1_fusion64_fusionL1_drop0p2_trmiss50_trlocradio,32,0.0001,1,64,1,0.2,lr1e-04_bs32_modL1_fusion64_fusionL1_drop0p2_trmiss50_trlocradio,39,0.2858871668577194,0.6225554645061493,0.7184873949579832,0.7957099719166622,0.6444444444444445,0.0,0.0,0.0,0.0,0.0,0.0,0.0,0.0,0.0,2002,radio,0.5
3,2,lr1e-04_bs32_modL1_fusion64_fusionL1_drop0p2_trmiss50_trlocradio,32,0.0001,1,64,1,0.2,lr1e-04_bs32_modL1_fusion64_fusionL1_drop0p2_trmiss50_trlocradio,40,0.27939173579216003,0.621541440486908,0.7184873949579832,0.7957099719166622,0.6444444444444445,0.0,0.0,0.0,0.0,0.0,0.0,0.0,0.0,0.0,2002,radio,0.5
3,2,lr1e-04_bs32_modL1_fusion64_fusionL1_drop0p2_trmiss50_trlocradio,32,0.0001,1,64,1,0.2,lr1e-04_bs32_modL1_fusion64_fusionL1_drop0p2_trmiss50_trlocradio,41,0.274388387799263,0.6182036995887756,0.7184873949579832,0.7941197610522578,0.6666666666666666,0.0,0.0,0.0,0.0,0.0,0.0,0.0,0.0,0.0,2002,radio,0.5
3,2,lr1e-04_bs32_modL1_fusion64_fusionL1_drop0p2_trmiss50_trlocradio,32,0.0001,1,64,1,0.2,lr1e-04_bs32_modL1_fusion64_fusionL1_drop0p2_trmiss50_trlocradio,42,0.26287005593379337,0.6204477548599243,0.7184873949579832,0.8000682323948177,0.6666666666666666,0.0,0.0,0.0,0.0,0.0,0.0,0.0,0.0,0.0,2002,radio,0.5
3,2,lr1e-04_bs32_modL1_fusion64_fusionL1_drop0p2_trmiss50_trlocradio,32,0.0001,1,64,1,0.2,lr1e-04_bs32_modL1_fusion64_fusionL1_drop0p2_trmiss50_trlocradio,43,0.2510361671447754,0.621971845626831,0.7205882352941176,0.8025032973298827,0.6666666666666666,0.0,0.0,0.0,0.0,0.0,0.0,0.0,0.0,0.0,2002,radio,0.5
3,2,lr1e-04_bs32_modL1_fusion64_fusionL1_drop0p2_trmiss50_trlocradio,32,0.0001,1,64,1,0.2,lr1e-04_bs32_modL1_fusion64_fusionL1_drop0p2_trmiss50_trlocradio,44,0.2684686928987503,0.6244053542613983,0.7058823529411764,0.7797911063929018,0.6666666666666666,0.0,0.0,0.0,0.0,0.0,0.0,0.0,0.0,0.0,2002,radio,0.5
3,2,lr1e-04_bs32_modL1_fusion64_fusionL1_drop0p2_trmiss50_trlocradio,32,0.0001,1,64,1,0.2,lr1e-04_bs32_modL1_fusion64_fusionL1_drop0p2_trmiss50_trlocradio,45,0.2629403422276179,0.6248016059398651,0.703781512605042,0.7850387801750583,0.6666666666666666,0.0,0.0,0.0,0.0,0.0,0.0,0.0,0.0,0.0,2002,radio,0.5
3,2,lr1e-04_bs32_modL1_fusion64_fusionL1_drop0p2_trmiss50_trlocradio,32,0.0001,1,64,1,0.2,lr1e-04_bs32_modL1_fusion64_fusionL1_drop0p2_trmiss50_trlocradio,46,0.26341307163238525,0.6249969601631165,0.6995798319327731,0.7828024604272179,0.6666666666666666,0.0,0.0,0.0,0.0,0.0,0.0,0.0,0.0,0.0,2002,radio,0.5
3,2,lr1e-04_bs32_modL1_fusion64_fusionL1_drop0p2_trmiss50_trlocradio,32,0.0001,1,64,1,0.2,lr1e-04_bs32_modL1_fusion64_fusionL1_drop0p2_trmiss50_trlocradio,47,0.2664419636130333,0.62606281042099,0.7016806722689075,0.7826646487042882,0.6666666666666666,0.0,0.0,0.0,0.0,0.0,0.0,0.0,0.0,0.0,2002,radio,0.5
3,2,lr1e-04_bs32_modL1_fusion64_fusionL1_drop0p2_trmiss50_trlocradio,32,0.0001,1,64,1,0.2,lr1e-04_bs32_modL1_fusion64_fusionL1_drop0p2_trmiss50_trlocradio,48,0.2608475312590599,0.6249299943447113,0.7058823529411764,0.7775626078879616,0.6666666666666666,0.0,0.0,0.0,0.0,0.0,0.0,0.0,0.0,0.0,2002,radio,0.5
3,2,lr1e-04_bs32_modL1_fusion64_fusionL1_drop0p2_trmiss50_trlocradio,32,0.0001,1,64,1,0.2,lr1e-04_bs32_modL1_fusion64_fusionL1_drop0p2_trmiss50_trlocradio,49,0.24720306942860285,0.6226422488689423,0.7058823529411764,0.7790064998386814,0.6666666666666666,0.0,0.0,0.0,0.0,0.0,0.0,0.0,0.0,0.0,2002,radio,0.5
3,2,lr1e-04_bs32_modL1_fusion64_fusionL1_drop0p2_trmiss50_trlocradio,32,0.0001,1,64,1,0.2,lr1e-04_bs32_modL1_fusion64_fusionL1_drop0p2_trmiss50_trlocradio,50,0.24524029592672983,0.6240352988243103,0.6995798319327731,0.7760345178913434,0.6666666666666666,0.0,0.0,0.0,0.0,0.0,0.0,0.0,0.0,0.0,2002,radio,0.5
3,2,lr1e-04_bs32_modL1_fusion64_fusionL1_drop0p2_trmiss50_trlocradio,32,0.0001,1,64,1,0.2,lr1e-04_bs32_modL1_fusion64_fusionL1_drop0p2_trmiss50_trlocradio,51,0.2358762895067533,0.6247159540653229,0.6974789915966386,0.7727348072024701,0.6666666666666666,0.0,0.0,0.0,0.0,0.0,0.0,0.0,0.0,0.0,2002,radio,0.5
3,2,lr1e-04_bs32_modL1_fusion64_fusionL1_drop0p2_trmiss50_trlocradio,32,0.0001,1,64,1,0.2,lr1e-04_bs32_modL1_fusion64_fusionL1_drop0p2_trmiss50_trlocradio,52,0.24648519357045492,0.6227640807628632,0.7016806722689075,0.7769581632115404,0.6666666666666666,0.0,0.0,0.0,0.0,0.0,0.0,0.0,0.0,0.0,2002,radio,0.5
3,2,lr1e-04_bs32_modL1_fusion64_fusionL1_drop0p1_trmiss50_trlocradio,32,0.0001,1,64,1,0.1,lr1e-04_bs32_modL1_fusion64_fusionL1_drop0p1_trmiss50_trlocradio,1,0.7316771447658539,0.6994253695011139,0.39705882352941174,0.6146680091220353,0.4,0.0,0.0,0.0,0.0,0.0,0.0,0.0,0.0,0.0,2002,radio,0.5
3,2,lr1e-04_bs32_modL1_fusion64_fusionL1_drop0p1_trmiss50_trlocradio,32,0.0001,1,64,1,0.1,lr1e-04_bs32_modL1_fusion64_fusionL1_drop0p1_trmiss50_trlocradio,2,0.6688230534394582,0.6963074207305908,0.4684873949579832,0.6541197467584812,0.4444444444444444,0.0,0.0,0.0,0.0,0.0,0.0,0.0,0.0,0.0,2002,radio,0.5
3,2,lr1e-04_bs32_modL1_fusion64_fusionL1_drop0p1_trmiss50_trlocradio,32,0.0001,1,64,1,0.1,lr1e-04_bs32_modL1_fusion64_fusionL1_drop0p1_trmiss50_trlocradio,3,0.6363849441210429,0.6931175589561462,0.5,0.6782292468262188,0.4888888888888889,0.0,0.0,0.0,0.0,0.0,0.0,0.0,0.0,0.0,2002,radio,0.5
3,2,lr1e-04_bs32_modL1_fusion64_fusionL1_drop0p1_trmiss50_trlocradio,32,0.0001,1,64,1,0.1,lr1e-04_bs32_modL1_fusion64_fusionL1_drop0p1_trmiss50_trlocradio,4,0.6115971803665161,0.6916153728961945,0.5021008403361344,0.6871095355384402,0.4888888888888889,0.0,0.0,0.0,0.0,0.0,0.0,0.0,0.0,0.0,2002,radio,0.5
3,2,lr1e-04_bs32_modL1_fusion64_fusionL1_drop0p1_trmiss50_trlocradio,32,0.0001,1,64,1,0.1,lr1e-04_bs32_modL1_fusion64_fusionL1_drop0p1_trmiss50_trlocradio,5,0.5916478534539541,0.6863415241241455,0.5168067226890756,0.7011548390027948,0.4888888888888889,0.0,0.0,0.0,0.0,0.0,0.0,0.0,0.0,0.0,2002,radio,0.5
3,2,lr1e-04_bs32_modL1_fusion64_fusionL1_drop0p1_trmiss50_trlocradio,32,0.0001,1,64,1,0.1,lr1e-04_bs32_modL1_fusion64_fusionL1_drop0p1_trmiss50_trlocradio,6,0.5805921753247579,0.6852555572986603,0.5336134453781514,0.713156454490327,0.5555555555555556,0.0,0.0,0.0,0.0,0.0,0.0,0.0,0.0,0.0,2002,radio,0.5
3,2,lr1e-04_bs32_modL1_fusion64_fusionL1_drop0p1_trmiss50_trlocradio,32,0.0001,1,64,1,0.1,lr1e-04_bs32_modL1_fusion64_fusionL1_drop0p1_trmiss50_trlocradio,7,0.5538048148155212,0.6868311166763306,0.5189075630252101,0.7008931938462166,0.5333333333333333,0.0,0.0,0.0,0.0,0.0,0.0,0.0,0.0,0.0,2002,radio,0.5
3,2,lr1e-04_bs32_modL1_fusion64_fusionL1_drop0p1_trmiss50_trlocradio,32,0.0001,1,64,1,0.1,lr1e-04_bs32_modL1_fusion64_fusionL1_drop0p1_trmiss50_trlocradio,8,0.5380017558733622,0.6849246323108673,0.5189075630252101,0.7124477107578763,0.5777777777777777,0.0,0.0,0.0,0.0,0.0,0.0,0.0,0.0,0.0,2002,radio,0.5
3,2,lr1e-04_bs32_modL1_fusion64_fusionL1_drop0p1_trmiss50_trlocradio,32,0.0001,1,64,1,0.1,lr1e-04_bs32_modL1_fusion64_fusionL1_drop0p1_trmiss50_trlocradio,9,0.5066181272268295,0.6844778060913086,0.5147058823529412,0.6976894058423286,0.5333333333333333,0.0,0.0,0.0,0.0,0.0,0.0,0.0,0.0,0.0,2002,radio,0.5
3,2,lr1e-04_bs32_modL1_fusion64_fusionL1_drop0p1_trmiss50_trlocradio,32,0.0001,1,64,1,0.1,lr1e-04_bs32_modL1_fusion64_fusionL1_drop0p1_trmiss50_trlocradio,10,0.5012563218673071,0.6836107075214386,0.5294117647058824,0.7003762751552464,0.5111111111111111,0.0,0.0,0.0,0.0,0.0,0.0,0.0,0.0,0.0,2002,radio,0.5
3,2,lr1e-04_bs32_modL1_fusion64_fusionL1_drop0p1_trmiss50_trlocradio,32,0.0001,1,64,1,0.1,lr1e-04_bs32_modL1_fusion64_fusionL1_drop0p1_trmiss50_trlocradio,11,0.4853687733411789,0.6816293299198151,0.5336134453781513,0.7080974078424748,0.4888888888888889,0.0,0.0,0.0,0.0,0.0,0.0,0.0,0.0,0.0,2002,radio,0.5
3,2,lr1e-04_bs32_modL1_fusion64_fusionL1_drop0p1_trmiss50_trlocradio,32,0.0001,1,64,1,0.1,lr1e-04_bs32_modL1_fusion64_fusionL1_drop0p1_trmiss50_trlocradio,12,0.4904254178206126,0.685468316078186,0.5399159663865546,0.7169768530706639,0.5111111111111111,0.0,0.0,0.0,0.0,0.0,0.0,0.0,0.0,0.0,2002,radio,0.5
3,2,lr1e-04_bs32_modL1_fusion64_fusionL1_drop0p1_trmiss50_trlocradio,32,0.0001,1,64,1,0.1,lr1e-04_bs32_modL1_fusion64_fusionL1_drop0p1_trmiss50_trlocradio,13,0.4583738793929418,0.6814752221107483,0.546218487394958,0.711575151716257,0.5111111111111111,0.0,0.0,0.0,0.0,0.0,0.0,0.0,0.0,0.0,2002,radio,0.5
3,2,lr1e-04_bs32_modL1_fusion64_fusionL1_drop0p1_trmiss50_trlocradio,32,0.0001,1,64,1,0.1,lr1e-04_bs32_modL1_fusion64_fusionL1_drop0p1_trmiss50_trlocradio,14,0.4559861222902934,0.6774238348007202,0.5630252100840336,0.7208414688385795,0.5111111111111111,0.0,0.0,0.0,0.0,0.0,0.0,0.0,0.0,0.0,2002,radio,0.5
3,2,lr1e-04_bs32_modL1_fusion64_fusionL1_drop0p1_trmiss50_trlocradio,32,0.0001,1,64,1,0.1,lr1e-04_bs32_modL1_fusion64_fusionL1_drop0p1_trmiss50_trlocradio,15,0.43975702424844104,0.6727200150489807,0.5672268907563025,0.7240226385032887,0.4888888888888889,0.0,0.0,0.0,0.0,0.0,0.0,0.0,0.0,0.0,2002,radio,0.5
3,2,lr1e-04_bs32_modL1_fusion64_fusionL1_drop0p1_trmiss50_trlocradio,32,0.0001,1,64,1,0.1,lr1e-04_bs32_modL1_fusion64_fusionL1_drop0p1_trmiss50_trlocradio,16,0.4268512527147929,0.671286940574646,0.5630252100840336,0.7214399662204722,0.5333333333333333,0.0,0.0,0.0,0.0,0.0,0.0,0.0,0.0,0.0,2002,radio,0.5
3,2,lr1e-04_bs32_modL1_fusion64_fusionL1_drop0p1_trmiss50_trlocradio,32,0.0001,1,64,1,0.1,lr1e-04_bs32_modL1_fusion64_fusionL1_drop0p1_trmiss50_trlocradio,17,0.4061357726653417,0.6693468391895294,0.5735294117647058,0.7264163426294921,0.5333333333333333,0.0,0.0,0.0,0.0,0.0,0.0,0.0,0.0,0.0,2002,radio,0.5
3,2,lr1e-04_bs32_modL1_fusion64_fusionL1_drop0p1_trmiss50_trlocradio,32,0.0001,1,64,1,0.1,lr1e-04_bs32_modL1_fusion64_fusionL1_drop0p1_trmiss50_trlocradio,18,0.40590772529443103,0.6686631441116333,0.5819327731092437,0.7300707126363581,0.5111111111111111,0.0,0.0,0.0,0.0,0.0,0.0,0.0,0.0,0.0,2002,radio,0.5
3,2,lr1e-04_bs32_modL1_fusion64_fusionL1_drop0p1_trmiss50_trlocradio,32,0.0001,1,64,1,0.1,lr1e-04_bs32_modL1_fusion64_fusionL1_drop0p1_trmiss50_trlocradio,19,0.39543599387009937,0.6649499535560608,0.592436974789916,0.7339497611692054,0.5111111111111111,0.0,0.0,0.0,0.0,0.0,0.0,0.0,0.0,0.0,2002,radio,0.5
3,2,lr1e-04_bs32_modL1_fusion64_fusionL1_drop0p1_trmiss50_trlocradio,32,0.0001,1,64,1,0.1,lr1e-04_bs32_modL1_fusion64_fusionL1_drop0p1_trmiss50_trlocradio,20,0.3756121148665746,0.6640896499156952,0.5945378151260503,0.7357349859771596,0.4888888888888889,0.0,0.0,0.0,0.0,0.0,0.0,0.0,0.0,0.0,2002,radio,0.5
3,2,lr1e-04_bs32_modL1_fusion64_fusionL1_drop0p1_trmiss50_trlocradio,32,0.0001,1,64,1,0.1,lr1e-04_bs32_modL1_fusion64_fusionL1_drop0p1_trmiss50_trlocradio,21,0.37684306999047595,0.6660096645355225,0.5819327731092437,0.7278999201279469,0.5111111111111111,0.0,0.0,0.0,0.0,0.0,0.0,0.0,0.0,0.0,2002,radio,0.5
3,2,lr1e-04_bs32_modL1_fusion64_fusionL1_drop0p1_trmiss50_trlocradio,32,0.0001,1,64,1,0.1,lr1e-04_bs32_modL1_fusion64_fusionL1_drop0p1_trmiss50_trlocradio,22,0.3739782174428304,0.6627730131149292,0.5861344537815126,0.7294089430563048,0.5333333333333333,0.0,0.0,0.0,0.0,0.0,0.0,0.0,0.0,0.0,2002,radio,0.5
3,2,lr1e-04_bs32_modL1_fusion64_fusionL1_drop0p1_trmiss50_trlocradio,32,0.0001,1,64,1,0.1,lr1e-04_bs32_modL1_fusion64_fusionL1_drop0p1_trmiss50_trlocradio,23,0.33777280648549396,0.6584648191928864,0.6008403361344539,0.7372235876084279,0.5777777777777777,0.0,0.0,0.0,0.0,0.0,0.0,0.0,0.0,0.0,2002,radio,0.5
3,2,lr1e-04_bs32_modL1_fusion64_fusionL1_drop0p1_trmiss50_trlocradio,32,0.0001,1,64,1,0.1,lr1e-04_bs32_modL1_fusion64_fusionL1_drop0p1_trmiss50_trlocradio,24,0.3368842403093974,0.6565951704978943,0.6050420168067228,0.7405540260640033,0.5555555555555556,0.0,0.0,0.0,0.0,0.0,0.0,0.0,0.0,0.0,2002,radio,0.5
3,2,lr1e-04_bs32_modL1_fusion64_fusionL1_drop0p1_trmiss50_trlocradio,32,0.0001,1,64,1,0.1,lr1e-04_bs32_modL1_fusion64_fusionL1_drop0p1_trmiss50_trlocradio,25,0.33462680876255035,0.6610561311244965,0.6008403361344538,0.7275530995062807,0.5555555555555556,0.0,0.0,0.0,0.0,0.0,0.0,0.0,0.0,0.0,2002,radio,0.5
3,2,lr1e-04_bs32_modL1_fusion64_fusionL1_drop0p1_trmiss50_trlocradio,32,0.0001,1,64,1,0.1,lr1e-04_bs32_modL1_fusion64_fusionL1_drop0p1_trmiss50_trlocradio,26,0.32748446861902875,0.6643461585044861,0.5987394957983194,0.7203740346985394,0.5777777777777777,0.0,0.0,0.0,0.0,0.0,0.0,0.0,0.0,0.0,2002,radio,0.5
3,2,lr1e-04_bs32_modL1_fusion64_fusionL1_drop0p1_trmiss50_trlocradio,32,0.0001,1,64,1,0.1,lr1e-04_bs32_modL1_fusion64_fusionL1_drop0p1_trmiss50_trlocradio,27,0.3294800668954849,0.6701639890670776,0.5819327731092437,0.7150184215845794,0.5333333333333333,0.0,0.0,0.0,0.0,0.0,0.0,0.0,0.0,0.0,2002,radio,0.5
3,2,lr1e-04_bs32_modL1_fusion64_fusionL1_drop0p1_trmiss50_trlocradio,32,0.0001,1,64,1,0.1,lr1e-04_bs32_modL1_fusion64_fusionL1_drop0p1_trmiss50_trlocradio,28,0.31464263796806335,0.6693077385425568,0.5861344537815126,0.7053405997878615,0.5777777777777777,0.0,0.0,0.0,0.0,0.0,0.0,0.0,0.0,0.0,2002,radio,0.5
3,2,lr1e-04_bs32_modL1_fusion64_fusionL1_drop0p1_trmiss50_trlocradio,32,0.0001,1,64,1,0.1,lr1e-04_bs32_modL1_fusion64_fusionL1_drop0p1_trmiss50_trlocradio,29,0.31610269099473953,0.671488881111145,0.596638655462185,0.70867735314192,0.5777777777777777,0.0,0.0,0.0,0.0,0.0,0.0,0.0,0.0,0.0,2002,radio,0.5
3,2,lr1e-04_bs32_modL1_fusion64_fusionL1_drop0p1_trmiss50_trlocradio,32,0.0001,1,64,1,0.1,lr1e-04_bs32_modL1_fusion64_fusionL1_drop0p1_trmiss50_trlocradio,30,0.2950746913750966,0.6675401031970978,0.6071428571428572,0.7173884939053295,0.6222222222222222,0.0,0.0,0.0,0.0,0.0,0.0,0.0,0.0,0.0,2002,radio,0.5
3,2,lr1e-04_bs32_modL1_fusion64_fusionL1_drop0p1_trmiss50_trlocradio,32,0.0001,1,64,1,0.1,lr1e-04_bs32_modL1_fusion64_fusionL1_drop0p1_trmiss50_trlocradio,31,0.28679654995600384,0.6664433479309082,0.5882352941176471,0.7115130033109882,0.6,0.0,0.0,0.0,0.0,0.0,0.0,0.0,0.0,0.0,2002,radio,0.5
3,2,lr1e-04_bs32_modL1_fusion64_fusionL1_drop0p1_trmiss50_trlocradio,32,0.0001,1,64,1,0.1,lr1e-04_bs32_modL1_fusion64_fusionL1_drop0p1_trmiss50_trlocradio,32,0.2754031717777252,0.6692253649234772,0.592436974789916,0.7136752717271266,0.5777777777777777,0.0,0.0,0.0,0.0,0.0,0.0,0.0,0.0,0.0,2002,radio,0.5
3,2,lr1e-04_bs32_modL1_fusion64_fusionL1_drop0p1_trmiss50_trlocradio,32,0.0001,1,64,1,0.1,lr1e-04_bs32_modL1_fusion64_fusionL1_drop0p1_trmiss50_trlocradio,33,0.29043882588545483,0.6702302694320679,0.5903361344537815,0.7131416166331499,0.6222222222222222,0.0,0.0,0.0,0.0,0.0,0.0,0.0,0.0,0.0,2002,radio,0.5
3,2,lr1e-04_bs32_modL1_fusion64_fusionL1_drop0p1_trmiss50_trlocradio,32,0.0001,1,64,1,0.1,lr1e-04_bs32_modL1_fusion64_fusionL1_drop0p1_trmiss50_trlocradio,34,0.26612186928590137,0.6731233596801758,0.5840336134453781,0.7051935229838769,0.6,0.0,0.0,0.0,0.0,0.0,0.0,0.0,0.0,0.0,2002,radio,0.5
3,2,lr1e-04_bs32_modL1_fusion64_fusionL1_drop0p1_trmiss50_trlocradio,32,0.0001,1,64,1,0.1,lr1e-04_bs32_modL1_fusion64_fusionL1_drop0p1_trmiss50_trlocradio,35,0.26482431093851727,0.6747166216373444,0.5882352941176471,0.7111406771442954,0.5777777777777777,0.0,0.0,0.0,0.0,0.0,0.0,0.0,0.0,0.0,2002,radio,0.5
3,2,lr1e-04_bs32_modL1_fusion64_fusionL1_drop0p1_trmiss50_trlocradio,32,0.0001,1,64,1,0.1,lr1e-04_bs32_modL1_fusion64_fusionL1_drop0p1_trmiss50_trlocradio,36,0.27164363364378613,0.67476686835289,0.5798319327731093,0.7069721758530318,0.5777777777777777,0.0,0.0,0.0,0.0,0.0,0.0,0.0,0.0,0.0,2002,radio,0.5
3,2,lr1e-04_bs32_modL1_fusion64_fusionL1_drop0p1_trmiss50_trlocradio,32,0.0001,1,64,1,0.1,lr1e-04_bs32_modL1_fusion64_fusionL1_drop0p1_trmiss50_trlocradio,37,0.2788247565428416,0.6756239533424377,0.5798319327731092,0.7103248551771473,0.5777777777777777,0.0,0.0,0.0,0.0,0.0,0.0,0.0,0.0,0.0,2002,radio,0.5
3,2,lr1e-04_bs32_modL1_fusion64_fusionL1_drop0p1_trmiss50_trlocradio,32,0.0001,1,64,1,0.1,lr1e-04_bs32_modL1_fusion64_fusionL1_drop0p1_trmiss50_trlocradio,38,0.26055405537287396,0.6769346594810486,0.5819327731092436,0.712027760731904,0.6,0.0,0.0,0.0,0.0,0.0,0.0,0.0,0.0,0.0,2002,radio,0.5
3,2,lr1e-04_bs32_modL1_fusion64_fusionL1_drop0p1_trmiss50_trlocradio,32,0.0001,1,64,1,0.1,lr1e-04_bs32_modL1_fusion64_fusionL1_drop0p1_trmiss50_trlocradio,39,0.25819911311070126,0.6779075562953949,0.5819327731092437,0.7132966870008303,0.6,0.0,0.0,0.0,0.0,0.0,0.0,0.0,0.0,0.0,2002,radio,0.5
3,2,lr1e-04_bs32_modL1_fusion64_fusionL1_drop0p1_trmiss50_trlocradio,32,0.0001,1,64,1,0.1,lr1e-04_bs32_modL1_fusion64_fusionL1_drop0p1_trmiss50_trlocradio,40,0.25361817826827365,0.6801044642925262,0.5819327731092437,0.7123832733642024,0.5777777777777777,0.0,0.0,0.0,0.0,0.0,0.0,0.0,0.0,0.0,2002,radio,0.5
3,2,lr1e-04_bs32_modL1_fusion64_fusionL1_drop0p1_trmiss50_trlocradio,32,0.0001,1,64,1,0.1,lr1e-04_bs32_modL1_fusion64_fusionL1_drop0p1_trmiss50_trlocradio,41,0.26292190204064053,0.6800352036952972,0.5756302521008403,0.7094242648783474,0.6,0.0,0.0,0.0,0.0,0.0,0.0,0.0,0.0,0.0,2002,radio,0.5
3,2,lr1e-04_bs32_modL1_fusion64_fusionL1_drop0p1_trmiss50_trlocradio,32,0.0001,1,64,1,0.1,lr1e-04_bs32_modL1_fusion64_fusionL1_drop0p1_trmiss50_trlocradio,42,0.2812729850411415,0.6788881123065948,0.5819327731092437,0.7090454073573557,0.5777777777777777,0.0,0.0,0.0,0.0,0.0,0.0,0.0,0.0,0.0,2002,radio,0.5
3,2,lr1e-04_bs32_modL1_fusion64_fusionL1_drop0p1_trmiss50_trlocradio,32,0.0001,1,64,1,0.1,lr1e-04_bs32_modL1_fusion64_fusionL1_drop0p1_trmiss50_trlocradio,43,0.24935892721017203,0.6777897775173187,0.5903361344537815,0.7135504902092944,0.5777777777777777,0.0,0.0,0.0,0.0,0.0,0.0,0.0,0.0,0.0,2002,radio,0.5
3,2,lr1e-04_bs32_modL1_fusion64_fusionL1_drop0p1_trmiss50_trlocradio,32,0.0001,1,64,1,0.1,lr1e-04_bs32_modL1_fusion64_fusionL1_drop0p1_trmiss50_trlocradio,44,0.24902297804752985,0.6785185635089874,0.5882352941176471,0.7128402629365672,0.6,0.0,0.0,0.0,0.0,0.0,0.0,0.0,0.0,0.0,2002,radio,0.5
3,2,lr1e-04_bs32_modL1_fusion64_fusionL1_drop0p1_trmiss50_trlocradio,32,0.0001,1,64,1,0.1,lr1e-04_bs32_modL1_fusion64_fusionL1_drop0p1_trmiss50_trlocradio,45,0.2710464149713516,0.6790964901447296,0.5840336134453782,0.7110539540074012,0.6,0.0,0.0,0.0,0.0,0.0,0.0,0.0,0.0,0.0,2002,radio,0.5
3,2,lr1e-04_bs32_modL1_fusion64_fusionL1_drop0p1_trmiss50_trlocradio,32,0.0001,1,64,1,0.1,lr1e-04_bs32_modL1_fusion64_fusionL1_drop0p1_trmiss50_trlocradio,46,0.23782823234796524,0.6813216805458069,0.5840336134453782,0.7110539540074012,0.5777777777777777,0.0,0.0,0.0,0.0,0.0,0.0,0.0,0.0,0.0,2002,radio,0.5
3,2,lr1e-04_bs32_modL1_fusion64_fusionL1_drop0p1_trmiss50_trlocradio,32,0.0001,1,64,1,0.1,lr1e-04_bs32_modL1_fusion64_fusionL1_drop0p1_trmiss50_trlocradio,47,0.24572810033957163,0.6806260943412781,0.5819327731092436,0.7097784438033194,0.5777777777777777,0.0,0.0,0.0,0.0,0.0,0.0,0.0,0.0,0.0,2002,radio,0.5
3,2,lr1e-04_bs32_modL1_fusion64_fusionL1_drop0p1_trmiss50_trlocradio,32,0.0001,1,64,1,0.1,lr1e-04_bs32_modL1_fusion64_fusionL1_drop0p1_trmiss50_trlocradio,48,0.24385946989059448,0.6805939078330994,0.5819327731092437,0.7091728816023626,0.6,0.0,0.0,0.0,0.0,0.0,0.0,0.0,0.0,0.0,2002,radio,0.5
3,2,lr1e-04_bs32_modL1_fusion64_fusionL1_drop0p1_trmiss50_trlocradio,32,0.0001,1,64,1,0.1,lr1e-04_bs32_modL1_fusion64_fusionL1_drop0p1_trmiss50_trlocradio,49,0.2672158554196358,0.6820209920406342,0.5882352941176471,0.7113520697190506,0.5777777777777777,0.0,0.0,0.0,0.0,0.0,0.0,0.0,0.0,0.0,2002,radio,0.5
3,2,lr1e-04_bs32_modL1_fusion64_fusionL1_drop0p1_trmiss50_trlocradio,32,0.0001,1,64,1,0.1,lr1e-04_bs32_modL1_fusion64_fusionL1_drop0p1_trmiss50_trlocradio,50,0.24064656595389047,0.6820103228092194,0.5840336134453782,0.7104886710760467,0.5555555555555556,0.0,0.0,0.0,0.0,0.0,0.0,0.0,0.0,0.0,2002,radio,0.5
3,3,lr5e-05_bs16_modL1_fusion32_fusionL1_drop0p2_trmiss50_trlocradio,16,5e-05,1,32,1,0.2,lr5e-05_bs16_modL1_fusion32_fusionL1_drop0p2_trmiss50_trlocradio,1,0.7208241870005926,0.7160891890525818,0.47413793103448276,0.6412461863841321,0.3333333333333333,0.0,0.0,0.0,0.0,0.0,0.0,0.0,0.0,0.0,2002,radio,0.5
3,3,lr5e-05_bs16_modL1_fusion32_fusionL1_drop0p2_trmiss50_trlocradio,16,5e-05,1,32,1,0.2,lr5e-05_bs16_modL1_fusion32_fusionL1_drop0p2_trmiss50_trlocradio,2,0.7177492827177048,0.7269749641418457,0.49353448275862066,0.6355326656216136,0.37777777777777777,0.0,0.0,0.0,0.0,0.0,0.0,0.0,0.0,0.0,2002,radio,0.5
3,3,lr5e-05_bs16_modL1_fusion32_fusionL1_drop0p2_trmiss50_trlocradio,16,5e-05,1,32,1,0.2,lr5e-05_bs16_modL1_fusion32_fusionL1_drop0p2_trmiss50_trlocradio,3,0.7146031558513641,0.737816572189331,0.49353448275862066,0.6401083213357912,0.4,0.0,0.0,0.0,0.0,0.0,0.0,0.0,0.0,0.0,2002,radio,0.5
3,3,lr5e-05_bs16_modL1_fusion32_fusionL1_drop0p2_trmiss50_trlocradio,16,5e-05,1,32,1,0.2,lr5e-05_bs16_modL1_fusion32_fusionL1_drop0p2_trmiss50_trlocradio,4,0.6713947802782059,0.735526462395986,0.5237068965517241,0.6515571186123844,0.4,0.0,0.0,0.0,0.0,0.0,0.0,0.0,0.0,0.0,2002,radio,0.5
3,3,lr5e-05_bs16_modL1_fusion32_fusionL1_drop0p2_trmiss50_trlocradio,16,5e-05,1,32,1,0.2,lr5e-05_bs16_modL1_fusion32_fusionL1_drop0p2_trmiss50_trlocradio,5,0.6912123213211695,0.7260289589564005,0.5517241379310345,0.6663936525340494,0.4222222222222222,0.0,0.0,0.0,0.0,0.0,0.0,0.0,0.0,0.0,2002,radio,0.5
3,3,lr5e-05_bs16_modL1_fusion32_fusionL1_drop0p2_trmiss50_trlocradio,16,5e-05,1,32,1,0.2,lr5e-05_bs16_modL1_fusion32_fusionL1_drop0p2_trmiss50_trlocradio,6,0.6694275488456091,0.722285787264506,0.5646551724137931,0.6688050820628743,0.4444444444444444,0.0,0.0,0.0,0.0,0.0,0.0,0.0,0.0,0.0,2002,radio,0.5
3,3,lr5e-05_bs16_modL1_fusion32_fusionL1_drop0p2_trmiss50_trlocradio,16,5e-05,1,32,1,0.2,lr5e-05_bs16_modL1_fusion32_fusionL1_drop0p2_trmiss50_trlocradio,7,0.6779770155747732,0.7292688290278116,0.5366379310344828,0.6516323036541857,0.4444444444444444,0.0,0.0,0.0,0.0,0.0,0.0,0.0,0.0,0.0,2002,radio,0.5
3,3,lr5e-05_bs16_modL1_fusion32_fusionL1_drop0p2_trmiss50_trlocradio,16,5e-05,1,32,1,0.2,lr5e-05_bs16_modL1_fusion32_fusionL1_drop0p2_trmiss50_trlocradio,8,0.6537829488515854,0.7259835600852966,0.5237068965517241,0.6473039435790666,0.4444444444444444,0.0,0.0,0.0,0.0,0.0,0.0,0.0,0.0,0.0,2002,radio,0.5
3,3,lr5e-05_bs16_modL1_fusion32_fusionL1_drop0p2_trmiss50_trlocradio,16,5e-05,1,32,1,0.2,lr5e-05_bs16_modL1_fusion32_fusionL1_drop0p2_trmiss50_trlocradio,9,0.6627747764190038,0.7246725161870321,0.5452586206896551,0.6530837622495846,0.4444444444444444,0.0,0.0,0.0,0.0,0.0,0.0,0.0,0.0,0.0,2002,radio,0.5
3,3,lr5e-05_bs16_modL1_fusion32_fusionL1_drop0p2_trmiss50_trlocradio,16,5e-05,1,32,1,0.2,lr5e-05_bs16_modL1_fusion32_fusionL1_drop0p2_trmiss50_trlocradio,10,0.6578901509443918,0.7310625116030375,0.5301724137931034,0.6431581168419003,0.4222222222222222,0.0,0.0,0.0,0.0,0.0,0.0,0.0,0.0,0.0,2002,radio,0.5
3,3,lr5e-05_bs16_modL1_fusion32_fusionL1_drop0p2_trmiss50_trlocradio,16,5e-05,1,32,1,0.2,lr5e-05_bs16_modL1_fusion32_fusionL1_drop0p2_trmiss50_trlocradio,11,0.6503950854142507,0.7280584375063578,0.5323275862068966,0.6499647500136754,0.4888888888888889,0.0,0.0,0.0,0.0,0.0,0.0,0.0,0.0,0.0,2002,radio,0.5
3,3,lr5e-05_bs16_modL1_fusion32_fusionL1_drop0p2_trmiss50_trlocradio,16,5e-05,1,32,1,0.2,lr5e-05_bs16_modL1_fusion32_fusionL1_drop0p2_trmiss50_trlocradio,12,0.6371450771888097,0.7291548848152161,0.5495689655172414,0.6529918623223402,0.4666666666666667,0.0,0.0,0.0,0.0,0.0,0.0,0.0,0.0,0.0,2002,radio,0.5
3,3,lr5e-05_bs16_modL1_fusion32_fusionL1_drop0p2_trmiss50_trlocradio,16,5e-05,1,32,1,0.2,lr5e-05_bs16_modL1_fusion32_fusionL1_drop0p2_trmiss50_trlocradio,13,0.6483220607042313,0.7179421186447144,0.5603448275862069,0.6648802736081826,0.4888888888888889,0.0,0.0,0.0,0.0,0.0,0.0,0.0,0.0,0.0,2002,radio,0.5
3,3,lr5e-05_bs16_modL1_fusion32_fusionL1_drop0p2_trmiss50_trlocradio,16,5e-05,1,32,1,0.2,lr5e-05_bs16_modL1_fusion32_fusionL1_drop0p2_trmiss50_trlocradio,14,0.6351615687211355,0.7228351434071859,0.5344827586206897,0.6487611699561401,0.4888888888888889,0.0,0.0,0.0,0.0,0.0,0.0,0.0,0.0,0.0,2002,radio,0.5
3,3,lr5e-05_bs16_modL1_fusion32_fusionL1_drop0p2_trmiss50_trlocradio,16,5e-05,1,32,1,0.2,lr5e-05_bs16_modL1_fusion32_fusionL1_drop0p2_trmiss50_trlocradio,15,0.6356672644615173,0.7245185176531473,0.5344827586206896,0.6466477980629791,0.4888888888888889,0.0,0.0,0.0,0.0,0.0,0.0,0.0,0.0,0.0,2002,radio,0.5
3,3,lr5e-05_bs16_modL1_fusion32_fusionL1_drop0p2_trmiss50_trlocradio,16,5e-05,1,32,1,0.2,lr5e-05_bs16_modL1_fusion32_fusionL1_drop0p2_trmiss50_trlocradio,16,0.6191135396560034,0.7158661683400472,0.5603448275862069,0.6653179327536295,0.5333333333333333,0.0,0.0,0.0,0.0,0.0,0.0,0.0,0.0,0.0,2002,radio,0.5
3,3,lr5e-05_bs16_modL1_fusion32_fusionL1_drop0p2_trmiss50_trlocradio,16,5e-05,1,32,1,0.2,lr5e-05_bs16_modL1_fusion32_fusionL1_drop0p2_trmiss50_trlocradio,17,0.6311075935761133,0.715433140595754,0.5689655172413792,0.6685459565842105,0.5111111111111111,0.0,0.0,0.0,0.0,0.0,0.0,0.0,0.0,0.0,2002,radio,0.5
3,3,lr5e-05_bs16_modL1_fusion32_fusionL1_drop0p2_trmiss50_trlocradio,16,5e-05,1,32,1,0.2,lr5e-05_bs16_modL1_fusion32_fusionL1_drop0p2_trmiss50_trlocradio,18,0.6227365483840307,0.7155848344167074,0.5452586206896551,0.6587354354307399,0.5111111111111111,0.0,0.0,0.0,0.0,0.0,0.0,0.0,0.0,0.0,2002,radio,0.5
3,3,lr5e-05_bs16_modL1_fusion32_fusionL1_drop0p2_trmiss50_trlocradio,16,5e-05,1,32,1,0.2,lr5e-05_bs16_modL1_fusion32_fusionL1_drop0p2_trmiss50_trlocradio,19,0.6296965430180231,0.7142176032066345,0.5495689655172414,0.6607673979913097,0.5333333333333333,0.0,0.0,0.0,0.0,0.0,0.0,0.0,0.0,0.0,2002,radio,0.5
3,3,lr5e-05_bs16_modL1_fusion32_fusionL1_drop0p2_trmiss50_trlocradio,16,5e-05,1,32,1,0.2,lr5e-05_bs16_modL1_fusion32_fusionL1_drop0p2_trmiss50_trlocradio,20,0.6236853251854578,0.7146045962969462,0.5581896551724137,0.6657521832629786,0.5111111111111111,0.0,0.0,0.0,0.0,0.0,0.0,0.0,0.0,0.0,2002,radio,0.5
3,3,lr5e-05_bs16_modL1_fusion32_fusionL1_drop0p2_trmiss50_trlocradio,16,5e-05,1,32,1,0.2,lr5e-05_bs16_modL1_fusion32_fusionL1_drop0p2_trmiss50_trlocradio,21,0.6193851133187612,0.7212322950363159,0.5560344827586207,0.6642650474267436,0.4666666666666667,0.0,0.0,0.0,0.0,0.0,0.0,0.0,0.0,0.0,2002,radio,0.5
3,3,lr5e-05_bs16_modL1_fusion32_fusionL1_drop0p2_trmiss50_trlocradio,16,5e-05,1,32,1,0.2,lr5e-05_bs16_modL1_fusion32_fusionL1_drop0p2_trmiss50_trlocradio,22,0.6103890687227249,0.7178531289100647,0.5495689655172413,0.6606706662543603,0.5111111111111111,0.0,0.0,0.0,0.0,0.0,0.0,0.0,0.0,0.0,2002,radio,0.5
3,3,lr5e-05_bs16_modL1_fusion32_fusionL1_drop0p2_trmiss50_trlocradio,16,5e-05,1,32,1,0.2,lr5e-05_bs16_modL1_fusion32_fusionL1_drop0p2_trmiss50_trlocradio,23,0.6198547035455704,0.7152082125345866,0.5560344827586207,0.6638484862410946,0.5555555555555556,0.0,0.0,0.0,0.0,0.0,0.0,0.0,0.0,0.0,2002,radio,0.5
3,3,lr5e-05_bs16_modL1_fusion32_fusionL1_drop0p2_trmiss50_trlocradio,16,5e-05,1,32,1,0.2,lr5e-05_bs16_modL1_fusion32_fusionL1_drop0p2_trmiss50_trlocradio,24,0.6244553824265798,0.7153226335843405,0.5474137931034483,0.6536351882651824,0.5555555555555556,0.0,0.0,0.0,0.0,0.0,0.0,0.0,0.0,0.0,2002,radio,0.5
3,3,lr5e-05_bs16_modL1_fusion32_fusionL1_drop0p2_trmiss50_trlocradio,16,5e-05,1,32,1,0.2,lr5e-05_bs16_modL1_fusion32_fusionL1_drop0p2_trmiss50_trlocradio,25,0.6183958748976389,0.7270855704943339,0.543103448275862,0.6547976749426843,0.4666666666666667,0.0,0.0,0.0,0.0,0.0,0.0,0.0,0.0,0.0,2002,radio,0.5
3,3,lr5e-05_bs16_modL1_fusion32_fusionL1_drop0p2_trmiss50_trlocradio,16,5e-05,1,32,1,0.2,lr5e-05_bs16_modL1_fusion32_fusionL1_drop0p2_trmiss50_trlocradio,26,0.622260774175326,0.7206829984982809,0.5560344827586208,0.6609191453464672,0.5111111111111111,0.0,0.0,0.0,0.0,0.0,0.0,0.0,0.0,0.0,2002,radio,0.5
3,3,lr5e-05_bs16_modL1_fusion32_fusionL1_drop0p2_trmiss50_trlocradio,16,5e-05,1,32,1,0.2,lr5e-05_bs16_modL1_fusion32_fusionL1_drop0p2_trmiss50_trlocradio,27,0.608076830705007,0.7189858158429464,0.5603448275862069,0.6621750288197616,0.5111111111111111,0.0,0.0,0.0,0.0,0.0,0.0,0.0,0.0,0.0,2002,radio,0.5
3,3,lr5e-05_bs16_modL1_fusion32_fusionL1_drop0p2_trmiss50_trlocradio,16,5e-05,1,32,1,0.2,lr5e-05_bs16_modL1_fusion32_fusionL1_drop0p2_trmiss50_trlocradio,28,0.6238569815953573,0.7169201175371805,0.5517241379310345,0.6553382561877723,0.5333333333333333,0.0,0.0,0.0,0.0,0.0,0.0,0.0,0.0,0.0,2002,radio,0.5
3,3,lr5e-05_bs16_modL1_fusion32_fusionL1_drop0p2_trmiss50_trlocradio,16,5e-05,1,32,1,0.2,lr5e-05_bs16_modL1_fusion32_fusionL1_drop0p2_trmiss50_trlocradio,29,0.6039388130108515,0.7227725982666016,0.5668103448275862,0.6689727047212988,0.4444444444444444,0.0,0.0,0.0,0.0,0.0,0.0,0.0,0.0,0.0,2002,radio,0.5
3,3,lr5e-05_bs16_modL1_fusion32_fusionL1_drop0p2_trmiss50_trlocradio,16,5e-05,1,32,1,0.2,lr5e-05_bs16_modL1_fusion32_fusionL1_drop0p2_trmiss50_trlocradio,30,0.6004270861546198,0.7189608017603556,0.5431034482758621,0.6564901061482056,0.4888888888888889,0.0,0.0,0.0,0.0,0.0,0.0,0.0,0.0,0.0,2002,radio,0.5
3,3,lr5e-05_bs16_modL1_fusion32_fusionL1_drop0p2_trmiss50_trlocradio,16,5e-05,1,32,1,0.2,lr5e-05_bs16_modL1_fusion32_fusionL1_drop0p2_trmiss50_trlocradio,31,0.6269478897253672,0.714172879854838,0.5581896551724138,0.6574834682298344,0.5333333333333333,0.0,0.0,0.0,0.0,0.0,0.0,0.0,0.0,0.0,2002,radio,0.5
3,3,lr5e-05_bs16_modL1_fusion32_fusionL1_drop0p2_trmiss50_trlocradio,16,5e-05,1,32,1,0.2,lr5e-05_bs16_modL1_fusion32_fusionL1_drop0p2_trmiss50_trlocradio,32,0.5985142240921656,0.714593748251597,0.5517241379310344,0.6573181377259385,0.5333333333333333,0.0,0.0,0.0,0.0,0.0,0.0,0.0,0.0,0.0,2002,radio,0.5
3,3,lr5e-05_bs16_modL1_fusion32_fusionL1_drop0p2_trmiss50_trlocradio,16,5e-05,1,32,1,0.2,lr5e-05_bs16_modL1_fusion32_fusionL1_drop0p2_trmiss50_trlocradio,33,0.6151076257228851,0.7110608220100403,0.5581896551724138,0.6586813614185743,0.5111111111111111,0.0,0.0,0.0,0.0,0.0,0.0,0.0,0.0,0.0,2002,radio,0.5
3,3,lr5e-05_bs16_modL1_fusion32_fusionL1_drop0p2_trmiss50_trlocradio,16,5e-05,1,32,1,0.2,lr5e-05_bs16_modL1_fusion32_fusionL1_drop0p2_trmiss50_trlocradio,34,0.5935581773519516,0.718653937180837,0.5474137931034483,0.6571408131317882,0.4888888888888889,0.0,0.0,0.0,0.0,0.0,0.0,0.0,0.0,0.0,2002,radio,0.5
3,3,lr5e-05_bs16_modL1_fusion32_fusionL1_drop0p2_trmiss50_trlocradio,16,5e-05,1,32,1,0.2,lr5e-05_bs16_modL1_fusion32_fusionL1_drop0p2_trmiss50_trlocradio,35,0.5998204747835795,0.7206886808077494,0.5495689655172413,0.657106123321104,0.5111111111111111,0.0,0.0,0.0,0.0,0.0,0.0,0.0,0.0,0.0,2002,radio,0.5
3,3,lr5e-05_bs16_modL1_fusion32_fusionL1_drop0p2_trmiss50_trlocradio,16,5e-05,1,32,1,0.2,lr5e-05_bs16_modL1_fusion32_fusionL1_drop0p2_trmiss50_trlocradio,36,0.5992136945327123,0.7212849458058676,0.5495689655172414,0.6566562666643508,0.4444444444444444,0.0,0.0,0.0,0.0,0.0,0.0,0.0,0.0,0.0,2002,radio,0.5
3,3,lr5e-05_bs16_modL1_fusion32_fusionL1_drop0p2_trmiss50_trlocradio,16,5e-05,1,32,1,0.2,lr5e-05_bs16_modL1_fusion32_fusionL1_drop0p2_trmiss50_trlocradio,37,0.6017490575710932,0.7123731374740601,0.5581896551724138,0.6645566058043333,0.5111111111111111,0.0,0.0,0.0,0.0,0.0,0.0,0.0,0.0,0.0,2002,radio,0.5
3,3,lr5e-05_bs16_modL1_fusion32_fusionL1_drop0p1_trmiss50_trlocradio,16,5e-05,1,32,1,0.1,lr5e-05_bs16_modL1_fusion32_fusionL1_drop0p1_trmiss50_trlocradio,1,0.6627538204193115,0.676783045132955,0.45689655172413796,0.6488488667089521,0.6222222222222222,0.0,0.0,0.0,0.0,0.0,0.0,0.0,0.0,0.0,2002,radio,0.5
3,3,lr5e-05_bs16_modL1_fusion32_fusionL1_drop0p1_trmiss50_trlocradio,16,5e-05,1,32,1,0.1,lr5e-05_bs16_modL1_fusion32_fusionL1_drop0p1_trmiss50_trlocradio,2,0.6308124214410782,0.6730337738990784,0.47629310344827586,0.6538387883562564,0.6222222222222222,0.0,0.0,0.0,0.0,0.0,0.0,0.0,0.0,0.0,2002,radio,0.5
3,3,lr5e-05_bs16_modL1_fusion32_fusionL1_drop0p1_trmiss50_trlocradio,16,5e-05,1,32,1,0.1,lr5e-05_bs16_modL1_fusion32_fusionL1_drop0p1_trmiss50_trlocradio,3,0.6093951811393102,0.6678511500358582,0.502155172413793,0.6888194816090779,0.5333333333333333,0.0,0.0,0.0,0.0,0.0,0.0,0.0,0.0,0.0,2002,radio,0.5
3,3,lr5e-05_bs16_modL1_fusion32_fusionL1_drop0p1_trmiss50_trlocradio,16,5e-05,1,32,1,0.1,lr5e-05_bs16_modL1_fusion32_fusionL1_drop0p1_trmiss50_trlocradio,4,0.5738017211357752,0.6640110015869141,0.5280172413793104,0.7085525742821915,0.5333333333333333,0.0,0.0,0.0,0.0,0.0,0.0,0.0,0.0,0.0,2002,radio,0.5
3,3,lr5e-05_bs16_modL1_fusion32_fusionL1_drop0p1_trmiss50_trlocradio,16,5e-05,1,32,1,0.1,lr5e-05_bs16_modL1_fusion32_fusionL1_drop0p1_trmiss50_trlocradio,5,0.5683299799760183,0.6618684132893881,0.5452586206896552,0.7184023079772928,0.5555555555555556,0.0,0.0,0.0,0.0,0.0,0.0,0.0,0.0,0.0,2002,radio,0.5
3,3,lr5e-05_bs16_modL1_fusion32_fusionL1_drop0p1_trmiss50_trlocradio,16,5e-05,1,32,1,0.1,lr5e-05_bs16_modL1_fusion32_fusionL1_drop0p1_trmiss50_trlocradio,6,0.5451206614573797,0.6583666205406189,0.540948275862069,0.720657619715363,0.5555555555555556,0.0,0.0,0.0,0.0,0.0,0.0,0.0,0.0,0.0,2002,radio,0.5
3,3,lr5e-05_bs16_modL1_fusion32_fusionL1_drop0p1_trmiss50_trlocradio,16,5e-05,1,32,1,0.1,lr5e-05_bs16_modL1_fusion32_fusionL1_drop0p1_trmiss50_trlocradio,7,0.570106714963913,0.6555930574735006,0.5560344827586207,0.7253471812944525,0.5333333333333333,0.0,0.0,0.0,0.0,0.0,0.0,0.0,0.0,0.0,2002,radio,0.5
3,3,lr5e-05_bs16_modL1_fusion32_fusionL1_drop0p1_trmiss50_trlocradio,16,5e-05,1,32,1,0.1,lr5e-05_bs16_modL1_fusion32_fusionL1_drop0p1_trmiss50_trlocradio,8,0.5197558378179868,0.6590270598729452,0.5538793103448276,0.7241728241363226,0.5555555555555556,0.0,0.0,0.0,0.0,0.0,0.0,0.0,0.0,0.0,2002,radio,0.5
3,3,lr5e-05_bs16_modL1_fusion32_fusionL1_drop0p1_trmiss50_trlocradio,16,5e-05,1,32,1,0.1,lr5e-05_bs16_modL1_fusion32_fusionL1_drop0p1_trmiss50_trlocradio,9,0.5083474020163218,0.6545387307802836,0.5560344827586207,0.725386125532935,0.5555555555555556,0.0,0.0,0.0,0.0,0.0,0.0,0.0,0.0,0.0,2002,radio,0.5
3,3,lr5e-05_bs16_modL1_fusion32_fusionL1_drop0p1_trmiss50_trlocradio,16,5e-05,1,32,1,0.1,lr5e-05_bs16_modL1_fusion32_fusionL1_drop0p1_trmiss50_trlocradio,10,0.5248999521136284,0.6456470886866251,0.584051724137931,0.7535753298149054,0.5777777777777777,0.0,0.0,0.0,0.0,0.0,0.0,0.0,0.0,0.0,2002,radio,0.5
3,3,lr5e-05_bs16_modL1_fusion32_fusionL1_drop0p1_trmiss50_trlocradio,16,5e-05,1,32,1,0.1,lr5e-05_bs16_modL1_fusion32_fusionL1_drop0p1_trmiss50_trlocradio,11,0.49213746935129166,0.6409714221954346,0.622844827586207,0.7743331592043526,0.5555555555555556,0.0,0.0,0.0,0.0,0.0,0.0,0.0,0.0,0.0,2002,radio,0.5
3,3,lr5e-05_bs16_modL1_fusion32_fusionL1_drop0p1_trmiss50_trlocradio,16,5e-05,1,32,1,0.1,lr5e-05_bs16_modL1_fusion32_fusionL1_drop0p1_trmiss50_trlocradio,12,0.4990176856517792,0.6389425794283549,0.6314655172413792,0.7697539136453377,0.5555555555555556,0.0,0.0,0.0,0.0,0.0,0.0,0.0,0.0,0.0,2002,radio,0.5
3,3,lr5e-05_bs16_modL1_fusion32_fusionL1_drop0p1_trmiss50_trlocradio,16,5e-05,1,32,1,0.1,lr5e-05_bs16_modL1_fusion32_fusionL1_drop0p1_trmiss50_trlocradio,13,0.4866860856612523,0.6405328313509623,0.6271551724137931,0.7647377770262913,0.5333333333333333,0.0,0.0,0.0,0.0,0.0,0.0,0.0,0.0,0.0,2002,radio,0.5
3,3,lr5e-05_bs16_modL1_fusion32_fusionL1_drop0p1_trmiss50_trlocradio,16,5e-05,1,32,1,0.1,lr5e-05_bs16_modL1_fusion32_fusionL1_drop0p1_trmiss50_trlocradio,14,0.4733766242861748,0.6370751659075419,0.6487068965517242,0.7616716796597243,0.5333333333333333,0.0,0.0,0.0,0.0,0.0,0.0,0.0,0.0,0.0,2002,radio,0.5
3,3,lr5e-05_bs16_modL1_fusion32_fusionL1_drop0p1_trmiss50_trlocradio,16,5e-05,1,32,1,0.1,lr5e-05_bs16_modL1_fusion32_fusionL1_drop0p1_trmiss50_trlocradio,15,0.47086702038844425,0.6344836552937826,0.6422413793103449,0.7604044699463615,0.5777777777777777,0.0,0.0,0.0,0.0,0.0,0.0,0.0,0.0,0.0,2002,radio,0.5
3,3,lr5e-05_bs16_modL1_fusion32_fusionL1_drop0p1_trmiss50_trlocradio,16,5e-05,1,32,1,0.1,lr5e-05_bs16_modL1_fusion32_fusionL1_drop0p1_trmiss50_trlocradio,16,0.47370991855859756,0.6369743943214417,0.627155172413793,0.7500490853919362,0.5777777777777777,0.0,0.0,0.0,0.0,0.0,0.0,0.0,0.0,0.0,2002,radio,0.5
3,3,lr5e-05_bs16_modL1_fusion32_fusionL1_drop0p1_trmiss50_trlocradio,16,5e-05,1,32,1,0.1,lr5e-05_bs16_modL1_fusion32_fusionL1_drop0p1_trmiss50_trlocradio,17,0.460458405315876,0.6328869064648946,0.6400862068965517,0.7523617007863845,0.6,0.0,0.0,0.0,0.0,0.0,0.0,0.0,0.0,0.0,2002,radio,0.5
3,3,lr5e-05_bs16_modL1_fusion32_fusionL1_drop0p1_trmiss50_trlocradio,16,5e-05,1,32,1,0.1,lr5e-05_bs16_modL1_fusion32_fusionL1_drop0p1_trmiss50_trlocradio,18,0.4687461853027344,0.6306475798288981,0.6487068965517241,0.7568229393834192,0.6,0.0,0.0,0.0,0.0,0.0,0.0,0.0,0.0,0.0,2002,radio,0.5
3,3,lr5e-05_bs16_modL1_fusion32_fusionL1_drop0p1_trmiss50_trlocradio,16,5e-05,1,32,1,0.1,lr5e-05_bs16_modL1_fusion32_fusionL1_drop0p1_trmiss50_trlocradio,19,0.4419602304697037,0.6305281122525533,0.6336206896551725,0.7770292626816561,0.6,0.0,0.0,0.0,0.0,0.0,0.0,0.0,0.0,0.0,2002,radio,0.5
3,3,lr5e-05_bs16_modL1_fusion32_fusionL1_drop0p1_trmiss50_trlocradio,16,5e-05,1,32,1,0.1,lr5e-05_bs16_modL1_fusion32_fusionL1_drop0p1_trmiss50_trlocradio,20,0.4452905481060346,0.630800743897756,0.6336206896551724,0.7632579777224788,0.6,0.0,0.0,0.0,0.0,0.0,0.0,0.0,0.0,0.0,2002,radio,0.5
3,3,lr5e-05_bs16_modL1_fusion32_fusionL1_drop0p1_trmiss50_trlocradio,16,5e-05,1,32,1,0.1,lr5e-05_bs16_modL1_fusion32_fusionL1_drop0p1_trmiss50_trlocradio,21,0.4515409270922343,0.6250165700912476,0.6573275862068966,0.7782009119885722,0.6,0.0,0.0,0.0,0.0,0.0,0.0,0.0,0.0,0.0,2002,radio,0.5
3,3,lr5e-05_bs16_modL1_fusion32_fusionL1_drop0p1_trmiss50_trlocradio,16,5e-05,1,32,1,0.1,lr5e-05_bs16_modL1_fusion32_fusionL1_drop0p1_trmiss50_trlocradio,22,0.42203309883673984,0.6283540527025858,0.6487068965517242,0.773804410685853,0.6,0.0,0.0,0.0,0.0,0.0,0.0,0.0,0.0,0.0,2002,radio,0.5
3,3,lr5e-05_bs16_modL1_fusion32_fusionL1_drop0p1_trmiss50_trlocradio,16,5e-05,1,32,1,0.1,lr5e-05_bs16_modL1_fusion32_fusionL1_drop0p1_trmiss50_trlocradio,23,0.4236758251984914,0.6240638295809428,0.6637931034482759,0.7820105032639428,0.6,0.0,0.0,0.0,0.0,0.0,0.0,0.0,0.0,0.0,2002,radio,0.5
3,3,lr5e-05_bs16_modL1_fusion32_fusionL1_drop0p1_trmiss50_trlocradio,16,5e-05,1,32,1,0.1,lr5e-05_bs16_modL1_fusion32_fusionL1_drop0p1_trmiss50_trlocradio,24,0.415043868124485,0.61831667025884,0.6918103448275862,0.7932848744239962,0.6,0.0,0.0,0.0,0.0,0.0,0.0,0.0,0.0,0.0,2002,radio,0.5
3,3,lr5e-05_bs16_modL1_fusion32_fusionL1_drop0p1_trmiss50_trlocradio,16,5e-05,1,32,1,0.1,lr5e-05_bs16_modL1_fusion32_fusionL1_drop0p1_trmiss50_trlocradio,25,0.4189346159497897,0.6243684490521749,0.665948275862069,0.7771708583807944,0.5777777777777777,0.0,0.0,0.0,0.0,0.0,0.0,0.0,0.0,0.0,2002,radio,0.5
3,3,lr5e-05_bs16_modL1_fusion32_fusionL1_drop0p1_trmiss50_trlocradio,16,5e-05,1,32,1,0.1,lr5e-05_bs16_modL1_fusion32_fusionL1_drop0p1_trmiss50_trlocradio,26,0.3986542448401451,0.6172330776850382,0.6810344827586207,0.798934904645748,0.6,0.0,0.0,0.0,0.0,0.0,0.0,0.0,0.0,0.0,2002,radio,0.5
3,3,lr5e-05_bs16_modL1_fusion32_fusionL1_drop0p1_trmiss50_trlocradio,16,5e-05,1,32,1,0.1,lr5e-05_bs16_modL1_fusion32_fusionL1_drop0p1_trmiss50_trlocradio,27,0.4049353872736295,0.6238215764363607,0.6573275862068966,0.7851985730425038,0.6222222222222222,0.0,0.0,0.0,0.0,0.0,0.0,0.0,0.0,0.0,2002,radio,0.5
3,3,lr5e-05_bs16_modL1_fusion32_fusionL1_drop0p1_trmiss50_trlocradio,16,5e-05,1,32,1,0.1,lr5e-05_bs16_modL1_fusion32_fusionL1_drop0p1_trmiss50_trlocradio,28,0.40432317306598026,0.6146242419878641,0.6745689655172413,0.7944062445800301,0.6222222222222222,0.0,0.0,0.0,0.0,0.0,0.0,0.0,0.0,0.0,2002,radio,0.5
3,3,lr5e-05_bs16_modL1_fusion32_fusionL1_drop0p1_trmiss50_trlocradio,16,5e-05,1,32,1,0.1,lr5e-05_bs16_modL1_fusion32_fusionL1_drop0p1_trmiss50_trlocradio,29,0.4186389893293381,0.6102567911148071,0.6831896551724138,0.8012116241455737,0.6444444444444445,0.0,0.0,0.0,0.0,0.0,0.0,0.0,0.0,0.0,2002,radio,0.5
3,3,lr5e-05_bs16_modL1_fusion32_fusionL1_drop0p1_trmiss50_trlocradio,16,5e-05,1,32,1,0.1,lr5e-05_bs16_modL1_fusion32_fusionL1_drop0p1_trmiss50_trlocradio,30,0.420999047656854,0.6110609968503317,0.6788793103448276,0.7989263736299989,0.6222222222222222,0.0,0.0,0.0,0.0,0.0,0.0,0.0,0.0,0.0,2002,radio,0.5
3,3,lr5e-05_bs16_modL1_fusion32_fusionL1_drop0p1_trmiss50_trlocradio,16,5e-05,1,32,1,0.1,lr5e-05_bs16_modL1_fusion32_fusionL1_drop0p1_trmiss50_trlocradio,31,0.4115305220087369,0.616888960202535,0.6681034482758621,0.7929974920335822,0.6222222222222222,0.0,0.0,0.0,0.0,0.0,0.0,0.0,0.0,0.0,2002,radio,0.5
3,3,lr5e-05_bs16_modL1_fusion32_fusionL1_drop0p1_trmiss50_trlocradio,16,5e-05,1,32,1,0.1,lr5e-05_bs16_modL1_fusion32_fusionL1_drop0p1_trmiss50_trlocradio,32,0.37483101338148117,0.6173940896987915,0.6637931034482758,0.7739563499575837,0.6444444444444445,0.0,0.0,0.0,0.0,0.0,0.0,0.0,0.0,0.0,2002,radio,0.5
3,3,lr5e-05_bs16_modL1_fusion32_fusionL1_drop0p1_trmiss50_trlocradio,16,5e-05,1,32,1,0.1,lr5e-05_bs16_modL1_fusion32_fusionL1_drop0p1_trmiss50_trlocradio,33,0.3922341813643773,0.6212077339490255,0.665948275862069,0.7730804908865383,0.6222222222222222,0.0,0.0,0.0,0.0,0.0,0.0,0.0,0.0,0.0,2002,radio,0.5
3,3,lr5e-05_bs16_modL1_fusion32_fusionL1_drop0p1_trmiss50_trlocradio,16,5e-05,1,32,1,0.1,lr5e-05_bs16_modL1_fusion32_fusionL1_drop0p1_trmiss50_trlocradio,34,0.3923617750406265,0.6230389674504598,0.6551724137931034,0.7630018989390357,0.6444444444444445,0.0,0.0,0.0,0.0,0.0,0.0,0.0,0.0,0.0,2002,radio,0.5
3,3,lr5e-05_bs16_modL1_fusion32_fusionL1_drop0p1_trmiss50_trlocradio,16,5e-05,1,32,1,0.1,lr5e-05_bs16_modL1_fusion32_fusionL1_drop0p1_trmiss50_trlocradio,35,0.3682461604475975,0.6193537513415018,0.6681034482758621,0.7906471902363866,0.6444444444444445,0.0,0.0,0.0,0.0,0.0,0.0,0.0,0.0,0.0,2002,radio,0.5
3,3,lr5e-05_bs16_modL1_fusion32_fusionL1_drop0p1_trmiss50_trlocradio,16,5e-05,1,32,1,0.1,lr5e-05_bs16_modL1_fusion32_fusionL1_drop0p1_trmiss50_trlocradio,36,0.36566687126954395,0.6223985155423483,0.6616379310344828,0.7758399518297636,0.6,0.0,0.0,0.0,0.0,0.0,0.0,0.0,0.0,0.0,2002,radio,0.5
3,3,lr5e-05_bs16_modL1_fusion32_fusionL1_drop0p1_trmiss50_trlocradio,16,5e-05,1,32,1,0.1,lr5e-05_bs16_modL1_fusion32_fusionL1_drop0p1_trmiss50_trlocradio,37,0.36478252708911896,0.6214096546173096,0.6573275862068966,0.7749571817052987,0.6,0.0,0.0,0.0,0.0,0.0,0.0,0.0,0.0,0.0,2002,radio,0.5
3,3,lr5e-05_bs16_modL1_fusion32_fusionL1_drop0p1_trmiss50_trlocradio,16,5e-05,1,32,1,0.1,lr5e-05_bs16_modL1_fusion32_fusionL1_drop0p1_trmiss50_trlocradio,38,0.35273968428373337,0.6195801893870035,0.6616379310344828,0.7778481002367039,0.6444444444444445,0.0,0.0,0.0,0.0,0.0,0.0,0.0,0.0,0.0,2002,radio,0.5
3,3,lr5e-05_bs16_modL1_fusion32_fusionL1_drop0p1_trmiss50_trlocradio,16,5e-05,1,32,1,0.1,lr5e-05_bs16_modL1_fusion32_fusionL1_drop0p1_trmiss50_trlocradio,39,0.3612691933910052,0.622016966342926,0.6443965517241379,0.7655782915630474,0.6444444444444445,0.0,0.0,0.0,0.0,0.0,0.0,0.0,0.0,0.0,2002,radio,0.5
3,3,lr5e-05_bs16_modL1_fusion32_fusionL1_drop0p1_trmiss50_trlocradio,16,5e-05,1,32,1,0.1,lr5e-05_bs16_modL1_fusion32_fusionL1_drop0p1_trmiss50_trlocradio,40,0.34671969215075177,0.6213364601135254,0.6508620689655171,0.7701108060955444,0.6444444444444445,0.0,0.0,0.0,0.0,0.0,0.0,0.0,0.0,0.0,2002,radio,0.5
3,3,lr5e-05_bs16_modL1_fusion32_fusionL1_drop0p1_trmiss50_trlocradio,16,5e-05,1,32,1,0.1,lr5e-05_bs16_modL1_fusion32_fusionL1_drop0p1_trmiss50_trlocradio,41,0.36602987349033356,0.6186698873837789,0.6530172413793104,0.7702667686139735,0.6444444444444445,0.0,0.0,0.0,0.0,0.0,0.0,0.0,0.0,0.0,2002,radio,0.5
3,3,lr5e-05_bs16_modL1_fusion32_fusionL1_drop0p1_trmiss50_trlocradio,16,5e-05,1,32,1,0.1,lr5e-05_bs16_modL1_fusion32_fusionL1_drop0p1_trmiss50_trlocradio,42,0.3499026224017143,0.6211119691530863,0.6551724137931035,0.7735340104151045,0.6444444444444445,0.0,0.0,0.0,0.0,0.0,0.0,0.0,0.0,0.0,2002,radio,0.5
3,3,lr5e-05_bs16_modL1_fusion32_fusionL1_drop0p1_trmiss50_trlocradio,16,5e-05,1,32,1,0.1,lr5e-05_bs16_modL1_fusion32_fusionL1_drop0p1_trmiss50_trlocradio,43,0.3763812929391861,0.6230814258257548,0.6702586206896552,0.7734241029693496,0.6666666666666666,0.0,0.0,0.0,0.0,0.0,0.0,0.0,0.0,0.0,2002,radio,0.5
3,3,lr5e-05_bs16_modL1_fusion32_fusionL1_drop0p1_trmiss50_trlocradio,16,5e-05,1,32,1,0.1,lr5e-05_bs16_modL1_fusion32_fusionL1_drop0p1_trmiss50_trlocradio,44,0.3463883151610692,0.62052055199941,0.6530172413793103,0.7660311601015735,0.6444444444444445,0.0,0.0,0.0,0.0,0.0,0.0,0.0,0.0,0.0,2002,radio,0.5
3,3,lr5e-05_bs16_modL1_fusion64_fusionL1_drop0p2_trmiss50_trlocradio,16,5e-05,1,64,1,0.2,lr5e-05_bs16_modL1_fusion64_fusionL1_drop0p2_trmiss50_trlocradio,1,0.6548505425453186,0.686459998289744,0.45905172413793105,0.6446471835441078,0.5777777777777777,0.0,0.0,0.0,0.0,0.0,0.0,0.0,0.0,0.0,2002,radio,0.5
3,3,lr5e-05_bs16_modL1_fusion64_fusionL1_drop0p2_trmiss50_trlocradio,16,5e-05,1,64,1,0.2,lr5e-05_bs16_modL1_fusion64_fusionL1_drop0p2_trmiss50_trlocradio,2,0.656687950094541,0.6879120866457621,0.42456896551724144,0.6226532832849861,0.5777777777777777,0.0,0.0,0.0,0.0,0.0,0.0,0.0,0.0,0.0,2002,radio,0.5
3,3,lr5e-05_bs16_modL1_fusion64_fusionL1_drop0p2_trmiss50_trlocradio,16,5e-05,1,64,1,0.2,lr5e-05_bs16_modL1_fusion64_fusionL1_drop0p2_trmiss50_trlocradio,3,0.6326223959525427,0.6852800846099854,0.47844827586206895,0.6392527787173031,0.5333333333333333,0.0,0.0,0.0,0.0,0.0,0.0,0.0,0.0,0.0,2002,radio,0.5
3,3,lr5e-05_bs16_modL1_fusion64_fusionL1_drop0p2_trmiss50_trlocradio,16,5e-05,1,64,1,0.2,lr5e-05_bs16_modL1_fusion64_fusionL1_drop0p2_trmiss50_trlocradio,4,0.6100291609764099,0.6825716098149618,0.5,0.6452680698972625,0.6,0.0,0.0,0.0,0.0,0.0,0.0,0.0,0.0,0.0,2002,radio,0.5
3,3,lr5e-05_bs16_modL1_fusion64_fusionL1_drop0p2_trmiss50_trlocradio,16,5e-05,1,64,1,0.2,lr5e-05_bs16_modL1_fusion64_fusionL1_drop0p2_trmiss50_trlocradio,5,0.6162654658158621,0.6760460337003072,0.5150862068965517,0.6651355606870255,0.6222222222222222,0.0,0.0,0.0,0.0,0.0,0.0,0.0,0.0,0.0,2002,radio,0.5
3,3,lr5e-05_bs16_modL1_fusion64_fusionL1_drop0p2_trmiss50_trlocradio,16,5e-05,1,64,1,0.2,lr5e-05_bs16_modL1_fusion64_fusionL1_drop0p2_trmiss50_trlocradio,6,0.5871596584717432,0.6693957845369974,0.5431034482758621,0.6737272904457781,0.6222222222222222,0.0,0.0,0.0,0.0,0.0,0.0,0.0,0.0,0.0,2002,radio,0.5
3,3,lr5e-05_bs16_modL1_fusion64_fusionL1_drop0p2_trmiss50_trlocradio,16,5e-05,1,64,1,0.2,lr5e-05_bs16_modL1_fusion64_fusionL1_drop0p2_trmiss50_trlocradio,7,0.5925318350394567,0.6728429198265076,0.5495689655172413,0.6782390446742133,0.6222222222222222,0.0,0.0,0.0,0.0,0.0,0.0,0.0,0.0,0.0,2002,radio,0.5
3,3,lr5e-05_bs16_modL1_fusion64_fusionL1_drop0p2_trmiss50_trlocradio,16,5e-05,1,64,1,0.2,lr5e-05_bs16_modL1_fusion64_fusionL1_drop0p2_trmiss50_trlocradio,8,0.5774830430746078,0.6733280618985494,0.5431034482758621,0.6649095272250087,0.5777777777777777,0.0,0.0,0.0,0.0,0.0,0.0,0.0,0.0,0.0,2002,radio,0.5
3,3,lr5e-05_bs16_modL1_fusion64_fusionL1_drop0p2_trmiss50_trlocradio,16,5e-05,1,64,1,0.2,lr5e-05_bs16_modL1_fusion64_fusionL1_drop0p2_trmiss50_trlocradio,9,0.5682887981335322,0.6692682902018229,0.5387931034482758,0.666798444696319,0.5333333333333333,0.0,0.0,0.0,0.0,0.0,0.0,0.0,0.0,0.0,2002,radio,0.5
3,3,lr5e-05_bs16_modL1_fusion64_fusionL1_drop0p2_trmiss50_trlocradio,16,5e-05,1,64,1,0.2,lr5e-05_bs16_modL1_fusion64_fusionL1_drop0p2_trmiss50_trlocradio,10,0.5538495530684789,0.660600463549296,0.5711206896551724,0.7231341042695658,0.6888888888888889,0.0,0.0,0.0,0.0,0.0,0.0,0.0,0.0,0.0,2002,radio,0.5
3,3,lr5e-05_bs16_modL1_fusion64_fusionL1_drop0p2_trmiss50_trlocradio,16,5e-05,1,64,1,0.2,lr5e-05_bs16_modL1_fusion64_fusionL1_drop0p2_trmiss50_trlocradio,11,0.5598276183009148,0.6625089049339294,0.5862068965517241,0.7301151970373033,0.7111111111111111,0.0,0.0,0.0,0.0,0.0,0.0,0.0,0.0,0.0,2002,radio,0.5
3,3,lr5e-05_bs16_modL1_fusion64_fusionL1_drop0p2_trmiss50_trlocradio,16,5e-05,1,64,1,0.2,lr5e-05_bs16_modL1_fusion64_fusionL1_drop0p2_trmiss50_trlocradio,12,0.5547423313061396,0.6621086398760477,0.5818965517241379,0.7256188355840397,0.6222222222222222,0.0,0.0,0.0,0.0,0.0,0.0,0.0,0.0,0.0,2002,radio,0.5
3,3,lr5e-05_bs16_modL1_fusion64_fusionL1_drop0p2_trmiss50_trlocradio,16,5e-05,1,64,1,0.2,lr5e-05_bs16_modL1_fusion64_fusionL1_drop0p2_trmiss50_trlocradio,13,0.5258382881681124,0.6574113567670187,0.5775862068965517,0.717182553823298,0.6888888888888889,0.0,0.0,0.0,0.0,0.0,0.0,0.0,0.0,0.0,2002,radio,0.5
3,3,lr5e-05_bs16_modL1_fusion64_fusionL1_drop0p2_trmiss50_trlocradio,16,5e-05,1,64,1,0.2,lr5e-05_bs16_modL1_fusion64_fusionL1_drop0p2_trmiss50_trlocradio,14,0.5371699432531992,0.6593999663988749,0.5754310344827587,0.7127074129578427,0.6666666666666666,0.0,0.0,0.0,0.0,0.0,0.0,0.0,0.0,0.0,2002,radio,0.5
3,3,lr5e-05_bs16_modL1_fusion64_fusionL1_drop0p2_trmiss50_trlocradio,16,5e-05,1,64,1,0.2,lr5e-05_bs16_modL1_fusion64_fusionL1_drop0p2_trmiss50_trlocradio,15,0.5200788701574007,0.6587480902671814,0.5732758620689655,0.7111726378035069,0.6666666666666666,0.0,0.0,0.0,0.0,0.0,0.0,0.0,0.0,0.0,2002,radio,0.5
3,3,lr5e-05_bs16_modL1_fusion64_fusionL1_drop0p2_trmiss50_trlocradio,16,5e-05,1,64,1,0.2,lr5e-05_bs16_modL1_fusion64_fusionL1_drop0p2_trmiss50_trlocradio,16,0.5219314123193423,0.6568096280097961,0.5905172413793103,0.7252301577574712,0.6666666666666666,0.0,0.0,0.0,0.0,0.0,0.0,0.0,0.0,0.0,2002,radio,0.5
3,3,lr5e-05_bs16_modL1_fusion64_fusionL1_drop0p2_trmiss50_trlocradio,16,5e-05,1,64,1,0.2,lr5e-05_bs16_modL1_fusion64_fusionL1_drop0p2_trmiss50_trlocradio,17,0.4946119834979375,0.6595815022786459,0.5797413793103448,0.7234690737024785,0.6666666666666666,0.0,0.0,0.0,0.0,0.0,0.0,0.0,0.0,0.0,2002,radio,0.5
3,3,lr5e-05_bs16_modL1_fusion64_fusionL1_drop0p2_trmiss50_trlocradio,16,5e-05,1,64,1,0.2,lr5e-05_bs16_modL1_fusion64_fusionL1_drop0p2_trmiss50_trlocradio,18,0.5062575787305832,0.6563804944356283,0.5905172413793103,0.7183643826031366,0.6444444444444445,0.0,0.0,0.0,0.0,0.0,0.0,0.0,0.0,0.0,2002,radio,0.5
3,3,lr5e-05_bs16_modL1_fusion64_fusionL1_drop0p2_trmiss50_trlocradio,16,5e-05,1,64,1,0.2,lr5e-05_bs16_modL1_fusion64_fusionL1_drop0p2_trmiss50_trlocradio,19,0.49112313489119214,0.6569874882698059,0.6056034482758621,0.7283521031195633,0.6666666666666666,0.0,0.0,0.0,0.0,0.0,0.0,0.0,0.0,0.0,2002,radio,0.5
3,3,lr5e-05_bs16_modL1_fusion64_fusionL1_drop0p2_trmiss50_trlocradio,16,5e-05,1,64,1,0.2,lr5e-05_bs16_modL1_fusion64_fusionL1_drop0p2_trmiss50_trlocradio,20,0.49551290770371753,0.6573054591814677,0.5991379310344828,0.7218938224875356,0.6666666666666666,0.0,0.0,0.0,0.0,0.0,0.0,0.0,0.0,0.0,2002,radio,0.5
3,3,lr5e-05_bs16_modL1_fusion64_fusionL1_drop0p2_trmiss50_trlocradio,16,5e-05,1,64,1,0.2,lr5e-05_bs16_modL1_fusion64_fusionL1_drop0p2_trmiss50_trlocradio,21,0.49676694224278134,0.6630667845408121,0.5560344827586207,0.7062360784509515,0.6222222222222222,0.0,0.0,0.0,0.0,0.0,0.0,0.0,0.0,0.0,2002,radio,0.5
3,3,lr5e-05_bs16_modL1_fusion64_fusionL1_drop0p2_trmiss50_trlocradio,16,5e-05,1,64,1,0.2,lr5e-05_bs16_modL1_fusion64_fusionL1_drop0p2_trmiss50_trlocradio,22,0.49102798600991565,0.6573394934336344,0.5905172413793104,0.7304232103008805,0.6666666666666666,0.0,0.0,0.0,0.0,0.0,0.0,0.0,0.0,0.0,2002,radio,0.5
3,3,lr5e-05_bs16_modL1_fusion64_fusionL1_drop0p2_trmiss50_trlocradio,16,5e-05,1,64,1,0.2,lr5e-05_bs16_modL1_fusion64_fusionL1_drop0p2_trmiss50_trlocradio,23,0.46600215633710224,0.6532902717590332,0.5883620689655172,0.7119782133678343,0.6222222222222222,0.0,0.0,0.0,0.0,0.0,0.0,0.0,0.0,0.0,2002,radio,0.5
3,3,lr5e-05_bs16_modL1_fusion64_fusionL1_drop0p2_trmiss50_trlocradio,16,5e-05,1,64,1,0.2,lr5e-05_bs16_modL1_fusion64_fusionL1_drop0p2_trmiss50_trlocradio,24,0.4535844027996063,0.658957302570343,0.5603448275862069,0.7010769047237646,0.6222222222222222,0.0,0.0,0.0,0.0,0.0,0.0,0.0,0.0,0.0,2002,radio,0.5
3,3,lr5e-05_bs16_modL1_fusion64_fusionL1_drop0p2_trmiss50_trlocradio,16,5e-05,1,64,1,0.2,lr5e-05_bs16_modL1_fusion64_fusionL1_drop0p2_trmiss50_trlocradio,25,0.4733938053250313,0.6548235615094503,0.5732758620689655,0.7125934618095958,0.6222222222222222,0.0,0.0,0.0,0.0,0.0,0.0,0.0,0.0,0.0,2002,radio,0.5
3,3,lr5e-05_bs16_modL1_fusion64_fusionL1_drop0p2_trmiss50_trlocradio,16,5e-05,1,64,1,0.2,lr5e-05_bs16_modL1_fusion64_fusionL1_drop0p2_trmiss50_trlocradio,26,0.46749455730120343,0.6523891091346741,0.5797413793103449,0.7146739678312212,0.6222222222222222,0.0,0.0,0.0,0.0,0.0,0.0,0.0,0.0,0.0,2002,radio,0.5
3,3,lr5e-05_bs16_modL1_fusion64_fusionL1_drop0p2_trmiss50_trlocradio,16,5e-05,1,64,1,0.2,lr5e-05_bs16_modL1_fusion64_fusionL1_drop0p2_trmiss50_trlocradio,27,0.45202219237883884,0.6495996316274008,0.6077586206896551,0.7413003321608075,0.6222222222222222,0.0,0.0,0.0,0.0,0.0,0.0,0.0,0.0,0.0,2002,radio,0.5
3,3,lr5e-05_bs16_modL1_fusion64_fusionL1_drop0p2_trmiss50_trlocradio,16,5e-05,1,64,1,0.2,lr5e-05_bs16_modL1_fusion64_fusionL1_drop0p2_trmiss50_trlocradio,28,0.4431906044483185,0.6429258187611898,0.6228448275862069,0.7474149370446087,0.6444444444444445,0.0,0.0,0.0,0.0,0.0,0.0,0.0,0.0,0.0,2002,radio,0.5
3,3,lr5e-05_bs16_modL1_fusion64_fusionL1_drop0p2_trmiss50_trlocradio,16,5e-05,1,64,1,0.2,lr5e-05_bs16_modL1_fusion64_fusionL1_drop0p2_trmiss50_trlocradio,29,0.43521224210659665,0.6360135078430176,0.646551724137931,0.7636138550024253,0.6666666666666666,0.0,0.0,0.0,0.0,0.0,0.0,0.0,0.0,0.0,2002,radio,0.5
3,3,lr5e-05_bs16_modL1_fusion64_fusionL1_drop0p2_trmiss50_trlocradio,16,5e-05,1,64,1,0.2,lr5e-05_bs16_modL1_fusion64_fusionL1_drop0p2_trmiss50_trlocradio,30,0.45091793686151505,0.64027867714564,0.6508620689655172,0.7458921156517422,0.6888888888888889,0.0,0.0,0.0,0.0,0.0,0.0,0.0,0.0,0.0,2002,radio,0.5
3,3,lr5e-05_bs16_modL1_fusion64_fusionL1_drop0p2_trmiss50_trlocradio,16,5e-05,1,64,1,0.2,lr5e-05_bs16_modL1_fusion64_fusionL1_drop0p2_trmiss50_trlocradio,31,0.4430886780222257,0.6393768787384033,0.6314655172413793,0.7478292036522599,0.6444444444444445,0.0,0.0,0.0,0.0,0.0,0.0,0.0,0.0,0.0,2002,radio,0.5
3,3,lr5e-05_bs16_modL1_fusion64_fusionL1_drop0p2_trmiss50_trlocradio,16,5e-05,1,64,1,0.2,lr5e-05_bs16_modL1_fusion64_fusionL1_drop0p2_trmiss50_trlocradio,32,0.41231169799963635,0.6415627400080363,0.6400862068965517,0.7543368091195833,0.6222222222222222,0.0,0.0,0.0,0.0,0.0,0.0,0.0,0.0,0.0,2002,radio,0.5
3,3,lr5e-05_bs16_modL1_fusion64_fusionL1_drop0p2_trmiss50_trlocradio,16,5e-05,1,64,1,0.2,lr5e-05_bs16_modL1_fusion64_fusionL1_drop0p2_trmiss50_trlocradio,33,0.4504512622952461,0.6338595549265543,0.646551724137931,0.7497707516181981,0.6666666666666666,0.0,0.0,0.0,0.0,0.0,0.0,0.0,0.0,0.0,2002,radio,0.5
3,3,lr5e-05_bs16_modL1_fusion64_fusionL1_drop0p2_trmiss50_trlocradio,16,5e-05,1,64,1,0.2,lr5e-05_bs16_modL1_fusion64_fusionL1_drop0p2_trmiss50_trlocradio,34,0.42388252665599185,0.6407339771588644,0.6357758620689655,0.7456101141783941,0.6444444444444445,0.0,0.0,0.0,0.0,0.0,0.0,0.0,0.0,0.0,2002,radio,0.5
3,3,lr5e-05_bs16_modL1_fusion64_fusionL1_drop0p2_trmiss50_trlocradio,16,5e-05,1,64,1,0.2,lr5e-05_bs16_modL1_fusion64_fusionL1_drop0p2_trmiss50_trlocradio,35,0.406140794356664,0.6329676906267802,0.6357758620689655,0.7512520167032969,0.6444444444444445,0.0,0.0,0.0,0.0,0.0,0.0,0.0,0.0,0.0,2002,radio,0.5
3,3,lr5e-05_bs16_modL1_fusion64_fusionL1_drop0p2_trmiss50_trlocradio,16,5e-05,1,64,1,0.2,lr5e-05_bs16_modL1_fusion64_fusionL1_drop0p2_trmiss50_trlocradio,36,0.39651618897914886,0.6417792042096456,0.6293103448275862,0.7482800244497322,0.6,0.0,0.0,0.0,0.0,0.0,0.0,0.0,0.0,0.0,2002,radio,0.5
3,3,lr5e-05_bs16_modL1_fusion64_fusionL1_drop0p2_trmiss50_trlocradio,16,5e-05,1,64,1,0.2,lr5e-05_bs16_modL1_fusion64_fusionL1_drop0p2_trmiss50_trlocradio,37,0.38908619185288745,0.6418564915657043,0.6206896551724137,0.7413995258788026,0.6444444444444445,0.0,0.0,0.0,0.0,0.0,0.0,0.0,0.0,0.0,2002,radio,0.5
3,3,lr5e-05_bs16_modL1_fusion64_fusionL1_drop0p2_trmiss50_trlocradio,16,5e-05,1,64,1,0.2,lr5e-05_bs16_modL1_fusion64_fusionL1_drop0p2_trmiss50_trlocradio,38,0.3925497581561406,0.6456897060076395,0.6142241379310345,0.7393532725996048,0.6222222222222222,0.0,0.0,0.0,0.0,0.0,0.0,0.0,0.0,0.0,2002,radio,0.5
3,3,lr5e-05_bs16_modL1_fusion64_fusionL1_drop0p2_trmiss50_trlocradio,16,5e-05,1,64,1,0.2,lr5e-05_bs16_modL1_fusion64_fusionL1_drop0p2_trmiss50_trlocradio,39,0.3994622901082039,0.6519713203112284,0.5969827586206897,0.7285495484065074,0.5555555555555556,0.0,0.0,0.0,0.0,0.0,0.0,0.0,0.0,0.0,2002,radio,0.5
3,3,lr5e-05_bs16_modL1_fusion64_fusionL1_drop0p2_trmiss50_trlocradio,16,5e-05,1,64,1,0.2,lr5e-05_bs16_modL1_fusion64_fusionL1_drop0p2_trmiss50_trlocradio,40,0.40992889553308487,0.6482012669245402,0.6228448275862069,0.7377861582776228,0.6,0.0,0.0,0.0,0.0,0.0,0.0,0.0,0.0,0.0,2002,radio,0.5
3,3,lr5e-05_bs16_modL1_fusion64_fusionL1_drop0p2_trmiss50_trlocradio,16,5e-05,1,64,1,0.2,lr5e-05_bs16_modL1_fusion64_fusionL1_drop0p2_trmiss50_trlocradio,41,0.3842999388774236,0.6508222222328186,0.6099137931034482,0.7386569897832628,0.6,0.0,0.0,0.0,0.0,0.0,0.0,0.0,0.0,0.0,2002,radio,0.5
3,3,lr5e-05_bs16_modL1_fusion64_fusionL1_drop0p2_trmiss50_trlocradio,16,5e-05,1,64,1,0.2,lr5e-05_bs16_modL1_fusion64_fusionL1_drop0p2_trmiss50_trlocradio,42,0.35357125600179035,0.6514363288879395,0.5905172413793104,0.7194409391508394,0.5777777777777777,0.0,0.0,0.0,0.0,0.0,0.0,0.0,0.0,0.0,2002,radio,0.5
3,3,lr5e-05_bs16_modL1_fusion64_fusionL1_drop0p2_trmiss50_trlocradio,16,5e-05,1,64,1,0.2,lr5e-05_bs16_modL1_fusion64_fusionL1_drop0p2_trmiss50_trlocradio,43,0.36032773554325104,0.6452310482660929,0.6012931034482758,0.7271900157637794,0.5777777777777777,0.0,0.0,0.0,0.0,0.0,0.0,0.0,0.0,0.0,2002,radio,0.5
3,3,lr5e-05_bs16_modL1_fusion64_fusionL1_drop0p2_trmiss50_trlocradio,16,5e-05,1,64,1,0.2,lr5e-05_bs16_modL1_fusion64_fusionL1_drop0p2_trmiss50_trlocradio,44,0.3543330679337184,0.6519978841145834,0.5948275862068966,0.7348214875421001,0.5555555555555556,0.0,0.0,0.0,0.0,0.0,0.0,0.0,0.0,0.0,2002,radio,0.5
3,3,lr5e-05_bs16_modL1_fusion64_fusionL1_drop0p2_trmiss50_trlocradio,16,5e-05,1,64,1,0.2,lr5e-05_bs16_modL1_fusion64_fusionL1_drop0p2_trmiss50_trlocradio,45,0.386346032222112,0.6562786897023519,0.5969827586206897,0.7217615309922336,0.5777777777777777,0.0,0.0,0.0,0.0,0.0,0.0,0.0,0.0,0.0,2002,radio,0.5
3,3,lr5e-05_bs16_modL1_fusion64_fusionL1_drop0p2_trmiss50_trlocradio,16,5e-05,1,64,1,0.2,lr5e-05_bs16_modL1_fusion64_fusionL1_drop0p2_trmiss50_trlocradio,46,0.3878869488835335,0.6532785097757975,0.6056034482758621,0.7110557604807624,0.6,0.0,0.0,0.0,0.0,0.0,0.0,0.0,0.0,0.0,2002,radio,0.5
3,3,lr5e-05_bs16_modL1_fusion64_fusionL1_drop0p2_trmiss50_trlocradio,16,5e-05,1,64,1,0.2,lr5e-05_bs16_modL1_fusion64_fusionL1_drop0p2_trmiss50_trlocradio,47,0.3598927358786265,0.6453071037928263,0.6185344827586207,0.7358099027140959,0.6222222222222222,0.0,0.0,0.0,0.0,0.0,0.0,0.0,0.0,0.0,2002,radio,0.5
3,3,lr5e-05_bs16_modL1_fusion64_fusionL1_drop0p2_trmiss50_trlocradio,16,5e-05,1,64,1,0.2,lr5e-05_bs16_modL1_fusion64_fusionL1_drop0p2_trmiss50_trlocradio,48,0.3660530398289363,0.6518984834353129,0.6185344827586207,0.7189051020298034,0.6222222222222222,0.0,0.0,0.0,0.0,0.0,0.0,0.0,0.0,0.0,2002,radio,0.5
3,3,lr5e-05_bs16_modL1_fusion64_fusionL1_drop0p2_trmiss50_trlocradio,16,5e-05,1,64,1,0.2,lr5e-05_bs16_modL1_fusion64_fusionL1_drop0p2_trmiss50_trlocradio,49,0.3493526950478554,0.6470125118891398,0.6142241379310345,0.7313009298455422,0.6444444444444445,0.0,0.0,0.0,0.0,0.0,0.0,0.0,0.0,0.0,2002,radio,0.5
3,3,lr5e-05_bs16_modL1_fusion64_fusionL1_drop0p2_trmiss50_trlocradio,16,5e-05,1,64,1,0.2,lr5e-05_bs16_modL1_fusion64_fusionL1_drop0p2_trmiss50_trlocradio,50,0.34769053757190704,0.647350033124288,0.6120689655172413,0.7351485306967103,0.6222222222222222,0.0,0.0,0.0,0.0,0.0,0.0,0.0,0.0,0.0,2002,radio,0.5
3,3,lr5e-05_bs16_modL1_fusion64_fusionL1_drop0p1_trmiss50_trlocradio,16,5e-05,1,64,1,0.1,lr5e-05_bs16_modL1_fusion64_fusionL1_drop0p1_trmiss50_trlocradio,1,0.7225759377082189,0.6775173743565878,0.5969827586206896,0.7289248748707302,0.6,0.0,0.0,0.0,0.0,0.0,0.0,0.0,0.0,0.0,2002,radio,0.5
3,3,lr5e-05_bs16_modL1_fusion64_fusionL1_drop0p1_trmiss50_trlocradio,16,5e-05,1,64,1,0.1,lr5e-05_bs16_modL1_fusion64_fusionL1_drop0p1_trmiss50_trlocradio,2,0.6989724785089493,0.6873460610707601,0.5775862068965518,0.6982678659121442,0.5333333333333333,0.0,0.0,0.0,0.0,0.0,0.0,0.0,0.0,0.0,2002,radio,0.5
3,3,lr5e-05_bs16_modL1_fusion64_fusionL1_drop0p1_trmiss50_trlocradio,16,5e-05,1,64,1,0.1,lr5e-05_bs16_modL1_fusion64_fusionL1_drop0p1_trmiss50_trlocradio,3,0.6748058994611105,0.6903464992841085,0.5754310344827587,0.6805841477840764,0.5111111111111111,0.0,0.0,0.0,0.0,0.0,0.0,0.0,0.0,0.0,2002,radio,0.5
3,3,lr5e-05_bs16_modL1_fusion64_fusionL1_drop0p1_trmiss50_trlocradio,16,5e-05,1,64,1,0.1,lr5e-05_bs16_modL1_fusion64_fusionL1_drop0p1_trmiss50_trlocradio,4,0.6586851179599762,0.6898712913195292,0.5754310344827587,0.6767632791352238,0.5111111111111111,0.0,0.0,0.0,0.0,0.0,0.0,0.0,0.0,0.0,2002,radio,0.5
3,3,lr5e-05_bs16_modL1_fusion64_fusionL1_drop0p1_trmiss50_trlocradio,16,5e-05,1,64,1,0.1,lr5e-05_bs16_modL1_fusion64_fusionL1_drop0p1_trmiss50_trlocradio,5,0.6398844371239344,0.6885112126668295,0.5883620689655173,0.6785180037897688,0.5555555555555556,0.0,0.0,0.0,0.0,0.0,0.0,0.0,0.0,0.0,2002,radio,0.5
3,3,lr5e-05_bs16_modL1_fusion64_fusionL1_drop0p1_trmiss50_trlocradio,16,5e-05,1,64,1,0.1,lr5e-05_bs16_modL1_fusion64_fusionL1_drop0p1_trmiss50_trlocradio,6,0.6420548210541407,0.6876489520072937,0.5818965517241379,0.6698735215601934,0.5111111111111111,0.0,0.0,0.0,0.0,0.0,0.0,0.0,0.0,0.0,2002,radio,0.5
3,3,lr5e-05_bs16_modL1_fusion64_fusionL1_drop0p1_trmiss50_trlocradio,16,5e-05,1,64,1,0.1,lr5e-05_bs16_modL1_fusion64_fusionL1_drop0p1_trmiss50_trlocradio,7,0.6157309512297312,0.6845423181851705,0.5948275862068966,0.6748338230594296,0.5111111111111111,0.0,0.0,0.0,0.0,0.0,0.0,0.0,0.0,0.0,2002,radio,0.5
3,3,lr5e-05_bs16_modL1_fusion64_fusionL1_drop0p1_trmiss50_trlocradio,16,5e-05,1,64,1,0.1,lr5e-05_bs16_modL1_fusion64_fusionL1_drop0p1_trmiss50_trlocradio,8,0.6157209475835165,0.68366539478302,0.5969827586206897,0.6754029412212844,0.5555555555555556,0.0,0.0,0.0,0.0,0.0,0.0,0.0,0.0,0.0,2002,radio,0.5
3,3,lr5e-05_bs16_modL1_fusion64_fusionL1_drop0p1_trmiss50_trlocradio,16,5e-05,1,64,1,0.1,lr5e-05_bs16_modL1_fusion64_fusionL1_drop0p1_trmiss50_trlocradio,9,0.6045690129200617,0.6808041334152222,0.6056034482758621,0.6763715391987707,0.5555555555555556,0.0,0.0,0.0,0.0,0.0,0.0,0.0,0.0,0.0,2002,radio,0.5
3,3,lr5e-05_bs16_modL1_fusion64_fusionL1_drop0p1_trmiss50_trlocradio,16,5e-05,1,64,1,0.1,lr5e-05_bs16_modL1_fusion64_fusionL1_drop0p1_trmiss50_trlocradio,10,0.5979075680176417,0.6893985470136007,0.5883620689655172,0.6690167266098471,0.5333333333333333,0.0,0.0,0.0,0.0,0.0,0.0,0.0,0.0,0.0,2002,radio,0.5
3,3,lr5e-05_bs16_modL1_fusion64_fusionL1_drop0p1_trmiss50_trlocradio,16,5e-05,1,64,1,0.1,lr5e-05_bs16_modL1_fusion64_fusionL1_drop0p1_trmiss50_trlocradio,11,0.607192317644755,0.6787274479866028,0.603448275862069,0.6754670174779742,0.5555555555555556,0.0,0.0,0.0,0.0,0.0,0.0,0.0,0.0,0.0,2002,radio,0.5
3,3,lr5e-05_bs16_modL1_fusion64_fusionL1_drop0p1_trmiss50_trlocradio,16,5e-05,1,64,1,0.1,lr5e-05_bs16_modL1_fusion64_fusionL1_drop0p1_trmiss50_trlocradio,12,0.6003796110550562,0.684308667977651,0.603448275862069,0.6740558728088876,0.5333333333333333,0.0,0.0,0.0,0.0,0.0,0.0,0.0,0.0,0.0,2002,radio,0.5
3,3,lr5e-05_bs16_modL1_fusion64_fusionL1_drop0p1_trmiss50_trlocradio,16,5e-05,1,64,1,0.1,lr5e-05_bs16_modL1_fusion64_fusionL1_drop0p1_trmiss50_trlocradio,13,0.5923225829998652,0.6852471629778544,0.6012931034482759,0.6711454151501882,0.5333333333333333,0.0,0.0,0.0,0.0,0.0,0.0,0.0,0.0,0.0,2002,radio,0.5
3,3,lr5e-05_bs16_modL1_fusion64_fusionL1_drop0p1_trmiss50_trlocradio,16,5e-05,1,64,1,0.1,lr5e-05_bs16_modL1_fusion64_fusionL1_drop0p1_trmiss50_trlocradio,14,0.5759856651226679,0.6845772465070089,0.5818965517241379,0.6589983994150568,0.5333333333333333,0.0,0.0,0.0,0.0,0.0,0.0,0.0,0.0,0.0,2002,radio,0.5
3,3,lr5e-05_bs16_modL1_fusion64_fusionL1_drop0p1_trmiss50_trlocradio,16,5e-05,1,64,1,0.1,lr5e-05_bs16_modL1_fusion64_fusionL1_drop0p1_trmiss50_trlocradio,15,0.5562831312417984,0.683977206548055,0.584051724137931,0.6645163574725217,0.5333333333333333,0.0,0.0,0.0,0.0,0.0,0.0,0.0,0.0,0.0,2002,radio,0.5
3,3,lr5e-05_bs16_modL1_fusion64_fusionL1_drop0p1_trmiss50_trlocradio,16,5e-05,1,64,1,0.1,lr5e-05_bs16_modL1_fusion64_fusionL1_drop0p1_trmiss50_trlocradio,16,0.5978003740310669,0.6870604753494263,0.5818965517241379,0.6634449024078951,0.5111111111111111,0.0,0.0,0.0,0.0,0.0,0.0,0.0,0.0,0.0,2002,radio,0.5
3,3,lr5e-05_bs16_modL1_fusion64_fusionL1_drop0p1_trmiss50_trlocradio,16,5e-05,1,64,1,0.1,lr5e-05_bs16_modL1_fusion64_fusionL1_drop0p1_trmiss50_trlocradio,17,0.5644885276754698,0.6823832392692566,0.5711206896551724,0.6548187079833517,0.5555555555555556,0.0,0.0,0.0,0.0,0.0,0.0,0.0,0.0,0.0,2002,radio,0.5
3,3,lr5e-05_bs16_modL1_fusion64_fusionL1_drop0p1_trmiss50_trlocradio,16,5e-05,1,64,1,0.1,lr5e-05_bs16_modL1_fusion64_fusionL1_drop0p1_trmiss50_trlocradio,18,0.5855630884567896,0.6845972935358683,0.5926724137931034,0.6673914739701208,0.5555555555555556,0.0,0.0,0.0,0.0,0.0,0.0,0.0,0.0,0.0,2002,radio,0.5
3,3,lr5e-05_bs16_modL1_fusion64_fusionL1_drop0p1_trmiss50_trlocradio,16,5e-05,1,64,1,0.1,lr5e-05_bs16_modL1_fusion64_fusionL1_drop0p1_trmiss50_trlocradio,19,0.5615873287121455,0.6797953049341837,0.5948275862068966,0.6654979207584886,0.5777777777777777,0.0,0.0,0.0,0.0,0.0,0.0,0.0,0.0,0.0,2002,radio,0.5
3,3,lr5e-05_bs16_modL1_fusion64_fusionL1_drop0p1_trmiss50_trlocradio,16,5e-05,1,64,1,0.1,lr5e-05_bs16_modL1_fusion64_fusionL1_drop0p1_trmiss50_trlocradio,20,0.576344887415568,0.6863524715105692,0.5754310344827587,0.6589440468441067,0.5333333333333333,0.0,0.0,0.0,0.0,0.0,0.0,0.0,0.0,0.0,2002,radio,0.5
3,3,lr5e-05_bs16_modL1_fusion64_fusionL1_drop0p1_trmiss50_trlocradio,16,5e-05,1,64,1,0.1,lr5e-05_bs16_modL1_fusion64_fusionL1_drop0p1_trmiss50_trlocradio,21,0.5510861823956171,0.6823620597521464,0.5797413793103449,0.6605775713688138,0.5555555555555556,0.0,0.0,0.0,0.0,0.0,0.0,0.0,0.0,0.0,2002,radio,0.5
3,3,lr5e-05_bs16_modL1_fusion64_fusionL1_drop0p1_trmiss50_trlocradio,16,5e-05,1,64,1,0.1,lr5e-05_bs16_modL1_fusion64_fusionL1_drop0p1_trmiss50_trlocradio,22,0.5657504200935364,0.686689019203186,0.5991379310344828,0.6700582497586958,0.5111111111111111,0.0,0.0,0.0,0.0,0.0,0.0,0.0,0.0,0.0,2002,radio,0.5
3,3,lr5e-05_bs16_modL1_fusion64_fusionL1_drop0p1_trmiss50_trlocradio,16,5e-05,1,64,1,0.1,lr5e-05_bs16_modL1_fusion64_fusionL1_drop0p1_trmiss50_trlocradio,23,0.5476000259319941,0.6911652882893881,0.5775862068965517,0.6600402059645418,0.4888888888888889,0.0,0.0,0.0,0.0,0.0,0.0,0.0,0.0,0.0,2002,radio,0.5
3,3,lr5e-05_bs16_modL1_fusion64_fusionL1_drop0p1_trmiss50_trlocradio,16,5e-05,1,64,1,0.1,lr5e-05_bs16_modL1_fusion64_fusionL1_drop0p1_trmiss50_trlocradio,24,0.5571216195821762,0.6869144439697266,0.5862068965517242,0.6598862693098894,0.4888888888888889,0.0,0.0,0.0,0.0,0.0,0.0,0.0,0.0,0.0,2002,radio,0.5
3,3,lr5e-05_bs16_modL1_fusion64_fusionL1_drop0p1_trmiss50_trlocradio,16,5e-05,1,64,1,0.1,lr5e-05_bs16_modL1_fusion64_fusionL1_drop0p1_trmiss50_trlocradio,25,0.557941384613514,0.6832854350407919,0.5775862068965517,0.6567394257660532,0.5333333333333333,0.0,0.0,0.0,0.0,0.0,0.0,0.0,0.0,0.0,2002,radio,0.5
3,3,lr5e-05_bs16_modL1_fusion64_fusionL1_drop0p1_trmiss50_trlocradio,16,5e-05,1,64,1,0.1,lr5e-05_bs16_modL1_fusion64_fusionL1_drop0p1_trmiss50_trlocradio,26,0.5712349464495977,0.6848171353340149,0.5689655172413792,0.6539851549950255,0.5555555555555556,0.0,0.0,0.0,0.0,0.0,0.0,0.0,0.0,0.0,2002,radio,0.5
3,3,lr5e-05_bs16_modL1_fusion64_fusionL1_drop0p1_trmiss50_trlocradio,16,5e-05,1,64,1,0.1,lr5e-05_bs16_modL1_fusion64_fusionL1_drop0p1_trmiss50_trlocradio,27,0.5481987843910853,0.6851909160614014,0.5862068965517242,0.6632036051924445,0.5777777777777777,0.0,0.0,0.0,0.0,0.0,0.0,0.0,0.0,0.0,2002,radio,0.5
3,3,lr5e-05_bs16_modL1_fusion64_fusionL1_drop0p1_trmiss50_trlocradio,16,5e-05,1,64,1,0.1,lr5e-05_bs16_modL1_fusion64_fusionL1_drop0p1_trmiss50_trlocradio,28,0.5434127574165662,0.6872249841690063,0.584051724137931,0.6624114964264249,0.5555555555555556,0.0,0.0,0.0,0.0,0.0,0.0,0.0,0.0,0.0,2002,radio,0.5
3,3,lr5e-05_bs16_modL1_fusion64_fusionL1_drop0p1_trmiss50_trlocradio,16,5e-05,1,64,1,0.1,lr5e-05_bs16_modL1_fusion64_fusionL1_drop0p1_trmiss50_trlocradio,29,0.5545258969068527,0.6808314522107443,0.5926724137931034,0.6642308934147296,0.5777777777777777,0.0,0.0,0.0,0.0,0.0,0.0,0.0,0.0,0.0,2002,radio,0.5
3,3,lr1e-04_bs16_modL1_fusion32_fusionL1_drop0p2_trmiss50_trlocradio,16,0.0001,1,32,1,0.2,lr1e-04_bs16_modL1_fusion32_fusionL1_drop0p2_trmiss50_trlocradio,1,0.7427811125914255,0.7285167972246805,0.4461206896551724,0.6143282786111058,0.37777777777777777,0.0,0.0,0.0,0.0,0.0,0.0,0.0,0.0,0.0,2002,radio,0.5
3,3,lr1e-04_bs16_modL1_fusion32_fusionL1_drop0p2_trmiss50_trlocradio,16,0.0001,1,32,1,0.2,lr1e-04_bs16_modL1_fusion32_fusionL1_drop0p2_trmiss50_trlocradio,2,0.7075608819723129,0.7371332844098409,0.4568965517241379,0.6537949673961949,0.4,0.0,0.0,0.0,0.0,0.0,0.0,0.0,0.0,0.0,2002,radio,0.5
3,3,lr1e-04_bs16_modL1_fusion32_fusionL1_drop0p2_trmiss50_trlocradio,16,0.0001,1,32,1,0.2,lr1e-04_bs16_modL1_fusion32_fusionL1_drop0p2_trmiss50_trlocradio,3,0.6980898429950079,0.7437936067581177,0.4245689655172414,0.621451824453554,0.4,0.0,0.0,0.0,0.0,0.0,0.0,0.0,0.0,0.0,2002,radio,0.5
3,3,lr1e-04_bs16_modL1_fusion32_fusionL1_drop0p2_trmiss50_trlocradio,16,0.0001,1,32,1,0.2,lr1e-04_bs16_modL1_fusion32_fusionL1_drop0p2_trmiss50_trlocradio,4,0.6770602564016978,0.7377892136573792,0.46120689655172414,0.6541677631767456,0.4,0.0,0.0,0.0,0.0,0.0,0.0,0.0,0.0,0.0,2002,radio,0.5
3,3,lr1e-04_bs16_modL1_fusion32_fusionL1_drop0p2_trmiss50_trlocradio,16,0.0001,1,32,1,0.2,lr1e-04_bs16_modL1_fusion32_fusionL1_drop0p2_trmiss50_trlocradio,5,0.6843813707431158,0.7348492940266927,0.48706896551724144,0.6649188133566813,0.4222222222222222,0.0,0.0,0.0,0.0,0.0,0.0,0.0,0.0,0.0,2002,radio,0.5
3,3,lr1e-04_bs16_modL1_fusion32_fusionL1_drop0p2_trmiss50_trlocradio,16,0.0001,1,32,1,0.2,lr1e-04_bs16_modL1_fusion32_fusionL1_drop0p2_trmiss50_trlocradio,6,0.6395282646020254,0.7188243468602499,0.5172413793103449,0.6840360961829723,0.4444444444444444,0.0,0.0,0.0,0.0,0.0,0.0,0.0,0.0,0.0,2002,radio,0.5
3,3,lr1e-04_bs16_modL1_fusion32_fusionL1_drop0p2_trmiss50_trlocradio,16,0.0001,1,32,1,0.2,lr1e-04_bs16_modL1_fusion32_fusionL1_drop0p2_trmiss50_trlocradio,7,0.6118232011795044,0.7217187086741129,0.5323275862068966,0.696270638894908,0.4444444444444444,0.0,0.0,0.0,0.0,0.0,0.0,0.0,0.0,0.0,2002,radio,0.5
3,3,lr1e-04_bs16_modL1_fusion32_fusionL1_drop0p2_trmiss50_trlocradio,16,0.0001,1,32,1,0.2,lr1e-04_bs16_modL1_fusion32_fusionL1_drop0p2_trmiss50_trlocradio,8,0.6295836816231409,0.7211179335912069,0.5366379310344828,0.695911509696788,0.4888888888888889,0.0,0.0,0.0,0.0,0.0,0.0,0.0,0.0,0.0,2002,radio,0.5
3,3,lr1e-04_bs16_modL1_fusion32_fusionL1_drop0p2_trmiss50_trlocradio,16,0.0001,1,32,1,0.2,lr1e-04_bs16_modL1_fusion32_fusionL1_drop0p2_trmiss50_trlocradio,9,0.5899269729852676,0.7203577756881714,0.5,0.6694173953300799,0.4444444444444444,0.0,0.0,0.0,0.0,0.0,0.0,0.0,0.0,0.0,2002,radio,0.5
3,3,lr1e-04_bs16_modL1_fusion32_fusionL1_drop0p2_trmiss50_trlocradio,16,0.0001,1,32,1,0.2,lr1e-04_bs16_modL1_fusion32_fusionL1_drop0p2_trmiss50_trlocradio,10,0.5881977677345276,0.7194728851318359,0.5193965517241379,0.6776685525568964,0.4444444444444444,0.0,0.0,0.0,0.0,0.0,0.0,0.0,0.0,0.0,2002,radio,0.5
3,3,lr1e-04_bs16_modL1_fusion32_fusionL1_drop0p2_trmiss50_trlocradio,16,0.0001,1,32,1,0.2,lr1e-04_bs16_modL1_fusion32_fusionL1_drop0p2_trmiss50_trlocradio,11,0.604727620879809,0.7249040802319845,0.5280172413793104,0.6849136335359283,0.5111111111111111,0.0,0.0,0.0,0.0,0.0,0.0,0.0,0.0,0.0,2002,radio,0.5
3,3,lr1e-04_bs16_modL1_fusion32_fusionL1_drop0p2_trmiss50_trlocradio,16,0.0001,1,32,1,0.2,lr1e-04_bs16_modL1_fusion32_fusionL1_drop0p2_trmiss50_trlocradio,12,0.5596367244919142,0.7144304712613424,0.5258620689655171,0.6853879277625623,0.5111111111111111,0.0,0.0,0.0,0.0,0.0,0.0,0.0,0.0,0.0,2002,radio,0.5
3,3,lr1e-04_bs16_modL1_fusion32_fusionL1_drop0p2_trmiss50_trlocradio,16,0.0001,1,32,1,0.2,lr1e-04_bs16_modL1_fusion32_fusionL1_drop0p2_trmiss50_trlocradio,13,0.546941339969635,0.7055487036705017,0.5366379310344828,0.6870484936295002,0.4888888888888889,0.0,0.0,0.0,0.0,0.0,0.0,0.0,0.0,0.0,2002,radio,0.5
3,3,lr1e-04_bs16_modL1_fusion32_fusionL1_drop0p2_trmiss50_trlocradio,16,0.0001,1,32,1,0.2,lr1e-04_bs16_modL1_fusion32_fusionL1_drop0p2_trmiss50_trlocradio,14,0.5319514448444048,0.7015162110328674,0.5775862068965516,0.7133491274828879,0.5111111111111111,0.0,0.0,0.0,0.0,0.0,0.0,0.0,0.0,0.0,2002,radio,0.5
3,3,lr1e-04_bs16_modL1_fusion32_fusionL1_drop0p2_trmiss50_trlocradio,16,0.0001,1,32,1,0.2,lr1e-04_bs16_modL1_fusion32_fusionL1_drop0p2_trmiss50_trlocradio,15,0.5404219776391983,0.7056088248888651,0.5991379310344828,0.7365243343998533,0.5333333333333333,0.0,0.0,0.0,0.0,0.0,0.0,0.0,0.0,0.0,2002,radio,0.5
3,3,lr1e-04_bs16_modL1_fusion32_fusionL1_drop0p2_trmiss50_trlocradio,16,0.0001,1,32,1,0.2,lr1e-04_bs16_modL1_fusion32_fusionL1_drop0p2_trmiss50_trlocradio,16,0.5045899699131647,0.6923170685768127,0.5732758620689655,0.7270778211144028,0.5111111111111111,0.0,0.0,0.0,0.0,0.0,0.0,0.0,0.0,0.0,2002,radio,0.5
3,3,lr1e-04_bs16_modL1_fusion32_fusionL1_drop0p2_trmiss50_trlocradio,16,0.0001,1,32,1,0.2,lr1e-04_bs16_modL1_fusion32_fusionL1_drop0p2_trmiss50_trlocradio,17,0.5199317187070847,0.6969377001126608,0.5689655172413792,0.723228565014277,0.5111111111111111,0.0,0.0,0.0,0.0,0.0,0.0,0.0,0.0,0.0,2002,radio,0.5
3,3,lr1e-04_bs16_modL1_fusion32_fusionL1_drop0p2_trmiss50_trlocradio,16,0.0001,1,32,1,0.2,lr1e-04_bs16_modL1_fusion32_fusionL1_drop0p2_trmiss50_trlocradio,18,0.5115558579564095,0.6928562124570211,0.5775862068965517,0.7264373921232198,0.5111111111111111,0.0,0.0,0.0,0.0,0.0,0.0,0.0,0.0,0.0,2002,radio,0.5
3,3,lr1e-04_bs16_modL1_fusion32_fusionL1_drop0p2_trmiss50_trlocradio,16,0.0001,1,32,1,0.2,lr1e-04_bs16_modL1_fusion32_fusionL1_drop0p2_trmiss50_trlocradio,19,0.5046422456701597,0.69140096505483,0.5668103448275862,0.7195873146479909,0.5333333333333333,0.0,0.0,0.0,0.0,0.0,0.0,0.0,0.0,0.0,2002,radio,0.5
3,3,lr1e-04_bs16_modL1_fusion32_fusionL1_drop0p2_trmiss50_trlocradio,16,0.0001,1,32,1,0.2,lr1e-04_bs16_modL1_fusion32_fusionL1_drop0p2_trmiss50_trlocradio,20,0.4979199320077896,0.6934184233347574,0.5517241379310345,0.7189722485474558,0.5333333333333333,0.0,0.0,0.0,0.0,0.0,0.0,0.0,0.0,0.0,2002,radio,0.5
3,3,lr1e-04_bs16_modL1_fusion32_fusionL1_drop0p2_trmiss50_trlocradio,16,0.0001,1,32,1,0.2,lr1e-04_bs16_modL1_fusion32_fusionL1_drop0p2_trmiss50_trlocradio,21,0.4721718554695447,0.6906799475351969,0.5646551724137931,0.7246109637993404,0.5111111111111111,0.0,0.0,0.0,0.0,0.0,0.0,0.0,0.0,0.0,2002,radio,0.5
3,3,lr1e-04_bs16_modL1_fusion32_fusionL1_drop0p2_trmiss50_trlocradio,16,0.0001,1,32,1,0.2,lr1e-04_bs16_modL1_fusion32_fusionL1_drop0p2_trmiss50_trlocradio,22,0.47933469464381534,0.6967170635859171,0.5775862068965517,0.7327028808332111,0.5777777777777777,0.0,0.0,0.0,0.0,0.0,0.0,0.0,0.0,0.0,2002,radio,0.5
3,3,lr1e-04_bs16_modL1_fusion32_fusionL1_drop0p2_trmiss50_trlocradio,16,0.0001,1,32,1,0.2,lr1e-04_bs16_modL1_fusion32_fusionL1_drop0p2_trmiss50_trlocradio,23,0.4629930679996808,0.6840727726618449,0.5948275862068966,0.7378304538371779,0.5333333333333333,0.0,0.0,0.0,0.0,0.0,0.0,0.0,0.0,0.0,2002,radio,0.5
3,3,lr1e-04_bs16_modL1_fusion32_fusionL1_drop0p2_trmiss50_trlocradio,16,0.0001,1,32,1,0.2,lr1e-04_bs16_modL1_fusion32_fusionL1_drop0p2_trmiss50_trlocradio,24,0.4725702951351802,0.677054226398468,0.5969827586206897,0.7374262146728566,0.4888888888888889,0.0,0.0,0.0,0.0,0.0,0.0,0.0,0.0,0.0,2002,radio,0.5
3,3,lr1e-04_bs16_modL1_fusion32_fusionL1_drop0p2_trmiss50_trlocradio,16,0.0001,1,32,1,0.2,lr1e-04_bs16_modL1_fusion32_fusionL1_drop0p2_trmiss50_trlocradio,25,0.42829569925864536,0.6684573888778687,0.6163793103448275,0.7468871678514194,0.5333333333333333,0.0,0.0,0.0,0.0,0.0,0.0,0.0,0.0,0.0,2002,radio,0.5
3,3,lr1e-04_bs16_modL1_fusion32_fusionL1_drop0p2_trmiss50_trlocradio,16,0.0001,1,32,1,0.2,lr1e-04_bs16_modL1_fusion32_fusionL1_drop0p2_trmiss50_trlocradio,26,0.43410465866327286,0.6657495101292928,0.6077586206896552,0.737670705001313,0.5333333333333333,0.0,0.0,0.0,0.0,0.0,0.0,0.0,0.0,0.0,2002,radio,0.5
3,3,lr1e-04_bs16_modL1_fusion32_fusionL1_drop0p2_trmiss50_trlocradio,16,0.0001,1,32,1,0.2,lr1e-04_bs16_modL1_fusion32_fusionL1_drop0p2_trmiss50_trlocradio,27,0.437038558224837,0.6671732664108276,0.603448275862069,0.7353343596652763,0.5111111111111111,0.0,0.0,0.0,0.0,0.0,0.0,0.0,0.0,0.0,2002,radio,0.5
3,3,lr1e-04_bs16_modL1_fusion32_fusionL1_drop0p2_trmiss50_trlocradio,16,0.0001,1,32,1,0.2,lr1e-04_bs16_modL1_fusion32_fusionL1_drop0p2_trmiss50_trlocradio,28,0.4430448040366173,0.6845962802569071,0.584051724137931,0.7347789720978172,0.4888888888888889,0.0,0.0,0.0,0.0,0.0,0.0,0.0,0.0,0.0,2002,radio,0.5
3,3,lr1e-04_bs16_modL1_fusion32_fusionL1_drop0p2_trmiss50_trlocradio,16,0.0001,1,32,1,0.2,lr1e-04_bs16_modL1_fusion32_fusionL1_drop0p2_trmiss50_trlocradio,29,0.45226456473271054,0.6731778581937155,0.6077586206896551,0.749680302574033,0.5333333333333333,0.0,0.0,0.0,0.0,0.0,0.0,0.0,0.0,0.0,2002,radio,0.5
3,3,lr1e-04_bs16_modL1_fusion32_fusionL1_drop0p2_trmiss50_trlocradio,16,0.0001,1,32,1,0.2,lr1e-04_bs16_modL1_fusion32_fusionL1_drop0p2_trmiss50_trlocradio,30,0.4315113474925359,0.6651003758112589,0.6185344827586208,0.7478688949661486,0.5777777777777777,0.0,0.0,0.0,0.0,0.0,0.0,0.0,0.0,0.0,2002,radio,0.5
3,3,lr1e-04_bs16_modL1_fusion32_fusionL1_drop0p2_trmiss50_trlocradio,16,0.0001,1,32,1,0.2,lr1e-04_bs16_modL1_fusion32_fusionL1_drop0p2_trmiss50_trlocradio,31,0.408711738884449,0.6706709464391073,0.6271551724137931,0.7505385405030277,0.5777777777777777,0.0,0.0,0.0,0.0,0.0,0.0,0.0,0.0,0.0,2002,radio,0.5
3,3,lr1e-04_bs16_modL1_fusion32_fusionL1_drop0p2_trmiss50_trlocradio,16,0.0001,1,32,1,0.2,lr1e-04_bs16_modL1_fusion32_fusionL1_drop0p2_trmiss50_trlocradio,32,0.43832313021024066,0.6741522550582886,0.646551724137931,0.7694220048344759,0.5555555555555556,0.0,0.0,0.0,0.0,0.0,0.0,0.0,0.0,0.0,2002,radio,0.5
3,3,lr1e-04_bs16_modL1_fusion32_fusionL1_drop0p2_trmiss50_trlocradio,16,0.0001,1,32,1,0.2,lr1e-04_bs16_modL1_fusion32_fusionL1_drop0p2_trmiss50_trlocradio,33,0.3882569248477618,0.6696771581967672,0.6530172413793103,0.7692502690412856,0.5333333333333333,0.0,0.0,0.0,0.0,0.0,0.0,0.0,0.0,0.0,2002,radio,0.5
3,3,lr1e-04_bs16_modL1_fusion32_fusionL1_drop0p2_trmiss50_trlocradio,16,0.0001,1,32,1,0.2,lr1e-04_bs16_modL1_fusion32_fusionL1_drop0p2_trmiss50_trlocradio,34,0.4095348467429479,0.6687621076901754,0.6400862068965517,0.7663240229402957,0.6,0.0,0.0,0.0,0.0,0.0,0.0,0.0,0.0,0.0,2002,radio,0.5
3,3,lr1e-04_bs16_modL1_fusion32_fusionL1_drop0p2_trmiss50_trlocradio,16,0.0001,1,32,1,0.2,lr1e-04_bs16_modL1_fusion32_fusionL1_drop0p2_trmiss50_trlocradio,35,0.39346354206403095,0.6613184014956156,0.625,0.7665897452717063,0.6,0.0,0.0,0.0,0.0,0.0,0.0,0.0,0.0,0.0,2002,radio,0.5
3,3,lr1e-04_bs16_modL1_fusion32_fusionL1_drop0p2_trmiss50_trlocradio,16,0.0001,1,32,1,0.2,lr1e-04_bs16_modL1_fusion32_fusionL1_drop0p2_trmiss50_trlocradio,36,0.3646862308184306,0.6649803320566813,0.6185344827586207,0.751910407809023,0.5777777777777777,0.0,0.0,0.0,0.0,0.0,0.0,0.0,0.0,0.0,2002,radio,0.5
3,3,lr1e-04_bs16_modL1_fusion32_fusionL1_drop0p2_trmiss50_trlocradio,16,0.0001,1,32,1,0.2,lr1e-04_bs16_modL1_fusion32_fusionL1_drop0p2_trmiss50_trlocradio,37,0.35265252739191055,0.6636373996734619,0.6293103448275862,0.7548706000042139,0.6,0.0,0.0,0.0,0.0,0.0,0.0,0.0,0.0,0.0,2002,radio,0.5
3,3,lr1e-04_bs16_modL1_fusion32_fusionL1_drop0p2_trmiss50_trlocradio,16,0.0001,1,32,1,0.2,lr1e-04_bs16_modL1_fusion32_fusionL1_drop0p2_trmiss50_trlocradio,38,0.3583824584881465,0.6629699071248373,0.6379310344827587,0.7566570464094667,0.6,0.0,0.0,0.0,0.0,0.0,0.0,0.0,0.0,0.0,2002,radio,0.5
3,3,lr1e-04_bs16_modL1_fusion32_fusionL1_drop0p2_trmiss50_trlocradio,16,0.0001,1,32,1,0.2,lr1e-04_bs16_modL1_fusion32_fusionL1_drop0p2_trmiss50_trlocradio,39,0.3696679373582204,0.6712246934572855,0.6142241379310345,0.746041254632677,0.6,0.0,0.0,0.0,0.0,0.0,0.0,0.0,0.0,0.0,2002,radio,0.5
3,3,lr1e-04_bs16_modL1_fusion32_fusionL1_drop0p2_trmiss50_trlocradio,16,0.0001,1,32,1,0.2,lr1e-04_bs16_modL1_fusion32_fusionL1_drop0p2_trmiss50_trlocradio,40,0.361040564874808,0.6633316079775492,0.6400862068965517,0.762036751701179,0.6,0.0,0.0,0.0,0.0,0.0,0.0,0.0,0.0,0.0,2002,radio,0.5
3,3,lr1e-04_bs16_modL1_fusion32_fusionL1_drop0p2_trmiss50_trlocradio,16,0.0001,1,32,1,0.2,lr1e-04_bs16_modL1_fusion32_fusionL1_drop0p2_trmiss50_trlocradio,41,0.36534734567006427,0.6635300119717916,0.6314655172413793,0.7624052400567497,0.5777777777777777,0.0,0.0,0.0,0.0,0.0,0.0,0.0,0.0,0.0,2002,radio,0.5
3,3,lr1e-04_bs16_modL1_fusion32_fusionL1_drop0p2_trmiss50_trlocradio,16,0.0001,1,32,1,0.2,lr1e-04_bs16_modL1_fusion32_fusionL1_drop0p2_trmiss50_trlocradio,42,0.32549598813056946,0.6738176345825195,0.6271551724137931,0.763731904960183,0.6,0.0,0.0,0.0,0.0,0.0,0.0,0.0,0.0,0.0,2002,radio,0.5
3,3,lr1e-04_bs16_modL1_fusion32_fusionL1_drop0p2_trmiss50_trlocradio,16,0.0001,1,32,1,0.2,lr1e-04_bs16_modL1_fusion32_fusionL1_drop0p2_trmiss50_trlocradio,43,0.35495539257923764,0.6693113644917806,0.6142241379310345,0.7544838024890068,0.6,0.0,0.0,0.0,0.0,0.0,0.0,0.0,0.0,0.0,2002,radio,0.5
3,3,lr1e-04_bs16_modL1_fusion32_fusionL1_drop0p2_trmiss50_trlocradio,16,0.0001,1,32,1,0.2,lr1e-04_bs16_modL1_fusion32_fusionL1_drop0p2_trmiss50_trlocradio,44,0.3476417511701584,0.6628485123316447,0.6271551724137931,0.7641529227433497,0.5777777777777777,0.0,0.0,0.0,0.0,0.0,0.0,0.0,0.0,0.0,2002,radio,0.5
3,3,lr1e-04_bs16_modL1_fusion32_fusionL1_drop0p2_trmiss50_trlocradio,16,0.0001,1,32,1,0.2,lr1e-04_bs16_modL1_fusion32_fusionL1_drop0p2_trmiss50_trlocradio,45,0.3190919831395149,0.6632755398750305,0.6142241379310345,0.7633486187302918,0.5333333333333333,0.0,0.0,0.0,0.0,0.0,0.0,0.0,0.0,0.0,2002,radio,0.5
3,3,lr1e-04_bs16_modL1_fusion32_fusionL1_drop0p2_trmiss50_trlocradio,16,0.0001,1,32,1,0.2,lr1e-04_bs16_modL1_fusion32_fusionL1_drop0p2_trmiss50_trlocradio,46,0.344189316034317,0.6703191598256429,0.625,0.7656020084550623,0.5555555555555556,0.0,0.0,0.0,0.0,0.0,0.0,0.0,0.0,0.0,2002,radio,0.5
3,3,lr1e-04_bs16_modL1_fusion32_fusionL1_drop0p2_trmiss50_trlocradio,16,0.0001,1,32,1,0.2,lr1e-04_bs16_modL1_fusion32_fusionL1_drop0p2_trmiss50_trlocradio,47,0.33897990733385086,0.6721781889597574,0.6228448275862069,0.7649822133880055,0.5333333333333333,0.0,0.0,0.0,0.0,0.0,0.0,0.0,0.0,0.0,2002,radio,0.5
3,3,lr1e-04_bs16_modL1_fusion32_fusionL1_drop0p2_trmiss50_trlocradio,16,0.0001,1,32,1,0.2,lr1e-04_bs16_modL1_fusion32_fusionL1_drop0p2_trmiss50_trlocradio,48,0.3445966790119807,0.6754079262415568,0.6379310344827586,0.773255400419256,0.5333333333333333,0.0,0.0,0.0,0.0,0.0,0.0,0.0,0.0,0.0,2002,radio,0.5
3,3,lr1e-04_bs16_modL1_fusion32_fusionL1_drop0p2_trmiss50_trlocradio,16,0.0001,1,32,1,0.2,lr1e-04_bs16_modL1_fusion32_fusionL1_drop0p2_trmiss50_trlocradio,49,0.3240348572532336,0.6714332103729248,0.6379310344827587,0.7689215103298699,0.5777777777777777,0.0,0.0,0.0,0.0,0.0,0.0,0.0,0.0,0.0,2002,radio,0.5
3,3,lr1e-04_bs16_modL1_fusion32_fusionL1_drop0p2_trmiss50_trlocradio,16,0.0001,1,32,1,0.2,lr1e-04_bs16_modL1_fusion32_fusionL1_drop0p2_trmiss50_trlocradio,50,0.3500736777981122,0.6719417770703634,0.6573275862068966,0.7785166480622352,0.6,0.0,0.0,0.0,0.0,0.0,0.0,0.0,0.0,0.0,2002,radio,0.5
3,3,lr1e-04_bs16_modL1_fusion32_fusionL1_drop0p2_trmiss50_trlocradio,16,0.0001,1,32,1,0.2,lr1e-04_bs16_modL1_fusion32_fusionL1_drop0p2_trmiss50_trlocradio,51,0.3171064431468646,0.6646279891331991,0.6551724137931034,0.7803037245641053,0.5777777777777777,0.0,0.0,0.0,0.0,0.0,0.0,0.0,0.0,0.0,2002,radio,0.5
3,3,lr1e-04_bs16_modL1_fusion32_fusionL1_drop0p2_trmiss50_trlocradio,16,0.0001,1,32,1,0.2,lr1e-04_bs16_modL1_fusion32_fusionL1_drop0p2_trmiss50_trlocradio,52,0.33213482052087784,0.6782823006312052,0.6293103448275862,0.7655745491599051,0.5777777777777777,0.0,0.0,0.0,0.0,0.0,0.0,0.0,0.0,0.0,2002,radio,0.5
3,3,lr1e-04_bs16_modL1_fusion32_fusionL1_drop0p2_trmiss50_trlocradio,16,0.0001,1,32,1,0.2,lr1e-04_bs16_modL1_fusion32_fusionL1_drop0p2_trmiss50_trlocradio,53,0.3123466223478317,0.6664813955624899,0.6637931034482759,0.7836266895344934,0.6,0.0,0.0,0.0,0.0,0.0,0.0,0.0,0.0,0.0,2002,radio,0.5
3,3,lr1e-04_bs16_modL1_fusion32_fusionL1_drop0p2_trmiss50_trlocradio,16,0.0001,1,32,1,0.2,lr1e-04_bs16_modL1_fusion32_fusionL1_drop0p2_trmiss50_trlocradio,54,0.3279570961991946,0.6693507035573324,0.6443965517241379,0.7715689212606895,0.5777777777777777,0.0,0.0,0.0,0.0,0.0,0.0,0.0,0.0,0.0,2002,radio,0.5
3,3,lr1e-04_bs16_modL1_fusion32_fusionL1_drop0p2_trmiss50_trlocradio,16,0.0001,1,32,1,0.2,lr1e-04_bs16_modL1_fusion32_fusionL1_drop0p2_trmiss50_trlocradio,55,0.34073035915692645,0.6785473227500916,0.6400862068965517,0.7700915175512386,0.5777777777777777,0.0,0.0,0.0,0.0,0.0,0.0,0.0,0.0,0.0,2002,radio,0.5
3,3,lr1e-04_bs16_modL1_fusion32_fusionL1_drop0p2_trmiss50_trlocradio,16,0.0001,1,32,1,0.2,lr1e-04_bs16_modL1_fusion32_fusionL1_drop0p2_trmiss50_trlocradio,56,0.30624593297640484,0.6798478166262308,0.6379310344827587,0.7689221548072065,0.5555555555555556,0.0,0.0,0.0,0.0,0.0,0.0,0.0,0.0,0.0,2002,radio,0.5
3,3,lr1e-04_bs16_modL1_fusion32_fusionL1_drop0p2_trmiss50_trlocradio,16,0.0001,1,32,1,0.2,lr1e-04_bs16_modL1_fusion32_fusionL1_drop0p2_trmiss50_trlocradio,57,0.32681917647520703,0.6700202425320944,0.6487068965517241,0.7722013593518235,0.5555555555555556,0.0,0.0,0.0,0.0,0.0,0.0,0.0,0.0,0.0,2002,radio,0.5
3,3,lr1e-04_bs16_modL1_fusion32_fusionL1_drop0p2_trmiss50_trlocradio,16,0.0001,1,32,1,0.2,lr1e-04_bs16_modL1_fusion32_fusionL1_drop0p2_trmiss50_trlocradio,58,0.30979491273562115,0.6778073906898499,0.6357758620689655,0.7671325893035508,0.5555555555555556,0.0,0.0,0.0,0.0,0.0,0.0,0.0,0.0,0.0,2002,radio,0.5
3,3,lr1e-04_bs16_modL1_fusion32_fusionL1_drop0p2_trmiss50_trlocradio,16,0.0001,1,32,1,0.2,lr1e-04_bs16_modL1_fusion32_fusionL1_drop0p2_trmiss50_trlocradio,59,0.3126089920600255,0.6699814399083456,0.6508620689655172,0.7733813266104081,0.5777777777777777,0.0,0.0,0.0,0.0,0.0,0.0,0.0,0.0,0.0,2002,radio,0.5
3,3,lr1e-04_bs16_modL1_fusion32_fusionL1_drop0p2_trmiss50_trlocradio,16,0.0001,1,32,1,0.2,lr1e-04_bs16_modL1_fusion32_fusionL1_drop0p2_trmiss50_trlocradio,60,0.3286079155902068,0.6632643739382426,0.6379310344827587,0.7641363199279709,0.6222222222222222,0.0,0.0,0.0,0.0,0.0,0.0,0.0,0.0,0.0,2002,radio,0.5
3,3,lr1e-04_bs16_modL1_fusion32_fusionL1_drop0p2_trmiss50_trlocradio,16,0.0001,1,32,1,0.2,lr1e-04_bs16_modL1_fusion32_fusionL1_drop0p2_trmiss50_trlocradio,61,0.3284600228071213,0.6539613008499146,0.6422413793103449,0.7707206051699471,0.6222222222222222,0.0,0.0,0.0,0.0,0.0,0.0,0.0,0.0,0.0,2002,radio,0.5
3,3,lr1e-04_bs16_modL1_fusion32_fusionL1_drop0p2_trmiss50_trlocradio,16,0.0001,1,32,1,0.2,lr1e-04_bs16_modL1_fusion32_fusionL1_drop0p2_trmiss50_trlocradio,62,0.29479311654965085,0.6592721939086914,0.6379310344827586,0.7683362417850936,0.6444444444444445,0.0,0.0,0.0,0.0,0.0,0.0,0.0,0.0,0.0,2002,radio,0.5
3,3,lr1e-04_bs16_modL1_fusion32_fusionL1_drop0p2_trmiss50_trlocradio,16,0.0001,1,32,1,0.2,lr1e-04_bs16_modL1_fusion32_fusionL1_drop0p2_trmiss50_trlocradio,63,0.3368591256439686,0.6786821285883585,0.6357758620689655,0.766168350133462,0.5555555555555556,0.0,0.0,0.0,0.0,0.0,0.0,0.0,0.0,0.0,2002,radio,0.5
3,3,lr1e-04_bs16_modL1_fusion32_fusionL1_drop0p2_trmiss50_trlocradio,16,0.0001,1,32,1,0.2,lr1e-04_bs16_modL1_fusion32_fusionL1_drop0p2_trmiss50_trlocradio,64,0.3270447502533595,0.6549513936042786,0.6530172413793104,0.7742831208782368,0.6222222222222222,0.0,0.0,0.0,0.0,0.0,0.0,0.0,0.0,0.0,2002,radio,0.5
3,3,lr1e-04_bs16_modL1_fusion32_fusionL1_drop0p2_trmiss50_trlocradio,16,0.0001,1,32,1,0.2,lr1e-04_bs16_modL1_fusion32_fusionL1_drop0p2_trmiss50_trlocradio,65,0.34118803466359776,0.6533701618512472,0.6465517241379309,0.7729402809190347,0.6222222222222222,0.0,0.0,0.0,0.0,0.0,0.0,0.0,0.0,0.0,2002,radio,0.5
3,3,lr1e-04_bs16_modL1_fusion32_fusionL1_drop0p2_trmiss50_trlocradio,16,0.0001,1,32,1,0.2,lr1e-04_bs16_modL1_fusion32_fusionL1_drop0p2_trmiss50_trlocradio,66,0.3154897118608157,0.6673616568247477,0.6400862068965517,0.7590579062662494,0.6,0.0,0.0,0.0,0.0,0.0,0.0,0.0,0.0,0.0,2002,radio,0.5
3,3,lr1e-04_bs16_modL1_fusion32_fusionL1_drop0p2_trmiss50_trlocradio,16,0.0001,1,32,1,0.2,lr1e-04_bs16_modL1_fusion32_fusionL1_drop0p2_trmiss50_trlocradio,67,0.339166854818662,0.6770601868629456,0.6551724137931034,0.7760538606723946,0.5777777777777777,0.0,0.0,0.0,0.0,0.0,0.0,0.0,0.0,0.0,2002,radio,0.5
3,3,lr1e-04_bs16_modL1_fusion32_fusionL1_drop0p2_trmiss50_trlocradio,16,0.0001,1,32,1,0.2,lr1e-04_bs16_modL1_fusion32_fusionL1_drop0p2_trmiss50_trlocradio,68,0.30119524896144867,0.6633560260136923,0.6314655172413792,0.7642896354973276,0.6,0.0,0.0,0.0,0.0,0.0,0.0,0.0,0.0,0.0,2002,radio,0.5
3,3,lr1e-04_bs16_modL1_fusion32_fusionL1_drop0p2_trmiss50_trlocradio,16,0.0001,1,32,1,0.2,lr1e-04_bs16_modL1_fusion32_fusionL1_drop0p2_trmiss50_trlocradio,69,0.32739633073409397,0.676841676235199,0.6400862068965517,0.7650375778458831,0.5777777777777777,0.0,0.0,0.0,0.0,0.0,0.0,0.0,0.0,0.0,2002,radio,0.5
3,3,lr1e-04_bs16_modL1_fusion32_fusionL1_drop0p2_trmiss50_trlocradio,16,0.0001,1,32,1,0.2,lr1e-04_bs16_modL1_fusion32_fusionL1_drop0p2_trmiss50_trlocradio,70,0.28477731098731357,0.6649188995361328,0.6357758620689654,0.7674614535817379,0.6,0.0,0.0,0.0,0.0,0.0,0.0,0.0,0.0,0.0,2002,radio,0.5
3,3,lr1e-04_bs16_modL1_fusion32_fusionL1_drop0p2_trmiss50_trlocradio,16,0.0001,1,32,1,0.2,lr1e-04_bs16_modL1_fusion32_fusionL1_drop0p2_trmiss50_trlocradio,71,0.3118339305122693,0.6589973171552023,0.6357758620689655,0.7621779747647577,0.6222222222222222,0.0,0.0,0.0,0.0,0.0,0.0,0.0,0.0,0.0,2002,radio,0.5
3,3,lr1e-04_bs16_modL1_fusion32_fusionL1_drop0p2_trmiss50_trlocradio,16,0.0001,1,32,1,0.2,lr1e-04_bs16_modL1_fusion32_fusionL1_drop0p2_trmiss50_trlocradio,72,0.31362233062585193,0.6700191100438436,0.6228448275862069,0.7614718753086582,0.6,0.0,0.0,0.0,0.0,0.0,0.0,0.0,0.0,0.0,2002,radio,0.5
3,3,lr1e-04_bs16_modL1_fusion32_fusionL1_drop0p2_trmiss50_trlocradio,16,0.0001,1,32,1,0.2,lr1e-04_bs16_modL1_fusion32_fusionL1_drop0p2_trmiss50_trlocradio,73,0.3126773498952389,0.6576273242632548,0.6336206896551724,0.7617782021236058,0.6,0.0,0.0,0.0,0.0,0.0,0.0,0.0,0.0,0.0,2002,radio,0.5
3,3,lr1e-04_bs16_modL1_fusion32_fusionL1_drop0p1_trmiss50_trlocradio,16,0.0001,1,32,1,0.1,lr1e-04_bs16_modL1_fusion32_fusionL1_drop0p1_trmiss50_trlocradio,1,0.7164857387542725,0.7125785946846008,0.5517241379310345,0.6958803406152391,0.35555555555555557,0.0,0.0,0.0,0.0,0.0,0.0,0.0,0.0,0.0,2002,radio,0.5
3,3,lr1e-04_bs16_modL1_fusion32_fusionL1_drop0p1_trmiss50_trlocradio,16,0.0001,1,32,1,0.1,lr1e-04_bs16_modL1_fusion32_fusionL1_drop0p1_trmiss50_trlocradio,2,0.6239666044712067,0.7029834191004435,0.540948275862069,0.7030930508539998,0.5333333333333333,0.0,0.0,0.0,0.0,0.0,0.0,0.0,0.0,0.0,2002,radio,0.5
3,3,lr1e-04_bs16_modL1_fusion32_fusionL1_drop0p1_trmiss50_trlocradio,16,0.0001,1,32,1,0.1,lr1e-04_bs16_modL1_fusion32_fusionL1_drop0p1_trmiss50_trlocradio,3,0.6113150914510092,0.6994179884592692,0.5258620689655172,0.6881788998305428,0.5333333333333333,0.0,0.0,0.0,0.0,0.0,0.0,0.0,0.0,0.0,2002,radio,0.5
3,3,lr1e-04_bs16_modL1_fusion32_fusionL1_drop0p1_trmiss50_trlocradio,16,0.0001,1,32,1,0.1,lr1e-04_bs16_modL1_fusion32_fusionL1_drop0p1_trmiss50_trlocradio,4,0.5703243861595789,0.6974328358968099,0.521551724137931,0.6825374477795368,0.5333333333333333,0.0,0.0,0.0,0.0,0.0,0.0,0.0,0.0,0.0,2002,radio,0.5
3,3,lr1e-04_bs16_modL1_fusion32_fusionL1_drop0p1_trmiss50_trlocradio,16,0.0001,1,32,1,0.1,lr1e-04_bs16_modL1_fusion32_fusionL1_drop0p1_trmiss50_trlocradio,5,0.5591328889131546,0.6986342469851176,0.5043103448275862,0.6540567768681984,0.5111111111111111,0.0,0.0,0.0,0.0,0.0,0.0,0.0,0.0,0.0,2002,radio,0.5
3,3,lr1e-04_bs16_modL1_fusion32_fusionL1_drop0p1_trmiss50_trlocradio,16,0.0001,1,32,1,0.1,lr1e-04_bs16_modL1_fusion32_fusionL1_drop0p1_trmiss50_trlocradio,6,0.5369872550169627,0.698439379533132,0.49568965517241376,0.6419441798076991,0.5111111111111111,0.0,0.0,0.0,0.0,0.0,0.0,0.0,0.0,0.0,2002,radio,0.5
3,3,lr1e-04_bs16_modL1_fusion32_fusionL1_drop0p1_trmiss50_trlocradio,16,0.0001,1,32,1,0.1,lr1e-04_bs16_modL1_fusion32_fusionL1_drop0p1_trmiss50_trlocradio,7,0.5178510049978892,0.6925639510154724,0.5280172413793103,0.6560587329494662,0.5333333333333333,0.0,0.0,0.0,0.0,0.0,0.0,0.0,0.0,0.0,2002,radio,0.5
3,3,lr1e-04_bs16_modL1_fusion32_fusionL1_drop0p1_trmiss50_trlocradio,16,0.0001,1,32,1,0.1,lr1e-04_bs16_modL1_fusion32_fusionL1_drop0p1_trmiss50_trlocradio,8,0.5097315733631452,0.6906810402870178,0.5517241379310345,0.6603014716049094,0.5333333333333333,0.0,0.0,0.0,0.0,0.0,0.0,0.0,0.0,0.0,2002,radio,0.5
3,3,lr1e-04_bs16_modL1_fusion32_fusionL1_drop0p1_trmiss50_trlocradio,16,0.0001,1,32,1,0.1,lr1e-04_bs16_modL1_fusion32_fusionL1_drop0p1_trmiss50_trlocradio,9,0.4927165135741234,0.692959189414978,0.5323275862068966,0.6505079736372601,0.5333333333333333,0.0,0.0,0.0,0.0,0.0,0.0,0.0,0.0,0.0,2002,radio,0.5
3,3,lr1e-04_bs16_modL1_fusion32_fusionL1_drop0p1_trmiss50_trlocradio,16,0.0001,1,32,1,0.1,lr1e-04_bs16_modL1_fusion32_fusionL1_drop0p1_trmiss50_trlocradio,10,0.4757166976730029,0.6948827505111694,0.5193965517241379,0.6464834107310165,0.5333333333333333,0.0,0.0,0.0,0.0,0.0,0.0,0.0,0.0,0.0,2002,radio,0.5
3,3,lr1e-04_bs16_modL1_fusion32_fusionL1_drop0p1_trmiss50_trlocradio,16,0.0001,1,32,1,0.1,lr1e-04_bs16_modL1_fusion32_fusionL1_drop0p1_trmiss50_trlocradio,11,0.46564140419165295,0.6782348155975342,0.5775862068965517,0.6953750971488077,0.5555555555555556,0.0,0.0,0.0,0.0,0.0,0.0,0.0,0.0,0.0,2002,radio,0.5
3,3,lr1e-04_bs16_modL1_fusion32_fusionL1_drop0p1_trmiss50_trlocradio,16,0.0001,1,32,1,0.1,lr1e-04_bs16_modL1_fusion32_fusionL1_drop0p1_trmiss50_trlocradio,12,0.4509926537672679,0.6807375351587931,0.5603448275862069,0.6794207260084179,0.5555555555555556,0.0,0.0,0.0,0.0,0.0,0.0,0.0,0.0,0.0,2002,radio,0.5
3,3,lr1e-04_bs16_modL1_fusion32_fusionL1_drop0p1_trmiss50_trlocradio,16,0.0001,1,32,1,0.1,lr1e-04_bs16_modL1_fusion32_fusionL1_drop0p1_trmiss50_trlocradio,13,0.44573861360549927,0.7006873687108358,0.5323275862068966,0.6532388072333845,0.5111111111111111,0.0,0.0,0.0,0.0,0.0,0.0,0.0,0.0,0.0,2002,radio,0.5
3,3,lr1e-04_bs16_modL1_fusion32_fusionL1_drop0p1_trmiss50_trlocradio,16,0.0001,1,32,1,0.1,lr1e-04_bs16_modL1_fusion32_fusionL1_drop0p1_trmiss50_trlocradio,14,0.42740458995103836,0.7022510170936584,0.5301724137931034,0.654465046863729,0.5333333333333333,0.0,0.0,0.0,0.0,0.0,0.0,0.0,0.0,0.0,2002,radio,0.5
3,3,lr1e-04_bs16_modL1_fusion32_fusionL1_drop0p1_trmiss50_trlocradio,16,0.0001,1,32,1,0.1,lr1e-04_bs16_modL1_fusion32_fusionL1_drop0p1_trmiss50_trlocradio,15,0.4301750138401985,0.6968470017115275,0.5237068965517242,0.6502307120376801,0.5555555555555556,0.0,0.0,0.0,0.0,0.0,0.0,0.0,0.0,0.0,2002,radio,0.5
3,3,lr1e-04_bs16_modL1_fusion32_fusionL1_drop0p1_trmiss50_trlocradio,16,0.0001,1,32,1,0.1,lr1e-04_bs16_modL1_fusion32_fusionL1_drop0p1_trmiss50_trlocradio,16,0.4260883455475171,0.6946649154027303,0.5668103448275863,0.6671045460711401,0.5777777777777777,0.0,0.0,0.0,0.0,0.0,0.0,0.0,0.0,0.0,2002,radio,0.5
3,3,lr1e-04_bs16_modL1_fusion32_fusionL1_drop0p1_trmiss50_trlocradio,16,0.0001,1,32,1,0.1,lr1e-04_bs16_modL1_fusion32_fusionL1_drop0p1_trmiss50_trlocradio,17,0.4020882397890091,0.6878504753112793,0.5711206896551724,0.673030031799739,0.6222222222222222,0.0,0.0,0.0,0.0,0.0,0.0,0.0,0.0,0.0,2002,radio,0.5
3,3,lr1e-04_bs16_modL1_fusion32_fusionL1_drop0p1_trmiss50_trlocradio,16,0.0001,1,32,1,0.1,lr1e-04_bs16_modL1_fusion32_fusionL1_drop0p1_trmiss50_trlocradio,18,0.40833352506160736,0.6971468528111776,0.584051724137931,0.6828043210098134,0.5555555555555556,0.0,0.0,0.0,0.0,0.0,0.0,0.0,0.0,0.0,2002,radio,0.5
3,3,lr1e-04_bs16_modL1_fusion32_fusionL1_drop0p1_trmiss50_trlocradio,16,0.0001,1,32,1,0.1,lr1e-04_bs16_modL1_fusion32_fusionL1_drop0p1_trmiss50_trlocradio,19,0.39587632318337757,0.6919342875480652,0.5775862068965517,0.6786885502304897,0.5555555555555556,0.0,0.0,0.0,0.0,0.0,0.0,0.0,0.0,0.0,2002,radio,0.5
3,3,lr1e-04_bs16_modL1_fusion32_fusionL1_drop0p1_trmiss50_trlocradio,16,0.0001,1,32,1,0.1,lr1e-04_bs16_modL1_fusion32_fusionL1_drop0p1_trmiss50_trlocradio,20,0.44175490985314053,0.6778759360313416,0.5862068965517242,0.6847549813023447,0.6222222222222222,0.0,0.0,0.0,0.0,0.0,0.0,0.0,0.0,0.0,2002,radio,0.5
3,3,lr1e-04_bs16_modL1_fusion32_fusionL1_drop0p1_trmiss50_trlocradio,16,0.0001,1,32,1,0.1,lr1e-04_bs16_modL1_fusion32_fusionL1_drop0p1_trmiss50_trlocradio,21,0.43229734649260837,0.6816972692807516,0.5775862068965517,0.6798192866509922,0.6222222222222222,0.0,0.0,0.0,0.0,0.0,0.0,0.0,0.0,0.0,2002,radio,0.5
3,3,lr1e-04_bs16_modL1_fusion32_fusionL1_drop0p1_trmiss50_trlocradio,16,0.0001,1,32,1,0.1,lr1e-04_bs16_modL1_fusion32_fusionL1_drop0p1_trmiss50_trlocradio,22,0.3810602029164632,0.6868998805681864,0.5625,0.6685443431513841,0.5555555555555556,0.0,0.0,0.0,0.0,0.0,0.0,0.0,0.0,0.0,2002,radio,0.5
3,3,lr1e-04_bs16_modL1_fusion32_fusionL1_drop0p1_trmiss50_trlocradio,16,0.0001,1,32,1,0.1,lr1e-04_bs16_modL1_fusion32_fusionL1_drop0p1_trmiss50_trlocradio,23,0.3944348668058713,0.6778817375500997,0.5689655172413793,0.6723454593839006,0.6,0.0,0.0,0.0,0.0,0.0,0.0,0.0,0.0,0.0,2002,radio,0.5
3,3,lr1e-04_bs16_modL1_fusion32_fusionL1_drop0p1_trmiss50_trlocradio,16,0.0001,1,32,1,0.1,lr1e-04_bs16_modL1_fusion32_fusionL1_drop0p1_trmiss50_trlocradio,24,0.36390865842501324,0.6797082821528116,0.5517241379310345,0.6636361875621061,0.6444444444444445,0.0,0.0,0.0,0.0,0.0,0.0,0.0,0.0,0.0,2002,radio,0.5
3,3,lr1e-04_bs16_modL1_fusion32_fusionL1_drop0p1_trmiss50_trlocradio,16,0.0001,1,32,1,0.1,lr1e-04_bs16_modL1_fusion32_fusionL1_drop0p1_trmiss50_trlocradio,25,0.38770685096581775,0.6952453255653381,0.5517241379310345,0.6659754515868163,0.6,0.0,0.0,0.0,0.0,0.0,0.0,0.0,0.0,0.0,2002,radio,0.5
3,3,lr1e-04_bs16_modL1_fusion32_fusionL1_drop0p1_trmiss50_trlocradio,16,0.0001,1,32,1,0.1,lr1e-04_bs16_modL1_fusion32_fusionL1_drop0p1_trmiss50_trlocradio,26,0.36495264371236164,0.69582466284434,0.5517241379310345,0.6680909091025201,0.5777777777777777,0.0,0.0,0.0,0.0,0.0,0.0,0.0,0.0,0.0,2002,radio,0.5
3,3,lr1e-04_bs16_modL1_fusion32_fusionL1_drop0p1_trmiss50_trlocradio,16,0.0001,1,32,1,0.1,lr1e-04_bs16_modL1_fusion32_fusionL1_drop0p1_trmiss50_trlocradio,27,0.3615290895104408,0.6895379026730856,0.5280172413793104,0.652760024006769,0.5777777777777777,0.0,0.0,0.0,0.0,0.0,0.0,0.0,0.0,0.0,2002,radio,0.5
3,3,lr1e-04_bs16_modL1_fusion32_fusionL1_drop0p1_trmiss50_trlocradio,16,0.0001,1,32,1,0.1,lr1e-04_bs16_modL1_fusion32_fusionL1_drop0p1_trmiss50_trlocradio,28,0.35801247755686444,0.691556473573049,0.5495689655172414,0.6646357806937501,0.6444444444444445,0.0,0.0,0.0,0.0,0.0,0.0,0.0,0.0,0.0,2002,radio,0.5
3,3,lr1e-04_bs16_modL1_fusion32_fusionL1_drop0p1_trmiss50_trlocradio,16,0.0001,1,32,1,0.1,lr1e-04_bs16_modL1_fusion32_fusionL1_drop0p1_trmiss50_trlocradio,29,0.3473456799983978,0.6974130272865295,0.5517241379310345,0.6653701150994842,0.5555555555555556,0.0,0.0,0.0,0.0,0.0,0.0,0.0,0.0,0.0,2002,radio,0.5
3,3,lr1e-04_bs16_modL1_fusion32_fusionL1_drop0p1_trmiss50_trlocradio,16,0.0001,1,32,1,0.1,lr1e-04_bs16_modL1_fusion32_fusionL1_drop0p1_trmiss50_trlocradio,30,0.3527749876181285,0.6952601472536722,0.5431034482758621,0.6617024770161591,0.6222222222222222,0.0,0.0,0.0,0.0,0.0,0.0,0.0,0.0,0.0,2002,radio,0.5
3,3,lr1e-04_bs16_modL1_fusion32_fusionL1_drop0p1_trmiss50_trlocradio,16,0.0001,1,32,1,0.1,lr1e-04_bs16_modL1_fusion32_fusionL1_drop0p1_trmiss50_trlocradio,31,0.34508072088162106,0.7006325721740723,0.5517241379310345,0.6647384776984272,0.5555555555555556,0.0,0.0,0.0,0.0,0.0,0.0,0.0,0.0,0.0,2002,radio,0.5
3,3,lr1e-04_bs16_modL1_fusion32_fusionL1_drop0p1_trmiss50_trlocradio,16,0.0001,1,32,1,0.1,lr1e-04_bs16_modL1_fusion32_fusionL1_drop0p1_trmiss50_trlocradio,32,0.34665179749329883,0.6890864570935568,0.5538793103448276,0.665507578442173,0.5777777777777777,0.0,0.0,0.0,0.0,0.0,0.0,0.0,0.0,0.0,2002,radio,0.5
3,3,lr1e-04_bs16_modL1_fusion32_fusionL1_drop0p1_trmiss50_trlocradio,16,0.0001,1,32,1,0.1,lr1e-04_bs16_modL1_fusion32_fusionL1_drop0p1_trmiss50_trlocradio,33,0.34315156439940137,0.6942102114359537,0.5474137931034483,0.6628836179888647,0.5555555555555556,0.0,0.0,0.0,0.0,0.0,0.0,0.0,0.0,0.0,2002,radio,0.5
3,3,lr1e-04_bs16_modL1_fusion32_fusionL1_drop0p1_trmiss50_trlocradio,16,0.0001,1,32,1,0.1,lr1e-04_bs16_modL1_fusion32_fusionL1_drop0p1_trmiss50_trlocradio,34,0.34294739613930386,0.6961579124132792,0.5603448275862069,0.6713309745479434,0.6,0.0,0.0,0.0,0.0,0.0,0.0,0.0,0.0,0.0,2002,radio,0.5
3,3,lr1e-04_bs16_modL1_fusion32_fusionL1_drop0p1_trmiss50_trlocradio,16,0.0001,1,32,1,0.1,lr1e-04_bs16_modL1_fusion32_fusionL1_drop0p1_trmiss50_trlocradio,35,0.33780447393655777,0.6911691228548685,0.5581896551724138,0.6669802643469075,0.5555555555555556,0.0,0.0,0.0,0.0,0.0,0.0,0.0,0.0,0.0,2002,radio,0.5
3,3,lr1e-04_bs16_modL1_fusion32_fusionL1_drop0p1_trmiss50_trlocradio,16,0.0001,1,32,1,0.1,lr1e-04_bs16_modL1_fusion32_fusionL1_drop0p1_trmiss50_trlocradio,36,0.3475048840045929,0.6902839342753092,0.5603448275862069,0.6689130594085059,0.6444444444444445,0.0,0.0,0.0,0.0,0.0,0.0,0.0,0.0,0.0,2002,radio,0.5
3,3,lr1e-04_bs16_modL1_fusion32_fusionL1_drop0p1_trmiss50_trlocradio,16,0.0001,1,32,1,0.1,lr1e-04_bs16_modL1_fusion32_fusionL1_drop0p1_trmiss50_trlocradio,37,0.3334063837925593,0.6905412673950195,0.5625,0.6702653244524545,0.5555555555555556,0.0,0.0,0.0,0.0,0.0,0.0,0.0,0.0,0.0,2002,radio,0.5
3,3,lr1e-04_bs16_modL1_fusion32_fusionL1_drop0p1_trmiss50_trlocradio,16,0.0001,1,32,1,0.1,lr1e-04_bs16_modL1_fusion32_fusionL1_drop0p1_trmiss50_trlocradio,38,0.35028155396382016,0.6958223978678385,0.5625,0.6702607783362838,0.5555555555555556,0.0,0.0,0.0,0.0,0.0,0.0,0.0,0.0,0.0,2002,radio,0.5
3,3,lr1e-04_bs16_modL1_fusion32_fusionL1_drop0p1_trmiss50_trlocradio,16,0.0001,1,32,1,0.1,lr1e-04_bs16_modL1_fusion32_fusionL1_drop0p1_trmiss50_trlocradio,39,0.3422149096926053,0.6991449594497681,0.5474137931034483,0.6628826718552188,0.5555555555555556,0.0,0.0,0.0,0.0,0.0,0.0,0.0,0.0,0.0,2002,radio,0.5
3,3,lr1e-04_bs16_modL1_fusion32_fusionL1_drop0p1_trmiss50_trlocradio,16,0.0001,1,32,1,0.1,lr1e-04_bs16_modL1_fusion32_fusionL1_drop0p1_trmiss50_trlocradio,40,0.3357502892613411,0.6980032722155253,0.5538793103448276,0.6672875392322132,0.6,0.0,0.0,0.0,0.0,0.0,0.0,0.0,0.0,0.0,2002,radio,0.5
3,3,lr1e-04_bs16_modL1_fusion64_fusionL1_drop0p2_trmiss50_trlocradio,16,0.0001,1,64,1,0.2,lr1e-04_bs16_modL1_fusion64_fusionL1_drop0p2_trmiss50_trlocradio,1,0.7627368668715159,0.7341985901196798,0.5064655172413793,0.6896958684815653,0.37777777777777777,0.0,0.0,0.0,0.0,0.0,0.0,0.0,0.0,0.0,2002,radio,0.5
3,3,lr1e-04_bs16_modL1_fusion64_fusionL1_drop0p2_trmiss50_trlocradio,16,0.0001,1,64,1,0.2,lr1e-04_bs16_modL1_fusion64_fusionL1_drop0p2_trmiss50_trlocradio,2,0.7247963696718216,0.744882861773173,0.4956896551724138,0.6687382970926743,0.4222222222222222,0.0,0.0,0.0,0.0,0.0,0.0,0.0,0.0,0.0,2002,radio,0.5
3,3,lr1e-04_bs16_modL1_fusion64_fusionL1_drop0p2_trmiss50_trlocradio,16,0.0001,1,64,1,0.2,lr1e-04_bs16_modL1_fusion64_fusionL1_drop0p2_trmiss50_trlocradio,3,0.7145561426877975,0.7599139213562012,0.4849137931034483,0.6721975962505446,0.4,0.0,0.0,0.0,0.0,0.0,0.0,0.0,0.0,0.0,2002,radio,0.5
3,3,lr1e-04_bs16_modL1_fusion64_fusionL1_drop0p2_trmiss50_trlocradio,16,0.0001,1,64,1,0.2,lr1e-04_bs16_modL1_fusion64_fusionL1_drop0p2_trmiss50_trlocradio,4,0.6903651207685471,0.7614098985989889,0.47629310344827586,0.6620774369903439,0.4222222222222222,0.0,0.0,0.0,0.0,0.0,0.0,0.0,0.0,0.0,2002,radio,0.5
3,3,lr1e-04_bs16_modL1_fusion64_fusionL1_drop0p2_trmiss50_trlocradio,16,0.0001,1,64,1,0.2,lr1e-04_bs16_modL1_fusion64_fusionL1_drop0p2_trmiss50_trlocradio,5,0.6613049606482188,0.7478826443354288,0.4956896551724138,0.6886321007349258,0.4444444444444444,0.0,0.0,0.0,0.0,0.0,0.0,0.0,0.0,0.0,2002,radio,0.5
3,3,lr1e-04_bs16_modL1_fusion64_fusionL1_drop0p2_trmiss50_trlocradio,16,0.0001,1,64,1,0.2,lr1e-04_bs16_modL1_fusion64_fusionL1_drop0p2_trmiss50_trlocradio,6,0.6534679432710012,0.7394809126853943,0.4978448275862069,0.6909214881934459,0.4666666666666667,0.0,0.0,0.0,0.0,0.0,0.0,0.0,0.0,0.0,2002,radio,0.5
3,3,lr1e-04_bs16_modL1_fusion64_fusionL1_drop0p2_trmiss50_trlocradio,16,0.0001,1,64,1,0.2,lr1e-04_bs16_modL1_fusion64_fusionL1_drop0p2_trmiss50_trlocradio,7,0.6088272680838903,0.7404379645983378,0.5193965517241379,0.697180104798825,0.4222222222222222,0.0,0.0,0.0,0.0,0.0,0.0,0.0,0.0,0.0,2002,radio,0.5
3,3,lr1e-04_bs16_modL1_fusion64_fusionL1_drop0p2_trmiss50_trlocradio,16,0.0001,1,64,1,0.2,lr1e-04_bs16_modL1_fusion64_fusionL1_drop0p2_trmiss50_trlocradio,8,0.6209135676423708,0.7430936495463053,0.5150862068965518,0.6975812481072922,0.4222222222222222,0.0,0.0,0.0,0.0,0.0,0.0,0.0,0.0,0.0,2002,radio,0.5
3,3,lr1e-04_bs16_modL1_fusion64_fusionL1_drop0p2_trmiss50_trlocradio,16,0.0001,1,64,1,0.2,lr1e-04_bs16_modL1_fusion64_fusionL1_drop0p2_trmiss50_trlocradio,9,0.6089909424384435,0.7483377456665039,0.5,0.6865192843614506,0.4,0.0,0.0,0.0,0.0,0.0,0.0,0.0,0.0,0.0,2002,radio,0.5
3,3,lr1e-04_bs16_modL1_fusion64_fusionL1_drop0p2_trmiss50_trlocradio,16,0.0001,1,64,1,0.2,lr1e-04_bs16_modL1_fusion64_fusionL1_drop0p2_trmiss50_trlocradio,10,0.5982873539129893,0.7483927806218466,0.5258620689655172,0.7046487585449966,0.4,0.0,0.0,0.0,0.0,0.0,0.0,0.0,0.0,0.0,2002,radio,0.5
3,3,lr1e-04_bs16_modL1_fusion64_fusionL1_drop0p2_trmiss50_trlocradio,16,0.0001,1,64,1,0.2,lr1e-04_bs16_modL1_fusion64_fusionL1_drop0p2_trmiss50_trlocradio,11,0.5859359155098597,0.7303463617960612,0.5301724137931034,0.7006761542287138,0.4222222222222222,0.0,0.0,0.0,0.0,0.0,0.0,0.0,0.0,0.0,2002,radio,0.5
3,3,lr1e-04_bs16_modL1_fusion64_fusionL1_drop0p2_trmiss50_trlocradio,16,0.0001,1,64,1,0.2,lr1e-04_bs16_modL1_fusion64_fusionL1_drop0p2_trmiss50_trlocradio,12,0.5877711723248163,0.7251031796137491,0.5237068965517242,0.6934887755953657,0.4444444444444444,0.0,0.0,0.0,0.0,0.0,0.0,0.0,0.0,0.0,2002,radio,0.5
3,3,lr1e-04_bs16_modL1_fusion64_fusionL1_drop0p2_trmiss50_trlocradio,16,0.0001,1,64,1,0.2,lr1e-04_bs16_modL1_fusion64_fusionL1_drop0p2_trmiss50_trlocradio,13,0.6097329805294672,0.7192753553390503,0.5258620689655172,0.6895022540551775,0.4666666666666667,0.0,0.0,0.0,0.0,0.0,0.0,0.0,0.0,0.0,2002,radio,0.5
3,3,lr1e-04_bs16_modL1_fusion64_fusionL1_drop0p2_trmiss50_trlocradio,16,0.0001,1,64,1,0.2,lr1e-04_bs16_modL1_fusion64_fusionL1_drop0p2_trmiss50_trlocradio,14,0.5549951121211052,0.7301057974497477,0.5,0.6799818591190062,0.4222222222222222,0.0,0.0,0.0,0.0,0.0,0.0,0.0,0.0,0.0,2002,radio,0.5
3,3,lr1e-04_bs16_modL1_fusion64_fusionL1_drop0p2_trmiss50_trlocradio,16,0.0001,1,64,1,0.2,lr1e-04_bs16_modL1_fusion64_fusionL1_drop0p2_trmiss50_trlocradio,15,0.562063547472159,0.7259162465731303,0.5129310344827587,0.6842398961439483,0.4,0.0,0.0,0.0,0.0,0.0,0.0,0.0,0.0,0.0,2002,radio,0.5
3,3,lr1e-04_bs16_modL1_fusion64_fusionL1_drop0p2_trmiss50_trlocradio,16,0.0001,1,64,1,0.2,lr1e-04_bs16_modL1_fusion64_fusionL1_drop0p2_trmiss50_trlocradio,16,0.5513471364974976,0.734433114528656,0.5043103448275862,0.6761944198125301,0.4222222222222222,0.0,0.0,0.0,0.0,0.0,0.0,0.0,0.0,0.0,2002,radio,0.5
3,3,lr1e-04_bs16_modL1_fusion64_fusionL1_drop0p2_trmiss50_trlocradio,16,0.0001,1,64,1,0.2,lr1e-04_bs16_modL1_fusion64_fusionL1_drop0p2_trmiss50_trlocradio,17,0.5468364730477333,0.7196630040804545,0.5301724137931034,0.6868372684922838,0.4444444444444444,0.0,0.0,0.0,0.0,0.0,0.0,0.0,0.0,0.0,2002,radio,0.5
3,3,lr1e-04_bs16_modL1_fusion64_fusionL1_drop0p2_trmiss50_trlocradio,16,0.0001,1,64,1,0.2,lr1e-04_bs16_modL1_fusion64_fusionL1_drop0p2_trmiss50_trlocradio,18,0.5583115021387736,0.7162372271219889,0.5323275862068966,0.6919037618423883,0.4222222222222222,0.0,0.0,0.0,0.0,0.0,0.0,0.0,0.0,0.0,2002,radio,0.5
3,3,lr1e-04_bs16_modL1_fusion64_fusionL1_drop0p2_trmiss50_trlocradio,16,0.0001,1,64,1,0.2,lr1e-04_bs16_modL1_fusion64_fusionL1_drop0p2_trmiss50_trlocradio,19,0.5647272765636444,0.7114925781885783,0.5517241379310345,0.6974281078609664,0.4444444444444444,0.0,0.0,0.0,0.0,0.0,0.0,0.0,0.0,0.0,2002,radio,0.5
3,3,lr1e-04_bs16_modL1_fusion64_fusionL1_drop0p2_trmiss50_trlocradio,16,0.0001,1,64,1,0.2,lr1e-04_bs16_modL1_fusion64_fusionL1_drop0p2_trmiss50_trlocradio,20,0.5217410251498222,0.7059380610783895,0.540948275862069,0.6926268806625624,0.4444444444444444,0.0,0.0,0.0,0.0,0.0,0.0,0.0,0.0,0.0,2002,radio,0.5
3,3,lr1e-04_bs16_modL1_fusion64_fusionL1_drop0p2_trmiss50_trlocradio,16,0.0001,1,64,1,0.2,lr1e-04_bs16_modL1_fusion64_fusionL1_drop0p2_trmiss50_trlocradio,21,0.5138328050573667,0.7172480424245199,0.5323275862068966,0.6893825548736653,0.4666666666666667,0.0,0.0,0.0,0.0,0.0,0.0,0.0,0.0,0.0,2002,radio,0.5
3,3,lr1e-04_bs16_modL1_fusion64_fusionL1_drop0p2_trmiss50_trlocradio,16,0.0001,1,64,1,0.2,lr1e-04_bs16_modL1_fusion64_fusionL1_drop0p2_trmiss50_trlocradio,22,0.5333715379238129,0.7251230279604594,0.5301724137931034,0.6963086098860901,0.4222222222222222,0.0,0.0,0.0,0.0,0.0,0.0,0.0,0.0,0.0,2002,radio,0.5
3,3,lr1e-04_bs16_modL1_fusion64_fusionL1_drop0p2_trmiss50_trlocradio,16,0.0001,1,64,1,0.2,lr1e-04_bs16_modL1_fusion64_fusionL1_drop0p2_trmiss50_trlocradio,23,0.5253075336416563,0.7216216524442037,0.5366379310344828,0.6930674879504347,0.4666666666666667,0.0,0.0,0.0,0.0,0.0,0.0,0.0,0.0,0.0,2002,radio,0.5
3,3,lr1e-04_bs16_modL1_fusion64_fusionL1_drop0p2_trmiss50_trlocradio,16,0.0001,1,64,1,0.2,lr1e-04_bs16_modL1_fusion64_fusionL1_drop0p2_trmiss50_trlocradio,24,0.5101154694954554,0.7151316603024801,0.5452586206896551,0.6978220531304213,0.4888888888888889,0.0,0.0,0.0,0.0,0.0,0.0,0.0,0.0,0.0,2002,radio,0.5
3,3,lr1e-04_bs16_modL1_fusion64_fusionL1_drop0p2_trmiss50_trlocradio,16,0.0001,1,64,1,0.2,lr1e-04_bs16_modL1_fusion64_fusionL1_drop0p2_trmiss50_trlocradio,25,0.48792920758326846,0.7188458244005839,0.5323275862068966,0.6920322941533388,0.4666666666666667,0.0,0.0,0.0,0.0,0.0,0.0,0.0,0.0,0.0,2002,radio,0.5
3,3,lr1e-04_bs16_modL1_fusion64_fusionL1_drop0p2_trmiss50_trlocradio,16,0.0001,1,64,1,0.2,lr1e-04_bs16_modL1_fusion64_fusionL1_drop0p2_trmiss50_trlocradio,26,0.5048795615633329,0.7186180949211121,0.540948275862069,0.6933154012814337,0.4666666666666667,0.0,0.0,0.0,0.0,0.0,0.0,0.0,0.0,0.0,2002,radio,0.5
3,3,lr1e-04_bs16_modL1_fusion64_fusionL1_drop0p2_trmiss50_trlocradio,16,0.0001,1,64,1,0.2,lr1e-04_bs16_modL1_fusion64_fusionL1_drop0p2_trmiss50_trlocradio,27,0.4868401462833087,0.6933158040046692,0.5431034482758621,0.691268963634884,0.4888888888888889,0.0,0.0,0.0,0.0,0.0,0.0,0.0,0.0,0.0,2002,radio,0.5
3,3,lr1e-04_bs16_modL1_fusion64_fusionL1_drop0p2_trmiss50_trlocradio,16,0.0001,1,64,1,0.2,lr1e-04_bs16_modL1_fusion64_fusionL1_drop0p2_trmiss50_trlocradio,28,0.47369178632895154,0.7069596449534098,0.5495689655172413,0.7004400806057464,0.4666666666666667,0.0,0.0,0.0,0.0,0.0,0.0,0.0,0.0,0.0,2002,radio,0.5
3,3,lr1e-04_bs16_modL1_fusion64_fusionL1_drop0p2_trmiss50_trlocradio,16,0.0001,1,64,1,0.2,lr1e-04_bs16_modL1_fusion64_fusionL1_drop0p2_trmiss50_trlocradio,29,0.4856785958011945,0.7033248742421468,0.5560344827586207,0.7046320830195647,0.4444444444444444,0.0,0.0,0.0,0.0,0.0,0.0,0.0,0.0,0.0,2002,radio,0.5
3,3,lr1e-04_bs16_modL1_fusion64_fusionL1_drop0p2_trmiss50_trlocradio,16,0.0001,1,64,1,0.2,lr1e-04_bs16_modL1_fusion64_fusionL1_drop0p2_trmiss50_trlocradio,30,0.470800240834554,0.6955851912498474,0.5581896551724138,0.708306206663324,0.4666666666666667,0.0,0.0,0.0,0.0,0.0,0.0,0.0,0.0,0.0,2002,radio,0.5
3,3,lr1e-04_bs16_modL1_fusion64_fusionL1_drop0p2_trmiss50_trlocradio,16,0.0001,1,64,1,0.2,lr1e-04_bs16_modL1_fusion64_fusionL1_drop0p2_trmiss50_trlocradio,31,0.4720511734485626,0.6904653112093607,0.5560344827586207,0.7050710452505665,0.4888888888888889,0.0,0.0,0.0,0.0,0.0,0.0,0.0,0.0,0.0,2002,radio,0.5
3,3,lr1e-04_bs16_modL1_fusion64_fusionL1_drop0p2_trmiss50_trlocradio,16,0.0001,1,64,1,0.2,lr1e-04_bs16_modL1_fusion64_fusionL1_drop0p2_trmiss50_trlocradio,32,0.45294467856486637,0.7083185712496439,0.5387931034482759,0.6942666218900322,0.4222222222222222,0.0,0.0,0.0,0.0,0.0,0.0,0.0,0.0,0.0,2002,radio,0.5
3,3,lr1e-04_bs16_modL1_fusion64_fusionL1_drop0p2_trmiss50_trlocradio,16,0.0001,1,64,1,0.2,lr1e-04_bs16_modL1_fusion64_fusionL1_drop0p2_trmiss50_trlocradio,33,0.4763316959142685,0.7153255740801493,0.5452586206896552,0.6972068453878842,0.4222222222222222,0.0,0.0,0.0,0.0,0.0,0.0,0.0,0.0,0.0,2002,radio,0.5
3,3,lr1e-04_bs16_modL1_fusion64_fusionL1_drop0p2_trmiss50_trlocradio,16,0.0001,1,64,1,0.2,lr1e-04_bs16_modL1_fusion64_fusionL1_drop0p2_trmiss50_trlocradio,34,0.45329712331295013,0.7098635832468668,0.5344827586206897,0.6942849807927022,0.4444444444444444,0.0,0.0,0.0,0.0,0.0,0.0,0.0,0.0,0.0,2002,radio,0.5
3,3,lr1e-04_bs16_modL1_fusion64_fusionL1_drop0p2_trmiss50_trlocradio,16,0.0001,1,64,1,0.2,lr1e-04_bs16_modL1_fusion64_fusionL1_drop0p2_trmiss50_trlocradio,35,0.45444535464048386,0.7033687035242716,0.5452586206896551,0.6910647714652813,0.4888888888888889,0.0,0.0,0.0,0.0,0.0,0.0,0.0,0.0,0.0,2002,radio,0.5
3,3,lr1e-04_bs16_modL1_fusion64_fusionL1_drop0p2_trmiss50_trlocradio,16,0.0001,1,64,1,0.2,lr1e-04_bs16_modL1_fusion64_fusionL1_drop0p2_trmiss50_trlocradio,36,0.4657326067487399,0.713235100110372,0.5495689655172413,0.6942188165884735,0.4,0.0,0.0,0.0,0.0,0.0,0.0,0.0,0.0,0.0,2002,radio,0.5
3,3,lr1e-04_bs16_modL1_fusion64_fusionL1_drop0p2_trmiss50_trlocradio,16,0.0001,1,64,1,0.2,lr1e-04_bs16_modL1_fusion64_fusionL1_drop0p2_trmiss50_trlocradio,37,0.4443674410382907,0.7057458162307739,0.5581896551724137,0.7024633456165673,0.4222222222222222,0.0,0.0,0.0,0.0,0.0,0.0,0.0,0.0,0.0,2002,radio,0.5
3,3,lr1e-04_bs16_modL1_fusion64_fusionL1_drop0p2_trmiss50_trlocradio,16,0.0001,1,64,1,0.2,lr1e-04_bs16_modL1_fusion64_fusionL1_drop0p2_trmiss50_trlocradio,38,0.4439867213368416,0.708858847618103,0.5581896551724138,0.6993886983063428,0.4444444444444444,0.0,0.0,0.0,0.0,0.0,0.0,0.0,0.0,0.0,2002,radio,0.5
3,3,lr1e-04_bs16_modL1_fusion64_fusionL1_drop0p2_trmiss50_trlocradio,16,0.0001,1,64,1,0.2,lr1e-04_bs16_modL1_fusion64_fusionL1_drop0p2_trmiss50_trlocradio,39,0.46324388931194943,0.7110927104949951,0.5560344827586208,0.7023721591418374,0.4222222222222222,0.0,0.0,0.0,0.0,0.0,0.0,0.0,0.0,0.0,2002,radio,0.5
3,3,lr1e-04_bs16_modL1_fusion64_fusionL1_drop0p2_trmiss50_trlocradio,16,0.0001,1,64,1,0.2,lr1e-04_bs16_modL1_fusion64_fusionL1_drop0p2_trmiss50_trlocradio,40,0.4296657567222913,0.7080478270848592,0.5646551724137931,0.7041970904746154,0.4888888888888889,0.0,0.0,0.0,0.0,0.0,0.0,0.0,0.0,0.0,2002,radio,0.5
3,3,lr1e-04_bs16_modL1_fusion64_fusionL1_drop0p2_trmiss50_trlocradio,16,0.0001,1,64,1,0.2,lr1e-04_bs16_modL1_fusion64_fusionL1_drop0p2_trmiss50_trlocradio,41,0.456054225564003,0.7029783328374227,0.5732758620689655,0.7112863866746194,0.4666666666666667,0.0,0.0,0.0,0.0,0.0,0.0,0.0,0.0,0.0,2002,radio,0.5
3,3,lr1e-04_bs16_modL1_fusion64_fusionL1_drop0p2_trmiss50_trlocradio,16,0.0001,1,64,1,0.2,lr1e-04_bs16_modL1_fusion64_fusionL1_drop0p2_trmiss50_trlocradio,42,0.4415858859817187,0.7101115783055624,0.5668103448275863,0.706331146793208,0.4666666666666667,0.0,0.0,0.0,0.0,0.0,0.0,0.0,0.0,0.0,2002,radio,0.5
3,3,lr1e-04_bs16_modL1_fusion64_fusionL1_drop0p2_trmiss50_trlocradio,16,0.0001,1,64,1,0.2,lr1e-04_bs16_modL1_fusion64_fusionL1_drop0p2_trmiss50_trlocradio,43,0.4338126555085182,0.7218222618103027,0.5560344827586208,0.6998828975881972,0.4444444444444444,0.0,0.0,0.0,0.0,0.0,0.0,0.0,0.0,0.0,2002,radio,0.5
3,3,lr1e-04_bs16_modL1_fusion64_fusionL1_drop0p2_trmiss50_trlocradio,16,0.0001,1,64,1,0.2,lr1e-04_bs16_modL1_fusion64_fusionL1_drop0p2_trmiss50_trlocradio,44,0.4555015688141187,0.7219877243041992,0.5603448275862069,0.7033159552417129,0.4444444444444444,0.0,0.0,0.0,0.0,0.0,0.0,0.0,0.0,0.0,2002,radio,0.5
3,3,lr1e-04_bs16_modL1_fusion64_fusionL1_drop0p2_trmiss50_trlocradio,16,0.0001,1,64,1,0.2,lr1e-04_bs16_modL1_fusion64_fusionL1_drop0p2_trmiss50_trlocradio,45,0.4309687490264575,0.7121871511141459,0.5495689655172413,0.6975890728758857,0.4444444444444444,0.0,0.0,0.0,0.0,0.0,0.0,0.0,0.0,0.0,2002,radio,0.5
3,3,lr1e-04_bs16_modL1_fusion64_fusionL1_drop0p2_trmiss50_trlocradio,16,0.0001,1,64,1,0.2,lr1e-04_bs16_modL1_fusion64_fusionL1_drop0p2_trmiss50_trlocradio,46,0.47050407032171887,0.7216766277949015,0.5538793103448276,0.7007913494958894,0.4444444444444444,0.0,0.0,0.0,0.0,0.0,0.0,0.0,0.0,0.0,2002,radio,0.5
3,3,lr1e-04_bs16_modL1_fusion64_fusionL1_drop0p2_trmiss50_trlocradio,16,0.0001,1,64,1,0.2,lr1e-04_bs16_modL1_fusion64_fusionL1_drop0p2_trmiss50_trlocradio,47,0.4237411767244339,0.7028717597325643,0.5625,0.7040533785288324,0.4888888888888889,0.0,0.0,0.0,0.0,0.0,0.0,0.0,0.0,0.0,2002,radio,0.5
3,3,lr1e-04_bs16_modL1_fusion64_fusionL1_drop0p2_trmiss50_trlocradio,16,0.0001,1,64,1,0.2,lr1e-04_bs16_modL1_fusion64_fusionL1_drop0p2_trmiss50_trlocradio,48,0.4379993677139282,0.7040437459945679,0.5603448275862069,0.7053933265506386,0.4888888888888889,0.0,0.0,0.0,0.0,0.0,0.0,0.0,0.0,0.0,2002,radio,0.5
3,3,lr1e-04_bs16_modL1_fusion64_fusionL1_drop0p2_trmiss50_trlocradio,16,0.0001,1,64,1,0.2,lr1e-04_bs16_modL1_fusion64_fusionL1_drop0p2_trmiss50_trlocradio,49,0.4373556971549988,0.6997635364532471,0.5646551724137931,0.7054988043437431,0.4888888888888889,0.0,0.0,0.0,0.0,0.0,0.0,0.0,0.0,0.0,2002,radio,0.5
3,3,lr1e-04_bs16_modL1_fusion64_fusionL1_drop0p2_trmiss50_trlocradio,16,0.0001,1,64,1,0.2,lr1e-04_bs16_modL1_fusion64_fusionL1_drop0p2_trmiss50_trlocradio,50,0.44446005920569104,0.7075939178466797,0.5581896551724138,0.7015536022887977,0.4666666666666667,0.0,0.0,0.0,0.0,0.0,0.0,0.0,0.0,0.0,2002,radio,0.5
3,3,lr1e-04_bs16_modL1_fusion64_fusionL1_drop0p2_trmiss50_trlocradio,16,0.0001,1,64,1,0.2,lr1e-04_bs16_modL1_fusion64_fusionL1_drop0p2_trmiss50_trlocradio,51,0.4330686231454213,0.7076632579167684,0.5581896551724138,0.702206684838432,0.4666666666666667,0.0,0.0,0.0,0.0,0.0,0.0,0.0,0.0,0.0,2002,radio,0.5
3,3,lr1e-04_bs16_modL1_fusion64_fusionL1_drop0p2_trmiss50_trlocradio,16,0.0001,1,64,1,0.2,lr1e-04_bs16_modL1_fusion64_fusionL1_drop0p2_trmiss50_trlocradio,52,0.44021926323572796,0.7054369648297628,0.5538793103448276,0.6977934322507372,0.4888888888888889,0.0,0.0,0.0,0.0,0.0,0.0,0.0,0.0,0.0,2002,radio,0.5
3,3,lr1e-04_bs16_modL1_fusion64_fusionL1_drop0p2_trmiss50_trlocradio,16,0.0001,1,64,1,0.2,lr1e-04_bs16_modL1_fusion64_fusionL1_drop0p2_trmiss50_trlocradio,53,0.4479457388321559,0.7038067579269409,0.5538793103448276,0.696816942734694,0.4888888888888889,0.0,0.0,0.0,0.0,0.0,0.0,0.0,0.0,0.0,2002,radio,0.5
3,3,lr1e-04_bs16_modL1_fusion64_fusionL1_drop0p2_trmiss50_trlocradio,16,0.0001,1,64,1,0.2,lr1e-04_bs16_modL1_fusion64_fusionL1_drop0p2_trmiss50_trlocradio,54,0.4206712643305461,0.7161532839139303,0.5625,0.7019642172151558,0.4444444444444444,0.0,0.0,0.0,0.0,0.0,0.0,0.0,0.0,0.0,2002,radio,0.5
3,3,lr1e-04_bs16_modL1_fusion64_fusionL1_drop0p2_trmiss50_trlocradio,16,0.0001,1,64,1,0.2,lr1e-04_bs16_modL1_fusion64_fusionL1_drop0p2_trmiss50_trlocradio,55,0.44511431952317554,0.7123206257820129,0.5517241379310345,0.6968706415713543,0.4888888888888889,0.0,0.0,0.0,0.0,0.0,0.0,0.0,0.0,0.0,2002,radio,0.5
3,3,lr1e-04_bs16_modL1_fusion64_fusionL1_drop0p2_trmiss50_trlocradio,16,0.0001,1,64,1,0.2,lr1e-04_bs16_modL1_fusion64_fusionL1_drop0p2_trmiss50_trlocradio,56,0.4328643927971522,0.7085801561673483,0.5581896551724138,0.6991398678577648,0.4888888888888889,0.0,0.0,0.0,0.0,0.0,0.0,0.0,0.0,0.0,2002,radio,0.5
3,3,lr1e-04_bs16_modL1_fusion64_fusionL1_drop0p2_trmiss50_trlocradio,16,0.0001,1,64,1,0.2,lr1e-04_bs16_modL1_fusion64_fusionL1_drop0p2_trmiss50_trlocradio,57,0.4429628054300944,0.7106526295344034,0.5625,0.7049702631175275,0.4666666666666667,0.0,0.0,0.0,0.0,0.0,0.0,0.0,0.0,0.0,2002,radio,0.5
3,3,lr1e-04_bs16_modL1_fusion64_fusionL1_drop0p2_trmiss50_trlocradio,16,0.0001,1,64,1,0.2,lr1e-04_bs16_modL1_fusion64_fusionL1_drop0p2_trmiss50_trlocradio,58,0.4373094340165456,0.7092558741569519,0.5646551724137931,0.6962695697977614,0.4888888888888889,0.0,0.0,0.0,0.0,0.0,0.0,0.0,0.0,0.0,2002,radio,0.5
3,3,lr1e-04_bs16_modL1_fusion64_fusionL1_drop0p2_trmiss50_trlocradio,16,0.0001,1,64,1,0.2,lr1e-04_bs16_modL1_fusion64_fusionL1_drop0p2_trmiss50_trlocradio,59,0.45418990900119144,0.7000672419865926,0.5517241379310345,0.688689719693411,0.4888888888888889,0.0,0.0,0.0,0.0,0.0,0.0,0.0,0.0,0.0,2002,radio,0.5
3,3,lr1e-04_bs16_modL1_fusion64_fusionL1_drop0p2_trmiss50_trlocradio,16,0.0001,1,64,1,0.2,lr1e-04_bs16_modL1_fusion64_fusionL1_drop0p2_trmiss50_trlocradio,60,0.42319941023985547,0.702376921971639,0.564655172413793,0.7060793576930467,0.4888888888888889,0.0,0.0,0.0,0.0,0.0,0.0,0.0,0.0,0.0,2002,radio,0.5
3,3,lr1e-04_bs16_modL1_fusion64_fusionL1_drop0p2_trmiss50_trlocradio,16,0.0001,1,64,1,0.2,lr1e-04_bs16_modL1_fusion64_fusionL1_drop0p2_trmiss50_trlocradio,61,0.4269046410918236,0.7036979595820109,0.560344827586207,0.7009698161380173,0.4888888888888889,0.0,0.0,0.0,0.0,0.0,0.0,0.0,0.0,0.0,2002,radio,0.5
3,3,lr1e-04_bs16_modL1_fusion64_fusionL1_drop0p1_trmiss50_trlocradio,16,0.0001,1,64,1,0.1,lr1e-04_bs16_modL1_fusion64_fusionL1_drop0p1_trmiss50_trlocradio,1,0.6734143147865931,0.6814205845197042,0.5323275862068966,0.6322604840966971,0.6222222222222222,0.0,0.0,0.0,0.0,0.0,0.0,0.0,0.0,0.0,2002,radio,0.5
3,3,lr1e-04_bs16_modL1_fusion64_fusionL1_drop0p1_trmiss50_trlocradio,16,0.0001,1,64,1,0.1,lr1e-04_bs16_modL1_fusion64_fusionL1_drop0p1_trmiss50_trlocradio,2,0.6492824802796046,0.676183819770813,0.5495689655172414,0.6421448980675611,0.7111111111111111,0.0,0.0,0.0,0.0,0.0,0.0,0.0,0.0,0.0,2002,radio,0.5
3,3,lr1e-04_bs16_modL1_fusion64_fusionL1_drop0p1_trmiss50_trlocradio,16,0.0001,1,64,1,0.1,lr1e-04_bs16_modL1_fusion64_fusionL1_drop0p1_trmiss50_trlocradio,3,0.5721557984749476,0.6655767758687338,0.5517241379310345,0.6588020169503144,0.7111111111111111,0.0,0.0,0.0,0.0,0.0,0.0,0.0,0.0,0.0,2002,radio,0.5
3,3,lr1e-04_bs16_modL1_fusion64_fusionL1_drop0p1_trmiss50_trlocradio,16,0.0001,1,64,1,0.1,lr1e-04_bs16_modL1_fusion64_fusionL1_drop0p1_trmiss50_trlocradio,4,0.5753802607456843,0.658980111281077,0.5538793103448276,0.6601187434909902,0.6666666666666666,0.0,0.0,0.0,0.0,0.0,0.0,0.0,0.0,0.0,2002,radio,0.5
3,3,lr1e-04_bs16_modL1_fusion64_fusionL1_drop0p1_trmiss50_trlocradio,16,0.0001,1,64,1,0.1,lr1e-04_bs16_modL1_fusion64_fusionL1_drop0p1_trmiss50_trlocradio,5,0.5500707924365997,0.6594649155934652,0.5474137931034483,0.6628243448587031,0.6,0.0,0.0,0.0,0.0,0.0,0.0,0.0,0.0,0.0,2002,radio,0.5
3,3,lr1e-04_bs16_modL1_fusion64_fusionL1_drop0p1_trmiss50_trlocradio,16,0.0001,1,64,1,0.1,lr1e-04_bs16_modL1_fusion64_fusionL1_drop0p1_trmiss50_trlocradio,6,0.5516298711299896,0.6596214175224304,0.5344827586206897,0.6635890276502294,0.5777777777777777,0.0,0.0,0.0,0.0,0.0,0.0,0.0,0.0,0.0,2002,radio,0.5
3,3,lr1e-04_bs16_modL1_fusion64_fusionL1_drop0p1_trmiss50_trlocradio,16,0.0001,1,64,1,0.1,lr1e-04_bs16_modL1_fusion64_fusionL1_drop0p1_trmiss50_trlocradio,7,0.5236108774940172,0.6602866252263387,0.5495689655172414,0.6714251875274962,0.6444444444444445,0.0,0.0,0.0,0.0,0.0,0.0,0.0,0.0,0.0,2002,radio,0.5
3,3,lr1e-04_bs16_modL1_fusion64_fusionL1_drop0p1_trmiss50_trlocradio,16,0.0001,1,64,1,0.1,lr1e-04_bs16_modL1_fusion64_fusionL1_drop0p1_trmiss50_trlocradio,8,0.5097178046902021,0.6536665757497152,0.5926724137931034,0.7113716482003076,0.6444444444444445,0.0,0.0,0.0,0.0,0.0,0.0,0.0,0.0,0.0,2002,radio,0.5
3,3,lr1e-04_bs16_modL1_fusion64_fusionL1_drop0p1_trmiss50_trlocradio,16,0.0001,1,64,1,0.1,lr1e-04_bs16_modL1_fusion64_fusionL1_drop0p1_trmiss50_trlocradio,9,0.49623335897922516,0.6463455756505331,0.5905172413793103,0.7064171820363556,0.6444444444444445,0.0,0.0,0.0,0.0,0.0,0.0,0.0,0.0,0.0,2002,radio,0.5
3,3,lr1e-04_bs16_modL1_fusion64_fusionL1_drop0p1_trmiss50_trlocradio,16,0.0001,1,64,1,0.1,lr1e-04_bs16_modL1_fusion64_fusionL1_drop0p1_trmiss50_trlocradio,10,0.4870006988445918,0.6474156777064005,0.5948275862068966,0.7088812978179933,0.6,0.0,0.0,0.0,0.0,0.0,0.0,0.0,0.0,0.0,2002,radio,0.5
3,3,lr1e-04_bs16_modL1_fusion64_fusionL1_drop0p1_trmiss50_trlocradio,16,0.0001,1,64,1,0.1,lr1e-04_bs16_modL1_fusion64_fusionL1_drop0p1_trmiss50_trlocradio,11,0.4816363801558812,0.6340815623601278,0.6142241379310345,0.7295310177764798,0.6222222222222222,0.0,0.0,0.0,0.0,0.0,0.0,0.0,0.0,0.0,2002,radio,0.5
3,3,lr1e-04_bs16_modL1_fusion64_fusionL1_drop0p1_trmiss50_trlocradio,16,0.0001,1,64,1,0.1,lr1e-04_bs16_modL1_fusion64_fusionL1_drop0p1_trmiss50_trlocradio,12,0.43992917984724045,0.6380053559939066,0.6185344827586207,0.7248313584818619,0.6444444444444445,0.0,0.0,0.0,0.0,0.0,0.0,0.0,0.0,0.0,2002,radio,0.5
3,3,lr1e-04_bs16_modL1_fusion64_fusionL1_drop0p1_trmiss50_trlocradio,16,0.0001,1,64,1,0.1,lr1e-04_bs16_modL1_fusion64_fusionL1_drop0p1_trmiss50_trlocradio,13,0.455805925031503,0.6378437081972758,0.603448275862069,0.7178328070545414,0.6222222222222222,0.0,0.0,0.0,0.0,0.0,0.0,0.0,0.0,0.0,2002,radio,0.5
3,3,lr1e-04_bs16_modL1_fusion64_fusionL1_drop0p1_trmiss50_trlocradio,16,0.0001,1,64,1,0.1,lr1e-04_bs16_modL1_fusion64_fusionL1_drop0p1_trmiss50_trlocradio,14,0.4166781504948934,0.6337916453679403,0.6163793103448276,0.7306547299969225,0.6222222222222222,0.0,0.0,0.0,0.0,0.0,0.0,0.0,0.0,0.0,2002,radio,0.5
3,3,lr1e-04_bs16_modL1_fusion64_fusionL1_drop0p1_trmiss50_trlocradio,16,0.0001,1,64,1,0.1,lr1e-04_bs16_modL1_fusion64_fusionL1_drop0p1_trmiss50_trlocradio,15,0.4412480096022288,0.6246825456619263,0.6228448275862069,0.7302517410574392,0.6444444444444445,0.0,0.0,0.0,0.0,0.0,0.0,0.0,0.0,0.0,2002,radio,0.5
3,3,lr1e-04_bs16_modL1_fusion64_fusionL1_drop0p1_trmiss50_trlocradio,16,0.0001,1,64,1,0.1,lr1e-04_bs16_modL1_fusion64_fusionL1_drop0p1_trmiss50_trlocradio,16,0.4250790973504384,0.6327999234199524,0.6206896551724137,0.7282803326623463,0.6444444444444445,0.0,0.0,0.0,0.0,0.0,0.0,0.0,0.0,0.0,2002,radio,0.5
3,3,lr1e-04_bs16_modL1_fusion64_fusionL1_drop0p1_trmiss50_trlocradio,16,0.0001,1,64,1,0.1,lr1e-04_bs16_modL1_fusion64_fusionL1_drop0p1_trmiss50_trlocradio,17,0.38892174512147903,0.6228882273038229,0.6293103448275863,0.7234995796211008,0.6444444444444445,0.0,0.0,0.0,0.0,0.0,0.0,0.0,0.0,0.0,2002,radio,0.5
3,3,lr1e-04_bs16_modL1_fusion64_fusionL1_drop0p1_trmiss50_trlocradio,16,0.0001,1,64,1,0.1,lr1e-04_bs16_modL1_fusion64_fusionL1_drop0p1_trmiss50_trlocradio,18,0.4003598193327586,0.6266234914461771,0.6573275862068966,0.7390109957924267,0.6888888888888889,0.0,0.0,0.0,0.0,0.0,0.0,0.0,0.0,0.0,2002,radio,0.5
3,3,lr1e-04_bs16_modL1_fusion64_fusionL1_drop0p1_trmiss50_trlocradio,16,0.0001,1,64,1,0.1,lr1e-04_bs16_modL1_fusion64_fusionL1_drop0p1_trmiss50_trlocradio,19,0.3655089984337489,0.6293464303016663,0.6357758620689655,0.7438386212552159,0.6222222222222222,0.0,0.0,0.0,0.0,0.0,0.0,0.0,0.0,0.0,2002,radio,0.5
3,3,lr1e-04_bs16_modL1_fusion64_fusionL1_drop0p1_trmiss50_trlocradio,16,0.0001,1,64,1,0.1,lr1e-04_bs16_modL1_fusion64_fusionL1_drop0p1_trmiss50_trlocradio,20,0.339616817732652,0.6181984941164652,0.6271551724137931,0.7253314212974564,0.6888888888888889,0.0,0.0,0.0,0.0,0.0,0.0,0.0,0.0,0.0,2002,radio,0.5
3,3,lr1e-04_bs16_modL1_fusion64_fusionL1_drop0p1_trmiss50_trlocradio,16,0.0001,1,64,1,0.1,lr1e-04_bs16_modL1_fusion64_fusionL1_drop0p1_trmiss50_trlocradio,21,0.35979047665993374,0.6146331429481506,0.6443965517241379,0.7315254384121549,0.6888888888888889,0.0,0.0,0.0,0.0,0.0,0.0,0.0,0.0,0.0,2002,radio,0.5
3,3,lr1e-04_bs16_modL1_fusion64_fusionL1_drop0p1_trmiss50_trlocradio,16,0.0001,1,64,1,0.1,lr1e-04_bs16_modL1_fusion64_fusionL1_drop0p1_trmiss50_trlocradio,22,0.3240548645456632,0.6220224102338155,0.6185344827586207,0.7179823192936944,0.7111111111111111,0.0,0.0,0.0,0.0,0.0,0.0,0.0,0.0,0.0,2002,radio,0.5
3,3,lr1e-04_bs16_modL1_fusion64_fusionL1_drop0p1_trmiss50_trlocradio,16,0.0001,1,64,1,0.1,lr1e-04_bs16_modL1_fusion64_fusionL1_drop0p1_trmiss50_trlocradio,23,0.32398463288942975,0.6159923871358236,0.6400862068965517,0.7276697929313098,0.7111111111111111,0.0,0.0,0.0,0.0,0.0,0.0,0.0,0.0,0.0,2002,radio,0.5
3,3,lr1e-04_bs16_modL1_fusion64_fusionL1_drop0p1_trmiss50_trlocradio,16,0.0001,1,64,1,0.1,lr1e-04_bs16_modL1_fusion64_fusionL1_drop0p1_trmiss50_trlocradio,24,0.31578503797451657,0.6146421631177267,0.646551724137931,0.7375152873136702,0.7111111111111111,0.0,0.0,0.0,0.0,0.0,0.0,0.0,0.0,0.0,2002,radio,0.5
3,3,lr1e-04_bs16_modL1_fusion64_fusionL1_drop0p1_trmiss50_trlocradio,16,0.0001,1,64,1,0.1,lr1e-04_bs16_modL1_fusion64_fusionL1_drop0p1_trmiss50_trlocradio,25,0.3083920031785965,0.6092660029729208,0.6508620689655171,0.7343243223206597,0.7333333333333333,0.0,0.0,0.0,0.0,0.0,0.0,0.0,0.0,0.0,2002,radio,0.5
3,3,lr1e-04_bs16_modL1_fusion64_fusionL1_drop0p1_trmiss50_trlocradio,16,0.0001,1,64,1,0.1,lr1e-04_bs16_modL1_fusion64_fusionL1_drop0p1_trmiss50_trlocradio,26,0.2872111002604167,0.6156016190846761,0.646551724137931,0.735645423521064,0.7111111111111111,0.0,0.0,0.0,0.0,0.0,0.0,0.0,0.0,0.0,2002,radio,0.5
3,3,lr1e-04_bs16_modL1_fusion64_fusionL1_drop0p1_trmiss50_trlocradio,16,0.0001,1,64,1,0.1,lr1e-04_bs16_modL1_fusion64_fusionL1_drop0p1_trmiss50_trlocradio,27,0.2764594616989295,0.6104716857274374,0.6637931034482759,0.7510668958652786,0.6888888888888889,0.0,0.0,0.0,0.0,0.0,0.0,0.0,0.0,0.0,2002,radio,0.5
3,3,lr1e-04_bs16_modL1_fusion64_fusionL1_drop0p1_trmiss50_trlocradio,16,0.0001,1,64,1,0.1,lr1e-04_bs16_modL1_fusion64_fusionL1_drop0p1_trmiss50_trlocradio,28,0.28019948800404865,0.6085401376088461,0.6637931034482759,0.7372013509797206,0.6444444444444445,0.0,0.0,0.0,0.0,0.0,0.0,0.0,0.0,0.0,2002,radio,0.5
3,3,lr1e-04_bs16_modL1_fusion64_fusionL1_drop0p1_trmiss50_trlocradio,16,0.0001,1,64,1,0.1,lr1e-04_bs16_modL1_fusion64_fusionL1_drop0p1_trmiss50_trlocradio,29,0.2646767944097519,0.6249755422274271,0.6271551724137931,0.7181848040852064,0.6,0.0,0.0,0.0,0.0,0.0,0.0,0.0,0.0,0.0,2002,radio,0.5
3,3,lr1e-04_bs16_modL1_fusion64_fusionL1_drop0p1_trmiss50_trlocradio,16,0.0001,1,64,1,0.1,lr1e-04_bs16_modL1_fusion64_fusionL1_drop0p1_trmiss50_trlocradio,30,0.2674331106245518,0.6251873175303141,0.625,0.7136989029448171,0.5555555555555556,0.0,0.0,0.0,0.0,0.0,0.0,0.0,0.0,0.0,2002,radio,0.5
3,3,lr1e-04_bs16_modL1_fusion64_fusionL1_drop0p1_trmiss50_trlocradio,16,0.0001,1,64,1,0.1,lr1e-04_bs16_modL1_fusion64_fusionL1_drop0p1_trmiss50_trlocradio,31,0.2504043107231458,0.6131497621536255,0.6487068965517242,0.732773382300347,0.5777777777777777,0.0,0.0,0.0,0.0,0.0,0.0,0.0,0.0,0.0,2002,radio,0.5
3,3,lr1e-04_bs16_modL1_fusion64_fusionL1_drop0p1_trmiss50_trlocradio,16,0.0001,1,64,1,0.1,lr1e-04_bs16_modL1_fusion64_fusionL1_drop0p1_trmiss50_trlocradio,32,0.2561175475517909,0.611354390780131,0.6487068965517242,0.7282045691342256,0.6444444444444445,0.0,0.0,0.0,0.0,0.0,0.0,0.0,0.0,0.0,2002,radio,0.5
3,3,lr1e-04_bs16_modL1_fusion64_fusionL1_drop0p1_trmiss50_trlocradio,16,0.0001,1,64,1,0.1,lr1e-04_bs16_modL1_fusion64_fusionL1_drop0p1_trmiss50_trlocradio,33,0.24201101809740067,0.6126435001691183,0.6357758620689655,0.7213249863431983,0.6666666666666666,0.0,0.0,0.0,0.0,0.0,0.0,0.0,0.0,0.0,2002,radio,0.5
3,3,lr1e-04_bs16_modL1_fusion64_fusionL1_drop0p1_trmiss50_trlocradio,16,0.0001,1,64,1,0.1,lr1e-04_bs16_modL1_fusion64_fusionL1_drop0p1_trmiss50_trlocradio,34,0.21345304076870283,0.6227302352587382,0.6400862068965518,0.7254289671372326,0.6222222222222222,0.0,0.0,0.0,0.0,0.0,0.0,0.0,0.0,0.0,2002,radio,0.5
3,3,lr1e-04_bs16_modL1_fusion64_fusionL1_drop0p1_trmiss50_trlocradio,16,0.0001,1,64,1,0.1,lr1e-04_bs16_modL1_fusion64_fusionL1_drop0p1_trmiss50_trlocradio,35,0.2267045478026072,0.6179497241973877,0.6508620689655173,0.7310538831657806,0.6444444444444445,0.0,0.0,0.0,0.0,0.0,0.0,0.0,0.0,0.0,2002,radio,0.5
3,3,lr1e-04_bs16_modL1_fusion64_fusionL1_drop0p1_trmiss50_trlocradio,16,0.0001,1,64,1,0.1,lr1e-04_bs16_modL1_fusion64_fusionL1_drop0p1_trmiss50_trlocradio,36,0.24477523316939673,0.6284013390541077,0.6443965517241379,0.7261954673853258,0.5777777777777777,0.0,0.0,0.0,0.0,0.0,0.0,0.0,0.0,0.0,2002,radio,0.5
3,3,lr1e-04_bs16_modL1_fusion64_fusionL1_drop0p1_trmiss50_trlocradio,16,0.0001,1,64,1,0.1,lr1e-04_bs16_modL1_fusion64_fusionL1_drop0p1_trmiss50_trlocradio,37,0.19819029048085213,0.632254978020986,0.6185344827586207,0.7183951545596227,0.5555555555555556,0.0,0.0,0.0,0.0,0.0,0.0,0.0,0.0,0.0,2002,radio,0.5
3,3,lr1e-04_bs16_modL1_fusion64_fusionL1_drop0p1_trmiss50_trlocradio,16,0.0001,1,64,1,0.1,lr1e-04_bs16_modL1_fusion64_fusionL1_drop0p1_trmiss50_trlocradio,38,0.2304191788037618,0.61649622519811,0.6293103448275862,0.7375008225207138,0.6888888888888889,0.0,0.0,0.0,0.0,0.0,0.0,0.0,0.0,0.0,2002,radio,0.5
3,3,lr1e-04_bs16_modL1_fusion64_fusionL1_drop0p1_trmiss50_trlocradio,16,0.0001,1,64,1,0.1,lr1e-04_bs16_modL1_fusion64_fusionL1_drop0p1_trmiss50_trlocradio,39,0.2033177837729454,0.643730640411377,0.6271551724137931,0.7272762541438097,0.6,0.0,0.0,0.0,0.0,0.0,0.0,0.0,0.0,0.0,2002,radio,0.5
3,3,lr1e-04_bs16_modL1_fusion64_fusionL1_drop0p1_trmiss50_trlocradio,16,0.0001,1,64,1,0.1,lr1e-04_bs16_modL1_fusion64_fusionL1_drop0p1_trmiss50_trlocradio,40,0.20013762389620146,0.6397786140441895,0.6314655172413793,0.7251553085236373,0.6,0.0,0.0,0.0,0.0,0.0,0.0,0.0,0.0,0.0,2002,radio,0.5
3,3,lr1e-04_bs16_modL1_fusion64_fusionL1_drop0p1_trmiss50_trlocradio,16,0.0001,1,64,1,0.1,lr1e-04_bs16_modL1_fusion64_fusionL1_drop0p1_trmiss50_trlocradio,41,0.21206635609269142,0.6260061264038086,0.6422413793103448,0.7310202932851944,0.6666666666666666,0.0,0.0,0.0,0.0,0.0,0.0,0.0,0.0,0.0,2002,radio,0.5
3,3,lr1e-04_bs16_modL1_fusion64_fusionL1_drop0p1_trmiss50_trlocradio,16,0.0001,1,64,1,0.1,lr1e-04_bs16_modL1_fusion64_fusionL1_drop0p1_trmiss50_trlocradio,42,0.18778331826130548,0.6240780154863993,0.6508620689655172,0.7346878384131859,0.6666666666666666,0.0,0.0,0.0,0.0,0.0,0.0,0.0,0.0,0.0,2002,radio,0.5
3,3,lr1e-04_bs16_modL1_fusion64_fusionL1_drop0p1_trmiss50_trlocradio,16,0.0001,1,64,1,0.1,lr1e-04_bs16_modL1_fusion64_fusionL1_drop0p1_trmiss50_trlocradio,43,0.2342233881354332,0.6400206685066223,0.6422413793103449,0.7297507448554026,0.5777777777777777,0.0,0.0,0.0,0.0,0.0,0.0,0.0,0.0,0.0,2002,radio,0.5
3,3,lr1e-04_bs16_modL1_fusion64_fusionL1_drop0p1_trmiss50_trlocradio,16,0.0001,1,64,1,0.1,lr1e-04_bs16_modL1_fusion64_fusionL1_drop0p1_trmiss50_trlocradio,44,0.18121748914321265,0.6285129984219869,0.6487068965517242,0.732215202492274,0.6222222222222222,0.0,0.0,0.0,0.0,0.0,0.0,0.0,0.0,0.0,2002,radio,0.5
3,3,lr1e-04_bs16_modL1_fusion64_fusionL1_drop0p1_trmiss50_trlocradio,16,0.0001,1,64,1,0.1,lr1e-04_bs16_modL1_fusion64_fusionL1_drop0p1_trmiss50_trlocradio,45,0.1910694787899653,0.6276494065920512,0.646551724137931,0.7321776206271848,0.6222222222222222,0.0,0.0,0.0,0.0,0.0,0.0,0.0,0.0,0.0,2002,radio,0.5
3,3,lr1e-04_bs16_modL1_fusion64_fusionL1_drop0p1_trmiss50_trlocradio,16,0.0001,1,64,1,0.1,lr1e-04_bs16_modL1_fusion64_fusionL1_drop0p1_trmiss50_trlocradio,46,0.1822792080541452,0.6279565890630087,0.6530172413793103,0.7343656063668158,0.6222222222222222,0.0,0.0,0.0,0.0,0.0,0.0,0.0,0.0,0.0,2002,radio,0.5
3,3,lr1e-04_bs16_modL1_fusion64_fusionL1_drop0p1_trmiss50_trlocradio,16,0.0001,1,64,1,0.1,lr1e-04_bs16_modL1_fusion64_fusionL1_drop0p1_trmiss50_trlocradio,47,0.185588501393795,0.6165667772293091,0.6616379310344828,0.73907905222176,0.6444444444444445,0.0,0.0,0.0,0.0,0.0,0.0,0.0,0.0,0.0,2002,radio,0.5
3,3,lr1e-04_bs16_modL1_fusion64_fusionL1_drop0p1_trmiss50_trlocradio,16,0.0001,1,64,1,0.1,lr1e-04_bs16_modL1_fusion64_fusionL1_drop0p1_trmiss50_trlocradio,48,0.1971005561451117,0.6102219621340433,0.6637931034482758,0.7453067128851337,0.6444444444444445,0.0,0.0,0.0,0.0,0.0,0.0,0.0,0.0,0.0,2002,radio,0.5
3,3,lr5e-05_bs32_modL1_fusion32_fusionL1_drop0p2_trmiss50_trlocradio,32,5e-05,1,32,1,0.2,lr5e-05_bs32_modL1_fusion32_fusionL1_drop0p2_trmiss50_trlocradio,1,0.6618841489156088,0.6903083622455597,0.4288793103448276,0.5859757696822836,0.6,0.0,0.0,0.0,0.0,0.0,0.0,0.0,0.0,0.0,2002,radio,0.5
3,3,lr5e-05_bs32_modL1_fusion32_fusionL1_drop0p2_trmiss50_trlocradio,32,5e-05,1,32,1,0.2,lr5e-05_bs32_modL1_fusion32_fusionL1_drop0p2_trmiss50_trlocradio,2,0.6567112704118093,0.6898383796215057,0.46336206896551724,0.5990697768529909,0.6666666666666666,0.0,0.0,0.0,0.0,0.0,0.0,0.0,0.0,0.0,2002,radio,0.5
3,3,lr5e-05_bs32_modL1_fusion32_fusionL1_drop0p2_trmiss50_trlocradio,32,5e-05,1,32,1,0.2,lr5e-05_bs32_modL1_fusion32_fusionL1_drop0p2_trmiss50_trlocradio,3,0.6469642619291941,0.6924754977226257,0.4676724137931035,0.6032795136552283,0.6444444444444445,0.0,0.0,0.0,0.0,0.0,0.0,0.0,0.0,0.0,2002,radio,0.5
3,3,lr5e-05_bs32_modL1_fusion32_fusionL1_drop0p2_trmiss50_trlocradio,32,5e-05,1,32,1,0.2,lr5e-05_bs32_modL1_fusion32_fusionL1_drop0p2_trmiss50_trlocradio,4,0.6267563501993815,0.6945361196994781,0.46551724137931033,0.6034966032819473,0.6444444444444445,0.0,0.0,0.0,0.0,0.0,0.0,0.0,0.0,0.0,2002,radio,0.5
3,3,lr5e-05_bs32_modL1_fusion32_fusionL1_drop0p2_trmiss50_trlocradio,32,5e-05,1,32,1,0.2,lr5e-05_bs32_modL1_fusion32_fusionL1_drop0p2_trmiss50_trlocradio,5,0.5973061422506968,0.6951522529125214,0.4719827586206896,0.6067952895487665,0.6222222222222222,0.0,0.0,0.0,0.0,0.0,0.0,0.0,0.0,0.0,2002,radio,0.5
3,3,lr5e-05_bs32_modL1_fusion32_fusionL1_drop0p2_trmiss50_trlocradio,32,5e-05,1,32,1,0.2,lr5e-05_bs32_modL1_fusion32_fusionL1_drop0p2_trmiss50_trlocradio,6,0.6048724353313446,0.6958068907260895,0.46120689655172414,0.6035504361400764,0.6,0.0,0.0,0.0,0.0,0.0,0.0,0.0,0.0,0.0,2002,radio,0.5
3,3,lr5e-05_bs32_modL1_fusion32_fusionL1_drop0p2_trmiss50_trlocradio,32,5e-05,1,32,1,0.2,lr5e-05_bs32_modL1_fusion32_fusionL1_drop0p2_trmiss50_trlocradio,7,0.5664818982283274,0.694499671459198,0.4418103448275862,0.5945831110838472,0.6,0.0,0.0,0.0,0.0,0.0,0.0,0.0,0.0,0.0,2002,radio,0.5
3,3,lr5e-05_bs32_modL1_fusion32_fusionL1_drop0p2_trmiss50_trlocradio,32,5e-05,1,32,1,0.2,lr5e-05_bs32_modL1_fusion32_fusionL1_drop0p2_trmiss50_trlocradio,8,0.582958459854126,0.6947690546512604,0.44396551724137934,0.5974265348475378,0.6,0.0,0.0,0.0,0.0,0.0,0.0,0.0,0.0,0.0,2002,radio,0.5
3,3,lr5e-05_bs32_modL1_fusion32_fusionL1_drop0p2_trmiss50_trlocradio,32,5e-05,1,32,1,0.2,lr5e-05_bs32_modL1_fusion32_fusionL1_drop0p2_trmiss50_trlocradio,9,0.5584340790907542,0.6965164244174957,0.4310344827586208,0.5897095447467395,0.5777777777777777,0.0,0.0,0.0,0.0,0.0,0.0,0.0,0.0,0.0,2002,radio,0.5
3,3,lr5e-05_bs32_modL1_fusion32_fusionL1_drop0p2_trmiss50_trlocradio,32,5e-05,1,32,1,0.2,lr5e-05_bs32_modL1_fusion32_fusionL1_drop0p2_trmiss50_trlocradio,10,0.5574265817801157,0.6967324912548065,0.4267241379310345,0.5869570497021552,0.5777777777777777,0.0,0.0,0.0,0.0,0.0,0.0,0.0,0.0,0.0,2002,radio,0.5
3,3,lr5e-05_bs32_modL1_fusion32_fusionL1_drop0p2_trmiss50_trlocradio,32,5e-05,1,32,1,0.2,lr5e-05_bs32_modL1_fusion32_fusionL1_drop0p2_trmiss50_trlocradio,11,0.5499467253684998,0.6934532523155212,0.4310344827586208,0.591146326355935,0.5777777777777777,0.0,0.0,0.0,0.0,0.0,0.0,0.0,0.0,0.0,2002,radio,0.5
3,3,lr5e-05_bs32_modL1_fusion32_fusionL1_drop0p2_trmiss50_trlocradio,32,5e-05,1,32,1,0.2,lr5e-05_bs32_modL1_fusion32_fusionL1_drop0p2_trmiss50_trlocradio,12,0.5353914846976598,0.6912493407726288,0.4267241379310345,0.5865994045676339,0.6222222222222222,0.0,0.0,0.0,0.0,0.0,0.0,0.0,0.0,0.0,2002,radio,0.5
3,3,lr5e-05_bs32_modL1_fusion32_fusionL1_drop0p2_trmiss50_trlocradio,32,5e-05,1,32,1,0.2,lr5e-05_bs32_modL1_fusion32_fusionL1_drop0p2_trmiss50_trlocradio,13,0.5307443837324778,0.6875231266021729,0.43965517241379315,0.5982105000288406,0.6222222222222222,0.0,0.0,0.0,0.0,0.0,0.0,0.0,0.0,0.0,2002,radio,0.5
3,3,lr5e-05_bs32_modL1_fusion32_fusionL1_drop0p2_trmiss50_trlocradio,32,5e-05,1,32,1,0.2,lr5e-05_bs32_modL1_fusion32_fusionL1_drop0p2_trmiss50_trlocradio,14,0.5277650356292725,0.6839703023433685,0.44396551724137934,0.5993139698863545,0.6444444444444445,0.0,0.0,0.0,0.0,0.0,0.0,0.0,0.0,0.0,2002,radio,0.5
3,3,lr5e-05_bs32_modL1_fusion32_fusionL1_drop0p2_trmiss50_trlocradio,32,5e-05,1,32,1,0.2,lr5e-05_bs32_modL1_fusion32_fusionL1_drop0p2_trmiss50_trlocradio,15,0.5423911213874817,0.6843510568141937,0.4418103448275862,0.5978737002919267,0.6444444444444445,0.0,0.0,0.0,0.0,0.0,0.0,0.0,0.0,0.0,2002,radio,0.5
3,3,lr5e-05_bs32_modL1_fusion32_fusionL1_drop0p2_trmiss50_trlocradio,32,5e-05,1,32,1,0.2,lr5e-05_bs32_modL1_fusion32_fusionL1_drop0p2_trmiss50_trlocradio,16,0.5439558029174805,0.682435542345047,0.4461206896551724,0.6172481485401733,0.6444444444444445,0.0,0.0,0.0,0.0,0.0,0.0,0.0,0.0,0.0,2002,radio,0.5
3,3,lr5e-05_bs32_modL1_fusion32_fusionL1_drop0p2_trmiss50_trlocradio,32,5e-05,1,32,1,0.2,lr5e-05_bs32_modL1_fusion32_fusionL1_drop0p2_trmiss50_trlocradio,17,0.5303598890701929,0.6826172769069672,0.44396551724137934,0.6200071657249414,0.6222222222222222,0.0,0.0,0.0,0.0,0.0,0.0,0.0,0.0,0.0,2002,radio,0.5
3,3,lr5e-05_bs32_modL1_fusion32_fusionL1_drop0p2_trmiss50_trlocradio,32,5e-05,1,32,1,0.2,lr5e-05_bs32_modL1_fusion32_fusionL1_drop0p2_trmiss50_trlocradio,18,0.5490505695343018,0.68059441447258,0.4375,0.6158803705349419,0.6444444444444445,0.0,0.0,0.0,0.0,0.0,0.0,0.0,0.0,0.0,2002,radio,0.5
3,3,lr5e-05_bs32_modL1_fusion32_fusionL1_drop0p2_trmiss50_trlocradio,32,5e-05,1,32,1,0.2,lr5e-05_bs32_modL1_fusion32_fusionL1_drop0p2_trmiss50_trlocradio,19,0.5090779910484949,0.6799849569797516,0.4353448275862069,0.6166052038744452,0.6444444444444445,0.0,0.0,0.0,0.0,0.0,0.0,0.0,0.0,0.0,2002,radio,0.5
3,3,lr5e-05_bs32_modL1_fusion32_fusionL1_drop0p2_trmiss50_trlocradio,32,5e-05,1,32,1,0.2,lr5e-05_bs32_modL1_fusion32_fusionL1_drop0p2_trmiss50_trlocradio,20,0.5043953607479731,0.6798447668552399,0.42887931034482757,0.6128752061282202,0.6444444444444445,0.0,0.0,0.0,0.0,0.0,0.0,0.0,0.0,0.0,2002,radio,0.5
3,3,lr5e-05_bs32_modL1_fusion32_fusionL1_drop0p2_trmiss50_trlocradio,32,5e-05,1,32,1,0.2,lr5e-05_bs32_modL1_fusion32_fusionL1_drop0p2_trmiss50_trlocradio,21,0.5178670187791189,0.679363489151001,0.4353448275862069,0.6163426365999201,0.6444444444444445,0.0,0.0,0.0,0.0,0.0,0.0,0.0,0.0,0.0,2002,radio,0.5
3,3,lr5e-05_bs32_modL1_fusion32_fusionL1_drop0p2_trmiss50_trlocradio,32,5e-05,1,32,1,0.2,lr5e-05_bs32_modL1_fusion32_fusionL1_drop0p2_trmiss50_trlocradio,22,0.5043400526046753,0.6795265674591064,0.43965517241379315,0.6194682667672926,0.6444444444444445,0.0,0.0,0.0,0.0,0.0,0.0,0.0,0.0,0.0,2002,radio,0.5
3,3,lr5e-05_bs32_modL1_fusion32_fusionL1_drop0p2_trmiss50_trlocradio,32,5e-05,1,32,1,0.2,lr5e-05_bs32_modL1_fusion32_fusionL1_drop0p2_trmiss50_trlocradio,23,0.5054899404446284,0.6786726713180542,0.4396551724137931,0.6187322312762662,0.6444444444444445,0.0,0.0,0.0,0.0,0.0,0.0,0.0,0.0,0.0,2002,radio,0.5
3,3,lr5e-05_bs32_modL1_fusion32_fusionL1_drop0p2_trmiss50_trlocradio,32,5e-05,1,32,1,0.2,lr5e-05_bs32_modL1_fusion32_fusionL1_drop0p2_trmiss50_trlocradio,24,0.5134606709082922,0.679101437330246,0.4353448275862069,0.6170495590493297,0.6444444444444445,0.0,0.0,0.0,0.0,0.0,0.0,0.0,0.0,0.0,2002,radio,0.5
3,3,lr5e-05_bs32_modL1_fusion32_fusionL1_drop0p2_trmiss50_trlocradio,32,5e-05,1,32,1,0.2,lr5e-05_bs32_modL1_fusion32_fusionL1_drop0p2_trmiss50_trlocradio,25,0.49968550105889636,0.6780813038349152,0.4375,0.6174679211295908,0.6444444444444445,0.0,0.0,0.0,0.0,0.0,0.0,0.0,0.0,0.0,2002,radio,0.5
3,3,lr5e-05_bs32_modL1_fusion32_fusionL1_drop0p1_trmiss50_trlocradio,32,5e-05,1,32,1,0.1,lr5e-05_bs32_modL1_fusion32_fusionL1_drop0p1_trmiss50_trlocradio,1,0.6937960584958395,0.683808833360672,0.6293103448275863,0.7652088763432471,0.6222222222222222,0.0,0.0,0.0,0.0,0.0,0.0,0.0,0.0,0.0,2002,radio,0.5
3,3,lr5e-05_bs32_modL1_fusion32_fusionL1_drop0p1_trmiss50_trlocradio,32,5e-05,1,32,1,0.1,lr5e-05_bs32_modL1_fusion32_fusionL1_drop0p1_trmiss50_trlocradio,2,0.6775635778903961,0.6771787703037262,0.6616379310344828,0.7978115339752243,0.6222222222222222,0.0,0.0,0.0,0.0,0.0,0.0,0.0,0.0,0.0,2002,radio,0.5
3,3,lr5e-05_bs32_modL1_fusion32_fusionL1_drop0p1_trmiss50_trlocradio,32,5e-05,1,32,1,0.1,lr5e-05_bs32_modL1_fusion32_fusionL1_drop0p1_trmiss50_trlocradio,3,0.6456904510656992,0.6712802648544312,0.6896551724137931,0.8166683514107982,0.6,0.0,0.0,0.0,0.0,0.0,0.0,0.0,0.0,0.0,2002,radio,0.5
3,3,lr5e-05_bs32_modL1_fusion32_fusionL1_drop0p1_trmiss50_trlocradio,32,5e-05,1,32,1,0.1,lr5e-05_bs32_modL1_fusion32_fusionL1_drop0p1_trmiss50_trlocradio,4,0.6363519132137299,0.6682546138763428,0.6810344827586208,0.806666853202184,0.6,0.0,0.0,0.0,0.0,0.0,0.0,0.0,0.0,0.0,2002,radio,0.5
3,3,lr5e-05_bs32_modL1_fusion32_fusionL1_drop0p1_trmiss50_trlocradio,32,5e-05,1,32,1,0.1,lr5e-05_bs32_modL1_fusion32_fusionL1_drop0p1_trmiss50_trlocradio,5,0.6103821396827698,0.6643345355987549,0.6702586206896552,0.8033268404839564,0.6,0.0,0.0,0.0,0.0,0.0,0.0,0.0,0.0,0.0,2002,radio,0.5
3,3,lr5e-05_bs32_modL1_fusion32_fusionL1_drop0p1_trmiss50_trlocradio,32,5e-05,1,32,1,0.1,lr5e-05_bs32_modL1_fusion32_fusionL1_drop0p1_trmiss50_trlocradio,6,0.593521257241567,0.6621935069561005,0.6573275862068966,0.7969421401980131,0.6222222222222222,0.0,0.0,0.0,0.0,0.0,0.0,0.0,0.0,0.0,2002,radio,0.5
3,3,lr5e-05_bs32_modL1_fusion32_fusionL1_drop0p1_trmiss50_trlocradio,32,5e-05,1,32,1,0.1,lr5e-05_bs32_modL1_fusion32_fusionL1_drop0p1_trmiss50_trlocradio,7,0.6010145246982574,0.6586102545261383,0.6788793103448276,0.811837650241033,0.6444444444444445,0.0,0.0,0.0,0.0,0.0,0.0,0.0,0.0,0.0,2002,radio,0.5
3,3,lr5e-05_bs32_modL1_fusion32_fusionL1_drop0p1_trmiss50_trlocradio,32,5e-05,1,32,1,0.1,lr5e-05_bs32_modL1_fusion32_fusionL1_drop0p1_trmiss50_trlocradio,8,0.5776427487532297,0.6566177904605865,0.6702586206896552,0.8064651021521422,0.6444444444444445,0.0,0.0,0.0,0.0,0.0,0.0,0.0,0.0,0.0,2002,radio,0.5
3,3,lr5e-05_bs32_modL1_fusion32_fusionL1_drop0p1_trmiss50_trlocradio,32,5e-05,1,32,1,0.1,lr5e-05_bs32_modL1_fusion32_fusionL1_drop0p1_trmiss50_trlocradio,9,0.55993123849233,0.657353013753891,0.6745689655172414,0.8091919996529685,0.6222222222222222,0.0,0.0,0.0,0.0,0.0,0.0,0.0,0.0,0.0,2002,radio,0.5
3,3,lr5e-05_bs32_modL1_fusion32_fusionL1_drop0p1_trmiss50_trlocradio,32,5e-05,1,32,1,0.1,lr5e-05_bs32_modL1_fusion32_fusionL1_drop0p1_trmiss50_trlocradio,10,0.5638975699742635,0.6578179895877838,0.6810344827586206,0.8125169249934397,0.5777777777777777,0.0,0.0,0.0,0.0,0.0,0.0,0.0,0.0,0.0,2002,radio,0.5
3,3,lr5e-05_bs32_modL1_fusion32_fusionL1_drop0p1_trmiss50_trlocradio,32,5e-05,1,32,1,0.1,lr5e-05_bs32_modL1_fusion32_fusionL1_drop0p1_trmiss50_trlocradio,11,0.54261581103007,0.6587739884853363,0.6724137931034483,0.8093476717135415,0.6,0.0,0.0,0.0,0.0,0.0,0.0,0.0,0.0,0.0,2002,radio,0.5
3,3,lr5e-05_bs32_modL1_fusion32_fusionL1_drop0p1_trmiss50_trlocradio,32,5e-05,1,32,1,0.1,lr5e-05_bs32_modL1_fusion32_fusionL1_drop0p1_trmiss50_trlocradio,12,0.5455664992332458,0.6552650332450867,0.6745689655172413,0.8108627831357735,0.6,0.0,0.0,0.0,0.0,0.0,0.0,0.0,0.0,0.0,2002,radio,0.5
3,3,lr5e-05_bs32_modL1_fusion32_fusionL1_drop0p1_trmiss50_trlocradio,32,5e-05,1,32,1,0.1,lr5e-05_bs32_modL1_fusion32_fusionL1_drop0p1_trmiss50_trlocradio,13,0.5279187560081482,0.6543176174163818,0.6831896551724138,0.8152627934972726,0.6222222222222222,0.0,0.0,0.0,0.0,0.0,0.0,0.0,0.0,0.0,2002,radio,0.5
3,3,lr5e-05_bs32_modL1_fusion32_fusionL1_drop0p1_trmiss50_trlocradio,32,5e-05,1,32,1,0.1,lr5e-05_bs32_modL1_fusion32_fusionL1_drop0p1_trmiss50_trlocradio,14,0.5235053499539694,0.6546748280525208,0.6810344827586207,0.8144715213821595,0.6222222222222222,0.0,0.0,0.0,0.0,0.0,0.0,0.0,0.0,0.0,2002,radio,0.5
3,3,lr5e-05_bs32_modL1_fusion32_fusionL1_drop0p1_trmiss50_trlocradio,32,5e-05,1,32,1,0.1,lr5e-05_bs32_modL1_fusion32_fusionL1_drop0p1_trmiss50_trlocradio,15,0.524638960758845,0.6540505886077881,0.6767241379310345,0.8137789016839893,0.6222222222222222,0.0,0.0,0.0,0.0,0.0,0.0,0.0,0.0,0.0,2002,radio,0.5
3,3,lr5e-05_bs32_modL1_fusion32_fusionL1_drop0p1_trmiss50_trlocradio,32,5e-05,1,32,1,0.1,lr5e-05_bs32_modL1_fusion32_fusionL1_drop0p1_trmiss50_trlocradio,16,0.5045347263415655,0.652680367231369,0.6724137931034483,0.8130816617603038,0.6,0.0,0.0,0.0,0.0,0.0,0.0,0.0,0.0,0.0,2002,radio,0.5
3,3,lr5e-05_bs32_modL1_fusion32_fusionL1_drop0p1_trmiss50_trlocradio,32,5e-05,1,32,1,0.1,lr5e-05_bs32_modL1_fusion32_fusionL1_drop0p1_trmiss50_trlocradio,17,0.501280610760053,0.6543780565261841,0.6637931034482758,0.8082417593571227,0.6222222222222222,0.0,0.0,0.0,0.0,0.0,0.0,0.0,0.0,0.0,2002,radio,0.5
3,3,lr5e-05_bs32_modL1_fusion32_fusionL1_drop0p1_trmiss50_trlocradio,32,5e-05,1,32,1,0.1,lr5e-05_bs32_modL1_fusion32_fusionL1_drop0p1_trmiss50_trlocradio,18,0.4860657850901286,0.6529162228107452,0.6788793103448275,0.8134478692427968,0.6222222222222222,0.0,0.0,0.0,0.0,0.0,0.0,0.0,0.0,0.0,2002,radio,0.5
3,3,lr5e-05_bs32_modL1_fusion32_fusionL1_drop0p1_trmiss50_trlocradio,32,5e-05,1,32,1,0.1,lr5e-05_bs32_modL1_fusion32_fusionL1_drop0p1_trmiss50_trlocradio,19,0.4810520311196645,0.6548625826835632,0.6724137931034483,0.8043351607089732,0.6222222222222222,0.0,0.0,0.0,0.0,0.0,0.0,0.0,0.0,0.0,2002,radio,0.5
3,3,lr5e-05_bs32_modL1_fusion32_fusionL1_drop0p1_trmiss50_trlocradio,32,5e-05,1,32,1,0.1,lr5e-05_bs32_modL1_fusion32_fusionL1_drop0p1_trmiss50_trlocradio,20,0.480081707239151,0.6532505452632904,0.6853448275862069,0.8199172295005202,0.6,0.0,0.0,0.0,0.0,0.0,0.0,0.0,0.0,0.0,2002,radio,0.5
3,3,lr5e-05_bs32_modL1_fusion32_fusionL1_drop0p1_trmiss50_trlocradio,32,5e-05,1,32,1,0.1,lr5e-05_bs32_modL1_fusion32_fusionL1_drop0p1_trmiss50_trlocradio,21,0.4733227690060933,0.6521507203578949,0.6788793103448275,0.8142530573490034,0.6444444444444445,0.0,0.0,0.0,0.0,0.0,0.0,0.0,0.0,0.0,2002,radio,0.5
3,3,lr5e-05_bs32_modL1_fusion32_fusionL1_drop0p1_trmiss50_trlocradio,32,5e-05,1,32,1,0.1,lr5e-05_bs32_modL1_fusion32_fusionL1_drop0p1_trmiss50_trlocradio,22,0.4714001566171646,0.6527723968029022,0.6702586206896551,0.8141696008744956,0.6,0.0,0.0,0.0,0.0,0.0,0.0,0.0,0.0,0.0,2002,radio,0.5
3,3,lr5e-05_bs32_modL1_fusion32_fusionL1_drop0p1_trmiss50_trlocradio,32,5e-05,1,32,1,0.1,lr5e-05_bs32_modL1_fusion32_fusionL1_drop0p1_trmiss50_trlocradio,23,0.45740821460882825,0.6554157435894012,0.6573275862068966,0.8022760473025237,0.5777777777777777,0.0,0.0,0.0,0.0,0.0,0.0,0.0,0.0,0.0,2002,radio,0.5
3,3,lr5e-05_bs32_modL1_fusion32_fusionL1_drop0p1_trmiss50_trlocradio,32,5e-05,1,32,1,0.1,lr5e-05_bs32_modL1_fusion32_fusionL1_drop0p1_trmiss50_trlocradio,24,0.4473298341035843,0.652584969997406,0.6508620689655172,0.7913746492188518,0.6222222222222222,0.0,0.0,0.0,0.0,0.0,0.0,0.0,0.0,0.0,2002,radio,0.5
3,3,lr5e-05_bs32_modL1_fusion32_fusionL1_drop0p1_trmiss50_trlocradio,32,5e-05,1,32,1,0.1,lr5e-05_bs32_modL1_fusion32_fusionL1_drop0p1_trmiss50_trlocradio,25,0.4442976514498393,0.6545393466949463,0.6379310344827586,0.780818436531208,0.6222222222222222,0.0,0.0,0.0,0.0,0.0,0.0,0.0,0.0,0.0,2002,radio,0.5
3,3,lr5e-05_bs32_modL1_fusion32_fusionL1_drop0p1_trmiss50_trlocradio,32,5e-05,1,32,1,0.1,lr5e-05_bs32_modL1_fusion32_fusionL1_drop0p1_trmiss50_trlocradio,26,0.4386574625968933,0.6528026461601257,0.6422413793103448,0.7915808988535835,0.6222222222222222,0.0,0.0,0.0,0.0,0.0,0.0,0.0,0.0,0.0,2002,radio,0.5
3,3,lr5e-05_bs32_modL1_fusion32_fusionL1_drop0p1_trmiss50_trlocradio,32,5e-05,1,32,1,0.1,lr5e-05_bs32_modL1_fusion32_fusionL1_drop0p1_trmiss50_trlocradio,27,0.4336423873901367,0.6504270434379578,0.6573275862068966,0.8042880230454537,0.6,0.0,0.0,0.0,0.0,0.0,0.0,0.0,0.0,0.0,2002,radio,0.5
3,3,lr5e-05_bs32_modL1_fusion32_fusionL1_drop0p1_trmiss50_trlocradio,32,5e-05,1,32,1,0.1,lr5e-05_bs32_modL1_fusion32_fusionL1_drop0p1_trmiss50_trlocradio,28,0.4391753027836482,0.6468341648578644,0.665948275862069,0.8133153453525594,0.6,0.0,0.0,0.0,0.0,0.0,0.0,0.0,0.0,0.0,2002,radio,0.5
3,3,lr5e-05_bs32_modL1_fusion32_fusionL1_drop0p1_trmiss50_trlocradio,32,5e-05,1,32,1,0.1,lr5e-05_bs32_modL1_fusion32_fusionL1_drop0p1_trmiss50_trlocradio,29,0.4413669953743617,0.6469424068927765,0.665948275862069,0.8101614822894736,0.6222222222222222,0.0,0.0,0.0,0.0,0.0,0.0,0.0,0.0,0.0,2002,radio,0.5
3,3,lr5e-05_bs32_modL1_fusion32_fusionL1_drop0p1_trmiss50_trlocradio,32,5e-05,1,32,1,0.1,lr5e-05_bs32_modL1_fusion32_fusionL1_drop0p1_trmiss50_trlocradio,30,0.4231513241926829,0.6489984393119812,0.6530172413793103,0.7995357981058316,0.6,0.0,0.0,0.0,0.0,0.0,0.0,0.0,0.0,0.0,2002,radio,0.5
3,3,lr5e-05_bs32_modL1_fusion32_fusionL1_drop0p1_trmiss50_trlocradio,32,5e-05,1,32,1,0.1,lr5e-05_bs32_modL1_fusion32_fusionL1_drop0p1_trmiss50_trlocradio,31,0.4150310456752777,0.6490854918956757,0.6551724137931034,0.7996906558215785,0.6,0.0,0.0,0.0,0.0,0.0,0.0,0.0,0.0,0.0,2002,radio,0.5
3,3,lr5e-05_bs32_modL1_fusion32_fusionL1_drop0p1_trmiss50_trlocradio,32,5e-05,1,32,1,0.1,lr5e-05_bs32_modL1_fusion32_fusionL1_drop0p1_trmiss50_trlocradio,32,0.4105479568243027,0.6487689018249512,0.6508620689655172,0.7913187791079196,0.5777777777777777,0.0,0.0,0.0,0.0,0.0,0.0,0.0,0.0,0.0,2002,radio,0.5
3,3,lr5e-05_bs32_modL1_fusion32_fusionL1_drop0p1_trmiss50_trlocradio,32,5e-05,1,32,1,0.1,lr5e-05_bs32_modL1_fusion32_fusionL1_drop0p1_trmiss50_trlocradio,33,0.4035535901784897,0.6462956070899963,0.6616379310344827,0.7948169950757095,0.5555555555555556,0.0,0.0,0.0,0.0,0.0,0.0,0.0,0.0,0.0,2002,radio,0.5
3,3,lr5e-05_bs32_modL1_fusion32_fusionL1_drop0p1_trmiss50_trlocradio,32,5e-05,1,32,1,0.1,lr5e-05_bs32_modL1_fusion32_fusionL1_drop0p1_trmiss50_trlocradio,34,0.4088943501313527,0.6426065266132355,0.668103448275862,0.7982096617342743,0.6,0.0,0.0,0.0,0.0,0.0,0.0,0.0,0.0,0.0,2002,radio,0.5
3,3,lr5e-05_bs32_modL1_fusion32_fusionL1_drop0p1_trmiss50_trlocradio,32,5e-05,1,32,1,0.1,lr5e-05_bs32_modL1_fusion32_fusionL1_drop0p1_trmiss50_trlocradio,35,0.4073658486207326,0.6388242244720459,0.665948275862069,0.7963785845800769,0.6,0.0,0.0,0.0,0.0,0.0,0.0,0.0,0.0,0.0,2002,radio,0.5
3,3,lr5e-05_bs32_modL1_fusion32_fusionL1_drop0p1_trmiss50_trlocradio,32,5e-05,1,32,1,0.1,lr5e-05_bs32_modL1_fusion32_fusionL1_drop0p1_trmiss50_trlocradio,36,0.401328444480896,0.6395562589168549,0.6573275862068966,0.8001840132846318,0.6,0.0,0.0,0.0,0.0,0.0,0.0,0.0,0.0,0.0,2002,radio,0.5
3,3,lr5e-05_bs32_modL1_fusion32_fusionL1_drop0p1_trmiss50_trlocradio,32,5e-05,1,32,1,0.1,lr5e-05_bs32_modL1_fusion32_fusionL1_drop0p1_trmiss50_trlocradio,37,0.39272234837214154,0.6433025002479553,0.6379310344827586,0.7855261495692295,0.6,0.0,0.0,0.0,0.0,0.0,0.0,0.0,0.0,0.0,2002,radio,0.5
3,3,lr5e-05_bs32_modL1_fusion32_fusionL1_drop0p1_trmiss50_trlocradio,32,5e-05,1,32,1,0.1,lr5e-05_bs32_modL1_fusion32_fusionL1_drop0p1_trmiss50_trlocradio,38,0.3889660487572352,0.6431344747543335,0.622844827586207,0.7737788728362954,0.6,0.0,0.0,0.0,0.0,0.0,0.0,0.0,0.0,0.0,2002,radio,0.5
3,3,lr5e-05_bs32_modL1_fusion32_fusionL1_drop0p1_trmiss50_trlocradio,32,5e-05,1,32,1,0.1,lr5e-05_bs32_modL1_fusion32_fusionL1_drop0p1_trmiss50_trlocradio,39,0.38679831226666767,0.6421025097370148,0.6206896551724137,0.7737270885700628,0.6,0.0,0.0,0.0,0.0,0.0,0.0,0.0,0.0,0.0,2002,radio,0.5
3,3,lr5e-05_bs32_modL1_fusion32_fusionL1_drop0p1_trmiss50_trlocradio,32,5e-05,1,32,1,0.1,lr5e-05_bs32_modL1_fusion32_fusionL1_drop0p1_trmiss50_trlocradio,40,0.3873825321594874,0.6439841091632843,0.6293103448275862,0.7769814697972995,0.6,0.0,0.0,0.0,0.0,0.0,0.0,0.0,0.0,0.0,2002,radio,0.5
3,3,lr5e-05_bs32_modL1_fusion64_fusionL1_drop0p2_trmiss50_trlocradio,32,5e-05,1,64,1,0.2,lr5e-05_bs32_modL1_fusion64_fusionL1_drop0p2_trmiss50_trlocradio,1,0.6923060814539591,0.6808495223522186,0.6465517241379309,0.7689762216325627,0.4888888888888889,0.0,0.0,0.0,0.0,0.0,0.0,0.0,0.0,0.0,2002,radio,0.5
3,3,lr5e-05_bs32_modL1_fusion64_fusionL1_drop0p2_trmiss50_trlocradio,32,5e-05,1,64,1,0.2,lr5e-05_bs32_modL1_fusion64_fusionL1_drop0p2_trmiss50_trlocradio,2,0.6711475749810537,0.6794846951961517,0.6530172413793103,0.7907999258647784,0.5111111111111111,0.0,0.0,0.0,0.0,0.0,0.0,0.0,0.0,0.0,2002,radio,0.5
3,3,lr5e-05_bs32_modL1_fusion64_fusionL1_drop0p2_trmiss50_trlocradio,32,5e-05,1,64,1,0.2,lr5e-05_bs32_modL1_fusion64_fusionL1_drop0p2_trmiss50_trlocradio,3,0.6563248634338379,0.6762725412845612,0.6551724137931035,0.7981352767286318,0.5333333333333333,0.0,0.0,0.0,0.0,0.0,0.0,0.0,0.0,0.0,2002,radio,0.5
3,3,lr5e-05_bs32_modL1_fusion64_fusionL1_drop0p2_trmiss50_trlocradio,32,5e-05,1,64,1,0.2,lr5e-05_bs32_modL1_fusion64_fusionL1_drop0p2_trmiss50_trlocradio,4,0.6210412283738455,0.6709043383598328,0.6551724137931035,0.7914351886263749,0.5555555555555556,0.0,0.0,0.0,0.0,0.0,0.0,0.0,0.0,0.0,2002,radio,0.5
3,3,lr5e-05_bs32_modL1_fusion64_fusionL1_drop0p2_trmiss50_trlocradio,32,5e-05,1,64,1,0.2,lr5e-05_bs32_modL1_fusion64_fusionL1_drop0p2_trmiss50_trlocradio,5,0.5992573300997416,0.6696909070014954,0.646551724137931,0.7973972812099854,0.5555555555555556,0.0,0.0,0.0,0.0,0.0,0.0,0.0,0.0,0.0,2002,radio,0.5
3,3,lr5e-05_bs32_modL1_fusion64_fusionL1_drop0p2_trmiss50_trlocradio,32,5e-05,1,64,1,0.2,lr5e-05_bs32_modL1_fusion64_fusionL1_drop0p2_trmiss50_trlocradio,6,0.5918151140213013,0.6683567762374878,0.6400862068965517,0.7934578401701267,0.5555555555555556,0.0,0.0,0.0,0.0,0.0,0.0,0.0,0.0,0.0,2002,radio,0.5
3,3,lr5e-05_bs32_modL1_fusion64_fusionL1_drop0p2_trmiss50_trlocradio,32,5e-05,1,64,1,0.2,lr5e-05_bs32_modL1_fusion64_fusionL1_drop0p2_trmiss50_trlocradio,7,0.5822317600250244,0.6743513941764832,0.6379310344827587,0.7938317882114174,0.5111111111111111,0.0,0.0,0.0,0.0,0.0,0.0,0.0,0.0,0.0,2002,radio,0.5
3,3,lr5e-05_bs32_modL1_fusion64_fusionL1_drop0p2_trmiss50_trlocradio,32,5e-05,1,64,1,0.2,lr5e-05_bs32_modL1_fusion64_fusionL1_drop0p2_trmiss50_trlocradio,8,0.559250275293986,0.6744204759597778,0.6357758620689655,0.7901840393070836,0.5111111111111111,0.0,0.0,0.0,0.0,0.0,0.0,0.0,0.0,0.0,2002,radio,0.5
3,3,lr5e-05_bs32_modL1_fusion64_fusionL1_drop0p2_trmiss50_trlocradio,32,5e-05,1,64,1,0.2,lr5e-05_bs32_modL1_fusion64_fusionL1_drop0p2_trmiss50_trlocradio,9,0.5559507111708323,0.6708618104457855,0.6357758620689655,0.7894055032650946,0.5111111111111111,0.0,0.0,0.0,0.0,0.0,0.0,0.0,0.0,0.0,2002,radio,0.5
3,3,lr5e-05_bs32_modL1_fusion64_fusionL1_drop0p2_trmiss50_trlocradio,32,5e-05,1,64,1,0.2,lr5e-05_bs32_modL1_fusion64_fusionL1_drop0p2_trmiss50_trlocradio,10,0.5520274837811788,0.668908417224884,0.6379310344827587,0.7928588672234942,0.5111111111111111,0.0,0.0,0.0,0.0,0.0,0.0,0.0,0.0,0.0,2002,radio,0.5
3,3,lr5e-05_bs32_modL1_fusion64_fusionL1_drop0p2_trmiss50_trlocradio,32,5e-05,1,64,1,0.2,lr5e-05_bs32_modL1_fusion64_fusionL1_drop0p2_trmiss50_trlocradio,11,0.5490383009115855,0.6695940792560577,0.6357758620689654,0.7879100229643051,0.5111111111111111,0.0,0.0,0.0,0.0,0.0,0.0,0.0,0.0,0.0,2002,radio,0.5
3,3,lr5e-05_bs32_modL1_fusion64_fusionL1_drop0p2_trmiss50_trlocradio,32,5e-05,1,64,1,0.2,lr5e-05_bs32_modL1_fusion64_fusionL1_drop0p2_trmiss50_trlocradio,12,0.5385379691918691,0.6713314354419708,0.6163793103448275,0.7709977054522874,0.5111111111111111,0.0,0.0,0.0,0.0,0.0,0.0,0.0,0.0,0.0,2002,radio,0.5
3,3,lr5e-05_bs32_modL1_fusion64_fusionL1_drop0p2_trmiss50_trlocradio,32,5e-05,1,64,1,0.2,lr5e-05_bs32_modL1_fusion64_fusionL1_drop0p2_trmiss50_trlocradio,13,0.5256606489419937,0.6682126820087433,0.6077586206896551,0.7658734404902944,0.5111111111111111,0.0,0.0,0.0,0.0,0.0,0.0,0.0,0.0,0.0,2002,radio,0.5
3,3,lr5e-05_bs32_modL1_fusion64_fusionL1_drop0p2_trmiss50_trlocradio,32,5e-05,1,64,1,0.2,lr5e-05_bs32_modL1_fusion64_fusionL1_drop0p2_trmiss50_trlocradio,14,0.4986916234095891,0.6683507859706879,0.6185344827586208,0.7705466596770288,0.5111111111111111,0.0,0.0,0.0,0.0,0.0,0.0,0.0,0.0,0.0,2002,radio,0.5
3,3,lr5e-05_bs32_modL1_fusion64_fusionL1_drop0p2_trmiss50_trlocradio,32,5e-05,1,64,1,0.2,lr5e-05_bs32_modL1_fusion64_fusionL1_drop0p2_trmiss50_trlocradio,15,0.5209849178791046,0.6701496839523315,0.6012931034482759,0.7520754024414648,0.5111111111111111,0.0,0.0,0.0,0.0,0.0,0.0,0.0,0.0,0.0,2002,radio,0.5
3,3,lr5e-05_bs32_modL1_fusion64_fusionL1_drop0p2_trmiss50_trlocradio,32,5e-05,1,64,1,0.2,lr5e-05_bs32_modL1_fusion64_fusionL1_drop0p2_trmiss50_trlocradio,16,0.5089872181415558,0.6692152321338654,0.6185344827586207,0.7652481535435701,0.5111111111111111,0.0,0.0,0.0,0.0,0.0,0.0,0.0,0.0,0.0,2002,radio,0.5
3,3,lr5e-05_bs32_modL1_fusion64_fusionL1_drop0p2_trmiss50_trlocradio,32,5e-05,1,64,1,0.2,lr5e-05_bs32_modL1_fusion64_fusionL1_drop0p2_trmiss50_trlocradio,17,0.4953127255042394,0.6652705371379852,0.6271551724137931,0.769787047350698,0.5333333333333333,0.0,0.0,0.0,0.0,0.0,0.0,0.0,0.0,0.0,2002,radio,0.5
3,3,lr5e-05_bs32_modL1_fusion64_fusionL1_drop0p2_trmiss50_trlocradio,32,5e-05,1,64,1,0.2,lr5e-05_bs32_modL1_fusion64_fusionL1_drop0p2_trmiss50_trlocradio,18,0.48396600286165875,0.6624198853969574,0.625,0.7669895390931163,0.5333333333333333,0.0,0.0,0.0,0.0,0.0,0.0,0.0,0.0,0.0,2002,radio,0.5
3,3,lr5e-05_bs32_modL1_fusion64_fusionL1_drop0p2_trmiss50_trlocradio,32,5e-05,1,64,1,0.2,lr5e-05_bs32_modL1_fusion64_fusionL1_drop0p2_trmiss50_trlocradio,19,0.49884336690107983,0.6630831062793732,0.6400862068965517,0.7827960252596429,0.5333333333333333,0.0,0.0,0.0,0.0,0.0,0.0,0.0,0.0,0.0,2002,radio,0.5
3,3,lr5e-05_bs32_modL1_fusion64_fusionL1_drop0p2_trmiss50_trlocradio,32,5e-05,1,64,1,0.2,lr5e-05_bs32_modL1_fusion64_fusionL1_drop0p2_trmiss50_trlocradio,20,0.5023891776800156,0.6645839214324951,0.6379310344827587,0.7742671115893845,0.5333333333333333,0.0,0.0,0.0,0.0,0.0,0.0,0.0,0.0,0.0,2002,radio,0.5
3,3,lr5e-05_bs32_modL1_fusion64_fusionL1_drop0p2_trmiss50_trlocradio,32,5e-05,1,64,1,0.2,lr5e-05_bs32_modL1_fusion64_fusionL1_drop0p2_trmiss50_trlocradio,21,0.4985721955696742,0.6611102819442749,0.6293103448275862,0.7762740191649795,0.5333333333333333,0.0,0.0,0.0,0.0,0.0,0.0,0.0,0.0,0.0,2002,radio,0.5
3,3,lr5e-05_bs32_modL1_fusion64_fusionL1_drop0p2_trmiss50_trlocradio,32,5e-05,1,64,1,0.2,lr5e-05_bs32_modL1_fusion64_fusionL1_drop0p2_trmiss50_trlocradio,22,0.48024848103523254,0.660231202840805,0.6357758620689655,0.7784899819986695,0.5333333333333333,0.0,0.0,0.0,0.0,0.0,0.0,0.0,0.0,0.0,2002,radio,0.5
3,3,lr5e-05_bs32_modL1_fusion64_fusionL1_drop0p2_trmiss50_trlocradio,32,5e-05,1,64,1,0.2,lr5e-05_bs32_modL1_fusion64_fusionL1_drop0p2_trmiss50_trlocradio,23,0.4875950862963994,0.659841388463974,0.6228448275862069,0.7662751707600246,0.5333333333333333,0.0,0.0,0.0,0.0,0.0,0.0,0.0,0.0,0.0,2002,radio,0.5
3,3,lr5e-05_bs32_modL1_fusion64_fusionL1_drop0p2_trmiss50_trlocradio,32,5e-05,1,64,1,0.2,lr5e-05_bs32_modL1_fusion64_fusionL1_drop0p2_trmiss50_trlocradio,24,0.47042853633562726,0.662676990032196,0.6163793103448276,0.75925421438562,0.5333333333333333,0.0,0.0,0.0,0.0,0.0,0.0,0.0,0.0,0.0,2002,radio,0.5
3,3,lr5e-05_bs32_modL1_fusion64_fusionL1_drop0p2_trmiss50_trlocradio,32,5e-05,1,64,1,0.2,lr5e-05_bs32_modL1_fusion64_fusionL1_drop0p2_trmiss50_trlocradio,25,0.4933652877807617,0.6608270406723022,0.6120689655172413,0.7544627733872824,0.5333333333333333,0.0,0.0,0.0,0.0,0.0,0.0,0.0,0.0,0.0,2002,radio,0.5
3,3,lr5e-05_bs32_modL1_fusion64_fusionL1_drop0p1_trmiss50_trlocradio,32,5e-05,1,64,1,0.1,lr5e-05_bs32_modL1_fusion64_fusionL1_drop0p1_trmiss50_trlocradio,1,0.6771948039531708,0.673075258731842,0.5538793103448275,0.7353719857887638,0.5555555555555556,0.0,0.0,0.0,0.0,0.0,0.0,0.0,0.0,0.0,2002,radio,0.5
3,3,lr5e-05_bs32_modL1_fusion64_fusionL1_drop0p1_trmiss50_trlocradio,32,5e-05,1,64,1,0.1,lr5e-05_bs32_modL1_fusion64_fusionL1_drop0p1_trmiss50_trlocradio,2,0.6359570721785227,0.6679010093212128,0.5495689655172413,0.7187519978396856,0.6222222222222222,0.0,0.0,0.0,0.0,0.0,0.0,0.0,0.0,0.0,2002,radio,0.5
3,3,lr5e-05_bs32_modL1_fusion64_fusionL1_drop0p1_trmiss50_trlocradio,32,5e-05,1,64,1,0.1,lr5e-05_bs32_modL1_fusion64_fusionL1_drop0p1_trmiss50_trlocradio,3,0.6291559040546417,0.6605471670627594,0.5732758620689655,0.7277577887763877,0.6222222222222222,0.0,0.0,0.0,0.0,0.0,0.0,0.0,0.0,0.0,2002,radio,0.5
3,3,lr5e-05_bs32_modL1_fusion64_fusionL1_drop0p1_trmiss50_trlocradio,32,5e-05,1,64,1,0.1,lr5e-05_bs32_modL1_fusion64_fusionL1_drop0p1_trmiss50_trlocradio,4,0.6073410709698995,0.6561167538166046,0.5581896551724137,0.7268616696009913,0.6444444444444445,0.0,0.0,0.0,0.0,0.0,0.0,0.0,0.0,0.0,2002,radio,0.5
3,3,lr5e-05_bs32_modL1_fusion64_fusionL1_drop0p1_trmiss50_trlocradio,32,5e-05,1,64,1,0.1,lr5e-05_bs32_modL1_fusion64_fusionL1_drop0p1_trmiss50_trlocradio,5,0.5950765212376913,0.6526771485805511,0.5603448275862069,0.7222146225011844,0.6222222222222222,0.0,0.0,0.0,0.0,0.0,0.0,0.0,0.0,0.0,2002,radio,0.5
3,3,lr5e-05_bs32_modL1_fusion64_fusionL1_drop0p1_trmiss50_trlocradio,32,5e-05,1,64,1,0.1,lr5e-05_bs32_modL1_fusion64_fusionL1_drop0p1_trmiss50_trlocradio,6,0.5767624278863271,0.6489085555076599,0.5711206896551724,0.7331826177412863,0.6,0.0,0.0,0.0,0.0,0.0,0.0,0.0,0.0,0.0,2002,radio,0.5
3,3,lr5e-05_bs32_modL1_fusion64_fusionL1_drop0p1_trmiss50_trlocradio,32,5e-05,1,64,1,0.1,lr5e-05_bs32_modL1_fusion64_fusionL1_drop0p1_trmiss50_trlocradio,7,0.5759489436944326,0.644275426864624,0.5689655172413793,0.7278006733381972,0.6222222222222222,0.0,0.0,0.0,0.0,0.0,0.0,0.0,0.0,0.0,2002,radio,0.5
3,3,lr5e-05_bs32_modL1_fusion64_fusionL1_drop0p1_trmiss50_trlocradio,32,5e-05,1,64,1,0.1,lr5e-05_bs32_modL1_fusion64_fusionL1_drop0p1_trmiss50_trlocradio,8,0.5478808482487997,0.6410280168056488,0.5754310344827587,0.7345421620942985,0.6222222222222222,0.0,0.0,0.0,0.0,0.0,0.0,0.0,0.0,0.0,2002,radio,0.5
3,3,lr5e-05_bs32_modL1_fusion64_fusionL1_drop0p1_trmiss50_trlocradio,32,5e-05,1,64,1,0.1,lr5e-05_bs32_modL1_fusion64_fusionL1_drop0p1_trmiss50_trlocradio,9,0.5534707407156626,0.6384654641151428,0.5711206896551724,0.7313925701678943,0.6222222222222222,0.0,0.0,0.0,0.0,0.0,0.0,0.0,0.0,0.0,2002,radio,0.5
3,3,lr5e-05_bs32_modL1_fusion64_fusionL1_drop0p1_trmiss50_trlocradio,32,5e-05,1,64,1,0.1,lr5e-05_bs32_modL1_fusion64_fusionL1_drop0p1_trmiss50_trlocradio,10,0.5203759570916494,0.6351196765899658,0.5754310344827587,0.7355368796218372,0.6666666666666666,0.0,0.0,0.0,0.0,0.0,0.0,0.0,0.0,0.0,2002,radio,0.5
3,3,lr5e-05_bs32_modL1_fusion64_fusionL1_drop0p1_trmiss50_trlocradio,32,5e-05,1,64,1,0.1,lr5e-05_bs32_modL1_fusion64_fusionL1_drop0p1_trmiss50_trlocradio,11,0.5097072074810663,0.6291005611419678,0.5883620689655172,0.7333796317415457,0.6888888888888889,0.0,0.0,0.0,0.0,0.0,0.0,0.0,0.0,0.0,2002,radio,0.5
3,3,lr5e-05_bs32_modL1_fusion64_fusionL1_drop0p1_trmiss50_trlocradio,32,5e-05,1,64,1,0.1,lr5e-05_bs32_modL1_fusion64_fusionL1_drop0p1_trmiss50_trlocradio,12,0.49030206104119617,0.6246627569198608,0.6142241379310345,0.7444476568365513,0.7111111111111111,0.0,0.0,0.0,0.0,0.0,0.0,0.0,0.0,0.0,2002,radio,0.5
3,3,lr5e-05_bs32_modL1_fusion64_fusionL1_drop0p1_trmiss50_trlocradio,32,5e-05,1,64,1,0.1,lr5e-05_bs32_modL1_fusion64_fusionL1_drop0p1_trmiss50_trlocradio,13,0.49125292400519055,0.6223551034927368,0.6206896551724138,0.7476146635292102,0.7111111111111111,0.0,0.0,0.0,0.0,0.0,0.0,0.0,0.0,0.0,2002,radio,0.5
3,3,lr5e-05_bs32_modL1_fusion64_fusionL1_drop0p1_trmiss50_trlocradio,32,5e-05,1,64,1,0.1,lr5e-05_bs32_modL1_fusion64_fusionL1_drop0p1_trmiss50_trlocradio,14,0.47381580372651416,0.6215132772922516,0.6293103448275863,0.7555318093507011,0.6666666666666666,0.0,0.0,0.0,0.0,0.0,0.0,0.0,0.0,0.0,2002,radio,0.5
3,3,lr5e-05_bs32_modL1_fusion64_fusionL1_drop0p1_trmiss50_trlocradio,32,5e-05,1,64,1,0.1,lr5e-05_bs32_modL1_fusion64_fusionL1_drop0p1_trmiss50_trlocradio,15,0.47444624205430347,0.6207863986492157,0.6336206896551725,0.7585277664755149,0.6888888888888889,0.0,0.0,0.0,0.0,0.0,0.0,0.0,0.0,0.0,2002,radio,0.5
3,3,lr5e-05_bs32_modL1_fusion64_fusionL1_drop0p1_trmiss50_trlocradio,32,5e-05,1,64,1,0.1,lr5e-05_bs32_modL1_fusion64_fusionL1_drop0p1_trmiss50_trlocradio,16,0.4740296353896459,0.621282696723938,0.6487068965517242,0.7681126872723666,0.6888888888888889,0.0,0.0,0.0,0.0,0.0,0.0,0.0,0.0,0.0,2002,radio,0.5
3,3,lr5e-05_bs32_modL1_fusion64_fusionL1_drop0p1_trmiss50_trlocradio,32,5e-05,1,64,1,0.1,lr5e-05_bs32_modL1_fusion64_fusionL1_drop0p1_trmiss50_trlocradio,17,0.45333218077818555,0.6182377636432648,0.6530172413793104,0.7711671947437098,0.7111111111111111,0.0,0.0,0.0,0.0,0.0,0.0,0.0,0.0,0.0,2002,radio,0.5
3,3,lr5e-05_bs32_modL1_fusion64_fusionL1_drop0p1_trmiss50_trlocradio,32,5e-05,1,64,1,0.1,lr5e-05_bs32_modL1_fusion64_fusionL1_drop0p1_trmiss50_trlocradio,18,0.43826545278231305,0.6174316108226776,0.6573275862068966,0.774809090373435,0.7111111111111111,0.0,0.0,0.0,0.0,0.0,0.0,0.0,0.0,0.0,2002,radio,0.5
3,3,lr5e-05_bs32_modL1_fusion64_fusionL1_drop0p1_trmiss50_trlocradio,32,5e-05,1,64,1,0.1,lr5e-05_bs32_modL1_fusion64_fusionL1_drop0p1_trmiss50_trlocradio,19,0.4451590031385422,0.6143471002578735,0.6508620689655172,0.7683188564694079,0.6888888888888889,0.0,0.0,0.0,0.0,0.0,0.0,0.0,0.0,0.0,2002,radio,0.5
3,3,lr5e-05_bs32_modL1_fusion64_fusionL1_drop0p1_trmiss50_trlocradio,32,5e-05,1,64,1,0.1,lr5e-05_bs32_modL1_fusion64_fusionL1_drop0p1_trmiss50_trlocradio,20,0.44920362035433453,0.6157284677028656,0.6573275862068966,0.7709840660311693,0.6888888888888889,0.0,0.0,0.0,0.0,0.0,0.0,0.0,0.0,0.0,2002,radio,0.5
3,3,lr5e-05_bs32_modL1_fusion64_fusionL1_drop0p1_trmiss50_trlocradio,32,5e-05,1,64,1,0.1,lr5e-05_bs32_modL1_fusion64_fusionL1_drop0p1_trmiss50_trlocradio,21,0.43050210177898407,0.6142610013484955,0.6487068965517241,0.7611038780897025,0.7111111111111111,0.0,0.0,0.0,0.0,0.0,0.0,0.0,0.0,0.0,2002,radio,0.5
3,3,lr5e-05_bs32_modL1_fusion64_fusionL1_drop0p1_trmiss50_trlocradio,32,5e-05,1,64,1,0.1,lr5e-05_bs32_modL1_fusion64_fusionL1_drop0p1_trmiss50_trlocradio,22,0.42635177075862885,0.61281618475914,0.6508620689655172,0.768524969131483,0.7111111111111111,0.0,0.0,0.0,0.0,0.0,0.0,0.0,0.0,0.0,2002,radio,0.5
3,3,lr5e-05_bs32_modL1_fusion64_fusionL1_drop0p1_trmiss50_trlocradio,32,5e-05,1,64,1,0.1,lr5e-05_bs32_modL1_fusion64_fusionL1_drop0p1_trmiss50_trlocradio,23,0.41527652243773144,0.6109060943126678,0.6616379310344828,0.7644593724102438,0.7333333333333333,0.0,0.0,0.0,0.0,0.0,0.0,0.0,0.0,0.0,2002,radio,0.5
3,3,lr5e-05_bs32_modL1_fusion64_fusionL1_drop0p1_trmiss50_trlocradio,32,5e-05,1,64,1,0.1,lr5e-05_bs32_modL1_fusion64_fusionL1_drop0p1_trmiss50_trlocradio,24,0.4021074225505193,0.6081790030002594,0.6637931034482758,0.7648992698664202,0.6888888888888889,0.0,0.0,0.0,0.0,0.0,0.0,0.0,0.0,0.0,2002,radio,0.5
3,3,lr5e-05_bs32_modL1_fusion64_fusionL1_drop0p1_trmiss50_trlocradio,32,5e-05,1,64,1,0.1,lr5e-05_bs32_modL1_fusion64_fusionL1_drop0p1_trmiss50_trlocradio,25,0.41066644589106244,0.6047774255275726,0.6702586206896552,0.7703020265435397,0.6666666666666666,0.0,0.0,0.0,0.0,0.0,0.0,0.0,0.0,0.0,2002,radio,0.5
3,3,lr5e-05_bs32_modL1_fusion64_fusionL1_drop0p1_trmiss50_trlocradio,32,5e-05,1,64,1,0.1,lr5e-05_bs32_modL1_fusion64_fusionL1_drop0p1_trmiss50_trlocradio,26,0.3931292196114858,0.6052411198616028,0.6724137931034483,0.77199353426953,0.6666666666666666,0.0,0.0,0.0,0.0,0.0,0.0,0.0,0.0,0.0,2002,radio,0.5
3,3,lr5e-05_bs32_modL1_fusion64_fusionL1_drop0p1_trmiss50_trlocradio,32,5e-05,1,64,1,0.1,lr5e-05_bs32_modL1_fusion64_fusionL1_drop0p1_trmiss50_trlocradio,27,0.39108749230702716,0.6016364991664886,0.6831896551724137,0.7841713027560586,0.6666666666666666,0.0,0.0,0.0,0.0,0.0,0.0,0.0,0.0,0.0,2002,radio,0.5
3,3,lr5e-05_bs32_modL1_fusion64_fusionL1_drop0p1_trmiss50_trlocradio,32,5e-05,1,64,1,0.1,lr5e-05_bs32_modL1_fusion64_fusionL1_drop0p1_trmiss50_trlocradio,28,0.37955426176389057,0.6019546985626221,0.6788793103448276,0.7834227853110557,0.6666666666666666,0.0,0.0,0.0,0.0,0.0,0.0,0.0,0.0,0.0,2002,radio,0.5
3,3,lr5e-05_bs32_modL1_fusion64_fusionL1_drop0p1_trmiss50_trlocradio,32,5e-05,1,64,1,0.1,lr5e-05_bs32_modL1_fusion64_fusionL1_drop0p1_trmiss50_trlocradio,29,0.3783152202765147,0.6007518172264099,0.6939655172413793,0.8002479035235035,0.6888888888888889,0.0,0.0,0.0,0.0,0.0,0.0,0.0,0.0,0.0,2002,radio,0.5
3,3,lr5e-05_bs32_modL1_fusion64_fusionL1_drop0p1_trmiss50_trlocradio,32,5e-05,1,64,1,0.1,lr5e-05_bs32_modL1_fusion64_fusionL1_drop0p1_trmiss50_trlocradio,30,0.3691008637348811,0.6038691401481628,0.6767241379310345,0.7876815025123545,0.6888888888888889,0.0,0.0,0.0,0.0,0.0,0.0,0.0,0.0,0.0,2002,radio,0.5
3,3,lr5e-05_bs32_modL1_fusion64_fusionL1_drop0p1_trmiss50_trlocradio,32,5e-05,1,64,1,0.1,lr5e-05_bs32_modL1_fusion64_fusionL1_drop0p1_trmiss50_trlocradio,31,0.37428971628348034,0.6043810546398163,0.6745689655172414,0.7786681105216705,0.6444444444444445,0.0,0.0,0.0,0.0,0.0,0.0,0.0,0.0,0.0,2002,radio,0.5
3,3,lr5e-05_bs32_modL1_fusion64_fusionL1_drop0p1_trmiss50_trlocradio,32,5e-05,1,64,1,0.1,lr5e-05_bs32_modL1_fusion64_fusionL1_drop0p1_trmiss50_trlocradio,32,0.3761579344669978,0.59947669506073,0.6961206896551724,0.7949512916961121,0.6666666666666666,0.0,0.0,0.0,0.0,0.0,0.0,0.0,0.0,0.0,2002,radio,0.5
3,3,lr5e-05_bs32_modL1_fusion64_fusionL1_drop0p1_trmiss50_trlocradio,32,5e-05,1,64,1,0.1,lr5e-05_bs32_modL1_fusion64_fusionL1_drop0p1_trmiss50_trlocradio,33,0.34856942296028137,0.5966507792472839,0.7068965517241379,0.804670573566818,0.6888888888888889,0.0,0.0,0.0,0.0,0.0,0.0,0.0,0.0,0.0,2002,radio,0.5
3,3,lr5e-05_bs32_modL1_fusion64_fusionL1_drop0p1_trmiss50_trlocradio,32,5e-05,1,64,1,0.1,lr5e-05_bs32_modL1_fusion64_fusionL1_drop0p1_trmiss50_trlocradio,34,0.3588532159725825,0.5940487384796143,0.6875,0.7979195692435377,0.7111111111111111,0.0,0.0,0.0,0.0,0.0,0.0,0.0,0.0,0.0,2002,radio,0.5
3,3,lr5e-05_bs32_modL1_fusion64_fusionL1_drop0p1_trmiss50_trlocradio,32,5e-05,1,64,1,0.1,lr5e-05_bs32_modL1_fusion64_fusionL1_drop0p1_trmiss50_trlocradio,35,0.33627212544282276,0.5958261787891388,0.6767241379310345,0.7792715930354978,0.7111111111111111,0.0,0.0,0.0,0.0,0.0,0.0,0.0,0.0,0.0,2002,radio,0.5
3,3,lr5e-05_bs32_modL1_fusion64_fusionL1_drop0p1_trmiss50_trlocradio,32,5e-05,1,64,1,0.1,lr5e-05_bs32_modL1_fusion64_fusionL1_drop0p1_trmiss50_trlocradio,36,0.33199284474054974,0.5971819460391998,0.6745689655172414,0.7756495788151064,0.6888888888888889,0.0,0.0,0.0,0.0,0.0,0.0,0.0,0.0,0.0,2002,radio,0.5
3,3,lr5e-05_bs32_modL1_fusion64_fusionL1_drop0p1_trmiss50_trlocradio,32,5e-05,1,64,1,0.1,lr5e-05_bs32_modL1_fusion64_fusionL1_drop0p1_trmiss50_trlocradio,37,0.34172354141871136,0.5986911356449127,0.6724137931034483,0.7740150112009881,0.7111111111111111,0.0,0.0,0.0,0.0,0.0,0.0,0.0,0.0,0.0,2002,radio,0.5
3,3,lr5e-05_bs32_modL1_fusion64_fusionL1_drop0p1_trmiss50_trlocradio,32,5e-05,1,64,1,0.1,lr5e-05_bs32_modL1_fusion64_fusionL1_drop0p1_trmiss50_trlocradio,38,0.32496900856494904,0.6009959280490875,0.6702586206896551,0.7722798046927025,0.7111111111111111,0.0,0.0,0.0,0.0,0.0,0.0,0.0,0.0,0.0,2002,radio,0.5
3,3,lr5e-05_bs32_modL1_fusion64_fusionL1_drop0p1_trmiss50_trlocradio,32,5e-05,1,64,1,0.1,lr5e-05_bs32_modL1_fusion64_fusionL1_drop0p1_trmiss50_trlocradio,39,0.31524668633937836,0.6013150215148926,0.6810344827586206,0.7767612845654371,0.7111111111111111,0.0,0.0,0.0,0.0,0.0,0.0,0.0,0.0,0.0,2002,radio,0.5
3,3,lr5e-05_bs32_modL1_fusion64_fusionL1_drop0p1_trmiss50_trlocradio,32,5e-05,1,64,1,0.1,lr5e-05_bs32_modL1_fusion64_fusionL1_drop0p1_trmiss50_trlocradio,40,0.3156206011772156,0.5952776968479156,0.665948275862069,0.7662195675784985,0.7333333333333333,0.0,0.0,0.0,0.0,0.0,0.0,0.0,0.0,0.0,2002,radio,0.5
3,3,lr5e-05_bs32_modL1_fusion64_fusionL1_drop0p1_trmiss50_trlocradio,32,5e-05,1,64,1,0.1,lr5e-05_bs32_modL1_fusion64_fusionL1_drop0p1_trmiss50_trlocradio,41,0.316814919312795,0.5986554026603699,0.665948275862069,0.7670860747889939,0.7333333333333333,0.0,0.0,0.0,0.0,0.0,0.0,0.0,0.0,0.0,2002,radio,0.5
3,3,lr5e-05_bs32_modL1_fusion64_fusionL1_drop0p1_trmiss50_trlocradio,32,5e-05,1,64,1,0.1,lr5e-05_bs32_modL1_fusion64_fusionL1_drop0p1_trmiss50_trlocradio,42,0.31168260673681897,0.6001144051551819,0.6767241379310345,0.778539354896081,0.7333333333333333,0.0,0.0,0.0,0.0,0.0,0.0,0.0,0.0,0.0,2002,radio,0.5
3,3,lr5e-05_bs32_modL1_fusion64_fusionL1_drop0p1_trmiss50_trlocradio,32,5e-05,1,64,1,0.1,lr5e-05_bs32_modL1_fusion64_fusionL1_drop0p1_trmiss50_trlocradio,43,0.3110479960838954,0.5989684164524078,0.6681034482758621,0.7724024125838053,0.7333333333333333,0.0,0.0,0.0,0.0,0.0,0.0,0.0,0.0,0.0,2002,radio,0.5
3,3,lr5e-05_bs32_modL1_fusion64_fusionL1_drop0p1_trmiss50_trlocradio,32,5e-05,1,64,1,0.1,lr5e-05_bs32_modL1_fusion64_fusionL1_drop0p1_trmiss50_trlocradio,44,0.29913164178530377,0.5968302190303802,0.665948275862069,0.770453542884504,0.7111111111111111,0.0,0.0,0.0,0.0,0.0,0.0,0.0,0.0,0.0,2002,radio,0.5
3,3,lr5e-05_bs32_modL1_fusion64_fusionL1_drop0p1_trmiss50_trlocradio,32,5e-05,1,64,1,0.1,lr5e-05_bs32_modL1_fusion64_fusionL1_drop0p1_trmiss50_trlocradio,45,0.29957060019175213,0.5973907709121704,0.6681034482758621,0.7737368624322186,0.6888888888888889,0.0,0.0,0.0,0.0,0.0,0.0,0.0,0.0,0.0,2002,radio,0.5
3,3,lr5e-05_bs32_modL1_fusion64_fusionL1_drop0p1_trmiss50_trlocradio,32,5e-05,1,64,1,0.1,lr5e-05_bs32_modL1_fusion64_fusionL1_drop0p1_trmiss50_trlocradio,46,0.29953373968601227,0.5988782942295074,0.6637931034482759,0.7679652518833485,0.6888888888888889,0.0,0.0,0.0,0.0,0.0,0.0,0.0,0.0,0.0,2002,radio,0.5
3,3,lr5e-05_bs32_modL1_fusion64_fusionL1_drop0p1_trmiss50_trlocradio,32,5e-05,1,64,1,0.1,lr5e-05_bs32_modL1_fusion64_fusionL1_drop0p1_trmiss50_trlocradio,47,0.27876704931259155,0.5982140898704529,0.6594827586206897,0.7697504421010771,0.6888888888888889,0.0,0.0,0.0,0.0,0.0,0.0,0.0,0.0,0.0,2002,radio,0.5
3,3,lr5e-05_bs32_modL1_fusion64_fusionL1_drop0p1_trmiss50_trlocradio,32,5e-05,1,64,1,0.1,lr5e-05_bs32_modL1_fusion64_fusionL1_drop0p1_trmiss50_trlocradio,48,0.2943938175837199,0.5969047248363495,0.6530172413793103,0.7655476273719467,0.6888888888888889,0.0,0.0,0.0,0.0,0.0,0.0,0.0,0.0,0.0,2002,radio,0.5
3,3,lr5e-05_bs32_modL1_fusion64_fusionL1_drop0p1_trmiss50_trlocradio,32,5e-05,1,64,1,0.1,lr5e-05_bs32_modL1_fusion64_fusionL1_drop0p1_trmiss50_trlocradio,49,0.292071466644605,0.5961685478687286,0.6487068965517242,0.7631819680963213,0.7111111111111111,0.0,0.0,0.0,0.0,0.0,0.0,0.0,0.0,0.0,2002,radio,0.5
3,3,lr5e-05_bs32_modL1_fusion64_fusionL1_drop0p1_trmiss50_trlocradio,32,5e-05,1,64,1,0.1,lr5e-05_bs32_modL1_fusion64_fusionL1_drop0p1_trmiss50_trlocradio,50,0.2945759395758311,0.5922364592552185,0.6573275862068966,0.7722343366272477,0.7333333333333333,0.0,0.0,0.0,0.0,0.0,0.0,0.0,0.0,0.0,2002,radio,0.5
3,3,lr5e-05_bs32_modL1_fusion64_fusionL1_drop0p1_trmiss50_trlocradio,32,5e-05,1,64,1,0.1,lr5e-05_bs32_modL1_fusion64_fusionL1_drop0p1_trmiss50_trlocradio,51,0.30892138183116913,0.5920160412788391,0.6616379310344828,0.775697080779647,0.7111111111111111,0.0,0.0,0.0,0.0,0.0,0.0,0.0,0.0,0.0,2002,radio,0.5
3,3,lr5e-05_bs32_modL1_fusion64_fusionL1_drop0p1_trmiss50_trlocradio,32,5e-05,1,64,1,0.1,lr5e-05_bs32_modL1_fusion64_fusionL1_drop0p1_trmiss50_trlocradio,52,0.2833360532919566,0.5900318026542664,0.6637931034482758,0.7773830596525588,0.7111111111111111,0.0,0.0,0.0,0.0,0.0,0.0,0.0,0.0,0.0,2002,radio,0.5
3,3,lr5e-05_bs32_modL1_fusion64_fusionL1_drop0p1_trmiss50_trlocradio,32,5e-05,1,64,1,0.1,lr5e-05_bs32_modL1_fusion64_fusionL1_drop0p1_trmiss50_trlocradio,53,0.28814774254957837,0.5903130173683167,0.6681034482758621,0.7767651378739978,0.7111111111111111,0.0,0.0,0.0,0.0,0.0,0.0,0.0,0.0,0.0,2002,radio,0.5
3,3,lr1e-04_bs32_modL1_fusion32_fusionL1_drop0p2_trmiss50_trlocradio,32,0.0001,1,32,1,0.2,lr1e-04_bs32_modL1_fusion32_fusionL1_drop0p2_trmiss50_trlocradio,1,0.702989786863327,0.6942876577377319,0.4331896551724138,0.617424629466684,0.5333333333333333,0.0,0.0,0.0,0.0,0.0,0.0,0.0,0.0,0.0,2002,radio,0.5
3,3,lr1e-04_bs32_modL1_fusion32_fusionL1_drop0p2_trmiss50_trlocradio,32,0.0001,1,32,1,0.2,lr1e-04_bs32_modL1_fusion32_fusionL1_drop0p2_trmiss50_trlocradio,2,0.6633894542853037,0.6960850656032562,0.4547413793103448,0.6430042762349292,0.4888888888888889,0.0,0.0,0.0,0.0,0.0,0.0,0.0,0.0,0.0,2002,radio,0.5
3,3,lr1e-04_bs32_modL1_fusion32_fusionL1_drop0p2_trmiss50_trlocradio,32,0.0001,1,32,1,0.2,lr1e-04_bs32_modL1_fusion32_fusionL1_drop0p2_trmiss50_trlocradio,3,0.6304686367511749,0.6922536492347717,0.4698275862068965,0.6476242439138207,0.4888888888888889,0.0,0.0,0.0,0.0,0.0,0.0,0.0,0.0,0.0,2002,radio,0.5
3,3,lr1e-04_bs32_modL1_fusion32_fusionL1_drop0p2_trmiss50_trlocradio,32,0.0001,1,32,1,0.2,lr1e-04_bs32_modL1_fusion32_fusionL1_drop0p2_trmiss50_trlocradio,4,0.6179597675800323,0.6842360198497772,0.5021551724137931,0.6603183518073255,0.5333333333333333,0.0,0.0,0.0,0.0,0.0,0.0,0.0,0.0,0.0,2002,radio,0.5
3,3,lr1e-04_bs32_modL1_fusion32_fusionL1_drop0p2_trmiss50_trlocradio,32,0.0001,1,32,1,0.2,lr1e-04_bs32_modL1_fusion32_fusionL1_drop0p2_trmiss50_trlocradio,5,0.5870723128318787,0.6843777596950531,0.49137931034482757,0.6540090182066536,0.5333333333333333,0.0,0.0,0.0,0.0,0.0,0.0,0.0,0.0,0.0,2002,radio,0.5
3,3,lr1e-04_bs32_modL1_fusion32_fusionL1_drop0p2_trmiss50_trlocradio,32,0.0001,1,32,1,0.2,lr1e-04_bs32_modL1_fusion32_fusionL1_drop0p2_trmiss50_trlocradio,6,0.5761246283849081,0.6827734112739563,0.4956896551724138,0.6594823587827925,0.5333333333333333,0.0,0.0,0.0,0.0,0.0,0.0,0.0,0.0,0.0,2002,radio,0.5
3,3,lr1e-04_bs32_modL1_fusion32_fusionL1_drop0p2_trmiss50_trlocradio,32,0.0001,1,32,1,0.2,lr1e-04_bs32_modL1_fusion32_fusionL1_drop0p2_trmiss50_trlocradio,7,0.5574446717898051,0.6799075603485107,0.5150862068965517,0.6663557726011935,0.5555555555555556,0.0,0.0,0.0,0.0,0.0,0.0,0.0,0.0,0.0,2002,radio,0.5
3,3,lr1e-04_bs32_modL1_fusion32_fusionL1_drop0p2_trmiss50_trlocradio,32,0.0001,1,32,1,0.2,lr1e-04_bs32_modL1_fusion32_fusionL1_drop0p2_trmiss50_trlocradio,8,0.5605586369832357,0.6717486679553986,0.5474137931034483,0.6766469379108324,0.5777777777777777,0.0,0.0,0.0,0.0,0.0,0.0,0.0,0.0,0.0,2002,radio,0.5
3,3,lr1e-04_bs32_modL1_fusion32_fusionL1_drop0p2_trmiss50_trlocradio,32,0.0001,1,32,1,0.2,lr1e-04_bs32_modL1_fusion32_fusionL1_drop0p2_trmiss50_trlocradio,9,0.543698271115621,0.6669002771377563,0.5517241379310345,0.6944256499977756,0.5777777777777777,0.0,0.0,0.0,0.0,0.0,0.0,0.0,0.0,0.0,2002,radio,0.5
3,3,lr1e-04_bs32_modL1_fusion32_fusionL1_drop0p2_trmiss50_trlocradio,32,0.0001,1,32,1,0.2,lr1e-04_bs32_modL1_fusion32_fusionL1_drop0p2_trmiss50_trlocradio,10,0.5244520803292593,0.6700930893421173,0.5474137931034483,0.6943868587752364,0.5555555555555556,0.0,0.0,0.0,0.0,0.0,0.0,0.0,0.0,0.0,2002,radio,0.5
3,3,lr1e-04_bs32_modL1_fusion32_fusionL1_drop0p2_trmiss50_trlocradio,32,0.0001,1,32,1,0.2,lr1e-04_bs32_modL1_fusion32_fusionL1_drop0p2_trmiss50_trlocradio,11,0.5180910527706146,0.6693749725818634,0.5625,0.7078626079959625,0.5777777777777777,0.0,0.0,0.0,0.0,0.0,0.0,0.0,0.0,0.0,2002,radio,0.5
3,3,lr1e-04_bs32_modL1_fusion32_fusionL1_drop0p2_trmiss50_trlocradio,32,0.0001,1,32,1,0.2,lr1e-04_bs32_modL1_fusion32_fusionL1_drop0p2_trmiss50_trlocradio,12,0.5106099645296732,0.6651061773300171,0.5818965517241379,0.7140714923639548,0.5777777777777777,0.0,0.0,0.0,0.0,0.0,0.0,0.0,0.0,0.0,2002,radio,0.5
3,3,lr1e-04_bs32_modL1_fusion32_fusionL1_drop0p2_trmiss50_trlocradio,32,0.0001,1,32,1,0.2,lr1e-04_bs32_modL1_fusion32_fusionL1_drop0p2_trmiss50_trlocradio,13,0.4944368799527486,0.6591279804706573,0.5754310344827586,0.7057584393069654,0.6,0.0,0.0,0.0,0.0,0.0,0.0,0.0,0.0,0.0,2002,radio,0.5
3,3,lr1e-04_bs32_modL1_fusion32_fusionL1_drop0p2_trmiss50_trlocradio,32,0.0001,1,32,1,0.2,lr1e-04_bs32_modL1_fusion32_fusionL1_drop0p2_trmiss50_trlocradio,14,0.5007194330294927,0.6578502953052521,0.5905172413793104,0.7127765332703101,0.6,0.0,0.0,0.0,0.0,0.0,0.0,0.0,0.0,0.0,2002,radio,0.5
3,3,lr1e-04_bs32_modL1_fusion32_fusionL1_drop0p2_trmiss50_trlocradio,32,0.0001,1,32,1,0.2,lr1e-04_bs32_modL1_fusion32_fusionL1_drop0p2_trmiss50_trlocradio,15,0.4931976745525996,0.6616584956645966,0.5668103448275862,0.6888606373783,0.6,0.0,0.0,0.0,0.0,0.0,0.0,0.0,0.0,0.0,2002,radio,0.5
3,3,lr1e-04_bs32_modL1_fusion32_fusionL1_drop0p2_trmiss50_trlocradio,32,0.0001,1,32,1,0.2,lr1e-04_bs32_modL1_fusion32_fusionL1_drop0p2_trmiss50_trlocradio,16,0.48474404712518054,0.6590992212295532,0.5711206896551724,0.6914853649362179,0.6444444444444445,0.0,0.0,0.0,0.0,0.0,0.0,0.0,0.0,0.0,2002,radio,0.5
3,3,lr1e-04_bs32_modL1_fusion32_fusionL1_drop0p2_trmiss50_trlocradio,32,0.0001,1,32,1,0.2,lr1e-04_bs32_modL1_fusion32_fusionL1_drop0p2_trmiss50_trlocradio,17,0.47153180837631226,0.6570535600185394,0.603448275862069,0.7121665578528594,0.6444444444444445,0.0,0.0,0.0,0.0,0.0,0.0,0.0,0.0,0.0,2002,radio,0.5
3,3,lr1e-04_bs32_modL1_fusion32_fusionL1_drop0p2_trmiss50_trlocradio,32,0.0001,1,32,1,0.2,lr1e-04_bs32_modL1_fusion32_fusionL1_drop0p2_trmiss50_trlocradio,18,0.4647338291009267,0.65339195728302,0.5991379310344828,0.7034470487958725,0.6444444444444445,0.0,0.0,0.0,0.0,0.0,0.0,0.0,0.0,0.0,2002,radio,0.5
3,3,lr1e-04_bs32_modL1_fusion32_fusionL1_drop0p2_trmiss50_trlocradio,32,0.0001,1,32,1,0.2,lr1e-04_bs32_modL1_fusion32_fusionL1_drop0p2_trmiss50_trlocradio,19,0.47658786177635193,0.6499708294868469,0.5948275862068966,0.7039090190369236,0.6888888888888889,0.0,0.0,0.0,0.0,0.0,0.0,0.0,0.0,0.0,2002,radio,0.5
3,3,lr1e-04_bs32_modL1_fusion32_fusionL1_drop0p2_trmiss50_trlocradio,32,0.0001,1,32,1,0.2,lr1e-04_bs32_modL1_fusion32_fusionL1_drop0p2_trmiss50_trlocradio,20,0.45339102546374005,0.6445427238941193,0.6077586206896551,0.7300644854520258,0.6888888888888889,0.0,0.0,0.0,0.0,0.0,0.0,0.0,0.0,0.0,2002,radio,0.5
3,3,lr1e-04_bs32_modL1_fusion32_fusionL1_drop0p2_trmiss50_trlocradio,32,0.0001,1,32,1,0.2,lr1e-04_bs32_modL1_fusion32_fusionL1_drop0p2_trmiss50_trlocradio,21,0.45673296848932904,0.6431656777858734,0.625,0.7310704478706117,0.6666666666666666,0.0,0.0,0.0,0.0,0.0,0.0,0.0,0.0,0.0,2002,radio,0.5
3,3,lr1e-04_bs32_modL1_fusion32_fusionL1_drop0p2_trmiss50_trlocradio,32,0.0001,1,32,1,0.2,lr1e-04_bs32_modL1_fusion32_fusionL1_drop0p2_trmiss50_trlocradio,22,0.4382077157497406,0.6456347107887268,0.622844827586207,0.7242600929207305,0.6666666666666666,0.0,0.0,0.0,0.0,0.0,0.0,0.0,0.0,0.0,2002,radio,0.5
3,3,lr1e-04_bs32_modL1_fusion32_fusionL1_drop0p2_trmiss50_trlocradio,32,0.0001,1,32,1,0.2,lr1e-04_bs32_modL1_fusion32_fusionL1_drop0p2_trmiss50_trlocradio,23,0.4338535964488983,0.6459464728832245,0.6206896551724138,0.7230808047285247,0.6666666666666666,0.0,0.0,0.0,0.0,0.0,0.0,0.0,0.0,0.0,2002,radio,0.5
3,3,lr1e-04_bs32_modL1_fusion32_fusionL1_drop0p2_trmiss50_trlocradio,32,0.0001,1,32,1,0.2,lr1e-04_bs32_modL1_fusion32_fusionL1_drop0p2_trmiss50_trlocradio,24,0.42785200973351795,0.6483271718025208,0.6099137931034483,0.710226030851231,0.6222222222222222,0.0,0.0,0.0,0.0,0.0,0.0,0.0,0.0,0.0,2002,radio,0.5
3,3,lr1e-04_bs32_modL1_fusion32_fusionL1_drop0p2_trmiss50_trlocradio,32,0.0001,1,32,1,0.2,lr1e-04_bs32_modL1_fusion32_fusionL1_drop0p2_trmiss50_trlocradio,25,0.4170871873696645,0.6519539654254913,0.6099137931034483,0.7105549534547937,0.6,0.0,0.0,0.0,0.0,0.0,0.0,0.0,0.0,0.0,2002,radio,0.5
3,3,lr1e-04_bs32_modL1_fusion32_fusionL1_drop0p2_trmiss50_trlocradio,32,0.0001,1,32,1,0.2,lr1e-04_bs32_modL1_fusion32_fusionL1_drop0p2_trmiss50_trlocradio,26,0.41431831816832226,0.6504655182361603,0.603448275862069,0.7105475908642261,0.6444444444444445,0.0,0.0,0.0,0.0,0.0,0.0,0.0,0.0,0.0,2002,radio,0.5
3,3,lr1e-04_bs32_modL1_fusion32_fusionL1_drop0p2_trmiss50_trlocradio,32,0.0001,1,32,1,0.2,lr1e-04_bs32_modL1_fusion32_fusionL1_drop0p2_trmiss50_trlocradio,27,0.39963143070538837,0.6519306004047394,0.5948275862068966,0.709341212012419,0.6222222222222222,0.0,0.0,0.0,0.0,0.0,0.0,0.0,0.0,0.0,2002,radio,0.5
3,3,lr1e-04_bs32_modL1_fusion32_fusionL1_drop0p2_trmiss50_trlocradio,32,0.0001,1,32,1,0.2,lr1e-04_bs32_modL1_fusion32_fusionL1_drop0p2_trmiss50_trlocradio,28,0.40722879270712536,0.6573799848556519,0.5625,0.6928542453132506,0.6,0.0,0.0,0.0,0.0,0.0,0.0,0.0,0.0,0.0,2002,radio,0.5
3,3,lr1e-04_bs32_modL1_fusion32_fusionL1_drop0p2_trmiss50_trlocradio,32,0.0001,1,32,1,0.2,lr1e-04_bs32_modL1_fusion32_fusionL1_drop0p2_trmiss50_trlocradio,29,0.40152575572331745,0.6532407402992249,0.5732758620689655,0.6949323372527397,0.6,0.0,0.0,0.0,0.0,0.0,0.0,0.0,0.0,0.0,2002,radio,0.5
3,3,lr1e-04_bs32_modL1_fusion32_fusionL1_drop0p2_trmiss50_trlocradio,32,0.0001,1,32,1,0.2,lr1e-04_bs32_modL1_fusion32_fusionL1_drop0p2_trmiss50_trlocradio,30,0.3985544641812642,0.6566790640354156,0.5732758620689655,0.6946026128865043,0.6,0.0,0.0,0.0,0.0,0.0,0.0,0.0,0.0,0.0,2002,radio,0.5
3,3,lr1e-04_bs32_modL1_fusion32_fusionL1_drop0p2_trmiss50_trlocradio,32,0.0001,1,32,1,0.2,lr1e-04_bs32_modL1_fusion32_fusionL1_drop0p2_trmiss50_trlocradio,31,0.3886115700006485,0.6589121222496033,0.5775862068965517,0.6991182122296898,0.5777777777777777,0.0,0.0,0.0,0.0,0.0,0.0,0.0,0.0,0.0,2002,radio,0.5
3,3,lr1e-04_bs32_modL1_fusion32_fusionL1_drop0p2_trmiss50_trlocradio,32,0.0001,1,32,1,0.2,lr1e-04_bs32_modL1_fusion32_fusionL1_drop0p2_trmiss50_trlocradio,32,0.3795511722564697,0.662051647901535,0.5732758620689655,0.6747534563755704,0.6,0.0,0.0,0.0,0.0,0.0,0.0,0.0,0.0,0.0,2002,radio,0.5
3,3,lr1e-04_bs32_modL1_fusion32_fusionL1_drop0p2_trmiss50_trlocradio,32,0.0001,1,32,1,0.2,lr1e-04_bs32_modL1_fusion32_fusionL1_drop0p2_trmiss50_trlocradio,33,0.3919040908416112,0.6612681746482849,0.5818965517241379,0.6966338543389153,0.6,0.0,0.0,0.0,0.0,0.0,0.0,0.0,0.0,0.0,2002,radio,0.5
3,3,lr1e-04_bs32_modL1_fusion32_fusionL1_drop0p2_trmiss50_trlocradio,32,0.0001,1,32,1,0.2,lr1e-04_bs32_modL1_fusion32_fusionL1_drop0p2_trmiss50_trlocradio,34,0.39743158717950183,0.6609743535518646,0.5775862068965517,0.6920936368539508,0.5777777777777777,0.0,0.0,0.0,0.0,0.0,0.0,0.0,0.0,0.0,2002,radio,0.5
3,3,lr1e-04_bs32_modL1_fusion32_fusionL1_drop0p2_trmiss50_trlocradio,32,0.0001,1,32,1,0.2,lr1e-04_bs32_modL1_fusion32_fusionL1_drop0p2_trmiss50_trlocradio,35,0.37541397412618,0.6614482700824738,0.5775862068965517,0.6915558066577943,0.5555555555555556,0.0,0.0,0.0,0.0,0.0,0.0,0.0,0.0,0.0,2002,radio,0.5
3,3,lr1e-04_bs32_modL1_fusion32_fusionL1_drop0p2_trmiss50_trlocradio,32,0.0001,1,32,1,0.2,lr1e-04_bs32_modL1_fusion32_fusionL1_drop0p2_trmiss50_trlocradio,36,0.35891159872214,0.6581206619739532,0.5818965517241379,0.6903581428475856,0.6,0.0,0.0,0.0,0.0,0.0,0.0,0.0,0.0,0.0,2002,radio,0.5
3,3,lr1e-04_bs32_modL1_fusion32_fusionL1_drop0p2_trmiss50_trlocradio,32,0.0001,1,32,1,0.2,lr1e-04_bs32_modL1_fusion32_fusionL1_drop0p2_trmiss50_trlocradio,37,0.38834210236867267,0.6567492783069611,0.5775862068965518,0.6887231154056517,0.6222222222222222,0.0,0.0,0.0,0.0,0.0,0.0,0.0,0.0,0.0,2002,radio,0.5
3,3,lr1e-04_bs32_modL1_fusion32_fusionL1_drop0p2_trmiss50_trlocradio,32,0.0001,1,32,1,0.2,lr1e-04_bs32_modL1_fusion32_fusionL1_drop0p2_trmiss50_trlocradio,38,0.38521329561869305,0.6580908000469208,0.5754310344827587,0.6896067246377182,0.6222222222222222,0.0,0.0,0.0,0.0,0.0,0.0,0.0,0.0,0.0,2002,radio,0.5
3,3,lr1e-04_bs32_modL1_fusion32_fusionL1_drop0p2_trmiss50_trlocradio,32,0.0001,1,32,1,0.2,lr1e-04_bs32_modL1_fusion32_fusionL1_drop0p2_trmiss50_trlocradio,39,0.38179977734883624,0.6570754647254944,0.5818965517241379,0.6945769100221239,0.6222222222222222,0.0,0.0,0.0,0.0,0.0,0.0,0.0,0.0,0.0,2002,radio,0.5
3,3,lr1e-04_bs32_modL1_fusion32_fusionL1_drop0p2_trmiss50_trlocradio,32,0.0001,1,32,1,0.2,lr1e-04_bs32_modL1_fusion32_fusionL1_drop0p2_trmiss50_trlocradio,40,0.3780120213826497,0.656731367111206,0.5797413793103449,0.6919462409865226,0.6,0.0,0.0,0.0,0.0,0.0,0.0,0.0,0.0,0.0,2002,radio,0.5
3,3,lr1e-04_bs32_modL1_fusion32_fusionL1_drop0p2_trmiss50_trlocradio,32,0.0001,1,32,1,0.2,lr1e-04_bs32_modL1_fusion32_fusionL1_drop0p2_trmiss50_trlocradio,41,0.3818115641673406,0.6558327972888947,0.5775862068965517,0.6919581830674302,0.6222222222222222,0.0,0.0,0.0,0.0,0.0,0.0,0.0,0.0,0.0,2002,radio,0.5
3,3,lr1e-04_bs32_modL1_fusion32_fusionL1_drop0p1_trmiss50_trlocradio,32,0.0001,1,32,1,0.1,lr1e-04_bs32_modL1_fusion32_fusionL1_drop0p1_trmiss50_trlocradio,1,0.7291880548000336,0.7001215219497681,0.5431034482758621,0.7443629783607577,0.4444444444444444,0.0,0.0,0.0,0.0,0.0,0.0,0.0,0.0,0.0,2002,radio,0.5
3,3,lr1e-04_bs32_modL1_fusion32_fusionL1_drop0p1_trmiss50_trlocradio,32,0.0001,1,32,1,0.1,lr1e-04_bs32_modL1_fusion32_fusionL1_drop0p1_trmiss50_trlocradio,2,0.6633050839106241,0.6863201260566711,0.625,0.7940361276449794,0.5333333333333333,0.0,0.0,0.0,0.0,0.0,0.0,0.0,0.0,0.0,2002,radio,0.5
3,3,lr1e-04_bs32_modL1_fusion32_fusionL1_drop0p1_trmiss50_trlocradio,32,0.0001,1,32,1,0.1,lr1e-04_bs32_modL1_fusion32_fusionL1_drop0p1_trmiss50_trlocradio,3,0.6378355920314789,0.6732210516929626,0.6594827586206896,0.8066219339271457,0.6,0.0,0.0,0.0,0.0,0.0,0.0,0.0,0.0,0.0,2002,radio,0.5
3,3,lr1e-04_bs32_modL1_fusion32_fusionL1_drop0p1_trmiss50_trlocradio,32,0.0001,1,32,1,0.1,lr1e-04_bs32_modL1_fusion32_fusionL1_drop0p1_trmiss50_trlocradio,4,0.595964511235555,0.6656142175197601,0.6530172413793103,0.8123146982857048,0.5777777777777777,0.0,0.0,0.0,0.0,0.0,0.0,0.0,0.0,0.0,2002,radio,0.5
3,3,lr1e-04_bs32_modL1_fusion32_fusionL1_drop0p1_trmiss50_trlocradio,32,0.0001,1,32,1,0.1,lr1e-04_bs32_modL1_fusion32_fusionL1_drop0p1_trmiss50_trlocradio,5,0.5763225058714548,0.6602727174758911,0.6530172413793104,0.8206116856592716,0.5333333333333333,0.0,0.0,0.0,0.0,0.0,0.0,0.0,0.0,0.0,2002,radio,0.5
3,3,lr1e-04_bs32_modL1_fusion32_fusionL1_drop0p1_trmiss50_trlocradio,32,0.0001,1,32,1,0.1,lr1e-04_bs32_modL1_fusion32_fusionL1_drop0p1_trmiss50_trlocradio,6,0.5427115162213644,0.6555308401584625,0.6487068965517242,0.82303175830827,0.5333333333333333,0.0,0.0,0.0,0.0,0.0,0.0,0.0,0.0,0.0,2002,radio,0.5
3,3,lr1e-04_bs32_modL1_fusion32_fusionL1_drop0p1_trmiss50_trlocradio,32,0.0001,1,32,1,0.1,lr1e-04_bs32_modL1_fusion32_fusionL1_drop0p1_trmiss50_trlocradio,7,0.5399997979402542,0.6529367566108704,0.6422413793103449,0.8227090709913176,0.5333333333333333,0.0,0.0,0.0,0.0,0.0,0.0,0.0,0.0,0.0,2002,radio,0.5
3,3,lr1e-04_bs32_modL1_fusion32_fusionL1_drop0p1_trmiss50_trlocradio,32,0.0001,1,32,1,0.1,lr1e-04_bs32_modL1_fusion32_fusionL1_drop0p1_trmiss50_trlocradio,8,0.5243875781695048,0.6510870456695557,0.6314655172413794,0.8184985459174141,0.5555555555555556,0.0,0.0,0.0,0.0,0.0,0.0,0.0,0.0,0.0,2002,radio,0.5
3,3,lr1e-04_bs32_modL1_fusion32_fusionL1_drop0p1_trmiss50_trlocradio,32,0.0001,1,32,1,0.1,lr1e-04_bs32_modL1_fusion32_fusionL1_drop0p1_trmiss50_trlocradio,9,0.5095619956652323,0.6485126316547394,0.644396551724138,0.823106167734208,0.5777777777777777,0.0,0.0,0.0,0.0,0.0,0.0,0.0,0.0,0.0,2002,radio,0.5
3,3,lr1e-04_bs32_modL1_fusion32_fusionL1_drop0p1_trmiss50_trlocradio,32,0.0001,1,32,1,0.1,lr1e-04_bs32_modL1_fusion32_fusionL1_drop0p1_trmiss50_trlocradio,10,0.5010403196016947,0.6517566740512848,0.6400862068965518,0.8150397360926949,0.5555555555555556,0.0,0.0,0.0,0.0,0.0,0.0,0.0,0.0,0.0,2002,radio,0.5
3,3,lr1e-04_bs32_modL1_fusion32_fusionL1_drop0p1_trmiss50_trlocradio,32,0.0001,1,32,1,0.1,lr1e-04_bs32_modL1_fusion32_fusionL1_drop0p1_trmiss50_trlocradio,11,0.4837097277243932,0.653137743473053,0.625,0.8010027654552001,0.5555555555555556,0.0,0.0,0.0,0.0,0.0,0.0,0.0,0.0,0.0,2002,radio,0.5
3,3,lr1e-04_bs32_modL1_fusion32_fusionL1_drop0p1_trmiss50_trlocradio,32,0.0001,1,32,1,0.1,lr1e-04_bs32_modL1_fusion32_fusionL1_drop0p1_trmiss50_trlocradio,12,0.47962966561317444,0.6516096889972687,0.6422413793103448,0.8104090692631016,0.5333333333333333,0.0,0.0,0.0,0.0,0.0,0.0,0.0,0.0,0.0,2002,radio,0.5
3,3,lr1e-04_bs32_modL1_fusion32_fusionL1_drop0p1_trmiss50_trlocradio,32,0.0001,1,32,1,0.1,lr1e-04_bs32_modL1_fusion32_fusionL1_drop0p1_trmiss50_trlocradio,13,0.46263234317302704,0.6483583152294159,0.6508620689655172,0.8098053245657535,0.5333333333333333,0.0,0.0,0.0,0.0,0.0,0.0,0.0,0.0,0.0,2002,radio,0.5
3,3,lr1e-04_bs32_modL1_fusion32_fusionL1_drop0p1_trmiss50_trlocradio,32,0.0001,1,32,1,0.1,lr1e-04_bs32_modL1_fusion32_fusionL1_drop0p1_trmiss50_trlocradio,14,0.4560723453760147,0.6528643071651459,0.6293103448275863,0.7999969826772879,0.5333333333333333,0.0,0.0,0.0,0.0,0.0,0.0,0.0,0.0,0.0,2002,radio,0.5
3,3,lr1e-04_bs32_modL1_fusion32_fusionL1_drop0p1_trmiss50_trlocradio,32,0.0001,1,32,1,0.1,lr1e-04_bs32_modL1_fusion32_fusionL1_drop0p1_trmiss50_trlocradio,15,0.450044388572375,0.6511677205562592,0.6271551724137931,0.7983359028929011,0.5333333333333333,0.0,0.0,0.0,0.0,0.0,0.0,0.0,0.0,0.0,2002,radio,0.5
3,3,lr1e-04_bs32_modL1_fusion32_fusionL1_drop0p1_trmiss50_trlocradio,32,0.0001,1,32,1,0.1,lr1e-04_bs32_modL1_fusion32_fusionL1_drop0p1_trmiss50_trlocradio,16,0.4236358255147934,0.650380939245224,0.6099137931034483,0.793257525254095,0.5333333333333333,0.0,0.0,0.0,0.0,0.0,0.0,0.0,0.0,0.0,2002,radio,0.5
3,3,lr1e-04_bs32_modL1_fusion32_fusionL1_drop0p1_trmiss50_trlocradio,32,0.0001,1,32,1,0.1,lr1e-04_bs32_modL1_fusion32_fusionL1_drop0p1_trmiss50_trlocradio,17,0.4136543273925781,0.6531683504581451,0.584051724137931,0.7789387468372293,0.5333333333333333,0.0,0.0,0.0,0.0,0.0,0.0,0.0,0.0,0.0,2002,radio,0.5
3,3,lr1e-04_bs32_modL1_fusion32_fusionL1_drop0p1_trmiss50_trlocradio,32,0.0001,1,32,1,0.1,lr1e-04_bs32_modL1_fusion32_fusionL1_drop0p1_trmiss50_trlocradio,18,0.41322532792886096,0.6541681289672852,0.5711206896551724,0.7763376922804737,0.4666666666666667,0.0,0.0,0.0,0.0,0.0,0.0,0.0,0.0,0.0,2002,radio,0.5
3,3,lr1e-04_bs32_modL1_fusion32_fusionL1_drop0p1_trmiss50_trlocradio,32,0.0001,1,32,1,0.1,lr1e-04_bs32_modL1_fusion32_fusionL1_drop0p1_trmiss50_trlocradio,19,0.4159446656703949,0.6571834683418274,0.5646551724137931,0.773598611674811,0.5111111111111111,0.0,0.0,0.0,0.0,0.0,0.0,0.0,0.0,0.0,2002,radio,0.5
3,3,lr1e-04_bs32_modL1_fusion32_fusionL1_drop0p1_trmiss50_trlocradio,32,0.0001,1,32,1,0.1,lr1e-04_bs32_modL1_fusion32_fusionL1_drop0p1_trmiss50_trlocradio,20,0.40497833490371704,0.6542442440986633,0.5775862068965517,0.7735748193340677,0.4888888888888889,0.0,0.0,0.0,0.0,0.0,0.0,0.0,0.0,0.0,2002,radio,0.5
3,3,lr1e-04_bs32_modL1_fusion32_fusionL1_drop0p1_trmiss50_trlocradio,32,0.0001,1,32,1,0.1,lr1e-04_bs32_modL1_fusion32_fusionL1_drop0p1_trmiss50_trlocradio,21,0.3868575096130371,0.6543773114681244,0.5797413793103449,0.7709790484637193,0.5333333333333333,0.0,0.0,0.0,0.0,0.0,0.0,0.0,0.0,0.0,2002,radio,0.5
3,3,lr1e-04_bs32_modL1_fusion32_fusionL1_drop0p1_trmiss50_trlocradio,32,0.0001,1,32,1,0.1,lr1e-04_bs32_modL1_fusion32_fusionL1_drop0p1_trmiss50_trlocradio,22,0.3888251880804698,0.653868168592453,0.5883620689655172,0.7773907931694752,0.5777777777777777,0.0,0.0,0.0,0.0,0.0,0.0,0.0,0.0,0.0,2002,radio,0.5
3,3,lr1e-04_bs32_modL1_fusion32_fusionL1_drop0p1_trmiss50_trlocradio,32,0.0001,1,32,1,0.1,lr1e-04_bs32_modL1_fusion32_fusionL1_drop0p1_trmiss50_trlocradio,23,0.3955511798461278,0.6569437980651855,0.5797413793103449,0.7733657813124035,0.5555555555555556,0.0,0.0,0.0,0.0,0.0,0.0,0.0,0.0,0.0,2002,radio,0.5
3,3,lr1e-04_bs32_modL1_fusion32_fusionL1_drop0p1_trmiss50_trlocradio,32,0.0001,1,32,1,0.1,lr1e-04_bs32_modL1_fusion32_fusionL1_drop0p1_trmiss50_trlocradio,24,0.38697820405165356,0.6551965773105621,0.603448275862069,0.785508603333031,0.5333333333333333,0.0,0.0,0.0,0.0,0.0,0.0,0.0,0.0,0.0,2002,radio,0.5
3,3,lr1e-04_bs32_modL1_fusion32_fusionL1_drop0p1_trmiss50_trlocradio,32,0.0001,1,32,1,0.1,lr1e-04_bs32_modL1_fusion32_fusionL1_drop0p1_trmiss50_trlocradio,25,0.38836441437403363,0.6588676869869232,0.5926724137931034,0.7802288056706503,0.5555555555555556,0.0,0.0,0.0,0.0,0.0,0.0,0.0,0.0,0.0,2002,radio,0.5
3,3,lr1e-04_bs32_modL1_fusion64_fusionL1_drop0p2_trmiss50_trlocradio,32,0.0001,1,64,1,0.2,lr1e-04_bs32_modL1_fusion64_fusionL1_drop0p2_trmiss50_trlocradio,1,0.6913873553276062,0.6755539178848267,0.4482758620689655,0.5897948378302615,0.6444444444444445,0.0,0.0,0.0,0.0,0.0,0.0,0.0,0.0,0.0,2002,radio,0.5
3,3,lr1e-04_bs32_modL1_fusion64_fusionL1_drop0p2_trmiss50_trlocradio,32,0.0001,1,64,1,0.2,lr1e-04_bs32_modL1_fusion64_fusionL1_drop0p2_trmiss50_trlocradio,2,0.6390871306260427,0.6694468259811401,0.4978448275862069,0.6283392327206786,0.6444444444444445,0.0,0.0,0.0,0.0,0.0,0.0,0.0,0.0,0.0,2002,radio,0.5
3,3,lr1e-04_bs32_modL1_fusion64_fusionL1_drop0p2_trmiss50_trlocradio,32,0.0001,1,64,1,0.2,lr1e-04_bs32_modL1_fusion64_fusionL1_drop0p2_trmiss50_trlocradio,3,0.5888723830382029,0.6624813973903656,0.540948275862069,0.6723507931977519,0.6444444444444445,0.0,0.0,0.0,0.0,0.0,0.0,0.0,0.0,0.0,2002,radio,0.5
3,3,lr1e-04_bs32_modL1_fusion64_fusionL1_drop0p2_trmiss50_trlocradio,32,0.0001,1,64,1,0.2,lr1e-04_bs32_modL1_fusion64_fusionL1_drop0p2_trmiss50_trlocradio,4,0.6027939319610596,0.6599445939064026,0.5560344827586207,0.6813540941080215,0.6444444444444445,0.0,0.0,0.0,0.0,0.0,0.0,0.0,0.0,0.0,2002,radio,0.5
3,3,lr1e-04_bs32_modL1_fusion64_fusionL1_drop0p2_trmiss50_trlocradio,32,0.0001,1,64,1,0.2,lr1e-04_bs32_modL1_fusion64_fusionL1_drop0p2_trmiss50_trlocradio,5,0.5664502084255219,0.6583485007286072,0.5581896551724137,0.6830542855197093,0.6444444444444445,0.0,0.0,0.0,0.0,0.0,0.0,0.0,0.0,0.0,2002,radio,0.5
3,3,lr1e-04_bs32_modL1_fusion64_fusionL1_drop0p2_trmiss50_trlocradio,32,0.0001,1,64,1,0.2,lr1e-04_bs32_modL1_fusion64_fusionL1_drop0p2_trmiss50_trlocradio,6,0.5588487088680267,0.6591910719871521,0.5560344827586207,0.6813680235617364,0.6444444444444445,0.0,0.0,0.0,0.0,0.0,0.0,0.0,0.0,0.0,2002,radio,0.5
3,3,lr1e-04_bs32_modL1_fusion64_fusionL1_drop0p2_trmiss50_trlocradio,32,0.0001,1,64,1,0.2,lr1e-04_bs32_modL1_fusion64_fusionL1_drop0p2_trmiss50_trlocradio,7,0.5611412525177002,0.659591406583786,0.5495689655172414,0.6884444817921723,0.6444444444444445,0.0,0.0,0.0,0.0,0.0,0.0,0.0,0.0,0.0,2002,radio,0.5
3,3,lr1e-04_bs32_modL1_fusion64_fusionL1_drop0p2_trmiss50_trlocradio,32,0.0001,1,64,1,0.2,lr1e-04_bs32_modL1_fusion64_fusionL1_drop0p2_trmiss50_trlocradio,8,0.5287626534700394,0.6594222784042358,0.5301724137931034,0.6773115232872985,0.6222222222222222,0.0,0.0,0.0,0.0,0.0,0.0,0.0,0.0,0.0,2002,radio,0.5
3,3,lr1e-04_bs32_modL1_fusion64_fusionL1_drop0p2_trmiss50_trlocradio,32,0.0001,1,64,1,0.2,lr1e-04_bs32_modL1_fusion64_fusionL1_drop0p2_trmiss50_trlocradio,9,0.5423643241326014,0.6588888168334961,0.5280172413793104,0.6780268528295771,0.6222222222222222,0.0,0.0,0.0,0.0,0.0,0.0,0.0,0.0,0.0,2002,radio,0.5
3,3,lr1e-04_bs32_modL1_fusion64_fusionL1_drop0p2_trmiss50_trlocradio,32,0.0001,1,64,1,0.2,lr1e-04_bs32_modL1_fusion64_fusionL1_drop0p2_trmiss50_trlocradio,10,0.5108170459667841,0.6586684882640839,0.5387931034482759,0.6897604183953446,0.6666666666666666,0.0,0.0,0.0,0.0,0.0,0.0,0.0,0.0,0.0,2002,radio,0.5
3,3,lr1e-04_bs32_modL1_fusion64_fusionL1_drop0p2_trmiss50_trlocradio,32,0.0001,1,64,1,0.2,lr1e-04_bs32_modL1_fusion64_fusionL1_drop0p2_trmiss50_trlocradio,11,0.5069254090388616,0.6616218984127045,0.4806034482758621,0.6528107394376758,0.6444444444444445,0.0,0.0,0.0,0.0,0.0,0.0,0.0,0.0,0.0,2002,radio,0.5
3,3,lr1e-04_bs32_modL1_fusion64_fusionL1_drop0p2_trmiss50_trlocradio,32,0.0001,1,64,1,0.2,lr1e-04_bs32_modL1_fusion64_fusionL1_drop0p2_trmiss50_trlocradio,12,0.5144412716229757,0.6630494296550751,0.4827586206896552,0.6530571912054257,0.6444444444444445,0.0,0.0,0.0,0.0,0.0,0.0,0.0,0.0,0.0,2002,radio,0.5
3,3,lr1e-04_bs32_modL1_fusion64_fusionL1_drop0p2_trmiss50_trlocradio,32,0.0001,1,64,1,0.2,lr1e-04_bs32_modL1_fusion64_fusionL1_drop0p2_trmiss50_trlocradio,13,0.4787701517343521,0.6613049805164337,0.5021551724137931,0.6620042356044966,0.6444444444444445,0.0,0.0,0.0,0.0,0.0,0.0,0.0,0.0,0.0,2002,radio,0.5
3,3,lr1e-04_bs32_modL1_fusion64_fusionL1_drop0p2_trmiss50_trlocradio,32,0.0001,1,64,1,0.2,lr1e-04_bs32_modL1_fusion64_fusionL1_drop0p2_trmiss50_trlocradio,14,0.48344653844833374,0.6608521640300751,0.5086206896551724,0.6732686541387424,0.6666666666666666,0.0,0.0,0.0,0.0,0.0,0.0,0.0,0.0,0.0,2002,radio,0.5
3,3,lr1e-04_bs32_modL1_fusion64_fusionL1_drop0p2_trmiss50_trlocradio,32,0.0001,1,64,1,0.2,lr1e-04_bs32_modL1_fusion64_fusionL1_drop0p2_trmiss50_trlocradio,15,0.47652633984883624,0.660122275352478,0.5064655172413793,0.6734593352425153,0.6444444444444445,0.0,0.0,0.0,0.0,0.0,0.0,0.0,0.0,0.0,2002,radio,0.5
3,3,lr1e-04_bs32_modL1_fusion64_fusionL1_drop0p2_trmiss50_trlocradio,32,0.0001,1,64,1,0.2,lr1e-04_bs32_modL1_fusion64_fusionL1_drop0p2_trmiss50_trlocradio,16,0.47553324202696484,0.6585701704025269,0.521551724137931,0.6703501108192998,0.6666666666666666,0.0,0.0,0.0,0.0,0.0,0.0,0.0,0.0,0.0,2002,radio,0.5
3,3,lr1e-04_bs32_modL1_fusion64_fusionL1_drop0p2_trmiss50_trlocradio,32,0.0001,1,64,1,0.2,lr1e-04_bs32_modL1_fusion64_fusionL1_drop0p2_trmiss50_trlocradio,17,0.45940030614535016,0.6577238440513611,0.521551724137931,0.6700645217045336,0.6666666666666666,0.0,0.0,0.0,0.0,0.0,0.0,0.0,0.0,0.0,2002,radio,0.5
3,3,lr1e-04_bs32_modL1_fusion64_fusionL1_drop0p2_trmiss50_trlocradio,32,0.0001,1,64,1,0.2,lr1e-04_bs32_modL1_fusion64_fusionL1_drop0p2_trmiss50_trlocradio,18,0.46909768382708233,0.6562544405460358,0.521551724137931,0.6667696894134836,0.6666666666666666,0.0,0.0,0.0,0.0,0.0,0.0,0.0,0.0,0.0,2002,radio,0.5
3,3,lr1e-04_bs32_modL1_fusion64_fusionL1_drop0p2_trmiss50_trlocradio,32,0.0001,1,64,1,0.2,lr1e-04_bs32_modL1_fusion64_fusionL1_drop0p2_trmiss50_trlocradio,19,0.4537421812613805,0.6548614799976349,0.5387931034482758,0.6749719864462492,0.6666666666666666,0.0,0.0,0.0,0.0,0.0,0.0,0.0,0.0,0.0,2002,radio,0.5
3,3,lr1e-04_bs32_modL1_fusion64_fusionL1_drop0p2_trmiss50_trlocradio,32,0.0001,1,64,1,0.2,lr1e-04_bs32_modL1_fusion64_fusionL1_drop0p2_trmiss50_trlocradio,20,0.4500723381837209,0.6539108455181122,0.5452586206896552,0.6807297622811574,0.6666666666666666,0.0,0.0,0.0,0.0,0.0,0.0,0.0,0.0,0.0,2002,radio,0.5
3,3,lr1e-04_bs32_modL1_fusion64_fusionL1_drop0p2_trmiss50_trlocradio,32,0.0001,1,64,1,0.2,lr1e-04_bs32_modL1_fusion64_fusionL1_drop0p2_trmiss50_trlocradio,21,0.4367220054070155,0.6532683074474335,0.5431034482758621,0.6800031475618024,0.6888888888888889,0.0,0.0,0.0,0.0,0.0,0.0,0.0,0.0,0.0,2002,radio,0.5
3,3,lr1e-04_bs32_modL1_fusion64_fusionL1_drop0p2_trmiss50_trlocradio,32,0.0001,1,64,1,0.2,lr1e-04_bs32_modL1_fusion64_fusionL1_drop0p2_trmiss50_trlocradio,22,0.45888832211494446,0.6535460650920868,0.5387931034482758,0.6804112666288492,0.6888888888888889,0.0,0.0,0.0,0.0,0.0,0.0,0.0,0.0,0.0,2002,radio,0.5
3,3,lr1e-04_bs32_modL1_fusion64_fusionL1_drop0p2_trmiss50_trlocradio,32,0.0001,1,64,1,0.2,lr1e-04_bs32_modL1_fusion64_fusionL1_drop0p2_trmiss50_trlocradio,23,0.4445345650116603,0.6572099924087524,0.5193965517241379,0.669649045652753,0.7111111111111111,0.0,0.0,0.0,0.0,0.0,0.0,0.0,0.0,0.0,2002,radio,0.5
3,3,lr1e-04_bs32_modL1_fusion64_fusionL1_drop0p2_trmiss50_trlocradio,32,0.0001,1,64,1,0.2,lr1e-04_bs32_modL1_fusion64_fusionL1_drop0p2_trmiss50_trlocradio,24,0.42148562769095105,0.6578713357448578,0.5150862068965518,0.6687374241575261,0.6888888888888889,0.0,0.0,0.0,0.0,0.0,0.0,0.0,0.0,0.0,2002,radio,0.5
3,3,lr1e-04_bs32_modL1_fusion64_fusionL1_drop0p2_trmiss50_trlocradio,32,0.0001,1,64,1,0.2,lr1e-04_bs32_modL1_fusion64_fusionL1_drop0p2_trmiss50_trlocradio,25,0.4318963438272476,0.6568455398082733,0.5172413793103449,0.67092965995379,0.7111111111111111,0.0,0.0,0.0,0.0,0.0,0.0,0.0,0.0,0.0,2002,radio,0.5
3,3,lr1e-04_bs32_modL1_fusion64_fusionL1_drop0p1_trmiss50_trlocradio,32,0.0001,1,64,1,0.1,lr1e-04_bs32_modL1_fusion64_fusionL1_drop0p1_trmiss50_trlocradio,1,0.7329506377379099,0.7135924994945526,0.5517241379310345,0.7437937963699728,0.37777777777777777,0.0,0.0,0.0,0.0,0.0,0.0,0.0,0.0,0.0,2002,radio,0.5
3,3,lr1e-04_bs32_modL1_fusion64_fusionL1_drop0p1_trmiss50_trlocradio,32,0.0001,1,64,1,0.1,lr1e-04_bs32_modL1_fusion64_fusionL1_drop0p1_trmiss50_trlocradio,2,0.6788793007532755,0.7123423516750336,0.5431034482758621,0.741088028585152,0.4444444444444444,0.0,0.0,0.0,0.0,0.0,0.0,0.0,0.0,0.0,2002,radio,0.5
3,3,lr1e-04_bs32_modL1_fusion64_fusionL1_drop0p1_trmiss50_trlocradio,32,0.0001,1,64,1,0.1,lr1e-04_bs32_modL1_fusion64_fusionL1_drop0p1_trmiss50_trlocradio,3,0.6470088561375936,0.7083177268505096,0.5495689655172413,0.7232748494735385,0.4888888888888889,0.0,0.0,0.0,0.0,0.0,0.0,0.0,0.0,0.0,2002,radio,0.5
3,3,lr1e-04_bs32_modL1_fusion64_fusionL1_drop0p1_trmiss50_trlocradio,32,0.0001,1,64,1,0.1,lr1e-04_bs32_modL1_fusion64_fusionL1_drop0p1_trmiss50_trlocradio,4,0.6313065687815348,0.7071691751480103,0.5387931034482759,0.7125650955046962,0.4666666666666667,0.0,0.0,0.0,0.0,0.0,0.0,0.0,0.0,0.0,2002,radio,0.5
3,3,lr1e-04_bs32_modL1_fusion64_fusionL1_drop0p1_trmiss50_trlocradio,32,0.0001,1,64,1,0.1,lr1e-04_bs32_modL1_fusion64_fusionL1_drop0p1_trmiss50_trlocradio,5,0.5918342371781667,0.7031130194664001,0.5474137931034483,0.7217835938059559,0.4888888888888889,0.0,0.0,0.0,0.0,0.0,0.0,0.0,0.0,0.0,2002,radio,0.5
3,3,lr1e-04_bs32_modL1_fusion64_fusionL1_drop0p1_trmiss50_trlocradio,32,0.0001,1,64,1,0.1,lr1e-04_bs32_modL1_fusion64_fusionL1_drop0p1_trmiss50_trlocradio,6,0.5653896530469259,0.6992948353290558,0.5581896551724138,0.729212504786474,0.4666666666666667,0.0,0.0,0.0,0.0,0.0,0.0,0.0,0.0,0.0,2002,radio,0.5
3,3,lr1e-04_bs32_modL1_fusion64_fusionL1_drop0p1_trmiss50_trlocradio,32,0.0001,1,64,1,0.1,lr1e-04_bs32_modL1_fusion64_fusionL1_drop0p1_trmiss50_trlocradio,7,0.5621035794417063,0.7009589076042175,0.5344827586206897,0.7189984995736814,0.4666666666666667,0.0,0.0,0.0,0.0,0.0,0.0,0.0,0.0,0.0,2002,radio,0.5
3,3,lr1e-04_bs32_modL1_fusion64_fusionL1_drop0p1_trmiss50_trlocradio,32,0.0001,1,64,1,0.1,lr1e-04_bs32_modL1_fusion64_fusionL1_drop0p1_trmiss50_trlocradio,8,0.5326565901438395,0.6998788118362427,0.540948275862069,0.721713355779393,0.4666666666666667,0.0,0.0,0.0,0.0,0.0,0.0,0.0,0.0,0.0,2002,radio,0.5
3,3,lr1e-04_bs32_modL1_fusion64_fusionL1_drop0p1_trmiss50_trlocradio,32,0.0001,1,64,1,0.1,lr1e-04_bs32_modL1_fusion64_fusionL1_drop0p1_trmiss50_trlocradio,9,0.5223162869612376,0.7000345587730408,0.5517241379310345,0.7277424701054541,0.4888888888888889,0.0,0.0,0.0,0.0,0.0,0.0,0.0,0.0,0.0,2002,radio,0.5
3,3,lr1e-04_bs32_modL1_fusion64_fusionL1_drop0p1_trmiss50_trlocradio,32,0.0001,1,64,1,0.1,lr1e-04_bs32_modL1_fusion64_fusionL1_drop0p1_trmiss50_trlocradio,10,0.5148566961288452,0.6979143023490906,0.5646551724137931,0.7234020370105028,0.5111111111111111,0.0,0.0,0.0,0.0,0.0,0.0,0.0,0.0,0.0,2002,radio,0.5
3,3,lr1e-04_bs32_modL1_fusion64_fusionL1_drop0p1_trmiss50_trlocradio,32,0.0001,1,64,1,0.1,lr1e-04_bs32_modL1_fusion64_fusionL1_drop0p1_trmiss50_trlocradio,11,0.5062114546696345,0.699368417263031,0.5431034482758621,0.7167286228185377,0.4666666666666667,0.0,0.0,0.0,0.0,0.0,0.0,0.0,0.0,0.0,2002,radio,0.5
3,3,lr1e-04_bs32_modL1_fusion64_fusionL1_drop0p1_trmiss50_trlocradio,32,0.0001,1,64,1,0.1,lr1e-04_bs32_modL1_fusion64_fusionL1_drop0p1_trmiss50_trlocradio,12,0.48875242471694946,0.6979077160358429,0.5495689655172413,0.7151957159360363,0.5333333333333333,0.0,0.0,0.0,0.0,0.0,0.0,0.0,0.0,0.0,2002,radio,0.5
3,3,lr1e-04_bs32_modL1_fusion64_fusionL1_drop0p1_trmiss50_trlocradio,32,0.0001,1,64,1,0.1,lr1e-04_bs32_modL1_fusion64_fusionL1_drop0p1_trmiss50_trlocradio,13,0.48175282776355743,0.6899226307868958,0.5625,0.7227710103616287,0.5333333333333333,0.0,0.0,0.0,0.0,0.0,0.0,0.0,0.0,0.0,2002,radio,0.5
3,3,lr1e-04_bs32_modL1_fusion64_fusionL1_drop0p1_trmiss50_trlocradio,32,0.0001,1,64,1,0.1,lr1e-04_bs32_modL1_fusion64_fusionL1_drop0p1_trmiss50_trlocradio,14,0.4671471168597539,0.6891292035579681,0.5625,0.7235323540957763,0.5333333333333333,0.0,0.0,0.0,0.0,0.0,0.0,0.0,0.0,0.0,2002,radio,0.5
3,3,lr1e-04_bs32_modL1_fusion64_fusionL1_drop0p1_trmiss50_trlocradio,32,0.0001,1,64,1,0.1,lr1e-04_bs32_modL1_fusion64_fusionL1_drop0p1_trmiss50_trlocradio,15,0.45818327367305756,0.6888335049152374,0.5797413793103449,0.7333144478565083,0.5555555555555556,0.0,0.0,0.0,0.0,0.0,0.0,0.0,0.0,0.0,2002,radio,0.5
3,3,lr1e-04_bs32_modL1_fusion64_fusionL1_drop0p1_trmiss50_trlocradio,32,0.0001,1,64,1,0.1,lr1e-04_bs32_modL1_fusion64_fusionL1_drop0p1_trmiss50_trlocradio,16,0.4392249534527461,0.6854813992977142,0.6012931034482759,0.7443718303239155,0.5555555555555556,0.0,0.0,0.0,0.0,0.0,0.0,0.0,0.0,0.0,2002,radio,0.5
3,3,lr1e-04_bs32_modL1_fusion64_fusionL1_drop0p1_trmiss50_trlocradio,32,0.0001,1,64,1,0.1,lr1e-04_bs32_modL1_fusion64_fusionL1_drop0p1_trmiss50_trlocradio,17,0.42003407577673596,0.6848665773868561,0.5948275862068966,0.7388530991372595,0.5555555555555556,0.0,0.0,0.0,0.0,0.0,0.0,0.0,0.0,0.0,2002,radio,0.5
3,3,lr1e-04_bs32_modL1_fusion64_fusionL1_drop0p1_trmiss50_trlocradio,32,0.0001,1,64,1,0.1,lr1e-04_bs32_modL1_fusion64_fusionL1_drop0p1_trmiss50_trlocradio,18,0.4230646838744481,0.6799521446228027,0.5948275862068966,0.742801280226723,0.5777777777777777,0.0,0.0,0.0,0.0,0.0,0.0,0.0,0.0,0.0,2002,radio,0.5
3,3,lr1e-04_bs32_modL1_fusion64_fusionL1_drop0p1_trmiss50_trlocradio,32,0.0001,1,64,1,0.1,lr1e-04_bs32_modL1_fusion64_fusionL1_drop0p1_trmiss50_trlocradio,19,0.4066966474056244,0.6773816347122192,0.5991379310344828,0.747994458556229,0.5555555555555556,0.0,0.0,0.0,0.0,0.0,0.0,0.0,0.0,0.0,2002,radio,0.5
3,3,lr1e-04_bs32_modL1_fusion64_fusionL1_drop0p1_trmiss50_trlocradio,32,0.0001,1,64,1,0.1,lr1e-04_bs32_modL1_fusion64_fusionL1_drop0p1_trmiss50_trlocradio,20,0.39872901638348895,0.6798744201660156,0.5948275862068966,0.745588132518648,0.5555555555555556,0.0,0.0,0.0,0.0,0.0,0.0,0.0,0.0,0.0,2002,radio,0.5
3,3,lr1e-04_bs32_modL1_fusion64_fusionL1_drop0p1_trmiss50_trlocradio,32,0.0001,1,64,1,0.1,lr1e-04_bs32_modL1_fusion64_fusionL1_drop0p1_trmiss50_trlocradio,21,0.40337008237838745,0.6837920248508453,0.5862068965517242,0.7412723741534142,0.5555555555555556,0.0,0.0,0.0,0.0,0.0,0.0,0.0,0.0,0.0,2002,radio,0.5
3,3,lr1e-04_bs32_modL1_fusion64_fusionL1_drop0p1_trmiss50_trlocradio,32,0.0001,1,64,1,0.1,lr1e-04_bs32_modL1_fusion64_fusionL1_drop0p1_trmiss50_trlocradio,22,0.37792883813381195,0.6772421896457672,0.603448275862069,0.7499641079297219,0.5777777777777777,0.0,0.0,0.0,0.0,0.0,0.0,0.0,0.0,0.0,2002,radio,0.5
3,3,lr1e-04_bs32_modL1_fusion64_fusionL1_drop0p1_trmiss50_trlocradio,32,0.0001,1,64,1,0.1,lr1e-04_bs32_modL1_fusion64_fusionL1_drop0p1_trmiss50_trlocradio,23,0.36614123980204266,0.6740968227386475,0.6142241379310345,0.7542350426973687,0.5555555555555556,0.0,0.0,0.0,0.0,0.0,0.0,0.0,0.0,0.0,2002,radio,0.5
3,3,lr1e-04_bs32_modL1_fusion64_fusionL1_drop0p1_trmiss50_trlocradio,32,0.0001,1,64,1,0.1,lr1e-04_bs32_modL1_fusion64_fusionL1_drop0p1_trmiss50_trlocradio,24,0.3787327508131663,0.6718800663948059,0.6077586206896552,0.7518801735107816,0.5555555555555556,0.0,0.0,0.0,0.0,0.0,0.0,0.0,0.0,0.0,2002,radio,0.5
3,3,lr1e-04_bs32_modL1_fusion64_fusionL1_drop0p1_trmiss50_trlocradio,32,0.0001,1,64,1,0.1,lr1e-04_bs32_modL1_fusion64_fusionL1_drop0p1_trmiss50_trlocradio,25,0.3602082083622615,0.6736336350440979,0.6012931034482758,0.7510279039474321,0.5333333333333333,0.0,0.0,0.0,0.0,0.0,0.0,0.0,0.0,0.0,2002,radio,0.5
3,3,lr1e-04_bs32_modL1_fusion64_fusionL1_drop0p1_trmiss50_trlocradio,32,0.0001,1,64,1,0.1,lr1e-04_bs32_modL1_fusion64_fusionL1_drop0p1_trmiss50_trlocradio,26,0.3541537324587504,0.6761428713798523,0.6012931034482758,0.7482670651234178,0.5111111111111111,0.0,0.0,0.0,0.0,0.0,0.0,0.0,0.0,0.0,2002,radio,0.5
3,3,lr1e-04_bs32_modL1_fusion64_fusionL1_drop0p1_trmiss50_trlocradio,32,0.0001,1,64,1,0.1,lr1e-04_bs32_modL1_fusion64_fusionL1_drop0p1_trmiss50_trlocradio,27,0.3423134386539459,0.6803470849990845,0.581896551724138,0.7393702677546334,0.5111111111111111,0.0,0.0,0.0,0.0,0.0,0.0,0.0,0.0,0.0,2002,radio,0.5
3,3,lr1e-04_bs32_modL1_fusion64_fusionL1_drop0p1_trmiss50_trlocradio,32,0.0001,1,64,1,0.1,lr1e-04_bs32_modL1_fusion64_fusionL1_drop0p1_trmiss50_trlocradio,28,0.32035407920678455,0.6748014092445374,0.5818965517241379,0.749739916233292,0.5333333333333333,0.0,0.0,0.0,0.0,0.0,0.0,0.0,0.0,0.0,2002,radio,0.5
3,3,lr1e-04_bs32_modL1_fusion64_fusionL1_drop0p1_trmiss50_trlocradio,32,0.0001,1,64,1,0.1,lr1e-04_bs32_modL1_fusion64_fusionL1_drop0p1_trmiss50_trlocradio,29,0.3147498816251755,0.6737827062606812,0.5926724137931034,0.7532798002070867,0.5555555555555556,0.0,0.0,0.0,0.0,0.0,0.0,0.0,0.0,0.0,2002,radio,0.5
3,3,lr1e-04_bs32_modL1_fusion64_fusionL1_drop0p1_trmiss50_trlocradio,32,0.0001,1,64,1,0.1,lr1e-04_bs32_modL1_fusion64_fusionL1_drop0p1_trmiss50_trlocradio,30,0.3107430338859558,0.6778987050056458,0.5862068965517241,0.7405122320571635,0.5333333333333333,0.0,0.0,0.0,0.0,0.0,0.0,0.0,0.0,0.0,2002,radio,0.5
3,3,lr1e-04_bs32_modL1_fusion64_fusionL1_drop0p1_trmiss50_trlocradio,32,0.0001,1,64,1,0.1,lr1e-04_bs32_modL1_fusion64_fusionL1_drop0p1_trmiss50_trlocradio,31,0.3012384623289108,0.6799719929695129,0.5862068965517242,0.7404712095293102,0.5333333333333333,0.0,0.0,0.0,0.0,0.0,0.0,0.0,0.0,0.0,2002,radio,0.5
3,3,lr1e-04_bs32_modL1_fusion64_fusionL1_drop0p1_trmiss50_trlocradio,32,0.0001,1,64,1,0.1,lr1e-04_bs32_modL1_fusion64_fusionL1_drop0p1_trmiss50_trlocradio,32,0.30028218527634937,0.6798930466175079,0.5948275862068966,0.7440403732233252,0.5333333333333333,0.0,0.0,0.0,0.0,0.0,0.0,0.0,0.0,0.0,2002,radio,0.5
3,3,lr1e-04_bs32_modL1_fusion64_fusionL1_drop0p1_trmiss50_trlocradio,32,0.0001,1,64,1,0.1,lr1e-04_bs32_modL1_fusion64_fusionL1_drop0p1_trmiss50_trlocradio,33,0.2934492826461792,0.6757169365882874,0.6056034482758621,0.7598889239608434,0.5555555555555556,0.0,0.0,0.0,0.0,0.0,0.0,0.0,0.0,0.0,2002,radio,0.5
3,3,lr1e-04_bs32_modL1_fusion64_fusionL1_drop0p1_trmiss50_trlocradio,32,0.0001,1,64,1,0.1,lr1e-04_bs32_modL1_fusion64_fusionL1_drop0p1_trmiss50_trlocradio,34,0.28746971984704334,0.6644226908683777,0.6206896551724138,0.768983461894636,0.5777777777777777,0.0,0.0,0.0,0.0,0.0,0.0,0.0,0.0,0.0,2002,radio,0.5
3,3,lr1e-04_bs32_modL1_fusion64_fusionL1_drop0p1_trmiss50_trlocradio,32,0.0001,1,64,1,0.1,lr1e-04_bs32_modL1_fusion64_fusionL1_drop0p1_trmiss50_trlocradio,35,0.28770479063193005,0.6640297472476959,0.6163793103448275,0.767961365207997,0.5777777777777777,0.0,0.0,0.0,0.0,0.0,0.0,0.0,0.0,0.0,2002,radio,0.5
3,3,lr1e-04_bs32_modL1_fusion64_fusionL1_drop0p1_trmiss50_trlocradio,32,0.0001,1,64,1,0.1,lr1e-04_bs32_modL1_fusion64_fusionL1_drop0p1_trmiss50_trlocradio,36,0.2867215524117152,0.666723906993866,0.6142241379310345,0.7668673654962462,0.5555555555555556,0.0,0.0,0.0,0.0,0.0,0.0,0.0,0.0,0.0,2002,radio,0.5
3,3,lr1e-04_bs32_modL1_fusion64_fusionL1_drop0p1_trmiss50_trlocradio,32,0.0001,1,64,1,0.1,lr1e-04_bs32_modL1_fusion64_fusionL1_drop0p1_trmiss50_trlocradio,37,0.28345996638139087,0.6707377433776855,0.6163793103448275,0.7598061899866594,0.5777777777777777,0.0,0.0,0.0,0.0,0.0,0.0,0.0,0.0,0.0,2002,radio,0.5
3,3,lr1e-04_bs32_modL1_fusion64_fusionL1_drop0p1_trmiss50_trlocradio,32,0.0001,1,64,1,0.1,lr1e-04_bs32_modL1_fusion64_fusionL1_drop0p1_trmiss50_trlocradio,38,0.29125212629636127,0.6741961240768433,0.5991379310344828,0.7493260784495762,0.5777777777777777,0.0,0.0,0.0,0.0,0.0,0.0,0.0,0.0,0.0,2002,radio,0.5
3,3,lr1e-04_bs32_modL1_fusion64_fusionL1_drop0p1_trmiss50_trlocradio,32,0.0001,1,64,1,0.1,lr1e-04_bs32_modL1_fusion64_fusionL1_drop0p1_trmiss50_trlocradio,39,0.2853418439626694,0.6782625317573547,0.5905172413793103,0.7465250146402665,0.5555555555555556,0.0,0.0,0.0,0.0,0.0,0.0,0.0,0.0,0.0,2002,radio,0.5
3,3,lr1e-04_bs32_modL1_fusion64_fusionL1_drop0p1_trmiss50_trlocradio,32,0.0001,1,64,1,0.1,lr1e-04_bs32_modL1_fusion64_fusionL1_drop0p1_trmiss50_trlocradio,40,0.28251667817433673,0.6724371016025543,0.6012931034482758,0.7512077081856202,0.5777777777777777,0.0,0.0,0.0,0.0,0.0,0.0,0.0,0.0,0.0,2002,radio,0.5
3,3,lr1e-04_bs32_modL1_fusion64_fusionL1_drop0p1_trmiss50_trlocradio,32,0.0001,1,64,1,0.1,lr1e-04_bs32_modL1_fusion64_fusionL1_drop0p1_trmiss50_trlocradio,41,0.26542871445417404,0.6697172522544861,0.6012931034482758,0.7500195604457484,0.6,0.0,0.0,0.0,0.0,0.0,0.0,0.0,0.0,0.0,2002,radio,0.5
3,3,lr1e-04_bs32_modL1_fusion64_fusionL1_drop0p1_trmiss50_trlocradio,32,0.0001,1,64,1,0.1,lr1e-04_bs32_modL1_fusion64_fusionL1_drop0p1_trmiss50_trlocradio,42,0.2611049065987269,0.6683643758296967,0.6077586206896551,0.7522606360981335,0.6,0.0,0.0,0.0,0.0,0.0,0.0,0.0,0.0,0.0,2002,radio,0.5
3,3,lr1e-04_bs32_modL1_fusion64_fusionL1_drop0p1_trmiss50_trlocradio,32,0.0001,1,64,1,0.1,lr1e-04_bs32_modL1_fusion64_fusionL1_drop0p1_trmiss50_trlocradio,43,0.2623506337404251,0.6691372394561768,0.6034482758620691,0.7485292611739859,0.6,0.0,0.0,0.0,0.0,0.0,0.0,0.0,0.0,0.0,2002,radio,0.5
3,3,lr1e-04_bs32_modL1_fusion64_fusionL1_drop0p1_trmiss50_trlocradio,32,0.0001,1,64,1,0.1,lr1e-04_bs32_modL1_fusion64_fusionL1_drop0p1_trmiss50_trlocradio,44,0.2737460633118947,0.6680900156497955,0.603448275862069,0.7483970220987185,0.5777777777777777,0.0,0.0,0.0,0.0,0.0,0.0,0.0,0.0,0.0,2002,radio,0.5
3,3,lr1e-04_bs32_modL1_fusion64_fusionL1_drop0p1_trmiss50_trlocradio,32,0.0001,1,64,1,0.1,lr1e-04_bs32_modL1_fusion64_fusionL1_drop0p1_trmiss50_trlocradio,45,0.26693011323610943,0.6717020869255066,0.603448275862069,0.7369998150005133,0.6222222222222222,0.0,0.0,0.0,0.0,0.0,0.0,0.0,0.0,0.0,2002,radio,0.5
3,3,lr1e-04_bs32_modL1_fusion64_fusionL1_drop0p1_trmiss50_trlocradio,32,0.0001,1,64,1,0.1,lr1e-04_bs32_modL1_fusion64_fusionL1_drop0p1_trmiss50_trlocradio,46,0.2567527691523234,0.6702609360218048,0.6056034482758621,0.7394855552131137,0.6222222222222222,0.0,0.0,0.0,0.0,0.0,0.0,0.0,0.0,0.0,2002,radio,0.5
3,3,lr1e-04_bs32_modL1_fusion64_fusionL1_drop0p1_trmiss50_trlocradio,32,0.0001,1,64,1,0.1,lr1e-04_bs32_modL1_fusion64_fusionL1_drop0p1_trmiss50_trlocradio,47,0.26172542820374173,0.6685336530208588,0.6099137931034483,0.7447648066130548,0.6222222222222222,0.0,0.0,0.0,0.0,0.0,0.0,0.0,0.0,0.0,2002,radio,0.5
3,3,lr1e-04_bs32_modL1_fusion64_fusionL1_drop0p1_trmiss50_trlocradio,32,0.0001,1,64,1,0.1,lr1e-04_bs32_modL1_fusion64_fusionL1_drop0p1_trmiss50_trlocradio,48,0.24957486987113953,0.666511744260788,0.6120689655172413,0.7459963337066509,0.6,0.0,0.0,0.0,0.0,0.0,0.0,0.0,0.0,0.0,2002,radio,0.5
3,3,lr1e-04_bs32_modL1_fusion64_fusionL1_drop0p1_trmiss50_trlocradio,32,0.0001,1,64,1,0.1,lr1e-04_bs32_modL1_fusion64_fusionL1_drop0p1_trmiss50_trlocradio,49,0.24792785942554474,0.6687585711479187,0.6077586206896551,0.74069313317659,0.6222222222222222,0.0,0.0,0.0,0.0,0.0,0.0,0.0,0.0,0.0,2002,radio,0.5
3,3,lr1e-04_bs32_modL1_fusion64_fusionL1_drop0p1_trmiss50_trlocradio,32,0.0001,1,64,1,0.1,lr1e-04_bs32_modL1_fusion64_fusionL1_drop0p1_trmiss50_trlocradio,50,0.25772710392872494,0.6686273813247681,0.6077586206896552,0.7438060214981896,0.6,0.0,0.0,0.0,0.0,0.0,0.0,0.0,0.0,0.0,2002,radio,0.5
3,3,lr1e-04_bs32_modL1_fusion64_fusionL1_drop0p1_trmiss50_trlocradio,32,0.0001,1,64,1,0.1,lr1e-04_bs32_modL1_fusion64_fusionL1_drop0p1_trmiss50_trlocradio,51,0.2545703525344531,0.6688565313816071,0.6099137931034483,0.7450375485917857,0.6,0.0,0.0,0.0,0.0,0.0,0.0,0.0,0.0,0.0,2002,radio,0.5
3,3,lr1e-04_bs32_modL1_fusion64_fusionL1_drop0p1_trmiss50_trlocradio,32,0.0001,1,64,1,0.1,lr1e-04_bs32_modL1_fusion64_fusionL1_drop0p1_trmiss50_trlocradio,52,0.24643016358216605,0.6691733300685883,0.6120689655172413,0.7459156647285226,0.6,0.0,0.0,0.0,0.0,0.0,0.0,0.0,0.0,0.0,2002,radio,0.5
3,3,lr1e-04_bs32_modL1_fusion64_fusionL1_drop0p1_trmiss50_trlocradio,32,0.0001,1,64,1,0.1,lr1e-04_bs32_modL1_fusion64_fusionL1_drop0p1_trmiss50_trlocradio,53,0.2466269830862681,0.671673446893692,0.6120689655172413,0.7466088488382221,0.6,0.0,0.0,0.0,0.0,0.0,0.0,0.0,0.0,0.0,2002,radio,0.5
3,3,lr1e-04_bs32_modL1_fusion64_fusionL1_drop0p1_trmiss50_trlocradio,32,0.0001,1,64,1,0.1,lr1e-04_bs32_modL1_fusion64_fusionL1_drop0p1_trmiss50_trlocradio,54,0.24683631459871927,0.6699198782444,0.6120689655172413,0.7431510814559288,0.6,0.0,0.0,0.0,0.0,0.0,0.0,0.0,0.0,0.0,2002,radio,0.5
3,4,lr5e-05_bs16_modL1_fusion32_fusionL1_drop0p2_trmiss50_trlocradio,16,5e-05,1,32,1,0.2,lr5e-05_bs16_modL1_fusion32_fusionL1_drop0p2_trmiss50_trlocradio,1,0.7017877201239268,0.7057668765385946,0.43965517241379315,0.6195687463382537,0.4888888888888889,0.0,0.0,0.0,0.0,0.0,0.0,0.0,0.0,0.0,2002,radio,0.5
3,4,lr5e-05_bs16_modL1_fusion32_fusionL1_drop0p2_trmiss50_trlocradio,16,5e-05,1,32,1,0.2,lr5e-05_bs16_modL1_fusion32_fusionL1_drop0p2_trmiss50_trlocradio,2,0.6746082504590353,0.7118263443311056,0.4353448275862069,0.6314406024545316,0.4222222222222222,0.0,0.0,0.0,0.0,0.0,0.0,0.0,0.0,0.0,2002,radio,0.5
3,4,lr5e-05_bs16_modL1_fusion32_fusionL1_drop0p2_trmiss50_trlocradio,16,5e-05,1,32,1,0.2,lr5e-05_bs16_modL1_fusion32_fusionL1_drop0p2_trmiss50_trlocradio,3,0.6488602062066396,0.7040817538897196,0.4439655172413793,0.630535880106584,0.4444444444444444,0.0,0.0,0.0,0.0,0.0,0.0,0.0,0.0,0.0,2002,radio,0.5
3,4,lr5e-05_bs16_modL1_fusion32_fusionL1_drop0p2_trmiss50_trlocradio,16,5e-05,1,32,1,0.2,lr5e-05_bs16_modL1_fusion32_fusionL1_drop0p2_trmiss50_trlocradio,4,0.6221370647350947,0.6973451574643453,0.4655172413793104,0.636778773838713,0.4888888888888889,0.0,0.0,0.0,0.0,0.0,0.0,0.0,0.0,0.0,2002,radio,0.5
3,4,lr5e-05_bs16_modL1_fusion32_fusionL1_drop0p2_trmiss50_trlocradio,16,5e-05,1,32,1,0.2,lr5e-05_bs16_modL1_fusion32_fusionL1_drop0p2_trmiss50_trlocradio,5,0.6068175534407297,0.692986528078715,0.47413793103448276,0.6624922894963602,0.4444444444444444,0.0,0.0,0.0,0.0,0.0,0.0,0.0,0.0,0.0,2002,radio,0.5
3,4,lr5e-05_bs16_modL1_fusion32_fusionL1_drop0p2_trmiss50_trlocradio,16,5e-05,1,32,1,0.2,lr5e-05_bs16_modL1_fusion32_fusionL1_drop0p2_trmiss50_trlocradio,6,0.5931391020615896,0.685514767964681,0.5086206896551724,0.6861198032510814,0.4444444444444444,0.0,0.0,0.0,0.0,0.0,0.0,0.0,0.0,0.0,2002,radio,0.5
3,4,lr5e-05_bs16_modL1_fusion32_fusionL1_drop0p2_trmiss50_trlocradio,16,5e-05,1,32,1,0.2,lr5e-05_bs16_modL1_fusion32_fusionL1_drop0p2_trmiss50_trlocradio,7,0.5928089618682861,0.696807324886322,0.4956896551724138,0.6790886081303716,0.4444444444444444,0.0,0.0,0.0,0.0,0.0,0.0,0.0,0.0,0.0,2002,radio,0.5
3,4,lr5e-05_bs16_modL1_fusion32_fusionL1_drop0p2_trmiss50_trlocradio,16,5e-05,1,32,1,0.2,lr5e-05_bs16_modL1_fusion32_fusionL1_drop0p2_trmiss50_trlocradio,8,0.5811667566498121,0.6898049712181091,0.5064655172413792,0.6781145908584695,0.4888888888888889,0.0,0.0,0.0,0.0,0.0,0.0,0.0,0.0,0.0,2002,radio,0.5
3,4,lr5e-05_bs16_modL1_fusion32_fusionL1_drop0p2_trmiss50_trlocradio,16,5e-05,1,32,1,0.2,lr5e-05_bs16_modL1_fusion32_fusionL1_drop0p2_trmiss50_trlocradio,9,0.5698617125550905,0.6957179307937622,0.5172413793103449,0.676075733024137,0.4444444444444444,0.0,0.0,0.0,0.0,0.0,0.0,0.0,0.0,0.0,2002,radio,0.5
3,4,lr5e-05_bs16_modL1_fusion32_fusionL1_drop0p2_trmiss50_trlocradio,16,5e-05,1,32,1,0.2,lr5e-05_bs16_modL1_fusion32_fusionL1_drop0p2_trmiss50_trlocradio,10,0.5550659000873566,0.6799778342247009,0.5366379310344828,0.6864376587136715,0.4888888888888889,0.0,0.0,0.0,0.0,0.0,0.0,0.0,0.0,0.0,2002,radio,0.5
3,4,lr5e-05_bs16_modL1_fusion32_fusionL1_drop0p2_trmiss50_trlocradio,16,5e-05,1,32,1,0.2,lr5e-05_bs16_modL1_fusion32_fusionL1_drop0p2_trmiss50_trlocradio,11,0.5871465007464091,0.6810712218284607,0.5387931034482758,0.6899957293414968,0.5111111111111111,0.0,0.0,0.0,0.0,0.0,0.0,0.0,0.0,0.0,2002,radio,0.5
3,4,lr5e-05_bs16_modL1_fusion32_fusionL1_drop0p2_trmiss50_trlocradio,16,5e-05,1,32,1,0.2,lr5e-05_bs16_modL1_fusion32_fusionL1_drop0p2_trmiss50_trlocradio,12,0.5637050444881121,0.6990737517674764,0.5064655172413793,0.6723766997742225,0.4666666666666667,0.0,0.0,0.0,0.0,0.0,0.0,0.0,0.0,0.0,2002,radio,0.5
3,4,lr5e-05_bs16_modL1_fusion32_fusionL1_drop0p2_trmiss50_trlocradio,16,5e-05,1,32,1,0.2,lr5e-05_bs16_modL1_fusion32_fusionL1_drop0p2_trmiss50_trlocradio,13,0.5445823272069296,0.6994024515151978,0.5107758620689655,0.6800497136324282,0.4666666666666667,0.0,0.0,0.0,0.0,0.0,0.0,0.0,0.0,0.0,2002,radio,0.5
3,4,lr5e-05_bs16_modL1_fusion32_fusionL1_drop0p2_trmiss50_trlocradio,16,5e-05,1,32,1,0.2,lr5e-05_bs16_modL1_fusion32_fusionL1_drop0p2_trmiss50_trlocradio,14,0.53478076060613,0.6964804331461588,0.5107758620689655,0.6865739869674642,0.4666666666666667,0.0,0.0,0.0,0.0,0.0,0.0,0.0,0.0,0.0,2002,radio,0.5
3,4,lr5e-05_bs16_modL1_fusion32_fusionL1_drop0p2_trmiss50_trlocradio,16,5e-05,1,32,1,0.2,lr5e-05_bs16_modL1_fusion32_fusionL1_drop0p2_trmiss50_trlocradio,15,0.5481445069114367,0.6979672114054362,0.5043103448275862,0.6873018666937804,0.4666666666666667,0.0,0.0,0.0,0.0,0.0,0.0,0.0,0.0,0.0,2002,radio,0.5
3,4,lr5e-05_bs16_modL1_fusion32_fusionL1_drop0p2_trmiss50_trlocradio,16,5e-05,1,32,1,0.2,lr5e-05_bs16_modL1_fusion32_fusionL1_drop0p2_trmiss50_trlocradio,16,0.536339114109675,0.7034972508748373,0.5064655172413792,0.6874630200132709,0.4444444444444444,0.0,0.0,0.0,0.0,0.0,0.0,0.0,0.0,0.0,2002,radio,0.5
3,4,lr5e-05_bs16_modL1_fusion32_fusionL1_drop0p2_trmiss50_trlocradio,16,5e-05,1,32,1,0.2,lr5e-05_bs16_modL1_fusion32_fusionL1_drop0p2_trmiss50_trlocradio,17,0.5460943356156349,0.694153904914856,0.521551724137931,0.6849359959655738,0.4666666666666667,0.0,0.0,0.0,0.0,0.0,0.0,0.0,0.0,0.0,2002,radio,0.5
3,4,lr5e-05_bs16_modL1_fusion32_fusionL1_drop0p2_trmiss50_trlocradio,16,5e-05,1,32,1,0.2,lr5e-05_bs16_modL1_fusion32_fusionL1_drop0p2_trmiss50_trlocradio,18,0.5166294624408087,0.6934889356295267,0.5193965517241379,0.700175708219296,0.4666666666666667,0.0,0.0,0.0,0.0,0.0,0.0,0.0,0.0,0.0,2002,radio,0.5
3,4,lr5e-05_bs16_modL1_fusion32_fusionL1_drop0p2_trmiss50_trlocradio,16,5e-05,1,32,1,0.2,lr5e-05_bs16_modL1_fusion32_fusionL1_drop0p2_trmiss50_trlocradio,19,0.5336510067184767,0.6893125971158346,0.5280172413793104,0.7062359450038594,0.4888888888888889,0.0,0.0,0.0,0.0,0.0,0.0,0.0,0.0,0.0,2002,radio,0.5
3,4,lr5e-05_bs16_modL1_fusion32_fusionL1_drop0p2_trmiss50_trlocradio,16,5e-05,1,32,1,0.2,lr5e-05_bs16_modL1_fusion32_fusionL1_drop0p2_trmiss50_trlocradio,20,0.5294262965520223,0.6797739068667094,0.543103448275862,0.7142761199504629,0.5111111111111111,0.0,0.0,0.0,0.0,0.0,0.0,0.0,0.0,0.0,2002,radio,0.5
3,4,lr5e-05_bs16_modL1_fusion32_fusionL1_drop0p2_trmiss50_trlocradio,16,5e-05,1,32,1,0.2,lr5e-05_bs16_modL1_fusion32_fusionL1_drop0p2_trmiss50_trlocradio,21,0.5074519316355387,0.6952249805132548,0.521551724137931,0.6964324047023208,0.4888888888888889,0.0,0.0,0.0,0.0,0.0,0.0,0.0,0.0,0.0,2002,radio,0.5
3,4,lr5e-05_bs16_modL1_fusion32_fusionL1_drop0p2_trmiss50_trlocradio,16,5e-05,1,32,1,0.2,lr5e-05_bs16_modL1_fusion32_fusionL1_drop0p2_trmiss50_trlocradio,22,0.5081750576694807,0.6870315273602804,0.5301724137931034,0.7015291803226503,0.5111111111111111,0.0,0.0,0.0,0.0,0.0,0.0,0.0,0.0,0.0,2002,radio,0.5
3,4,lr5e-05_bs16_modL1_fusion32_fusionL1_drop0p2_trmiss50_trlocradio,16,5e-05,1,32,1,0.2,lr5e-05_bs16_modL1_fusion32_fusionL1_drop0p2_trmiss50_trlocradio,23,0.5103630845745405,0.6868812441825867,0.5387931034482759,0.7139323590365226,0.4888888888888889,0.0,0.0,0.0,0.0,0.0,0.0,0.0,0.0,0.0,2002,radio,0.5
3,4,lr5e-05_bs16_modL1_fusion32_fusionL1_drop0p2_trmiss50_trlocradio,16,5e-05,1,32,1,0.2,lr5e-05_bs16_modL1_fusion32_fusionL1_drop0p2_trmiss50_trlocradio,24,0.4825569937626521,0.6908712983131409,0.521551724137931,0.7003053104528402,0.4666666666666667,0.0,0.0,0.0,0.0,0.0,0.0,0.0,0.0,0.0,2002,radio,0.5
3,4,lr5e-05_bs16_modL1_fusion32_fusionL1_drop0p2_trmiss50_trlocradio,16,5e-05,1,32,1,0.2,lr5e-05_bs16_modL1_fusion32_fusionL1_drop0p2_trmiss50_trlocradio,25,0.516652042667071,0.6889771223068237,0.5431034482758621,0.720964065864614,0.5111111111111111,0.0,0.0,0.0,0.0,0.0,0.0,0.0,0.0,0.0,2002,radio,0.5
3,4,lr5e-05_bs16_modL1_fusion32_fusionL1_drop0p2_trmiss50_trlocradio,16,5e-05,1,32,1,0.2,lr5e-05_bs16_modL1_fusion32_fusionL1_drop0p2_trmiss50_trlocradio,26,0.49273700018723804,0.6860062678654989,0.5452586206896552,0.7185078494360889,0.5333333333333333,0.0,0.0,0.0,0.0,0.0,0.0,0.0,0.0,0.0,2002,radio,0.5
3,4,lr5e-05_bs16_modL1_fusion32_fusionL1_drop0p2_trmiss50_trlocradio,16,5e-05,1,32,1,0.2,lr5e-05_bs16_modL1_fusion32_fusionL1_drop0p2_trmiss50_trlocradio,27,0.48520245403051376,0.6850666602452596,0.5538793103448276,0.7253990396874247,0.4888888888888889,0.0,0.0,0.0,0.0,0.0,0.0,0.0,0.0,0.0,2002,radio,0.5
3,4,lr5e-05_bs16_modL1_fusion32_fusionL1_drop0p2_trmiss50_trlocradio,16,5e-05,1,32,1,0.2,lr5e-05_bs16_modL1_fusion32_fusionL1_drop0p2_trmiss50_trlocradio,28,0.4888978525996208,0.6887117822964987,0.5387931034482758,0.7168251937894624,0.5111111111111111,0.0,0.0,0.0,0.0,0.0,0.0,0.0,0.0,0.0,2002,radio,0.5
3,4,lr5e-05_bs16_modL1_fusion32_fusionL1_drop0p2_trmiss50_trlocradio,16,5e-05,1,32,1,0.2,lr5e-05_bs16_modL1_fusion32_fusionL1_drop0p2_trmiss50_trlocradio,29,0.4847115029891332,0.6877770026524862,0.5431034482758621,0.7187651209370333,0.5333333333333333,0.0,0.0,0.0,0.0,0.0,0.0,0.0,0.0,0.0,2002,radio,0.5
3,4,lr5e-05_bs16_modL1_fusion32_fusionL1_drop0p2_trmiss50_trlocradio,16,5e-05,1,32,1,0.2,lr5e-05_bs16_modL1_fusion32_fusionL1_drop0p2_trmiss50_trlocradio,30,0.48790643860896427,0.693509558836619,0.5387931034482759,0.7176540088186617,0.5111111111111111,0.0,0.0,0.0,0.0,0.0,0.0,0.0,0.0,0.0,2002,radio,0.5
3,4,lr5e-05_bs16_modL1_fusion32_fusionL1_drop0p2_trmiss50_trlocradio,16,5e-05,1,32,1,0.2,lr5e-05_bs16_modL1_fusion32_fusionL1_drop0p2_trmiss50_trlocradio,31,0.49045736839373905,0.6887604792912801,0.5366379310344828,0.7125075483375155,0.5333333333333333,0.0,0.0,0.0,0.0,0.0,0.0,0.0,0.0,0.0,2002,radio,0.5
3,4,lr5e-05_bs16_modL1_fusion32_fusionL1_drop0p2_trmiss50_trlocradio,16,5e-05,1,32,1,0.2,lr5e-05_bs16_modL1_fusion32_fusionL1_drop0p2_trmiss50_trlocradio,32,0.487351896862189,0.6835451324780782,0.5431034482758621,0.7199047018390713,0.5555555555555556,0.0,0.0,0.0,0.0,0.0,0.0,0.0,0.0,0.0,2002,radio,0.5
3,4,lr5e-05_bs16_modL1_fusion32_fusionL1_drop0p2_trmiss50_trlocradio,16,5e-05,1,32,1,0.2,lr5e-05_bs16_modL1_fusion32_fusionL1_drop0p2_trmiss50_trlocradio,33,0.48639800399541855,0.6847274303436279,0.5344827586206897,0.7139788535645589,0.5333333333333333,0.0,0.0,0.0,0.0,0.0,0.0,0.0,0.0,0.0,2002,radio,0.5
3,4,lr5e-05_bs16_modL1_fusion32_fusionL1_drop0p2_trmiss50_trlocradio,16,5e-05,1,32,1,0.2,lr5e-05_bs16_modL1_fusion32_fusionL1_drop0p2_trmiss50_trlocradio,34,0.4972750097513199,0.6734937230745951,0.5452586206896552,0.7180357021246956,0.5555555555555556,0.0,0.0,0.0,0.0,0.0,0.0,0.0,0.0,0.0,2002,radio,0.5
3,4,lr5e-05_bs16_modL1_fusion32_fusionL1_drop0p2_trmiss50_trlocradio,16,5e-05,1,32,1,0.2,lr5e-05_bs16_modL1_fusion32_fusionL1_drop0p2_trmiss50_trlocradio,35,0.4844028825561206,0.6734970808029175,0.5625,0.7289198506044038,0.5555555555555556,0.0,0.0,0.0,0.0,0.0,0.0,0.0,0.0,0.0,2002,radio,0.5
3,4,lr5e-05_bs16_modL1_fusion32_fusionL1_drop0p2_trmiss50_trlocradio,16,5e-05,1,32,1,0.2,lr5e-05_bs16_modL1_fusion32_fusionL1_drop0p2_trmiss50_trlocradio,36,0.4782532900571823,0.6857901612917582,0.5258620689655172,0.700618215902911,0.5555555555555556,0.0,0.0,0.0,0.0,0.0,0.0,0.0,0.0,0.0,2002,radio,0.5
3,4,lr5e-05_bs16_modL1_fusion32_fusionL1_drop0p2_trmiss50_trlocradio,16,5e-05,1,32,1,0.2,lr5e-05_bs16_modL1_fusion32_fusionL1_drop0p2_trmiss50_trlocradio,37,0.4662778054674466,0.6825778683026632,0.5258620689655172,0.6998535423922828,0.5555555555555556,0.0,0.0,0.0,0.0,0.0,0.0,0.0,0.0,0.0,2002,radio,0.5
3,4,lr5e-05_bs16_modL1_fusion32_fusionL1_drop0p2_trmiss50_trlocradio,16,5e-05,1,32,1,0.2,lr5e-05_bs16_modL1_fusion32_fusionL1_drop0p2_trmiss50_trlocradio,38,0.4559284547964732,0.6734481255213419,0.5538793103448276,0.727315414118091,0.5777777777777777,0.0,0.0,0.0,0.0,0.0,0.0,0.0,0.0,0.0,2002,radio,0.5
3,4,lr5e-05_bs16_modL1_fusion32_fusionL1_drop0p2_trmiss50_trlocradio,16,5e-05,1,32,1,0.2,lr5e-05_bs16_modL1_fusion32_fusionL1_drop0p2_trmiss50_trlocradio,39,0.4855886722604434,0.6897120277086893,0.5452586206896552,0.727683764377217,0.5555555555555556,0.0,0.0,0.0,0.0,0.0,0.0,0.0,0.0,0.0,2002,radio,0.5
3,4,lr5e-05_bs16_modL1_fusion32_fusionL1_drop0p2_trmiss50_trlocradio,16,5e-05,1,32,1,0.2,lr5e-05_bs16_modL1_fusion32_fusionL1_drop0p2_trmiss50_trlocradio,40,0.49764589468638104,0.6902560989061991,0.5495689655172413,0.7307748224458775,0.5333333333333333,0.0,0.0,0.0,0.0,0.0,0.0,0.0,0.0,0.0,2002,radio,0.5
3,4,lr5e-05_bs16_modL1_fusion32_fusionL1_drop0p2_trmiss50_trlocradio,16,5e-05,1,32,1,0.2,lr5e-05_bs16_modL1_fusion32_fusionL1_drop0p2_trmiss50_trlocradio,41,0.4948262969652812,0.6810093720753988,0.5474137931034483,0.7248024476532188,0.5777777777777777,0.0,0.0,0.0,0.0,0.0,0.0,0.0,0.0,0.0,2002,radio,0.5
3,4,lr5e-05_bs16_modL1_fusion32_fusionL1_drop0p2_trmiss50_trlocradio,16,5e-05,1,32,1,0.2,lr5e-05_bs16_modL1_fusion32_fusionL1_drop0p2_trmiss50_trlocradio,42,0.4954558461904526,0.6899750034014384,0.5323275862068966,0.7148152634482595,0.5555555555555556,0.0,0.0,0.0,0.0,0.0,0.0,0.0,0.0,0.0,2002,radio,0.5
3,4,lr5e-05_bs16_modL1_fusion32_fusionL1_drop0p2_trmiss50_trlocradio,16,5e-05,1,32,1,0.2,lr5e-05_bs16_modL1_fusion32_fusionL1_drop0p2_trmiss50_trlocradio,43,0.46912289907534915,0.6842082341512045,0.5431034482758621,0.7203428791465326,0.5555555555555556,0.0,0.0,0.0,0.0,0.0,0.0,0.0,0.0,0.0,2002,radio,0.5
3,4,lr5e-05_bs16_modL1_fusion32_fusionL1_drop0p2_trmiss50_trlocradio,16,5e-05,1,32,1,0.2,lr5e-05_bs16_modL1_fusion32_fusionL1_drop0p2_trmiss50_trlocradio,44,0.48581958065430325,0.6974478761355082,0.5258620689655172,0.7073694955805315,0.5333333333333333,0.0,0.0,0.0,0.0,0.0,0.0,0.0,0.0,0.0,2002,radio,0.5
3,4,lr5e-05_bs16_modL1_fusion32_fusionL1_drop0p2_trmiss50_trlocradio,16,5e-05,1,32,1,0.2,lr5e-05_bs16_modL1_fusion32_fusionL1_drop0p2_trmiss50_trlocradio,45,0.4760990043481191,0.7000290751457214,0.5301724137931034,0.7096276527407385,0.5111111111111111,0.0,0.0,0.0,0.0,0.0,0.0,0.0,0.0,0.0,2002,radio,0.5
3,4,lr5e-05_bs16_modL1_fusion32_fusionL1_drop0p2_trmiss50_trlocradio,16,5e-05,1,32,1,0.2,lr5e-05_bs16_modL1_fusion32_fusionL1_drop0p2_trmiss50_trlocradio,46,0.48214422166347504,0.6969415148099264,0.5323275862068966,0.7153904373009979,0.5333333333333333,0.0,0.0,0.0,0.0,0.0,0.0,0.0,0.0,0.0,2002,radio,0.5
3,4,lr5e-05_bs16_modL1_fusion32_fusionL1_drop0p2_trmiss50_trlocradio,16,5e-05,1,32,1,0.2,lr5e-05_bs16_modL1_fusion32_fusionL1_drop0p2_trmiss50_trlocradio,47,0.4591691866517067,0.6792205373446146,0.5431034482758621,0.7176902059129852,0.5555555555555556,0.0,0.0,0.0,0.0,0.0,0.0,0.0,0.0,0.0,2002,radio,0.5
3,4,lr5e-05_bs16_modL1_fusion32_fusionL1_drop0p2_trmiss50_trlocradio,16,5e-05,1,32,1,0.2,lr5e-05_bs16_modL1_fusion32_fusionL1_drop0p2_trmiss50_trlocradio,48,0.4523903578519821,0.6775578856468201,0.5517241379310345,0.726895872521614,0.5777777777777777,0.0,0.0,0.0,0.0,0.0,0.0,0.0,0.0,0.0,2002,radio,0.5
3,4,lr5e-05_bs16_modL1_fusion32_fusionL1_drop0p2_trmiss50_trlocradio,16,5e-05,1,32,1,0.2,lr5e-05_bs16_modL1_fusion32_fusionL1_drop0p2_trmiss50_trlocradio,49,0.49234327922264737,0.6951257586479187,0.5452586206896551,0.722160466299692,0.5333333333333333,0.0,0.0,0.0,0.0,0.0,0.0,0.0,0.0,0.0,2002,radio,0.5
3,4,lr5e-05_bs16_modL1_fusion32_fusionL1_drop0p2_trmiss50_trlocradio,16,5e-05,1,32,1,0.2,lr5e-05_bs16_modL1_fusion32_fusionL1_drop0p2_trmiss50_trlocradio,50,0.47672995924949646,0.6960225502649943,0.5301724137931034,0.7147879469963724,0.4888888888888889,0.0,0.0,0.0,0.0,0.0,0.0,0.0,0.0,0.0,2002,radio,0.5
3,4,lr5e-05_bs16_modL1_fusion32_fusionL1_drop0p2_trmiss50_trlocradio,16,5e-05,1,32,1,0.2,lr5e-05_bs16_modL1_fusion32_fusionL1_drop0p2_trmiss50_trlocradio,51,0.46320093671480816,0.6981022953987122,0.5280172413793103,0.7129859206523262,0.5333333333333333,0.0,0.0,0.0,0.0,0.0,0.0,0.0,0.0,0.0,2002,radio,0.5
3,4,lr5e-05_bs16_modL1_fusion32_fusionL1_drop0p2_trmiss50_trlocradio,16,5e-05,1,32,1,0.2,lr5e-05_bs16_modL1_fusion32_fusionL1_drop0p2_trmiss50_trlocradio,52,0.480299673974514,0.6926774978637695,0.5280172413793103,0.7134584025729772,0.5555555555555556,0.0,0.0,0.0,0.0,0.0,0.0,0.0,0.0,0.0,2002,radio,0.5
3,4,lr5e-05_bs16_modL1_fusion32_fusionL1_drop0p2_trmiss50_trlocradio,16,5e-05,1,32,1,0.2,lr5e-05_bs16_modL1_fusion32_fusionL1_drop0p2_trmiss50_trlocradio,53,0.47377309451500577,0.6899358232816061,0.5387931034482758,0.7204969053841946,0.5555555555555556,0.0,0.0,0.0,0.0,0.0,0.0,0.0,0.0,0.0,2002,radio,0.5
3,4,lr5e-05_bs16_modL1_fusion32_fusionL1_drop0p2_trmiss50_trlocradio,16,5e-05,1,32,1,0.2,lr5e-05_bs16_modL1_fusion32_fusionL1_drop0p2_trmiss50_trlocradio,54,0.45426975438992184,0.6769839326540629,0.5474137931034483,0.7239342601974522,0.5555555555555556,0.0,0.0,0.0,0.0,0.0,0.0,0.0,0.0,0.0,2002,radio,0.5
3,4,lr5e-05_bs16_modL1_fusion32_fusionL1_drop0p2_trmiss50_trlocradio,16,5e-05,1,32,1,0.2,lr5e-05_bs16_modL1_fusion32_fusionL1_drop0p2_trmiss50_trlocradio,55,0.4751448904474576,0.6823559999465942,0.5323275862068966,0.7134760411269668,0.5555555555555556,0.0,0.0,0.0,0.0,0.0,0.0,0.0,0.0,0.0,2002,radio,0.5
3,4,lr5e-05_bs16_modL1_fusion32_fusionL1_drop0p1_trmiss50_trlocradio,16,5e-05,1,32,1,0.1,lr5e-05_bs16_modL1_fusion32_fusionL1_drop0p1_trmiss50_trlocradio,1,0.6856834391752878,0.6751028498013815,0.5732758620689655,0.7610961539383301,0.6222222222222222,0.0,0.0,0.0,0.0,0.0,0.0,0.0,0.0,0.0,2002,radio,0.5
3,4,lr5e-05_bs16_modL1_fusion32_fusionL1_drop0p1_trmiss50_trlocradio,16,5e-05,1,32,1,0.1,lr5e-05_bs16_modL1_fusion32_fusionL1_drop0p1_trmiss50_trlocradio,2,0.6373737901449203,0.6598217487335205,0.5862068965517241,0.7812124789309254,0.5777777777777777,0.0,0.0,0.0,0.0,0.0,0.0,0.0,0.0,0.0,2002,radio,0.5
3,4,lr5e-05_bs16_modL1_fusion32_fusionL1_drop0p1_trmiss50_trlocradio,16,5e-05,1,32,1,0.1,lr5e-05_bs16_modL1_fusion32_fusionL1_drop0p1_trmiss50_trlocradio,3,0.6293506324291229,0.662692666053772,0.5431034482758621,0.7615636685254166,0.6,0.0,0.0,0.0,0.0,0.0,0.0,0.0,0.0,0.0,2002,radio,0.5
3,4,lr5e-05_bs16_modL1_fusion32_fusionL1_drop0p1_trmiss50_trlocradio,16,5e-05,1,32,1,0.1,lr5e-05_bs16_modL1_fusion32_fusionL1_drop0p1_trmiss50_trlocradio,4,0.6099100808302561,0.6542824308077494,0.5517241379310345,0.7671526245917457,0.5777777777777777,0.0,0.0,0.0,0.0,0.0,0.0,0.0,0.0,0.0,2002,radio,0.5
3,4,lr5e-05_bs16_modL1_fusion32_fusionL1_drop0p1_trmiss50_trlocradio,16,5e-05,1,32,1,0.1,lr5e-05_bs16_modL1_fusion32_fusionL1_drop0p1_trmiss50_trlocradio,5,0.5920540740092596,0.6537927786509196,0.5258620689655172,0.7519870915159865,0.5333333333333333,0.0,0.0,0.0,0.0,0.0,0.0,0.0,0.0,0.0,2002,radio,0.5
3,4,lr5e-05_bs16_modL1_fusion32_fusionL1_drop0p1_trmiss50_trlocradio,16,5e-05,1,32,1,0.1,lr5e-05_bs16_modL1_fusion32_fusionL1_drop0p1_trmiss50_trlocradio,6,0.5919013520081838,0.6472907662391663,0.5625000000000001,0.764434237279972,0.5555555555555556,0.0,0.0,0.0,0.0,0.0,0.0,0.0,0.0,0.0,2002,radio,0.5
3,4,lr5e-05_bs16_modL1_fusion32_fusionL1_drop0p1_trmiss50_trlocradio,16,5e-05,1,32,1,0.1,lr5e-05_bs16_modL1_fusion32_fusionL1_drop0p1_trmiss50_trlocradio,7,0.5847610781590143,0.6475293040275574,0.5689655172413793,0.7747952910098554,0.5555555555555556,0.0,0.0,0.0,0.0,0.0,0.0,0.0,0.0,0.0,2002,radio,0.5
3,4,lr5e-05_bs16_modL1_fusion32_fusionL1_drop0p1_trmiss50_trlocradio,16,5e-05,1,32,1,0.1,lr5e-05_bs16_modL1_fusion32_fusionL1_drop0p1_trmiss50_trlocradio,8,0.5686750163634618,0.6472771167755127,0.5646551724137931,0.781965413169708,0.5555555555555556,0.0,0.0,0.0,0.0,0.0,0.0,0.0,0.0,0.0,2002,radio,0.5
3,4,lr5e-05_bs16_modL1_fusion32_fusionL1_drop0p1_trmiss50_trlocradio,16,5e-05,1,32,1,0.1,lr5e-05_bs16_modL1_fusion32_fusionL1_drop0p1_trmiss50_trlocradio,9,0.5681190540393194,0.6451746622721354,0.5625,0.7735023548571578,0.5555555555555556,0.0,0.0,0.0,0.0,0.0,0.0,0.0,0.0,0.0,2002,radio,0.5
3,4,lr5e-05_bs16_modL1_fusion32_fusionL1_drop0p1_trmiss50_trlocradio,16,5e-05,1,32,1,0.1,lr5e-05_bs16_modL1_fusion32_fusionL1_drop0p1_trmiss50_trlocradio,10,0.5562590261300405,0.6392777959505717,0.6012931034482759,0.79498374680231,0.5555555555555556,0.0,0.0,0.0,0.0,0.0,0.0,0.0,0.0,0.0,2002,radio,0.5
3,4,lr5e-05_bs16_modL1_fusion32_fusionL1_drop0p1_trmiss50_trlocradio,16,5e-05,1,32,1,0.1,lr5e-05_bs16_modL1_fusion32_fusionL1_drop0p1_trmiss50_trlocradio,11,0.5585792114337286,0.6457165280977885,0.5689655172413793,0.7727574990985746,0.5555555555555556,0.0,0.0,0.0,0.0,0.0,0.0,0.0,0.0,0.0,2002,radio,0.5
3,4,lr5e-05_bs16_modL1_fusion32_fusionL1_drop0p1_trmiss50_trlocradio,16,5e-05,1,32,1,0.1,lr5e-05_bs16_modL1_fusion32_fusionL1_drop0p1_trmiss50_trlocradio,12,0.5371031413475672,0.6393297712008158,0.6056034482758621,0.7956764481407688,0.5333333333333333,0.0,0.0,0.0,0.0,0.0,0.0,0.0,0.0,0.0,2002,radio,0.5
3,4,lr5e-05_bs16_modL1_fusion32_fusionL1_drop0p1_trmiss50_trlocradio,16,5e-05,1,32,1,0.1,lr5e-05_bs16_modL1_fusion32_fusionL1_drop0p1_trmiss50_trlocradio,13,0.5240302085876465,0.635690172513326,0.6163793103448276,0.808033906411888,0.5333333333333333,0.0,0.0,0.0,0.0,0.0,0.0,0.0,0.0,0.0,2002,radio,0.5
3,4,lr5e-05_bs16_modL1_fusion32_fusionL1_drop0p1_trmiss50_trlocradio,16,5e-05,1,32,1,0.1,lr5e-05_bs16_modL1_fusion32_fusionL1_drop0p1_trmiss50_trlocradio,14,0.5288099224368731,0.6361011068026224,0.6077586206896552,0.8001345257631964,0.5333333333333333,0.0,0.0,0.0,0.0,0.0,0.0,0.0,0.0,0.0,2002,radio,0.5
3,4,lr5e-05_bs16_modL1_fusion32_fusionL1_drop0p1_trmiss50_trlocradio,16,5e-05,1,32,1,0.1,lr5e-05_bs16_modL1_fusion32_fusionL1_drop0p1_trmiss50_trlocradio,15,0.5115855087836584,0.6364120244979858,0.5883620689655172,0.784199535006018,0.5555555555555556,0.0,0.0,0.0,0.0,0.0,0.0,0.0,0.0,0.0,2002,radio,0.5
3,4,lr5e-05_bs16_modL1_fusion32_fusionL1_drop0p1_trmiss50_trlocradio,16,5e-05,1,32,1,0.1,lr5e-05_bs16_modL1_fusion32_fusionL1_drop0p1_trmiss50_trlocradio,16,0.5010379826029142,0.6266255378723145,0.6142241379310345,0.8036176726115101,0.5555555555555556,0.0,0.0,0.0,0.0,0.0,0.0,0.0,0.0,0.0,2002,radio,0.5
3,4,lr5e-05_bs16_modL1_fusion32_fusionL1_drop0p1_trmiss50_trlocradio,16,5e-05,1,32,1,0.1,lr5e-05_bs16_modL1_fusion32_fusionL1_drop0p1_trmiss50_trlocradio,17,0.5043837403257688,0.6232847968737284,0.6336206896551725,0.8098690819039143,0.5333333333333333,0.0,0.0,0.0,0.0,0.0,0.0,0.0,0.0,0.0,2002,radio,0.5
3,4,lr5e-05_bs16_modL1_fusion32_fusionL1_drop0p1_trmiss50_trlocradio,16,5e-05,1,32,1,0.1,lr5e-05_bs16_modL1_fusion32_fusionL1_drop0p1_trmiss50_trlocradio,18,0.5021808917323748,0.6218207677205404,0.6465517241379309,0.8185606941130936,0.5777777777777777,0.0,0.0,0.0,0.0,0.0,0.0,0.0,0.0,0.0,2002,radio,0.5
3,4,lr5e-05_bs16_modL1_fusion32_fusionL1_drop0p1_trmiss50_trlocradio,16,5e-05,1,32,1,0.1,lr5e-05_bs16_modL1_fusion32_fusionL1_drop0p1_trmiss50_trlocradio,19,0.498051052292188,0.6180089910825094,0.6616379310344828,0.8245984994559503,0.6,0.0,0.0,0.0,0.0,0.0,0.0,0.0,0.0,0.0,2002,radio,0.5
3,4,lr5e-05_bs16_modL1_fusion32_fusionL1_drop0p1_trmiss50_trlocradio,16,5e-05,1,32,1,0.1,lr5e-05_bs16_modL1_fusion32_fusionL1_drop0p1_trmiss50_trlocradio,20,0.502570832769076,0.6247643828392029,0.646551724137931,0.8125820712182514,0.6,0.0,0.0,0.0,0.0,0.0,0.0,0.0,0.0,0.0,2002,radio,0.5
3,4,lr5e-05_bs16_modL1_fusion32_fusionL1_drop0p1_trmiss50_trlocradio,16,5e-05,1,32,1,0.1,lr5e-05_bs16_modL1_fusion32_fusionL1_drop0p1_trmiss50_trlocradio,21,0.4821602900822957,0.6158531109491984,0.6594827586206897,0.8168182936211639,0.6,0.0,0.0,0.0,0.0,0.0,0.0,0.0,0.0,0.0,2002,radio,0.5
3,4,lr5e-05_bs16_modL1_fusion32_fusionL1_drop0p1_trmiss50_trlocradio,16,5e-05,1,32,1,0.1,lr5e-05_bs16_modL1_fusion32_fusionL1_drop0p1_trmiss50_trlocradio,22,0.4681527838110924,0.619575579961141,0.6508620689655172,0.8120431103896686,0.6,0.0,0.0,0.0,0.0,0.0,0.0,0.0,0.0,0.0,2002,radio,0.5
3,4,lr5e-05_bs16_modL1_fusion32_fusionL1_drop0p1_trmiss50_trlocradio,16,5e-05,1,32,1,0.1,lr5e-05_bs16_modL1_fusion32_fusionL1_drop0p1_trmiss50_trlocradio,23,0.47400324543317157,0.6265289584795634,0.6228448275862069,0.8022978011957749,0.5777777777777777,0.0,0.0,0.0,0.0,0.0,0.0,0.0,0.0,0.0,2002,radio,0.5
3,4,lr5e-05_bs16_modL1_fusion32_fusionL1_drop0p1_trmiss50_trlocradio,16,5e-05,1,32,1,0.1,lr5e-05_bs16_modL1_fusion32_fusionL1_drop0p1_trmiss50_trlocradio,24,0.47778122623761493,0.6268644134203593,0.6336206896551724,0.8103420306979958,0.5777777777777777,0.0,0.0,0.0,0.0,0.0,0.0,0.0,0.0,0.0,2002,radio,0.5
3,4,lr5e-05_bs16_modL1_fusion32_fusionL1_drop0p1_trmiss50_trlocradio,16,5e-05,1,32,1,0.1,lr5e-05_bs16_modL1_fusion32_fusionL1_drop0p1_trmiss50_trlocradio,25,0.4773116235931714,0.6144163608551025,0.6487068965517242,0.8197095065728914,0.6222222222222222,0.0,0.0,0.0,0.0,0.0,0.0,0.0,0.0,0.0,2002,radio,0.5
3,4,lr5e-05_bs16_modL1_fusion32_fusionL1_drop0p1_trmiss50_trlocradio,16,5e-05,1,32,1,0.1,lr5e-05_bs16_modL1_fusion32_fusionL1_drop0p1_trmiss50_trlocradio,26,0.4641958723465602,0.6280577778816223,0.6163793103448276,0.7864795995782545,0.6444444444444445,0.0,0.0,0.0,0.0,0.0,0.0,0.0,0.0,0.0,2002,radio,0.5
3,4,lr5e-05_bs16_modL1_fusion32_fusionL1_drop0p1_trmiss50_trlocradio,16,5e-05,1,32,1,0.1,lr5e-05_bs16_modL1_fusion32_fusionL1_drop0p1_trmiss50_trlocradio,27,0.44937562694152194,0.6289782722791036,0.6228448275862069,0.7978959671089179,0.6,0.0,0.0,0.0,0.0,0.0,0.0,0.0,0.0,0.0,2002,radio,0.5
3,4,lr5e-05_bs16_modL1_fusion32_fusionL1_drop0p1_trmiss50_trlocradio,16,5e-05,1,32,1,0.1,lr5e-05_bs16_modL1_fusion32_fusionL1_drop0p1_trmiss50_trlocradio,28,0.44302142908175784,0.6287121971448263,0.6314655172413792,0.7997986830655455,0.6222222222222222,0.0,0.0,0.0,0.0,0.0,0.0,0.0,0.0,0.0,2002,radio,0.5
3,4,lr5e-05_bs16_modL1_fusion32_fusionL1_drop0p1_trmiss50_trlocradio,16,5e-05,1,32,1,0.1,lr5e-05_bs16_modL1_fusion32_fusionL1_drop0p1_trmiss50_trlocradio,29,0.44344477852185565,0.6237799326578776,0.646551724137931,0.8144747617763224,0.6222222222222222,0.0,0.0,0.0,0.0,0.0,0.0,0.0,0.0,0.0,2002,radio,0.5
3,4,lr5e-05_bs16_modL1_fusion32_fusionL1_drop0p1_trmiss50_trlocradio,16,5e-05,1,32,1,0.1,lr5e-05_bs16_modL1_fusion32_fusionL1_drop0p1_trmiss50_trlocradio,30,0.4465557609995206,0.6167972882588705,0.6724137931034483,0.8285596408813305,0.6222222222222222,0.0,0.0,0.0,0.0,0.0,0.0,0.0,0.0,0.0,2002,radio,0.5
3,4,lr5e-05_bs16_modL1_fusion32_fusionL1_drop0p1_trmiss50_trlocradio,16,5e-05,1,32,1,0.1,lr5e-05_bs16_modL1_fusion32_fusionL1_drop0p1_trmiss50_trlocradio,31,0.40970785170793533,0.6248061458269755,0.6616379310344828,0.8180382048131527,0.6888888888888889,0.0,0.0,0.0,0.0,0.0,0.0,0.0,0.0,0.0,2002,radio,0.5
3,4,lr5e-05_bs16_modL1_fusion32_fusionL1_drop0p1_trmiss50_trlocradio,16,5e-05,1,32,1,0.1,lr5e-05_bs16_modL1_fusion32_fusionL1_drop0p1_trmiss50_trlocradio,32,0.44809821496407193,0.6185863018035889,0.6810344827586208,0.8310459686980827,0.6888888888888889,0.0,0.0,0.0,0.0,0.0,0.0,0.0,0.0,0.0,2002,radio,0.5
3,4,lr5e-05_bs16_modL1_fusion32_fusionL1_drop0p1_trmiss50_trlocradio,16,5e-05,1,32,1,0.1,lr5e-05_bs16_modL1_fusion32_fusionL1_drop0p1_trmiss50_trlocradio,33,0.43023542563120526,0.6203360160191854,0.6745689655172413,0.8245428235142778,0.6888888888888889,0.0,0.0,0.0,0.0,0.0,0.0,0.0,0.0,0.0,2002,radio,0.5
3,4,lr5e-05_bs16_modL1_fusion32_fusionL1_drop0p1_trmiss50_trlocradio,16,5e-05,1,32,1,0.1,lr5e-05_bs16_modL1_fusion32_fusionL1_drop0p1_trmiss50_trlocradio,34,0.4142554650704066,0.6155677239100138,0.6767241379310345,0.8234359037415806,0.6666666666666666,0.0,0.0,0.0,0.0,0.0,0.0,0.0,0.0,0.0,2002,radio,0.5
3,4,lr5e-05_bs16_modL1_fusion32_fusionL1_drop0p1_trmiss50_trlocradio,16,5e-05,1,32,1,0.1,lr5e-05_bs16_modL1_fusion32_fusionL1_drop0p1_trmiss50_trlocradio,35,0.4439757987856865,0.6155391335487366,0.6810344827586208,0.8313121726867616,0.6666666666666666,0.0,0.0,0.0,0.0,0.0,0.0,0.0,0.0,0.0,2002,radio,0.5
3,4,lr5e-05_bs16_modL1_fusion32_fusionL1_drop0p1_trmiss50_trlocradio,16,5e-05,1,32,1,0.1,lr5e-05_bs16_modL1_fusion32_fusionL1_drop0p1_trmiss50_trlocradio,36,0.4105207497874896,0.61613396803538,0.6745689655172413,0.8210716896486914,0.6444444444444445,0.0,0.0,0.0,0.0,0.0,0.0,0.0,0.0,0.0,2002,radio,0.5
3,4,lr5e-05_bs16_modL1_fusion32_fusionL1_drop0p1_trmiss50_trlocradio,16,5e-05,1,32,1,0.1,lr5e-05_bs16_modL1_fusion32_fusionL1_drop0p1_trmiss50_trlocradio,37,0.43042922019958496,0.6138182481129965,0.6810344827586208,0.8363390440527543,0.6444444444444445,0.0,0.0,0.0,0.0,0.0,0.0,0.0,0.0,0.0,2002,radio,0.5
3,4,lr5e-05_bs16_modL1_fusion32_fusionL1_drop0p1_trmiss50_trlocradio,16,5e-05,1,32,1,0.1,lr5e-05_bs16_modL1_fusion32_fusionL1_drop0p1_trmiss50_trlocradio,38,0.4365186442931493,0.6147771875063578,0.6681034482758621,0.8245200586211423,0.6222222222222222,0.0,0.0,0.0,0.0,0.0,0.0,0.0,0.0,0.0,2002,radio,0.5
3,4,lr5e-05_bs16_modL1_fusion32_fusionL1_drop0p1_trmiss50_trlocradio,16,5e-05,1,32,1,0.1,lr5e-05_bs16_modL1_fusion32_fusionL1_drop0p1_trmiss50_trlocradio,39,0.4442662099997203,0.6138537327448527,0.6637931034482759,0.8173131154506539,0.6,0.0,0.0,0.0,0.0,0.0,0.0,0.0,0.0,0.0,2002,radio,0.5
3,4,lr5e-05_bs16_modL1_fusion32_fusionL1_drop0p1_trmiss50_trlocradio,16,5e-05,1,32,1,0.1,lr5e-05_bs16_modL1_fusion32_fusionL1_drop0p1_trmiss50_trlocradio,40,0.4267023255427678,0.6189906597137451,0.6702586206896551,0.8262670713679547,0.6444444444444445,0.0,0.0,0.0,0.0,0.0,0.0,0.0,0.0,0.0,2002,radio,0.5
3,4,lr5e-05_bs16_modL1_fusion32_fusionL1_drop0p1_trmiss50_trlocradio,16,5e-05,1,32,1,0.1,lr5e-05_bs16_modL1_fusion32_fusionL1_drop0p1_trmiss50_trlocradio,41,0.401489886144797,0.6194120248158773,0.665948275862069,0.8218833472441163,0.6666666666666666,0.0,0.0,0.0,0.0,0.0,0.0,0.0,0.0,0.0,2002,radio,0.5
3,4,lr5e-05_bs16_modL1_fusion32_fusionL1_drop0p1_trmiss50_trlocradio,16,5e-05,1,32,1,0.1,lr5e-05_bs16_modL1_fusion32_fusionL1_drop0p1_trmiss50_trlocradio,42,0.39231116821368534,0.6179433465003967,0.6637931034482759,0.8206865555300831,0.6222222222222222,0.0,0.0,0.0,0.0,0.0,0.0,0.0,0.0,0.0,2002,radio,0.5
3,4,lr5e-05_bs16_modL1_fusion32_fusionL1_drop0p1_trmiss50_trlocradio,16,5e-05,1,32,1,0.1,lr5e-05_bs16_modL1_fusion32_fusionL1_drop0p1_trmiss50_trlocradio,43,0.4082031523187955,0.6314267714818319,0.6487068965517241,0.8145110707748513,0.6222222222222222,0.0,0.0,0.0,0.0,0.0,0.0,0.0,0.0,0.0,2002,radio,0.5
3,4,lr5e-05_bs16_modL1_fusion32_fusionL1_drop0p1_trmiss50_trlocradio,16,5e-05,1,32,1,0.1,lr5e-05_bs16_modL1_fusion32_fusionL1_drop0p1_trmiss50_trlocradio,44,0.3971630111336708,0.6280564665794373,0.646551724137931,0.817656241971968,0.6222222222222222,0.0,0.0,0.0,0.0,0.0,0.0,0.0,0.0,0.0,2002,radio,0.5
3,4,lr5e-05_bs16_modL1_fusion32_fusionL1_drop0p1_trmiss50_trlocradio,16,5e-05,1,32,1,0.1,lr5e-05_bs16_modL1_fusion32_fusionL1_drop0p1_trmiss50_trlocradio,45,0.4195447737971942,0.632432738939921,0.6400862068965517,0.8118382668780251,0.6,0.0,0.0,0.0,0.0,0.0,0.0,0.0,0.0,0.0,2002,radio,0.5
3,4,lr5e-05_bs16_modL1_fusion32_fusionL1_drop0p1_trmiss50_trlocradio,16,5e-05,1,32,1,0.1,lr5e-05_bs16_modL1_fusion32_fusionL1_drop0p1_trmiss50_trlocradio,46,0.42635539174079895,0.6224778493245443,0.6487068965517241,0.8205002992312518,0.6444444444444445,0.0,0.0,0.0,0.0,0.0,0.0,0.0,0.0,0.0,2002,radio,0.5
3,4,lr5e-05_bs16_modL1_fusion32_fusionL1_drop0p1_trmiss50_trlocradio,16,5e-05,1,32,1,0.1,lr5e-05_bs16_modL1_fusion32_fusionL1_drop0p1_trmiss50_trlocradio,47,0.41369660447041195,0.6213045318921407,0.6530172413793103,0.8170399132034483,0.6444444444444445,0.0,0.0,0.0,0.0,0.0,0.0,0.0,0.0,0.0,2002,radio,0.5
3,4,lr5e-05_bs16_modL1_fusion32_fusionL1_drop0p1_trmiss50_trlocradio,16,5e-05,1,32,1,0.1,lr5e-05_bs16_modL1_fusion32_fusionL1_drop0p1_trmiss50_trlocradio,48,0.39161702742179233,0.6211693286895752,0.6616379310344827,0.8179222128947317,0.6666666666666666,0.0,0.0,0.0,0.0,0.0,0.0,0.0,0.0,0.0,2002,radio,0.5
3,4,lr5e-05_bs16_modL1_fusion32_fusionL1_drop0p1_trmiss50_trlocradio,16,5e-05,1,32,1,0.1,lr5e-05_bs16_modL1_fusion32_fusionL1_drop0p1_trmiss50_trlocradio,49,0.4063189849257469,0.6231256524721781,0.6573275862068966,0.8218379451349274,0.6222222222222222,0.0,0.0,0.0,0.0,0.0,0.0,0.0,0.0,0.0,2002,radio,0.5
3,4,lr5e-05_bs16_modL1_fusion32_fusionL1_drop0p1_trmiss50_trlocradio,16,5e-05,1,32,1,0.1,lr5e-05_bs16_modL1_fusion32_fusionL1_drop0p1_trmiss50_trlocradio,50,0.3834356094400088,0.6303349534670512,0.6314655172413792,0.7960670410811774,0.6222222222222222,0.0,0.0,0.0,0.0,0.0,0.0,0.0,0.0,0.0,2002,radio,0.5
3,4,lr5e-05_bs16_modL1_fusion32_fusionL1_drop0p1_trmiss50_trlocradio,16,5e-05,1,32,1,0.1,lr5e-05_bs16_modL1_fusion32_fusionL1_drop0p1_trmiss50_trlocradio,51,0.40443647652864456,0.6200408935546875,0.6551724137931034,0.8218578561518648,0.6444444444444445,0.0,0.0,0.0,0.0,0.0,0.0,0.0,0.0,0.0,2002,radio,0.5
3,4,lr5e-05_bs16_modL1_fusion32_fusionL1_drop0p1_trmiss50_trlocradio,16,5e-05,1,32,1,0.1,lr5e-05_bs16_modL1_fusion32_fusionL1_drop0p1_trmiss50_trlocradio,52,0.40336640924215317,0.6275111039479574,0.6487068965517241,0.8186827743520246,0.6222222222222222,0.0,0.0,0.0,0.0,0.0,0.0,0.0,0.0,0.0,2002,radio,0.5
3,4,lr5e-05_bs16_modL1_fusion32_fusionL1_drop0p1_trmiss50_trlocradio,16,5e-05,1,32,1,0.1,lr5e-05_bs16_modL1_fusion32_fusionL1_drop0p1_trmiss50_trlocradio,53,0.39354103803634644,0.6280870040257772,0.6551724137931035,0.8203641647618389,0.6222222222222222,0.0,0.0,0.0,0.0,0.0,0.0,0.0,0.0,0.0,2002,radio,0.5
3,4,lr5e-05_bs16_modL1_fusion32_fusionL1_drop0p1_trmiss50_trlocradio,16,5e-05,1,32,1,0.1,lr5e-05_bs16_modL1_fusion32_fusionL1_drop0p1_trmiss50_trlocradio,54,0.4038706173499425,0.6326120098431905,0.6551724137931034,0.81788820686808,0.5777777777777777,0.0,0.0,0.0,0.0,0.0,0.0,0.0,0.0,0.0,2002,radio,0.5
3,4,lr5e-05_bs16_modL1_fusion32_fusionL1_drop0p1_trmiss50_trlocradio,16,5e-05,1,32,1,0.1,lr5e-05_bs16_modL1_fusion32_fusionL1_drop0p1_trmiss50_trlocradio,55,0.3922206064065297,0.635779857635498,0.6551724137931034,0.8155760936938978,0.5777777777777777,0.0,0.0,0.0,0.0,0.0,0.0,0.0,0.0,0.0,2002,radio,0.5
3,4,lr5e-05_bs16_modL1_fusion32_fusionL1_drop0p1_trmiss50_trlocradio,16,5e-05,1,32,1,0.1,lr5e-05_bs16_modL1_fusion32_fusionL1_drop0p1_trmiss50_trlocradio,56,0.3947698399424553,0.627630333105723,0.6508620689655172,0.8118611557053554,0.6444444444444445,0.0,0.0,0.0,0.0,0.0,0.0,0.0,0.0,0.0,2002,radio,0.5
3,4,lr5e-05_bs16_modL1_fusion32_fusionL1_drop0p1_trmiss50_trlocradio,16,5e-05,1,32,1,0.1,lr5e-05_bs16_modL1_fusion32_fusionL1_drop0p1_trmiss50_trlocradio,57,0.38705642024676007,0.6255972584088644,0.6400862068965517,0.8013648464023833,0.6222222222222222,0.0,0.0,0.0,0.0,0.0,0.0,0.0,0.0,0.0,2002,radio,0.5
3,4,lr5e-05_bs16_modL1_fusion64_fusionL1_drop0p2_trmiss50_trlocradio,16,5e-05,1,64,1,0.2,lr5e-05_bs16_modL1_fusion64_fusionL1_drop0p2_trmiss50_trlocradio,1,0.7283160090446472,0.700579822063446,0.6099137931034483,0.7659866690269584,0.4888888888888889,0.0,0.0,0.0,0.0,0.0,0.0,0.0,0.0,0.0,2002,radio,0.5
3,4,lr5e-05_bs16_modL1_fusion64_fusionL1_drop0p2_trmiss50_trlocradio,16,5e-05,1,64,1,0.2,lr5e-05_bs16_modL1_fusion64_fusionL1_drop0p2_trmiss50_trlocradio,2,0.7057719131310781,0.6876231630643209,0.646551724137931,0.8040823938618413,0.5555555555555556,0.0,0.0,0.0,0.0,0.0,0.0,0.0,0.0,0.0,2002,radio,0.5
3,4,lr5e-05_bs16_modL1_fusion64_fusionL1_drop0p2_trmiss50_trlocradio,16,5e-05,1,64,1,0.2,lr5e-05_bs16_modL1_fusion64_fusionL1_drop0p2_trmiss50_trlocradio,3,0.697450801730156,0.6787778933842977,0.689655172413793,0.8314839218868288,0.5555555555555556,0.0,0.0,0.0,0.0,0.0,0.0,0.0,0.0,0.0,2002,radio,0.5
3,4,lr5e-05_bs16_modL1_fusion64_fusionL1_drop0p2_trmiss50_trlocradio,16,5e-05,1,64,1,0.2,lr5e-05_bs16_modL1_fusion64_fusionL1_drop0p2_trmiss50_trlocradio,4,0.6637989431619644,0.6729519565900167,0.6982758620689655,0.8451317504421576,0.6222222222222222,0.0,0.0,0.0,0.0,0.0,0.0,0.0,0.0,0.0,2002,radio,0.5
3,4,lr5e-05_bs16_modL1_fusion64_fusionL1_drop0p2_trmiss50_trlocradio,16,5e-05,1,64,1,0.2,lr5e-05_bs16_modL1_fusion64_fusionL1_drop0p2_trmiss50_trlocradio,5,0.6679923385381699,0.6728552182515463,0.6875,0.8339852472820057,0.6,0.0,0.0,0.0,0.0,0.0,0.0,0.0,0.0,0.0,2002,radio,0.5
3,4,lr5e-05_bs16_modL1_fusion64_fusionL1_drop0p2_trmiss50_trlocradio,16,5e-05,1,64,1,0.2,lr5e-05_bs16_modL1_fusion64_fusionL1_drop0p2_trmiss50_trlocradio,6,0.6565895626942316,0.6568643848101298,0.7176724137931035,0.8500230938221798,0.6,0.0,0.0,0.0,0.0,0.0,0.0,0.0,0.0,0.0,2002,radio,0.5
3,4,lr5e-05_bs16_modL1_fusion64_fusionL1_drop0p2_trmiss50_trlocradio,16,5e-05,1,64,1,0.2,lr5e-05_bs16_modL1_fusion64_fusionL1_drop0p2_trmiss50_trlocradio,7,0.627572829524676,0.6593326131502787,0.7435344827586208,0.86415885416561,0.6,0.0,0.0,0.0,0.0,0.0,0.0,0.0,0.0,0.0,2002,radio,0.5
3,4,lr5e-05_bs16_modL1_fusion64_fusionL1_drop0p2_trmiss50_trlocradio,16,5e-05,1,64,1,0.2,lr5e-05_bs16_modL1_fusion64_fusionL1_drop0p2_trmiss50_trlocradio,8,0.6340302725632986,0.6517447829246521,0.7564655172413793,0.8721551425125238,0.6,0.0,0.0,0.0,0.0,0.0,0.0,0.0,0.0,0.0,2002,radio,0.5
3,4,lr5e-05_bs16_modL1_fusion64_fusionL1_drop0p2_trmiss50_trlocradio,16,5e-05,1,64,1,0.2,lr5e-05_bs16_modL1_fusion64_fusionL1_drop0p2_trmiss50_trlocradio,9,0.6069229741891226,0.6463312307993571,0.7586206896551724,0.875806223185092,0.6666666666666666,0.0,0.0,0.0,0.0,0.0,0.0,0.0,0.0,0.0,2002,radio,0.5
3,4,lr5e-05_bs16_modL1_fusion64_fusionL1_drop0p2_trmiss50_trlocradio,16,5e-05,1,64,1,0.2,lr5e-05_bs16_modL1_fusion64_fusionL1_drop0p2_trmiss50_trlocradio,10,0.6133609513441721,0.6437445481618246,0.75,0.8711041153645434,0.6666666666666666,0.0,0.0,0.0,0.0,0.0,0.0,0.0,0.0,0.0,2002,radio,0.5
3,4,lr5e-05_bs16_modL1_fusion64_fusionL1_drop0p2_trmiss50_trlocradio,16,5e-05,1,64,1,0.2,lr5e-05_bs16_modL1_fusion64_fusionL1_drop0p2_trmiss50_trlocradio,11,0.610433503985405,0.6371104518572489,0.7370689655172413,0.8681533118275038,0.6444444444444445,0.0,0.0,0.0,0.0,0.0,0.0,0.0,0.0,0.0,2002,radio,0.5
3,4,lr5e-05_bs16_modL1_fusion64_fusionL1_drop0p2_trmiss50_trlocradio,16,5e-05,1,64,1,0.2,lr5e-05_bs16_modL1_fusion64_fusionL1_drop0p2_trmiss50_trlocradio,12,0.5892357130845388,0.6481736103693644,0.7413793103448276,0.8689169759393394,0.6444444444444445,0.0,0.0,0.0,0.0,0.0,0.0,0.0,0.0,0.0,2002,radio,0.5
3,4,lr5e-05_bs16_modL1_fusion64_fusionL1_drop0p2_trmiss50_trlocradio,16,5e-05,1,64,1,0.2,lr5e-05_bs16_modL1_fusion64_fusionL1_drop0p2_trmiss50_trlocradio,13,0.5945325866341591,0.6421466072400411,0.7176724137931034,0.8570649130927956,0.6666666666666666,0.0,0.0,0.0,0.0,0.0,0.0,0.0,0.0,0.0,2002,radio,0.5
3,4,lr5e-05_bs16_modL1_fusion64_fusionL1_drop0p2_trmiss50_trlocradio,16,5e-05,1,64,1,0.2,lr5e-05_bs16_modL1_fusion64_fusionL1_drop0p2_trmiss50_trlocradio,14,0.5613963156938553,0.6536741256713867,0.7004310344827587,0.8536353100647691,0.6444444444444445,0.0,0.0,0.0,0.0,0.0,0.0,0.0,0.0,0.0,2002,radio,0.5
3,4,lr5e-05_bs16_modL1_fusion64_fusionL1_drop0p2_trmiss50_trlocradio,16,5e-05,1,64,1,0.2,lr5e-05_bs16_modL1_fusion64_fusionL1_drop0p2_trmiss50_trlocradio,15,0.5489372486869494,0.6506078839302063,0.6939655172413793,0.8483624814583564,0.6444444444444445,0.0,0.0,0.0,0.0,0.0,0.0,0.0,0.0,0.0,2002,radio,0.5
3,4,lr5e-05_bs16_modL1_fusion64_fusionL1_drop0p2_trmiss50_trlocradio,16,5e-05,1,64,1,0.2,lr5e-05_bs16_modL1_fusion64_fusionL1_drop0p2_trmiss50_trlocradio,16,0.5503237843513489,0.6525643467903137,0.6745689655172413,0.8422705270045012,0.6444444444444445,0.0,0.0,0.0,0.0,0.0,0.0,0.0,0.0,0.0,2002,radio,0.5
3,4,lr5e-05_bs16_modL1_fusion64_fusionL1_drop0p2_trmiss50_trlocradio,16,5e-05,1,64,1,0.2,lr5e-05_bs16_modL1_fusion64_fusionL1_drop0p2_trmiss50_trlocradio,17,0.5125355546673139,0.6551952560742696,0.689655172413793,0.8468094280781686,0.6444444444444445,0.0,0.0,0.0,0.0,0.0,0.0,0.0,0.0,0.0,2002,radio,0.5
3,4,lr5e-05_bs16_modL1_fusion64_fusionL1_drop0p2_trmiss50_trlocradio,16,5e-05,1,64,1,0.2,lr5e-05_bs16_modL1_fusion64_fusionL1_drop0p2_trmiss50_trlocradio,18,0.4982839450240135,0.6521214644114176,0.6982758620689655,0.8510754803198772,0.6444444444444445,0.0,0.0,0.0,0.0,0.0,0.0,0.0,0.0,0.0,2002,radio,0.5
3,4,lr5e-05_bs16_modL1_fusion64_fusionL1_drop0p2_trmiss50_trlocradio,16,5e-05,1,64,1,0.2,lr5e-05_bs16_modL1_fusion64_fusionL1_drop0p2_trmiss50_trlocradio,19,0.5435765460133553,0.641269862651825,0.7025862068965517,0.851068788545311,0.6222222222222222,0.0,0.0,0.0,0.0,0.0,0.0,0.0,0.0,0.0,2002,radio,0.5
3,4,lr5e-05_bs16_modL1_fusion64_fusionL1_drop0p2_trmiss50_trlocradio,16,5e-05,1,64,1,0.2,lr5e-05_bs16_modL1_fusion64_fusionL1_drop0p2_trmiss50_trlocradio,20,0.5378685866792997,0.645497997601827,0.6982758620689655,0.8442045137580931,0.6222222222222222,0.0,0.0,0.0,0.0,0.0,0.0,0.0,0.0,0.0,2002,radio,0.5
3,4,lr5e-05_bs16_modL1_fusion64_fusionL1_drop0p2_trmiss50_trlocradio,16,5e-05,1,64,1,0.2,lr5e-05_bs16_modL1_fusion64_fusionL1_drop0p2_trmiss50_trlocradio,21,0.5194644257426262,0.6464372475941976,0.7004310344827586,0.8497753219357602,0.6444444444444445,0.0,0.0,0.0,0.0,0.0,0.0,0.0,0.0,0.0,2002,radio,0.5
3,4,lr5e-05_bs16_modL1_fusion64_fusionL1_drop0p2_trmiss50_trlocradio,16,5e-05,1,64,1,0.2,lr5e-05_bs16_modL1_fusion64_fusionL1_drop0p2_trmiss50_trlocradio,22,0.545862190425396,0.6330797473589579,0.6961206896551724,0.8497764168005582,0.6,0.0,0.0,0.0,0.0,0.0,0.0,0.0,0.0,0.0,2002,radio,0.5
3,4,lr5e-05_bs16_modL1_fusion64_fusionL1_drop0p2_trmiss50_trlocradio,16,5e-05,1,64,1,0.2,lr5e-05_bs16_modL1_fusion64_fusionL1_drop0p2_trmiss50_trlocradio,23,0.5157027492920557,0.6377943555514017,0.6875,0.8450451298051092,0.6222222222222222,0.0,0.0,0.0,0.0,0.0,0.0,0.0,0.0,0.0,2002,radio,0.5
3,4,lr5e-05_bs16_modL1_fusion64_fusionL1_drop0p2_trmiss50_trlocradio,16,5e-05,1,64,1,0.2,lr5e-05_bs16_modL1_fusion64_fusionL1_drop0p2_trmiss50_trlocradio,24,0.5073809226353964,0.6422510345776876,0.6767241379310345,0.8381458801343331,0.6666666666666666,0.0,0.0,0.0,0.0,0.0,0.0,0.0,0.0,0.0,2002,radio,0.5
3,4,lr5e-05_bs16_modL1_fusion64_fusionL1_drop0p2_trmiss50_trlocradio,16,5e-05,1,64,1,0.2,lr5e-05_bs16_modL1_fusion64_fusionL1_drop0p2_trmiss50_trlocradio,25,0.48023567845424014,0.6387132604916891,0.6831896551724137,0.8404060251926646,0.6222222222222222,0.0,0.0,0.0,0.0,0.0,0.0,0.0,0.0,0.0,2002,radio,0.5
3,4,lr5e-05_bs16_modL1_fusion64_fusionL1_drop0p2_trmiss50_trlocradio,16,5e-05,1,64,1,0.2,lr5e-05_bs16_modL1_fusion64_fusionL1_drop0p2_trmiss50_trlocradio,26,0.5211637864510218,0.6420885324478149,0.6767241379310346,0.8397208554774553,0.6222222222222222,0.0,0.0,0.0,0.0,0.0,0.0,0.0,0.0,0.0,2002,radio,0.5
3,4,lr5e-05_bs16_modL1_fusion64_fusionL1_drop0p2_trmiss50_trlocradio,16,5e-05,1,64,1,0.2,lr5e-05_bs16_modL1_fusion64_fusionL1_drop0p2_trmiss50_trlocradio,27,0.49873188386360806,0.6325508157412211,0.6831896551724138,0.8454588872796145,0.6222222222222222,0.0,0.0,0.0,0.0,0.0,0.0,0.0,0.0,0.0,2002,radio,0.5
3,4,lr5e-05_bs16_modL1_fusion64_fusionL1_drop0p2_trmiss50_trlocradio,16,5e-05,1,64,1,0.2,lr5e-05_bs16_modL1_fusion64_fusionL1_drop0p2_trmiss50_trlocradio,28,0.49698828160762787,0.6271588603655497,0.7004310344827586,0.8546249320809947,0.6,0.0,0.0,0.0,0.0,0.0,0.0,0.0,0.0,0.0,2002,radio,0.5
3,4,lr5e-05_bs16_modL1_fusion64_fusionL1_drop0p2_trmiss50_trlocradio,16,5e-05,1,64,1,0.2,lr5e-05_bs16_modL1_fusion64_fusionL1_drop0p2_trmiss50_trlocradio,29,0.48231620341539383,0.6229700048764547,0.7176724137931034,0.8606315747887212,0.6,0.0,0.0,0.0,0.0,0.0,0.0,0.0,0.0,0.0,2002,radio,0.5
3,4,lr5e-05_bs16_modL1_fusion64_fusionL1_drop0p1_trmiss50_trlocradio,16,5e-05,1,64,1,0.1,lr5e-05_bs16_modL1_fusion64_fusionL1_drop0p1_trmiss50_trlocradio,1,0.6602054238319397,0.6857038537661234,0.3577586206896552,0.5917973718512234,0.6,0.0,0.0,0.0,0.0,0.0,0.0,0.0,0.0,0.0,2002,radio,0.5
3,4,lr5e-05_bs16_modL1_fusion64_fusionL1_drop0p1_trmiss50_trlocradio,16,5e-05,1,64,1,0.1,lr5e-05_bs16_modL1_fusion64_fusionL1_drop0p1_trmiss50_trlocradio,2,0.6211338192224503,0.6858083208401998,0.41163793103448276,0.6193526156403556,0.6,0.0,0.0,0.0,0.0,0.0,0.0,0.0,0.0,0.0,2002,radio,0.5
3,4,lr5e-05_bs16_modL1_fusion64_fusionL1_drop0p1_trmiss50_trlocradio,16,5e-05,1,64,1,0.1,lr5e-05_bs16_modL1_fusion64_fusionL1_drop0p1_trmiss50_trlocradio,3,0.5957442596554756,0.6857491334279379,0.43318965517241376,0.6300888571315351,0.6,0.0,0.0,0.0,0.0,0.0,0.0,0.0,0.0,0.0,2002,radio,0.5
3,4,lr5e-05_bs16_modL1_fusion64_fusionL1_drop0p1_trmiss50_trlocradio,16,5e-05,1,64,1,0.1,lr5e-05_bs16_modL1_fusion64_fusionL1_drop0p1_trmiss50_trlocradio,4,0.5896163433790207,0.6789798339207967,0.4655172413793103,0.6532975337888376,0.6,0.0,0.0,0.0,0.0,0.0,0.0,0.0,0.0,0.0,2002,radio,0.5
3,4,lr5e-05_bs16_modL1_fusion64_fusionL1_drop0p1_trmiss50_trlocradio,16,5e-05,1,64,1,0.1,lr5e-05_bs16_modL1_fusion64_fusionL1_drop0p1_trmiss50_trlocradio,5,0.5672463526328405,0.6853110392888387,0.4612068965517242,0.6419376878529923,0.5777777777777777,0.0,0.0,0.0,0.0,0.0,0.0,0.0,0.0,0.0,2002,radio,0.5
3,4,lr5e-05_bs16_modL1_fusion64_fusionL1_drop0p1_trmiss50_trlocradio,16,5e-05,1,64,1,0.1,lr5e-05_bs16_modL1_fusion64_fusionL1_drop0p1_trmiss50_trlocradio,6,0.5621203755338987,0.6799056728680929,0.4741379310344827,0.6504563211357723,0.6,0.0,0.0,0.0,0.0,0.0,0.0,0.0,0.0,0.0,2002,radio,0.5
3,4,lr5e-05_bs16_modL1_fusion64_fusionL1_drop0p1_trmiss50_trlocradio,16,5e-05,1,64,1,0.1,lr5e-05_bs16_modL1_fusion64_fusionL1_drop0p1_trmiss50_trlocradio,7,0.5518703460693359,0.6817697286605835,0.46336206896551724,0.6463367236001116,0.5777777777777777,0.0,0.0,0.0,0.0,0.0,0.0,0.0,0.0,0.0,2002,radio,0.5
3,4,lr5e-05_bs16_modL1_fusion64_fusionL1_drop0p1_trmiss50_trlocradio,16,5e-05,1,64,1,0.1,lr5e-05_bs16_modL1_fusion64_fusionL1_drop0p1_trmiss50_trlocradio,8,0.5423462986946106,0.6800917387008667,0.45905172413793105,0.6401700443938378,0.6,0.0,0.0,0.0,0.0,0.0,0.0,0.0,0.0,0.0,2002,radio,0.5
3,4,lr5e-05_bs16_modL1_fusion64_fusionL1_drop0p1_trmiss50_trlocradio,16,5e-05,1,64,1,0.1,lr5e-05_bs16_modL1_fusion64_fusionL1_drop0p1_trmiss50_trlocradio,9,0.521845872203509,0.6722971796989441,0.47413793103448276,0.6792770215081968,0.5777777777777777,0.0,0.0,0.0,0.0,0.0,0.0,0.0,0.0,0.0,2002,radio,0.5
3,4,lr5e-05_bs16_modL1_fusion64_fusionL1_drop0p1_trmiss50_trlocradio,16,5e-05,1,64,1,0.1,lr5e-05_bs16_modL1_fusion64_fusionL1_drop0p1_trmiss50_trlocradio,10,0.5231904312968254,0.6792897383371989,0.46551724137931033,0.6691917619401785,0.5777777777777777,0.0,0.0,0.0,0.0,0.0,0.0,0.0,0.0,0.0,2002,radio,0.5
3,4,lr5e-05_bs16_modL1_fusion64_fusionL1_drop0p1_trmiss50_trlocradio,16,5e-05,1,64,1,0.1,lr5e-05_bs16_modL1_fusion64_fusionL1_drop0p1_trmiss50_trlocradio,11,0.5099975715080897,0.6726353168487549,0.4978448275862069,0.6960572279540886,0.5777777777777777,0.0,0.0,0.0,0.0,0.0,0.0,0.0,0.0,0.0,2002,radio,0.5
3,4,lr5e-05_bs16_modL1_fusion64_fusionL1_drop0p1_trmiss50_trlocradio,16,5e-05,1,64,1,0.1,lr5e-05_bs16_modL1_fusion64_fusionL1_drop0p1_trmiss50_trlocradio,12,0.49456189821163815,0.6668827335039774,0.5107758620689655,0.6895846582423841,0.6,0.0,0.0,0.0,0.0,0.0,0.0,0.0,0.0,0.0,2002,radio,0.5
3,4,lr5e-05_bs16_modL1_fusion64_fusionL1_drop0p1_trmiss50_trlocradio,16,5e-05,1,64,1,0.1,lr5e-05_bs16_modL1_fusion64_fusionL1_drop0p1_trmiss50_trlocradio,13,0.4918455978234609,0.6697401801745096,0.5,0.6737342827440944,0.5777777777777777,0.0,0.0,0.0,0.0,0.0,0.0,0.0,0.0,0.0,2002,radio,0.5
3,4,lr5e-05_bs16_modL1_fusion64_fusionL1_drop0p1_trmiss50_trlocradio,16,5e-05,1,64,1,0.1,lr5e-05_bs16_modL1_fusion64_fusionL1_drop0p1_trmiss50_trlocradio,14,0.4838455642263095,0.6639564037322998,0.5107758620689655,0.7001363106046745,0.6222222222222222,0.0,0.0,0.0,0.0,0.0,0.0,0.0,0.0,0.0,2002,radio,0.5
3,4,lr5e-05_bs16_modL1_fusion64_fusionL1_drop0p1_trmiss50_trlocradio,16,5e-05,1,64,1,0.1,lr5e-05_bs16_modL1_fusion64_fusionL1_drop0p1_trmiss50_trlocradio,15,0.4614983821908633,0.6710201303164164,0.4978448275862069,0.6763642122671194,0.5555555555555556,0.0,0.0,0.0,0.0,0.0,0.0,0.0,0.0,0.0,2002,radio,0.5
3,4,lr5e-05_bs16_modL1_fusion64_fusionL1_drop0p1_trmiss50_trlocradio,16,5e-05,1,64,1,0.1,lr5e-05_bs16_modL1_fusion64_fusionL1_drop0p1_trmiss50_trlocradio,16,0.48549409955739975,0.6725472410519918,0.4892241379310345,0.6755433649726146,0.5777777777777777,0.0,0.0,0.0,0.0,0.0,0.0,0.0,0.0,0.0,2002,radio,0.5
3,4,lr5e-05_bs16_modL1_fusion64_fusionL1_drop0p1_trmiss50_trlocradio,16,5e-05,1,64,1,0.1,lr5e-05_bs16_modL1_fusion64_fusionL1_drop0p1_trmiss50_trlocradio,17,0.5016089777151743,0.6752624114354452,0.49353448275862066,0.7122233757262472,0.6,0.0,0.0,0.0,0.0,0.0,0.0,0.0,0.0,0.0,2002,radio,0.5
3,4,lr5e-05_bs16_modL1_fusion64_fusionL1_drop0p1_trmiss50_trlocradio,16,5e-05,1,64,1,0.1,lr5e-05_bs16_modL1_fusion64_fusionL1_drop0p1_trmiss50_trlocradio,18,0.4469246069590251,0.6826287706693014,0.4806034482758621,0.7009598573367554,0.5777777777777777,0.0,0.0,0.0,0.0,0.0,0.0,0.0,0.0,0.0,2002,radio,0.5
3,4,lr5e-05_bs16_modL1_fusion64_fusionL1_drop0p1_trmiss50_trlocradio,16,5e-05,1,64,1,0.1,lr5e-05_bs16_modL1_fusion64_fusionL1_drop0p1_trmiss50_trlocradio,19,0.4422071228424708,0.6808505058288574,0.48060344827586204,0.674618110567119,0.5777777777777777,0.0,0.0,0.0,0.0,0.0,0.0,0.0,0.0,0.0,2002,radio,0.5
3,4,lr5e-05_bs16_modL1_fusion64_fusionL1_drop0p1_trmiss50_trlocradio,16,5e-05,1,64,1,0.1,lr5e-05_bs16_modL1_fusion64_fusionL1_drop0p1_trmiss50_trlocradio,20,0.4358283132314682,0.6790496905644735,0.47844827586206895,0.7006490263373305,0.5777777777777777,0.0,0.0,0.0,0.0,0.0,0.0,0.0,0.0,0.0,2002,radio,0.5
3,4,lr5e-05_bs16_modL1_fusion64_fusionL1_drop0p1_trmiss50_trlocradio,16,5e-05,1,64,1,0.1,lr5e-05_bs16_modL1_fusion64_fusionL1_drop0p1_trmiss50_trlocradio,21,0.43756035218636197,0.6761593818664551,0.48060344827586204,0.6940288465277072,0.5777777777777777,0.0,0.0,0.0,0.0,0.0,0.0,0.0,0.0,0.0,2002,radio,0.5
3,4,lr5e-05_bs16_modL1_fusion64_fusionL1_drop0p1_trmiss50_trlocradio,16,5e-05,1,64,1,0.1,lr5e-05_bs16_modL1_fusion64_fusionL1_drop0p1_trmiss50_trlocradio,22,0.41878529141346615,0.6756182114283243,0.4762931034482759,0.707203856701298,0.5777777777777777,0.0,0.0,0.0,0.0,0.0,0.0,0.0,0.0,0.0,2002,radio,0.5
3,4,lr5e-05_bs16_modL1_fusion64_fusionL1_drop0p1_trmiss50_trlocradio,16,5e-05,1,64,1,0.1,lr5e-05_bs16_modL1_fusion64_fusionL1_drop0p1_trmiss50_trlocradio,23,0.41048399607340497,0.6755182345708212,0.4913793103448276,0.72122592701731,0.5333333333333333,0.0,0.0,0.0,0.0,0.0,0.0,0.0,0.0,0.0,2002,radio,0.5
3,4,lr5e-05_bs16_modL1_fusion64_fusionL1_drop0p1_trmiss50_trlocradio,16,5e-05,1,64,1,0.1,lr5e-05_bs16_modL1_fusion64_fusionL1_drop0p1_trmiss50_trlocradio,24,0.4121815785765648,0.6813798149426779,0.4935344827586207,0.712067874754522,0.5555555555555556,0.0,0.0,0.0,0.0,0.0,0.0,0.0,0.0,0.0,2002,radio,0.5
3,4,lr5e-05_bs16_modL1_fusion64_fusionL1_drop0p1_trmiss50_trlocradio,16,5e-05,1,64,1,0.1,lr5e-05_bs16_modL1_fusion64_fusionL1_drop0p1_trmiss50_trlocradio,25,0.4012063344319661,0.6820499499638876,0.4913793103448275,0.709100884503879,0.5555555555555556,0.0,0.0,0.0,0.0,0.0,0.0,0.0,0.0,0.0,2002,radio,0.5
3,4,lr5e-05_bs16_modL1_fusion64_fusionL1_drop0p1_trmiss50_trlocradio,16,5e-05,1,64,1,0.1,lr5e-05_bs16_modL1_fusion64_fusionL1_drop0p1_trmiss50_trlocradio,26,0.4015372345844905,0.6834946274757385,0.49137931034482757,0.6949725955374209,0.5555555555555556,0.0,0.0,0.0,0.0,0.0,0.0,0.0,0.0,0.0,2002,radio,0.5
3,4,lr5e-05_bs16_modL1_fusion64_fusionL1_drop0p1_trmiss50_trlocradio,16,5e-05,1,64,1,0.1,lr5e-05_bs16_modL1_fusion64_fusionL1_drop0p1_trmiss50_trlocradio,27,0.4206376001238823,0.6792515714963278,0.4913793103448276,0.7073798520948767,0.5333333333333333,0.0,0.0,0.0,0.0,0.0,0.0,0.0,0.0,0.0,2002,radio,0.5
3,4,lr5e-05_bs16_modL1_fusion64_fusionL1_drop0p1_trmiss50_trlocradio,16,5e-05,1,64,1,0.1,lr5e-05_bs16_modL1_fusion64_fusionL1_drop0p1_trmiss50_trlocradio,28,0.40597765396038693,0.678638736406962,0.5021551724137931,0.7151269652576874,0.5333333333333333,0.0,0.0,0.0,0.0,0.0,0.0,0.0,0.0,0.0,2002,radio,0.5
3,4,lr5e-05_bs16_modL1_fusion64_fusionL1_drop0p1_trmiss50_trlocradio,16,5e-05,1,64,1,0.1,lr5e-05_bs16_modL1_fusion64_fusionL1_drop0p1_trmiss50_trlocradio,29,0.40228042503197986,0.678413987159729,0.5043103448275862,0.7207850391424657,0.5555555555555556,0.0,0.0,0.0,0.0,0.0,0.0,0.0,0.0,0.0,2002,radio,0.5
3,4,lr5e-05_bs16_modL1_fusion64_fusionL1_drop0p1_trmiss50_trlocradio,16,5e-05,1,64,1,0.1,lr5e-05_bs16_modL1_fusion64_fusionL1_drop0p1_trmiss50_trlocradio,30,0.39915066212415695,0.6789766947428385,0.502155172413793,0.7273415278624693,0.5555555555555556,0.0,0.0,0.0,0.0,0.0,0.0,0.0,0.0,0.0,2002,radio,0.5
3,4,lr5e-05_bs16_modL1_fusion64_fusionL1_drop0p1_trmiss50_trlocradio,16,5e-05,1,64,1,0.1,lr5e-05_bs16_modL1_fusion64_fusionL1_drop0p1_trmiss50_trlocradio,31,0.4042115807533264,0.690376857916514,0.47844827586206895,0.6999135135500526,0.5555555555555556,0.0,0.0,0.0,0.0,0.0,0.0,0.0,0.0,0.0,2002,radio,0.5
3,4,lr5e-05_bs16_modL1_fusion64_fusionL1_drop0p1_trmiss50_trlocradio,16,5e-05,1,64,1,0.1,lr5e-05_bs16_modL1_fusion64_fusionL1_drop0p1_trmiss50_trlocradio,32,0.44475725789864856,0.6870410442352295,0.4935344827586207,0.7198812674096378,0.5777777777777777,0.0,0.0,0.0,0.0,0.0,0.0,0.0,0.0,0.0,2002,radio,0.5
3,4,lr5e-05_bs16_modL1_fusion64_fusionL1_drop0p1_trmiss50_trlocradio,16,5e-05,1,64,1,0.1,lr5e-05_bs16_modL1_fusion64_fusionL1_drop0p1_trmiss50_trlocradio,33,0.4493412996331851,0.6867358287175497,0.4978448275862069,0.7216686488577533,0.5777777777777777,0.0,0.0,0.0,0.0,0.0,0.0,0.0,0.0,0.0,2002,radio,0.5
3,4,lr5e-05_bs16_modL1_fusion64_fusionL1_drop0p1_trmiss50_trlocradio,16,5e-05,1,64,1,0.1,lr5e-05_bs16_modL1_fusion64_fusionL1_drop0p1_trmiss50_trlocradio,34,0.3947465990980466,0.6850084662437439,0.49568965517241376,0.7145221795845008,0.5555555555555556,0.0,0.0,0.0,0.0,0.0,0.0,0.0,0.0,0.0,2002,radio,0.5
3,4,lr1e-04_bs16_modL1_fusion32_fusionL1_drop0p2_trmiss50_trlocradio,16,0.0001,1,32,1,0.2,lr1e-04_bs16_modL1_fusion32_fusionL1_drop0p2_trmiss50_trlocradio,1,0.6923363308111826,0.6487766702969869,0.6831896551724138,0.8285752609680481,0.6,0.0,0.0,0.0,0.0,0.0,0.0,0.0,0.0,0.0,2002,radio,0.5
3,4,lr1e-04_bs16_modL1_fusion32_fusionL1_drop0p2_trmiss50_trlocradio,16,0.0001,1,32,1,0.2,lr1e-04_bs16_modL1_fusion32_fusionL1_drop0p2_trmiss50_trlocradio,2,0.6341776549816132,0.6306422352790833,0.7198275862068965,0.8415125399062333,0.6222222222222222,0.0,0.0,0.0,0.0,0.0,0.0,0.0,0.0,0.0,2002,radio,0.5
3,4,lr1e-04_bs16_modL1_fusion32_fusionL1_drop0p2_trmiss50_trlocradio,16,0.0001,1,32,1,0.2,lr1e-04_bs16_modL1_fusion32_fusionL1_drop0p2_trmiss50_trlocradio,3,0.6007768114407858,0.6175369222958883,0.7198275862068965,0.848284912991693,0.6444444444444445,0.0,0.0,0.0,0.0,0.0,0.0,0.0,0.0,0.0,2002,radio,0.5
3,4,lr1e-04_bs16_modL1_fusion32_fusionL1_drop0p2_trmiss50_trlocradio,16,0.0001,1,32,1,0.2,lr1e-04_bs16_modL1_fusion32_fusionL1_drop0p2_trmiss50_trlocradio,4,0.5855630040168762,0.6115483244260153,0.7133620689655172,0.8449438099939586,0.5777777777777777,0.0,0.0,0.0,0.0,0.0,0.0,0.0,0.0,0.0,2002,radio,0.5
3,4,lr1e-04_bs16_modL1_fusion32_fusionL1_drop0p2_trmiss50_trlocradio,16,0.0001,1,32,1,0.2,lr1e-04_bs16_modL1_fusion32_fusionL1_drop0p2_trmiss50_trlocradio,5,0.5809541294972101,0.6154634753863016,0.7047413793103449,0.8365620794564019,0.5777777777777777,0.0,0.0,0.0,0.0,0.0,0.0,0.0,0.0,0.0,2002,radio,0.5
3,4,lr1e-04_bs16_modL1_fusion32_fusionL1_drop0p2_trmiss50_trlocradio,16,0.0001,1,32,1,0.2,lr1e-04_bs16_modL1_fusion32_fusionL1_drop0p2_trmiss50_trlocradio,6,0.5705776587128639,0.6094675262769064,0.6961206896551725,0.8338924781949006,0.6,0.0,0.0,0.0,0.0,0.0,0.0,0.0,0.0,0.0,2002,radio,0.5
3,4,lr1e-04_bs16_modL1_fusion32_fusionL1_drop0p2_trmiss50_trlocradio,16,0.0001,1,32,1,0.2,lr1e-04_bs16_modL1_fusion32_fusionL1_drop0p2_trmiss50_trlocradio,7,0.5377226596077284,0.6197861830393473,0.6831896551724138,0.8205705600957356,0.6222222222222222,0.0,0.0,0.0,0.0,0.0,0.0,0.0,0.0,0.0,2002,radio,0.5
3,4,lr1e-04_bs16_modL1_fusion32_fusionL1_drop0p2_trmiss50_trlocradio,16,0.0001,1,32,1,0.2,lr1e-04_bs16_modL1_fusion32_fusionL1_drop0p2_trmiss50_trlocradio,8,0.5366455664237341,0.6267195343971252,0.6788793103448275,0.8091791547859075,0.6444444444444445,0.0,0.0,0.0,0.0,0.0,0.0,0.0,0.0,0.0,2002,radio,0.5
3,4,lr1e-04_bs16_modL1_fusion32_fusionL1_drop0p2_trmiss50_trlocradio,16,0.0001,1,32,1,0.2,lr1e-04_bs16_modL1_fusion32_fusionL1_drop0p2_trmiss50_trlocradio,9,0.5190969904263815,0.6162694891293844,0.6875,0.8192561435029995,0.6666666666666666,0.0,0.0,0.0,0.0,0.0,0.0,0.0,0.0,0.0,2002,radio,0.5
3,4,lr1e-04_bs16_modL1_fusion32_fusionL1_drop0p2_trmiss50_trlocradio,16,0.0001,1,32,1,0.2,lr1e-04_bs16_modL1_fusion32_fusionL1_drop0p2_trmiss50_trlocradio,10,0.5037597318490347,0.6211568315823873,0.6594827586206896,0.8079232079953826,0.6444444444444445,0.0,0.0,0.0,0.0,0.0,0.0,0.0,0.0,0.0,2002,radio,0.5
3,4,lr1e-04_bs16_modL1_fusion32_fusionL1_drop0p2_trmiss50_trlocradio,16,0.0001,1,32,1,0.2,lr1e-04_bs16_modL1_fusion32_fusionL1_drop0p2_trmiss50_trlocradio,11,0.49262549728155136,0.6222744782765707,0.6336206896551725,0.8016198869864364,0.6222222222222222,0.0,0.0,0.0,0.0,0.0,0.0,0.0,0.0,0.0,2002,radio,0.5
3,4,lr1e-04_bs16_modL1_fusion32_fusionL1_drop0p2_trmiss50_trlocradio,16,0.0001,1,32,1,0.2,lr1e-04_bs16_modL1_fusion32_fusionL1_drop0p2_trmiss50_trlocradio,12,0.4920714298884074,0.6275920867919922,0.6228448275862069,0.7939781575429115,0.5777777777777777,0.0,0.0,0.0,0.0,0.0,0.0,0.0,0.0,0.0,2002,radio,0.5
3,4,lr1e-04_bs16_modL1_fusion32_fusionL1_drop0p2_trmiss50_trlocradio,16,0.0001,1,32,1,0.2,lr1e-04_bs16_modL1_fusion32_fusionL1_drop0p2_trmiss50_trlocradio,13,0.4894951010743777,0.6281233628590902,0.625,0.7862889078046966,0.6,0.0,0.0,0.0,0.0,0.0,0.0,0.0,0.0,0.0,2002,radio,0.5
3,4,lr1e-04_bs16_modL1_fusion32_fusionL1_drop0p2_trmiss50_trlocradio,16,0.0001,1,32,1,0.2,lr1e-04_bs16_modL1_fusion32_fusionL1_drop0p2_trmiss50_trlocradio,14,0.4790078302224477,0.6320805152257284,0.6056034482758621,0.7727618814693293,0.6,0.0,0.0,0.0,0.0,0.0,0.0,0.0,0.0,0.0,2002,radio,0.5
3,4,lr1e-04_bs16_modL1_fusion32_fusionL1_drop0p2_trmiss50_trlocradio,16,0.0001,1,32,1,0.2,lr1e-04_bs16_modL1_fusion32_fusionL1_drop0p2_trmiss50_trlocradio,15,0.46018745253483456,0.6313635508219401,0.625,0.7885177603744711,0.6,0.0,0.0,0.0,0.0,0.0,0.0,0.0,0.0,0.0,2002,radio,0.5
3,4,lr1e-04_bs16_modL1_fusion32_fusionL1_drop0p2_trmiss50_trlocradio,16,0.0001,1,32,1,0.2,lr1e-04_bs16_modL1_fusion32_fusionL1_drop0p2_trmiss50_trlocradio,16,0.4804517055551211,0.6298085848490397,0.6293103448275863,0.7876832439773322,0.6,0.0,0.0,0.0,0.0,0.0,0.0,0.0,0.0,0.0,2002,radio,0.5
3,4,lr1e-04_bs16_modL1_fusion32_fusionL1_drop0p2_trmiss50_trlocradio,16,0.0001,1,32,1,0.2,lr1e-04_bs16_modL1_fusion32_fusionL1_drop0p2_trmiss50_trlocradio,17,0.45951690276463825,0.6237771312395731,0.622844827586207,0.7926106446782628,0.6444444444444445,0.0,0.0,0.0,0.0,0.0,0.0,0.0,0.0,0.0,2002,radio,0.5
3,4,lr1e-04_bs16_modL1_fusion32_fusionL1_drop0p2_trmiss50_trlocradio,16,0.0001,1,32,1,0.2,lr1e-04_bs16_modL1_fusion32_fusionL1_drop0p2_trmiss50_trlocradio,18,0.4496696467200915,0.6214660207430521,0.6336206896551724,0.7999640200958451,0.6444444444444445,0.0,0.0,0.0,0.0,0.0,0.0,0.0,0.0,0.0,2002,radio,0.5
3,4,lr1e-04_bs16_modL1_fusion32_fusionL1_drop0p2_trmiss50_trlocradio,16,0.0001,1,32,1,0.2,lr1e-04_bs16_modL1_fusion32_fusionL1_drop0p2_trmiss50_trlocradio,19,0.47238614161809284,0.6247547666231791,0.6336206896551724,0.7970000715213168,0.6222222222222222,0.0,0.0,0.0,0.0,0.0,0.0,0.0,0.0,0.0,2002,radio,0.5
3,4,lr1e-04_bs16_modL1_fusion32_fusionL1_drop0p2_trmiss50_trlocradio,16,0.0001,1,32,1,0.2,lr1e-04_bs16_modL1_fusion32_fusionL1_drop0p2_trmiss50_trlocradio,20,0.4603470638394356,0.6236806114514669,0.627155172413793,0.7956147501959654,0.6444444444444445,0.0,0.0,0.0,0.0,0.0,0.0,0.0,0.0,0.0,2002,radio,0.5
3,4,lr1e-04_bs16_modL1_fusion32_fusionL1_drop0p2_trmiss50_trlocradio,16,0.0001,1,32,1,0.2,lr1e-04_bs16_modL1_fusion32_fusionL1_drop0p2_trmiss50_trlocradio,21,0.44663794587055844,0.6327579617500305,0.6120689655172413,0.7893215157517202,0.6222222222222222,0.0,0.0,0.0,0.0,0.0,0.0,0.0,0.0,0.0,2002,radio,0.5
3,4,lr1e-04_bs16_modL1_fusion32_fusionL1_drop0p2_trmiss50_trlocradio,16,0.0001,1,32,1,0.2,lr1e-04_bs16_modL1_fusion32_fusionL1_drop0p2_trmiss50_trlocradio,22,0.4556102653344472,0.6349784334500631,0.5969827586206896,0.7684783115343246,0.6222222222222222,0.0,0.0,0.0,0.0,0.0,0.0,0.0,0.0,0.0,2002,radio,0.5
3,4,lr1e-04_bs16_modL1_fusion32_fusionL1_drop0p2_trmiss50_trlocradio,16,0.0001,1,32,1,0.2,lr1e-04_bs16_modL1_fusion32_fusionL1_drop0p2_trmiss50_trlocradio,23,0.4725734392801921,0.6247443556785583,0.6120689655172413,0.7898568234203767,0.6444444444444445,0.0,0.0,0.0,0.0,0.0,0.0,0.0,0.0,0.0,2002,radio,0.5
3,4,lr1e-04_bs16_modL1_fusion32_fusionL1_drop0p2_trmiss50_trlocradio,16,0.0001,1,32,1,0.2,lr1e-04_bs16_modL1_fusion32_fusionL1_drop0p2_trmiss50_trlocradio,24,0.4519583235184352,0.6342521707216898,0.6185344827586207,0.7852323167008235,0.5777777777777777,0.0,0.0,0.0,0.0,0.0,0.0,0.0,0.0,0.0,2002,radio,0.5
3,4,lr1e-04_bs16_modL1_fusion32_fusionL1_drop0p2_trmiss50_trlocradio,16,0.0001,1,32,1,0.2,lr1e-04_bs16_modL1_fusion32_fusionL1_drop0p2_trmiss50_trlocradio,25,0.43738747388124466,0.6342008908589681,0.6142241379310345,0.7893337955611603,0.5777777777777777,0.0,0.0,0.0,0.0,0.0,0.0,0.0,0.0,0.0,2002,radio,0.5
3,4,lr1e-04_bs16_modL1_fusion32_fusionL1_drop0p1_trmiss50_trlocradio,16,0.0001,1,32,1,0.1,lr1e-04_bs16_modL1_fusion32_fusionL1_drop0p1_trmiss50_trlocradio,1,0.6755352814992269,0.6921126246452332,0.45258620689655177,0.6196132182570201,0.5111111111111111,0.0,0.0,0.0,0.0,0.0,0.0,0.0,0.0,0.0,2002,radio,0.5
3,4,lr1e-04_bs16_modL1_fusion32_fusionL1_drop0p1_trmiss50_trlocradio,16,0.0001,1,32,1,0.1,lr1e-04_bs16_modL1_fusion32_fusionL1_drop0p1_trmiss50_trlocradio,2,0.6553446302811304,0.6852347056070963,0.47413793103448276,0.6501536172542175,0.5555555555555556,0.0,0.0,0.0,0.0,0.0,0.0,0.0,0.0,0.0,2002,radio,0.5
3,4,lr1e-04_bs16_modL1_fusion32_fusionL1_drop0p1_trmiss50_trlocradio,16,0.0001,1,32,1,0.1,lr1e-04_bs16_modL1_fusion32_fusionL1_drop0p1_trmiss50_trlocradio,3,0.644851878285408,0.6920986374219259,0.4396551724137931,0.6189148466555142,0.4888888888888889,0.0,0.0,0.0,0.0,0.0,0.0,0.0,0.0,0.0,2002,radio,0.5
3,4,lr1e-04_bs16_modL1_fusion32_fusionL1_drop0p1_trmiss50_trlocradio,16,0.0001,1,32,1,0.1,lr1e-04_bs16_modL1_fusion32_fusionL1_drop0p1_trmiss50_trlocradio,4,0.612696627775828,0.6857844591140747,0.48922413793103453,0.6458449850334762,0.5555555555555556,0.0,0.0,0.0,0.0,0.0,0.0,0.0,0.0,0.0,2002,radio,0.5
3,4,lr1e-04_bs16_modL1_fusion32_fusionL1_drop0p1_trmiss50_trlocradio,16,0.0001,1,32,1,0.1,lr1e-04_bs16_modL1_fusion32_fusionL1_drop0p1_trmiss50_trlocradio,5,0.5853907689452171,0.6703280011812845,0.5431034482758621,0.6996000294040468,0.5777777777777777,0.0,0.0,0.0,0.0,0.0,0.0,0.0,0.0,0.0,2002,radio,0.5
3,4,lr1e-04_bs16_modL1_fusion32_fusionL1_drop0p1_trmiss50_trlocradio,16,0.0001,1,32,1,0.1,lr1e-04_bs16_modL1_fusion32_fusionL1_drop0p1_trmiss50_trlocradio,6,0.5747291271885236,0.6654203732808431,0.5495689655172413,0.7118938927801928,0.5111111111111111,0.0,0.0,0.0,0.0,0.0,0.0,0.0,0.0,0.0,2002,radio,0.5
3,4,lr1e-04_bs16_modL1_fusion32_fusionL1_drop0p1_trmiss50_trlocradio,16,0.0001,1,32,1,0.1,lr1e-04_bs16_modL1_fusion32_fusionL1_drop0p1_trmiss50_trlocradio,7,0.5409450108806292,0.670205314954122,0.5280172413793103,0.693566959032073,0.5333333333333333,0.0,0.0,0.0,0.0,0.0,0.0,0.0,0.0,0.0,2002,radio,0.5
3,4,lr1e-04_bs16_modL1_fusion32_fusionL1_drop0p1_trmiss50_trlocradio,16,0.0001,1,32,1,0.1,lr1e-04_bs16_modL1_fusion32_fusionL1_drop0p1_trmiss50_trlocradio,8,0.5430820683638254,0.6628584265708923,0.5603448275862069,0.7187414663591826,0.5777777777777777,0.0,0.0,0.0,0.0,0.0,0.0,0.0,0.0,0.0,2002,radio,0.5
3,4,lr1e-04_bs16_modL1_fusion32_fusionL1_drop0p1_trmiss50_trlocradio,16,0.0001,1,32,1,0.1,lr1e-04_bs16_modL1_fusion32_fusionL1_drop0p1_trmiss50_trlocradio,9,0.5483569949865341,0.6649758021036783,0.5517241379310345,0.6971554716803174,0.5333333333333333,0.0,0.0,0.0,0.0,0.0,0.0,0.0,0.0,0.0,2002,radio,0.5
3,4,lr1e-04_bs16_modL1_fusion32_fusionL1_drop0p1_trmiss50_trlocradio,16,0.0001,1,32,1,0.1,lr1e-04_bs16_modL1_fusion32_fusionL1_drop0p1_trmiss50_trlocradio,10,0.5201880385478338,0.6655807693799337,0.5431034482758621,0.7036821394770374,0.5555555555555556,0.0,0.0,0.0,0.0,0.0,0.0,0.0,0.0,0.0,2002,radio,0.5
3,4,lr1e-04_bs16_modL1_fusion32_fusionL1_drop0p1_trmiss50_trlocradio,16,0.0001,1,32,1,0.1,lr1e-04_bs16_modL1_fusion32_fusionL1_drop0p1_trmiss50_trlocradio,11,0.5082975253462791,0.6590723594029745,0.5603448275862069,0.7352452499960269,0.5777777777777777,0.0,0.0,0.0,0.0,0.0,0.0,0.0,0.0,0.0,2002,radio,0.5
3,4,lr1e-04_bs16_modL1_fusion32_fusionL1_drop0p1_trmiss50_trlocradio,16,0.0001,1,32,1,0.1,lr1e-04_bs16_modL1_fusion32_fusionL1_drop0p1_trmiss50_trlocradio,12,0.4907364969452222,0.6552303036053976,0.5732758620689655,0.7406075465726606,0.6,0.0,0.0,0.0,0.0,0.0,0.0,0.0,0.0,0.0,2002,radio,0.5
3,4,lr1e-04_bs16_modL1_fusion32_fusionL1_drop0p1_trmiss50_trlocradio,16,0.0001,1,32,1,0.1,lr1e-04_bs16_modL1_fusion32_fusionL1_drop0p1_trmiss50_trlocradio,13,0.4757736399769783,0.6587773164113363,0.5711206896551724,0.7457572394499641,0.6,0.0,0.0,0.0,0.0,0.0,0.0,0.0,0.0,0.0,2002,radio,0.5
3,4,lr1e-04_bs16_modL1_fusion32_fusionL1_drop0p1_trmiss50_trlocradio,16,0.0001,1,32,1,0.1,lr1e-04_bs16_modL1_fusion32_fusionL1_drop0p1_trmiss50_trlocradio,14,0.48184335728486377,0.6533147096633911,0.5711206896551724,0.7195032273925069,0.6,0.0,0.0,0.0,0.0,0.0,0.0,0.0,0.0,0.0,2002,radio,0.5
3,4,lr1e-04_bs16_modL1_fusion32_fusionL1_drop0p1_trmiss50_trlocradio,16,0.0001,1,32,1,0.1,lr1e-04_bs16_modL1_fusion32_fusionL1_drop0p1_trmiss50_trlocradio,15,0.4788460632165273,0.6704478859901428,0.5517241379310345,0.7216015784960806,0.6,0.0,0.0,0.0,0.0,0.0,0.0,0.0,0.0,0.0,2002,radio,0.5
3,4,lr1e-04_bs16_modL1_fusion32_fusionL1_drop0p1_trmiss50_trlocradio,16,0.0001,1,32,1,0.1,lr1e-04_bs16_modL1_fusion32_fusionL1_drop0p1_trmiss50_trlocradio,16,0.46406476696332294,0.6733171343803406,0.5668103448275862,0.7244876644985861,0.6,0.0,0.0,0.0,0.0,0.0,0.0,0.0,0.0,0.0,2002,radio,0.5
3,4,lr1e-04_bs16_modL1_fusion32_fusionL1_drop0p1_trmiss50_trlocradio,16,0.0001,1,32,1,0.1,lr1e-04_bs16_modL1_fusion32_fusionL1_drop0p1_trmiss50_trlocradio,17,0.46698980281750363,0.6715007424354553,0.5668103448275862,0.7371283980336094,0.6,0.0,0.0,0.0,0.0,0.0,0.0,0.0,0.0,0.0,2002,radio,0.5
3,4,lr1e-04_bs16_modL1_fusion32_fusionL1_drop0p1_trmiss50_trlocradio,16,0.0001,1,32,1,0.1,lr1e-04_bs16_modL1_fusion32_fusionL1_drop0p1_trmiss50_trlocradio,18,0.4387071157495181,0.6655393838882446,0.5818965517241379,0.7494045927200264,0.5555555555555556,0.0,0.0,0.0,0.0,0.0,0.0,0.0,0.0,0.0,2002,radio,0.5
3,4,lr1e-04_bs16_modL1_fusion32_fusionL1_drop0p1_trmiss50_trlocradio,16,0.0001,1,32,1,0.1,lr1e-04_bs16_modL1_fusion32_fusionL1_drop0p1_trmiss50_trlocradio,19,0.42609957108894986,0.669797956943512,0.5668103448275862,0.7391687391226591,0.5333333333333333,0.0,0.0,0.0,0.0,0.0,0.0,0.0,0.0,0.0,2002,radio,0.5
3,4,lr1e-04_bs16_modL1_fusion32_fusionL1_drop0p1_trmiss50_trlocradio,16,0.0001,1,32,1,0.1,lr1e-04_bs16_modL1_fusion32_fusionL1_drop0p1_trmiss50_trlocradio,20,0.42366620649894077,0.6655042171478271,0.5775862068965517,0.740230042682888,0.5777777777777777,0.0,0.0,0.0,0.0,0.0,0.0,0.0,0.0,0.0,2002,radio,0.5
3,4,lr1e-04_bs16_modL1_fusion32_fusionL1_drop0p1_trmiss50_trlocradio,16,0.0001,1,32,1,0.1,lr1e-04_bs16_modL1_fusion32_fusionL1_drop0p1_trmiss50_trlocradio,21,0.4072412724296252,0.6536284685134888,0.5905172413793104,0.7395576524259825,0.6222222222222222,0.0,0.0,0.0,0.0,0.0,0.0,0.0,0.0,0.0,2002,radio,0.5
3,4,lr1e-04_bs16_modL1_fusion32_fusionL1_drop0p1_trmiss50_trlocradio,16,0.0001,1,32,1,0.1,lr1e-04_bs16_modL1_fusion32_fusionL1_drop0p1_trmiss50_trlocradio,22,0.41486574957768124,0.6528986096382141,0.5991379310344828,0.7463839136921185,0.6,0.0,0.0,0.0,0.0,0.0,0.0,0.0,0.0,0.0,2002,radio,0.5
3,4,lr1e-04_bs16_modL1_fusion32_fusionL1_drop0p1_trmiss50_trlocradio,16,0.0001,1,32,1,0.1,lr1e-04_bs16_modL1_fusion32_fusionL1_drop0p1_trmiss50_trlocradio,23,0.39205415546894073,0.6489463448524475,0.5969827586206897,0.7441725570690246,0.6444444444444445,0.0,0.0,0.0,0.0,0.0,0.0,0.0,0.0,0.0,2002,radio,0.5
3,4,lr1e-04_bs16_modL1_fusion32_fusionL1_drop0p1_trmiss50_trlocradio,16,0.0001,1,32,1,0.1,lr1e-04_bs16_modL1_fusion32_fusionL1_drop0p1_trmiss50_trlocradio,24,0.40876585990190506,0.6481457352638245,0.6012931034482758,0.7472095857022042,0.6666666666666666,0.0,0.0,0.0,0.0,0.0,0.0,0.0,0.0,0.0,2002,radio,0.5
3,4,lr1e-04_bs16_modL1_fusion32_fusionL1_drop0p1_trmiss50_trlocradio,16,0.0001,1,32,1,0.1,lr1e-04_bs16_modL1_fusion32_fusionL1_drop0p1_trmiss50_trlocradio,25,0.39617371807495755,0.6578288674354553,0.5754310344827586,0.7318442510780859,0.6222222222222222,0.0,0.0,0.0,0.0,0.0,0.0,0.0,0.0,0.0,2002,radio,0.5
3,4,lr1e-04_bs16_modL1_fusion32_fusionL1_drop0p1_trmiss50_trlocradio,16,0.0001,1,32,1,0.1,lr1e-04_bs16_modL1_fusion32_fusionL1_drop0p1_trmiss50_trlocradio,26,0.38308265060186386,0.6577624281247457,0.5905172413793104,0.7436088108233193,0.6222222222222222,0.0,0.0,0.0,0.0,0.0,0.0,0.0,0.0,0.0,2002,radio,0.5
3,4,lr1e-04_bs16_modL1_fusion32_fusionL1_drop0p1_trmiss50_trlocradio,16,0.0001,1,32,1,0.1,lr1e-04_bs16_modL1_fusion32_fusionL1_drop0p1_trmiss50_trlocradio,27,0.38156592349211377,0.6630816260973612,0.5797413793103449,0.7382742812821549,0.6222222222222222,0.0,0.0,0.0,0.0,0.0,0.0,0.0,0.0,0.0,2002,radio,0.5
3,4,lr1e-04_bs16_modL1_fusion32_fusionL1_drop0p1_trmiss50_trlocradio,16,0.0001,1,32,1,0.1,lr1e-04_bs16_modL1_fusion32_fusionL1_drop0p1_trmiss50_trlocradio,28,0.40266994883616763,0.6735759178797404,0.5668103448275862,0.7302673207508449,0.6222222222222222,0.0,0.0,0.0,0.0,0.0,0.0,0.0,0.0,0.0,2002,radio,0.5
3,4,lr1e-04_bs16_modL1_fusion32_fusionL1_drop0p1_trmiss50_trlocradio,16,0.0001,1,32,1,0.1,lr1e-04_bs16_modL1_fusion32_fusionL1_drop0p1_trmiss50_trlocradio,29,0.3773743013540904,0.6598176757494608,0.5689655172413793,0.7328633350261587,0.6444444444444445,0.0,0.0,0.0,0.0,0.0,0.0,0.0,0.0,0.0,2002,radio,0.5
3,4,lr1e-04_bs16_modL1_fusion32_fusionL1_drop0p1_trmiss50_trlocradio,16,0.0001,1,32,1,0.1,lr1e-04_bs16_modL1_fusion32_fusionL1_drop0p1_trmiss50_trlocradio,30,0.36799487968285877,0.6640102664629618,0.5775862068965517,0.7394706736379605,0.5777777777777777,0.0,0.0,0.0,0.0,0.0,0.0,0.0,0.0,0.0,2002,radio,0.5
3,4,lr1e-04_bs16_modL1_fusion32_fusionL1_drop0p1_trmiss50_trlocradio,16,0.0001,1,32,1,0.1,lr1e-04_bs16_modL1_fusion32_fusionL1_drop0p1_trmiss50_trlocradio,31,0.3863186438878377,0.6719681223233541,0.5711206896551724,0.7380724926315566,0.6,0.0,0.0,0.0,0.0,0.0,0.0,0.0,0.0,0.0,2002,radio,0.5
3,4,lr1e-04_bs16_modL1_fusion32_fusionL1_drop0p1_trmiss50_trlocradio,16,0.0001,1,32,1,0.1,lr1e-04_bs16_modL1_fusion32_fusionL1_drop0p1_trmiss50_trlocradio,32,0.35826557626326877,0.6675317287445068,0.5711206896551724,0.7328864472362367,0.5777777777777777,0.0,0.0,0.0,0.0,0.0,0.0,0.0,0.0,0.0,2002,radio,0.5
3,4,lr1e-04_bs16_modL1_fusion32_fusionL1_drop0p1_trmiss50_trlocradio,16,0.0001,1,32,1,0.1,lr1e-04_bs16_modL1_fusion32_fusionL1_drop0p1_trmiss50_trlocradio,33,0.37993359565734863,0.6651922464370728,0.5711206896551724,0.7378166553140412,0.5777777777777777,0.0,0.0,0.0,0.0,0.0,0.0,0.0,0.0,0.0,2002,radio,0.5
3,4,lr1e-04_bs16_modL1_fusion32_fusionL1_drop0p1_trmiss50_trlocradio,16,0.0001,1,32,1,0.1,lr1e-04_bs16_modL1_fusion32_fusionL1_drop0p1_trmiss50_trlocradio,34,0.39563748985528946,0.6845503648122152,0.5517241379310345,0.726741860395601,0.5777777777777777,0.0,0.0,0.0,0.0,0.0,0.0,0.0,0.0,0.0,2002,radio,0.5
3,4,lr1e-04_bs16_modL1_fusion32_fusionL1_drop0p1_trmiss50_trlocradio,16,0.0001,1,32,1,0.1,lr1e-04_bs16_modL1_fusion32_fusionL1_drop0p1_trmiss50_trlocradio,35,0.35320120056470233,0.6714368661244711,0.5775862068965517,0.7399023901826626,0.6,0.0,0.0,0.0,0.0,0.0,0.0,0.0,0.0,0.0,2002,radio,0.5
3,4,lr1e-04_bs16_modL1_fusion32_fusionL1_drop0p1_trmiss50_trlocradio,16,0.0001,1,32,1,0.1,lr1e-04_bs16_modL1_fusion32_fusionL1_drop0p1_trmiss50_trlocradio,36,0.36338114738464355,0.6831141511599222,0.5581896551724138,0.7315338138441819,0.6,0.0,0.0,0.0,0.0,0.0,0.0,0.0,0.0,0.0,2002,radio,0.5
3,4,lr1e-04_bs16_modL1_fusion32_fusionL1_drop0p1_trmiss50_trlocradio,16,0.0001,1,32,1,0.1,lr1e-04_bs16_modL1_fusion32_fusionL1_drop0p1_trmiss50_trlocradio,37,0.3582097614804904,0.6784054040908813,0.5625,0.7366578707227059,0.5777777777777777,0.0,0.0,0.0,0.0,0.0,0.0,0.0,0.0,0.0,2002,radio,0.5
3,4,lr1e-04_bs16_modL1_fusion32_fusionL1_drop0p1_trmiss50_trlocradio,16,0.0001,1,32,1,0.1,lr1e-04_bs16_modL1_fusion32_fusionL1_drop0p1_trmiss50_trlocradio,38,0.3451933016379674,0.6712511777877808,0.5754310344827586,0.7425428929496948,0.6,0.0,0.0,0.0,0.0,0.0,0.0,0.0,0.0,0.0,2002,radio,0.5
3,4,lr1e-04_bs16_modL1_fusion32_fusionL1_drop0p1_trmiss50_trlocradio,16,0.0001,1,32,1,0.1,lr1e-04_bs16_modL1_fusion32_fusionL1_drop0p1_trmiss50_trlocradio,39,0.3595826377471288,0.6571289300918579,0.5883620689655172,0.7476856377147724,0.6222222222222222,0.0,0.0,0.0,0.0,0.0,0.0,0.0,0.0,0.0,2002,radio,0.5
3,4,lr1e-04_bs16_modL1_fusion32_fusionL1_drop0p1_trmiss50_trlocradio,16,0.0001,1,32,1,0.1,lr1e-04_bs16_modL1_fusion32_fusionL1_drop0p1_trmiss50_trlocradio,40,0.3384237587451935,0.6655755440394083,0.5754310344827587,0.7394665970054052,0.6,0.0,0.0,0.0,0.0,0.0,0.0,0.0,0.0,0.0,2002,radio,0.5
3,4,lr1e-04_bs16_modL1_fusion32_fusionL1_drop0p1_trmiss50_trlocradio,16,0.0001,1,32,1,0.1,lr1e-04_bs16_modL1_fusion32_fusionL1_drop0p1_trmiss50_trlocradio,41,0.37587809811035794,0.6705836455027262,0.564655172413793,0.7354516881775356,0.6222222222222222,0.0,0.0,0.0,0.0,0.0,0.0,0.0,0.0,0.0,2002,radio,0.5
3,4,lr1e-04_bs16_modL1_fusion32_fusionL1_drop0p1_trmiss50_trlocradio,16,0.0001,1,32,1,0.1,lr1e-04_bs16_modL1_fusion32_fusionL1_drop0p1_trmiss50_trlocradio,42,0.36388499289751053,0.6691393454869589,0.5775862068965517,0.744857657997971,0.6,0.0,0.0,0.0,0.0,0.0,0.0,0.0,0.0,0.0,2002,radio,0.5
3,4,lr1e-04_bs16_modL1_fusion32_fusionL1_drop0p1_trmiss50_trlocradio,16,0.0001,1,32,1,0.1,lr1e-04_bs16_modL1_fusion32_fusionL1_drop0p1_trmiss50_trlocradio,43,0.36060649156570435,0.6747503876686096,0.5754310344827587,0.7434545800372973,0.5777777777777777,0.0,0.0,0.0,0.0,0.0,0.0,0.0,0.0,0.0,2002,radio,0.5
3,4,lr1e-04_bs16_modL1_fusion32_fusionL1_drop0p1_trmiss50_trlocradio,16,0.0001,1,32,1,0.1,lr1e-04_bs16_modL1_fusion32_fusionL1_drop0p1_trmiss50_trlocradio,44,0.3436260024706523,0.675741970539093,0.5775862068965517,0.7446678317068048,0.6,0.0,0.0,0.0,0.0,0.0,0.0,0.0,0.0,0.0,2002,radio,0.5
3,4,lr1e-04_bs16_modL1_fusion64_fusionL1_drop0p2_trmiss50_trlocradio,16,0.0001,1,64,1,0.2,lr1e-04_bs16_modL1_fusion64_fusionL1_drop0p2_trmiss50_trlocradio,1,0.6940426230430603,0.6882839600245158,0.5581896551724138,0.7242244595886346,0.4666666666666667,0.0,0.0,0.0,0.0,0.0,0.0,0.0,0.0,0.0,2002,radio,0.5
3,4,lr1e-04_bs16_modL1_fusion64_fusionL1_drop0p2_trmiss50_trlocradio,16,0.0001,1,64,1,0.2,lr1e-04_bs16_modL1_fusion64_fusionL1_drop0p2_trmiss50_trlocradio,2,0.6546318382024765,0.6712694565455118,0.5905172413793103,0.7311785553049835,0.5333333333333333,0.0,0.0,0.0,0.0,0.0,0.0,0.0,0.0,0.0,2002,radio,0.5
3,4,lr1e-04_bs16_modL1_fusion64_fusionL1_drop0p2_trmiss50_trlocradio,16,0.0001,1,64,1,0.2,lr1e-04_bs16_modL1_fusion64_fusionL1_drop0p2_trmiss50_trlocradio,3,0.6205512682596842,0.6648038228352865,0.5818965517241379,0.7235293096352241,0.6,0.0,0.0,0.0,0.0,0.0,0.0,0.0,0.0,0.0,2002,radio,0.5
3,4,lr1e-04_bs16_modL1_fusion64_fusionL1_drop0p2_trmiss50_trlocradio,16,0.0001,1,64,1,0.2,lr1e-04_bs16_modL1_fusion64_fusionL1_drop0p2_trmiss50_trlocradio,4,0.6000185757875443,0.6546331246693929,0.603448275862069,0.7205817515486116,0.6444444444444445,0.0,0.0,0.0,0.0,0.0,0.0,0.0,0.0,0.0,2002,radio,0.5
3,4,lr1e-04_bs16_modL1_fusion64_fusionL1_drop0p2_trmiss50_trlocradio,16,0.0001,1,64,1,0.2,lr1e-04_bs16_modL1_fusion64_fusionL1_drop0p2_trmiss50_trlocradio,5,0.6001599828402201,0.6446892221768697,0.625,0.751637996240302,0.6444444444444445,0.0,0.0,0.0,0.0,0.0,0.0,0.0,0.0,0.0,2002,radio,0.5
3,4,lr1e-04_bs16_modL1_fusion64_fusionL1_drop0p2_trmiss50_trlocradio,16,0.0001,1,64,1,0.2,lr1e-04_bs16_modL1_fusion64_fusionL1_drop0p2_trmiss50_trlocradio,6,0.5908252944548925,0.6385913093884786,0.6508620689655172,0.7908706250105928,0.6,0.0,0.0,0.0,0.0,0.0,0.0,0.0,0.0,0.0,2002,radio,0.5
3,4,lr1e-04_bs16_modL1_fusion64_fusionL1_drop0p2_trmiss50_trlocradio,16,0.0001,1,64,1,0.2,lr1e-04_bs16_modL1_fusion64_fusionL1_drop0p2_trmiss50_trlocradio,7,0.566060076157252,0.6373799244562784,0.665948275862069,0.7978709936819159,0.6222222222222222,0.0,0.0,0.0,0.0,0.0,0.0,0.0,0.0,0.0,2002,radio,0.5
3,4,lr1e-04_bs16_modL1_fusion64_fusionL1_drop0p2_trmiss50_trlocradio,16,0.0001,1,64,1,0.2,lr1e-04_bs16_modL1_fusion64_fusionL1_drop0p2_trmiss50_trlocradio,8,0.5439391930898031,0.6368747353553772,0.6487068965517241,0.7867593741994141,0.6222222222222222,0.0,0.0,0.0,0.0,0.0,0.0,0.0,0.0,0.0,2002,radio,0.5
3,4,lr1e-04_bs16_modL1_fusion64_fusionL1_drop0p2_trmiss50_trlocradio,16,0.0001,1,64,1,0.2,lr1e-04_bs16_modL1_fusion64_fusionL1_drop0p2_trmiss50_trlocradio,9,0.5165049185355505,0.6348150372505188,0.6508620689655172,0.788537820806632,0.6222222222222222,0.0,0.0,0.0,0.0,0.0,0.0,0.0,0.0,0.0,2002,radio,0.5
3,4,lr1e-04_bs16_modL1_fusion64_fusionL1_drop0p2_trmiss50_trlocradio,16,0.0001,1,64,1,0.2,lr1e-04_bs16_modL1_fusion64_fusionL1_drop0p2_trmiss50_trlocradio,10,0.5169605314731598,0.636202851931254,0.6443965517241379,0.7803632687415313,0.6444444444444445,0.0,0.0,0.0,0.0,0.0,0.0,0.0,0.0,0.0,2002,radio,0.5
3,4,lr1e-04_bs16_modL1_fusion64_fusionL1_drop0p2_trmiss50_trlocradio,16,0.0001,1,64,1,0.2,lr1e-04_bs16_modL1_fusion64_fusionL1_drop0p2_trmiss50_trlocradio,11,0.5090656156341234,0.6429071227709452,0.6357758620689655,0.7930468353102667,0.6,0.0,0.0,0.0,0.0,0.0,0.0,0.0,0.0,0.0,2002,radio,0.5
3,4,lr1e-04_bs16_modL1_fusion64_fusionL1_drop0p2_trmiss50_trlocradio,16,0.0001,1,64,1,0.2,lr1e-04_bs16_modL1_fusion64_fusionL1_drop0p2_trmiss50_trlocradio,12,0.5092379699150721,0.6396190126736959,0.6271551724137931,0.7818443410549236,0.6,0.0,0.0,0.0,0.0,0.0,0.0,0.0,0.0,0.0,2002,radio,0.5
3,4,lr1e-04_bs16_modL1_fusion64_fusionL1_drop0p2_trmiss50_trlocradio,16,0.0001,1,64,1,0.2,lr1e-04_bs16_modL1_fusion64_fusionL1_drop0p2_trmiss50_trlocradio,13,0.5014709755778313,0.6278655727704366,0.6573275862068965,0.812373299744044,0.6222222222222222,0.0,0.0,0.0,0.0,0.0,0.0,0.0,0.0,0.0,2002,radio,0.5
3,4,lr1e-04_bs16_modL1_fusion64_fusionL1_drop0p2_trmiss50_trlocradio,16,0.0001,1,64,1,0.2,lr1e-04_bs16_modL1_fusion64_fusionL1_drop0p2_trmiss50_trlocradio,14,0.46914732952912647,0.6337225437164307,0.6551724137931034,0.8083770987853109,0.6222222222222222,0.0,0.0,0.0,0.0,0.0,0.0,0.0,0.0,0.0,2002,radio,0.5
3,4,lr1e-04_bs16_modL1_fusion64_fusionL1_drop0p2_trmiss50_trlocradio,16,0.0001,1,64,1,0.2,lr1e-04_bs16_modL1_fusion64_fusionL1_drop0p2_trmiss50_trlocradio,15,0.4727976197997729,0.6271976828575134,0.6594827586206897,0.8113679648174323,0.6444444444444445,0.0,0.0,0.0,0.0,0.0,0.0,0.0,0.0,0.0,2002,radio,0.5
3,4,lr1e-04_bs16_modL1_fusion64_fusionL1_drop0p2_trmiss50_trlocradio,16,0.0001,1,64,1,0.2,lr1e-04_bs16_modL1_fusion64_fusionL1_drop0p2_trmiss50_trlocradio,16,0.4381643235683441,0.63301682472229,0.6616379310344828,0.8100500277626255,0.6222222222222222,0.0,0.0,0.0,0.0,0.0,0.0,0.0,0.0,0.0,2002,radio,0.5
3,4,lr1e-04_bs16_modL1_fusion64_fusionL1_drop0p2_trmiss50_trlocradio,16,0.0001,1,64,1,0.2,lr1e-04_bs16_modL1_fusion64_fusionL1_drop0p2_trmiss50_trlocradio,17,0.4327350507179896,0.6367615262667338,0.6508620689655173,0.8006762724822323,0.6,0.0,0.0,0.0,0.0,0.0,0.0,0.0,0.0,0.0,2002,radio,0.5
3,4,lr1e-04_bs16_modL1_fusion64_fusionL1_drop0p2_trmiss50_trlocradio,16,0.0001,1,64,1,0.2,lr1e-04_bs16_modL1_fusion64_fusionL1_drop0p2_trmiss50_trlocradio,18,0.4020808736483256,0.64143834511439,0.6443965517241379,0.7904617510305145,0.6444444444444445,0.0,0.0,0.0,0.0,0.0,0.0,0.0,0.0,0.0,2002,radio,0.5
3,4,lr1e-04_bs16_modL1_fusion64_fusionL1_drop0p2_trmiss50_trlocradio,16,0.0001,1,64,1,0.2,lr1e-04_bs16_modL1_fusion64_fusionL1_drop0p2_trmiss50_trlocradio,19,0.43253759543100995,0.6323068539301554,0.6530172413793104,0.7973211470484562,0.6222222222222222,0.0,0.0,0.0,0.0,0.0,0.0,0.0,0.0,0.0,2002,radio,0.5
3,4,lr1e-04_bs16_modL1_fusion64_fusionL1_drop0p2_trmiss50_trlocradio,16,0.0001,1,64,1,0.2,lr1e-04_bs16_modL1_fusion64_fusionL1_drop0p2_trmiss50_trlocradio,20,0.37340716520945233,0.6197532216707865,0.6681034482758621,0.8197113532331266,0.6222222222222222,0.0,0.0,0.0,0.0,0.0,0.0,0.0,0.0,0.0,2002,radio,0.5
3,4,lr1e-04_bs16_modL1_fusion64_fusionL1_drop0p2_trmiss50_trlocradio,16,0.0001,1,64,1,0.2,lr1e-04_bs16_modL1_fusion64_fusionL1_drop0p2_trmiss50_trlocradio,21,0.4136432856321335,0.6221722761789957,0.6530172413793103,0.8068969336535778,0.6222222222222222,0.0,0.0,0.0,0.0,0.0,0.0,0.0,0.0,0.0,2002,radio,0.5
3,4,lr1e-04_bs16_modL1_fusion64_fusionL1_drop0p2_trmiss50_trlocradio,16,0.0001,1,64,1,0.2,lr1e-04_bs16_modL1_fusion64_fusionL1_drop0p2_trmiss50_trlocradio,22,0.3770587171117465,0.622792919476827,0.646551724137931,0.8074271989971091,0.6222222222222222,0.0,0.0,0.0,0.0,0.0,0.0,0.0,0.0,0.0,2002,radio,0.5
3,4,lr1e-04_bs16_modL1_fusion64_fusionL1_drop0p2_trmiss50_trlocradio,16,0.0001,1,64,1,0.2,lr1e-04_bs16_modL1_fusion64_fusionL1_drop0p2_trmiss50_trlocradio,23,0.37923019131024677,0.6378409266471863,0.6228448275862069,0.7889410399544421,0.6222222222222222,0.0,0.0,0.0,0.0,0.0,0.0,0.0,0.0,0.0,2002,radio,0.5
3,4,lr1e-04_bs16_modL1_fusion64_fusionL1_drop0p2_trmiss50_trlocradio,16,0.0001,1,64,1,0.2,lr1e-04_bs16_modL1_fusion64_fusionL1_drop0p2_trmiss50_trlocradio,24,0.34794611980517703,0.6489548285802206,0.5948275862068966,0.7689952039716608,0.6222222222222222,0.0,0.0,0.0,0.0,0.0,0.0,0.0,0.0,0.0,2002,radio,0.5
3,4,lr1e-04_bs16_modL1_fusion64_fusionL1_drop0p2_trmiss50_trlocradio,16,0.0001,1,64,1,0.2,lr1e-04_bs16_modL1_fusion64_fusionL1_drop0p2_trmiss50_trlocradio,25,0.32453934599955875,0.6544788877169291,0.5905172413793104,0.7587557608920856,0.6222222222222222,0.0,0.0,0.0,0.0,0.0,0.0,0.0,0.0,0.0,2002,radio,0.5
3,4,lr1e-04_bs16_modL1_fusion64_fusionL1_drop0p2_trmiss50_trlocradio,16,0.0001,1,64,1,0.2,lr1e-04_bs16_modL1_fusion64_fusionL1_drop0p2_trmiss50_trlocradio,26,0.34908294429381687,0.6557232538859049,0.5818965517241379,0.7590437524915841,0.6222222222222222,0.0,0.0,0.0,0.0,0.0,0.0,0.0,0.0,0.0,2002,radio,0.5
3,4,lr1e-04_bs16_modL1_fusion64_fusionL1_drop0p2_trmiss50_trlocradio,16,0.0001,1,64,1,0.2,lr1e-04_bs16_modL1_fusion64_fusionL1_drop0p2_trmiss50_trlocradio,27,0.3300882230202357,0.6642200549443563,0.5754310344827587,0.7519978998992827,0.6222222222222222,0.0,0.0,0.0,0.0,0.0,0.0,0.0,0.0,0.0,2002,radio,0.5
3,4,lr1e-04_bs16_modL1_fusion64_fusionL1_drop0p2_trmiss50_trlocradio,16,0.0001,1,64,1,0.2,lr1e-04_bs16_modL1_fusion64_fusionL1_drop0p2_trmiss50_trlocradio,28,0.3252886136372884,0.6578389803568522,0.5862068965517242,0.7610923636811184,0.6222222222222222,0.0,0.0,0.0,0.0,0.0,0.0,0.0,0.0,0.0,2002,radio,0.5
3,4,lr1e-04_bs16_modL1_fusion64_fusionL1_drop0p2_trmiss50_trlocradio,16,0.0001,1,64,1,0.2,lr1e-04_bs16_modL1_fusion64_fusionL1_drop0p2_trmiss50_trlocradio,29,0.30689550936222076,0.6669670939445496,0.5754310344827586,0.7538905465630739,0.6,0.0,0.0,0.0,0.0,0.0,0.0,0.0,0.0,0.0,2002,radio,0.5
3,4,lr1e-04_bs16_modL1_fusion64_fusionL1_drop0p2_trmiss50_trlocradio,16,0.0001,1,64,1,0.2,lr1e-04_bs16_modL1_fusion64_fusionL1_drop0p2_trmiss50_trlocradio,30,0.3119271273414294,0.6680964231491089,0.5754310344827587,0.7517172486387103,0.6222222222222222,0.0,0.0,0.0,0.0,0.0,0.0,0.0,0.0,0.0,2002,radio,0.5
3,4,lr1e-04_bs16_modL1_fusion64_fusionL1_drop0p2_trmiss50_trlocradio,16,0.0001,1,64,1,0.2,lr1e-04_bs16_modL1_fusion64_fusionL1_drop0p2_trmiss50_trlocradio,31,0.3309498056769371,0.6665024360020956,0.5862068965517242,0.7577085236078449,0.6666666666666666,0.0,0.0,0.0,0.0,0.0,0.0,0.0,0.0,0.0,2002,radio,0.5
3,4,lr1e-04_bs16_modL1_fusion64_fusionL1_drop0p2_trmiss50_trlocradio,16,0.0001,1,64,1,0.2,lr1e-04_bs16_modL1_fusion64_fusionL1_drop0p2_trmiss50_trlocradio,32,0.3207182673116525,0.6691795786221822,0.5581896551724137,0.7395142793982938,0.6222222222222222,0.0,0.0,0.0,0.0,0.0,0.0,0.0,0.0,0.0,2002,radio,0.5
3,4,lr1e-04_bs16_modL1_fusion64_fusionL1_drop0p2_trmiss50_trlocradio,16,0.0001,1,64,1,0.2,lr1e-04_bs16_modL1_fusion64_fusionL1_drop0p2_trmiss50_trlocradio,33,0.33499596764643985,0.6729312340418497,0.5474137931034482,0.7302298227728201,0.6444444444444445,0.0,0.0,0.0,0.0,0.0,0.0,0.0,0.0,0.0,2002,radio,0.5
3,4,lr1e-04_bs16_modL1_fusion64_fusionL1_drop0p2_trmiss50_trlocradio,16,0.0001,1,64,1,0.2,lr1e-04_bs16_modL1_fusion64_fusionL1_drop0p2_trmiss50_trlocradio,34,0.3065307301779588,0.6710973381996155,0.5603448275862069,0.7396652999356665,0.6222222222222222,0.0,0.0,0.0,0.0,0.0,0.0,0.0,0.0,0.0,2002,radio,0.5
3,4,lr1e-04_bs16_modL1_fusion64_fusionL1_drop0p2_trmiss50_trlocradio,16,0.0001,1,64,1,0.2,lr1e-04_bs16_modL1_fusion64_fusionL1_drop0p2_trmiss50_trlocradio,35,0.30144963165124256,0.6780523657798767,0.5538793103448275,0.7365658076715471,0.6222222222222222,0.0,0.0,0.0,0.0,0.0,0.0,0.0,0.0,0.0,2002,radio,0.5
3,4,lr1e-04_bs16_modL1_fusion64_fusionL1_drop0p2_trmiss50_trlocradio,16,0.0001,1,64,1,0.2,lr1e-04_bs16_modL1_fusion64_fusionL1_drop0p2_trmiss50_trlocradio,36,0.2905995671947797,0.6827447017033895,0.5517241379310345,0.7328162025586702,0.6222222222222222,0.0,0.0,0.0,0.0,0.0,0.0,0.0,0.0,0.0,2002,radio,0.5
3,4,lr1e-04_bs16_modL1_fusion64_fusionL1_drop0p2_trmiss50_trlocradio,16,0.0001,1,64,1,0.2,lr1e-04_bs16_modL1_fusion64_fusionL1_drop0p2_trmiss50_trlocradio,37,0.297753170132637,0.6895160675048828,0.5581896551724137,0.7386348106326039,0.6444444444444445,0.0,0.0,0.0,0.0,0.0,0.0,0.0,0.0,0.0,2002,radio,0.5
3,4,lr1e-04_bs16_modL1_fusion64_fusionL1_drop0p2_trmiss50_trlocradio,16,0.0001,1,64,1,0.2,lr1e-04_bs16_modL1_fusion64_fusionL1_drop0p2_trmiss50_trlocradio,38,0.3252837384740512,0.6782074371973673,0.5581896551724138,0.7387081906626494,0.6444444444444445,0.0,0.0,0.0,0.0,0.0,0.0,0.0,0.0,0.0,2002,radio,0.5
3,4,lr1e-04_bs16_modL1_fusion64_fusionL1_drop0p2_trmiss50_trlocradio,16,0.0001,1,64,1,0.2,lr1e-04_bs16_modL1_fusion64_fusionL1_drop0p2_trmiss50_trlocradio,39,0.28973077113429707,0.6773615678151449,0.5538793103448276,0.7378580950877958,0.6444444444444445,0.0,0.0,0.0,0.0,0.0,0.0,0.0,0.0,0.0,2002,radio,0.5
3,4,lr1e-04_bs16_modL1_fusion64_fusionL1_drop0p2_trmiss50_trlocradio,16,0.0001,1,64,1,0.2,lr1e-04_bs16_modL1_fusion64_fusionL1_drop0p2_trmiss50_trlocradio,40,0.2877635409434636,0.6888418594996134,0.5538793103448276,0.7373446129207286,0.6222222222222222,0.0,0.0,0.0,0.0,0.0,0.0,0.0,0.0,0.0,2002,radio,0.5
3,4,lr1e-04_bs16_modL1_fusion64_fusionL1_drop0p1_trmiss50_trlocradio,16,0.0001,1,64,1,0.1,lr1e-04_bs16_modL1_fusion64_fusionL1_drop0p1_trmiss50_trlocradio,1,0.6873460213343302,0.6669007738431295,0.6637931034482759,0.7534988999980201,0.6666666666666666,0.0,0.0,0.0,0.0,0.0,0.0,0.0,0.0,0.0,2002,radio,0.5
3,4,lr1e-04_bs16_modL1_fusion64_fusionL1_drop0p1_trmiss50_trlocradio,16,0.0001,1,64,1,0.1,lr1e-04_bs16_modL1_fusion64_fusionL1_drop0p1_trmiss50_trlocradio,2,0.6395080288251241,0.6512973507245382,0.6551724137931034,0.7703846374372103,0.6666666666666666,0.0,0.0,0.0,0.0,0.0,0.0,0.0,0.0,0.0,2002,radio,0.5
3,4,lr1e-04_bs16_modL1_fusion64_fusionL1_drop0p1_trmiss50_trlocradio,16,0.0001,1,64,1,0.1,lr1e-04_bs16_modL1_fusion64_fusionL1_drop0p1_trmiss50_trlocradio,3,0.5910043021043142,0.6370409925778707,0.7112068965517242,0.8070098506038034,0.6666666666666666,0.0,0.0,0.0,0.0,0.0,0.0,0.0,0.0,0.0,2002,radio,0.5
3,4,lr1e-04_bs16_modL1_fusion64_fusionL1_drop0p1_trmiss50_trlocradio,16,0.0001,1,64,1,0.1,lr1e-04_bs16_modL1_fusion64_fusionL1_drop0p1_trmiss50_trlocradio,4,0.5945152938365936,0.634976347287496,0.6982758620689655,0.7855211879616479,0.6666666666666666,0.0,0.0,0.0,0.0,0.0,0.0,0.0,0.0,0.0,2002,radio,0.5
3,4,lr1e-04_bs16_modL1_fusion64_fusionL1_drop0p1_trmiss50_trlocradio,16,0.0001,1,64,1,0.1,lr1e-04_bs16_modL1_fusion64_fusionL1_drop0p1_trmiss50_trlocradio,5,0.5723370214303335,0.6376921534538269,0.6788793103448276,0.7723191615877931,0.6666666666666666,0.0,0.0,0.0,0.0,0.0,0.0,0.0,0.0,0.0,2002,radio,0.5
3,4,lr1e-04_bs16_modL1_fusion64_fusionL1_drop0p1_trmiss50_trlocradio,16,0.0001,1,64,1,0.1,lr1e-04_bs16_modL1_fusion64_fusionL1_drop0p1_trmiss50_trlocradio,6,0.56478584309419,0.630545953909556,0.6831896551724138,0.7727537414429038,0.6888888888888889,0.0,0.0,0.0,0.0,0.0,0.0,0.0,0.0,0.0,2002,radio,0.5
3,4,lr1e-04_bs16_modL1_fusion64_fusionL1_drop0p1_trmiss50_trlocradio,16,0.0001,1,64,1,0.1,lr1e-04_bs16_modL1_fusion64_fusionL1_drop0p1_trmiss50_trlocradio,7,0.5431223809719086,0.630573034286499,0.6508620689655172,0.7543150195502619,0.6888888888888889,0.0,0.0,0.0,0.0,0.0,0.0,0.0,0.0,0.0,2002,radio,0.5
3,4,lr1e-04_bs16_modL1_fusion64_fusionL1_drop0p1_trmiss50_trlocradio,16,0.0001,1,64,1,0.1,lr1e-04_bs16_modL1_fusion64_fusionL1_drop0p1_trmiss50_trlocradio,8,0.526779239376386,0.6484163800875345,0.6185344827586208,0.7310565020768767,0.6666666666666666,0.0,0.0,0.0,0.0,0.0,0.0,0.0,0.0,0.0,2002,radio,0.5
3,4,lr1e-04_bs16_modL1_fusion64_fusionL1_drop0p1_trmiss50_trlocradio,16,0.0001,1,64,1,0.1,lr1e-04_bs16_modL1_fusion64_fusionL1_drop0p1_trmiss50_trlocradio,9,0.49494048953056335,0.6394960284233093,0.6120689655172413,0.733200580618121,0.6666666666666666,0.0,0.0,0.0,0.0,0.0,0.0,0.0,0.0,0.0,2002,radio,0.5
3,4,lr1e-04_bs16_modL1_fusion64_fusionL1_drop0p1_trmiss50_trlocradio,16,0.0001,1,64,1,0.1,lr1e-04_bs16_modL1_fusion64_fusionL1_drop0p1_trmiss50_trlocradio,10,0.4859757125377655,0.6451162099838257,0.603448275862069,0.7352212322049865,0.6222222222222222,0.0,0.0,0.0,0.0,0.0,0.0,0.0,0.0,0.0,2002,radio,0.5
3,4,lr1e-04_bs16_modL1_fusion64_fusionL1_drop0p1_trmiss50_trlocradio,16,0.0001,1,64,1,0.1,lr1e-04_bs16_modL1_fusion64_fusionL1_drop0p1_trmiss50_trlocradio,11,0.47238313655058545,0.6411720911661783,0.6012931034482758,0.7551707444559176,0.6444444444444445,0.0,0.0,0.0,0.0,0.0,0.0,0.0,0.0,0.0,2002,radio,0.5
3,4,lr1e-04_bs16_modL1_fusion64_fusionL1_drop0p1_trmiss50_trlocradio,16,0.0001,1,64,1,0.1,lr1e-04_bs16_modL1_fusion64_fusionL1_drop0p1_trmiss50_trlocradio,12,0.46037541081508,0.6365673740704855,0.6120689655172413,0.7615857091782693,0.5777777777777777,0.0,0.0,0.0,0.0,0.0,0.0,0.0,0.0,0.0,2002,radio,0.5
3,4,lr1e-04_bs16_modL1_fusion64_fusionL1_drop0p1_trmiss50_trlocradio,16,0.0001,1,64,1,0.1,lr1e-04_bs16_modL1_fusion64_fusionL1_drop0p1_trmiss50_trlocradio,13,0.45176579306523007,0.6326138178507487,0.6206896551724139,0.7596949208046279,0.6222222222222222,0.0,0.0,0.0,0.0,0.0,0.0,0.0,0.0,0.0,2002,radio,0.5
3,4,lr1e-04_bs16_modL1_fusion64_fusionL1_drop0p1_trmiss50_trlocradio,16,0.0001,1,64,1,0.1,lr1e-04_bs16_modL1_fusion64_fusionL1_drop0p1_trmiss50_trlocradio,14,0.4616723532478015,0.6288622419039408,0.6142241379310345,0.7589343170573076,0.6222222222222222,0.0,0.0,0.0,0.0,0.0,0.0,0.0,0.0,0.0,2002,radio,0.5
3,4,lr1e-04_bs16_modL1_fusion64_fusionL1_drop0p1_trmiss50_trlocradio,16,0.0001,1,64,1,0.1,lr1e-04_bs16_modL1_fusion64_fusionL1_drop0p1_trmiss50_trlocradio,15,0.416662077109019,0.6336825291315714,0.6077586206896552,0.7510261539101032,0.6,0.0,0.0,0.0,0.0,0.0,0.0,0.0,0.0,0.0,2002,radio,0.5
3,4,lr1e-04_bs16_modL1_fusion64_fusionL1_drop0p1_trmiss50_trlocradio,16,0.0001,1,64,1,0.1,lr1e-04_bs16_modL1_fusion64_fusionL1_drop0p1_trmiss50_trlocradio,16,0.4317953983942668,0.6411529779434204,0.5689655172413793,0.7282160179979548,0.6,0.0,0.0,0.0,0.0,0.0,0.0,0.0,0.0,0.0,2002,radio,0.5
3,4,lr1e-04_bs16_modL1_fusion64_fusionL1_drop0p1_trmiss50_trlocradio,16,0.0001,1,64,1,0.1,lr1e-04_bs16_modL1_fusion64_fusionL1_drop0p1_trmiss50_trlocradio,17,0.4111083547274272,0.6454369425773621,0.5818965517241379,0.7384463306896231,0.6,0.0,0.0,0.0,0.0,0.0,0.0,0.0,0.0,0.0,2002,radio,0.5
3,4,lr1e-04_bs16_modL1_fusion64_fusionL1_drop0p1_trmiss50_trlocradio,16,0.0001,1,64,1,0.1,lr1e-04_bs16_modL1_fusion64_fusionL1_drop0p1_trmiss50_trlocradio,18,0.42432626336812973,0.6439019838968912,0.5797413793103448,0.7361561744691244,0.6222222222222222,0.0,0.0,0.0,0.0,0.0,0.0,0.0,0.0,0.0,2002,radio,0.5
3,4,lr1e-04_bs16_modL1_fusion64_fusionL1_drop0p1_trmiss50_trlocradio,16,0.0001,1,64,1,0.1,lr1e-04_bs16_modL1_fusion64_fusionL1_drop0p1_trmiss50_trlocradio,19,0.3901367411017418,0.6466836730639139,0.5732758620689655,0.731141131376971,0.6222222222222222,0.0,0.0,0.0,0.0,0.0,0.0,0.0,0.0,0.0,2002,radio,0.5
3,4,lr1e-04_bs16_modL1_fusion64_fusionL1_drop0p1_trmiss50_trlocradio,16,0.0001,1,64,1,0.1,lr1e-04_bs16_modL1_fusion64_fusionL1_drop0p1_trmiss50_trlocradio,20,0.39902040859063465,0.6511022845904032,0.5797413793103449,0.7384345385183609,0.6,0.0,0.0,0.0,0.0,0.0,0.0,0.0,0.0,0.0,2002,radio,0.5
3,4,lr1e-04_bs16_modL1_fusion64_fusionL1_drop0p1_trmiss50_trlocradio,16,0.0001,1,64,1,0.1,lr1e-04_bs16_modL1_fusion64_fusionL1_drop0p1_trmiss50_trlocradio,21,0.3829585586984952,0.649959941705068,0.5797413793103449,0.7408517893290837,0.6,0.0,0.0,0.0,0.0,0.0,0.0,0.0,0.0,0.0,2002,radio,0.5
3,4,lr1e-04_bs16_modL1_fusion64_fusionL1_drop0p1_trmiss50_trlocradio,16,0.0001,1,64,1,0.1,lr1e-04_bs16_modL1_fusion64_fusionL1_drop0p1_trmiss50_trlocradio,22,0.3805074542760849,0.654637893040975,0.5581896551724138,0.7222277799557161,0.6,0.0,0.0,0.0,0.0,0.0,0.0,0.0,0.0,0.0,2002,radio,0.5
3,4,lr1e-04_bs16_modL1_fusion64_fusionL1_drop0p1_trmiss50_trlocradio,16,0.0001,1,64,1,0.1,lr1e-04_bs16_modL1_fusion64_fusionL1_drop0p1_trmiss50_trlocradio,23,0.3886428972085317,0.653469463189443,0.5797413793103449,0.7416128766290936,0.6,0.0,0.0,0.0,0.0,0.0,0.0,0.0,0.0,0.0,2002,radio,0.5
3,4,lr1e-04_bs16_modL1_fusion64_fusionL1_drop0p1_trmiss50_trlocradio,16,0.0001,1,64,1,0.1,lr1e-04_bs16_modL1_fusion64_fusionL1_drop0p1_trmiss50_trlocradio,24,0.39169564098119736,0.6509761214256287,0.5517241379310345,0.7204631956337887,0.6,0.0,0.0,0.0,0.0,0.0,0.0,0.0,0.0,0.0,2002,radio,0.5
3,4,lr1e-04_bs16_modL1_fusion64_fusionL1_drop0p1_trmiss50_trlocradio,16,0.0001,1,64,1,0.1,lr1e-04_bs16_modL1_fusion64_fusionL1_drop0p1_trmiss50_trlocradio,25,0.37615932275851566,0.6530753175417582,0.5689655172413792,0.7274774325801233,0.6,0.0,0.0,0.0,0.0,0.0,0.0,0.0,0.0,0.0,2002,radio,0.5
3,4,lr1e-04_bs16_modL1_fusion64_fusionL1_drop0p1_trmiss50_trlocradio,16,0.0001,1,64,1,0.1,lr1e-04_bs16_modL1_fusion64_fusionL1_drop0p1_trmiss50_trlocradio,26,0.36794600387414295,0.6514471570650736,0.5646551724137931,0.7173805791695834,0.6222222222222222,0.0,0.0,0.0,0.0,0.0,0.0,0.0,0.0,0.0,2002,radio,0.5
3,4,lr5e-05_bs32_modL1_fusion32_fusionL1_drop0p2_trmiss50_trlocradio,32,5e-05,1,32,1,0.2,lr5e-05_bs32_modL1_fusion32_fusionL1_drop0p2_trmiss50_trlocradio,1,0.6921571294466654,0.6649012267589569,0.6142241379310345,0.7542275236630169,0.6444444444444445,0.0,0.0,0.0,0.0,0.0,0.0,0.0,0.0,0.0,2002,radio,0.5
3,4,lr5e-05_bs32_modL1_fusion32_fusionL1_drop0p2_trmiss50_trlocradio,32,5e-05,1,32,1,0.2,lr5e-05_bs32_modL1_fusion32_fusionL1_drop0p2_trmiss50_trlocradio,2,0.6828306615352631,0.6601876020431519,0.6336206896551725,0.7755978543144699,0.6444444444444445,0.0,0.0,0.0,0.0,0.0,0.0,0.0,0.0,0.0,2002,radio,0.5
3,4,lr5e-05_bs32_modL1_fusion32_fusionL1_drop0p2_trmiss50_trlocradio,32,5e-05,1,32,1,0.2,lr5e-05_bs32_modL1_fusion32_fusionL1_drop0p2_trmiss50_trlocradio,3,0.6579439838727316,0.652805894613266,0.6702586206896551,0.8067842151730307,0.6222222222222222,0.0,0.0,0.0,0.0,0.0,0.0,0.0,0.0,0.0,2002,radio,0.5
3,4,lr5e-05_bs32_modL1_fusion32_fusionL1_drop0p2_trmiss50_trlocradio,32,5e-05,1,32,1,0.2,lr5e-05_bs32_modL1_fusion32_fusionL1_drop0p2_trmiss50_trlocradio,4,0.6426274875799814,0.6469821333885193,0.6767241379310345,0.8098086285648687,0.6,0.0,0.0,0.0,0.0,0.0,0.0,0.0,0.0,0.0,2002,radio,0.5
3,4,lr5e-05_bs32_modL1_fusion32_fusionL1_drop0p2_trmiss50_trlocradio,32,5e-05,1,32,1,0.2,lr5e-05_bs32_modL1_fusion32_fusionL1_drop0p2_trmiss50_trlocradio,5,0.6468907793362936,0.640966385602951,0.6788793103448276,0.8169255179091852,0.6,0.0,0.0,0.0,0.0,0.0,0.0,0.0,0.0,0.0,2002,radio,0.5
3,4,lr5e-05_bs32_modL1_fusion32_fusionL1_drop0p2_trmiss50_trlocradio,32,5e-05,1,32,1,0.2,lr5e-05_bs32_modL1_fusion32_fusionL1_drop0p2_trmiss50_trlocradio,6,0.6352025171120962,0.6364662945270538,0.6982758620689655,0.8278135084289784,0.6666666666666666,0.0,0.0,0.0,0.0,0.0,0.0,0.0,0.0,0.0,2002,radio,0.5
3,4,lr5e-05_bs32_modL1_fusion32_fusionL1_drop0p2_trmiss50_trlocradio,32,5e-05,1,32,1,0.2,lr5e-05_bs32_modL1_fusion32_fusionL1_drop0p2_trmiss50_trlocradio,7,0.6327909628550211,0.6333349943161011,0.7133620689655172,0.8324986922982078,0.6888888888888889,0.0,0.0,0.0,0.0,0.0,0.0,0.0,0.0,0.0,2002,radio,0.5
3,4,lr5e-05_bs32_modL1_fusion32_fusionL1_drop0p2_trmiss50_trlocradio,32,5e-05,1,32,1,0.2,lr5e-05_bs32_modL1_fusion32_fusionL1_drop0p2_trmiss50_trlocradio,8,0.6184542775154114,0.633070319890976,0.709051724137931,0.8371627225919518,0.6888888888888889,0.0,0.0,0.0,0.0,0.0,0.0,0.0,0.0,0.0,2002,radio,0.5
3,4,lr5e-05_bs32_modL1_fusion32_fusionL1_drop0p2_trmiss50_trlocradio,32,5e-05,1,32,1,0.2,lr5e-05_bs32_modL1_fusion32_fusionL1_drop0p2_trmiss50_trlocradio,9,0.6138207614421844,0.6323740482330322,0.7155172413793103,0.8423354422343643,0.6888888888888889,0.0,0.0,0.0,0.0,0.0,0.0,0.0,0.0,0.0,2002,radio,0.5
3,4,lr5e-05_bs32_modL1_fusion32_fusionL1_drop0p2_trmiss50_trlocradio,32,5e-05,1,32,1,0.2,lr5e-05_bs32_modL1_fusion32_fusionL1_drop0p2_trmiss50_trlocradio,10,0.5938229660193125,0.6323197782039642,0.7219827586206896,0.8495616668379924,0.6888888888888889,0.0,0.0,0.0,0.0,0.0,0.0,0.0,0.0,0.0,2002,radio,0.5
3,4,lr5e-05_bs32_modL1_fusion32_fusionL1_drop0p2_trmiss50_trlocradio,32,5e-05,1,32,1,0.2,lr5e-05_bs32_modL1_fusion32_fusionL1_drop0p2_trmiss50_trlocradio,11,0.6052293280760447,0.6328671872615814,0.7112068965517242,0.8453349592763557,0.6888888888888889,0.0,0.0,0.0,0.0,0.0,0.0,0.0,0.0,0.0,2002,radio,0.5
3,4,lr5e-05_bs32_modL1_fusion32_fusionL1_drop0p2_trmiss50_trlocradio,32,5e-05,1,32,1,0.2,lr5e-05_bs32_modL1_fusion32_fusionL1_drop0p2_trmiss50_trlocradio,12,0.5906125207742056,0.6366157531738281,0.7025862068965517,0.846138628316824,0.6666666666666666,0.0,0.0,0.0,0.0,0.0,0.0,0.0,0.0,0.0,2002,radio,0.5
3,4,lr5e-05_bs32_modL1_fusion32_fusionL1_drop0p2_trmiss50_trlocradio,32,5e-05,1,32,1,0.2,lr5e-05_bs32_modL1_fusion32_fusionL1_drop0p2_trmiss50_trlocradio,13,0.5917785267035166,0.6391588151454926,0.6982758620689655,0.8378376008753301,0.6666666666666666,0.0,0.0,0.0,0.0,0.0,0.0,0.0,0.0,0.0,2002,radio,0.5
3,4,lr5e-05_bs32_modL1_fusion32_fusionL1_drop0p2_trmiss50_trlocradio,32,5e-05,1,32,1,0.2,lr5e-05_bs32_modL1_fusion32_fusionL1_drop0p2_trmiss50_trlocradio,14,0.5667311946551005,0.6378613412380219,0.6961206896551724,0.8348024899954256,0.6444444444444445,0.0,0.0,0.0,0.0,0.0,0.0,0.0,0.0,0.0,2002,radio,0.5
3,4,lr5e-05_bs32_modL1_fusion32_fusionL1_drop0p2_trmiss50_trlocradio,32,5e-05,1,32,1,0.2,lr5e-05_bs32_modL1_fusion32_fusionL1_drop0p2_trmiss50_trlocradio,15,0.579157421986262,0.6366280317306519,0.6896551724137931,0.8290430799089037,0.6222222222222222,0.0,0.0,0.0,0.0,0.0,0.0,0.0,0.0,0.0,2002,radio,0.5
3,4,lr5e-05_bs32_modL1_fusion32_fusionL1_drop0p2_trmiss50_trlocradio,32,5e-05,1,32,1,0.2,lr5e-05_bs32_modL1_fusion32_fusionL1_drop0p2_trmiss50_trlocradio,16,0.5667407214641571,0.6349536776542664,0.6853448275862069,0.82713500014633,0.6,0.0,0.0,0.0,0.0,0.0,0.0,0.0,0.0,0.0,2002,radio,0.5
3,4,lr5e-05_bs32_modL1_fusion32_fusionL1_drop0p2_trmiss50_trlocradio,32,5e-05,1,32,1,0.2,lr5e-05_bs32_modL1_fusion32_fusionL1_drop0p2_trmiss50_trlocradio,17,0.5827014942963918,0.6353302299976349,0.6875,0.8294722462335762,0.6222222222222222,0.0,0.0,0.0,0.0,0.0,0.0,0.0,0.0,0.0,2002,radio,0.5
3,4,lr5e-05_bs32_modL1_fusion32_fusionL1_drop0p2_trmiss50_trlocradio,32,5e-05,1,32,1,0.2,lr5e-05_bs32_modL1_fusion32_fusionL1_drop0p2_trmiss50_trlocradio,18,0.5619245171546936,0.634712427854538,0.689655172413793,0.8305386689338037,0.6222222222222222,0.0,0.0,0.0,0.0,0.0,0.0,0.0,0.0,0.0,2002,radio,0.5
3,4,lr5e-05_bs32_modL1_fusion32_fusionL1_drop0p2_trmiss50_trlocradio,32,5e-05,1,32,1,0.2,lr5e-05_bs32_modL1_fusion32_fusionL1_drop0p2_trmiss50_trlocradio,19,0.5512328942616781,0.634265124797821,0.6875,0.8282353903491559,0.6222222222222222,0.0,0.0,0.0,0.0,0.0,0.0,0.0,0.0,0.0,2002,radio,0.5
3,4,lr5e-05_bs32_modL1_fusion32_fusionL1_drop0p2_trmiss50_trlocradio,32,5e-05,1,32,1,0.2,lr5e-05_bs32_modL1_fusion32_fusionL1_drop0p2_trmiss50_trlocradio,20,0.5502170224984487,0.6336168646812439,0.6961206896551724,0.8296806325271566,0.6222222222222222,0.0,0.0,0.0,0.0,0.0,0.0,0.0,0.0,0.0,2002,radio,0.5
3,4,lr5e-05_bs32_modL1_fusion32_fusionL1_drop0p2_trmiss50_trlocradio,32,5e-05,1,32,1,0.2,lr5e-05_bs32_modL1_fusion32_fusionL1_drop0p2_trmiss50_trlocradio,21,0.5500630686680476,0.6349318623542786,0.6875,0.8237522599121572,0.6222222222222222,0.0,0.0,0.0,0.0,0.0,0.0,0.0,0.0,0.0,2002,radio,0.5
3,4,lr5e-05_bs32_modL1_fusion32_fusionL1_drop0p2_trmiss50_trlocradio,32,5e-05,1,32,1,0.2,lr5e-05_bs32_modL1_fusion32_fusionL1_drop0p2_trmiss50_trlocradio,22,0.5357256531715393,0.6356174945831299,0.6831896551724138,0.8195697817732361,0.6222222222222222,0.0,0.0,0.0,0.0,0.0,0.0,0.0,0.0,0.0,2002,radio,0.5
3,4,lr5e-05_bs32_modL1_fusion32_fusionL1_drop0p2_trmiss50_trlocradio,32,5e-05,1,32,1,0.2,lr5e-05_bs32_modL1_fusion32_fusionL1_drop0p2_trmiss50_trlocradio,23,0.547438402970632,0.6362248361110687,0.6810344827586207,0.8176509087574146,0.6222222222222222,0.0,0.0,0.0,0.0,0.0,0.0,0.0,0.0,0.0,2002,radio,0.5
3,4,lr5e-05_bs32_modL1_fusion32_fusionL1_drop0p2_trmiss50_trlocradio,32,5e-05,1,32,1,0.2,lr5e-05_bs32_modL1_fusion32_fusionL1_drop0p2_trmiss50_trlocradio,24,0.5619525015354156,0.636379212141037,0.6831896551724138,0.8236824213565317,0.6222222222222222,0.0,0.0,0.0,0.0,0.0,0.0,0.0,0.0,0.0,2002,radio,0.5
3,4,lr5e-05_bs32_modL1_fusion32_fusionL1_drop0p2_trmiss50_trlocradio,32,5e-05,1,32,1,0.2,lr5e-05_bs32_modL1_fusion32_fusionL1_drop0p2_trmiss50_trlocradio,25,0.5593999326229095,0.6342495381832123,0.6831896551724138,0.8232545853116358,0.6222222222222222,0.0,0.0,0.0,0.0,0.0,0.0,0.0,0.0,0.0,2002,radio,0.5
3,4,lr5e-05_bs32_modL1_fusion32_fusionL1_drop0p2_trmiss50_trlocradio,32,5e-05,1,32,1,0.2,lr5e-05_bs32_modL1_fusion32_fusionL1_drop0p2_trmiss50_trlocradio,26,0.5497908492883047,0.6337814331054688,0.6831896551724137,0.8233049672585695,0.6444444444444445,0.0,0.0,0.0,0.0,0.0,0.0,0.0,0.0,0.0,2002,radio,0.5
3,4,lr5e-05_bs32_modL1_fusion32_fusionL1_drop0p2_trmiss50_trlocradio,32,5e-05,1,32,1,0.2,lr5e-05_bs32_modL1_fusion32_fusionL1_drop0p2_trmiss50_trlocradio,27,0.528847207625707,0.6330181360244751,0.6810344827586207,0.8225539223264899,0.6444444444444445,0.0,0.0,0.0,0.0,0.0,0.0,0.0,0.0,0.0,2002,radio,0.5
3,4,lr5e-05_bs32_modL1_fusion32_fusionL1_drop0p2_trmiss50_trlocradio,32,5e-05,1,32,1,0.2,lr5e-05_bs32_modL1_fusion32_fusionL1_drop0p2_trmiss50_trlocradio,28,0.5400228301684061,0.631277322769165,0.6853448275862069,0.8240648783282238,0.6444444444444445,0.0,0.0,0.0,0.0,0.0,0.0,0.0,0.0,0.0,2002,radio,0.5
3,4,lr5e-05_bs32_modL1_fusion32_fusionL1_drop0p2_trmiss50_trlocradio,32,5e-05,1,32,1,0.2,lr5e-05_bs32_modL1_fusion32_fusionL1_drop0p2_trmiss50_trlocradio,29,0.5303317407766978,0.6311849057674408,0.6831896551724138,0.8200020908602639,0.6444444444444445,0.0,0.0,0.0,0.0,0.0,0.0,0.0,0.0,0.0,2002,radio,0.5
3,4,lr5e-05_bs32_modL1_fusion32_fusionL1_drop0p2_trmiss50_trlocradio,32,5e-05,1,32,1,0.2,lr5e-05_bs32_modL1_fusion32_fusionL1_drop0p2_trmiss50_trlocradio,30,0.5482301016648611,0.6320543587207794,0.6831896551724138,0.8230883656605315,0.6222222222222222,0.0,0.0,0.0,0.0,0.0,0.0,0.0,0.0,0.0,2002,radio,0.5
3,4,lr5e-05_bs32_modL1_fusion32_fusionL1_drop0p1_trmiss50_trlocradio,32,5e-05,1,32,1,0.1,lr5e-05_bs32_modL1_fusion32_fusionL1_drop0p1_trmiss50_trlocradio,1,0.6578986545403799,0.6713173687458038,0.4849137931034483,0.6712128365435351,0.6444444444444445,0.0,0.0,0.0,0.0,0.0,0.0,0.0,0.0,0.0,2002,radio,0.5
3,4,lr5e-05_bs32_modL1_fusion32_fusionL1_drop0p1_trmiss50_trlocradio,32,5e-05,1,32,1,0.1,lr5e-05_bs32_modL1_fusion32_fusionL1_drop0p1_trmiss50_trlocradio,2,0.6384828686714172,0.6650009751319885,0.5344827586206896,0.6914727229997927,0.6444444444444445,0.0,0.0,0.0,0.0,0.0,0.0,0.0,0.0,0.0,2002,radio,0.5
3,4,lr5e-05_bs32_modL1_fusion32_fusionL1_drop0p1_trmiss50_trlocradio,32,5e-05,1,32,1,0.1,lr5e-05_bs32_modL1_fusion32_fusionL1_drop0p1_trmiss50_trlocradio,3,0.6160614391167959,0.6576448976993561,0.5560344827586208,0.6958674296437277,0.6444444444444445,0.0,0.0,0.0,0.0,0.0,0.0,0.0,0.0,0.0,2002,radio,0.5
3,4,lr5e-05_bs32_modL1_fusion32_fusionL1_drop0p1_trmiss50_trlocradio,32,5e-05,1,32,1,0.1,lr5e-05_bs32_modL1_fusion32_fusionL1_drop0p1_trmiss50_trlocradio,4,0.6019651194413503,0.6544180512428284,0.5646551724137931,0.7022720957179786,0.6444444444444445,0.0,0.0,0.0,0.0,0.0,0.0,0.0,0.0,0.0,2002,radio,0.5
3,4,lr5e-05_bs32_modL1_fusion32_fusionL1_drop0p1_trmiss50_trlocradio,32,5e-05,1,32,1,0.1,lr5e-05_bs32_modL1_fusion32_fusionL1_drop0p1_trmiss50_trlocradio,5,0.5809534788131714,0.652858704328537,0.5711206896551724,0.7114575105192099,0.6666666666666666,0.0,0.0,0.0,0.0,0.0,0.0,0.0,0.0,0.0,2002,radio,0.5
3,4,lr5e-05_bs32_modL1_fusion32_fusionL1_drop0p1_trmiss50_trlocradio,32,5e-05,1,32,1,0.1,lr5e-05_bs32_modL1_fusion32_fusionL1_drop0p1_trmiss50_trlocradio,6,0.579965869585673,0.6538687944412231,0.5646551724137931,0.7144989722587377,0.6666666666666666,0.0,0.0,0.0,0.0,0.0,0.0,0.0,0.0,0.0,2002,radio,0.5
3,4,lr5e-05_bs32_modL1_fusion32_fusionL1_drop0p1_trmiss50_trlocradio,32,5e-05,1,32,1,0.1,lr5e-05_bs32_modL1_fusion32_fusionL1_drop0p1_trmiss50_trlocradio,7,0.5646364688873291,0.6534377634525299,0.5646551724137931,0.7159427906355863,0.6444444444444445,0.0,0.0,0.0,0.0,0.0,0.0,0.0,0.0,0.0,2002,radio,0.5
3,4,lr5e-05_bs32_modL1_fusion32_fusionL1_drop0p1_trmiss50_trlocradio,32,5e-05,1,32,1,0.1,lr5e-05_bs32_modL1_fusion32_fusionL1_drop0p1_trmiss50_trlocradio,8,0.5668586691220602,0.6616851091384888,0.5474137931034482,0.6969000809866475,0.6444444444444445,0.0,0.0,0.0,0.0,0.0,0.0,0.0,0.0,0.0,2002,radio,0.5
3,4,lr5e-05_bs32_modL1_fusion32_fusionL1_drop0p1_trmiss50_trlocradio,32,5e-05,1,32,1,0.1,lr5e-05_bs32_modL1_fusion32_fusionL1_drop0p1_trmiss50_trlocradio,9,0.551117330789566,0.6709303259849548,0.5323275862068966,0.6907943374495902,0.6444444444444445,0.0,0.0,0.0,0.0,0.0,0.0,0.0,0.0,0.0,2002,radio,0.5
3,4,lr5e-05_bs32_modL1_fusion32_fusionL1_drop0p1_trmiss50_trlocradio,32,5e-05,1,32,1,0.1,lr5e-05_bs32_modL1_fusion32_fusionL1_drop0p1_trmiss50_trlocradio,10,0.5418841342131296,0.6872387826442719,0.5043103448275863,0.6743140340510063,0.6444444444444445,0.0,0.0,0.0,0.0,0.0,0.0,0.0,0.0,0.0,2002,radio,0.5
3,4,lr5e-05_bs32_modL1_fusion32_fusionL1_drop0p1_trmiss50_trlocradio,32,5e-05,1,32,1,0.1,lr5e-05_bs32_modL1_fusion32_fusionL1_drop0p1_trmiss50_trlocradio,11,0.5365083118279775,0.686398983001709,0.5086206896551724,0.6790445660718085,0.6444444444444445,0.0,0.0,0.0,0.0,0.0,0.0,0.0,0.0,0.0,2002,radio,0.5
3,4,lr5e-05_bs32_modL1_fusion32_fusionL1_drop0p1_trmiss50_trlocradio,32,5e-05,1,32,1,0.1,lr5e-05_bs32_modL1_fusion32_fusionL1_drop0p1_trmiss50_trlocradio,12,0.5190178950627645,0.6841892302036285,0.5086206896551724,0.6789871013338165,0.6444444444444445,0.0,0.0,0.0,0.0,0.0,0.0,0.0,0.0,0.0,2002,radio,0.5
3,4,lr5e-05_bs32_modL1_fusion32_fusionL1_drop0p1_trmiss50_trlocradio,32,5e-05,1,32,1,0.1,lr5e-05_bs32_modL1_fusion32_fusionL1_drop0p1_trmiss50_trlocradio,13,0.5148659000794092,0.6806018054485321,0.5107758620689655,0.6796084122999548,0.6444444444444445,0.0,0.0,0.0,0.0,0.0,0.0,0.0,0.0,0.0,2002,radio,0.5
3,4,lr5e-05_bs32_modL1_fusion32_fusionL1_drop0p1_trmiss50_trlocradio,32,5e-05,1,32,1,0.1,lr5e-05_bs32_modL1_fusion32_fusionL1_drop0p1_trmiss50_trlocradio,14,0.52763532102108,0.6751843094825745,0.5193965517241379,0.6794290645891004,0.6444444444444445,0.0,0.0,0.0,0.0,0.0,0.0,0.0,0.0,0.0,2002,radio,0.5
3,4,lr5e-05_bs32_modL1_fusion32_fusionL1_drop0p1_trmiss50_trlocradio,32,5e-05,1,32,1,0.1,lr5e-05_bs32_modL1_fusion32_fusionL1_drop0p1_trmiss50_trlocradio,15,0.5170996387799581,0.6726370751857758,0.5150862068965517,0.6745406031340864,0.6444444444444445,0.0,0.0,0.0,0.0,0.0,0.0,0.0,0.0,0.0,2002,radio,0.5
3,4,lr5e-05_bs32_modL1_fusion32_fusionL1_drop0p1_trmiss50_trlocradio,32,5e-05,1,32,1,0.1,lr5e-05_bs32_modL1_fusion32_fusionL1_drop0p1_trmiss50_trlocradio,16,0.5106938431660334,0.6711162328720093,0.5172413793103449,0.679729860909551,0.6666666666666666,0.0,0.0,0.0,0.0,0.0,0.0,0.0,0.0,0.0,2002,radio,0.5
3,4,lr5e-05_bs32_modL1_fusion32_fusionL1_drop0p1_trmiss50_trlocradio,32,5e-05,1,32,1,0.1,lr5e-05_bs32_modL1_fusion32_fusionL1_drop0p1_trmiss50_trlocradio,17,0.5168791313966116,0.6766391098499298,0.5150862068965517,0.6787476669054855,0.6666666666666666,0.0,0.0,0.0,0.0,0.0,0.0,0.0,0.0,0.0,2002,radio,0.5
3,4,lr5e-05_bs32_modL1_fusion32_fusionL1_drop0p1_trmiss50_trlocradio,32,5e-05,1,32,1,0.1,lr5e-05_bs32_modL1_fusion32_fusionL1_drop0p1_trmiss50_trlocradio,18,0.5036081175009409,0.6746550500392914,0.5150862068965518,0.6787928294252932,0.6666666666666666,0.0,0.0,0.0,0.0,0.0,0.0,0.0,0.0,0.0,2002,radio,0.5
3,4,lr5e-05_bs32_modL1_fusion32_fusionL1_drop0p1_trmiss50_trlocradio,32,5e-05,1,32,1,0.1,lr5e-05_bs32_modL1_fusion32_fusionL1_drop0p1_trmiss50_trlocradio,19,0.5025079250335693,0.6739214956760406,0.5107758620689655,0.6774079651347493,0.6666666666666666,0.0,0.0,0.0,0.0,0.0,0.0,0.0,0.0,0.0,2002,radio,0.5
3,4,lr5e-05_bs32_modL1_fusion32_fusionL1_drop0p1_trmiss50_trlocradio,32,5e-05,1,32,1,0.1,lr5e-05_bs32_modL1_fusion32_fusionL1_drop0p1_trmiss50_trlocradio,20,0.49335536857446033,0.6713372766971588,0.5150862068965518,0.6787928294252932,0.6666666666666666,0.0,0.0,0.0,0.0,0.0,0.0,0.0,0.0,0.0,2002,radio,0.5
3,4,lr5e-05_bs32_modL1_fusion32_fusionL1_drop0p1_trmiss50_trlocradio,32,5e-05,1,32,1,0.1,lr5e-05_bs32_modL1_fusion32_fusionL1_drop0p1_trmiss50_trlocradio,21,0.4892861396074295,0.6716319024562836,0.5150862068965517,0.6789249826000427,0.6444444444444445,0.0,0.0,0.0,0.0,0.0,0.0,0.0,0.0,0.0,2002,radio,0.5
3,4,lr5e-05_bs32_modL1_fusion32_fusionL1_drop0p1_trmiss50_trlocradio,32,5e-05,1,32,1,0.1,lr5e-05_bs32_modL1_fusion32_fusionL1_drop0p1_trmiss50_trlocradio,22,0.504884734749794,0.67154660820961,0.5172413793103449,0.6811193399668138,0.6666666666666666,0.0,0.0,0.0,0.0,0.0,0.0,0.0,0.0,0.0,2002,radio,0.5
3,4,lr5e-05_bs32_modL1_fusion32_fusionL1_drop0p1_trmiss50_trlocradio,32,5e-05,1,32,1,0.1,lr5e-05_bs32_modL1_fusion32_fusionL1_drop0p1_trmiss50_trlocradio,23,0.49683097501595813,0.6728280484676361,0.5129310344827587,0.6780662190462721,0.6666666666666666,0.0,0.0,0.0,0.0,0.0,0.0,0.0,0.0,0.0,2002,radio,0.5
3,4,lr5e-05_bs32_modL1_fusion32_fusionL1_drop0p1_trmiss50_trlocradio,32,5e-05,1,32,1,0.1,lr5e-05_bs32_modL1_fusion32_fusionL1_drop0p1_trmiss50_trlocradio,24,0.4954609175523122,0.6737181842327118,0.5129310344827587,0.6780662190462721,0.6444444444444445,0.0,0.0,0.0,0.0,0.0,0.0,0.0,0.0,0.0,2002,radio,0.5
3,4,lr5e-05_bs32_modL1_fusion32_fusionL1_drop0p1_trmiss50_trlocradio,32,5e-05,1,32,1,0.1,lr5e-05_bs32_modL1_fusion32_fusionL1_drop0p1_trmiss50_trlocradio,25,0.49429147442181903,0.67256760597229,0.5129310344827587,0.6782673684715594,0.6666666666666666,0.0,0.0,0.0,0.0,0.0,0.0,0.0,0.0,0.0,2002,radio,0.5
3,4,lr5e-05_bs32_modL1_fusion64_fusionL1_drop0p2_trmiss50_trlocradio,32,5e-05,1,64,1,0.2,lr5e-05_bs32_modL1_fusion64_fusionL1_drop0p2_trmiss50_trlocradio,1,0.6747684677441915,0.6900081038475037,0.38146551724137934,0.5652930689553803,0.6,0.0,0.0,0.0,0.0,0.0,0.0,0.0,0.0,0.0,2002,radio,0.5
3,4,lr5e-05_bs32_modL1_fusion64_fusionL1_drop0p2_trmiss50_trlocradio,32,5e-05,1,64,1,0.2,lr5e-05_bs32_modL1_fusion64_fusionL1_drop0p2_trmiss50_trlocradio,2,0.6726869940757751,0.6953411102294922,0.375,0.5547781022001842,0.5777777777777777,0.0,0.0,0.0,0.0,0.0,0.0,0.0,0.0,0.0,2002,radio,0.5
3,4,lr5e-05_bs32_modL1_fusion64_fusionL1_drop0p2_trmiss50_trlocradio,32,5e-05,1,64,1,0.2,lr5e-05_bs32_modL1_fusion64_fusionL1_drop0p2_trmiss50_trlocradio,3,0.6430652141571045,0.6965076923370361,0.4051724137931035,0.5650801760170155,0.6,0.0,0.0,0.0,0.0,0.0,0.0,0.0,0.0,0.0,2002,radio,0.5
3,4,lr5e-05_bs32_modL1_fusion64_fusionL1_drop0p2_trmiss50_trlocradio,32,5e-05,1,64,1,0.2,lr5e-05_bs32_modL1_fusion64_fusionL1_drop0p2_trmiss50_trlocradio,4,0.6453098555405935,0.6988397240638733,0.41163793103448276,0.5670264467867908,0.6,0.0,0.0,0.0,0.0,0.0,0.0,0.0,0.0,0.0,2002,radio,0.5
3,4,lr5e-05_bs32_modL1_fusion64_fusionL1_drop0p2_trmiss50_trlocradio,32,5e-05,1,64,1,0.2,lr5e-05_bs32_modL1_fusion64_fusionL1_drop0p2_trmiss50_trlocradio,5,0.6331182022889456,0.7027507126331329,0.4331896551724138,0.5803195957276926,0.6,0.0,0.0,0.0,0.0,0.0,0.0,0.0,0.0,0.0,2002,radio,0.5
3,4,lr5e-05_bs32_modL1_fusion64_fusionL1_drop0p2_trmiss50_trlocradio,32,5e-05,1,64,1,0.2,lr5e-05_bs32_modL1_fusion64_fusionL1_drop0p2_trmiss50_trlocradio,6,0.6023762921492258,0.701874315738678,0.46336206896551724,0.6133955176661106,0.6,0.0,0.0,0.0,0.0,0.0,0.0,0.0,0.0,0.0,2002,radio,0.5
3,4,lr5e-05_bs32_modL1_fusion64_fusionL1_drop0p2_trmiss50_trlocradio,32,5e-05,1,64,1,0.2,lr5e-05_bs32_modL1_fusion64_fusionL1_drop0p2_trmiss50_trlocradio,7,0.5956013997395834,0.6974398493766785,0.478448275862069,0.6303320521674091,0.6222222222222222,0.0,0.0,0.0,0.0,0.0,0.0,0.0,0.0,0.0,2002,radio,0.5
3,4,lr5e-05_bs32_modL1_fusion64_fusionL1_drop0p2_trmiss50_trlocradio,32,5e-05,1,64,1,0.2,lr5e-05_bs32_modL1_fusion64_fusionL1_drop0p2_trmiss50_trlocradio,8,0.5761994024117788,0.6942779719829559,0.4849137931034483,0.6399707341264711,0.6222222222222222,0.0,0.0,0.0,0.0,0.0,0.0,0.0,0.0,0.0,2002,radio,0.5
3,4,lr5e-05_bs32_modL1_fusion64_fusionL1_drop0p2_trmiss50_trlocradio,32,5e-05,1,64,1,0.2,lr5e-05_bs32_modL1_fusion64_fusionL1_drop0p2_trmiss50_trlocradio,9,0.5751722852389017,0.6923441588878632,0.4956896551724138,0.6448713329064848,0.6222222222222222,0.0,0.0,0.0,0.0,0.0,0.0,0.0,0.0,0.0,2002,radio,0.5
3,4,lr5e-05_bs32_modL1_fusion64_fusionL1_drop0p2_trmiss50_trlocradio,32,5e-05,1,64,1,0.2,lr5e-05_bs32_modL1_fusion64_fusionL1_drop0p2_trmiss50_trlocradio,10,0.5498505135377248,0.6907958090305328,0.4935344827586207,0.6441268187999016,0.6222222222222222,0.0,0.0,0.0,0.0,0.0,0.0,0.0,0.0,0.0,2002,radio,0.5
3,4,lr5e-05_bs32_modL1_fusion64_fusionL1_drop0p2_trmiss50_trlocradio,32,5e-05,1,64,1,0.2,lr5e-05_bs32_modL1_fusion64_fusionL1_drop0p2_trmiss50_trlocradio,11,0.568792462348938,0.6920075118541718,0.4956896551724138,0.6390014269503718,0.6222222222222222,0.0,0.0,0.0,0.0,0.0,0.0,0.0,0.0,0.0,2002,radio,0.5
3,4,lr5e-05_bs32_modL1_fusion64_fusionL1_drop0p2_trmiss50_trlocradio,32,5e-05,1,64,1,0.2,lr5e-05_bs32_modL1_fusion64_fusionL1_drop0p2_trmiss50_trlocradio,12,0.5558009445667267,0.69462451338768,0.5,0.6383595051437227,0.6222222222222222,0.0,0.0,0.0,0.0,0.0,0.0,0.0,0.0,0.0,2002,radio,0.5
3,4,lr5e-05_bs32_modL1_fusion64_fusionL1_drop0p2_trmiss50_trlocradio,32,5e-05,1,64,1,0.2,lr5e-05_bs32_modL1_fusion64_fusionL1_drop0p2_trmiss50_trlocradio,13,0.5555660923322042,0.6947943568229675,0.5,0.6373824597581154,0.6222222222222222,0.0,0.0,0.0,0.0,0.0,0.0,0.0,0.0,0.0,2002,radio,0.5
3,4,lr5e-05_bs32_modL1_fusion64_fusionL1_drop0p2_trmiss50_trlocradio,32,5e-05,1,64,1,0.2,lr5e-05_bs32_modL1_fusion64_fusionL1_drop0p2_trmiss50_trlocradio,14,0.5308802972237269,0.6930873692035675,0.4956896551724138,0.6359352575350512,0.6222222222222222,0.0,0.0,0.0,0.0,0.0,0.0,0.0,0.0,0.0,2002,radio,0.5
3,4,lr5e-05_bs32_modL1_fusion64_fusionL1_drop0p2_trmiss50_trlocradio,32,5e-05,1,64,1,0.2,lr5e-05_bs32_modL1_fusion64_fusionL1_drop0p2_trmiss50_trlocradio,15,0.5498193800449371,0.6912606358528137,0.49999999999999994,0.6385791898572846,0.6222222222222222,0.0,0.0,0.0,0.0,0.0,0.0,0.0,0.0,0.0,2002,radio,0.5
3,4,lr5e-05_bs32_modL1_fusion64_fusionL1_drop0p2_trmiss50_trlocradio,32,5e-05,1,64,1,0.2,lr5e-05_bs32_modL1_fusion64_fusionL1_drop0p2_trmiss50_trlocradio,16,0.5630494654178619,0.689912885427475,0.5086206896551724,0.6454576494639388,0.6222222222222222,0.0,0.0,0.0,0.0,0.0,0.0,0.0,0.0,0.0,2002,radio,0.5
3,4,lr5e-05_bs32_modL1_fusion64_fusionL1_drop0p2_trmiss50_trlocradio,32,5e-05,1,64,1,0.2,lr5e-05_bs32_modL1_fusion64_fusionL1_drop0p2_trmiss50_trlocradio,17,0.5501077473163605,0.6903431415557861,0.5021551724137931,0.6410150110376343,0.6222222222222222,0.0,0.0,0.0,0.0,0.0,0.0,0.0,0.0,0.0,2002,radio,0.5
3,4,lr5e-05_bs32_modL1_fusion64_fusionL1_drop0p2_trmiss50_trlocradio,32,5e-05,1,64,1,0.2,lr5e-05_bs32_modL1_fusion64_fusionL1_drop0p2_trmiss50_trlocradio,18,0.5412584592898687,0.6895657181739807,0.5043103448275862,0.6416991927562987,0.6222222222222222,0.0,0.0,0.0,0.0,0.0,0.0,0.0,0.0,0.0,2002,radio,0.5
3,4,lr5e-05_bs32_modL1_fusion64_fusionL1_drop0p2_trmiss50_trlocradio,32,5e-05,1,64,1,0.2,lr5e-05_bs32_modL1_fusion64_fusionL1_drop0p2_trmiss50_trlocradio,19,0.5444293220837911,0.6900029182434082,0.49568965517241376,0.6372333517873086,0.6222222222222222,0.0,0.0,0.0,0.0,0.0,0.0,0.0,0.0,0.0,2002,radio,0.5
3,4,lr5e-05_bs32_modL1_fusion64_fusionL1_drop0p2_trmiss50_trlocradio,32,5e-05,1,64,1,0.2,lr5e-05_bs32_modL1_fusion64_fusionL1_drop0p2_trmiss50_trlocradio,20,0.5383633424838384,0.6879102289676666,0.4978448275862069,0.6582616653714031,0.6,0.0,0.0,0.0,0.0,0.0,0.0,0.0,0.0,0.0,2002,radio,0.5
3,4,lr5e-05_bs32_modL1_fusion64_fusionL1_drop0p2_trmiss50_trlocradio,32,5e-05,1,64,1,0.2,lr5e-05_bs32_modL1_fusion64_fusionL1_drop0p2_trmiss50_trlocradio,21,0.5335270663102468,0.6852384507656097,0.5021551724137931,0.6602373592740747,0.6222222222222222,0.0,0.0,0.0,0.0,0.0,0.0,0.0,0.0,0.0,2002,radio,0.5
3,4,lr5e-05_bs32_modL1_fusion64_fusionL1_drop0p2_trmiss50_trlocradio,32,5e-05,1,64,1,0.2,lr5e-05_bs32_modL1_fusion64_fusionL1_drop0p2_trmiss50_trlocradio,22,0.5375282565752665,0.686175137758255,0.4978448275862069,0.6581056869699884,0.6222222222222222,0.0,0.0,0.0,0.0,0.0,0.0,0.0,0.0,0.0,2002,radio,0.5
3,4,lr5e-05_bs32_modL1_fusion64_fusionL1_drop0p2_trmiss50_trlocradio,32,5e-05,1,64,1,0.2,lr5e-05_bs32_modL1_fusion64_fusionL1_drop0p2_trmiss50_trlocradio,23,0.5304394364356995,0.68641796708107,0.5064655172413793,0.6654264313596985,0.6222222222222222,0.0,0.0,0.0,0.0,0.0,0.0,0.0,0.0,0.0,2002,radio,0.5
3,4,lr5e-05_bs32_modL1_fusion64_fusionL1_drop0p2_trmiss50_trlocradio,32,5e-05,1,64,1,0.2,lr5e-05_bs32_modL1_fusion64_fusionL1_drop0p2_trmiss50_trlocradio,24,0.5227767825126648,0.6890342235565186,0.49353448275862066,0.6555707700761519,0.6222222222222222,0.0,0.0,0.0,0.0,0.0,0.0,0.0,0.0,0.0,2002,radio,0.5
3,4,lr5e-05_bs32_modL1_fusion64_fusionL1_drop0p2_trmiss50_trlocradio,32,5e-05,1,64,1,0.2,lr5e-05_bs32_modL1_fusion64_fusionL1_drop0p2_trmiss50_trlocradio,25,0.5445363223552704,0.6876925826072693,0.4956896551724138,0.6418850305283434,0.6444444444444445,0.0,0.0,0.0,0.0,0.0,0.0,0.0,0.0,0.0,2002,radio,0.5
3,4,lr5e-05_bs32_modL1_fusion64_fusionL1_drop0p2_trmiss50_trlocradio,32,5e-05,1,64,1,0.2,lr5e-05_bs32_modL1_fusion64_fusionL1_drop0p2_trmiss50_trlocradio,26,0.5123154024283091,0.6881389319896698,0.49137931034482757,0.640024776444859,0.6222222222222222,0.0,0.0,0.0,0.0,0.0,0.0,0.0,0.0,0.0,2002,radio,0.5
3,4,lr5e-05_bs32_modL1_fusion64_fusionL1_drop0p2_trmiss50_trlocradio,32,5e-05,1,64,1,0.2,lr5e-05_bs32_modL1_fusion64_fusionL1_drop0p2_trmiss50_trlocradio,27,0.5194232910871506,0.6868671178817749,0.4956896551724138,0.6421498490994502,0.6222222222222222,0.0,0.0,0.0,0.0,0.0,0.0,0.0,0.0,0.0,2002,radio,0.5
3,4,lr5e-05_bs32_modL1_fusion64_fusionL1_drop0p2_trmiss50_trlocradio,32,5e-05,1,64,1,0.2,lr5e-05_bs32_modL1_fusion64_fusionL1_drop0p2_trmiss50_trlocradio,28,0.5181824068228403,0.6868523061275482,0.49999999999999994,0.6448543791873473,0.6222222222222222,0.0,0.0,0.0,0.0,0.0,0.0,0.0,0.0,0.0,2002,radio,0.5
3,4,lr5e-05_bs32_modL1_fusion64_fusionL1_drop0p2_trmiss50_trlocradio,32,5e-05,1,64,1,0.2,lr5e-05_bs32_modL1_fusion64_fusionL1_drop0p2_trmiss50_trlocradio,29,0.5280524541934332,0.6865282356739044,0.5021551724137931,0.6479331969213376,0.6222222222222222,0.0,0.0,0.0,0.0,0.0,0.0,0.0,0.0,0.0,2002,radio,0.5
3,4,lr5e-05_bs32_modL1_fusion64_fusionL1_drop0p2_trmiss50_trlocradio,32,5e-05,1,64,1,0.2,lr5e-05_bs32_modL1_fusion64_fusionL1_drop0p2_trmiss50_trlocradio,30,0.5243001679579417,0.6873412132263184,0.5086206896551724,0.6720226132521332,0.6222222222222222,0.0,0.0,0.0,0.0,0.0,0.0,0.0,0.0,0.0,2002,radio,0.5
3,4,lr5e-05_bs32_modL1_fusion64_fusionL1_drop0p2_trmiss50_trlocradio,32,5e-05,1,64,1,0.2,lr5e-05_bs32_modL1_fusion64_fusionL1_drop0p2_trmiss50_trlocradio,31,0.532697930932045,0.6889545321464539,0.5021551724137931,0.6654415053098637,0.6444444444444445,0.0,0.0,0.0,0.0,0.0,0.0,0.0,0.0,0.0,2002,radio,0.5
3,4,lr5e-05_bs32_modL1_fusion64_fusionL1_drop0p2_trmiss50_trlocradio,32,5e-05,1,64,1,0.2,lr5e-05_bs32_modL1_fusion64_fusionL1_drop0p2_trmiss50_trlocradio,32,0.5114383200804392,0.687640368938446,0.5021551724137931,0.663703349997276,0.6222222222222222,0.0,0.0,0.0,0.0,0.0,0.0,0.0,0.0,0.0,2002,radio,0.5
3,4,lr5e-05_bs32_modL1_fusion64_fusionL1_drop0p2_trmiss50_trlocradio,32,5e-05,1,64,1,0.2,lr5e-05_bs32_modL1_fusion64_fusionL1_drop0p2_trmiss50_trlocradio,33,0.5107568303743998,0.689243882894516,0.4956896551724138,0.6439798702579651,0.6222222222222222,0.0,0.0,0.0,0.0,0.0,0.0,0.0,0.0,0.0,2002,radio,0.5
3,4,lr5e-05_bs32_modL1_fusion64_fusionL1_drop0p2_trmiss50_trlocradio,32,5e-05,1,64,1,0.2,lr5e-05_bs32_modL1_fusion64_fusionL1_drop0p2_trmiss50_trlocradio,34,0.5093095352252325,0.6892997026443481,0.49137931034482757,0.6579391896178928,0.6222222222222222,0.0,0.0,0.0,0.0,0.0,0.0,0.0,0.0,0.0,2002,radio,0.5
3,4,lr5e-05_bs32_modL1_fusion64_fusionL1_drop0p2_trmiss50_trlocradio,32,5e-05,1,64,1,0.2,lr5e-05_bs32_modL1_fusion64_fusionL1_drop0p2_trmiss50_trlocradio,35,0.5176921437184016,0.6868598461151123,0.5043103448275863,0.6658191408721901,0.6444444444444445,0.0,0.0,0.0,0.0,0.0,0.0,0.0,0.0,0.0,2002,radio,0.5
3,4,lr5e-05_bs32_modL1_fusion64_fusionL1_drop0p2_trmiss50_trlocradio,32,5e-05,1,64,1,0.2,lr5e-05_bs32_modL1_fusion64_fusionL1_drop0p2_trmiss50_trlocradio,36,0.49099748333295185,0.6888253092765808,0.49353448275862066,0.6594549152715494,0.6444444444444445,0.0,0.0,0.0,0.0,0.0,0.0,0.0,0.0,0.0,2002,radio,0.5
3,4,lr5e-05_bs32_modL1_fusion64_fusionL1_drop0p2_trmiss50_trlocradio,32,5e-05,1,64,1,0.2,lr5e-05_bs32_modL1_fusion64_fusionL1_drop0p2_trmiss50_trlocradio,37,0.5199450701475143,0.6881365776062012,0.5,0.6620045670358157,0.6222222222222222,0.0,0.0,0.0,0.0,0.0,0.0,0.0,0.0,0.0,2002,radio,0.5
3,4,lr5e-05_bs32_modL1_fusion64_fusionL1_drop0p2_trmiss50_trlocradio,32,5e-05,1,64,1,0.2,lr5e-05_bs32_modL1_fusion64_fusionL1_drop0p2_trmiss50_trlocradio,38,0.520616739988327,0.6870490312576294,0.5021551724137931,0.6637351603399337,0.6222222222222222,0.0,0.0,0.0,0.0,0.0,0.0,0.0,0.0,0.0,2002,radio,0.5
3,4,lr5e-05_bs32_modL1_fusion64_fusionL1_drop0p2_trmiss50_trlocradio,32,5e-05,1,64,1,0.2,lr5e-05_bs32_modL1_fusion64_fusionL1_drop0p2_trmiss50_trlocradio,39,0.5127823253472646,0.6878316402435303,0.5,0.6455387506380574,0.6222222222222222,0.0,0.0,0.0,0.0,0.0,0.0,0.0,0.0,0.0,2002,radio,0.5
3,4,lr5e-05_bs32_modL1_fusion64_fusionL1_drop0p2_trmiss50_trlocradio,32,5e-05,1,64,1,0.2,lr5e-05_bs32_modL1_fusion64_fusionL1_drop0p2_trmiss50_trlocradio,40,0.47850583990414935,0.6891467571258545,0.5,0.6629238081093216,0.6222222222222222,0.0,0.0,0.0,0.0,0.0,0.0,0.0,0.0,0.0,2002,radio,0.5
3,4,lr5e-05_bs32_modL1_fusion64_fusionL1_drop0p2_trmiss50_trlocradio,32,5e-05,1,64,1,0.2,lr5e-05_bs32_modL1_fusion64_fusionL1_drop0p2_trmiss50_trlocradio,41,0.5026769389708837,0.6863696575164795,0.5064655172413793,0.6657261794461757,0.6222222222222222,0.0,0.0,0.0,0.0,0.0,0.0,0.0,0.0,0.0,2002,radio,0.5
3,4,lr5e-05_bs32_modL1_fusion64_fusionL1_drop0p2_trmiss50_trlocradio,32,5e-05,1,64,1,0.2,lr5e-05_bs32_modL1_fusion64_fusionL1_drop0p2_trmiss50_trlocradio,42,0.5173512597878774,0.6848229467868805,0.5043103448275863,0.6656324864532086,0.6444444444444445,0.0,0.0,0.0,0.0,0.0,0.0,0.0,0.0,0.0,2002,radio,0.5
3,4,lr5e-05_bs32_modL1_fusion64_fusionL1_drop0p2_trmiss50_trlocradio,32,5e-05,1,64,1,0.2,lr5e-05_bs32_modL1_fusion64_fusionL1_drop0p2_trmiss50_trlocradio,43,0.5124047001202902,0.6842853426933289,0.5043103448275862,0.666069976309051,0.6444444444444445,0.0,0.0,0.0,0.0,0.0,0.0,0.0,0.0,0.0,2002,radio,0.5
3,4,lr5e-05_bs32_modL1_fusion64_fusionL1_drop0p2_trmiss50_trlocradio,32,5e-05,1,64,1,0.2,lr5e-05_bs32_modL1_fusion64_fusionL1_drop0p2_trmiss50_trlocradio,44,0.5128591905037562,0.6876847445964813,0.4978448275862069,0.6628504504875714,0.6444444444444445,0.0,0.0,0.0,0.0,0.0,0.0,0.0,0.0,0.0,2002,radio,0.5
3,4,lr5e-05_bs32_modL1_fusion64_fusionL1_drop0p2_trmiss50_trlocradio,32,5e-05,1,64,1,0.2,lr5e-05_bs32_modL1_fusion64_fusionL1_drop0p2_trmiss50_trlocradio,45,0.5026755730311075,0.687987357378006,0.5,0.6644341299363625,0.6444444444444445,0.0,0.0,0.0,0.0,0.0,0.0,0.0,0.0,0.0,2002,radio,0.5
3,4,lr5e-05_bs32_modL1_fusion64_fusionL1_drop0p2_trmiss50_trlocradio,32,5e-05,1,64,1,0.2,lr5e-05_bs32_modL1_fusion64_fusionL1_drop0p2_trmiss50_trlocradio,46,0.516694908340772,0.6903479099273682,0.4935344827586207,0.6422070781961262,0.6222222222222222,0.0,0.0,0.0,0.0,0.0,0.0,0.0,0.0,0.0,2002,radio,0.5
3,4,lr5e-05_bs32_modL1_fusion64_fusionL1_drop0p2_trmiss50_trlocradio,32,5e-05,1,64,1,0.2,lr5e-05_bs32_modL1_fusion64_fusionL1_drop0p2_trmiss50_trlocradio,47,0.506179690361023,0.6891884803771973,0.5021551724137931,0.6647028267567834,0.6222222222222222,0.0,0.0,0.0,0.0,0.0,0.0,0.0,0.0,0.0,2002,radio,0.5
3,4,lr5e-05_bs32_modL1_fusion64_fusionL1_drop0p2_trmiss50_trlocradio,32,5e-05,1,64,1,0.2,lr5e-05_bs32_modL1_fusion64_fusionL1_drop0p2_trmiss50_trlocradio,48,0.5115935603777567,0.6889111399650574,0.5021551724137931,0.6671549710192726,0.6222222222222222,0.0,0.0,0.0,0.0,0.0,0.0,0.0,0.0,0.0,2002,radio,0.5
3,4,lr5e-05_bs32_modL1_fusion64_fusionL1_drop0p2_trmiss50_trlocradio,32,5e-05,1,64,1,0.2,lr5e-05_bs32_modL1_fusion64_fusionL1_drop0p2_trmiss50_trlocradio,49,0.5118414809306463,0.686543732881546,0.5043103448275862,0.6673853679028134,0.6222222222222222,0.0,0.0,0.0,0.0,0.0,0.0,0.0,0.0,0.0,2002,radio,0.5
3,4,lr5e-05_bs32_modL1_fusion64_fusionL1_drop0p2_trmiss50_trlocradio,32,5e-05,1,64,1,0.2,lr5e-05_bs32_modL1_fusion64_fusionL1_drop0p2_trmiss50_trlocradio,50,0.49674131472905475,0.6870259046554565,0.4978448275862069,0.6601251459293207,0.6222222222222222,0.0,0.0,0.0,0.0,0.0,0.0,0.0,0.0,0.0,2002,radio,0.5
3,4,lr5e-05_bs32_modL1_fusion64_fusionL1_drop0p1_trmiss50_trlocradio,32,5e-05,1,64,1,0.1,lr5e-05_bs32_modL1_fusion64_fusionL1_drop0p1_trmiss50_trlocradio,1,0.7048823038736979,0.6796006858348846,0.5495689655172414,0.7235427867314758,0.5555555555555556,0.0,0.0,0.0,0.0,0.0,0.0,0.0,0.0,0.0,2002,radio,0.5
3,4,lr5e-05_bs32_modL1_fusion64_fusionL1_drop0p1_trmiss50_trlocradio,32,5e-05,1,64,1,0.1,lr5e-05_bs32_modL1_fusion64_fusionL1_drop0p1_trmiss50_trlocradio,2,0.6671827832857767,0.6682762801647186,0.6012931034482759,0.7581290604818808,0.6222222222222222,0.0,0.0,0.0,0.0,0.0,0.0,0.0,0.0,0.0,2002,radio,0.5
3,4,lr5e-05_bs32_modL1_fusion64_fusionL1_drop0p1_trmiss50_trlocradio,32,5e-05,1,64,1,0.1,lr5e-05_bs32_modL1_fusion64_fusionL1_drop0p1_trmiss50_trlocradio,3,0.6454656918843588,0.6547397077083588,0.646551724137931,0.8005812321181409,0.6222222222222222,0.0,0.0,0.0,0.0,0.0,0.0,0.0,0.0,0.0,2002,radio,0.5
3,4,lr5e-05_bs32_modL1_fusion64_fusionL1_drop0p1_trmiss50_trlocradio,32,5e-05,1,64,1,0.1,lr5e-05_bs32_modL1_fusion64_fusionL1_drop0p1_trmiss50_trlocradio,4,0.630908876657486,0.6453078389167786,0.6443965517241379,0.7955838422008334,0.6222222222222222,0.0,0.0,0.0,0.0,0.0,0.0,0.0,0.0,0.0,2002,radio,0.5
3,4,lr5e-05_bs32_modL1_fusion64_fusionL1_drop0p1_trmiss50_trlocradio,32,5e-05,1,64,1,0.1,lr5e-05_bs32_modL1_fusion64_fusionL1_drop0p1_trmiss50_trlocradio,5,0.6265193621317545,0.6359396874904633,0.6465517241379309,0.7958876783683075,0.6444444444444445,0.0,0.0,0.0,0.0,0.0,0.0,0.0,0.0,0.0,2002,radio,0.5
3,4,lr5e-05_bs32_modL1_fusion64_fusionL1_drop0p1_trmiss50_trlocradio,32,5e-05,1,64,1,0.1,lr5e-05_bs32_modL1_fusion64_fusionL1_drop0p1_trmiss50_trlocradio,6,0.6101458370685577,0.6343221366405487,0.6400862068965517,0.7922217174896917,0.6222222222222222,0.0,0.0,0.0,0.0,0.0,0.0,0.0,0.0,0.0,2002,radio,0.5
3,4,lr5e-05_bs32_modL1_fusion64_fusionL1_drop0p1_trmiss50_trlocradio,32,5e-05,1,64,1,0.1,lr5e-05_bs32_modL1_fusion64_fusionL1_drop0p1_trmiss50_trlocradio,7,0.5927407145500183,0.6361531913280487,0.6357758620689655,0.7891964203246442,0.6222222222222222,0.0,0.0,0.0,0.0,0.0,0.0,0.0,0.0,0.0,2002,radio,0.5
3,4,lr5e-05_bs32_modL1_fusion64_fusionL1_drop0p1_trmiss50_trlocradio,32,5e-05,1,64,1,0.1,lr5e-05_bs32_modL1_fusion64_fusionL1_drop0p1_trmiss50_trlocradio,8,0.5898198882738749,0.6335360109806061,0.6379310344827586,0.7872656178613873,0.6222222222222222,0.0,0.0,0.0,0.0,0.0,0.0,0.0,0.0,0.0,2002,radio,0.5
3,4,lr5e-05_bs32_modL1_fusion64_fusionL1_drop0p1_trmiss50_trlocradio,32,5e-05,1,64,1,0.1,lr5e-05_bs32_modL1_fusion64_fusionL1_drop0p1_trmiss50_trlocradio,9,0.5718261996905009,0.6322755217552185,0.6357758620689655,0.7953461201897811,0.6,0.0,0.0,0.0,0.0,0.0,0.0,0.0,0.0,0.0,2002,radio,0.5
3,4,lr5e-05_bs32_modL1_fusion64_fusionL1_drop0p1_trmiss50_trlocradio,32,5e-05,1,64,1,0.1,lr5e-05_bs32_modL1_fusion64_fusionL1_drop0p1_trmiss50_trlocradio,10,0.5555041631062826,0.6332891285419464,0.646551724137931,0.8016255177418368,0.6222222222222222,0.0,0.0,0.0,0.0,0.0,0.0,0.0,0.0,0.0,2002,radio,0.5
3,4,lr5e-05_bs32_modL1_fusion64_fusionL1_drop0p1_trmiss50_trlocradio,32,5e-05,1,64,1,0.1,lr5e-05_bs32_modL1_fusion64_fusionL1_drop0p1_trmiss50_trlocradio,11,0.5577749113241831,0.6342599391937256,0.6508620689655171,0.8064090974553451,0.6222222222222222,0.0,0.0,0.0,0.0,0.0,0.0,0.0,0.0,0.0,2002,radio,0.5
3,4,lr5e-05_bs32_modL1_fusion64_fusionL1_drop0p1_trmiss50_trlocradio,32,5e-05,1,64,1,0.1,lr5e-05_bs32_modL1_fusion64_fusionL1_drop0p1_trmiss50_trlocradio,12,0.5347389280796051,0.6324246227741241,0.6487068965517241,0.8044738872998449,0.6,0.0,0.0,0.0,0.0,0.0,0.0,0.0,0.0,0.0,2002,radio,0.5
3,4,lr5e-05_bs32_modL1_fusion64_fusionL1_drop0p1_trmiss50_trlocradio,32,5e-05,1,64,1,0.1,lr5e-05_bs32_modL1_fusion64_fusionL1_drop0p1_trmiss50_trlocradio,13,0.5332614233096441,0.6321849524974823,0.6508620689655172,0.8087803642729516,0.6,0.0,0.0,0.0,0.0,0.0,0.0,0.0,0.0,0.0,2002,radio,0.5
3,4,lr5e-05_bs32_modL1_fusion64_fusionL1_drop0p1_trmiss50_trlocradio,32,5e-05,1,64,1,0.1,lr5e-05_bs32_modL1_fusion64_fusionL1_drop0p1_trmiss50_trlocradio,14,0.5258510212103525,0.6337339878082275,0.6336206896551724,0.7942070856713364,0.6,0.0,0.0,0.0,0.0,0.0,0.0,0.0,0.0,0.0,2002,radio,0.5
3,4,lr5e-05_bs32_modL1_fusion64_fusionL1_drop0p1_trmiss50_trlocradio,32,5e-05,1,64,1,0.1,lr5e-05_bs32_modL1_fusion64_fusionL1_drop0p1_trmiss50_trlocradio,15,0.5143998761971792,0.6331421434879303,0.6357758620689655,0.7951328905541237,0.5777777777777777,0.0,0.0,0.0,0.0,0.0,0.0,0.0,0.0,0.0,2002,radio,0.5
3,4,lr5e-05_bs32_modL1_fusion64_fusionL1_drop0p1_trmiss50_trlocradio,32,5e-05,1,64,1,0.1,lr5e-05_bs32_modL1_fusion64_fusionL1_drop0p1_trmiss50_trlocradio,16,0.5117894361416498,0.6281678378582001,0.6336206896551724,0.7925332919462793,0.5555555555555556,0.0,0.0,0.0,0.0,0.0,0.0,0.0,0.0,0.0,2002,radio,0.5
3,4,lr5e-05_bs32_modL1_fusion64_fusionL1_drop0p1_trmiss50_trlocradio,32,5e-05,1,64,1,0.1,lr5e-05_bs32_modL1_fusion64_fusionL1_drop0p1_trmiss50_trlocradio,17,0.49906884133815765,0.6266607046127319,0.6336206896551724,0.7953275124813397,0.5333333333333333,0.0,0.0,0.0,0.0,0.0,0.0,0.0,0.0,0.0,2002,radio,0.5
3,4,lr5e-05_bs32_modL1_fusion64_fusionL1_drop0p1_trmiss50_trlocradio,32,5e-05,1,64,1,0.1,lr5e-05_bs32_modL1_fusion64_fusionL1_drop0p1_trmiss50_trlocradio,18,0.49171281854311627,0.6260964274406433,0.6400862068965517,0.7944991883788077,0.5777777777777777,0.0,0.0,0.0,0.0,0.0,0.0,0.0,0.0,0.0,2002,radio,0.5
3,4,lr5e-05_bs32_modL1_fusion64_fusionL1_drop0p1_trmiss50_trlocradio,32,5e-05,1,64,1,0.1,lr5e-05_bs32_modL1_fusion64_fusionL1_drop0p1_trmiss50_trlocradio,19,0.48604103922843933,0.6256507039070129,0.6422413793103449,0.7942752305603249,0.6,0.0,0.0,0.0,0.0,0.0,0.0,0.0,0.0,0.0,2002,radio,0.5
3,4,lr5e-05_bs32_modL1_fusion64_fusionL1_drop0p1_trmiss50_trlocradio,32,5e-05,1,64,1,0.1,lr5e-05_bs32_modL1_fusion64_fusionL1_drop0p1_trmiss50_trlocradio,20,0.4659522970517476,0.6257959604263306,0.646551724137931,0.7956786895530987,0.6222222222222222,0.0,0.0,0.0,0.0,0.0,0.0,0.0,0.0,0.0,2002,radio,0.5
3,4,lr5e-05_bs32_modL1_fusion64_fusionL1_drop0p1_trmiss50_trlocradio,32,5e-05,1,64,1,0.1,lr5e-05_bs32_modL1_fusion64_fusionL1_drop0p1_trmiss50_trlocradio,21,0.46758560339609784,0.6254509389400482,0.6594827586206897,0.7998403726709586,0.6222222222222222,0.0,0.0,0.0,0.0,0.0,0.0,0.0,0.0,0.0,2002,radio,0.5
3,4,lr5e-05_bs32_modL1_fusion64_fusionL1_drop0p1_trmiss50_trlocradio,32,5e-05,1,64,1,0.1,lr5e-05_bs32_modL1_fusion64_fusionL1_drop0p1_trmiss50_trlocradio,22,0.4563145885864894,0.6334169507026672,0.6422413793103449,0.784895470286604,0.6222222222222222,0.0,0.0,0.0,0.0,0.0,0.0,0.0,0.0,0.0,2002,radio,0.5
3,4,lr5e-05_bs32_modL1_fusion64_fusionL1_drop0p1_trmiss50_trlocradio,32,5e-05,1,64,1,0.1,lr5e-05_bs32_modL1_fusion64_fusionL1_drop0p1_trmiss50_trlocradio,23,0.4501981983582179,0.6357395946979523,0.6293103448275862,0.7800009167242081,0.5777777777777777,0.0,0.0,0.0,0.0,0.0,0.0,0.0,0.0,0.0,2002,radio,0.5
3,4,lr5e-05_bs32_modL1_fusion64_fusionL1_drop0p1_trmiss50_trlocradio,32,5e-05,1,64,1,0.1,lr5e-05_bs32_modL1_fusion64_fusionL1_drop0p1_trmiss50_trlocradio,24,0.45193234582742053,0.637649655342102,0.6379310344827587,0.7814992771437483,0.5777777777777777,0.0,0.0,0.0,0.0,0.0,0.0,0.0,0.0,0.0,2002,radio,0.5
3,4,lr5e-05_bs32_modL1_fusion64_fusionL1_drop0p1_trmiss50_trlocradio,32,5e-05,1,64,1,0.1,lr5e-05_bs32_modL1_fusion64_fusionL1_drop0p1_trmiss50_trlocradio,25,0.44580817222595215,0.6383163630962372,0.627155172413793,0.7744809545331216,0.6,0.0,0.0,0.0,0.0,0.0,0.0,0.0,0.0,0.0,2002,radio,0.5
3,4,lr5e-05_bs32_modL1_fusion64_fusionL1_drop0p1_trmiss50_trlocradio,32,5e-05,1,64,1,0.1,lr5e-05_bs32_modL1_fusion64_fusionL1_drop0p1_trmiss50_trlocradio,26,0.4350612312555313,0.6451694369316101,0.6120689655172413,0.7679392446650077,0.6,0.0,0.0,0.0,0.0,0.0,0.0,0.0,0.0,0.0,2002,radio,0.5
3,4,lr5e-05_bs32_modL1_fusion64_fusionL1_drop0p1_trmiss50_trlocradio,32,5e-05,1,64,1,0.1,lr5e-05_bs32_modL1_fusion64_fusionL1_drop0p1_trmiss50_trlocradio,27,0.43705043693383533,0.644732803106308,0.625,0.7761827622845777,0.6222222222222222,0.0,0.0,0.0,0.0,0.0,0.0,0.0,0.0,0.0,2002,radio,0.5
3,4,lr5e-05_bs32_modL1_fusion64_fusionL1_drop0p1_trmiss50_trlocradio,32,5e-05,1,64,1,0.1,lr5e-05_bs32_modL1_fusion64_fusionL1_drop0p1_trmiss50_trlocradio,28,0.4213643769423167,0.6421065330505371,0.6293103448275862,0.7765399160664783,0.6222222222222222,0.0,0.0,0.0,0.0,0.0,0.0,0.0,0.0,0.0,2002,radio,0.5
3,4,lr5e-05_bs32_modL1_fusion64_fusionL1_drop0p1_trmiss50_trlocradio,32,5e-05,1,64,1,0.1,lr5e-05_bs32_modL1_fusion64_fusionL1_drop0p1_trmiss50_trlocradio,29,0.42074250678221387,0.6388132870197296,0.6314655172413793,0.7772040443139846,0.6222222222222222,0.0,0.0,0.0,0.0,0.0,0.0,0.0,0.0,0.0,2002,radio,0.5
3,4,lr5e-05_bs32_modL1_fusion64_fusionL1_drop0p1_trmiss50_trlocradio,32,5e-05,1,64,1,0.1,lr5e-05_bs32_modL1_fusion64_fusionL1_drop0p1_trmiss50_trlocradio,30,0.4181290070215861,0.6384582817554474,0.6314655172413793,0.7767689906414321,0.6444444444444445,0.0,0.0,0.0,0.0,0.0,0.0,0.0,0.0,0.0,2002,radio,0.5
3,4,lr5e-05_bs32_modL1_fusion64_fusionL1_drop0p1_trmiss50_trlocradio,32,5e-05,1,64,1,0.1,lr5e-05_bs32_modL1_fusion64_fusionL1_drop0p1_trmiss50_trlocradio,31,0.40939118961493176,0.6390963792800903,0.6271551724137931,0.7798968457418665,0.6444444444444445,0.0,0.0,0.0,0.0,0.0,0.0,0.0,0.0,0.0,2002,radio,0.5
3,4,lr5e-05_bs32_modL1_fusion64_fusionL1_drop0p1_trmiss50_trlocradio,32,5e-05,1,64,1,0.1,lr5e-05_bs32_modL1_fusion64_fusionL1_drop0p1_trmiss50_trlocradio,32,0.3974706729253133,0.6374088525772095,0.6314655172413793,0.7814409999410159,0.6444444444444445,0.0,0.0,0.0,0.0,0.0,0.0,0.0,0.0,0.0,2002,radio,0.5
3,4,lr5e-05_bs32_modL1_fusion64_fusionL1_drop0p1_trmiss50_trlocradio,32,5e-05,1,64,1,0.1,lr5e-05_bs32_modL1_fusion64_fusionL1_drop0p1_trmiss50_trlocradio,33,0.40304653843243915,0.6390458643436432,0.6336206896551724,0.7819982336394378,0.6222222222222222,0.0,0.0,0.0,0.0,0.0,0.0,0.0,0.0,0.0,2002,radio,0.5
3,4,lr5e-05_bs32_modL1_fusion64_fusionL1_drop0p1_trmiss50_trlocradio,32,5e-05,1,64,1,0.1,lr5e-05_bs32_modL1_fusion64_fusionL1_drop0p1_trmiss50_trlocradio,34,0.412866935133934,0.6387469470500946,0.6293103448275862,0.779265718245632,0.6222222222222222,0.0,0.0,0.0,0.0,0.0,0.0,0.0,0.0,0.0,2002,radio,0.5
3,4,lr5e-05_bs32_modL1_fusion64_fusionL1_drop0p1_trmiss50_trlocradio,32,5e-05,1,64,1,0.1,lr5e-05_bs32_modL1_fusion64_fusionL1_drop0p1_trmiss50_trlocradio,35,0.40205589930216473,0.6415684223175049,0.6293103448275862,0.7776570150214865,0.6222222222222222,0.0,0.0,0.0,0.0,0.0,0.0,0.0,0.0,0.0,2002,radio,0.5
3,4,lr5e-05_bs32_modL1_fusion64_fusionL1_drop0p1_trmiss50_trlocradio,32,5e-05,1,64,1,0.1,lr5e-05_bs32_modL1_fusion64_fusionL1_drop0p1_trmiss50_trlocradio,36,0.3912804325421651,0.6416481137275696,0.625,0.7750694049398135,0.6222222222222222,0.0,0.0,0.0,0.0,0.0,0.0,0.0,0.0,0.0,2002,radio,0.5
3,4,lr5e-05_bs32_modL1_fusion64_fusionL1_drop0p1_trmiss50_trlocradio,32,5e-05,1,64,1,0.1,lr5e-05_bs32_modL1_fusion64_fusionL1_drop0p1_trmiss50_trlocradio,37,0.39383260905742645,0.6401605904102325,0.6293103448275863,0.7767174685609506,0.6222222222222222,0.0,0.0,0.0,0.0,0.0,0.0,0.0,0.0,0.0,2002,radio,0.5
3,4,lr5e-05_bs32_modL1_fusion64_fusionL1_drop0p1_trmiss50_trlocradio,32,5e-05,1,64,1,0.1,lr5e-05_bs32_modL1_fusion64_fusionL1_drop0p1_trmiss50_trlocradio,38,0.3955101619164149,0.6392824649810791,0.6293103448275863,0.7767174685609506,0.6444444444444445,0.0,0.0,0.0,0.0,0.0,0.0,0.0,0.0,0.0,2002,radio,0.5
3,4,lr5e-05_bs32_modL1_fusion64_fusionL1_drop0p1_trmiss50_trlocradio,32,5e-05,1,64,1,0.1,lr5e-05_bs32_modL1_fusion64_fusionL1_drop0p1_trmiss50_trlocradio,39,0.4091801047325134,0.6384262144565582,0.625,0.7764004942279801,0.6666666666666666,0.0,0.0,0.0,0.0,0.0,0.0,0.0,0.0,0.0,2002,radio,0.5
3,4,lr5e-05_bs32_modL1_fusion64_fusionL1_drop0p1_trmiss50_trlocradio,32,5e-05,1,64,1,0.1,lr5e-05_bs32_modL1_fusion64_fusionL1_drop0p1_trmiss50_trlocradio,40,0.4018702407677968,0.6369604468345642,0.6271551724137931,0.7769537458279865,0.6666666666666666,0.0,0.0,0.0,0.0,0.0,0.0,0.0,0.0,0.0,2002,radio,0.5
3,4,lr5e-05_bs32_modL1_fusion64_fusionL1_drop0p1_trmiss50_trlocradio,32,5e-05,1,64,1,0.1,lr5e-05_bs32_modL1_fusion64_fusionL1_drop0p1_trmiss50_trlocradio,41,0.4118252098560333,0.6387164294719696,0.6250000000000001,0.7757595377372268,0.6444444444444445,0.0,0.0,0.0,0.0,0.0,0.0,0.0,0.0,0.0,2002,radio,0.5
3,4,lr1e-04_bs32_modL1_fusion32_fusionL1_drop0p2_trmiss50_trlocradio,32,0.0001,1,32,1,0.2,lr1e-04_bs32_modL1_fusion32_fusionL1_drop0p2_trmiss50_trlocradio,1,0.7147441506385803,0.6859839558601379,0.6875,0.7999985929850959,0.7111111111111111,0.0,0.0,0.0,0.0,0.0,0.0,0.0,0.0,0.0,2002,radio,0.5
3,4,lr1e-04_bs32_modL1_fusion32_fusionL1_drop0p2_trmiss50_trlocradio,32,0.0001,1,32,1,0.2,lr1e-04_bs32_modL1_fusion32_fusionL1_drop0p2_trmiss50_trlocradio,2,0.672326515118281,0.6695531606674194,0.7219827586206896,0.8284449581161285,0.7111111111111111,0.0,0.0,0.0,0.0,0.0,0.0,0.0,0.0,0.0,2002,radio,0.5
3,4,lr1e-04_bs32_modL1_fusion32_fusionL1_drop0p2_trmiss50_trlocradio,32,0.0001,1,32,1,0.2,lr1e-04_bs32_modL1_fusion32_fusionL1_drop0p2_trmiss50_trlocradio,3,0.6373476088047028,0.654570609331131,0.7306034482758621,0.8391016887384392,0.7111111111111111,0.0,0.0,0.0,0.0,0.0,0.0,0.0,0.0,0.0,2002,radio,0.5
3,4,lr1e-04_bs32_modL1_fusion32_fusionL1_drop0p2_trmiss50_trlocradio,32,0.0001,1,32,1,0.2,lr1e-04_bs32_modL1_fusion32_fusionL1_drop0p2_trmiss50_trlocradio,4,0.5947528978188833,0.6489538252353668,0.7219827586206897,0.8315138416686859,0.6888888888888889,0.0,0.0,0.0,0.0,0.0,0.0,0.0,0.0,0.0,2002,radio,0.5
3,4,lr1e-04_bs32_modL1_fusion32_fusionL1_drop0p2_trmiss50_trlocradio,32,0.0001,1,32,1,0.2,lr1e-04_bs32_modL1_fusion32_fusionL1_drop0p2_trmiss50_trlocradio,5,0.601348469654719,0.6496440470218658,0.7068965517241379,0.8214987390635685,0.6888888888888889,0.0,0.0,0.0,0.0,0.0,0.0,0.0,0.0,0.0,2002,radio,0.5
3,4,lr1e-04_bs32_modL1_fusion32_fusionL1_drop0p2_trmiss50_trlocradio,32,0.0001,1,32,1,0.2,lr1e-04_bs32_modL1_fusion32_fusionL1_drop0p2_trmiss50_trlocradio,6,0.5650432904561361,0.6521574556827545,0.6831896551724137,0.7939884619012306,0.6888888888888889,0.0,0.0,0.0,0.0,0.0,0.0,0.0,0.0,0.0,2002,radio,0.5
3,4,lr1e-04_bs32_modL1_fusion32_fusionL1_drop0p2_trmiss50_trlocradio,32,0.0001,1,32,1,0.2,lr1e-04_bs32_modL1_fusion32_fusionL1_drop0p2_trmiss50_trlocradio,7,0.5610020260016123,0.6494643986225128,0.685344827586207,0.7938934771941014,0.6666666666666666,0.0,0.0,0.0,0.0,0.0,0.0,0.0,0.0,0.0,2002,radio,0.5
3,4,lr1e-04_bs32_modL1_fusion32_fusionL1_drop0p2_trmiss50_trlocradio,32,0.0001,1,32,1,0.2,lr1e-04_bs32_modL1_fusion32_fusionL1_drop0p2_trmiss50_trlocradio,8,0.553984800974528,0.6440713703632355,0.6724137931034483,0.7903911907403971,0.6666666666666666,0.0,0.0,0.0,0.0,0.0,0.0,0.0,0.0,0.0,2002,radio,0.5
3,4,lr1e-04_bs32_modL1_fusion32_fusionL1_drop0p2_trmiss50_trlocradio,32,0.0001,1,32,1,0.2,lr1e-04_bs32_modL1_fusion32_fusionL1_drop0p2_trmiss50_trlocradio,9,0.5249000688393911,0.6378960311412811,0.6788793103448275,0.8025243668415786,0.6666666666666666,0.0,0.0,0.0,0.0,0.0,0.0,0.0,0.0,0.0,2002,radio,0.5
3,4,lr1e-04_bs32_modL1_fusion32_fusionL1_drop0p2_trmiss50_trlocradio,32,0.0001,1,32,1,0.2,lr1e-04_bs32_modL1_fusion32_fusionL1_drop0p2_trmiss50_trlocradio,10,0.5114710380633672,0.6354245543479919,0.6637931034482758,0.7880752272203261,0.6222222222222222,0.0,0.0,0.0,0.0,0.0,0.0,0.0,0.0,0.0,2002,radio,0.5
3,4,lr1e-04_bs32_modL1_fusion32_fusionL1_drop0p2_trmiss50_trlocradio,32,0.0001,1,32,1,0.2,lr1e-04_bs32_modL1_fusion32_fusionL1_drop0p2_trmiss50_trlocradio,11,0.5036983788013458,0.6369022130966187,0.6508620689655171,0.7816680772015608,0.6222222222222222,0.0,0.0,0.0,0.0,0.0,0.0,0.0,0.0,0.0,2002,radio,0.5
3,4,lr1e-04_bs32_modL1_fusion32_fusionL1_drop0p2_trmiss50_trlocradio,32,0.0001,1,32,1,0.2,lr1e-04_bs32_modL1_fusion32_fusionL1_drop0p2_trmiss50_trlocradio,12,0.4971747746070226,0.6389570534229279,0.6637931034482758,0.7915062457559509,0.6222222222222222,0.0,0.0,0.0,0.0,0.0,0.0,0.0,0.0,0.0,2002,radio,0.5
3,4,lr1e-04_bs32_modL1_fusion32_fusionL1_drop0p2_trmiss50_trlocradio,32,0.0001,1,32,1,0.2,lr1e-04_bs32_modL1_fusion32_fusionL1_drop0p2_trmiss50_trlocradio,13,0.485065961877505,0.6371876299381256,0.6681034482758621,0.7927869760030976,0.6222222222222222,0.0,0.0,0.0,0.0,0.0,0.0,0.0,0.0,0.0,2002,radio,0.5
3,4,lr1e-04_bs32_modL1_fusion32_fusionL1_drop0p2_trmiss50_trlocradio,32,0.0001,1,32,1,0.2,lr1e-04_bs32_modL1_fusion32_fusionL1_drop0p2_trmiss50_trlocradio,14,0.4823787709077199,0.6411126255989075,0.6681034482758621,0.7945473901752335,0.6444444444444445,0.0,0.0,0.0,0.0,0.0,0.0,0.0,0.0,0.0,2002,radio,0.5
3,4,lr1e-04_bs32_modL1_fusion32_fusionL1_drop0p2_trmiss50_trlocradio,32,0.0001,1,32,1,0.2,lr1e-04_bs32_modL1_fusion32_fusionL1_drop0p2_trmiss50_trlocradio,15,0.4407700449228287,0.6404829323291779,0.665948275862069,0.7933310891826596,0.6222222222222222,0.0,0.0,0.0,0.0,0.0,0.0,0.0,0.0,0.0,2002,radio,0.5
3,4,lr1e-04_bs32_modL1_fusion32_fusionL1_drop0p2_trmiss50_trlocradio,32,0.0001,1,32,1,0.2,lr1e-04_bs32_modL1_fusion32_fusionL1_drop0p2_trmiss50_trlocradio,16,0.45233293374379474,0.6327289044857025,0.668103448275862,0.7943902405978357,0.6222222222222222,0.0,0.0,0.0,0.0,0.0,0.0,0.0,0.0,0.0,2002,radio,0.5
3,4,lr1e-04_bs32_modL1_fusion32_fusionL1_drop0p2_trmiss50_trlocradio,32,0.0001,1,32,1,0.2,lr1e-04_bs32_modL1_fusion32_fusionL1_drop0p2_trmiss50_trlocradio,17,0.45588455100854236,0.633289098739624,0.6551724137931034,0.790784779784529,0.6222222222222222,0.0,0.0,0.0,0.0,0.0,0.0,0.0,0.0,0.0,2002,radio,0.5
3,4,lr1e-04_bs32_modL1_fusion32_fusionL1_drop0p2_trmiss50_trlocradio,32,0.0001,1,32,1,0.2,lr1e-04_bs32_modL1_fusion32_fusionL1_drop0p2_trmiss50_trlocradio,18,0.43955936034520465,0.638546347618103,0.6594827586206897,0.7944418825632112,0.6,0.0,0.0,0.0,0.0,0.0,0.0,0.0,0.0,0.0,2002,radio,0.5
3,4,lr1e-04_bs32_modL1_fusion32_fusionL1_drop0p2_trmiss50_trlocradio,32,0.0001,1,32,1,0.2,lr1e-04_bs32_modL1_fusion32_fusionL1_drop0p2_trmiss50_trlocradio,19,0.4175053636233012,0.6310535073280334,0.6616379310344828,0.7955816463539599,0.5555555555555556,0.0,0.0,0.0,0.0,0.0,0.0,0.0,0.0,0.0,2002,radio,0.5
3,4,lr1e-04_bs32_modL1_fusion32_fusionL1_drop0p2_trmiss50_trlocradio,32,0.0001,1,32,1,0.2,lr1e-04_bs32_modL1_fusion32_fusionL1_drop0p2_trmiss50_trlocradio,20,0.40538297096888226,0.6289767622947693,0.6573275862068965,0.7937057833090994,0.5555555555555556,0.0,0.0,0.0,0.0,0.0,0.0,0.0,0.0,0.0,2002,radio,0.5
3,4,lr1e-04_bs32_modL1_fusion32_fusionL1_drop0p2_trmiss50_trlocradio,32,0.0001,1,32,1,0.2,lr1e-04_bs32_modL1_fusion32_fusionL1_drop0p2_trmiss50_trlocradio,21,0.4150870392719905,0.6327808797359467,0.6551724137931034,0.7917316085322083,0.5555555555555556,0.0,0.0,0.0,0.0,0.0,0.0,0.0,0.0,0.0,2002,radio,0.5
3,4,lr1e-04_bs32_modL1_fusion32_fusionL1_drop0p2_trmiss50_trlocradio,32,0.0001,1,32,1,0.2,lr1e-04_bs32_modL1_fusion32_fusionL1_drop0p2_trmiss50_trlocradio,22,0.4261044164498647,0.6317247450351715,0.6551724137931034,0.7885994153577475,0.5777777777777777,0.0,0.0,0.0,0.0,0.0,0.0,0.0,0.0,0.0,2002,radio,0.5
3,4,lr1e-04_bs32_modL1_fusion32_fusionL1_drop0p2_trmiss50_trlocradio,32,0.0001,1,32,1,0.2,lr1e-04_bs32_modL1_fusion32_fusionL1_drop0p2_trmiss50_trlocradio,23,0.39313561220963794,0.6322795152664185,0.6551724137931034,0.7891833298149123,0.6222222222222222,0.0,0.0,0.0,0.0,0.0,0.0,0.0,0.0,0.0,2002,radio,0.5
3,4,lr1e-04_bs32_modL1_fusion32_fusionL1_drop0p2_trmiss50_trlocradio,32,0.0001,1,32,1,0.2,lr1e-04_bs32_modL1_fusion32_fusionL1_drop0p2_trmiss50_trlocradio,24,0.38298991322517395,0.6280695199966431,0.6530172413793103,0.7930266886403419,0.6222222222222222,0.0,0.0,0.0,0.0,0.0,0.0,0.0,0.0,0.0,2002,radio,0.5
3,4,lr1e-04_bs32_modL1_fusion32_fusionL1_drop0p2_trmiss50_trlocradio,32,0.0001,1,32,1,0.2,lr1e-04_bs32_modL1_fusion32_fusionL1_drop0p2_trmiss50_trlocradio,25,0.38621873656908673,0.6272760331630707,0.6530172413793103,0.793201869840773,0.6222222222222222,0.0,0.0,0.0,0.0,0.0,0.0,0.0,0.0,0.0,2002,radio,0.5
3,4,lr1e-04_bs32_modL1_fusion32_fusionL1_drop0p1_trmiss50_trlocradio,32,0.0001,1,32,1,0.1,lr1e-04_bs32_modL1_fusion32_fusionL1_drop0p1_trmiss50_trlocradio,1,0.7576234539349874,0.7234339118003845,0.3879310344827586,0.6155942027244069,0.35555555555555557,0.0,0.0,0.0,0.0,0.0,0.0,0.0,0.0,0.0,2002,radio,0.5
3,4,lr1e-04_bs32_modL1_fusion32_fusionL1_drop0p1_trmiss50_trlocradio,32,0.0001,1,32,1,0.1,lr1e-04_bs32_modL1_fusion32_fusionL1_drop0p1_trmiss50_trlocradio,2,0.7128761410713196,0.7238732576370239,0.45474137931034486,0.6491580835633453,0.4,0.0,0.0,0.0,0.0,0.0,0.0,0.0,0.0,0.0,2002,radio,0.5
3,4,lr1e-04_bs32_modL1_fusion32_fusionL1_drop0p1_trmiss50_trlocradio,32,0.0001,1,32,1,0.1,lr1e-04_bs32_modL1_fusion32_fusionL1_drop0p1_trmiss50_trlocradio,3,0.695091187953949,0.7270175218582153,0.4741379310344828,0.6635544152964526,0.37777777777777777,0.0,0.0,0.0,0.0,0.0,0.0,0.0,0.0,0.0,2002,radio,0.5
3,4,lr1e-04_bs32_modL1_fusion32_fusionL1_drop0p1_trmiss50_trlocradio,32,0.0001,1,32,1,0.1,lr1e-04_bs32_modL1_fusion32_fusionL1_drop0p1_trmiss50_trlocradio,4,0.6641469200452169,0.732571005821228,0.45689655172413796,0.6480879121704801,0.37777777777777777,0.0,0.0,0.0,0.0,0.0,0.0,0.0,0.0,0.0,2002,radio,0.5
3,4,lr1e-04_bs32_modL1_fusion32_fusionL1_drop0p1_trmiss50_trlocradio,32,0.0001,1,32,1,0.1,lr1e-04_bs32_modL1_fusion32_fusionL1_drop0p1_trmiss50_trlocradio,5,0.6357600490252177,0.7298194766044617,0.47844827586206895,0.6494605431406841,0.4222222222222222,0.0,0.0,0.0,0.0,0.0,0.0,0.0,0.0,0.0,2002,radio,0.5
3,4,lr1e-04_bs32_modL1_fusion32_fusionL1_drop0p1_trmiss50_trlocradio,32,0.0001,1,32,1,0.1,lr1e-04_bs32_modL1_fusion32_fusionL1_drop0p1_trmiss50_trlocradio,6,0.610077957312266,0.7250319123268127,0.5043103448275862,0.6659824837115041,0.4444444444444444,0.0,0.0,0.0,0.0,0.0,0.0,0.0,0.0,0.0,2002,radio,0.5
3,4,lr1e-04_bs32_modL1_fusion32_fusionL1_drop0p1_trmiss50_trlocradio,32,0.0001,1,32,1,0.1,lr1e-04_bs32_modL1_fusion32_fusionL1_drop0p1_trmiss50_trlocradio,7,0.5872314472993215,0.7234668135643005,0.5021551724137931,0.6718496606340975,0.4666666666666667,0.0,0.0,0.0,0.0,0.0,0.0,0.0,0.0,0.0,2002,radio,0.5
3,4,lr1e-04_bs32_modL1_fusion32_fusionL1_drop0p1_trmiss50_trlocradio,32,0.0001,1,32,1,0.1,lr1e-04_bs32_modL1_fusion32_fusionL1_drop0p1_trmiss50_trlocradio,8,0.5910777449607849,0.7216350436210632,0.5086206896551724,0.6745144672023962,0.4666666666666667,0.0,0.0,0.0,0.0,0.0,0.0,0.0,0.0,0.0,2002,radio,0.5
3,4,lr1e-04_bs32_modL1_fusion32_fusionL1_drop0p1_trmiss50_trlocradio,32,0.0001,1,32,1,0.1,lr1e-04_bs32_modL1_fusion32_fusionL1_drop0p1_trmiss50_trlocradio,9,0.5958731472492218,0.7214402556419373,0.5193965517241379,0.6788455304401704,0.4444444444444444,0.0,0.0,0.0,0.0,0.0,0.0,0.0,0.0,0.0,2002,radio,0.5
3,4,lr1e-04_bs32_modL1_fusion32_fusionL1_drop0p1_trmiss50_trlocradio,32,0.0001,1,32,1,0.1,lr1e-04_bs32_modL1_fusion32_fusionL1_drop0p1_trmiss50_trlocradio,10,0.5881111125151316,0.7217997312545776,0.5172413793103449,0.678809815779041,0.4444444444444444,0.0,0.0,0.0,0.0,0.0,0.0,0.0,0.0,0.0,2002,radio,0.5
3,4,lr1e-04_bs32_modL1_fusion32_fusionL1_drop0p1_trmiss50_trlocradio,32,0.0001,1,32,1,0.1,lr1e-04_bs32_modL1_fusion32_fusionL1_drop0p1_trmiss50_trlocradio,11,0.567962239185969,0.72056844830513,0.5237068965517242,0.6813832435663325,0.4666666666666667,0.0,0.0,0.0,0.0,0.0,0.0,0.0,0.0,0.0,2002,radio,0.5
3,4,lr1e-04_bs32_modL1_fusion32_fusionL1_drop0p1_trmiss50_trlocradio,32,0.0001,1,32,1,0.1,lr1e-04_bs32_modL1_fusion32_fusionL1_drop0p1_trmiss50_trlocradio,12,0.5557514925797781,0.717721551656723,0.5323275862068966,0.6664765940357853,0.4888888888888889,0.0,0.0,0.0,0.0,0.0,0.0,0.0,0.0,0.0,2002,radio,0.5
3,4,lr1e-04_bs32_modL1_fusion32_fusionL1_drop0p1_trmiss50_trlocradio,32,0.0001,1,32,1,0.1,lr1e-04_bs32_modL1_fusion32_fusionL1_drop0p1_trmiss50_trlocradio,13,0.5581791897614797,0.7153851985931396,0.5258620689655173,0.6609584306616394,0.5333333333333333,0.0,0.0,0.0,0.0,0.0,0.0,0.0,0.0,0.0,2002,radio,0.5
3,4,lr1e-04_bs32_modL1_fusion32_fusionL1_drop0p1_trmiss50_trlocradio,32,0.0001,1,32,1,0.1,lr1e-04_bs32_modL1_fusion32_fusionL1_drop0p1_trmiss50_trlocradio,14,0.555958072344462,0.7157565653324127,0.5301724137931034,0.6820886434615436,0.5333333333333333,0.0,0.0,0.0,0.0,0.0,0.0,0.0,0.0,0.0,2002,radio,0.5
3,4,lr1e-04_bs32_modL1_fusion32_fusionL1_drop0p1_trmiss50_trlocradio,32,0.0001,1,32,1,0.1,lr1e-04_bs32_modL1_fusion32_fusionL1_drop0p1_trmiss50_trlocradio,15,0.5476355999708176,0.7128002345561981,0.5323275862068966,0.6807130145808652,0.5333333333333333,0.0,0.0,0.0,0.0,0.0,0.0,0.0,0.0,0.0,2002,radio,0.5
3,4,lr1e-04_bs32_modL1_fusion32_fusionL1_drop0p1_trmiss50_trlocradio,32,0.0001,1,32,1,0.1,lr1e-04_bs32_modL1_fusion32_fusionL1_drop0p1_trmiss50_trlocradio,16,0.5320713768402735,0.7093339562416077,0.5474137931034483,0.6907596315245561,0.4888888888888889,0.0,0.0,0.0,0.0,0.0,0.0,0.0,0.0,0.0,2002,radio,0.5
3,4,lr1e-04_bs32_modL1_fusion32_fusionL1_drop0p1_trmiss50_trlocradio,32,0.0001,1,32,1,0.1,lr1e-04_bs32_modL1_fusion32_fusionL1_drop0p1_trmiss50_trlocradio,17,0.5178441256284714,0.7092284262180328,0.5452586206896551,0.6872504663884025,0.4888888888888889,0.0,0.0,0.0,0.0,0.0,0.0,0.0,0.0,0.0,2002,radio,0.5
3,4,lr1e-04_bs32_modL1_fusion32_fusionL1_drop0p1_trmiss50_trlocradio,32,0.0001,1,32,1,0.1,lr1e-04_bs32_modL1_fusion32_fusionL1_drop0p1_trmiss50_trlocradio,18,0.525436113278071,0.7034529447555542,0.5646551724137931,0.7072732889813371,0.5333333333333333,0.0,0.0,0.0,0.0,0.0,0.0,0.0,0.0,0.0,2002,radio,0.5
3,4,lr1e-04_bs32_modL1_fusion32_fusionL1_drop0p1_trmiss50_trlocradio,32,0.0001,1,32,1,0.1,lr1e-04_bs32_modL1_fusion32_fusionL1_drop0p1_trmiss50_trlocradio,19,0.5233083417018255,0.7031813859939575,0.5603448275862069,0.7112018659549938,0.5333333333333333,0.0,0.0,0.0,0.0,0.0,0.0,0.0,0.0,0.0,2002,radio,0.5
3,4,lr1e-04_bs32_modL1_fusion32_fusionL1_drop0p1_trmiss50_trlocradio,32,0.0001,1,32,1,0.1,lr1e-04_bs32_modL1_fusion32_fusionL1_drop0p1_trmiss50_trlocradio,20,0.530906523267428,0.7073260545730591,0.5603448275862069,0.7077359352971145,0.5333333333333333,0.0,0.0,0.0,0.0,0.0,0.0,0.0,0.0,0.0,2002,radio,0.5
3,4,lr1e-04_bs32_modL1_fusion32_fusionL1_drop0p1_trmiss50_trlocradio,32,0.0001,1,32,1,0.1,lr1e-04_bs32_modL1_fusion32_fusionL1_drop0p1_trmiss50_trlocradio,21,0.5124400556087494,0.7080174088478088,0.5495689655172413,0.6751672676785376,0.5333333333333333,0.0,0.0,0.0,0.0,0.0,0.0,0.0,0.0,0.0,2002,radio,0.5
3,4,lr1e-04_bs32_modL1_fusion32_fusionL1_drop0p1_trmiss50_trlocradio,32,0.0001,1,32,1,0.1,lr1e-04_bs32_modL1_fusion32_fusionL1_drop0p1_trmiss50_trlocradio,22,0.5049155155817667,0.7014460861682892,0.5711206896551724,0.6838834061554361,0.5777777777777777,0.0,0.0,0.0,0.0,0.0,0.0,0.0,0.0,0.0,2002,radio,0.5
3,4,lr1e-04_bs32_modL1_fusion32_fusionL1_drop0p1_trmiss50_trlocradio,32,0.0001,1,32,1,0.1,lr1e-04_bs32_modL1_fusion32_fusionL1_drop0p1_trmiss50_trlocradio,23,0.5040283252795538,0.7044178545475006,0.5581896551724138,0.6933805871583418,0.5555555555555556,0.0,0.0,0.0,0.0,0.0,0.0,0.0,0.0,0.0,2002,radio,0.5
3,4,lr1e-04_bs32_modL1_fusion32_fusionL1_drop0p1_trmiss50_trlocradio,32,0.0001,1,32,1,0.1,lr1e-04_bs32_modL1_fusion32_fusionL1_drop0p1_trmiss50_trlocradio,24,0.5069533785184225,0.705155223608017,0.5517241379310345,0.6822476995217231,0.5777777777777777,0.0,0.0,0.0,0.0,0.0,0.0,0.0,0.0,0.0,2002,radio,0.5
3,4,lr1e-04_bs32_modL1_fusion32_fusionL1_drop0p1_trmiss50_trlocradio,32,0.0001,1,32,1,0.1,lr1e-04_bs32_modL1_fusion32_fusionL1_drop0p1_trmiss50_trlocradio,25,0.47933371861775714,0.7067213654518127,0.5452586206896552,0.6752305860589395,0.5777777777777777,0.0,0.0,0.0,0.0,0.0,0.0,0.0,0.0,0.0,2002,radio,0.5
3,4,lr1e-04_bs32_modL1_fusion32_fusionL1_drop0p1_trmiss50_trlocradio,32,0.0001,1,32,1,0.1,lr1e-04_bs32_modL1_fusion32_fusionL1_drop0p1_trmiss50_trlocradio,26,0.48133531709512073,0.7078675627708435,0.5344827586206897,0.6690562714043431,0.5333333333333333,0.0,0.0,0.0,0.0,0.0,0.0,0.0,0.0,0.0,2002,radio,0.5
3,4,lr1e-04_bs32_modL1_fusion32_fusionL1_drop0p1_trmiss50_trlocradio,32,0.0001,1,32,1,0.1,lr1e-04_bs32_modL1_fusion32_fusionL1_drop0p1_trmiss50_trlocradio,27,0.48248963554700214,0.7093752920627594,0.5258620689655173,0.6486619467984246,0.5111111111111111,0.0,0.0,0.0,0.0,0.0,0.0,0.0,0.0,0.0,2002,radio,0.5
3,4,lr1e-04_bs32_modL1_fusion32_fusionL1_drop0p1_trmiss50_trlocradio,32,0.0001,1,32,1,0.1,lr1e-04_bs32_modL1_fusion32_fusionL1_drop0p1_trmiss50_trlocradio,28,0.47424087921778363,0.7095328867435455,0.5258620689655172,0.6512616902110165,0.5111111111111111,0.0,0.0,0.0,0.0,0.0,0.0,0.0,0.0,0.0,2002,radio,0.5
3,4,lr1e-04_bs32_modL1_fusion32_fusionL1_drop0p1_trmiss50_trlocradio,32,0.0001,1,32,1,0.1,lr1e-04_bs32_modL1_fusion32_fusionL1_drop0p1_trmiss50_trlocradio,29,0.48130087554454803,0.706905722618103,0.5323275862068966,0.6541112422602334,0.5555555555555556,0.0,0.0,0.0,0.0,0.0,0.0,0.0,0.0,0.0,2002,radio,0.5
3,4,lr1e-04_bs32_modL1_fusion32_fusionL1_drop0p1_trmiss50_trlocradio,32,0.0001,1,32,1,0.1,lr1e-04_bs32_modL1_fusion32_fusionL1_drop0p1_trmiss50_trlocradio,30,0.4600617339213689,0.7081175446510315,0.5280172413793103,0.6531398534201315,0.5777777777777777,0.0,0.0,0.0,0.0,0.0,0.0,0.0,0.0,0.0,2002,radio,0.5
3,4,lr1e-04_bs32_modL1_fusion32_fusionL1_drop0p1_trmiss50_trlocradio,32,0.0001,1,32,1,0.1,lr1e-04_bs32_modL1_fusion32_fusionL1_drop0p1_trmiss50_trlocradio,31,0.47138925393422443,0.7106212973594666,0.5301724137931034,0.6540633652712441,0.5555555555555556,0.0,0.0,0.0,0.0,0.0,0.0,0.0,0.0,0.0,2002,radio,0.5
3,4,lr1e-04_bs32_modL1_fusion32_fusionL1_drop0p1_trmiss50_trlocradio,32,0.0001,1,32,1,0.1,lr1e-04_bs32_modL1_fusion32_fusionL1_drop0p1_trmiss50_trlocradio,32,0.4570084611574809,0.7119520902633667,0.5258620689655172,0.6507452174048057,0.5555555555555556,0.0,0.0,0.0,0.0,0.0,0.0,0.0,0.0,0.0,2002,radio,0.5
3,4,lr1e-04_bs32_modL1_fusion32_fusionL1_drop0p1_trmiss50_trlocradio,32,0.0001,1,32,1,0.1,lr1e-04_bs32_modL1_fusion32_fusionL1_drop0p1_trmiss50_trlocradio,33,0.44710152844587964,0.7103467583656311,0.5237068965517242,0.6478008100433174,0.5333333333333333,0.0,0.0,0.0,0.0,0.0,0.0,0.0,0.0,0.0,2002,radio,0.5
3,4,lr1e-04_bs32_modL1_fusion32_fusionL1_drop0p1_trmiss50_trlocradio,32,0.0001,1,32,1,0.1,lr1e-04_bs32_modL1_fusion32_fusionL1_drop0p1_trmiss50_trlocradio,34,0.4599378953377406,0.7133528292179108,0.521551724137931,0.6472137821287033,0.5555555555555556,0.0,0.0,0.0,0.0,0.0,0.0,0.0,0.0,0.0,2002,radio,0.5
3,4,lr1e-04_bs32_modL1_fusion32_fusionL1_drop0p1_trmiss50_trlocradio,32,0.0001,1,32,1,0.1,lr1e-04_bs32_modL1_fusion32_fusionL1_drop0p1_trmiss50_trlocradio,35,0.45391665895779926,0.7155579030513763,0.5193965517241379,0.6437777579912806,0.5555555555555556,0.0,0.0,0.0,0.0,0.0,0.0,0.0,0.0,0.0,2002,radio,0.5
3,4,lr1e-04_bs32_modL1_fusion32_fusionL1_drop0p1_trmiss50_trlocradio,32,0.0001,1,32,1,0.1,lr1e-04_bs32_modL1_fusion32_fusionL1_drop0p1_trmiss50_trlocradio,36,0.4460870524247487,0.7126526534557343,0.521551724137931,0.6443990689574192,0.5555555555555556,0.0,0.0,0.0,0.0,0.0,0.0,0.0,0.0,0.0,2002,radio,0.5
3,4,lr1e-04_bs32_modL1_fusion32_fusionL1_drop0p1_trmiss50_trlocradio,32,0.0001,1,32,1,0.1,lr1e-04_bs32_modL1_fusion32_fusionL1_drop0p1_trmiss50_trlocradio,37,0.44952455659707385,0.7103687226772308,0.5280172413793104,0.6487208241365496,0.5111111111111111,0.0,0.0,0.0,0.0,0.0,0.0,0.0,0.0,0.0,2002,radio,0.5
3,4,lr1e-04_bs32_modL1_fusion32_fusionL1_drop0p1_trmiss50_trlocradio,32,0.0001,1,32,1,0.1,lr1e-04_bs32_modL1_fusion32_fusionL1_drop0p1_trmiss50_trlocradio,38,0.451465164621671,0.7090798318386078,0.5280172413793104,0.6506694924391733,0.5111111111111111,0.0,0.0,0.0,0.0,0.0,0.0,0.0,0.0,0.0,2002,radio,0.5
3,4,lr1e-04_bs32_modL1_fusion32_fusionL1_drop0p1_trmiss50_trlocradio,32,0.0001,1,32,1,0.1,lr1e-04_bs32_modL1_fusion32_fusionL1_drop0p1_trmiss50_trlocradio,39,0.44073568284511566,0.708164781332016,0.5258620689655172,0.6481041081935827,0.5333333333333333,0.0,0.0,0.0,0.0,0.0,0.0,0.0,0.0,0.0,2002,radio,0.5
3,4,lr1e-04_bs32_modL1_fusion32_fusionL1_drop0p1_trmiss50_trlocradio,32,0.0001,1,32,1,0.1,lr1e-04_bs32_modL1_fusion32_fusionL1_drop0p1_trmiss50_trlocradio,40,0.45018977920214337,0.7087520956993103,0.5258620689655172,0.6635771409079946,0.5555555555555556,0.0,0.0,0.0,0.0,0.0,0.0,0.0,0.0,0.0,2002,radio,0.5
3,4,lr1e-04_bs32_modL1_fusion32_fusionL1_drop0p1_trmiss50_trlocradio,32,0.0001,1,32,1,0.1,lr1e-04_bs32_modL1_fusion32_fusionL1_drop0p1_trmiss50_trlocradio,41,0.42834653457005817,0.7089277505874634,0.5237068965517242,0.6463357615976498,0.5333333333333333,0.0,0.0,0.0,0.0,0.0,0.0,0.0,0.0,0.0,2002,radio,0.5
3,4,lr1e-04_bs32_modL1_fusion32_fusionL1_drop0p1_trmiss50_trlocradio,32,0.0001,1,32,1,0.1,lr1e-04_bs32_modL1_fusion32_fusionL1_drop0p1_trmiss50_trlocradio,42,0.4484359323978424,0.70694899559021,0.5301724137931034,0.6489494547510731,0.5333333333333333,0.0,0.0,0.0,0.0,0.0,0.0,0.0,0.0,0.0,2002,radio,0.5
3,4,lr1e-04_bs32_modL1_fusion64_fusionL1_drop0p2_trmiss50_trlocradio,32,0.0001,1,64,1,0.2,lr1e-04_bs32_modL1_fusion64_fusionL1_drop0p2_trmiss50_trlocradio,1,0.6660050948460897,0.6964810788631439,0.6185344827586207,0.7155159903726381,0.4666666666666667,0.0,0.0,0.0,0.0,0.0,0.0,0.0,0.0,0.0,2002,radio,0.5
3,4,lr1e-04_bs32_modL1_fusion64_fusionL1_drop0p2_trmiss50_trlocradio,32,0.0001,1,64,1,0.2,lr1e-04_bs32_modL1_fusion64_fusionL1_drop0p2_trmiss50_trlocradio,2,0.6677296360333761,0.690360426902771,0.6185344827586207,0.7088254201912193,0.5111111111111111,0.0,0.0,0.0,0.0,0.0,0.0,0.0,0.0,0.0,2002,radio,0.5
3,4,lr1e-04_bs32_modL1_fusion64_fusionL1_drop0p2_trmiss50_trlocradio,32,0.0001,1,64,1,0.2,lr1e-04_bs32_modL1_fusion64_fusionL1_drop0p2_trmiss50_trlocradio,3,0.6331548492113749,0.6815731525421143,0.6293103448275862,0.7190287231799516,0.5555555555555556,0.0,0.0,0.0,0.0,0.0,0.0,0.0,0.0,0.0,2002,radio,0.5
3,4,lr1e-04_bs32_modL1_fusion64_fusionL1_drop0p2_trmiss50_trlocradio,32,0.0001,1,64,1,0.2,lr1e-04_bs32_modL1_fusion64_fusionL1_drop0p2_trmiss50_trlocradio,4,0.6167665322621664,0.676110029220581,0.6163793103448276,0.7205969411776663,0.6,0.0,0.0,0.0,0.0,0.0,0.0,0.0,0.0,0.0,2002,radio,0.5
3,4,lr1e-04_bs32_modL1_fusion64_fusionL1_drop0p2_trmiss50_trlocradio,32,0.0001,1,64,1,0.2,lr1e-04_bs32_modL1_fusion64_fusionL1_drop0p2_trmiss50_trlocradio,5,0.5818413297335306,0.6700810492038727,0.6185344827586207,0.7427927386495451,0.5777777777777777,0.0,0.0,0.0,0.0,0.0,0.0,0.0,0.0,0.0,2002,radio,0.5
3,4,lr1e-04_bs32_modL1_fusion64_fusionL1_drop0p2_trmiss50_trlocradio,32,0.0001,1,64,1,0.2,lr1e-04_bs32_modL1_fusion64_fusionL1_drop0p2_trmiss50_trlocradio,6,0.5739668409029642,0.6658267378807068,0.6357758620689655,0.7501488957467134,0.6222222222222222,0.0,0.0,0.0,0.0,0.0,0.0,0.0,0.0,0.0,2002,radio,0.5
3,4,lr1e-04_bs32_modL1_fusion64_fusionL1_drop0p2_trmiss50_trlocradio,32,0.0001,1,64,1,0.2,lr1e-04_bs32_modL1_fusion64_fusionL1_drop0p2_trmiss50_trlocradio,7,0.5735373795032501,0.651461660861969,0.665948275862069,0.764808288431743,0.6666666666666666,0.0,0.0,0.0,0.0,0.0,0.0,0.0,0.0,0.0,2002,radio,0.5
3,4,lr1e-04_bs32_modL1_fusion64_fusionL1_drop0p2_trmiss50_trlocradio,32,0.0001,1,64,1,0.2,lr1e-04_bs32_modL1_fusion64_fusionL1_drop0p2_trmiss50_trlocradio,8,0.5336816708246866,0.6450369656085968,0.6530172413793103,0.7583214104000885,0.6666666666666666,0.0,0.0,0.0,0.0,0.0,0.0,0.0,0.0,0.0,2002,radio,0.5
3,4,lr1e-04_bs32_modL1_fusion64_fusionL1_drop0p2_trmiss50_trlocradio,32,0.0001,1,64,1,0.2,lr1e-04_bs32_modL1_fusion64_fusionL1_drop0p2_trmiss50_trlocradio,9,0.5402264992396036,0.6338343620300293,0.6616379310344828,0.788709030442881,0.6666666666666666,0.0,0.0,0.0,0.0,0.0,0.0,0.0,0.0,0.0,2002,radio,0.5
3,4,lr1e-04_bs32_modL1_fusion64_fusionL1_drop0p2_trmiss50_trlocradio,32,0.0001,1,64,1,0.2,lr1e-04_bs32_modL1_fusion64_fusionL1_drop0p2_trmiss50_trlocradio,10,0.5272693087657293,0.6370823383331299,0.6573275862068966,0.7851586379339917,0.6444444444444445,0.0,0.0,0.0,0.0,0.0,0.0,0.0,0.0,0.0,2002,radio,0.5
3,4,lr1e-04_bs32_modL1_fusion64_fusionL1_drop0p2_trmiss50_trlocradio,32,0.0001,1,64,1,0.2,lr1e-04_bs32_modL1_fusion64_fusionL1_drop0p2_trmiss50_trlocradio,11,0.5203966101010641,0.6578712463378906,0.6293103448275862,0.7147135906741788,0.6444444444444445,0.0,0.0,0.0,0.0,0.0,0.0,0.0,0.0,0.0,2002,radio,0.5
3,4,lr1e-04_bs32_modL1_fusion64_fusionL1_drop0p2_trmiss50_trlocradio,32,0.0001,1,64,1,0.2,lr1e-04_bs32_modL1_fusion64_fusionL1_drop0p2_trmiss50_trlocradio,12,0.49907585481802624,0.6598056256771088,0.6185344827586208,0.7079193574702953,0.6444444444444445,0.0,0.0,0.0,0.0,0.0,0.0,0.0,0.0,0.0,2002,radio,0.5
3,4,lr1e-04_bs32_modL1_fusion64_fusionL1_drop0p2_trmiss50_trlocradio,32,0.0001,1,64,1,0.2,lr1e-04_bs32_modL1_fusion64_fusionL1_drop0p2_trmiss50_trlocradio,13,0.4949898024400075,0.6570556461811066,0.625,0.7328666157883679,0.6222222222222222,0.0,0.0,0.0,0.0,0.0,0.0,0.0,0.0,0.0,2002,radio,0.5
3,4,lr1e-04_bs32_modL1_fusion64_fusionL1_drop0p2_trmiss50_trlocradio,32,0.0001,1,64,1,0.2,lr1e-04_bs32_modL1_fusion64_fusionL1_drop0p2_trmiss50_trlocradio,14,0.49332763254642487,0.64974045753479,0.6336206896551724,0.7662355938327161,0.6444444444444445,0.0,0.0,0.0,0.0,0.0,0.0,0.0,0.0,0.0,2002,radio,0.5
3,4,lr1e-04_bs32_modL1_fusion64_fusionL1_drop0p2_trmiss50_trlocradio,32,0.0001,1,64,1,0.2,lr1e-04_bs32_modL1_fusion64_fusionL1_drop0p2_trmiss50_trlocradio,15,0.4760457177956899,0.6415733993053436,0.6336206896551724,0.7746457374053013,0.6444444444444445,0.0,0.0,0.0,0.0,0.0,0.0,0.0,0.0,0.0,2002,radio,0.5
3,4,lr1e-04_bs32_modL1_fusion64_fusionL1_drop0p2_trmiss50_trlocradio,32,0.0001,1,64,1,0.2,lr1e-04_bs32_modL1_fusion64_fusionL1_drop0p2_trmiss50_trlocradio,16,0.4504881054162979,0.6375927031040192,0.6314655172413793,0.776067241496115,0.6444444444444445,0.0,0.0,0.0,0.0,0.0,0.0,0.0,0.0,0.0,2002,radio,0.5
3,4,lr1e-04_bs32_modL1_fusion64_fusionL1_drop0p2_trmiss50_trlocradio,32,0.0001,1,64,1,0.2,lr1e-04_bs32_modL1_fusion64_fusionL1_drop0p2_trmiss50_trlocradio,17,0.47919484476248425,0.6369405686855316,0.6400862068965517,0.7806972189428101,0.6,0.0,0.0,0.0,0.0,0.0,0.0,0.0,0.0,0.0,2002,radio,0.5
3,4,lr1e-04_bs32_modL1_fusion64_fusionL1_drop0p2_trmiss50_trlocradio,32,0.0001,1,64,1,0.2,lr1e-04_bs32_modL1_fusion64_fusionL1_drop0p2_trmiss50_trlocradio,18,0.44744057456652325,0.6384487748146057,0.6314655172413793,0.7768499607343069,0.6,0.0,0.0,0.0,0.0,0.0,0.0,0.0,0.0,0.0,2002,radio,0.5
3,4,lr1e-04_bs32_modL1_fusion64_fusionL1_drop0p2_trmiss50_trlocradio,32,0.0001,1,64,1,0.2,lr1e-04_bs32_modL1_fusion64_fusionL1_drop0p2_trmiss50_trlocradio,19,0.45050395528475445,0.644514411687851,0.622844827586207,0.7727714953548648,0.6,0.0,0.0,0.0,0.0,0.0,0.0,0.0,0.0,0.0,2002,radio,0.5
3,4,lr1e-04_bs32_modL1_fusion64_fusionL1_drop0p2_trmiss50_trlocradio,32,0.0001,1,64,1,0.2,lr1e-04_bs32_modL1_fusion64_fusionL1_drop0p2_trmiss50_trlocradio,20,0.4431364834308624,0.6457929611206055,0.6228448275862069,0.775030712745661,0.6,0.0,0.0,0.0,0.0,0.0,0.0,0.0,0.0,0.0,2002,radio,0.5
3,4,lr1e-04_bs32_modL1_fusion64_fusionL1_drop0p2_trmiss50_trlocradio,32,0.0001,1,64,1,0.2,lr1e-04_bs32_modL1_fusion64_fusionL1_drop0p2_trmiss50_trlocradio,21,0.4329681197802226,0.6432843208312988,0.6056034482758621,0.7638876534284127,0.6222222222222222,0.0,0.0,0.0,0.0,0.0,0.0,0.0,0.0,0.0,2002,radio,0.5
3,4,lr1e-04_bs32_modL1_fusion64_fusionL1_drop0p2_trmiss50_trlocradio,32,0.0001,1,64,1,0.2,lr1e-04_bs32_modL1_fusion64_fusionL1_drop0p2_trmiss50_trlocradio,22,0.4339977701505025,0.6456655561923981,0.6142241379310345,0.7664880540829,0.6,0.0,0.0,0.0,0.0,0.0,0.0,0.0,0.0,0.0,2002,radio,0.5
3,4,lr1e-04_bs32_modL1_fusion64_fusionL1_drop0p2_trmiss50_trlocradio,32,0.0001,1,64,1,0.2,lr1e-04_bs32_modL1_fusion64_fusionL1_drop0p2_trmiss50_trlocradio,23,0.44408377011617023,0.6470720171928406,0.6120689655172413,0.7651866614315381,0.6222222222222222,0.0,0.0,0.0,0.0,0.0,0.0,0.0,0.0,0.0,2002,radio,0.5
3,4,lr1e-04_bs32_modL1_fusion64_fusionL1_drop0p2_trmiss50_trlocradio,32,0.0001,1,64,1,0.2,lr1e-04_bs32_modL1_fusion64_fusionL1_drop0p2_trmiss50_trlocradio,24,0.431175301472346,0.6483829617500305,0.6120689655172414,0.763196836239526,0.6222222222222222,0.0,0.0,0.0,0.0,0.0,0.0,0.0,0.0,0.0,2002,radio,0.5
3,4,lr1e-04_bs32_modL1_fusion64_fusionL1_drop0p2_trmiss50_trlocradio,32,0.0001,1,64,1,0.2,lr1e-04_bs32_modL1_fusion64_fusionL1_drop0p2_trmiss50_trlocradio,25,0.4235999981562297,0.6528714597225189,0.6120689655172413,0.7632358384801279,0.6222222222222222,0.0,0.0,0.0,0.0,0.0,0.0,0.0,0.0,0.0,2002,radio,0.5
3,4,lr1e-04_bs32_modL1_fusion64_fusionL1_drop0p2_trmiss50_trlocradio,32,0.0001,1,64,1,0.2,lr1e-04_bs32_modL1_fusion64_fusionL1_drop0p2_trmiss50_trlocradio,26,0.4271741757790248,0.6511574685573578,0.6185344827586207,0.7657995357276539,0.6222222222222222,0.0,0.0,0.0,0.0,0.0,0.0,0.0,0.0,0.0,2002,radio,0.5
3,4,lr1e-04_bs32_modL1_fusion64_fusionL1_drop0p2_trmiss50_trlocradio,32,0.0001,1,64,1,0.2,lr1e-04_bs32_modL1_fusion64_fusionL1_drop0p2_trmiss50_trlocradio,27,0.4117826124032338,0.650518923997879,0.6185344827586207,0.7665025215950343,0.6222222222222222,0.0,0.0,0.0,0.0,0.0,0.0,0.0,0.0,0.0,2002,radio,0.5
3,4,lr1e-04_bs32_modL1_fusion64_fusionL1_drop0p1_trmiss50_trlocradio,32,0.0001,1,64,1,0.1,lr1e-04_bs32_modL1_fusion64_fusionL1_drop0p1_trmiss50_trlocradio,1,0.6995621621608734,0.6828712821006775,0.3556034482758621,0.5806606532631644,0.6,0.0,0.0,0.0,0.0,0.0,0.0,0.0,0.0,0.0,2002,radio,0.5
3,4,lr1e-04_bs32_modL1_fusion64_fusionL1_drop0p1_trmiss50_trlocradio,32,0.0001,1,64,1,0.1,lr1e-04_bs32_modL1_fusion64_fusionL1_drop0p1_trmiss50_trlocradio,2,0.6433668335278829,0.6803407371044159,0.40086206896551724,0.6299986541421643,0.5777777777777777,0.0,0.0,0.0,0.0,0.0,0.0,0.0,0.0,0.0,2002,radio,0.5
3,4,lr1e-04_bs32_modL1_fusion64_fusionL1_drop0p1_trmiss50_trlocradio,32,0.0001,1,64,1,0.1,lr1e-04_bs32_modL1_fusion64_fusionL1_drop0p1_trmiss50_trlocradio,3,0.5925449331601461,0.673482745885849,0.4418103448275862,0.6670216948725575,0.6,0.0,0.0,0.0,0.0,0.0,0.0,0.0,0.0,0.0,2002,radio,0.5
3,4,lr1e-04_bs32_modL1_fusion64_fusionL1_drop0p1_trmiss50_trlocradio,32,0.0001,1,64,1,0.1,lr1e-04_bs32_modL1_fusion64_fusionL1_drop0p1_trmiss50_trlocradio,4,0.5687368412812551,0.6729966402053833,0.4375,0.663023166287653,0.5777777777777777,0.0,0.0,0.0,0.0,0.0,0.0,0.0,0.0,0.0,2002,radio,0.5
3,4,lr1e-04_bs32_modL1_fusion64_fusionL1_drop0p1_trmiss50_trlocradio,32,0.0001,1,64,1,0.1,lr1e-04_bs32_modL1_fusion64_fusionL1_drop0p1_trmiss50_trlocradio,5,0.5445160965124766,0.6696567833423615,0.45905172413793105,0.6765607806009847,0.5555555555555556,0.0,0.0,0.0,0.0,0.0,0.0,0.0,0.0,0.0,2002,radio,0.5
3,4,lr1e-04_bs32_modL1_fusion64_fusionL1_drop0p1_trmiss50_trlocradio,32,0.0001,1,64,1,0.1,lr1e-04_bs32_modL1_fusion64_fusionL1_drop0p1_trmiss50_trlocradio,6,0.5256775965293249,0.6685656011104584,0.45905172413793105,0.6789033075784875,0.5555555555555556,0.0,0.0,0.0,0.0,0.0,0.0,0.0,0.0,0.0,2002,radio,0.5
3,4,lr1e-04_bs32_modL1_fusion64_fusionL1_drop0p1_trmiss50_trlocradio,32,0.0001,1,64,1,0.1,lr1e-04_bs32_modL1_fusion64_fusionL1_drop0p1_trmiss50_trlocradio,7,0.5215700566768646,0.6677694320678711,0.46120689655172414,0.6777179785586321,0.5777777777777777,0.0,0.0,0.0,0.0,0.0,0.0,0.0,0.0,0.0,2002,radio,0.5
3,4,lr1e-04_bs32_modL1_fusion64_fusionL1_drop0p1_trmiss50_trlocradio,32,0.0001,1,64,1,0.1,lr1e-04_bs32_modL1_fusion64_fusionL1_drop0p1_trmiss50_trlocradio,8,0.5025779604911804,0.6728165447711945,0.45474137931034486,0.6577422531153889,0.5333333333333333,0.0,0.0,0.0,0.0,0.0,0.0,0.0,0.0,0.0,2002,radio,0.5
3,4,lr1e-04_bs32_modL1_fusion64_fusionL1_drop0p1_trmiss50_trlocradio,32,0.0001,1,64,1,0.1,lr1e-04_bs32_modL1_fusion64_fusionL1_drop0p1_trmiss50_trlocradio,9,0.47104236483573914,0.6832034885883331,0.4525862068965517,0.6456644740594009,0.5555555555555556,0.0,0.0,0.0,0.0,0.0,0.0,0.0,0.0,0.0,2002,radio,0.5
3,4,lr1e-04_bs32_modL1_fusion64_fusionL1_drop0p1_trmiss50_trlocradio,32,0.0001,1,64,1,0.1,lr1e-04_bs32_modL1_fusion64_fusionL1_drop0p1_trmiss50_trlocradio,10,0.46445303161938983,0.6766545474529266,0.4870689655172413,0.679960313981375,0.5555555555555556,0.0,0.0,0.0,0.0,0.0,0.0,0.0,0.0,0.0,2002,radio,0.5
3,4,lr1e-04_bs32_modL1_fusion64_fusionL1_drop0p1_trmiss50_trlocradio,32,0.0001,1,64,1,0.1,lr1e-04_bs32_modL1_fusion64_fusionL1_drop0p1_trmiss50_trlocradio,11,0.45977949102719623,0.6723440587520599,0.4892241379310345,0.6821274747882242,0.5777777777777777,0.0,0.0,0.0,0.0,0.0,0.0,0.0,0.0,0.0,2002,radio,0.5
3,4,lr1e-04_bs32_modL1_fusion64_fusionL1_drop0p1_trmiss50_trlocradio,32,0.0001,1,64,1,0.1,lr1e-04_bs32_modL1_fusion64_fusionL1_drop0p1_trmiss50_trlocradio,12,0.4371769924958547,0.6736001968383789,0.48706896551724144,0.6774822195455192,0.5333333333333333,0.0,0.0,0.0,0.0,0.0,0.0,0.0,0.0,0.0,2002,radio,0.5
3,4,lr1e-04_bs32_modL1_fusion64_fusionL1_drop0p1_trmiss50_trlocradio,32,0.0001,1,64,1,0.1,lr1e-04_bs32_modL1_fusion64_fusionL1_drop0p1_trmiss50_trlocradio,13,0.434578999876976,0.6756828129291534,0.47198275862068967,0.6703336158740316,0.5333333333333333,0.0,0.0,0.0,0.0,0.0,0.0,0.0,0.0,0.0,2002,radio,0.5
3,4,lr1e-04_bs32_modL1_fusion64_fusionL1_drop0p1_trmiss50_trlocradio,32,0.0001,1,64,1,0.1,lr1e-04_bs32_modL1_fusion64_fusionL1_drop0p1_trmiss50_trlocradio,14,0.4220278908809026,0.6780697405338287,0.4762931034482759,0.6697764503218173,0.5111111111111111,0.0,0.0,0.0,0.0,0.0,0.0,0.0,0.0,0.0,2002,radio,0.5
3,4,lr1e-04_bs32_modL1_fusion64_fusionL1_drop0p1_trmiss50_trlocradio,32,0.0001,1,64,1,0.1,lr1e-04_bs32_modL1_fusion64_fusionL1_drop0p1_trmiss50_trlocradio,15,0.42340608934561413,0.6795498132705688,0.47413793103448276,0.6777081536255714,0.5333333333333333,0.0,0.0,0.0,0.0,0.0,0.0,0.0,0.0,0.0,2002,radio,0.5
3,4,lr1e-04_bs32_modL1_fusion64_fusionL1_drop0p1_trmiss50_trlocradio,32,0.0001,1,64,1,0.1,lr1e-04_bs32_modL1_fusion64_fusionL1_drop0p1_trmiss50_trlocradio,16,0.40951167047023773,0.68667933344841,0.46551724137931033,0.6637241953193778,0.5333333333333333,0.0,0.0,0.0,0.0,0.0,0.0,0.0,0.0,0.0,2002,radio,0.5
3,4,lr1e-04_bs32_modL1_fusion64_fusionL1_drop0p1_trmiss50_trlocradio,32,0.0001,1,64,1,0.1,lr1e-04_bs32_modL1_fusion64_fusionL1_drop0p1_trmiss50_trlocradio,17,0.3939344783624013,0.6926706433296204,0.45905172413793105,0.6551901453014151,0.5111111111111111,0.0,0.0,0.0,0.0,0.0,0.0,0.0,0.0,0.0,2002,radio,0.5
3,4,lr1e-04_bs32_modL1_fusion64_fusionL1_drop0p1_trmiss50_trlocradio,32,0.0001,1,64,1,0.1,lr1e-04_bs32_modL1_fusion64_fusionL1_drop0p1_trmiss50_trlocradio,18,0.4006892889738083,0.6925278604030609,0.45689655172413796,0.654673625486456,0.5111111111111111,0.0,0.0,0.0,0.0,0.0,0.0,0.0,0.0,0.0,2002,radio,0.5
3,4,lr1e-04_bs32_modL1_fusion64_fusionL1_drop0p1_trmiss50_trlocradio,32,0.0001,1,64,1,0.1,lr1e-04_bs32_modL1_fusion64_fusionL1_drop0p1_trmiss50_trlocradio,19,0.39228378732999164,0.6892527043819427,0.45689655172413796,0.6531629075122194,0.5111111111111111,0.0,0.0,0.0,0.0,0.0,0.0,0.0,0.0,0.0,2002,radio,0.5
3,4,lr1e-04_bs32_modL1_fusion64_fusionL1_drop0p1_trmiss50_trlocradio,32,0.0001,1,64,1,0.1,lr1e-04_bs32_modL1_fusion64_fusionL1_drop0p1_trmiss50_trlocradio,20,0.38806391259034473,0.6896303594112396,0.4525862068965517,0.651653715158794,0.5111111111111111,0.0,0.0,0.0,0.0,0.0,0.0,0.0,0.0,0.0,2002,radio,0.5
3,4,lr1e-04_bs32_modL1_fusion64_fusionL1_drop0p1_trmiss50_trlocradio,32,0.0001,1,64,1,0.1,lr1e-04_bs32_modL1_fusion64_fusionL1_drop0p1_trmiss50_trlocradio,21,0.37053915361563367,0.6874850690364838,0.45474137931034486,0.6512357423270281,0.5111111111111111,0.0,0.0,0.0,0.0,0.0,0.0,0.0,0.0,0.0,2002,radio,0.5
3,4,lr1e-04_bs32_modL1_fusion64_fusionL1_drop0p1_trmiss50_trlocradio,32,0.0001,1,64,1,0.1,lr1e-04_bs32_modL1_fusion64_fusionL1_drop0p1_trmiss50_trlocradio,22,0.37018029391765594,0.687619149684906,0.46120689655172414,0.6605839330139611,0.5333333333333333,0.0,0.0,0.0,0.0,0.0,0.0,0.0,0.0,0.0,2002,radio,0.5
3,4,lr1e-04_bs32_modL1_fusion64_fusionL1_drop0p1_trmiss50_trlocradio,32,0.0001,1,64,1,0.1,lr1e-04_bs32_modL1_fusion64_fusionL1_drop0p1_trmiss50_trlocradio,23,0.38299623628457385,0.691508024930954,0.45474137931034486,0.6586249951765146,0.5333333333333333,0.0,0.0,0.0,0.0,0.0,0.0,0.0,0.0,0.0,2002,radio,0.5
3,4,lr1e-04_bs32_modL1_fusion64_fusionL1_drop0p1_trmiss50_trlocradio,32,0.0001,1,64,1,0.1,lr1e-04_bs32_modL1_fusion64_fusionL1_drop0p1_trmiss50_trlocradio,24,0.37634873390197754,0.6938380002975464,0.45474137931034486,0.6586249951765146,0.5333333333333333,0.0,0.0,0.0,0.0,0.0,0.0,0.0,0.0,0.0,2002,radio,0.5
3,4,lr1e-04_bs32_modL1_fusion64_fusionL1_drop0p1_trmiss50_trlocradio,32,0.0001,1,64,1,0.1,lr1e-04_bs32_modL1_fusion64_fusionL1_drop0p1_trmiss50_trlocradio,25,0.36796518166859943,0.6903215646743774,0.459051724137931,0.6590079925655452,0.5111111111111111,0.0,0.0,0.0,0.0,0.0,0.0,0.0,0.0,0.0,2002,radio,0.5
3,4,lr1e-04_bs32_modL1_fusion64_fusionL1_drop0p1_trmiss50_trlocradio,32,0.0001,1,64,1,0.1,lr1e-04_bs32_modL1_fusion64_fusionL1_drop0p1_trmiss50_trlocradio,26,0.35792263348897296,0.6934857368469238,0.45474137931034486,0.6402737625799642,0.5333333333333333,0.0,0.0,0.0,0.0,0.0,0.0,0.0,0.0,0.0,2002,radio,0.5
3,4,lr1e-04_bs32_modL1_fusion64_fusionL1_drop0p1_trmiss50_trlocradio,32,0.0001,1,64,1,0.1,lr1e-04_bs32_modL1_fusion64_fusionL1_drop0p1_trmiss50_trlocradio,27,0.36727839211622876,0.6936998069286346,0.4504310344827586,0.6384033851625608,0.5333333333333333,0.0,0.0,0.0,0.0,0.0,0.0,0.0,0.0,0.0,2002,radio,0.5
3,4,lr1e-04_bs32_modL1_fusion64_fusionL1_drop0p1_trmiss50_trlocradio,32,0.0001,1,64,1,0.1,lr1e-04_bs32_modL1_fusion64_fusionL1_drop0p1_trmiss50_trlocradio,28,0.3628038316965103,0.6922191381454468,0.45258620689655177,0.6396133065176728,0.5333333333333333,0.0,0.0,0.0,0.0,0.0,0.0,0.0,0.0,0.0,2002,radio,0.5
3,4,lr1e-04_bs32_modL1_fusion64_fusionL1_drop0p1_trmiss50_trlocradio,32,0.0001,1,64,1,0.1,lr1e-04_bs32_modL1_fusion64_fusionL1_drop0p1_trmiss50_trlocradio,29,0.36540455122788745,0.6932509243488312,0.45258620689655177,0.6396133065176728,0.5333333333333333,0.0,0.0,0.0,0.0,0.0,0.0,0.0,0.0,0.0,2002,radio,0.5
3,4,lr1e-04_bs32_modL1_fusion64_fusionL1_drop0p1_trmiss50_trlocradio,32,0.0001,1,64,1,0.1,lr1e-04_bs32_modL1_fusion64_fusionL1_drop0p1_trmiss50_trlocradio,30,0.36164923508961994,0.6922065913677216,0.4504310344827586,0.6389458982863045,0.5333333333333333,0.0,0.0,0.0,0.0,0.0,0.0,0.0,0.0,0.0,2002,radio,0.5
3,4,lr1e-04_bs32_modL1_fusion64_fusionL1_drop0p1_trmiss50_trlocradio,32,0.0001,1,64,1,0.1,lr1e-04_bs32_modL1_fusion64_fusionL1_drop0p1_trmiss50_trlocradio,31,0.3524433523416519,0.694475531578064,0.4504310344827586,0.6389458982863045,0.5333333333333333,0.0,0.0,0.0,0.0,0.0,0.0,0.0,0.0,0.0,2002,radio,0.5
3,5,lr5e-05_bs16_modL1_fusion32_fusionL1_drop0p2_trmiss50_trlocradio,16,5e-05,1,32,1,0.2,lr5e-05_bs16_modL1_fusion32_fusionL1_drop0p2_trmiss50_trlocradio,1,0.696959321697553,0.6569483478864034,0.7155172413793103,0.8247405773135992,0.6666666666666666,0.0,0.0,0.0,0.0,0.0,0.0,0.0,0.0,0.0,2002,radio,0.5
3,5,lr5e-05_bs16_modL1_fusion32_fusionL1_drop0p2_trmiss50_trlocradio,16,5e-05,1,32,1,0.2,lr5e-05_bs16_modL1_fusion32_fusionL1_drop0p2_trmiss50_trlocradio,2,0.6475626975297928,0.6437954902648926,0.7133620689655172,0.8278911718972983,0.6666666666666666,0.0,0.0,0.0,0.0,0.0,0.0,0.0,0.0,0.0,2002,radio,0.5
3,5,lr5e-05_bs16_modL1_fusion32_fusionL1_drop0p2_trmiss50_trlocradio,16,5e-05,1,32,1,0.2,lr5e-05_bs16_modL1_fusion32_fusionL1_drop0p2_trmiss50_trlocradio,3,0.6400585571924845,0.6279089053471884,0.7176724137931035,0.825931181975282,0.6666666666666666,0.0,0.0,0.0,0.0,0.0,0.0,0.0,0.0,0.0,2002,radio,0.5
3,5,lr5e-05_bs16_modL1_fusion32_fusionL1_drop0p2_trmiss50_trlocradio,16,5e-05,1,32,1,0.2,lr5e-05_bs16_modL1_fusion32_fusionL1_drop0p2_trmiss50_trlocradio,4,0.6016482909520467,0.6224205692609152,0.747844827586207,0.8614495837971743,0.6666666666666666,0.0,0.0,0.0,0.0,0.0,0.0,0.0,0.0,0.0,2002,radio,0.5
3,5,lr5e-05_bs16_modL1_fusion32_fusionL1_drop0p2_trmiss50_trlocradio,16,5e-05,1,32,1,0.2,lr5e-05_bs16_modL1_fusion32_fusionL1_drop0p2_trmiss50_trlocradio,5,0.6115710983673731,0.6201829115549723,0.7413793103448276,0.859388776598585,0.7111111111111111,0.0,0.0,0.0,0.0,0.0,0.0,0.0,0.0,0.0,2002,radio,0.5
3,5,lr5e-05_bs16_modL1_fusion32_fusionL1_drop0p2_trmiss50_trlocradio,16,5e-05,1,32,1,0.2,lr5e-05_bs16_modL1_fusion32_fusionL1_drop0p2_trmiss50_trlocradio,6,0.6163563976685206,0.6256421208381653,0.7435344827586208,0.8509419872042642,0.6666666666666666,0.0,0.0,0.0,0.0,0.0,0.0,0.0,0.0,0.0,2002,radio,0.5
3,5,lr5e-05_bs16_modL1_fusion32_fusionL1_drop0p2_trmiss50_trlocradio,16,5e-05,1,32,1,0.2,lr5e-05_bs16_modL1_fusion32_fusionL1_drop0p2_trmiss50_trlocradio,7,0.6095258742570877,0.6230389873186747,0.7650862068965518,0.8623720575105756,0.6888888888888889,0.0,0.0,0.0,0.0,0.0,0.0,0.0,0.0,0.0,2002,radio,0.5
3,5,lr5e-05_bs16_modL1_fusion32_fusionL1_drop0p2_trmiss50_trlocradio,16,5e-05,1,32,1,0.2,lr5e-05_bs16_modL1_fusion32_fusionL1_drop0p2_trmiss50_trlocradio,8,0.5544397657116255,0.6247727274894714,0.7607758620689654,0.8610312353170183,0.6222222222222222,0.0,0.0,0.0,0.0,0.0,0.0,0.0,0.0,0.0,2002,radio,0.5
3,5,lr5e-05_bs16_modL1_fusion32_fusionL1_drop0p2_trmiss50_trlocradio,16,5e-05,1,32,1,0.2,lr5e-05_bs16_modL1_fusion32_fusionL1_drop0p2_trmiss50_trlocradio,9,0.5515145237247149,0.6264905532201132,0.7586206896551725,0.8579194411574389,0.6666666666666666,0.0,0.0,0.0,0.0,0.0,0.0,0.0,0.0,0.0,2002,radio,0.5
3,5,lr5e-05_bs16_modL1_fusion32_fusionL1_drop0p2_trmiss50_trlocradio,16,5e-05,1,32,1,0.2,lr5e-05_bs16_modL1_fusion32_fusionL1_drop0p2_trmiss50_trlocradio,10,0.574011375506719,0.6191178758939108,0.7672413793103448,0.866274714859488,0.6888888888888889,0.0,0.0,0.0,0.0,0.0,0.0,0.0,0.0,0.0,2002,radio,0.5
3,5,lr5e-05_bs16_modL1_fusion32_fusionL1_drop0p2_trmiss50_trlocradio,16,5e-05,1,32,1,0.2,lr5e-05_bs16_modL1_fusion32_fusionL1_drop0p2_trmiss50_trlocradio,11,0.557110607624054,0.6180981000264486,0.7564655172413793,0.8586381249036823,0.6888888888888889,0.0,0.0,0.0,0.0,0.0,0.0,0.0,0.0,0.0,2002,radio,0.5
3,5,lr5e-05_bs16_modL1_fusion32_fusionL1_drop0p2_trmiss50_trlocradio,16,5e-05,1,32,1,0.2,lr5e-05_bs16_modL1_fusion32_fusionL1_drop0p2_trmiss50_trlocradio,12,0.5431195596853892,0.6190127929051717,0.769396551724138,0.8812107826446653,0.6666666666666666,0.0,0.0,0.0,0.0,0.0,0.0,0.0,0.0,0.0,2002,radio,0.5
3,5,lr5e-05_bs16_modL1_fusion32_fusionL1_drop0p2_trmiss50_trlocradio,16,5e-05,1,32,1,0.2,lr5e-05_bs16_modL1_fusion32_fusionL1_drop0p2_trmiss50_trlocradio,13,0.5205979769428571,0.6195549766222636,0.7650862068965517,0.8813490557513552,0.6666666666666666,0.0,0.0,0.0,0.0,0.0,0.0,0.0,0.0,0.0,2002,radio,0.5
3,5,lr5e-05_bs16_modL1_fusion32_fusionL1_drop0p2_trmiss50_trlocradio,16,5e-05,1,32,1,0.2,lr5e-05_bs16_modL1_fusion32_fusionL1_drop0p2_trmiss50_trlocradio,14,0.5395373851060867,0.6156946221987406,0.7629310344827586,0.8799195633970218,0.6444444444444445,0.0,0.0,0.0,0.0,0.0,0.0,0.0,0.0,0.0,2002,radio,0.5
3,5,lr5e-05_bs16_modL1_fusion32_fusionL1_drop0p2_trmiss50_trlocradio,16,5e-05,1,32,1,0.2,lr5e-05_bs16_modL1_fusion32_fusionL1_drop0p2_trmiss50_trlocradio,15,0.5428214569886526,0.6219774683316549,0.7500000000000001,0.8728629896782931,0.6444444444444445,0.0,0.0,0.0,0.0,0.0,0.0,0.0,0.0,0.0,2002,radio,0.5
3,5,lr5e-05_bs16_modL1_fusion32_fusionL1_drop0p2_trmiss50_trlocradio,16,5e-05,1,32,1,0.2,lr5e-05_bs16_modL1_fusion32_fusionL1_drop0p2_trmiss50_trlocradio,16,0.5229082182049751,0.6298279364903768,0.7306034482758622,0.868707355804311,0.6444444444444445,0.0,0.0,0.0,0.0,0.0,0.0,0.0,0.0,0.0,2002,radio,0.5
3,5,lr5e-05_bs16_modL1_fusion32_fusionL1_drop0p2_trmiss50_trlocradio,16,5e-05,1,32,1,0.2,lr5e-05_bs16_modL1_fusion32_fusionL1_drop0p2_trmiss50_trlocradio,17,0.5145586282014847,0.63073201974233,0.7262931034482758,0.8644206832377814,0.6,0.0,0.0,0.0,0.0,0.0,0.0,0.0,0.0,0.0,2002,radio,0.5
3,5,lr5e-05_bs16_modL1_fusion32_fusionL1_drop0p2_trmiss50_trlocradio,16,5e-05,1,32,1,0.2,lr5e-05_bs16_modL1_fusion32_fusionL1_drop0p2_trmiss50_trlocradio,18,0.5074877391258875,0.6271779338518778,0.75,0.8768547490774805,0.6,0.0,0.0,0.0,0.0,0.0,0.0,0.0,0.0,0.0,2002,radio,0.5
3,5,lr5e-05_bs16_modL1_fusion32_fusionL1_drop0p2_trmiss50_trlocradio,16,5e-05,1,32,1,0.2,lr5e-05_bs16_modL1_fusion32_fusionL1_drop0p2_trmiss50_trlocradio,19,0.496386190255483,0.6220811605453491,0.7586206896551724,0.876812553419658,0.6444444444444445,0.0,0.0,0.0,0.0,0.0,0.0,0.0,0.0,0.0,2002,radio,0.5
3,5,lr5e-05_bs16_modL1_fusion32_fusionL1_drop0p2_trmiss50_trlocradio,16,5e-05,1,32,1,0.2,lr5e-05_bs16_modL1_fusion32_fusionL1_drop0p2_trmiss50_trlocradio,20,0.4811562697092692,0.6185922225316366,0.7650862068965518,0.8814681584854895,0.6666666666666666,0.0,0.0,0.0,0.0,0.0,0.0,0.0,0.0,0.0,2002,radio,0.5
3,5,lr5e-05_bs16_modL1_fusion32_fusionL1_drop0p2_trmiss50_trlocradio,16,5e-05,1,32,1,0.2,lr5e-05_bs16_modL1_fusion32_fusionL1_drop0p2_trmiss50_trlocradio,21,0.475541611512502,0.6233903964360555,0.75,0.8721784807953101,0.6888888888888889,0.0,0.0,0.0,0.0,0.0,0.0,0.0,0.0,0.0,2002,radio,0.5
3,5,lr5e-05_bs16_modL1_fusion32_fusionL1_drop0p2_trmiss50_trlocradio,16,5e-05,1,32,1,0.2,lr5e-05_bs16_modL1_fusion32_fusionL1_drop0p2_trmiss50_trlocradio,22,0.48806411772966385,0.6210450132687887,0.7607758620689655,0.879283350427084,0.6444444444444445,0.0,0.0,0.0,0.0,0.0,0.0,0.0,0.0,0.0,2002,radio,0.5
3,5,lr5e-05_bs16_modL1_fusion32_fusionL1_drop0p2_trmiss50_trlocradio,16,5e-05,1,32,1,0.2,lr5e-05_bs16_modL1_fusion32_fusionL1_drop0p2_trmiss50_trlocradio,23,0.4849263181289037,0.6179422736167908,0.7650862068965518,0.8803522362985103,0.6444444444444445,0.0,0.0,0.0,0.0,0.0,0.0,0.0,0.0,0.0,2002,radio,0.5
3,5,lr5e-05_bs16_modL1_fusion32_fusionL1_drop0p2_trmiss50_trlocradio,16,5e-05,1,32,1,0.2,lr5e-05_bs16_modL1_fusion32_fusionL1_drop0p2_trmiss50_trlocradio,24,0.4838077649474144,0.6116431355476379,0.7737068965517242,0.8931683706618241,0.6444444444444445,0.0,0.0,0.0,0.0,0.0,0.0,0.0,0.0,0.0,2002,radio,0.5
3,5,lr5e-05_bs16_modL1_fusion32_fusionL1_drop0p2_trmiss50_trlocradio,16,5e-05,1,32,1,0.2,lr5e-05_bs16_modL1_fusion32_fusionL1_drop0p2_trmiss50_trlocradio,25,0.4763507967193921,0.6144427458445231,0.7564655172413794,0.8798368544264965,0.6222222222222222,0.0,0.0,0.0,0.0,0.0,0.0,0.0,0.0,0.0,2002,radio,0.5
3,5,lr5e-05_bs16_modL1_fusion32_fusionL1_drop0p2_trmiss50_trlocradio,16,5e-05,1,32,1,0.2,lr5e-05_bs16_modL1_fusion32_fusionL1_drop0p2_trmiss50_trlocradio,26,0.47359128544727963,0.6193444728851318,0.7737068965517242,0.8919879248458227,0.6666666666666666,0.0,0.0,0.0,0.0,0.0,0.0,0.0,0.0,0.0,2002,radio,0.5
3,5,lr5e-05_bs16_modL1_fusion32_fusionL1_drop0p2_trmiss50_trlocradio,16,5e-05,1,32,1,0.2,lr5e-05_bs16_modL1_fusion32_fusionL1_drop0p2_trmiss50_trlocradio,27,0.4689065267642339,0.615118662516276,0.7586206896551725,0.8836491621617943,0.6444444444444445,0.0,0.0,0.0,0.0,0.0,0.0,0.0,0.0,0.0,2002,radio,0.5
3,5,lr5e-05_bs16_modL1_fusion32_fusionL1_drop0p2_trmiss50_trlocradio,16,5e-05,1,32,1,0.2,lr5e-05_bs16_modL1_fusion32_fusionL1_drop0p2_trmiss50_trlocradio,28,0.46011070162057877,0.6143476366996765,0.7737068965517241,0.8946512021551953,0.6444444444444445,0.0,0.0,0.0,0.0,0.0,0.0,0.0,0.0,0.0,2002,radio,0.5
3,5,lr5e-05_bs16_modL1_fusion32_fusionL1_drop0p2_trmiss50_trlocradio,16,5e-05,1,32,1,0.2,lr5e-05_bs16_modL1_fusion32_fusionL1_drop0p2_trmiss50_trlocradio,29,0.4765103409687678,0.6113316615422567,0.7456896551724138,0.8717650505567207,0.6888888888888889,0.0,0.0,0.0,0.0,0.0,0.0,0.0,0.0,0.0,2002,radio,0.5
3,5,lr5e-05_bs16_modL1_fusion32_fusionL1_drop0p2_trmiss50_trlocradio,16,5e-05,1,32,1,0.2,lr5e-05_bs16_modL1_fusion32_fusionL1_drop0p2_trmiss50_trlocradio,30,0.4552940676609675,0.6155755321184794,0.7456896551724138,0.8723803311530169,0.6444444444444445,0.0,0.0,0.0,0.0,0.0,0.0,0.0,0.0,0.0,2002,radio,0.5
3,5,lr5e-05_bs16_modL1_fusion32_fusionL1_drop0p2_trmiss50_trlocradio,16,5e-05,1,32,1,0.2,lr5e-05_bs16_modL1_fusion32_fusionL1_drop0p2_trmiss50_trlocradio,31,0.4693525383869807,0.6120185852050781,0.75,0.8759747482760181,0.6666666666666666,0.0,0.0,0.0,0.0,0.0,0.0,0.0,0.0,0.0,2002,radio,0.5
3,5,lr5e-05_bs16_modL1_fusion32_fusionL1_drop0p2_trmiss50_trlocradio,16,5e-05,1,32,1,0.2,lr5e-05_bs16_modL1_fusion32_fusionL1_drop0p2_trmiss50_trlocradio,32,0.48099833726882935,0.6138663291931152,0.7521551724137931,0.8757513027527786,0.6666666666666666,0.0,0.0,0.0,0.0,0.0,0.0,0.0,0.0,0.0,2002,radio,0.5
3,5,lr5e-05_bs16_modL1_fusion32_fusionL1_drop0p2_trmiss50_trlocradio,16,5e-05,1,32,1,0.2,lr5e-05_bs16_modL1_fusion32_fusionL1_drop0p2_trmiss50_trlocradio,33,0.46033822000026703,0.6168798605600992,0.7737068965517241,0.8867238313893702,0.6666666666666666,0.0,0.0,0.0,0.0,0.0,0.0,0.0,0.0,0.0,2002,radio,0.5
3,5,lr5e-05_bs16_modL1_fusion32_fusionL1_drop0p2_trmiss50_trlocradio,16,5e-05,1,32,1,0.2,lr5e-05_bs16_modL1_fusion32_fusionL1_drop0p2_trmiss50_trlocradio,34,0.44754527260859805,0.615593691666921,0.7758620689655171,0.8888779518148504,0.6888888888888889,0.0,0.0,0.0,0.0,0.0,0.0,0.0,0.0,0.0,2002,radio,0.5
3,5,lr5e-05_bs16_modL1_fusion32_fusionL1_drop0p2_trmiss50_trlocradio,16,5e-05,1,32,1,0.2,lr5e-05_bs16_modL1_fusion32_fusionL1_drop0p2_trmiss50_trlocradio,35,0.44886469344298047,0.6089178323745728,0.7629310344827587,0.882355759598775,0.6666666666666666,0.0,0.0,0.0,0.0,0.0,0.0,0.0,0.0,0.0,2002,radio,0.5
3,5,lr5e-05_bs16_modL1_fusion32_fusionL1_drop0p2_trmiss50_trlocradio,16,5e-05,1,32,1,0.2,lr5e-05_bs16_modL1_fusion32_fusionL1_drop0p2_trmiss50_trlocradio,36,0.44236769030491513,0.6109559734662374,0.7629310344827586,0.8832959119819805,0.6666666666666666,0.0,0.0,0.0,0.0,0.0,0.0,0.0,0.0,0.0,2002,radio,0.5
3,5,lr5e-05_bs16_modL1_fusion32_fusionL1_drop0p2_trmiss50_trlocradio,16,5e-05,1,32,1,0.2,lr5e-05_bs16_modL1_fusion32_fusionL1_drop0p2_trmiss50_trlocradio,37,0.4351000065604846,0.6148929993311564,0.7672413793103448,0.8868409150703183,0.6444444444444445,0.0,0.0,0.0,0.0,0.0,0.0,0.0,0.0,0.0,2002,radio,0.5
3,5,lr5e-05_bs16_modL1_fusion32_fusionL1_drop0p2_trmiss50_trlocradio,16,5e-05,1,32,1,0.2,lr5e-05_bs16_modL1_fusion32_fusionL1_drop0p2_trmiss50_trlocradio,38,0.4516904378930728,0.6123170256614685,0.7456896551724138,0.8719467554929856,0.6444444444444445,0.0,0.0,0.0,0.0,0.0,0.0,0.0,0.0,0.0,2002,radio,0.5
3,5,lr5e-05_bs16_modL1_fusion32_fusionL1_drop0p2_trmiss50_trlocradio,16,5e-05,1,32,1,0.2,lr5e-05_bs16_modL1_fusion32_fusionL1_drop0p2_trmiss50_trlocradio,39,0.4325005114078522,0.6175018350283304,0.7413793103448276,0.8659010231468274,0.6444444444444445,0.0,0.0,0.0,0.0,0.0,0.0,0.0,0.0,0.0,2002,radio,0.5
3,5,lr5e-05_bs16_modL1_fusion32_fusionL1_drop0p2_trmiss50_trlocradio,16,5e-05,1,32,1,0.2,lr5e-05_bs16_modL1_fusion32_fusionL1_drop0p2_trmiss50_trlocradio,40,0.45309805621703464,0.6078165570894877,0.75,0.869673475684511,0.6666666666666666,0.0,0.0,0.0,0.0,0.0,0.0,0.0,0.0,0.0,2002,radio,0.5
3,5,lr5e-05_bs16_modL1_fusion32_fusionL1_drop0p2_trmiss50_trlocradio,16,5e-05,1,32,1,0.2,lr5e-05_bs16_modL1_fusion32_fusionL1_drop0p2_trmiss50_trlocradio,41,0.42907728751500446,0.6089536547660828,0.7370689655172413,0.8612083309495979,0.6444444444444445,0.0,0.0,0.0,0.0,0.0,0.0,0.0,0.0,0.0,2002,radio,0.5
3,5,lr5e-05_bs16_modL1_fusion32_fusionL1_drop0p2_trmiss50_trlocradio,16,5e-05,1,32,1,0.2,lr5e-05_bs16_modL1_fusion32_fusionL1_drop0p2_trmiss50_trlocradio,42,0.4361323614915212,0.6053916414578756,0.7607758620689655,0.8756687150972762,0.7111111111111111,0.0,0.0,0.0,0.0,0.0,0.0,0.0,0.0,0.0,2002,radio,0.5
3,5,lr5e-05_bs16_modL1_fusion32_fusionL1_drop0p2_trmiss50_trlocradio,16,5e-05,1,32,1,0.2,lr5e-05_bs16_modL1_fusion32_fusionL1_drop0p2_trmiss50_trlocradio,43,0.43385080496470135,0.60834801197052,0.7521551724137931,0.8786728102482322,0.6666666666666666,0.0,0.0,0.0,0.0,0.0,0.0,0.0,0.0,0.0,2002,radio,0.5
3,5,lr5e-05_bs16_modL1_fusion32_fusionL1_drop0p2_trmiss50_trlocradio,16,5e-05,1,32,1,0.2,lr5e-05_bs16_modL1_fusion32_fusionL1_drop0p2_trmiss50_trlocradio,44,0.4113319665193558,0.6146373152732849,0.7327586206896551,0.8673162209615963,0.6444444444444445,0.0,0.0,0.0,0.0,0.0,0.0,0.0,0.0,0.0,2002,radio,0.5
3,5,lr5e-05_bs16_modL1_fusion32_fusionL1_drop0p2_trmiss50_trlocradio,16,5e-05,1,32,1,0.2,lr5e-05_bs16_modL1_fusion32_fusionL1_drop0p2_trmiss50_trlocradio,45,0.42751100411017734,0.6154062151908875,0.7521551724137931,0.8789909778576146,0.6444444444444445,0.0,0.0,0.0,0.0,0.0,0.0,0.0,0.0,0.0,2002,radio,0.5
3,5,lr5e-05_bs16_modL1_fusion32_fusionL1_drop0p2_trmiss50_trlocradio,16,5e-05,1,32,1,0.2,lr5e-05_bs16_modL1_fusion32_fusionL1_drop0p2_trmiss50_trlocradio,46,0.43387293815612793,0.6131726702054342,0.7306034482758621,0.8701435994814799,0.6222222222222222,0.0,0.0,0.0,0.0,0.0,0.0,0.0,0.0,0.0,2002,radio,0.5
3,5,lr5e-05_bs16_modL1_fusion32_fusionL1_drop0p2_trmiss50_trlocradio,16,5e-05,1,32,1,0.2,lr5e-05_bs16_modL1_fusion32_fusionL1_drop0p2_trmiss50_trlocradio,47,0.42602592209974927,0.6111446817715963,0.7327586206896551,0.8727313630688085,0.6222222222222222,0.0,0.0,0.0,0.0,0.0,0.0,0.0,0.0,0.0,2002,radio,0.5
3,5,lr5e-05_bs16_modL1_fusion32_fusionL1_drop0p2_trmiss50_trlocradio,16,5e-05,1,32,1,0.2,lr5e-05_bs16_modL1_fusion32_fusionL1_drop0p2_trmiss50_trlocradio,48,0.4117397541801135,0.6113166610399882,0.7413793103448277,0.877052488868779,0.6444444444444445,0.0,0.0,0.0,0.0,0.0,0.0,0.0,0.0,0.0,2002,radio,0.5
3,5,lr5e-05_bs16_modL1_fusion32_fusionL1_drop0p2_trmiss50_trlocradio,16,5e-05,1,32,1,0.2,lr5e-05_bs16_modL1_fusion32_fusionL1_drop0p2_trmiss50_trlocradio,49,0.41687395920356113,0.6125709017117819,0.7370689655172413,0.872122754900116,0.6222222222222222,0.0,0.0,0.0,0.0,0.0,0.0,0.0,0.0,0.0,2002,radio,0.5
3,5,lr5e-05_bs16_modL1_fusion32_fusionL1_drop0p2_trmiss50_trlocradio,16,5e-05,1,32,1,0.2,lr5e-05_bs16_modL1_fusion32_fusionL1_drop0p2_trmiss50_trlocradio,50,0.41255086412032443,0.6100075046221415,0.747844827586207,0.8776933604264057,0.6444444444444445,0.0,0.0,0.0,0.0,0.0,0.0,0.0,0.0,0.0,2002,radio,0.5
3,5,lr5e-05_bs16_modL1_fusion32_fusionL1_drop0p2_trmiss50_trlocradio,16,5e-05,1,32,1,0.2,lr5e-05_bs16_modL1_fusion32_fusionL1_drop0p2_trmiss50_trlocradio,51,0.4258969749013583,0.6130752563476562,0.7564655172413793,0.8841876608234007,0.6444444444444445,0.0,0.0,0.0,0.0,0.0,0.0,0.0,0.0,0.0,2002,radio,0.5
3,5,lr5e-05_bs16_modL1_fusion32_fusionL1_drop0p2_trmiss50_trlocradio,16,5e-05,1,32,1,0.2,lr5e-05_bs16_modL1_fusion32_fusionL1_drop0p2_trmiss50_trlocradio,52,0.40345865736405057,0.6154157916704813,0.7456896551724138,0.8762765081585007,0.6444444444444445,0.0,0.0,0.0,0.0,0.0,0.0,0.0,0.0,0.0,2002,radio,0.5
3,5,lr5e-05_bs16_modL1_fusion32_fusionL1_drop0p2_trmiss50_trlocradio,16,5e-05,1,32,1,0.2,lr5e-05_bs16_modL1_fusion32_fusionL1_drop0p2_trmiss50_trlocradio,53,0.42655568818251294,0.6025470097859701,0.752155172413793,0.8842574300437474,0.6222222222222222,0.0,0.0,0.0,0.0,0.0,0.0,0.0,0.0,0.0,2002,radio,0.5
3,5,lr5e-05_bs16_modL1_fusion32_fusionL1_drop0p2_trmiss50_trlocradio,16,5e-05,1,32,1,0.2,lr5e-05_bs16_modL1_fusion32_fusionL1_drop0p2_trmiss50_trlocradio,54,0.39584121604760486,0.604144553343455,0.7521551724137931,0.883495923542096,0.6222222222222222,0.0,0.0,0.0,0.0,0.0,0.0,0.0,0.0,0.0,2002,radio,0.5
3,5,lr5e-05_bs16_modL1_fusion32_fusionL1_drop0p1_trmiss50_trlocradio,16,5e-05,1,32,1,0.1,lr5e-05_bs16_modL1_fusion32_fusionL1_drop0p1_trmiss50_trlocradio,1,0.7191627621650696,0.7049128611882528,0.5064655172413792,0.6776388730165662,0.5333333333333333,0.0,0.0,0.0,0.0,0.0,0.0,0.0,0.0,0.0,2002,radio,0.5
3,5,lr5e-05_bs16_modL1_fusion32_fusionL1_drop0p1_trmiss50_trlocradio,16,5e-05,1,32,1,0.1,lr5e-05_bs16_modL1_fusion32_fusionL1_drop0p1_trmiss50_trlocradio,2,0.7095672637224197,0.7123114069302877,0.48275862068965514,0.6466606918158234,0.5111111111111111,0.0,0.0,0.0,0.0,0.0,0.0,0.0,0.0,0.0,2002,radio,0.5
3,5,lr5e-05_bs16_modL1_fusion32_fusionL1_drop0p1_trmiss50_trlocradio,16,5e-05,1,32,1,0.1,lr5e-05_bs16_modL1_fusion32_fusionL1_drop0p1_trmiss50_trlocradio,3,0.675111785531044,0.7221682071685791,0.4870689655172414,0.6486570847921056,0.4222222222222222,0.0,0.0,0.0,0.0,0.0,0.0,0.0,0.0,0.0,2002,radio,0.5
3,5,lr5e-05_bs16_modL1_fusion32_fusionL1_drop0p1_trmiss50_trlocradio,16,5e-05,1,32,1,0.1,lr5e-05_bs16_modL1_fusion32_fusionL1_drop0p1_trmiss50_trlocradio,4,0.6680323282877604,0.7293288509051005,0.4719827586206896,0.6433041195589574,0.4222222222222222,0.0,0.0,0.0,0.0,0.0,0.0,0.0,0.0,0.0,2002,radio,0.5
3,5,lr5e-05_bs16_modL1_fusion32_fusionL1_drop0p1_trmiss50_trlocradio,16,5e-05,1,32,1,0.1,lr5e-05_bs16_modL1_fusion32_fusionL1_drop0p1_trmiss50_trlocradio,5,0.6462127168973287,0.7296118140220642,0.47844827586206895,0.6557473471768713,0.4444444444444444,0.0,0.0,0.0,0.0,0.0,0.0,0.0,0.0,0.0,2002,radio,0.5
3,5,lr5e-05_bs16_modL1_fusion32_fusionL1_drop0p1_trmiss50_trlocradio,16,5e-05,1,32,1,0.1,lr5e-05_bs16_modL1_fusion32_fusionL1_drop0p1_trmiss50_trlocradio,6,0.6388502866029739,0.7190045515696207,0.5,0.677988772466894,0.4222222222222222,0.0,0.0,0.0,0.0,0.0,0.0,0.0,0.0,0.0,2002,radio,0.5
3,5,lr5e-05_bs16_modL1_fusion32_fusionL1_drop0p1_trmiss50_trlocradio,16,5e-05,1,32,1,0.1,lr5e-05_bs16_modL1_fusion32_fusionL1_drop0p1_trmiss50_trlocradio,7,0.6118136246999105,0.729229748249054,0.478448275862069,0.6733202091671863,0.4,0.0,0.0,0.0,0.0,0.0,0.0,0.0,0.0,0.0,2002,radio,0.5
3,5,lr5e-05_bs16_modL1_fusion32_fusionL1_drop0p1_trmiss50_trlocradio,16,5e-05,1,32,1,0.1,lr5e-05_bs16_modL1_fusion32_fusionL1_drop0p1_trmiss50_trlocradio,8,0.6183469717701277,0.7314597964286804,0.4892241379310345,0.6797344887381395,0.4444444444444444,0.0,0.0,0.0,0.0,0.0,0.0,0.0,0.0,0.0,2002,radio,0.5
3,5,lr5e-05_bs16_modL1_fusion32_fusionL1_drop0p1_trmiss50_trlocradio,16,5e-05,1,32,1,0.1,lr5e-05_bs16_modL1_fusion32_fusionL1_drop0p1_trmiss50_trlocradio,9,0.5868584414323171,0.721996029218038,0.5064655172413793,0.6878322004973758,0.4,0.0,0.0,0.0,0.0,0.0,0.0,0.0,0.0,0.0,2002,radio,0.5
3,5,lr5e-05_bs16_modL1_fusion32_fusionL1_drop0p1_trmiss50_trlocradio,16,5e-05,1,32,1,0.1,lr5e-05_bs16_modL1_fusion32_fusionL1_drop0p1_trmiss50_trlocradio,10,0.5941812743743261,0.7206768989562988,0.5172413793103449,0.6974422011894218,0.4222222222222222,0.0,0.0,0.0,0.0,0.0,0.0,0.0,0.0,0.0,2002,radio,0.5
3,5,lr5e-05_bs16_modL1_fusion32_fusionL1_drop0p1_trmiss50_trlocradio,16,5e-05,1,32,1,0.1,lr5e-05_bs16_modL1_fusion32_fusionL1_drop0p1_trmiss50_trlocradio,11,0.5767660786708196,0.7154648701349894,0.5280172413793104,0.7066308151447699,0.4,0.0,0.0,0.0,0.0,0.0,0.0,0.0,0.0,0.0,2002,radio,0.5
3,5,lr5e-05_bs16_modL1_fusion32_fusionL1_drop0p1_trmiss50_trlocradio,16,5e-05,1,32,1,0.1,lr5e-05_bs16_modL1_fusion32_fusionL1_drop0p1_trmiss50_trlocradio,12,0.5862385630607605,0.7113954822222391,0.5086206896551724,0.6913637918558232,0.4,0.0,0.0,0.0,0.0,0.0,0.0,0.0,0.0,0.0,2002,radio,0.5
3,5,lr5e-05_bs16_modL1_fusion32_fusionL1_drop0p1_trmiss50_trlocradio,16,5e-05,1,32,1,0.1,lr5e-05_bs16_modL1_fusion32_fusionL1_drop0p1_trmiss50_trlocradio,13,0.5777337849140167,0.7181765834490458,0.5237068965517241,0.7007461393171649,0.4444444444444444,0.0,0.0,0.0,0.0,0.0,0.0,0.0,0.0,0.0,2002,radio,0.5
3,5,lr5e-05_bs16_modL1_fusion32_fusionL1_drop0p1_trmiss50_trlocradio,16,5e-05,1,32,1,0.1,lr5e-05_bs16_modL1_fusion32_fusionL1_drop0p1_trmiss50_trlocradio,14,0.5733184268077215,0.7176554997762045,0.5431034482758621,0.7092988293287744,0.4444444444444444,0.0,0.0,0.0,0.0,0.0,0.0,0.0,0.0,0.0,2002,radio,0.5
3,5,lr5e-05_bs16_modL1_fusion32_fusionL1_drop0p1_trmiss50_trlocradio,16,5e-05,1,32,1,0.1,lr5e-05_bs16_modL1_fusion32_fusionL1_drop0p1_trmiss50_trlocradio,15,0.565402165055275,0.7089584867159525,0.5366379310344828,0.699260373906136,0.4888888888888889,0.0,0.0,0.0,0.0,0.0,0.0,0.0,0.0,0.0,2002,radio,0.5
3,5,lr5e-05_bs16_modL1_fusion32_fusionL1_drop0p1_trmiss50_trlocradio,16,5e-05,1,32,1,0.1,lr5e-05_bs16_modL1_fusion32_fusionL1_drop0p1_trmiss50_trlocradio,16,0.5554745197296143,0.7166691422462463,0.5366379310344828,0.7044430504250194,0.4666666666666667,0.0,0.0,0.0,0.0,0.0,0.0,0.0,0.0,0.0,2002,radio,0.5
3,5,lr5e-05_bs16_modL1_fusion32_fusionL1_drop0p1_trmiss50_trlocradio,16,5e-05,1,32,1,0.1,lr5e-05_bs16_modL1_fusion32_fusionL1_drop0p1_trmiss50_trlocradio,17,0.5622710709770521,0.7176357309023539,0.5452586206896552,0.7046632114096365,0.4888888888888889,0.0,0.0,0.0,0.0,0.0,0.0,0.0,0.0,0.0,2002,radio,0.5
3,5,lr5e-05_bs16_modL1_fusion32_fusionL1_drop0p1_trmiss50_trlocradio,16,5e-05,1,32,1,0.1,lr5e-05_bs16_modL1_fusion32_fusionL1_drop0p1_trmiss50_trlocradio,18,0.5684531331062317,0.7136832078297933,0.540948275862069,0.7012830918666169,0.4666666666666667,0.0,0.0,0.0,0.0,0.0,0.0,0.0,0.0,0.0,2002,radio,0.5
3,5,lr5e-05_bs16_modL1_fusion32_fusionL1_drop0p1_trmiss50_trlocradio,16,5e-05,1,32,1,0.1,lr5e-05_bs16_modL1_fusion32_fusionL1_drop0p1_trmiss50_trlocradio,19,0.5456464563806852,0.7150188088417053,0.5366379310344828,0.6986965979008126,0.4888888888888889,0.0,0.0,0.0,0.0,0.0,0.0,0.0,0.0,0.0,2002,radio,0.5
3,5,lr5e-05_bs16_modL1_fusion32_fusionL1_drop0p1_trmiss50_trlocradio,16,5e-05,1,32,1,0.1,lr5e-05_bs16_modL1_fusion32_fusionL1_drop0p1_trmiss50_trlocradio,20,0.5560035705566406,0.7220033407211304,0.5431034482758621,0.7031413390241,0.4888888888888889,0.0,0.0,0.0,0.0,0.0,0.0,0.0,0.0,0.0,2002,radio,0.5
3,5,lr5e-05_bs16_modL1_fusion32_fusionL1_drop0p1_trmiss50_trlocradio,16,5e-05,1,32,1,0.1,lr5e-05_bs16_modL1_fusion32_fusionL1_drop0p1_trmiss50_trlocradio,21,0.5567308341463407,0.7136411666870117,0.5409482758620691,0.7033339624925856,0.4888888888888889,0.0,0.0,0.0,0.0,0.0,0.0,0.0,0.0,0.0,2002,radio,0.5
3,5,lr5e-05_bs16_modL1_fusion32_fusionL1_drop0p1_trmiss50_trlocradio,16,5e-05,1,32,1,0.1,lr5e-05_bs16_modL1_fusion32_fusionL1_drop0p1_trmiss50_trlocradio,22,0.5578648522496223,0.7150524258613586,0.5452586206896551,0.7010028258320145,0.4888888888888889,0.0,0.0,0.0,0.0,0.0,0.0,0.0,0.0,0.0,2002,radio,0.5
3,5,lr5e-05_bs16_modL1_fusion32_fusionL1_drop0p1_trmiss50_trlocradio,16,5e-05,1,32,1,0.1,lr5e-05_bs16_modL1_fusion32_fusionL1_drop0p1_trmiss50_trlocradio,23,0.5261315777897835,0.7066677411397299,0.5344827586206897,0.7000526986965685,0.4666666666666667,0.0,0.0,0.0,0.0,0.0,0.0,0.0,0.0,0.0,2002,radio,0.5
3,5,lr5e-05_bs16_modL1_fusion32_fusionL1_drop0p1_trmiss50_trlocradio,16,5e-05,1,32,1,0.1,lr5e-05_bs16_modL1_fusion32_fusionL1_drop0p1_trmiss50_trlocradio,24,0.5722083250681559,0.7119582692782084,0.5301724137931034,0.6980777943342075,0.4444444444444444,0.0,0.0,0.0,0.0,0.0,0.0,0.0,0.0,0.0,2002,radio,0.5
3,5,lr5e-05_bs16_modL1_fusion32_fusionL1_drop0p1_trmiss50_trlocradio,16,5e-05,1,32,1,0.1,lr5e-05_bs16_modL1_fusion32_fusionL1_drop0p1_trmiss50_trlocradio,25,0.5408348391453425,0.7129745682080587,0.5387931034482759,0.7016019346897773,0.4888888888888889,0.0,0.0,0.0,0.0,0.0,0.0,0.0,0.0,0.0,2002,radio,0.5
3,5,lr5e-05_bs16_modL1_fusion32_fusionL1_drop0p1_trmiss50_trlocradio,16,5e-05,1,32,1,0.1,lr5e-05_bs16_modL1_fusion32_fusionL1_drop0p1_trmiss50_trlocradio,26,0.5253252014517784,0.7104612191518148,0.5646551724137931,0.7151215738613808,0.4888888888888889,0.0,0.0,0.0,0.0,0.0,0.0,0.0,0.0,0.0,2002,radio,0.5
3,5,lr5e-05_bs16_modL1_fusion32_fusionL1_drop0p1_trmiss50_trlocradio,16,5e-05,1,32,1,0.1,lr5e-05_bs16_modL1_fusion32_fusionL1_drop0p1_trmiss50_trlocradio,27,0.5358696083227793,0.7009764711062113,0.5538793103448276,0.7070984816830209,0.4888888888888889,0.0,0.0,0.0,0.0,0.0,0.0,0.0,0.0,0.0,2002,radio,0.5
3,5,lr5e-05_bs16_modL1_fusion32_fusionL1_drop0p1_trmiss50_trlocradio,16,5e-05,1,32,1,0.1,lr5e-05_bs16_modL1_fusion32_fusionL1_drop0p1_trmiss50_trlocradio,28,0.5223637844125429,0.7144195834795634,0.5431034482758621,0.7039520990107762,0.4666666666666667,0.0,0.0,0.0,0.0,0.0,0.0,0.0,0.0,0.0,2002,radio,0.5
3,5,lr5e-05_bs16_modL1_fusion32_fusionL1_drop0p1_trmiss50_trlocradio,16,5e-05,1,32,1,0.1,lr5e-05_bs16_modL1_fusion32_fusionL1_drop0p1_trmiss50_trlocradio,29,0.5435104916493098,0.7170962492624918,0.5560344827586207,0.7103231091424166,0.4666666666666667,0.0,0.0,0.0,0.0,0.0,0.0,0.0,0.0,0.0,2002,radio,0.5
3,5,lr5e-05_bs16_modL1_fusion32_fusionL1_drop0p1_trmiss50_trlocradio,16,5e-05,1,32,1,0.1,lr5e-05_bs16_modL1_fusion32_fusionL1_drop0p1_trmiss50_trlocradio,30,0.5281084726254145,0.7109051545461019,0.5581896551724138,0.7098531735418592,0.4888888888888889,0.0,0.0,0.0,0.0,0.0,0.0,0.0,0.0,0.0,2002,radio,0.5
3,5,lr5e-05_bs16_modL1_fusion32_fusionL1_drop0p1_trmiss50_trlocradio,16,5e-05,1,32,1,0.1,lr5e-05_bs16_modL1_fusion32_fusionL1_drop0p1_trmiss50_trlocradio,31,0.5365928212801615,0.7122777303059896,0.5431034482758621,0.7028622694346855,0.4666666666666667,0.0,0.0,0.0,0.0,0.0,0.0,0.0,0.0,0.0,2002,radio,0.5
3,5,lr5e-05_bs16_modL1_fusion32_fusionL1_drop0p1_trmiss50_trlocradio,16,5e-05,1,32,1,0.1,lr5e-05_bs16_modL1_fusion32_fusionL1_drop0p1_trmiss50_trlocradio,32,0.5335145816206932,0.7113287051518759,0.5452586206896551,0.7044190489874411,0.4888888888888889,0.0,0.0,0.0,0.0,0.0,0.0,0.0,0.0,0.0,2002,radio,0.5
3,5,lr5e-05_bs16_modL1_fusion32_fusionL1_drop0p1_trmiss50_trlocradio,16,5e-05,1,32,1,0.1,lr5e-05_bs16_modL1_fusion32_fusionL1_drop0p1_trmiss50_trlocradio,33,0.5272498478492101,0.710532546043396,0.5474137931034482,0.7048843339156416,0.4888888888888889,0.0,0.0,0.0,0.0,0.0,0.0,0.0,0.0,0.0,2002,radio,0.5
3,5,lr5e-05_bs16_modL1_fusion32_fusionL1_drop0p1_trmiss50_trlocradio,16,5e-05,1,32,1,0.1,lr5e-05_bs16_modL1_fusion32_fusionL1_drop0p1_trmiss50_trlocradio,34,0.5182319457332293,0.7137837211290995,0.5474137931034483,0.7054757073828091,0.4888888888888889,0.0,0.0,0.0,0.0,0.0,0.0,0.0,0.0,0.0,2002,radio,0.5
3,5,lr5e-05_bs16_modL1_fusion32_fusionL1_drop0p1_trmiss50_trlocradio,16,5e-05,1,32,1,0.1,lr5e-05_bs16_modL1_fusion32_fusionL1_drop0p1_trmiss50_trlocradio,35,0.534641370177269,0.7204462289810181,0.5495689655172413,0.7012514812813339,0.4888888888888889,0.0,0.0,0.0,0.0,0.0,0.0,0.0,0.0,0.0,2002,radio,0.5
3,5,lr5e-05_bs16_modL1_fusion32_fusionL1_drop0p1_trmiss50_trlocradio,16,5e-05,1,32,1,0.1,lr5e-05_bs16_modL1_fusion32_fusionL1_drop0p1_trmiss50_trlocradio,36,0.5268747607866923,0.7170199553171793,0.540948275862069,0.6988421344989909,0.4888888888888889,0.0,0.0,0.0,0.0,0.0,0.0,0.0,0.0,0.0,2002,radio,0.5
3,5,lr5e-05_bs16_modL1_fusion32_fusionL1_drop0p1_trmiss50_trlocradio,16,5e-05,1,32,1,0.1,lr5e-05_bs16_modL1_fusion32_fusionL1_drop0p1_trmiss50_trlocradio,37,0.539368619521459,0.7203683654467264,0.5366379310344828,0.699044249827881,0.4888888888888889,0.0,0.0,0.0,0.0,0.0,0.0,0.0,0.0,0.0,2002,radio,0.5
3,5,lr5e-05_bs16_modL1_fusion32_fusionL1_drop0p1_trmiss50_trlocradio,16,5e-05,1,32,1,0.1,lr5e-05_bs16_modL1_fusion32_fusionL1_drop0p1_trmiss50_trlocradio,38,0.5368914181987444,0.7142356038093567,0.5517241379310345,0.7094749016534971,0.4888888888888889,0.0,0.0,0.0,0.0,0.0,0.0,0.0,0.0,0.0,2002,radio,0.5
3,5,lr5e-05_bs16_modL1_fusion32_fusionL1_drop0p1_trmiss50_trlocradio,16,5e-05,1,32,1,0.1,lr5e-05_bs16_modL1_fusion32_fusionL1_drop0p1_trmiss50_trlocradio,39,0.5130660434563955,0.7122057477633158,0.5474137931034483,0.705648627097738,0.4444444444444444,0.0,0.0,0.0,0.0,0.0,0.0,0.0,0.0,0.0,2002,radio,0.5
3,5,lr5e-05_bs16_modL1_fusion32_fusionL1_drop0p1_trmiss50_trlocradio,16,5e-05,1,32,1,0.1,lr5e-05_bs16_modL1_fusion32_fusionL1_drop0p1_trmiss50_trlocradio,40,0.5345545411109924,0.7134665250778198,0.5603448275862069,0.7095219100754502,0.4888888888888889,0.0,0.0,0.0,0.0,0.0,0.0,0.0,0.0,0.0,2002,radio,0.5
3,5,lr5e-05_bs16_modL1_fusion32_fusionL1_drop0p1_trmiss50_trlocradio,16,5e-05,1,32,1,0.1,lr5e-05_bs16_modL1_fusion32_fusionL1_drop0p1_trmiss50_trlocradio,41,0.5437561720609665,0.7057724992434183,0.5495689655172413,0.7060698152219094,0.4888888888888889,0.0,0.0,0.0,0.0,0.0,0.0,0.0,0.0,0.0,2002,radio,0.5
3,5,lr5e-05_bs16_modL1_fusion32_fusionL1_drop0p1_trmiss50_trlocradio,16,5e-05,1,32,1,0.1,lr5e-05_bs16_modL1_fusion32_fusionL1_drop0p1_trmiss50_trlocradio,42,0.5447533925374349,0.7072633306185404,0.5452586206896552,0.7035526072048197,0.4888888888888889,0.0,0.0,0.0,0.0,0.0,0.0,0.0,0.0,0.0,2002,radio,0.5
3,5,lr5e-05_bs16_modL1_fusion32_fusionL1_drop0p1_trmiss50_trlocradio,16,5e-05,1,32,1,0.1,lr5e-05_bs16_modL1_fusion32_fusionL1_drop0p1_trmiss50_trlocradio,43,0.5227527767419815,0.7040186921755472,0.540948275862069,0.6989735785125262,0.4888888888888889,0.0,0.0,0.0,0.0,0.0,0.0,0.0,0.0,0.0,2002,radio,0.5
3,5,lr5e-05_bs16_modL1_fusion32_fusionL1_drop0p1_trmiss50_trlocradio,16,5e-05,1,32,1,0.1,lr5e-05_bs16_modL1_fusion32_fusionL1_drop0p1_trmiss50_trlocradio,44,0.54451501617829,0.7098414103190104,0.5474137931034483,0.709033642720616,0.4888888888888889,0.0,0.0,0.0,0.0,0.0,0.0,0.0,0.0,0.0,2002,radio,0.5
3,5,lr5e-05_bs16_modL1_fusion32_fusionL1_drop0p1_trmiss50_trlocradio,16,5e-05,1,32,1,0.1,lr5e-05_bs16_modL1_fusion32_fusionL1_drop0p1_trmiss50_trlocradio,45,0.5307191188136736,0.7112676103909811,0.5646551724137931,0.7109769373113581,0.4888888888888889,0.0,0.0,0.0,0.0,0.0,0.0,0.0,0.0,0.0,2002,radio,0.5
3,5,lr5e-05_bs16_modL1_fusion32_fusionL1_drop0p1_trmiss50_trlocradio,16,5e-05,1,32,1,0.1,lr5e-05_bs16_modL1_fusion32_fusionL1_drop0p1_trmiss50_trlocradio,46,0.5387333283821741,0.7170941630999247,0.5818965517241379,0.7229963185851208,0.5111111111111111,0.0,0.0,0.0,0.0,0.0,0.0,0.0,0.0,0.0,2002,radio,0.5
3,5,lr5e-05_bs16_modL1_fusion32_fusionL1_drop0p1_trmiss50_trlocradio,16,5e-05,1,32,1,0.1,lr5e-05_bs16_modL1_fusion32_fusionL1_drop0p1_trmiss50_trlocradio,47,0.519267275929451,0.7113860646883646,0.540948275862069,0.6994676776622714,0.4888888888888889,0.0,0.0,0.0,0.0,0.0,0.0,0.0,0.0,0.0,2002,radio,0.5
3,5,lr5e-05_bs16_modL1_fusion32_fusionL1_drop0p1_trmiss50_trlocradio,16,5e-05,1,32,1,0.1,lr5e-05_bs16_modL1_fusion32_fusionL1_drop0p1_trmiss50_trlocradio,48,0.5281120215853056,0.7142070531845093,0.540948275862069,0.7001695358823713,0.4666666666666667,0.0,0.0,0.0,0.0,0.0,0.0,0.0,0.0,0.0,2002,radio,0.5
3,5,lr5e-05_bs16_modL1_fusion32_fusionL1_drop0p1_trmiss50_trlocradio,16,5e-05,1,32,1,0.1,lr5e-05_bs16_modL1_fusion32_fusionL1_drop0p1_trmiss50_trlocradio,49,0.5358611444632212,0.7060699661572775,0.5603448275862069,0.7109784452550241,0.4888888888888889,0.0,0.0,0.0,0.0,0.0,0.0,0.0,0.0,0.0,2002,radio,0.5
3,5,lr5e-05_bs16_modL1_fusion32_fusionL1_drop0p1_trmiss50_trlocradio,16,5e-05,1,32,1,0.1,lr5e-05_bs16_modL1_fusion32_fusionL1_drop0p1_trmiss50_trlocradio,50,0.5289342577258745,0.7134191989898682,0.5323275862068965,0.6977538786539994,0.4888888888888889,0.0,0.0,0.0,0.0,0.0,0.0,0.0,0.0,0.0,2002,radio,0.5
3,5,lr5e-05_bs16_modL1_fusion32_fusionL1_drop0p1_trmiss50_trlocradio,16,5e-05,1,32,1,0.1,lr5e-05_bs16_modL1_fusion32_fusionL1_drop0p1_trmiss50_trlocradio,51,0.530782143274943,0.7148769895235697,0.5538793103448276,0.7072920844682904,0.4888888888888889,0.0,0.0,0.0,0.0,0.0,0.0,0.0,0.0,0.0,2002,radio,0.5
3,5,lr5e-05_bs16_modL1_fusion32_fusionL1_drop0p1_trmiss50_trlocradio,16,5e-05,1,32,1,0.1,lr5e-05_bs16_modL1_fusion32_fusionL1_drop0p1_trmiss50_trlocradio,52,0.5331636394063631,0.7129819591840109,0.5517241379310345,0.7072047893658817,0.4888888888888889,0.0,0.0,0.0,0.0,0.0,0.0,0.0,0.0,0.0,2002,radio,0.5
3,5,lr5e-05_bs16_modL1_fusion32_fusionL1_drop0p1_trmiss50_trlocradio,16,5e-05,1,32,1,0.1,lr5e-05_bs16_modL1_fusion32_fusionL1_drop0p1_trmiss50_trlocradio,53,0.5320674826701483,0.7088286081949869,0.5387931034482758,0.7017262421650459,0.5111111111111111,0.0,0.0,0.0,0.0,0.0,0.0,0.0,0.0,0.0,2002,radio,0.5
3,5,lr5e-05_bs16_modL1_fusion32_fusionL1_drop0p1_trmiss50_trlocradio,16,5e-05,1,32,1,0.1,lr5e-05_bs16_modL1_fusion32_fusionL1_drop0p1_trmiss50_trlocradio,54,0.539431261519591,0.7144046624501547,0.5474137931034482,0.6989330504136482,0.4888888888888889,0.0,0.0,0.0,0.0,0.0,0.0,0.0,0.0,0.0,2002,radio,0.5
3,5,lr5e-05_bs16_modL1_fusion32_fusionL1_drop0p1_trmiss50_trlocradio,16,5e-05,1,32,1,0.1,lr5e-05_bs16_modL1_fusion32_fusionL1_drop0p1_trmiss50_trlocradio,55,0.52674633761247,0.716931422551473,0.5603448275862069,0.7122901274767043,0.4444444444444444,0.0,0.0,0.0,0.0,0.0,0.0,0.0,0.0,0.0,2002,radio,0.5
3,5,lr5e-05_bs16_modL1_fusion32_fusionL1_drop0p1_trmiss50_trlocradio,16,5e-05,1,32,1,0.1,lr5e-05_bs16_modL1_fusion32_fusionL1_drop0p1_trmiss50_trlocradio,56,0.5116479471325874,0.7139166394869486,0.5495689655172413,0.7062197402593906,0.4666666666666667,0.0,0.0,0.0,0.0,0.0,0.0,0.0,0.0,0.0,2002,radio,0.5
3,5,lr5e-05_bs16_modL1_fusion32_fusionL1_drop0p1_trmiss50_trlocradio,16,5e-05,1,32,1,0.1,lr5e-05_bs16_modL1_fusion32_fusionL1_drop0p1_trmiss50_trlocradio,57,0.5219838346044222,0.7061592141787211,0.5581896551724138,0.7144930629203469,0.5333333333333333,0.0,0.0,0.0,0.0,0.0,0.0,0.0,0.0,0.0,2002,radio,0.5
3,5,lr5e-05_bs16_modL1_fusion32_fusionL1_drop0p1_trmiss50_trlocradio,16,5e-05,1,32,1,0.1,lr5e-05_bs16_modL1_fusion32_fusionL1_drop0p1_trmiss50_trlocradio,58,0.5270438517133395,0.7106414437294006,0.5581896551724137,0.7094920650151268,0.4888888888888889,0.0,0.0,0.0,0.0,0.0,0.0,0.0,0.0,0.0,2002,radio,0.5
3,5,lr5e-05_bs16_modL1_fusion32_fusionL1_drop0p1_trmiss50_trlocradio,16,5e-05,1,32,1,0.1,lr5e-05_bs16_modL1_fusion32_fusionL1_drop0p1_trmiss50_trlocradio,59,0.5417162105441093,0.7042989333470663,0.5603448275862069,0.7103228456265318,0.4888888888888889,0.0,0.0,0.0,0.0,0.0,0.0,0.0,0.0,0.0,2002,radio,0.5
3,5,lr5e-05_bs16_modL1_fusion32_fusionL1_drop0p1_trmiss50_trlocradio,16,5e-05,1,32,1,0.1,lr5e-05_bs16_modL1_fusion32_fusionL1_drop0p1_trmiss50_trlocradio,60,0.5454162706931432,0.7154497106870016,0.5689655172413793,0.7167787580952847,0.4666666666666667,0.0,0.0,0.0,0.0,0.0,0.0,0.0,0.0,0.0,2002,radio,0.5
3,5,lr5e-05_bs16_modL1_fusion32_fusionL1_drop0p1_trmiss50_trlocradio,16,5e-05,1,32,1,0.1,lr5e-05_bs16_modL1_fusion32_fusionL1_drop0p1_trmiss50_trlocradio,61,0.5108285322785378,0.7167954842249552,0.5366379310344828,0.7003164031779815,0.4666666666666667,0.0,0.0,0.0,0.0,0.0,0.0,0.0,0.0,0.0,2002,radio,0.5
3,5,lr5e-05_bs16_modL1_fusion32_fusionL1_drop0p1_trmiss50_trlocradio,16,5e-05,1,32,1,0.1,lr5e-05_bs16_modL1_fusion32_fusionL1_drop0p1_trmiss50_trlocradio,62,0.5284693961342176,0.7160137891769409,0.5366379310344828,0.6998162694374828,0.4888888888888889,0.0,0.0,0.0,0.0,0.0,0.0,0.0,0.0,0.0,2002,radio,0.5
3,5,lr5e-05_bs16_modL1_fusion32_fusionL1_drop0p1_trmiss50_trlocradio,16,5e-05,1,32,1,0.1,lr5e-05_bs16_modL1_fusion32_fusionL1_drop0p1_trmiss50_trlocradio,63,0.5116140767931938,0.7104098598162333,0.5366379310344828,0.6982151909259979,0.4888888888888889,0.0,0.0,0.0,0.0,0.0,0.0,0.0,0.0,0.0,2002,radio,0.5
3,5,lr5e-05_bs16_modL1_fusion32_fusionL1_drop0p1_trmiss50_trlocradio,16,5e-05,1,32,1,0.1,lr5e-05_bs16_modL1_fusion32_fusionL1_drop0p1_trmiss50_trlocradio,64,0.546776071190834,0.7173248330752054,0.5387931034482759,0.6995350892807872,0.4666666666666667,0.0,0.0,0.0,0.0,0.0,0.0,0.0,0.0,0.0,2002,radio,0.5
3,5,lr5e-05_bs16_modL1_fusion32_fusionL1_drop0p1_trmiss50_trlocradio,16,5e-05,1,32,1,0.1,lr5e-05_bs16_modL1_fusion32_fusionL1_drop0p1_trmiss50_trlocradio,65,0.5355495264132818,0.7183578213055929,0.5387931034482758,0.6996257237967789,0.4888888888888889,0.0,0.0,0.0,0.0,0.0,0.0,0.0,0.0,0.0,2002,radio,0.5
3,5,lr5e-05_bs16_modL1_fusion32_fusionL1_drop0p1_trmiss50_trlocradio,16,5e-05,1,32,1,0.1,lr5e-05_bs16_modL1_fusion32_fusionL1_drop0p1_trmiss50_trlocradio,66,0.536329651872317,0.717320958773295,0.5495689655172413,0.7073802261230276,0.4888888888888889,0.0,0.0,0.0,0.0,0.0,0.0,0.0,0.0,0.0,2002,radio,0.5
3,5,lr5e-05_bs16_modL1_fusion64_fusionL1_drop0p2_trmiss50_trlocradio,16,5e-05,1,64,1,0.2,lr5e-05_bs16_modL1_fusion64_fusionL1_drop0p2_trmiss50_trlocradio,1,0.6706542273362478,0.6728864709536234,0.5474137931034483,0.687349038286127,0.7111111111111111,0.0,0.0,0.0,0.0,0.0,0.0,0.0,0.0,0.0,2002,radio,0.5
3,5,lr5e-05_bs16_modL1_fusion64_fusionL1_drop0p2_trmiss50_trlocradio,16,5e-05,1,64,1,0.2,lr5e-05_bs16_modL1_fusion64_fusionL1_drop0p2_trmiss50_trlocradio,2,0.6407935867706934,0.6592892408370972,0.5969827586206897,0.7020035599992526,0.7111111111111111,0.0,0.0,0.0,0.0,0.0,0.0,0.0,0.0,0.0,2002,radio,0.5
3,5,lr5e-05_bs16_modL1_fusion64_fusionL1_drop0p2_trmiss50_trlocradio,16,5e-05,1,64,1,0.2,lr5e-05_bs16_modL1_fusion64_fusionL1_drop0p2_trmiss50_trlocradio,3,0.6227178573608398,0.6562706629435221,0.6228448275862069,0.7021262067401912,0.7333333333333333,0.0,0.0,0.0,0.0,0.0,0.0,0.0,0.0,0.0,2002,radio,0.5
3,5,lr5e-05_bs16_modL1_fusion64_fusionL1_drop0p2_trmiss50_trlocradio,16,5e-05,1,64,1,0.2,lr5e-05_bs16_modL1_fusion64_fusionL1_drop0p2_trmiss50_trlocradio,4,0.6342535813649496,0.6562779943148295,0.5926724137931034,0.6877987627164558,0.6888888888888889,0.0,0.0,0.0,0.0,0.0,0.0,0.0,0.0,0.0,2002,radio,0.5
3,5,lr5e-05_bs16_modL1_fusion64_fusionL1_drop0p2_trmiss50_trlocradio,16,5e-05,1,64,1,0.2,lr5e-05_bs16_modL1_fusion64_fusionL1_drop0p2_trmiss50_trlocradio,5,0.6185850650072098,0.6541613141695658,0.6163793103448276,0.7025781728320193,0.7333333333333333,0.0,0.0,0.0,0.0,0.0,0.0,0.0,0.0,0.0,2002,radio,0.5
3,5,lr5e-05_bs16_modL1_fusion64_fusionL1_drop0p2_trmiss50_trlocradio,16,5e-05,1,64,1,0.2,lr5e-05_bs16_modL1_fusion64_fusionL1_drop0p2_trmiss50_trlocradio,6,0.5947127590576807,0.6549495855967203,0.5905172413793103,0.6966949295124909,0.7111111111111111,0.0,0.0,0.0,0.0,0.0,0.0,0.0,0.0,0.0,2002,radio,0.5
3,5,lr5e-05_bs16_modL1_fusion64_fusionL1_drop0p2_trmiss50_trlocradio,16,5e-05,1,64,1,0.2,lr5e-05_bs16_modL1_fusion64_fusionL1_drop0p2_trmiss50_trlocradio,7,0.5950753937164942,0.6552609403928121,0.5926724137931035,0.6973348367209887,0.7111111111111111,0.0,0.0,0.0,0.0,0.0,0.0,0.0,0.0,0.0,2002,radio,0.5
3,5,lr5e-05_bs16_modL1_fusion64_fusionL1_drop0p2_trmiss50_trlocradio,16,5e-05,1,64,1,0.2,lr5e-05_bs16_modL1_fusion64_fusionL1_drop0p2_trmiss50_trlocradio,8,0.5824240619937578,0.6521515250205994,0.6012931034482759,0.7023835859670646,0.6888888888888889,0.0,0.0,0.0,0.0,0.0,0.0,0.0,0.0,0.0,2002,radio,0.5
3,5,lr5e-05_bs16_modL1_fusion64_fusionL1_drop0p2_trmiss50_trlocradio,16,5e-05,1,64,1,0.2,lr5e-05_bs16_modL1_fusion64_fusionL1_drop0p2_trmiss50_trlocradio,9,0.5864297598600388,0.6547803282737732,0.6012931034482758,0.6981833310858527,0.7111111111111111,0.0,0.0,0.0,0.0,0.0,0.0,0.0,0.0,0.0,2002,radio,0.5
3,5,lr5e-05_bs16_modL1_fusion64_fusionL1_drop0p2_trmiss50_trlocradio,16,5e-05,1,64,1,0.2,lr5e-05_bs16_modL1_fusion64_fusionL1_drop0p2_trmiss50_trlocradio,10,0.5590514043966929,0.6628402670224508,0.5646551724137931,0.6734407786768684,0.6666666666666666,0.0,0.0,0.0,0.0,0.0,0.0,0.0,0.0,0.0,2002,radio,0.5
3,5,lr5e-05_bs16_modL1_fusion64_fusionL1_drop0p2_trmiss50_trlocradio,16,5e-05,1,64,1,0.2,lr5e-05_bs16_modL1_fusion64_fusionL1_drop0p2_trmiss50_trlocradio,11,0.5842248598734537,0.659412165482839,0.5625,0.6844958708675225,0.6444444444444445,0.0,0.0,0.0,0.0,0.0,0.0,0.0,0.0,0.0,2002,radio,0.5
3,5,lr5e-05_bs16_modL1_fusion64_fusionL1_drop0p2_trmiss50_trlocradio,16,5e-05,1,64,1,0.2,lr5e-05_bs16_modL1_fusion64_fusionL1_drop0p2_trmiss50_trlocradio,12,0.5419965783754984,0.6560456951459249,0.5625,0.7150466257025413,0.6444444444444445,0.0,0.0,0.0,0.0,0.0,0.0,0.0,0.0,0.0,2002,radio,0.5
3,5,lr5e-05_bs16_modL1_fusion64_fusionL1_drop0p2_trmiss50_trlocradio,16,5e-05,1,64,1,0.2,lr5e-05_bs16_modL1_fusion64_fusionL1_drop0p2_trmiss50_trlocradio,13,0.5419921055436134,0.6515332460403442,0.603448275862069,0.7287200622025438,0.6666666666666666,0.0,0.0,0.0,0.0,0.0,0.0,0.0,0.0,0.0,2002,radio,0.5
3,5,lr5e-05_bs16_modL1_fusion64_fusionL1_drop0p2_trmiss50_trlocradio,16,5e-05,1,64,1,0.2,lr5e-05_bs16_modL1_fusion64_fusionL1_drop0p2_trmiss50_trlocradio,14,0.5564512759447098,0.6456486384073893,0.6142241379310345,0.7562004145243716,0.6666666666666666,0.0,0.0,0.0,0.0,0.0,0.0,0.0,0.0,0.0,2002,radio,0.5
3,5,lr5e-05_bs16_modL1_fusion64_fusionL1_drop0p2_trmiss50_trlocradio,16,5e-05,1,64,1,0.2,lr5e-05_bs16_modL1_fusion64_fusionL1_drop0p2_trmiss50_trlocradio,15,0.5395245601733526,0.6412463784217834,0.6336206896551724,0.7475959231787567,0.7111111111111111,0.0,0.0,0.0,0.0,0.0,0.0,0.0,0.0,0.0,2002,radio,0.5
3,5,lr5e-05_bs16_modL1_fusion64_fusionL1_drop0p2_trmiss50_trlocradio,16,5e-05,1,64,1,0.2,lr5e-05_bs16_modL1_fusion64_fusionL1_drop0p2_trmiss50_trlocradio,16,0.5382081071535746,0.6347216963768005,0.6551724137931034,0.7639205589723435,0.6888888888888889,0.0,0.0,0.0,0.0,0.0,0.0,0.0,0.0,0.0,2002,radio,0.5
3,5,lr5e-05_bs16_modL1_fusion64_fusionL1_drop0p2_trmiss50_trlocradio,16,5e-05,1,64,1,0.2,lr5e-05_bs16_modL1_fusion64_fusionL1_drop0p2_trmiss50_trlocradio,17,0.5194960484902064,0.6332700252532959,0.6551724137931034,0.7637612608021854,0.7111111111111111,0.0,0.0,0.0,0.0,0.0,0.0,0.0,0.0,0.0,2002,radio,0.5
3,5,lr5e-05_bs16_modL1_fusion64_fusionL1_drop0p2_trmiss50_trlocradio,16,5e-05,1,64,1,0.2,lr5e-05_bs16_modL1_fusion64_fusionL1_drop0p2_trmiss50_trlocradio,18,0.5158494810263315,0.6416150331497192,0.6336206896551724,0.7376547770137561,0.7111111111111111,0.0,0.0,0.0,0.0,0.0,0.0,0.0,0.0,0.0,2002,radio,0.5
3,5,lr5e-05_bs16_modL1_fusion64_fusionL1_drop0p2_trmiss50_trlocradio,16,5e-05,1,64,1,0.2,lr5e-05_bs16_modL1_fusion64_fusionL1_drop0p2_trmiss50_trlocradio,19,0.5138360410928726,0.6434215505917867,0.622844827586207,0.7363354559939007,0.6444444444444445,0.0,0.0,0.0,0.0,0.0,0.0,0.0,0.0,0.0,2002,radio,0.5
3,5,lr5e-05_bs16_modL1_fusion64_fusionL1_drop0p2_trmiss50_trlocradio,16,5e-05,1,64,1,0.2,lr5e-05_bs16_modL1_fusion64_fusionL1_drop0p2_trmiss50_trlocradio,20,0.49922776967287064,0.6466853618621826,0.6120689655172413,0.7168048300430931,0.6222222222222222,0.0,0.0,0.0,0.0,0.0,0.0,0.0,0.0,0.0,2002,radio,0.5
3,5,lr5e-05_bs16_modL1_fusion64_fusionL1_drop0p2_trmiss50_trlocradio,16,5e-05,1,64,1,0.2,lr5e-05_bs16_modL1_fusion64_fusionL1_drop0p2_trmiss50_trlocradio,21,0.5231850370764732,0.6450918515523275,0.6056034482758621,0.7195038124715224,0.6444444444444445,0.0,0.0,0.0,0.0,0.0,0.0,0.0,0.0,0.0,2002,radio,0.5
3,5,lr5e-05_bs16_modL1_fusion64_fusionL1_drop0p2_trmiss50_trlocradio,16,5e-05,1,64,1,0.2,lr5e-05_bs16_modL1_fusion64_fusionL1_drop0p2_trmiss50_trlocradio,22,0.5059999525547028,0.6448215842247009,0.6206896551724138,0.7324426727955939,0.6666666666666666,0.0,0.0,0.0,0.0,0.0,0.0,0.0,0.0,0.0,2002,radio,0.5
3,5,lr5e-05_bs16_modL1_fusion64_fusionL1_drop0p2_trmiss50_trlocradio,16,5e-05,1,64,1,0.2,lr5e-05_bs16_modL1_fusion64_fusionL1_drop0p2_trmiss50_trlocradio,23,0.48896067092816037,0.6437207460403442,0.6142241379310345,0.7363528771833637,0.6444444444444445,0.0,0.0,0.0,0.0,0.0,0.0,0.0,0.0,0.0,2002,radio,0.5
3,5,lr5e-05_bs16_modL1_fusion64_fusionL1_drop0p2_trmiss50_trlocradio,16,5e-05,1,64,1,0.2,lr5e-05_bs16_modL1_fusion64_fusionL1_drop0p2_trmiss50_trlocradio,24,0.4686703433593114,0.6476123332977295,0.6077586206896552,0.7367169599410336,0.6444444444444445,0.0,0.0,0.0,0.0,0.0,0.0,0.0,0.0,0.0,2002,radio,0.5
3,5,lr5e-05_bs16_modL1_fusion64_fusionL1_drop0p2_trmiss50_trlocradio,16,5e-05,1,64,1,0.2,lr5e-05_bs16_modL1_fusion64_fusionL1_drop0p2_trmiss50_trlocradio,25,0.47881508618593216,0.6462263862291971,0.6077586206896551,0.7379658748759835,0.6222222222222222,0.0,0.0,0.0,0.0,0.0,0.0,0.0,0.0,0.0,2002,radio,0.5
3,5,lr5e-05_bs16_modL1_fusion64_fusionL1_drop0p2_trmiss50_trlocradio,16,5e-05,1,64,1,0.2,lr5e-05_bs16_modL1_fusion64_fusionL1_drop0p2_trmiss50_trlocradio,26,0.4628933196266492,0.6471511920293173,0.6228448275862069,0.751299360555001,0.6666666666666666,0.0,0.0,0.0,0.0,0.0,0.0,0.0,0.0,0.0,2002,radio,0.5
3,5,lr5e-05_bs16_modL1_fusion64_fusionL1_drop0p2_trmiss50_trlocradio,16,5e-05,1,64,1,0.2,lr5e-05_bs16_modL1_fusion64_fusionL1_drop0p2_trmiss50_trlocradio,27,0.47724779943625134,0.6430135369300842,0.6163793103448275,0.737985539932335,0.6444444444444445,0.0,0.0,0.0,0.0,0.0,0.0,0.0,0.0,0.0,2002,radio,0.5
3,5,lr5e-05_bs16_modL1_fusion64_fusionL1_drop0p2_trmiss50_trlocradio,16,5e-05,1,64,1,0.2,lr5e-05_bs16_modL1_fusion64_fusionL1_drop0p2_trmiss50_trlocradio,28,0.4650130147735278,0.6443882783253988,0.6142241379310345,0.7377345587190774,0.6444444444444445,0.0,0.0,0.0,0.0,0.0,0.0,0.0,0.0,0.0,2002,radio,0.5
3,5,lr5e-05_bs16_modL1_fusion64_fusionL1_drop0p2_trmiss50_trlocradio,16,5e-05,1,64,1,0.2,lr5e-05_bs16_modL1_fusion64_fusionL1_drop0p2_trmiss50_trlocradio,29,0.4572032441695531,0.641297459602356,0.6400862068965516,0.7595762832185572,0.6444444444444445,0.0,0.0,0.0,0.0,0.0,0.0,0.0,0.0,0.0,2002,radio,0.5
3,5,lr5e-05_bs16_modL1_fusion64_fusionL1_drop0p2_trmiss50_trlocradio,16,5e-05,1,64,1,0.2,lr5e-05_bs16_modL1_fusion64_fusionL1_drop0p2_trmiss50_trlocradio,30,0.4817953829964002,0.6371092398961385,0.6508620689655172,0.7654630246174109,0.6888888888888889,0.0,0.0,0.0,0.0,0.0,0.0,0.0,0.0,0.0,2002,radio,0.5
3,5,lr5e-05_bs16_modL1_fusion64_fusionL1_drop0p2_trmiss50_trlocradio,16,5e-05,1,64,1,0.2,lr5e-05_bs16_modL1_fusion64_fusionL1_drop0p2_trmiss50_trlocradio,31,0.468316987156868,0.6344311237335205,0.6400862068965517,0.7540120922181274,0.6444444444444445,0.0,0.0,0.0,0.0,0.0,0.0,0.0,0.0,0.0,2002,radio,0.5
3,5,lr5e-05_bs16_modL1_fusion64_fusionL1_drop0p2_trmiss50_trlocradio,16,5e-05,1,64,1,0.2,lr5e-05_bs16_modL1_fusion64_fusionL1_drop0p2_trmiss50_trlocradio,32,0.49558426191409427,0.6349475383758545,0.6357758620689655,0.7600574857705614,0.6444444444444445,0.0,0.0,0.0,0.0,0.0,0.0,0.0,0.0,0.0,2002,radio,0.5
3,5,lr5e-05_bs16_modL1_fusion64_fusionL1_drop0p2_trmiss50_trlocradio,16,5e-05,1,64,1,0.2,lr5e-05_bs16_modL1_fusion64_fusionL1_drop0p2_trmiss50_trlocradio,33,0.45154643555482227,0.639069398244222,0.6379310344827586,0.7624559766152789,0.6666666666666666,0.0,0.0,0.0,0.0,0.0,0.0,0.0,0.0,0.0,2002,radio,0.5
3,5,lr5e-05_bs16_modL1_fusion64_fusionL1_drop0p2_trmiss50_trlocradio,16,5e-05,1,64,1,0.2,lr5e-05_bs16_modL1_fusion64_fusionL1_drop0p2_trmiss50_trlocradio,34,0.4682537391781807,0.6376228729883829,0.6443965517241379,0.766322783501474,0.6444444444444445,0.0,0.0,0.0,0.0,0.0,0.0,0.0,0.0,0.0,2002,radio,0.5
3,5,lr5e-05_bs16_modL1_fusion64_fusionL1_drop0p2_trmiss50_trlocradio,16,5e-05,1,64,1,0.2,lr5e-05_bs16_modL1_fusion64_fusionL1_drop0p2_trmiss50_trlocradio,35,0.44326435029506683,0.6400097012519836,0.6400862068965517,0.7552448097830186,0.6444444444444445,0.0,0.0,0.0,0.0,0.0,0.0,0.0,0.0,0.0,2002,radio,0.5
3,5,lr5e-05_bs16_modL1_fusion64_fusionL1_drop0p2_trmiss50_trlocradio,16,5e-05,1,64,1,0.2,lr5e-05_bs16_modL1_fusion64_fusionL1_drop0p2_trmiss50_trlocradio,36,0.4640013501048088,0.6441348592440287,0.6228448275862069,0.7385747359707581,0.6444444444444445,0.0,0.0,0.0,0.0,0.0,0.0,0.0,0.0,0.0,2002,radio,0.5
3,5,lr5e-05_bs16_modL1_fusion64_fusionL1_drop0p2_trmiss50_trlocradio,16,5e-05,1,64,1,0.2,lr5e-05_bs16_modL1_fusion64_fusionL1_drop0p2_trmiss50_trlocradio,37,0.4775939881801605,0.6423975427945455,0.6336206896551724,0.7500032584569168,0.6444444444444445,0.0,0.0,0.0,0.0,0.0,0.0,0.0,0.0,0.0,2002,radio,0.5
3,5,lr5e-05_bs16_modL1_fusion64_fusionL1_drop0p1_trmiss50_trlocradio,16,5e-05,1,64,1,0.1,lr5e-05_bs16_modL1_fusion64_fusionL1_drop0p1_trmiss50_trlocradio,1,0.7041123857100805,0.6734074155489603,0.6508620689655171,0.7849373144127192,0.6666666666666666,0.0,0.0,0.0,0.0,0.0,0.0,0.0,0.0,0.0,2002,radio,0.5
3,5,lr5e-05_bs16_modL1_fusion64_fusionL1_drop0p1_trmiss50_trlocradio,16,5e-05,1,64,1,0.1,lr5e-05_bs16_modL1_fusion64_fusionL1_drop0p1_trmiss50_trlocradio,2,0.6677865236997604,0.6603045066197714,0.6573275862068966,0.793404899742552,0.6888888888888889,0.0,0.0,0.0,0.0,0.0,0.0,0.0,0.0,0.0,2002,radio,0.5
3,5,lr5e-05_bs16_modL1_fusion64_fusionL1_drop0p1_trmiss50_trlocradio,16,5e-05,1,64,1,0.1,lr5e-05_bs16_modL1_fusion64_fusionL1_drop0p1_trmiss50_trlocradio,3,0.6579089860121409,0.649691085020701,0.6853448275862069,0.8164180402714145,0.6888888888888889,0.0,0.0,0.0,0.0,0.0,0.0,0.0,0.0,0.0,2002,radio,0.5
3,5,lr5e-05_bs16_modL1_fusion64_fusionL1_drop0p1_trmiss50_trlocradio,16,5e-05,1,64,1,0.1,lr5e-05_bs16_modL1_fusion64_fusionL1_drop0p1_trmiss50_trlocradio,4,0.6055879940589269,0.6531907916069031,0.6594827586206895,0.8103407242798635,0.6222222222222222,0.0,0.0,0.0,0.0,0.0,0.0,0.0,0.0,0.0,2002,radio,0.5
3,5,lr5e-05_bs16_modL1_fusion64_fusionL1_drop0p1_trmiss50_trlocradio,16,5e-05,1,64,1,0.1,lr5e-05_bs16_modL1_fusion64_fusionL1_drop0p1_trmiss50_trlocradio,5,0.6054022759199142,0.6552643775939941,0.6702586206896551,0.8097110881211664,0.6222222222222222,0.0,0.0,0.0,0.0,0.0,0.0,0.0,0.0,0.0,2002,radio,0.5
3,5,lr5e-05_bs16_modL1_fusion64_fusionL1_drop0p1_trmiss50_trlocradio,16,5e-05,1,64,1,0.1,lr5e-05_bs16_modL1_fusion64_fusionL1_drop0p1_trmiss50_trlocradio,6,0.5864625995357832,0.6463159322738647,0.6745689655172414,0.8086121894821092,0.6222222222222222,0.0,0.0,0.0,0.0,0.0,0.0,0.0,0.0,0.0,2002,radio,0.5
3,5,lr5e-05_bs16_modL1_fusion64_fusionL1_drop0p1_trmiss50_trlocradio,16,5e-05,1,64,1,0.1,lr5e-05_bs16_modL1_fusion64_fusionL1_drop0p1_trmiss50_trlocradio,7,0.5789494663476944,0.6443508664766947,0.6788793103448276,0.8058373481451417,0.6444444444444445,0.0,0.0,0.0,0.0,0.0,0.0,0.0,0.0,0.0,2002,radio,0.5
3,5,lr5e-05_bs16_modL1_fusion64_fusionL1_drop0p1_trmiss50_trlocradio,16,5e-05,1,64,1,0.1,lr5e-05_bs16_modL1_fusion64_fusionL1_drop0p1_trmiss50_trlocradio,8,0.5577398190895716,0.6493545770645142,0.6745689655172414,0.8081929957327785,0.6666666666666666,0.0,0.0,0.0,0.0,0.0,0.0,0.0,0.0,0.0,2002,radio,0.5
3,5,lr5e-05_bs16_modL1_fusion64_fusionL1_drop0p1_trmiss50_trlocradio,16,5e-05,1,64,1,0.1,lr5e-05_bs16_modL1_fusion64_fusionL1_drop0p1_trmiss50_trlocradio,9,0.5665992399056753,0.6413471301396688,0.689655172413793,0.8095726899113314,0.6444444444444445,0.0,0.0,0.0,0.0,0.0,0.0,0.0,0.0,0.0,2002,radio,0.5
3,5,lr5e-05_bs16_modL1_fusion64_fusionL1_drop0p1_trmiss50_trlocradio,16,5e-05,1,64,1,0.1,lr5e-05_bs16_modL1_fusion64_fusionL1_drop0p1_trmiss50_trlocradio,10,0.5484460343917211,0.6466085116068522,0.6681034482758621,0.7975743090070087,0.6444444444444445,0.0,0.0,0.0,0.0,0.0,0.0,0.0,0.0,0.0,2002,radio,0.5
3,5,lr5e-05_bs16_modL1_fusion64_fusionL1_drop0p1_trmiss50_trlocradio,16,5e-05,1,64,1,0.1,lr5e-05_bs16_modL1_fusion64_fusionL1_drop0p1_trmiss50_trlocradio,11,0.5546789839863777,0.6527191996574402,0.6551724137931034,0.7772508473328948,0.6666666666666666,0.0,0.0,0.0,0.0,0.0,0.0,0.0,0.0,0.0,2002,radio,0.5
3,5,lr5e-05_bs16_modL1_fusion64_fusionL1_drop0p1_trmiss50_trlocradio,16,5e-05,1,64,1,0.1,lr5e-05_bs16_modL1_fusion64_fusionL1_drop0p1_trmiss50_trlocradio,12,0.5130286316076914,0.6472215056419373,0.6616379310344828,0.7815722185450689,0.6666666666666666,0.0,0.0,0.0,0.0,0.0,0.0,0.0,0.0,0.0,2002,radio,0.5
3,5,lr5e-05_bs16_modL1_fusion64_fusionL1_drop0p1_trmiss50_trlocradio,16,5e-05,1,64,1,0.1,lr5e-05_bs16_modL1_fusion64_fusionL1_drop0p1_trmiss50_trlocradio,13,0.5055512314041456,0.64787624279658,0.646551724137931,0.7802061685981494,0.6444444444444445,0.0,0.0,0.0,0.0,0.0,0.0,0.0,0.0,0.0,2002,radio,0.5
3,5,lr5e-05_bs16_modL1_fusion64_fusionL1_drop0p1_trmiss50_trlocradio,16,5e-05,1,64,1,0.1,lr5e-05_bs16_modL1_fusion64_fusionL1_drop0p1_trmiss50_trlocradio,14,0.49853061387936276,0.6443545619646708,0.6788793103448276,0.8081497119083103,0.6666666666666666,0.0,0.0,0.0,0.0,0.0,0.0,0.0,0.0,0.0,2002,radio,0.5
3,5,lr5e-05_bs16_modL1_fusion64_fusionL1_drop0p1_trmiss50_trlocradio,16,5e-05,1,64,1,0.1,lr5e-05_bs16_modL1_fusion64_fusionL1_drop0p1_trmiss50_trlocradio,15,0.49366845190525055,0.6412081917126974,0.6918103448275862,0.8122723207859093,0.6888888888888889,0.0,0.0,0.0,0.0,0.0,0.0,0.0,0.0,0.0,2002,radio,0.5
3,5,lr5e-05_bs16_modL1_fusion64_fusionL1_drop0p1_trmiss50_trlocradio,16,5e-05,1,64,1,0.1,lr5e-05_bs16_modL1_fusion64_fusionL1_drop0p1_trmiss50_trlocradio,16,0.4679100091258685,0.6391467650731405,0.7047413793103449,0.8199938025580062,0.7111111111111111,0.0,0.0,0.0,0.0,0.0,0.0,0.0,0.0,0.0,2002,radio,0.5
3,5,lr5e-05_bs16_modL1_fusion64_fusionL1_drop0p1_trmiss50_trlocradio,16,5e-05,1,64,1,0.1,lr5e-05_bs16_modL1_fusion64_fusionL1_drop0p1_trmiss50_trlocradio,17,0.47996196150779724,0.6377553939819336,0.6939655172413792,0.8069583247754504,0.7111111111111111,0.0,0.0,0.0,0.0,0.0,0.0,0.0,0.0,0.0,2002,radio,0.5
3,5,lr5e-05_bs16_modL1_fusion64_fusionL1_drop0p1_trmiss50_trlocradio,16,5e-05,1,64,1,0.1,lr5e-05_bs16_modL1_fusion64_fusionL1_drop0p1_trmiss50_trlocradio,18,0.4725390349825223,0.633816123008728,0.7112068965517241,0.8093993722421445,0.7111111111111111,0.0,0.0,0.0,0.0,0.0,0.0,0.0,0.0,0.0,2002,radio,0.5
3,5,lr5e-05_bs16_modL1_fusion64_fusionL1_drop0p1_trmiss50_trlocradio,16,5e-05,1,64,1,0.1,lr5e-05_bs16_modL1_fusion64_fusionL1_drop0p1_trmiss50_trlocradio,19,0.45099929720163345,0.6307003100713094,0.7068965517241379,0.8047367887904611,0.7111111111111111,0.0,0.0,0.0,0.0,0.0,0.0,0.0,0.0,0.0,2002,radio,0.5
3,5,lr5e-05_bs16_modL1_fusion64_fusionL1_drop0p1_trmiss50_trlocradio,16,5e-05,1,64,1,0.1,lr5e-05_bs16_modL1_fusion64_fusionL1_drop0p1_trmiss50_trlocradio,20,0.443136398990949,0.6326200167338053,0.6982758620689655,0.810211258504357,0.6888888888888889,0.0,0.0,0.0,0.0,0.0,0.0,0.0,0.0,0.0,2002,radio,0.5
3,5,lr5e-05_bs16_modL1_fusion64_fusionL1_drop0p1_trmiss50_trlocradio,16,5e-05,1,64,1,0.1,lr5e-05_bs16_modL1_fusion64_fusionL1_drop0p1_trmiss50_trlocradio,21,0.4448813796043396,0.6311795512835184,0.6939655172413793,0.8023984404034845,0.7333333333333333,0.0,0.0,0.0,0.0,0.0,0.0,0.0,0.0,0.0,2002,radio,0.5
3,5,lr5e-05_bs16_modL1_fusion64_fusionL1_drop0p1_trmiss50_trlocradio,16,5e-05,1,64,1,0.1,lr5e-05_bs16_modL1_fusion64_fusionL1_drop0p1_trmiss50_trlocradio,22,0.41442972669998807,0.6279438734054565,0.6875000000000001,0.7999106600890191,0.7333333333333333,0.0,0.0,0.0,0.0,0.0,0.0,0.0,0.0,0.0,2002,radio,0.5
3,5,lr5e-05_bs16_modL1_fusion64_fusionL1_drop0p1_trmiss50_trlocradio,16,5e-05,1,64,1,0.1,lr5e-05_bs16_modL1_fusion64_fusionL1_drop0p1_trmiss50_trlocradio,23,0.4323299278815587,0.6247832576433817,0.6767241379310345,0.7737296679343396,0.7111111111111111,0.0,0.0,0.0,0.0,0.0,0.0,0.0,0.0,0.0,2002,radio,0.5
3,5,lr5e-05_bs16_modL1_fusion64_fusionL1_drop0p1_trmiss50_trlocradio,16,5e-05,1,64,1,0.1,lr5e-05_bs16_modL1_fusion64_fusionL1_drop0p1_trmiss50_trlocradio,24,0.44007037331660587,0.6305408875147501,0.6767241379310345,0.7717027934262058,0.7111111111111111,0.0,0.0,0.0,0.0,0.0,0.0,0.0,0.0,0.0,2002,radio,0.5
3,5,lr5e-05_bs16_modL1_fusion64_fusionL1_drop0p1_trmiss50_trlocradio,16,5e-05,1,64,1,0.1,lr5e-05_bs16_modL1_fusion64_fusionL1_drop0p1_trmiss50_trlocradio,25,0.41744297246138257,0.6244957645734152,0.6767241379310345,0.7890941528053947,0.6888888888888889,0.0,0.0,0.0,0.0,0.0,0.0,0.0,0.0,0.0,2002,radio,0.5
3,5,lr5e-05_bs16_modL1_fusion64_fusionL1_drop0p1_trmiss50_trlocradio,16,5e-05,1,64,1,0.1,lr5e-05_bs16_modL1_fusion64_fusionL1_drop0p1_trmiss50_trlocradio,26,0.4253622169295947,0.6186213890711466,0.7025862068965518,0.8251394317784884,0.6888888888888889,0.0,0.0,0.0,0.0,0.0,0.0,0.0,0.0,0.0,2002,radio,0.5
3,5,lr5e-05_bs16_modL1_fusion64_fusionL1_drop0p1_trmiss50_trlocradio,16,5e-05,1,64,1,0.1,lr5e-05_bs16_modL1_fusion64_fusionL1_drop0p1_trmiss50_trlocradio,27,0.4259528915087382,0.6191514134407043,0.7025862068965516,0.8252340458445648,0.7111111111111111,0.0,0.0,0.0,0.0,0.0,0.0,0.0,0.0,0.0,2002,radio,0.5
3,5,lr5e-05_bs16_modL1_fusion64_fusionL1_drop0p1_trmiss50_trlocradio,16,5e-05,1,64,1,0.1,lr5e-05_bs16_modL1_fusion64_fusionL1_drop0p1_trmiss50_trlocradio,28,0.3825983504454295,0.6052027146021525,0.709051724137931,0.8285508502595469,0.7333333333333333,0.0,0.0,0.0,0.0,0.0,0.0,0.0,0.0,0.0,2002,radio,0.5
3,5,lr5e-05_bs16_modL1_fusion64_fusionL1_drop0p1_trmiss50_trlocradio,16,5e-05,1,64,1,0.1,lr5e-05_bs16_modL1_fusion64_fusionL1_drop0p1_trmiss50_trlocradio,29,0.37193551411231357,0.6150072614351908,0.6896551724137931,0.8125718267842716,0.6666666666666666,0.0,0.0,0.0,0.0,0.0,0.0,0.0,0.0,0.0,2002,radio,0.5
3,5,lr5e-05_bs16_modL1_fusion64_fusionL1_drop0p1_trmiss50_trlocradio,16,5e-05,1,64,1,0.1,lr5e-05_bs16_modL1_fusion64_fusionL1_drop0p1_trmiss50_trlocradio,30,0.3761711244781812,0.609842320283254,0.6896551724137931,0.8035941727313782,0.6888888888888889,0.0,0.0,0.0,0.0,0.0,0.0,0.0,0.0,0.0,2002,radio,0.5
3,5,lr5e-05_bs16_modL1_fusion64_fusionL1_drop0p1_trmiss50_trlocradio,16,5e-05,1,64,1,0.1,lr5e-05_bs16_modL1_fusion64_fusionL1_drop0p1_trmiss50_trlocradio,31,0.3501773650447528,0.609748383363088,0.6961206896551724,0.8204477086377051,0.6888888888888889,0.0,0.0,0.0,0.0,0.0,0.0,0.0,0.0,0.0,2002,radio,0.5
3,5,lr5e-05_bs16_modL1_fusion64_fusionL1_drop0p1_trmiss50_trlocradio,16,5e-05,1,64,1,0.1,lr5e-05_bs16_modL1_fusion64_fusionL1_drop0p1_trmiss50_trlocradio,32,0.33878402411937714,0.605460007985433,0.6982758620689655,0.8203177079026134,0.6666666666666666,0.0,0.0,0.0,0.0,0.0,0.0,0.0,0.0,0.0,2002,radio,0.5
3,5,lr5e-05_bs16_modL1_fusion64_fusionL1_drop0p1_trmiss50_trlocradio,16,5e-05,1,64,1,0.1,lr5e-05_bs16_modL1_fusion64_fusionL1_drop0p1_trmiss50_trlocradio,33,0.3635074545939763,0.602789044380188,0.7068965517241379,0.8315886085505997,0.6888888888888889,0.0,0.0,0.0,0.0,0.0,0.0,0.0,0.0,0.0,2002,radio,0.5
3,5,lr5e-05_bs16_modL1_fusion64_fusionL1_drop0p1_trmiss50_trlocradio,16,5e-05,1,64,1,0.1,lr5e-05_bs16_modL1_fusion64_fusionL1_drop0p1_trmiss50_trlocradio,34,0.3562208041548729,0.6002222100893656,0.7155172413793103,0.8309415560193714,0.7111111111111111,0.0,0.0,0.0,0.0,0.0,0.0,0.0,0.0,0.0,2002,radio,0.5
3,5,lr5e-05_bs16_modL1_fusion64_fusionL1_drop0p1_trmiss50_trlocradio,16,5e-05,1,64,1,0.1,lr5e-05_bs16_modL1_fusion64_fusionL1_drop0p1_trmiss50_trlocradio,35,0.34136686474084854,0.6064525047938029,0.7068965517241379,0.8167138934085303,0.7555555555555555,0.0,0.0,0.0,0.0,0.0,0.0,0.0,0.0,0.0,2002,radio,0.5
3,5,lr5e-05_bs16_modL1_fusion64_fusionL1_drop0p1_trmiss50_trlocradio,16,5e-05,1,64,1,0.1,lr5e-05_bs16_modL1_fusion64_fusionL1_drop0p1_trmiss50_trlocradio,36,0.3594227929910024,0.6128889719645182,0.6939655172413792,0.8066250978088295,0.7333333333333333,0.0,0.0,0.0,0.0,0.0,0.0,0.0,0.0,0.0,2002,radio,0.5
3,5,lr5e-05_bs16_modL1_fusion64_fusionL1_drop0p1_trmiss50_trlocradio,16,5e-05,1,64,1,0.1,lr5e-05_bs16_modL1_fusion64_fusionL1_drop0p1_trmiss50_trlocradio,37,0.3221667806307475,0.6114883025487264,0.6961206896551724,0.8224587560441907,0.6666666666666666,0.0,0.0,0.0,0.0,0.0,0.0,0.0,0.0,0.0,2002,radio,0.5
3,5,lr5e-05_bs16_modL1_fusion64_fusionL1_drop0p1_trmiss50_trlocradio,16,5e-05,1,64,1,0.1,lr5e-05_bs16_modL1_fusion64_fusionL1_drop0p1_trmiss50_trlocradio,38,0.33060208956400555,0.6085823575655619,0.6810344827586207,0.8076036837826057,0.6444444444444445,0.0,0.0,0.0,0.0,0.0,0.0,0.0,0.0,0.0,2002,radio,0.5
3,5,lr5e-05_bs16_modL1_fusion64_fusionL1_drop0p1_trmiss50_trlocradio,16,5e-05,1,64,1,0.1,lr5e-05_bs16_modL1_fusion64_fusionL1_drop0p1_trmiss50_trlocradio,39,0.31575698653856915,0.6019551555315653,0.6961206896551724,0.8184477155812353,0.6666666666666666,0.0,0.0,0.0,0.0,0.0,0.0,0.0,0.0,0.0,2002,radio,0.5
3,5,lr5e-05_bs16_modL1_fusion64_fusionL1_drop0p1_trmiss50_trlocradio,16,5e-05,1,64,1,0.1,lr5e-05_bs16_modL1_fusion64_fusionL1_drop0p1_trmiss50_trlocradio,40,0.31282368550697964,0.5992554028828939,0.7133620689655171,0.8357813131997502,0.6888888888888889,0.0,0.0,0.0,0.0,0.0,0.0,0.0,0.0,0.0,2002,radio,0.5
3,5,lr5e-05_bs16_modL1_fusion64_fusionL1_drop0p1_trmiss50_trlocradio,16,5e-05,1,64,1,0.1,lr5e-05_bs16_modL1_fusion64_fusionL1_drop0p1_trmiss50_trlocradio,41,0.3024169107278188,0.6020395159721375,0.6982758620689654,0.8201159927209889,0.6444444444444445,0.0,0.0,0.0,0.0,0.0,0.0,0.0,0.0,0.0,2002,radio,0.5
3,5,lr5e-05_bs16_modL1_fusion64_fusionL1_drop0p1_trmiss50_trlocradio,16,5e-05,1,64,1,0.1,lr5e-05_bs16_modL1_fusion64_fusionL1_drop0p1_trmiss50_trlocradio,42,0.32056904832522076,0.6002731919288635,0.709051724137931,0.8340224581701041,0.6444444444444445,0.0,0.0,0.0,0.0,0.0,0.0,0.0,0.0,0.0,2002,radio,0.5
3,5,lr5e-05_bs16_modL1_fusion64_fusionL1_drop0p1_trmiss50_trlocradio,16,5e-05,1,64,1,0.1,lr5e-05_bs16_modL1_fusion64_fusionL1_drop0p1_trmiss50_trlocradio,43,0.3110426341493924,0.6070207357406616,0.6939655172413792,0.8205946841185978,0.7111111111111111,0.0,0.0,0.0,0.0,0.0,0.0,0.0,0.0,0.0,2002,radio,0.5
3,5,lr5e-05_bs16_modL1_fusion64_fusionL1_drop0p1_trmiss50_trlocradio,16,5e-05,1,64,1,0.1,lr5e-05_bs16_modL1_fusion64_fusionL1_drop0p1_trmiss50_trlocradio,44,0.2972091535727183,0.6006408929824829,0.6982758620689655,0.8234409061307864,0.7111111111111111,0.0,0.0,0.0,0.0,0.0,0.0,0.0,0.0,0.0,2002,radio,0.5
3,5,lr5e-05_bs16_modL1_fusion64_fusionL1_drop0p1_trmiss50_trlocradio,16,5e-05,1,64,1,0.1,lr5e-05_bs16_modL1_fusion64_fusionL1_drop0p1_trmiss50_trlocradio,45,0.2878171031673749,0.6056776444117228,0.7025862068965517,0.8176913950124156,0.6888888888888889,0.0,0.0,0.0,0.0,0.0,0.0,0.0,0.0,0.0,2002,radio,0.5
3,5,lr5e-05_bs16_modL1_fusion64_fusionL1_drop0p1_trmiss50_trlocradio,16,5e-05,1,64,1,0.1,lr5e-05_bs16_modL1_fusion64_fusionL1_drop0p1_trmiss50_trlocradio,46,0.30104350050290424,0.6082949638366699,0.6982758620689655,0.8165402591562227,0.6888888888888889,0.0,0.0,0.0,0.0,0.0,0.0,0.0,0.0,0.0,2002,radio,0.5
3,5,lr5e-05_bs16_modL1_fusion64_fusionL1_drop0p1_trmiss50_trlocradio,16,5e-05,1,64,1,0.1,lr5e-05_bs16_modL1_fusion64_fusionL1_drop0p1_trmiss50_trlocradio,47,0.2564638207356135,0.6012151638666788,0.6896551724137931,0.8135263190733173,0.6666666666666666,0.0,0.0,0.0,0.0,0.0,0.0,0.0,0.0,0.0,2002,radio,0.5
3,5,lr5e-05_bs16_modL1_fusion64_fusionL1_drop0p1_trmiss50_trlocradio,16,5e-05,1,64,1,0.1,lr5e-05_bs16_modL1_fusion64_fusionL1_drop0p1_trmiss50_trlocradio,48,0.29057560364405316,0.6030718485514323,0.6982758620689655,0.8224399269155591,0.7333333333333333,0.0,0.0,0.0,0.0,0.0,0.0,0.0,0.0,0.0,2002,radio,0.5
3,5,lr5e-05_bs16_modL1_fusion64_fusionL1_drop0p1_trmiss50_trlocradio,16,5e-05,1,64,1,0.1,lr5e-05_bs16_modL1_fusion64_fusionL1_drop0p1_trmiss50_trlocradio,49,0.2634207618733247,0.6021033525466919,0.6896551724137931,0.8135234164842078,0.7111111111111111,0.0,0.0,0.0,0.0,0.0,0.0,0.0,0.0,0.0,2002,radio,0.5
3,5,lr5e-05_bs16_modL1_fusion64_fusionL1_drop0p1_trmiss50_trlocradio,16,5e-05,1,64,1,0.1,lr5e-05_bs16_modL1_fusion64_fusionL1_drop0p1_trmiss50_trlocradio,50,0.2764638016621272,0.6095696489016215,0.6939655172413794,0.8102717894193865,0.7333333333333333,0.0,0.0,0.0,0.0,0.0,0.0,0.0,0.0,0.0,2002,radio,0.5
3,5,lr5e-05_bs16_modL1_fusion64_fusionL1_drop0p1_trmiss50_trlocradio,16,5e-05,1,64,1,0.1,lr5e-05_bs16_modL1_fusion64_fusionL1_drop0p1_trmiss50_trlocradio,51,0.2941518574953079,0.6078876256942749,0.685344827586207,0.7978950794455022,0.6888888888888889,0.0,0.0,0.0,0.0,0.0,0.0,0.0,0.0,0.0,2002,radio,0.5
3,5,lr5e-05_bs16_modL1_fusion64_fusionL1_drop0p1_trmiss50_trlocradio,16,5e-05,1,64,1,0.1,lr5e-05_bs16_modL1_fusion64_fusionL1_drop0p1_trmiss50_trlocradio,52,0.2606142424046993,0.6090969244639078,0.6939655172413793,0.7961294183804637,0.7111111111111111,0.0,0.0,0.0,0.0,0.0,0.0,0.0,0.0,0.0,2002,radio,0.5
3,5,lr5e-05_bs16_modL1_fusion64_fusionL1_drop0p1_trmiss50_trlocradio,16,5e-05,1,64,1,0.1,lr5e-05_bs16_modL1_fusion64_fusionL1_drop0p1_trmiss50_trlocradio,53,0.2524482111136119,0.6102049946784973,0.6961206896551724,0.8173600655253825,0.7111111111111111,0.0,0.0,0.0,0.0,0.0,0.0,0.0,0.0,0.0,2002,radio,0.5
3,5,lr5e-05_bs16_modL1_fusion64_fusionL1_drop0p1_trmiss50_trlocradio,16,5e-05,1,64,1,0.1,lr5e-05_bs16_modL1_fusion64_fusionL1_drop0p1_trmiss50_trlocradio,54,0.27268826713164646,0.608108123143514,0.689655172413793,0.8132374441911083,0.6444444444444445,0.0,0.0,0.0,0.0,0.0,0.0,0.0,0.0,0.0,2002,radio,0.5
3,5,lr1e-04_bs16_modL1_fusion32_fusionL1_drop0p2_trmiss50_trlocradio,16,0.0001,1,32,1,0.2,lr1e-04_bs16_modL1_fusion32_fusionL1_drop0p2_trmiss50_trlocradio,1,0.7110189646482468,0.7149233023325602,0.4375,0.6129597574568717,0.4,0.0,0.0,0.0,0.0,0.0,0.0,0.0,0.0,0.0,2002,radio,0.5
3,5,lr1e-04_bs16_modL1_fusion32_fusionL1_drop0p2_trmiss50_trlocradio,16,0.0001,1,32,1,0.2,lr1e-04_bs16_modL1_fusion32_fusionL1_drop0p2_trmiss50_trlocradio,2,0.6744060516357422,0.7207257350285848,0.4698275862068966,0.6257270270878075,0.4666666666666667,0.0,0.0,0.0,0.0,0.0,0.0,0.0,0.0,0.0,2002,radio,0.5
3,5,lr1e-04_bs16_modL1_fusion32_fusionL1_drop0p2_trmiss50_trlocradio,16,0.0001,1,32,1,0.2,lr1e-04_bs16_modL1_fusion32_fusionL1_drop0p2_trmiss50_trlocradio,3,0.6607549438873926,0.7292294104894003,0.44396551724137934,0.6222427401806502,0.4444444444444444,0.0,0.0,0.0,0.0,0.0,0.0,0.0,0.0,0.0,2002,radio,0.5
3,5,lr1e-04_bs16_modL1_fusion32_fusionL1_drop0p2_trmiss50_trlocradio,16,0.0001,1,32,1,0.2,lr1e-04_bs16_modL1_fusion32_fusionL1_drop0p2_trmiss50_trlocradio,4,0.6552540957927704,0.7291098038355509,0.45689655172413796,0.6541593001696175,0.4222222222222222,0.0,0.0,0.0,0.0,0.0,0.0,0.0,0.0,0.0,2002,radio,0.5
3,5,lr1e-04_bs16_modL1_fusion32_fusionL1_drop0p2_trmiss50_trlocradio,16,0.0001,1,32,1,0.2,lr1e-04_bs16_modL1_fusion32_fusionL1_drop0p2_trmiss50_trlocradio,5,0.6334467083215714,0.7190561294555664,0.47629310344827586,0.6525443139704964,0.4888888888888889,0.0,0.0,0.0,0.0,0.0,0.0,0.0,0.0,0.0,2002,radio,0.5
3,5,lr1e-04_bs16_modL1_fusion32_fusionL1_drop0p2_trmiss50_trlocradio,16,0.0001,1,32,1,0.2,lr1e-04_bs16_modL1_fusion32_fusionL1_drop0p2_trmiss50_trlocradio,6,0.6198317756255468,0.721837043762207,0.4870689655172414,0.6574993837202125,0.4444444444444444,0.0,0.0,0.0,0.0,0.0,0.0,0.0,0.0,0.0,2002,radio,0.5
3,5,lr1e-04_bs16_modL1_fusion32_fusionL1_drop0p2_trmiss50_trlocradio,16,0.0001,1,32,1,0.2,lr1e-04_bs16_modL1_fusion32_fusionL1_drop0p2_trmiss50_trlocradio,7,0.6295562585194906,0.7217458685239156,0.4978448275862069,0.667212327067813,0.4444444444444444,0.0,0.0,0.0,0.0,0.0,0.0,0.0,0.0,0.0,2002,radio,0.5
3,5,lr1e-04_bs16_modL1_fusion32_fusionL1_drop0p2_trmiss50_trlocradio,16,0.0001,1,32,1,0.2,lr1e-04_bs16_modL1_fusion32_fusionL1_drop0p2_trmiss50_trlocradio,8,0.5938548569877943,0.7198379834493002,0.4892241379310345,0.6622547864662239,0.4444444444444444,0.0,0.0,0.0,0.0,0.0,0.0,0.0,0.0,0.0,2002,radio,0.5
3,5,lr1e-04_bs16_modL1_fusion32_fusionL1_drop0p2_trmiss50_trlocradio,16,0.0001,1,32,1,0.2,lr1e-04_bs16_modL1_fusion32_fusionL1_drop0p2_trmiss50_trlocradio,9,0.6017322192589442,0.7103440562884012,0.502155172413793,0.6848102672956009,0.4444444444444444,0.0,0.0,0.0,0.0,0.0,0.0,0.0,0.0,0.0,2002,radio,0.5
3,5,lr1e-04_bs16_modL1_fusion32_fusionL1_drop0p2_trmiss50_trlocradio,16,0.0001,1,32,1,0.2,lr1e-04_bs16_modL1_fusion32_fusionL1_drop0p2_trmiss50_trlocradio,10,0.5938220471143723,0.7175663113594055,0.478448275862069,0.6746631288126048,0.37777777777777777,0.0,0.0,0.0,0.0,0.0,0.0,0.0,0.0,0.0,2002,radio,0.5
3,5,lr1e-04_bs16_modL1_fusion32_fusionL1_drop0p2_trmiss50_trlocradio,16,0.0001,1,32,1,0.2,lr1e-04_bs16_modL1_fusion32_fusionL1_drop0p2_trmiss50_trlocradio,11,0.6015471567710241,0.7121476133664449,0.5193965517241379,0.7028547066804035,0.4222222222222222,0.0,0.0,0.0,0.0,0.0,0.0,0.0,0.0,0.0,2002,radio,0.5
3,5,lr1e-04_bs16_modL1_fusion32_fusionL1_drop0p2_trmiss50_trlocradio,16,0.0001,1,32,1,0.2,lr1e-04_bs16_modL1_fusion32_fusionL1_drop0p2_trmiss50_trlocradio,12,0.6018796960512797,0.7128104567527771,0.5193965517241379,0.7071514065783827,0.4,0.0,0.0,0.0,0.0,0.0,0.0,0.0,0.0,0.0,2002,radio,0.5
3,5,lr1e-04_bs16_modL1_fusion32_fusionL1_drop0p2_trmiss50_trlocradio,16,0.0001,1,32,1,0.2,lr1e-04_bs16_modL1_fusion32_fusionL1_drop0p2_trmiss50_trlocradio,13,0.5705916931231817,0.7006971637407938,0.5150862068965517,0.7113987212330828,0.5555555555555556,0.0,0.0,0.0,0.0,0.0,0.0,0.0,0.0,0.0,2002,radio,0.5
3,5,lr1e-04_bs16_modL1_fusion32_fusionL1_drop0p2_trmiss50_trlocradio,16,0.0001,1,32,1,0.2,lr1e-04_bs16_modL1_fusion32_fusionL1_drop0p2_trmiss50_trlocradio,14,0.5757511307795843,0.7111254731814066,0.521551724137931,0.7213662887113333,0.4666666666666667,0.0,0.0,0.0,0.0,0.0,0.0,0.0,0.0,0.0,2002,radio,0.5
3,5,lr1e-04_bs16_modL1_fusion32_fusionL1_drop0p2_trmiss50_trlocradio,16,0.0001,1,32,1,0.2,lr1e-04_bs16_modL1_fusion32_fusionL1_drop0p2_trmiss50_trlocradio,15,0.5519375105698904,0.704386035601298,0.5280172413793104,0.7176700781218501,0.5111111111111111,0.0,0.0,0.0,0.0,0.0,0.0,0.0,0.0,0.0,2002,radio,0.5
3,5,lr1e-04_bs16_modL1_fusion32_fusionL1_drop0p2_trmiss50_trlocradio,16,0.0001,1,32,1,0.2,lr1e-04_bs16_modL1_fusion32_fusionL1_drop0p2_trmiss50_trlocradio,16,0.5772688935200373,0.716204841931661,0.5172413793103449,0.7277066588501102,0.5111111111111111,0.0,0.0,0.0,0.0,0.0,0.0,0.0,0.0,0.0,2002,radio,0.5
3,5,lr1e-04_bs16_modL1_fusion32_fusionL1_drop0p2_trmiss50_trlocradio,16,0.0001,1,32,1,0.2,lr1e-04_bs16_modL1_fusion32_fusionL1_drop0p2_trmiss50_trlocradio,17,0.5819592028856277,0.7157025535901388,0.5021551724137931,0.7151671631863024,0.5333333333333333,0.0,0.0,0.0,0.0,0.0,0.0,0.0,0.0,0.0,2002,radio,0.5
3,5,lr1e-04_bs16_modL1_fusion32_fusionL1_drop0p2_trmiss50_trlocradio,16,0.0001,1,32,1,0.2,lr1e-04_bs16_modL1_fusion32_fusionL1_drop0p2_trmiss50_trlocradio,18,0.5257967635989189,0.705529510974884,0.5366379310344828,0.7175573244010514,0.5555555555555556,0.0,0.0,0.0,0.0,0.0,0.0,0.0,0.0,0.0,2002,radio,0.5
3,5,lr1e-04_bs16_modL1_fusion32_fusionL1_drop0p2_trmiss50_trlocradio,16,0.0001,1,32,1,0.2,lr1e-04_bs16_modL1_fusion32_fusionL1_drop0p2_trmiss50_trlocradio,19,0.5617323120435079,0.7013656298319498,0.5237068965517241,0.7158361852671795,0.5333333333333333,0.0,0.0,0.0,0.0,0.0,0.0,0.0,0.0,0.0,2002,radio,0.5
3,5,lr1e-04_bs16_modL1_fusion32_fusionL1_drop0p2_trmiss50_trlocradio,16,0.0001,1,32,1,0.2,lr1e-04_bs16_modL1_fusion32_fusionL1_drop0p2_trmiss50_trlocradio,20,0.5414306422074636,0.6987093091011047,0.5366379310344828,0.7184156711461679,0.5555555555555556,0.0,0.0,0.0,0.0,0.0,0.0,0.0,0.0,0.0,2002,radio,0.5
3,5,lr1e-04_bs16_modL1_fusion32_fusionL1_drop0p2_trmiss50_trlocradio,16,0.0001,1,32,1,0.2,lr1e-04_bs16_modL1_fusion32_fusionL1_drop0p2_trmiss50_trlocradio,21,0.5410676499207815,0.6992656389872233,0.5301724137931034,0.724656930752986,0.5333333333333333,0.0,0.0,0.0,0.0,0.0,0.0,0.0,0.0,0.0,2002,radio,0.5
3,5,lr1e-04_bs16_modL1_fusion32_fusionL1_drop0p2_trmiss50_trlocradio,16,0.0001,1,32,1,0.2,lr1e-04_bs16_modL1_fusion32_fusionL1_drop0p2_trmiss50_trlocradio,22,0.5341637755433718,0.6952599088350931,0.5517241379310345,0.7360840620004656,0.5555555555555556,0.0,0.0,0.0,0.0,0.0,0.0,0.0,0.0,0.0,2002,radio,0.5
3,5,lr1e-04_bs16_modL1_fusion32_fusionL1_drop0p2_trmiss50_trlocradio,16,0.0001,1,32,1,0.2,lr1e-04_bs16_modL1_fusion32_fusionL1_drop0p2_trmiss50_trlocradio,23,0.5338938360412916,0.7022039691607157,0.540948275862069,0.7335744089013678,0.5333333333333333,0.0,0.0,0.0,0.0,0.0,0.0,0.0,0.0,0.0,2002,radio,0.5
3,5,lr1e-04_bs16_modL1_fusion32_fusionL1_drop0p2_trmiss50_trlocradio,16,0.0001,1,32,1,0.2,lr1e-04_bs16_modL1_fusion32_fusionL1_drop0p2_trmiss50_trlocradio,24,0.5440496280789375,0.7004958987236023,0.5366379310344828,0.7287783143628694,0.5333333333333333,0.0,0.0,0.0,0.0,0.0,0.0,0.0,0.0,0.0,2002,radio,0.5
3,5,lr1e-04_bs16_modL1_fusion32_fusionL1_drop0p2_trmiss50_trlocradio,16,0.0001,1,32,1,0.2,lr1e-04_bs16_modL1_fusion32_fusionL1_drop0p2_trmiss50_trlocradio,25,0.5279758820931116,0.6937988797823588,0.5474137931034483,0.7291623237123959,0.5555555555555556,0.0,0.0,0.0,0.0,0.0,0.0,0.0,0.0,0.0,2002,radio,0.5
3,5,lr1e-04_bs16_modL1_fusion32_fusionL1_drop0p2_trmiss50_trlocradio,16,0.0001,1,32,1,0.2,lr1e-04_bs16_modL1_fusion32_fusionL1_drop0p2_trmiss50_trlocradio,26,0.5236348311106364,0.7018594741821289,0.5474137931034483,0.7307654695079193,0.5333333333333333,0.0,0.0,0.0,0.0,0.0,0.0,0.0,0.0,0.0,2002,radio,0.5
3,5,lr1e-04_bs16_modL1_fusion32_fusionL1_drop0p2_trmiss50_trlocradio,16,0.0001,1,32,1,0.2,lr1e-04_bs16_modL1_fusion32_fusionL1_drop0p2_trmiss50_trlocradio,27,0.5254528870185217,0.6988509297370911,0.5431034482758621,0.7257474057520286,0.5555555555555556,0.0,0.0,0.0,0.0,0.0,0.0,0.0,0.0,0.0,2002,radio,0.5
3,5,lr1e-04_bs16_modL1_fusion32_fusionL1_drop0p2_trmiss50_trlocradio,16,0.0001,1,32,1,0.2,lr1e-04_bs16_modL1_fusion32_fusionL1_drop0p2_trmiss50_trlocradio,28,0.5286541357636452,0.6963309248288473,0.5668103448275863,0.7476716116775657,0.5555555555555556,0.0,0.0,0.0,0.0,0.0,0.0,0.0,0.0,0.0,2002,radio,0.5
3,5,lr1e-04_bs16_modL1_fusion32_fusionL1_drop0p2_trmiss50_trlocradio,16,0.0001,1,32,1,0.2,lr1e-04_bs16_modL1_fusion32_fusionL1_drop0p2_trmiss50_trlocradio,29,0.5398672247926394,0.7081594069798788,0.5495689655172413,0.7412137227778715,0.5111111111111111,0.0,0.0,0.0,0.0,0.0,0.0,0.0,0.0,0.0,2002,radio,0.5
3,5,lr1e-04_bs16_modL1_fusion32_fusionL1_drop0p2_trmiss50_trlocradio,16,0.0001,1,32,1,0.2,lr1e-04_bs16_modL1_fusion32_fusionL1_drop0p2_trmiss50_trlocradio,30,0.5108681693673134,0.692120631535848,0.540948275862069,0.7287510395766483,0.5777777777777777,0.0,0.0,0.0,0.0,0.0,0.0,0.0,0.0,0.0,2002,radio,0.5
3,5,lr1e-04_bs16_modL1_fusion32_fusionL1_drop0p2_trmiss50_trlocradio,16,0.0001,1,32,1,0.2,lr1e-04_bs16_modL1_fusion32_fusionL1_drop0p2_trmiss50_trlocradio,31,0.5243841384847959,0.6949736078580221,0.5754310344827587,0.7476119672559518,0.5555555555555556,0.0,0.0,0.0,0.0,0.0,0.0,0.0,0.0,0.0,2002,radio,0.5
3,5,lr1e-04_bs16_modL1_fusion32_fusionL1_drop0p2_trmiss50_trlocradio,16,0.0001,1,32,1,0.2,lr1e-04_bs16_modL1_fusion32_fusionL1_drop0p2_trmiss50_trlocradio,32,0.5324491113424301,0.6873812278111776,0.5689655172413793,0.7434372722077343,0.6,0.0,0.0,0.0,0.0,0.0,0.0,0.0,0.0,0.0,2002,radio,0.5
3,5,lr1e-04_bs16_modL1_fusion32_fusionL1_drop0p2_trmiss50_trlocradio,16,0.0001,1,32,1,0.2,lr1e-04_bs16_modL1_fusion32_fusionL1_drop0p2_trmiss50_trlocradio,33,0.5064112668236097,0.6865413784980774,0.5517241379310345,0.734907710157342,0.5777777777777777,0.0,0.0,0.0,0.0,0.0,0.0,0.0,0.0,0.0,2002,radio,0.5
3,5,lr1e-04_bs16_modL1_fusion32_fusionL1_drop0p2_trmiss50_trlocradio,16,0.0001,1,32,1,0.2,lr1e-04_bs16_modL1_fusion32_fusionL1_drop0p2_trmiss50_trlocradio,34,0.533163438240687,0.7007771333058676,0.5560344827586208,0.7341059581885419,0.5333333333333333,0.0,0.0,0.0,0.0,0.0,0.0,0.0,0.0,0.0,2002,radio,0.5
3,5,lr1e-04_bs16_modL1_fusion32_fusionL1_drop0p2_trmiss50_trlocradio,16,0.0001,1,32,1,0.2,lr1e-04_bs16_modL1_fusion32_fusionL1_drop0p2_trmiss50_trlocradio,35,0.499090979496638,0.700710654258728,0.5517241379310345,0.7366767767042801,0.5333333333333333,0.0,0.0,0.0,0.0,0.0,0.0,0.0,0.0,0.0,2002,radio,0.5
3,5,lr1e-04_bs16_modL1_fusion32_fusionL1_drop0p2_trmiss50_trlocradio,16,0.0001,1,32,1,0.2,lr1e-04_bs16_modL1_fusion32_fusionL1_drop0p2_trmiss50_trlocradio,36,0.5277006203929583,0.7140783270200094,0.5150862068965517,0.7105901979354803,0.4888888888888889,0.0,0.0,0.0,0.0,0.0,0.0,0.0,0.0,0.0,2002,radio,0.5
3,5,lr1e-04_bs16_modL1_fusion32_fusionL1_drop0p2_trmiss50_trlocradio,16,0.0001,1,32,1,0.2,lr1e-04_bs16_modL1_fusion32_fusionL1_drop0p2_trmiss50_trlocradio,37,0.49464044719934464,0.7105136712392172,0.5258620689655172,0.7088609012011126,0.5555555555555556,0.0,0.0,0.0,0.0,0.0,0.0,0.0,0.0,0.0,2002,radio,0.5
3,5,lr1e-04_bs16_modL1_fusion32_fusionL1_drop0p2_trmiss50_trlocradio,16,0.0001,1,32,1,0.2,lr1e-04_bs16_modL1_fusion32_fusionL1_drop0p2_trmiss50_trlocradio,38,0.4969960004091263,0.7047739227612814,0.5431034482758621,0.711166898561742,0.5333333333333333,0.0,0.0,0.0,0.0,0.0,0.0,0.0,0.0,0.0,2002,radio,0.5
3,5,lr1e-04_bs16_modL1_fusion32_fusionL1_drop0p2_trmiss50_trlocradio,16,0.0001,1,32,1,0.2,lr1e-04_bs16_modL1_fusion32_fusionL1_drop0p2_trmiss50_trlocradio,39,0.509010744591554,0.7020130356152853,0.5581896551724138,0.7290060162668539,0.5333333333333333,0.0,0.0,0.0,0.0,0.0,0.0,0.0,0.0,0.0,2002,radio,0.5
3,5,lr1e-04_bs16_modL1_fusion32_fusionL1_drop0p2_trmiss50_trlocradio,16,0.0001,1,32,1,0.2,lr1e-04_bs16_modL1_fusion32_fusionL1_drop0p2_trmiss50_trlocradio,40,0.5252152557174364,0.6927446722984314,0.5495689655172413,0.7274195628916742,0.6,0.0,0.0,0.0,0.0,0.0,0.0,0.0,0.0,0.0,2002,radio,0.5
3,5,lr1e-04_bs16_modL1_fusion32_fusionL1_drop0p2_trmiss50_trlocradio,16,0.0001,1,32,1,0.2,lr1e-04_bs16_modL1_fusion32_fusionL1_drop0p2_trmiss50_trlocradio,41,0.5086918696761131,0.7048142155011495,0.5452586206896552,0.7233144683628143,0.5555555555555556,0.0,0.0,0.0,0.0,0.0,0.0,0.0,0.0,0.0,2002,radio,0.5
3,5,lr1e-04_bs16_modL1_fusion32_fusionL1_drop0p2_trmiss50_trlocradio,16,0.0001,1,32,1,0.2,lr1e-04_bs16_modL1_fusion32_fusionL1_drop0p2_trmiss50_trlocradio,42,0.4871238023042679,0.6955359776814779,0.5495689655172413,0.7257189876919367,0.5555555555555556,0.0,0.0,0.0,0.0,0.0,0.0,0.0,0.0,0.0,2002,radio,0.5
3,5,lr1e-04_bs16_modL1_fusion32_fusionL1_drop0p2_trmiss50_trlocradio,16,0.0001,1,32,1,0.2,lr1e-04_bs16_modL1_fusion32_fusionL1_drop0p2_trmiss50_trlocradio,43,0.47963806241750717,0.6921615600585938,0.540948275862069,0.7210646549030102,0.5333333333333333,0.0,0.0,0.0,0.0,0.0,0.0,0.0,0.0,0.0,2002,radio,0.5
3,5,lr1e-04_bs16_modL1_fusion32_fusionL1_drop0p2_trmiss50_trlocradio,16,0.0001,1,32,1,0.2,lr1e-04_bs16_modL1_fusion32_fusionL1_drop0p2_trmiss50_trlocradio,44,0.5180825516581535,0.6976280609766642,0.5517241379310345,0.7300283643800528,0.5777777777777777,0.0,0.0,0.0,0.0,0.0,0.0,0.0,0.0,0.0,2002,radio,0.5
3,5,lr1e-04_bs16_modL1_fusion32_fusionL1_drop0p2_trmiss50_trlocradio,16,0.0001,1,32,1,0.2,lr1e-04_bs16_modL1_fusion32_fusionL1_drop0p2_trmiss50_trlocradio,45,0.48497163752714795,0.6957083940505981,0.5603448275862069,0.7396676368288797,0.5555555555555556,0.0,0.0,0.0,0.0,0.0,0.0,0.0,0.0,0.0,2002,radio,0.5
3,5,lr1e-04_bs16_modL1_fusion32_fusionL1_drop0p2_trmiss50_trlocradio,16,0.0001,1,32,1,0.2,lr1e-04_bs16_modL1_fusion32_fusionL1_drop0p2_trmiss50_trlocradio,46,0.506399338444074,0.701833168665568,0.5668103448275862,0.7432137138696924,0.5555555555555556,0.0,0.0,0.0,0.0,0.0,0.0,0.0,0.0,0.0,2002,radio,0.5
3,5,lr1e-04_bs16_modL1_fusion32_fusionL1_drop0p2_trmiss50_trlocradio,16,0.0001,1,32,1,0.2,lr1e-04_bs16_modL1_fusion32_fusionL1_drop0p2_trmiss50_trlocradio,47,0.5042546441157659,0.70332932472229,0.5689655172413792,0.7440332552885898,0.5333333333333333,0.0,0.0,0.0,0.0,0.0,0.0,0.0,0.0,0.0,2002,radio,0.5
3,5,lr1e-04_bs16_modL1_fusion32_fusionL1_drop0p2_trmiss50_trlocradio,16,0.0001,1,32,1,0.2,lr1e-04_bs16_modL1_fusion32_fusionL1_drop0p2_trmiss50_trlocradio,48,0.517437294125557,0.7005130251248678,0.5689655172413793,0.7427488209012194,0.5333333333333333,0.0,0.0,0.0,0.0,0.0,0.0,0.0,0.0,0.0,2002,radio,0.5
3,5,lr1e-04_bs16_modL1_fusion32_fusionL1_drop0p2_trmiss50_trlocradio,16,0.0001,1,32,1,0.2,lr1e-04_bs16_modL1_fusion32_fusionL1_drop0p2_trmiss50_trlocradio,49,0.49838712563117343,0.7031628886858622,0.5775862068965517,0.7536251265237299,0.5111111111111111,0.0,0.0,0.0,0.0,0.0,0.0,0.0,0.0,0.0,2002,radio,0.5
3,5,lr1e-04_bs16_modL1_fusion32_fusionL1_drop0p2_trmiss50_trlocradio,16,0.0001,1,32,1,0.2,lr1e-04_bs16_modL1_fusion32_fusionL1_drop0p2_trmiss50_trlocradio,50,0.4854747677842776,0.6945670247077942,0.5668103448275862,0.7407064692801182,0.5555555555555556,0.0,0.0,0.0,0.0,0.0,0.0,0.0,0.0,0.0,2002,radio,0.5
3,5,lr1e-04_bs16_modL1_fusion32_fusionL1_drop0p2_trmiss50_trlocradio,16,0.0001,1,32,1,0.2,lr1e-04_bs16_modL1_fusion32_fusionL1_drop0p2_trmiss50_trlocradio,51,0.47952230274677277,0.6937798062960306,0.5818965517241379,0.7469974046416361,0.5777777777777777,0.0,0.0,0.0,0.0,0.0,0.0,0.0,0.0,0.0,2002,radio,0.5
3,5,lr1e-04_bs16_modL1_fusion32_fusionL1_drop0p2_trmiss50_trlocradio,16,0.0001,1,32,1,0.2,lr1e-04_bs16_modL1_fusion32_fusionL1_drop0p2_trmiss50_trlocradio,52,0.48892392218112946,0.6929358839988708,0.5625,0.7341236955224641,0.5555555555555556,0.0,0.0,0.0,0.0,0.0,0.0,0.0,0.0,0.0,2002,radio,0.5
3,5,lr1e-04_bs16_modL1_fusion32_fusionL1_drop0p2_trmiss50_trlocradio,16,0.0001,1,32,1,0.2,lr1e-04_bs16_modL1_fusion32_fusionL1_drop0p2_trmiss50_trlocradio,53,0.5165331810712814,0.6929203470547994,0.5711206896551724,0.7360217162464652,0.5777777777777777,0.0,0.0,0.0,0.0,0.0,0.0,0.0,0.0,0.0,2002,radio,0.5
3,5,lr1e-04_bs16_modL1_fusion32_fusionL1_drop0p2_trmiss50_trlocradio,16,0.0001,1,32,1,0.2,lr1e-04_bs16_modL1_fusion32_fusionL1_drop0p2_trmiss50_trlocradio,54,0.4947603891293208,0.6927130619684855,0.5775862068965518,0.7423936233793091,0.5777777777777777,0.0,0.0,0.0,0.0,0.0,0.0,0.0,0.0,0.0,2002,radio,0.5
3,5,lr1e-04_bs16_modL1_fusion32_fusionL1_drop0p2_trmiss50_trlocradio,16,0.0001,1,32,1,0.2,lr1e-04_bs16_modL1_fusion32_fusionL1_drop0p2_trmiss50_trlocradio,55,0.48975637555122375,0.6871260603268942,0.5711206896551724,0.7411148548742816,0.5777777777777777,0.0,0.0,0.0,0.0,0.0,0.0,0.0,0.0,0.0,2002,radio,0.5
3,5,lr1e-04_bs16_modL1_fusion32_fusionL1_drop0p2_trmiss50_trlocradio,16,0.0001,1,32,1,0.2,lr1e-04_bs16_modL1_fusion32_fusionL1_drop0p2_trmiss50_trlocradio,56,0.47620367755492526,0.6905072728792826,0.5603448275862069,0.7330333316135096,0.5333333333333333,0.0,0.0,0.0,0.0,0.0,0.0,0.0,0.0,0.0,2002,radio,0.5
3,5,lr1e-04_bs16_modL1_fusion32_fusionL1_drop0p2_trmiss50_trlocradio,16,0.0001,1,32,1,0.2,lr1e-04_bs16_modL1_fusion32_fusionL1_drop0p2_trmiss50_trlocradio,57,0.48817721009254456,0.6909340023994446,0.5646551724137931,0.7330352580733468,0.5333333333333333,0.0,0.0,0.0,0.0,0.0,0.0,0.0,0.0,0.0,2002,radio,0.5
3,5,lr1e-04_bs16_modL1_fusion32_fusionL1_drop0p2_trmiss50_trlocradio,16,0.0001,1,32,1,0.2,lr1e-04_bs16_modL1_fusion32_fusionL1_drop0p2_trmiss50_trlocradio,58,0.4826186050971349,0.6893521944681803,0.5797413793103448,0.7473954486105416,0.5555555555555556,0.0,0.0,0.0,0.0,0.0,0.0,0.0,0.0,0.0,2002,radio,0.5
3,5,lr1e-04_bs16_modL1_fusion32_fusionL1_drop0p2_trmiss50_trlocradio,16,0.0001,1,32,1,0.2,lr1e-04_bs16_modL1_fusion32_fusionL1_drop0p2_trmiss50_trlocradio,59,0.49537037561337155,0.6939740578333536,0.5754310344827586,0.7458796460945294,0.5555555555555556,0.0,0.0,0.0,0.0,0.0,0.0,0.0,0.0,0.0,2002,radio,0.5
3,5,lr1e-04_bs16_modL1_fusion32_fusionL1_drop0p2_trmiss50_trlocradio,16,0.0001,1,32,1,0.2,lr1e-04_bs16_modL1_fusion32_fusionL1_drop0p2_trmiss50_trlocradio,60,0.49202681084473926,0.7013442516326904,0.5754310344827587,0.7482246187813821,0.5333333333333333,0.0,0.0,0.0,0.0,0.0,0.0,0.0,0.0,0.0,2002,radio,0.5
3,5,lr1e-04_bs16_modL1_fusion32_fusionL1_drop0p2_trmiss50_trlocradio,16,0.0001,1,32,1,0.2,lr1e-04_bs16_modL1_fusion32_fusionL1_drop0p2_trmiss50_trlocradio,61,0.4842103769381841,0.6892715295155843,0.5689655172413792,0.7417986650915604,0.5555555555555556,0.0,0.0,0.0,0.0,0.0,0.0,0.0,0.0,0.0,2002,radio,0.5
3,5,lr1e-04_bs16_modL1_fusion32_fusionL1_drop0p2_trmiss50_trlocradio,16,0.0001,1,32,1,0.2,lr1e-04_bs16_modL1_fusion32_fusionL1_drop0p2_trmiss50_trlocradio,62,0.4747907643516858,0.6858519514401754,0.5689655172413793,0.7369934061066941,0.5777777777777777,0.0,0.0,0.0,0.0,0.0,0.0,0.0,0.0,0.0,2002,radio,0.5
3,5,lr1e-04_bs16_modL1_fusion32_fusionL1_drop0p2_trmiss50_trlocradio,16,0.0001,1,32,1,0.2,lr1e-04_bs16_modL1_fusion32_fusionL1_drop0p2_trmiss50_trlocradio,63,0.4759247799714406,0.6936530470848083,0.5668103448275862,0.7412675354262364,0.5555555555555556,0.0,0.0,0.0,0.0,0.0,0.0,0.0,0.0,0.0,2002,radio,0.5
3,5,lr1e-04_bs16_modL1_fusion32_fusionL1_drop0p2_trmiss50_trlocradio,16,0.0001,1,32,1,0.2,lr1e-04_bs16_modL1_fusion32_fusionL1_drop0p2_trmiss50_trlocradio,64,0.4982254405816396,0.6908431053161621,0.564655172413793,0.7363727496601216,0.5555555555555556,0.0,0.0,0.0,0.0,0.0,0.0,0.0,0.0,0.0,2002,radio,0.5
3,5,lr1e-04_bs16_modL1_fusion32_fusionL1_drop0p2_trmiss50_trlocradio,16,0.0001,1,32,1,0.2,lr1e-04_bs16_modL1_fusion32_fusionL1_drop0p2_trmiss50_trlocradio,65,0.4851654643813769,0.6862406333287557,0.5625,0.7332748417067598,0.5777777777777777,0.0,0.0,0.0,0.0,0.0,0.0,0.0,0.0,0.0,2002,radio,0.5
3,5,lr1e-04_bs16_modL1_fusion32_fusionL1_drop0p2_trmiss50_trlocradio,16,0.0001,1,32,1,0.2,lr1e-04_bs16_modL1_fusion32_fusionL1_drop0p2_trmiss50_trlocradio,66,0.5106009244918823,0.6946596105893453,0.5689655172413793,0.7408928717297854,0.5555555555555556,0.0,0.0,0.0,0.0,0.0,0.0,0.0,0.0,0.0,2002,radio,0.5
3,5,lr1e-04_bs16_modL1_fusion32_fusionL1_drop0p2_trmiss50_trlocradio,16,0.0001,1,32,1,0.2,lr1e-04_bs16_modL1_fusion32_fusionL1_drop0p2_trmiss50_trlocradio,67,0.4978934203584989,0.6947940786679586,0.584051724137931,0.744458671749715,0.5555555555555556,0.0,0.0,0.0,0.0,0.0,0.0,0.0,0.0,0.0,2002,radio,0.5
3,5,lr1e-04_bs16_modL1_fusion32_fusionL1_drop0p2_trmiss50_trlocradio,16,0.0001,1,32,1,0.2,lr1e-04_bs16_modL1_fusion32_fusionL1_drop0p2_trmiss50_trlocradio,68,0.4842228541771571,0.6855405966440836,0.5625,0.7396687150282666,0.5777777777777777,0.0,0.0,0.0,0.0,0.0,0.0,0.0,0.0,0.0,2002,radio,0.5
3,5,lr1e-04_bs16_modL1_fusion32_fusionL1_drop0p2_trmiss50_trlocradio,16,0.0001,1,32,1,0.2,lr1e-04_bs16_modL1_fusion32_fusionL1_drop0p2_trmiss50_trlocradio,69,0.48487617323795956,0.6813361644744873,0.5689655172413793,0.7414653086716998,0.5777777777777777,0.0,0.0,0.0,0.0,0.0,0.0,0.0,0.0,0.0,2002,radio,0.5
3,5,lr1e-04_bs16_modL1_fusion32_fusionL1_drop0p2_trmiss50_trlocradio,16,0.0001,1,32,1,0.2,lr1e-04_bs16_modL1_fusion32_fusionL1_drop0p2_trmiss50_trlocradio,70,0.4758473162849744,0.6880383491516113,0.5668103448275862,0.7339427664381812,0.5777777777777777,0.0,0.0,0.0,0.0,0.0,0.0,0.0,0.0,0.0,2002,radio,0.5
3,5,lr1e-04_bs16_modL1_fusion32_fusionL1_drop0p2_trmiss50_trlocradio,16,0.0001,1,32,1,0.2,lr1e-04_bs16_modL1_fusion32_fusionL1_drop0p2_trmiss50_trlocradio,71,0.49910280853509903,0.6877867182095846,0.5711206896551724,0.7342281056309458,0.6,0.0,0.0,0.0,0.0,0.0,0.0,0.0,0.0,0.0,2002,radio,0.5
3,5,lr1e-04_bs16_modL1_fusion32_fusionL1_drop0p2_trmiss50_trlocradio,16,0.0001,1,32,1,0.2,lr1e-04_bs16_modL1_fusion32_fusionL1_drop0p2_trmiss50_trlocradio,72,0.4756283536553383,0.692617654800415,0.5818965517241379,0.7487798881707464,0.5777777777777777,0.0,0.0,0.0,0.0,0.0,0.0,0.0,0.0,0.0,2002,radio,0.5
3,5,lr1e-04_bs16_modL1_fusion32_fusionL1_drop0p2_trmiss50_trlocradio,16,0.0001,1,32,1,0.2,lr1e-04_bs16_modL1_fusion32_fusionL1_drop0p2_trmiss50_trlocradio,73,0.4784014994899432,0.688986619313558,0.5732758620689655,0.7441204721683177,0.6,0.0,0.0,0.0,0.0,0.0,0.0,0.0,0.0,0.0,2002,radio,0.5
3,5,lr1e-04_bs16_modL1_fusion32_fusionL1_drop0p2_trmiss50_trlocradio,16,0.0001,1,32,1,0.2,lr1e-04_bs16_modL1_fusion32_fusionL1_drop0p2_trmiss50_trlocradio,74,0.47472410400708515,0.6902869939804077,0.5646551724137931,0.7404002963973251,0.5777777777777777,0.0,0.0,0.0,0.0,0.0,0.0,0.0,0.0,0.0,2002,radio,0.5
3,5,lr1e-04_bs16_modL1_fusion32_fusionL1_drop0p2_trmiss50_trlocradio,16,0.0001,1,32,1,0.2,lr1e-04_bs16_modL1_fusion32_fusionL1_drop0p2_trmiss50_trlocradio,75,0.48690609633922577,0.6845578153928121,0.5754310344827586,0.7397327706657663,0.5777777777777777,0.0,0.0,0.0,0.0,0.0,0.0,0.0,0.0,0.0,2002,radio,0.5
3,5,lr1e-04_bs16_modL1_fusion32_fusionL1_drop0p2_trmiss50_trlocradio,16,0.0001,1,32,1,0.2,lr1e-04_bs16_modL1_fusion32_fusionL1_drop0p2_trmiss50_trlocradio,76,0.48035623381535214,0.6898453831672668,0.5646551724137931,0.7342241966587186,0.5777777777777777,0.0,0.0,0.0,0.0,0.0,0.0,0.0,0.0,0.0,2002,radio,0.5
3,5,lr1e-04_bs16_modL1_fusion32_fusionL1_drop0p2_trmiss50_trlocradio,16,0.0001,1,32,1,0.2,lr1e-04_bs16_modL1_fusion32_fusionL1_drop0p2_trmiss50_trlocradio,77,0.49318623542785645,0.6840972701708475,0.5668103448275862,0.738552596769984,0.6,0.0,0.0,0.0,0.0,0.0,0.0,0.0,0.0,0.0,2002,radio,0.5
3,5,lr1e-04_bs16_modL1_fusion32_fusionL1_drop0p2_trmiss50_trlocradio,16,0.0001,1,32,1,0.2,lr1e-04_bs16_modL1_fusion32_fusionL1_drop0p2_trmiss50_trlocradio,78,0.4889288420478503,0.6867171128590902,0.5754310344827587,0.7440921624661744,0.5777777777777777,0.0,0.0,0.0,0.0,0.0,0.0,0.0,0.0,0.0,2002,radio,0.5
3,5,lr1e-04_bs16_modL1_fusion32_fusionL1_drop0p2_trmiss50_trlocradio,16,0.0001,1,32,1,0.2,lr1e-04_bs16_modL1_fusion32_fusionL1_drop0p2_trmiss50_trlocradio,79,0.5031009515126547,0.7011116544405619,0.5711206896551724,0.7415078866667972,0.5333333333333333,0.0,0.0,0.0,0.0,0.0,0.0,0.0,0.0,0.0,2002,radio,0.5
3,5,lr1e-04_bs16_modL1_fusion32_fusionL1_drop0p2_trmiss50_trlocradio,16,0.0001,1,32,1,0.2,lr1e-04_bs16_modL1_fusion32_fusionL1_drop0p2_trmiss50_trlocradio,80,0.5000734478235245,0.6898360252380371,0.5581896551724138,0.7361877217639914,0.6,0.0,0.0,0.0,0.0,0.0,0.0,0.0,0.0,0.0,2002,radio,0.5
3,5,lr1e-04_bs16_modL1_fusion32_fusionL1_drop0p1_trmiss50_trlocradio,16,0.0001,1,32,1,0.1,lr1e-04_bs16_modL1_fusion32_fusionL1_drop0p1_trmiss50_trlocradio,1,0.7929379592339197,0.7372036178906759,0.5948275862068966,0.7468099593312217,0.35555555555555557,0.0,0.0,0.0,0.0,0.0,0.0,0.0,0.0,0.0,2002,radio,0.5
3,5,lr1e-04_bs16_modL1_fusion32_fusionL1_drop0p1_trmiss50_trlocradio,16,0.0001,1,32,1,0.1,lr1e-04_bs16_modL1_fusion32_fusionL1_drop0p1_trmiss50_trlocradio,2,0.7451242158810297,0.7445431351661682,0.6271551724137931,0.7511856090380539,0.37777777777777777,0.0,0.0,0.0,0.0,0.0,0.0,0.0,0.0,0.0,2002,radio,0.5
3,5,lr1e-04_bs16_modL1_fusion32_fusionL1_drop0p1_trmiss50_trlocradio,16,0.0001,1,32,1,0.1,lr1e-04_bs16_modL1_fusion32_fusionL1_drop0p1_trmiss50_trlocradio,3,0.7285139312346777,0.7430418729782104,0.6185344827586207,0.7469218722408864,0.37777777777777777,0.0,0.0,0.0,0.0,0.0,0.0,0.0,0.0,0.0,2002,radio,0.5
3,5,lr1e-04_bs16_modL1_fusion32_fusionL1_drop0p1_trmiss50_trlocradio,16,0.0001,1,32,1,0.1,lr1e-04_bs16_modL1_fusion32_fusionL1_drop0p1_trmiss50_trlocradio,4,0.7183390408754349,0.7347146471341451,0.6530172413793104,0.7650704645476571,0.4,0.0,0.0,0.0,0.0,0.0,0.0,0.0,0.0,0.0,2002,radio,0.5
3,5,lr1e-04_bs16_modL1_fusion32_fusionL1_drop0p1_trmiss50_trlocradio,16,0.0001,1,32,1,0.1,lr1e-04_bs16_modL1_fusion32_fusionL1_drop0p1_trmiss50_trlocradio,5,0.6723644137382507,0.7252888679504395,0.7004310344827587,0.8032989586240307,0.4,0.0,0.0,0.0,0.0,0.0,0.0,0.0,0.0,0.0,2002,radio,0.5
3,5,lr1e-04_bs16_modL1_fusion32_fusionL1_drop0p1_trmiss50_trlocradio,16,0.0001,1,32,1,0.1,lr1e-04_bs16_modL1_fusion32_fusionL1_drop0p1_trmiss50_trlocradio,6,0.666054293513298,0.7206464012463888,0.7133620689655172,0.8285125282566994,0.4,0.0,0.0,0.0,0.0,0.0,0.0,0.0,0.0,0.0,2002,radio,0.5
3,5,lr1e-04_bs16_modL1_fusion32_fusionL1_drop0p1_trmiss50_trlocradio,16,0.0001,1,32,1,0.1,lr1e-04_bs16_modL1_fusion32_fusionL1_drop0p1_trmiss50_trlocradio,7,0.6326275765895844,0.707619825998942,0.6982758620689655,0.8187866739542868,0.4666666666666667,0.0,0.0,0.0,0.0,0.0,0.0,0.0,0.0,0.0,2002,radio,0.5
3,5,lr1e-04_bs16_modL1_fusion32_fusionL1_drop0p1_trmiss50_trlocradio,16,0.0001,1,32,1,0.1,lr1e-04_bs16_modL1_fusion32_fusionL1_drop0p1_trmiss50_trlocradio,8,0.6260524342457453,0.7103705207506815,0.7025862068965518,0.8146522085417318,0.4666666666666667,0.0,0.0,0.0,0.0,0.0,0.0,0.0,0.0,0.0,2002,radio,0.5
3,5,lr1e-04_bs16_modL1_fusion32_fusionL1_drop0p1_trmiss50_trlocradio,16,0.0001,1,32,1,0.1,lr1e-04_bs16_modL1_fusion32_fusionL1_drop0p1_trmiss50_trlocradio,9,0.6481727709372839,0.7128038803736368,0.7025862068965518,0.8101500386606499,0.4666666666666667,0.0,0.0,0.0,0.0,0.0,0.0,0.0,0.0,0.0,2002,radio,0.5
3,5,lr1e-04_bs16_modL1_fusion32_fusionL1_drop0p1_trmiss50_trlocradio,16,0.0001,1,32,1,0.1,lr1e-04_bs16_modL1_fusion32_fusionL1_drop0p1_trmiss50_trlocradio,10,0.6073879102865855,0.7173460324605306,0.6681034482758621,0.7899957393164116,0.4444444444444444,0.0,0.0,0.0,0.0,0.0,0.0,0.0,0.0,0.0,2002,radio,0.5
3,5,lr1e-04_bs16_modL1_fusion32_fusionL1_drop0p1_trmiss50_trlocradio,16,0.0001,1,32,1,0.1,lr1e-04_bs16_modL1_fusion32_fusionL1_drop0p1_trmiss50_trlocradio,11,0.6065161352356275,0.7190760175387064,0.6616379310344828,0.7816387355799544,0.4444444444444444,0.0,0.0,0.0,0.0,0.0,0.0,0.0,0.0,0.0,2002,radio,0.5
3,5,lr1e-04_bs16_modL1_fusion32_fusionL1_drop0p1_trmiss50_trlocradio,16,0.0001,1,32,1,0.1,lr1e-04_bs16_modL1_fusion32_fusionL1_drop0p1_trmiss50_trlocradio,12,0.5943192392587662,0.7136732339859009,0.646551724137931,0.7733879094441548,0.4666666666666667,0.0,0.0,0.0,0.0,0.0,0.0,0.0,0.0,0.0,2002,radio,0.5
3,5,lr1e-04_bs16_modL1_fusion32_fusionL1_drop0p1_trmiss50_trlocradio,16,0.0001,1,32,1,0.1,lr1e-04_bs16_modL1_fusion32_fusionL1_drop0p1_trmiss50_trlocradio,13,0.5676495432853699,0.7019360860188802,0.6831896551724138,0.7950366132495145,0.4444444444444444,0.0,0.0,0.0,0.0,0.0,0.0,0.0,0.0,0.0,2002,radio,0.5
3,5,lr1e-04_bs16_modL1_fusion32_fusionL1_drop0p1_trmiss50_trlocradio,16,0.0001,1,32,1,0.1,lr1e-04_bs16_modL1_fusion32_fusionL1_drop0p1_trmiss50_trlocradio,14,0.5468473732471466,0.7080225944519043,0.6896551724137931,0.8121874384865244,0.4444444444444444,0.0,0.0,0.0,0.0,0.0,0.0,0.0,0.0,0.0,2002,radio,0.5
3,5,lr1e-04_bs16_modL1_fusion32_fusionL1_drop0p1_trmiss50_trlocradio,16,0.0001,1,32,1,0.1,lr1e-04_bs16_modL1_fusion32_fusionL1_drop0p1_trmiss50_trlocradio,15,0.5498015433549881,0.710904041926066,0.6724137931034483,0.8019280342629949,0.5333333333333333,0.0,0.0,0.0,0.0,0.0,0.0,0.0,0.0,0.0,2002,radio,0.5
3,5,lr1e-04_bs16_modL1_fusion32_fusionL1_drop0p1_trmiss50_trlocradio,16,0.0001,1,32,1,0.1,lr1e-04_bs16_modL1_fusion32_fusionL1_drop0p1_trmiss50_trlocradio,16,0.5406029348572096,0.692935029665629,0.6875,0.8074935410299904,0.5111111111111111,0.0,0.0,0.0,0.0,0.0,0.0,0.0,0.0,0.0,2002,radio,0.5
3,5,lr1e-04_bs16_modL1_fusion32_fusionL1_drop0p1_trmiss50_trlocradio,16,0.0001,1,32,1,0.1,lr1e-04_bs16_modL1_fusion32_fusionL1_drop0p1_trmiss50_trlocradio,17,0.5422492002447447,0.7002835671106974,0.6767241379310345,0.8062387237550042,0.5333333333333333,0.0,0.0,0.0,0.0,0.0,0.0,0.0,0.0,0.0,2002,radio,0.5
3,5,lr1e-04_bs16_modL1_fusion32_fusionL1_drop0p1_trmiss50_trlocradio,16,0.0001,1,32,1,0.1,lr1e-04_bs16_modL1_fusion32_fusionL1_drop0p1_trmiss50_trlocradio,18,0.5132899458209673,0.700786312421163,0.6594827586206896,0.7983414156048226,0.5111111111111111,0.0,0.0,0.0,0.0,0.0,0.0,0.0,0.0,0.0,2002,radio,0.5
3,5,lr1e-04_bs16_modL1_fusion32_fusionL1_drop0p1_trmiss50_trlocradio,16,0.0001,1,32,1,0.1,lr1e-04_bs16_modL1_fusion32_fusionL1_drop0p1_trmiss50_trlocradio,19,0.49680540959040326,0.7043065230051676,0.6487068965517242,0.7891792673001317,0.5111111111111111,0.0,0.0,0.0,0.0,0.0,0.0,0.0,0.0,0.0,2002,radio,0.5
3,5,lr1e-04_bs16_modL1_fusion32_fusionL1_drop0p1_trmiss50_trlocradio,16,0.0001,1,32,1,0.1,lr1e-04_bs16_modL1_fusion32_fusionL1_drop0p1_trmiss50_trlocradio,20,0.501035618285338,0.7089487910270691,0.6422413793103448,0.7933175029208819,0.5111111111111111,0.0,0.0,0.0,0.0,0.0,0.0,0.0,0.0,0.0,2002,radio,0.5
3,5,lr1e-04_bs16_modL1_fusion32_fusionL1_drop0p1_trmiss50_trlocradio,16,0.0001,1,32,1,0.1,lr1e-04_bs16_modL1_fusion32_fusionL1_drop0p1_trmiss50_trlocradio,21,0.4979252368211746,0.7164892156918844,0.6508620689655172,0.8000142642160533,0.5111111111111111,0.0,0.0,0.0,0.0,0.0,0.0,0.0,0.0,0.0,2002,radio,0.5
3,5,lr1e-04_bs16_modL1_fusion32_fusionL1_drop0p1_trmiss50_trlocradio,16,0.0001,1,32,1,0.1,lr1e-04_bs16_modL1_fusion32_fusionL1_drop0p1_trmiss50_trlocradio,22,0.5021525472402573,0.7018219431241354,0.6530172413793103,0.7991993152868304,0.5111111111111111,0.0,0.0,0.0,0.0,0.0,0.0,0.0,0.0,0.0,2002,radio,0.5
3,5,lr1e-04_bs16_modL1_fusion32_fusionL1_drop0p1_trmiss50_trlocradio,16,0.0001,1,32,1,0.1,lr1e-04_bs16_modL1_fusion32_fusionL1_drop0p1_trmiss50_trlocradio,23,0.4827025110522906,0.7102770209312439,0.6422413793103448,0.7915008760698891,0.5333333333333333,0.0,0.0,0.0,0.0,0.0,0.0,0.0,0.0,0.0,2002,radio,0.5
3,5,lr1e-04_bs16_modL1_fusion32_fusionL1_drop0p1_trmiss50_trlocradio,16,0.0001,1,32,1,0.1,lr1e-04_bs16_modL1_fusion32_fusionL1_drop0p1_trmiss50_trlocradio,24,0.4884982258081436,0.7030136386553446,0.6616379310344828,0.7983496908909046,0.5333333333333333,0.0,0.0,0.0,0.0,0.0,0.0,0.0,0.0,0.0,2002,radio,0.5
3,5,lr1e-04_bs16_modL1_fusion32_fusionL1_drop0p1_trmiss50_trlocradio,16,0.0001,1,32,1,0.1,lr1e-04_bs16_modL1_fusion32_fusionL1_drop0p1_trmiss50_trlocradio,25,0.5172482331593832,0.7192299365997314,0.6379310344827586,0.7934190834392125,0.5555555555555556,0.0,0.0,0.0,0.0,0.0,0.0,0.0,0.0,0.0,2002,radio,0.5
3,5,lr1e-04_bs16_modL1_fusion32_fusionL1_drop0p1_trmiss50_trlocradio,16,0.0001,1,32,1,0.1,lr1e-04_bs16_modL1_fusion32_fusionL1_drop0p1_trmiss50_trlocradio,26,0.4649318754673004,0.6931649049123129,0.6336206896551724,0.7877086480064195,0.5333333333333333,0.0,0.0,0.0,0.0,0.0,0.0,0.0,0.0,0.0,2002,radio,0.5
3,5,lr1e-04_bs16_modL1_fusion64_fusionL1_drop0p2_trmiss50_trlocradio,16,0.0001,1,64,1,0.2,lr1e-04_bs16_modL1_fusion64_fusionL1_drop0p2_trmiss50_trlocradio,1,0.7074977457523346,0.6604294379552206,0.6271551724137931,0.7509727138149536,0.6666666666666666,0.0,0.0,0.0,0.0,0.0,0.0,0.0,0.0,0.0,2002,radio,0.5
3,5,lr1e-04_bs16_modL1_fusion64_fusionL1_drop0p2_trmiss50_trlocradio,16,0.0001,1,64,1,0.2,lr1e-04_bs16_modL1_fusion64_fusionL1_drop0p2_trmiss50_trlocradio,2,0.6566716432571411,0.6504738132158915,0.6206896551724137,0.7442295896275766,0.6444444444444445,0.0,0.0,0.0,0.0,0.0,0.0,0.0,0.0,0.0,2002,radio,0.5
3,5,lr1e-04_bs16_modL1_fusion64_fusionL1_drop0p2_trmiss50_trlocradio,16,0.0001,1,64,1,0.2,lr1e-04_bs16_modL1_fusion64_fusionL1_drop0p2_trmiss50_trlocradio,3,0.6394244978825251,0.6475901206334432,0.625,0.7464255293189044,0.6222222222222222,0.0,0.0,0.0,0.0,0.0,0.0,0.0,0.0,0.0,2002,radio,0.5
3,5,lr1e-04_bs16_modL1_fusion64_fusionL1_drop0p2_trmiss50_trlocradio,16,0.0001,1,64,1,0.2,lr1e-04_bs16_modL1_fusion64_fusionL1_drop0p2_trmiss50_trlocradio,4,0.5956108272075653,0.6436698039372762,0.6293103448275862,0.7516378523200884,0.5777777777777777,0.0,0.0,0.0,0.0,0.0,0.0,0.0,0.0,0.0,2002,radio,0.5
3,5,lr1e-04_bs16_modL1_fusion64_fusionL1_drop0p2_trmiss50_trlocradio,16,0.0001,1,64,1,0.2,lr1e-04_bs16_modL1_fusion64_fusionL1_drop0p2_trmiss50_trlocradio,5,0.5869978616635004,0.6452479561169943,0.625,0.7428685476633596,0.6222222222222222,0.0,0.0,0.0,0.0,0.0,0.0,0.0,0.0,0.0,2002,radio,0.5
3,5,lr1e-04_bs16_modL1_fusion64_fusionL1_drop0p2_trmiss50_trlocradio,16,0.0001,1,64,1,0.2,lr1e-04_bs16_modL1_fusion64_fusionL1_drop0p2_trmiss50_trlocradio,6,0.5756772011518478,0.6400444110234579,0.6551724137931034,0.782244543988272,0.6888888888888889,0.0,0.0,0.0,0.0,0.0,0.0,0.0,0.0,0.0,2002,radio,0.5
3,5,lr1e-04_bs16_modL1_fusion64_fusionL1_drop0p2_trmiss50_trlocradio,16,0.0001,1,64,1,0.2,lr1e-04_bs16_modL1_fusion64_fusionL1_drop0p2_trmiss50_trlocradio,7,0.5695248792568842,0.6389210025469462,0.665948275862069,0.7904576983524659,0.6888888888888889,0.0,0.0,0.0,0.0,0.0,0.0,0.0,0.0,0.0,2002,radio,0.5
3,5,lr1e-04_bs16_modL1_fusion64_fusionL1_drop0p2_trmiss50_trlocradio,16,0.0001,1,64,1,0.2,lr1e-04_bs16_modL1_fusion64_fusionL1_drop0p2_trmiss50_trlocradio,8,0.5342562645673752,0.6435025533040365,0.6379310344827586,0.764697140056043,0.5777777777777777,0.0,0.0,0.0,0.0,0.0,0.0,0.0,0.0,0.0,2002,radio,0.5
3,5,lr1e-04_bs16_modL1_fusion64_fusionL1_drop0p2_trmiss50_trlocradio,16,0.0001,1,64,1,0.2,lr1e-04_bs16_modL1_fusion64_fusionL1_drop0p2_trmiss50_trlocradio,9,0.5311541433135668,0.6408456563949585,0.6379310344827587,0.7681224085965466,0.6,0.0,0.0,0.0,0.0,0.0,0.0,0.0,0.0,0.0,2002,radio,0.5
3,5,lr1e-04_bs16_modL1_fusion64_fusionL1_drop0p2_trmiss50_trlocradio,16,0.0001,1,64,1,0.2,lr1e-04_bs16_modL1_fusion64_fusionL1_drop0p2_trmiss50_trlocradio,10,0.4981736863652865,0.6402652263641357,0.6508620689655172,0.8138527579428827,0.6,0.0,0.0,0.0,0.0,0.0,0.0,0.0,0.0,0.0,2002,radio,0.5
3,5,lr1e-04_bs16_modL1_fusion64_fusionL1_drop0p2_trmiss50_trlocradio,16,0.0001,1,64,1,0.2,lr1e-04_bs16_modL1_fusion64_fusionL1_drop0p2_trmiss50_trlocradio,11,0.5193705682953199,0.6371888319651285,0.6724137931034483,0.8288554230059031,0.6,0.0,0.0,0.0,0.0,0.0,0.0,0.0,0.0,0.0,2002,radio,0.5
3,5,lr1e-04_bs16_modL1_fusion64_fusionL1_drop0p2_trmiss50_trlocradio,16,0.0001,1,64,1,0.2,lr1e-04_bs16_modL1_fusion64_fusionL1_drop0p2_trmiss50_trlocradio,12,0.4828404014309247,0.6321719090143839,0.6637931034482758,0.8223199088073803,0.6,0.0,0.0,0.0,0.0,0.0,0.0,0.0,0.0,0.0,2002,radio,0.5
3,5,lr1e-04_bs16_modL1_fusion64_fusionL1_drop0p2_trmiss50_trlocradio,16,0.0001,1,64,1,0.2,lr1e-04_bs16_modL1_fusion64_fusionL1_drop0p2_trmiss50_trlocradio,13,0.45025666306416195,0.6184613108634949,0.6831896551724138,0.8295819491481335,0.6,0.0,0.0,0.0,0.0,0.0,0.0,0.0,0.0,0.0,2002,radio,0.5
3,5,lr1e-04_bs16_modL1_fusion64_fusionL1_drop0p2_trmiss50_trlocradio,16,0.0001,1,64,1,0.2,lr1e-04_bs16_modL1_fusion64_fusionL1_drop0p2_trmiss50_trlocradio,14,0.4526979997754097,0.6167686184247335,0.7004310344827586,0.8263580931811738,0.6666666666666666,0.0,0.0,0.0,0.0,0.0,0.0,0.0,0.0,0.0,2002,radio,0.5
3,5,lr1e-04_bs16_modL1_fusion64_fusionL1_drop0p2_trmiss50_trlocradio,16,0.0001,1,64,1,0.2,lr1e-04_bs16_modL1_fusion64_fusionL1_drop0p2_trmiss50_trlocradio,15,0.4555261954665184,0.620219866434733,0.6875,0.820785306030732,0.6888888888888889,0.0,0.0,0.0,0.0,0.0,0.0,0.0,0.0,0.0,2002,radio,0.5
3,5,lr1e-04_bs16_modL1_fusion64_fusionL1_drop0p2_trmiss50_trlocradio,16,0.0001,1,64,1,0.2,lr1e-04_bs16_modL1_fusion64_fusionL1_drop0p2_trmiss50_trlocradio,16,0.452263946334521,0.6070713996887207,0.7047413793103448,0.8359202360130893,0.6222222222222222,0.0,0.0,0.0,0.0,0.0,0.0,0.0,0.0,0.0,2002,radio,0.5
3,5,lr1e-04_bs16_modL1_fusion64_fusionL1_drop0p2_trmiss50_trlocradio,16,0.0001,1,64,1,0.2,lr1e-04_bs16_modL1_fusion64_fusionL1_drop0p2_trmiss50_trlocradio,17,0.41588934262593585,0.6040610671043396,0.7198275862068966,0.8406412641706054,0.6666666666666666,0.0,0.0,0.0,0.0,0.0,0.0,0.0,0.0,0.0,2002,radio,0.5
3,5,lr1e-04_bs16_modL1_fusion64_fusionL1_drop0p2_trmiss50_trlocradio,16,0.0001,1,64,1,0.2,lr1e-04_bs16_modL1_fusion64_fusionL1_drop0p2_trmiss50_trlocradio,18,0.43509137133757275,0.6079297661781311,0.709051724137931,0.8357162980008022,0.7111111111111111,0.0,0.0,0.0,0.0,0.0,0.0,0.0,0.0,0.0,2002,radio,0.5
3,5,lr1e-04_bs16_modL1_fusion64_fusionL1_drop0p2_trmiss50_trlocradio,16,0.0001,1,64,1,0.2,lr1e-04_bs16_modL1_fusion64_fusionL1_drop0p2_trmiss50_trlocradio,19,0.4079879621664683,0.6077966491381327,0.7155172413793104,0.8378586625431343,0.6888888888888889,0.0,0.0,0.0,0.0,0.0,0.0,0.0,0.0,0.0,2002,radio,0.5
3,5,lr1e-04_bs16_modL1_fusion64_fusionL1_drop0p2_trmiss50_trlocradio,16,0.0001,1,64,1,0.2,lr1e-04_bs16_modL1_fusion64_fusionL1_drop0p2_trmiss50_trlocradio,20,0.4258243789275487,0.6090157429377238,0.7112068965517242,0.8465437800981028,0.6888888888888889,0.0,0.0,0.0,0.0,0.0,0.0,0.0,0.0,0.0,2002,radio,0.5
3,5,lr1e-04_bs16_modL1_fusion64_fusionL1_drop0p2_trmiss50_trlocradio,16,0.0001,1,64,1,0.2,lr1e-04_bs16_modL1_fusion64_fusionL1_drop0p2_trmiss50_trlocradio,21,0.3888029952843984,0.6041891574859619,0.7241379310344828,0.8568423819222495,0.7333333333333333,0.0,0.0,0.0,0.0,0.0,0.0,0.0,0.0,0.0,2002,radio,0.5
3,5,lr1e-04_bs16_modL1_fusion64_fusionL1_drop0p2_trmiss50_trlocradio,16,0.0001,1,64,1,0.2,lr1e-04_bs16_modL1_fusion64_fusionL1_drop0p2_trmiss50_trlocradio,22,0.3845265880227089,0.6012858351071676,0.7219827586206897,0.8584258366472737,0.6888888888888889,0.0,0.0,0.0,0.0,0.0,0.0,0.0,0.0,0.0,2002,radio,0.5
3,5,lr1e-04_bs16_modL1_fusion64_fusionL1_drop0p2_trmiss50_trlocradio,16,0.0001,1,64,1,0.2,lr1e-04_bs16_modL1_fusion64_fusionL1_drop0p2_trmiss50_trlocradio,23,0.38538618634144467,0.6065046191215515,0.7176724137931034,0.8574362057868254,0.6888888888888889,0.0,0.0,0.0,0.0,0.0,0.0,0.0,0.0,0.0,2002,radio,0.5
3,5,lr1e-04_bs16_modL1_fusion64_fusionL1_drop0p2_trmiss50_trlocradio,16,0.0001,1,64,1,0.2,lr1e-04_bs16_modL1_fusion64_fusionL1_drop0p2_trmiss50_trlocradio,24,0.39613955467939377,0.5995831290880839,0.7198275862068966,0.8606330009055727,0.6888888888888889,0.0,0.0,0.0,0.0,0.0,0.0,0.0,0.0,0.0,2002,radio,0.5
3,5,lr1e-04_bs16_modL1_fusion64_fusionL1_drop0p2_trmiss50_trlocradio,16,0.0001,1,64,1,0.2,lr1e-04_bs16_modL1_fusion64_fusionL1_drop0p2_trmiss50_trlocradio,25,0.3577364186445872,0.6000068783760071,0.7198275862068965,0.8628282298089258,0.6666666666666666,0.0,0.0,0.0,0.0,0.0,0.0,0.0,0.0,0.0,2002,radio,0.5
3,5,lr1e-04_bs16_modL1_fusion64_fusionL1_drop0p2_trmiss50_trlocradio,16,0.0001,1,64,1,0.2,lr1e-04_bs16_modL1_fusion64_fusionL1_drop0p2_trmiss50_trlocradio,26,0.3360128675897916,0.5909244418144226,0.7435344827586206,0.8716455604247604,0.6888888888888889,0.0,0.0,0.0,0.0,0.0,0.0,0.0,0.0,0.0,2002,radio,0.5
3,5,lr1e-04_bs16_modL1_fusion64_fusionL1_drop0p2_trmiss50_trlocradio,16,0.0001,1,64,1,0.2,lr1e-04_bs16_modL1_fusion64_fusionL1_drop0p2_trmiss50_trlocradio,27,0.31461579849322635,0.5803881088892618,0.7607758620689655,0.8875495531539868,0.6666666666666666,0.0,0.0,0.0,0.0,0.0,0.0,0.0,0.0,0.0,2002,radio,0.5
3,5,lr1e-04_bs16_modL1_fusion64_fusionL1_drop0p2_trmiss50_trlocradio,16,0.0001,1,64,1,0.2,lr1e-04_bs16_modL1_fusion64_fusionL1_drop0p2_trmiss50_trlocradio,28,0.3229163760940234,0.5722109079360962,0.771551724137931,0.8922393522796632,0.6888888888888889,0.0,0.0,0.0,0.0,0.0,0.0,0.0,0.0,0.0,2002,radio,0.5
3,5,lr1e-04_bs16_modL1_fusion64_fusionL1_drop0p2_trmiss50_trlocradio,16,0.0001,1,64,1,0.2,lr1e-04_bs16_modL1_fusion64_fusionL1_drop0p2_trmiss50_trlocradio,29,0.3182932510972023,0.5693861544132233,0.7672413793103448,0.889343688137777,0.6888888888888889,0.0,0.0,0.0,0.0,0.0,0.0,0.0,0.0,0.0,2002,radio,0.5
3,5,lr1e-04_bs16_modL1_fusion64_fusionL1_drop0p2_trmiss50_trlocradio,16,0.0001,1,64,1,0.2,lr1e-04_bs16_modL1_fusion64_fusionL1_drop0p2_trmiss50_trlocradio,30,0.3297315041224162,0.5726603368918101,0.7672413793103448,0.8878713803089742,0.6888888888888889,0.0,0.0,0.0,0.0,0.0,0.0,0.0,0.0,0.0,2002,radio,0.5
3,5,lr1e-04_bs16_modL1_fusion64_fusionL1_drop0p2_trmiss50_trlocradio,16,0.0001,1,64,1,0.2,lr1e-04_bs16_modL1_fusion64_fusionL1_drop0p2_trmiss50_trlocradio,31,0.2861617070933183,0.5765043497085571,0.7650862068965516,0.8855230801239891,0.6888888888888889,0.0,0.0,0.0,0.0,0.0,0.0,0.0,0.0,0.0,2002,radio,0.5
3,5,lr1e-04_bs16_modL1_fusion64_fusionL1_drop0p2_trmiss50_trlocradio,16,0.0001,1,64,1,0.2,lr1e-04_bs16_modL1_fusion64_fusionL1_drop0p2_trmiss50_trlocradio,32,0.2846082424124082,0.5674723188082377,0.771551724137931,0.8901495628390701,0.6888888888888889,0.0,0.0,0.0,0.0,0.0,0.0,0.0,0.0,0.0,2002,radio,0.5
3,5,lr1e-04_bs16_modL1_fusion64_fusionL1_drop0p2_trmiss50_trlocradio,16,0.0001,1,64,1,0.2,lr1e-04_bs16_modL1_fusion64_fusionL1_drop0p2_trmiss50_trlocradio,33,0.2852030160526435,0.5760330160458883,0.7737068965517241,0.8930722104377926,0.6888888888888889,0.0,0.0,0.0,0.0,0.0,0.0,0.0,0.0,0.0,2002,radio,0.5
3,5,lr1e-04_bs16_modL1_fusion64_fusionL1_drop0p2_trmiss50_trlocradio,16,0.0001,1,64,1,0.2,lr1e-04_bs16_modL1_fusion64_fusionL1_drop0p2_trmiss50_trlocradio,34,0.284232247620821,0.5722314019997915,0.7715517241379312,0.8945316338340701,0.6444444444444445,0.0,0.0,0.0,0.0,0.0,0.0,0.0,0.0,0.0,2002,radio,0.5
3,5,lr1e-04_bs16_modL1_fusion64_fusionL1_drop0p2_trmiss50_trlocradio,16,0.0001,1,64,1,0.2,lr1e-04_bs16_modL1_fusion64_fusionL1_drop0p2_trmiss50_trlocradio,35,0.24905437976121902,0.5821376442909241,0.7586206896551724,0.8849983081778792,0.6666666666666666,0.0,0.0,0.0,0.0,0.0,0.0,0.0,0.0,0.0,2002,radio,0.5
3,5,lr1e-04_bs16_modL1_fusion64_fusionL1_drop0p2_trmiss50_trlocradio,16,0.0001,1,64,1,0.2,lr1e-04_bs16_modL1_fusion64_fusionL1_drop0p2_trmiss50_trlocradio,36,0.27228785182038945,0.5867312451203665,0.7564655172413793,0.886580451912339,0.6888888888888889,0.0,0.0,0.0,0.0,0.0,0.0,0.0,0.0,0.0,2002,radio,0.5
3,5,lr1e-04_bs16_modL1_fusion64_fusionL1_drop0p2_trmiss50_trlocradio,16,0.0001,1,64,1,0.2,lr1e-04_bs16_modL1_fusion64_fusionL1_drop0p2_trmiss50_trlocradio,37,0.2860540399948756,0.5735948185125986,0.7543103448275861,0.8845379833012845,0.6666666666666666,0.0,0.0,0.0,0.0,0.0,0.0,0.0,0.0,0.0,2002,radio,0.5
3,5,lr1e-04_bs16_modL1_fusion64_fusionL1_drop0p2_trmiss50_trlocradio,16,0.0001,1,64,1,0.2,lr1e-04_bs16_modL1_fusion64_fusionL1_drop0p2_trmiss50_trlocradio,38,0.24862164755662283,0.5818683505058289,0.7564655172413792,0.890361917995216,0.6666666666666666,0.0,0.0,0.0,0.0,0.0,0.0,0.0,0.0,0.0,2002,radio,0.5
3,5,lr1e-04_bs16_modL1_fusion64_fusionL1_drop0p2_trmiss50_trlocradio,16,0.0001,1,64,1,0.2,lr1e-04_bs16_modL1_fusion64_fusionL1_drop0p2_trmiss50_trlocradio,39,0.2446198264757792,0.5758961538473765,0.7543103448275862,0.8865446688853982,0.6666666666666666,0.0,0.0,0.0,0.0,0.0,0.0,0.0,0.0,0.0,2002,radio,0.5
3,5,lr1e-04_bs16_modL1_fusion64_fusionL1_drop0p2_trmiss50_trlocradio,16,0.0001,1,64,1,0.2,lr1e-04_bs16_modL1_fusion64_fusionL1_drop0p2_trmiss50_trlocradio,40,0.24444800366957983,0.5673720935980479,0.7586206896551725,0.885668915766598,0.6666666666666666,0.0,0.0,0.0,0.0,0.0,0.0,0.0,0.0,0.0,2002,radio,0.5
3,5,lr1e-04_bs16_modL1_fusion64_fusionL1_drop0p2_trmiss50_trlocradio,16,0.0001,1,64,1,0.2,lr1e-04_bs16_modL1_fusion64_fusionL1_drop0p2_trmiss50_trlocradio,41,0.2251727618277073,0.5703535775343577,0.7607758620689655,0.88466911678592,0.6444444444444445,0.0,0.0,0.0,0.0,0.0,0.0,0.0,0.0,0.0,2002,radio,0.5
3,5,lr1e-04_bs16_modL1_fusion64_fusionL1_drop0p2_trmiss50_trlocradio,16,0.0001,1,64,1,0.2,lr1e-04_bs16_modL1_fusion64_fusionL1_drop0p2_trmiss50_trlocradio,42,0.2161029875278473,0.567890057961146,0.7672413793103448,0.8893561327793593,0.6666666666666666,0.0,0.0,0.0,0.0,0.0,0.0,0.0,0.0,0.0,2002,radio,0.5
3,5,lr1e-04_bs16_modL1_fusion64_fusionL1_drop0p2_trmiss50_trlocradio,16,0.0001,1,64,1,0.2,lr1e-04_bs16_modL1_fusion64_fusionL1_drop0p2_trmiss50_trlocradio,43,0.2294418029487133,0.5660070578257242,0.7801724137931034,0.8964075511757217,0.6666666666666666,0.0,0.0,0.0,0.0,0.0,0.0,0.0,0.0,0.0,2002,radio,0.5
3,5,lr1e-04_bs16_modL1_fusion64_fusionL1_drop0p2_trmiss50_trlocradio,16,0.0001,1,64,1,0.2,lr1e-04_bs16_modL1_fusion64_fusionL1_drop0p2_trmiss50_trlocradio,44,0.24457583079735437,0.5705869197845459,0.7823275862068965,0.8987408645801487,0.6888888888888889,0.0,0.0,0.0,0.0,0.0,0.0,0.0,0.0,0.0,2002,radio,0.5
3,5,lr1e-04_bs16_modL1_fusion64_fusionL1_drop0p2_trmiss50_trlocradio,16,0.0001,1,64,1,0.2,lr1e-04_bs16_modL1_fusion64_fusionL1_drop0p2_trmiss50_trlocradio,45,0.21132457504669824,0.5642892817656199,0.7780172413793104,0.89913337986815,0.6666666666666666,0.0,0.0,0.0,0.0,0.0,0.0,0.0,0.0,0.0,2002,radio,0.5
3,5,lr1e-04_bs16_modL1_fusion64_fusionL1_drop0p2_trmiss50_trlocradio,16,0.0001,1,64,1,0.2,lr1e-04_bs16_modL1_fusion64_fusionL1_drop0p2_trmiss50_trlocradio,46,0.20580083255966505,0.553380290667216,0.7758620689655173,0.8950699353095193,0.6666666666666666,0.0,0.0,0.0,0.0,0.0,0.0,0.0,0.0,0.0,2002,radio,0.5
3,5,lr1e-04_bs16_modL1_fusion64_fusionL1_drop0p2_trmiss50_trlocradio,16,0.0001,1,64,1,0.2,lr1e-04_bs16_modL1_fusion64_fusionL1_drop0p2_trmiss50_trlocradio,47,0.21278236558039984,0.5557650327682495,0.7780172413793103,0.897929481146357,0.6888888888888889,0.0,0.0,0.0,0.0,0.0,0.0,0.0,0.0,0.0,2002,radio,0.5
3,5,lr1e-04_bs16_modL1_fusion64_fusionL1_drop0p2_trmiss50_trlocradio,16,0.0001,1,64,1,0.2,lr1e-04_bs16_modL1_fusion64_fusionL1_drop0p2_trmiss50_trlocradio,48,0.21326814343531927,0.5553675293922424,0.7758620689655173,0.8952389751090388,0.6666666666666666,0.0,0.0,0.0,0.0,0.0,0.0,0.0,0.0,0.0,2002,radio,0.5
3,5,lr1e-04_bs16_modL1_fusion64_fusionL1_drop0p2_trmiss50_trlocradio,16,0.0001,1,64,1,0.2,lr1e-04_bs16_modL1_fusion64_fusionL1_drop0p2_trmiss50_trlocradio,49,0.21392439802487692,0.557897130648295,0.7780172413793104,0.897256481583697,0.6666666666666666,0.0,0.0,0.0,0.0,0.0,0.0,0.0,0.0,0.0,2002,radio,0.5
3,5,lr1e-04_bs16_modL1_fusion64_fusionL1_drop0p2_trmiss50_trlocradio,16,0.0001,1,64,1,0.2,lr1e-04_bs16_modL1_fusion64_fusionL1_drop0p2_trmiss50_trlocradio,50,0.19357446332772574,0.551499088605245,0.7823275862068966,0.8993048018722074,0.6888888888888889,0.0,0.0,0.0,0.0,0.0,0.0,0.0,0.0,0.0,2002,radio,0.5
3,5,lr1e-04_bs16_modL1_fusion64_fusionL1_drop0p2_trmiss50_trlocradio,16,0.0001,1,64,1,0.2,lr1e-04_bs16_modL1_fusion64_fusionL1_drop0p2_trmiss50_trlocradio,51,0.21309824287891388,0.5549183487892151,0.7801724137931033,0.8982573523261674,0.6666666666666666,0.0,0.0,0.0,0.0,0.0,0.0,0.0,0.0,0.0,2002,radio,0.5
3,5,lr1e-04_bs16_modL1_fusion64_fusionL1_drop0p2_trmiss50_trlocradio,16,0.0001,1,64,1,0.2,lr1e-04_bs16_modL1_fusion64_fusionL1_drop0p2_trmiss50_trlocradio,52,0.18180818234880766,0.5557268361250559,0.7844827586206897,0.8996823218250867,0.6666666666666666,0.0,0.0,0.0,0.0,0.0,0.0,0.0,0.0,0.0,2002,radio,0.5
3,5,lr1e-04_bs16_modL1_fusion64_fusionL1_drop0p2_trmiss50_trlocradio,16,0.0001,1,64,1,0.2,lr1e-04_bs16_modL1_fusion64_fusionL1_drop0p2_trmiss50_trlocradio,53,0.1989669737716516,0.5662558078765869,0.7801724137931034,0.8970694669223591,0.6444444444444445,0.0,0.0,0.0,0.0,0.0,0.0,0.0,0.0,0.0,2002,radio,0.5
3,5,lr1e-04_bs16_modL1_fusion64_fusionL1_drop0p2_trmiss50_trlocradio,16,0.0001,1,64,1,0.2,lr1e-04_bs16_modL1_fusion64_fusionL1_drop0p2_trmiss50_trlocradio,54,0.197441595296065,0.5696426828702291,0.7758620689655172,0.894178335925293,0.6444444444444445,0.0,0.0,0.0,0.0,0.0,0.0,0.0,0.0,0.0,2002,radio,0.5
3,5,lr1e-04_bs16_modL1_fusion64_fusionL1_drop0p2_trmiss50_trlocradio,16,0.0001,1,64,1,0.2,lr1e-04_bs16_modL1_fusion64_fusionL1_drop0p2_trmiss50_trlocradio,55,0.17087444042166075,0.5671159227689108,0.769396551724138,0.8919724986768862,0.6666666666666666,0.0,0.0,0.0,0.0,0.0,0.0,0.0,0.0,0.0,2002,radio,0.5
3,5,lr1e-04_bs16_modL1_fusion64_fusionL1_drop0p2_trmiss50_trlocradio,16,0.0001,1,64,1,0.2,lr1e-04_bs16_modL1_fusion64_fusionL1_drop0p2_trmiss50_trlocradio,56,0.2569364334146182,0.5832090775171915,0.7758620689655173,0.8940747092791028,0.6666666666666666,0.0,0.0,0.0,0.0,0.0,0.0,0.0,0.0,0.0,2002,radio,0.5
3,5,lr1e-04_bs16_modL1_fusion64_fusionL1_drop0p2_trmiss50_trlocradio,16,0.0001,1,64,1,0.2,lr1e-04_bs16_modL1_fusion64_fusionL1_drop0p2_trmiss50_trlocradio,57,0.18919106448690096,0.5609239538510641,0.7844827586206896,0.900702825517909,0.6888888888888889,0.0,0.0,0.0,0.0,0.0,0.0,0.0,0.0,0.0,2002,radio,0.5
3,5,lr1e-04_bs16_modL1_fusion64_fusionL1_drop0p2_trmiss50_trlocradio,16,0.0001,1,64,1,0.2,lr1e-04_bs16_modL1_fusion64_fusionL1_drop0p2_trmiss50_trlocradio,58,0.1850029726823171,0.5608219305674235,0.7801724137931035,0.8996570180203789,0.6666666666666666,0.0,0.0,0.0,0.0,0.0,0.0,0.0,0.0,0.0,2002,radio,0.5
3,5,lr1e-04_bs16_modL1_fusion64_fusionL1_drop0p2_trmiss50_trlocradio,16,0.0001,1,64,1,0.2,lr1e-04_bs16_modL1_fusion64_fusionL1_drop0p2_trmiss50_trlocradio,59,0.18238655850291252,0.5568111737569174,0.7866379310344828,0.9016838415402686,0.6666666666666666,0.0,0.0,0.0,0.0,0.0,0.0,0.0,0.0,0.0,2002,radio,0.5
3,5,lr1e-04_bs16_modL1_fusion64_fusionL1_drop0p2_trmiss50_trlocradio,16,0.0001,1,64,1,0.2,lr1e-04_bs16_modL1_fusion64_fusionL1_drop0p2_trmiss50_trlocradio,60,0.17107713098327318,0.5580118993918101,0.7844827586206896,0.9013671387206899,0.6666666666666666,0.0,0.0,0.0,0.0,0.0,0.0,0.0,0.0,0.0,2002,radio,0.5
3,5,lr1e-04_bs16_modL1_fusion64_fusionL1_drop0p2_trmiss50_trlocradio,16,0.0001,1,64,1,0.2,lr1e-04_bs16_modL1_fusion64_fusionL1_drop0p2_trmiss50_trlocradio,61,0.18514972801009813,0.5566814243793488,0.7823275862068966,0.8987988715722126,0.6666666666666666,0.0,0.0,0.0,0.0,0.0,0.0,0.0,0.0,0.0,2002,radio,0.5
3,5,lr1e-04_bs16_modL1_fusion64_fusionL1_drop0p2_trmiss50_trlocradio,16,0.0001,1,64,1,0.2,lr1e-04_bs16_modL1_fusion64_fusionL1_drop0p2_trmiss50_trlocradio,62,0.1663662108282248,0.5577102402846018,0.7758620689655172,0.8960009568137828,0.6666666666666666,0.0,0.0,0.0,0.0,0.0,0.0,0.0,0.0,0.0,2002,radio,0.5
3,5,lr1e-04_bs16_modL1_fusion64_fusionL1_drop0p2_trmiss50_trlocradio,16,0.0001,1,64,1,0.2,lr1e-04_bs16_modL1_fusion64_fusionL1_drop0p2_trmiss50_trlocradio,63,0.1817570390800635,0.5614248514175415,0.7737068965517241,0.8936079066450315,0.6666666666666666,0.0,0.0,0.0,0.0,0.0,0.0,0.0,0.0,0.0,2002,radio,0.5
3,5,lr1e-04_bs16_modL1_fusion64_fusionL1_drop0p2_trmiss50_trlocradio,16,0.0001,1,64,1,0.2,lr1e-04_bs16_modL1_fusion64_fusionL1_drop0p2_trmiss50_trlocradio,64,0.19083443532387415,0.5503381490707397,0.7844827586206896,0.8993730613483817,0.6666666666666666,0.0,0.0,0.0,0.0,0.0,0.0,0.0,0.0,0.0,2002,radio,0.5
3,5,lr1e-04_bs16_modL1_fusion64_fusionL1_drop0p2_trmiss50_trlocradio,16,0.0001,1,64,1,0.2,lr1e-04_bs16_modL1_fusion64_fusionL1_drop0p2_trmiss50_trlocradio,65,0.17209630707899728,0.5542265375455221,0.7887931034482759,0.9014080633833836,0.6888888888888889,0.0,0.0,0.0,0.0,0.0,0.0,0.0,0.0,0.0,2002,radio,0.5
3,5,lr1e-04_bs16_modL1_fusion64_fusionL1_drop0p2_trmiss50_trlocradio,16,0.0001,1,64,1,0.2,lr1e-04_bs16_modL1_fusion64_fusionL1_drop0p2_trmiss50_trlocradio,66,0.18203076347708702,0.5624473790327708,0.7737068965517242,0.8921707999721236,0.6888888888888889,0.0,0.0,0.0,0.0,0.0,0.0,0.0,0.0,0.0,2002,radio,0.5
3,5,lr1e-04_bs16_modL1_fusion64_fusionL1_drop0p2_trmiss50_trlocradio,16,0.0001,1,64,1,0.2,lr1e-04_bs16_modL1_fusion64_fusionL1_drop0p2_trmiss50_trlocradio,67,0.17050770297646523,0.5607950389385223,0.7801724137931034,0.8959542960529547,0.6888888888888889,0.0,0.0,0.0,0.0,0.0,0.0,0.0,0.0,0.0,2002,radio,0.5
3,5,lr1e-04_bs16_modL1_fusion64_fusionL1_drop0p2_trmiss50_trlocradio,16,0.0001,1,64,1,0.2,lr1e-04_bs16_modL1_fusion64_fusionL1_drop0p2_trmiss50_trlocradio,68,0.20523608972628912,0.5675948858261108,0.7801724137931035,0.8957391579009277,0.6666666666666666,0.0,0.0,0.0,0.0,0.0,0.0,0.0,0.0,0.0,2002,radio,0.5
3,5,lr1e-04_bs16_modL1_fusion64_fusionL1_drop0p2_trmiss50_trlocradio,16,0.0001,1,64,1,0.2,lr1e-04_bs16_modL1_fusion64_fusionL1_drop0p2_trmiss50_trlocradio,69,0.18661141892274222,0.5695406397183737,0.7780172413793104,0.89422252436764,0.6666666666666666,0.0,0.0,0.0,0.0,0.0,0.0,0.0,0.0,0.0,2002,radio,0.5
3,5,lr1e-04_bs16_modL1_fusion64_fusionL1_drop0p2_trmiss50_trlocradio,16,0.0001,1,64,1,0.2,lr1e-04_bs16_modL1_fusion64_fusionL1_drop0p2_trmiss50_trlocradio,70,0.18135745326677957,0.5610328714052836,0.7801724137931034,0.8960766028578733,0.6888888888888889,0.0,0.0,0.0,0.0,0.0,0.0,0.0,0.0,0.0,2002,radio,0.5
3,5,lr1e-04_bs16_modL1_fusion64_fusionL1_drop0p2_trmiss50_trlocradio,16,0.0001,1,64,1,0.2,lr1e-04_bs16_modL1_fusion64_fusionL1_drop0p2_trmiss50_trlocradio,71,0.17106801395614943,0.5618569254875183,0.7758620689655172,0.8953342397337263,0.6666666666666666,0.0,0.0,0.0,0.0,0.0,0.0,0.0,0.0,0.0,2002,radio,0.5
3,5,lr1e-04_bs16_modL1_fusion64_fusionL1_drop0p2_trmiss50_trlocradio,16,0.0001,1,64,1,0.2,lr1e-04_bs16_modL1_fusion64_fusionL1_drop0p2_trmiss50_trlocradio,72,0.16875152910749117,0.5622385442256927,0.7801724137931034,0.8969034802697793,0.6888888888888889,0.0,0.0,0.0,0.0,0.0,0.0,0.0,0.0,0.0,2002,radio,0.5
3,5,lr1e-04_bs16_modL1_fusion64_fusionL1_drop0p2_trmiss50_trlocradio,16,0.0001,1,64,1,0.2,lr1e-04_bs16_modL1_fusion64_fusionL1_drop0p2_trmiss50_trlocradio,73,0.2037181481719017,0.5562725861867269,0.7887931034482759,0.9026636630775591,0.6888888888888889,0.0,0.0,0.0,0.0,0.0,0.0,0.0,0.0,0.0,2002,radio,0.5
3,5,lr1e-04_bs16_modL1_fusion64_fusionL1_drop0p2_trmiss50_trlocradio,16,0.0001,1,64,1,0.2,lr1e-04_bs16_modL1_fusion64_fusionL1_drop0p2_trmiss50_trlocradio,74,0.22913560147086778,0.5730330049991608,0.7823275862068966,0.8990513339577872,0.6888888888888889,0.0,0.0,0.0,0.0,0.0,0.0,0.0,0.0,0.0,2002,radio,0.5
3,5,lr1e-04_bs16_modL1_fusion64_fusionL1_drop0p2_trmiss50_trlocradio,16,0.0001,1,64,1,0.2,lr1e-04_bs16_modL1_fusion64_fusionL1_drop0p2_trmiss50_trlocradio,75,0.1943383403122425,0.5558803280194601,0.7844827586206897,0.9005402613087836,0.6888888888888889,0.0,0.0,0.0,0.0,0.0,0.0,0.0,0.0,0.0,2002,radio,0.5
3,5,lr1e-04_bs16_modL1_fusion64_fusionL1_drop0p2_trmiss50_trlocradio,16,0.0001,1,64,1,0.2,lr1e-04_bs16_modL1_fusion64_fusionL1_drop0p2_trmiss50_trlocradio,76,0.2028608409066995,0.5617449978987376,0.7823275862068967,0.8978794089013888,0.6666666666666666,0.0,0.0,0.0,0.0,0.0,0.0,0.0,0.0,0.0,2002,radio,0.5
3,5,lr1e-04_bs16_modL1_fusion64_fusionL1_drop0p2_trmiss50_trlocradio,16,0.0001,1,64,1,0.2,lr1e-04_bs16_modL1_fusion64_fusionL1_drop0p2_trmiss50_trlocradio,77,0.17403706535696983,0.5621063510576884,0.7801724137931034,0.8961653536483136,0.6888888888888889,0.0,0.0,0.0,0.0,0.0,0.0,0.0,0.0,0.0,2002,radio,0.5
3,5,lr1e-04_bs16_modL1_fusion64_fusionL1_drop0p2_trmiss50_trlocradio,16,0.0001,1,64,1,0.2,lr1e-04_bs16_modL1_fusion64_fusionL1_drop0p2_trmiss50_trlocradio,78,0.17764597634474436,0.5664150714874268,0.7737068965517242,0.8922631030929191,0.6888888888888889,0.0,0.0,0.0,0.0,0.0,0.0,0.0,0.0,0.0,2002,radio,0.5
3,5,lr1e-04_bs16_modL1_fusion64_fusionL1_drop0p2_trmiss50_trlocradio,16,0.0001,1,64,1,0.2,lr1e-04_bs16_modL1_fusion64_fusionL1_drop0p2_trmiss50_trlocradio,79,0.16994744911789894,0.5575766464074453,0.7780172413793103,0.8951028751680736,0.6666666666666666,0.0,0.0,0.0,0.0,0.0,0.0,0.0,0.0,0.0,2002,radio,0.5
3,5,lr1e-04_bs16_modL1_fusion64_fusionL1_drop0p2_trmiss50_trlocradio,16,0.0001,1,64,1,0.2,lr1e-04_bs16_modL1_fusion64_fusionL1_drop0p2_trmiss50_trlocradio,80,0.2143084667623043,0.563623050848643,0.7823275862068966,0.8965003897501722,0.6666666666666666,0.0,0.0,0.0,0.0,0.0,0.0,0.0,0.0,0.0,2002,radio,0.5
3,5,lr1e-04_bs16_modL1_fusion64_fusionL1_drop0p1_trmiss50_trlocradio,16,0.0001,1,64,1,0.1,lr1e-04_bs16_modL1_fusion64_fusionL1_drop0p1_trmiss50_trlocradio,1,0.705798551440239,0.6895392934481303,0.5581896551724138,0.7179189197990562,0.5111111111111111,0.0,0.0,0.0,0.0,0.0,0.0,0.0,0.0,0.0,2002,radio,0.5
3,5,lr1e-04_bs16_modL1_fusion64_fusionL1_drop0p1_trmiss50_trlocradio,16,0.0001,1,64,1,0.1,lr1e-04_bs16_modL1_fusion64_fusionL1_drop0p1_trmiss50_trlocradio,2,0.6267887105544409,0.6738622188568115,0.646551724137931,0.7741718684180813,0.5777777777777777,0.0,0.0,0.0,0.0,0.0,0.0,0.0,0.0,0.0,2002,radio,0.5
3,5,lr1e-04_bs16_modL1_fusion64_fusionL1_drop0p1_trmiss50_trlocradio,16,0.0001,1,64,1,0.1,lr1e-04_bs16_modL1_fusion64_fusionL1_drop0p1_trmiss50_trlocradio,3,0.5989407648642858,0.6692456007003784,0.6336206896551724,0.7621265338540641,0.6,0.0,0.0,0.0,0.0,0.0,0.0,0.0,0.0,0.0,2002,radio,0.5
3,5,lr1e-04_bs16_modL1_fusion64_fusionL1_drop0p1_trmiss50_trlocradio,16,0.0001,1,64,1,0.1,lr1e-04_bs16_modL1_fusion64_fusionL1_drop0p1_trmiss50_trlocradio,4,0.5693039844433466,0.6612144509951273,0.6422413793103449,0.7633133688659661,0.6,0.0,0.0,0.0,0.0,0.0,0.0,0.0,0.0,0.0,2002,radio,0.5
3,5,lr1e-04_bs16_modL1_fusion64_fusionL1_drop0p1_trmiss50_trlocradio,16,0.0001,1,64,1,0.1,lr1e-04_bs16_modL1_fusion64_fusionL1_drop0p1_trmiss50_trlocradio,5,0.5526410763462385,0.6630041003227234,0.625,0.7661293030312092,0.5777777777777777,0.0,0.0,0.0,0.0,0.0,0.0,0.0,0.0,0.0,2002,radio,0.5
3,5,lr1e-04_bs16_modL1_fusion64_fusionL1_drop0p1_trmiss50_trlocradio,16,0.0001,1,64,1,0.1,lr1e-04_bs16_modL1_fusion64_fusionL1_drop0p1_trmiss50_trlocradio,6,0.5303207586208979,0.6640387376149496,0.6206896551724138,0.7747045426101641,0.5111111111111111,0.0,0.0,0.0,0.0,0.0,0.0,0.0,0.0,0.0,2002,radio,0.5
3,5,lr1e-04_bs16_modL1_fusion64_fusionL1_drop0p1_trmiss50_trlocradio,16,0.0001,1,64,1,0.1,lr1e-04_bs16_modL1_fusion64_fusionL1_drop0p1_trmiss50_trlocradio,7,0.5224943682551384,0.6603392163912455,0.6336206896551724,0.7979264453485848,0.5333333333333333,0.0,0.0,0.0,0.0,0.0,0.0,0.0,0.0,0.0,2002,radio,0.5
3,5,lr1e-04_bs16_modL1_fusion64_fusionL1_drop0p1_trmiss50_trlocradio,16,0.0001,1,64,1,0.1,lr1e-04_bs16_modL1_fusion64_fusionL1_drop0p1_trmiss50_trlocradio,8,0.510732039809227,0.6623246471087137,0.6357758620689655,0.7927730689939567,0.5555555555555556,0.0,0.0,0.0,0.0,0.0,0.0,0.0,0.0,0.0,2002,radio,0.5
3,5,lr1e-04_bs16_modL1_fusion64_fusionL1_drop0p1_trmiss50_trlocradio,16,0.0001,1,64,1,0.1,lr1e-04_bs16_modL1_fusion64_fusionL1_drop0p1_trmiss50_trlocradio,9,0.508433664838473,0.6509522795677185,0.6487068965517242,0.7835905857822381,0.6222222222222222,0.0,0.0,0.0,0.0,0.0,0.0,0.0,0.0,0.0,2002,radio,0.5
3,5,lr1e-04_bs16_modL1_fusion64_fusionL1_drop0p1_trmiss50_trlocradio,16,0.0001,1,64,1,0.1,lr1e-04_bs16_modL1_fusion64_fusionL1_drop0p1_trmiss50_trlocradio,10,0.47216304391622543,0.6383642554283142,0.6594827586206896,0.7753322470150551,0.6222222222222222,0.0,0.0,0.0,0.0,0.0,0.0,0.0,0.0,0.0,2002,radio,0.5
3,5,lr1e-04_bs16_modL1_fusion64_fusionL1_drop0p1_trmiss50_trlocradio,16,0.0001,1,64,1,0.1,lr1e-04_bs16_modL1_fusion64_fusionL1_drop0p1_trmiss50_trlocradio,11,0.48826348036527634,0.6371196508407593,0.6357758620689655,0.7806129480925637,0.6222222222222222,0.0,0.0,0.0,0.0,0.0,0.0,0.0,0.0,0.0,2002,radio,0.5
3,5,lr1e-04_bs16_modL1_fusion64_fusionL1_drop0p1_trmiss50_trlocradio,16,0.0001,1,64,1,0.1,lr1e-04_bs16_modL1_fusion64_fusionL1_drop0p1_trmiss50_trlocradio,12,0.4637255867322286,0.6439705689748129,0.6206896551724138,0.78221972242221,0.5555555555555556,0.0,0.0,0.0,0.0,0.0,0.0,0.0,0.0,0.0,2002,radio,0.5
3,5,lr1e-04_bs16_modL1_fusion64_fusionL1_drop0p1_trmiss50_trlocradio,16,0.0001,1,64,1,0.1,lr1e-04_bs16_modL1_fusion64_fusionL1_drop0p1_trmiss50_trlocradio,13,0.42417845626672107,0.6436488231023153,0.625,0.7907554297780259,0.5777777777777777,0.0,0.0,0.0,0.0,0.0,0.0,0.0,0.0,0.0,2002,radio,0.5
3,5,lr1e-04_bs16_modL1_fusion64_fusionL1_drop0p1_trmiss50_trlocradio,16,0.0001,1,64,1,0.1,lr1e-04_bs16_modL1_fusion64_fusionL1_drop0p1_trmiss50_trlocradio,14,0.4318200498819351,0.6436342398325602,0.6487068965517242,0.8020373120941455,0.6,0.0,0.0,0.0,0.0,0.0,0.0,0.0,0.0,0.0,2002,radio,0.5
3,5,lr1e-04_bs16_modL1_fusion64_fusionL1_drop0p1_trmiss50_trlocradio,16,0.0001,1,64,1,0.1,lr1e-04_bs16_modL1_fusion64_fusionL1_drop0p1_trmiss50_trlocradio,15,0.4203738371531169,0.6392020781834921,0.6293103448275862,0.7920690107233836,0.5777777777777777,0.0,0.0,0.0,0.0,0.0,0.0,0.0,0.0,0.0,2002,radio,0.5
3,5,lr1e-04_bs16_modL1_fusion64_fusionL1_drop0p1_trmiss50_trlocradio,16,0.0001,1,64,1,0.1,lr1e-04_bs16_modL1_fusion64_fusionL1_drop0p1_trmiss50_trlocradio,16,0.426527959605058,0.6305228273073832,0.6724137931034483,0.8082228841178887,0.5777777777777777,0.0,0.0,0.0,0.0,0.0,0.0,0.0,0.0,0.0,2002,radio,0.5
3,5,lr1e-04_bs16_modL1_fusion64_fusionL1_drop0p1_trmiss50_trlocradio,16,0.0001,1,64,1,0.1,lr1e-04_bs16_modL1_fusion64_fusionL1_drop0p1_trmiss50_trlocradio,17,0.39469972004493076,0.6262559692064921,0.6487068965517242,0.802552484252502,0.6,0.0,0.0,0.0,0.0,0.0,0.0,0.0,0.0,0.0,2002,radio,0.5
3,5,lr1e-04_bs16_modL1_fusion64_fusionL1_drop0p1_trmiss50_trlocradio,16,0.0001,1,64,1,0.1,lr1e-04_bs16_modL1_fusion64_fusionL1_drop0p1_trmiss50_trlocradio,18,0.3687443162004153,0.6270600954691569,0.6551724137931034,0.805709958053024,0.5777777777777777,0.0,0.0,0.0,0.0,0.0,0.0,0.0,0.0,0.0,2002,radio,0.5
3,5,lr1e-04_bs16_modL1_fusion64_fusionL1_drop0p1_trmiss50_trlocradio,16,0.0001,1,64,1,0.1,lr1e-04_bs16_modL1_fusion64_fusionL1_drop0p1_trmiss50_trlocradio,19,0.36479412764310837,0.6459273894627889,0.625,0.7760490037451754,0.5555555555555556,0.0,0.0,0.0,0.0,0.0,0.0,0.0,0.0,0.0,2002,radio,0.5
3,5,lr1e-04_bs16_modL1_fusion64_fusionL1_drop0p1_trmiss50_trlocradio,16,0.0001,1,64,1,0.1,lr1e-04_bs16_modL1_fusion64_fusionL1_drop0p1_trmiss50_trlocradio,20,0.35641289005676907,0.6440913279851278,0.625,0.7736479044646222,0.5555555555555556,0.0,0.0,0.0,0.0,0.0,0.0,0.0,0.0,0.0,2002,radio,0.5
3,5,lr1e-04_bs16_modL1_fusion64_fusionL1_drop0p1_trmiss50_trlocradio,16,0.0001,1,64,1,0.1,lr1e-04_bs16_modL1_fusion64_fusionL1_drop0p1_trmiss50_trlocradio,21,0.389271800716718,0.6213727593421936,0.6745689655172413,0.7953776609918762,0.6222222222222222,0.0,0.0,0.0,0.0,0.0,0.0,0.0,0.0,0.0,2002,radio,0.5
3,5,lr1e-04_bs16_modL1_fusion64_fusionL1_drop0p1_trmiss50_trlocradio,16,0.0001,1,64,1,0.1,lr1e-04_bs16_modL1_fusion64_fusionL1_drop0p1_trmiss50_trlocradio,22,0.3589100067814191,0.6343177954355875,0.6681034482758621,0.8120324568561308,0.6,0.0,0.0,0.0,0.0,0.0,0.0,0.0,0.0,0.0,2002,radio,0.5
3,5,lr1e-04_bs16_modL1_fusion64_fusionL1_drop0p1_trmiss50_trlocradio,16,0.0001,1,64,1,0.1,lr1e-04_bs16_modL1_fusion64_fusionL1_drop0p1_trmiss50_trlocradio,23,0.34977130591869354,0.6495241125424703,0.6379310344827587,0.7977587149291757,0.5555555555555556,0.0,0.0,0.0,0.0,0.0,0.0,0.0,0.0,0.0,2002,radio,0.5
3,5,lr1e-04_bs16_modL1_fusion64_fusionL1_drop0p1_trmiss50_trlocradio,16,0.0001,1,64,1,0.1,lr1e-04_bs16_modL1_fusion64_fusionL1_drop0p1_trmiss50_trlocradio,24,0.32618070145448047,0.6331792871157328,0.6551724137931034,0.817038321594965,0.5777777777777777,0.0,0.0,0.0,0.0,0.0,0.0,0.0,0.0,0.0,2002,radio,0.5
3,5,lr1e-04_bs16_modL1_fusion64_fusionL1_drop0p1_trmiss50_trlocradio,16,0.0001,1,64,1,0.1,lr1e-04_bs16_modL1_fusion64_fusionL1_drop0p1_trmiss50_trlocradio,25,0.3443004737297694,0.6320778131484985,0.6637931034482758,0.8196585210300555,0.6222222222222222,0.0,0.0,0.0,0.0,0.0,0.0,0.0,0.0,0.0,2002,radio,0.5
3,5,lr1e-04_bs16_modL1_fusion64_fusionL1_drop0p1_trmiss50_trlocradio,16,0.0001,1,64,1,0.1,lr1e-04_bs16_modL1_fusion64_fusionL1_drop0p1_trmiss50_trlocradio,26,0.29847903549671173,0.6387654741605123,0.6551724137931034,0.8131875571094511,0.6,0.0,0.0,0.0,0.0,0.0,0.0,0.0,0.0,0.0,2002,radio,0.5
3,5,lr1e-04_bs16_modL1_fusion64_fusionL1_drop0p1_trmiss50_trlocradio,16,0.0001,1,64,1,0.1,lr1e-04_bs16_modL1_fusion64_fusionL1_drop0p1_trmiss50_trlocradio,27,0.3141702512900035,0.6349438627560934,0.665948275862069,0.8220631255921627,0.6222222222222222,0.0,0.0,0.0,0.0,0.0,0.0,0.0,0.0,0.0,2002,radio,0.5
3,5,lr1e-04_bs16_modL1_fusion64_fusionL1_drop0p1_trmiss50_trlocradio,16,0.0001,1,64,1,0.1,lr1e-04_bs16_modL1_fusion64_fusionL1_drop0p1_trmiss50_trlocradio,28,0.2851322653392951,0.6311407089233398,0.665948275862069,0.8236960586384137,0.5777777777777777,0.0,0.0,0.0,0.0,0.0,0.0,0.0,0.0,0.0,2002,radio,0.5
3,5,lr1e-04_bs16_modL1_fusion64_fusionL1_drop0p1_trmiss50_trlocradio,16,0.0001,1,64,1,0.1,lr1e-04_bs16_modL1_fusion64_fusionL1_drop0p1_trmiss50_trlocradio,29,0.27611417323350906,0.6378990809122721,0.6616379310344828,0.8248411211961608,0.5555555555555556,0.0,0.0,0.0,0.0,0.0,0.0,0.0,0.0,0.0,2002,radio,0.5
3,5,lr1e-04_bs16_modL1_fusion64_fusionL1_drop0p1_trmiss50_trlocradio,16,0.0001,1,64,1,0.1,lr1e-04_bs16_modL1_fusion64_fusionL1_drop0p1_trmiss50_trlocradio,30,0.29860109090805054,0.6341645916302999,0.6573275862068966,0.8227884868768776,0.5777777777777777,0.0,0.0,0.0,0.0,0.0,0.0,0.0,0.0,0.0,2002,radio,0.5
3,5,lr1e-04_bs16_modL1_fusion64_fusionL1_drop0p1_trmiss50_trlocradio,16,0.0001,1,64,1,0.1,lr1e-04_bs16_modL1_fusion64_fusionL1_drop0p1_trmiss50_trlocradio,31,0.285471398383379,0.63432910044988,0.6530172413793103,0.8155349316794644,0.6,0.0,0.0,0.0,0.0,0.0,0.0,0.0,0.0,0.0,2002,radio,0.5
3,5,lr1e-04_bs16_modL1_fusion64_fusionL1_drop0p1_trmiss50_trlocradio,16,0.0001,1,64,1,0.1,lr1e-04_bs16_modL1_fusion64_fusionL1_drop0p1_trmiss50_trlocradio,32,0.2771017166475455,0.6382375756899515,0.6551724137931034,0.8141512953390508,0.6222222222222222,0.0,0.0,0.0,0.0,0.0,0.0,0.0,0.0,0.0,2002,radio,0.5
3,5,lr1e-04_bs16_modL1_fusion64_fusionL1_drop0p1_trmiss50_trlocradio,16,0.0001,1,64,1,0.1,lr1e-04_bs16_modL1_fusion64_fusionL1_drop0p1_trmiss50_trlocradio,33,0.2517866293589274,0.6410779555638632,0.6487068965517242,0.8086281459394058,0.6,0.0,0.0,0.0,0.0,0.0,0.0,0.0,0.0,0.0,2002,radio,0.5
3,5,lr1e-04_bs16_modL1_fusion64_fusionL1_drop0p1_trmiss50_trlocradio,16,0.0001,1,64,1,0.1,lr1e-04_bs16_modL1_fusion64_fusionL1_drop0p1_trmiss50_trlocradio,34,0.288015761723121,0.6484340826670328,0.6487068965517242,0.8102855689761392,0.6,0.0,0.0,0.0,0.0,0.0,0.0,0.0,0.0,0.0,2002,radio,0.5
3,5,lr1e-04_bs16_modL1_fusion64_fusionL1_drop0p1_trmiss50_trlocradio,16,0.0001,1,64,1,0.1,lr1e-04_bs16_modL1_fusion64_fusionL1_drop0p1_trmiss50_trlocradio,35,0.24681900069117546,0.6489302317301432,0.646551724137931,0.8110445834572633,0.6,0.0,0.0,0.0,0.0,0.0,0.0,0.0,0.0,0.0,2002,radio,0.5
3,5,lr1e-04_bs16_modL1_fusion64_fusionL1_drop0p1_trmiss50_trlocradio,16,0.0001,1,64,1,0.1,lr1e-04_bs16_modL1_fusion64_fusionL1_drop0p1_trmiss50_trlocradio,36,0.2581351560850938,0.6411073605219523,0.6594827586206896,0.8205688459520606,0.6,0.0,0.0,0.0,0.0,0.0,0.0,0.0,0.0,0.0,2002,radio,0.5
3,5,lr1e-04_bs16_modL1_fusion64_fusionL1_drop0p1_trmiss50_trlocradio,16,0.0001,1,64,1,0.1,lr1e-04_bs16_modL1_fusion64_fusionL1_drop0p1_trmiss50_trlocradio,37,0.2849002331495285,0.6412713726361593,0.6443965517241379,0.8139833618747949,0.5777777777777777,0.0,0.0,0.0,0.0,0.0,0.0,0.0,0.0,0.0,2002,radio,0.5
3,5,lr1e-04_bs16_modL1_fusion64_fusionL1_drop0p1_trmiss50_trlocradio,16,0.0001,1,64,1,0.1,lr1e-04_bs16_modL1_fusion64_fusionL1_drop0p1_trmiss50_trlocradio,38,0.25135022525986034,0.6422452131907145,0.6530172413793104,0.8164851835728963,0.6,0.0,0.0,0.0,0.0,0.0,0.0,0.0,0.0,0.0,2002,radio,0.5
3,5,lr1e-04_bs16_modL1_fusion64_fusionL1_drop0p1_trmiss50_trlocradio,16,0.0001,1,64,1,0.1,lr1e-04_bs16_modL1_fusion64_fusionL1_drop0p1_trmiss50_trlocradio,39,0.2852402863403161,0.6513057152430216,0.6551724137931034,0.8167570470516081,0.5555555555555556,0.0,0.0,0.0,0.0,0.0,0.0,0.0,0.0,0.0,2002,radio,0.5
3,5,lr1e-04_bs16_modL1_fusion64_fusionL1_drop0p1_trmiss50_trlocradio,16,0.0001,1,64,1,0.1,lr1e-04_bs16_modL1_fusion64_fusionL1_drop0p1_trmiss50_trlocradio,40,0.25739361345767975,0.6485679745674133,0.6616379310344828,0.8213619924780546,0.5777777777777777,0.0,0.0,0.0,0.0,0.0,0.0,0.0,0.0,0.0,2002,radio,0.5
3,5,lr1e-04_bs16_modL1_fusion64_fusionL1_drop0p1_trmiss50_trlocradio,16,0.0001,1,64,1,0.1,lr1e-04_bs16_modL1_fusion64_fusionL1_drop0p1_trmiss50_trlocradio,41,0.2563331238925457,0.6482157707214355,0.6487068965517242,0.8129438907840909,0.5555555555555556,0.0,0.0,0.0,0.0,0.0,0.0,0.0,0.0,0.0,2002,radio,0.5
3,5,lr5e-05_bs32_modL1_fusion32_fusionL1_drop0p2_trmiss50_trlocradio,32,5e-05,1,32,1,0.2,lr5e-05_bs32_modL1_fusion32_fusionL1_drop0p2_trmiss50_trlocradio,1,0.7028747697671255,0.6800661087036133,0.6163793103448276,0.7899910662126512,0.6,0.0,0.0,0.0,0.0,0.0,0.0,0.0,0.0,0.0,2002,radio,0.5
3,5,lr5e-05_bs32_modL1_fusion32_fusionL1_drop0p2_trmiss50_trlocradio,32,5e-05,1,32,1,0.2,lr5e-05_bs32_modL1_fusion32_fusionL1_drop0p2_trmiss50_trlocradio,2,0.6810212333997091,0.6736893355846405,0.6142241379310345,0.7626380421561145,0.5777777777777777,0.0,0.0,0.0,0.0,0.0,0.0,0.0,0.0,0.0,2002,radio,0.5
3,5,lr5e-05_bs32_modL1_fusion32_fusionL1_drop0p2_trmiss50_trlocradio,32,5e-05,1,32,1,0.2,lr5e-05_bs32_modL1_fusion32_fusionL1_drop0p2_trmiss50_trlocradio,3,0.6762184997399648,0.6660400927066803,0.6206896551724137,0.7586817936946187,0.5777777777777777,0.0,0.0,0.0,0.0,0.0,0.0,0.0,0.0,0.0,2002,radio,0.5
3,5,lr5e-05_bs32_modL1_fusion32_fusionL1_drop0p2_trmiss50_trlocradio,32,5e-05,1,32,1,0.2,lr5e-05_bs32_modL1_fusion32_fusionL1_drop0p2_trmiss50_trlocradio,4,0.6471823751926422,0.6605477631092072,0.6228448275862069,0.7630506806314998,0.6,0.0,0.0,0.0,0.0,0.0,0.0,0.0,0.0,0.0,2002,radio,0.5
3,5,lr5e-05_bs32_modL1_fusion32_fusionL1_drop0p2_trmiss50_trlocradio,32,5e-05,1,32,1,0.2,lr5e-05_bs32_modL1_fusion32_fusionL1_drop0p2_trmiss50_trlocradio,5,0.6220195094744364,0.6551300585269928,0.625,0.7666753314024053,0.6,0.0,0.0,0.0,0.0,0.0,0.0,0.0,0.0,0.0,2002,radio,0.5
3,5,lr5e-05_bs32_modL1_fusion32_fusionL1_drop0p2_trmiss50_trlocradio,32,5e-05,1,32,1,0.2,lr5e-05_bs32_modL1_fusion32_fusionL1_drop0p2_trmiss50_trlocradio,6,0.6378948191801707,0.6533372104167938,0.6206896551724138,0.7652908751181922,0.6222222222222222,0.0,0.0,0.0,0.0,0.0,0.0,0.0,0.0,0.0,2002,radio,0.5
3,5,lr5e-05_bs32_modL1_fusion32_fusionL1_drop0p2_trmiss50_trlocradio,32,5e-05,1,32,1,0.2,lr5e-05_bs32_modL1_fusion32_fusionL1_drop0p2_trmiss50_trlocradio,7,0.626988152662913,0.6524957120418549,0.6077586206896552,0.7627235446932363,0.5777777777777777,0.0,0.0,0.0,0.0,0.0,0.0,0.0,0.0,0.0,2002,radio,0.5
3,5,lr5e-05_bs32_modL1_fusion32_fusionL1_drop0p2_trmiss50_trlocradio,32,5e-05,1,32,1,0.2,lr5e-05_bs32_modL1_fusion32_fusionL1_drop0p2_trmiss50_trlocradio,8,0.5961400270462036,0.6489371955394745,0.6120689655172413,0.7670026249399895,0.5333333333333333,0.0,0.0,0.0,0.0,0.0,0.0,0.0,0.0,0.0,2002,radio,0.5
3,5,lr5e-05_bs32_modL1_fusion32_fusionL1_drop0p2_trmiss50_trlocradio,32,5e-05,1,32,1,0.2,lr5e-05_bs32_modL1_fusion32_fusionL1_drop0p2_trmiss50_trlocradio,9,0.6003049115339915,0.6483778655529022,0.6099137931034483,0.7655089982575565,0.5333333333333333,0.0,0.0,0.0,0.0,0.0,0.0,0.0,0.0,0.0,2002,radio,0.5
3,5,lr5e-05_bs32_modL1_fusion32_fusionL1_drop0p2_trmiss50_trlocradio,32,5e-05,1,32,1,0.2,lr5e-05_bs32_modL1_fusion32_fusionL1_drop0p2_trmiss50_trlocradio,10,0.5809170305728912,0.6484686136245728,0.6099137931034483,0.7571846164360678,0.5333333333333333,0.0,0.0,0.0,0.0,0.0,0.0,0.0,0.0,0.0,2002,radio,0.5
3,5,lr5e-05_bs32_modL1_fusion32_fusionL1_drop0p2_trmiss50_trlocradio,32,5e-05,1,32,1,0.2,lr5e-05_bs32_modL1_fusion32_fusionL1_drop0p2_trmiss50_trlocradio,11,0.5670174062252045,0.6471467018127441,0.6099137931034483,0.7594687633769885,0.5333333333333333,0.0,0.0,0.0,0.0,0.0,0.0,0.0,0.0,0.0,2002,radio,0.5
3,5,lr5e-05_bs32_modL1_fusion32_fusionL1_drop0p2_trmiss50_trlocradio,32,5e-05,1,32,1,0.2,lr5e-05_bs32_modL1_fusion32_fusionL1_drop0p2_trmiss50_trlocradio,12,0.59107373158137,0.6472112834453583,0.6142241379310345,0.7601340372464311,0.5333333333333333,0.0,0.0,0.0,0.0,0.0,0.0,0.0,0.0,0.0,2002,radio,0.5
3,5,lr5e-05_bs32_modL1_fusion32_fusionL1_drop0p2_trmiss50_trlocradio,32,5e-05,1,32,1,0.2,lr5e-05_bs32_modL1_fusion32_fusionL1_drop0p2_trmiss50_trlocradio,13,0.56080428759257,0.6460439264774323,0.6163793103448276,0.7638784487141859,0.5333333333333333,0.0,0.0,0.0,0.0,0.0,0.0,0.0,0.0,0.0,2002,radio,0.5
3,5,lr5e-05_bs32_modL1_fusion32_fusionL1_drop0p2_trmiss50_trlocradio,32,5e-05,1,32,1,0.2,lr5e-05_bs32_modL1_fusion32_fusionL1_drop0p2_trmiss50_trlocradio,14,0.5704873005549113,0.6470596790313721,0.6206896551724138,0.7668091149378078,0.5555555555555556,0.0,0.0,0.0,0.0,0.0,0.0,0.0,0.0,0.0,2002,radio,0.5
3,5,lr5e-05_bs32_modL1_fusion32_fusionL1_drop0p2_trmiss50_trlocradio,32,5e-05,1,32,1,0.2,lr5e-05_bs32_modL1_fusion32_fusionL1_drop0p2_trmiss50_trlocradio,15,0.5575720965862274,0.6460580825805664,0.6271551724137931,0.7761972954973879,0.5555555555555556,0.0,0.0,0.0,0.0,0.0,0.0,0.0,0.0,0.0,2002,radio,0.5
3,5,lr5e-05_bs32_modL1_fusion32_fusionL1_drop0p2_trmiss50_trlocradio,32,5e-05,1,32,1,0.2,lr5e-05_bs32_modL1_fusion32_fusionL1_drop0p2_trmiss50_trlocradio,16,0.5619860192139944,0.646254152059555,0.6185344827586208,0.7684590017790811,0.5333333333333333,0.0,0.0,0.0,0.0,0.0,0.0,0.0,0.0,0.0,2002,radio,0.5
3,5,lr5e-05_bs32_modL1_fusion32_fusionL1_drop0p2_trmiss50_trlocradio,32,5e-05,1,32,1,0.2,lr5e-05_bs32_modL1_fusion32_fusionL1_drop0p2_trmiss50_trlocradio,17,0.5559345980485281,0.6456922292709351,0.6206896551724138,0.7681535802444004,0.5777777777777777,0.0,0.0,0.0,0.0,0.0,0.0,0.0,0.0,0.0,2002,radio,0.5
3,5,lr5e-05_bs32_modL1_fusion32_fusionL1_drop0p2_trmiss50_trlocradio,32,5e-05,1,32,1,0.2,lr5e-05_bs32_modL1_fusion32_fusionL1_drop0p2_trmiss50_trlocradio,18,0.5264294544855753,0.6481668651103973,0.6185344827586208,0.7649346516071147,0.5555555555555556,0.0,0.0,0.0,0.0,0.0,0.0,0.0,0.0,0.0,2002,radio,0.5
3,5,lr5e-05_bs32_modL1_fusion32_fusionL1_drop0p2_trmiss50_trlocradio,32,5e-05,1,32,1,0.2,lr5e-05_bs32_modL1_fusion32_fusionL1_drop0p2_trmiss50_trlocradio,19,0.5372709482908249,0.6481248438358307,0.6185344827586208,0.7710016591151392,0.6,0.0,0.0,0.0,0.0,0.0,0.0,0.0,0.0,0.0,2002,radio,0.5
3,5,lr5e-05_bs32_modL1_fusion32_fusionL1_drop0p2_trmiss50_trlocradio,32,5e-05,1,32,1,0.2,lr5e-05_bs32_modL1_fusion32_fusionL1_drop0p2_trmiss50_trlocradio,20,0.5206903020540873,0.6509196162223816,0.6120689655172413,0.7669501849375084,0.5333333333333333,0.0,0.0,0.0,0.0,0.0,0.0,0.0,0.0,0.0,2002,radio,0.5
3,5,lr5e-05_bs32_modL1_fusion32_fusionL1_drop0p2_trmiss50_trlocradio,32,5e-05,1,32,1,0.2,lr5e-05_bs32_modL1_fusion32_fusionL1_drop0p2_trmiss50_trlocradio,21,0.5227577884991964,0.6504597067832947,0.6099137931034483,0.7662486119818788,0.5555555555555556,0.0,0.0,0.0,0.0,0.0,0.0,0.0,0.0,0.0,2002,radio,0.5
3,5,lr5e-05_bs32_modL1_fusion32_fusionL1_drop0p2_trmiss50_trlocradio,32,5e-05,1,32,1,0.2,lr5e-05_bs32_modL1_fusion32_fusionL1_drop0p2_trmiss50_trlocradio,22,0.5210757553577423,0.6502118110656738,0.6012931034482758,0.7644884854707232,0.5555555555555556,0.0,0.0,0.0,0.0,0.0,0.0,0.0,0.0,0.0,2002,radio,0.5
3,5,lr5e-05_bs32_modL1_fusion32_fusionL1_drop0p2_trmiss50_trlocradio,32,5e-05,1,32,1,0.2,lr5e-05_bs32_modL1_fusion32_fusionL1_drop0p2_trmiss50_trlocradio,23,0.5089094042778015,0.6511027812957764,0.5948275862068966,0.7610806129984498,0.5111111111111111,0.0,0.0,0.0,0.0,0.0,0.0,0.0,0.0,0.0,2002,radio,0.5
3,5,lr5e-05_bs32_modL1_fusion32_fusionL1_drop0p2_trmiss50_trlocradio,32,5e-05,1,32,1,0.2,lr5e-05_bs32_modL1_fusion32_fusionL1_drop0p2_trmiss50_trlocradio,24,0.5000387678543726,0.6502023935317993,0.5862068965517242,0.7560233401963394,0.5111111111111111,0.0,0.0,0.0,0.0,0.0,0.0,0.0,0.0,0.0,2002,radio,0.5
3,5,lr5e-05_bs32_modL1_fusion32_fusionL1_drop0p2_trmiss50_trlocradio,32,5e-05,1,32,1,0.2,lr5e-05_bs32_modL1_fusion32_fusionL1_drop0p2_trmiss50_trlocradio,25,0.5028777122497559,0.6534907817840576,0.584051724137931,0.7551105083971499,0.5111111111111111,0.0,0.0,0.0,0.0,0.0,0.0,0.0,0.0,0.0,2002,radio,0.5
3,5,lr5e-05_bs32_modL1_fusion32_fusionL1_drop0p2_trmiss50_trlocradio,32,5e-05,1,32,1,0.2,lr5e-05_bs32_modL1_fusion32_fusionL1_drop0p2_trmiss50_trlocradio,26,0.5239174962043762,0.6550824046134949,0.5862068965517242,0.7567299065302182,0.4666666666666667,0.0,0.0,0.0,0.0,0.0,0.0,0.0,0.0,0.0,2002,radio,0.5
3,5,lr5e-05_bs32_modL1_fusion32_fusionL1_drop0p2_trmiss50_trlocradio,32,5e-05,1,32,1,0.2,lr5e-05_bs32_modL1_fusion32_fusionL1_drop0p2_trmiss50_trlocradio,27,0.5237393031517664,0.6558350622653961,0.5862068965517242,0.7575297286095319,0.4888888888888889,0.0,0.0,0.0,0.0,0.0,0.0,0.0,0.0,0.0,2002,radio,0.5
3,5,lr5e-05_bs32_modL1_fusion32_fusionL1_drop0p2_trmiss50_trlocradio,32,5e-05,1,32,1,0.2,lr5e-05_bs32_modL1_fusion32_fusionL1_drop0p2_trmiss50_trlocradio,28,0.47562453150749207,0.6556286811828613,0.5948275862068966,0.7613128360606332,0.5111111111111111,0.0,0.0,0.0,0.0,0.0,0.0,0.0,0.0,0.0,2002,radio,0.5
3,5,lr5e-05_bs32_modL1_fusion32_fusionL1_drop0p2_trmiss50_trlocradio,32,5e-05,1,32,1,0.2,lr5e-05_bs32_modL1_fusion32_fusionL1_drop0p2_trmiss50_trlocradio,29,0.4949708431959152,0.6547487378120422,0.603448275862069,0.7661334371933777,0.5333333333333333,0.0,0.0,0.0,0.0,0.0,0.0,0.0,0.0,0.0,2002,radio,0.5
3,5,lr5e-05_bs32_modL1_fusion32_fusionL1_drop0p2_trmiss50_trlocradio,32,5e-05,1,32,1,0.2,lr5e-05_bs32_modL1_fusion32_fusionL1_drop0p2_trmiss50_trlocradio,30,0.49177277088165283,0.6528772115707397,0.6012931034482759,0.7641237130227105,0.5555555555555556,0.0,0.0,0.0,0.0,0.0,0.0,0.0,0.0,0.0,2002,radio,0.5
3,5,lr5e-05_bs32_modL1_fusion32_fusionL1_drop0p2_trmiss50_trlocradio,32,5e-05,1,32,1,0.2,lr5e-05_bs32_modL1_fusion32_fusionL1_drop0p2_trmiss50_trlocradio,31,0.495372732480367,0.6519778072834015,0.6056034482758621,0.7636439830868011,0.5333333333333333,0.0,0.0,0.0,0.0,0.0,0.0,0.0,0.0,0.0,2002,radio,0.5
3,5,lr5e-05_bs32_modL1_fusion32_fusionL1_drop0p2_trmiss50_trlocradio,32,5e-05,1,32,1,0.2,lr5e-05_bs32_modL1_fusion32_fusionL1_drop0p2_trmiss50_trlocradio,32,0.5026674369970957,0.6506653726100922,0.6077586206896552,0.7647609946647485,0.5555555555555556,0.0,0.0,0.0,0.0,0.0,0.0,0.0,0.0,0.0,2002,radio,0.5
3,5,lr5e-05_bs32_modL1_fusion32_fusionL1_drop0p2_trmiss50_trlocradio,32,5e-05,1,32,1,0.2,lr5e-05_bs32_modL1_fusion32_fusionL1_drop0p2_trmiss50_trlocradio,33,0.48491525650024414,0.6507115066051483,0.6099137931034483,0.7669841625268616,0.5555555555555556,0.0,0.0,0.0,0.0,0.0,0.0,0.0,0.0,0.0,2002,radio,0.5
3,5,lr5e-05_bs32_modL1_fusion32_fusionL1_drop0p2_trmiss50_trlocradio,32,5e-05,1,32,1,0.2,lr5e-05_bs32_modL1_fusion32_fusionL1_drop0p2_trmiss50_trlocradio,34,0.48701076209545135,0.6512607932090759,0.6056034482758621,0.7639135846383824,0.5555555555555556,0.0,0.0,0.0,0.0,0.0,0.0,0.0,0.0,0.0,2002,radio,0.5
3,5,lr5e-05_bs32_modL1_fusion32_fusionL1_drop0p2_trmiss50_trlocradio,32,5e-05,1,32,1,0.2,lr5e-05_bs32_modL1_fusion32_fusionL1_drop0p2_trmiss50_trlocradio,35,0.4819994817177455,0.650666207075119,0.6163793103448276,0.7722508168341164,0.5555555555555556,0.0,0.0,0.0,0.0,0.0,0.0,0.0,0.0,0.0,2002,radio,0.5
3,5,lr5e-05_bs32_modL1_fusion32_fusionL1_drop0p1_trmiss50_trlocradio,32,5e-05,1,32,1,0.1,lr5e-05_bs32_modL1_fusion32_fusionL1_drop0p1_trmiss50_trlocradio,1,0.711525042851766,0.6857090592384338,0.521551724137931,0.7581921516716088,0.4888888888888889,0.0,0.0,0.0,0.0,0.0,0.0,0.0,0.0,0.0,2002,radio,0.5
3,5,lr5e-05_bs32_modL1_fusion32_fusionL1_drop0p1_trmiss50_trlocradio,32,5e-05,1,32,1,0.1,lr5e-05_bs32_modL1_fusion32_fusionL1_drop0p1_trmiss50_trlocradio,2,0.6755648056666056,0.6813390254974365,0.5754310344827586,0.7678186611758222,0.5555555555555556,0.0,0.0,0.0,0.0,0.0,0.0,0.0,0.0,0.0,2002,radio,0.5
3,5,lr5e-05_bs32_modL1_fusion32_fusionL1_drop0p1_trmiss50_trlocradio,32,5e-05,1,32,1,0.1,lr5e-05_bs32_modL1_fusion32_fusionL1_drop0p1_trmiss50_trlocradio,3,0.6425270736217499,0.6790732741355896,0.5560344827586207,0.7490221789746923,0.5555555555555556,0.0,0.0,0.0,0.0,0.0,0.0,0.0,0.0,0.0,2002,radio,0.5
3,5,lr5e-05_bs32_modL1_fusion32_fusionL1_drop0p1_trmiss50_trlocradio,32,5e-05,1,32,1,0.1,lr5e-05_bs32_modL1_fusion32_fusionL1_drop0p1_trmiss50_trlocradio,4,0.6467880606651306,0.678467333316803,0.5646551724137931,0.7537609977698017,0.5333333333333333,0.0,0.0,0.0,0.0,0.0,0.0,0.0,0.0,0.0,2002,radio,0.5
3,5,lr5e-05_bs32_modL1_fusion32_fusionL1_drop0p1_trmiss50_trlocradio,32,5e-05,1,32,1,0.1,lr5e-05_bs32_modL1_fusion32_fusionL1_drop0p1_trmiss50_trlocradio,5,0.6215806802113851,0.6767592132091522,0.5883620689655171,0.7708510623003701,0.5555555555555556,0.0,0.0,0.0,0.0,0.0,0.0,0.0,0.0,0.0,2002,radio,0.5
3,5,lr5e-05_bs32_modL1_fusion32_fusionL1_drop0p1_trmiss50_trlocradio,32,5e-05,1,32,1,0.1,lr5e-05_bs32_modL1_fusion32_fusionL1_drop0p1_trmiss50_trlocradio,6,0.6111462215582529,0.6770448982715607,0.5905172413793103,0.7725912653885461,0.5555555555555556,0.0,0.0,0.0,0.0,0.0,0.0,0.0,0.0,0.0,2002,radio,0.5
3,5,lr5e-05_bs32_modL1_fusion32_fusionL1_drop0p1_trmiss50_trlocradio,32,5e-05,1,32,1,0.1,lr5e-05_bs32_modL1_fusion32_fusionL1_drop0p1_trmiss50_trlocradio,7,0.5818235178788503,0.6764345765113831,0.5883620689655172,0.7737334894832442,0.5555555555555556,0.0,0.0,0.0,0.0,0.0,0.0,0.0,0.0,0.0,2002,radio,0.5
3,5,lr5e-05_bs32_modL1_fusion32_fusionL1_drop0p1_trmiss50_trlocradio,32,5e-05,1,32,1,0.1,lr5e-05_bs32_modL1_fusion32_fusionL1_drop0p1_trmiss50_trlocradio,8,0.5905845860640208,0.6743471920490265,0.5948275862068966,0.7798503457817725,0.5333333333333333,0.0,0.0,0.0,0.0,0.0,0.0,0.0,0.0,0.0,2002,radio,0.5
3,5,lr5e-05_bs32_modL1_fusion32_fusionL1_drop0p1_trmiss50_trlocradio,32,5e-05,1,32,1,0.1,lr5e-05_bs32_modL1_fusion32_fusionL1_drop0p1_trmiss50_trlocradio,9,0.5696268379688263,0.6749998033046722,0.5775862068965517,0.7699760391215775,0.5111111111111111,0.0,0.0,0.0,0.0,0.0,0.0,0.0,0.0,0.0,2002,radio,0.5
3,5,lr5e-05_bs32_modL1_fusion32_fusionL1_drop0p1_trmiss50_trlocradio,32,5e-05,1,32,1,0.1,lr5e-05_bs32_modL1_fusion32_fusionL1_drop0p1_trmiss50_trlocradio,10,0.5446094771226248,0.6757611930370331,0.5754310344827586,0.771446845574328,0.4888888888888889,0.0,0.0,0.0,0.0,0.0,0.0,0.0,0.0,0.0,2002,radio,0.5
3,5,lr5e-05_bs32_modL1_fusion32_fusionL1_drop0p1_trmiss50_trlocradio,32,5e-05,1,32,1,0.1,lr5e-05_bs32_modL1_fusion32_fusionL1_drop0p1_trmiss50_trlocradio,11,0.5497395992279053,0.6768736839294434,0.5689655172413793,0.7665988282516656,0.4666666666666667,0.0,0.0,0.0,0.0,0.0,0.0,0.0,0.0,0.0,2002,radio,0.5
3,5,lr5e-05_bs32_modL1_fusion32_fusionL1_drop0p1_trmiss50_trlocradio,32,5e-05,1,32,1,0.1,lr5e-05_bs32_modL1_fusion32_fusionL1_drop0p1_trmiss50_trlocradio,12,0.5490378439426422,0.6758470833301544,0.5754310344827587,0.7784231046281973,0.4666666666666667,0.0,0.0,0.0,0.0,0.0,0.0,0.0,0.0,0.0,2002,radio,0.5
3,5,lr5e-05_bs32_modL1_fusion32_fusionL1_drop0p1_trmiss50_trlocradio,32,5e-05,1,32,1,0.1,lr5e-05_bs32_modL1_fusion32_fusionL1_drop0p1_trmiss50_trlocradio,13,0.5457142889499664,0.6740270555019379,0.5948275862068965,0.7883495960056035,0.4888888888888889,0.0,0.0,0.0,0.0,0.0,0.0,0.0,0.0,0.0,2002,radio,0.5
3,5,lr5e-05_bs32_modL1_fusion32_fusionL1_drop0p1_trmiss50_trlocradio,32,5e-05,1,32,1,0.1,lr5e-05_bs32_modL1_fusion32_fusionL1_drop0p1_trmiss50_trlocradio,14,0.5308592170476913,0.6784700751304626,0.6012931034482758,0.7903426380827057,0.5333333333333333,0.0,0.0,0.0,0.0,0.0,0.0,0.0,0.0,0.0,2002,radio,0.5
3,5,lr5e-05_bs32_modL1_fusion32_fusionL1_drop0p1_trmiss50_trlocradio,32,5e-05,1,32,1,0.1,lr5e-05_bs32_modL1_fusion32_fusionL1_drop0p1_trmiss50_trlocradio,15,0.507362018028895,0.6829245686531067,0.5926724137931034,0.7808787337794718,0.5111111111111111,0.0,0.0,0.0,0.0,0.0,0.0,0.0,0.0,0.0,2002,radio,0.5
3,5,lr5e-05_bs32_modL1_fusion32_fusionL1_drop0p1_trmiss50_trlocradio,32,5e-05,1,32,1,0.1,lr5e-05_bs32_modL1_fusion32_fusionL1_drop0p1_trmiss50_trlocradio,16,0.5172411104043325,0.6854192316532135,0.5991379310344829,0.7886272081155383,0.5111111111111111,0.0,0.0,0.0,0.0,0.0,0.0,0.0,0.0,0.0,2002,radio,0.5
3,5,lr5e-05_bs32_modL1_fusion32_fusionL1_drop0p1_trmiss50_trlocradio,32,5e-05,1,32,1,0.1,lr5e-05_bs32_modL1_fusion32_fusionL1_drop0p1_trmiss50_trlocradio,17,0.5180283735195795,0.6830126941204071,0.6185344827586208,0.8113215462335115,0.5333333333333333,0.0,0.0,0.0,0.0,0.0,0.0,0.0,0.0,0.0,2002,radio,0.5
3,5,lr5e-05_bs32_modL1_fusion32_fusionL1_drop0p1_trmiss50_trlocradio,32,5e-05,1,32,1,0.1,lr5e-05_bs32_modL1_fusion32_fusionL1_drop0p1_trmiss50_trlocradio,18,0.49476318061351776,0.6820405125617981,0.6056034482758621,0.8006507449287255,0.5333333333333333,0.0,0.0,0.0,0.0,0.0,0.0,0.0,0.0,0.0,2002,radio,0.5
3,5,lr5e-05_bs32_modL1_fusion32_fusionL1_drop0p1_trmiss50_trlocradio,32,5e-05,1,32,1,0.1,lr5e-05_bs32_modL1_fusion32_fusionL1_drop0p1_trmiss50_trlocradio,19,0.4798967242240906,0.6828341484069824,0.6012931034482759,0.8001537164144557,0.5333333333333333,0.0,0.0,0.0,0.0,0.0,0.0,0.0,0.0,0.0,2002,radio,0.5
3,5,lr5e-05_bs32_modL1_fusion32_fusionL1_drop0p1_trmiss50_trlocradio,32,5e-05,1,32,1,0.1,lr5e-05_bs32_modL1_fusion32_fusionL1_drop0p1_trmiss50_trlocradio,20,0.4828866124153137,0.6852681040763855,0.5905172413793104,0.7959376839872967,0.5333333333333333,0.0,0.0,0.0,0.0,0.0,0.0,0.0,0.0,0.0,2002,radio,0.5
3,5,lr5e-05_bs32_modL1_fusion32_fusionL1_drop0p1_trmiss50_trlocradio,32,5e-05,1,32,1,0.1,lr5e-05_bs32_modL1_fusion32_fusionL1_drop0p1_trmiss50_trlocradio,21,0.49264392256736755,0.6890958845615387,0.5905172413793104,0.7948296559209338,0.5333333333333333,0.0,0.0,0.0,0.0,0.0,0.0,0.0,0.0,0.0,2002,radio,0.5
3,5,lr5e-05_bs32_modL1_fusion32_fusionL1_drop0p1_trmiss50_trlocradio,32,5e-05,1,32,1,0.1,lr5e-05_bs32_modL1_fusion32_fusionL1_drop0p1_trmiss50_trlocradio,22,0.47671644886334735,0.6872901320457458,0.5991379310344829,0.8023442733193589,0.5333333333333333,0.0,0.0,0.0,0.0,0.0,0.0,0.0,0.0,0.0,2002,radio,0.5
3,5,lr5e-05_bs32_modL1_fusion32_fusionL1_drop0p1_trmiss50_trlocradio,32,5e-05,1,32,1,0.1,lr5e-05_bs32_modL1_fusion32_fusionL1_drop0p1_trmiss50_trlocradio,23,0.47943125665187836,0.6871297359466553,0.5948275862068966,0.7972971690799153,0.5333333333333333,0.0,0.0,0.0,0.0,0.0,0.0,0.0,0.0,0.0,2002,radio,0.5
3,5,lr5e-05_bs32_modL1_fusion32_fusionL1_drop0p1_trmiss50_trlocradio,32,5e-05,1,32,1,0.1,lr5e-05_bs32_modL1_fusion32_fusionL1_drop0p1_trmiss50_trlocradio,24,0.4728795836369197,0.6850135922431946,0.6120689655172413,0.8079638260639235,0.5555555555555556,0.0,0.0,0.0,0.0,0.0,0.0,0.0,0.0,0.0,2002,radio,0.5
3,5,lr5e-05_bs32_modL1_fusion32_fusionL1_drop0p1_trmiss50_trlocradio,32,5e-05,1,32,1,0.1,lr5e-05_bs32_modL1_fusion32_fusionL1_drop0p1_trmiss50_trlocradio,25,0.46950771907965344,0.6850242018699646,0.6056034482758621,0.80589842761476,0.5111111111111111,0.0,0.0,0.0,0.0,0.0,0.0,0.0,0.0,0.0,2002,radio,0.5
3,5,lr5e-05_bs32_modL1_fusion32_fusionL1_drop0p1_trmiss50_trlocradio,32,5e-05,1,32,1,0.1,lr5e-05_bs32_modL1_fusion32_fusionL1_drop0p1_trmiss50_trlocradio,26,0.4779912382364273,0.6859186291694641,0.6142241379310345,0.8118215448607904,0.5111111111111111,0.0,0.0,0.0,0.0,0.0,0.0,0.0,0.0,0.0,2002,radio,0.5
3,5,lr5e-05_bs32_modL1_fusion32_fusionL1_drop0p1_trmiss50_trlocradio,32,5e-05,1,32,1,0.1,lr5e-05_bs32_modL1_fusion32_fusionL1_drop0p1_trmiss50_trlocradio,27,0.46683382491270703,0.6857839822769165,0.6056034482758621,0.804846436871729,0.5111111111111111,0.0,0.0,0.0,0.0,0.0,0.0,0.0,0.0,0.0,2002,radio,0.5
3,5,lr5e-05_bs32_modL1_fusion32_fusionL1_drop0p1_trmiss50_trlocradio,32,5e-05,1,32,1,0.1,lr5e-05_bs32_modL1_fusion32_fusionL1_drop0p1_trmiss50_trlocradio,28,0.4711152712504069,0.6841622889041901,0.6099137931034483,0.8070861033809269,0.5333333333333333,0.0,0.0,0.0,0.0,0.0,0.0,0.0,0.0,0.0,2002,radio,0.5
3,5,lr5e-05_bs32_modL1_fusion32_fusionL1_drop0p1_trmiss50_trlocradio,32,5e-05,1,32,1,0.1,lr5e-05_bs32_modL1_fusion32_fusionL1_drop0p1_trmiss50_trlocradio,29,0.4515940248966217,0.6836828589439392,0.6163793103448275,0.8119073418976832,0.5333333333333333,0.0,0.0,0.0,0.0,0.0,0.0,0.0,0.0,0.0,2002,radio,0.5
3,5,lr5e-05_bs32_modL1_fusion32_fusionL1_drop0p1_trmiss50_trlocradio,32,5e-05,1,32,1,0.1,lr5e-05_bs32_modL1_fusion32_fusionL1_drop0p1_trmiss50_trlocradio,30,0.4561981459458669,0.6848359107971191,0.6120689655172414,0.8105025229991722,0.5333333333333333,0.0,0.0,0.0,0.0,0.0,0.0,0.0,0.0,0.0,2002,radio,0.5
3,5,lr5e-05_bs32_modL1_fusion32_fusionL1_drop0p1_trmiss50_trlocradio,32,5e-05,1,32,1,0.1,lr5e-05_bs32_modL1_fusion32_fusionL1_drop0p1_trmiss50_trlocradio,31,0.45955775678157806,0.6862210631370544,0.6077586206896551,0.8075183603132066,0.5333333333333333,0.0,0.0,0.0,0.0,0.0,0.0,0.0,0.0,0.0,2002,radio,0.5
3,5,lr5e-05_bs32_modL1_fusion32_fusionL1_drop0p1_trmiss50_trlocradio,32,5e-05,1,32,1,0.1,lr5e-05_bs32_modL1_fusion32_fusionL1_drop0p1_trmiss50_trlocradio,32,0.45031333963076275,0.6858733296394348,0.603448275862069,0.8058131689528429,0.5555555555555556,0.0,0.0,0.0,0.0,0.0,0.0,0.0,0.0,0.0,2002,radio,0.5
3,5,lr5e-05_bs32_modL1_fusion32_fusionL1_drop0p1_trmiss50_trlocradio,32,5e-05,1,32,1,0.1,lr5e-05_bs32_modL1_fusion32_fusionL1_drop0p1_trmiss50_trlocradio,33,0.46732374529043835,0.6862763166427612,0.6163793103448276,0.8127531754073685,0.5333333333333333,0.0,0.0,0.0,0.0,0.0,0.0,0.0,0.0,0.0,2002,radio,0.5
3,5,lr5e-05_bs32_modL1_fusion32_fusionL1_drop0p1_trmiss50_trlocradio,32,5e-05,1,32,1,0.1,lr5e-05_bs32_modL1_fusion32_fusionL1_drop0p1_trmiss50_trlocradio,34,0.45422864456971485,0.6860863268375397,0.6077586206896551,0.8077538071059394,0.5111111111111111,0.0,0.0,0.0,0.0,0.0,0.0,0.0,0.0,0.0,2002,radio,0.5
3,5,lr5e-05_bs32_modL1_fusion32_fusionL1_drop0p1_trmiss50_trlocradio,32,5e-05,1,32,1,0.1,lr5e-05_bs32_modL1_fusion32_fusionL1_drop0p1_trmiss50_trlocradio,35,0.45450934767723083,0.6849780082702637,0.6120689655172413,0.8096149418925469,0.5111111111111111,0.0,0.0,0.0,0.0,0.0,0.0,0.0,0.0,0.0,2002,radio,0.5
3,5,lr5e-05_bs32_modL1_fusion32_fusionL1_drop0p1_trmiss50_trlocradio,32,5e-05,1,32,1,0.1,lr5e-05_bs32_modL1_fusion32_fusionL1_drop0p1_trmiss50_trlocradio,36,0.45203374822934467,0.6839598119258881,0.6142241379310345,0.8103449196456058,0.5111111111111111,0.0,0.0,0.0,0.0,0.0,0.0,0.0,0.0,0.0,2002,radio,0.5
3,5,lr5e-05_bs32_modL1_fusion32_fusionL1_drop0p1_trmiss50_trlocradio,32,5e-05,1,32,1,0.1,lr5e-05_bs32_modL1_fusion32_fusionL1_drop0p1_trmiss50_trlocradio,37,0.461372971534729,0.6857824325561523,0.6120689655172413,0.8104266921665264,0.5111111111111111,0.0,0.0,0.0,0.0,0.0,0.0,0.0,0.0,0.0,2002,radio,0.5
3,5,lr5e-05_bs32_modL1_fusion64_fusionL1_drop0p2_trmiss50_trlocradio,32,5e-05,1,64,1,0.2,lr5e-05_bs32_modL1_fusion64_fusionL1_drop0p2_trmiss50_trlocradio,1,0.6644802490870158,0.6769500374794006,0.5732758620689655,0.6729491851236701,0.6222222222222222,0.0,0.0,0.0,0.0,0.0,0.0,0.0,0.0,0.0,2002,radio,0.5
3,5,lr5e-05_bs32_modL1_fusion64_fusionL1_drop0p2_trmiss50_trlocradio,32,5e-05,1,64,1,0.2,lr5e-05_bs32_modL1_fusion64_fusionL1_drop0p2_trmiss50_trlocradio,2,0.6235867540041605,0.6692757308483124,0.6056034482758621,0.6901099236045403,0.6444444444444445,0.0,0.0,0.0,0.0,0.0,0.0,0.0,0.0,0.0,2002,radio,0.5
3,5,lr5e-05_bs32_modL1_fusion64_fusionL1_drop0p2_trmiss50_trlocradio,32,5e-05,1,64,1,0.2,lr5e-05_bs32_modL1_fusion64_fusionL1_drop0p2_trmiss50_trlocradio,3,0.6123689512411753,0.6596989333629608,0.6336206896551724,0.7000485364028181,0.6444444444444445,0.0,0.0,0.0,0.0,0.0,0.0,0.0,0.0,0.0,2002,radio,0.5
3,5,lr5e-05_bs32_modL1_fusion64_fusionL1_drop0p2_trmiss50_trlocradio,32,5e-05,1,64,1,0.2,lr5e-05_bs32_modL1_fusion64_fusionL1_drop0p2_trmiss50_trlocradio,4,0.5968412756919861,0.6541081368923187,0.6422413793103448,0.7079250387861111,0.6444444444444445,0.0,0.0,0.0,0.0,0.0,0.0,0.0,0.0,0.0,2002,radio,0.5
3,5,lr5e-05_bs32_modL1_fusion64_fusionL1_drop0p2_trmiss50_trlocradio,32,5e-05,1,64,1,0.2,lr5e-05_bs32_modL1_fusion64_fusionL1_drop0p2_trmiss50_trlocradio,5,0.60039355357488,0.6477859318256378,0.6573275862068966,0.7226349612466474,0.6666666666666666,0.0,0.0,0.0,0.0,0.0,0.0,0.0,0.0,0.0,2002,radio,0.5
3,5,lr5e-05_bs32_modL1_fusion64_fusionL1_drop0p2_trmiss50_trlocradio,32,5e-05,1,64,1,0.2,lr5e-05_bs32_modL1_fusion64_fusionL1_drop0p2_trmiss50_trlocradio,6,0.5971263150374094,0.643715113401413,0.6724137931034482,0.751355355780188,0.6666666666666666,0.0,0.0,0.0,0.0,0.0,0.0,0.0,0.0,0.0,2002,radio,0.5
3,5,lr5e-05_bs32_modL1_fusion64_fusionL1_drop0p2_trmiss50_trlocradio,32,5e-05,1,64,1,0.2,lr5e-05_bs32_modL1_fusion64_fusionL1_drop0p2_trmiss50_trlocradio,7,0.5673190752665201,0.6387476921081543,0.6681034482758621,0.749785026308786,0.7111111111111111,0.0,0.0,0.0,0.0,0.0,0.0,0.0,0.0,0.0,2002,radio,0.5
3,5,lr5e-05_bs32_modL1_fusion64_fusionL1_drop0p2_trmiss50_trlocradio,32,5e-05,1,64,1,0.2,lr5e-05_bs32_modL1_fusion64_fusionL1_drop0p2_trmiss50_trlocradio,8,0.5569609552621841,0.6366234719753265,0.6637931034482759,0.7520455378158819,0.6888888888888889,0.0,0.0,0.0,0.0,0.0,0.0,0.0,0.0,0.0,2002,radio,0.5
3,5,lr5e-05_bs32_modL1_fusion64_fusionL1_drop0p2_trmiss50_trlocradio,32,5e-05,1,64,1,0.2,lr5e-05_bs32_modL1_fusion64_fusionL1_drop0p2_trmiss50_trlocradio,9,0.5763008991877238,0.6359705924987793,0.6616379310344828,0.7560017911636159,0.7111111111111111,0.0,0.0,0.0,0.0,0.0,0.0,0.0,0.0,0.0,2002,radio,0.5
3,5,lr5e-05_bs32_modL1_fusion64_fusionL1_drop0p2_trmiss50_trlocradio,32,5e-05,1,64,1,0.2,lr5e-05_bs32_modL1_fusion64_fusionL1_drop0p2_trmiss50_trlocradio,10,0.5440133114655813,0.6381034553050995,0.6616379310344829,0.7588260614591777,0.6888888888888889,0.0,0.0,0.0,0.0,0.0,0.0,0.0,0.0,0.0,2002,radio,0.5
3,5,lr5e-05_bs32_modL1_fusion64_fusionL1_drop0p2_trmiss50_trlocradio,32,5e-05,1,64,1,0.2,lr5e-05_bs32_modL1_fusion64_fusionL1_drop0p2_trmiss50_trlocradio,11,0.5209901183843613,0.6387999951839447,0.665948275862069,0.7571823749911666,0.7333333333333333,0.0,0.0,0.0,0.0,0.0,0.0,0.0,0.0,0.0,2002,radio,0.5
3,5,lr5e-05_bs32_modL1_fusion64_fusionL1_drop0p2_trmiss50_trlocradio,32,5e-05,1,64,1,0.2,lr5e-05_bs32_modL1_fusion64_fusionL1_drop0p2_trmiss50_trlocradio,12,0.53703906138738,0.6366256177425385,0.6745689655172414,0.76404909224258,0.7333333333333333,0.0,0.0,0.0,0.0,0.0,0.0,0.0,0.0,0.0,2002,radio,0.5
3,5,lr5e-05_bs32_modL1_fusion64_fusionL1_drop0p2_trmiss50_trlocradio,32,5e-05,1,64,1,0.2,lr5e-05_bs32_modL1_fusion64_fusionL1_drop0p2_trmiss50_trlocradio,13,0.5215820123751959,0.6359315812587738,0.6745689655172414,0.7677781551287903,0.7111111111111111,0.0,0.0,0.0,0.0,0.0,0.0,0.0,0.0,0.0,2002,radio,0.5
3,5,lr5e-05_bs32_modL1_fusion64_fusionL1_drop0p2_trmiss50_trlocradio,32,5e-05,1,64,1,0.2,lr5e-05_bs32_modL1_fusion64_fusionL1_drop0p2_trmiss50_trlocradio,14,0.5226047585407892,0.636375904083252,0.6637931034482758,0.7609211371561537,0.7111111111111111,0.0,0.0,0.0,0.0,0.0,0.0,0.0,0.0,0.0,2002,radio,0.5
3,5,lr5e-05_bs32_modL1_fusion64_fusionL1_drop0p2_trmiss50_trlocradio,32,5e-05,1,64,1,0.2,lr5e-05_bs32_modL1_fusion64_fusionL1_drop0p2_trmiss50_trlocradio,15,0.5149197429418564,0.6366980373859406,0.665948275862069,0.7608762969321483,0.7111111111111111,0.0,0.0,0.0,0.0,0.0,0.0,0.0,0.0,0.0,2002,radio,0.5
3,5,lr5e-05_bs32_modL1_fusion64_fusionL1_drop0p2_trmiss50_trlocradio,32,5e-05,1,64,1,0.2,lr5e-05_bs32_modL1_fusion64_fusionL1_drop0p2_trmiss50_trlocradio,16,0.5120242238044739,0.6339859664440155,0.6702586206896551,0.7609568379013558,0.7111111111111111,0.0,0.0,0.0,0.0,0.0,0.0,0.0,0.0,0.0,2002,radio,0.5
3,5,lr5e-05_bs32_modL1_fusion64_fusionL1_drop0p2_trmiss50_trlocradio,32,5e-05,1,64,1,0.2,lr5e-05_bs32_modL1_fusion64_fusionL1_drop0p2_trmiss50_trlocradio,17,0.500230222940445,0.6330931484699249,0.6767241379310345,0.7632023877875589,0.6888888888888889,0.0,0.0,0.0,0.0,0.0,0.0,0.0,0.0,0.0,2002,radio,0.5
3,5,lr5e-05_bs32_modL1_fusion64_fusionL1_drop0p2_trmiss50_trlocradio,32,5e-05,1,64,1,0.2,lr5e-05_bs32_modL1_fusion64_fusionL1_drop0p2_trmiss50_trlocradio,18,0.4967028349637985,0.6317648887634277,0.6745689655172413,0.7644381841630574,0.7111111111111111,0.0,0.0,0.0,0.0,0.0,0.0,0.0,0.0,0.0,2002,radio,0.5
3,5,lr5e-05_bs32_modL1_fusion64_fusionL1_drop0p2_trmiss50_trlocradio,32,5e-05,1,64,1,0.2,lr5e-05_bs32_modL1_fusion64_fusionL1_drop0p2_trmiss50_trlocradio,19,0.48751187324523926,0.6310471892356873,0.6788793103448276,0.766547223642061,0.7111111111111111,0.0,0.0,0.0,0.0,0.0,0.0,0.0,0.0,0.0,2002,radio,0.5
3,5,lr5e-05_bs32_modL1_fusion64_fusionL1_drop0p2_trmiss50_trlocradio,32,5e-05,1,64,1,0.2,lr5e-05_bs32_modL1_fusion64_fusionL1_drop0p2_trmiss50_trlocradio,20,0.49354999760786694,0.6303986608982086,0.6896551724137931,0.7776154644802218,0.7111111111111111,0.0,0.0,0.0,0.0,0.0,0.0,0.0,0.0,0.0,2002,radio,0.5
3,5,lr5e-05_bs32_modL1_fusion64_fusionL1_drop0p2_trmiss50_trlocradio,32,5e-05,1,64,1,0.2,lr5e-05_bs32_modL1_fusion64_fusionL1_drop0p2_trmiss50_trlocradio,21,0.4950787623723348,0.6304623186588287,0.6939655172413793,0.7802048291385519,0.7333333333333333,0.0,0.0,0.0,0.0,0.0,0.0,0.0,0.0,0.0,2002,radio,0.5
3,5,lr5e-05_bs32_modL1_fusion64_fusionL1_drop0p2_trmiss50_trlocradio,32,5e-05,1,64,1,0.2,lr5e-05_bs32_modL1_fusion64_fusionL1_drop0p2_trmiss50_trlocradio,22,0.49561847746372223,0.6316051483154297,0.6875,0.7763076549186443,0.7111111111111111,0.0,0.0,0.0,0.0,0.0,0.0,0.0,0.0,0.0,2002,radio,0.5
3,5,lr5e-05_bs32_modL1_fusion64_fusionL1_drop0p2_trmiss50_trlocradio,32,5e-05,1,64,1,0.2,lr5e-05_bs32_modL1_fusion64_fusionL1_drop0p2_trmiss50_trlocradio,23,0.480458527803421,0.631968230009079,0.6853448275862069,0.7734606809697213,0.6888888888888889,0.0,0.0,0.0,0.0,0.0,0.0,0.0,0.0,0.0,2002,radio,0.5
3,5,lr5e-05_bs32_modL1_fusion64_fusionL1_drop0p2_trmiss50_trlocradio,32,5e-05,1,64,1,0.2,lr5e-05_bs32_modL1_fusion64_fusionL1_drop0p2_trmiss50_trlocradio,24,0.48158878087997437,0.6303092837333679,0.6875,0.7714742255843654,0.6888888888888889,0.0,0.0,0.0,0.0,0.0,0.0,0.0,0.0,0.0,2002,radio,0.5
3,5,lr5e-05_bs32_modL1_fusion64_fusionL1_drop0p2_trmiss50_trlocradio,32,5e-05,1,64,1,0.2,lr5e-05_bs32_modL1_fusion64_fusionL1_drop0p2_trmiss50_trlocradio,25,0.482108140985171,0.6286498606204987,0.6939655172413793,0.7749327150682634,0.6888888888888889,0.0,0.0,0.0,0.0,0.0,0.0,0.0,0.0,0.0,2002,radio,0.5
3,5,lr5e-05_bs32_modL1_fusion64_fusionL1_drop0p2_trmiss50_trlocradio,32,5e-05,1,64,1,0.2,lr5e-05_bs32_modL1_fusion64_fusionL1_drop0p2_trmiss50_trlocradio,26,0.4764428337415059,0.626585990190506,0.6961206896551724,0.7827591666968929,0.6888888888888889,0.0,0.0,0.0,0.0,0.0,0.0,0.0,0.0,0.0,2002,radio,0.5
3,5,lr5e-05_bs32_modL1_fusion64_fusionL1_drop0p2_trmiss50_trlocradio,32,5e-05,1,64,1,0.2,lr5e-05_bs32_modL1_fusion64_fusionL1_drop0p2_trmiss50_trlocradio,27,0.47909967104593915,0.6261835992336273,0.6939655172413792,0.7847228788866818,0.6888888888888889,0.0,0.0,0.0,0.0,0.0,0.0,0.0,0.0,0.0,2002,radio,0.5
3,5,lr5e-05_bs32_modL1_fusion64_fusionL1_drop0p2_trmiss50_trlocradio,32,5e-05,1,64,1,0.2,lr5e-05_bs32_modL1_fusion64_fusionL1_drop0p2_trmiss50_trlocradio,28,0.4735858043034871,0.6277330219745636,0.6853448275862069,0.7791634448366369,0.6888888888888889,0.0,0.0,0.0,0.0,0.0,0.0,0.0,0.0,0.0,2002,radio,0.5
3,5,lr5e-05_bs32_modL1_fusion64_fusionL1_drop0p2_trmiss50_trlocradio,32,5e-05,1,64,1,0.2,lr5e-05_bs32_modL1_fusion64_fusionL1_drop0p2_trmiss50_trlocradio,29,0.48521647850672406,0.6283305585384369,0.6896551724137931,0.7778740817318581,0.6888888888888889,0.0,0.0,0.0,0.0,0.0,0.0,0.0,0.0,0.0,2002,radio,0.5
3,5,lr5e-05_bs32_modL1_fusion64_fusionL1_drop0p2_trmiss50_trlocradio,32,5e-05,1,64,1,0.2,lr5e-05_bs32_modL1_fusion64_fusionL1_drop0p2_trmiss50_trlocradio,30,0.47660880784193677,0.6306034028530121,0.6853448275862069,0.7814975295845148,0.7111111111111111,0.0,0.0,0.0,0.0,0.0,0.0,0.0,0.0,0.0,2002,radio,0.5
3,5,lr5e-05_bs32_modL1_fusion64_fusionL1_drop0p2_trmiss50_trlocradio,32,5e-05,1,64,1,0.2,lr5e-05_bs32_modL1_fusion64_fusionL1_drop0p2_trmiss50_trlocradio,31,0.45931295057137805,0.6307769417762756,0.6810344827586207,0.7776677697923338,0.6888888888888889,0.0,0.0,0.0,0.0,0.0,0.0,0.0,0.0,0.0,2002,radio,0.5
3,5,lr5e-05_bs32_modL1_fusion64_fusionL1_drop0p2_trmiss50_trlocradio,32,5e-05,1,64,1,0.2,lr5e-05_bs32_modL1_fusion64_fusionL1_drop0p2_trmiss50_trlocradio,32,0.456708088517189,0.6306338608264923,0.6810344827586208,0.777257260761135,0.6888888888888889,0.0,0.0,0.0,0.0,0.0,0.0,0.0,0.0,0.0,2002,radio,0.5
3,5,lr5e-05_bs32_modL1_fusion64_fusionL1_drop0p2_trmiss50_trlocradio,32,5e-05,1,64,1,0.2,lr5e-05_bs32_modL1_fusion64_fusionL1_drop0p2_trmiss50_trlocradio,33,0.4575926611820857,0.6301475763320923,0.6875,0.7823343675623797,0.6666666666666666,0.0,0.0,0.0,0.0,0.0,0.0,0.0,0.0,0.0,2002,radio,0.5
3,5,lr5e-05_bs32_modL1_fusion64_fusionL1_drop0p2_trmiss50_trlocradio,32,5e-05,1,64,1,0.2,lr5e-05_bs32_modL1_fusion64_fusionL1_drop0p2_trmiss50_trlocradio,34,0.4545082002878189,0.6298834085464478,0.6831896551724138,0.781003061240148,0.6666666666666666,0.0,0.0,0.0,0.0,0.0,0.0,0.0,0.0,0.0,2002,radio,0.5
3,5,lr5e-05_bs32_modL1_fusion64_fusionL1_drop0p2_trmiss50_trlocradio,32,5e-05,1,64,1,0.2,lr5e-05_bs32_modL1_fusion64_fusionL1_drop0p2_trmiss50_trlocradio,35,0.46088554958502453,0.6282161176204681,0.6831896551724138,0.7780398115436857,0.6666666666666666,0.0,0.0,0.0,0.0,0.0,0.0,0.0,0.0,0.0,2002,radio,0.5
3,5,lr5e-05_bs32_modL1_fusion64_fusionL1_drop0p2_trmiss50_trlocradio,32,5e-05,1,64,1,0.2,lr5e-05_bs32_modL1_fusion64_fusionL1_drop0p2_trmiss50_trlocradio,36,0.4533778826395671,0.6253513097763062,0.6853448275862069,0.7788081439550203,0.6888888888888889,0.0,0.0,0.0,0.0,0.0,0.0,0.0,0.0,0.0,2002,radio,0.5
3,5,lr5e-05_bs32_modL1_fusion64_fusionL1_drop0p2_trmiss50_trlocradio,32,5e-05,1,64,1,0.2,lr5e-05_bs32_modL1_fusion64_fusionL1_drop0p2_trmiss50_trlocradio,37,0.46280358731746674,0.6225534975528717,0.6961206896551724,0.7851946248957296,0.7111111111111111,0.0,0.0,0.0,0.0,0.0,0.0,0.0,0.0,0.0,2002,radio,0.5
3,5,lr5e-05_bs32_modL1_fusion64_fusionL1_drop0p2_trmiss50_trlocradio,32,5e-05,1,64,1,0.2,lr5e-05_bs32_modL1_fusion64_fusionL1_drop0p2_trmiss50_trlocradio,38,0.44275595744450885,0.623341977596283,0.6961206896551724,0.7851946248957296,0.6888888888888889,0.0,0.0,0.0,0.0,0.0,0.0,0.0,0.0,0.0,2002,radio,0.5
3,5,lr5e-05_bs32_modL1_fusion64_fusionL1_drop0p2_trmiss50_trlocradio,32,5e-05,1,64,1,0.2,lr5e-05_bs32_modL1_fusion64_fusionL1_drop0p2_trmiss50_trlocradio,39,0.44514332214991253,0.6219179630279541,0.7004310344827586,0.7879902966569186,0.6888888888888889,0.0,0.0,0.0,0.0,0.0,0.0,0.0,0.0,0.0,2002,radio,0.5
3,5,lr5e-05_bs32_modL1_fusion64_fusionL1_drop0p2_trmiss50_trlocradio,32,5e-05,1,64,1,0.2,lr5e-05_bs32_modL1_fusion64_fusionL1_drop0p2_trmiss50_trlocradio,40,0.4602251003185908,0.6221036911010742,0.6961206896551724,0.783820917052501,0.6888888888888889,0.0,0.0,0.0,0.0,0.0,0.0,0.0,0.0,0.0,2002,radio,0.5
3,5,lr5e-05_bs32_modL1_fusion64_fusionL1_drop0p2_trmiss50_trlocradio,32,5e-05,1,64,1,0.2,lr5e-05_bs32_modL1_fusion64_fusionL1_drop0p2_trmiss50_trlocradio,41,0.4635576208432515,0.6197446286678314,0.6982758620689655,0.7847331593440536,0.6666666666666666,0.0,0.0,0.0,0.0,0.0,0.0,0.0,0.0,0.0,2002,radio,0.5
3,5,lr5e-05_bs32_modL1_fusion64_fusionL1_drop0p2_trmiss50_trlocradio,32,5e-05,1,64,1,0.2,lr5e-05_bs32_modL1_fusion64_fusionL1_drop0p2_trmiss50_trlocradio,42,0.4397272864977519,0.6206276714801788,0.7004310344827586,0.7858251133670422,0.6666666666666666,0.0,0.0,0.0,0.0,0.0,0.0,0.0,0.0,0.0,2002,radio,0.5
3,5,lr5e-05_bs32_modL1_fusion64_fusionL1_drop0p2_trmiss50_trlocradio,32,5e-05,1,64,1,0.2,lr5e-05_bs32_modL1_fusion64_fusionL1_drop0p2_trmiss50_trlocradio,43,0.43997080127398175,0.6202605068683624,0.6982758620689655,0.784962169309372,0.6666666666666666,0.0,0.0,0.0,0.0,0.0,0.0,0.0,0.0,0.0,2002,radio,0.5
3,5,lr5e-05_bs32_modL1_fusion64_fusionL1_drop0p2_trmiss50_trlocradio,32,5e-05,1,64,1,0.2,lr5e-05_bs32_modL1_fusion64_fusionL1_drop0p2_trmiss50_trlocradio,44,0.44867608447869617,0.6195225715637207,0.6982758620689655,0.7875059781412133,0.6666666666666666,0.0,0.0,0.0,0.0,0.0,0.0,0.0,0.0,0.0,2002,radio,0.5
3,5,lr5e-05_bs32_modL1_fusion64_fusionL1_drop0p2_trmiss50_trlocradio,32,5e-05,1,64,1,0.2,lr5e-05_bs32_modL1_fusion64_fusionL1_drop0p2_trmiss50_trlocradio,45,0.43025627235571545,0.6202689409255981,0.7112068965517242,0.7960207145149227,0.6888888888888889,0.0,0.0,0.0,0.0,0.0,0.0,0.0,0.0,0.0,2002,radio,0.5
3,5,lr5e-05_bs32_modL1_fusion64_fusionL1_drop0p2_trmiss50_trlocradio,32,5e-05,1,64,1,0.2,lr5e-05_bs32_modL1_fusion64_fusionL1_drop0p2_trmiss50_trlocradio,46,0.4335262676080068,0.6210611760616302,0.7025862068965517,0.7883900108160062,0.6888888888888889,0.0,0.0,0.0,0.0,0.0,0.0,0.0,0.0,0.0,2002,radio,0.5
3,5,lr5e-05_bs32_modL1_fusion64_fusionL1_drop0p2_trmiss50_trlocradio,32,5e-05,1,64,1,0.2,lr5e-05_bs32_modL1_fusion64_fusionL1_drop0p2_trmiss50_trlocradio,47,0.4505617866913478,0.6223466396331787,0.6982758620689655,0.7848003617902517,0.6888888888888889,0.0,0.0,0.0,0.0,0.0,0.0,0.0,0.0,0.0,2002,radio,0.5
3,5,lr5e-05_bs32_modL1_fusion64_fusionL1_drop0p2_trmiss50_trlocradio,32,5e-05,1,64,1,0.2,lr5e-05_bs32_modL1_fusion64_fusionL1_drop0p2_trmiss50_trlocradio,48,0.4517936259508133,0.6234711408615112,0.6982758620689655,0.7840954547973122,0.6888888888888889,0.0,0.0,0.0,0.0,0.0,0.0,0.0,0.0,0.0,2002,radio,0.5
3,5,lr5e-05_bs32_modL1_fusion64_fusionL1_drop0p2_trmiss50_trlocradio,32,5e-05,1,64,1,0.2,lr5e-05_bs32_modL1_fusion64_fusionL1_drop0p2_trmiss50_trlocradio,49,0.4383348872264226,0.6232580542564392,0.7025862068965517,0.7859260741875411,0.6888888888888889,0.0,0.0,0.0,0.0,0.0,0.0,0.0,0.0,0.0,2002,radio,0.5
3,5,lr5e-05_bs32_modL1_fusion64_fusionL1_drop0p2_trmiss50_trlocradio,32,5e-05,1,64,1,0.2,lr5e-05_bs32_modL1_fusion64_fusionL1_drop0p2_trmiss50_trlocradio,50,0.4367019434769948,0.6223167777061462,0.709051724137931,0.7949287604919342,0.7111111111111111,0.0,0.0,0.0,0.0,0.0,0.0,0.0,0.0,0.0,2002,radio,0.5
3,5,lr5e-05_bs32_modL1_fusion64_fusionL1_drop0p2_trmiss50_trlocradio,32,5e-05,1,64,1,0.2,lr5e-05_bs32_modL1_fusion64_fusionL1_drop0p2_trmiss50_trlocradio,51,0.4548891286055247,0.6220259666442871,0.7025862068965517,0.7880401156839889,0.7111111111111111,0.0,0.0,0.0,0.0,0.0,0.0,0.0,0.0,0.0,2002,radio,0.5
3,5,lr5e-05_bs32_modL1_fusion64_fusionL1_drop0p2_trmiss50_trlocradio,32,5e-05,1,64,1,0.2,lr5e-05_bs32_modL1_fusion64_fusionL1_drop0p2_trmiss50_trlocradio,52,0.4382227261861165,0.6198104023933411,0.7133620689655172,0.7970968916070655,0.6888888888888889,0.0,0.0,0.0,0.0,0.0,0.0,0.0,0.0,0.0,2002,radio,0.5
3,5,lr5e-05_bs32_modL1_fusion64_fusionL1_drop0p2_trmiss50_trlocradio,32,5e-05,1,64,1,0.2,lr5e-05_bs32_modL1_fusion64_fusionL1_drop0p2_trmiss50_trlocradio,53,0.4368865390618642,0.6208383142948151,0.7047413793103449,0.7923002233923726,0.6888888888888889,0.0,0.0,0.0,0.0,0.0,0.0,0.0,0.0,0.0,2002,radio,0.5
3,5,lr5e-05_bs32_modL1_fusion64_fusionL1_drop0p2_trmiss50_trlocradio,32,5e-05,1,64,1,0.2,lr5e-05_bs32_modL1_fusion64_fusionL1_drop0p2_trmiss50_trlocradio,54,0.4302251835664113,0.6206463277339935,0.7047413793103449,0.7932861097270898,0.7111111111111111,0.0,0.0,0.0,0.0,0.0,0.0,0.0,0.0,0.0,2002,radio,0.5
3,5,lr5e-05_bs32_modL1_fusion64_fusionL1_drop0p2_trmiss50_trlocradio,32,5e-05,1,64,1,0.2,lr5e-05_bs32_modL1_fusion64_fusionL1_drop0p2_trmiss50_trlocradio,55,0.44548697272936505,0.6189353764057159,0.7068965517241379,0.7935136897873272,0.6888888888888889,0.0,0.0,0.0,0.0,0.0,0.0,0.0,0.0,0.0,2002,radio,0.5
3,5,lr5e-05_bs32_modL1_fusion64_fusionL1_drop0p2_trmiss50_trlocradio,32,5e-05,1,64,1,0.2,lr5e-05_bs32_modL1_fusion64_fusionL1_drop0p2_trmiss50_trlocradio,56,0.419910525282224,0.6195552349090576,0.709051724137931,0.7922927560980619,0.6888888888888889,0.0,0.0,0.0,0.0,0.0,0.0,0.0,0.0,0.0,2002,radio,0.5
3,5,lr5e-05_bs32_modL1_fusion64_fusionL1_drop0p2_trmiss50_trlocradio,32,5e-05,1,64,1,0.2,lr5e-05_bs32_modL1_fusion64_fusionL1_drop0p2_trmiss50_trlocradio,57,0.4319695731004079,0.6204542815685272,0.7133620689655172,0.7948918447557001,0.6888888888888889,0.0,0.0,0.0,0.0,0.0,0.0,0.0,0.0,0.0,2002,radio,0.5
3,5,lr5e-05_bs32_modL1_fusion64_fusionL1_drop0p2_trmiss50_trlocradio,32,5e-05,1,64,1,0.2,lr5e-05_bs32_modL1_fusion64_fusionL1_drop0p2_trmiss50_trlocradio,58,0.4401148706674576,0.6202014088630676,0.709051724137931,0.7950547827136485,0.6888888888888889,0.0,0.0,0.0,0.0,0.0,0.0,0.0,0.0,0.0,2002,radio,0.5
3,5,lr5e-05_bs32_modL1_fusion64_fusionL1_drop0p2_trmiss50_trlocradio,32,5e-05,1,64,1,0.2,lr5e-05_bs32_modL1_fusion64_fusionL1_drop0p2_trmiss50_trlocradio,59,0.44187867144743603,0.6209046542644501,0.7112068965517242,0.7956830111095721,0.6888888888888889,0.0,0.0,0.0,0.0,0.0,0.0,0.0,0.0,0.0,2002,radio,0.5
3,5,lr5e-05_bs32_modL1_fusion64_fusionL1_drop0p2_trmiss50_trlocradio,32,5e-05,1,64,1,0.2,lr5e-05_bs32_modL1_fusion64_fusionL1_drop0p2_trmiss50_trlocradio,60,0.4245910445849101,0.6212007105350494,0.7025862068965517,0.7920777130978007,0.6888888888888889,0.0,0.0,0.0,0.0,0.0,0.0,0.0,0.0,0.0,2002,radio,0.5
3,5,lr5e-05_bs32_modL1_fusion64_fusionL1_drop0p2_trmiss50_trlocradio,32,5e-05,1,64,1,0.2,lr5e-05_bs32_modL1_fusion64_fusionL1_drop0p2_trmiss50_trlocradio,61,0.43987764914830524,0.6203246414661407,0.7112068965517242,0.7956830111095721,0.6888888888888889,0.0,0.0,0.0,0.0,0.0,0.0,0.0,0.0,0.0,2002,radio,0.5
3,5,lr5e-05_bs32_modL1_fusion64_fusionL1_drop0p2_trmiss50_trlocradio,32,5e-05,1,64,1,0.2,lr5e-05_bs32_modL1_fusion64_fusionL1_drop0p2_trmiss50_trlocradio,62,0.4223388334115346,0.6213394403457642,0.7047413793103449,0.7928914924766637,0.6888888888888889,0.0,0.0,0.0,0.0,0.0,0.0,0.0,0.0,0.0,2002,radio,0.5
3,5,lr5e-05_bs32_modL1_fusion64_fusionL1_drop0p2_trmiss50_trlocradio,32,5e-05,1,64,1,0.2,lr5e-05_bs32_modL1_fusion64_fusionL1_drop0p2_trmiss50_trlocradio,63,0.427418718735377,0.6203293800354004,0.7112068965517242,0.7953680823670466,0.6888888888888889,0.0,0.0,0.0,0.0,0.0,0.0,0.0,0.0,0.0,2002,radio,0.5
3,5,lr5e-05_bs32_modL1_fusion64_fusionL1_drop0p2_trmiss50_trlocradio,32,5e-05,1,64,1,0.2,lr5e-05_bs32_modL1_fusion64_fusionL1_drop0p2_trmiss50_trlocradio,64,0.42935552696386975,0.6206441223621368,0.709051724137931,0.7942761283440583,0.6888888888888889,0.0,0.0,0.0,0.0,0.0,0.0,0.0,0.0,0.0,2002,radio,0.5
3,5,lr5e-05_bs32_modL1_fusion64_fusionL1_drop0p2_trmiss50_trlocradio,32,5e-05,1,64,1,0.2,lr5e-05_bs32_modL1_fusion64_fusionL1_drop0p2_trmiss50_trlocradio,65,0.4049241840839386,0.619504451751709,0.7155172413793103,0.7964056222798936,0.6888888888888889,0.0,0.0,0.0,0.0,0.0,0.0,0.0,0.0,0.0,2002,radio,0.5
3,5,lr5e-05_bs32_modL1_fusion64_fusionL1_drop0p2_trmiss50_trlocradio,32,5e-05,1,64,1,0.2,lr5e-05_bs32_modL1_fusion64_fusionL1_drop0p2_trmiss50_trlocradio,66,0.43845824400583905,0.6193342208862305,0.7112068965517242,0.7949097553808071,0.7111111111111111,0.0,0.0,0.0,0.0,0.0,0.0,0.0,0.0,0.0,2002,radio,0.5
3,5,lr5e-05_bs32_modL1_fusion64_fusionL1_drop0p2_trmiss50_trlocradio,32,5e-05,1,64,1,0.2,lr5e-05_bs32_modL1_fusion64_fusionL1_drop0p2_trmiss50_trlocradio,67,0.4133409808079402,0.620499312877655,0.7112068965517241,0.7949504330938986,0.6888888888888889,0.0,0.0,0.0,0.0,0.0,0.0,0.0,0.0,0.0,2002,radio,0.5
3,5,lr5e-05_bs32_modL1_fusion64_fusionL1_drop0p2_trmiss50_trlocradio,32,5e-05,1,64,1,0.2,lr5e-05_bs32_modL1_fusion64_fusionL1_drop0p2_trmiss50_trlocradio,68,0.41186193625132245,0.620136559009552,0.709051724137931,0.7941970282836988,0.6888888888888889,0.0,0.0,0.0,0.0,0.0,0.0,0.0,0.0,0.0,2002,radio,0.5
3,5,lr5e-05_bs32_modL1_fusion64_fusionL1_drop0p2_trmiss50_trlocradio,32,5e-05,1,64,1,0.2,lr5e-05_bs32_modL1_fusion64_fusionL1_drop0p2_trmiss50_trlocradio,69,0.4027143915494283,0.6190753877162933,0.7176724137931034,0.7979734199009145,0.6888888888888889,0.0,0.0,0.0,0.0,0.0,0.0,0.0,0.0,0.0,2002,radio,0.5
3,5,lr5e-05_bs32_modL1_fusion64_fusionL1_drop0p2_trmiss50_trlocradio,32,5e-05,1,64,1,0.2,lr5e-05_bs32_modL1_fusion64_fusionL1_drop0p2_trmiss50_trlocradio,70,0.42735960086186725,0.6192170679569244,0.7133620689655172,0.7956372898685591,0.6888888888888889,0.0,0.0,0.0,0.0,0.0,0.0,0.0,0.0,0.0,2002,radio,0.5
3,5,lr5e-05_bs32_modL1_fusion64_fusionL1_drop0p2_trmiss50_trlocradio,32,5e-05,1,64,1,0.2,lr5e-05_bs32_modL1_fusion64_fusionL1_drop0p2_trmiss50_trlocradio,71,0.41409363845984143,0.6199996173381805,0.7155172413793104,0.7968270359046319,0.7111111111111111,0.0,0.0,0.0,0.0,0.0,0.0,0.0,0.0,0.0,2002,radio,0.5
3,5,lr5e-05_bs32_modL1_fusion64_fusionL1_drop0p2_trmiss50_trlocradio,32,5e-05,1,64,1,0.2,lr5e-05_bs32_modL1_fusion64_fusionL1_drop0p2_trmiss50_trlocradio,72,0.4120653768380483,0.6209356784820557,0.7133620689655172,0.7955581898081996,0.7111111111111111,0.0,0.0,0.0,0.0,0.0,0.0,0.0,0.0,0.0,2002,radio,0.5
3,5,lr5e-05_bs32_modL1_fusion64_fusionL1_drop0p2_trmiss50_trlocradio,32,5e-05,1,64,1,0.2,lr5e-05_bs32_modL1_fusion64_fusionL1_drop0p2_trmiss50_trlocradio,73,0.43015172084172565,0.6205954849720001,0.7112068965517242,0.7937361987906111,0.7111111111111111,0.0,0.0,0.0,0.0,0.0,0.0,0.0,0.0,0.0,2002,radio,0.5
3,5,lr5e-05_bs32_modL1_fusion64_fusionL1_drop0p2_trmiss50_trlocradio,32,5e-05,1,64,1,0.2,lr5e-05_bs32_modL1_fusion64_fusionL1_drop0p2_trmiss50_trlocradio,74,0.4280255784591039,0.6193345189094543,0.7133620689655172,0.7949979657185637,0.7111111111111111,0.0,0.0,0.0,0.0,0.0,0.0,0.0,0.0,0.0,2002,radio,0.5
3,5,lr5e-05_bs32_modL1_fusion64_fusionL1_drop0p2_trmiss50_trlocradio,32,5e-05,1,64,1,0.2,lr5e-05_bs32_modL1_fusion64_fusionL1_drop0p2_trmiss50_trlocradio,75,0.43307238817214966,0.619359165430069,0.7176724137931034,0.7974035486413882,0.6888888888888889,0.0,0.0,0.0,0.0,0.0,0.0,0.0,0.0,0.0,2002,radio,0.5
3,5,lr5e-05_bs32_modL1_fusion64_fusionL1_drop0p2_trmiss50_trlocradio,32,5e-05,1,64,1,0.2,lr5e-05_bs32_modL1_fusion64_fusionL1_drop0p2_trmiss50_trlocradio,76,0.4125761389732361,0.6188492476940155,0.7155172413793104,0.7963115946183996,0.6888888888888889,0.0,0.0,0.0,0.0,0.0,0.0,0.0,0.0,0.0,2002,radio,0.5
3,5,lr5e-05_bs32_modL1_fusion64_fusionL1_drop0p2_trmiss50_trlocradio,32,5e-05,1,64,1,0.2,lr5e-05_bs32_modL1_fusion64_fusionL1_drop0p2_trmiss50_trlocradio,77,0.4178374260663986,0.6180265247821808,0.7155172413793104,0.7966501438311882,0.6888888888888889,0.0,0.0,0.0,0.0,0.0,0.0,0.0,0.0,0.0,2002,radio,0.5
3,5,lr5e-05_bs32_modL1_fusion64_fusionL1_drop0p2_trmiss50_trlocradio,32,5e-05,1,64,1,0.2,lr5e-05_bs32_modL1_fusion64_fusionL1_drop0p2_trmiss50_trlocradio,78,0.4233332723379135,0.6181549429893494,0.7198275862068966,0.7987420365764213,0.6888888888888889,0.0,0.0,0.0,0.0,0.0,0.0,0.0,0.0,0.0,2002,radio,0.5
3,5,lr5e-05_bs32_modL1_fusion64_fusionL1_drop0p2_trmiss50_trlocradio,32,5e-05,1,64,1,0.2,lr5e-05_bs32_modL1_fusion64_fusionL1_drop0p2_trmiss50_trlocradio,79,0.4206077257792155,0.6185912489891052,0.7176724137931034,0.7976798353113801,0.6888888888888889,0.0,0.0,0.0,0.0,0.0,0.0,0.0,0.0,0.0,2002,radio,0.5
3,5,lr5e-05_bs32_modL1_fusion64_fusionL1_drop0p2_trmiss50_trlocradio,32,5e-05,1,64,1,0.2,lr5e-05_bs32_modL1_fusion64_fusionL1_drop0p2_trmiss50_trlocradio,80,0.43026773631572723,0.6192793548107147,0.7155172413793104,0.7972202993548869,0.6888888888888889,0.0,0.0,0.0,0.0,0.0,0.0,0.0,0.0,0.0,2002,radio,0.5
3,5,lr5e-05_bs32_modL1_fusion64_fusionL1_drop0p1_trmiss50_trlocradio,32,5e-05,1,64,1,0.1,lr5e-05_bs32_modL1_fusion64_fusionL1_drop0p1_trmiss50_trlocradio,1,0.718546599149704,0.6950041949748993,0.44181034482758624,0.6832434216807428,0.4888888888888889,0.0,0.0,0.0,0.0,0.0,0.0,0.0,0.0,0.0,2002,radio,0.5
3,5,lr5e-05_bs32_modL1_fusion64_fusionL1_drop0p1_trmiss50_trlocradio,32,5e-05,1,64,1,0.1,lr5e-05_bs32_modL1_fusion64_fusionL1_drop0p1_trmiss50_trlocradio,2,0.6579338212807974,0.6940070688724518,0.4245689655172414,0.6763426503342401,0.4888888888888889,0.0,0.0,0.0,0.0,0.0,0.0,0.0,0.0,0.0,2002,radio,0.5
3,5,lr5e-05_bs32_modL1_fusion64_fusionL1_drop0p1_trmiss50_trlocradio,32,5e-05,1,64,1,0.1,lr5e-05_bs32_modL1_fusion64_fusionL1_drop0p1_trmiss50_trlocradio,3,0.6577606797218323,0.6901454031467438,0.42887931034482757,0.6667276483511301,0.4888888888888889,0.0,0.0,0.0,0.0,0.0,0.0,0.0,0.0,0.0,2002,radio,0.5
3,5,lr5e-05_bs32_modL1_fusion64_fusionL1_drop0p1_trmiss50_trlocradio,32,5e-05,1,64,1,0.1,lr5e-05_bs32_modL1_fusion64_fusionL1_drop0p1_trmiss50_trlocradio,4,0.6115052501360575,0.6846219003200531,0.4698275862068966,0.7001816692596055,0.5111111111111111,0.0,0.0,0.0,0.0,0.0,0.0,0.0,0.0,0.0,2002,radio,0.5
3,5,lr5e-05_bs32_modL1_fusion64_fusionL1_drop0p1_trmiss50_trlocradio,32,5e-05,1,64,1,0.1,lr5e-05_bs32_modL1_fusion64_fusionL1_drop0p1_trmiss50_trlocradio,5,0.5999851922194163,0.679065614938736,0.49137931034482757,0.7142454221856658,0.5333333333333333,0.0,0.0,0.0,0.0,0.0,0.0,0.0,0.0,0.0,2002,radio,0.5
3,5,lr5e-05_bs32_modL1_fusion64_fusionL1_drop0p1_trmiss50_trlocradio,32,5e-05,1,64,1,0.1,lr5e-05_bs32_modL1_fusion64_fusionL1_drop0p1_trmiss50_trlocradio,6,0.5794650614261627,0.6752226054668427,0.519396551724138,0.7310872727161077,0.5111111111111111,0.0,0.0,0.0,0.0,0.0,0.0,0.0,0.0,0.0,2002,radio,0.5
3,5,lr5e-05_bs32_modL1_fusion64_fusionL1_drop0p1_trmiss50_trlocradio,32,5e-05,1,64,1,0.1,lr5e-05_bs32_modL1_fusion64_fusionL1_drop0p1_trmiss50_trlocradio,7,0.5575601855913798,0.6753821969032288,0.5150862068965517,0.7323667660601858,0.5333333333333333,0.0,0.0,0.0,0.0,0.0,0.0,0.0,0.0,0.0,2002,radio,0.5
3,5,lr5e-05_bs32_modL1_fusion64_fusionL1_drop0p1_trmiss50_trlocradio,32,5e-05,1,64,1,0.1,lr5e-05_bs32_modL1_fusion64_fusionL1_drop0p1_trmiss50_trlocradio,8,0.5442217836777369,0.6751846075057983,0.5064655172413793,0.7259375869770086,0.5777777777777777,0.0,0.0,0.0,0.0,0.0,0.0,0.0,0.0,0.0,2002,radio,0.5
3,5,lr5e-05_bs32_modL1_fusion64_fusionL1_drop0p1_trmiss50_trlocradio,32,5e-05,1,64,1,0.1,lr5e-05_bs32_modL1_fusion64_fusionL1_drop0p1_trmiss50_trlocradio,9,0.5415468513965607,0.6761889755725861,0.5043103448275863,0.7262714592733004,0.5333333333333333,0.0,0.0,0.0,0.0,0.0,0.0,0.0,0.0,0.0,2002,radio,0.5
3,5,lr5e-05_bs32_modL1_fusion64_fusionL1_drop0p1_trmiss50_trlocradio,32,5e-05,1,64,1,0.1,lr5e-05_bs32_modL1_fusion64_fusionL1_drop0p1_trmiss50_trlocradio,10,0.5261160929997762,0.6758023798465729,0.5172413793103449,0.739890641813417,0.5333333333333333,0.0,0.0,0.0,0.0,0.0,0.0,0.0,0.0,0.0,2002,radio,0.5
3,5,lr5e-05_bs32_modL1_fusion64_fusionL1_drop0p1_trmiss50_trlocradio,32,5e-05,1,64,1,0.1,lr5e-05_bs32_modL1_fusion64_fusionL1_drop0p1_trmiss50_trlocradio,11,0.515622744957606,0.6770816743373871,0.5172413793103449,0.7445214069612149,0.5111111111111111,0.0,0.0,0.0,0.0,0.0,0.0,0.0,0.0,0.0,2002,radio,0.5
3,5,lr5e-05_bs32_modL1_fusion64_fusionL1_drop0p1_trmiss50_trlocradio,32,5e-05,1,64,1,0.1,lr5e-05_bs32_modL1_fusion64_fusionL1_drop0p1_trmiss50_trlocradio,12,0.5033166905244192,0.6754513084888458,0.5064655172413793,0.7391982587648318,0.5111111111111111,0.0,0.0,0.0,0.0,0.0,0.0,0.0,0.0,0.0,2002,radio,0.5
3,5,lr5e-05_bs32_modL1_fusion64_fusionL1_drop0p1_trmiss50_trlocradio,32,5e-05,1,64,1,0.1,lr5e-05_bs32_modL1_fusion64_fusionL1_drop0p1_trmiss50_trlocradio,13,0.4811701824267705,0.6752816736698151,0.502155172413793,0.737021893792168,0.5111111111111111,0.0,0.0,0.0,0.0,0.0,0.0,0.0,0.0,0.0,2002,radio,0.5
3,5,lr5e-05_bs32_modL1_fusion64_fusionL1_drop0p1_trmiss50_trlocradio,32,5e-05,1,64,1,0.1,lr5e-05_bs32_modL1_fusion64_fusionL1_drop0p1_trmiss50_trlocradio,14,0.48738569021224976,0.6737689673900604,0.5129310344827587,0.7412414191324173,0.5111111111111111,0.0,0.0,0.0,0.0,0.0,0.0,0.0,0.0,0.0,2002,radio,0.5
3,5,lr5e-05_bs32_modL1_fusion64_fusionL1_drop0p1_trmiss50_trlocradio,32,5e-05,1,64,1,0.1,lr5e-05_bs32_modL1_fusion64_fusionL1_drop0p1_trmiss50_trlocradio,15,0.48316214481989544,0.6701790392398834,0.519396551724138,0.7473877882194067,0.5333333333333333,0.0,0.0,0.0,0.0,0.0,0.0,0.0,0.0,0.0,2002,radio,0.5
3,5,lr5e-05_bs32_modL1_fusion64_fusionL1_drop0p1_trmiss50_trlocradio,32,5e-05,1,64,1,0.1,lr5e-05_bs32_modL1_fusion64_fusionL1_drop0p1_trmiss50_trlocradio,16,0.4756010075410207,0.6683788597583771,0.5323275862068966,0.7482927465100222,0.5111111111111111,0.0,0.0,0.0,0.0,0.0,0.0,0.0,0.0,0.0,2002,radio,0.5
3,5,lr5e-05_bs32_modL1_fusion64_fusionL1_drop0p1_trmiss50_trlocradio,32,5e-05,1,64,1,0.1,lr5e-05_bs32_modL1_fusion64_fusionL1_drop0p1_trmiss50_trlocradio,17,0.4754747152328491,0.6673052608966827,0.5323275862068965,0.7486699244494197,0.5333333333333333,0.0,0.0,0.0,0.0,0.0,0.0,0.0,0.0,0.0,2002,radio,0.5
3,5,lr5e-05_bs32_modL1_fusion64_fusionL1_drop0p1_trmiss50_trlocradio,32,5e-05,1,64,1,0.1,lr5e-05_bs32_modL1_fusion64_fusionL1_drop0p1_trmiss50_trlocradio,18,0.47386787335077923,0.6681345701217651,0.5193965517241379,0.7435092856516348,0.5333333333333333,0.0,0.0,0.0,0.0,0.0,0.0,0.0,0.0,0.0,2002,radio,0.5
3,5,lr5e-05_bs32_modL1_fusion64_fusionL1_drop0p1_trmiss50_trlocradio,32,5e-05,1,64,1,0.1,lr5e-05_bs32_modL1_fusion64_fusionL1_drop0p1_trmiss50_trlocradio,19,0.46269237995147705,0.6677582561969757,0.5172413793103449,0.7436885406244571,0.5111111111111111,0.0,0.0,0.0,0.0,0.0,0.0,0.0,0.0,0.0,2002,radio,0.5
3,5,lr5e-05_bs32_modL1_fusion64_fusionL1_drop0p1_trmiss50_trlocradio,32,5e-05,1,64,1,0.1,lr5e-05_bs32_modL1_fusion64_fusionL1_drop0p1_trmiss50_trlocradio,20,0.45806444187959033,0.6665071547031403,0.5301724137931034,0.7500349124986025,0.5333333333333333,0.0,0.0,0.0,0.0,0.0,0.0,0.0,0.0,0.0,2002,radio,0.5
3,5,lr5e-05_bs32_modL1_fusion64_fusionL1_drop0p1_trmiss50_trlocradio,32,5e-05,1,64,1,0.1,lr5e-05_bs32_modL1_fusion64_fusionL1_drop0p1_trmiss50_trlocradio,21,0.45258820056915283,0.6685498356819153,0.5323275862068966,0.7495625398597143,0.5333333333333333,0.0,0.0,0.0,0.0,0.0,0.0,0.0,0.0,0.0,2002,radio,0.5
3,5,lr5e-05_bs32_modL1_fusion64_fusionL1_drop0p1_trmiss50_trlocradio,32,5e-05,1,64,1,0.1,lr5e-05_bs32_modL1_fusion64_fusionL1_drop0p1_trmiss50_trlocradio,22,0.44156480332215625,0.668964147567749,0.5237068965517242,0.7443015012946441,0.5555555555555556,0.0,0.0,0.0,0.0,0.0,0.0,0.0,0.0,0.0,2002,radio,0.5
3,5,lr5e-05_bs32_modL1_fusion64_fusionL1_drop0p1_trmiss50_trlocradio,32,5e-05,1,64,1,0.1,lr5e-05_bs32_modL1_fusion64_fusionL1_drop0p1_trmiss50_trlocradio,23,0.43794410427411395,0.6716911792755127,0.521551724137931,0.7457761575791577,0.5777777777777777,0.0,0.0,0.0,0.0,0.0,0.0,0.0,0.0,0.0,2002,radio,0.5
3,5,lr5e-05_bs32_modL1_fusion64_fusionL1_drop0p1_trmiss50_trlocradio,32,5e-05,1,64,1,0.1,lr5e-05_bs32_modL1_fusion64_fusionL1_drop0p1_trmiss50_trlocradio,24,0.4373804181814194,0.6741318702697754,0.5043103448275862,0.7383359453664113,0.5111111111111111,0.0,0.0,0.0,0.0,0.0,0.0,0.0,0.0,0.0,2002,radio,0.5
3,5,lr5e-05_bs32_modL1_fusion64_fusionL1_drop0p1_trmiss50_trlocradio,32,5e-05,1,64,1,0.1,lr5e-05_bs32_modL1_fusion64_fusionL1_drop0p1_trmiss50_trlocradio,25,0.4323434829711914,0.674156129360199,0.5129310344827587,0.7407828904718659,0.5333333333333333,0.0,0.0,0.0,0.0,0.0,0.0,0.0,0.0,0.0,2002,radio,0.5
3,5,lr5e-05_bs32_modL1_fusion64_fusionL1_drop0p1_trmiss50_trlocradio,32,5e-05,1,64,1,0.1,lr5e-05_bs32_modL1_fusion64_fusionL1_drop0p1_trmiss50_trlocradio,26,0.43054314454396564,0.6730703711509705,0.5237068965517241,0.7463377711591059,0.5111111111111111,0.0,0.0,0.0,0.0,0.0,0.0,0.0,0.0,0.0,2002,radio,0.5
3,5,lr5e-05_bs32_modL1_fusion64_fusionL1_drop0p1_trmiss50_trlocradio,32,5e-05,1,64,1,0.1,lr5e-05_bs32_modL1_fusion64_fusionL1_drop0p1_trmiss50_trlocradio,27,0.4234219342470169,0.6712677180767059,0.5172413793103448,0.7398097178252652,0.4888888888888889,0.0,0.0,0.0,0.0,0.0,0.0,0.0,0.0,0.0,2002,radio,0.5
3,5,lr5e-05_bs32_modL1_fusion64_fusionL1_drop0p1_trmiss50_trlocradio,32,5e-05,1,64,1,0.1,lr5e-05_bs32_modL1_fusion64_fusionL1_drop0p1_trmiss50_trlocradio,28,0.4207850495974223,0.6717006266117096,0.5193965517241379,0.7407745773810879,0.5111111111111111,0.0,0.0,0.0,0.0,0.0,0.0,0.0,0.0,0.0,2002,radio,0.5
3,5,lr5e-05_bs32_modL1_fusion64_fusionL1_drop0p1_trmiss50_trlocradio,32,5e-05,1,64,1,0.1,lr5e-05_bs32_modL1_fusion64_fusionL1_drop0p1_trmiss50_trlocradio,29,0.41808347900708515,0.6722754240036011,0.5129310344827586,0.7368700102576085,0.5111111111111111,0.0,0.0,0.0,0.0,0.0,0.0,0.0,0.0,0.0,2002,radio,0.5
3,5,lr5e-05_bs32_modL1_fusion64_fusionL1_drop0p1_trmiss50_trlocradio,32,5e-05,1,64,1,0.1,lr5e-05_bs32_modL1_fusion64_fusionL1_drop0p1_trmiss50_trlocradio,30,0.4166290859381358,0.6719908714294434,0.5150862068965517,0.73758552039578,0.5333333333333333,0.0,0.0,0.0,0.0,0.0,0.0,0.0,0.0,0.0,2002,radio,0.5
3,5,lr5e-05_bs32_modL1_fusion64_fusionL1_drop0p1_trmiss50_trlocradio,32,5e-05,1,64,1,0.1,lr5e-05_bs32_modL1_fusion64_fusionL1_drop0p1_trmiss50_trlocradio,31,0.4289178599913915,0.6730136275291443,0.5043103448275862,0.7318686255409541,0.5111111111111111,0.0,0.0,0.0,0.0,0.0,0.0,0.0,0.0,0.0,2002,radio,0.5
3,5,lr5e-05_bs32_modL1_fusion64_fusionL1_drop0p1_trmiss50_trlocradio,32,5e-05,1,64,1,0.1,lr5e-05_bs32_modL1_fusion64_fusionL1_drop0p1_trmiss50_trlocradio,32,0.4125558038552602,0.6712491810321808,0.5150862068965517,0.7368663168412042,0.5111111111111111,0.0,0.0,0.0,0.0,0.0,0.0,0.0,0.0,0.0,2002,radio,0.5
3,5,lr5e-05_bs32_modL1_fusion64_fusionL1_drop0p1_trmiss50_trlocradio,32,5e-05,1,64,1,0.1,lr5e-05_bs32_modL1_fusion64_fusionL1_drop0p1_trmiss50_trlocradio,33,0.4294533133506775,0.672743171453476,0.5107758620689655,0.7355665672206402,0.5111111111111111,0.0,0.0,0.0,0.0,0.0,0.0,0.0,0.0,0.0,2002,radio,0.5
3,5,lr5e-05_bs32_modL1_fusion64_fusionL1_drop0p1_trmiss50_trlocradio,32,5e-05,1,64,1,0.1,lr5e-05_bs32_modL1_fusion64_fusionL1_drop0p1_trmiss50_trlocradio,34,0.4183635910352071,0.6727598905563354,0.5150862068965517,0.7384993573585119,0.4888888888888889,0.0,0.0,0.0,0.0,0.0,0.0,0.0,0.0,0.0,2002,radio,0.5
3,5,lr5e-05_bs32_modL1_fusion64_fusionL1_drop0p1_trmiss50_trlocradio,32,5e-05,1,64,1,0.1,lr5e-05_bs32_modL1_fusion64_fusionL1_drop0p1_trmiss50_trlocradio,35,0.4040200859308243,0.6736366748809814,0.5172413793103448,0.7406747755248115,0.4888888888888889,0.0,0.0,0.0,0.0,0.0,0.0,0.0,0.0,0.0,2002,radio,0.5
3,5,lr5e-05_bs32_modL1_fusion64_fusionL1_drop0p1_trmiss50_trlocradio,32,5e-05,1,64,1,0.1,lr5e-05_bs32_modL1_fusion64_fusionL1_drop0p1_trmiss50_trlocradio,36,0.4142235815525055,0.6736383438110352,0.5172413793103448,0.7376144782902856,0.4888888888888889,0.0,0.0,0.0,0.0,0.0,0.0,0.0,0.0,0.0,2002,radio,0.5
3,5,lr1e-04_bs32_modL1_fusion32_fusionL1_drop0p2_trmiss50_trlocradio,32,0.0001,1,32,1,0.2,lr1e-04_bs32_modL1_fusion32_fusionL1_drop0p2_trmiss50_trlocradio,1,0.6841889222462972,0.678371012210846,0.5366379310344828,0.7055976152351726,0.6222222222222222,0.0,0.0,0.0,0.0,0.0,0.0,0.0,0.0,0.0,2002,radio,0.5
3,5,lr1e-04_bs32_modL1_fusion32_fusionL1_drop0p2_trmiss50_trlocradio,32,0.0001,1,32,1,0.2,lr1e-04_bs32_modL1_fusion32_fusionL1_drop0p2_trmiss50_trlocradio,2,0.645199696222941,0.6679648160934448,0.6185344827586208,0.7652848544695897,0.6222222222222222,0.0,0.0,0.0,0.0,0.0,0.0,0.0,0.0,0.0,2002,radio,0.5
3,5,lr1e-04_bs32_modL1_fusion32_fusionL1_drop0p2_trmiss50_trlocradio,32,0.0001,1,32,1,0.2,lr1e-04_bs32_modL1_fusion32_fusionL1_drop0p2_trmiss50_trlocradio,3,0.6272513767083486,0.6580980122089386,0.6400862068965517,0.7754262090939606,0.6222222222222222,0.0,0.0,0.0,0.0,0.0,0.0,0.0,0.0,0.0,2002,radio,0.5
3,5,lr1e-04_bs32_modL1_fusion32_fusionL1_drop0p2_trmiss50_trlocradio,32,0.0001,1,32,1,0.2,lr1e-04_bs32_modL1_fusion32_fusionL1_drop0p2_trmiss50_trlocradio,4,0.6065833568572998,0.6515292823314667,0.6530172413793104,0.7917815325145013,0.6222222222222222,0.0,0.0,0.0,0.0,0.0,0.0,0.0,0.0,0.0,2002,radio,0.5
3,5,lr1e-04_bs32_modL1_fusion32_fusionL1_drop0p2_trmiss50_trlocradio,32,0.0001,1,32,1,0.2,lr1e-04_bs32_modL1_fusion32_fusionL1_drop0p2_trmiss50_trlocradio,5,0.5832172334194183,0.6488995850086212,0.6573275862068966,0.7822507855931772,0.6222222222222222,0.0,0.0,0.0,0.0,0.0,0.0,0.0,0.0,0.0,2002,radio,0.5
3,5,lr1e-04_bs32_modL1_fusion32_fusionL1_drop0p2_trmiss50_trlocradio,32,0.0001,1,32,1,0.2,lr1e-04_bs32_modL1_fusion32_fusionL1_drop0p2_trmiss50_trlocradio,6,0.574694037437439,0.6476460695266724,0.6487068965517242,0.7785206013335207,0.6,0.0,0.0,0.0,0.0,0.0,0.0,0.0,0.0,0.0,2002,radio,0.5
3,5,lr1e-04_bs32_modL1_fusion32_fusionL1_drop0p2_trmiss50_trlocradio,32,0.0001,1,32,1,0.2,lr1e-04_bs32_modL1_fusion32_fusionL1_drop0p2_trmiss50_trlocradio,7,0.5614251494407654,0.6472317278385162,0.646551724137931,0.7723969649586174,0.5777777777777777,0.0,0.0,0.0,0.0,0.0,0.0,0.0,0.0,0.0,2002,radio,0.5
3,5,lr1e-04_bs32_modL1_fusion32_fusionL1_drop0p2_trmiss50_trlocradio,32,0.0001,1,32,1,0.2,lr1e-04_bs32_modL1_fusion32_fusionL1_drop0p2_trmiss50_trlocradio,8,0.5496382216612498,0.6460795700550079,0.6314655172413793,0.7632262264521793,0.5777777777777777,0.0,0.0,0.0,0.0,0.0,0.0,0.0,0.0,0.0,2002,radio,0.5
3,5,lr1e-04_bs32_modL1_fusion32_fusionL1_drop0p2_trmiss50_trlocradio,32,0.0001,1,32,1,0.2,lr1e-04_bs32_modL1_fusion32_fusionL1_drop0p2_trmiss50_trlocradio,9,0.5390270153681437,0.6432337164878845,0.6573275862068966,0.7847861584723698,0.5777777777777777,0.0,0.0,0.0,0.0,0.0,0.0,0.0,0.0,0.0,2002,radio,0.5
3,5,lr1e-04_bs32_modL1_fusion32_fusionL1_drop0p2_trmiss50_trlocradio,32,0.0001,1,32,1,0.2,lr1e-04_bs32_modL1_fusion32_fusionL1_drop0p2_trmiss50_trlocradio,10,0.5330496927102407,0.6373717188835144,0.6831896551724138,0.7993032132177752,0.6,0.0,0.0,0.0,0.0,0.0,0.0,0.0,0.0,0.0,2002,radio,0.5
3,5,lr1e-04_bs32_modL1_fusion32_fusionL1_drop0p2_trmiss50_trlocradio,32,0.0001,1,32,1,0.2,lr1e-04_bs32_modL1_fusion32_fusionL1_drop0p2_trmiss50_trlocradio,11,0.52914659678936,0.6334465444087982,0.6896551724137931,0.8066889326092855,0.6222222222222222,0.0,0.0,0.0,0.0,0.0,0.0,0.0,0.0,0.0,2002,radio,0.5
3,5,lr1e-04_bs32_modL1_fusion32_fusionL1_drop0p2_trmiss50_trlocradio,32,0.0001,1,32,1,0.2,lr1e-04_bs32_modL1_fusion32_fusionL1_drop0p2_trmiss50_trlocradio,12,0.5154018253087997,0.6338156163692474,0.6767241379310345,0.7993908891162299,0.6,0.0,0.0,0.0,0.0,0.0,0.0,0.0,0.0,0.0,2002,radio,0.5
3,5,lr1e-04_bs32_modL1_fusion32_fusionL1_drop0p2_trmiss50_trlocradio,32,0.0001,1,32,1,0.2,lr1e-04_bs32_modL1_fusion32_fusionL1_drop0p2_trmiss50_trlocradio,13,0.5016396840413412,0.641925185918808,0.627155172413793,0.7630977465182853,0.6,0.0,0.0,0.0,0.0,0.0,0.0,0.0,0.0,0.0,2002,radio,0.5
3,5,lr1e-04_bs32_modL1_fusion32_fusionL1_drop0p2_trmiss50_trlocradio,32,0.0001,1,32,1,0.2,lr1e-04_bs32_modL1_fusion32_fusionL1_drop0p2_trmiss50_trlocradio,14,0.49312324325243634,0.6419495046138763,0.6357758620689654,0.7785906614221193,0.6,0.0,0.0,0.0,0.0,0.0,0.0,0.0,0.0,0.0,2002,radio,0.5
3,5,lr1e-04_bs32_modL1_fusion32_fusionL1_drop0p2_trmiss50_trlocradio,32,0.0001,1,32,1,0.2,lr1e-04_bs32_modL1_fusion32_fusionL1_drop0p2_trmiss50_trlocradio,15,0.49205648402373,0.6379973888397217,0.6551724137931034,0.7904195126155903,0.6222222222222222,0.0,0.0,0.0,0.0,0.0,0.0,0.0,0.0,0.0,2002,radio,0.5
3,5,lr1e-04_bs32_modL1_fusion32_fusionL1_drop0p2_trmiss50_trlocradio,32,0.0001,1,32,1,0.2,lr1e-04_bs32_modL1_fusion32_fusionL1_drop0p2_trmiss50_trlocradio,16,0.4850924114386241,0.636169821023941,0.6961206896551724,0.8134230332711802,0.6222222222222222,0.0,0.0,0.0,0.0,0.0,0.0,0.0,0.0,0.0,2002,radio,0.5
3,5,lr1e-04_bs32_modL1_fusion32_fusionL1_drop0p2_trmiss50_trlocradio,32,0.0001,1,32,1,0.2,lr1e-04_bs32_modL1_fusion32_fusionL1_drop0p2_trmiss50_trlocradio,17,0.4759846131006877,0.6394945085048676,0.6724137931034483,0.7951270437235586,0.6444444444444445,0.0,0.0,0.0,0.0,0.0,0.0,0.0,0.0,0.0,2002,radio,0.5
3,5,lr1e-04_bs32_modL1_fusion32_fusionL1_drop0p2_trmiss50_trlocradio,32,0.0001,1,32,1,0.2,lr1e-04_bs32_modL1_fusion32_fusionL1_drop0p2_trmiss50_trlocradio,18,0.462409570813179,0.6360663175582886,0.6810344827586207,0.7990916173796022,0.6222222222222222,0.0,0.0,0.0,0.0,0.0,0.0,0.0,0.0,0.0,2002,radio,0.5
3,5,lr1e-04_bs32_modL1_fusion32_fusionL1_drop0p2_trmiss50_trlocradio,32,0.0001,1,32,1,0.2,lr1e-04_bs32_modL1_fusion32_fusionL1_drop0p2_trmiss50_trlocradio,19,0.4700478067000707,0.6351827681064606,0.6702586206896552,0.7941322052287202,0.6444444444444445,0.0,0.0,0.0,0.0,0.0,0.0,0.0,0.0,0.0,2002,radio,0.5
3,5,lr1e-04_bs32_modL1_fusion32_fusionL1_drop0p2_trmiss50_trlocradio,32,0.0001,1,32,1,0.2,lr1e-04_bs32_modL1_fusion32_fusionL1_drop0p2_trmiss50_trlocradio,20,0.46414421995480853,0.6319849491119385,0.6767241379310345,0.7979939331653009,0.6,0.0,0.0,0.0,0.0,0.0,0.0,0.0,0.0,0.0,2002,radio,0.5
3,5,lr1e-04_bs32_modL1_fusion32_fusionL1_drop0p2_trmiss50_trlocradio,32,0.0001,1,32,1,0.2,lr1e-04_bs32_modL1_fusion32_fusionL1_drop0p2_trmiss50_trlocradio,21,0.46713340779145557,0.628948986530304,0.6810344827586208,0.8006292791781958,0.6444444444444445,0.0,0.0,0.0,0.0,0.0,0.0,0.0,0.0,0.0,2002,radio,0.5
3,5,lr1e-04_bs32_modL1_fusion32_fusionL1_drop0p2_trmiss50_trlocradio,32,0.0001,1,32,1,0.2,lr1e-04_bs32_modL1_fusion32_fusionL1_drop0p2_trmiss50_trlocradio,22,0.4617446114619573,0.6314113438129425,0.6702586206896551,0.7925893850999927,0.6444444444444445,0.0,0.0,0.0,0.0,0.0,0.0,0.0,0.0,0.0,2002,radio,0.5
3,5,lr1e-04_bs32_modL1_fusion32_fusionL1_drop0p2_trmiss50_trlocradio,32,0.0001,1,32,1,0.2,lr1e-04_bs32_modL1_fusion32_fusionL1_drop0p2_trmiss50_trlocradio,23,0.44740905861059826,0.6326102614402771,0.6681034482758621,0.7897400735281276,0.6222222222222222,0.0,0.0,0.0,0.0,0.0,0.0,0.0,0.0,0.0,2002,radio,0.5
3,5,lr1e-04_bs32_modL1_fusion32_fusionL1_drop0p2_trmiss50_trlocradio,32,0.0001,1,32,1,0.2,lr1e-04_bs32_modL1_fusion32_fusionL1_drop0p2_trmiss50_trlocradio,24,0.44814497729142505,0.6340929865837097,0.6637931034482758,0.7870987762744769,0.6444444444444445,0.0,0.0,0.0,0.0,0.0,0.0,0.0,0.0,0.0,2002,radio,0.5
3,5,lr1e-04_bs32_modL1_fusion32_fusionL1_drop0p2_trmiss50_trlocradio,32,0.0001,1,32,1,0.2,lr1e-04_bs32_modL1_fusion32_fusionL1_drop0p2_trmiss50_trlocradio,25,0.443937490383784,0.6325936615467072,0.6637931034482758,0.7771321034784657,0.6222222222222222,0.0,0.0,0.0,0.0,0.0,0.0,0.0,0.0,0.0,2002,radio,0.5
3,5,lr1e-04_bs32_modL1_fusion32_fusionL1_drop0p2_trmiss50_trlocradio,32,0.0001,1,32,1,0.2,lr1e-04_bs32_modL1_fusion32_fusionL1_drop0p2_trmiss50_trlocradio,26,0.44797636071840924,0.6295163631439209,0.6702586206896552,0.784485297362274,0.6444444444444445,0.0,0.0,0.0,0.0,0.0,0.0,0.0,0.0,0.0,2002,radio,0.5
3,5,lr1e-04_bs32_modL1_fusion32_fusionL1_drop0p2_trmiss50_trlocradio,32,0.0001,1,32,1,0.2,lr1e-04_bs32_modL1_fusion32_fusionL1_drop0p2_trmiss50_trlocradio,27,0.4426959703365962,0.6333381235599518,0.6681034482758621,0.7847352485544488,0.6444444444444445,0.0,0.0,0.0,0.0,0.0,0.0,0.0,0.0,0.0,2002,radio,0.5
3,5,lr1e-04_bs32_modL1_fusion32_fusionL1_drop0p2_trmiss50_trlocradio,32,0.0001,1,32,1,0.2,lr1e-04_bs32_modL1_fusion32_fusionL1_drop0p2_trmiss50_trlocradio,28,0.4456895589828491,0.6339324712753296,0.665948275862069,0.7839705099560059,0.6222222222222222,0.0,0.0,0.0,0.0,0.0,0.0,0.0,0.0,0.0,2002,radio,0.5
3,5,lr1e-04_bs32_modL1_fusion32_fusionL1_drop0p2_trmiss50_trlocradio,32,0.0001,1,32,1,0.2,lr1e-04_bs32_modL1_fusion32_fusionL1_drop0p2_trmiss50_trlocradio,29,0.42992237706979114,0.6341446936130524,0.6616379310344828,0.7817726279694042,0.6444444444444445,0.0,0.0,0.0,0.0,0.0,0.0,0.0,0.0,0.0,2002,radio,0.5
3,5,lr1e-04_bs32_modL1_fusion32_fusionL1_drop0p2_trmiss50_trlocradio,32,0.0001,1,32,1,0.2,lr1e-04_bs32_modL1_fusion32_fusionL1_drop0p2_trmiss50_trlocradio,30,0.43769925832748413,0.6306507885456085,0.6702586206896552,0.7848228270866919,0.6444444444444445,0.0,0.0,0.0,0.0,0.0,0.0,0.0,0.0,0.0,2002,radio,0.5
3,5,lr1e-04_bs32_modL1_fusion32_fusionL1_drop0p2_trmiss50_trlocradio,32,0.0001,1,32,1,0.2,lr1e-04_bs32_modL1_fusion32_fusionL1_drop0p2_trmiss50_trlocradio,31,0.4259217580159505,0.6287761628627777,0.6918103448275862,0.7957293056655841,0.6444444444444445,0.0,0.0,0.0,0.0,0.0,0.0,0.0,0.0,0.0,2002,radio,0.5
3,5,lr1e-04_bs32_modL1_fusion32_fusionL1_drop0p2_trmiss50_trlocradio,32,0.0001,1,32,1,0.2,lr1e-04_bs32_modL1_fusion32_fusionL1_drop0p2_trmiss50_trlocradio,32,0.43018515408039093,0.629337340593338,0.6875,0.7933833038702693,0.6444444444444445,0.0,0.0,0.0,0.0,0.0,0.0,0.0,0.0,0.0,2002,radio,0.5
3,5,lr1e-04_bs32_modL1_fusion32_fusionL1_drop0p2_trmiss50_trlocradio,32,0.0001,1,32,1,0.2,lr1e-04_bs32_modL1_fusion32_fusionL1_drop0p2_trmiss50_trlocradio,33,0.41700991491476697,0.6288583874702454,0.689655172413793,0.7972708258160035,0.6444444444444445,0.0,0.0,0.0,0.0,0.0,0.0,0.0,0.0,0.0,2002,radio,0.5
3,5,lr1e-04_bs32_modL1_fusion32_fusionL1_drop0p2_trmiss50_trlocradio,32,0.0001,1,32,1,0.2,lr1e-04_bs32_modL1_fusion32_fusionL1_drop0p2_trmiss50_trlocradio,34,0.43220480779806775,0.628891259431839,0.6918103448275863,0.8117495243456277,0.6444444444444445,0.0,0.0,0.0,0.0,0.0,0.0,0.0,0.0,0.0,2002,radio,0.5
3,5,lr1e-04_bs32_modL1_fusion32_fusionL1_drop0p2_trmiss50_trlocradio,32,0.0001,1,32,1,0.2,lr1e-04_bs32_modL1_fusion32_fusionL1_drop0p2_trmiss50_trlocradio,35,0.4169364770253499,0.6278220415115356,0.6918103448275862,0.8014589050032843,0.6444444444444445,0.0,0.0,0.0,0.0,0.0,0.0,0.0,0.0,0.0,2002,radio,0.5
3,5,lr1e-04_bs32_modL1_fusion32_fusionL1_drop0p2_trmiss50_trlocradio,32,0.0001,1,32,1,0.2,lr1e-04_bs32_modL1_fusion32_fusionL1_drop0p2_trmiss50_trlocradio,36,0.4172189285357793,0.6262246072292328,0.6918103448275861,0.7985814545499894,0.6444444444444445,0.0,0.0,0.0,0.0,0.0,0.0,0.0,0.0,0.0,2002,radio,0.5
3,5,lr1e-04_bs32_modL1_fusion32_fusionL1_drop0p1_trmiss50_trlocradio,32,0.0001,1,32,1,0.1,lr1e-04_bs32_modL1_fusion32_fusionL1_drop0p1_trmiss50_trlocradio,1,0.776022603114446,0.6931928098201752,0.625,0.7760714293953468,0.4222222222222222,0.0,0.0,0.0,0.0,0.0,0.0,0.0,0.0,0.0,2002,radio,0.5
3,5,lr1e-04_bs32_modL1_fusion32_fusionL1_drop0p1_trmiss50_trlocradio,32,0.0001,1,32,1,0.1,lr1e-04_bs32_modL1_fusion32_fusionL1_drop0p1_trmiss50_trlocradio,2,0.7261448005835215,0.6897627115249634,0.6681034482758621,0.8066251993512115,0.4444444444444444,0.0,0.0,0.0,0.0,0.0,0.0,0.0,0.0,0.0,2002,radio,0.5
3,5,lr1e-04_bs32_modL1_fusion32_fusionL1_drop0p1_trmiss50_trlocradio,32,0.0001,1,32,1,0.1,lr1e-04_bs32_modL1_fusion32_fusionL1_drop0p1_trmiss50_trlocradio,3,0.6874527732531229,0.6896160542964935,0.6788793103448275,0.8217158341590451,0.5111111111111111,0.0,0.0,0.0,0.0,0.0,0.0,0.0,0.0,0.0,2002,radio,0.5
3,5,lr1e-04_bs32_modL1_fusion32_fusionL1_drop0p1_trmiss50_trlocradio,32,0.0001,1,32,1,0.1,lr1e-04_bs32_modL1_fusion32_fusionL1_drop0p1_trmiss50_trlocradio,4,0.6718028088410696,0.6911177337169647,0.6918103448275862,0.8287567023116023,0.5111111111111111,0.0,0.0,0.0,0.0,0.0,0.0,0.0,0.0,0.0,2002,radio,0.5
3,5,lr1e-04_bs32_modL1_fusion32_fusionL1_drop0p1_trmiss50_trlocradio,32,0.0001,1,32,1,0.1,lr1e-04_bs32_modL1_fusion32_fusionL1_drop0p1_trmiss50_trlocradio,5,0.6439807812372843,0.6902786791324615,0.7112068965517242,0.8382954871636756,0.5111111111111111,0.0,0.0,0.0,0.0,0.0,0.0,0.0,0.0,0.0,2002,radio,0.5
3,5,lr1e-04_bs32_modL1_fusion32_fusionL1_drop0p1_trmiss50_trlocradio,32,0.0001,1,32,1,0.1,lr1e-04_bs32_modL1_fusion32_fusionL1_drop0p1_trmiss50_trlocradio,6,0.6330112318197886,0.6892673373222351,0.7155172413793103,0.8430065857041753,0.5111111111111111,0.0,0.0,0.0,0.0,0.0,0.0,0.0,0.0,0.0,2002,radio,0.5
3,5,lr1e-04_bs32_modL1_fusion32_fusionL1_drop0p1_trmiss50_trlocradio,32,0.0001,1,32,1,0.1,lr1e-04_bs32_modL1_fusion32_fusionL1_drop0p1_trmiss50_trlocradio,7,0.614499549070994,0.6900469660758972,0.7219827586206896,0.849279728650872,0.5111111111111111,0.0,0.0,0.0,0.0,0.0,0.0,0.0,0.0,0.0,2002,radio,0.5
3,5,lr1e-04_bs32_modL1_fusion32_fusionL1_drop0p1_trmiss50_trlocradio,32,0.0001,1,32,1,0.1,lr1e-04_bs32_modL1_fusion32_fusionL1_drop0p1_trmiss50_trlocradio,8,0.6073766152064005,0.6853477358818054,0.7306034482758621,0.8541448513412926,0.5111111111111111,0.0,0.0,0.0,0.0,0.0,0.0,0.0,0.0,0.0,2002,radio,0.5
3,5,lr1e-04_bs32_modL1_fusion32_fusionL1_drop0p1_trmiss50_trlocradio,32,0.0001,1,32,1,0.1,lr1e-04_bs32_modL1_fusion32_fusionL1_drop0p1_trmiss50_trlocradio,9,0.5858738223711649,0.677409827709198,0.7543103448275863,0.8633470715066138,0.5333333333333333,0.0,0.0,0.0,0.0,0.0,0.0,0.0,0.0,0.0,2002,radio,0.5
3,5,lr1e-04_bs32_modL1_fusion32_fusionL1_drop0p1_trmiss50_trlocradio,32,0.0001,1,32,1,0.1,lr1e-04_bs32_modL1_fusion32_fusionL1_drop0p1_trmiss50_trlocradio,10,0.5742987195650736,0.6696253418922424,0.7780172413793104,0.8766859244337546,0.5777777777777777,0.0,0.0,0.0,0.0,0.0,0.0,0.0,0.0,0.0,2002,radio,0.5
3,5,lr1e-04_bs32_modL1_fusion32_fusionL1_drop0p1_trmiss50_trlocradio,32,0.0001,1,32,1,0.1,lr1e-04_bs32_modL1_fusion32_fusionL1_drop0p1_trmiss50_trlocradio,11,0.5736611038446426,0.6678444147109985,0.7844827586206897,0.8857661931036289,0.6,0.0,0.0,0.0,0.0,0.0,0.0,0.0,0.0,0.0,2002,radio,0.5
3,5,lr1e-04_bs32_modL1_fusion32_fusionL1_drop0p1_trmiss50_trlocradio,32,0.0001,1,32,1,0.1,lr1e-04_bs32_modL1_fusion32_fusionL1_drop0p1_trmiss50_trlocradio,12,0.552078311642011,0.6672021746635437,0.8060344827586208,0.8931392123099413,0.5777777777777777,0.0,0.0,0.0,0.0,0.0,0.0,0.0,0.0,0.0,2002,radio,0.5
3,5,lr1e-04_bs32_modL1_fusion32_fusionL1_drop0p1_trmiss50_trlocradio,32,0.0001,1,32,1,0.1,lr1e-04_bs32_modL1_fusion32_fusionL1_drop0p1_trmiss50_trlocradio,13,0.5437379578749338,0.6641866564750671,0.7974137931034482,0.8889741288341688,0.6,0.0,0.0,0.0,0.0,0.0,0.0,0.0,0.0,0.0,2002,radio,0.5
3,5,lr1e-04_bs32_modL1_fusion32_fusionL1_drop0p1_trmiss50_trlocradio,32,0.0001,1,32,1,0.1,lr1e-04_bs32_modL1_fusion32_fusionL1_drop0p1_trmiss50_trlocradio,14,0.5534008045991262,0.6618539988994598,0.790948275862069,0.8883644483173512,0.6,0.0,0.0,0.0,0.0,0.0,0.0,0.0,0.0,0.0,2002,radio,0.5
3,5,lr1e-04_bs32_modL1_fusion32_fusionL1_drop0p1_trmiss50_trlocradio,32,0.0001,1,32,1,0.1,lr1e-04_bs32_modL1_fusion32_fusionL1_drop0p1_trmiss50_trlocradio,15,0.5316214362780253,0.659317821264267,0.790948275862069,0.889113956849733,0.6,0.0,0.0,0.0,0.0,0.0,0.0,0.0,0.0,0.0,2002,radio,0.5
3,5,lr1e-04_bs32_modL1_fusion32_fusionL1_drop0p1_trmiss50_trlocradio,32,0.0001,1,32,1,0.1,lr1e-04_bs32_modL1_fusion32_fusionL1_drop0p1_trmiss50_trlocradio,16,0.5189238836367925,0.6575622260570526,0.7780172413793104,0.8825285736202917,0.6222222222222222,0.0,0.0,0.0,0.0,0.0,0.0,0.0,0.0,0.0,2002,radio,0.5
3,5,lr1e-04_bs32_modL1_fusion32_fusionL1_drop0p1_trmiss50_trlocradio,32,0.0001,1,32,1,0.1,lr1e-04_bs32_modL1_fusion32_fusionL1_drop0p1_trmiss50_trlocradio,17,0.5108556747436523,0.6571512818336487,0.7650862068965517,0.8758298751696465,0.6,0.0,0.0,0.0,0.0,0.0,0.0,0.0,0.0,0.0,2002,radio,0.5
3,5,lr1e-04_bs32_modL1_fusion32_fusionL1_drop0p1_trmiss50_trlocradio,32,0.0001,1,32,1,0.1,lr1e-04_bs32_modL1_fusion32_fusionL1_drop0p1_trmiss50_trlocradio,18,0.4995267440875371,0.6547664999961853,0.7672413793103448,0.8765080129828935,0.6,0.0,0.0,0.0,0.0,0.0,0.0,0.0,0.0,0.0,2002,radio,0.5
3,5,lr1e-04_bs32_modL1_fusion32_fusionL1_drop0p1_trmiss50_trlocradio,32,0.0001,1,32,1,0.1,lr1e-04_bs32_modL1_fusion32_fusionL1_drop0p1_trmiss50_trlocradio,19,0.5050740341345469,0.6479053199291229,0.7995689655172413,0.8939190406719781,0.6222222222222222,0.0,0.0,0.0,0.0,0.0,0.0,0.0,0.0,0.0,2002,radio,0.5
3,5,lr1e-04_bs32_modL1_fusion32_fusionL1_drop0p1_trmiss50_trlocradio,32,0.0001,1,32,1,0.1,lr1e-04_bs32_modL1_fusion32_fusionL1_drop0p1_trmiss50_trlocradio,20,0.48513656854629517,0.6391223073005676,0.8168103448275862,0.9045938376487181,0.6222222222222222,0.0,0.0,0.0,0.0,0.0,0.0,0.0,0.0,0.0,2002,radio,0.5
3,5,lr1e-04_bs32_modL1_fusion32_fusionL1_drop0p1_trmiss50_trlocradio,32,0.0001,1,32,1,0.1,lr1e-04_bs32_modL1_fusion32_fusionL1_drop0p1_trmiss50_trlocradio,21,0.47901658217112225,0.6425403654575348,0.8060344827586207,0.8987565188139357,0.6222222222222222,0.0,0.0,0.0,0.0,0.0,0.0,0.0,0.0,0.0,2002,radio,0.5
3,5,lr1e-04_bs32_modL1_fusion32_fusionL1_drop0p1_trmiss50_trlocradio,32,0.0001,1,32,1,0.1,lr1e-04_bs32_modL1_fusion32_fusionL1_drop0p1_trmiss50_trlocradio,22,0.4734050730864207,0.6504444479942322,0.7650862068965516,0.8793859905213137,0.6222222222222222,0.0,0.0,0.0,0.0,0.0,0.0,0.0,0.0,0.0,2002,radio,0.5
3,5,lr1e-04_bs32_modL1_fusion32_fusionL1_drop0p1_trmiss50_trlocradio,32,0.0001,1,32,1,0.1,lr1e-04_bs32_modL1_fusion32_fusionL1_drop0p1_trmiss50_trlocradio,23,0.46029450992743176,0.6563523411750793,0.7112068965517242,0.8589802018897479,0.6,0.0,0.0,0.0,0.0,0.0,0.0,0.0,0.0,0.0,2002,radio,0.5
3,5,lr1e-04_bs32_modL1_fusion32_fusionL1_drop0p1_trmiss50_trlocradio,32,0.0001,1,32,1,0.1,lr1e-04_bs32_modL1_fusion32_fusionL1_drop0p1_trmiss50_trlocradio,24,0.4664854009946187,0.6618346869945526,0.7047413793103449,0.855859976288263,0.6,0.0,0.0,0.0,0.0,0.0,0.0,0.0,0.0,0.0,2002,radio,0.5
3,5,lr1e-04_bs32_modL1_fusion32_fusionL1_drop0p1_trmiss50_trlocradio,32,0.0001,1,32,1,0.1,lr1e-04_bs32_modL1_fusion32_fusionL1_drop0p1_trmiss50_trlocradio,25,0.4457985411087672,0.6608170866966248,0.7133620689655172,0.8568307451836064,0.6222222222222222,0.0,0.0,0.0,0.0,0.0,0.0,0.0,0.0,0.0,2002,radio,0.5
3,5,lr1e-04_bs32_modL1_fusion32_fusionL1_drop0p1_trmiss50_trlocradio,32,0.0001,1,32,1,0.1,lr1e-04_bs32_modL1_fusion32_fusionL1_drop0p1_trmiss50_trlocradio,26,0.47018320361773175,0.660853922367096,0.7349137931034483,0.866702966072344,0.6444444444444445,0.0,0.0,0.0,0.0,0.0,0.0,0.0,0.0,0.0,2002,radio,0.5
3,5,lr1e-04_bs32_modL1_fusion32_fusionL1_drop0p1_trmiss50_trlocradio,32,0.0001,1,32,1,0.1,lr1e-04_bs32_modL1_fusion32_fusionL1_drop0p1_trmiss50_trlocradio,27,0.43416984875996906,0.6555153131484985,0.7478448275862069,0.8755612943057971,0.6444444444444445,0.0,0.0,0.0,0.0,0.0,0.0,0.0,0.0,0.0,2002,radio,0.5
3,5,lr1e-04_bs32_modL1_fusion32_fusionL1_drop0p1_trmiss50_trlocradio,32,0.0001,1,32,1,0.1,lr1e-04_bs32_modL1_fusion32_fusionL1_drop0p1_trmiss50_trlocradio,28,0.43558305501937866,0.652844250202179,0.7478448275862069,0.874477468475912,0.6444444444444445,0.0,0.0,0.0,0.0,0.0,0.0,0.0,0.0,0.0,2002,radio,0.5
3,5,lr1e-04_bs32_modL1_fusion32_fusionL1_drop0p1_trmiss50_trlocradio,32,0.0001,1,32,1,0.1,lr1e-04_bs32_modL1_fusion32_fusionL1_drop0p1_trmiss50_trlocradio,29,0.4224586635828018,0.6563327014446259,0.75,0.87607177875399,0.6444444444444445,0.0,0.0,0.0,0.0,0.0,0.0,0.0,0.0,0.0,2002,radio,0.5
3,5,lr1e-04_bs32_modL1_fusion32_fusionL1_drop0p1_trmiss50_trlocradio,32,0.0001,1,32,1,0.1,lr1e-04_bs32_modL1_fusion32_fusionL1_drop0p1_trmiss50_trlocradio,30,0.44144482413927716,0.6601045727729797,0.7327586206896552,0.8657530672144811,0.6444444444444445,0.0,0.0,0.0,0.0,0.0,0.0,0.0,0.0,0.0,2002,radio,0.5
3,5,lr1e-04_bs32_modL1_fusion32_fusionL1_drop0p1_trmiss50_trlocradio,32,0.0001,1,32,1,0.1,lr1e-04_bs32_modL1_fusion32_fusionL1_drop0p1_trmiss50_trlocradio,31,0.4366445889075597,0.6603517234325409,0.7349137931034482,0.8658908321568624,0.6,0.0,0.0,0.0,0.0,0.0,0.0,0.0,0.0,0.0,2002,radio,0.5
3,5,lr1e-04_bs32_modL1_fusion32_fusionL1_drop0p1_trmiss50_trlocradio,32,0.0001,1,32,1,0.1,lr1e-04_bs32_modL1_fusion32_fusionL1_drop0p1_trmiss50_trlocradio,32,0.42135614653428394,0.6558281481266022,0.7349137931034482,0.8644470287362747,0.6222222222222222,0.0,0.0,0.0,0.0,0.0,0.0,0.0,0.0,0.0,2002,radio,0.5
3,5,lr1e-04_bs32_modL1_fusion32_fusionL1_drop0p1_trmiss50_trlocradio,32,0.0001,1,32,1,0.1,lr1e-04_bs32_modL1_fusion32_fusionL1_drop0p1_trmiss50_trlocradio,33,0.42004939913749695,0.6550066769123077,0.7392241379310345,0.8696987621132835,0.6222222222222222,0.0,0.0,0.0,0.0,0.0,0.0,0.0,0.0,0.0,2002,radio,0.5
3,5,lr1e-04_bs32_modL1_fusion32_fusionL1_drop0p1_trmiss50_trlocradio,32,0.0001,1,32,1,0.1,lr1e-04_bs32_modL1_fusion32_fusionL1_drop0p1_trmiss50_trlocradio,34,0.4261852453152339,0.6541367173194885,0.7262931034482758,0.8627367838086333,0.6,0.0,0.0,0.0,0.0,0.0,0.0,0.0,0.0,0.0,2002,radio,0.5
3,5,lr1e-04_bs32_modL1_fusion32_fusionL1_drop0p1_trmiss50_trlocradio,32,0.0001,1,32,1,0.1,lr1e-04_bs32_modL1_fusion32_fusionL1_drop0p1_trmiss50_trlocradio,35,0.41443251570065814,0.6542251110076904,0.7327586206896552,0.8658713104565579,0.6,0.0,0.0,0.0,0.0,0.0,0.0,0.0,0.0,0.0,2002,radio,0.5
3,5,lr1e-04_bs32_modL1_fusion32_fusionL1_drop0p1_trmiss50_trlocradio,32,0.0001,1,32,1,0.1,lr1e-04_bs32_modL1_fusion32_fusionL1_drop0p1_trmiss50_trlocradio,36,0.41021462281545,0.6557718813419342,0.7176724137931034,0.8588972424530716,0.6222222222222222,0.0,0.0,0.0,0.0,0.0,0.0,0.0,0.0,0.0,2002,radio,0.5
3,5,lr1e-04_bs32_modL1_fusion32_fusionL1_drop0p1_trmiss50_trlocradio,32,0.0001,1,32,1,0.1,lr1e-04_bs32_modL1_fusion32_fusionL1_drop0p1_trmiss50_trlocradio,37,0.40739279488722485,0.6582362949848175,0.6982758620689655,0.8516186001473471,0.6,0.0,0.0,0.0,0.0,0.0,0.0,0.0,0.0,0.0,2002,radio,0.5
3,5,lr1e-04_bs32_modL1_fusion32_fusionL1_drop0p1_trmiss50_trlocradio,32,0.0001,1,32,1,0.1,lr1e-04_bs32_modL1_fusion32_fusionL1_drop0p1_trmiss50_trlocradio,38,0.4025617986917496,0.6579659283161163,0.7004310344827587,0.8549930436948443,0.6222222222222222,0.0,0.0,0.0,0.0,0.0,0.0,0.0,0.0,0.0,2002,radio,0.5
3,5,lr1e-04_bs32_modL1_fusion32_fusionL1_drop0p1_trmiss50_trlocradio,32,0.0001,1,32,1,0.1,lr1e-04_bs32_modL1_fusion32_fusionL1_drop0p1_trmiss50_trlocradio,39,0.4107043892145157,0.6583814918994904,0.7133620689655172,0.8600257492725731,0.6222222222222222,0.0,0.0,0.0,0.0,0.0,0.0,0.0,0.0,0.0,2002,radio,0.5
3,5,lr1e-04_bs32_modL1_fusion32_fusionL1_drop0p1_trmiss50_trlocradio,32,0.0001,1,32,1,0.1,lr1e-04_bs32_modL1_fusion32_fusionL1_drop0p1_trmiss50_trlocradio,40,0.3972477316856384,0.6562171280384064,0.7112068965517241,0.8611352905704879,0.6444444444444445,0.0,0.0,0.0,0.0,0.0,0.0,0.0,0.0,0.0,2002,radio,0.5
3,5,lr1e-04_bs32_modL1_fusion64_fusionL1_drop0p2_trmiss50_trlocradio,32,0.0001,1,64,1,0.2,lr1e-04_bs32_modL1_fusion64_fusionL1_drop0p2_trmiss50_trlocradio,1,0.6687070031960806,0.6864359378814697,0.5668103448275863,0.7394490374061422,0.4888888888888889,0.0,0.0,0.0,0.0,0.0,0.0,0.0,0.0,0.0,2002,radio,0.5
3,5,lr1e-04_bs32_modL1_fusion64_fusionL1_drop0p2_trmiss50_trlocradio,32,0.0001,1,64,1,0.2,lr1e-04_bs32_modL1_fusion64_fusionL1_drop0p2_trmiss50_trlocradio,2,0.6206174194812775,0.6842271685600281,0.5560344827586208,0.7181729552310799,0.6,0.0,0.0,0.0,0.0,0.0,0.0,0.0,0.0,0.0,2002,radio,0.5
3,5,lr1e-04_bs32_modL1_fusion64_fusionL1_drop0p2_trmiss50_trlocradio,32,0.0001,1,64,1,0.2,lr1e-04_bs32_modL1_fusion64_fusionL1_drop0p2_trmiss50_trlocradio,3,0.6321382721265157,0.6844235956668854,0.5431034482758621,0.7102126594733577,0.5777777777777777,0.0,0.0,0.0,0.0,0.0,0.0,0.0,0.0,0.0,2002,radio,0.5
3,5,lr1e-04_bs32_modL1_fusion64_fusionL1_drop0p2_trmiss50_trlocradio,32,0.0001,1,64,1,0.2,lr1e-04_bs32_modL1_fusion64_fusionL1_drop0p2_trmiss50_trlocradio,4,0.6255104641119639,0.6855839788913727,0.5323275862068966,0.7040290425145982,0.6444444444444445,0.0,0.0,0.0,0.0,0.0,0.0,0.0,0.0,0.0,2002,radio,0.5
3,5,lr1e-04_bs32_modL1_fusion64_fusionL1_drop0p2_trmiss50_trlocradio,32,0.0001,1,64,1,0.2,lr1e-04_bs32_modL1_fusion64_fusionL1_drop0p2_trmiss50_trlocradio,5,0.5881972213586172,0.6879005134105682,0.5172413793103448,0.7003765786104739,0.6222222222222222,0.0,0.0,0.0,0.0,0.0,0.0,0.0,0.0,0.0,2002,radio,0.5
3,5,lr1e-04_bs32_modL1_fusion64_fusionL1_drop0p2_trmiss50_trlocradio,32,0.0001,1,64,1,0.2,lr1e-04_bs32_modL1_fusion64_fusionL1_drop0p2_trmiss50_trlocradio,6,0.5716834366321564,0.6813703775405884,0.540948275862069,0.7232630176584842,0.6666666666666666,0.0,0.0,0.0,0.0,0.0,0.0,0.0,0.0,0.0,2002,radio,0.5
3,5,lr1e-04_bs32_modL1_fusion64_fusionL1_drop0p2_trmiss50_trlocradio,32,0.0001,1,64,1,0.2,lr1e-04_bs32_modL1_fusion64_fusionL1_drop0p2_trmiss50_trlocradio,7,0.5456970234711965,0.6776147782802582,0.5431034482758621,0.7226921622002461,0.6444444444444445,0.0,0.0,0.0,0.0,0.0,0.0,0.0,0.0,0.0,2002,radio,0.5
3,5,lr1e-04_bs32_modL1_fusion64_fusionL1_drop0p2_trmiss50_trlocradio,32,0.0001,1,64,1,0.2,lr1e-04_bs32_modL1_fusion64_fusionL1_drop0p2_trmiss50_trlocradio,8,0.5556305845578512,0.6796402633190155,0.5474137931034483,0.7281659330369818,0.6222222222222222,0.0,0.0,0.0,0.0,0.0,0.0,0.0,0.0,0.0,2002,radio,0.5
3,5,lr1e-04_bs32_modL1_fusion64_fusionL1_drop0p2_trmiss50_trlocradio,32,0.0001,1,64,1,0.2,lr1e-04_bs32_modL1_fusion64_fusionL1_drop0p2_trmiss50_trlocradio,9,0.5367860396703085,0.6831786036491394,0.5409482758620691,0.7194849549224115,0.6444444444444445,0.0,0.0,0.0,0.0,0.0,0.0,0.0,0.0,0.0,2002,radio,0.5
3,5,lr1e-04_bs32_modL1_fusion64_fusionL1_drop0p2_trmiss50_trlocradio,32,0.0001,1,64,1,0.2,lr1e-04_bs32_modL1_fusion64_fusionL1_drop0p2_trmiss50_trlocradio,10,0.5077585279941559,0.6833591163158417,0.5517241379310345,0.7234159805339785,0.6222222222222222,0.0,0.0,0.0,0.0,0.0,0.0,0.0,0.0,0.0,2002,radio,0.5
3,5,lr1e-04_bs32_modL1_fusion64_fusionL1_drop0p2_trmiss50_trlocradio,32,0.0001,1,64,1,0.2,lr1e-04_bs32_modL1_fusion64_fusionL1_drop0p2_trmiss50_trlocradio,11,0.5106038550535837,0.6873995959758759,0.5538793103448276,0.7112692169492557,0.6222222222222222,0.0,0.0,0.0,0.0,0.0,0.0,0.0,0.0,0.0,2002,radio,0.5
3,5,lr1e-04_bs32_modL1_fusion64_fusionL1_drop0p2_trmiss50_trlocradio,32,0.0001,1,64,1,0.2,lr1e-04_bs32_modL1_fusion64_fusionL1_drop0p2_trmiss50_trlocradio,12,0.4751981347799301,0.6830699443817139,0.5560344827586208,0.7035866044574601,0.6444444444444445,0.0,0.0,0.0,0.0,0.0,0.0,0.0,0.0,0.0,2002,radio,0.5
3,5,lr1e-04_bs32_modL1_fusion64_fusionL1_drop0p2_trmiss50_trlocradio,32,0.0001,1,64,1,0.2,lr1e-04_bs32_modL1_fusion64_fusionL1_drop0p2_trmiss50_trlocradio,13,0.49024054904778797,0.682300329208374,0.540948275862069,0.6953316925535156,0.6222222222222222,0.0,0.0,0.0,0.0,0.0,0.0,0.0,0.0,0.0,2002,radio,0.5
3,5,lr1e-04_bs32_modL1_fusion64_fusionL1_drop0p2_trmiss50_trlocradio,32,0.0001,1,64,1,0.2,lr1e-04_bs32_modL1_fusion64_fusionL1_drop0p2_trmiss50_trlocradio,14,0.4745563119649887,0.6830783188343048,0.5452586206896551,0.6958284657546165,0.6,0.0,0.0,0.0,0.0,0.0,0.0,0.0,0.0,0.0,2002,radio,0.5
3,5,lr1e-04_bs32_modL1_fusion64_fusionL1_drop0p2_trmiss50_trlocradio,32,0.0001,1,64,1,0.2,lr1e-04_bs32_modL1_fusion64_fusionL1_drop0p2_trmiss50_trlocradio,15,0.47476279238859814,0.6872466504573822,0.5387931034482759,0.694421998928435,0.6,0.0,0.0,0.0,0.0,0.0,0.0,0.0,0.0,0.0,2002,radio,0.5
3,5,lr1e-04_bs32_modL1_fusion64_fusionL1_drop0p2_trmiss50_trlocradio,32,0.0001,1,64,1,0.2,lr1e-04_bs32_modL1_fusion64_fusionL1_drop0p2_trmiss50_trlocradio,16,0.4594138413667679,0.6883516311645508,0.5538793103448276,0.7038391352658768,0.6222222222222222,0.0,0.0,0.0,0.0,0.0,0.0,0.0,0.0,0.0,2002,radio,0.5
3,5,lr1e-04_bs32_modL1_fusion64_fusionL1_drop0p2_trmiss50_trlocradio,32,0.0001,1,64,1,0.2,lr1e-04_bs32_modL1_fusion64_fusionL1_drop0p2_trmiss50_trlocradio,17,0.4579472243785858,0.688924252986908,0.5625,0.7066274963301,0.6,0.0,0.0,0.0,0.0,0.0,0.0,0.0,0.0,0.0,2002,radio,0.5
3,5,lr1e-04_bs32_modL1_fusion64_fusionL1_drop0p2_trmiss50_trlocradio,32,0.0001,1,64,1,0.2,lr1e-04_bs32_modL1_fusion64_fusionL1_drop0p2_trmiss50_trlocradio,18,0.4633179505666097,0.689521312713623,0.5538793103448276,0.7038126556602897,0.5777777777777777,0.0,0.0,0.0,0.0,0.0,0.0,0.0,0.0,0.0,2002,radio,0.5
3,5,lr1e-04_bs32_modL1_fusion64_fusionL1_drop0p2_trmiss50_trlocradio,32,0.0001,1,64,1,0.2,lr1e-04_bs32_modL1_fusion64_fusionL1_drop0p2_trmiss50_trlocradio,19,0.4386428892612457,0.6917043924331665,0.5387931034482759,0.6963542057341123,0.5777777777777777,0.0,0.0,0.0,0.0,0.0,0.0,0.0,0.0,0.0,2002,radio,0.5
3,5,lr1e-04_bs32_modL1_fusion64_fusionL1_drop0p2_trmiss50_trlocradio,32,0.0001,1,64,1,0.2,lr1e-04_bs32_modL1_fusion64_fusionL1_drop0p2_trmiss50_trlocradio,20,0.4395824422438939,0.6876769363880157,0.5538793103448276,0.7193027517356206,0.5777777777777777,0.0,0.0,0.0,0.0,0.0,0.0,0.0,0.0,0.0,2002,radio,0.5
3,5,lr1e-04_bs32_modL1_fusion64_fusionL1_drop0p2_trmiss50_trlocradio,32,0.0001,1,64,1,0.2,lr1e-04_bs32_modL1_fusion64_fusionL1_drop0p2_trmiss50_trlocradio,21,0.43498019874095917,0.6882506012916565,0.5495689655172413,0.7154013240710745,0.5777777777777777,0.0,0.0,0.0,0.0,0.0,0.0,0.0,0.0,0.0,2002,radio,0.5
3,5,lr1e-04_bs32_modL1_fusion64_fusionL1_drop0p2_trmiss50_trlocradio,32,0.0001,1,64,1,0.2,lr1e-04_bs32_modL1_fusion64_fusionL1_drop0p2_trmiss50_trlocradio,22,0.4328719824552536,0.6892409920692444,0.5474137931034482,0.7046192996162661,0.5555555555555556,0.0,0.0,0.0,0.0,0.0,0.0,0.0,0.0,0.0,2002,radio,0.5
3,5,lr1e-04_bs32_modL1_fusion64_fusionL1_drop0p2_trmiss50_trlocradio,32,0.0001,1,64,1,0.2,lr1e-04_bs32_modL1_fusion64_fusionL1_drop0p2_trmiss50_trlocradio,23,0.4388148784637451,0.6886918544769287,0.5495689655172413,0.7057343066288888,0.5777777777777777,0.0,0.0,0.0,0.0,0.0,0.0,0.0,0.0,0.0,2002,radio,0.5
3,5,lr1e-04_bs32_modL1_fusion64_fusionL1_drop0p2_trmiss50_trlocradio,32,0.0001,1,64,1,0.2,lr1e-04_bs32_modL1_fusion64_fusionL1_drop0p2_trmiss50_trlocradio,24,0.4349345912535985,0.6875131130218506,0.5517241379310345,0.7149756371691448,0.5555555555555556,0.0,0.0,0.0,0.0,0.0,0.0,0.0,0.0,0.0,2002,radio,0.5
3,5,lr1e-04_bs32_modL1_fusion64_fusionL1_drop0p2_trmiss50_trlocradio,32,0.0001,1,64,1,0.2,lr1e-04_bs32_modL1_fusion64_fusionL1_drop0p2_trmiss50_trlocradio,25,0.4386642972628276,0.6902762949466705,0.5387931034482759,0.7025218982528858,0.5777777777777777,0.0,0.0,0.0,0.0,0.0,0.0,0.0,0.0,0.0,2002,radio,0.5
3,5,lr1e-04_bs32_modL1_fusion64_fusionL1_drop0p2_trmiss50_trlocradio,32,0.0001,1,64,1,0.2,lr1e-04_bs32_modL1_fusion64_fusionL1_drop0p2_trmiss50_trlocradio,26,0.4205675919850667,0.6911742389202118,0.5366379310344828,0.6988362599485105,0.5777777777777777,0.0,0.0,0.0,0.0,0.0,0.0,0.0,0.0,0.0,2002,radio,0.5
3,5,lr1e-04_bs32_modL1_fusion64_fusionL1_drop0p2_trmiss50_trlocradio,32,0.0001,1,64,1,0.2,lr1e-04_bs32_modL1_fusion64_fusionL1_drop0p2_trmiss50_trlocradio,27,0.4193321665128072,0.6898231208324432,0.5323275862068966,0.706801739149766,0.5777777777777777,0.0,0.0,0.0,0.0,0.0,0.0,0.0,0.0,0.0,2002,radio,0.5
3,5,lr1e-04_bs32_modL1_fusion64_fusionL1_drop0p2_trmiss50_trlocradio,32,0.0001,1,64,1,0.2,lr1e-04_bs32_modL1_fusion64_fusionL1_drop0p2_trmiss50_trlocradio,28,0.4146386782328288,0.6870904564857483,0.5495689655172413,0.7186284018009362,0.5777777777777777,0.0,0.0,0.0,0.0,0.0,0.0,0.0,0.0,0.0,2002,radio,0.5
3,5,lr1e-04_bs32_modL1_fusion64_fusionL1_drop0p2_trmiss50_trlocradio,32,0.0001,1,64,1,0.2,lr1e-04_bs32_modL1_fusion64_fusionL1_drop0p2_trmiss50_trlocradio,29,0.4211522390445073,0.6859562695026398,0.5366379310344828,0.7087447765356519,0.5777777777777777,0.0,0.0,0.0,0.0,0.0,0.0,0.0,0.0,0.0,2002,radio,0.5
3,5,lr1e-04_bs32_modL1_fusion64_fusionL1_drop0p2_trmiss50_trlocradio,32,0.0001,1,64,1,0.2,lr1e-04_bs32_modL1_fusion64_fusionL1_drop0p2_trmiss50_trlocradio,30,0.42318422595659894,0.6840200126171112,0.5474137931034482,0.7172735741390807,0.6,0.0,0.0,0.0,0.0,0.0,0.0,0.0,0.0,0.0,2002,radio,0.5
3,5,lr1e-04_bs32_modL1_fusion64_fusionL1_drop0p2_trmiss50_trlocradio,32,0.0001,1,64,1,0.2,lr1e-04_bs32_modL1_fusion64_fusionL1_drop0p2_trmiss50_trlocradio,31,0.4230653792619705,0.683223307132721,0.5581896551724138,0.7227636204911959,0.6,0.0,0.0,0.0,0.0,0.0,0.0,0.0,0.0,0.0,2002,radio,0.5
3,5,lr1e-04_bs32_modL1_fusion64_fusionL1_drop0p2_trmiss50_trlocradio,32,0.0001,1,64,1,0.2,lr1e-04_bs32_modL1_fusion64_fusionL1_drop0p2_trmiss50_trlocradio,32,0.42805162568887073,0.684340089559555,0.5517241379310345,0.714902795716242,0.6,0.0,0.0,0.0,0.0,0.0,0.0,0.0,0.0,0.0,2002,radio,0.5
3,5,lr1e-04_bs32_modL1_fusion64_fusionL1_drop0p2_trmiss50_trlocradio,32,0.0001,1,64,1,0.2,lr1e-04_bs32_modL1_fusion64_fusionL1_drop0p2_trmiss50_trlocradio,33,0.40824996928373974,0.6844122409820557,0.5495689655172414,0.7139832554863571,0.6,0.0,0.0,0.0,0.0,0.0,0.0,0.0,0.0,0.0,2002,radio,0.5
3,5,lr1e-04_bs32_modL1_fusion64_fusionL1_drop0p2_trmiss50_trlocradio,32,0.0001,1,64,1,0.2,lr1e-04_bs32_modL1_fusion64_fusionL1_drop0p2_trmiss50_trlocradio,34,0.4210013796885808,0.6843751072883606,0.5431034482758621,0.7149677432488578,0.6,0.0,0.0,0.0,0.0,0.0,0.0,0.0,0.0,0.0,2002,radio,0.5
3,5,lr1e-04_bs32_modL1_fusion64_fusionL1_drop0p2_trmiss50_trlocradio,32,0.0001,1,64,1,0.2,lr1e-04_bs32_modL1_fusion64_fusionL1_drop0p2_trmiss50_trlocradio,35,0.42429182926813763,0.6857876181602478,0.5387931034482759,0.7109603257753284,0.5777777777777777,0.0,0.0,0.0,0.0,0.0,0.0,0.0,0.0,0.0,2002,radio,0.5
3,5,lr1e-04_bs32_modL1_fusion64_fusionL1_drop0p2_trmiss50_trlocradio,32,0.0001,1,64,1,0.2,lr1e-04_bs32_modL1_fusion64_fusionL1_drop0p2_trmiss50_trlocradio,36,0.40741923451423645,0.6866556704044342,0.5431034482758621,0.7126712011068935,0.5777777777777777,0.0,0.0,0.0,0.0,0.0,0.0,0.0,0.0,0.0,2002,radio,0.5
3,5,lr1e-04_bs32_modL1_fusion64_fusionL1_drop0p2_trmiss50_trlocradio,32,0.0001,1,64,1,0.2,lr1e-04_bs32_modL1_fusion64_fusionL1_drop0p2_trmiss50_trlocradio,37,0.4142223497231801,0.6868892312049866,0.5366379310344828,0.7098109004879721,0.5777777777777777,0.0,0.0,0.0,0.0,0.0,0.0,0.0,0.0,0.0,2002,radio,0.5
3,5,lr1e-04_bs32_modL1_fusion64_fusionL1_drop0p1_trmiss50_trlocradio,32,0.0001,1,64,1,0.1,lr1e-04_bs32_modL1_fusion64_fusionL1_drop0p1_trmiss50_trlocradio,1,0.6646498143672943,0.6814619600772858,0.5560344827586207,0.6819428211299239,0.6444444444444445,0.0,0.0,0.0,0.0,0.0,0.0,0.0,0.0,0.0,2002,radio,0.5
3,5,lr1e-04_bs32_modL1_fusion64_fusionL1_drop0p1_trmiss50_trlocradio,32,0.0001,1,64,1,0.1,lr1e-04_bs32_modL1_fusion64_fusionL1_drop0p1_trmiss50_trlocradio,2,0.6049548983573914,0.6751430034637451,0.5883620689655172,0.7165790527792834,0.6444444444444445,0.0,0.0,0.0,0.0,0.0,0.0,0.0,0.0,0.0,2002,radio,0.5
3,5,lr1e-04_bs32_modL1_fusion64_fusionL1_drop0p1_trmiss50_trlocradio,32,0.0001,1,64,1,0.1,lr1e-04_bs32_modL1_fusion64_fusionL1_drop0p1_trmiss50_trlocradio,3,0.5830070475737253,0.6682919263839722,0.584051724137931,0.7155131332416013,0.6444444444444445,0.0,0.0,0.0,0.0,0.0,0.0,0.0,0.0,0.0,2002,radio,0.5
3,5,lr1e-04_bs32_modL1_fusion64_fusionL1_drop0p1_trmiss50_trlocradio,32,0.0001,1,64,1,0.1,lr1e-04_bs32_modL1_fusion64_fusionL1_drop0p1_trmiss50_trlocradio,4,0.5512347867091497,0.6606095731258392,0.5926724137931034,0.7238692160984109,0.6222222222222222,0.0,0.0,0.0,0.0,0.0,0.0,0.0,0.0,0.0,2002,radio,0.5
3,5,lr1e-04_bs32_modL1_fusion64_fusionL1_drop0p1_trmiss50_trlocradio,32,0.0001,1,64,1,0.1,lr1e-04_bs32_modL1_fusion64_fusionL1_drop0p1_trmiss50_trlocradio,5,0.5286308179299036,0.654093474149704,0.603448275862069,0.741115615960952,0.6444444444444445,0.0,0.0,0.0,0.0,0.0,0.0,0.0,0.0,0.0,2002,radio,0.5
3,5,lr1e-04_bs32_modL1_fusion64_fusionL1_drop0p1_trmiss50_trlocradio,32,0.0001,1,64,1,0.1,lr1e-04_bs32_modL1_fusion64_fusionL1_drop0p1_trmiss50_trlocradio,6,0.5054391821225485,0.6521032750606537,0.6120689655172413,0.7421274068713081,0.6666666666666666,0.0,0.0,0.0,0.0,0.0,0.0,0.0,0.0,0.0,2002,radio,0.5
3,5,lr1e-04_bs32_modL1_fusion64_fusionL1_drop0p1_trmiss50_trlocradio,32,0.0001,1,64,1,0.1,lr1e-04_bs32_modL1_fusion64_fusionL1_drop0p1_trmiss50_trlocradio,7,0.5066203872362772,0.6487667560577393,0.6056034482758621,0.7388384179837912,0.6888888888888889,0.0,0.0,0.0,0.0,0.0,0.0,0.0,0.0,0.0,2002,radio,0.5
3,5,lr1e-04_bs32_modL1_fusion64_fusionL1_drop0p1_trmiss50_trlocradio,32,0.0001,1,64,1,0.1,lr1e-04_bs32_modL1_fusion64_fusionL1_drop0p1_trmiss50_trlocradio,8,0.47921759883562726,0.6489764451980591,0.6185344827586207,0.7713214563833408,0.6444444444444445,0.0,0.0,0.0,0.0,0.0,0.0,0.0,0.0,0.0,2002,radio,0.5
3,5,lr1e-04_bs32_modL1_fusion64_fusionL1_drop0p1_trmiss50_trlocradio,32,0.0001,1,64,1,0.1,lr1e-04_bs32_modL1_fusion64_fusionL1_drop0p1_trmiss50_trlocradio,9,0.46448563039302826,0.6492897570133209,0.6099137931034483,0.7689180953232164,0.6,0.0,0.0,0.0,0.0,0.0,0.0,0.0,0.0,0.0,2002,radio,0.5
3,5,lr1e-04_bs32_modL1_fusion64_fusionL1_drop0p1_trmiss50_trlocradio,32,0.0001,1,64,1,0.1,lr1e-04_bs32_modL1_fusion64_fusionL1_drop0p1_trmiss50_trlocradio,10,0.4475609362125397,0.6507134139537811,0.5926724137931034,0.7672987282689929,0.6,0.0,0.0,0.0,0.0,0.0,0.0,0.0,0.0,0.0,2002,radio,0.5
3,5,lr1e-04_bs32_modL1_fusion64_fusionL1_drop0p1_trmiss50_trlocradio,32,0.0001,1,64,1,0.1,lr1e-04_bs32_modL1_fusion64_fusionL1_drop0p1_trmiss50_trlocradio,11,0.44020141164461773,0.6512325704097748,0.5948275862068966,0.767846306200118,0.6222222222222222,0.0,0.0,0.0,0.0,0.0,0.0,0.0,0.0,0.0,2002,radio,0.5
3,5,lr1e-04_bs32_modL1_fusion64_fusionL1_drop0p1_trmiss50_trlocradio,32,0.0001,1,64,1,0.1,lr1e-04_bs32_modL1_fusion64_fusionL1_drop0p1_trmiss50_trlocradio,12,0.427563081185023,0.6509506404399872,0.6012931034482759,0.7737117531123299,0.6222222222222222,0.0,0.0,0.0,0.0,0.0,0.0,0.0,0.0,0.0,2002,radio,0.5
3,5,lr1e-04_bs32_modL1_fusion64_fusionL1_drop0p1_trmiss50_trlocradio,32,0.0001,1,64,1,0.1,lr1e-04_bs32_modL1_fusion64_fusionL1_drop0p1_trmiss50_trlocradio,13,0.4230879694223404,0.6537249982357025,0.6056034482758621,0.7709598777562221,0.6444444444444445,0.0,0.0,0.0,0.0,0.0,0.0,0.0,0.0,0.0,2002,radio,0.5
3,5,lr1e-04_bs32_modL1_fusion64_fusionL1_drop0p1_trmiss50_trlocradio,32,0.0001,1,64,1,0.1,lr1e-04_bs32_modL1_fusion64_fusionL1_drop0p1_trmiss50_trlocradio,14,0.4070354253053665,0.6557859480381012,0.5926724137931034,0.7665164735021488,0.6444444444444445,0.0,0.0,0.0,0.0,0.0,0.0,0.0,0.0,0.0,2002,radio,0.5
3,5,lr1e-04_bs32_modL1_fusion64_fusionL1_drop0p1_trmiss50_trlocradio,32,0.0001,1,64,1,0.1,lr1e-04_bs32_modL1_fusion64_fusionL1_drop0p1_trmiss50_trlocradio,15,0.4087962905565898,0.6558928489685059,0.5991379310344828,0.7688609346468285,0.6666666666666666,0.0,0.0,0.0,0.0,0.0,0.0,0.0,0.0,0.0,2002,radio,0.5
3,5,lr1e-04_bs32_modL1_fusion64_fusionL1_drop0p1_trmiss50_trlocradio,32,0.0001,1,64,1,0.1,lr1e-04_bs32_modL1_fusion64_fusionL1_drop0p1_trmiss50_trlocradio,16,0.38627470036347705,0.6559358835220337,0.603448275862069,0.7722239517646072,0.6666666666666666,0.0,0.0,0.0,0.0,0.0,0.0,0.0,0.0,0.0,2002,radio,0.5
3,5,lr1e-04_bs32_modL1_fusion64_fusionL1_drop0p1_trmiss50_trlocradio,32,0.0001,1,64,1,0.1,lr1e-04_bs32_modL1_fusion64_fusionL1_drop0p1_trmiss50_trlocradio,17,0.39550185203552246,0.6569618582725525,0.5991379310344828,0.7743704225600461,0.6444444444444445,0.0,0.0,0.0,0.0,0.0,0.0,0.0,0.0,0.0,2002,radio,0.5
3,5,lr1e-04_bs32_modL1_fusion64_fusionL1_drop0p1_trmiss50_trlocradio,32,0.0001,1,64,1,0.1,lr1e-04_bs32_modL1_fusion64_fusionL1_drop0p1_trmiss50_trlocradio,18,0.37974628309408825,0.659302294254303,0.5948275862068966,0.7685862881121186,0.6444444444444445,0.0,0.0,0.0,0.0,0.0,0.0,0.0,0.0,0.0,2002,radio,0.5
3,5,lr1e-04_bs32_modL1_fusion64_fusionL1_drop0p1_trmiss50_trlocradio,32,0.0001,1,64,1,0.1,lr1e-04_bs32_modL1_fusion64_fusionL1_drop0p1_trmiss50_trlocradio,19,0.37322114408016205,0.6619670391082764,0.5948275862068966,0.769465843281762,0.6222222222222222,0.0,0.0,0.0,0.0,0.0,0.0,0.0,0.0,0.0,2002,radio,0.5
3,5,lr1e-04_bs32_modL1_fusion64_fusionL1_drop0p1_trmiss50_trlocradio,32,0.0001,1,64,1,0.1,lr1e-04_bs32_modL1_fusion64_fusionL1_drop0p1_trmiss50_trlocradio,20,0.36900927623112995,0.6621387600898743,0.5991379310344828,0.7707289978286942,0.6222222222222222,0.0,0.0,0.0,0.0,0.0,0.0,0.0,0.0,0.0,2002,radio,0.5
3,5,lr1e-04_bs32_modL1_fusion64_fusionL1_drop0p1_trmiss50_trlocradio,32,0.0001,1,64,1,0.1,lr1e-04_bs32_modL1_fusion64_fusionL1_drop0p1_trmiss50_trlocradio,21,0.3797091096639633,0.6622664332389832,0.5948275862068966,0.7712282245253006,0.6222222222222222,0.0,0.0,0.0,0.0,0.0,0.0,0.0,0.0,0.0,2002,radio,0.5
3,5,lr1e-04_bs32_modL1_fusion64_fusionL1_drop0p1_trmiss50_trlocradio,32,0.0001,1,64,1,0.1,lr1e-04_bs32_modL1_fusion64_fusionL1_drop0p1_trmiss50_trlocradio,22,0.37099097669124603,0.6631284654140472,0.5883620689655172,0.7668440213149006,0.6222222222222222,0.0,0.0,0.0,0.0,0.0,0.0,0.0,0.0,0.0,2002,radio,0.5
3,5,lr1e-04_bs32_modL1_fusion64_fusionL1_drop0p1_trmiss50_trlocradio,32,0.0001,1,64,1,0.1,lr1e-04_bs32_modL1_fusion64_fusionL1_drop0p1_trmiss50_trlocradio,23,0.36088286340236664,0.6609046161174774,0.5905172413793103,0.7675816204297818,0.6444444444444445,0.0,0.0,0.0,0.0,0.0,0.0,0.0,0.0,0.0,2002,radio,0.5
3,5,lr1e-04_bs32_modL1_fusion64_fusionL1_drop0p1_trmiss50_trlocradio,32,0.0001,1,64,1,0.1,lr1e-04_bs32_modL1_fusion64_fusionL1_drop0p1_trmiss50_trlocradio,24,0.35278281072775525,0.659118115901947,0.5905172413793103,0.7707804839509609,0.6222222222222222,0.0,0.0,0.0,0.0,0.0,0.0,0.0,0.0,0.0,2002,radio,0.5
3,5,lr1e-04_bs32_modL1_fusion64_fusionL1_drop0p1_trmiss50_trlocradio,32,0.0001,1,64,1,0.1,lr1e-04_bs32_modL1_fusion64_fusionL1_drop0p1_trmiss50_trlocradio,25,0.3497782250245412,0.6583960354328156,0.5883620689655172,0.7702701682842699,0.6222222222222222,0.0,0.0,0.0,0.0,0.0,0.0,0.0,0.0,0.0,2002,radio,0.5
3,5,lr1e-04_bs32_modL1_fusion64_fusionL1_drop0p1_trmiss50_trlocradio,32,0.0001,1,64,1,0.1,lr1e-04_bs32_modL1_fusion64_fusionL1_drop0p1_trmiss50_trlocradio,26,0.3572935511668523,0.6597273051738739,0.5905172413793103,0.7713401871535861,0.6222222222222222,0.0,0.0,0.0,0.0,0.0,0.0,0.0,0.0,0.0,2002,radio,0.5
3,5,lr1e-04_bs32_modL1_fusion64_fusionL1_drop0p1_trmiss50_trlocradio,32,0.0001,1,64,1,0.1,lr1e-04_bs32_modL1_fusion64_fusionL1_drop0p1_trmiss50_trlocradio,27,0.35618914663791656,0.6598764657974243,0.5905172413793103,0.7705344895239319,0.6222222222222222,0.0,0.0,0.0,0.0,0.0,0.0,0.0,0.0,0.0,2002,radio,0.5
3,5,lr1e-04_bs32_modL1_fusion64_fusionL1_drop0p1_trmiss50_trlocradio,32,0.0001,1,64,1,0.1,lr1e-04_bs32_modL1_fusion64_fusionL1_drop0p1_trmiss50_trlocradio,28,0.3529902199904124,0.6599420309066772,0.5926724137931035,0.7761430731334831,0.6222222222222222,0.0,0.0,0.0,0.0,0.0,0.0,0.0,0.0,0.0,2002,radio,0.5
4,1,lr5e-05_bs16_modL1_fusion32_fusionL1_drop0p2_trmiss50_trlocradio,16,5e-05,1,32,1,0.2,lr5e-05_bs16_modL1_fusion32_fusionL1_drop0p2_trmiss50_trlocradio,1,0.6781069288651148,0.7049147884051005,0.46008403361344535,0.6158303557762879,0.4666666666666667,0.0,0.0,0.0,0.0,0.0,0.0,0.0,0.0,0.0,2002,radio,0.5
4,1,lr5e-05_bs16_modL1_fusion32_fusionL1_drop0p2_trmiss50_trlocradio,16,5e-05,1,32,1,0.2,lr5e-05_bs16_modL1_fusion32_fusionL1_drop0p2_trmiss50_trlocradio,2,0.651958147684733,0.7053435444831848,0.453781512605042,0.5920373634955226,0.5111111111111111,0.0,0.0,0.0,0.0,0.0,0.0,0.0,0.0,0.0,2002,radio,0.5
4,1,lr5e-05_bs16_modL1_fusion32_fusionL1_drop0p2_trmiss50_trlocradio,16,5e-05,1,32,1,0.2,lr5e-05_bs16_modL1_fusion32_fusionL1_drop0p2_trmiss50_trlocradio,3,0.6352341622114182,0.7043750286102295,0.46638655462184875,0.6025462175687268,0.5111111111111111,0.0,0.0,0.0,0.0,0.0,0.0,0.0,0.0,0.0,2002,radio,0.5
4,1,lr5e-05_bs16_modL1_fusion32_fusionL1_drop0p2_trmiss50_trlocradio,16,5e-05,1,32,1,0.2,lr5e-05_bs16_modL1_fusion32_fusionL1_drop0p2_trmiss50_trlocradio,4,0.6267028798659643,0.7040730913480123,0.4684873949579832,0.6061374796585581,0.5111111111111111,0.0,0.0,0.0,0.0,0.0,0.0,0.0,0.0,0.0,2002,radio,0.5
4,1,lr5e-05_bs16_modL1_fusion32_fusionL1_drop0p2_trmiss50_trlocradio,16,5e-05,1,32,1,0.2,lr5e-05_bs16_modL1_fusion32_fusionL1_drop0p2_trmiss50_trlocradio,5,0.6079726417859396,0.7004565397898356,0.47899159663865554,0.6163547409490749,0.5111111111111111,0.0,0.0,0.0,0.0,0.0,0.0,0.0,0.0,0.0,2002,radio,0.5
4,1,lr5e-05_bs16_modL1_fusion32_fusionL1_drop0p2_trmiss50_trlocradio,16,5e-05,1,32,1,0.2,lr5e-05_bs16_modL1_fusion32_fusionL1_drop0p2_trmiss50_trlocradio,6,0.6059496253728867,0.702311376730601,0.4663865546218488,0.6244564943467898,0.4888888888888889,0.0,0.0,0.0,0.0,0.0,0.0,0.0,0.0,0.0,2002,radio,0.5
4,1,lr5e-05_bs16_modL1_fusion32_fusionL1_drop0p2_trmiss50_trlocradio,16,5e-05,1,32,1,0.2,lr5e-05_bs16_modL1_fusion32_fusionL1_drop0p2_trmiss50_trlocradio,7,0.5821508963902792,0.7066394488016764,0.4411764705882353,0.5858082450781816,0.4666666666666667,0.0,0.0,0.0,0.0,0.0,0.0,0.0,0.0,0.0,2002,radio,0.5
4,1,lr5e-05_bs16_modL1_fusion32_fusionL1_drop0p2_trmiss50_trlocradio,16,5e-05,1,32,1,0.2,lr5e-05_bs16_modL1_fusion32_fusionL1_drop0p2_trmiss50_trlocradio,8,0.6204335540533066,0.7116604646046957,0.4096638655462185,0.5735126495327639,0.4666666666666667,0.0,0.0,0.0,0.0,0.0,0.0,0.0,0.0,0.0,2002,radio,0.5
4,1,lr5e-05_bs16_modL1_fusion32_fusionL1_drop0p2_trmiss50_trlocradio,16,5e-05,1,32,1,0.2,lr5e-05_bs16_modL1_fusion32_fusionL1_drop0p2_trmiss50_trlocradio,9,0.590762734413147,0.7122475703557333,0.42647058823529416,0.57887459699643,0.4666666666666667,0.0,0.0,0.0,0.0,0.0,0.0,0.0,0.0,0.0,2002,radio,0.5
4,1,lr5e-05_bs16_modL1_fusion32_fusionL1_drop0p2_trmiss50_trlocradio,16,5e-05,1,32,1,0.2,lr5e-05_bs16_modL1_fusion32_fusionL1_drop0p2_trmiss50_trlocradio,10,0.5719257990519205,0.6999953389167786,0.44957983193277307,0.6041288917870387,0.4888888888888889,0.0,0.0,0.0,0.0,0.0,0.0,0.0,0.0,0.0,2002,radio,0.5
4,1,lr5e-05_bs16_modL1_fusion32_fusionL1_drop0p2_trmiss50_trlocradio,16,5e-05,1,32,1,0.2,lr5e-05_bs16_modL1_fusion32_fusionL1_drop0p2_trmiss50_trlocradio,11,0.5720669329166412,0.7123373945554098,0.4327731092436975,0.5829968789840806,0.5111111111111111,0.0,0.0,0.0,0.0,0.0,0.0,0.0,0.0,0.0,2002,radio,0.5
4,1,lr5e-05_bs16_modL1_fusion32_fusionL1_drop0p2_trmiss50_trlocradio,16,5e-05,1,32,1,0.2,lr5e-05_bs16_modL1_fusion32_fusionL1_drop0p2_trmiss50_trlocradio,12,0.5786402622858683,0.7109833757082621,0.4474789915966386,0.6001674665713688,0.5111111111111111,0.0,0.0,0.0,0.0,0.0,0.0,0.0,0.0,0.0,2002,radio,0.5
4,1,lr5e-05_bs16_modL1_fusion32_fusionL1_drop0p2_trmiss50_trlocradio,16,5e-05,1,32,1,0.2,lr5e-05_bs16_modL1_fusion32_fusionL1_drop0p2_trmiss50_trlocradio,13,0.5752326349417368,0.7151860594749451,0.41806722689075637,0.5806938129719448,0.4888888888888889,0.0,0.0,0.0,0.0,0.0,0.0,0.0,0.0,0.0,2002,radio,0.5
4,1,lr5e-05_bs16_modL1_fusion32_fusionL1_drop0p2_trmiss50_trlocradio,16,5e-05,1,32,1,0.2,lr5e-05_bs16_modL1_fusion32_fusionL1_drop0p2_trmiss50_trlocradio,14,0.5700059086084366,0.7091025511423746,0.42226890756302515,0.5813943340506171,0.5111111111111111,0.0,0.0,0.0,0.0,0.0,0.0,0.0,0.0,0.0,2002,radio,0.5
4,1,lr5e-05_bs16_modL1_fusion32_fusionL1_drop0p2_trmiss50_trlocradio,16,5e-05,1,32,1,0.2,lr5e-05_bs16_modL1_fusion32_fusionL1_drop0p2_trmiss50_trlocradio,15,0.5325987910230955,0.7088532646497091,0.42647058823529416,0.6200182737698694,0.5111111111111111,0.0,0.0,0.0,0.0,0.0,0.0,0.0,0.0,0.0,2002,radio,0.5
4,1,lr5e-05_bs16_modL1_fusion32_fusionL1_drop0p2_trmiss50_trlocradio,16,5e-05,1,32,1,0.2,lr5e-05_bs16_modL1_fusion32_fusionL1_drop0p2_trmiss50_trlocradio,16,0.5419142693281174,0.7024470766385397,0.4369747899159664,0.619569396807625,0.5333333333333333,0.0,0.0,0.0,0.0,0.0,0.0,0.0,0.0,0.0,2002,radio,0.5
4,1,lr5e-05_bs16_modL1_fusion32_fusionL1_drop0p2_trmiss50_trlocradio,16,5e-05,1,32,1,0.2,lr5e-05_bs16_modL1_fusion32_fusionL1_drop0p2_trmiss50_trlocradio,17,0.5444504494468371,0.7037760217984518,0.42647058823529416,0.6153061362891504,0.5333333333333333,0.0,0.0,0.0,0.0,0.0,0.0,0.0,0.0,0.0,2002,radio,0.5
4,1,lr5e-05_bs16_modL1_fusion32_fusionL1_drop0p2_trmiss50_trlocradio,16,5e-05,1,32,1,0.2,lr5e-05_bs16_modL1_fusion32_fusionL1_drop0p2_trmiss50_trlocradio,18,0.5186786726117134,0.706184466679891,0.41806722689075626,0.6097255395312812,0.5111111111111111,0.0,0.0,0.0,0.0,0.0,0.0,0.0,0.0,0.0,2002,radio,0.5
4,1,lr5e-05_bs16_modL1_fusion32_fusionL1_drop0p2_trmiss50_trlocradio,16,5e-05,1,32,1,0.2,lr5e-05_bs16_modL1_fusion32_fusionL1_drop0p2_trmiss50_trlocradio,19,0.5050509969393412,0.7042232155799866,0.43487394957983194,0.6204848694967607,0.5111111111111111,0.0,0.0,0.0,0.0,0.0,0.0,0.0,0.0,0.0,2002,radio,0.5
4,1,lr5e-05_bs16_modL1_fusion32_fusionL1_drop0p2_trmiss50_trlocradio,16,5e-05,1,32,1,0.2,lr5e-05_bs16_modL1_fusion32_fusionL1_drop0p2_trmiss50_trlocradio,20,0.5225123961766561,0.7090774178504944,0.4369747899159664,0.6073592380025977,0.4888888888888889,0.0,0.0,0.0,0.0,0.0,0.0,0.0,0.0,0.0,2002,radio,0.5
4,1,lr5e-05_bs16_modL1_fusion32_fusionL1_drop0p2_trmiss50_trlocradio,16,5e-05,1,32,1,0.2,lr5e-05_bs16_modL1_fusion32_fusionL1_drop0p2_trmiss50_trlocradio,21,0.5244432538747787,0.7115034063657125,0.4201680672268907,0.5899680503287036,0.5111111111111111,0.0,0.0,0.0,0.0,0.0,0.0,0.0,0.0,0.0,2002,radio,0.5
4,1,lr5e-05_bs16_modL1_fusion32_fusionL1_drop0p2_trmiss50_trlocradio,16,5e-05,1,32,1,0.2,lr5e-05_bs16_modL1_fusion32_fusionL1_drop0p2_trmiss50_trlocradio,22,0.5175336798032125,0.7092131773630778,0.4201680672268907,0.5936522775367831,0.5333333333333333,0.0,0.0,0.0,0.0,0.0,0.0,0.0,0.0,0.0,2002,radio,0.5
4,1,lr5e-05_bs16_modL1_fusion32_fusionL1_drop0p2_trmiss50_trlocradio,16,5e-05,1,32,1,0.2,lr5e-05_bs16_modL1_fusion32_fusionL1_drop0p2_trmiss50_trlocradio,23,0.5115526244044304,0.7114245494206747,0.4243697478991597,0.6173398763586048,0.4888888888888889,0.0,0.0,0.0,0.0,0.0,0.0,0.0,0.0,0.0,2002,radio,0.5
4,1,lr5e-05_bs16_modL1_fusion32_fusionL1_drop0p2_trmiss50_trlocradio,16,5e-05,1,32,1,0.2,lr5e-05_bs16_modL1_fusion32_fusionL1_drop0p2_trmiss50_trlocradio,24,0.5173680062095324,0.7072802186012268,0.4327731092436975,0.6064715758546534,0.4888888888888889,0.0,0.0,0.0,0.0,0.0,0.0,0.0,0.0,0.0,2002,radio,0.5
4,1,lr5e-05_bs16_modL1_fusion32_fusionL1_drop0p2_trmiss50_trlocradio,16,5e-05,1,32,1,0.2,lr5e-05_bs16_modL1_fusion32_fusionL1_drop0p2_trmiss50_trlocradio,25,0.5251341238617897,0.7105104128519694,0.42226890756302515,0.5978851054426633,0.5333333333333333,0.0,0.0,0.0,0.0,0.0,0.0,0.0,0.0,0.0,2002,radio,0.5
4,1,lr5e-05_bs16_modL1_fusion32_fusionL1_drop0p1_trmiss50_trlocradio,16,5e-05,1,32,1,0.1,lr5e-05_bs16_modL1_fusion32_fusionL1_drop0p1_trmiss50_trlocradio,1,0.794044241309166,0.7191126147905985,0.5042016806722689,0.6178870240722972,0.4444444444444444,0.0,0.0,0.0,0.0,0.0,0.0,0.0,0.0,0.0,2002,radio,0.5
4,1,lr5e-05_bs16_modL1_fusion32_fusionL1_drop0p1_trmiss50_trlocradio,16,5e-05,1,32,1,0.1,lr5e-05_bs16_modL1_fusion32_fusionL1_drop0p1_trmiss50_trlocradio,2,0.7233860592047373,0.7450577219327291,0.4789915966386554,0.5974060322376916,0.4222222222222222,0.0,0.0,0.0,0.0,0.0,0.0,0.0,0.0,0.0,2002,radio,0.5
4,1,lr5e-05_bs16_modL1_fusion32_fusionL1_drop0p1_trmiss50_trlocradio,16,5e-05,1,32,1,0.1,lr5e-05_bs16_modL1_fusion32_fusionL1_drop0p1_trmiss50_trlocradio,3,0.7234001954396566,0.7533806363741556,0.4726890756302521,0.5946080384904507,0.4444444444444444,0.0,0.0,0.0,0.0,0.0,0.0,0.0,0.0,0.0,2002,radio,0.5
4,1,lr5e-05_bs16_modL1_fusion32_fusionL1_drop0p1_trmiss50_trlocradio,16,5e-05,1,32,1,0.1,lr5e-05_bs16_modL1_fusion32_fusionL1_drop0p1_trmiss50_trlocradio,4,0.691477303703626,0.766960342725118,0.4495798319327731,0.5884591750336612,0.4888888888888889,0.0,0.0,0.0,0.0,0.0,0.0,0.0,0.0,0.0,2002,radio,0.5
4,1,lr5e-05_bs16_modL1_fusion32_fusionL1_drop0p1_trmiss50_trlocradio,16,5e-05,1,32,1,0.1,lr5e-05_bs16_modL1_fusion32_fusionL1_drop0p1_trmiss50_trlocradio,5,0.6802121251821518,0.764443576335907,0.4495798319327731,0.5825606195721205,0.4444444444444444,0.0,0.0,0.0,0.0,0.0,0.0,0.0,0.0,0.0,2002,radio,0.5
4,1,lr5e-05_bs16_modL1_fusion32_fusionL1_drop0p1_trmiss50_trlocradio,16,5e-05,1,32,1,0.1,lr5e-05_bs16_modL1_fusion32_fusionL1_drop0p1_trmiss50_trlocradio,6,0.6344999919335047,0.7690572142601013,0.4495798319327731,0.575473393225336,0.4222222222222222,0.0,0.0,0.0,0.0,0.0,0.0,0.0,0.0,0.0,2002,radio,0.5
4,1,lr5e-05_bs16_modL1_fusion32_fusionL1_drop0p1_trmiss50_trlocradio,16,5e-05,1,32,1,0.1,lr5e-05_bs16_modL1_fusion32_fusionL1_drop0p1_trmiss50_trlocradio,7,0.6673410435517629,0.776092012723287,0.4474789915966386,0.5744479454435353,0.4444444444444444,0.0,0.0,0.0,0.0,0.0,0.0,0.0,0.0,0.0,2002,radio,0.5
4,1,lr5e-05_bs16_modL1_fusion32_fusionL1_drop0p1_trmiss50_trlocradio,16,5e-05,1,32,1,0.1,lr5e-05_bs16_modL1_fusion32_fusionL1_drop0p1_trmiss50_trlocradio,8,0.6353358079989752,0.7768170436223348,0.453781512605042,0.5773314192049512,0.4222222222222222,0.0,0.0,0.0,0.0,0.0,0.0,0.0,0.0,0.0,2002,radio,0.5
4,1,lr5e-05_bs16_modL1_fusion32_fusionL1_drop0p1_trmiss50_trlocradio,16,5e-05,1,32,1,0.1,lr5e-05_bs16_modL1_fusion32_fusionL1_drop0p1_trmiss50_trlocradio,9,0.6448224236567816,0.7762902577718099,0.4579831932773109,0.5805010432364369,0.4222222222222222,0.0,0.0,0.0,0.0,0.0,0.0,0.0,0.0,0.0,2002,radio,0.5
4,1,lr5e-05_bs16_modL1_fusion32_fusionL1_drop0p1_trmiss50_trlocradio,16,5e-05,1,32,1,0.1,lr5e-05_bs16_modL1_fusion32_fusionL1_drop0p1_trmiss50_trlocradio,10,0.6621639331181844,0.7813931703567505,0.43487394957983194,0.5713015455424868,0.4444444444444444,0.0,0.0,0.0,0.0,0.0,0.0,0.0,0.0,0.0,2002,radio,0.5
4,1,lr5e-05_bs16_modL1_fusion32_fusionL1_drop0p1_trmiss50_trlocradio,16,5e-05,1,32,1,0.1,lr5e-05_bs16_modL1_fusion32_fusionL1_drop0p1_trmiss50_trlocradio,11,0.6255944023529688,0.7750683625539144,0.4453781512605042,0.5768829260153583,0.4444444444444444,0.0,0.0,0.0,0.0,0.0,0.0,0.0,0.0,0.0,2002,radio,0.5
4,1,lr5e-05_bs16_modL1_fusion32_fusionL1_drop0p1_trmiss50_trlocradio,16,5e-05,1,32,1,0.1,lr5e-05_bs16_modL1_fusion32_fusionL1_drop0p1_trmiss50_trlocradio,12,0.6104897161324819,0.7705856164296468,0.46218487394957986,0.5826306170647713,0.4444444444444444,0.0,0.0,0.0,0.0,0.0,0.0,0.0,0.0,0.0,2002,radio,0.5
4,1,lr5e-05_bs16_modL1_fusion32_fusionL1_drop0p1_trmiss50_trlocradio,16,5e-05,1,32,1,0.1,lr5e-05_bs16_modL1_fusion32_fusionL1_drop0p1_trmiss50_trlocradio,13,0.6204757293065389,0.7672519286473592,0.46638655462184875,0.5828747073439045,0.4444444444444444,0.0,0.0,0.0,0.0,0.0,0.0,0.0,0.0,0.0,2002,radio,0.5
4,1,lr5e-05_bs16_modL1_fusion32_fusionL1_drop0p1_trmiss50_trlocradio,16,5e-05,1,32,1,0.1,lr5e-05_bs16_modL1_fusion32_fusionL1_drop0p1_trmiss50_trlocradio,14,0.6058868169784546,0.7789646983146667,0.46218487394957986,0.5809578870848886,0.4444444444444444,0.0,0.0,0.0,0.0,0.0,0.0,0.0,0.0,0.0,2002,radio,0.5
4,1,lr5e-05_bs16_modL1_fusion32_fusionL1_drop0p1_trmiss50_trlocradio,16,5e-05,1,32,1,0.1,lr5e-05_bs16_modL1_fusion32_fusionL1_drop0p1_trmiss50_trlocradio,15,0.6114430129528046,0.7751149733861288,0.476890756302521,0.5867085363235037,0.4444444444444444,0.0,0.0,0.0,0.0,0.0,0.0,0.0,0.0,0.0,2002,radio,0.5
4,1,lr5e-05_bs16_modL1_fusion32_fusionL1_drop0p1_trmiss50_trlocradio,16,5e-05,1,32,1,0.1,lr5e-05_bs16_modL1_fusion32_fusionL1_drop0p1_trmiss50_trlocradio,16,0.5881534864505132,0.775091270605723,0.45798319327731096,0.5764201771600874,0.4444444444444444,0.0,0.0,0.0,0.0,0.0,0.0,0.0,0.0,0.0,2002,radio,0.5
4,1,lr5e-05_bs16_modL1_fusion32_fusionL1_drop0p1_trmiss50_trlocradio,16,5e-05,1,32,1,0.1,lr5e-05_bs16_modL1_fusion32_fusionL1_drop0p1_trmiss50_trlocradio,17,0.5772648503383001,0.7808926900227865,0.453781512605042,0.5741383559340203,0.4444444444444444,0.0,0.0,0.0,0.0,0.0,0.0,0.0,0.0,0.0,2002,radio,0.5
4,1,lr5e-05_bs16_modL1_fusion32_fusionL1_drop0p1_trmiss50_trlocradio,16,5e-05,1,32,1,0.1,lr5e-05_bs16_modL1_fusion32_fusionL1_drop0p1_trmiss50_trlocradio,18,0.6051224122444788,0.7633650898933411,0.4684873949579832,0.5823242978836579,0.4444444444444444,0.0,0.0,0.0,0.0,0.0,0.0,0.0,0.0,0.0,2002,radio,0.5
4,1,lr5e-05_bs16_modL1_fusion32_fusionL1_drop0p1_trmiss50_trlocradio,16,5e-05,1,32,1,0.1,lr5e-05_bs16_modL1_fusion32_fusionL1_drop0p1_trmiss50_trlocradio,19,0.5771638800700506,0.7718162337938944,0.4684873949579832,0.5819340146420549,0.4444444444444444,0.0,0.0,0.0,0.0,0.0,0.0,0.0,0.0,0.0,2002,radio,0.5
4,1,lr5e-05_bs16_modL1_fusion32_fusionL1_drop0p1_trmiss50_trlocradio,16,5e-05,1,32,1,0.1,lr5e-05_bs16_modL1_fusion32_fusionL1_drop0p1_trmiss50_trlocradio,20,0.5949241866668066,0.7832363247871399,0.4621848739495798,0.5773042620159234,0.4222222222222222,0.0,0.0,0.0,0.0,0.0,0.0,0.0,0.0,0.0,2002,radio,0.5
4,1,lr5e-05_bs16_modL1_fusion32_fusionL1_drop0p1_trmiss50_trlocradio,16,5e-05,1,32,1,0.1,lr5e-05_bs16_modL1_fusion32_fusionL1_drop0p1_trmiss50_trlocradio,21,0.581298420826594,0.7808952728907267,0.46638655462184875,0.5810282633435455,0.4222222222222222,0.0,0.0,0.0,0.0,0.0,0.0,0.0,0.0,0.0,2002,radio,0.5
4,1,lr5e-05_bs16_modL1_fusion32_fusionL1_drop0p1_trmiss50_trlocradio,16,5e-05,1,32,1,0.1,lr5e-05_bs16_modL1_fusion32_fusionL1_drop0p1_trmiss50_trlocradio,22,0.6022445807854334,0.7837042411168417,0.47689075630252103,0.5878745108462247,0.4444444444444444,0.0,0.0,0.0,0.0,0.0,0.0,0.0,0.0,0.0,2002,radio,0.5
4,1,lr5e-05_bs16_modL1_fusion32_fusionL1_drop0p1_trmiss50_trlocradio,16,5e-05,1,32,1,0.1,lr5e-05_bs16_modL1_fusion32_fusionL1_drop0p1_trmiss50_trlocradio,23,0.5768593003352483,0.7702944874763489,0.4726890756302521,0.5834638929508078,0.4444444444444444,0.0,0.0,0.0,0.0,0.0,0.0,0.0,0.0,0.0,2002,radio,0.5
4,1,lr5e-05_bs16_modL1_fusion32_fusionL1_drop0p1_trmiss50_trlocradio,16,5e-05,1,32,1,0.1,lr5e-05_bs16_modL1_fusion32_fusionL1_drop0p1_trmiss50_trlocradio,24,0.5851483096679052,0.772217869758606,0.4747899159663866,0.5868365829153661,0.4444444444444444,0.0,0.0,0.0,0.0,0.0,0.0,0.0,0.0,0.0,2002,radio,0.5
4,1,lr5e-05_bs16_modL1_fusion32_fusionL1_drop0p1_trmiss50_trlocradio,16,5e-05,1,32,1,0.1,lr5e-05_bs16_modL1_fusion32_fusionL1_drop0p1_trmiss50_trlocradio,25,0.5777828544378281,0.7827410499254862,0.4495798319327732,0.5755806732670602,0.4222222222222222,0.0,0.0,0.0,0.0,0.0,0.0,0.0,0.0,0.0,2002,radio,0.5
4,1,lr5e-05_bs16_modL1_fusion32_fusionL1_drop0p1_trmiss50_trlocradio,16,5e-05,1,32,1,0.1,lr5e-05_bs16_modL1_fusion32_fusionL1_drop0p1_trmiss50_trlocradio,26,0.5735588123401006,0.7864782810211182,0.453781512605042,0.5771627962036904,0.4,0.0,0.0,0.0,0.0,0.0,0.0,0.0,0.0,0.0,2002,radio,0.5
4,1,lr5e-05_bs16_modL1_fusion32_fusionL1_drop0p1_trmiss50_trlocradio,16,5e-05,1,32,1,0.1,lr5e-05_bs16_modL1_fusion32_fusionL1_drop0p1_trmiss50_trlocradio,27,0.5784433682759603,0.7812434633572897,0.44957983193277307,0.5749191968065233,0.4,0.0,0.0,0.0,0.0,0.0,0.0,0.0,0.0,0.0,2002,radio,0.5
4,1,lr5e-05_bs16_modL1_fusion32_fusionL1_drop0p1_trmiss50_trlocradio,16,5e-05,1,32,1,0.1,lr5e-05_bs16_modL1_fusion32_fusionL1_drop0p1_trmiss50_trlocradio,28,0.5825385997692744,0.7729348142941793,0.46638655462184875,0.5807452043534089,0.4222222222222222,0.0,0.0,0.0,0.0,0.0,0.0,0.0,0.0,0.0,2002,radio,0.5
4,1,lr5e-05_bs16_modL1_fusion32_fusionL1_drop0p1_trmiss50_trlocradio,16,5e-05,1,32,1,0.1,lr5e-05_bs16_modL1_fusion32_fusionL1_drop0p1_trmiss50_trlocradio,29,0.5908086349566778,0.7818258802096049,0.45588235294117646,0.5729995259004816,0.4222222222222222,0.0,0.0,0.0,0.0,0.0,0.0,0.0,0.0,0.0,2002,radio,0.5
4,1,lr5e-05_bs16_modL1_fusion32_fusionL1_drop0p1_trmiss50_trlocradio,16,5e-05,1,32,1,0.1,lr5e-05_bs16_modL1_fusion32_fusionL1_drop0p1_trmiss50_trlocradio,30,0.5883079071839651,0.792343020439148,0.4642857142857143,0.5787363834901169,0.4222222222222222,0.0,0.0,0.0,0.0,0.0,0.0,0.0,0.0,0.0,2002,radio,0.5
4,1,lr5e-05_bs16_modL1_fusion32_fusionL1_drop0p1_trmiss50_trlocradio,16,5e-05,1,32,1,0.1,lr5e-05_bs16_modL1_fusion32_fusionL1_drop0p1_trmiss50_trlocradio,31,0.5855064541101456,0.7860414783159891,0.46638655462184875,0.5820056924696735,0.4222222222222222,0.0,0.0,0.0,0.0,0.0,0.0,0.0,0.0,0.0,2002,radio,0.5
4,1,lr5e-05_bs16_modL1_fusion32_fusionL1_drop0p1_trmiss50_trlocradio,16,5e-05,1,32,1,0.1,lr5e-05_bs16_modL1_fusion32_fusionL1_drop0p1_trmiss50_trlocradio,32,0.5758134176333746,0.7735286355018616,0.46638655462184875,0.5794135618508498,0.4444444444444444,0.0,0.0,0.0,0.0,0.0,0.0,0.0,0.0,0.0,2002,radio,0.5
4,1,lr5e-05_bs16_modL1_fusion32_fusionL1_drop0p1_trmiss50_trlocradio,16,5e-05,1,32,1,0.1,lr5e-05_bs16_modL1_fusion32_fusionL1_drop0p1_trmiss50_trlocradio,33,0.5722445299228033,0.7714035312334696,0.45588235294117646,0.5744310805580821,0.4444444444444444,0.0,0.0,0.0,0.0,0.0,0.0,0.0,0.0,0.0,2002,radio,0.5
4,1,lr5e-05_bs16_modL1_fusion32_fusionL1_drop0p1_trmiss50_trlocradio,16,5e-05,1,32,1,0.1,lr5e-05_bs16_modL1_fusion32_fusionL1_drop0p1_trmiss50_trlocradio,34,0.5818292647600174,0.7638116677602133,0.46218487394957986,0.581419247727704,0.4444444444444444,0.0,0.0,0.0,0.0,0.0,0.0,0.0,0.0,0.0,2002,radio,0.5
4,1,lr5e-05_bs16_modL1_fusion32_fusionL1_drop0p1_trmiss50_trlocradio,16,5e-05,1,32,1,0.1,lr5e-05_bs16_modL1_fusion32_fusionL1_drop0p1_trmiss50_trlocradio,35,0.5760689179102579,0.7808871666590372,0.46638655462184875,0.5814518607681194,0.4444444444444444,0.0,0.0,0.0,0.0,0.0,0.0,0.0,0.0,0.0,2002,radio,0.5
4,1,lr5e-05_bs16_modL1_fusion32_fusionL1_drop0p1_trmiss50_trlocradio,16,5e-05,1,32,1,0.1,lr5e-05_bs16_modL1_fusion32_fusionL1_drop0p1_trmiss50_trlocradio,36,0.5713796764612198,0.7778897285461426,0.4600840336134454,0.5773196210100504,0.4444444444444444,0.0,0.0,0.0,0.0,0.0,0.0,0.0,0.0,0.0,2002,radio,0.5
4,1,lr5e-05_bs16_modL1_fusion32_fusionL1_drop0p1_trmiss50_trlocradio,16,5e-05,1,32,1,0.1,lr5e-05_bs16_modL1_fusion32_fusionL1_drop0p1_trmiss50_trlocradio,37,0.5747087498505911,0.7840558489163717,0.4474789915966387,0.5726944890696791,0.4222222222222222,0.0,0.0,0.0,0.0,0.0,0.0,0.0,0.0,0.0,2002,radio,0.5
4,1,lr5e-05_bs16_modL1_fusion32_fusionL1_drop0p1_trmiss50_trlocradio,16,5e-05,1,32,1,0.1,lr5e-05_bs16_modL1_fusion32_fusionL1_drop0p1_trmiss50_trlocradio,38,0.5423858066399893,0.7824206153551737,0.4453781512605042,0.5693832929609404,0.4444444444444444,0.0,0.0,0.0,0.0,0.0,0.0,0.0,0.0,0.0,2002,radio,0.5
4,1,lr5e-05_bs16_modL1_fusion32_fusionL1_drop0p1_trmiss50_trlocradio,16,5e-05,1,32,1,0.1,lr5e-05_bs16_modL1_fusion32_fusionL1_drop0p1_trmiss50_trlocradio,39,0.5664908289909363,0.7882174054781595,0.4411764705882353,0.5661098573497487,0.4444444444444444,0.0,0.0,0.0,0.0,0.0,0.0,0.0,0.0,0.0,2002,radio,0.5
4,1,lr5e-05_bs16_modL1_fusion32_fusionL1_drop0p1_trmiss50_trlocradio,16,5e-05,1,32,1,0.1,lr5e-05_bs16_modL1_fusion32_fusionL1_drop0p1_trmiss50_trlocradio,40,0.5945138881603876,0.7838382124900818,0.453781512605042,0.5714243440089297,0.4222222222222222,0.0,0.0,0.0,0.0,0.0,0.0,0.0,0.0,0.0,2002,radio,0.5
4,1,lr5e-05_bs16_modL1_fusion32_fusionL1_drop0p1_trmiss50_trlocradio,16,5e-05,1,32,1,0.1,lr5e-05_bs16_modL1_fusion32_fusionL1_drop0p1_trmiss50_trlocradio,41,0.5760744214057922,0.7892955541610718,0.4285714285714286,0.5616964355097824,0.4222222222222222,0.0,0.0,0.0,0.0,0.0,0.0,0.0,0.0,0.0,2002,radio,0.5
4,1,lr5e-05_bs16_modL1_fusion32_fusionL1_drop0p1_trmiss50_trlocradio,16,5e-05,1,32,1,0.1,lr5e-05_bs16_modL1_fusion32_fusionL1_drop0p1_trmiss50_trlocradio,42,0.5698029498259226,0.7806052764256796,0.45798319327731096,0.5771439571685885,0.4444444444444444,0.0,0.0,0.0,0.0,0.0,0.0,0.0,0.0,0.0,2002,radio,0.5
4,1,lr5e-05_bs16_modL1_fusion64_fusionL1_drop0p2_trmiss50_trlocradio,16,5e-05,1,64,1,0.2,lr5e-05_bs16_modL1_fusion64_fusionL1_drop0p2_trmiss50_trlocradio,1,0.7248128255208334,0.679123600323995,0.5756302521008403,0.6973419580619792,0.5555555555555556,0.0,0.0,0.0,0.0,0.0,0.0,0.0,0.0,0.0,2002,radio,0.5
4,1,lr5e-05_bs16_modL1_fusion64_fusionL1_drop0p2_trmiss50_trlocradio,16,5e-05,1,64,1,0.2,lr5e-05_bs16_modL1_fusion64_fusionL1_drop0p2_trmiss50_trlocradio,2,0.6856620013713837,0.6690344214439392,0.5861344537815126,0.714134997321021,0.5333333333333333,0.0,0.0,0.0,0.0,0.0,0.0,0.0,0.0,0.0,2002,radio,0.5
4,1,lr5e-05_bs16_modL1_fusion64_fusionL1_drop0p2_trmiss50_trlocradio,16,5e-05,1,64,1,0.2,lr5e-05_bs16_modL1_fusion64_fusionL1_drop0p2_trmiss50_trlocradio,3,0.6658545086781184,0.6713959574699402,0.5567226890756303,0.6962841071261753,0.5111111111111111,0.0,0.0,0.0,0.0,0.0,0.0,0.0,0.0,0.0,2002,radio,0.5
4,1,lr5e-05_bs16_modL1_fusion64_fusionL1_drop0p2_trmiss50_trlocradio,16,5e-05,1,64,1,0.2,lr5e-05_bs16_modL1_fusion64_fusionL1_drop0p2_trmiss50_trlocradio,4,0.6350498845179876,0.67147296667099,0.5861344537815126,0.7416659570354316,0.5111111111111111,0.0,0.0,0.0,0.0,0.0,0.0,0.0,0.0,0.0,2002,radio,0.5
4,1,lr5e-05_bs16_modL1_fusion64_fusionL1_drop0p2_trmiss50_trlocradio,16,5e-05,1,64,1,0.2,lr5e-05_bs16_modL1_fusion64_fusionL1_drop0p2_trmiss50_trlocradio,5,0.6345286220312119,0.6706730127334595,0.5672268907563025,0.7048854326230813,0.5555555555555556,0.0,0.0,0.0,0.0,0.0,0.0,0.0,0.0,0.0,2002,radio,0.5
4,1,lr5e-05_bs16_modL1_fusion64_fusionL1_drop0p2_trmiss50_trlocradio,16,5e-05,1,64,1,0.2,lr5e-05_bs16_modL1_fusion64_fusionL1_drop0p2_trmiss50_trlocradio,6,0.6140354027350744,0.6629390120506287,0.5882352941176471,0.7132284888890852,0.6,0.0,0.0,0.0,0.0,0.0,0.0,0.0,0.0,0.0,2002,radio,0.5
4,1,lr5e-05_bs16_modL1_fusion64_fusionL1_drop0p2_trmiss50_trlocradio,16,5e-05,1,64,1,0.2,lr5e-05_bs16_modL1_fusion64_fusionL1_drop0p2_trmiss50_trlocradio,7,0.6093808710575104,0.6669498880704244,0.5861344537815126,0.7007922999886042,0.5555555555555556,0.0,0.0,0.0,0.0,0.0,0.0,0.0,0.0,0.0,2002,radio,0.5
4,1,lr5e-05_bs16_modL1_fusion64_fusionL1_drop0p2_trmiss50_trlocradio,16,5e-05,1,64,1,0.2,lr5e-05_bs16_modL1_fusion64_fusionL1_drop0p2_trmiss50_trlocradio,8,0.6144421895345052,0.6636500755945841,0.6134453781512604,0.7172416891826875,0.6222222222222222,0.0,0.0,0.0,0.0,0.0,0.0,0.0,0.0,0.0,2002,radio,0.5
4,1,lr5e-05_bs16_modL1_fusion64_fusionL1_drop0p2_trmiss50_trlocradio,16,5e-05,1,64,1,0.2,lr5e-05_bs16_modL1_fusion64_fusionL1_drop0p2_trmiss50_trlocradio,9,0.5810603896776835,0.6635882457097372,0.6260504201680672,0.7058242343502649,0.6222222222222222,0.0,0.0,0.0,0.0,0.0,0.0,0.0,0.0,0.0,2002,radio,0.5
4,1,lr5e-05_bs16_modL1_fusion64_fusionL1_drop0p2_trmiss50_trlocradio,16,5e-05,1,64,1,0.2,lr5e-05_bs16_modL1_fusion64_fusionL1_drop0p2_trmiss50_trlocradio,10,0.5774480079611143,0.6660513679186503,0.6071428571428571,0.7390587721525823,0.6222222222222222,0.0,0.0,0.0,0.0,0.0,0.0,0.0,0.0,0.0,2002,radio,0.5
4,1,lr5e-05_bs16_modL1_fusion64_fusionL1_drop0p2_trmiss50_trlocradio,16,5e-05,1,64,1,0.2,lr5e-05_bs16_modL1_fusion64_fusionL1_drop0p2_trmiss50_trlocradio,11,0.5773146599531174,0.6706131299336752,0.5840336134453781,0.7314974145099038,0.6222222222222222,0.0,0.0,0.0,0.0,0.0,0.0,0.0,0.0,0.0,2002,radio,0.5
4,1,lr5e-05_bs16_modL1_fusion64_fusionL1_drop0p2_trmiss50_trlocradio,16,5e-05,1,64,1,0.2,lr5e-05_bs16_modL1_fusion64_fusionL1_drop0p2_trmiss50_trlocradio,12,0.5575900822877884,0.6673598090807596,0.5777310924369747,0.7066297092555844,0.6,0.0,0.0,0.0,0.0,0.0,0.0,0.0,0.0,0.0,2002,radio,0.5
4,1,lr5e-05_bs16_modL1_fusion64_fusionL1_drop0p2_trmiss50_trlocradio,16,5e-05,1,64,1,0.2,lr5e-05_bs16_modL1_fusion64_fusionL1_drop0p2_trmiss50_trlocradio,13,0.5621862163146337,0.665092925230662,0.5945378151260504,0.716174279813534,0.6,0.0,0.0,0.0,0.0,0.0,0.0,0.0,0.0,0.0,2002,radio,0.5
4,1,lr5e-05_bs16_modL1_fusion64_fusionL1_drop0p2_trmiss50_trlocradio,16,5e-05,1,64,1,0.2,lr5e-05_bs16_modL1_fusion64_fusionL1_drop0p2_trmiss50_trlocradio,14,0.5402828132112821,0.6670340100924174,0.5882352941176471,0.7110701955375452,0.6222222222222222,0.0,0.0,0.0,0.0,0.0,0.0,0.0,0.0,0.0,2002,radio,0.5
4,1,lr5e-05_bs16_modL1_fusion64_fusionL1_drop0p2_trmiss50_trlocradio,16,5e-05,1,64,1,0.2,lr5e-05_bs16_modL1_fusion64_fusionL1_drop0p2_trmiss50_trlocradio,15,0.5485687802235285,0.665152112642924,0.5798319327731093,0.6993249056858523,0.6,0.0,0.0,0.0,0.0,0.0,0.0,0.0,0.0,0.0,2002,radio,0.5
4,1,lr5e-05_bs16_modL1_fusion64_fusionL1_drop0p2_trmiss50_trlocradio,16,5e-05,1,64,1,0.2,lr5e-05_bs16_modL1_fusion64_fusionL1_drop0p2_trmiss50_trlocradio,16,0.5515656669934591,0.6745038429896036,0.5672268907563025,0.6877128327160229,0.6,0.0,0.0,0.0,0.0,0.0,0.0,0.0,0.0,0.0,2002,radio,0.5
4,1,lr5e-05_bs16_modL1_fusion64_fusionL1_drop0p2_trmiss50_trlocradio,16,5e-05,1,64,1,0.2,lr5e-05_bs16_modL1_fusion64_fusionL1_drop0p2_trmiss50_trlocradio,17,0.5433289085825285,0.6651581525802612,0.5756302521008403,0.6894857253124795,0.6,0.0,0.0,0.0,0.0,0.0,0.0,0.0,0.0,0.0,2002,radio,0.5
4,1,lr5e-05_bs16_modL1_fusion64_fusionL1_drop0p2_trmiss50_trlocradio,16,5e-05,1,64,1,0.2,lr5e-05_bs16_modL1_fusion64_fusionL1_drop0p2_trmiss50_trlocradio,18,0.5356390923261642,0.6610188484191895,0.6050420168067226,0.7382711542384551,0.6,0.0,0.0,0.0,0.0,0.0,0.0,0.0,0.0,0.0,2002,radio,0.5
4,1,lr5e-05_bs16_modL1_fusion64_fusionL1_drop0p2_trmiss50_trlocradio,16,5e-05,1,64,1,0.2,lr5e-05_bs16_modL1_fusion64_fusionL1_drop0p2_trmiss50_trlocradio,19,0.5174718375007311,0.6672810514767965,0.5756302521008403,0.6940694961104824,0.6,0.0,0.0,0.0,0.0,0.0,0.0,0.0,0.0,0.0,2002,radio,0.5
4,1,lr5e-05_bs16_modL1_fusion64_fusionL1_drop0p2_trmiss50_trlocradio,16,5e-05,1,64,1,0.2,lr5e-05_bs16_modL1_fusion64_fusionL1_drop0p2_trmiss50_trlocradio,20,0.5261438265442848,0.6713774998982748,0.5819327731092436,0.6832104027628765,0.5555555555555556,0.0,0.0,0.0,0.0,0.0,0.0,0.0,0.0,0.0,2002,radio,0.5
4,1,lr5e-05_bs16_modL1_fusion64_fusionL1_drop0p2_trmiss50_trlocradio,16,5e-05,1,64,1,0.2,lr5e-05_bs16_modL1_fusion64_fusionL1_drop0p2_trmiss50_trlocradio,21,0.5307357137401899,0.6716879606246948,0.5714285714285714,0.691305953632533,0.6,0.0,0.0,0.0,0.0,0.0,0.0,0.0,0.0,0.0,2002,radio,0.5
4,1,lr5e-05_bs16_modL1_fusion64_fusionL1_drop0p2_trmiss50_trlocradio,16,5e-05,1,64,1,0.2,lr5e-05_bs16_modL1_fusion64_fusionL1_drop0p2_trmiss50_trlocradio,22,0.5213402708371481,0.6756542921066284,0.5588235294117647,0.6589239709840515,0.6222222222222222,0.0,0.0,0.0,0.0,0.0,0.0,0.0,0.0,0.0,2002,radio,0.5
4,1,lr5e-05_bs16_modL1_fusion64_fusionL1_drop0p2_trmiss50_trlocradio,16,5e-05,1,64,1,0.2,lr5e-05_bs16_modL1_fusion64_fusionL1_drop0p2_trmiss50_trlocradio,23,0.5215048417448997,0.6710548996925354,0.5567226890756303,0.6545587350844778,0.5555555555555556,0.0,0.0,0.0,0.0,0.0,0.0,0.0,0.0,0.0,2002,radio,0.5
4,1,lr5e-05_bs16_modL1_fusion64_fusionL1_drop0p2_trmiss50_trlocradio,16,5e-05,1,64,1,0.2,lr5e-05_bs16_modL1_fusion64_fusionL1_drop0p2_trmiss50_trlocradio,24,0.5044657463828722,0.6724321444829305,0.5672268907563025,0.6660018724846529,0.6,0.0,0.0,0.0,0.0,0.0,0.0,0.0,0.0,0.0,2002,radio,0.5
4,1,lr5e-05_bs16_modL1_fusion64_fusionL1_drop0p2_trmiss50_trlocradio,16,5e-05,1,64,1,0.2,lr5e-05_bs16_modL1_fusion64_fusionL1_drop0p2_trmiss50_trlocradio,25,0.5177187298734983,0.6756633917490641,0.5714285714285714,0.6672979326764709,0.5777777777777777,0.0,0.0,0.0,0.0,0.0,0.0,0.0,0.0,0.0,2002,radio,0.5
4,1,lr5e-05_bs16_modL1_fusion64_fusionL1_drop0p2_trmiss50_trlocradio,16,5e-05,1,64,1,0.2,lr5e-05_bs16_modL1_fusion64_fusionL1_drop0p2_trmiss50_trlocradio,26,0.5096283182501793,0.6703277031580607,0.5714285714285714,0.682955998220153,0.5777777777777777,0.0,0.0,0.0,0.0,0.0,0.0,0.0,0.0,0.0,2002,radio,0.5
4,1,lr5e-05_bs16_modL1_fusion64_fusionL1_drop0p2_trmiss50_trlocradio,16,5e-05,1,64,1,0.2,lr5e-05_bs16_modL1_fusion64_fusionL1_drop0p2_trmiss50_trlocradio,27,0.4854915216565132,0.6728528141975403,0.5588235294117647,0.6540940269037996,0.6,0.0,0.0,0.0,0.0,0.0,0.0,0.0,0.0,0.0,2002,radio,0.5
4,1,lr5e-05_bs16_modL1_fusion64_fusionL1_drop0p2_trmiss50_trlocradio,16,5e-05,1,64,1,0.2,lr5e-05_bs16_modL1_fusion64_fusionL1_drop0p2_trmiss50_trlocradio,28,0.5001054480671883,0.6750682393709818,0.5525210084033614,0.6563708897251481,0.5777777777777777,0.0,0.0,0.0,0.0,0.0,0.0,0.0,0.0,0.0,2002,radio,0.5
4,1,lr5e-05_bs16_modL1_fusion64_fusionL1_drop0p2_trmiss50_trlocradio,16,5e-05,1,64,1,0.2,lr5e-05_bs16_modL1_fusion64_fusionL1_drop0p2_trmiss50_trlocradio,29,0.4815078253547351,0.6778639753659567,0.5462184873949579,0.6836142969227829,0.5777777777777777,0.0,0.0,0.0,0.0,0.0,0.0,0.0,0.0,0.0,2002,radio,0.5
4,1,lr5e-05_bs16_modL1_fusion64_fusionL1_drop0p1_trmiss50_trlocradio,16,5e-05,1,64,1,0.1,lr5e-05_bs16_modL1_fusion64_fusionL1_drop0p1_trmiss50_trlocradio,1,0.7311676442623138,0.7204729517300924,0.4726890756302521,0.6235028835513543,0.4,0.0,0.0,0.0,0.0,0.0,0.0,0.0,0.0,0.0,2002,radio,0.5
4,1,lr5e-05_bs16_modL1_fusion64_fusionL1_drop0p1_trmiss50_trlocradio,16,5e-05,1,64,1,0.1,lr5e-05_bs16_modL1_fusion64_fusionL1_drop0p1_trmiss50_trlocradio,2,0.7061218818028768,0.7224896351496378,0.4789915966386554,0.6261310429966885,0.4,0.0,0.0,0.0,0.0,0.0,0.0,0.0,0.0,0.0,2002,radio,0.5
4,1,lr5e-05_bs16_modL1_fusion64_fusionL1_drop0p1_trmiss50_trlocradio,16,5e-05,1,64,1,0.1,lr5e-05_bs16_modL1_fusion64_fusionL1_drop0p1_trmiss50_trlocradio,3,0.7061811089515686,0.7281879782676697,0.47689075630252103,0.6282232598633026,0.4,0.0,0.0,0.0,0.0,0.0,0.0,0.0,0.0,0.0,2002,radio,0.5
4,1,lr5e-05_bs16_modL1_fusion64_fusionL1_drop0p1_trmiss50_trlocradio,16,5e-05,1,64,1,0.1,lr5e-05_bs16_modL1_fusion64_fusionL1_drop0p1_trmiss50_trlocradio,4,0.6800740410884222,0.7278264760971069,0.4957983193277311,0.6308353197944477,0.37777777777777777,0.0,0.0,0.0,0.0,0.0,0.0,0.0,0.0,0.0,2002,radio,0.5
4,1,lr5e-05_bs16_modL1_fusion64_fusionL1_drop0p1_trmiss50_trlocradio,16,5e-05,1,64,1,0.1,lr5e-05_bs16_modL1_fusion64_fusionL1_drop0p1_trmiss50_trlocradio,5,0.6561860044797262,0.7245500683784485,0.47478991596638653,0.61612190204763,0.4444444444444444,0.0,0.0,0.0,0.0,0.0,0.0,0.0,0.0,0.0,2002,radio,0.5
4,1,lr5e-05_bs16_modL1_fusion64_fusionL1_drop0p1_trmiss50_trlocradio,16,5e-05,1,64,1,0.1,lr5e-05_bs16_modL1_fusion64_fusionL1_drop0p1_trmiss50_trlocradio,6,0.6792035152514776,0.7239926258722941,0.49369747899159666,0.6587886593142989,0.4222222222222222,0.0,0.0,0.0,0.0,0.0,0.0,0.0,0.0,0.0,2002,radio,0.5
4,1,lr5e-05_bs16_modL1_fusion64_fusionL1_drop0p1_trmiss50_trlocradio,16,5e-05,1,64,1,0.1,lr5e-05_bs16_modL1_fusion64_fusionL1_drop0p1_trmiss50_trlocradio,7,0.6418117036422094,0.721771776676178,0.4684873949579832,0.6447071285319222,0.4222222222222222,0.0,0.0,0.0,0.0,0.0,0.0,0.0,0.0,0.0,2002,radio,0.5
4,1,lr5e-05_bs16_modL1_fusion64_fusionL1_drop0p1_trmiss50_trlocradio,16,5e-05,1,64,1,0.1,lr5e-05_bs16_modL1_fusion64_fusionL1_drop0p1_trmiss50_trlocradio,8,0.6362913300593694,0.7211397886276245,0.4516806722689075,0.6500775878414572,0.4222222222222222,0.0,0.0,0.0,0.0,0.0,0.0,0.0,0.0,0.0,2002,radio,0.5
4,1,lr5e-05_bs16_modL1_fusion64_fusionL1_drop0p1_trmiss50_trlocradio,16,5e-05,1,64,1,0.1,lr5e-05_bs16_modL1_fusion64_fusionL1_drop0p1_trmiss50_trlocradio,9,0.6301956325769424,0.7227791547775269,0.4621848739495798,0.6361796802731182,0.4,0.0,0.0,0.0,0.0,0.0,0.0,0.0,0.0,0.0,2002,radio,0.5
4,1,lr5e-05_bs16_modL1_fusion64_fusionL1_drop0p1_trmiss50_trlocradio,16,5e-05,1,64,1,0.1,lr5e-05_bs16_modL1_fusion64_fusionL1_drop0p1_trmiss50_trlocradio,10,0.6129490087429682,0.7171809474627177,0.4852941176470588,0.6492366573859761,0.4,0.0,0.0,0.0,0.0,0.0,0.0,0.0,0.0,0.0,2002,radio,0.5
4,1,lr5e-05_bs16_modL1_fusion64_fusionL1_drop0p1_trmiss50_trlocradio,16,5e-05,1,64,1,0.1,lr5e-05_bs16_modL1_fusion64_fusionL1_drop0p1_trmiss50_trlocradio,11,0.5852171008785566,0.7175104022026062,0.48949579831932777,0.6500891223599203,0.4,0.0,0.0,0.0,0.0,0.0,0.0,0.0,0.0,0.0,2002,radio,0.5
4,1,lr5e-05_bs16_modL1_fusion64_fusionL1_drop0p1_trmiss50_trlocradio,16,5e-05,1,64,1,0.1,lr5e-05_bs16_modL1_fusion64_fusionL1_drop0p1_trmiss50_trlocradio,12,0.6088298261165619,0.7129944761594137,0.5105042016806722,0.6698298714785553,0.4222222222222222,0.0,0.0,0.0,0.0,0.0,0.0,0.0,0.0,0.0,2002,radio,0.5
4,1,lr5e-05_bs16_modL1_fusion64_fusionL1_drop0p1_trmiss50_trlocradio,16,5e-05,1,64,1,0.1,lr5e-05_bs16_modL1_fusion64_fusionL1_drop0p1_trmiss50_trlocradio,13,0.6121319433053335,0.716514011224111,0.5,0.6650303169047687,0.4222222222222222,0.0,0.0,0.0,0.0,0.0,0.0,0.0,0.0,0.0,2002,radio,0.5
4,1,lr5e-05_bs16_modL1_fusion64_fusionL1_drop0p1_trmiss50_trlocradio,16,5e-05,1,64,1,0.1,lr5e-05_bs16_modL1_fusion64_fusionL1_drop0p1_trmiss50_trlocradio,14,0.6120913724104563,0.7193929553031921,0.49369747899159655,0.667187824535943,0.4444444444444444,0.0,0.0,0.0,0.0,0.0,0.0,0.0,0.0,0.0,2002,radio,0.5
4,1,lr5e-05_bs16_modL1_fusion64_fusionL1_drop0p1_trmiss50_trlocradio,16,5e-05,1,64,1,0.1,lr5e-05_bs16_modL1_fusion64_fusionL1_drop0p1_trmiss50_trlocradio,15,0.5865582327047983,0.714194118976593,0.4873949579831933,0.661213331972515,0.4888888888888889,0.0,0.0,0.0,0.0,0.0,0.0,0.0,0.0,0.0,2002,radio,0.5
4,1,lr5e-05_bs16_modL1_fusion64_fusionL1_drop0p1_trmiss50_trlocradio,16,5e-05,1,64,1,0.1,lr5e-05_bs16_modL1_fusion64_fusionL1_drop0p1_trmiss50_trlocradio,16,0.5868783046801885,0.7085639834403992,0.5126050420168067,0.6714635224496094,0.4888888888888889,0.0,0.0,0.0,0.0,0.0,0.0,0.0,0.0,0.0,2002,radio,0.5
4,1,lr5e-05_bs16_modL1_fusion64_fusionL1_drop0p1_trmiss50_trlocradio,16,5e-05,1,64,1,0.1,lr5e-05_bs16_modL1_fusion64_fusionL1_drop0p1_trmiss50_trlocradio,17,0.5678886473178864,0.7070115605990092,0.5189075630252101,0.6785342061994732,0.4666666666666667,0.0,0.0,0.0,0.0,0.0,0.0,0.0,0.0,0.0,2002,radio,0.5
4,1,lr5e-05_bs16_modL1_fusion64_fusionL1_drop0p1_trmiss50_trlocradio,16,5e-05,1,64,1,0.1,lr5e-05_bs16_modL1_fusion64_fusionL1_drop0p1_trmiss50_trlocradio,18,0.5851858307917913,0.7089172204335531,0.5315126050420168,0.6818244343370977,0.5111111111111111,0.0,0.0,0.0,0.0,0.0,0.0,0.0,0.0,0.0,2002,radio,0.5
4,1,lr5e-05_bs16_modL1_fusion64_fusionL1_drop0p1_trmiss50_trlocradio,16,5e-05,1,64,1,0.1,lr5e-05_bs16_modL1_fusion64_fusionL1_drop0p1_trmiss50_trlocradio,19,0.5792275071144104,0.71195520957311,0.4957983193277311,0.6655297140203742,0.4888888888888889,0.0,0.0,0.0,0.0,0.0,0.0,0.0,0.0,0.0,2002,radio,0.5
4,1,lr5e-05_bs16_modL1_fusion64_fusionL1_drop0p1_trmiss50_trlocradio,16,5e-05,1,64,1,0.1,lr5e-05_bs16_modL1_fusion64_fusionL1_drop0p1_trmiss50_trlocradio,20,0.5579011415441831,0.7038607001304626,0.5126050420168067,0.6674520416839044,0.5111111111111111,0.0,0.0,0.0,0.0,0.0,0.0,0.0,0.0,0.0,2002,radio,0.5
4,1,lr5e-05_bs16_modL1_fusion64_fusionL1_drop0p1_trmiss50_trlocradio,16,5e-05,1,64,1,0.1,lr5e-05_bs16_modL1_fusion64_fusionL1_drop0p1_trmiss50_trlocradio,21,0.55602399011453,0.7092183828353882,0.5084033613445378,0.6701245279540721,0.4888888888888889,0.0,0.0,0.0,0.0,0.0,0.0,0.0,0.0,0.0,2002,radio,0.5
4,1,lr5e-05_bs16_modL1_fusion64_fusionL1_drop0p1_trmiss50_trlocradio,16,5e-05,1,64,1,0.1,lr5e-05_bs16_modL1_fusion64_fusionL1_drop0p1_trmiss50_trlocradio,22,0.5593420962492625,0.7075614333152771,0.49159663865546216,0.6657872043915785,0.4444444444444444,0.0,0.0,0.0,0.0,0.0,0.0,0.0,0.0,0.0,2002,radio,0.5
4,1,lr5e-05_bs16_modL1_fusion64_fusionL1_drop0p1_trmiss50_trlocradio,16,5e-05,1,64,1,0.1,lr5e-05_bs16_modL1_fusion64_fusionL1_drop0p1_trmiss50_trlocradio,23,0.541557232538859,0.7016883293787638,0.5378151260504203,0.7002662971156906,0.5111111111111111,0.0,0.0,0.0,0.0,0.0,0.0,0.0,0.0,0.0,2002,radio,0.5
4,1,lr5e-05_bs16_modL1_fusion64_fusionL1_drop0p1_trmiss50_trlocradio,16,5e-05,1,64,1,0.1,lr5e-05_bs16_modL1_fusion64_fusionL1_drop0p1_trmiss50_trlocradio,24,0.5690780853231748,0.7069595654805502,0.5147058823529412,0.6837399503297947,0.5111111111111111,0.0,0.0,0.0,0.0,0.0,0.0,0.0,0.0,0.0,2002,radio,0.5
4,1,lr5e-05_bs16_modL1_fusion64_fusionL1_drop0p1_trmiss50_trlocradio,16,5e-05,1,64,1,0.1,lr5e-05_bs16_modL1_fusion64_fusionL1_drop0p1_trmiss50_trlocradio,25,0.5429082115491232,0.705848753452301,0.5126050420168068,0.6873469293865194,0.5333333333333333,0.0,0.0,0.0,0.0,0.0,0.0,0.0,0.0,0.0,2002,radio,0.5
4,1,lr5e-05_bs16_modL1_fusion64_fusionL1_drop0p1_trmiss50_trlocradio,16,5e-05,1,64,1,0.1,lr5e-05_bs16_modL1_fusion64_fusionL1_drop0p1_trmiss50_trlocradio,26,0.5379110922416052,0.7067387302716573,0.4957983193277311,0.6672672748898482,0.5333333333333333,0.0,0.0,0.0,0.0,0.0,0.0,0.0,0.0,0.0,2002,radio,0.5
4,1,lr5e-05_bs16_modL1_fusion64_fusionL1_drop0p1_trmiss50_trlocradio,16,5e-05,1,64,1,0.1,lr5e-05_bs16_modL1_fusion64_fusionL1_drop0p1_trmiss50_trlocradio,27,0.5156718964378039,0.7049819032351176,0.5105042016806722,0.6799741768219185,0.5333333333333333,0.0,0.0,0.0,0.0,0.0,0.0,0.0,0.0,0.0,2002,radio,0.5
4,1,lr5e-05_bs16_modL1_fusion64_fusionL1_drop0p1_trmiss50_trlocradio,16,5e-05,1,64,1,0.1,lr5e-05_bs16_modL1_fusion64_fusionL1_drop0p1_trmiss50_trlocradio,28,0.5279630993803343,0.708629826704661,0.5021008403361344,0.6680553005192325,0.4888888888888889,0.0,0.0,0.0,0.0,0.0,0.0,0.0,0.0,0.0,2002,radio,0.5
4,1,lr5e-05_bs16_modL1_fusion64_fusionL1_drop0p1_trmiss50_trlocradio,16,5e-05,1,64,1,0.1,lr5e-05_bs16_modL1_fusion64_fusionL1_drop0p1_trmiss50_trlocradio,29,0.526407408217589,0.7082683046658834,0.5084033613445378,0.6672395800880966,0.4666666666666667,0.0,0.0,0.0,0.0,0.0,0.0,0.0,0.0,0.0,2002,radio,0.5
4,1,lr5e-05_bs16_modL1_fusion64_fusionL1_drop0p1_trmiss50_trlocradio,16,5e-05,1,64,1,0.1,lr5e-05_bs16_modL1_fusion64_fusionL1_drop0p1_trmiss50_trlocradio,30,0.5239900896946589,0.7037586371103922,0.5042016806722689,0.6709946383849646,0.5333333333333333,0.0,0.0,0.0,0.0,0.0,0.0,0.0,0.0,0.0,2002,radio,0.5
4,1,lr5e-05_bs16_modL1_fusion64_fusionL1_drop0p1_trmiss50_trlocradio,16,5e-05,1,64,1,0.1,lr5e-05_bs16_modL1_fusion64_fusionL1_drop0p1_trmiss50_trlocradio,31,0.5166542952259382,0.7067096630732218,0.4873949579831933,0.6605117468201195,0.5111111111111111,0.0,0.0,0.0,0.0,0.0,0.0,0.0,0.0,0.0,2002,radio,0.5
4,1,lr5e-05_bs16_modL1_fusion64_fusionL1_drop0p1_trmiss50_trlocradio,16,5e-05,1,64,1,0.1,lr5e-05_bs16_modL1_fusion64_fusionL1_drop0p1_trmiss50_trlocradio,32,0.5171029071013132,0.7077909906705221,0.4915966386554622,0.6693161708058277,0.5333333333333333,0.0,0.0,0.0,0.0,0.0,0.0,0.0,0.0,0.0,2002,radio,0.5
4,1,lr5e-05_bs16_modL1_fusion64_fusionL1_drop0p1_trmiss50_trlocradio,16,5e-05,1,64,1,0.1,lr5e-05_bs16_modL1_fusion64_fusionL1_drop0p1_trmiss50_trlocradio,33,0.5134496589501699,0.7055520613988241,0.48949579831932777,0.6732411819417861,0.4888888888888889,0.0,0.0,0.0,0.0,0.0,0.0,0.0,0.0,0.0,2002,radio,0.5
4,1,lr5e-05_bs16_modL1_fusion64_fusionL1_drop0p1_trmiss50_trlocradio,16,5e-05,1,64,1,0.1,lr5e-05_bs16_modL1_fusion64_fusionL1_drop0p1_trmiss50_trlocradio,34,0.5216851681470871,0.7016227642695109,0.5126050420168067,0.6831178043205102,0.5333333333333333,0.0,0.0,0.0,0.0,0.0,0.0,0.0,0.0,0.0,2002,radio,0.5
4,1,lr5e-05_bs16_modL1_fusion64_fusionL1_drop0p1_trmiss50_trlocradio,16,5e-05,1,64,1,0.1,lr5e-05_bs16_modL1_fusion64_fusionL1_drop0p1_trmiss50_trlocradio,35,0.5085472986102104,0.704025149345398,0.4957983193277311,0.6652853829842613,0.5333333333333333,0.0,0.0,0.0,0.0,0.0,0.0,0.0,0.0,0.0,2002,radio,0.5
4,1,lr5e-05_bs16_modL1_fusion64_fusionL1_drop0p1_trmiss50_trlocradio,16,5e-05,1,64,1,0.1,lr5e-05_bs16_modL1_fusion64_fusionL1_drop0p1_trmiss50_trlocradio,36,0.5016875689228376,0.7014234860738119,0.5042016806722689,0.675877631841387,0.5111111111111111,0.0,0.0,0.0,0.0,0.0,0.0,0.0,0.0,0.0,2002,radio,0.5
4,1,lr5e-05_bs16_modL1_fusion64_fusionL1_drop0p1_trmiss50_trlocradio,16,5e-05,1,64,1,0.1,lr5e-05_bs16_modL1_fusion64_fusionL1_drop0p1_trmiss50_trlocradio,37,0.5170407791932424,0.7049357493718466,0.5084033613445379,0.6619681204651332,0.5111111111111111,0.0,0.0,0.0,0.0,0.0,0.0,0.0,0.0,0.0,2002,radio,0.5
4,1,lr5e-05_bs16_modL1_fusion64_fusionL1_drop0p1_trmiss50_trlocradio,16,5e-05,1,64,1,0.1,lr5e-05_bs16_modL1_fusion64_fusionL1_drop0p1_trmiss50_trlocradio,38,0.5173974384864172,0.7024840712547302,0.48949579831932777,0.6615008983264549,0.4888888888888889,0.0,0.0,0.0,0.0,0.0,0.0,0.0,0.0,0.0,2002,radio,0.5
4,1,lr5e-05_bs16_modL1_fusion64_fusionL1_drop0p1_trmiss50_trlocradio,16,5e-05,1,64,1,0.1,lr5e-05_bs16_modL1_fusion64_fusionL1_drop0p1_trmiss50_trlocradio,39,0.5385591263572375,0.7090427080790201,0.4915966386554622,0.6683367874663014,0.4888888888888889,0.0,0.0,0.0,0.0,0.0,0.0,0.0,0.0,0.0,2002,radio,0.5
4,1,lr5e-05_bs16_modL1_fusion64_fusionL1_drop0p1_trmiss50_trlocradio,16,5e-05,1,64,1,0.1,lr5e-05_bs16_modL1_fusion64_fusionL1_drop0p1_trmiss50_trlocradio,40,0.5145439654588699,0.7093784014383951,0.48109243697479,0.6528102188564678,0.5111111111111111,0.0,0.0,0.0,0.0,0.0,0.0,0.0,0.0,0.0,2002,radio,0.5
4,1,lr5e-05_bs16_modL1_fusion64_fusionL1_drop0p1_trmiss50_trlocradio,16,5e-05,1,64,1,0.1,lr5e-05_bs16_modL1_fusion64_fusionL1_drop0p1_trmiss50_trlocradio,41,0.5243416180213293,0.7034010688463846,0.5021008403361344,0.6723584818606857,0.5111111111111111,0.0,0.0,0.0,0.0,0.0,0.0,0.0,0.0,0.0,2002,radio,0.5
4,1,lr5e-05_bs16_modL1_fusion64_fusionL1_drop0p1_trmiss50_trlocradio,16,5e-05,1,64,1,0.1,lr5e-05_bs16_modL1_fusion64_fusionL1_drop0p1_trmiss50_trlocradio,42,0.5243152479330698,0.6990665793418884,0.5042016806722689,0.6753985709527743,0.4888888888888889,0.0,0.0,0.0,0.0,0.0,0.0,0.0,0.0,0.0,2002,radio,0.5
4,1,lr5e-05_bs16_modL1_fusion64_fusionL1_drop0p1_trmiss50_trlocradio,16,5e-05,1,64,1,0.1,lr5e-05_bs16_modL1_fusion64_fusionL1_drop0p1_trmiss50_trlocradio,43,0.4947735319534938,0.703658938407898,0.4831932773109243,0.664948387850082,0.4666666666666667,0.0,0.0,0.0,0.0,0.0,0.0,0.0,0.0,0.0,2002,radio,0.5
4,1,lr1e-04_bs16_modL1_fusion32_fusionL1_drop0p2_trmiss50_trlocradio,16,0.0001,1,32,1,0.2,lr1e-04_bs16_modL1_fusion32_fusionL1_drop0p2_trmiss50_trlocradio,1,0.691556453704834,0.6743164658546448,0.6281512605042017,0.7264304562685515,0.5555555555555556,0.0,0.0,0.0,0.0,0.0,0.0,0.0,0.0,0.0,2002,radio,0.5
4,1,lr1e-04_bs16_modL1_fusion32_fusionL1_drop0p2_trmiss50_trlocradio,16,0.0001,1,32,1,0.2,lr1e-04_bs16_modL1_fusion32_fusionL1_drop0p2_trmiss50_trlocradio,2,0.6651146163543066,0.6624907453854879,0.615546218487395,0.7192630374266293,0.5777777777777777,0.0,0.0,0.0,0.0,0.0,0.0,0.0,0.0,0.0,2002,radio,0.5
4,1,lr1e-04_bs16_modL1_fusion32_fusionL1_drop0p2_trmiss50_trlocradio,16,0.0001,1,32,1,0.2,lr1e-04_bs16_modL1_fusion32_fusionL1_drop0p2_trmiss50_trlocradio,3,0.6391427417596182,0.6596279541651408,0.6134453781512605,0.7260181742842218,0.5777777777777777,0.0,0.0,0.0,0.0,0.0,0.0,0.0,0.0,0.0,2002,radio,0.5
4,1,lr1e-04_bs16_modL1_fusion32_fusionL1_drop0p2_trmiss50_trlocradio,16,0.0001,1,32,1,0.2,lr1e-04_bs16_modL1_fusion32_fusionL1_drop0p2_trmiss50_trlocradio,4,0.6144040624300638,0.6517601609230042,0.6407563025210083,0.749513291102692,0.6,0.0,0.0,0.0,0.0,0.0,0.0,0.0,0.0,0.0,2002,radio,0.5
4,1,lr1e-04_bs16_modL1_fusion32_fusionL1_drop0p2_trmiss50_trlocradio,16,0.0001,1,32,1,0.2,lr1e-04_bs16_modL1_fusion32_fusionL1_drop0p2_trmiss50_trlocradio,5,0.6088336507479349,0.6523839433987936,0.6302521008403361,0.7493911644406216,0.6,0.0,0.0,0.0,0.0,0.0,0.0,0.0,0.0,0.0,2002,radio,0.5
4,1,lr1e-04_bs16_modL1_fusion32_fusionL1_drop0p2_trmiss50_trlocradio,16,0.0001,1,32,1,0.2,lr1e-04_bs16_modL1_fusion32_fusionL1_drop0p2_trmiss50_trlocradio,6,0.6161096692085266,0.653854767481486,0.6365546218487395,0.7541319996828891,0.6,0.0,0.0,0.0,0.0,0.0,0.0,0.0,0.0,0.0,2002,radio,0.5
4,1,lr1e-04_bs16_modL1_fusion32_fusionL1_drop0p2_trmiss50_trlocradio,16,0.0001,1,32,1,0.2,lr1e-04_bs16_modL1_fusion32_fusionL1_drop0p2_trmiss50_trlocradio,7,0.5899655371904373,0.6557590365409851,0.6092436974789917,0.7238214308093657,0.6444444444444445,0.0,0.0,0.0,0.0,0.0,0.0,0.0,0.0,0.0,2002,radio,0.5
4,1,lr1e-04_bs16_modL1_fusion32_fusionL1_drop0p2_trmiss50_trlocradio,16,0.0001,1,32,1,0.2,lr1e-04_bs16_modL1_fusion32_fusionL1_drop0p2_trmiss50_trlocradio,8,0.5888034949700037,0.6497426629066467,0.6260504201680672,0.7388243616220401,0.6666666666666666,0.0,0.0,0.0,0.0,0.0,0.0,0.0,0.0,0.0,2002,radio,0.5
4,1,lr1e-04_bs16_modL1_fusion32_fusionL1_drop0p2_trmiss50_trlocradio,16,0.0001,1,32,1,0.2,lr1e-04_bs16_modL1_fusion32_fusionL1_drop0p2_trmiss50_trlocradio,9,0.5567805344859759,0.6487616499265035,0.6239495798319328,0.7634646387451909,0.6666666666666666,0.0,0.0,0.0,0.0,0.0,0.0,0.0,0.0,0.0,2002,radio,0.5
4,1,lr1e-04_bs16_modL1_fusion32_fusionL1_drop0p2_trmiss50_trlocradio,16,0.0001,1,32,1,0.2,lr1e-04_bs16_modL1_fusion32_fusionL1_drop0p2_trmiss50_trlocradio,10,0.5571688786149025,0.6521290143330892,0.6029411764705883,0.7455112501948339,0.6666666666666666,0.0,0.0,0.0,0.0,0.0,0.0,0.0,0.0,0.0,2002,radio,0.5
4,1,lr1e-04_bs16_modL1_fusion32_fusionL1_drop0p2_trmiss50_trlocradio,16,0.0001,1,32,1,0.2,lr1e-04_bs16_modL1_fusion32_fusionL1_drop0p2_trmiss50_trlocradio,11,0.5561280697584152,0.658087432384491,0.5861344537815126,0.7396632205920536,0.6,0.0,0.0,0.0,0.0,0.0,0.0,0.0,0.0,0.0,2002,radio,0.5
4,1,lr1e-04_bs16_modL1_fusion32_fusionL1_drop0p2_trmiss50_trlocradio,16,0.0001,1,32,1,0.2,lr1e-04_bs16_modL1_fusion32_fusionL1_drop0p2_trmiss50_trlocradio,12,0.5457738488912582,0.6587543686230978,0.5798319327731092,0.731368541387906,0.5777777777777777,0.0,0.0,0.0,0.0,0.0,0.0,0.0,0.0,0.0,2002,radio,0.5
4,1,lr1e-04_bs16_modL1_fusion32_fusionL1_drop0p2_trmiss50_trlocradio,16,0.0001,1,32,1,0.2,lr1e-04_bs16_modL1_fusion32_fusionL1_drop0p2_trmiss50_trlocradio,13,0.5328279361128807,0.658698578675588,0.5714285714285715,0.7294942927748078,0.6222222222222222,0.0,0.0,0.0,0.0,0.0,0.0,0.0,0.0,0.0,2002,radio,0.5
4,1,lr1e-04_bs16_modL1_fusion32_fusionL1_drop0p2_trmiss50_trlocradio,16,0.0001,1,32,1,0.2,lr1e-04_bs16_modL1_fusion32_fusionL1_drop0p2_trmiss50_trlocradio,14,0.5395209789276123,0.6634521087010702,0.5357142857142857,0.6925246576212175,0.6222222222222222,0.0,0.0,0.0,0.0,0.0,0.0,0.0,0.0,0.0,2002,radio,0.5
4,1,lr1e-04_bs16_modL1_fusion32_fusionL1_drop0p2_trmiss50_trlocradio,16,0.0001,1,32,1,0.2,lr1e-04_bs16_modL1_fusion32_fusionL1_drop0p2_trmiss50_trlocradio,15,0.5107980966567993,0.6553712487220764,0.569327731092437,0.7161667503879432,0.6222222222222222,0.0,0.0,0.0,0.0,0.0,0.0,0.0,0.0,0.0,2002,radio,0.5
4,1,lr1e-04_bs16_modL1_fusion32_fusionL1_drop0p2_trmiss50_trlocradio,16,0.0001,1,32,1,0.2,lr1e-04_bs16_modL1_fusion32_fusionL1_drop0p2_trmiss50_trlocradio,16,0.5172473515073458,0.6572389403978983,0.573529411764706,0.7164281121478238,0.6222222222222222,0.0,0.0,0.0,0.0,0.0,0.0,0.0,0.0,0.0,2002,radio,0.5
4,1,lr1e-04_bs16_modL1_fusion32_fusionL1_drop0p2_trmiss50_trlocradio,16,0.0001,1,32,1,0.2,lr1e-04_bs16_modL1_fusion32_fusionL1_drop0p2_trmiss50_trlocradio,17,0.5023943906029066,0.6578556696573893,0.5798319327731092,0.7122755242546344,0.6,0.0,0.0,0.0,0.0,0.0,0.0,0.0,0.0,0.0,2002,radio,0.5
4,1,lr1e-04_bs16_modL1_fusion32_fusionL1_drop0p2_trmiss50_trlocradio,16,0.0001,1,32,1,0.2,lr1e-04_bs16_modL1_fusion32_fusionL1_drop0p2_trmiss50_trlocradio,18,0.48285118490457535,0.6587380369504293,0.5756302521008404,0.6941050669950775,0.6222222222222222,0.0,0.0,0.0,0.0,0.0,0.0,0.0,0.0,0.0,2002,radio,0.5
4,1,lr1e-04_bs16_modL1_fusion32_fusionL1_drop0p2_trmiss50_trlocradio,16,0.0001,1,32,1,0.2,lr1e-04_bs16_modL1_fusion32_fusionL1_drop0p2_trmiss50_trlocradio,19,0.4993506396810214,0.6624024311701456,0.5630252100840336,0.7026042068618604,0.6,0.0,0.0,0.0,0.0,0.0,0.0,0.0,0.0,0.0,2002,radio,0.5
4,1,lr1e-04_bs16_modL1_fusion32_fusionL1_drop0p2_trmiss50_trlocradio,16,0.0001,1,32,1,0.2,lr1e-04_bs16_modL1_fusion32_fusionL1_drop0p2_trmiss50_trlocradio,20,0.49107566227515537,0.6550664901733398,0.5966386554621849,0.73485696737125,0.6,0.0,0.0,0.0,0.0,0.0,0.0,0.0,0.0,0.0,2002,radio,0.5
4,1,lr1e-04_bs16_modL1_fusion32_fusionL1_drop0p2_trmiss50_trlocradio,16,0.0001,1,32,1,0.2,lr1e-04_bs16_modL1_fusion32_fusionL1_drop0p2_trmiss50_trlocradio,21,0.47890802721182507,0.6498288710912069,0.6113445378151261,0.7363027594712821,0.6222222222222222,0.0,0.0,0.0,0.0,0.0,0.0,0.0,0.0,0.0,2002,radio,0.5
4,1,lr1e-04_bs16_modL1_fusion32_fusionL1_drop0p2_trmiss50_trlocradio,16,0.0001,1,32,1,0.2,lr1e-04_bs16_modL1_fusion32_fusionL1_drop0p2_trmiss50_trlocradio,22,0.48670784880717594,0.6499968568483988,0.615546218487395,0.7502379010048552,0.6444444444444445,0.0,0.0,0.0,0.0,0.0,0.0,0.0,0.0,0.0,2002,radio,0.5
4,1,lr1e-04_bs16_modL1_fusion32_fusionL1_drop0p2_trmiss50_trlocradio,16,0.0001,1,32,1,0.2,lr1e-04_bs16_modL1_fusion32_fusionL1_drop0p2_trmiss50_trlocradio,23,0.4711301028728485,0.6543587247530619,0.6050420168067226,0.7450939658816772,0.6444444444444445,0.0,0.0,0.0,0.0,0.0,0.0,0.0,0.0,0.0,2002,radio,0.5
4,1,lr1e-04_bs16_modL1_fusion32_fusionL1_drop0p2_trmiss50_trlocradio,16,0.0001,1,32,1,0.2,lr1e-04_bs16_modL1_fusion32_fusionL1_drop0p2_trmiss50_trlocradio,24,0.48434154440959293,0.6551882028579712,0.5798319327731092,0.719613727162794,0.6222222222222222,0.0,0.0,0.0,0.0,0.0,0.0,0.0,0.0,0.0,2002,radio,0.5
4,1,lr1e-04_bs16_modL1_fusion32_fusionL1_drop0p2_trmiss50_trlocradio,16,0.0001,1,32,1,0.2,lr1e-04_bs16_modL1_fusion32_fusionL1_drop0p2_trmiss50_trlocradio,25,0.48626857499281567,0.6544705828030905,0.6008403361344539,0.7441062068206561,0.6,0.0,0.0,0.0,0.0,0.0,0.0,0.0,0.0,0.0,2002,radio,0.5
4,1,lr1e-04_bs16_modL1_fusion32_fusionL1_drop0p2_trmiss50_trlocradio,16,0.0001,1,32,1,0.2,lr1e-04_bs16_modL1_fusion32_fusionL1_drop0p2_trmiss50_trlocradio,26,0.4569351300597191,0.6491096218427023,0.6113445378151261,0.752820866927123,0.6222222222222222,0.0,0.0,0.0,0.0,0.0,0.0,0.0,0.0,0.0,2002,radio,0.5
4,1,lr1e-04_bs16_modL1_fusion32_fusionL1_drop0p1_trmiss50_trlocradio,16,0.0001,1,32,1,0.1,lr1e-04_bs16_modL1_fusion32_fusionL1_drop0p1_trmiss50_trlocradio,1,0.7198101530472437,0.6665355761845907,0.6848739495798319,0.760508867189286,0.6222222222222222,0.0,0.0,0.0,0.0,0.0,0.0,0.0,0.0,0.0,2002,radio,0.5
4,1,lr1e-04_bs16_modL1_fusion32_fusionL1_drop0p1_trmiss50_trlocradio,16,0.0001,1,32,1,0.1,lr1e-04_bs16_modL1_fusion32_fusionL1_drop0p1_trmiss50_trlocradio,2,0.6542018502950668,0.6629994511604309,0.6617647058823529,0.7433751800522564,0.6222222222222222,0.0,0.0,0.0,0.0,0.0,0.0,0.0,0.0,0.0,2002,radio,0.5
4,1,lr1e-04_bs16_modL1_fusion32_fusionL1_drop0p1_trmiss50_trlocradio,16,0.0001,1,32,1,0.1,lr1e-04_bs16_modL1_fusion32_fusionL1_drop0p1_trmiss50_trlocradio,3,0.6205676198005676,0.6618362863858541,0.6512605042016807,0.7397447827449875,0.6222222222222222,0.0,0.0,0.0,0.0,0.0,0.0,0.0,0.0,0.0,2002,radio,0.5
4,1,lr1e-04_bs16_modL1_fusion32_fusionL1_drop0p1_trmiss50_trlocradio,16,0.0001,1,32,1,0.1,lr1e-04_bs16_modL1_fusion32_fusionL1_drop0p1_trmiss50_trlocradio,4,0.6184685428937277,0.6603833436965942,0.6323529411764706,0.7202196770485793,0.5777777777777777,0.0,0.0,0.0,0.0,0.0,0.0,0.0,0.0,0.0,2002,radio,0.5
4,1,lr1e-04_bs16_modL1_fusion32_fusionL1_drop0p1_trmiss50_trlocradio,16,0.0001,1,32,1,0.1,lr1e-04_bs16_modL1_fusion32_fusionL1_drop0p1_trmiss50_trlocradio,5,0.6021725436051687,0.6597861250241598,0.6260504201680672,0.7176242402790356,0.5777777777777777,0.0,0.0,0.0,0.0,0.0,0.0,0.0,0.0,0.0,2002,radio,0.5
4,1,lr1e-04_bs16_modL1_fusion32_fusionL1_drop0p1_trmiss50_trlocradio,16,0.0001,1,32,1,0.1,lr1e-04_bs16_modL1_fusion32_fusionL1_drop0p1_trmiss50_trlocradio,6,0.5876941233873367,0.6643170317014059,0.6218487394957983,0.7090035996875731,0.5555555555555556,0.0,0.0,0.0,0.0,0.0,0.0,0.0,0.0,0.0,2002,radio,0.5
4,1,lr1e-04_bs16_modL1_fusion32_fusionL1_drop0p1_trmiss50_trlocradio,16,0.0001,1,32,1,0.1,lr1e-04_bs16_modL1_fusion32_fusionL1_drop0p1_trmiss50_trlocradio,7,0.5634144196907679,0.6595826148986816,0.6239495798319328,0.7200818450882975,0.5555555555555556,0.0,0.0,0.0,0.0,0.0,0.0,0.0,0.0,0.0,2002,radio,0.5
4,1,lr1e-04_bs16_modL1_fusion32_fusionL1_drop0p1_trmiss50_trlocradio,16,0.0001,1,32,1,0.1,lr1e-04_bs16_modL1_fusion32_fusionL1_drop0p1_trmiss50_trlocradio,8,0.5530154357353846,0.6565593679745992,0.634453781512605,0.7234934041359162,0.6,0.0,0.0,0.0,0.0,0.0,0.0,0.0,0.0,0.0,2002,radio,0.5
4,1,lr1e-04_bs16_modL1_fusion32_fusionL1_drop0p1_trmiss50_trlocradio,16,0.0001,1,32,1,0.1,lr1e-04_bs16_modL1_fusion32_fusionL1_drop0p1_trmiss50_trlocradio,9,0.5305921733379364,0.6639248132705688,0.6218487394957983,0.7104958497808828,0.5777777777777777,0.0,0.0,0.0,0.0,0.0,0.0,0.0,0.0,0.0,2002,radio,0.5
4,1,lr1e-04_bs16_modL1_fusion32_fusionL1_drop0p1_trmiss50_trlocradio,16,0.0001,1,32,1,0.1,lr1e-04_bs16_modL1_fusion32_fusionL1_drop0p1_trmiss50_trlocradio,10,0.5388024747371674,0.6697889367739359,0.5798319327731093,0.7067953403047377,0.5333333333333333,0.0,0.0,0.0,0.0,0.0,0.0,0.0,0.0,0.0,2002,radio,0.5
4,1,lr1e-04_bs16_modL1_fusion32_fusionL1_drop0p1_trmiss50_trlocradio,16,0.0001,1,32,1,0.1,lr1e-04_bs16_modL1_fusion32_fusionL1_drop0p1_trmiss50_trlocradio,11,0.4990626300374667,0.6731670697530111,0.5777310924369747,0.6922182092274219,0.5333333333333333,0.0,0.0,0.0,0.0,0.0,0.0,0.0,0.0,0.0,2002,radio,0.5
4,1,lr1e-04_bs16_modL1_fusion32_fusionL1_drop0p1_trmiss50_trlocradio,16,0.0001,1,32,1,0.1,lr1e-04_bs16_modL1_fusion32_fusionL1_drop0p1_trmiss50_trlocradio,12,0.5066013435522715,0.665168285369873,0.5735294117647058,0.7010094062382014,0.5777777777777777,0.0,0.0,0.0,0.0,0.0,0.0,0.0,0.0,0.0,2002,radio,0.5
4,1,lr1e-04_bs16_modL1_fusion32_fusionL1_drop0p1_trmiss50_trlocradio,16,0.0001,1,32,1,0.1,lr1e-04_bs16_modL1_fusion32_fusionL1_drop0p1_trmiss50_trlocradio,13,0.4734063868721326,0.660271684328715,0.5945378151260504,0.7238494695441693,0.5777777777777777,0.0,0.0,0.0,0.0,0.0,0.0,0.0,0.0,0.0,2002,radio,0.5
4,1,lr1e-04_bs16_modL1_fusion32_fusionL1_drop0p1_trmiss50_trlocradio,16,0.0001,1,32,1,0.1,lr1e-04_bs16_modL1_fusion32_fusionL1_drop0p1_trmiss50_trlocradio,14,0.4722270965576172,0.6576799352963766,0.6050420168067228,0.7253861706458118,0.5555555555555556,0.0,0.0,0.0,0.0,0.0,0.0,0.0,0.0,0.0,2002,radio,0.5
4,1,lr1e-04_bs16_modL1_fusion32_fusionL1_drop0p1_trmiss50_trlocradio,16,0.0001,1,32,1,0.1,lr1e-04_bs16_modL1_fusion32_fusionL1_drop0p1_trmiss50_trlocradio,15,0.509719635049502,0.6602914532025655,0.6071428571428572,0.731418729221466,0.5333333333333333,0.0,0.0,0.0,0.0,0.0,0.0,0.0,0.0,0.0,2002,radio,0.5
4,1,lr1e-04_bs16_modL1_fusion32_fusionL1_drop0p1_trmiss50_trlocradio,16,0.0001,1,32,1,0.1,lr1e-04_bs16_modL1_fusion32_fusionL1_drop0p1_trmiss50_trlocradio,16,0.43373669187227887,0.6597076853116354,0.6050420168067226,0.7309384065978364,0.5777777777777777,0.0,0.0,0.0,0.0,0.0,0.0,0.0,0.0,0.0,2002,radio,0.5
4,1,lr1e-04_bs16_modL1_fusion32_fusionL1_drop0p1_trmiss50_trlocradio,16,0.0001,1,32,1,0.1,lr1e-04_bs16_modL1_fusion32_fusionL1_drop0p1_trmiss50_trlocradio,17,0.4489067494869232,0.6591653625170389,0.6050420168067228,0.7316450178296983,0.5555555555555556,0.0,0.0,0.0,0.0,0.0,0.0,0.0,0.0,0.0,2002,radio,0.5
4,1,lr1e-04_bs16_modL1_fusion32_fusionL1_drop0p1_trmiss50_trlocradio,16,0.0001,1,32,1,0.1,lr1e-04_bs16_modL1_fusion32_fusionL1_drop0p1_trmiss50_trlocradio,18,0.4557408218582471,0.6691814859708151,0.5945378151260504,0.7259920782088368,0.5333333333333333,0.0,0.0,0.0,0.0,0.0,0.0,0.0,0.0,0.0,2002,radio,0.5
4,1,lr1e-04_bs16_modL1_fusion32_fusionL1_drop0p1_trmiss50_trlocradio,16,0.0001,1,32,1,0.1,lr1e-04_bs16_modL1_fusion32_fusionL1_drop0p1_trmiss50_trlocradio,19,0.4743138998746872,0.6635593175888062,0.5903361344537815,0.7182551922024778,0.5555555555555556,0.0,0.0,0.0,0.0,0.0,0.0,0.0,0.0,0.0,2002,radio,0.5
4,1,lr1e-04_bs16_modL1_fusion32_fusionL1_drop0p1_trmiss50_trlocradio,16,0.0001,1,32,1,0.1,lr1e-04_bs16_modL1_fusion32_fusionL1_drop0p1_trmiss50_trlocradio,20,0.42782585322856903,0.6710545818010966,0.592436974789916,0.7220252562928755,0.5333333333333333,0.0,0.0,0.0,0.0,0.0,0.0,0.0,0.0,0.0,2002,radio,0.5
4,1,lr1e-04_bs16_modL1_fusion32_fusionL1_drop0p1_trmiss50_trlocradio,16,0.0001,1,32,1,0.1,lr1e-04_bs16_modL1_fusion32_fusionL1_drop0p1_trmiss50_trlocradio,21,0.42306244373321533,0.6693398952484131,0.5735294117647058,0.6925749501499305,0.5333333333333333,0.0,0.0,0.0,0.0,0.0,0.0,0.0,0.0,0.0,2002,radio,0.5
4,1,lr1e-04_bs16_modL1_fusion32_fusionL1_drop0p1_trmiss50_trlocradio,16,0.0001,1,32,1,0.1,lr1e-04_bs16_modL1_fusion32_fusionL1_drop0p1_trmiss50_trlocradio,22,0.433923343817393,0.6759697198867798,0.5777310924369748,0.7149503192941995,0.5333333333333333,0.0,0.0,0.0,0.0,0.0,0.0,0.0,0.0,0.0,2002,radio,0.5
4,1,lr1e-04_bs16_modL1_fusion32_fusionL1_drop0p1_trmiss50_trlocradio,16,0.0001,1,32,1,0.1,lr1e-04_bs16_modL1_fusion32_fusionL1_drop0p1_trmiss50_trlocradio,23,0.4171387155850728,0.683892548084259,0.5588235294117647,0.6824538524283956,0.5333333333333333,0.0,0.0,0.0,0.0,0.0,0.0,0.0,0.0,0.0,2002,radio,0.5
4,1,lr1e-04_bs16_modL1_fusion32_fusionL1_drop0p1_trmiss50_trlocradio,16,0.0001,1,32,1,0.1,lr1e-04_bs16_modL1_fusion32_fusionL1_drop0p1_trmiss50_trlocradio,24,0.41855501631895703,0.6758601069450378,0.5651260504201681,0.6868180649633931,0.5333333333333333,0.0,0.0,0.0,0.0,0.0,0.0,0.0,0.0,0.0,2002,radio,0.5
4,1,lr1e-04_bs16_modL1_fusion32_fusionL1_drop0p1_trmiss50_trlocradio,16,0.0001,1,32,1,0.1,lr1e-04_bs16_modL1_fusion32_fusionL1_drop0p1_trmiss50_trlocradio,25,0.42487568656603497,0.662503739198049,0.5903361344537815,0.7205582259358254,0.5555555555555556,0.0,0.0,0.0,0.0,0.0,0.0,0.0,0.0,0.0,2002,radio,0.5
4,1,lr1e-04_bs16_modL1_fusion32_fusionL1_drop0p1_trmiss50_trlocradio,16,0.0001,1,32,1,0.1,lr1e-04_bs16_modL1_fusion32_fusionL1_drop0p1_trmiss50_trlocradio,26,0.4282269974549611,0.6685604254404703,0.5798319327731092,0.7141059030147779,0.5333333333333333,0.0,0.0,0.0,0.0,0.0,0.0,0.0,0.0,0.0,2002,radio,0.5
4,1,lr1e-04_bs16_modL1_fusion32_fusionL1_drop0p1_trmiss50_trlocradio,16,0.0001,1,32,1,0.1,lr1e-04_bs16_modL1_fusion32_fusionL1_drop0p1_trmiss50_trlocradio,27,0.4250169297059377,0.6732503573099772,0.5819327731092436,0.7167628972021607,0.5555555555555556,0.0,0.0,0.0,0.0,0.0,0.0,0.0,0.0,0.0,2002,radio,0.5
4,1,lr1e-04_bs16_modL1_fusion32_fusionL1_drop0p1_trmiss50_trlocradio,16,0.0001,1,32,1,0.1,lr1e-04_bs16_modL1_fusion32_fusionL1_drop0p1_trmiss50_trlocradio,28,0.4018573984503746,0.6644128958384196,0.5882352941176471,0.7206523949151087,0.5555555555555556,0.0,0.0,0.0,0.0,0.0,0.0,0.0,0.0,0.0,2002,radio,0.5
4,1,lr1e-04_bs16_modL1_fusion64_fusionL1_drop0p2_trmiss50_trlocradio,16,0.0001,1,64,1,0.2,lr1e-04_bs16_modL1_fusion64_fusionL1_drop0p2_trmiss50_trlocradio,1,0.7251906444629034,0.7151810526847839,0.4789915966386554,0.5999394698380147,0.37777777777777777,0.0,0.0,0.0,0.0,0.0,0.0,0.0,0.0,0.0,2002,radio,0.5
4,1,lr1e-04_bs16_modL1_fusion64_fusionL1_drop0p2_trmiss50_trlocradio,16,0.0001,1,64,1,0.2,lr1e-04_bs16_modL1_fusion64_fusionL1_drop0p2_trmiss50_trlocradio,2,0.69322170317173,0.714424192905426,0.4789915966386555,0.6001300535340645,0.4666666666666667,0.0,0.0,0.0,0.0,0.0,0.0,0.0,0.0,0.0,2002,radio,0.5
4,1,lr1e-04_bs16_modL1_fusion64_fusionL1_drop0p2_trmiss50_trlocradio,16,0.0001,1,64,1,0.2,lr1e-04_bs16_modL1_fusion64_fusionL1_drop0p2_trmiss50_trlocradio,3,0.6987128456433614,0.7197383443514506,0.4726890756302521,0.6098360547276139,0.4888888888888889,0.0,0.0,0.0,0.0,0.0,0.0,0.0,0.0,0.0,2002,radio,0.5
4,1,lr1e-04_bs16_modL1_fusion64_fusionL1_drop0p2_trmiss50_trlocradio,16,0.0001,1,64,1,0.2,lr1e-04_bs16_modL1_fusion64_fusionL1_drop0p2_trmiss50_trlocradio,4,0.6648120631774267,0.7177969018618265,0.453781512605042,0.6006993964565063,0.5111111111111111,0.0,0.0,0.0,0.0,0.0,0.0,0.0,0.0,0.0,2002,radio,0.5
4,1,lr1e-04_bs16_modL1_fusion64_fusionL1_drop0p2_trmiss50_trlocradio,16,0.0001,1,64,1,0.2,lr1e-04_bs16_modL1_fusion64_fusionL1_drop0p2_trmiss50_trlocradio,5,0.6537190576394399,0.7079408566157023,0.47478991596638653,0.6128163112154263,0.5333333333333333,0.0,0.0,0.0,0.0,0.0,0.0,0.0,0.0,0.0,2002,radio,0.5
4,1,lr1e-04_bs16_modL1_fusion64_fusionL1_drop0p2_trmiss50_trlocradio,16,0.0001,1,64,1,0.2,lr1e-04_bs16_modL1_fusion64_fusionL1_drop0p2_trmiss50_trlocradio,6,0.6513578991095225,0.7193225423494974,0.45378151260504207,0.5965875194527408,0.5111111111111111,0.0,0.0,0.0,0.0,0.0,0.0,0.0,0.0,0.0,2002,radio,0.5
4,1,lr1e-04_bs16_modL1_fusion64_fusionL1_drop0p2_trmiss50_trlocradio,16,0.0001,1,64,1,0.2,lr1e-04_bs16_modL1_fusion64_fusionL1_drop0p2_trmiss50_trlocradio,7,0.6298190901676813,0.7260988156000773,0.46218487394957986,0.5791404969518491,0.5555555555555556,0.0,0.0,0.0,0.0,0.0,0.0,0.0,0.0,0.0,2002,radio,0.5
4,1,lr1e-04_bs16_modL1_fusion64_fusionL1_drop0p2_trmiss50_trlocradio,16,0.0001,1,64,1,0.2,lr1e-04_bs16_modL1_fusion64_fusionL1_drop0p2_trmiss50_trlocradio,8,0.5867256596684456,0.7141456206639608,0.476890756302521,0.5861036976153382,0.5333333333333333,0.0,0.0,0.0,0.0,0.0,0.0,0.0,0.0,0.0,2002,radio,0.5
4,1,lr1e-04_bs16_modL1_fusion64_fusionL1_drop0p2_trmiss50_trlocradio,16,0.0001,1,64,1,0.2,lr1e-04_bs16_modL1_fusion64_fusionL1_drop0p2_trmiss50_trlocradio,9,0.5859615355730057,0.710837185382843,0.5063025210084033,0.6053302191996384,0.5777777777777777,0.0,0.0,0.0,0.0,0.0,0.0,0.0,0.0,0.0,2002,radio,0.5
4,1,lr1e-04_bs16_modL1_fusion64_fusionL1_drop0p2_trmiss50_trlocradio,16,0.0001,1,64,1,0.2,lr1e-04_bs16_modL1_fusion64_fusionL1_drop0p2_trmiss50_trlocradio,10,0.5711936354637146,0.7096028327941895,0.4894957983193277,0.5989460080339715,0.5111111111111111,0.0,0.0,0.0,0.0,0.0,0.0,0.0,0.0,0.0,2002,radio,0.5
4,1,lr1e-04_bs16_modL1_fusion64_fusionL1_drop0p2_trmiss50_trlocradio,16,0.0001,1,64,1,0.2,lr1e-04_bs16_modL1_fusion64_fusionL1_drop0p2_trmiss50_trlocradio,11,0.5449327925841013,0.713008721669515,0.4705882352941177,0.586625726259693,0.5555555555555556,0.0,0.0,0.0,0.0,0.0,0.0,0.0,0.0,0.0,2002,radio,0.5
4,1,lr1e-04_bs16_modL1_fusion64_fusionL1_drop0p2_trmiss50_trlocradio,16,0.0001,1,64,1,0.2,lr1e-04_bs16_modL1_fusion64_fusionL1_drop0p2_trmiss50_trlocradio,12,0.5407461176315943,0.7158236106236776,0.4789915966386554,0.5843988465620725,0.5555555555555556,0.0,0.0,0.0,0.0,0.0,0.0,0.0,0.0,0.0,2002,radio,0.5
4,1,lr1e-04_bs16_modL1_fusion64_fusionL1_drop0p2_trmiss50_trlocradio,16,0.0001,1,64,1,0.2,lr1e-04_bs16_modL1_fusion64_fusionL1_drop0p2_trmiss50_trlocradio,13,0.554365706940492,0.7090317209561666,0.4852941176470589,0.5862440838182503,0.6,0.0,0.0,0.0,0.0,0.0,0.0,0.0,0.0,0.0,2002,radio,0.5
4,1,lr1e-04_bs16_modL1_fusion64_fusionL1_drop0p2_trmiss50_trlocradio,16,0.0001,1,64,1,0.2,lr1e-04_bs16_modL1_fusion64_fusionL1_drop0p2_trmiss50_trlocradio,14,0.5291278958320618,0.7150540947914124,0.4789915966386555,0.5837161826623015,0.5777777777777777,0.0,0.0,0.0,0.0,0.0,0.0,0.0,0.0,0.0,2002,radio,0.5
4,1,lr1e-04_bs16_modL1_fusion64_fusionL1_drop0p2_trmiss50_trlocradio,16,0.0001,1,64,1,0.2,lr1e-04_bs16_modL1_fusion64_fusionL1_drop0p2_trmiss50_trlocradio,15,0.5378796433409055,0.7211288015047709,0.4726890756302521,0.5804498683662626,0.5777777777777777,0.0,0.0,0.0,0.0,0.0,0.0,0.0,0.0,0.0,2002,radio,0.5
4,1,lr1e-04_bs16_modL1_fusion64_fusionL1_drop0p2_trmiss50_trlocradio,16,0.0001,1,64,1,0.2,lr1e-04_bs16_modL1_fusion64_fusionL1_drop0p2_trmiss50_trlocradio,16,0.5244771093130112,0.7171787023544312,0.47058823529411764,0.5783920228301561,0.5777777777777777,0.0,0.0,0.0,0.0,0.0,0.0,0.0,0.0,0.0,2002,radio,0.5
4,1,lr1e-04_bs16_modL1_fusion64_fusionL1_drop0p2_trmiss50_trlocradio,16,0.0001,1,64,1,0.2,lr1e-04_bs16_modL1_fusion64_fusionL1_drop0p2_trmiss50_trlocradio,17,0.5167747437953949,0.719533383846283,0.4957983193277311,0.5886441978599996,0.5555555555555556,0.0,0.0,0.0,0.0,0.0,0.0,0.0,0.0,0.0,2002,radio,0.5
4,1,lr1e-04_bs16_modL1_fusion64_fusionL1_drop0p2_trmiss50_trlocradio,16,0.0001,1,64,1,0.2,lr1e-04_bs16_modL1_fusion64_fusionL1_drop0p2_trmiss50_trlocradio,18,0.5292728344599406,0.721744974454244,0.48739495798319327,0.5876984944067101,0.5555555555555556,0.0,0.0,0.0,0.0,0.0,0.0,0.0,0.0,0.0,2002,radio,0.5
4,1,lr1e-04_bs16_modL1_fusion64_fusionL1_drop0p2_trmiss50_trlocradio,16,0.0001,1,64,1,0.2,lr1e-04_bs16_modL1_fusion64_fusionL1_drop0p2_trmiss50_trlocradio,19,0.4894205133120219,0.7229745388031006,0.4915966386554622,0.592859164167971,0.5777777777777777,0.0,0.0,0.0,0.0,0.0,0.0,0.0,0.0,0.0,2002,radio,0.5
4,1,lr1e-04_bs16_modL1_fusion64_fusionL1_drop0p2_trmiss50_trlocradio,16,0.0001,1,64,1,0.2,lr1e-04_bs16_modL1_fusion64_fusionL1_drop0p2_trmiss50_trlocradio,20,0.4928405011693637,0.7140134771664938,0.5,0.5986117773683491,0.5777777777777777,0.0,0.0,0.0,0.0,0.0,0.0,0.0,0.0,0.0,2002,radio,0.5
4,1,lr1e-04_bs16_modL1_fusion64_fusionL1_drop0p2_trmiss50_trlocradio,16,0.0001,1,64,1,0.2,lr1e-04_bs16_modL1_fusion64_fusionL1_drop0p2_trmiss50_trlocradio,21,0.4892021069924037,0.7180463870366415,0.48529411764705876,0.5969763990235253,0.5777777777777777,0.0,0.0,0.0,0.0,0.0,0.0,0.0,0.0,0.0,2002,radio,0.5
4,1,lr1e-04_bs16_modL1_fusion64_fusionL1_drop0p2_trmiss50_trlocradio,16,0.0001,1,64,1,0.2,lr1e-04_bs16_modL1_fusion64_fusionL1_drop0p2_trmiss50_trlocradio,22,0.4819161295890808,0.7122549811999003,0.476890756302521,0.5956697676200026,0.5555555555555556,0.0,0.0,0.0,0.0,0.0,0.0,0.0,0.0,0.0,2002,radio,0.5
4,1,lr1e-04_bs16_modL1_fusion64_fusionL1_drop0p2_trmiss50_trlocradio,16,0.0001,1,64,1,0.2,lr1e-04_bs16_modL1_fusion64_fusionL1_drop0p2_trmiss50_trlocradio,23,0.4779226928949356,0.7133861382802328,0.49789915966386555,0.6011815553943173,0.5777777777777777,0.0,0.0,0.0,0.0,0.0,0.0,0.0,0.0,0.0,2002,radio,0.5
4,1,lr1e-04_bs16_modL1_fusion64_fusionL1_drop0p2_trmiss50_trlocradio,16,0.0001,1,64,1,0.2,lr1e-04_bs16_modL1_fusion64_fusionL1_drop0p2_trmiss50_trlocradio,24,0.49199103315671283,0.7149327397346497,0.4747899159663865,0.5829836077827215,0.6,0.0,0.0,0.0,0.0,0.0,0.0,0.0,0.0,0.0,2002,radio,0.5
4,1,lr1e-04_bs16_modL1_fusion64_fusionL1_drop0p2_trmiss50_trlocradio,16,0.0001,1,64,1,0.2,lr1e-04_bs16_modL1_fusion64_fusionL1_drop0p2_trmiss50_trlocradio,25,0.45382649699846905,0.7128645181655884,0.4894957983193277,0.5961769083524722,0.5555555555555556,0.0,0.0,0.0,0.0,0.0,0.0,0.0,0.0,0.0,2002,radio,0.5
4,1,lr1e-04_bs16_modL1_fusion64_fusionL1_drop0p2_trmiss50_trlocradio,16,0.0001,1,64,1,0.2,lr1e-04_bs16_modL1_fusion64_fusionL1_drop0p2_trmiss50_trlocradio,26,0.46051602562268573,0.7183383703231812,0.4831932773109243,0.5953867905131468,0.5777777777777777,0.0,0.0,0.0,0.0,0.0,0.0,0.0,0.0,0.0,2002,radio,0.5
4,1,lr1e-04_bs16_modL1_fusion64_fusionL1_drop0p2_trmiss50_trlocradio,16,0.0001,1,64,1,0.2,lr1e-04_bs16_modL1_fusion64_fusionL1_drop0p2_trmiss50_trlocradio,27,0.48141537606716156,0.7195237278938293,0.47058823529411764,0.5800669252818866,0.5777777777777777,0.0,0.0,0.0,0.0,0.0,0.0,0.0,0.0,0.0,2002,radio,0.5
4,1,lr1e-04_bs16_modL1_fusion64_fusionL1_drop0p2_trmiss50_trlocradio,16,0.0001,1,64,1,0.2,lr1e-04_bs16_modL1_fusion64_fusionL1_drop0p2_trmiss50_trlocradio,28,0.4640135516722997,0.7167330582936605,0.4726890756302521,0.5859472717243159,0.5777777777777777,0.0,0.0,0.0,0.0,0.0,0.0,0.0,0.0,0.0,2002,radio,0.5
4,1,lr1e-04_bs16_modL1_fusion64_fusionL1_drop0p2_trmiss50_trlocradio,16,0.0001,1,64,1,0.2,lr1e-04_bs16_modL1_fusion64_fusionL1_drop0p2_trmiss50_trlocradio,29,0.4710630824168523,0.71633913119634,0.48319327731092443,0.5955061048653233,0.5555555555555556,0.0,0.0,0.0,0.0,0.0,0.0,0.0,0.0,0.0,2002,radio,0.5
4,1,lr1e-04_bs16_modL1_fusion64_fusionL1_drop0p1_trmiss50_trlocradio,16,0.0001,1,64,1,0.1,lr1e-04_bs16_modL1_fusion64_fusionL1_drop0p1_trmiss50_trlocradio,1,0.7029763609170914,0.6943222482999166,0.4096638655462185,0.5467249059307548,0.6,0.0,0.0,0.0,0.0,0.0,0.0,0.0,0.0,0.0,2002,radio,0.5
4,1,lr1e-04_bs16_modL1_fusion64_fusionL1_drop0p1_trmiss50_trlocradio,16,0.0001,1,64,1,0.1,lr1e-04_bs16_modL1_fusion64_fusionL1_drop0p1_trmiss50_trlocradio,2,0.6587731192509333,0.7001383304595947,0.47268907563025203,0.5815259472802524,0.5777777777777777,0.0,0.0,0.0,0.0,0.0,0.0,0.0,0.0,0.0,2002,radio,0.5
4,1,lr1e-04_bs16_modL1_fusion64_fusionL1_drop0p1_trmiss50_trlocradio,16,0.0001,1,64,1,0.1,lr1e-04_bs16_modL1_fusion64_fusionL1_drop0p1_trmiss50_trlocradio,3,0.6258676002422968,0.7062879006067911,0.48949579831932777,0.5901042295685324,0.5777777777777777,0.0,0.0,0.0,0.0,0.0,0.0,0.0,0.0,0.0,2002,radio,0.5
4,1,lr1e-04_bs16_modL1_fusion64_fusionL1_drop0p1_trmiss50_trlocradio,16,0.0001,1,64,1,0.1,lr1e-04_bs16_modL1_fusion64_fusionL1_drop0p1_trmiss50_trlocradio,4,0.5955282797416052,0.7075838247934977,0.5,0.5916269188036425,0.6,0.0,0.0,0.0,0.0,0.0,0.0,0.0,0.0,0.0,2002,radio,0.5
4,1,lr1e-04_bs16_modL1_fusion64_fusionL1_drop0p1_trmiss50_trlocradio,16,0.0001,1,64,1,0.1,lr1e-04_bs16_modL1_fusion64_fusionL1_drop0p1_trmiss50_trlocradio,5,0.5711910128593445,0.708773156007131,0.4957983193277311,0.5876710099761003,0.5555555555555556,0.0,0.0,0.0,0.0,0.0,0.0,0.0,0.0,0.0,2002,radio,0.5
4,1,lr1e-04_bs16_modL1_fusion64_fusionL1_drop0p1_trmiss50_trlocradio,16,0.0001,1,64,1,0.1,lr1e-04_bs16_modL1_fusion64_fusionL1_drop0p1_trmiss50_trlocradio,6,0.5832846860090891,0.7022232810656229,0.5294117647058824,0.6125027953468852,0.6,0.0,0.0,0.0,0.0,0.0,0.0,0.0,0.0,0.0,2002,radio,0.5
4,1,lr1e-04_bs16_modL1_fusion64_fusionL1_drop0p1_trmiss50_trlocradio,16,0.0001,1,64,1,0.1,lr1e-04_bs16_modL1_fusion64_fusionL1_drop0p1_trmiss50_trlocradio,7,0.5508479550480843,0.6922272642453512,0.5441176470588235,0.6224355130362339,0.6,0.0,0.0,0.0,0.0,0.0,0.0,0.0,0.0,0.0,2002,radio,0.5
4,1,lr1e-04_bs16_modL1_fusion64_fusionL1_drop0p1_trmiss50_trlocradio,16,0.0001,1,64,1,0.1,lr1e-04_bs16_modL1_fusion64_fusionL1_drop0p1_trmiss50_trlocradio,8,0.541224571565787,0.7015668153762817,0.5252100840336134,0.6095110171650862,0.5777777777777777,0.0,0.0,0.0,0.0,0.0,0.0,0.0,0.0,0.0,2002,radio,0.5
4,1,lr1e-04_bs16_modL1_fusion64_fusionL1_drop0p1_trmiss50_trlocradio,16,0.0001,1,64,1,0.1,lr1e-04_bs16_modL1_fusion64_fusionL1_drop0p1_trmiss50_trlocradio,9,0.5320773820082346,0.7132865190505981,0.4831932773109243,0.5871743771527534,0.5777777777777777,0.0,0.0,0.0,0.0,0.0,0.0,0.0,0.0,0.0,2002,radio,0.5
4,1,lr1e-04_bs16_modL1_fusion64_fusionL1_drop0p1_trmiss50_trlocradio,16,0.0001,1,64,1,0.1,lr1e-04_bs16_modL1_fusion64_fusionL1_drop0p1_trmiss50_trlocradio,10,0.5069746499260267,0.7112529873847961,0.4978991596638655,0.5953061862911617,0.6,0.0,0.0,0.0,0.0,0.0,0.0,0.0,0.0,0.0,2002,radio,0.5
4,1,lr1e-04_bs16_modL1_fusion64_fusionL1_drop0p1_trmiss50_trlocradio,16,0.0001,1,64,1,0.1,lr1e-04_bs16_modL1_fusion64_fusionL1_drop0p1_trmiss50_trlocradio,11,0.5055581703782082,0.704309860865275,0.5,0.5976126822541075,0.6,0.0,0.0,0.0,0.0,0.0,0.0,0.0,0.0,0.0,2002,radio,0.5
4,1,lr1e-04_bs16_modL1_fusion64_fusionL1_drop0p1_trmiss50_trlocradio,16,0.0001,1,64,1,0.1,lr1e-04_bs16_modL1_fusion64_fusionL1_drop0p1_trmiss50_trlocradio,12,0.4804607753952344,0.6980200807253519,0.5,0.6042955257096245,0.6222222222222222,0.0,0.0,0.0,0.0,0.0,0.0,0.0,0.0,0.0,2002,radio,0.5
4,1,lr1e-04_bs16_modL1_fusion64_fusionL1_drop0p1_trmiss50_trlocradio,16,0.0001,1,64,1,0.1,lr1e-04_bs16_modL1_fusion64_fusionL1_drop0p1_trmiss50_trlocradio,13,0.4844672530889511,0.7017320990562439,0.5168067226890757,0.6148544134381225,0.6222222222222222,0.0,0.0,0.0,0.0,0.0,0.0,0.0,0.0,0.0,2002,radio,0.5
4,1,lr1e-04_bs16_modL1_fusion64_fusionL1_drop0p1_trmiss50_trlocradio,16,0.0001,1,64,1,0.1,lr1e-04_bs16_modL1_fusion64_fusionL1_drop0p1_trmiss50_trlocradio,14,0.4711983998616536,0.7029910882314047,0.5189075630252101,0.6163608654294779,0.6222222222222222,0.0,0.0,0.0,0.0,0.0,0.0,0.0,0.0,0.0,2002,radio,0.5
4,1,lr1e-04_bs16_modL1_fusion64_fusionL1_drop0p1_trmiss50_trlocradio,16,0.0001,1,64,1,0.1,lr1e-04_bs16_modL1_fusion64_fusionL1_drop0p1_trmiss50_trlocradio,15,0.4599815259377162,0.7136185765266418,0.49369747899159666,0.5979531233527409,0.6222222222222222,0.0,0.0,0.0,0.0,0.0,0.0,0.0,0.0,0.0,2002,radio,0.5
4,1,lr1e-04_bs16_modL1_fusion64_fusionL1_drop0p1_trmiss50_trlocradio,16,0.0001,1,64,1,0.1,lr1e-04_bs16_modL1_fusion64_fusionL1_drop0p1_trmiss50_trlocradio,16,0.45882323880990344,0.7124877572059631,0.5021008403361344,0.6053748127687382,0.6222222222222222,0.0,0.0,0.0,0.0,0.0,0.0,0.0,0.0,0.0,2002,radio,0.5
4,1,lr1e-04_bs16_modL1_fusion64_fusionL1_drop0p1_trmiss50_trlocradio,16,0.0001,1,64,1,0.1,lr1e-04_bs16_modL1_fusion64_fusionL1_drop0p1_trmiss50_trlocradio,17,0.4539734721183777,0.7122842868169149,0.5210084033613445,0.616911405239805,0.6222222222222222,0.0,0.0,0.0,0.0,0.0,0.0,0.0,0.0,0.0,2002,radio,0.5
4,1,lr1e-04_bs16_modL1_fusion64_fusionL1_drop0p1_trmiss50_trlocradio,16,0.0001,1,64,1,0.1,lr1e-04_bs16_modL1_fusion64_fusionL1_drop0p1_trmiss50_trlocradio,18,0.44627763082583743,0.7094722191492716,0.5105042016806722,0.6143683895593498,0.6222222222222222,0.0,0.0,0.0,0.0,0.0,0.0,0.0,0.0,0.0,2002,radio,0.5
4,1,lr1e-04_bs16_modL1_fusion64_fusionL1_drop0p1_trmiss50_trlocradio,16,0.0001,1,64,1,0.1,lr1e-04_bs16_modL1_fusion64_fusionL1_drop0p1_trmiss50_trlocradio,19,0.44428750872612,0.7065045634905497,0.5063025210084033,0.6101869810078309,0.6222222222222222,0.0,0.0,0.0,0.0,0.0,0.0,0.0,0.0,0.0,2002,radio,0.5
4,1,lr1e-04_bs16_modL1_fusion64_fusionL1_drop0p1_trmiss50_trlocradio,16,0.0001,1,64,1,0.1,lr1e-04_bs16_modL1_fusion64_fusionL1_drop0p1_trmiss50_trlocradio,20,0.46918467183907825,0.7053439418474833,0.5021008403361344,0.6086563407076727,0.6,0.0,0.0,0.0,0.0,0.0,0.0,0.0,0.0,0.0,2002,radio,0.5
4,1,lr1e-04_bs16_modL1_fusion64_fusionL1_drop0p1_trmiss50_trlocradio,16,0.0001,1,64,1,0.1,lr1e-04_bs16_modL1_fusion64_fusionL1_drop0p1_trmiss50_trlocradio,21,0.4334903260072072,0.7085930903752645,0.5,0.6076473473667464,0.6222222222222222,0.0,0.0,0.0,0.0,0.0,0.0,0.0,0.0,0.0,2002,radio,0.5
4,1,lr1e-04_bs16_modL1_fusion64_fusionL1_drop0p1_trmiss50_trlocradio,16,0.0001,1,64,1,0.1,lr1e-04_bs16_modL1_fusion64_fusionL1_drop0p1_trmiss50_trlocradio,22,0.4178740456700325,0.708321750164032,0.48739495798319327,0.5962235726482878,0.6444444444444445,0.0,0.0,0.0,0.0,0.0,0.0,0.0,0.0,0.0,2002,radio,0.5
4,1,lr1e-04_bs16_modL1_fusion64_fusionL1_drop0p1_trmiss50_trlocradio,16,0.0001,1,64,1,0.1,lr1e-04_bs16_modL1_fusion64_fusionL1_drop0p1_trmiss50_trlocradio,23,0.41566748917102814,0.7041509548823038,0.5063025210084033,0.6084200124093255,0.6444444444444445,0.0,0.0,0.0,0.0,0.0,0.0,0.0,0.0,0.0,2002,radio,0.5
4,1,lr1e-04_bs16_modL1_fusion64_fusionL1_drop0p1_trmiss50_trlocradio,16,0.0001,1,64,1,0.1,lr1e-04_bs16_modL1_fusion64_fusionL1_drop0p1_trmiss50_trlocradio,24,0.43209508806467056,0.7129040757815043,0.4873949579831933,0.6001485135694273,0.5555555555555556,0.0,0.0,0.0,0.0,0.0,0.0,0.0,0.0,0.0,2002,radio,0.5
4,1,lr1e-04_bs16_modL1_fusion64_fusionL1_drop0p1_trmiss50_trlocradio,16,0.0001,1,64,1,0.1,lr1e-04_bs16_modL1_fusion64_fusionL1_drop0p1_trmiss50_trlocradio,25,0.43087724099556607,0.7240918080012003,0.4894957983193277,0.5953554487220145,0.6,0.0,0.0,0.0,0.0,0.0,0.0,0.0,0.0,0.0,2002,radio,0.5
4,1,lr1e-04_bs16_modL1_fusion64_fusionL1_drop0p1_trmiss50_trlocradio,16,0.0001,1,64,1,0.1,lr1e-04_bs16_modL1_fusion64_fusionL1_drop0p1_trmiss50_trlocradio,26,0.3948316400249799,0.7235418160756429,0.4789915966386554,0.5946213658757508,0.5555555555555556,0.0,0.0,0.0,0.0,0.0,0.0,0.0,0.0,0.0,2002,radio,0.5
4,1,lr1e-04_bs16_modL1_fusion64_fusionL1_drop0p1_trmiss50_trlocradio,16,0.0001,1,64,1,0.1,lr1e-04_bs16_modL1_fusion64_fusionL1_drop0p1_trmiss50_trlocradio,27,0.4180173749725024,0.7284482916196188,0.46638655462184875,0.5869185721145682,0.5555555555555556,0.0,0.0,0.0,0.0,0.0,0.0,0.0,0.0,0.0,2002,radio,0.5
4,1,lr5e-05_bs32_modL1_fusion32_fusionL1_drop0p2_trmiss50_trlocradio,32,5e-05,1,32,1,0.2,lr5e-05_bs32_modL1_fusion32_fusionL1_drop0p2_trmiss50_trlocradio,1,0.7079695264498392,0.6942131221294403,0.5084033613445379,0.6720853144028195,0.4666666666666667,0.0,0.0,0.0,0.0,0.0,0.0,0.0,0.0,0.0,2002,radio,0.5
4,1,lr5e-05_bs32_modL1_fusion32_fusionL1_drop0p2_trmiss50_trlocradio,32,5e-05,1,32,1,0.2,lr5e-05_bs32_modL1_fusion32_fusionL1_drop0p2_trmiss50_trlocradio,2,0.693672388792038,0.6972126364707947,0.4894957983193277,0.6506892076341576,0.4888888888888889,0.0,0.0,0.0,0.0,0.0,0.0,0.0,0.0,0.0,2002,radio,0.5
4,1,lr5e-05_bs32_modL1_fusion32_fusionL1_drop0p2_trmiss50_trlocradio,32,5e-05,1,32,1,0.2,lr5e-05_bs32_modL1_fusion32_fusionL1_drop0p2_trmiss50_trlocradio,3,0.6503985226154327,0.6976743340492249,0.49789915966386555,0.6543906711458368,0.5333333333333333,0.0,0.0,0.0,0.0,0.0,0.0,0.0,0.0,0.0,2002,radio,0.5
4,1,lr5e-05_bs32_modL1_fusion32_fusionL1_drop0p2_trmiss50_trlocradio,32,5e-05,1,32,1,0.2,lr5e-05_bs32_modL1_fusion32_fusionL1_drop0p2_trmiss50_trlocradio,4,0.6348582406838735,0.6990484595298767,0.49369747899159666,0.654838725450886,0.5555555555555556,0.0,0.0,0.0,0.0,0.0,0.0,0.0,0.0,0.0,2002,radio,0.5
4,1,lr5e-05_bs32_modL1_fusion32_fusionL1_drop0p2_trmiss50_trlocradio,32,5e-05,1,32,1,0.2,lr5e-05_bs32_modL1_fusion32_fusionL1_drop0p2_trmiss50_trlocradio,5,0.6281626025835673,0.7033667266368866,0.48739495798319327,0.6482050225929302,0.5555555555555556,0.0,0.0,0.0,0.0,0.0,0.0,0.0,0.0,0.0,2002,radio,0.5
4,1,lr5e-05_bs32_modL1_fusion32_fusionL1_drop0p2_trmiss50_trlocradio,32,5e-05,1,32,1,0.2,lr5e-05_bs32_modL1_fusion32_fusionL1_drop0p2_trmiss50_trlocradio,6,0.6144938766956329,0.7116222977638245,0.47058823529411764,0.6369310102116976,0.5555555555555556,0.0,0.0,0.0,0.0,0.0,0.0,0.0,0.0,0.0,2002,radio,0.5
4,1,lr5e-05_bs32_modL1_fusion32_fusionL1_drop0p2_trmiss50_trlocradio,32,5e-05,1,32,1,0.2,lr5e-05_bs32_modL1_fusion32_fusionL1_drop0p2_trmiss50_trlocradio,7,0.6115557750066122,0.7122378945350647,0.47478991596638653,0.6398075371317895,0.5555555555555556,0.0,0.0,0.0,0.0,0.0,0.0,0.0,0.0,0.0,2002,radio,0.5
4,1,lr5e-05_bs32_modL1_fusion32_fusionL1_drop0p2_trmiss50_trlocradio,32,5e-05,1,32,1,0.2,lr5e-05_bs32_modL1_fusion32_fusionL1_drop0p2_trmiss50_trlocradio,8,0.6220404406388601,0.7126935422420502,0.476890756302521,0.6384783295442891,0.5555555555555556,0.0,0.0,0.0,0.0,0.0,0.0,0.0,0.0,0.0,2002,radio,0.5
4,1,lr5e-05_bs32_modL1_fusion32_fusionL1_drop0p2_trmiss50_trlocradio,32,5e-05,1,32,1,0.2,lr5e-05_bs32_modL1_fusion32_fusionL1_drop0p2_trmiss50_trlocradio,9,0.6084265013535818,0.7134878039360046,0.48949579831932777,0.6456042826890115,0.5555555555555556,0.0,0.0,0.0,0.0,0.0,0.0,0.0,0.0,0.0,2002,radio,0.5
4,1,lr5e-05_bs32_modL1_fusion32_fusionL1_drop0p2_trmiss50_trlocradio,32,5e-05,1,32,1,0.2,lr5e-05_bs32_modL1_fusion32_fusionL1_drop0p2_trmiss50_trlocradio,10,0.5934493144353231,0.7125773429870605,0.48529411764705876,0.6441908259184119,0.5555555555555556,0.0,0.0,0.0,0.0,0.0,0.0,0.0,0.0,0.0,2002,radio,0.5
4,1,lr5e-05_bs32_modL1_fusion32_fusionL1_drop0p2_trmiss50_trlocradio,32,5e-05,1,32,1,0.2,lr5e-05_bs32_modL1_fusion32_fusionL1_drop0p2_trmiss50_trlocradio,11,0.6008407970269521,0.713405191898346,0.48109243697479,0.6408262372891687,0.5555555555555556,0.0,0.0,0.0,0.0,0.0,0.0,0.0,0.0,0.0,2002,radio,0.5
4,1,lr5e-05_bs32_modL1_fusion32_fusionL1_drop0p2_trmiss50_trlocradio,32,5e-05,1,32,1,0.2,lr5e-05_bs32_modL1_fusion32_fusionL1_drop0p2_trmiss50_trlocradio,12,0.6116236746311188,0.7115484178066254,0.48739495798319327,0.6399310065777697,0.5333333333333333,0.0,0.0,0.0,0.0,0.0,0.0,0.0,0.0,0.0,2002,radio,0.5
4,1,lr5e-05_bs32_modL1_fusion32_fusionL1_drop0p2_trmiss50_trlocradio,32,5e-05,1,32,1,0.2,lr5e-05_bs32_modL1_fusion32_fusionL1_drop0p2_trmiss50_trlocradio,13,0.5863350331783295,0.711088091135025,0.48949579831932777,0.6454819510319296,0.5111111111111111,0.0,0.0,0.0,0.0,0.0,0.0,0.0,0.0,0.0,2002,radio,0.5
4,1,lr5e-05_bs32_modL1_fusion32_fusionL1_drop0p2_trmiss50_trlocradio,32,5e-05,1,32,1,0.2,lr5e-05_bs32_modL1_fusion32_fusionL1_drop0p2_trmiss50_trlocradio,14,0.5919675628344218,0.7134873867034912,0.48109243697478987,0.6378842788585878,0.5111111111111111,0.0,0.0,0.0,0.0,0.0,0.0,0.0,0.0,0.0,2002,radio,0.5
4,1,lr5e-05_bs32_modL1_fusion32_fusionL1_drop0p2_trmiss50_trlocradio,32,5e-05,1,32,1,0.2,lr5e-05_bs32_modL1_fusion32_fusionL1_drop0p2_trmiss50_trlocradio,15,0.5755306382973989,0.710865706205368,0.4915966386554622,0.6433810143322679,0.5333333333333333,0.0,0.0,0.0,0.0,0.0,0.0,0.0,0.0,0.0,2002,radio,0.5
4,1,lr5e-05_bs32_modL1_fusion32_fusionL1_drop0p2_trmiss50_trlocradio,32,5e-05,1,32,1,0.2,lr5e-05_bs32_modL1_fusion32_fusionL1_drop0p2_trmiss50_trlocradio,16,0.5749718149503072,0.7124003469944,0.4810924369747899,0.6373125161337396,0.5111111111111111,0.0,0.0,0.0,0.0,0.0,0.0,0.0,0.0,0.0,2002,radio,0.5
4,1,lr5e-05_bs32_modL1_fusion32_fusionL1_drop0p2_trmiss50_trlocradio,32,5e-05,1,32,1,0.2,lr5e-05_bs32_modL1_fusion32_fusionL1_drop0p2_trmiss50_trlocradio,17,0.5889077683289846,0.7136586606502533,0.4810924369747899,0.6371462197764871,0.5111111111111111,0.0,0.0,0.0,0.0,0.0,0.0,0.0,0.0,0.0,2002,radio,0.5
4,1,lr5e-05_bs32_modL1_fusion32_fusionL1_drop0p2_trmiss50_trlocradio,32,5e-05,1,32,1,0.2,lr5e-05_bs32_modL1_fusion32_fusionL1_drop0p2_trmiss50_trlocradio,18,0.5955020487308502,0.7117924392223358,0.4852941176470589,0.6436988408249064,0.4888888888888889,0.0,0.0,0.0,0.0,0.0,0.0,0.0,0.0,0.0,2002,radio,0.5
4,1,lr5e-05_bs32_modL1_fusion32_fusionL1_drop0p2_trmiss50_trlocradio,32,5e-05,1,32,1,0.2,lr5e-05_bs32_modL1_fusion32_fusionL1_drop0p2_trmiss50_trlocradio,19,0.597423662741979,0.7118397653102875,0.4852941176470588,0.638496806215301,0.4888888888888889,0.0,0.0,0.0,0.0,0.0,0.0,0.0,0.0,0.0,2002,radio,0.5
4,1,lr5e-05_bs32_modL1_fusion32_fusionL1_drop0p2_trmiss50_trlocradio,32,5e-05,1,32,1,0.2,lr5e-05_bs32_modL1_fusion32_fusionL1_drop0p2_trmiss50_trlocradio,20,0.5593142509460449,0.710194855928421,0.48739495798319327,0.6390300066089399,0.4888888888888889,0.0,0.0,0.0,0.0,0.0,0.0,0.0,0.0,0.0,2002,radio,0.5
4,1,lr5e-05_bs32_modL1_fusion32_fusionL1_drop0p2_trmiss50_trlocradio,32,5e-05,1,32,1,0.2,lr5e-05_bs32_modL1_fusion32_fusionL1_drop0p2_trmiss50_trlocradio,21,0.5841279824574789,0.7105299830436707,0.4957983193277311,0.6490873068676468,0.5111111111111111,0.0,0.0,0.0,0.0,0.0,0.0,0.0,0.0,0.0,2002,radio,0.5
4,1,lr5e-05_bs32_modL1_fusion32_fusionL1_drop0p2_trmiss50_trlocradio,32,5e-05,1,32,1,0.2,lr5e-05_bs32_modL1_fusion32_fusionL1_drop0p2_trmiss50_trlocradio,22,0.5627489189306895,0.7100906372070312,0.49579831932773105,0.647709339324893,0.5333333333333333,0.0,0.0,0.0,0.0,0.0,0.0,0.0,0.0,0.0,2002,radio,0.5
4,1,lr5e-05_bs32_modL1_fusion32_fusionL1_drop0p2_trmiss50_trlocradio,32,5e-05,1,32,1,0.2,lr5e-05_bs32_modL1_fusion32_fusionL1_drop0p2_trmiss50_trlocradio,23,0.5749445259571075,0.7088082134723663,0.5,0.6537072844799665,0.5333333333333333,0.0,0.0,0.0,0.0,0.0,0.0,0.0,0.0,0.0,2002,radio,0.5
4,1,lr5e-05_bs32_modL1_fusion32_fusionL1_drop0p2_trmiss50_trlocradio,32,5e-05,1,32,1,0.2,lr5e-05_bs32_modL1_fusion32_fusionL1_drop0p2_trmiss50_trlocradio,24,0.5680416325728098,0.7082128822803497,0.49789915966386555,0.6531976197261157,0.5333333333333333,0.0,0.0,0.0,0.0,0.0,0.0,0.0,0.0,0.0,2002,radio,0.5
4,1,lr5e-05_bs32_modL1_fusion32_fusionL1_drop0p2_trmiss50_trlocradio,32,5e-05,1,32,1,0.2,lr5e-05_bs32_modL1_fusion32_fusionL1_drop0p2_trmiss50_trlocradio,25,0.5784765879313151,0.707524299621582,0.5,0.6538342380097929,0.5111111111111111,0.0,0.0,0.0,0.0,0.0,0.0,0.0,0.0,0.0,2002,radio,0.5
4,1,lr5e-05_bs32_modL1_fusion32_fusionL1_drop0p2_trmiss50_trlocradio,32,5e-05,1,32,1,0.2,lr5e-05_bs32_modL1_fusion32_fusionL1_drop0p2_trmiss50_trlocradio,26,0.545695553223292,0.7077763080596924,0.5021008403361344,0.6536334081871314,0.4888888888888889,0.0,0.0,0.0,0.0,0.0,0.0,0.0,0.0,0.0,2002,radio,0.5
4,1,lr5e-05_bs32_modL1_fusion32_fusionL1_drop0p2_trmiss50_trlocradio,32,5e-05,1,32,1,0.2,lr5e-05_bs32_modL1_fusion32_fusionL1_drop0p2_trmiss50_trlocradio,27,0.5744516650835673,0.710429847240448,0.49789915966386555,0.6524944493275843,0.5111111111111111,0.0,0.0,0.0,0.0,0.0,0.0,0.0,0.0,0.0,2002,radio,0.5
4,1,lr5e-05_bs32_modL1_fusion32_fusionL1_drop0p2_trmiss50_trlocradio,32,5e-05,1,32,1,0.2,lr5e-05_bs32_modL1_fusion32_fusionL1_drop0p2_trmiss50_trlocradio,28,0.5737706422805786,0.7096290588378906,0.49789915966386555,0.652099576179255,0.4888888888888889,0.0,0.0,0.0,0.0,0.0,0.0,0.0,0.0,0.0,2002,radio,0.5
4,1,lr5e-05_bs32_modL1_fusion32_fusionL1_drop0p2_trmiss50_trlocradio,32,5e-05,1,32,1,0.2,lr5e-05_bs32_modL1_fusion32_fusionL1_drop0p2_trmiss50_trlocradio,29,0.57870485385259,0.7111012637615204,0.49579831932773105,0.6518267342401186,0.5111111111111111,0.0,0.0,0.0,0.0,0.0,0.0,0.0,0.0,0.0,2002,radio,0.5
4,1,lr5e-05_bs32_modL1_fusion32_fusionL1_drop0p2_trmiss50_trlocradio,32,5e-05,1,32,1,0.2,lr5e-05_bs32_modL1_fusion32_fusionL1_drop0p2_trmiss50_trlocradio,30,0.5550607442855835,0.7099021375179291,0.4915966386554622,0.6501966753792954,0.4888888888888889,0.0,0.0,0.0,0.0,0.0,0.0,0.0,0.0,0.0,2002,radio,0.5
4,1,lr5e-05_bs32_modL1_fusion32_fusionL1_drop0p2_trmiss50_trlocradio,32,5e-05,1,32,1,0.2,lr5e-05_bs32_modL1_fusion32_fusionL1_drop0p2_trmiss50_trlocradio,31,0.5602739850680033,0.7113962769508362,0.4957983193277311,0.6516836337990269,0.4888888888888889,0.0,0.0,0.0,0.0,0.0,0.0,0.0,0.0,0.0,2002,radio,0.5
4,1,lr5e-05_bs32_modL1_fusion32_fusionL1_drop0p2_trmiss50_trlocradio,32,5e-05,1,32,1,0.2,lr5e-05_bs32_modL1_fusion32_fusionL1_drop0p2_trmiss50_trlocradio,32,0.5571277538935343,0.7092798948287964,0.5084033613445378,0.6563190109887519,0.5111111111111111,0.0,0.0,0.0,0.0,0.0,0.0,0.0,0.0,0.0,2002,radio,0.5
4,1,lr5e-05_bs32_modL1_fusion32_fusionL1_drop0p2_trmiss50_trlocradio,32,5e-05,1,32,1,0.2,lr5e-05_bs32_modL1_fusion32_fusionL1_drop0p2_trmiss50_trlocradio,33,0.560278445482254,0.7110946774482727,0.4957983193277311,0.6515856823991073,0.5111111111111111,0.0,0.0,0.0,0.0,0.0,0.0,0.0,0.0,0.0,2002,radio,0.5
4,1,lr5e-05_bs32_modL1_fusion32_fusionL1_drop0p2_trmiss50_trlocradio,32,5e-05,1,32,1,0.2,lr5e-05_bs32_modL1_fusion32_fusionL1_drop0p2_trmiss50_trlocradio,34,0.5537017782529196,0.7117835879325867,0.4957983193277311,0.6518214359554625,0.4888888888888889,0.0,0.0,0.0,0.0,0.0,0.0,0.0,0.0,0.0,2002,radio,0.5
4,1,lr5e-05_bs32_modL1_fusion32_fusionL1_drop0p2_trmiss50_trlocradio,32,5e-05,1,32,1,0.2,lr5e-05_bs32_modL1_fusion32_fusionL1_drop0p2_trmiss50_trlocradio,35,0.5553622444470724,0.7110472321510315,0.49159663865546216,0.650360192203029,0.4888888888888889,0.0,0.0,0.0,0.0,0.0,0.0,0.0,0.0,0.0,2002,radio,0.5
4,1,lr5e-05_bs32_modL1_fusion32_fusionL1_drop0p2_trmiss50_trlocradio,32,5e-05,1,32,1,0.2,lr5e-05_bs32_modL1_fusion32_fusionL1_drop0p2_trmiss50_trlocradio,36,0.5857983330885569,0.7119127511978149,0.5,0.6547409931063861,0.5111111111111111,0.0,0.0,0.0,0.0,0.0,0.0,0.0,0.0,0.0,2002,radio,0.5
4,1,lr5e-05_bs32_modL1_fusion32_fusionL1_drop0p2_trmiss50_trlocradio,32,5e-05,1,32,1,0.2,lr5e-05_bs32_modL1_fusion32_fusionL1_drop0p2_trmiss50_trlocradio,37,0.5575994849205017,0.7107338309288025,0.49579831932773105,0.6531604543659634,0.4888888888888889,0.0,0.0,0.0,0.0,0.0,0.0,0.0,0.0,0.0,2002,radio,0.5
4,1,lr5e-05_bs32_modL1_fusion32_fusionL1_drop0p2_trmiss50_trlocradio,32,5e-05,1,32,1,0.2,lr5e-05_bs32_modL1_fusion32_fusionL1_drop0p2_trmiss50_trlocradio,38,0.575860063234965,0.7110277116298676,0.4957983193277311,0.6531675033501233,0.4666666666666667,0.0,0.0,0.0,0.0,0.0,0.0,0.0,0.0,0.0,2002,radio,0.5
4,1,lr5e-05_bs32_modL1_fusion32_fusionL1_drop0p2_trmiss50_trlocradio,32,5e-05,1,32,1,0.2,lr5e-05_bs32_modL1_fusion32_fusionL1_drop0p2_trmiss50_trlocradio,39,0.5534636378288269,0.7103581130504608,0.4936974789915966,0.6522955785010874,0.4888888888888889,0.0,0.0,0.0,0.0,0.0,0.0,0.0,0.0,0.0,2002,radio,0.5
4,1,lr5e-05_bs32_modL1_fusion32_fusionL1_drop0p2_trmiss50_trlocradio,32,5e-05,1,32,1,0.2,lr5e-05_bs32_modL1_fusion32_fusionL1_drop0p2_trmiss50_trlocradio,40,0.566125492254893,0.7104696035385132,0.4978991596638655,0.6535090368574029,0.5111111111111111,0.0,0.0,0.0,0.0,0.0,0.0,0.0,0.0,0.0,2002,radio,0.5
4,1,lr5e-05_bs32_modL1_fusion32_fusionL1_drop0p2_trmiss50_trlocradio,32,5e-05,1,32,1,0.2,lr5e-05_bs32_modL1_fusion32_fusionL1_drop0p2_trmiss50_trlocradio,41,0.5497904320557913,0.7101329565048218,0.49369747899159666,0.6522552019901228,0.4888888888888889,0.0,0.0,0.0,0.0,0.0,0.0,0.0,0.0,0.0,2002,radio,0.5
4,1,lr5e-05_bs32_modL1_fusion32_fusionL1_drop0p2_trmiss50_trlocradio,32,5e-05,1,32,1,0.2,lr5e-05_bs32_modL1_fusion32_fusionL1_drop0p2_trmiss50_trlocradio,42,0.5527373055617014,0.7108842432498932,0.4978991596638655,0.6500701633533496,0.5333333333333333,0.0,0.0,0.0,0.0,0.0,0.0,0.0,0.0,0.0,2002,radio,0.5
4,1,lr5e-05_bs32_modL1_fusion32_fusionL1_drop0p2_trmiss50_trlocradio,32,5e-05,1,32,1,0.2,lr5e-05_bs32_modL1_fusion32_fusionL1_drop0p2_trmiss50_trlocradio,43,0.5603237450122833,0.711772233247757,0.49789915966386555,0.6483451061771647,0.4888888888888889,0.0,0.0,0.0,0.0,0.0,0.0,0.0,0.0,0.0,2002,radio,0.5
4,1,lr5e-05_bs32_modL1_fusion32_fusionL1_drop0p2_trmiss50_trlocradio,32,5e-05,1,32,1,0.2,lr5e-05_bs32_modL1_fusion32_fusionL1_drop0p2_trmiss50_trlocradio,44,0.5684000651041666,0.7127476930618286,0.4957983193277311,0.6518057704343214,0.4888888888888889,0.0,0.0,0.0,0.0,0.0,0.0,0.0,0.0,0.0,2002,radio,0.5
4,1,lr5e-05_bs32_modL1_fusion32_fusionL1_drop0p2_trmiss50_trlocradio,32,5e-05,1,32,1,0.2,lr5e-05_bs32_modL1_fusion32_fusionL1_drop0p2_trmiss50_trlocradio,45,0.5663844446341196,0.7122034728527069,0.4978991596638656,0.6524360225351618,0.5111111111111111,0.0,0.0,0.0,0.0,0.0,0.0,0.0,0.0,0.0,2002,radio,0.5
4,1,lr5e-05_bs32_modL1_fusion32_fusionL1_drop0p2_trmiss50_trlocradio,32,5e-05,1,32,1,0.2,lr5e-05_bs32_modL1_fusion32_fusionL1_drop0p2_trmiss50_trlocradio,46,0.5562132100264231,0.7102239429950714,0.5021008403361344,0.6537179705725854,0.5111111111111111,0.0,0.0,0.0,0.0,0.0,0.0,0.0,0.0,0.0,2002,radio,0.5
4,1,lr5e-05_bs32_modL1_fusion32_fusionL1_drop0p2_trmiss50_trlocradio,32,5e-05,1,32,1,0.2,lr5e-05_bs32_modL1_fusion32_fusionL1_drop0p2_trmiss50_trlocradio,47,0.5439025561014811,0.7107077240943909,0.4894957983193277,0.6510643134153332,0.4666666666666667,0.0,0.0,0.0,0.0,0.0,0.0,0.0,0.0,0.0,2002,radio,0.5
4,1,lr5e-05_bs32_modL1_fusion32_fusionL1_drop0p2_trmiss50_trlocradio,32,5e-05,1,32,1,0.2,lr5e-05_bs32_modL1_fusion32_fusionL1_drop0p2_trmiss50_trlocradio,48,0.5537566145261129,0.7107150554656982,0.5,0.6543600837029204,0.4666666666666667,0.0,0.0,0.0,0.0,0.0,0.0,0.0,0.0,0.0,2002,radio,0.5
4,1,lr5e-05_bs32_modL1_fusion32_fusionL1_drop0p2_trmiss50_trlocradio,32,5e-05,1,32,1,0.2,lr5e-05_bs32_modL1_fusion32_fusionL1_drop0p2_trmiss50_trlocradio,49,0.5604302883148193,0.71097531914711,0.49369747899159666,0.6523849754778122,0.5111111111111111,0.0,0.0,0.0,0.0,0.0,0.0,0.0,0.0,0.0,2002,radio,0.5
4,1,lr5e-05_bs32_modL1_fusion32_fusionL1_drop0p2_trmiss50_trlocradio,32,5e-05,1,32,1,0.2,lr5e-05_bs32_modL1_fusion32_fusionL1_drop0p2_trmiss50_trlocradio,50,0.5918043752511343,0.7102158069610596,0.5,0.6530258981250373,0.4888888888888889,0.0,0.0,0.0,0.0,0.0,0.0,0.0,0.0,0.0,2002,radio,0.5
4,1,lr5e-05_bs32_modL1_fusion32_fusionL1_drop0p2_trmiss50_trlocradio,32,5e-05,1,32,1,0.2,lr5e-05_bs32_modL1_fusion32_fusionL1_drop0p2_trmiss50_trlocradio,51,0.5674337148666382,0.7103998363018036,0.48739495798319327,0.6442527408639322,0.4666666666666667,0.0,0.0,0.0,0.0,0.0,0.0,0.0,0.0,0.0,2002,radio,0.5
4,1,lr5e-05_bs32_modL1_fusion32_fusionL1_drop0p2_trmiss50_trlocradio,32,5e-05,1,32,1,0.2,lr5e-05_bs32_modL1_fusion32_fusionL1_drop0p2_trmiss50_trlocradio,52,0.5649614135424296,0.7093608677387238,0.4873949579831933,0.6486833610343808,0.4666666666666667,0.0,0.0,0.0,0.0,0.0,0.0,0.0,0.0,0.0,2002,radio,0.5
4,1,lr5e-05_bs32_modL1_fusion32_fusionL1_drop0p1_trmiss50_trlocradio,32,5e-05,1,32,1,0.1,lr5e-05_bs32_modL1_fusion32_fusionL1_drop0p1_trmiss50_trlocradio,1,0.7057411670684814,0.6987224519252777,0.4222689075630252,0.5828701670852472,0.6222222222222222,0.0,0.0,0.0,0.0,0.0,0.0,0.0,0.0,0.0,2002,radio,0.5
4,1,lr5e-05_bs32_modL1_fusion32_fusionL1_drop0p1_trmiss50_trlocradio,32,5e-05,1,32,1,0.1,lr5e-05_bs32_modL1_fusion32_fusionL1_drop0p1_trmiss50_trlocradio,2,0.6458116074403127,0.6984055638313293,0.4243697478991597,0.6152324050902299,0.5777777777777777,0.0,0.0,0.0,0.0,0.0,0.0,0.0,0.0,0.0,2002,radio,0.5
4,1,lr5e-05_bs32_modL1_fusion32_fusionL1_drop0p1_trmiss50_trlocradio,32,5e-05,1,32,1,0.1,lr5e-05_bs32_modL1_fusion32_fusionL1_drop0p1_trmiss50_trlocradio,3,0.6255301535129547,0.6975781917572021,0.43487394957983194,0.6274930187738863,0.5111111111111111,0.0,0.0,0.0,0.0,0.0,0.0,0.0,0.0,0.0,2002,radio,0.5
4,1,lr5e-05_bs32_modL1_fusion32_fusionL1_drop0p1_trmiss50_trlocradio,32,5e-05,1,32,1,0.1,lr5e-05_bs32_modL1_fusion32_fusionL1_drop0p1_trmiss50_trlocradio,4,0.6243259211381277,0.6993831098079681,0.4285714285714286,0.6255703978574609,0.5333333333333333,0.0,0.0,0.0,0.0,0.0,0.0,0.0,0.0,0.0,2002,radio,0.5
4,1,lr5e-05_bs32_modL1_fusion32_fusionL1_drop0p1_trmiss50_trlocradio,32,5e-05,1,32,1,0.1,lr5e-05_bs32_modL1_fusion32_fusionL1_drop0p1_trmiss50_trlocradio,5,0.5975527862707773,0.7014713883399963,0.4327731092436975,0.6280072748902027,0.5333333333333333,0.0,0.0,0.0,0.0,0.0,0.0,0.0,0.0,0.0,2002,radio,0.5
4,1,lr5e-05_bs32_modL1_fusion32_fusionL1_drop0p1_trmiss50_trlocradio,32,5e-05,1,32,1,0.1,lr5e-05_bs32_modL1_fusion32_fusionL1_drop0p1_trmiss50_trlocradio,6,0.5874019265174866,0.7048280835151672,0.4285714285714286,0.6308572779176583,0.5333333333333333,0.0,0.0,0.0,0.0,0.0,0.0,0.0,0.0,0.0,2002,radio,0.5
4,1,lr5e-05_bs32_modL1_fusion32_fusionL1_drop0p1_trmiss50_trlocradio,32,5e-05,1,32,1,0.1,lr5e-05_bs32_modL1_fusion32_fusionL1_drop0p1_trmiss50_trlocradio,7,0.5759421686331431,0.7096192538738251,0.41596638655462187,0.6129175969845564,0.5333333333333333,0.0,0.0,0.0,0.0,0.0,0.0,0.0,0.0,0.0,2002,radio,0.5
4,1,lr5e-05_bs32_modL1_fusion32_fusionL1_drop0p1_trmiss50_trlocradio,32,5e-05,1,32,1,0.1,lr5e-05_bs32_modL1_fusion32_fusionL1_drop0p1_trmiss50_trlocradio,8,0.567084401845932,0.7078421115875244,0.4222689075630252,0.6115605339607503,0.5333333333333333,0.0,0.0,0.0,0.0,0.0,0.0,0.0,0.0,0.0,2002,radio,0.5
4,1,lr5e-05_bs32_modL1_fusion32_fusionL1_drop0p1_trmiss50_trlocradio,32,5e-05,1,32,1,0.1,lr5e-05_bs32_modL1_fusion32_fusionL1_drop0p1_trmiss50_trlocradio,9,0.5622428754965464,0.7073054015636444,0.42857142857142855,0.615982760200198,0.5333333333333333,0.0,0.0,0.0,0.0,0.0,0.0,0.0,0.0,0.0,2002,radio,0.5
4,1,lr5e-05_bs32_modL1_fusion32_fusionL1_drop0p1_trmiss50_trlocradio,32,5e-05,1,32,1,0.1,lr5e-05_bs32_modL1_fusion32_fusionL1_drop0p1_trmiss50_trlocradio,10,0.5452308555444082,0.7075439095497131,0.4264705882352941,0.6165996683137891,0.5333333333333333,0.0,0.0,0.0,0.0,0.0,0.0,0.0,0.0,0.0,2002,radio,0.5
4,1,lr5e-05_bs32_modL1_fusion32_fusionL1_drop0p1_trmiss50_trlocradio,32,5e-05,1,32,1,0.1,lr5e-05_bs32_modL1_fusion32_fusionL1_drop0p1_trmiss50_trlocradio,11,0.5253465175628662,0.7088108658790588,0.41806722689075626,0.6092252493871226,0.5333333333333333,0.0,0.0,0.0,0.0,0.0,0.0,0.0,0.0,0.0,2002,radio,0.5
4,1,lr5e-05_bs32_modL1_fusion32_fusionL1_drop0p1_trmiss50_trlocradio,32,5e-05,1,32,1,0.1,lr5e-05_bs32_modL1_fusion32_fusionL1_drop0p1_trmiss50_trlocradio,12,0.5578431387742361,0.7100915908813477,0.41386554621848737,0.607852484002695,0.5333333333333333,0.0,0.0,0.0,0.0,0.0,0.0,0.0,0.0,0.0,2002,radio,0.5
4,1,lr5e-05_bs32_modL1_fusion32_fusionL1_drop0p1_trmiss50_trlocradio,32,5e-05,1,32,1,0.1,lr5e-05_bs32_modL1_fusion32_fusionL1_drop0p1_trmiss50_trlocradio,13,0.5224386304616928,0.7140422463417053,0.40336134453781514,0.5999116397421744,0.5111111111111111,0.0,0.0,0.0,0.0,0.0,0.0,0.0,0.0,0.0,2002,radio,0.5
4,1,lr5e-05_bs32_modL1_fusion32_fusionL1_drop0p1_trmiss50_trlocradio,32,5e-05,1,32,1,0.1,lr5e-05_bs32_modL1_fusion32_fusionL1_drop0p1_trmiss50_trlocradio,14,0.5360113779703776,0.7171367704868317,0.4012605042016807,0.599279113161988,0.4888888888888889,0.0,0.0,0.0,0.0,0.0,0.0,0.0,0.0,0.0,2002,radio,0.5
4,1,lr5e-05_bs32_modL1_fusion32_fusionL1_drop0p1_trmiss50_trlocradio,32,5e-05,1,32,1,0.1,lr5e-05_bs32_modL1_fusion32_fusionL1_drop0p1_trmiss50_trlocradio,15,0.5215859413146973,0.7176146507263184,0.4075630252100841,0.6007356150517883,0.4888888888888889,0.0,0.0,0.0,0.0,0.0,0.0,0.0,0.0,0.0,2002,radio,0.5
4,1,lr5e-05_bs32_modL1_fusion32_fusionL1_drop0p1_trmiss50_trlocradio,32,5e-05,1,32,1,0.1,lr5e-05_bs32_modL1_fusion32_fusionL1_drop0p1_trmiss50_trlocradio,16,0.5109125673770905,0.7158823609352112,0.40336134453781514,0.5949324896058057,0.5111111111111111,0.0,0.0,0.0,0.0,0.0,0.0,0.0,0.0,0.0,2002,radio,0.5
4,1,lr5e-05_bs32_modL1_fusion32_fusionL1_drop0p1_trmiss50_trlocradio,32,5e-05,1,32,1,0.1,lr5e-05_bs32_modL1_fusion32_fusionL1_drop0p1_trmiss50_trlocradio,17,0.5123072365919749,0.7160546183586121,0.40336134453781514,0.5998673325086785,0.4888888888888889,0.0,0.0,0.0,0.0,0.0,0.0,0.0,0.0,0.0,2002,radio,0.5
4,1,lr5e-05_bs32_modL1_fusion32_fusionL1_drop0p1_trmiss50_trlocradio,32,5e-05,1,32,1,0.1,lr5e-05_bs32_modL1_fusion32_fusionL1_drop0p1_trmiss50_trlocradio,18,0.5197018980979919,0.7177591323852539,0.4012605042016807,0.6021214646616286,0.4888888888888889,0.0,0.0,0.0,0.0,0.0,0.0,0.0,0.0,0.0,2002,radio,0.5
4,1,lr5e-05_bs32_modL1_fusion32_fusionL1_drop0p1_trmiss50_trlocradio,32,5e-05,1,32,1,0.1,lr5e-05_bs32_modL1_fusion32_fusionL1_drop0p1_trmiss50_trlocradio,19,0.5240676552057266,0.7185539603233337,0.3970588235294118,0.5849637694849831,0.4888888888888889,0.0,0.0,0.0,0.0,0.0,0.0,0.0,0.0,0.0,2002,radio,0.5
4,1,lr5e-05_bs32_modL1_fusion32_fusionL1_drop0p1_trmiss50_trlocradio,32,5e-05,1,32,1,0.1,lr5e-05_bs32_modL1_fusion32_fusionL1_drop0p1_trmiss50_trlocradio,20,0.5147486925125122,0.7197864055633545,0.3928571428571429,0.5802751806934959,0.5111111111111111,0.0,0.0,0.0,0.0,0.0,0.0,0.0,0.0,0.0,2002,radio,0.5
4,1,lr5e-05_bs32_modL1_fusion32_fusionL1_drop0p1_trmiss50_trlocradio,32,5e-05,1,32,1,0.1,lr5e-05_bs32_modL1_fusion32_fusionL1_drop0p1_trmiss50_trlocradio,21,0.5097368756930033,0.7199558615684509,0.4012605042016807,0.5893977080276006,0.5111111111111111,0.0,0.0,0.0,0.0,0.0,0.0,0.0,0.0,0.0,2002,radio,0.5
4,1,lr5e-05_bs32_modL1_fusion32_fusionL1_drop0p1_trmiss50_trlocradio,32,5e-05,1,32,1,0.1,lr5e-05_bs32_modL1_fusion32_fusionL1_drop0p1_trmiss50_trlocradio,22,0.5096926391124725,0.7195749282836914,0.4012605042016807,0.5806894886287299,0.5111111111111111,0.0,0.0,0.0,0.0,0.0,0.0,0.0,0.0,0.0,2002,radio,0.5
4,1,lr5e-05_bs32_modL1_fusion32_fusionL1_drop0p1_trmiss50_trlocradio,32,5e-05,1,32,1,0.1,lr5e-05_bs32_modL1_fusion32_fusionL1_drop0p1_trmiss50_trlocradio,23,0.49862584471702576,0.7195487320423126,0.4012605042016807,0.5879034663915522,0.5111111111111111,0.0,0.0,0.0,0.0,0.0,0.0,0.0,0.0,0.0,2002,radio,0.5
4,1,lr5e-05_bs32_modL1_fusion32_fusionL1_drop0p1_trmiss50_trlocradio,32,5e-05,1,32,1,0.1,lr5e-05_bs32_modL1_fusion32_fusionL1_drop0p1_trmiss50_trlocradio,24,0.5231246252854665,0.7200415432453156,0.4012605042016807,0.591220427208513,0.5111111111111111,0.0,0.0,0.0,0.0,0.0,0.0,0.0,0.0,0.0,2002,radio,0.5
4,1,lr5e-05_bs32_modL1_fusion32_fusionL1_drop0p1_trmiss50_trlocradio,32,5e-05,1,32,1,0.1,lr5e-05_bs32_modL1_fusion32_fusionL1_drop0p1_trmiss50_trlocradio,25,0.5068648358186086,0.7209683358669281,0.388655462184874,0.5745333427412561,0.5111111111111111,0.0,0.0,0.0,0.0,0.0,0.0,0.0,0.0,0.0,2002,radio,0.5
4,1,lr5e-05_bs32_modL1_fusion64_fusionL1_drop0p2_trmiss50_trlocradio,32,5e-05,1,64,1,0.2,lr5e-05_bs32_modL1_fusion64_fusionL1_drop0p2_trmiss50_trlocradio,1,0.7294416924317678,0.6897689402103424,0.592436974789916,0.7446045913751193,0.4666666666666667,0.0,0.0,0.0,0.0,0.0,0.0,0.0,0.0,0.0,2002,radio,0.5
4,1,lr5e-05_bs32_modL1_fusion64_fusionL1_drop0p2_trmiss50_trlocradio,32,5e-05,1,64,1,0.2,lr5e-05_bs32_modL1_fusion64_fusionL1_drop0p2_trmiss50_trlocradio,2,0.7010801831881205,0.6883627474308014,0.5840336134453782,0.7597698622519238,0.5555555555555556,0.0,0.0,0.0,0.0,0.0,0.0,0.0,0.0,0.0,2002,radio,0.5
4,1,lr5e-05_bs32_modL1_fusion64_fusionL1_drop0p2_trmiss50_trlocradio,32,5e-05,1,64,1,0.2,lr5e-05_bs32_modL1_fusion64_fusionL1_drop0p2_trmiss50_trlocradio,3,0.6957346300284067,0.6867680549621582,0.5735294117647058,0.7416801488151151,0.5555555555555556,0.0,0.0,0.0,0.0,0.0,0.0,0.0,0.0,0.0,2002,radio,0.5
4,1,lr5e-05_bs32_modL1_fusion64_fusionL1_drop0p2_trmiss50_trlocradio,32,5e-05,1,64,1,0.2,lr5e-05_bs32_modL1_fusion64_fusionL1_drop0p2_trmiss50_trlocradio,4,0.6643189589182535,0.6880679428577423,0.5714285714285715,0.7337056282219113,0.5555555555555556,0.0,0.0,0.0,0.0,0.0,0.0,0.0,0.0,0.0,2002,radio,0.5
4,1,lr5e-05_bs32_modL1_fusion64_fusionL1_drop0p2_trmiss50_trlocradio,32,5e-05,1,64,1,0.2,lr5e-05_bs32_modL1_fusion64_fusionL1_drop0p2_trmiss50_trlocradio,5,0.6610839466253916,0.6885835528373718,0.5672268907563025,0.7284815599072277,0.5555555555555556,0.0,0.0,0.0,0.0,0.0,0.0,0.0,0.0,0.0,2002,radio,0.5
4,1,lr5e-05_bs32_modL1_fusion64_fusionL1_drop0p2_trmiss50_trlocradio,32,5e-05,1,64,1,0.2,lr5e-05_bs32_modL1_fusion64_fusionL1_drop0p2_trmiss50_trlocradio,6,0.6410697400569916,0.6889318525791168,0.5672268907563025,0.7233858721578232,0.5555555555555556,0.0,0.0,0.0,0.0,0.0,0.0,0.0,0.0,0.0,2002,radio,0.5
4,1,lr5e-05_bs32_modL1_fusion64_fusionL1_drop0p2_trmiss50_trlocradio,32,5e-05,1,64,1,0.2,lr5e-05_bs32_modL1_fusion64_fusionL1_drop0p2_trmiss50_trlocradio,7,0.6304274201393127,0.6895794868469238,0.5651260504201681,0.7111078204089527,0.5777777777777777,0.0,0.0,0.0,0.0,0.0,0.0,0.0,0.0,0.0,2002,radio,0.5
4,1,lr5e-05_bs32_modL1_fusion64_fusionL1_drop0p2_trmiss50_trlocradio,32,5e-05,1,64,1,0.2,lr5e-05_bs32_modL1_fusion64_fusionL1_drop0p2_trmiss50_trlocradio,8,0.6050174633661906,0.6884307265281677,0.5588235294117647,0.7091927000738013,0.5555555555555556,0.0,0.0,0.0,0.0,0.0,0.0,0.0,0.0,0.0,2002,radio,0.5
4,1,lr5e-05_bs32_modL1_fusion64_fusionL1_drop0p2_trmiss50_trlocradio,32,5e-05,1,64,1,0.2,lr5e-05_bs32_modL1_fusion64_fusionL1_drop0p2_trmiss50_trlocradio,9,0.6164388358592987,0.6901490390300751,0.5504201680672269,0.7012780998671698,0.6,0.0,0.0,0.0,0.0,0.0,0.0,0.0,0.0,0.0,2002,radio,0.5
4,1,lr5e-05_bs32_modL1_fusion64_fusionL1_drop0p2_trmiss50_trlocradio,32,5e-05,1,64,1,0.2,lr5e-05_bs32_modL1_fusion64_fusionL1_drop0p2_trmiss50_trlocradio,10,0.6062798202037811,0.690098226070404,0.5567226890756303,0.7207859027082009,0.5777777777777777,0.0,0.0,0.0,0.0,0.0,0.0,0.0,0.0,0.0,2002,radio,0.5
4,1,lr5e-05_bs32_modL1_fusion64_fusionL1_drop0p2_trmiss50_trlocradio,32,5e-05,1,64,1,0.2,lr5e-05_bs32_modL1_fusion64_fusionL1_drop0p2_trmiss50_trlocradio,11,0.5921420852343241,0.6896095871925354,0.5546218487394958,0.7133889039854465,0.5555555555555556,0.0,0.0,0.0,0.0,0.0,0.0,0.0,0.0,0.0,2002,radio,0.5
4,1,lr5e-05_bs32_modL1_fusion64_fusionL1_drop0p2_trmiss50_trlocradio,32,5e-05,1,64,1,0.2,lr5e-05_bs32_modL1_fusion64_fusionL1_drop0p2_trmiss50_trlocradio,12,0.6011762221654257,0.6905087232589722,0.5567226890756303,0.7203493563386045,0.5777777777777777,0.0,0.0,0.0,0.0,0.0,0.0,0.0,0.0,0.0,2002,radio,0.5
4,1,lr5e-05_bs32_modL1_fusion64_fusionL1_drop0p2_trmiss50_trlocradio,32,5e-05,1,64,1,0.2,lr5e-05_bs32_modL1_fusion64_fusionL1_drop0p2_trmiss50_trlocradio,13,0.5904055237770081,0.6891743838787079,0.5567226890756303,0.7176735390481257,0.5555555555555556,0.0,0.0,0.0,0.0,0.0,0.0,0.0,0.0,0.0,2002,radio,0.5
4,1,lr5e-05_bs32_modL1_fusion64_fusionL1_drop0p2_trmiss50_trlocradio,32,5e-05,1,64,1,0.2,lr5e-05_bs32_modL1_fusion64_fusionL1_drop0p2_trmiss50_trlocradio,14,0.5817335546016693,0.6890154778957367,0.5504201680672269,0.7117865688754412,0.5555555555555556,0.0,0.0,0.0,0.0,0.0,0.0,0.0,0.0,0.0,2002,radio,0.5
4,1,lr5e-05_bs32_modL1_fusion64_fusionL1_drop0p2_trmiss50_trlocradio,32,5e-05,1,64,1,0.2,lr5e-05_bs32_modL1_fusion64_fusionL1_drop0p2_trmiss50_trlocradio,15,0.578130821386973,0.6866363883018494,0.5588235294117647,0.7200890902888648,0.5555555555555556,0.0,0.0,0.0,0.0,0.0,0.0,0.0,0.0,0.0,2002,radio,0.5
4,1,lr5e-05_bs32_modL1_fusion64_fusionL1_drop0p2_trmiss50_trlocradio,32,5e-05,1,64,1,0.2,lr5e-05_bs32_modL1_fusion64_fusionL1_drop0p2_trmiss50_trlocradio,16,0.58064004778862,0.6836835741996765,0.5651260504201681,0.7285501661606549,0.5555555555555556,0.0,0.0,0.0,0.0,0.0,0.0,0.0,0.0,0.0,2002,radio,0.5
4,1,lr5e-05_bs32_modL1_fusion64_fusionL1_drop0p2_trmiss50_trlocradio,32,5e-05,1,64,1,0.2,lr5e-05_bs32_modL1_fusion64_fusionL1_drop0p2_trmiss50_trlocradio,17,0.5724935531616211,0.6850689351558685,0.5672268907563025,0.7373987692524225,0.5555555555555556,0.0,0.0,0.0,0.0,0.0,0.0,0.0,0.0,0.0,2002,radio,0.5
4,1,lr5e-05_bs32_modL1_fusion64_fusionL1_drop0p2_trmiss50_trlocradio,32,5e-05,1,64,1,0.2,lr5e-05_bs32_modL1_fusion64_fusionL1_drop0p2_trmiss50_trlocradio,18,0.5649821758270264,0.6877800524234772,0.5567226890756303,0.7190244635578551,0.5555555555555556,0.0,0.0,0.0,0.0,0.0,0.0,0.0,0.0,0.0,2002,radio,0.5
4,1,lr5e-05_bs32_modL1_fusion64_fusionL1_drop0p2_trmiss50_trlocradio,32,5e-05,1,64,1,0.2,lr5e-05_bs32_modL1_fusion64_fusionL1_drop0p2_trmiss50_trlocradio,19,0.5380991498629252,0.6890345513820648,0.5546218487394957,0.7132833483184984,0.5777777777777777,0.0,0.0,0.0,0.0,0.0,0.0,0.0,0.0,0.0,2002,radio,0.5
4,1,lr5e-05_bs32_modL1_fusion64_fusionL1_drop0p2_trmiss50_trlocradio,32,5e-05,1,64,1,0.2,lr5e-05_bs32_modL1_fusion64_fusionL1_drop0p2_trmiss50_trlocradio,20,0.5431621273358663,0.6877569556236267,0.5567226890756303,0.7172344463015513,0.5777777777777777,0.0,0.0,0.0,0.0,0.0,0.0,0.0,0.0,0.0,2002,radio,0.5
4,1,lr5e-05_bs32_modL1_fusion64_fusionL1_drop0p2_trmiss50_trlocradio,32,5e-05,1,64,1,0.2,lr5e-05_bs32_modL1_fusion64_fusionL1_drop0p2_trmiss50_trlocradio,21,0.5536005000273386,0.6886895895004272,0.5546218487394958,0.7164544791422737,0.5555555555555556,0.0,0.0,0.0,0.0,0.0,0.0,0.0,0.0,0.0,2002,radio,0.5
4,1,lr5e-05_bs32_modL1_fusion64_fusionL1_drop0p2_trmiss50_trlocradio,32,5e-05,1,64,1,0.2,lr5e-05_bs32_modL1_fusion64_fusionL1_drop0p2_trmiss50_trlocradio,22,0.5545166830221812,0.6911444067955017,0.5483193277310924,0.7090264817145795,0.5555555555555556,0.0,0.0,0.0,0.0,0.0,0.0,0.0,0.0,0.0,2002,radio,0.5
4,1,lr5e-05_bs32_modL1_fusion64_fusionL1_drop0p2_trmiss50_trlocradio,32,5e-05,1,64,1,0.2,lr5e-05_bs32_modL1_fusion64_fusionL1_drop0p2_trmiss50_trlocradio,23,0.5398991207281748,0.6915646195411682,0.5483193277310924,0.7112768994255235,0.5777777777777777,0.0,0.0,0.0,0.0,0.0,0.0,0.0,0.0,0.0,2002,radio,0.5
4,1,lr5e-05_bs32_modL1_fusion64_fusionL1_drop0p2_trmiss50_trlocradio,32,5e-05,1,64,1,0.2,lr5e-05_bs32_modL1_fusion64_fusionL1_drop0p2_trmiss50_trlocradio,24,0.542395830154419,0.689458042383194,0.5483193277310924,0.7175567448769242,0.5777777777777777,0.0,0.0,0.0,0.0,0.0,0.0,0.0,0.0,0.0,2002,radio,0.5
4,1,lr5e-05_bs32_modL1_fusion64_fusionL1_drop0p2_trmiss50_trlocradio,32,5e-05,1,64,1,0.2,lr5e-05_bs32_modL1_fusion64_fusionL1_drop0p2_trmiss50_trlocradio,25,0.5261979202429453,0.68846395611763,0.5567226890756303,0.7203063812084615,0.5777777777777777,0.0,0.0,0.0,0.0,0.0,0.0,0.0,0.0,0.0,2002,radio,0.5
4,1,lr5e-05_bs32_modL1_fusion64_fusionL1_drop0p2_trmiss50_trlocradio,32,5e-05,1,64,1,0.2,lr5e-05_bs32_modL1_fusion64_fusionL1_drop0p2_trmiss50_trlocradio,26,0.5586708883444468,0.6888703405857086,0.5546218487394958,0.7131635240656043,0.5777777777777777,0.0,0.0,0.0,0.0,0.0,0.0,0.0,0.0,0.0,2002,radio,0.5
4,1,lr5e-05_bs32_modL1_fusion64_fusionL1_drop0p2_trmiss50_trlocradio,32,5e-05,1,64,1,0.2,lr5e-05_bs32_modL1_fusion64_fusionL1_drop0p2_trmiss50_trlocradio,27,0.5360962351163229,0.6893579959869385,0.5546218487394958,0.7124553959867866,0.5777777777777777,0.0,0.0,0.0,0.0,0.0,0.0,0.0,0.0,0.0,2002,radio,0.5
4,1,lr5e-05_bs32_modL1_fusion64_fusionL1_drop0p2_trmiss50_trlocradio,32,5e-05,1,64,1,0.2,lr5e-05_bs32_modL1_fusion64_fusionL1_drop0p2_trmiss50_trlocradio,28,0.5447148482004801,0.6873038411140442,0.5609243697478992,0.71759679374787,0.5555555555555556,0.0,0.0,0.0,0.0,0.0,0.0,0.0,0.0,0.0,2002,radio,0.5
4,1,lr5e-05_bs32_modL1_fusion64_fusionL1_drop0p2_trmiss50_trlocradio,32,5e-05,1,64,1,0.2,lr5e-05_bs32_modL1_fusion64_fusionL1_drop0p2_trmiss50_trlocradio,29,0.5407107969125112,0.687767893075943,0.5588235294117647,0.7164063175573938,0.5777777777777777,0.0,0.0,0.0,0.0,0.0,0.0,0.0,0.0,0.0,2002,radio,0.5
4,1,lr5e-05_bs32_modL1_fusion64_fusionL1_drop0p2_trmiss50_trlocradio,32,5e-05,1,64,1,0.2,lr5e-05_bs32_modL1_fusion64_fusionL1_drop0p2_trmiss50_trlocradio,30,0.5343837340672811,0.6861221194267273,0.5546218487394958,0.7141263107270753,0.5555555555555556,0.0,0.0,0.0,0.0,0.0,0.0,0.0,0.0,0.0,2002,radio,0.5
4,1,lr5e-05_bs32_modL1_fusion64_fusionL1_drop0p2_trmiss50_trlocradio,32,5e-05,1,64,1,0.2,lr5e-05_bs32_modL1_fusion64_fusionL1_drop0p2_trmiss50_trlocradio,31,0.5484796464443207,0.6848899126052856,0.5567226890756303,0.716750212852028,0.5555555555555556,0.0,0.0,0.0,0.0,0.0,0.0,0.0,0.0,0.0,2002,radio,0.5
4,1,lr5e-05_bs32_modL1_fusion64_fusionL1_drop0p2_trmiss50_trlocradio,32,5e-05,1,64,1,0.2,lr5e-05_bs32_modL1_fusion64_fusionL1_drop0p2_trmiss50_trlocradio,32,0.5329138537247976,0.685303121805191,0.5567226890756303,0.7164204019979203,0.5555555555555556,0.0,0.0,0.0,0.0,0.0,0.0,0.0,0.0,0.0,2002,radio,0.5
4,1,lr5e-05_bs32_modL1_fusion64_fusionL1_drop0p2_trmiss50_trlocradio,32,5e-05,1,64,1,0.2,lr5e-05_bs32_modL1_fusion64_fusionL1_drop0p2_trmiss50_trlocradio,33,0.5408781369527181,0.6862338185310364,0.5504201680672268,0.7190709195174325,0.5333333333333333,0.0,0.0,0.0,0.0,0.0,0.0,0.0,0.0,0.0,2002,radio,0.5
4,1,lr5e-05_bs32_modL1_fusion64_fusionL1_drop0p2_trmiss50_trlocradio,32,5e-05,1,64,1,0.2,lr5e-05_bs32_modL1_fusion64_fusionL1_drop0p2_trmiss50_trlocradio,34,0.5280533830324808,0.6879236400127411,0.5504201680672269,0.7131269586674358,0.5333333333333333,0.0,0.0,0.0,0.0,0.0,0.0,0.0,0.0,0.0,2002,radio,0.5
4,1,lr5e-05_bs32_modL1_fusion64_fusionL1_drop0p2_trmiss50_trlocradio,32,5e-05,1,64,1,0.2,lr5e-05_bs32_modL1_fusion64_fusionL1_drop0p2_trmiss50_trlocradio,35,0.5262219607830048,0.6871875822544098,0.5546218487394958,0.7205882584914358,0.5333333333333333,0.0,0.0,0.0,0.0,0.0,0.0,0.0,0.0,0.0,2002,radio,0.5
4,1,lr5e-05_bs32_modL1_fusion64_fusionL1_drop0p2_trmiss50_trlocradio,32,5e-05,1,64,1,0.2,lr5e-05_bs32_modL1_fusion64_fusionL1_drop0p2_trmiss50_trlocradio,36,0.5314438839753469,0.686974972486496,0.5525210084033614,0.7191439307603433,0.5333333333333333,0.0,0.0,0.0,0.0,0.0,0.0,0.0,0.0,0.0,2002,radio,0.5
4,1,lr5e-05_bs32_modL1_fusion64_fusionL1_drop0p2_trmiss50_trlocradio,32,5e-05,1,64,1,0.2,lr5e-05_bs32_modL1_fusion64_fusionL1_drop0p2_trmiss50_trlocradio,37,0.54369488855203,0.686349093914032,0.5504201680672269,0.7181864533327196,0.5555555555555556,0.0,0.0,0.0,0.0,0.0,0.0,0.0,0.0,0.0,2002,radio,0.5
4,1,lr5e-05_bs32_modL1_fusion64_fusionL1_drop0p1_trmiss50_trlocradio,32,5e-05,1,64,1,0.1,lr5e-05_bs32_modL1_fusion64_fusionL1_drop0p1_trmiss50_trlocradio,1,0.6811379194259644,0.7042989134788513,0.4495798319327731,0.596964462652975,0.6444444444444445,0.0,0.0,0.0,0.0,0.0,0.0,0.0,0.0,0.0,2002,radio,0.5
4,1,lr5e-05_bs32_modL1_fusion64_fusionL1_drop0p1_trmiss50_trlocradio,32,5e-05,1,64,1,0.1,lr5e-05_bs32_modL1_fusion64_fusionL1_drop0p1_trmiss50_trlocradio,2,0.6432743767897288,0.7139306366443634,0.453781512605042,0.5974836932858328,0.6222222222222222,0.0,0.0,0.0,0.0,0.0,0.0,0.0,0.0,0.0,2002,radio,0.5
4,1,lr5e-05_bs32_modL1_fusion64_fusionL1_drop0p1_trmiss50_trlocradio,32,5e-05,1,64,1,0.1,lr5e-05_bs32_modL1_fusion64_fusionL1_drop0p1_trmiss50_trlocradio,3,0.6185277998447418,0.7237576842308044,0.45378151260504207,0.5915023603290219,0.6,0.0,0.0,0.0,0.0,0.0,0.0,0.0,0.0,0.0,2002,radio,0.5
4,1,lr5e-05_bs32_modL1_fusion64_fusionL1_drop0p1_trmiss50_trlocradio,32,5e-05,1,64,1,0.1,lr5e-05_bs32_modL1_fusion64_fusionL1_drop0p1_trmiss50_trlocradio,4,0.6126831372578939,0.7321076393127441,0.453781512605042,0.5917160545574588,0.6444444444444445,0.0,0.0,0.0,0.0,0.0,0.0,0.0,0.0,0.0,2002,radio,0.5
4,1,lr5e-05_bs32_modL1_fusion64_fusionL1_drop0p1_trmiss50_trlocradio,32,5e-05,1,64,1,0.1,lr5e-05_bs32_modL1_fusion64_fusionL1_drop0p1_trmiss50_trlocradio,5,0.5945142209529877,0.7419477999210358,0.4516806722689076,0.5877538903564042,0.6444444444444445,0.0,0.0,0.0,0.0,0.0,0.0,0.0,0.0,0.0,2002,radio,0.5
4,1,lr5e-05_bs32_modL1_fusion64_fusionL1_drop0p1_trmiss50_trlocradio,32,5e-05,1,64,1,0.1,lr5e-05_bs32_modL1_fusion64_fusionL1_drop0p1_trmiss50_trlocradio,6,0.5753234724203745,0.7477033734321594,0.46638655462184875,0.5888550651943105,0.6444444444444445,0.0,0.0,0.0,0.0,0.0,0.0,0.0,0.0,0.0,2002,radio,0.5
4,1,lr5e-05_bs32_modL1_fusion64_fusionL1_drop0p1_trmiss50_trlocradio,32,5e-05,1,64,1,0.1,lr5e-05_bs32_modL1_fusion64_fusionL1_drop0p1_trmiss50_trlocradio,7,0.5678676466147105,0.7530627846717834,0.46218487394957986,0.5814753111246609,0.6444444444444445,0.0,0.0,0.0,0.0,0.0,0.0,0.0,0.0,0.0,2002,radio,0.5
4,1,lr5e-05_bs32_modL1_fusion64_fusionL1_drop0p1_trmiss50_trlocradio,32,5e-05,1,64,1,0.1,lr5e-05_bs32_modL1_fusion64_fusionL1_drop0p1_trmiss50_trlocradio,8,0.5472415139277776,0.7550272643566132,0.4558823529411765,0.57826104264203,0.6222222222222222,0.0,0.0,0.0,0.0,0.0,0.0,0.0,0.0,0.0,2002,radio,0.5
4,1,lr5e-05_bs32_modL1_fusion64_fusionL1_drop0p1_trmiss50_trlocradio,32,5e-05,1,64,1,0.1,lr5e-05_bs32_modL1_fusion64_fusionL1_drop0p1_trmiss50_trlocradio,9,0.5595573584238688,0.7560558319091797,0.45378151260504207,0.5789293656607588,0.6222222222222222,0.0,0.0,0.0,0.0,0.0,0.0,0.0,0.0,0.0,2002,radio,0.5
4,1,lr5e-05_bs32_modL1_fusion64_fusionL1_drop0p1_trmiss50_trlocradio,32,5e-05,1,64,1,0.1,lr5e-05_bs32_modL1_fusion64_fusionL1_drop0p1_trmiss50_trlocradio,10,0.5611855189005533,0.7537162601947784,0.45588235294117646,0.5788410897601621,0.6222222222222222,0.0,0.0,0.0,0.0,0.0,0.0,0.0,0.0,0.0,2002,radio,0.5
4,1,lr5e-05_bs32_modL1_fusion64_fusionL1_drop0p1_trmiss50_trlocradio,32,5e-05,1,64,1,0.1,lr5e-05_bs32_modL1_fusion64_fusionL1_drop0p1_trmiss50_trlocradio,11,0.5486676792303721,0.75334033370018,0.45798319327731096,0.578502781359879,0.6222222222222222,0.0,0.0,0.0,0.0,0.0,0.0,0.0,0.0,0.0,2002,radio,0.5
4,1,lr5e-05_bs32_modL1_fusion64_fusionL1_drop0p1_trmiss50_trlocradio,32,5e-05,1,64,1,0.1,lr5e-05_bs32_modL1_fusion64_fusionL1_drop0p1_trmiss50_trlocradio,12,0.5339082429806391,0.751622885465622,0.45378151260504207,0.577112870556848,0.6222222222222222,0.0,0.0,0.0,0.0,0.0,0.0,0.0,0.0,0.0,2002,radio,0.5
4,1,lr5e-05_bs32_modL1_fusion64_fusionL1_drop0p1_trmiss50_trlocradio,32,5e-05,1,64,1,0.1,lr5e-05_bs32_modL1_fusion64_fusionL1_drop0p1_trmiss50_trlocradio,13,0.5302630066871643,0.7522829174995422,0.4432773109243698,0.573966485370716,0.6222222222222222,0.0,0.0,0.0,0.0,0.0,0.0,0.0,0.0,0.0,2002,radio,0.5
4,1,lr5e-05_bs32_modL1_fusion64_fusionL1_drop0p1_trmiss50_trlocradio,32,5e-05,1,64,1,0.1,lr5e-05_bs32_modL1_fusion64_fusionL1_drop0p1_trmiss50_trlocradio,14,0.5339570244153341,0.7535611689090729,0.43487394957983194,0.5708757168995849,0.6222222222222222,0.0,0.0,0.0,0.0,0.0,0.0,0.0,0.0,0.0,2002,radio,0.5
4,1,lr5e-05_bs32_modL1_fusion64_fusionL1_drop0p1_trmiss50_trlocradio,32,5e-05,1,64,1,0.1,lr5e-05_bs32_modL1_fusion64_fusionL1_drop0p1_trmiss50_trlocradio,15,0.5335630973180135,0.7548357248306274,0.4453781512605042,0.5758137039590061,0.6222222222222222,0.0,0.0,0.0,0.0,0.0,0.0,0.0,0.0,0.0,2002,radio,0.5
4,1,lr5e-05_bs32_modL1_fusion64_fusionL1_drop0p1_trmiss50_trlocradio,32,5e-05,1,64,1,0.1,lr5e-05_bs32_modL1_fusion64_fusionL1_drop0p1_trmiss50_trlocradio,16,0.5284929573535919,0.755332350730896,0.44537815126050423,0.5751126062687058,0.6222222222222222,0.0,0.0,0.0,0.0,0.0,0.0,0.0,0.0,0.0,2002,radio,0.5
4,1,lr5e-05_bs32_modL1_fusion64_fusionL1_drop0p1_trmiss50_trlocradio,32,5e-05,1,64,1,0.1,lr5e-05_bs32_modL1_fusion64_fusionL1_drop0p1_trmiss50_trlocradio,17,0.5205511550108591,0.7550723552703857,0.4411764705882353,0.5747914034968418,0.6,0.0,0.0,0.0,0.0,0.0,0.0,0.0,0.0,0.0,2002,radio,0.5
4,1,lr5e-05_bs32_modL1_fusion64_fusionL1_drop0p1_trmiss50_trlocradio,32,5e-05,1,64,1,0.1,lr5e-05_bs32_modL1_fusion64_fusionL1_drop0p1_trmiss50_trlocradio,18,0.5264158248901367,0.758184403181076,0.43487394957983194,0.5738559236759098,0.6,0.0,0.0,0.0,0.0,0.0,0.0,0.0,0.0,0.0,2002,radio,0.5
4,1,lr5e-05_bs32_modL1_fusion64_fusionL1_drop0p1_trmiss50_trlocradio,32,5e-05,1,64,1,0.1,lr5e-05_bs32_modL1_fusion64_fusionL1_drop0p1_trmiss50_trlocradio,19,0.5174300422271093,0.7611380219459534,0.43487394957983194,0.5738559236759098,0.6,0.0,0.0,0.0,0.0,0.0,0.0,0.0,0.0,0.0,2002,radio,0.5
4,1,lr5e-05_bs32_modL1_fusion64_fusionL1_drop0p1_trmiss50_trlocradio,32,5e-05,1,64,1,0.1,lr5e-05_bs32_modL1_fusion64_fusionL1_drop0p1_trmiss50_trlocradio,20,0.5141757478316625,0.7615929245948792,0.430672268907563,0.5724634474935176,0.6,0.0,0.0,0.0,0.0,0.0,0.0,0.0,0.0,0.0,2002,radio,0.5
4,1,lr5e-05_bs32_modL1_fusion64_fusionL1_drop0p1_trmiss50_trlocradio,32,5e-05,1,64,1,0.1,lr5e-05_bs32_modL1_fusion64_fusionL1_drop0p1_trmiss50_trlocradio,21,0.5240228225787481,0.7628556787967682,0.4264705882352941,0.5722889204022059,0.5777777777777777,0.0,0.0,0.0,0.0,0.0,0.0,0.0,0.0,0.0,2002,radio,0.5
4,1,lr5e-05_bs32_modL1_fusion64_fusionL1_drop0p1_trmiss50_trlocradio,32,5e-05,1,64,1,0.1,lr5e-05_bs32_modL1_fusion64_fusionL1_drop0p1_trmiss50_trlocradio,22,0.5127148429552714,0.7617299556732178,0.4327731092436975,0.5752749714013141,0.5777777777777777,0.0,0.0,0.0,0.0,0.0,0.0,0.0,0.0,0.0,2002,radio,0.5
4,1,lr5e-05_bs32_modL1_fusion64_fusionL1_drop0p1_trmiss50_trlocradio,32,5e-05,1,64,1,0.1,lr5e-05_bs32_modL1_fusion64_fusionL1_drop0p1_trmiss50_trlocradio,23,0.5234434803326925,0.7613284587860107,0.43487394957983194,0.5768305476451896,0.6,0.0,0.0,0.0,0.0,0.0,0.0,0.0,0.0,0.0,2002,radio,0.5
4,1,lr5e-05_bs32_modL1_fusion64_fusionL1_drop0p1_trmiss50_trlocradio,32,5e-05,1,64,1,0.1,lr5e-05_bs32_modL1_fusion64_fusionL1_drop0p1_trmiss50_trlocradio,24,0.5127610415220261,0.762217104434967,0.4264705882352941,0.5737879280728164,0.5777777777777777,0.0,0.0,0.0,0.0,0.0,0.0,0.0,0.0,0.0,2002,radio,0.5
4,1,lr5e-05_bs32_modL1_fusion64_fusionL1_drop0p1_trmiss50_trlocradio,32,5e-05,1,64,1,0.1,lr5e-05_bs32_modL1_fusion64_fusionL1_drop0p1_trmiss50_trlocradio,25,0.4903806298971176,0.7630271017551422,0.4222689075630252,0.5730261809252771,0.5777777777777777,0.0,0.0,0.0,0.0,0.0,0.0,0.0,0.0,0.0,2002,radio,0.5
4,1,lr5e-05_bs32_modL1_fusion64_fusionL1_drop0p1_trmiss50_trlocradio,32,5e-05,1,64,1,0.1,lr5e-05_bs32_modL1_fusion64_fusionL1_drop0p1_trmiss50_trlocradio,26,0.5089892347653707,0.7610399723052979,0.42647058823529405,0.5715582606092086,0.5777777777777777,0.0,0.0,0.0,0.0,0.0,0.0,0.0,0.0,0.0,2002,radio,0.5
4,1,lr1e-04_bs32_modL1_fusion32_fusionL1_drop0p2_trmiss50_trlocradio,32,0.0001,1,32,1,0.2,lr1e-04_bs32_modL1_fusion32_fusionL1_drop0p2_trmiss50_trlocradio,1,0.7302698791027069,0.6988709270954132,0.42226890756302515,0.5635841708041645,0.5111111111111111,0.0,0.0,0.0,0.0,0.0,0.0,0.0,0.0,0.0,2002,radio,0.5
4,1,lr1e-04_bs32_modL1_fusion32_fusionL1_drop0p2_trmiss50_trlocradio,32,0.0001,1,32,1,0.2,lr1e-04_bs32_modL1_fusion32_fusionL1_drop0p2_trmiss50_trlocradio,2,0.6776055792967478,0.7062373459339142,0.4096638655462185,0.5551753188428221,0.5333333333333333,0.0,0.0,0.0,0.0,0.0,0.0,0.0,0.0,0.0,2002,radio,0.5
4,1,lr1e-04_bs32_modL1_fusion32_fusionL1_drop0p2_trmiss50_trlocradio,32,0.0001,1,32,1,0.2,lr1e-04_bs32_modL1_fusion32_fusionL1_drop0p2_trmiss50_trlocradio,3,0.6702244877815247,0.711724728345871,0.39915966386554624,0.5658130543513731,0.4666666666666667,0.0,0.0,0.0,0.0,0.0,0.0,0.0,0.0,0.0,2002,radio,0.5
4,1,lr1e-04_bs32_modL1_fusion32_fusionL1_drop0p2_trmiss50_trlocradio,32,0.0001,1,32,1,0.2,lr1e-04_bs32_modL1_fusion32_fusionL1_drop0p2_trmiss50_trlocradio,4,0.6261433164278666,0.7159478068351746,0.36764705882352944,0.5504613146862884,0.4222222222222222,0.0,0.0,0.0,0.0,0.0,0.0,0.0,0.0,0.0,2002,radio,0.5
4,1,lr1e-04_bs32_modL1_fusion32_fusionL1_drop0p2_trmiss50_trlocradio,32,0.0001,1,32,1,0.2,lr1e-04_bs32_modL1_fusion32_fusionL1_drop0p2_trmiss50_trlocradio,5,0.6178935964902242,0.7152894139289856,0.3739495798319328,0.5541793045864067,0.4,0.0,0.0,0.0,0.0,0.0,0.0,0.0,0.0,0.0,2002,radio,0.5
4,1,lr1e-04_bs32_modL1_fusion32_fusionL1_drop0p2_trmiss50_trlocradio,32,0.0001,1,32,1,0.2,lr1e-04_bs32_modL1_fusion32_fusionL1_drop0p2_trmiss50_trlocradio,6,0.6071502765019735,0.7114499807357788,0.39285714285714285,0.5677279516173372,0.4444444444444444,0.0,0.0,0.0,0.0,0.0,0.0,0.0,0.0,0.0,2002,radio,0.5
4,1,lr1e-04_bs32_modL1_fusion32_fusionL1_drop0p2_trmiss50_trlocradio,32,0.0001,1,32,1,0.2,lr1e-04_bs32_modL1_fusion32_fusionL1_drop0p2_trmiss50_trlocradio,7,0.5923029085000356,0.7085750102996826,0.42226890756302515,0.582534006618429,0.4444444444444444,0.0,0.0,0.0,0.0,0.0,0.0,0.0,0.0,0.0,2002,radio,0.5
4,1,lr1e-04_bs32_modL1_fusion32_fusionL1_drop0p2_trmiss50_trlocradio,32,0.0001,1,32,1,0.2,lr1e-04_bs32_modL1_fusion32_fusionL1_drop0p2_trmiss50_trlocradio,8,0.5674512982368469,0.7071485221385956,0.4159663865546218,0.580919269741707,0.4666666666666667,0.0,0.0,0.0,0.0,0.0,0.0,0.0,0.0,0.0,2002,radio,0.5
4,1,lr1e-04_bs32_modL1_fusion32_fusionL1_drop0p2_trmiss50_trlocradio,32,0.0001,1,32,1,0.2,lr1e-04_bs32_modL1_fusion32_fusionL1_drop0p2_trmiss50_trlocradio,9,0.5624556442101797,0.7077735662460327,0.4117647058823529,0.5766183104823238,0.5333333333333333,0.0,0.0,0.0,0.0,0.0,0.0,0.0,0.0,0.0,2002,radio,0.5
4,1,lr1e-04_bs32_modL1_fusion32_fusionL1_drop0p2_trmiss50_trlocradio,32,0.0001,1,32,1,0.2,lr1e-04_bs32_modL1_fusion32_fusionL1_drop0p2_trmiss50_trlocradio,10,0.5715427696704865,0.7094002366065979,0.4180672268907563,0.5797446433251171,0.5333333333333333,0.0,0.0,0.0,0.0,0.0,0.0,0.0,0.0,0.0,2002,radio,0.5
4,1,lr1e-04_bs32_modL1_fusion32_fusionL1_drop0p2_trmiss50_trlocradio,32,0.0001,1,32,1,0.2,lr1e-04_bs32_modL1_fusion32_fusionL1_drop0p2_trmiss50_trlocradio,11,0.5716757675011953,0.7063476741313934,0.43487394957983194,0.5910385660602792,0.5555555555555556,0.0,0.0,0.0,0.0,0.0,0.0,0.0,0.0,0.0,2002,radio,0.5
4,1,lr1e-04_bs32_modL1_fusion32_fusionL1_drop0p2_trmiss50_trlocradio,32,0.0001,1,32,1,0.2,lr1e-04_bs32_modL1_fusion32_fusionL1_drop0p2_trmiss50_trlocradio,12,0.5501566479603449,0.7049220502376556,0.43907563025210083,0.5977344753608634,0.5555555555555556,0.0,0.0,0.0,0.0,0.0,0.0,0.0,0.0,0.0,2002,radio,0.5
4,1,lr1e-04_bs32_modL1_fusion32_fusionL1_drop0p2_trmiss50_trlocradio,32,0.0001,1,32,1,0.2,lr1e-04_bs32_modL1_fusion32_fusionL1_drop0p2_trmiss50_trlocradio,13,0.545949806769689,0.7034925222396851,0.4411764705882353,0.6015419982023668,0.5555555555555556,0.0,0.0,0.0,0.0,0.0,0.0,0.0,0.0,0.0,2002,radio,0.5
4,1,lr1e-04_bs32_modL1_fusion32_fusionL1_drop0p2_trmiss50_trlocradio,32,0.0001,1,32,1,0.2,lr1e-04_bs32_modL1_fusion32_fusionL1_drop0p2_trmiss50_trlocradio,14,0.5456748505433401,0.7024449706077576,0.4495798319327732,0.6059967599418228,0.5111111111111111,0.0,0.0,0.0,0.0,0.0,0.0,0.0,0.0,0.0,2002,radio,0.5
4,1,lr1e-04_bs32_modL1_fusion32_fusionL1_drop0p2_trmiss50_trlocradio,32,0.0001,1,32,1,0.2,lr1e-04_bs32_modL1_fusion32_fusionL1_drop0p2_trmiss50_trlocradio,15,0.5510666370391846,0.7014403939247131,0.4600840336134454,0.6111808342262975,0.5111111111111111,0.0,0.0,0.0,0.0,0.0,0.0,0.0,0.0,0.0,2002,radio,0.5
4,1,lr1e-04_bs32_modL1_fusion32_fusionL1_drop0p2_trmiss50_trlocradio,32,0.0001,1,32,1,0.2,lr1e-04_bs32_modL1_fusion32_fusionL1_drop0p2_trmiss50_trlocradio,16,0.5423438251018524,0.6998855173587799,0.4516806722689076,0.6067206814654337,0.5111111111111111,0.0,0.0,0.0,0.0,0.0,0.0,0.0,0.0,0.0,2002,radio,0.5
4,1,lr1e-04_bs32_modL1_fusion32_fusionL1_drop0p2_trmiss50_trlocradio,32,0.0001,1,32,1,0.2,lr1e-04_bs32_modL1_fusion32_fusionL1_drop0p2_trmiss50_trlocradio,17,0.5390839874744415,0.6988173127174377,0.46218487394957986,0.6151385885074402,0.5111111111111111,0.0,0.0,0.0,0.0,0.0,0.0,0.0,0.0,0.0,2002,radio,0.5
4,1,lr1e-04_bs32_modL1_fusion32_fusionL1_drop0p2_trmiss50_trlocradio,32,0.0001,1,32,1,0.2,lr1e-04_bs32_modL1_fusion32_fusionL1_drop0p2_trmiss50_trlocradio,18,0.5522685945034027,0.6993138790130615,0.4642857142857143,0.6156037114150062,0.5111111111111111,0.0,0.0,0.0,0.0,0.0,0.0,0.0,0.0,0.0,2002,radio,0.5
4,1,lr1e-04_bs32_modL1_fusion32_fusionL1_drop0p2_trmiss50_trlocradio,32,0.0001,1,32,1,0.2,lr1e-04_bs32_modL1_fusion32_fusionL1_drop0p2_trmiss50_trlocradio,19,0.5201733311017355,0.700044721364975,0.45168067226890757,0.6129529391061129,0.4888888888888889,0.0,0.0,0.0,0.0,0.0,0.0,0.0,0.0,0.0,2002,radio,0.5
4,1,lr1e-04_bs32_modL1_fusion32_fusionL1_drop0p2_trmiss50_trlocradio,32,0.0001,1,32,1,0.2,lr1e-04_bs32_modL1_fusion32_fusionL1_drop0p2_trmiss50_trlocradio,20,0.5420331160227457,0.7000055909156799,0.453781512605042,0.6128411655699697,0.5111111111111111,0.0,0.0,0.0,0.0,0.0,0.0,0.0,0.0,0.0,2002,radio,0.5
4,1,lr1e-04_bs32_modL1_fusion32_fusionL1_drop0p2_trmiss50_trlocradio,32,0.0001,1,32,1,0.2,lr1e-04_bs32_modL1_fusion32_fusionL1_drop0p2_trmiss50_trlocradio,21,0.5371202280124029,0.7003251910209656,0.4495798319327731,0.6060784191676832,0.4888888888888889,0.0,0.0,0.0,0.0,0.0,0.0,0.0,0.0,0.0,2002,radio,0.5
4,1,lr1e-04_bs32_modL1_fusion32_fusionL1_drop0p2_trmiss50_trlocradio,32,0.0001,1,32,1,0.2,lr1e-04_bs32_modL1_fusion32_fusionL1_drop0p2_trmiss50_trlocradio,22,0.5431506286064783,0.7001085579395294,0.45798319327731096,0.6112098410955934,0.5111111111111111,0.0,0.0,0.0,0.0,0.0,0.0,0.0,0.0,0.0,2002,radio,0.5
4,1,lr1e-04_bs32_modL1_fusion32_fusionL1_drop0p2_trmiss50_trlocradio,32,0.0001,1,32,1,0.2,lr1e-04_bs32_modL1_fusion32_fusionL1_drop0p2_trmiss50_trlocradio,23,0.5172540694475174,0.7004583179950714,0.46008403361344546,0.6099253576398479,0.5333333333333333,0.0,0.0,0.0,0.0,0.0,0.0,0.0,0.0,0.0,2002,radio,0.5
4,1,lr1e-04_bs32_modL1_fusion32_fusionL1_drop0p2_trmiss50_trlocradio,32,0.0001,1,32,1,0.2,lr1e-04_bs32_modL1_fusion32_fusionL1_drop0p2_trmiss50_trlocradio,24,0.5349197139342626,0.7003098726272583,0.45588235294117646,0.6093000928215799,0.5111111111111111,0.0,0.0,0.0,0.0,0.0,0.0,0.0,0.0,0.0,2002,radio,0.5
4,1,lr1e-04_bs32_modL1_fusion32_fusionL1_drop0p2_trmiss50_trlocradio,32,0.0001,1,32,1,0.2,lr1e-04_bs32_modL1_fusion32_fusionL1_drop0p2_trmiss50_trlocradio,25,0.5237378825743993,0.7012988924980164,0.4558823529411765,0.6113346033491217,0.5111111111111111,0.0,0.0,0.0,0.0,0.0,0.0,0.0,0.0,0.0,2002,radio,0.5
4,1,lr1e-04_bs32_modL1_fusion32_fusionL1_drop0p2_trmiss50_trlocradio,32,0.0001,1,32,1,0.2,lr1e-04_bs32_modL1_fusion32_fusionL1_drop0p2_trmiss50_trlocradio,26,0.515321304400762,0.7007765769958496,0.4621848739495798,0.6130581973542876,0.5111111111111111,0.0,0.0,0.0,0.0,0.0,0.0,0.0,0.0,0.0,2002,radio,0.5
4,1,lr1e-04_bs32_modL1_fusion32_fusionL1_drop0p2_trmiss50_trlocradio,32,0.0001,1,32,1,0.2,lr1e-04_bs32_modL1_fusion32_fusionL1_drop0p2_trmiss50_trlocradio,27,0.5173310339450836,0.7016865015029907,0.46218487394957986,0.616203801772327,0.5111111111111111,0.0,0.0,0.0,0.0,0.0,0.0,0.0,0.0,0.0,2002,radio,0.5
4,1,lr1e-04_bs32_modL1_fusion32_fusionL1_drop0p2_trmiss50_trlocradio,32,0.0001,1,32,1,0.2,lr1e-04_bs32_modL1_fusion32_fusionL1_drop0p2_trmiss50_trlocradio,28,0.50806292394797,0.7028486132621765,0.453781512605042,0.6092304122881638,0.4888888888888889,0.0,0.0,0.0,0.0,0.0,0.0,0.0,0.0,0.0,2002,radio,0.5
4,1,lr1e-04_bs32_modL1_fusion32_fusionL1_drop0p2_trmiss50_trlocradio,32,0.0001,1,32,1,0.2,lr1e-04_bs32_modL1_fusion32_fusionL1_drop0p2_trmiss50_trlocradio,29,0.5309083014726639,0.7012946605682373,0.453781512605042,0.6074702996409543,0.4888888888888889,0.0,0.0,0.0,0.0,0.0,0.0,0.0,0.0,0.0,2002,radio,0.5
4,1,lr1e-04_bs32_modL1_fusion32_fusionL1_drop0p2_trmiss50_trlocradio,32,0.0001,1,32,1,0.2,lr1e-04_bs32_modL1_fusion32_fusionL1_drop0p2_trmiss50_trlocradio,30,0.5056547025839487,0.7009012997150421,0.4558823529411765,0.6086849331050376,0.5111111111111111,0.0,0.0,0.0,0.0,0.0,0.0,0.0,0.0,0.0,2002,radio,0.5
4,1,lr1e-04_bs32_modL1_fusion32_fusionL1_drop0p2_trmiss50_trlocradio,32,0.0001,1,32,1,0.2,lr1e-04_bs32_modL1_fusion32_fusionL1_drop0p2_trmiss50_trlocradio,31,0.5157348960638046,0.7001722157001495,0.46218487394957986,0.6137166053623196,0.4888888888888889,0.0,0.0,0.0,0.0,0.0,0.0,0.0,0.0,0.0,2002,radio,0.5
4,1,lr1e-04_bs32_modL1_fusion32_fusionL1_drop0p2_trmiss50_trlocradio,32,0.0001,1,32,1,0.2,lr1e-04_bs32_modL1_fusion32_fusionL1_drop0p2_trmiss50_trlocradio,32,0.5247384508450826,0.7021976411342621,0.4579831932773109,0.611666891314364,0.5111111111111111,0.0,0.0,0.0,0.0,0.0,0.0,0.0,0.0,0.0,2002,radio,0.5
4,1,lr1e-04_bs32_modL1_fusion32_fusionL1_drop0p2_trmiss50_trlocradio,32,0.0001,1,32,1,0.2,lr1e-04_bs32_modL1_fusion32_fusionL1_drop0p2_trmiss50_trlocradio,33,0.511307472983996,0.6992168128490448,0.4600840336134454,0.6260507972408973,0.5111111111111111,0.0,0.0,0.0,0.0,0.0,0.0,0.0,0.0,0.0,2002,radio,0.5
4,1,lr1e-04_bs32_modL1_fusion32_fusionL1_drop0p2_trmiss50_trlocradio,32,0.0001,1,32,1,0.2,lr1e-04_bs32_modL1_fusion32_fusionL1_drop0p2_trmiss50_trlocradio,34,0.5154638886451721,0.7007209360599518,0.4558823529411765,0.6152631088673486,0.4888888888888889,0.0,0.0,0.0,0.0,0.0,0.0,0.0,0.0,0.0,2002,radio,0.5
4,1,lr1e-04_bs32_modL1_fusion32_fusionL1_drop0p2_trmiss50_trlocradio,32,0.0001,1,32,1,0.2,lr1e-04_bs32_modL1_fusion32_fusionL1_drop0p2_trmiss50_trlocradio,35,0.5137801071008047,0.7017349898815155,0.45378151260504207,0.6088417990846943,0.4888888888888889,0.0,0.0,0.0,0.0,0.0,0.0,0.0,0.0,0.0,2002,radio,0.5
4,1,lr1e-04_bs32_modL1_fusion32_fusionL1_drop0p2_trmiss50_trlocradio,32,0.0001,1,32,1,0.2,lr1e-04_bs32_modL1_fusion32_fusionL1_drop0p2_trmiss50_trlocradio,36,0.5171056787172953,0.7016808688640594,0.46218487394957986,0.6142762309219453,0.4888888888888889,0.0,0.0,0.0,0.0,0.0,0.0,0.0,0.0,0.0,2002,radio,0.5
4,1,lr1e-04_bs32_modL1_fusion32_fusionL1_drop0p2_trmiss50_trlocradio,32,0.0001,1,32,1,0.2,lr1e-04_bs32_modL1_fusion32_fusionL1_drop0p2_trmiss50_trlocradio,37,0.5025405486424764,0.7015653550624847,0.4600840336134454,0.6119892332720444,0.5111111111111111,0.0,0.0,0.0,0.0,0.0,0.0,0.0,0.0,0.0,2002,radio,0.5
4,1,lr1e-04_bs32_modL1_fusion32_fusionL1_drop0p2_trmiss50_trlocradio,32,0.0001,1,32,1,0.2,lr1e-04_bs32_modL1_fusion32_fusionL1_drop0p2_trmiss50_trlocradio,38,0.530339111884435,0.7015400230884552,0.46218487394957986,0.61133507520329,0.4888888888888889,0.0,0.0,0.0,0.0,0.0,0.0,0.0,0.0,0.0,2002,radio,0.5
4,1,lr1e-04_bs32_modL1_fusion32_fusionL1_drop0p1_trmiss50_trlocradio,32,0.0001,1,32,1,0.1,lr1e-04_bs32_modL1_fusion32_fusionL1_drop0p1_trmiss50_trlocradio,1,0.7576788167158762,0.6837597787380219,0.6785714285714286,0.797599098174963,0.4,0.0,0.0,0.0,0.0,0.0,0.0,0.0,0.0,0.0,2002,radio,0.5
4,1,lr1e-04_bs32_modL1_fusion32_fusionL1_drop0p1_trmiss50_trlocradio,32,0.0001,1,32,1,0.1,lr1e-04_bs32_modL1_fusion32_fusionL1_drop0p1_trmiss50_trlocradio,2,0.7069864869117737,0.6777748465538025,0.7037815126050421,0.7962420651813497,0.5333333333333333,0.0,0.0,0.0,0.0,0.0,0.0,0.0,0.0,0.0,2002,radio,0.5
4,1,lr1e-04_bs32_modL1_fusion32_fusionL1_drop0p1_trmiss50_trlocradio,32,0.0001,1,32,1,0.1,lr1e-04_bs32_modL1_fusion32_fusionL1_drop0p1_trmiss50_trlocradio,3,0.6814146737257639,0.6726932227611542,0.6848739495798319,0.7942521264644449,0.5777777777777777,0.0,0.0,0.0,0.0,0.0,0.0,0.0,0.0,0.0,2002,radio,0.5
4,1,lr1e-04_bs32_modL1_fusion32_fusionL1_drop0p1_trmiss50_trlocradio,32,0.0001,1,32,1,0.1,lr1e-04_bs32_modL1_fusion32_fusionL1_drop0p1_trmiss50_trlocradio,4,0.6511618196964264,0.6700727045536041,0.6722689075630253,0.7936254013413583,0.5555555555555556,0.0,0.0,0.0,0.0,0.0,0.0,0.0,0.0,0.0,2002,radio,0.5
4,1,lr1e-04_bs32_modL1_fusion32_fusionL1_drop0p1_trmiss50_trlocradio,32,0.0001,1,32,1,0.1,lr1e-04_bs32_modL1_fusion32_fusionL1_drop0p1_trmiss50_trlocradio,5,0.6371568342049917,0.6663145124912262,0.6701680672268907,0.8065923320643749,0.5777777777777777,0.0,0.0,0.0,0.0,0.0,0.0,0.0,0.0,0.0,2002,radio,0.5
4,1,lr1e-04_bs32_modL1_fusion32_fusionL1_drop0p1_trmiss50_trlocradio,32,0.0001,1,32,1,0.1,lr1e-04_bs32_modL1_fusion32_fusionL1_drop0p1_trmiss50_trlocradio,6,0.6237936317920685,0.6626311242580414,0.6596638655462185,0.8024283145214836,0.5777777777777777,0.0,0.0,0.0,0.0,0.0,0.0,0.0,0.0,0.0,2002,radio,0.5
4,1,lr1e-04_bs32_modL1_fusion32_fusionL1_drop0p1_trmiss50_trlocradio,32,0.0001,1,32,1,0.1,lr1e-04_bs32_modL1_fusion32_fusionL1_drop0p1_trmiss50_trlocradio,7,0.6060763299465179,0.6634763479232788,0.6722689075630253,0.8068525068843629,0.5111111111111111,0.0,0.0,0.0,0.0,0.0,0.0,0.0,0.0,0.0,2002,radio,0.5
4,1,lr1e-04_bs32_modL1_fusion32_fusionL1_drop0p1_trmiss50_trlocradio,32,0.0001,1,32,1,0.1,lr1e-04_bs32_modL1_fusion32_fusionL1_drop0p1_trmiss50_trlocradio,8,0.6004659533500671,0.667346179485321,0.6533613445378151,0.792877353037078,0.5111111111111111,0.0,0.0,0.0,0.0,0.0,0.0,0.0,0.0,0.0,2002,radio,0.5
4,1,lr1e-04_bs32_modL1_fusion32_fusionL1_drop0p1_trmiss50_trlocradio,32,0.0001,1,32,1,0.1,lr1e-04_bs32_modL1_fusion32_fusionL1_drop0p1_trmiss50_trlocradio,9,0.5702200631300608,0.6661967933177948,0.6407563025210083,0.7671762040957404,0.5333333333333333,0.0,0.0,0.0,0.0,0.0,0.0,0.0,0.0,0.0,2002,radio,0.5
4,1,lr1e-04_bs32_modL1_fusion32_fusionL1_drop0p1_trmiss50_trlocradio,32,0.0001,1,32,1,0.1,lr1e-04_bs32_modL1_fusion32_fusionL1_drop0p1_trmiss50_trlocradio,10,0.5786799887816111,0.6641333401203156,0.6491596638655462,0.7691400184926951,0.5555555555555556,0.0,0.0,0.0,0.0,0.0,0.0,0.0,0.0,0.0,2002,radio,0.5
4,1,lr1e-04_bs32_modL1_fusion32_fusionL1_drop0p1_trmiss50_trlocradio,32,0.0001,1,32,1,0.1,lr1e-04_bs32_modL1_fusion32_fusionL1_drop0p1_trmiss50_trlocradio,11,0.5510277499755224,0.6650147140026093,0.6449579831932772,0.7482105755276182,0.5777777777777777,0.0,0.0,0.0,0.0,0.0,0.0,0.0,0.0,0.0,2002,radio,0.5
4,1,lr1e-04_bs32_modL1_fusion32_fusionL1_drop0p1_trmiss50_trlocradio,32,0.0001,1,32,1,0.1,lr1e-04_bs32_modL1_fusion32_fusionL1_drop0p1_trmiss50_trlocradio,12,0.5355273882548014,0.6685720086097717,0.6176470588235294,0.7266678625291598,0.5777777777777777,0.0,0.0,0.0,0.0,0.0,0.0,0.0,0.0,0.0,2002,radio,0.5
4,1,lr1e-04_bs32_modL1_fusion32_fusionL1_drop0p1_trmiss50_trlocradio,32,0.0001,1,32,1,0.1,lr1e-04_bs32_modL1_fusion32_fusionL1_drop0p1_trmiss50_trlocradio,13,0.5371147046486536,0.668491393327713,0.615546218487395,0.7118406205886654,0.5777777777777777,0.0,0.0,0.0,0.0,0.0,0.0,0.0,0.0,0.0,2002,radio,0.5
4,1,lr1e-04_bs32_modL1_fusion32_fusionL1_drop0p1_trmiss50_trlocradio,32,0.0001,1,32,1,0.1,lr1e-04_bs32_modL1_fusion32_fusionL1_drop0p1_trmiss50_trlocradio,14,0.5352744807799658,0.6687866747379303,0.6134453781512605,0.7072760420630894,0.5777777777777777,0.0,0.0,0.0,0.0,0.0,0.0,0.0,0.0,0.0,2002,radio,0.5
4,1,lr1e-04_bs32_modL1_fusion32_fusionL1_drop0p1_trmiss50_trlocradio,32,0.0001,1,32,1,0.1,lr1e-04_bs32_modL1_fusion32_fusionL1_drop0p1_trmiss50_trlocradio,15,0.514813169836998,0.6695967614650726,0.6134453781512605,0.7226719088737634,0.5555555555555556,0.0,0.0,0.0,0.0,0.0,0.0,0.0,0.0,0.0,2002,radio,0.5
4,1,lr1e-04_bs32_modL1_fusion32_fusionL1_drop0p1_trmiss50_trlocradio,32,0.0001,1,32,1,0.1,lr1e-04_bs32_modL1_fusion32_fusionL1_drop0p1_trmiss50_trlocradio,16,0.5140887101491293,0.6698229908943176,0.6071428571428572,0.719219121792906,0.5333333333333333,0.0,0.0,0.0,0.0,0.0,0.0,0.0,0.0,0.0,2002,radio,0.5
4,1,lr1e-04_bs32_modL1_fusion32_fusionL1_drop0p1_trmiss50_trlocradio,32,0.0001,1,32,1,0.1,lr1e-04_bs32_modL1_fusion32_fusionL1_drop0p1_trmiss50_trlocradio,17,0.5164623508850733,0.670579344034195,0.6092436974789917,0.7090831191386984,0.5111111111111111,0.0,0.0,0.0,0.0,0.0,0.0,0.0,0.0,0.0,2002,radio,0.5
4,1,lr1e-04_bs32_modL1_fusion32_fusionL1_drop0p1_trmiss50_trlocradio,32,0.0001,1,32,1,0.1,lr1e-04_bs32_modL1_fusion32_fusionL1_drop0p1_trmiss50_trlocradio,18,0.5158619383970896,0.6697255074977875,0.615546218487395,0.7370628577019609,0.4888888888888889,0.0,0.0,0.0,0.0,0.0,0.0,0.0,0.0,0.0,2002,radio,0.5
4,1,lr1e-04_bs32_modL1_fusion32_fusionL1_drop0p1_trmiss50_trlocradio,32,0.0001,1,32,1,0.1,lr1e-04_bs32_modL1_fusion32_fusionL1_drop0p1_trmiss50_trlocradio,19,0.49722525477409363,0.6686311066150665,0.615546218487395,0.7362655093128132,0.5333333333333333,0.0,0.0,0.0,0.0,0.0,0.0,0.0,0.0,0.0,2002,radio,0.5
4,1,lr1e-04_bs32_modL1_fusion32_fusionL1_drop0p1_trmiss50_trlocradio,32,0.0001,1,32,1,0.1,lr1e-04_bs32_modL1_fusion32_fusionL1_drop0p1_trmiss50_trlocradio,20,0.5119975656270981,0.6693093478679657,0.6134453781512605,0.7342184240876273,0.5111111111111111,0.0,0.0,0.0,0.0,0.0,0.0,0.0,0.0,0.0,2002,radio,0.5
4,1,lr1e-04_bs32_modL1_fusion32_fusionL1_drop0p1_trmiss50_trlocradio,32,0.0001,1,32,1,0.1,lr1e-04_bs32_modL1_fusion32_fusionL1_drop0p1_trmiss50_trlocradio,21,0.49184998373190564,0.6706650853157043,0.6092436974789917,0.7308166562003415,0.5111111111111111,0.0,0.0,0.0,0.0,0.0,0.0,0.0,0.0,0.0,2002,radio,0.5
4,1,lr1e-04_bs32_modL1_fusion32_fusionL1_drop0p1_trmiss50_trlocradio,32,0.0001,1,32,1,0.1,lr1e-04_bs32_modL1_fusion32_fusionL1_drop0p1_trmiss50_trlocradio,22,0.47965159515539807,0.6690302193164825,0.6197478991596639,0.7384617564222882,0.5111111111111111,0.0,0.0,0.0,0.0,0.0,0.0,0.0,0.0,0.0,2002,radio,0.5
4,1,lr1e-04_bs32_modL1_fusion32_fusionL1_drop0p1_trmiss50_trlocradio,32,0.0001,1,32,1,0.1,lr1e-04_bs32_modL1_fusion32_fusionL1_drop0p1_trmiss50_trlocradio,23,0.491788571079572,0.6707600057125092,0.6176470588235294,0.7183496073257868,0.5333333333333333,0.0,0.0,0.0,0.0,0.0,0.0,0.0,0.0,0.0,2002,radio,0.5
4,1,lr1e-04_bs32_modL1_fusion32_fusionL1_drop0p1_trmiss50_trlocradio,32,0.0001,1,32,1,0.1,lr1e-04_bs32_modL1_fusion32_fusionL1_drop0p1_trmiss50_trlocradio,24,0.493057981133461,0.6716293394565582,0.6134453781512605,0.7154167293929089,0.5111111111111111,0.0,0.0,0.0,0.0,0.0,0.0,0.0,0.0,0.0,2002,radio,0.5
4,1,lr1e-04_bs32_modL1_fusion32_fusionL1_drop0p1_trmiss50_trlocradio,32,0.0001,1,32,1,0.1,lr1e-04_bs32_modL1_fusion32_fusionL1_drop0p1_trmiss50_trlocradio,25,0.4971723010142644,0.6746660470962524,0.6071428571428572,0.7135776681716033,0.5111111111111111,0.0,0.0,0.0,0.0,0.0,0.0,0.0,0.0,0.0,2002,radio,0.5
4,1,lr1e-04_bs32_modL1_fusion32_fusionL1_drop0p1_trmiss50_trlocradio,32,0.0001,1,32,1,0.1,lr1e-04_bs32_modL1_fusion32_fusionL1_drop0p1_trmiss50_trlocradio,26,0.48655496040980023,0.6726113259792328,0.6092436974789917,0.7306709101208002,0.5111111111111111,0.0,0.0,0.0,0.0,0.0,0.0,0.0,0.0,0.0,2002,radio,0.5
4,1,lr1e-04_bs32_modL1_fusion32_fusionL1_drop0p1_trmiss50_trlocradio,32,0.0001,1,32,1,0.1,lr1e-04_bs32_modL1_fusion32_fusionL1_drop0p1_trmiss50_trlocradio,27,0.4923667162656784,0.6709608733654022,0.6092436974789915,0.732697726622465,0.5333333333333333,0.0,0.0,0.0,0.0,0.0,0.0,0.0,0.0,0.0,2002,radio,0.5
4,1,lr1e-04_bs32_modL1_fusion64_fusionL1_drop0p2_trmiss50_trlocradio,32,0.0001,1,64,1,0.2,lr1e-04_bs32_modL1_fusion64_fusionL1_drop0p2_trmiss50_trlocradio,1,0.7320818702379862,0.6943139731884003,0.5,0.674769641081419,0.6,0.0,0.0,0.0,0.0,0.0,0.0,0.0,0.0,0.0,2002,radio,0.5
4,1,lr1e-04_bs32_modL1_fusion64_fusionL1_drop0p2_trmiss50_trlocradio,32,0.0001,1,64,1,0.2,lr1e-04_bs32_modL1_fusion64_fusionL1_drop0p2_trmiss50_trlocradio,2,0.6909154454867045,0.6956877708435059,0.5105042016806722,0.6848997679752749,0.5555555555555556,0.0,0.0,0.0,0.0,0.0,0.0,0.0,0.0,0.0,2002,radio,0.5
4,1,lr1e-04_bs32_modL1_fusion64_fusionL1_drop0p2_trmiss50_trlocradio,32,0.0001,1,64,1,0.2,lr1e-04_bs32_modL1_fusion64_fusionL1_drop0p2_trmiss50_trlocradio,3,0.6888288954893748,0.6951155960559845,0.5252100840336135,0.6911124393918402,0.5333333333333333,0.0,0.0,0.0,0.0,0.0,0.0,0.0,0.0,0.0,2002,radio,0.5
4,1,lr1e-04_bs32_modL1_fusion64_fusionL1_drop0p2_trmiss50_trlocradio,32,0.0001,1,64,1,0.2,lr1e-04_bs32_modL1_fusion64_fusionL1_drop0p2_trmiss50_trlocradio,4,0.6483998000621796,0.6931805312633514,0.5336134453781513,0.6956064091348503,0.5333333333333333,0.0,0.0,0.0,0.0,0.0,0.0,0.0,0.0,0.0,2002,radio,0.5
4,1,lr1e-04_bs32_modL1_fusion64_fusionL1_drop0p2_trmiss50_trlocradio,32,0.0001,1,64,1,0.2,lr1e-04_bs32_modL1_fusion64_fusionL1_drop0p2_trmiss50_trlocradio,5,0.6261783937613169,0.6921009123325348,0.5399159663865546,0.7035521208830211,0.5333333333333333,0.0,0.0,0.0,0.0,0.0,0.0,0.0,0.0,0.0,2002,radio,0.5
4,1,lr1e-04_bs32_modL1_fusion64_fusionL1_drop0p2_trmiss50_trlocradio,32,0.0001,1,64,1,0.2,lr1e-04_bs32_modL1_fusion64_fusionL1_drop0p2_trmiss50_trlocradio,6,0.6100533107916514,0.6864728927612305,0.5567226890756303,0.7111513491850373,0.5777777777777777,0.0,0.0,0.0,0.0,0.0,0.0,0.0,0.0,0.0,2002,radio,0.5
4,1,lr1e-04_bs32_modL1_fusion64_fusionL1_drop0p2_trmiss50_trlocradio,32,0.0001,1,64,1,0.2,lr1e-04_bs32_modL1_fusion64_fusionL1_drop0p2_trmiss50_trlocradio,7,0.6017455359299978,0.6840617060661316,0.5567226890756303,0.7110006865399031,0.5777777777777777,0.0,0.0,0.0,0.0,0.0,0.0,0.0,0.0,0.0,2002,radio,0.5
4,1,lr1e-04_bs32_modL1_fusion64_fusionL1_drop0p2_trmiss50_trlocradio,32,0.0001,1,64,1,0.2,lr1e-04_bs32_modL1_fusion64_fusionL1_drop0p2_trmiss50_trlocradio,8,0.6068268120288849,0.6860161125659943,0.5546218487394958,0.7104838631377414,0.5555555555555556,0.0,0.0,0.0,0.0,0.0,0.0,0.0,0.0,0.0,2002,radio,0.5
4,1,lr1e-04_bs32_modL1_fusion64_fusionL1_drop0p2_trmiss50_trlocradio,32,0.0001,1,64,1,0.2,lr1e-04_bs32_modL1_fusion64_fusionL1_drop0p2_trmiss50_trlocradio,9,0.5876943667729696,0.6893926560878754,0.5399159663865546,0.7040961474189895,0.5555555555555556,0.0,0.0,0.0,0.0,0.0,0.0,0.0,0.0,0.0,2002,radio,0.5
4,1,lr1e-04_bs32_modL1_fusion64_fusionL1_drop0p2_trmiss50_trlocradio,32,0.0001,1,64,1,0.2,lr1e-04_bs32_modL1_fusion64_fusionL1_drop0p2_trmiss50_trlocradio,10,0.5679562588532766,0.6925048530101776,0.5546218487394957,0.712897482901377,0.5333333333333333,0.0,0.0,0.0,0.0,0.0,0.0,0.0,0.0,0.0,2002,radio,0.5
4,1,lr1e-04_bs32_modL1_fusion64_fusionL1_drop0p2_trmiss50_trlocradio,32,0.0001,1,64,1,0.2,lr1e-04_bs32_modL1_fusion64_fusionL1_drop0p2_trmiss50_trlocradio,11,0.558313637971878,0.6943038403987885,0.5525210084033613,0.7054746764211202,0.5555555555555556,0.0,0.0,0.0,0.0,0.0,0.0,0.0,0.0,0.0,2002,radio,0.5
4,1,lr1e-04_bs32_modL1_fusion64_fusionL1_drop0p2_trmiss50_trlocradio,32,0.0001,1,64,1,0.2,lr1e-04_bs32_modL1_fusion64_fusionL1_drop0p2_trmiss50_trlocradio,12,0.5604166984558105,0.6984570026397705,0.5399159663865546,0.6996567068183208,0.5333333333333333,0.0,0.0,0.0,0.0,0.0,0.0,0.0,0.0,0.0,2002,radio,0.5
4,1,lr1e-04_bs32_modL1_fusion64_fusionL1_drop0p2_trmiss50_trlocradio,32,0.0001,1,64,1,0.2,lr1e-04_bs32_modL1_fusion64_fusionL1_drop0p2_trmiss50_trlocradio,13,0.5333656668663025,0.698087602853775,0.5462184873949579,0.7013810441923964,0.5555555555555556,0.0,0.0,0.0,0.0,0.0,0.0,0.0,0.0,0.0,2002,radio,0.5
4,1,lr1e-04_bs32_modL1_fusion64_fusionL1_drop0p2_trmiss50_trlocradio,32,0.0001,1,64,1,0.2,lr1e-04_bs32_modL1_fusion64_fusionL1_drop0p2_trmiss50_trlocradio,14,0.5401208996772766,0.6964005827903748,0.5525210084033614,0.7081495179666841,0.5555555555555556,0.0,0.0,0.0,0.0,0.0,0.0,0.0,0.0,0.0,2002,radio,0.5
4,1,lr1e-04_bs32_modL1_fusion64_fusionL1_drop0p2_trmiss50_trlocradio,32,0.0001,1,64,1,0.2,lr1e-04_bs32_modL1_fusion64_fusionL1_drop0p2_trmiss50_trlocradio,15,0.5296977857748667,0.696618527173996,0.5567226890756303,0.7046825048659558,0.5555555555555556,0.0,0.0,0.0,0.0,0.0,0.0,0.0,0.0,0.0,2002,radio,0.5
4,1,lr1e-04_bs32_modL1_fusion64_fusionL1_drop0p2_trmiss50_trlocradio,32,0.0001,1,64,1,0.2,lr1e-04_bs32_modL1_fusion64_fusionL1_drop0p2_trmiss50_trlocradio,16,0.5171285172303518,0.6960759162902832,0.5567226890756303,0.7033464165891726,0.5555555555555556,0.0,0.0,0.0,0.0,0.0,0.0,0.0,0.0,0.0,2002,radio,0.5
4,1,lr1e-04_bs32_modL1_fusion64_fusionL1_drop0p2_trmiss50_trlocradio,32,0.0001,1,64,1,0.2,lr1e-04_bs32_modL1_fusion64_fusionL1_drop0p2_trmiss50_trlocradio,17,0.5149721056222916,0.6951314806938171,0.5567226890756303,0.7042338576342977,0.5555555555555556,0.0,0.0,0.0,0.0,0.0,0.0,0.0,0.0,0.0,2002,radio,0.5
4,1,lr1e-04_bs32_modL1_fusion64_fusionL1_drop0p2_trmiss50_trlocradio,32,0.0001,1,64,1,0.2,lr1e-04_bs32_modL1_fusion64_fusionL1_drop0p2_trmiss50_trlocradio,18,0.5144120901823044,0.6922672390937805,0.5609243697478992,0.7064934802604546,0.5333333333333333,0.0,0.0,0.0,0.0,0.0,0.0,0.0,0.0,0.0,2002,radio,0.5
4,1,lr1e-04_bs32_modL1_fusion64_fusionL1_drop0p2_trmiss50_trlocradio,32,0.0001,1,64,1,0.2,lr1e-04_bs32_modL1_fusion64_fusionL1_drop0p2_trmiss50_trlocradio,19,0.5106482257445654,0.6927644312381744,0.5609243697478992,0.7024400898677785,0.5555555555555556,0.0,0.0,0.0,0.0,0.0,0.0,0.0,0.0,0.0,2002,radio,0.5
4,1,lr1e-04_bs32_modL1_fusion64_fusionL1_drop0p2_trmiss50_trlocradio,32,0.0001,1,64,1,0.2,lr1e-04_bs32_modL1_fusion64_fusionL1_drop0p2_trmiss50_trlocradio,20,0.4894329259792964,0.6945721209049225,0.5630252100840336,0.7051080337857224,0.6,0.0,0.0,0.0,0.0,0.0,0.0,0.0,0.0,0.0,2002,radio,0.5
4,1,lr1e-04_bs32_modL1_fusion64_fusionL1_drop0p2_trmiss50_trlocradio,32,0.0001,1,64,1,0.2,lr1e-04_bs32_modL1_fusion64_fusionL1_drop0p2_trmiss50_trlocradio,21,0.48808880647023517,0.6957817375659943,0.5672268907563025,0.7079649217514581,0.6222222222222222,0.0,0.0,0.0,0.0,0.0,0.0,0.0,0.0,0.0,2002,radio,0.5
4,1,lr1e-04_bs32_modL1_fusion64_fusionL1_drop0p2_trmiss50_trlocradio,32,0.0001,1,64,1,0.2,lr1e-04_bs32_modL1_fusion64_fusionL1_drop0p2_trmiss50_trlocradio,22,0.4831290195385615,0.6974606513977051,0.569327731092437,0.7084988562554922,0.6,0.0,0.0,0.0,0.0,0.0,0.0,0.0,0.0,0.0,2002,radio,0.5
4,1,lr1e-04_bs32_modL1_fusion64_fusionL1_drop0p2_trmiss50_trlocradio,32,0.0001,1,64,1,0.2,lr1e-04_bs32_modL1_fusion64_fusionL1_drop0p2_trmiss50_trlocradio,23,0.48619260887304944,0.696227103471756,0.5651260504201681,0.7070971733756685,0.6,0.0,0.0,0.0,0.0,0.0,0.0,0.0,0.0,0.0,2002,radio,0.5
4,1,lr1e-04_bs32_modL1_fusion64_fusionL1_drop0p2_trmiss50_trlocradio,32,0.0001,1,64,1,0.2,lr1e-04_bs32_modL1_fusion64_fusionL1_drop0p2_trmiss50_trlocradio,24,0.4799225926399231,0.6964852511882782,0.5651260504201681,0.7071886031099552,0.6,0.0,0.0,0.0,0.0,0.0,0.0,0.0,0.0,0.0,2002,radio,0.5
4,1,lr1e-04_bs32_modL1_fusion64_fusionL1_drop0p2_trmiss50_trlocradio,32,0.0001,1,64,1,0.2,lr1e-04_bs32_modL1_fusion64_fusionL1_drop0p2_trmiss50_trlocradio,25,0.511047974228859,0.6956646144390106,0.5651260504201681,0.706877319305008,0.6,0.0,0.0,0.0,0.0,0.0,0.0,0.0,0.0,0.0,2002,radio,0.5
4,1,lr1e-04_bs32_modL1_fusion64_fusionL1_drop0p2_trmiss50_trlocradio,32,0.0001,1,64,1,0.2,lr1e-04_bs32_modL1_fusion64_fusionL1_drop0p2_trmiss50_trlocradio,26,0.4824947118759155,0.6974398195743561,0.5588235294117647,0.7034627456340978,0.6,0.0,0.0,0.0,0.0,0.0,0.0,0.0,0.0,0.0,2002,radio,0.5
4,1,lr1e-04_bs32_modL1_fusion64_fusionL1_drop0p2_trmiss50_trlocradio,32,0.0001,1,64,1,0.2,lr1e-04_bs32_modL1_fusion64_fusionL1_drop0p2_trmiss50_trlocradio,27,0.46556662519772846,0.6977280378341675,0.5567226890756303,0.7015176630716711,0.5777777777777777,0.0,0.0,0.0,0.0,0.0,0.0,0.0,0.0,0.0,2002,radio,0.5
4,1,lr1e-04_bs32_modL1_fusion64_fusionL1_drop0p2_trmiss50_trlocradio,32,0.0001,1,64,1,0.2,lr1e-04_bs32_modL1_fusion64_fusionL1_drop0p2_trmiss50_trlocradio,28,0.4724307209253311,0.7019603848457336,0.5504201680672269,0.6937288410253302,0.5777777777777777,0.0,0.0,0.0,0.0,0.0,0.0,0.0,0.0,0.0,2002,radio,0.5
4,1,lr1e-04_bs32_modL1_fusion64_fusionL1_drop0p2_trmiss50_trlocradio,32,0.0001,1,64,1,0.2,lr1e-04_bs32_modL1_fusion64_fusionL1_drop0p2_trmiss50_trlocradio,29,0.4848805069923401,0.7018529772758484,0.5483193277310924,0.6928160464799972,0.5777777777777777,0.0,0.0,0.0,0.0,0.0,0.0,0.0,0.0,0.0,2002,radio,0.5
4,1,lr1e-04_bs32_modL1_fusion64_fusionL1_drop0p2_trmiss50_trlocradio,32,0.0001,1,64,1,0.2,lr1e-04_bs32_modL1_fusion64_fusionL1_drop0p2_trmiss50_trlocradio,30,0.47597335775693256,0.7010495960712433,0.5546218487394957,0.6962124541883796,0.6222222222222222,0.0,0.0,0.0,0.0,0.0,0.0,0.0,0.0,0.0,2002,radio,0.5
4,1,lr1e-04_bs32_modL1_fusion64_fusionL1_drop0p2_trmiss50_trlocradio,32,0.0001,1,64,1,0.2,lr1e-04_bs32_modL1_fusion64_fusionL1_drop0p2_trmiss50_trlocradio,31,0.4747760146856308,0.7013327181339264,0.5441176470588235,0.6891978619670402,0.6,0.0,0.0,0.0,0.0,0.0,0.0,0.0,0.0,0.0,2002,radio,0.5
4,1,lr1e-04_bs32_modL1_fusion64_fusionL1_drop0p2_trmiss50_trlocradio,32,0.0001,1,64,1,0.2,lr1e-04_bs32_modL1_fusion64_fusionL1_drop0p2_trmiss50_trlocradio,32,0.4902992894252141,0.7019023001194,0.5504201680672269,0.6910060669050406,0.6,0.0,0.0,0.0,0.0,0.0,0.0,0.0,0.0,0.0,2002,radio,0.5
4,1,lr1e-04_bs32_modL1_fusion64_fusionL1_drop0p2_trmiss50_trlocradio,32,0.0001,1,64,1,0.2,lr1e-04_bs32_modL1_fusion64_fusionL1_drop0p2_trmiss50_trlocradio,33,0.4706815779209137,0.7015988826751709,0.5462184873949579,0.6910637927925984,0.5777777777777777,0.0,0.0,0.0,0.0,0.0,0.0,0.0,0.0,0.0,2002,radio,0.5
4,1,lr1e-04_bs32_modL1_fusion64_fusionL1_drop0p2_trmiss50_trlocradio,32,0.0001,1,64,1,0.2,lr1e-04_bs32_modL1_fusion64_fusionL1_drop0p2_trmiss50_trlocradio,34,0.4647757411003113,0.7008872032165527,0.5462184873949579,0.689849789404682,0.5555555555555556,0.0,0.0,0.0,0.0,0.0,0.0,0.0,0.0,0.0,2002,radio,0.5
4,1,lr1e-04_bs32_modL1_fusion64_fusionL1_drop0p2_trmiss50_trlocradio,32,0.0001,1,64,1,0.2,lr1e-04_bs32_modL1_fusion64_fusionL1_drop0p2_trmiss50_trlocradio,35,0.4598611891269684,0.701233983039856,0.5483193277310924,0.6905400655151261,0.5111111111111111,0.0,0.0,0.0,0.0,0.0,0.0,0.0,0.0,0.0,2002,radio,0.5
4,1,lr1e-04_bs32_modL1_fusion64_fusionL1_drop0p2_trmiss50_trlocradio,32,0.0001,1,64,1,0.2,lr1e-04_bs32_modL1_fusion64_fusionL1_drop0p2_trmiss50_trlocradio,36,0.4719839443763097,0.7013889253139496,0.5462184873949579,0.689849789404682,0.5111111111111111,0.0,0.0,0.0,0.0,0.0,0.0,0.0,0.0,0.0,2002,radio,0.5
4,1,lr1e-04_bs32_modL1_fusion64_fusionL1_drop0p2_trmiss50_trlocradio,32,0.0001,1,64,1,0.2,lr1e-04_bs32_modL1_fusion64_fusionL1_drop0p2_trmiss50_trlocradio,37,0.47337572276592255,0.7006719410419464,0.5588235294117647,0.7025160611809571,0.6,0.0,0.0,0.0,0.0,0.0,0.0,0.0,0.0,0.0,2002,radio,0.5
4,1,lr1e-04_bs32_modL1_fusion64_fusionL1_drop0p2_trmiss50_trlocradio,32,0.0001,1,64,1,0.2,lr1e-04_bs32_modL1_fusion64_fusionL1_drop0p2_trmiss50_trlocradio,38,0.46140501896540326,0.7012853920459747,0.5609243697478992,0.6888066216209283,0.6222222222222222,0.0,0.0,0.0,0.0,0.0,0.0,0.0,0.0,0.0,2002,radio,0.5
4,1,lr1e-04_bs32_modL1_fusion64_fusionL1_drop0p2_trmiss50_trlocradio,32,0.0001,1,64,1,0.2,lr1e-04_bs32_modL1_fusion64_fusionL1_drop0p2_trmiss50_trlocradio,39,0.46648676693439484,0.7028703987598419,0.5483193277310924,0.6824392170881909,0.5777777777777777,0.0,0.0,0.0,0.0,0.0,0.0,0.0,0.0,0.0,2002,radio,0.5
4,1,lr1e-04_bs32_modL1_fusion64_fusionL1_drop0p2_trmiss50_trlocradio,32,0.0001,1,64,1,0.2,lr1e-04_bs32_modL1_fusion64_fusionL1_drop0p2_trmiss50_trlocradio,40,0.459399218360583,0.7029321491718292,0.546218487394958,0.6808331900619957,0.6,0.0,0.0,0.0,0.0,0.0,0.0,0.0,0.0,0.0,2002,radio,0.5
4,1,lr1e-04_bs32_modL1_fusion64_fusionL1_drop0p2_trmiss50_trlocradio,32,0.0001,1,64,1,0.2,lr1e-04_bs32_modL1_fusion64_fusionL1_drop0p2_trmiss50_trlocradio,41,0.47302716473738354,0.7023688852787018,0.5567226890756302,0.6958222957343312,0.6,0.0,0.0,0.0,0.0,0.0,0.0,0.0,0.0,0.0,2002,radio,0.5
4,1,lr1e-04_bs32_modL1_fusion64_fusionL1_drop0p2_trmiss50_trlocradio,32,0.0001,1,64,1,0.2,lr1e-04_bs32_modL1_fusion64_fusionL1_drop0p2_trmiss50_trlocradio,42,0.4709899077812831,0.7028967142105103,0.5504201680672269,0.6855741156580242,0.6,0.0,0.0,0.0,0.0,0.0,0.0,0.0,0.0,0.0,2002,radio,0.5
4,1,lr1e-04_bs32_modL1_fusion64_fusionL1_drop0p1_trmiss50_trlocradio,32,0.0001,1,64,1,0.1,lr1e-04_bs32_modL1_fusion64_fusionL1_drop0p1_trmiss50_trlocradio,1,0.7623696128527323,0.6936359107494354,0.49369747899159666,0.64329731992978,0.4,0.0,0.0,0.0,0.0,0.0,0.0,0.0,0.0,0.0,2002,radio,0.5
4,1,lr1e-04_bs32_modL1_fusion64_fusionL1_drop0p1_trmiss50_trlocradio,32,0.0001,1,64,1,0.1,lr1e-04_bs32_modL1_fusion64_fusionL1_drop0p1_trmiss50_trlocradio,2,0.7148429751396179,0.6862794458866119,0.5273109243697478,0.6671468599640407,0.4444444444444444,0.0,0.0,0.0,0.0,0.0,0.0,0.0,0.0,0.0,2002,radio,0.5
4,1,lr1e-04_bs32_modL1_fusion64_fusionL1_drop0p1_trmiss50_trlocradio,32,0.0001,1,64,1,0.1,lr1e-04_bs32_modL1_fusion64_fusionL1_drop0p1_trmiss50_trlocradio,3,0.6726754506429037,0.6861096918582916,0.5315126050420168,0.6575747747296603,0.4444444444444444,0.0,0.0,0.0,0.0,0.0,0.0,0.0,0.0,0.0,2002,radio,0.5
4,1,lr1e-04_bs32_modL1_fusion64_fusionL1_drop0p1_trmiss50_trlocradio,32,0.0001,1,64,1,0.1,lr1e-04_bs32_modL1_fusion64_fusionL1_drop0p1_trmiss50_trlocradio,4,0.6624644100666046,0.6915687918663025,0.5063025210084033,0.6395856704370353,0.4444444444444444,0.0,0.0,0.0,0.0,0.0,0.0,0.0,0.0,0.0,2002,radio,0.5
4,1,lr1e-04_bs32_modL1_fusion64_fusionL1_drop0p1_trmiss50_trlocradio,32,0.0001,1,64,1,0.1,lr1e-04_bs32_modL1_fusion64_fusionL1_drop0p1_trmiss50_trlocradio,5,0.6191477874914805,0.6939710080623627,0.5,0.6300825279288755,0.4666666666666667,0.0,0.0,0.0,0.0,0.0,0.0,0.0,0.0,0.0,2002,radio,0.5
4,1,lr1e-04_bs32_modL1_fusion64_fusionL1_drop0p1_trmiss50_trlocradio,32,0.0001,1,64,1,0.1,lr1e-04_bs32_modL1_fusion64_fusionL1_drop0p1_trmiss50_trlocradio,6,0.6049723625183105,0.6966988742351532,0.5,0.6295130940145335,0.4888888888888889,0.0,0.0,0.0,0.0,0.0,0.0,0.0,0.0,0.0,2002,radio,0.5
4,1,lr1e-04_bs32_modL1_fusion64_fusionL1_drop0p1_trmiss50_trlocradio,32,0.0001,1,64,1,0.1,lr1e-04_bs32_modL1_fusion64_fusionL1_drop0p1_trmiss50_trlocradio,7,0.5722028613090515,0.6993071138858795,0.4936974789915966,0.618568125861748,0.4888888888888889,0.0,0.0,0.0,0.0,0.0,0.0,0.0,0.0,0.0,2002,radio,0.5
4,1,lr1e-04_bs32_modL1_fusion64_fusionL1_drop0p1_trmiss50_trlocradio,32,0.0001,1,64,1,0.1,lr1e-04_bs32_modL1_fusion64_fusionL1_drop0p1_trmiss50_trlocradio,8,0.5433502991994222,0.7033416032791138,0.4726890756302521,0.6079482923057546,0.4888888888888889,0.0,0.0,0.0,0.0,0.0,0.0,0.0,0.0,0.0,2002,radio,0.5
4,1,lr1e-04_bs32_modL1_fusion64_fusionL1_drop0p1_trmiss50_trlocradio,32,0.0001,1,64,1,0.1,lr1e-04_bs32_modL1_fusion64_fusionL1_drop0p1_trmiss50_trlocradio,9,0.5401120136181513,0.7081594169139862,0.4789915966386554,0.6175720819704003,0.4888888888888889,0.0,0.0,0.0,0.0,0.0,0.0,0.0,0.0,0.0,2002,radio,0.5
4,1,lr1e-04_bs32_modL1_fusion64_fusionL1_drop0p1_trmiss50_trlocradio,32,0.0001,1,64,1,0.1,lr1e-04_bs32_modL1_fusion64_fusionL1_drop0p1_trmiss50_trlocradio,10,0.527043933669726,0.708171546459198,0.4852941176470588,0.6158782722626092,0.4666666666666667,0.0,0.0,0.0,0.0,0.0,0.0,0.0,0.0,0.0,2002,radio,0.5
4,1,lr1e-04_bs32_modL1_fusion64_fusionL1_drop0p1_trmiss50_trlocradio,32,0.0001,1,64,1,0.1,lr1e-04_bs32_modL1_fusion64_fusionL1_drop0p1_trmiss50_trlocradio,11,0.5330428878466288,0.7129082381725311,0.4894957983193277,0.6163793623645395,0.4666666666666667,0.0,0.0,0.0,0.0,0.0,0.0,0.0,0.0,0.0,2002,radio,0.5
4,1,lr1e-04_bs32_modL1_fusion64_fusionL1_drop0p1_trmiss50_trlocradio,32,0.0001,1,64,1,0.1,lr1e-04_bs32_modL1_fusion64_fusionL1_drop0p1_trmiss50_trlocradio,12,0.5223636031150818,0.7148992717266083,0.48109243697478987,0.6076591427456309,0.4444444444444444,0.0,0.0,0.0,0.0,0.0,0.0,0.0,0.0,0.0,2002,radio,0.5
4,1,lr1e-04_bs32_modL1_fusion64_fusionL1_drop0p1_trmiss50_trlocradio,32,0.0001,1,64,1,0.1,lr1e-04_bs32_modL1_fusion64_fusionL1_drop0p1_trmiss50_trlocradio,13,0.4862404962380727,0.7156699895858765,0.4831932773109243,0.607019340716742,0.4666666666666667,0.0,0.0,0.0,0.0,0.0,0.0,0.0,0.0,0.0,2002,radio,0.5
4,1,lr1e-04_bs32_modL1_fusion64_fusionL1_drop0p1_trmiss50_trlocradio,32,0.0001,1,64,1,0.1,lr1e-04_bs32_modL1_fusion64_fusionL1_drop0p1_trmiss50_trlocradio,14,0.488808994491895,0.7174079716205597,0.48109243697478987,0.5993388672432919,0.4222222222222222,0.0,0.0,0.0,0.0,0.0,0.0,0.0,0.0,0.0,2002,radio,0.5
4,1,lr1e-04_bs32_modL1_fusion64_fusionL1_drop0p1_trmiss50_trlocradio,32,0.0001,1,64,1,0.1,lr1e-04_bs32_modL1_fusion64_fusionL1_drop0p1_trmiss50_trlocradio,15,0.4957410643498103,0.7152284681797028,0.4831932773109244,0.6025330842200068,0.4444444444444444,0.0,0.0,0.0,0.0,0.0,0.0,0.0,0.0,0.0,2002,radio,0.5
4,1,lr1e-04_bs32_modL1_fusion64_fusionL1_drop0p1_trmiss50_trlocradio,32,0.0001,1,64,1,0.1,lr1e-04_bs32_modL1_fusion64_fusionL1_drop0p1_trmiss50_trlocradio,16,0.4786245822906494,0.7147012650966644,0.4684873949579832,0.5939488740207757,0.4444444444444444,0.0,0.0,0.0,0.0,0.0,0.0,0.0,0.0,0.0,2002,radio,0.5
4,1,lr1e-04_bs32_modL1_fusion64_fusionL1_drop0p1_trmiss50_trlocradio,32,0.0001,1,64,1,0.1,lr1e-04_bs32_modL1_fusion64_fusionL1_drop0p1_trmiss50_trlocradio,17,0.4637375771999359,0.7182039320468903,0.46008403361344535,0.590432314348201,0.4444444444444444,0.0,0.0,0.0,0.0,0.0,0.0,0.0,0.0,0.0,2002,radio,0.5
4,1,lr1e-04_bs32_modL1_fusion64_fusionL1_drop0p1_trmiss50_trlocradio,32,0.0001,1,64,1,0.1,lr1e-04_bs32_modL1_fusion64_fusionL1_drop0p1_trmiss50_trlocradio,18,0.4749317516883214,0.7202988564968109,0.4474789915966387,0.5864805634323559,0.4444444444444444,0.0,0.0,0.0,0.0,0.0,0.0,0.0,0.0,0.0,2002,radio,0.5
4,1,lr1e-04_bs32_modL1_fusion64_fusionL1_drop0p1_trmiss50_trlocradio,32,0.0001,1,64,1,0.1,lr1e-04_bs32_modL1_fusion64_fusionL1_drop0p1_trmiss50_trlocradio,19,0.4699326852957408,0.7217905819416046,0.4495798319327731,0.586781942960406,0.4666666666666667,0.0,0.0,0.0,0.0,0.0,0.0,0.0,0.0,0.0,2002,radio,0.5
4,1,lr1e-04_bs32_modL1_fusion64_fusionL1_drop0p1_trmiss50_trlocradio,32,0.0001,1,64,1,0.1,lr1e-04_bs32_modL1_fusion64_fusionL1_drop0p1_trmiss50_trlocradio,20,0.46796781818072003,0.7215676605701447,0.4600840336134454,0.5896530389696469,0.4666666666666667,0.0,0.0,0.0,0.0,0.0,0.0,0.0,0.0,0.0,2002,radio,0.5
4,1,lr1e-04_bs32_modL1_fusion64_fusionL1_drop0p1_trmiss50_trlocradio,32,0.0001,1,64,1,0.1,lr1e-04_bs32_modL1_fusion64_fusionL1_drop0p1_trmiss50_trlocradio,21,0.46153955658276874,0.7201483845710754,0.47058823529411764,0.5962181989895122,0.4888888888888889,0.0,0.0,0.0,0.0,0.0,0.0,0.0,0.0,0.0,2002,radio,0.5
4,1,lr1e-04_bs32_modL1_fusion64_fusionL1_drop0p1_trmiss50_trlocradio,32,0.0001,1,64,1,0.1,lr1e-04_bs32_modL1_fusion64_fusionL1_drop0p1_trmiss50_trlocradio,22,0.4748124877611796,0.7222897410392761,0.46638655462184875,0.5934246453639153,0.5111111111111111,0.0,0.0,0.0,0.0,0.0,0.0,0.0,0.0,0.0,2002,radio,0.5
4,1,lr1e-04_bs32_modL1_fusion64_fusionL1_drop0p1_trmiss50_trlocradio,32,0.0001,1,64,1,0.1,lr1e-04_bs32_modL1_fusion64_fusionL1_drop0p1_trmiss50_trlocradio,23,0.460348904132843,0.7215752899646759,0.46218487394957986,0.5919749525835774,0.5111111111111111,0.0,0.0,0.0,0.0,0.0,0.0,0.0,0.0,0.0,2002,radio,0.5
4,1,lr1e-04_bs32_modL1_fusion64_fusionL1_drop0p1_trmiss50_trlocradio,32,0.0001,1,64,1,0.1,lr1e-04_bs32_modL1_fusion64_fusionL1_drop0p1_trmiss50_trlocradio,24,0.4610203107198079,0.7211967408657074,0.46638655462184875,0.5935225226605593,0.4888888888888889,0.0,0.0,0.0,0.0,0.0,0.0,0.0,0.0,0.0,2002,radio,0.5
4,1,lr1e-04_bs32_modL1_fusion64_fusionL1_drop0p1_trmiss50_trlocradio,32,0.0001,1,64,1,0.1,lr1e-04_bs32_modL1_fusion64_fusionL1_drop0p1_trmiss50_trlocradio,25,0.44844289124011993,0.7251072824001312,0.4726890756302521,0.5959462680500562,0.4888888888888889,0.0,0.0,0.0,0.0,0.0,0.0,0.0,0.0,0.0,2002,radio,0.5
4,2,lr5e-05_bs16_modL1_fusion32_fusionL1_drop0p2_trmiss50_trlocradio,16,5e-05,1,32,1,0.2,lr5e-05_bs16_modL1_fusion32_fusionL1_drop0p2_trmiss50_trlocradio,1,0.6692750652631124,0.6886142690976461,0.4726890756302521,0.6506446179037902,0.5111111111111111,0.0,0.0,0.0,0.0,0.0,0.0,0.0,0.0,0.0,2002,radio,0.5
4,2,lr5e-05_bs16_modL1_fusion32_fusionL1_drop0p2_trmiss50_trlocradio,16,5e-05,1,32,1,0.2,lr5e-05_bs16_modL1_fusion32_fusionL1_drop0p2_trmiss50_trlocradio,2,0.6613528927167257,0.6877842545509338,0.4663865546218488,0.6572177033510457,0.4888888888888889,0.0,0.0,0.0,0.0,0.0,0.0,0.0,0.0,0.0,2002,radio,0.5
4,2,lr5e-05_bs16_modL1_fusion32_fusionL1_drop0p2_trmiss50_trlocradio,16,5e-05,1,32,1,0.2,lr5e-05_bs16_modL1_fusion32_fusionL1_drop0p2_trmiss50_trlocradio,3,0.6412256906429926,0.6899173855781555,0.4558823529411764,0.6407867955192266,0.4666666666666667,0.0,0.0,0.0,0.0,0.0,0.0,0.0,0.0,0.0,2002,radio,0.5
4,2,lr5e-05_bs16_modL1_fusion32_fusionL1_drop0p2_trmiss50_trlocradio,16,5e-05,1,32,1,0.2,lr5e-05_bs16_modL1_fusion32_fusionL1_drop0p2_trmiss50_trlocradio,4,0.6219176004330317,0.6963529189427694,0.43907563025210083,0.6530477413177863,0.4888888888888889,0.0,0.0,0.0,0.0,0.0,0.0,0.0,0.0,0.0,2002,radio,0.5
4,2,lr5e-05_bs16_modL1_fusion32_fusionL1_drop0p2_trmiss50_trlocradio,16,5e-05,1,32,1,0.2,lr5e-05_bs16_modL1_fusion32_fusionL1_drop0p2_trmiss50_trlocradio,5,0.6019772638877233,0.6924048662185669,0.4873949579831933,0.6824590244816888,0.5333333333333333,0.0,0.0,0.0,0.0,0.0,0.0,0.0,0.0,0.0,2002,radio,0.5
4,2,lr5e-05_bs16_modL1_fusion32_fusionL1_drop0p2_trmiss50_trlocradio,16,5e-05,1,32,1,0.2,lr5e-05_bs16_modL1_fusion32_fusionL1_drop0p2_trmiss50_trlocradio,6,0.5972455590963364,0.6951437393824259,0.4726890756302521,0.6595302873916293,0.4666666666666667,0.0,0.0,0.0,0.0,0.0,0.0,0.0,0.0,0.0,2002,radio,0.5
4,2,lr5e-05_bs16_modL1_fusion32_fusionL1_drop0p2_trmiss50_trlocradio,16,5e-05,1,32,1,0.2,lr5e-05_bs16_modL1_fusion32_fusionL1_drop0p2_trmiss50_trlocradio,7,0.5936400343974432,0.6895955403645834,0.4789915966386555,0.659019099678549,0.5111111111111111,0.0,0.0,0.0,0.0,0.0,0.0,0.0,0.0,0.0,2002,radio,0.5
4,2,lr5e-05_bs16_modL1_fusion32_fusionL1_drop0p2_trmiss50_trlocradio,16,5e-05,1,32,1,0.2,lr5e-05_bs16_modL1_fusion32_fusionL1_drop0p2_trmiss50_trlocradio,8,0.568737323085467,0.6953194737434387,0.46848739495798314,0.6448218902549073,0.5111111111111111,0.0,0.0,0.0,0.0,0.0,0.0,0.0,0.0,0.0,2002,radio,0.5
4,2,lr5e-05_bs16_modL1_fusion32_fusionL1_drop0p2_trmiss50_trlocradio,16,5e-05,1,32,1,0.2,lr5e-05_bs16_modL1_fusion32_fusionL1_drop0p2_trmiss50_trlocradio,9,0.580899382630984,0.6952542066574097,0.4663865546218487,0.6436389074363078,0.5555555555555556,0.0,0.0,0.0,0.0,0.0,0.0,0.0,0.0,0.0,2002,radio,0.5
4,2,lr5e-05_bs16_modL1_fusion32_fusionL1_drop0p2_trmiss50_trlocradio,16,5e-05,1,32,1,0.2,lr5e-05_bs16_modL1_fusion32_fusionL1_drop0p2_trmiss50_trlocradio,10,0.5755794793367386,0.6944734851519266,0.4600840336134454,0.6370434897727905,0.5555555555555556,0.0,0.0,0.0,0.0,0.0,0.0,0.0,0.0,0.0,2002,radio,0.5
4,2,lr5e-05_bs16_modL1_fusion32_fusionL1_drop0p2_trmiss50_trlocradio,16,5e-05,1,32,1,0.2,lr5e-05_bs16_modL1_fusion32_fusionL1_drop0p2_trmiss50_trlocradio,11,0.5787578970193863,0.6974005103111267,0.4663865546218487,0.6445927949820139,0.5333333333333333,0.0,0.0,0.0,0.0,0.0,0.0,0.0,0.0,0.0,2002,radio,0.5
4,2,lr5e-05_bs16_modL1_fusion32_fusionL1_drop0p2_trmiss50_trlocradio,16,5e-05,1,32,1,0.2,lr5e-05_bs16_modL1_fusion32_fusionL1_drop0p2_trmiss50_trlocradio,12,0.5695628523826599,0.6983511050542196,0.4642857142857143,0.6324531926459965,0.5333333333333333,0.0,0.0,0.0,0.0,0.0,0.0,0.0,0.0,0.0,2002,radio,0.5
4,2,lr5e-05_bs16_modL1_fusion32_fusionL1_drop0p2_trmiss50_trlocradio,16,5e-05,1,32,1,0.2,lr5e-05_bs16_modL1_fusion32_fusionL1_drop0p2_trmiss50_trlocradio,13,0.5590352167685827,0.6971753040949503,0.47058823529411764,0.637448322304277,0.6,0.0,0.0,0.0,0.0,0.0,0.0,0.0,0.0,0.0,2002,radio,0.5
4,2,lr5e-05_bs16_modL1_fusion32_fusionL1_drop0p2_trmiss50_trlocradio,16,5e-05,1,32,1,0.2,lr5e-05_bs16_modL1_fusion32_fusionL1_drop0p2_trmiss50_trlocradio,14,0.5596818675597509,0.6951811909675598,0.4684873949579832,0.6434042403762441,0.5777777777777777,0.0,0.0,0.0,0.0,0.0,0.0,0.0,0.0,0.0,2002,radio,0.5
4,2,lr5e-05_bs16_modL1_fusion32_fusionL1_drop0p2_trmiss50_trlocradio,16,5e-05,1,32,1,0.2,lr5e-05_bs16_modL1_fusion32_fusionL1_drop0p2_trmiss50_trlocradio,15,0.5492177233099937,0.69833372036616,0.4810924369747899,0.6556707271711899,0.5555555555555556,0.0,0.0,0.0,0.0,0.0,0.0,0.0,0.0,0.0,2002,radio,0.5
4,2,lr5e-05_bs16_modL1_fusion32_fusionL1_drop0p2_trmiss50_trlocradio,16,5e-05,1,32,1,0.2,lr5e-05_bs16_modL1_fusion32_fusionL1_drop0p2_trmiss50_trlocradio,16,0.543019101023674,0.6928134759267172,0.4957983193277311,0.6694188682639016,0.5555555555555556,0.0,0.0,0.0,0.0,0.0,0.0,0.0,0.0,0.0,2002,radio,0.5
4,2,lr5e-05_bs16_modL1_fusion32_fusionL1_drop0p2_trmiss50_trlocradio,16,5e-05,1,32,1,0.2,lr5e-05_bs16_modL1_fusion32_fusionL1_drop0p2_trmiss50_trlocradio,17,0.548521506289641,0.6909090081850687,0.5063025210084033,0.6738043619123596,0.5777777777777777,0.0,0.0,0.0,0.0,0.0,0.0,0.0,0.0,0.0,2002,radio,0.5
4,2,lr5e-05_bs16_modL1_fusion32_fusionL1_drop0p2_trmiss50_trlocradio,16,5e-05,1,32,1,0.2,lr5e-05_bs16_modL1_fusion32_fusionL1_drop0p2_trmiss50_trlocradio,18,0.537932554880778,0.6918631394704183,0.5021008403361344,0.6707981839710159,0.5111111111111111,0.0,0.0,0.0,0.0,0.0,0.0,0.0,0.0,0.0,2002,radio,0.5
4,2,lr5e-05_bs16_modL1_fusion32_fusionL1_drop0p2_trmiss50_trlocradio,16,5e-05,1,32,1,0.2,lr5e-05_bs16_modL1_fusion32_fusionL1_drop0p2_trmiss50_trlocradio,19,0.5413719962040583,0.6912676294644674,0.48949579831932777,0.6614743871550233,0.5777777777777777,0.0,0.0,0.0,0.0,0.0,0.0,0.0,0.0,0.0,2002,radio,0.5
4,2,lr5e-05_bs16_modL1_fusion32_fusionL1_drop0p2_trmiss50_trlocradio,16,5e-05,1,32,1,0.2,lr5e-05_bs16_modL1_fusion32_fusionL1_drop0p2_trmiss50_trlocradio,20,0.5507916311422983,0.6907258232434591,0.49579831932773105,0.66381940033452,0.5777777777777777,0.0,0.0,0.0,0.0,0.0,0.0,0.0,0.0,0.0,2002,radio,0.5
4,2,lr5e-05_bs16_modL1_fusion32_fusionL1_drop0p2_trmiss50_trlocradio,16,5e-05,1,32,1,0.2,lr5e-05_bs16_modL1_fusion32_fusionL1_drop0p2_trmiss50_trlocradio,21,0.5395069494843483,0.6897143721580505,0.5084033613445378,0.6739645980060792,0.5555555555555556,0.0,0.0,0.0,0.0,0.0,0.0,0.0,0.0,0.0,2002,radio,0.5
4,2,lr5e-05_bs16_modL1_fusion32_fusionL1_drop0p2_trmiss50_trlocradio,16,5e-05,1,32,1,0.2,lr5e-05_bs16_modL1_fusion32_fusionL1_drop0p2_trmiss50_trlocradio,22,0.5290159409244856,0.6858714818954468,0.49369747899159666,0.6565526531753504,0.5777777777777777,0.0,0.0,0.0,0.0,0.0,0.0,0.0,0.0,0.0,2002,radio,0.5
4,2,lr5e-05_bs16_modL1_fusion32_fusionL1_drop0p2_trmiss50_trlocradio,16,5e-05,1,32,1,0.2,lr5e-05_bs16_modL1_fusion32_fusionL1_drop0p2_trmiss50_trlocradio,23,0.5175740694006284,0.6931061744689941,0.49369747899159666,0.6523703235301432,0.5111111111111111,0.0,0.0,0.0,0.0,0.0,0.0,0.0,0.0,0.0,2002,radio,0.5
4,2,lr5e-05_bs16_modL1_fusion32_fusionL1_drop0p2_trmiss50_trlocradio,16,5e-05,1,32,1,0.2,lr5e-05_bs16_modL1_fusion32_fusionL1_drop0p2_trmiss50_trlocradio,24,0.5449223394195238,0.6850497921307882,0.5042016806722689,0.6721655159655531,0.5777777777777777,0.0,0.0,0.0,0.0,0.0,0.0,0.0,0.0,0.0,2002,radio,0.5
4,2,lr5e-05_bs16_modL1_fusion32_fusionL1_drop0p2_trmiss50_trlocradio,16,5e-05,1,32,1,0.2,lr5e-05_bs16_modL1_fusion32_fusionL1_drop0p2_trmiss50_trlocradio,25,0.5246477400263151,0.6830631891886393,0.5168067226890756,0.6702210187716778,0.6,0.0,0.0,0.0,0.0,0.0,0.0,0.0,0.0,0.0,2002,radio,0.5
4,2,lr5e-05_bs16_modL1_fusion32_fusionL1_drop0p2_trmiss50_trlocradio,16,5e-05,1,32,1,0.2,lr5e-05_bs16_modL1_fusion32_fusionL1_drop0p2_trmiss50_trlocradio,26,0.5315685321887335,0.6832822362581888,0.5147058823529411,0.6610224115864701,0.5777777777777777,0.0,0.0,0.0,0.0,0.0,0.0,0.0,0.0,0.0,2002,radio,0.5
4,2,lr5e-05_bs16_modL1_fusion32_fusionL1_drop0p2_trmiss50_trlocradio,16,5e-05,1,32,1,0.2,lr5e-05_bs16_modL1_fusion32_fusionL1_drop0p2_trmiss50_trlocradio,27,0.5249855741858482,0.687664786974589,0.5042016806722689,0.6655929154789295,0.6,0.0,0.0,0.0,0.0,0.0,0.0,0.0,0.0,0.0,2002,radio,0.5
4,2,lr5e-05_bs16_modL1_fusion32_fusionL1_drop0p2_trmiss50_trlocradio,16,5e-05,1,32,1,0.2,lr5e-05_bs16_modL1_fusion32_fusionL1_drop0p2_trmiss50_trlocradio,28,0.5397024353345236,0.6857761343320211,0.49789915966386555,0.6541546888599988,0.6222222222222222,0.0,0.0,0.0,0.0,0.0,0.0,0.0,0.0,0.0,2002,radio,0.5
4,2,lr5e-05_bs16_modL1_fusion32_fusionL1_drop0p2_trmiss50_trlocradio,16,5e-05,1,32,1,0.2,lr5e-05_bs16_modL1_fusion32_fusionL1_drop0p2_trmiss50_trlocradio,29,0.5366598665714264,0.6904222369194031,0.4894957983193277,0.6536401495303982,0.5555555555555556,0.0,0.0,0.0,0.0,0.0,0.0,0.0,0.0,0.0,2002,radio,0.5
4,2,lr5e-05_bs16_modL1_fusion32_fusionL1_drop0p2_trmiss50_trlocradio,16,5e-05,1,32,1,0.2,lr5e-05_bs16_modL1_fusion32_fusionL1_drop0p2_trmiss50_trlocradio,30,0.5426056881745657,0.6902092297871908,0.5,0.6682351201546778,0.5555555555555556,0.0,0.0,0.0,0.0,0.0,0.0,0.0,0.0,0.0,2002,radio,0.5
4,2,lr5e-05_bs16_modL1_fusion32_fusionL1_drop0p2_trmiss50_trlocradio,16,5e-05,1,32,1,0.2,lr5e-05_bs16_modL1_fusion32_fusionL1_drop0p2_trmiss50_trlocradio,31,0.5326390092571577,0.6925615469614664,0.49789915966386555,0.6500508402028462,0.5555555555555556,0.0,0.0,0.0,0.0,0.0,0.0,0.0,0.0,0.0,2002,radio,0.5
4,2,lr5e-05_bs16_modL1_fusion32_fusionL1_drop0p2_trmiss50_trlocradio,16,5e-05,1,32,1,0.2,lr5e-05_bs16_modL1_fusion32_fusionL1_drop0p2_trmiss50_trlocradio,32,0.5399095217386881,0.6888614296913147,0.5042016806722689,0.653364768049753,0.5777777777777777,0.0,0.0,0.0,0.0,0.0,0.0,0.0,0.0,0.0,2002,radio,0.5
4,2,lr5e-05_bs16_modL1_fusion32_fusionL1_drop0p2_trmiss50_trlocradio,16,5e-05,1,32,1,0.2,lr5e-05_bs16_modL1_fusion32_fusionL1_drop0p2_trmiss50_trlocradio,33,0.5423736174901327,0.6905219157536825,0.5105042016806722,0.6598940797129932,0.5777777777777777,0.0,0.0,0.0,0.0,0.0,0.0,0.0,0.0,0.0,2002,radio,0.5
4,2,lr5e-05_bs16_modL1_fusion32_fusionL1_drop0p2_trmiss50_trlocradio,16,5e-05,1,32,1,0.2,lr5e-05_bs16_modL1_fusion32_fusionL1_drop0p2_trmiss50_trlocradio,34,0.5302945102254549,0.6853299140930176,0.5147058823529411,0.6610694686538227,0.6222222222222222,0.0,0.0,0.0,0.0,0.0,0.0,0.0,0.0,0.0,2002,radio,0.5
4,2,lr5e-05_bs16_modL1_fusion32_fusionL1_drop0p2_trmiss50_trlocradio,16,5e-05,1,32,1,0.2,lr5e-05_bs16_modL1_fusion32_fusionL1_drop0p2_trmiss50_trlocradio,35,0.531527690589428,0.686903715133667,0.523109243697479,0.6653125805805927,0.5555555555555556,0.0,0.0,0.0,0.0,0.0,0.0,0.0,0.0,0.0,2002,radio,0.5
4,2,lr5e-05_bs16_modL1_fusion32_fusionL1_drop0p2_trmiss50_trlocradio,16,5e-05,1,32,1,0.2,lr5e-05_bs16_modL1_fusion32_fusionL1_drop0p2_trmiss50_trlocradio,36,0.5209840387105942,0.6886069774627686,0.49369747899159655,0.6594176267553755,0.5777777777777777,0.0,0.0,0.0,0.0,0.0,0.0,0.0,0.0,0.0,2002,radio,0.5
4,2,lr5e-05_bs16_modL1_fusion32_fusionL1_drop0p2_trmiss50_trlocradio,16,5e-05,1,32,1,0.2,lr5e-05_bs16_modL1_fusion32_fusionL1_drop0p2_trmiss50_trlocradio,37,0.5312780911723772,0.6886698802312216,0.5021008403361344,0.6590520506990734,0.5555555555555556,0.0,0.0,0.0,0.0,0.0,0.0,0.0,0.0,0.0,2002,radio,0.5
4,2,lr5e-05_bs16_modL1_fusion32_fusionL1_drop0p2_trmiss50_trlocradio,16,5e-05,1,32,1,0.2,lr5e-05_bs16_modL1_fusion32_fusionL1_drop0p2_trmiss50_trlocradio,38,0.5301982536911964,0.6875757177670797,0.5147058823529412,0.6595839546935793,0.5555555555555556,0.0,0.0,0.0,0.0,0.0,0.0,0.0,0.0,0.0,2002,radio,0.5
4,2,lr5e-05_bs16_modL1_fusion32_fusionL1_drop0p2_trmiss50_trlocradio,16,5e-05,1,32,1,0.2,lr5e-05_bs16_modL1_fusion32_fusionL1_drop0p2_trmiss50_trlocradio,39,0.5422041664520899,0.6879234711329142,0.5,0.6523919992678149,0.5555555555555556,0.0,0.0,0.0,0.0,0.0,0.0,0.0,0.0,0.0,2002,radio,0.5
4,2,lr5e-05_bs16_modL1_fusion32_fusionL1_drop0p2_trmiss50_trlocradio,16,5e-05,1,32,1,0.2,lr5e-05_bs16_modL1_fusion32_fusionL1_drop0p2_trmiss50_trlocradio,40,0.5166138559579849,0.6906175017356873,0.48109243697478987,0.6401610233209444,0.6,0.0,0.0,0.0,0.0,0.0,0.0,0.0,0.0,0.0,2002,radio,0.5
4,2,lr5e-05_bs16_modL1_fusion32_fusionL1_drop0p2_trmiss50_trlocradio,16,5e-05,1,32,1,0.2,lr5e-05_bs16_modL1_fusion32_fusionL1_drop0p2_trmiss50_trlocradio,41,0.5208299880226454,0.6925540367762247,0.48949579831932777,0.6549739130336212,0.5555555555555556,0.0,0.0,0.0,0.0,0.0,0.0,0.0,0.0,0.0,2002,radio,0.5
4,2,lr5e-05_bs16_modL1_fusion32_fusionL1_drop0p2_trmiss50_trlocradio,16,5e-05,1,32,1,0.2,lr5e-05_bs16_modL1_fusion32_fusionL1_drop0p2_trmiss50_trlocradio,42,0.523639090359211,0.6928182045618693,0.5084033613445378,0.6604328297671667,0.5333333333333333,0.0,0.0,0.0,0.0,0.0,0.0,0.0,0.0,0.0,2002,radio,0.5
4,2,lr5e-05_bs16_modL1_fusion32_fusionL1_drop0p2_trmiss50_trlocradio,16,5e-05,1,32,1,0.2,lr5e-05_bs16_modL1_fusion32_fusionL1_drop0p2_trmiss50_trlocradio,43,0.5292557130257288,0.6917433738708496,0.5021008403361344,0.66022508500629,0.5777777777777777,0.0,0.0,0.0,0.0,0.0,0.0,0.0,0.0,0.0,2002,radio,0.5
4,2,lr5e-05_bs16_modL1_fusion32_fusionL1_drop0p2_trmiss50_trlocradio,16,5e-05,1,32,1,0.2,lr5e-05_bs16_modL1_fusion32_fusionL1_drop0p2_trmiss50_trlocradio,44,0.5313496887683868,0.6905450820922852,0.5042016806722689,0.6668124286760612,0.5777777777777777,0.0,0.0,0.0,0.0,0.0,0.0,0.0,0.0,0.0,2002,radio,0.5
4,2,lr5e-05_bs16_modL1_fusion32_fusionL1_drop0p2_trmiss50_trlocradio,16,5e-05,1,32,1,0.2,lr5e-05_bs16_modL1_fusion32_fusionL1_drop0p2_trmiss50_trlocradio,45,0.5328693836927414,0.6922841668128967,0.49369747899159666,0.6491744023609446,0.5555555555555556,0.0,0.0,0.0,0.0,0.0,0.0,0.0,0.0,0.0,2002,radio,0.5
4,2,lr5e-05_bs16_modL1_fusion32_fusionL1_drop0p2_trmiss50_trlocradio,16,5e-05,1,32,1,0.2,lr5e-05_bs16_modL1_fusion32_fusionL1_drop0p2_trmiss50_trlocradio,46,0.5315088604887327,0.6890744169553121,0.4936974789915966,0.6458814376518468,0.5555555555555556,0.0,0.0,0.0,0.0,0.0,0.0,0.0,0.0,0.0,2002,radio,0.5
4,2,lr5e-05_bs16_modL1_fusion32_fusionL1_drop0p2_trmiss50_trlocradio,16,5e-05,1,32,1,0.2,lr5e-05_bs16_modL1_fusion32_fusionL1_drop0p2_trmiss50_trlocradio,47,0.5382944593826929,0.6916560530662537,0.48739495798319327,0.6559458799755026,0.5777777777777777,0.0,0.0,0.0,0.0,0.0,0.0,0.0,0.0,0.0,2002,radio,0.5
4,2,lr5e-05_bs16_modL1_fusion32_fusionL1_drop0p2_trmiss50_trlocradio,16,5e-05,1,32,1,0.2,lr5e-05_bs16_modL1_fusion32_fusionL1_drop0p2_trmiss50_trlocradio,48,0.5175915385286013,0.6840586066246033,0.5168067226890756,0.668095565240081,0.6222222222222222,0.0,0.0,0.0,0.0,0.0,0.0,0.0,0.0,0.0,2002,radio,0.5
4,2,lr5e-05_bs16_modL1_fusion32_fusionL1_drop0p2_trmiss50_trlocradio,16,5e-05,1,32,1,0.2,lr5e-05_bs16_modL1_fusion32_fusionL1_drop0p2_trmiss50_trlocradio,49,0.516091987490654,0.687665859858195,0.5042016806722689,0.6524055644956681,0.6222222222222222,0.0,0.0,0.0,0.0,0.0,0.0,0.0,0.0,0.0,2002,radio,0.5
4,2,lr5e-05_bs16_modL1_fusion32_fusionL1_drop0p2_trmiss50_trlocradio,16,5e-05,1,32,1,0.2,lr5e-05_bs16_modL1_fusion32_fusionL1_drop0p2_trmiss50_trlocradio,50,0.5204557279745737,0.6872365673383077,0.5042016806722689,0.6503390077225744,0.5777777777777777,0.0,0.0,0.0,0.0,0.0,0.0,0.0,0.0,0.0,2002,radio,0.5
4,2,lr5e-05_bs16_modL1_fusion32_fusionL1_drop0p2_trmiss50_trlocradio,16,5e-05,1,32,1,0.2,lr5e-05_bs16_modL1_fusion32_fusionL1_drop0p2_trmiss50_trlocradio,51,0.5191270262002945,0.6922449072202047,0.5,0.6537778016454837,0.5333333333333333,0.0,0.0,0.0,0.0,0.0,0.0,0.0,0.0,0.0,2002,radio,0.5
4,2,lr5e-05_bs16_modL1_fusion32_fusionL1_drop0p2_trmiss50_trlocradio,16,5e-05,1,32,1,0.2,lr5e-05_bs16_modL1_fusion32_fusionL1_drop0p2_trmiss50_trlocradio,52,0.5202724983294805,0.6936272184054056,0.5105042016806722,0.6634916884466708,0.5333333333333333,0.0,0.0,0.0,0.0,0.0,0.0,0.0,0.0,0.0,2002,radio,0.5
4,2,lr5e-05_bs16_modL1_fusion32_fusionL1_drop0p2_trmiss50_trlocradio,16,5e-05,1,32,1,0.2,lr5e-05_bs16_modL1_fusion32_fusionL1_drop0p2_trmiss50_trlocradio,53,0.5303621465961138,0.6964653333028158,0.5,0.6509439653787649,0.5111111111111111,0.0,0.0,0.0,0.0,0.0,0.0,0.0,0.0,0.0,2002,radio,0.5
4,2,lr5e-05_bs16_modL1_fusion32_fusionL1_drop0p2_trmiss50_trlocradio,16,5e-05,1,32,1,0.2,lr5e-05_bs16_modL1_fusion32_fusionL1_drop0p2_trmiss50_trlocradio,54,0.5329239765803019,0.6896931330362955,0.4957983193277311,0.6460200939786687,0.5555555555555556,0.0,0.0,0.0,0.0,0.0,0.0,0.0,0.0,0.0,2002,radio,0.5
4,2,lr5e-05_bs16_modL1_fusion32_fusionL1_drop0p2_trmiss50_trlocradio,16,5e-05,1,32,1,0.2,lr5e-05_bs16_modL1_fusion32_fusionL1_drop0p2_trmiss50_trlocradio,55,0.5305927246809006,0.6872486670811971,0.49999999999999994,0.6591724226528128,0.6,0.0,0.0,0.0,0.0,0.0,0.0,0.0,0.0,0.0,2002,radio,0.5
4,2,lr5e-05_bs16_modL1_fusion32_fusionL1_drop0p1_trmiss50_trlocradio,16,5e-05,1,32,1,0.1,lr5e-05_bs16_modL1_fusion32_fusionL1_drop0p1_trmiss50_trlocradio,1,0.754152293006579,0.7212574084599813,0.49789915966386555,0.6180132382468625,0.35555555555555557,0.0,0.0,0.0,0.0,0.0,0.0,0.0,0.0,0.0,2002,radio,0.5
4,2,lr5e-05_bs16_modL1_fusion32_fusionL1_drop0p1_trmiss50_trlocradio,16,5e-05,1,32,1,0.1,lr5e-05_bs16_modL1_fusion32_fusionL1_drop0p1_trmiss50_trlocradio,2,0.7138684640328089,0.722559372584025,0.5063025210084033,0.6143774650984959,0.4222222222222222,0.0,0.0,0.0,0.0,0.0,0.0,0.0,0.0,0.0,2002,radio,0.5
4,2,lr5e-05_bs16_modL1_fusion32_fusionL1_drop0p1_trmiss50_trlocradio,16,5e-05,1,32,1,0.1,lr5e-05_bs16_modL1_fusion32_fusionL1_drop0p1_trmiss50_trlocradio,3,0.707284078001976,0.7209691405296326,0.5210084033613446,0.6235235771008376,0.4444444444444444,0.0,0.0,0.0,0.0,0.0,0.0,0.0,0.0,0.0,2002,radio,0.5
4,2,lr5e-05_bs16_modL1_fusion32_fusionL1_drop0p1_trmiss50_trlocradio,16,5e-05,1,32,1,0.1,lr5e-05_bs16_modL1_fusion32_fusionL1_drop0p1_trmiss50_trlocradio,4,0.6774782985448837,0.7268234491348267,0.5084033613445378,0.6159803190388013,0.4444444444444444,0.0,0.0,0.0,0.0,0.0,0.0,0.0,0.0,0.0,2002,radio,0.5
4,2,lr5e-05_bs16_modL1_fusion32_fusionL1_drop0p1_trmiss50_trlocradio,16,5e-05,1,32,1,0.1,lr5e-05_bs16_modL1_fusion32_fusionL1_drop0p1_trmiss50_trlocradio,5,0.6710579146941503,0.7287292083104452,0.49159663865546216,0.6038867085486324,0.4222222222222222,0.0,0.0,0.0,0.0,0.0,0.0,0.0,0.0,0.0,2002,radio,0.5
4,2,lr5e-05_bs16_modL1_fusion32_fusionL1_drop0p1_trmiss50_trlocradio,16,5e-05,1,32,1,0.1,lr5e-05_bs16_modL1_fusion32_fusionL1_drop0p1_trmiss50_trlocradio,6,0.6671731869379679,0.728759229183197,0.5168067226890757,0.6129222533115485,0.4222222222222222,0.0,0.0,0.0,0.0,0.0,0.0,0.0,0.0,0.0,2002,radio,0.5
4,2,lr5e-05_bs16_modL1_fusion32_fusionL1_drop0p1_trmiss50_trlocradio,16,5e-05,1,32,1,0.1,lr5e-05_bs16_modL1_fusion32_fusionL1_drop0p1_trmiss50_trlocradio,7,0.6444902718067169,0.7133344014485677,0.5336134453781513,0.6505731179576728,0.4888888888888889,0.0,0.0,0.0,0.0,0.0,0.0,0.0,0.0,0.0,2002,radio,0.5
4,2,lr5e-05_bs16_modL1_fusion32_fusionL1_drop0p1_trmiss50_trlocradio,16,5e-05,1,32,1,0.1,lr5e-05_bs16_modL1_fusion32_fusionL1_drop0p1_trmiss50_trlocradio,8,0.6486579577128092,0.7163888613382975,0.51890756302521,0.6399083211914646,0.5111111111111111,0.0,0.0,0.0,0.0,0.0,0.0,0.0,0.0,0.0,2002,radio,0.5
4,2,lr5e-05_bs16_modL1_fusion32_fusionL1_drop0p1_trmiss50_trlocradio,16,5e-05,1,32,1,0.1,lr5e-05_bs16_modL1_fusion32_fusionL1_drop0p1_trmiss50_trlocradio,9,0.6379329860210419,0.7184199293454488,0.4936974789915967,0.6281090309822505,0.5333333333333333,0.0,0.0,0.0,0.0,0.0,0.0,0.0,0.0,0.0,2002,radio,0.5
4,2,lr5e-05_bs16_modL1_fusion32_fusionL1_drop0p1_trmiss50_trlocradio,16,5e-05,1,32,1,0.1,lr5e-05_bs16_modL1_fusion32_fusionL1_drop0p1_trmiss50_trlocradio,10,0.636730765302976,0.71175616979599,0.49369747899159666,0.6037884858212462,0.4888888888888889,0.0,0.0,0.0,0.0,0.0,0.0,0.0,0.0,0.0,2002,radio,0.5
4,2,lr5e-05_bs16_modL1_fusion32_fusionL1_drop0p1_trmiss50_trlocradio,16,5e-05,1,32,1,0.1,lr5e-05_bs16_modL1_fusion32_fusionL1_drop0p1_trmiss50_trlocradio,11,0.6212014853954315,0.71257350842158,0.49369747899159666,0.6104053836831833,0.4888888888888889,0.0,0.0,0.0,0.0,0.0,0.0,0.0,0.0,0.0,2002,radio,0.5
4,2,lr5e-05_bs16_modL1_fusion32_fusionL1_drop0p1_trmiss50_trlocradio,16,5e-05,1,32,1,0.1,lr5e-05_bs16_modL1_fusion32_fusionL1_drop0p1_trmiss50_trlocradio,12,0.6247824976841608,0.7188642223676046,0.48949579831932766,0.6034179011716637,0.4666666666666667,0.0,0.0,0.0,0.0,0.0,0.0,0.0,0.0,0.0,2002,radio,0.5
4,2,lr5e-05_bs16_modL1_fusion32_fusionL1_drop0p1_trmiss50_trlocradio,16,5e-05,1,32,1,0.1,lr5e-05_bs16_modL1_fusion32_fusionL1_drop0p1_trmiss50_trlocradio,13,0.59613270064195,0.7218400239944458,0.4852941176470588,0.6082107496739615,0.4666666666666667,0.0,0.0,0.0,0.0,0.0,0.0,0.0,0.0,0.0,2002,radio,0.5
4,2,lr5e-05_bs16_modL1_fusion32_fusionL1_drop0p1_trmiss50_trlocradio,16,5e-05,1,32,1,0.1,lr5e-05_bs16_modL1_fusion32_fusionL1_drop0p1_trmiss50_trlocradio,14,0.5818462918202082,0.7201853195826212,0.4789915966386554,0.599359664806633,0.5111111111111111,0.0,0.0,0.0,0.0,0.0,0.0,0.0,0.0,0.0,2002,radio,0.5
4,2,lr5e-05_bs16_modL1_fusion32_fusionL1_drop0p1_trmiss50_trlocradio,16,5e-05,1,32,1,0.1,lr5e-05_bs16_modL1_fusion32_fusionL1_drop0p1_trmiss50_trlocradio,15,0.5803655286629995,0.7151856223742167,0.49789915966386555,0.6062657843899862,0.5111111111111111,0.0,0.0,0.0,0.0,0.0,0.0,0.0,0.0,0.0,2002,radio,0.5
4,2,lr5e-05_bs16_modL1_fusion32_fusionL1_drop0p1_trmiss50_trlocradio,16,5e-05,1,32,1,0.1,lr5e-05_bs16_modL1_fusion32_fusionL1_drop0p1_trmiss50_trlocradio,16,0.5857181549072266,0.7206626733144125,0.4810924369747899,0.5962363812053424,0.4888888888888889,0.0,0.0,0.0,0.0,0.0,0.0,0.0,0.0,0.0,2002,radio,0.5
4,2,lr5e-05_bs16_modL1_fusion32_fusionL1_drop0p1_trmiss50_trlocradio,16,5e-05,1,32,1,0.1,lr5e-05_bs16_modL1_fusion32_fusionL1_drop0p1_trmiss50_trlocradio,17,0.5679997950792313,0.7187290191650391,0.5021008403361344,0.6140096526249261,0.4888888888888889,0.0,0.0,0.0,0.0,0.0,0.0,0.0,0.0,0.0,2002,radio,0.5
4,2,lr5e-05_bs16_modL1_fusion32_fusionL1_drop0p1_trmiss50_trlocradio,16,5e-05,1,32,1,0.1,lr5e-05_bs16_modL1_fusion32_fusionL1_drop0p1_trmiss50_trlocradio,18,0.5413848633567492,0.723591128985087,0.49369747899159666,0.6139718192690728,0.4444444444444444,0.0,0.0,0.0,0.0,0.0,0.0,0.0,0.0,0.0,2002,radio,0.5
4,2,lr5e-05_bs16_modL1_fusion32_fusionL1_drop0p1_trmiss50_trlocradio,16,5e-05,1,32,1,0.1,lr5e-05_bs16_modL1_fusion32_fusionL1_drop0p1_trmiss50_trlocradio,19,0.5542716334263483,0.720543384552002,0.49369747899159666,0.6079906768607343,0.4444444444444444,0.0,0.0,0.0,0.0,0.0,0.0,0.0,0.0,0.0,2002,radio,0.5
4,2,lr5e-05_bs16_modL1_fusion32_fusionL1_drop0p1_trmiss50_trlocradio,16,5e-05,1,32,1,0.1,lr5e-05_bs16_modL1_fusion32_fusionL1_drop0p1_trmiss50_trlocradio,20,0.5485828071832657,0.7194580833117167,0.4852941176470588,0.6107486344300839,0.4666666666666667,0.0,0.0,0.0,0.0,0.0,0.0,0.0,0.0,0.0,2002,radio,0.5
4,2,lr5e-05_bs16_modL1_fusion32_fusionL1_drop0p1_trmiss50_trlocradio,16,5e-05,1,32,1,0.1,lr5e-05_bs16_modL1_fusion32_fusionL1_drop0p1_trmiss50_trlocradio,21,0.5567037761211395,0.7129354874293009,0.5042016806722689,0.6284885489900941,0.4666666666666667,0.0,0.0,0.0,0.0,0.0,0.0,0.0,0.0,0.0,2002,radio,0.5
4,2,lr5e-05_bs16_modL1_fusion32_fusionL1_drop0p1_trmiss50_trlocradio,16,5e-05,1,32,1,0.1,lr5e-05_bs16_modL1_fusion32_fusionL1_drop0p1_trmiss50_trlocradio,22,0.5409066180388132,0.7122865915298462,0.48949579831932777,0.6162395800687421,0.4666666666666667,0.0,0.0,0.0,0.0,0.0,0.0,0.0,0.0,0.0,2002,radio,0.5
4,2,lr5e-05_bs16_modL1_fusion32_fusionL1_drop0p1_trmiss50_trlocradio,16,5e-05,1,32,1,0.1,lr5e-05_bs16_modL1_fusion32_fusionL1_drop0p1_trmiss50_trlocradio,23,0.551794042189916,0.715912381807963,0.5042016806722689,0.6288515342580332,0.4666666666666667,0.0,0.0,0.0,0.0,0.0,0.0,0.0,0.0,0.0,2002,radio,0.5
4,2,lr5e-05_bs16_modL1_fusion32_fusionL1_drop0p1_trmiss50_trlocradio,16,5e-05,1,32,1,0.1,lr5e-05_bs16_modL1_fusion32_fusionL1_drop0p1_trmiss50_trlocradio,24,0.542055569589138,0.7160861492156982,0.5042016806722689,0.6347316690568808,0.4666666666666667,0.0,0.0,0.0,0.0,0.0,0.0,0.0,0.0,0.0,2002,radio,0.5
4,2,lr5e-05_bs16_modL1_fusion32_fusionL1_drop0p1_trmiss50_trlocradio,16,5e-05,1,32,1,0.1,lr5e-05_bs16_modL1_fusion32_fusionL1_drop0p1_trmiss50_trlocradio,25,0.5309706528981527,0.7161583503087362,0.5042016806722689,0.634840909777035,0.4888888888888889,0.0,0.0,0.0,0.0,0.0,0.0,0.0,0.0,0.0,2002,radio,0.5
4,2,lr5e-05_bs16_modL1_fusion32_fusionL1_drop0p1_trmiss50_trlocradio,16,5e-05,1,32,1,0.1,lr5e-05_bs16_modL1_fusion32_fusionL1_drop0p1_trmiss50_trlocradio,26,0.545970156788826,0.7180771827697754,0.5084033613445378,0.6312441991593126,0.5111111111111111,0.0,0.0,0.0,0.0,0.0,0.0,0.0,0.0,0.0,2002,radio,0.5
4,2,lr5e-05_bs16_modL1_fusion32_fusionL1_drop0p1_trmiss50_trlocradio,16,5e-05,1,32,1,0.1,lr5e-05_bs16_modL1_fusion32_fusionL1_drop0p1_trmiss50_trlocradio,27,0.5287976612647375,0.7122496763865153,0.4894957983193277,0.6192439527851342,0.5111111111111111,0.0,0.0,0.0,0.0,0.0,0.0,0.0,0.0,0.0,2002,radio,0.5
4,2,lr5e-05_bs16_modL1_fusion64_fusionL1_drop0p2_trmiss50_trlocradio,16,5e-05,1,64,1,0.2,lr5e-05_bs16_modL1_fusion64_fusionL1_drop0p2_trmiss50_trlocradio,1,0.6988474677006403,0.6866868138313293,0.6617647058823529,0.7693607815918637,0.5555555555555556,0.0,0.0,0.0,0.0,0.0,0.0,0.0,0.0,0.0,2002,radio,0.5
4,2,lr5e-05_bs16_modL1_fusion64_fusionL1_drop0p2_trmiss50_trlocradio,16,5e-05,1,64,1,0.2,lr5e-05_bs16_modL1_fusion64_fusionL1_drop0p2_trmiss50_trlocradio,2,0.6645640134811401,0.6761386593182882,0.6848739495798319,0.7906138060179644,0.5777777777777777,0.0,0.0,0.0,0.0,0.0,0.0,0.0,0.0,0.0,2002,radio,0.5
4,2,lr5e-05_bs16_modL1_fusion64_fusionL1_drop0p2_trmiss50_trlocradio,16,5e-05,1,64,1,0.2,lr5e-05_bs16_modL1_fusion64_fusionL1_drop0p2_trmiss50_trlocradio,3,0.669404610991478,0.6763491829236349,0.6827731092436975,0.7917555789717903,0.6,0.0,0.0,0.0,0.0,0.0,0.0,0.0,0.0,0.0,2002,radio,0.5
4,2,lr5e-05_bs16_modL1_fusion64_fusionL1_drop0p2_trmiss50_trlocradio,16,5e-05,1,64,1,0.2,lr5e-05_bs16_modL1_fusion64_fusionL1_drop0p2_trmiss50_trlocradio,4,0.6656935115655264,0.6688641905784607,0.6533613445378151,0.7884018588857586,0.6,0.0,0.0,0.0,0.0,0.0,0.0,0.0,0.0,0.0,2002,radio,0.5
4,2,lr5e-05_bs16_modL1_fusion64_fusionL1_drop0p2_trmiss50_trlocradio,16,5e-05,1,64,1,0.2,lr5e-05_bs16_modL1_fusion64_fusionL1_drop0p2_trmiss50_trlocradio,5,0.6510322342316309,0.6709576646486918,0.6512605042016807,0.788451702810877,0.6222222222222222,0.0,0.0,0.0,0.0,0.0,0.0,0.0,0.0,0.0,2002,radio,0.5
4,2,lr5e-05_bs16_modL1_fusion64_fusionL1_drop0p2_trmiss50_trlocradio,16,5e-05,1,64,1,0.2,lr5e-05_bs16_modL1_fusion64_fusionL1_drop0p2_trmiss50_trlocradio,6,0.6170898154377937,0.6764004429181417,0.6218487394957983,0.761553815607387,0.5777777777777777,0.0,0.0,0.0,0.0,0.0,0.0,0.0,0.0,0.0,2002,radio,0.5
4,2,lr5e-05_bs16_modL1_fusion64_fusionL1_drop0p2_trmiss50_trlocradio,16,5e-05,1,64,1,0.2,lr5e-05_bs16_modL1_fusion64_fusionL1_drop0p2_trmiss50_trlocradio,7,0.621284211675326,0.671358048915863,0.6470588235294118,0.761853649301508,0.6,0.0,0.0,0.0,0.0,0.0,0.0,0.0,0.0,0.0,2002,radio,0.5
4,2,lr5e-05_bs16_modL1_fusion64_fusionL1_drop0p2_trmiss50_trlocradio,16,5e-05,1,64,1,0.2,lr5e-05_bs16_modL1_fusion64_fusionL1_drop0p2_trmiss50_trlocradio,8,0.6319635758797327,0.6727998654047648,0.6554621848739496,0.765632722490124,0.6444444444444445,0.0,0.0,0.0,0.0,0.0,0.0,0.0,0.0,0.0,2002,radio,0.5
4,2,lr5e-05_bs16_modL1_fusion64_fusionL1_drop0p2_trmiss50_trlocradio,16,5e-05,1,64,1,0.2,lr5e-05_bs16_modL1_fusion64_fusionL1_drop0p2_trmiss50_trlocradio,9,0.5903026362260183,0.670807679494222,0.657563025210084,0.7645659544934408,0.6,0.0,0.0,0.0,0.0,0.0,0.0,0.0,0.0,0.0,2002,radio,0.5
4,2,lr5e-05_bs16_modL1_fusion64_fusionL1_drop0p2_trmiss50_trlocradio,16,5e-05,1,64,1,0.2,lr5e-05_bs16_modL1_fusion64_fusionL1_drop0p2_trmiss50_trlocradio,10,0.6014797141154608,0.6720325350761414,0.634453781512605,0.7520722946530276,0.5555555555555556,0.0,0.0,0.0,0.0,0.0,0.0,0.0,0.0,0.0,2002,radio,0.5
4,2,lr5e-05_bs16_modL1_fusion64_fusionL1_drop0p2_trmiss50_trlocradio,16,5e-05,1,64,1,0.2,lr5e-05_bs16_modL1_fusion64_fusionL1_drop0p2_trmiss50_trlocradio,11,0.5943841089804968,0.6745626330375671,0.6239495798319328,0.7415118852238328,0.5333333333333333,0.0,0.0,0.0,0.0,0.0,0.0,0.0,0.0,0.0,2002,radio,0.5
4,2,lr5e-05_bs16_modL1_fusion64_fusionL1_drop0p2_trmiss50_trlocradio,16,5e-05,1,64,1,0.2,lr5e-05_bs16_modL1_fusion64_fusionL1_drop0p2_trmiss50_trlocradio,12,0.5973019947608312,0.6771829128265381,0.6344537815126051,0.7479239878675292,0.5333333333333333,0.0,0.0,0.0,0.0,0.0,0.0,0.0,0.0,0.0,2002,radio,0.5
4,2,lr5e-05_bs16_modL1_fusion64_fusionL1_drop0p2_trmiss50_trlocradio,16,5e-05,1,64,1,0.2,lr5e-05_bs16_modL1_fusion64_fusionL1_drop0p2_trmiss50_trlocradio,13,0.5754110962152481,0.6749928196271261,0.6281512605042017,0.7417791325417253,0.5555555555555556,0.0,0.0,0.0,0.0,0.0,0.0,0.0,0.0,0.0,2002,radio,0.5
4,2,lr5e-05_bs16_modL1_fusion64_fusionL1_drop0p2_trmiss50_trlocradio,16,5e-05,1,64,1,0.2,lr5e-05_bs16_modL1_fusion64_fusionL1_drop0p2_trmiss50_trlocradio,14,0.5590276618798574,0.6798637310663859,0.6050420168067228,0.7310444876105153,0.5555555555555556,0.0,0.0,0.0,0.0,0.0,0.0,0.0,0.0,0.0,2002,radio,0.5
4,2,lr5e-05_bs16_modL1_fusion64_fusionL1_drop0p2_trmiss50_trlocradio,16,5e-05,1,64,1,0.2,lr5e-05_bs16_modL1_fusion64_fusionL1_drop0p2_trmiss50_trlocradio,15,0.5423541814088821,0.6752530932426453,0.6281512605042017,0.7503776996427445,0.5555555555555556,0.0,0.0,0.0,0.0,0.0,0.0,0.0,0.0,0.0,2002,radio,0.5
4,2,lr5e-05_bs16_modL1_fusion64_fusionL1_drop0p2_trmiss50_trlocradio,16,5e-05,1,64,1,0.2,lr5e-05_bs16_modL1_fusion64_fusionL1_drop0p2_trmiss50_trlocradio,16,0.5559293379386266,0.6689764857292175,0.6365546218487395,0.7458541227050721,0.5777777777777777,0.0,0.0,0.0,0.0,0.0,0.0,0.0,0.0,0.0,2002,radio,0.5
4,2,lr5e-05_bs16_modL1_fusion64_fusionL1_drop0p2_trmiss50_trlocradio,16,5e-05,1,64,1,0.2,lr5e-05_bs16_modL1_fusion64_fusionL1_drop0p2_trmiss50_trlocradio,17,0.570916677514712,0.6685884992281595,0.6176470588235294,0.7323335314542175,0.5777777777777777,0.0,0.0,0.0,0.0,0.0,0.0,0.0,0.0,0.0,2002,radio,0.5
4,2,lr5e-05_bs16_modL1_fusion64_fusionL1_drop0p2_trmiss50_trlocradio,16,5e-05,1,64,1,0.2,lr5e-05_bs16_modL1_fusion64_fusionL1_drop0p2_trmiss50_trlocradio,18,0.5633193651835123,0.6655123829841614,0.634453781512605,0.7473800327507488,0.5777777777777777,0.0,0.0,0.0,0.0,0.0,0.0,0.0,0.0,0.0,2002,radio,0.5
4,2,lr5e-05_bs16_modL1_fusion64_fusionL1_drop0p2_trmiss50_trlocradio,16,5e-05,1,64,1,0.2,lr5e-05_bs16_modL1_fusion64_fusionL1_drop0p2_trmiss50_trlocradio,19,0.571001206835111,0.6724105079968771,0.611344537815126,0.7416284839078956,0.5777777777777777,0.0,0.0,0.0,0.0,0.0,0.0,0.0,0.0,0.0,2002,radio,0.5
4,2,lr5e-05_bs16_modL1_fusion64_fusionL1_drop0p2_trmiss50_trlocradio,16,5e-05,1,64,1,0.2,lr5e-05_bs16_modL1_fusion64_fusionL1_drop0p2_trmiss50_trlocradio,20,0.5332763915260633,0.6641891598701477,0.6176470588235294,0.7449883445493538,0.5777777777777777,0.0,0.0,0.0,0.0,0.0,0.0,0.0,0.0,0.0,2002,radio,0.5
4,2,lr5e-05_bs16_modL1_fusion64_fusionL1_drop0p2_trmiss50_trlocradio,16,5e-05,1,64,1,0.2,lr5e-05_bs16_modL1_fusion64_fusionL1_drop0p2_trmiss50_trlocradio,21,0.5788462261358897,0.6619201898574829,0.6323529411764706,0.7390334912366765,0.6222222222222222,0.0,0.0,0.0,0.0,0.0,0.0,0.0,0.0,0.0,2002,radio,0.5
4,2,lr5e-05_bs16_modL1_fusion64_fusionL1_drop0p2_trmiss50_trlocradio,16,5e-05,1,64,1,0.2,lr5e-05_bs16_modL1_fusion64_fusionL1_drop0p2_trmiss50_trlocradio,22,0.5568370620409647,0.6662823557853699,0.6197478991596639,0.7305324656111999,0.5555555555555556,0.0,0.0,0.0,0.0,0.0,0.0,0.0,0.0,0.0,2002,radio,0.5
4,2,lr5e-05_bs16_modL1_fusion64_fusionL1_drop0p2_trmiss50_trlocradio,16,5e-05,1,64,1,0.2,lr5e-05_bs16_modL1_fusion64_fusionL1_drop0p2_trmiss50_trlocradio,23,0.5413213570912679,0.6673871874809265,0.6323529411764706,0.7511151507844454,0.6,0.0,0.0,0.0,0.0,0.0,0.0,0.0,0.0,0.0,2002,radio,0.5
4,2,lr5e-05_bs16_modL1_fusion64_fusionL1_drop0p2_trmiss50_trlocradio,16,5e-05,1,64,1,0.2,lr5e-05_bs16_modL1_fusion64_fusionL1_drop0p2_trmiss50_trlocradio,24,0.5475199371576309,0.6678204337755839,0.6260504201680672,0.7480458729815758,0.6444444444444445,0.0,0.0,0.0,0.0,0.0,0.0,0.0,0.0,0.0,2002,radio,0.5
4,2,lr5e-05_bs16_modL1_fusion64_fusionL1_drop0p2_trmiss50_trlocradio,16,5e-05,1,64,1,0.2,lr5e-05_bs16_modL1_fusion64_fusionL1_drop0p2_trmiss50_trlocradio,25,0.5265661974747976,0.6663961410522461,0.6092436974789917,0.7354835150611355,0.6444444444444445,0.0,0.0,0.0,0.0,0.0,0.0,0.0,0.0,0.0,2002,radio,0.5
4,2,lr5e-05_bs16_modL1_fusion64_fusionL1_drop0p2_trmiss50_trlocradio,16,5e-05,1,64,1,0.2,lr5e-05_bs16_modL1_fusion64_fusionL1_drop0p2_trmiss50_trlocradio,26,0.5464838991562525,0.6689962148666382,0.6092436974789915,0.7399800485230051,0.6,0.0,0.0,0.0,0.0,0.0,0.0,0.0,0.0,0.0,2002,radio,0.5
4,2,lr5e-05_bs16_modL1_fusion64_fusionL1_drop0p2_trmiss50_trlocradio,16,5e-05,1,64,1,0.2,lr5e-05_bs16_modL1_fusion64_fusionL1_drop0p2_trmiss50_trlocradio,27,0.540844164788723,0.6722098390261332,0.6134453781512605,0.7324135247114131,0.6222222222222222,0.0,0.0,0.0,0.0,0.0,0.0,0.0,0.0,0.0,2002,radio,0.5
4,2,lr5e-05_bs16_modL1_fusion64_fusionL1_drop0p2_trmiss50_trlocradio,16,5e-05,1,64,1,0.2,lr5e-05_bs16_modL1_fusion64_fusionL1_drop0p2_trmiss50_trlocradio,28,0.5358905966083208,0.6746367414792379,0.6050420168067228,0.7305449541030824,0.5777777777777777,0.0,0.0,0.0,0.0,0.0,0.0,0.0,0.0,0.0,2002,radio,0.5
4,2,lr5e-05_bs16_modL1_fusion64_fusionL1_drop0p2_trmiss50_trlocradio,16,5e-05,1,64,1,0.2,lr5e-05_bs16_modL1_fusion64_fusionL1_drop0p2_trmiss50_trlocradio,29,0.5276553332805634,0.6714184482892355,0.6239495798319328,0.7415901107329609,0.6444444444444445,0.0,0.0,0.0,0.0,0.0,0.0,0.0,0.0,0.0,2002,radio,0.5
4,2,lr5e-05_bs16_modL1_fusion64_fusionL1_drop0p1_trmiss50_trlocradio,16,5e-05,1,64,1,0.1,lr5e-05_bs16_modL1_fusion64_fusionL1_drop0p1_trmiss50_trlocradio,1,0.6970326403776804,0.7040332555770874,0.43067226890756305,0.5981160559823254,0.35555555555555557,0.0,0.0,0.0,0.0,0.0,0.0,0.0,0.0,0.0,2002,radio,0.5
4,2,lr5e-05_bs16_modL1_fusion64_fusionL1_drop0p1_trmiss50_trlocradio,16,5e-05,1,64,1,0.1,lr5e-05_bs16_modL1_fusion64_fusionL1_drop0p1_trmiss50_trlocradio,2,0.6703632672627767,0.6962409019470215,0.4873949579831933,0.6567779452544777,0.4666666666666667,0.0,0.0,0.0,0.0,0.0,0.0,0.0,0.0,0.0,2002,radio,0.5
4,2,lr5e-05_bs16_modL1_fusion64_fusionL1_drop0p1_trmiss50_trlocradio,16,5e-05,1,64,1,0.1,lr5e-05_bs16_modL1_fusion64_fusionL1_drop0p1_trmiss50_trlocradio,3,0.636859342455864,0.6862650314966837,0.5357142857142857,0.6952981602314063,0.5333333333333333,0.0,0.0,0.0,0.0,0.0,0.0,0.0,0.0,0.0,2002,radio,0.5
4,2,lr5e-05_bs16_modL1_fusion64_fusionL1_drop0p1_trmiss50_trlocradio,16,5e-05,1,64,1,0.1,lr5e-05_bs16_modL1_fusion64_fusionL1_drop0p1_trmiss50_trlocradio,4,0.6227204749981562,0.6846012473106384,0.5504201680672268,0.7079095037324612,0.5777777777777777,0.0,0.0,0.0,0.0,0.0,0.0,0.0,0.0,0.0,2002,radio,0.5
4,2,lr5e-05_bs16_modL1_fusion64_fusionL1_drop0p1_trmiss50_trlocradio,16,5e-05,1,64,1,0.1,lr5e-05_bs16_modL1_fusion64_fusionL1_drop0p1_trmiss50_trlocradio,5,0.6236744821071625,0.6749855677286783,0.5819327731092436,0.7128714166234209,0.6,0.0,0.0,0.0,0.0,0.0,0.0,0.0,0.0,0.0,2002,radio,0.5
4,2,lr5e-05_bs16_modL1_fusion64_fusionL1_drop0p1_trmiss50_trlocradio,16,5e-05,1,64,1,0.1,lr5e-05_bs16_modL1_fusion64_fusionL1_drop0p1_trmiss50_trlocradio,6,0.581750770409902,0.6714219848314921,0.6029411764705882,0.7215079866582736,0.6,0.0,0.0,0.0,0.0,0.0,0.0,0.0,0.0,0.0,2002,radio,0.5
4,2,lr5e-05_bs16_modL1_fusion64_fusionL1_drop0p1_trmiss50_trlocradio,16,5e-05,1,64,1,0.1,lr5e-05_bs16_modL1_fusion64_fusionL1_drop0p1_trmiss50_trlocradio,7,0.5970823218425115,0.6689403851826986,0.592436974789916,0.7079510095184237,0.5777777777777777,0.0,0.0,0.0,0.0,0.0,0.0,0.0,0.0,0.0,2002,radio,0.5
4,2,lr5e-05_bs16_modL1_fusion64_fusionL1_drop0p1_trmiss50_trlocradio,16,5e-05,1,64,1,0.1,lr5e-05_bs16_modL1_fusion64_fusionL1_drop0p1_trmiss50_trlocradio,8,0.5666212439537048,0.6689883669217428,0.5840336134453781,0.7036884837492542,0.5777777777777777,0.0,0.0,0.0,0.0,0.0,0.0,0.0,0.0,0.0,2002,radio,0.5
4,2,lr5e-05_bs16_modL1_fusion64_fusionL1_drop0p1_trmiss50_trlocradio,16,5e-05,1,64,1,0.1,lr5e-05_bs16_modL1_fusion64_fusionL1_drop0p1_trmiss50_trlocradio,9,0.541508711874485,0.6669493714968363,0.6008403361344538,0.7200152333384552,0.5555555555555556,0.0,0.0,0.0,0.0,0.0,0.0,0.0,0.0,0.0,2002,radio,0.5
4,2,lr5e-05_bs16_modL1_fusion64_fusionL1_drop0p1_trmiss50_trlocradio,16,5e-05,1,64,1,0.1,lr5e-05_bs16_modL1_fusion64_fusionL1_drop0p1_trmiss50_trlocradio,10,0.5469990670681,0.6650152405103048,0.6071428571428572,0.72908559090915,0.5555555555555556,0.0,0.0,0.0,0.0,0.0,0.0,0.0,0.0,0.0,2002,radio,0.5
4,2,lr5e-05_bs16_modL1_fusion64_fusionL1_drop0p1_trmiss50_trlocradio,16,5e-05,1,64,1,0.1,lr5e-05_bs16_modL1_fusion64_fusionL1_drop0p1_trmiss50_trlocradio,11,0.5266821508606275,0.6627679069836935,0.6050420168067228,0.7211446951669075,0.5555555555555556,0.0,0.0,0.0,0.0,0.0,0.0,0.0,0.0,0.0,2002,radio,0.5
4,2,lr5e-05_bs16_modL1_fusion64_fusionL1_drop0p1_trmiss50_trlocradio,16,5e-05,1,64,1,0.1,lr5e-05_bs16_modL1_fusion64_fusionL1_drop0p1_trmiss50_trlocradio,12,0.5387834906578064,0.6613086263338724,0.6386554621848739,0.7426615821936389,0.5777777777777777,0.0,0.0,0.0,0.0,0.0,0.0,0.0,0.0,0.0,2002,radio,0.5
4,2,lr5e-05_bs16_modL1_fusion64_fusionL1_drop0p1_trmiss50_trlocradio,16,5e-05,1,64,1,0.1,lr5e-05_bs16_modL1_fusion64_fusionL1_drop0p1_trmiss50_trlocradio,13,0.5107356905937195,0.6537063717842102,0.6386554621848739,0.7446853102660383,0.6,0.0,0.0,0.0,0.0,0.0,0.0,0.0,0.0,0.0,2002,radio,0.5
4,2,lr5e-05_bs16_modL1_fusion64_fusionL1_drop0p1_trmiss50_trlocradio,16,5e-05,1,64,1,0.1,lr5e-05_bs16_modL1_fusion64_fusionL1_drop0p1_trmiss50_trlocradio,14,0.5090399359663328,0.6549790898958842,0.6554621848739496,0.7532390041523855,0.6222222222222222,0.0,0.0,0.0,0.0,0.0,0.0,0.0,0.0,0.0,2002,radio,0.5
4,2,lr5e-05_bs16_modL1_fusion64_fusionL1_drop0p1_trmiss50_trlocradio,16,5e-05,1,64,1,0.1,lr5e-05_bs16_modL1_fusion64_fusionL1_drop0p1_trmiss50_trlocradio,15,0.5145742023984591,0.6573291420936584,0.6239495798319328,0.735946647624718,0.6222222222222222,0.0,0.0,0.0,0.0,0.0,0.0,0.0,0.0,0.0,2002,radio,0.5
4,2,lr5e-05_bs16_modL1_fusion64_fusionL1_drop0p1_trmiss50_trlocradio,16,5e-05,1,64,1,0.1,lr5e-05_bs16_modL1_fusion64_fusionL1_drop0p1_trmiss50_trlocradio,16,0.5121565038959185,0.6591722965240479,0.6218487394957983,0.7329336317861452,0.6222222222222222,0.0,0.0,0.0,0.0,0.0,0.0,0.0,0.0,0.0,2002,radio,0.5
4,2,lr5e-05_bs16_modL1_fusion64_fusionL1_drop0p1_trmiss50_trlocradio,16,5e-05,1,64,1,0.1,lr5e-05_bs16_modL1_fusion64_fusionL1_drop0p1_trmiss50_trlocradio,17,0.49973002821207047,0.6588949163754781,0.6260504201680672,0.726999855691956,0.6,0.0,0.0,0.0,0.0,0.0,0.0,0.0,0.0,0.0,2002,radio,0.5
4,2,lr5e-05_bs16_modL1_fusion64_fusionL1_drop0p1_trmiss50_trlocradio,16,5e-05,1,64,1,0.1,lr5e-05_bs16_modL1_fusion64_fusionL1_drop0p1_trmiss50_trlocradio,18,0.48740771661202115,0.6544756889343262,0.653361344537815,0.7326356098750944,0.6222222222222222,0.0,0.0,0.0,0.0,0.0,0.0,0.0,0.0,0.0,2002,radio,0.5
4,2,lr5e-05_bs16_modL1_fusion64_fusionL1_drop0p1_trmiss50_trlocradio,16,5e-05,1,64,1,0.1,lr5e-05_bs16_modL1_fusion64_fusionL1_drop0p1_trmiss50_trlocradio,19,0.4814148594935735,0.6516617139180502,0.6680672268907563,0.7492923815334301,0.6222222222222222,0.0,0.0,0.0,0.0,0.0,0.0,0.0,0.0,0.0,2002,radio,0.5
4,2,lr5e-05_bs16_modL1_fusion64_fusionL1_drop0p1_trmiss50_trlocradio,16,5e-05,1,64,1,0.1,lr5e-05_bs16_modL1_fusion64_fusionL1_drop0p1_trmiss50_trlocradio,20,0.43853503714005154,0.6564565300941467,0.634453781512605,0.7325363366438503,0.5777777777777777,0.0,0.0,0.0,0.0,0.0,0.0,0.0,0.0,0.0,2002,radio,0.5
4,2,lr5e-05_bs16_modL1_fusion64_fusionL1_drop0p1_trmiss50_trlocradio,16,5e-05,1,64,1,0.1,lr5e-05_bs16_modL1_fusion64_fusionL1_drop0p1_trmiss50_trlocradio,21,0.44152774413426715,0.6601095596949259,0.6134453781512605,0.7229364996520017,0.5777777777777777,0.0,0.0,0.0,0.0,0.0,0.0,0.0,0.0,0.0,2002,radio,0.5
4,2,lr5e-05_bs16_modL1_fusion64_fusionL1_drop0p1_trmiss50_trlocradio,16,5e-05,1,64,1,0.1,lr5e-05_bs16_modL1_fusion64_fusionL1_drop0p1_trmiss50_trlocradio,22,0.44091179470221203,0.6641183098157247,0.6176470588235294,0.7228221430589246,0.5777777777777777,0.0,0.0,0.0,0.0,0.0,0.0,0.0,0.0,0.0,2002,radio,0.5
4,2,lr5e-05_bs16_modL1_fusion64_fusionL1_drop0p1_trmiss50_trlocradio,16,5e-05,1,64,1,0.1,lr5e-05_bs16_modL1_fusion64_fusionL1_drop0p1_trmiss50_trlocradio,23,0.44204531113306683,0.6672134796778361,0.6029411764705883,0.7166189829354936,0.6222222222222222,0.0,0.0,0.0,0.0,0.0,0.0,0.0,0.0,0.0,2002,radio,0.5
4,2,lr5e-05_bs16_modL1_fusion64_fusionL1_drop0p1_trmiss50_trlocradio,16,5e-05,1,64,1,0.1,lr5e-05_bs16_modL1_fusion64_fusionL1_drop0p1_trmiss50_trlocradio,24,0.4208714912335078,0.664222796758016,0.6029411764705882,0.7048594889361811,0.5777777777777777,0.0,0.0,0.0,0.0,0.0,0.0,0.0,0.0,0.0,2002,radio,0.5
4,2,lr5e-05_bs16_modL1_fusion64_fusionL1_drop0p1_trmiss50_trlocradio,16,5e-05,1,64,1,0.1,lr5e-05_bs16_modL1_fusion64_fusionL1_drop0p1_trmiss50_trlocradio,25,0.4089992766578992,0.6580479145050049,0.6113445378151261,0.7081729669534446,0.6222222222222222,0.0,0.0,0.0,0.0,0.0,0.0,0.0,0.0,0.0,2002,radio,0.5
4,2,lr5e-05_bs16_modL1_fusion64_fusionL1_drop0p1_trmiss50_trlocradio,16,5e-05,1,64,1,0.1,lr5e-05_bs16_modL1_fusion64_fusionL1_drop0p1_trmiss50_trlocradio,26,0.4167840853333473,0.6646513342857361,0.5987394957983194,0.7061559116539359,0.5777777777777777,0.0,0.0,0.0,0.0,0.0,0.0,0.0,0.0,0.0,2002,radio,0.5
4,2,lr5e-05_bs16_modL1_fusion64_fusionL1_drop0p1_trmiss50_trlocradio,16,5e-05,1,64,1,0.1,lr5e-05_bs16_modL1_fusion64_fusionL1_drop0p1_trmiss50_trlocradio,27,0.42071014642715454,0.6631868084271749,0.6092436974789917,0.7173657128645544,0.6222222222222222,0.0,0.0,0.0,0.0,0.0,0.0,0.0,0.0,0.0,2002,radio,0.5
4,2,lr5e-05_bs16_modL1_fusion64_fusionL1_drop0p1_trmiss50_trlocradio,16,5e-05,1,64,1,0.1,lr5e-05_bs16_modL1_fusion64_fusionL1_drop0p1_trmiss50_trlocradio,28,0.42227600266536075,0.665724496046702,0.6092436974789915,0.7110018465260471,0.6,0.0,0.0,0.0,0.0,0.0,0.0,0.0,0.0,0.0,2002,radio,0.5
4,2,lr5e-05_bs16_modL1_fusion64_fusionL1_drop0p1_trmiss50_trlocradio,16,5e-05,1,64,1,0.1,lr5e-05_bs16_modL1_fusion64_fusionL1_drop0p1_trmiss50_trlocradio,29,0.42611374457677204,0.6650216778119405,0.6050420168067228,0.7110220465040157,0.5777777777777777,0.0,0.0,0.0,0.0,0.0,0.0,0.0,0.0,0.0,2002,radio,0.5
4,2,lr5e-05_bs16_modL1_fusion64_fusionL1_drop0p1_trmiss50_trlocradio,16,5e-05,1,64,1,0.1,lr5e-05_bs16_modL1_fusion64_fusionL1_drop0p1_trmiss50_trlocradio,30,0.41436489671468735,0.6632593671480814,0.6134453781512605,0.7194396776581323,0.5777777777777777,0.0,0.0,0.0,0.0,0.0,0.0,0.0,0.0,0.0,2002,radio,0.5
4,2,lr5e-05_bs16_modL1_fusion64_fusionL1_drop0p1_trmiss50_trlocradio,16,5e-05,1,64,1,0.1,lr5e-05_bs16_modL1_fusion64_fusionL1_drop0p1_trmiss50_trlocradio,31,0.39543576041857403,0.6645347476005554,0.6092436974789917,0.7198808803904923,0.6,0.0,0.0,0.0,0.0,0.0,0.0,0.0,0.0,0.0,2002,radio,0.5
4,2,lr5e-05_bs16_modL1_fusion64_fusionL1_drop0p1_trmiss50_trlocradio,16,5e-05,1,64,1,0.1,lr5e-05_bs16_modL1_fusion64_fusionL1_drop0p1_trmiss50_trlocradio,32,0.40099932501713437,0.6605564951896667,0.6050420168067228,0.7153629528435251,0.6,0.0,0.0,0.0,0.0,0.0,0.0,0.0,0.0,0.0,2002,radio,0.5
4,2,lr5e-05_bs16_modL1_fusion64_fusionL1_drop0p1_trmiss50_trlocradio,16,5e-05,1,64,1,0.1,lr5e-05_bs16_modL1_fusion64_fusionL1_drop0p1_trmiss50_trlocradio,33,0.3957142159342766,0.6639929811159769,0.6113445378151261,0.6987356735609147,0.5777777777777777,0.0,0.0,0.0,0.0,0.0,0.0,0.0,0.0,0.0,2002,radio,0.5
4,2,lr5e-05_bs16_modL1_fusion64_fusionL1_drop0p1_trmiss50_trlocradio,16,5e-05,1,64,1,0.1,lr5e-05_bs16_modL1_fusion64_fusionL1_drop0p1_trmiss50_trlocradio,34,0.4214288666844368,0.6627363165219625,0.615546218487395,0.699913453519881,0.5777777777777777,0.0,0.0,0.0,0.0,0.0,0.0,0.0,0.0,0.0,2002,radio,0.5
4,2,lr5e-05_bs16_modL1_fusion64_fusionL1_drop0p1_trmiss50_trlocradio,16,5e-05,1,64,1,0.1,lr5e-05_bs16_modL1_fusion64_fusionL1_drop0p1_trmiss50_trlocradio,35,0.3969312806924184,0.663841187953949,0.6218487394957983,0.7220872600500828,0.5777777777777777,0.0,0.0,0.0,0.0,0.0,0.0,0.0,0.0,0.0,2002,radio,0.5
4,2,lr5e-05_bs16_modL1_fusion64_fusionL1_drop0p1_trmiss50_trlocradio,16,5e-05,1,64,1,0.1,lr5e-05_bs16_modL1_fusion64_fusionL1_drop0p1_trmiss50_trlocradio,36,0.3969539478421211,0.6635297735532125,0.6176470588235294,0.7148513044939977,0.6,0.0,0.0,0.0,0.0,0.0,0.0,0.0,0.0,0.0,2002,radio,0.5
4,2,lr5e-05_bs16_modL1_fusion64_fusionL1_drop0p1_trmiss50_trlocradio,16,5e-05,1,64,1,0.1,lr5e-05_bs16_modL1_fusion64_fusionL1_drop0p1_trmiss50_trlocradio,37,0.38505952308575314,0.6651811202367147,0.6050420168067228,0.6898745638393817,0.5777777777777777,0.0,0.0,0.0,0.0,0.0,0.0,0.0,0.0,0.0,2002,radio,0.5
4,2,lr5e-05_bs16_modL1_fusion64_fusionL1_drop0p1_trmiss50_trlocradio,16,5e-05,1,64,1,0.1,lr5e-05_bs16_modL1_fusion64_fusionL1_drop0p1_trmiss50_trlocradio,38,0.3979097977280617,0.6626682281494141,0.6113445378151261,0.6972242211498457,0.6,0.0,0.0,0.0,0.0,0.0,0.0,0.0,0.0,0.0,2002,radio,0.5
4,2,lr5e-05_bs16_modL1_fusion64_fusionL1_drop0p1_trmiss50_trlocradio,16,5e-05,1,64,1,0.1,lr5e-05_bs16_modL1_fusion64_fusionL1_drop0p1_trmiss50_trlocradio,39,0.3977278818686803,0.6676023999849955,0.6176470588235294,0.7110233828089195,0.5777777777777777,0.0,0.0,0.0,0.0,0.0,0.0,0.0,0.0,0.0,2002,radio,0.5
4,2,lr1e-04_bs16_modL1_fusion32_fusionL1_drop0p2_trmiss50_trlocradio,16,0.0001,1,32,1,0.2,lr1e-04_bs16_modL1_fusion32_fusionL1_drop0p2_trmiss50_trlocradio,1,0.7151171565055847,0.6963034669558207,0.5777310924369747,0.6882732195279481,0.4888888888888889,0.0,0.0,0.0,0.0,0.0,0.0,0.0,0.0,0.0,2002,radio,0.5
4,2,lr1e-04_bs16_modL1_fusion32_fusionL1_drop0p2_trmiss50_trlocradio,16,0.0001,1,32,1,0.2,lr1e-04_bs16_modL1_fusion32_fusionL1_drop0p2_trmiss50_trlocradio,2,0.6609775920708975,0.6872800787289938,0.6008403361344538,0.6901047345609399,0.6222222222222222,0.0,0.0,0.0,0.0,0.0,0.0,0.0,0.0,0.0,2002,radio,0.5
4,2,lr1e-04_bs16_modL1_fusion32_fusionL1_drop0p2_trmiss50_trlocradio,16,0.0001,1,32,1,0.2,lr1e-04_bs16_modL1_fusion32_fusionL1_drop0p2_trmiss50_trlocradio,3,0.619193767507871,0.6816467444101969,0.6134453781512605,0.7020258755119578,0.6,0.0,0.0,0.0,0.0,0.0,0.0,0.0,0.0,0.0,2002,radio,0.5
4,2,lr1e-04_bs16_modL1_fusion32_fusionL1_drop0p2_trmiss50_trlocradio,16,0.0001,1,32,1,0.2,lr1e-04_bs16_modL1_fusion32_fusionL1_drop0p2_trmiss50_trlocradio,4,0.6125821520884832,0.6702085336049398,0.6470588235294118,0.7312616686768798,0.6222222222222222,0.0,0.0,0.0,0.0,0.0,0.0,0.0,0.0,0.0,2002,radio,0.5
4,2,lr1e-04_bs16_modL1_fusion32_fusionL1_drop0p2_trmiss50_trlocradio,16,0.0001,1,32,1,0.2,lr1e-04_bs16_modL1_fusion32_fusionL1_drop0p2_trmiss50_trlocradio,5,0.6117310623327891,0.6709016760190328,0.6302521008403361,0.7028477001541605,0.6444444444444445,0.0,0.0,0.0,0.0,0.0,0.0,0.0,0.0,0.0,2002,radio,0.5
4,2,lr1e-04_bs16_modL1_fusion32_fusionL1_drop0p2_trmiss50_trlocradio,16,0.0001,1,32,1,0.2,lr1e-04_bs16_modL1_fusion32_fusionL1_drop0p2_trmiss50_trlocradio,6,0.5881649826963743,0.6644641757011414,0.6260504201680672,0.7030941741222759,0.6666666666666666,0.0,0.0,0.0,0.0,0.0,0.0,0.0,0.0,0.0,2002,radio,0.5
4,2,lr1e-04_bs16_modL1_fusion32_fusionL1_drop0p2_trmiss50_trlocradio,16,0.0001,1,32,1,0.2,lr1e-04_bs16_modL1_fusion32_fusionL1_drop0p2_trmiss50_trlocradio,7,0.5692149847745895,0.6607260902722677,0.6344537815126051,0.703619983986321,0.6888888888888889,0.0,0.0,0.0,0.0,0.0,0.0,0.0,0.0,0.0,2002,radio,0.5
4,2,lr1e-04_bs16_modL1_fusion32_fusionL1_drop0p2_trmiss50_trlocradio,16,0.0001,1,32,1,0.2,lr1e-04_bs16_modL1_fusion32_fusionL1_drop0p2_trmiss50_trlocradio,8,0.5546368062496185,0.6531962354977926,0.6554621848739496,0.7347241995146452,0.7111111111111111,0.0,0.0,0.0,0.0,0.0,0.0,0.0,0.0,0.0,2002,radio,0.5
4,2,lr1e-04_bs16_modL1_fusion32_fusionL1_drop0p2_trmiss50_trlocradio,16,0.0001,1,32,1,0.2,lr1e-04_bs16_modL1_fusion32_fusionL1_drop0p2_trmiss50_trlocradio,9,0.5556278129418691,0.6470805207888285,0.6596638655462186,0.7389612143318789,0.6888888888888889,0.0,0.0,0.0,0.0,0.0,0.0,0.0,0.0,0.0,2002,radio,0.5
4,2,lr1e-04_bs16_modL1_fusion32_fusionL1_drop0p2_trmiss50_trlocradio,16,0.0001,1,32,1,0.2,lr1e-04_bs16_modL1_fusion32_fusionL1_drop0p2_trmiss50_trlocradio,10,0.5404231573144594,0.6494317452112833,0.6449579831932772,0.7403636324183972,0.6444444444444445,0.0,0.0,0.0,0.0,0.0,0.0,0.0,0.0,0.0,2002,radio,0.5
4,2,lr1e-04_bs16_modL1_fusion32_fusionL1_drop0p2_trmiss50_trlocradio,16,0.0001,1,32,1,0.2,lr1e-04_bs16_modL1_fusion32_fusionL1_drop0p2_trmiss50_trlocradio,11,0.49702326705058414,0.6469237208366394,0.6239495798319328,0.7203550514433361,0.6444444444444445,0.0,0.0,0.0,0.0,0.0,0.0,0.0,0.0,0.0,2002,radio,0.5
4,2,lr1e-04_bs16_modL1_fusion32_fusionL1_drop0p2_trmiss50_trlocradio,16,0.0001,1,32,1,0.2,lr1e-04_bs16_modL1_fusion32_fusionL1_drop0p2_trmiss50_trlocradio,12,0.5297347530722618,0.6484439571698507,0.6323529411764706,0.7233398986724373,0.6444444444444445,0.0,0.0,0.0,0.0,0.0,0.0,0.0,0.0,0.0,2002,radio,0.5
4,2,lr1e-04_bs16_modL1_fusion32_fusionL1_drop0p2_trmiss50_trlocradio,16,0.0001,1,32,1,0.2,lr1e-04_bs16_modL1_fusion32_fusionL1_drop0p2_trmiss50_trlocradio,13,0.5122073963284492,0.6522424419720968,0.6218487394957983,0.7225500546099937,0.6444444444444445,0.0,0.0,0.0,0.0,0.0,0.0,0.0,0.0,0.0,2002,radio,0.5
4,2,lr1e-04_bs16_modL1_fusion32_fusionL1_drop0p2_trmiss50_trlocradio,16,0.0001,1,32,1,0.2,lr1e-04_bs16_modL1_fusion32_fusionL1_drop0p2_trmiss50_trlocradio,14,0.4858818327387174,0.6532392303148905,0.6113445378151261,0.7214979566526389,0.6,0.0,0.0,0.0,0.0,0.0,0.0,0.0,0.0,0.0,2002,radio,0.5
4,2,lr1e-04_bs16_modL1_fusion32_fusionL1_drop0p2_trmiss50_trlocradio,16,0.0001,1,32,1,0.2,lr1e-04_bs16_modL1_fusion32_fusionL1_drop0p2_trmiss50_trlocradio,15,0.47626731048027676,0.6421175201733907,0.6323529411764706,0.7309072950528037,0.6444444444444445,0.0,0.0,0.0,0.0,0.0,0.0,0.0,0.0,0.0,2002,radio,0.5
4,2,lr1e-04_bs16_modL1_fusion32_fusionL1_drop0p2_trmiss50_trlocradio,16,0.0001,1,32,1,0.2,lr1e-04_bs16_modL1_fusion32_fusionL1_drop0p2_trmiss50_trlocradio,16,0.4875711922844251,0.644072969754537,0.6197478991596639,0.7187515998485156,0.6222222222222222,0.0,0.0,0.0,0.0,0.0,0.0,0.0,0.0,0.0,2002,radio,0.5
4,2,lr1e-04_bs16_modL1_fusion32_fusionL1_drop0p2_trmiss50_trlocradio,16,0.0001,1,32,1,0.2,lr1e-04_bs16_modL1_fusion32_fusionL1_drop0p2_trmiss50_trlocradio,17,0.45489009966452915,0.6450124979019165,0.6134453781512605,0.7343614681169112,0.6,0.0,0.0,0.0,0.0,0.0,0.0,0.0,0.0,0.0,2002,radio,0.5
4,2,lr1e-04_bs16_modL1_fusion32_fusionL1_drop0p2_trmiss50_trlocradio,16,0.0001,1,32,1,0.2,lr1e-04_bs16_modL1_fusion32_fusionL1_drop0p2_trmiss50_trlocradio,18,0.45493343224128086,0.6495166619618734,0.615546218487395,0.7405691027187545,0.6222222222222222,0.0,0.0,0.0,0.0,0.0,0.0,0.0,0.0,0.0,2002,radio,0.5
4,2,lr1e-04_bs16_modL1_fusion32_fusionL1_drop0p2_trmiss50_trlocradio,16,0.0001,1,32,1,0.2,lr1e-04_bs16_modL1_fusion32_fusionL1_drop0p2_trmiss50_trlocradio,19,0.4580548008282979,0.6564233104387919,0.6176470588235294,0.7508772876586375,0.6,0.0,0.0,0.0,0.0,0.0,0.0,0.0,0.0,0.0,2002,radio,0.5
4,2,lr1e-04_bs16_modL1_fusion32_fusionL1_drop0p2_trmiss50_trlocradio,16,0.0001,1,32,1,0.2,lr1e-04_bs16_modL1_fusion32_fusionL1_drop0p2_trmiss50_trlocradio,20,0.42000819742679596,0.6497120062510172,0.6197478991596639,0.7412444505049174,0.6444444444444445,0.0,0.0,0.0,0.0,0.0,0.0,0.0,0.0,0.0,2002,radio,0.5
4,2,lr1e-04_bs16_modL1_fusion32_fusionL1_drop0p2_trmiss50_trlocradio,16,0.0001,1,32,1,0.2,lr1e-04_bs16_modL1_fusion32_fusionL1_drop0p2_trmiss50_trlocradio,21,0.43414554993311566,0.6468634804089864,0.5945378151260505,0.7185537094746695,0.6,0.0,0.0,0.0,0.0,0.0,0.0,0.0,0.0,0.0,2002,radio,0.5
4,2,lr1e-04_bs16_modL1_fusion32_fusionL1_drop0p2_trmiss50_trlocradio,16,0.0001,1,32,1,0.2,lr1e-04_bs16_modL1_fusion32_fusionL1_drop0p2_trmiss50_trlocradio,22,0.4461618314186732,0.6512393355369568,0.6050420168067228,0.7361202642233399,0.5333333333333333,0.0,0.0,0.0,0.0,0.0,0.0,0.0,0.0,0.0,2002,radio,0.5
4,2,lr1e-04_bs16_modL1_fusion32_fusionL1_drop0p2_trmiss50_trlocradio,16,0.0001,1,32,1,0.2,lr1e-04_bs16_modL1_fusion32_fusionL1_drop0p2_trmiss50_trlocradio,23,0.40743280947208405,0.6480272809664408,0.6092436974789917,0.7251671784813265,0.5777777777777777,0.0,0.0,0.0,0.0,0.0,0.0,0.0,0.0,0.0,2002,radio,0.5
4,2,lr1e-04_bs16_modL1_fusion32_fusionL1_drop0p2_trmiss50_trlocradio,16,0.0001,1,32,1,0.2,lr1e-04_bs16_modL1_fusion32_fusionL1_drop0p2_trmiss50_trlocradio,24,0.41533785810073215,0.6593537131945292,0.6008403361344539,0.7215461218745529,0.5555555555555556,0.0,0.0,0.0,0.0,0.0,0.0,0.0,0.0,0.0,2002,radio,0.5
4,2,lr1e-04_bs16_modL1_fusion32_fusionL1_drop0p2_trmiss50_trlocradio,16,0.0001,1,32,1,0.2,lr1e-04_bs16_modL1_fusion32_fusionL1_drop0p2_trmiss50_trlocradio,25,0.4166497439146042,0.6600690484046936,0.5882352941176471,0.7297536264977424,0.5333333333333333,0.0,0.0,0.0,0.0,0.0,0.0,0.0,0.0,0.0,2002,radio,0.5
4,2,lr1e-04_bs16_modL1_fusion32_fusionL1_drop0p2_trmiss50_trlocradio,16,0.0001,1,32,1,0.2,lr1e-04_bs16_modL1_fusion32_fusionL1_drop0p2_trmiss50_trlocradio,26,0.42041580379009247,0.6549337903658549,0.588235294117647,0.7274520303277436,0.5555555555555556,0.0,0.0,0.0,0.0,0.0,0.0,0.0,0.0,0.0,2002,radio,0.5
4,2,lr1e-04_bs16_modL1_fusion32_fusionL1_drop0p2_trmiss50_trlocradio,16,0.0001,1,32,1,0.2,lr1e-04_bs16_modL1_fusion32_fusionL1_drop0p2_trmiss50_trlocradio,27,0.3955092951655388,0.6523286501566569,0.5861344537815125,0.7261462872167312,0.5555555555555556,0.0,0.0,0.0,0.0,0.0,0.0,0.0,0.0,0.0,2002,radio,0.5
4,2,lr1e-04_bs16_modL1_fusion32_fusionL1_drop0p2_trmiss50_trlocradio,16,0.0001,1,32,1,0.2,lr1e-04_bs16_modL1_fusion32_fusionL1_drop0p2_trmiss50_trlocradio,28,0.4085839440425237,0.6572648882865906,0.5735294117647058,0.7144570387078522,0.5111111111111111,0.0,0.0,0.0,0.0,0.0,0.0,0.0,0.0,0.0,2002,radio,0.5
4,2,lr1e-04_bs16_modL1_fusion32_fusionL1_drop0p2_trmiss50_trlocradio,16,0.0001,1,32,1,0.2,lr1e-04_bs16_modL1_fusion32_fusionL1_drop0p2_trmiss50_trlocradio,29,0.3987449184060097,0.6512129108111063,0.6008403361344539,0.728811533399182,0.5555555555555556,0.0,0.0,0.0,0.0,0.0,0.0,0.0,0.0,0.0,2002,radio,0.5
4,2,lr1e-04_bs16_modL1_fusion32_fusionL1_drop0p1_trmiss50_trlocradio,16,0.0001,1,32,1,0.1,lr1e-04_bs16_modL1_fusion32_fusionL1_drop0p1_trmiss50_trlocradio,1,0.7101924071709315,0.71232936779658,0.3487394957983193,0.5747278603302157,0.4,0.0,0.0,0.0,0.0,0.0,0.0,0.0,0.0,0.0,2002,radio,0.5
4,2,lr1e-04_bs16_modL1_fusion32_fusionL1_drop0p1_trmiss50_trlocradio,16,0.0001,1,32,1,0.1,lr1e-04_bs16_modL1_fusion32_fusionL1_drop0p1_trmiss50_trlocradio,2,0.670416255791982,0.7337607343991598,0.365546218487395,0.5522862478923383,0.4444444444444444,0.0,0.0,0.0,0.0,0.0,0.0,0.0,0.0,0.0,2002,radio,0.5
4,2,lr1e-04_bs16_modL1_fusion32_fusionL1_drop0p1_trmiss50_trlocradio,16,0.0001,1,32,1,0.1,lr1e-04_bs16_modL1_fusion32_fusionL1_drop0p1_trmiss50_trlocradio,3,0.6452961762746176,0.7371059854825338,0.3760504201680672,0.5451494199220885,0.4666666666666667,0.0,0.0,0.0,0.0,0.0,0.0,0.0,0.0,0.0,2002,radio,0.5
4,2,lr1e-04_bs16_modL1_fusion32_fusionL1_drop0p1_trmiss50_trlocradio,16,0.0001,1,32,1,0.1,lr1e-04_bs16_modL1_fusion32_fusionL1_drop0p1_trmiss50_trlocradio,4,0.5919386049111685,0.7472861011823019,0.3697478991596639,0.5428562791844938,0.4888888888888889,0.0,0.0,0.0,0.0,0.0,0.0,0.0,0.0,0.0,2002,radio,0.5
4,2,lr1e-04_bs16_modL1_fusion32_fusionL1_drop0p1_trmiss50_trlocradio,16,0.0001,1,32,1,0.1,lr1e-04_bs16_modL1_fusion32_fusionL1_drop0p1_trmiss50_trlocradio,5,0.5925091604391733,0.7368947267532349,0.384453781512605,0.5801631427228736,0.4888888888888889,0.0,0.0,0.0,0.0,0.0,0.0,0.0,0.0,0.0,2002,radio,0.5
4,2,lr1e-04_bs16_modL1_fusion32_fusionL1_drop0p1_trmiss50_trlocradio,16,0.0001,1,32,1,0.1,lr1e-04_bs16_modL1_fusion32_fusionL1_drop0p1_trmiss50_trlocradio,6,0.5620462497075399,0.7326472798983256,0.4285714285714286,0.5759578040118959,0.4888888888888889,0.0,0.0,0.0,0.0,0.0,0.0,0.0,0.0,0.0,2002,radio,0.5
4,2,lr1e-04_bs16_modL1_fusion32_fusionL1_drop0p1_trmiss50_trlocradio,16,0.0001,1,32,1,0.1,lr1e-04_bs16_modL1_fusion32_fusionL1_drop0p1_trmiss50_trlocradio,7,0.5364329765240351,0.7233475049336752,0.44327731092436984,0.5854356061144722,0.5555555555555556,0.0,0.0,0.0,0.0,0.0,0.0,0.0,0.0,0.0,2002,radio,0.5
4,2,lr1e-04_bs16_modL1_fusion32_fusionL1_drop0p1_trmiss50_trlocradio,16,0.0001,1,32,1,0.1,lr1e-04_bs16_modL1_fusion32_fusionL1_drop0p1_trmiss50_trlocradio,8,0.5358724991480509,0.7328383723894755,0.40336134453781514,0.5694274589681562,0.4888888888888889,0.0,0.0,0.0,0.0,0.0,0.0,0.0,0.0,0.0,2002,radio,0.5
4,2,lr1e-04_bs16_modL1_fusion32_fusionL1_drop0p1_trmiss50_trlocradio,16,0.0001,1,32,1,0.1,lr1e-04_bs16_modL1_fusion32_fusionL1_drop0p1_trmiss50_trlocradio,9,0.5163984000682831,0.731442908445994,0.42226890756302526,0.5817351031119478,0.5111111111111111,0.0,0.0,0.0,0.0,0.0,0.0,0.0,0.0,0.0,2002,radio,0.5
4,2,lr1e-04_bs16_modL1_fusion32_fusionL1_drop0p1_trmiss50_trlocradio,16,0.0001,1,32,1,0.1,lr1e-04_bs16_modL1_fusion32_fusionL1_drop0p1_trmiss50_trlocradio,10,0.5168526296814283,0.7307470440864563,0.4285714285714286,0.5909889310965946,0.4666666666666667,0.0,0.0,0.0,0.0,0.0,0.0,0.0,0.0,0.0,2002,radio,0.5
4,2,lr1e-04_bs16_modL1_fusion32_fusionL1_drop0p1_trmiss50_trlocradio,16,0.0001,1,32,1,0.1,lr1e-04_bs16_modL1_fusion32_fusionL1_drop0p1_trmiss50_trlocradio,11,0.5261019517978033,0.7336779435475668,0.4369747899159664,0.5916553668863179,0.4666666666666667,0.0,0.0,0.0,0.0,0.0,0.0,0.0,0.0,0.0,2002,radio,0.5
4,2,lr1e-04_bs16_modL1_fusion32_fusionL1_drop0p1_trmiss50_trlocradio,16,0.0001,1,32,1,0.1,lr1e-04_bs16_modL1_fusion32_fusionL1_drop0p1_trmiss50_trlocradio,12,0.4909379680951436,0.736668070157369,0.42016806722689076,0.5783931873449502,0.4666666666666667,0.0,0.0,0.0,0.0,0.0,0.0,0.0,0.0,0.0,2002,radio,0.5
4,2,lr1e-04_bs16_modL1_fusion32_fusionL1_drop0p1_trmiss50_trlocradio,16,0.0001,1,32,1,0.1,lr1e-04_bs16_modL1_fusion32_fusionL1_drop0p1_trmiss50_trlocradio,13,0.4970960294206937,0.7429029742876688,0.40126050420168063,0.5653761988180276,0.4444444444444444,0.0,0.0,0.0,0.0,0.0,0.0,0.0,0.0,0.0,2002,radio,0.5
4,2,lr1e-04_bs16_modL1_fusion32_fusionL1_drop0p1_trmiss50_trlocradio,16,0.0001,1,32,1,0.1,lr1e-04_bs16_modL1_fusion32_fusionL1_drop0p1_trmiss50_trlocradio,14,0.4919753049810727,0.7331422964731852,0.41596638655462187,0.5803483699359135,0.4888888888888889,0.0,0.0,0.0,0.0,0.0,0.0,0.0,0.0,0.0,2002,radio,0.5
4,2,lr1e-04_bs16_modL1_fusion32_fusionL1_drop0p1_trmiss50_trlocradio,16,0.0001,1,32,1,0.1,lr1e-04_bs16_modL1_fusion32_fusionL1_drop0p1_trmiss50_trlocradio,15,0.48501115292310715,0.737077554066976,0.4159663865546218,0.5704118477344997,0.4888888888888889,0.0,0.0,0.0,0.0,0.0,0.0,0.0,0.0,0.0,2002,radio,0.5
4,2,lr1e-04_bs16_modL1_fusion32_fusionL1_drop0p1_trmiss50_trlocradio,16,0.0001,1,32,1,0.1,lr1e-04_bs16_modL1_fusion32_fusionL1_drop0p1_trmiss50_trlocradio,16,0.4746096506714821,0.7394261558850607,0.4180672268907563,0.5741576229414234,0.4444444444444444,0.0,0.0,0.0,0.0,0.0,0.0,0.0,0.0,0.0,2002,radio,0.5
4,2,lr1e-04_bs16_modL1_fusion32_fusionL1_drop0p1_trmiss50_trlocradio,16,0.0001,1,32,1,0.1,lr1e-04_bs16_modL1_fusion32_fusionL1_drop0p1_trmiss50_trlocradio,17,0.4836988349755605,0.7375517090161642,0.4327731092436975,0.5782133441123145,0.4888888888888889,0.0,0.0,0.0,0.0,0.0,0.0,0.0,0.0,0.0,2002,radio,0.5
4,2,lr1e-04_bs16_modL1_fusion32_fusionL1_drop0p1_trmiss50_trlocradio,16,0.0001,1,32,1,0.1,lr1e-04_bs16_modL1_fusion32_fusionL1_drop0p1_trmiss50_trlocradio,18,0.48807670672734577,0.7516250610351562,0.407563025210084,0.5670167411107999,0.4888888888888889,0.0,0.0,0.0,0.0,0.0,0.0,0.0,0.0,0.0,2002,radio,0.5
4,2,lr1e-04_bs16_modL1_fusion32_fusionL1_drop0p1_trmiss50_trlocradio,16,0.0001,1,32,1,0.1,lr1e-04_bs16_modL1_fusion32_fusionL1_drop0p1_trmiss50_trlocradio,19,0.45895115782817203,0.7415067553520203,0.4348739495798319,0.5802072432141331,0.4666666666666667,0.0,0.0,0.0,0.0,0.0,0.0,0.0,0.0,0.0,2002,radio,0.5
4,2,lr1e-04_bs16_modL1_fusion32_fusionL1_drop0p1_trmiss50_trlocradio,16,0.0001,1,32,1,0.1,lr1e-04_bs16_modL1_fusion32_fusionL1_drop0p1_trmiss50_trlocradio,20,0.4802977244059245,0.7378531893094381,0.42857142857142855,0.5783964984482256,0.5111111111111111,0.0,0.0,0.0,0.0,0.0,0.0,0.0,0.0,0.0,2002,radio,0.5
4,2,lr1e-04_bs16_modL1_fusion32_fusionL1_drop0p1_trmiss50_trlocradio,16,0.0001,1,32,1,0.1,lr1e-04_bs16_modL1_fusion32_fusionL1_drop0p1_trmiss50_trlocradio,21,0.4560173253218333,0.7385213176409403,0.4096638655462185,0.5713679079995099,0.4444444444444444,0.0,0.0,0.0,0.0,0.0,0.0,0.0,0.0,0.0,2002,radio,0.5
4,2,lr1e-04_bs16_modL1_fusion32_fusionL1_drop0p1_trmiss50_trlocradio,16,0.0001,1,32,1,0.1,lr1e-04_bs16_modL1_fusion32_fusionL1_drop0p1_trmiss50_trlocradio,22,0.4603260060151418,0.7357250253359476,0.4201680672268907,0.5900769414227185,0.4222222222222222,0.0,0.0,0.0,0.0,0.0,0.0,0.0,0.0,0.0,2002,radio,0.5
4,2,lr1e-04_bs16_modL1_fusion32_fusionL1_drop0p1_trmiss50_trlocradio,16,0.0001,1,32,1,0.1,lr1e-04_bs16_modL1_fusion32_fusionL1_drop0p1_trmiss50_trlocradio,23,0.46827368438243866,0.7343835830688477,0.4117647058823529,0.5850653745054645,0.4888888888888889,0.0,0.0,0.0,0.0,0.0,0.0,0.0,0.0,0.0,2002,radio,0.5
4,2,lr1e-04_bs16_modL1_fusion32_fusionL1_drop0p1_trmiss50_trlocradio,16,0.0001,1,32,1,0.1,lr1e-04_bs16_modL1_fusion32_fusionL1_drop0p1_trmiss50_trlocradio,24,0.46604059636592865,0.729630728562673,0.42857142857142855,0.5792248802604054,0.5111111111111111,0.0,0.0,0.0,0.0,0.0,0.0,0.0,0.0,0.0,2002,radio,0.5
4,2,lr1e-04_bs16_modL1_fusion32_fusionL1_drop0p1_trmiss50_trlocradio,16,0.0001,1,32,1,0.1,lr1e-04_bs16_modL1_fusion32_fusionL1_drop0p1_trmiss50_trlocradio,25,0.45060309767723083,0.734979252020518,0.4243697478991596,0.5778895525205997,0.4666666666666667,0.0,0.0,0.0,0.0,0.0,0.0,0.0,0.0,0.0,2002,radio,0.5
4,2,lr1e-04_bs16_modL1_fusion32_fusionL1_drop0p1_trmiss50_trlocradio,16,0.0001,1,32,1,0.1,lr1e-04_bs16_modL1_fusion32_fusionL1_drop0p1_trmiss50_trlocradio,26,0.4523871789375941,0.7350722153981527,0.407563025210084,0.576055599491932,0.5111111111111111,0.0,0.0,0.0,0.0,0.0,0.0,0.0,0.0,0.0,2002,radio,0.5
4,2,lr1e-04_bs16_modL1_fusion32_fusionL1_drop0p1_trmiss50_trlocradio,16,0.0001,1,32,1,0.1,lr1e-04_bs16_modL1_fusion32_fusionL1_drop0p1_trmiss50_trlocradio,27,0.4589156185587247,0.7422810196876526,0.4159663865546218,0.5774869264352005,0.4222222222222222,0.0,0.0,0.0,0.0,0.0,0.0,0.0,0.0,0.0,2002,radio,0.5
4,2,lr1e-04_bs16_modL1_fusion64_fusionL1_drop0p2_trmiss50_trlocradio,16,0.0001,1,64,1,0.2,lr1e-04_bs16_modL1_fusion64_fusionL1_drop0p2_trmiss50_trlocradio,1,0.7077024529377619,0.6853638490041097,0.5147058823529412,0.685754380060037,0.5777777777777777,0.0,0.0,0.0,0.0,0.0,0.0,0.0,0.0,0.0,2002,radio,0.5
4,2,lr1e-04_bs16_modL1_fusion64_fusionL1_drop0p2_trmiss50_trlocradio,16,0.0001,1,64,1,0.2,lr1e-04_bs16_modL1_fusion64_fusionL1_drop0p2_trmiss50_trlocradio,2,0.6603115002314249,0.6915932099024454,0.523109243697479,0.6917254138427005,0.5111111111111111,0.0,0.0,0.0,0.0,0.0,0.0,0.0,0.0,0.0,2002,radio,0.5
4,2,lr1e-04_bs16_modL1_fusion64_fusionL1_drop0p2_trmiss50_trlocradio,16,0.0001,1,64,1,0.2,lr1e-04_bs16_modL1_fusion64_fusionL1_drop0p2_trmiss50_trlocradio,3,0.6352965533733368,0.6872062087059021,0.5378151260504201,0.7042197053705193,0.4444444444444444,0.0,0.0,0.0,0.0,0.0,0.0,0.0,0.0,0.0,2002,radio,0.5
4,2,lr1e-04_bs16_modL1_fusion64_fusionL1_drop0p2_trmiss50_trlocradio,16,0.0001,1,64,1,0.2,lr1e-04_bs16_modL1_fusion64_fusionL1_drop0p2_trmiss50_trlocradio,4,0.6268788725137711,0.6871203780174255,0.5294117647058824,0.7073438822452338,0.4888888888888889,0.0,0.0,0.0,0.0,0.0,0.0,0.0,0.0,0.0,2002,radio,0.5
4,2,lr1e-04_bs16_modL1_fusion64_fusionL1_drop0p2_trmiss50_trlocradio,16,0.0001,1,64,1,0.2,lr1e-04_bs16_modL1_fusion64_fusionL1_drop0p2_trmiss50_trlocradio,5,0.6071972648302714,0.6781256397565206,0.5462184873949579,0.7192507270315169,0.4888888888888889,0.0,0.0,0.0,0.0,0.0,0.0,0.0,0.0,0.0,2002,radio,0.5
4,2,lr1e-04_bs16_modL1_fusion64_fusionL1_drop0p2_trmiss50_trlocradio,16,0.0001,1,64,1,0.2,lr1e-04_bs16_modL1_fusion64_fusionL1_drop0p2_trmiss50_trlocradio,6,0.5991359800100327,0.6816911896069845,0.5315126050420168,0.6981223265916354,0.4444444444444444,0.0,0.0,0.0,0.0,0.0,0.0,0.0,0.0,0.0,2002,radio,0.5
4,2,lr1e-04_bs16_modL1_fusion64_fusionL1_drop0p2_trmiss50_trlocradio,16,0.0001,1,64,1,0.2,lr1e-04_bs16_modL1_fusion64_fusionL1_drop0p2_trmiss50_trlocradio,7,0.5642641459902128,0.6783220767974854,0.5651260504201681,0.710215139872439,0.4666666666666667,0.0,0.0,0.0,0.0,0.0,0.0,0.0,0.0,0.0,2002,radio,0.5
4,2,lr1e-04_bs16_modL1_fusion64_fusionL1_drop0p2_trmiss50_trlocradio,16,0.0001,1,64,1,0.2,lr1e-04_bs16_modL1_fusion64_fusionL1_drop0p2_trmiss50_trlocradio,8,0.57323690255483,0.6751039226849874,0.5672268907563025,0.7078896947178079,0.4888888888888889,0.0,0.0,0.0,0.0,0.0,0.0,0.0,0.0,0.0,2002,radio,0.5
4,2,lr1e-04_bs16_modL1_fusion64_fusionL1_drop0p2_trmiss50_trlocradio,16,0.0001,1,64,1,0.2,lr1e-04_bs16_modL1_fusion64_fusionL1_drop0p2_trmiss50_trlocradio,9,0.5532147958874702,0.6744289994239807,0.588235294117647,0.7313382273267064,0.5555555555555556,0.0,0.0,0.0,0.0,0.0,0.0,0.0,0.0,0.0,2002,radio,0.5
4,2,lr1e-04_bs16_modL1_fusion64_fusionL1_drop0p2_trmiss50_trlocradio,16,0.0001,1,64,1,0.2,lr1e-04_bs16_modL1_fusion64_fusionL1_drop0p2_trmiss50_trlocradio,10,0.5255010773738226,0.6731728514035543,0.5609243697478992,0.7234375025335336,0.5555555555555556,0.0,0.0,0.0,0.0,0.0,0.0,0.0,0.0,0.0,2002,radio,0.5
4,2,lr1e-04_bs16_modL1_fusion64_fusionL1_drop0p2_trmiss50_trlocradio,16,0.0001,1,64,1,0.2,lr1e-04_bs16_modL1_fusion64_fusionL1_drop0p2_trmiss50_trlocradio,11,0.5063236827651659,0.6744866172472636,0.592436974789916,0.7432944674223143,0.5777777777777777,0.0,0.0,0.0,0.0,0.0,0.0,0.0,0.0,0.0,2002,radio,0.5
4,2,lr1e-04_bs16_modL1_fusion64_fusionL1_drop0p2_trmiss50_trlocradio,16,0.0001,1,64,1,0.2,lr1e-04_bs16_modL1_fusion64_fusionL1_drop0p2_trmiss50_trlocradio,12,0.5407488569617271,0.6712925235430399,0.5777310924369747,0.7279000680878374,0.5555555555555556,0.0,0.0,0.0,0.0,0.0,0.0,0.0,0.0,0.0,2002,radio,0.5
4,2,lr1e-04_bs16_modL1_fusion64_fusionL1_drop0p2_trmiss50_trlocradio,16,0.0001,1,64,1,0.2,lr1e-04_bs16_modL1_fusion64_fusionL1_drop0p2_trmiss50_trlocradio,13,0.5111356923977534,0.6680974960327148,0.6218487394957983,0.7551790544760646,0.5555555555555556,0.0,0.0,0.0,0.0,0.0,0.0,0.0,0.0,0.0,2002,radio,0.5
4,2,lr1e-04_bs16_modL1_fusion64_fusionL1_drop0p2_trmiss50_trlocradio,16,0.0001,1,64,1,0.2,lr1e-04_bs16_modL1_fusion64_fusionL1_drop0p2_trmiss50_trlocradio,14,0.49842076003551483,0.6618007818857828,0.6092436974789917,0.7507184371959083,0.5555555555555556,0.0,0.0,0.0,0.0,0.0,0.0,0.0,0.0,0.0,2002,radio,0.5
4,2,lr1e-04_bs16_modL1_fusion64_fusionL1_drop0p2_trmiss50_trlocradio,16,0.0001,1,64,1,0.2,lr1e-04_bs16_modL1_fusion64_fusionL1_drop0p2_trmiss50_trlocradio,15,0.47672205915053684,0.6669206221898397,0.5903361344537815,0.7448933640405188,0.5333333333333333,0.0,0.0,0.0,0.0,0.0,0.0,0.0,0.0,0.0,2002,radio,0.5
4,2,lr1e-04_bs16_modL1_fusion64_fusionL1_drop0p2_trmiss50_trlocradio,16,0.0001,1,64,1,0.2,lr1e-04_bs16_modL1_fusion64_fusionL1_drop0p2_trmiss50_trlocradio,16,0.4705471744139989,0.659132182598114,0.5966386554621849,0.7418947606610556,0.5555555555555556,0.0,0.0,0.0,0.0,0.0,0.0,0.0,0.0,0.0,2002,radio,0.5
4,2,lr1e-04_bs16_modL1_fusion64_fusionL1_drop0p2_trmiss50_trlocradio,16,0.0001,1,64,1,0.2,lr1e-04_bs16_modL1_fusion64_fusionL1_drop0p2_trmiss50_trlocradio,17,0.45598488797744113,0.6557756861050924,0.6008403361344538,0.7466102796366687,0.6222222222222222,0.0,0.0,0.0,0.0,0.0,0.0,0.0,0.0,0.0,2002,radio,0.5
4,2,lr1e-04_bs16_modL1_fusion64_fusionL1_drop0p2_trmiss50_trlocradio,16,0.0001,1,64,1,0.2,lr1e-04_bs16_modL1_fusion64_fusionL1_drop0p2_trmiss50_trlocradio,18,0.45474429180224735,0.6625810861587524,0.5777310924369747,0.722293454615928,0.6222222222222222,0.0,0.0,0.0,0.0,0.0,0.0,0.0,0.0,0.0,2002,radio,0.5
4,2,lr1e-04_bs16_modL1_fusion64_fusionL1_drop0p2_trmiss50_trlocradio,16,0.0001,1,64,1,0.2,lr1e-04_bs16_modL1_fusion64_fusionL1_drop0p2_trmiss50_trlocradio,19,0.45115715513626736,0.670449952284495,0.542016806722689,0.7176237338321599,0.5111111111111111,0.0,0.0,0.0,0.0,0.0,0.0,0.0,0.0,0.0,2002,radio,0.5
4,2,lr1e-04_bs16_modL1_fusion64_fusionL1_drop0p2_trmiss50_trlocradio,16,0.0001,1,64,1,0.2,lr1e-04_bs16_modL1_fusion64_fusionL1_drop0p2_trmiss50_trlocradio,20,0.4197230041027069,0.657683531443278,0.5903361344537816,0.7400002499814096,0.5777777777777777,0.0,0.0,0.0,0.0,0.0,0.0,0.0,0.0,0.0,2002,radio,0.5
4,2,lr1e-04_bs16_modL1_fusion64_fusionL1_drop0p2_trmiss50_trlocradio,16,0.0001,1,64,1,0.2,lr1e-04_bs16_modL1_fusion64_fusionL1_drop0p2_trmiss50_trlocradio,21,0.41722780962785083,0.6522525350252787,0.6029411764705882,0.750772611165803,0.6,0.0,0.0,0.0,0.0,0.0,0.0,0.0,0.0,0.0,2002,radio,0.5
4,2,lr1e-04_bs16_modL1_fusion64_fusionL1_drop0p2_trmiss50_trlocradio,16,0.0001,1,64,1,0.2,lr1e-04_bs16_modL1_fusion64_fusionL1_drop0p2_trmiss50_trlocradio,22,0.4059701735774676,0.6638757387797037,0.5735294117647058,0.7258568133391322,0.5111111111111111,0.0,0.0,0.0,0.0,0.0,0.0,0.0,0.0,0.0,2002,radio,0.5
4,2,lr1e-04_bs16_modL1_fusion64_fusionL1_drop0p2_trmiss50_trlocradio,16,0.0001,1,64,1,0.2,lr1e-04_bs16_modL1_fusion64_fusionL1_drop0p2_trmiss50_trlocradio,23,0.39787642161051434,0.663426140944163,0.569327731092437,0.7331623534761713,0.5111111111111111,0.0,0.0,0.0,0.0,0.0,0.0,0.0,0.0,0.0,2002,radio,0.5
4,2,lr1e-04_bs16_modL1_fusion64_fusionL1_drop0p2_trmiss50_trlocradio,16,0.0001,1,64,1,0.2,lr1e-04_bs16_modL1_fusion64_fusionL1_drop0p2_trmiss50_trlocradio,24,0.3997894475857417,0.6699881354967753,0.5756302521008403,0.7340008158804979,0.5777777777777777,0.0,0.0,0.0,0.0,0.0,0.0,0.0,0.0,0.0,2002,radio,0.5
4,2,lr1e-04_bs16_modL1_fusion64_fusionL1_drop0p2_trmiss50_trlocradio,16,0.0001,1,64,1,0.2,lr1e-04_bs16_modL1_fusion64_fusionL1_drop0p2_trmiss50_trlocradio,25,0.378660187125206,0.6645247538884481,0.5987394957983193,0.7423233869334079,0.5555555555555556,0.0,0.0,0.0,0.0,0.0,0.0,0.0,0.0,0.0,2002,radio,0.5
4,2,lr1e-04_bs16_modL1_fusion64_fusionL1_drop0p2_trmiss50_trlocradio,16,0.0001,1,64,1,0.2,lr1e-04_bs16_modL1_fusion64_fusionL1_drop0p2_trmiss50_trlocradio,26,0.3867124617099762,0.6668323278427124,0.5630252100840336,0.7378862141186948,0.4888888888888889,0.0,0.0,0.0,0.0,0.0,0.0,0.0,0.0,0.0,2002,radio,0.5
4,2,lr1e-04_bs16_modL1_fusion64_fusionL1_drop0p2_trmiss50_trlocradio,16,0.0001,1,64,1,0.2,lr1e-04_bs16_modL1_fusion64_fusionL1_drop0p2_trmiss50_trlocradio,27,0.35938213765621185,0.6697023312250773,0.5651260504201681,0.7428070529739501,0.4888888888888889,0.0,0.0,0.0,0.0,0.0,0.0,0.0,0.0,0.0,2002,radio,0.5
4,2,lr1e-04_bs16_modL1_fusion64_fusionL1_drop0p2_trmiss50_trlocradio,16,0.0001,1,64,1,0.2,lr1e-04_bs16_modL1_fusion64_fusionL1_drop0p2_trmiss50_trlocradio,28,0.340209332605203,0.6674488385518392,0.5609243697478992,0.7390647499713784,0.5111111111111111,0.0,0.0,0.0,0.0,0.0,0.0,0.0,0.0,0.0,2002,radio,0.5
4,2,lr1e-04_bs16_modL1_fusion64_fusionL1_drop0p2_trmiss50_trlocradio,16,0.0001,1,64,1,0.2,lr1e-04_bs16_modL1_fusion64_fusionL1_drop0p2_trmiss50_trlocradio,29,0.33418336262305576,0.6658680637677511,0.5672268907563025,0.7471370525126784,0.5111111111111111,0.0,0.0,0.0,0.0,0.0,0.0,0.0,0.0,0.0,2002,radio,0.5
4,2,lr1e-04_bs16_modL1_fusion64_fusionL1_drop0p2_trmiss50_trlocradio,16,0.0001,1,64,1,0.2,lr1e-04_bs16_modL1_fusion64_fusionL1_drop0p2_trmiss50_trlocradio,30,0.34854981551567715,0.6741002798080444,0.569327731092437,0.7475301279209481,0.5111111111111111,0.0,0.0,0.0,0.0,0.0,0.0,0.0,0.0,0.0,2002,radio,0.5
4,2,lr1e-04_bs16_modL1_fusion64_fusionL1_drop0p2_trmiss50_trlocradio,16,0.0001,1,64,1,0.2,lr1e-04_bs16_modL1_fusion64_fusionL1_drop0p2_trmiss50_trlocradio,31,0.32997647672891617,0.6685450077056885,0.5714285714285714,0.7452173121878543,0.4888888888888889,0.0,0.0,0.0,0.0,0.0,0.0,0.0,0.0,0.0,2002,radio,0.5
4,2,lr1e-04_bs16_modL1_fusion64_fusionL1_drop0p2_trmiss50_trlocradio,16,0.0001,1,64,1,0.2,lr1e-04_bs16_modL1_fusion64_fusionL1_drop0p2_trmiss50_trlocradio,32,0.3320337161421776,0.6730565826098124,0.5735294117647058,0.745480368206667,0.4888888888888889,0.0,0.0,0.0,0.0,0.0,0.0,0.0,0.0,0.0,2002,radio,0.5
4,2,lr1e-04_bs16_modL1_fusion64_fusionL1_drop0p2_trmiss50_trlocradio,16,0.0001,1,64,1,0.2,lr1e-04_bs16_modL1_fusion64_fusionL1_drop0p2_trmiss50_trlocradio,33,0.3353901232282321,0.6833038131395975,0.5756302521008403,0.746724914701144,0.4666666666666667,0.0,0.0,0.0,0.0,0.0,0.0,0.0,0.0,0.0,2002,radio,0.5
4,2,lr1e-04_bs16_modL1_fusion64_fusionL1_drop0p1_trmiss50_trlocradio,16,0.0001,1,64,1,0.1,lr1e-04_bs16_modL1_fusion64_fusionL1_drop0p1_trmiss50_trlocradio,1,0.7075939228137335,0.7036551435788473,0.5,0.6086273813822856,0.4888888888888889,0.0,0.0,0.0,0.0,0.0,0.0,0.0,0.0,0.0,2002,radio,0.5
4,2,lr1e-04_bs16_modL1_fusion64_fusionL1_drop0p1_trmiss50_trlocradio,16,0.0001,1,64,1,0.1,lr1e-04_bs16_modL1_fusion64_fusionL1_drop0p1_trmiss50_trlocradio,2,0.6446606467167536,0.702594002087911,0.5147058823529411,0.6316849108895173,0.5555555555555556,0.0,0.0,0.0,0.0,0.0,0.0,0.0,0.0,0.0,2002,radio,0.5
4,2,lr1e-04_bs16_modL1_fusion64_fusionL1_drop0p1_trmiss50_trlocradio,16,0.0001,1,64,1,0.1,lr1e-04_bs16_modL1_fusion64_fusionL1_drop0p1_trmiss50_trlocradio,3,0.6381216545899709,0.7026447057723999,0.5063025210084033,0.627276529776244,0.5777777777777777,0.0,0.0,0.0,0.0,0.0,0.0,0.0,0.0,0.0,2002,radio,0.5
4,2,lr1e-04_bs16_modL1_fusion64_fusionL1_drop0p1_trmiss50_trlocradio,16,0.0001,1,64,1,0.1,lr1e-04_bs16_modL1_fusion64_fusionL1_drop0p1_trmiss50_trlocradio,4,0.6148018389940262,0.6997239192326864,0.5357142857142857,0.641747478612518,0.5777777777777777,0.0,0.0,0.0,0.0,0.0,0.0,0.0,0.0,0.0,2002,radio,0.5
4,2,lr1e-04_bs16_modL1_fusion64_fusionL1_drop0p1_trmiss50_trlocradio,16,0.0001,1,64,1,0.1,lr1e-04_bs16_modL1_fusion64_fusionL1_drop0p1_trmiss50_trlocradio,5,0.5899697989225388,0.7024060289065043,0.5336134453781514,0.6236695867095051,0.6,0.0,0.0,0.0,0.0,0.0,0.0,0.0,0.0,0.0,2002,radio,0.5
4,2,lr1e-04_bs16_modL1_fusion64_fusionL1_drop0p1_trmiss50_trlocradio,16,0.0001,1,64,1,0.1,lr1e-04_bs16_modL1_fusion64_fusionL1_drop0p1_trmiss50_trlocradio,6,0.5598463962475458,0.7028787136077881,0.5504201680672269,0.634356005815156,0.5777777777777777,0.0,0.0,0.0,0.0,0.0,0.0,0.0,0.0,0.0,2002,radio,0.5
4,2,lr1e-04_bs16_modL1_fusion64_fusionL1_drop0p1_trmiss50_trlocradio,16,0.0001,1,64,1,0.1,lr1e-04_bs16_modL1_fusion64_fusionL1_drop0p1_trmiss50_trlocradio,7,0.5479518671830496,0.7049138148625692,0.5609243697478992,0.6344849985401012,0.5777777777777777,0.0,0.0,0.0,0.0,0.0,0.0,0.0,0.0,0.0,2002,radio,0.5
4,2,lr1e-04_bs16_modL1_fusion64_fusionL1_drop0p1_trmiss50_trlocradio,16,0.0001,1,64,1,0.1,lr1e-04_bs16_modL1_fusion64_fusionL1_drop0p1_trmiss50_trlocradio,8,0.5416321481267611,0.6961434284845988,0.5546218487394958,0.635337321802992,0.5777777777777777,0.0,0.0,0.0,0.0,0.0,0.0,0.0,0.0,0.0,2002,radio,0.5
4,2,lr1e-04_bs16_modL1_fusion64_fusionL1_drop0p1_trmiss50_trlocradio,16,0.0001,1,64,1,0.1,lr1e-04_bs16_modL1_fusion64_fusionL1_drop0p1_trmiss50_trlocradio,9,0.5229036584496498,0.7011950612068176,0.5441176470588235,0.6277976693563388,0.5777777777777777,0.0,0.0,0.0,0.0,0.0,0.0,0.0,0.0,0.0,2002,radio,0.5
4,2,lr1e-04_bs16_modL1_fusion64_fusionL1_drop0p1_trmiss50_trlocradio,16,0.0001,1,64,1,0.1,lr1e-04_bs16_modL1_fusion64_fusionL1_drop0p1_trmiss50_trlocradio,10,0.5110170245170593,0.7007366220156351,0.5504201680672269,0.6372663475603051,0.6,0.0,0.0,0.0,0.0,0.0,0.0,0.0,0.0,0.0,2002,radio,0.5
4,2,lr1e-04_bs16_modL1_fusion64_fusionL1_drop0p1_trmiss50_trlocradio,16,0.0001,1,64,1,0.1,lr1e-04_bs16_modL1_fusion64_fusionL1_drop0p1_trmiss50_trlocradio,11,0.485475055873394,0.7010614474614462,0.5630252100840336,0.6448999921274049,0.6,0.0,0.0,0.0,0.0,0.0,0.0,0.0,0.0,0.0,2002,radio,0.5
4,2,lr1e-04_bs16_modL1_fusion64_fusionL1_drop0p1_trmiss50_trlocradio,16,0.0001,1,64,1,0.1,lr1e-04_bs16_modL1_fusion64_fusionL1_drop0p1_trmiss50_trlocradio,12,0.46228016167879105,0.6984441081682841,0.5630252100840336,0.6379066767493424,0.6222222222222222,0.0,0.0,0.0,0.0,0.0,0.0,0.0,0.0,0.0,2002,radio,0.5
4,2,lr1e-04_bs16_modL1_fusion64_fusionL1_drop0p1_trmiss50_trlocradio,16,0.0001,1,64,1,0.1,lr1e-04_bs16_modL1_fusion64_fusionL1_drop0p1_trmiss50_trlocradio,13,0.46144484728574753,0.688330352306366,0.5777310924369748,0.6404281175805415,0.6,0.0,0.0,0.0,0.0,0.0,0.0,0.0,0.0,0.0,2002,radio,0.5
4,2,lr1e-04_bs16_modL1_fusion64_fusionL1_drop0p1_trmiss50_trlocradio,16,0.0001,1,64,1,0.1,lr1e-04_bs16_modL1_fusion64_fusionL1_drop0p1_trmiss50_trlocradio,14,0.4582967733343442,0.6891772548357645,0.5798319327731092,0.6416744636428797,0.6222222222222222,0.0,0.0,0.0,0.0,0.0,0.0,0.0,0.0,0.0,2002,radio,0.5
4,2,lr1e-04_bs16_modL1_fusion64_fusionL1_drop0p1_trmiss50_trlocradio,16,0.0001,1,64,1,0.1,lr1e-04_bs16_modL1_fusion64_fusionL1_drop0p1_trmiss50_trlocradio,15,0.4282884920636813,0.6855021913846334,0.592436974789916,0.6524311931045677,0.6222222222222222,0.0,0.0,0.0,0.0,0.0,0.0,0.0,0.0,0.0,2002,radio,0.5
4,2,lr1e-04_bs16_modL1_fusion64_fusionL1_drop0p1_trmiss50_trlocradio,16,0.0001,1,64,1,0.1,lr1e-04_bs16_modL1_fusion64_fusionL1_drop0p1_trmiss50_trlocradio,16,0.41417641937732697,0.6842139561971029,0.5945378151260503,0.6543031734141304,0.6444444444444445,0.0,0.0,0.0,0.0,0.0,0.0,0.0,0.0,0.0,2002,radio,0.5
4,2,lr1e-04_bs16_modL1_fusion64_fusionL1_drop0p1_trmiss50_trlocradio,16,0.0001,1,64,1,0.1,lr1e-04_bs16_modL1_fusion64_fusionL1_drop0p1_trmiss50_trlocradio,17,0.41015908867120743,0.6808097759882609,0.6113445378151261,0.663479330198133,0.6444444444444445,0.0,0.0,0.0,0.0,0.0,0.0,0.0,0.0,0.0,2002,radio,0.5
4,2,lr1e-04_bs16_modL1_fusion64_fusionL1_drop0p1_trmiss50_trlocradio,16,0.0001,1,64,1,0.1,lr1e-04_bs16_modL1_fusion64_fusionL1_drop0p1_trmiss50_trlocradio,18,0.41521496574083966,0.6817813316980997,0.5987394957983193,0.6608069368231522,0.6222222222222222,0.0,0.0,0.0,0.0,0.0,0.0,0.0,0.0,0.0,2002,radio,0.5
4,2,lr1e-04_bs16_modL1_fusion64_fusionL1_drop0p1_trmiss50_trlocradio,16,0.0001,1,64,1,0.1,lr1e-04_bs16_modL1_fusion64_fusionL1_drop0p1_trmiss50_trlocradio,19,0.3773322453101476,0.6812495787938436,0.5756302521008403,0.6528190203953862,0.6222222222222222,0.0,0.0,0.0,0.0,0.0,0.0,0.0,0.0,0.0,2002,radio,0.5
4,2,lr1e-04_bs16_modL1_fusion64_fusionL1_drop0p1_trmiss50_trlocradio,16,0.0001,1,64,1,0.1,lr1e-04_bs16_modL1_fusion64_fusionL1_drop0p1_trmiss50_trlocradio,20,0.37680426488320035,0.6915458838144938,0.5609243697478992,0.6404420314926501,0.6222222222222222,0.0,0.0,0.0,0.0,0.0,0.0,0.0,0.0,0.0,2002,radio,0.5
4,2,lr1e-04_bs16_modL1_fusion64_fusionL1_drop0p1_trmiss50_trlocradio,16,0.0001,1,64,1,0.1,lr1e-04_bs16_modL1_fusion64_fusionL1_drop0p1_trmiss50_trlocradio,21,0.362222395837307,0.6819616357485453,0.592436974789916,0.663597964487248,0.5555555555555556,0.0,0.0,0.0,0.0,0.0,0.0,0.0,0.0,0.0,2002,radio,0.5
4,2,lr1e-04_bs16_modL1_fusion64_fusionL1_drop0p1_trmiss50_trlocradio,16,0.0001,1,64,1,0.1,lr1e-04_bs16_modL1_fusion64_fusionL1_drop0p1_trmiss50_trlocradio,22,0.37167441099882126,0.6845530470212301,0.5840336134453782,0.6625886951820494,0.6,0.0,0.0,0.0,0.0,0.0,0.0,0.0,0.0,0.0,2002,radio,0.5
4,2,lr1e-04_bs16_modL1_fusion64_fusionL1_drop0p1_trmiss50_trlocradio,16,0.0001,1,64,1,0.1,lr1e-04_bs16_modL1_fusion64_fusionL1_drop0p1_trmiss50_trlocradio,23,0.33452386905749637,0.6935788989067078,0.5735294117647058,0.6579583332149952,0.5777777777777777,0.0,0.0,0.0,0.0,0.0,0.0,0.0,0.0,0.0,2002,radio,0.5
4,2,lr1e-04_bs16_modL1_fusion64_fusionL1_drop0p1_trmiss50_trlocradio,16,0.0001,1,64,1,0.1,lr1e-04_bs16_modL1_fusion64_fusionL1_drop0p1_trmiss50_trlocradio,24,0.329378401239713,0.6862242023150126,0.5714285714285714,0.6559898474226493,0.5777777777777777,0.0,0.0,0.0,0.0,0.0,0.0,0.0,0.0,0.0,2002,radio,0.5
4,2,lr1e-04_bs16_modL1_fusion64_fusionL1_drop0p1_trmiss50_trlocradio,16,0.0001,1,64,1,0.1,lr1e-04_bs16_modL1_fusion64_fusionL1_drop0p1_trmiss50_trlocradio,25,0.3369318097829819,0.6884684165318807,0.5756302521008404,0.6660875696391696,0.6222222222222222,0.0,0.0,0.0,0.0,0.0,0.0,0.0,0.0,0.0,2002,radio,0.5
4,2,lr1e-04_bs16_modL1_fusion64_fusionL1_drop0p1_trmiss50_trlocradio,16,0.0001,1,64,1,0.1,lr1e-04_bs16_modL1_fusion64_fusionL1_drop0p1_trmiss50_trlocradio,26,0.30869296193122864,0.6906466484069824,0.5756302521008404,0.6618807395627492,0.6,0.0,0.0,0.0,0.0,0.0,0.0,0.0,0.0,0.0,2002,radio,0.5
4,2,lr1e-04_bs16_modL1_fusion64_fusionL1_drop0p1_trmiss50_trlocradio,16,0.0001,1,64,1,0.1,lr1e-04_bs16_modL1_fusion64_fusionL1_drop0p1_trmiss50_trlocradio,27,0.324707788725694,0.7046522895495096,0.5756302521008403,0.6577162960075492,0.6444444444444445,0.0,0.0,0.0,0.0,0.0,0.0,0.0,0.0,0.0,2002,radio,0.5
4,2,lr1e-04_bs16_modL1_fusion64_fusionL1_drop0p1_trmiss50_trlocradio,16,0.0001,1,64,1,0.1,lr1e-04_bs16_modL1_fusion64_fusionL1_drop0p1_trmiss50_trlocradio,28,0.33875202387571335,0.7010535995165507,0.5630252100840336,0.6548921722589348,0.6,0.0,0.0,0.0,0.0,0.0,0.0,0.0,0.0,0.0,2002,radio,0.5
4,2,lr1e-04_bs16_modL1_fusion64_fusionL1_drop0p1_trmiss50_trlocradio,16,0.0001,1,64,1,0.1,lr1e-04_bs16_modL1_fusion64_fusionL1_drop0p1_trmiss50_trlocradio,29,0.3151829118529956,0.6989935437838236,0.5567226890756303,0.6522891625493639,0.5555555555555556,0.0,0.0,0.0,0.0,0.0,0.0,0.0,0.0,0.0,2002,radio,0.5
4,2,lr1e-04_bs16_modL1_fusion64_fusionL1_drop0p1_trmiss50_trlocradio,16,0.0001,1,64,1,0.1,lr1e-04_bs16_modL1_fusion64_fusionL1_drop0p1_trmiss50_trlocradio,30,0.3200448515514533,0.7066007256507874,0.5546218487394958,0.661643324967075,0.5777777777777777,0.0,0.0,0.0,0.0,0.0,0.0,0.0,0.0,0.0,2002,radio,0.5
4,2,lr1e-04_bs16_modL1_fusion64_fusionL1_drop0p1_trmiss50_trlocradio,16,0.0001,1,64,1,0.1,lr1e-04_bs16_modL1_fusion64_fusionL1_drop0p1_trmiss50_trlocradio,31,0.30980565150578815,0.6962414979934692,0.569327731092437,0.6637408165080311,0.6,0.0,0.0,0.0,0.0,0.0,0.0,0.0,0.0,0.0,2002,radio,0.5
4,2,lr1e-04_bs16_modL1_fusion64_fusionL1_drop0p1_trmiss50_trlocradio,16,0.0001,1,64,1,0.1,lr1e-04_bs16_modL1_fusion64_fusionL1_drop0p1_trmiss50_trlocradio,32,0.3100353926420212,0.6967648069063822,0.569327731092437,0.657935476850227,0.5777777777777777,0.0,0.0,0.0,0.0,0.0,0.0,0.0,0.0,0.0,2002,radio,0.5
4,2,lr1e-04_bs16_modL1_fusion64_fusionL1_drop0p1_trmiss50_trlocradio,16,0.0001,1,64,1,0.1,lr1e-04_bs16_modL1_fusion64_fusionL1_drop0p1_trmiss50_trlocradio,33,0.28886890163024265,0.698361317316691,0.5609243697478992,0.6539235332728979,0.6,0.0,0.0,0.0,0.0,0.0,0.0,0.0,0.0,0.0,2002,radio,0.5
4,2,lr1e-04_bs16_modL1_fusion64_fusionL1_drop0p1_trmiss50_trlocradio,16,0.0001,1,64,1,0.1,lr1e-04_bs16_modL1_fusion64_fusionL1_drop0p1_trmiss50_trlocradio,34,0.2867986708879471,0.7001404166221619,0.569327731092437,0.6699150708903181,0.5777777777777777,0.0,0.0,0.0,0.0,0.0,0.0,0.0,0.0,0.0,2002,radio,0.5
4,2,lr1e-04_bs16_modL1_fusion64_fusionL1_drop0p1_trmiss50_trlocradio,16,0.0001,1,64,1,0.1,lr1e-04_bs16_modL1_fusion64_fusionL1_drop0p1_trmiss50_trlocradio,35,0.2921874672174454,0.7085512081782023,0.5630252100840336,0.662236696510263,0.5555555555555556,0.0,0.0,0.0,0.0,0.0,0.0,0.0,0.0,0.0,2002,radio,0.5
4,2,lr1e-04_bs16_modL1_fusion64_fusionL1_drop0p1_trmiss50_trlocradio,16,0.0001,1,64,1,0.1,lr1e-04_bs16_modL1_fusion64_fusionL1_drop0p1_trmiss50_trlocradio,36,0.3100844273964564,0.7052624026934305,0.5714285714285714,0.6802972824046999,0.5555555555555556,0.0,0.0,0.0,0.0,0.0,0.0,0.0,0.0,0.0,2002,radio,0.5
4,2,lr1e-04_bs16_modL1_fusion64_fusionL1_drop0p1_trmiss50_trlocradio,16,0.0001,1,64,1,0.1,lr1e-04_bs16_modL1_fusion64_fusionL1_drop0p1_trmiss50_trlocradio,37,0.2882186571756999,0.7000475327173868,0.569327731092437,0.6723852806133878,0.6,0.0,0.0,0.0,0.0,0.0,0.0,0.0,0.0,0.0,2002,radio,0.5
4,2,lr5e-05_bs32_modL1_fusion32_fusionL1_drop0p2_trmiss50_trlocradio,32,5e-05,1,32,1,0.2,lr5e-05_bs32_modL1_fusion32_fusionL1_drop0p2_trmiss50_trlocradio,1,0.6829420626163483,0.678598552942276,0.4495798319327731,0.652163428570065,0.6222222222222222,0.0,0.0,0.0,0.0,0.0,0.0,0.0,0.0,0.0,2002,radio,0.5
4,2,lr5e-05_bs32_modL1_fusion32_fusionL1_drop0p2_trmiss50_trlocradio,32,5e-05,1,32,1,0.2,lr5e-05_bs32_modL1_fusion32_fusionL1_drop0p2_trmiss50_trlocradio,2,0.6522553662459055,0.6744699776172638,0.523109243697479,0.6815049332422828,0.6222222222222222,0.0,0.0,0.0,0.0,0.0,0.0,0.0,0.0,0.0,2002,radio,0.5
4,2,lr5e-05_bs32_modL1_fusion32_fusionL1_drop0p2_trmiss50_trlocradio,32,5e-05,1,32,1,0.2,lr5e-05_bs32_modL1_fusion32_fusionL1_drop0p2_trmiss50_trlocradio,3,0.6488121350606283,0.6719061732292175,0.5567226890756303,0.7067417431896237,0.6222222222222222,0.0,0.0,0.0,0.0,0.0,0.0,0.0,0.0,0.0,2002,radio,0.5
4,2,lr5e-05_bs32_modL1_fusion32_fusionL1_drop0p2_trmiss50_trlocradio,32,5e-05,1,32,1,0.2,lr5e-05_bs32_modL1_fusion32_fusionL1_drop0p2_trmiss50_trlocradio,4,0.6491909623146057,0.6696385443210602,0.569327731092437,0.7161363175602872,0.6222222222222222,0.0,0.0,0.0,0.0,0.0,0.0,0.0,0.0,0.0,2002,radio,0.5
4,2,lr5e-05_bs32_modL1_fusion32_fusionL1_drop0p2_trmiss50_trlocradio,32,5e-05,1,32,1,0.2,lr5e-05_bs32_modL1_fusion32_fusionL1_drop0p2_trmiss50_trlocradio,5,0.6135747234026591,0.6693138480186462,0.5672268907563025,0.7245437153067453,0.6222222222222222,0.0,0.0,0.0,0.0,0.0,0.0,0.0,0.0,0.0,2002,radio,0.5
4,2,lr5e-05_bs32_modL1_fusion32_fusionL1_drop0p2_trmiss50_trlocradio,32,5e-05,1,32,1,0.2,lr5e-05_bs32_modL1_fusion32_fusionL1_drop0p2_trmiss50_trlocradio,6,0.5933260718981425,0.6682278513908386,0.5756302521008403,0.7351638534737541,0.6444444444444445,0.0,0.0,0.0,0.0,0.0,0.0,0.0,0.0,0.0,2002,radio,0.5
4,2,lr5e-05_bs32_modL1_fusion32_fusionL1_drop0p2_trmiss50_trlocradio,32,5e-05,1,32,1,0.2,lr5e-05_bs32_modL1_fusion32_fusionL1_drop0p2_trmiss50_trlocradio,7,0.5982736249764761,0.6663602888584137,0.5861344537815127,0.7445711368264879,0.6666666666666666,0.0,0.0,0.0,0.0,0.0,0.0,0.0,0.0,0.0,2002,radio,0.5
4,2,lr5e-05_bs32_modL1_fusion32_fusionL1_drop0p2_trmiss50_trlocradio,32,5e-05,1,32,1,0.2,lr5e-05_bs32_modL1_fusion32_fusionL1_drop0p2_trmiss50_trlocradio,8,0.5789150297641754,0.6667971312999725,0.5840336134453782,0.736213380309306,0.6666666666666666,0.0,0.0,0.0,0.0,0.0,0.0,0.0,0.0,0.0,2002,radio,0.5
4,2,lr5e-05_bs32_modL1_fusion32_fusionL1_drop0p2_trmiss50_trlocradio,32,5e-05,1,32,1,0.2,lr5e-05_bs32_modL1_fusion32_fusionL1_drop0p2_trmiss50_trlocradio,9,0.5445033113161722,0.6653734743595123,0.5882352941176471,0.7416690091963088,0.6666666666666666,0.0,0.0,0.0,0.0,0.0,0.0,0.0,0.0,0.0,2002,radio,0.5
4,2,lr5e-05_bs32_modL1_fusion32_fusionL1_drop0p2_trmiss50_trlocradio,32,5e-05,1,32,1,0.2,lr5e-05_bs32_modL1_fusion32_fusionL1_drop0p2_trmiss50_trlocradio,10,0.5576789776484171,0.6613980233669281,0.5966386554621849,0.7467642960007884,0.6666666666666666,0.0,0.0,0.0,0.0,0.0,0.0,0.0,0.0,0.0,2002,radio,0.5
4,2,lr5e-05_bs32_modL1_fusion32_fusionL1_drop0p2_trmiss50_trlocradio,32,5e-05,1,32,1,0.2,lr5e-05_bs32_modL1_fusion32_fusionL1_drop0p2_trmiss50_trlocradio,11,0.5460433065891266,0.658057302236557,0.6071428571428572,0.7571202973756973,0.6444444444444445,0.0,0.0,0.0,0.0,0.0,0.0,0.0,0.0,0.0,2002,radio,0.5
4,2,lr5e-05_bs32_modL1_fusion32_fusionL1_drop0p2_trmiss50_trlocradio,32,5e-05,1,32,1,0.2,lr5e-05_bs32_modL1_fusion32_fusionL1_drop0p2_trmiss50_trlocradio,12,0.5475324988365173,0.6556262373924255,0.6092436974789917,0.7539891762390345,0.6444444444444445,0.0,0.0,0.0,0.0,0.0,0.0,0.0,0.0,0.0,2002,radio,0.5
4,2,lr5e-05_bs32_modL1_fusion32_fusionL1_drop0p2_trmiss50_trlocradio,32,5e-05,1,32,1,0.2,lr5e-05_bs32_modL1_fusion32_fusionL1_drop0p2_trmiss50_trlocradio,13,0.5306678066651026,0.6563716530799866,0.6092436974789917,0.7560651292349789,0.6444444444444445,0.0,0.0,0.0,0.0,0.0,0.0,0.0,0.0,0.0,2002,radio,0.5
4,2,lr5e-05_bs32_modL1_fusion32_fusionL1_drop0p2_trmiss50_trlocradio,32,5e-05,1,32,1,0.2,lr5e-05_bs32_modL1_fusion32_fusionL1_drop0p2_trmiss50_trlocradio,14,0.5331560621658961,0.6540832221508026,0.615546218487395,0.7588316056350353,0.6666666666666666,0.0,0.0,0.0,0.0,0.0,0.0,0.0,0.0,0.0,2002,radio,0.5
4,2,lr5e-05_bs32_modL1_fusion32_fusionL1_drop0p2_trmiss50_trlocradio,32,5e-05,1,32,1,0.2,lr5e-05_bs32_modL1_fusion32_fusionL1_drop0p2_trmiss50_trlocradio,15,0.5177071690559387,0.6519300043582916,0.6092436974789917,0.7561507258769037,0.6666666666666666,0.0,0.0,0.0,0.0,0.0,0.0,0.0,0.0,0.0,2002,radio,0.5
4,2,lr5e-05_bs32_modL1_fusion32_fusionL1_drop0p2_trmiss50_trlocradio,32,5e-05,1,32,1,0.2,lr5e-05_bs32_modL1_fusion32_fusionL1_drop0p2_trmiss50_trlocradio,16,0.5041151344776154,0.6508433818817139,0.6092436974789917,0.7550002813393624,0.6444444444444445,0.0,0.0,0.0,0.0,0.0,0.0,0.0,0.0,0.0,2002,radio,0.5
4,2,lr5e-05_bs32_modL1_fusion32_fusionL1_drop0p2_trmiss50_trlocradio,32,5e-05,1,32,1,0.2,lr5e-05_bs32_modL1_fusion32_fusionL1_drop0p2_trmiss50_trlocradio,17,0.5081354727347692,0.6514341235160828,0.6008403361344539,0.7524384117261773,0.6444444444444445,0.0,0.0,0.0,0.0,0.0,0.0,0.0,0.0,0.0,2002,radio,0.5
4,2,lr5e-05_bs32_modL1_fusion32_fusionL1_drop0p2_trmiss50_trlocradio,32,5e-05,1,32,1,0.2,lr5e-05_bs32_modL1_fusion32_fusionL1_drop0p2_trmiss50_trlocradio,18,0.49303239087263745,0.6487156748771667,0.6092436974789917,0.7489079009170364,0.6444444444444445,0.0,0.0,0.0,0.0,0.0,0.0,0.0,0.0,0.0,2002,radio,0.5
4,2,lr5e-05_bs32_modL1_fusion32_fusionL1_drop0p2_trmiss50_trlocradio,32,5e-05,1,32,1,0.2,lr5e-05_bs32_modL1_fusion32_fusionL1_drop0p2_trmiss50_trlocradio,19,0.4966983248790105,0.6518146991729736,0.6071428571428572,0.7577642905282351,0.6444444444444445,0.0,0.0,0.0,0.0,0.0,0.0,0.0,0.0,0.0,2002,radio,0.5
4,2,lr5e-05_bs32_modL1_fusion32_fusionL1_drop0p2_trmiss50_trlocradio,32,5e-05,1,32,1,0.2,lr5e-05_bs32_modL1_fusion32_fusionL1_drop0p2_trmiss50_trlocradio,20,0.49532783528168994,0.6490823328495026,0.6197478991596638,0.7694263872709771,0.6222222222222222,0.0,0.0,0.0,0.0,0.0,0.0,0.0,0.0,0.0,2002,radio,0.5
4,2,lr5e-05_bs32_modL1_fusion32_fusionL1_drop0p2_trmiss50_trlocradio,32,5e-05,1,32,1,0.2,lr5e-05_bs32_modL1_fusion32_fusionL1_drop0p2_trmiss50_trlocradio,21,0.48606930176417035,0.6442952752113342,0.6134453781512604,0.7590909025014276,0.6222222222222222,0.0,0.0,0.0,0.0,0.0,0.0,0.0,0.0,0.0,2002,radio,0.5
4,2,lr5e-05_bs32_modL1_fusion32_fusionL1_drop0p2_trmiss50_trlocradio,32,5e-05,1,32,1,0.2,lr5e-05_bs32_modL1_fusion32_fusionL1_drop0p2_trmiss50_trlocradio,22,0.4729940940936406,0.6421762406826019,0.6134453781512605,0.7624588613492627,0.6,0.0,0.0,0.0,0.0,0.0,0.0,0.0,0.0,0.0,2002,radio,0.5
4,2,lr5e-05_bs32_modL1_fusion32_fusionL1_drop0p2_trmiss50_trlocradio,32,5e-05,1,32,1,0.2,lr5e-05_bs32_modL1_fusion32_fusionL1_drop0p2_trmiss50_trlocradio,23,0.48673828939596814,0.6384937763214111,0.6407563025210083,0.7857595504018188,0.6222222222222222,0.0,0.0,0.0,0.0,0.0,0.0,0.0,0.0,0.0,2002,radio,0.5
4,2,lr5e-05_bs32_modL1_fusion32_fusionL1_drop0p2_trmiss50_trlocradio,32,5e-05,1,32,1,0.2,lr5e-05_bs32_modL1_fusion32_fusionL1_drop0p2_trmiss50_trlocradio,24,0.47196931143601734,0.6381013095378876,0.6428571428571428,0.7843640003873171,0.6,0.0,0.0,0.0,0.0,0.0,0.0,0.0,0.0,0.0,2002,radio,0.5
4,2,lr5e-05_bs32_modL1_fusion32_fusionL1_drop0p2_trmiss50_trlocradio,32,5e-05,1,32,1,0.2,lr5e-05_bs32_modL1_fusion32_fusionL1_drop0p2_trmiss50_trlocradio,25,0.4640582750240962,0.6363377273082733,0.6449579831932772,0.7850075010308177,0.6222222222222222,0.0,0.0,0.0,0.0,0.0,0.0,0.0,0.0,0.0,2002,radio,0.5
4,2,lr5e-05_bs32_modL1_fusion32_fusionL1_drop0p2_trmiss50_trlocradio,32,5e-05,1,32,1,0.2,lr5e-05_bs32_modL1_fusion32_fusionL1_drop0p2_trmiss50_trlocradio,26,0.4455621540546417,0.6394609212875366,0.6449579831932772,0.7802194319570345,0.6,0.0,0.0,0.0,0.0,0.0,0.0,0.0,0.0,0.0,2002,radio,0.5
4,2,lr5e-05_bs32_modL1_fusion32_fusionL1_drop0p2_trmiss50_trlocradio,32,5e-05,1,32,1,0.2,lr5e-05_bs32_modL1_fusion32_fusionL1_drop0p2_trmiss50_trlocradio,27,0.46157804131507874,0.6399421691894531,0.6470588235294118,0.7796976193252944,0.6,0.0,0.0,0.0,0.0,0.0,0.0,0.0,0.0,0.0,2002,radio,0.5
4,2,lr5e-05_bs32_modL1_fusion32_fusionL1_drop0p2_trmiss50_trlocradio,32,5e-05,1,32,1,0.2,lr5e-05_bs32_modL1_fusion32_fusionL1_drop0p2_trmiss50_trlocradio,28,0.46034825841585797,0.6407383680343628,0.6491596638655462,0.789178249056541,0.6,0.0,0.0,0.0,0.0,0.0,0.0,0.0,0.0,0.0,2002,radio,0.5
4,2,lr5e-05_bs32_modL1_fusion32_fusionL1_drop0p2_trmiss50_trlocradio,32,5e-05,1,32,1,0.2,lr5e-05_bs32_modL1_fusion32_fusionL1_drop0p2_trmiss50_trlocradio,29,0.4393092840909958,0.640201210975647,0.6491596638655462,0.7876454991868292,0.6,0.0,0.0,0.0,0.0,0.0,0.0,0.0,0.0,0.0,2002,radio,0.5
4,2,lr5e-05_bs32_modL1_fusion32_fusionL1_drop0p2_trmiss50_trlocradio,32,5e-05,1,32,1,0.2,lr5e-05_bs32_modL1_fusion32_fusionL1_drop0p2_trmiss50_trlocradio,30,0.4533335119485855,0.6387959718704224,0.6512605042016807,0.7873259340905594,0.6222222222222222,0.0,0.0,0.0,0.0,0.0,0.0,0.0,0.0,0.0,2002,radio,0.5
4,2,lr5e-05_bs32_modL1_fusion32_fusionL1_drop0p2_trmiss50_trlocradio,32,5e-05,1,32,1,0.2,lr5e-05_bs32_modL1_fusion32_fusionL1_drop0p2_trmiss50_trlocradio,31,0.43789732952912647,0.6406068801879883,0.6470588235294118,0.7816982284628538,0.6,0.0,0.0,0.0,0.0,0.0,0.0,0.0,0.0,0.0,2002,radio,0.5
4,2,lr5e-05_bs32_modL1_fusion32_fusionL1_drop0p2_trmiss50_trlocradio,32,5e-05,1,32,1,0.2,lr5e-05_bs32_modL1_fusion32_fusionL1_drop0p2_trmiss50_trlocradio,32,0.42591609557469684,0.6403266489505768,0.6470588235294118,0.7816982284628538,0.6,0.0,0.0,0.0,0.0,0.0,0.0,0.0,0.0,0.0,2002,radio,0.5
4,2,lr5e-05_bs32_modL1_fusion32_fusionL1_drop0p2_trmiss50_trlocradio,32,5e-05,1,32,1,0.2,lr5e-05_bs32_modL1_fusion32_fusionL1_drop0p2_trmiss50_trlocradio,33,0.42978837092717487,0.6419754922389984,0.6470588235294118,0.7774774492420746,0.6,0.0,0.0,0.0,0.0,0.0,0.0,0.0,0.0,0.0,2002,radio,0.5
4,2,lr5e-05_bs32_modL1_fusion32_fusionL1_drop0p2_trmiss50_trlocradio,32,5e-05,1,32,1,0.2,lr5e-05_bs32_modL1_fusion32_fusionL1_drop0p2_trmiss50_trlocradio,34,0.435129314661026,0.640837699174881,0.6470588235294118,0.7795127637773891,0.6,0.0,0.0,0.0,0.0,0.0,0.0,0.0,0.0,0.0,2002,radio,0.5
4,2,lr5e-05_bs32_modL1_fusion32_fusionL1_drop0p2_trmiss50_trlocradio,32,5e-05,1,32,1,0.2,lr5e-05_bs32_modL1_fusion32_fusionL1_drop0p2_trmiss50_trlocradio,35,0.42293090124924976,0.6417518556118011,0.6428571428571428,0.7699742932167511,0.6,0.0,0.0,0.0,0.0,0.0,0.0,0.0,0.0,0.0,2002,radio,0.5
4,2,lr5e-05_bs32_modL1_fusion32_fusionL1_drop0p2_trmiss50_trlocradio,32,5e-05,1,32,1,0.2,lr5e-05_bs32_modL1_fusion32_fusionL1_drop0p2_trmiss50_trlocradio,36,0.42381521066029865,0.6401128172874451,0.6428571428571429,0.7701192268462582,0.6222222222222222,0.0,0.0,0.0,0.0,0.0,0.0,0.0,0.0,0.0,2002,radio,0.5
4,2,lr5e-05_bs32_modL1_fusion32_fusionL1_drop0p2_trmiss50_trlocradio,32,5e-05,1,32,1,0.2,lr5e-05_bs32_modL1_fusion32_fusionL1_drop0p2_trmiss50_trlocradio,37,0.4240271697441737,0.6416516005992889,0.6533613445378151,0.7737085739095572,0.6222222222222222,0.0,0.0,0.0,0.0,0.0,0.0,0.0,0.0,0.0,2002,radio,0.5
4,2,lr5e-05_bs32_modL1_fusion32_fusionL1_drop0p2_trmiss50_trlocradio,32,5e-05,1,32,1,0.2,lr5e-05_bs32_modL1_fusion32_fusionL1_drop0p2_trmiss50_trlocradio,38,0.4201096097628276,0.6410724818706512,0.6470588235294117,0.7715223095311745,0.6,0.0,0.0,0.0,0.0,0.0,0.0,0.0,0.0,0.0,2002,radio,0.5
4,2,lr5e-05_bs32_modL1_fusion32_fusionL1_drop0p2_trmiss50_trlocradio,32,5e-05,1,32,1,0.2,lr5e-05_bs32_modL1_fusion32_fusionL1_drop0p2_trmiss50_trlocradio,39,0.43043938279151917,0.6412695944309235,0.6428571428571428,0.7704769867493986,0.6,0.0,0.0,0.0,0.0,0.0,0.0,0.0,0.0,0.0,2002,radio,0.5
4,2,lr5e-05_bs32_modL1_fusion32_fusionL1_drop0p2_trmiss50_trlocradio,32,5e-05,1,32,1,0.2,lr5e-05_bs32_modL1_fusion32_fusionL1_drop0p2_trmiss50_trlocradio,40,0.42338646451632184,0.6412961781024933,0.6428571428571428,0.7702848082936733,0.6222222222222222,0.0,0.0,0.0,0.0,0.0,0.0,0.0,0.0,0.0,2002,radio,0.5
4,2,lr5e-05_bs32_modL1_fusion32_fusionL1_drop0p2_trmiss50_trlocradio,32,5e-05,1,32,1,0.2,lr5e-05_bs32_modL1_fusion32_fusionL1_drop0p2_trmiss50_trlocradio,41,0.4047003189722697,0.6414069533348083,0.6470588235294117,0.7703288666367755,0.6222222222222222,0.0,0.0,0.0,0.0,0.0,0.0,0.0,0.0,0.0,2002,radio,0.5
4,2,lr5e-05_bs32_modL1_fusion32_fusionL1_drop0p2_trmiss50_trlocradio,32,5e-05,1,32,1,0.2,lr5e-05_bs32_modL1_fusion32_fusionL1_drop0p2_trmiss50_trlocradio,42,0.4089127530654271,0.6415745913982391,0.6428571428571428,0.7674716056697439,0.6222222222222222,0.0,0.0,0.0,0.0,0.0,0.0,0.0,0.0,0.0,2002,radio,0.5
4,2,lr5e-05_bs32_modL1_fusion32_fusionL1_drop0p2_trmiss50_trlocradio,32,5e-05,1,32,1,0.2,lr5e-05_bs32_modL1_fusion32_fusionL1_drop0p2_trmiss50_trlocradio,43,0.4319227834542592,0.642803430557251,0.6470588235294117,0.7704401226241537,0.6222222222222222,0.0,0.0,0.0,0.0,0.0,0.0,0.0,0.0,0.0,2002,radio,0.5
4,2,lr5e-05_bs32_modL1_fusion32_fusionL1_drop0p2_trmiss50_trlocradio,32,5e-05,1,32,1,0.2,lr5e-05_bs32_modL1_fusion32_fusionL1_drop0p2_trmiss50_trlocradio,44,0.4161435514688492,0.6437506675720215,0.6449579831932774,0.7770238973165969,0.6222222222222222,0.0,0.0,0.0,0.0,0.0,0.0,0.0,0.0,0.0,2002,radio,0.5
4,2,lr5e-05_bs32_modL1_fusion32_fusionL1_drop0p2_trmiss50_trlocradio,32,5e-05,1,32,1,0.2,lr5e-05_bs32_modL1_fusion32_fusionL1_drop0p2_trmiss50_trlocradio,45,0.42326908310254413,0.6450624763965607,0.6449579831932774,0.7770238973165969,0.6,0.0,0.0,0.0,0.0,0.0,0.0,0.0,0.0,0.0,2002,radio,0.5
4,2,lr5e-05_bs32_modL1_fusion32_fusionL1_drop0p2_trmiss50_trlocradio,32,5e-05,1,32,1,0.2,lr5e-05_bs32_modL1_fusion32_fusionL1_drop0p2_trmiss50_trlocradio,46,0.4161997934182485,0.6459304094314575,0.6428571428571428,0.7678526562736856,0.6,0.0,0.0,0.0,0.0,0.0,0.0,0.0,0.0,0.0,2002,radio,0.5
4,2,lr5e-05_bs32_modL1_fusion32_fusionL1_drop0p2_trmiss50_trlocradio,32,5e-05,1,32,1,0.2,lr5e-05_bs32_modL1_fusion32_fusionL1_drop0p2_trmiss50_trlocradio,47,0.407838707168897,0.6450774073600769,0.6449579831932774,0.776099206557441,0.6,0.0,0.0,0.0,0.0,0.0,0.0,0.0,0.0,0.0,2002,radio,0.5
4,2,lr5e-05_bs32_modL1_fusion32_fusionL1_drop0p2_trmiss50_trlocradio,32,5e-05,1,32,1,0.2,lr5e-05_bs32_modL1_fusion32_fusionL1_drop0p2_trmiss50_trlocradio,48,0.39584452907244366,0.6444761753082275,0.6407563025210083,0.7672820381538065,0.6,0.0,0.0,0.0,0.0,0.0,0.0,0.0,0.0,0.0,2002,radio,0.5
4,2,lr5e-05_bs32_modL1_fusion32_fusionL1_drop0p2_trmiss50_trlocradio,32,5e-05,1,32,1,0.2,lr5e-05_bs32_modL1_fusion32_fusionL1_drop0p2_trmiss50_trlocradio,49,0.41080104808012646,0.6446733772754669,0.6386554621848739,0.7667275457998357,0.6,0.0,0.0,0.0,0.0,0.0,0.0,0.0,0.0,0.0,2002,radio,0.5
4,2,lr5e-05_bs32_modL1_fusion32_fusionL1_drop0p2_trmiss50_trlocradio,32,5e-05,1,32,1,0.2,lr5e-05_bs32_modL1_fusion32_fusionL1_drop0p2_trmiss50_trlocradio,50,0.4189247290293376,0.6440989077091217,0.6386554621848739,0.7659654528384945,0.6222222222222222,0.0,0.0,0.0,0.0,0.0,0.0,0.0,0.0,0.0,2002,radio,0.5
4,2,lr5e-05_bs32_modL1_fusion32_fusionL1_drop0p2_trmiss50_trlocradio,32,5e-05,1,32,1,0.2,lr5e-05_bs32_modL1_fusion32_fusionL1_drop0p2_trmiss50_trlocradio,51,0.4249296585718791,0.6451975405216217,0.6323529411764706,0.7631137041535396,0.6,0.0,0.0,0.0,0.0,0.0,0.0,0.0,0.0,0.0,2002,radio,0.5
4,2,lr5e-05_bs32_modL1_fusion32_fusionL1_drop0p2_trmiss50_trlocradio,32,5e-05,1,32,1,0.2,lr5e-05_bs32_modL1_fusion32_fusionL1_drop0p2_trmiss50_trlocradio,52,0.41264024873574573,0.6444213092327118,0.634453781512605,0.7633915572302543,0.6222222222222222,0.0,0.0,0.0,0.0,0.0,0.0,0.0,0.0,0.0,2002,radio,0.5
4,2,lr5e-05_bs32_modL1_fusion32_fusionL1_drop0p2_trmiss50_trlocradio,32,5e-05,1,32,1,0.2,lr5e-05_bs32_modL1_fusion32_fusionL1_drop0p2_trmiss50_trlocradio,53,0.4069153219461441,0.6453031897544861,0.6407563025210083,0.7661079886304005,0.6,0.0,0.0,0.0,0.0,0.0,0.0,0.0,0.0,0.0,2002,radio,0.5
4,2,lr5e-05_bs32_modL1_fusion32_fusionL1_drop0p2_trmiss50_trlocradio,32,5e-05,1,32,1,0.2,lr5e-05_bs32_modL1_fusion32_fusionL1_drop0p2_trmiss50_trlocradio,54,0.4200259844462077,0.6456443667411804,0.6407563025210083,0.7659525816400181,0.6,0.0,0.0,0.0,0.0,0.0,0.0,0.0,0.0,0.0,2002,radio,0.5
4,2,lr5e-05_bs32_modL1_fusion32_fusionL1_drop0p2_trmiss50_trlocradio,32,5e-05,1,32,1,0.2,lr5e-05_bs32_modL1_fusion32_fusionL1_drop0p2_trmiss50_trlocradio,55,0.41470321516195935,0.6474436223506927,0.638655462184874,0.7649627510189976,0.6,0.0,0.0,0.0,0.0,0.0,0.0,0.0,0.0,0.0,2002,radio,0.5
4,2,lr5e-05_bs32_modL1_fusion32_fusionL1_drop0p2_trmiss50_trlocradio,32,5e-05,1,32,1,0.2,lr5e-05_bs32_modL1_fusion32_fusionL1_drop0p2_trmiss50_trlocradio,56,0.403876855969429,0.6481319963932037,0.6365546218487395,0.7642272363294802,0.6,0.0,0.0,0.0,0.0,0.0,0.0,0.0,0.0,0.0,2002,radio,0.5
4,2,lr5e-05_bs32_modL1_fusion32_fusionL1_drop0p2_trmiss50_trlocradio,32,5e-05,1,32,1,0.2,lr5e-05_bs32_modL1_fusion32_fusionL1_drop0p2_trmiss50_trlocradio,57,0.4217699319124222,0.6459668874740601,0.6365546218487395,0.7640818333406985,0.6222222222222222,0.0,0.0,0.0,0.0,0.0,0.0,0.0,0.0,0.0,2002,radio,0.5
4,2,lr5e-05_bs32_modL1_fusion32_fusionL1_drop0p1_trmiss50_trlocradio,32,5e-05,1,32,1,0.1,lr5e-05_bs32_modL1_fusion32_fusionL1_drop0p1_trmiss50_trlocradio,1,0.7392460207144419,0.6911766529083252,0.6113445378151261,0.6754338550125961,0.4666666666666667,0.0,0.0,0.0,0.0,0.0,0.0,0.0,0.0,0.0,2002,radio,0.5
4,2,lr5e-05_bs32_modL1_fusion32_fusionL1_drop0p1_trmiss50_trlocradio,32,5e-05,1,32,1,0.1,lr5e-05_bs32_modL1_fusion32_fusionL1_drop0p1_trmiss50_trlocradio,2,0.694850335518519,0.6920869648456573,0.6113445378151261,0.6747167187888731,0.4444444444444444,0.0,0.0,0.0,0.0,0.0,0.0,0.0,0.0,0.0,2002,radio,0.5
4,2,lr5e-05_bs32_modL1_fusion32_fusionL1_drop0p1_trmiss50_trlocradio,32,5e-05,1,32,1,0.1,lr5e-05_bs32_modL1_fusion32_fusionL1_drop0p1_trmiss50_trlocradio,3,0.6860179702440897,0.6936293840408325,0.5966386554621849,0.6529518196860089,0.4444444444444444,0.0,0.0,0.0,0.0,0.0,0.0,0.0,0.0,0.0,2002,radio,0.5
4,2,lr5e-05_bs32_modL1_fusion32_fusionL1_drop0p1_trmiss50_trlocradio,32,5e-05,1,32,1,0.1,lr5e-05_bs32_modL1_fusion32_fusionL1_drop0p1_trmiss50_trlocradio,4,0.669949491818746,0.6947180926799774,0.5861344537815125,0.646403491147134,0.4666666666666667,0.0,0.0,0.0,0.0,0.0,0.0,0.0,0.0,0.0,2002,radio,0.5
4,2,lr5e-05_bs32_modL1_fusion32_fusionL1_drop0p1_trmiss50_trlocradio,32,5e-05,1,32,1,0.1,lr5e-05_bs32_modL1_fusion32_fusionL1_drop0p1_trmiss50_trlocradio,5,0.6505136787891388,0.6957929134368896,0.5903361344537815,0.68032189372573,0.4444444444444444,0.0,0.0,0.0,0.0,0.0,0.0,0.0,0.0,0.0,2002,radio,0.5
4,2,lr5e-05_bs32_modL1_fusion32_fusionL1_drop0p1_trmiss50_trlocradio,32,5e-05,1,32,1,0.1,lr5e-05_bs32_modL1_fusion32_fusionL1_drop0p1_trmiss50_trlocradio,6,0.6649537185827891,0.694924384355545,0.5882352941176471,0.689895315890419,0.4444444444444444,0.0,0.0,0.0,0.0,0.0,0.0,0.0,0.0,0.0,2002,radio,0.5
4,2,lr5e-05_bs32_modL1_fusion32_fusionL1_drop0p1_trmiss50_trlocradio,32,5e-05,1,32,1,0.1,lr5e-05_bs32_modL1_fusion32_fusionL1_drop0p1_trmiss50_trlocradio,7,0.637246290842692,0.6966865956783295,0.5798319327731092,0.6883972214251161,0.4444444444444444,0.0,0.0,0.0,0.0,0.0,0.0,0.0,0.0,0.0,2002,radio,0.5
4,2,lr5e-05_bs32_modL1_fusion32_fusionL1_drop0p1_trmiss50_trlocradio,32,5e-05,1,32,1,0.1,lr5e-05_bs32_modL1_fusion32_fusionL1_drop0p1_trmiss50_trlocradio,8,0.6276369094848633,0.696256160736084,0.5777310924369748,0.6956613731852408,0.4444444444444444,0.0,0.0,0.0,0.0,0.0,0.0,0.0,0.0,0.0,2002,radio,0.5
4,2,lr5e-05_bs32_modL1_fusion32_fusionL1_drop0p1_trmiss50_trlocradio,32,5e-05,1,32,1,0.1,lr5e-05_bs32_modL1_fusion32_fusionL1_drop0p1_trmiss50_trlocradio,9,0.6087976296742758,0.6948442459106445,0.5714285714285714,0.6855279109581824,0.4888888888888889,0.0,0.0,0.0,0.0,0.0,0.0,0.0,0.0,0.0,2002,radio,0.5
4,2,lr5e-05_bs32_modL1_fusion32_fusionL1_drop0p1_trmiss50_trlocradio,32,5e-05,1,32,1,0.1,lr5e-05_bs32_modL1_fusion32_fusionL1_drop0p1_trmiss50_trlocradio,10,0.6256914138793945,0.6966826915740967,0.5546218487394958,0.668190251174645,0.5111111111111111,0.0,0.0,0.0,0.0,0.0,0.0,0.0,0.0,0.0,2002,radio,0.5
4,2,lr5e-05_bs32_modL1_fusion32_fusionL1_drop0p1_trmiss50_trlocradio,32,5e-05,1,32,1,0.1,lr5e-05_bs32_modL1_fusion32_fusionL1_drop0p1_trmiss50_trlocradio,11,0.6252855559190115,0.6959449648857117,0.5567226890756303,0.6736942976208097,0.4888888888888889,0.0,0.0,0.0,0.0,0.0,0.0,0.0,0.0,0.0,2002,radio,0.5
4,2,lr5e-05_bs32_modL1_fusion32_fusionL1_drop0p1_trmiss50_trlocradio,32,5e-05,1,32,1,0.1,lr5e-05_bs32_modL1_fusion32_fusionL1_drop0p1_trmiss50_trlocradio,12,0.5938666462898254,0.6958024501800537,0.5588235294117647,0.680459403634036,0.5111111111111111,0.0,0.0,0.0,0.0,0.0,0.0,0.0,0.0,0.0,2002,radio,0.5
4,2,lr5e-05_bs32_modL1_fusion32_fusionL1_drop0p1_trmiss50_trlocradio,32,5e-05,1,32,1,0.1,lr5e-05_bs32_modL1_fusion32_fusionL1_drop0p1_trmiss50_trlocradio,13,0.6147705316543579,0.6955433487892151,0.5546218487394958,0.6656809281412749,0.5111111111111111,0.0,0.0,0.0,0.0,0.0,0.0,0.0,0.0,0.0,2002,radio,0.5
4,2,lr5e-05_bs32_modL1_fusion32_fusionL1_drop0p1_trmiss50_trlocradio,32,5e-05,1,32,1,0.1,lr5e-05_bs32_modL1_fusion32_fusionL1_drop0p1_trmiss50_trlocradio,14,0.6009455521901449,0.6937412619590759,0.5651260504201681,0.6855678864210901,0.5111111111111111,0.0,0.0,0.0,0.0,0.0,0.0,0.0,0.0,0.0,2002,radio,0.5
4,2,lr5e-05_bs32_modL1_fusion32_fusionL1_drop0p1_trmiss50_trlocradio,32,5e-05,1,32,1,0.1,lr5e-05_bs32_modL1_fusion32_fusionL1_drop0p1_trmiss50_trlocradio,15,0.5893567601839701,0.6923074424266815,0.5630252100840336,0.6836198344730382,0.5111111111111111,0.0,0.0,0.0,0.0,0.0,0.0,0.0,0.0,0.0,2002,radio,0.5
4,2,lr5e-05_bs32_modL1_fusion32_fusionL1_drop0p1_trmiss50_trlocradio,32,5e-05,1,32,1,0.1,lr5e-05_bs32_modL1_fusion32_fusionL1_drop0p1_trmiss50_trlocradio,16,0.5855850974718729,0.6933914124965668,0.5672268907563025,0.6861215962771257,0.5111111111111111,0.0,0.0,0.0,0.0,0.0,0.0,0.0,0.0,0.0,2002,radio,0.5
4,2,lr5e-05_bs32_modL1_fusion32_fusionL1_drop0p1_trmiss50_trlocradio,32,5e-05,1,32,1,0.1,lr5e-05_bs32_modL1_fusion32_fusionL1_drop0p1_trmiss50_trlocradio,17,0.6027188698450724,0.6935042440891266,0.5714285714285714,0.690033160902976,0.5111111111111111,0.0,0.0,0.0,0.0,0.0,0.0,0.0,0.0,0.0,2002,radio,0.5
4,2,lr5e-05_bs32_modL1_fusion32_fusionL1_drop0p1_trmiss50_trlocradio,32,5e-05,1,32,1,0.1,lr5e-05_bs32_modL1_fusion32_fusionL1_drop0p1_trmiss50_trlocradio,18,0.5855160852273306,0.692018449306488,0.5714285714285714,0.6981719042051748,0.5111111111111111,0.0,0.0,0.0,0.0,0.0,0.0,0.0,0.0,0.0,2002,radio,0.5
4,2,lr5e-05_bs32_modL1_fusion32_fusionL1_drop0p1_trmiss50_trlocradio,32,5e-05,1,32,1,0.1,lr5e-05_bs32_modL1_fusion32_fusionL1_drop0p1_trmiss50_trlocradio,19,0.5853248735268911,0.6920724213123322,0.5714285714285714,0.6981719042051748,0.4888888888888889,0.0,0.0,0.0,0.0,0.0,0.0,0.0,0.0,0.0,2002,radio,0.5
4,2,lr5e-05_bs32_modL1_fusion32_fusionL1_drop0p1_trmiss50_trlocradio,32,5e-05,1,32,1,0.1,lr5e-05_bs32_modL1_fusion32_fusionL1_drop0p1_trmiss50_trlocradio,20,0.5886837045351664,0.6937167346477509,0.569327731092437,0.6964287069262634,0.5111111111111111,0.0,0.0,0.0,0.0,0.0,0.0,0.0,0.0,0.0,2002,radio,0.5
4,2,lr5e-05_bs32_modL1_fusion32_fusionL1_drop0p1_trmiss50_trlocradio,32,5e-05,1,32,1,0.1,lr5e-05_bs32_modL1_fusion32_fusionL1_drop0p1_trmiss50_trlocradio,21,0.5863475501537323,0.6915820837020874,0.5672268907563025,0.6962610222975529,0.5111111111111111,0.0,0.0,0.0,0.0,0.0,0.0,0.0,0.0,0.0,2002,radio,0.5
4,2,lr5e-05_bs32_modL1_fusion32_fusionL1_drop0p1_trmiss50_trlocradio,32,5e-05,1,32,1,0.1,lr5e-05_bs32_modL1_fusion32_fusionL1_drop0p1_trmiss50_trlocradio,22,0.5737085143725077,0.6920544803142548,0.5672268907563025,0.6939225869234031,0.5111111111111111,0.0,0.0,0.0,0.0,0.0,0.0,0.0,0.0,0.0,2002,radio,0.5
4,2,lr5e-05_bs32_modL1_fusion32_fusionL1_drop0p1_trmiss50_trlocradio,32,5e-05,1,32,1,0.1,lr5e-05_bs32_modL1_fusion32_fusionL1_drop0p1_trmiss50_trlocradio,23,0.58708655834198,0.690386027097702,0.5714285714285714,0.7016760331294718,0.4888888888888889,0.0,0.0,0.0,0.0,0.0,0.0,0.0,0.0,0.0,2002,radio,0.5
4,2,lr5e-05_bs32_modL1_fusion32_fusionL1_drop0p1_trmiss50_trlocradio,32,5e-05,1,32,1,0.1,lr5e-05_bs32_modL1_fusion32_fusionL1_drop0p1_trmiss50_trlocradio,24,0.5758998592694601,0.6897417902946472,0.5735294117647058,0.7007978229937429,0.4666666666666667,0.0,0.0,0.0,0.0,0.0,0.0,0.0,0.0,0.0,2002,radio,0.5
4,2,lr5e-05_bs32_modL1_fusion32_fusionL1_drop0p1_trmiss50_trlocradio,32,5e-05,1,32,1,0.1,lr5e-05_bs32_modL1_fusion32_fusionL1_drop0p1_trmiss50_trlocradio,25,0.577289491891861,0.6902111172676086,0.5630252100840336,0.6947246504814948,0.4888888888888889,0.0,0.0,0.0,0.0,0.0,0.0,0.0,0.0,0.0,2002,radio,0.5
4,2,lr5e-05_bs32_modL1_fusion64_fusionL1_drop0p2_trmiss50_trlocradio,32,5e-05,1,64,1,0.2,lr5e-05_bs32_modL1_fusion64_fusionL1_drop0p2_trmiss50_trlocradio,1,0.747956375281016,0.7046503126621246,0.5,0.6297015660232289,0.4666666666666667,0.0,0.0,0.0,0.0,0.0,0.0,0.0,0.0,0.0,2002,radio,0.5
4,2,lr5e-05_bs32_modL1_fusion64_fusionL1_drop0p2_trmiss50_trlocradio,32,5e-05,1,64,1,0.2,lr5e-05_bs32_modL1_fusion64_fusionL1_drop0p2_trmiss50_trlocradio,2,0.7350697120030721,0.7084465324878693,0.5126050420168067,0.6435532447760259,0.4222222222222222,0.0,0.0,0.0,0.0,0.0,0.0,0.0,0.0,0.0,2002,radio,0.5
4,2,lr5e-05_bs32_modL1_fusion64_fusionL1_drop0p2_trmiss50_trlocradio,32,5e-05,1,64,1,0.2,lr5e-05_bs32_modL1_fusion64_fusionL1_drop0p2_trmiss50_trlocradio,3,0.706353098154068,0.7117920815944672,0.5378151260504201,0.6643090610138007,0.4444444444444444,0.0,0.0,0.0,0.0,0.0,0.0,0.0,0.0,0.0,2002,radio,0.5
4,2,lr5e-05_bs32_modL1_fusion64_fusionL1_drop0p2_trmiss50_trlocradio,32,5e-05,1,64,1,0.2,lr5e-05_bs32_modL1_fusion64_fusionL1_drop0p2_trmiss50_trlocradio,4,0.7035391330718994,0.7147656977176666,0.546218487394958,0.6710395112657302,0.4666666666666667,0.0,0.0,0.0,0.0,0.0,0.0,0.0,0.0,0.0,2002,radio,0.5
4,2,lr5e-05_bs32_modL1_fusion64_fusionL1_drop0p2_trmiss50_trlocradio,32,5e-05,1,64,1,0.2,lr5e-05_bs32_modL1_fusion64_fusionL1_drop0p2_trmiss50_trlocradio,5,0.6558698117733002,0.714644581079483,0.5735294117647058,0.6938160860460358,0.4666666666666667,0.0,0.0,0.0,0.0,0.0,0.0,0.0,0.0,0.0,2002,radio,0.5
4,2,lr5e-05_bs32_modL1_fusion64_fusionL1_drop0p2_trmiss50_trlocradio,32,5e-05,1,64,1,0.2,lr5e-05_bs32_modL1_fusion64_fusionL1_drop0p2_trmiss50_trlocradio,6,0.6713740626970927,0.7137268781661987,0.5945378151260504,0.7046993216655546,0.4888888888888889,0.0,0.0,0.0,0.0,0.0,0.0,0.0,0.0,0.0,2002,radio,0.5
4,2,lr5e-05_bs32_modL1_fusion64_fusionL1_drop0p2_trmiss50_trlocradio,32,5e-05,1,64,1,0.2,lr5e-05_bs32_modL1_fusion64_fusionL1_drop0p2_trmiss50_trlocradio,7,0.6399428447087606,0.7138460874557495,0.5882352941176471,0.6987473840873639,0.4888888888888889,0.0,0.0,0.0,0.0,0.0,0.0,0.0,0.0,0.0,2002,radio,0.5
4,2,lr5e-05_bs32_modL1_fusion64_fusionL1_drop0p2_trmiss50_trlocradio,32,5e-05,1,64,1,0.2,lr5e-05_bs32_modL1_fusion64_fusionL1_drop0p2_trmiss50_trlocradio,8,0.631805549065272,0.7125722169876099,0.588235294117647,0.6984988461626042,0.4888888888888889,0.0,0.0,0.0,0.0,0.0,0.0,0.0,0.0,0.0,2002,radio,0.5
4,2,lr5e-05_bs32_modL1_fusion64_fusionL1_drop0p2_trmiss50_trlocradio,32,5e-05,1,64,1,0.2,lr5e-05_bs32_modL1_fusion64_fusionL1_drop0p2_trmiss50_trlocradio,9,0.6392813126246134,0.712478756904602,0.5819327731092436,0.6983445150119929,0.5111111111111111,0.0,0.0,0.0,0.0,0.0,0.0,0.0,0.0,0.0,2002,radio,0.5
4,2,lr5e-05_bs32_modL1_fusion64_fusionL1_drop0p2_trmiss50_trlocradio,32,5e-05,1,64,1,0.2,lr5e-05_bs32_modL1_fusion64_fusionL1_drop0p2_trmiss50_trlocradio,10,0.6376897593339285,0.7102989852428436,0.5966386554621849,0.7055249518418972,0.5111111111111111,0.0,0.0,0.0,0.0,0.0,0.0,0.0,0.0,0.0,2002,radio,0.5
4,2,lr5e-05_bs32_modL1_fusion64_fusionL1_drop0p2_trmiss50_trlocradio,32,5e-05,1,64,1,0.2,lr5e-05_bs32_modL1_fusion64_fusionL1_drop0p2_trmiss50_trlocradio,11,0.6198879281679789,0.7066878974437714,0.6092436974789917,0.7086315804592459,0.5333333333333333,0.0,0.0,0.0,0.0,0.0,0.0,0.0,0.0,0.0,2002,radio,0.5
4,2,lr5e-05_bs32_modL1_fusion64_fusionL1_drop0p2_trmiss50_trlocradio,32,5e-05,1,64,1,0.2,lr5e-05_bs32_modL1_fusion64_fusionL1_drop0p2_trmiss50_trlocradio,12,0.6305460631847382,0.7061966359615326,0.6218487394957983,0.7322733064043182,0.5111111111111111,0.0,0.0,0.0,0.0,0.0,0.0,0.0,0.0,0.0,2002,radio,0.5
4,2,lr5e-05_bs32_modL1_fusion64_fusionL1_drop0p2_trmiss50_trlocradio,32,5e-05,1,64,1,0.2,lr5e-05_bs32_modL1_fusion64_fusionL1_drop0p2_trmiss50_trlocradio,13,0.6207931637763977,0.7039753794670105,0.6239495798319328,0.7333881151777178,0.5555555555555556,0.0,0.0,0.0,0.0,0.0,0.0,0.0,0.0,0.0,2002,radio,0.5
4,2,lr5e-05_bs32_modL1_fusion64_fusionL1_drop0p2_trmiss50_trlocradio,32,5e-05,1,64,1,0.2,lr5e-05_bs32_modL1_fusion64_fusionL1_drop0p2_trmiss50_trlocradio,14,0.6175425350666046,0.7037943601608276,0.6365546218487396,0.7420279887930802,0.5333333333333333,0.0,0.0,0.0,0.0,0.0,0.0,0.0,0.0,0.0,2002,radio,0.5
4,2,lr5e-05_bs32_modL1_fusion64_fusionL1_drop0p2_trmiss50_trlocradio,32,5e-05,1,64,1,0.2,lr5e-05_bs32_modL1_fusion64_fusionL1_drop0p2_trmiss50_trlocradio,15,0.6126602292060852,0.7018370628356934,0.6365546218487395,0.7420238523362339,0.5555555555555556,0.0,0.0,0.0,0.0,0.0,0.0,0.0,0.0,0.0,2002,radio,0.5
4,2,lr5e-05_bs32_modL1_fusion64_fusionL1_drop0p2_trmiss50_trlocradio,32,5e-05,1,64,1,0.2,lr5e-05_bs32_modL1_fusion64_fusionL1_drop0p2_trmiss50_trlocradio,16,0.6118931074937185,0.6997761726379395,0.6512605042016807,0.7503475916131179,0.5111111111111111,0.0,0.0,0.0,0.0,0.0,0.0,0.0,0.0,0.0,2002,radio,0.5
4,2,lr5e-05_bs32_modL1_fusion64_fusionL1_drop0p2_trmiss50_trlocradio,32,5e-05,1,64,1,0.2,lr5e-05_bs32_modL1_fusion64_fusionL1_drop0p2_trmiss50_trlocradio,17,0.6097595989704132,0.6950942575931549,0.6512605042016807,0.7554720480804247,0.5555555555555556,0.0,0.0,0.0,0.0,0.0,0.0,0.0,0.0,0.0,2002,radio,0.5
4,2,lr5e-05_bs32_modL1_fusion64_fusionL1_drop0p2_trmiss50_trlocradio,32,5e-05,1,64,1,0.2,lr5e-05_bs32_modL1_fusion64_fusionL1_drop0p2_trmiss50_trlocradio,18,0.5983414848645529,0.6962779462337494,0.6596638655462186,0.7613535058587491,0.5333333333333333,0.0,0.0,0.0,0.0,0.0,0.0,0.0,0.0,0.0,2002,radio,0.5
4,2,lr5e-05_bs32_modL1_fusion64_fusionL1_drop0p2_trmiss50_trlocradio,32,5e-05,1,64,1,0.2,lr5e-05_bs32_modL1_fusion64_fusionL1_drop0p2_trmiss50_trlocradio,19,0.6228499412536621,0.6966318786144257,0.6512605042016807,0.7599275019347522,0.5555555555555556,0.0,0.0,0.0,0.0,0.0,0.0,0.0,0.0,0.0,2002,radio,0.5
4,2,lr5e-05_bs32_modL1_fusion64_fusionL1_drop0p2_trmiss50_trlocradio,32,5e-05,1,64,1,0.2,lr5e-05_bs32_modL1_fusion64_fusionL1_drop0p2_trmiss50_trlocradio,20,0.5917800863583883,0.6947365701198578,0.6449579831932772,0.753161580491161,0.5555555555555556,0.0,0.0,0.0,0.0,0.0,0.0,0.0,0.0,0.0,2002,radio,0.5
4,2,lr5e-05_bs32_modL1_fusion64_fusionL1_drop0p2_trmiss50_trlocradio,32,5e-05,1,64,1,0.2,lr5e-05_bs32_modL1_fusion64_fusionL1_drop0p2_trmiss50_trlocradio,21,0.5983261068662008,0.6958058774471283,0.6407563025210083,0.751693244810897,0.5777777777777777,0.0,0.0,0.0,0.0,0.0,0.0,0.0,0.0,0.0,2002,radio,0.5
4,2,lr5e-05_bs32_modL1_fusion64_fusionL1_drop0p2_trmiss50_trlocradio,32,5e-05,1,64,1,0.2,lr5e-05_bs32_modL1_fusion64_fusionL1_drop0p2_trmiss50_trlocradio,22,0.5824289818604788,0.6973342001438141,0.6323529411764706,0.7472491055661035,0.5777777777777777,0.0,0.0,0.0,0.0,0.0,0.0,0.0,0.0,0.0,2002,radio,0.5
4,2,lr5e-05_bs32_modL1_fusion64_fusionL1_drop0p2_trmiss50_trlocradio,32,5e-05,1,64,1,0.2,lr5e-05_bs32_modL1_fusion64_fusionL1_drop0p2_trmiss50_trlocradio,23,0.5935808221499125,0.6948181390762329,0.6239495798319328,0.7398938859966786,0.5555555555555556,0.0,0.0,0.0,0.0,0.0,0.0,0.0,0.0,0.0,2002,radio,0.5
4,2,lr5e-05_bs32_modL1_fusion64_fusionL1_drop0p2_trmiss50_trlocradio,32,5e-05,1,64,1,0.2,lr5e-05_bs32_modL1_fusion64_fusionL1_drop0p2_trmiss50_trlocradio,24,0.6003706057866415,0.6980966031551361,0.6323529411764707,0.745274323990353,0.5555555555555556,0.0,0.0,0.0,0.0,0.0,0.0,0.0,0.0,0.0,2002,radio,0.5
4,2,lr5e-05_bs32_modL1_fusion64_fusionL1_drop0p2_trmiss50_trlocradio,32,5e-05,1,64,1,0.2,lr5e-05_bs32_modL1_fusion64_fusionL1_drop0p2_trmiss50_trlocradio,25,0.5998758773008982,0.695733517408371,0.6323529411764707,0.7421996228452089,0.5333333333333333,0.0,0.0,0.0,0.0,0.0,0.0,0.0,0.0,0.0,2002,radio,0.5
4,2,lr5e-05_bs32_modL1_fusion64_fusionL1_drop0p2_trmiss50_trlocradio,32,5e-05,1,64,1,0.2,lr5e-05_bs32_modL1_fusion64_fusionL1_drop0p2_trmiss50_trlocradio,26,0.5820200244585673,0.695831686258316,0.6344537815126051,0.7449442617143407,0.5333333333333333,0.0,0.0,0.0,0.0,0.0,0.0,0.0,0.0,0.0,2002,radio,0.5
4,2,lr5e-05_bs32_modL1_fusion64_fusionL1_drop0p2_trmiss50_trlocradio,32,5e-05,1,64,1,0.2,lr5e-05_bs32_modL1_fusion64_fusionL1_drop0p2_trmiss50_trlocradio,27,0.5681975185871124,0.6928756833076477,0.6323529411764706,0.7432064524031625,0.5555555555555556,0.0,0.0,0.0,0.0,0.0,0.0,0.0,0.0,0.0,2002,radio,0.5
4,2,lr5e-05_bs32_modL1_fusion64_fusionL1_drop0p2_trmiss50_trlocradio,32,5e-05,1,64,1,0.2,lr5e-05_bs32_modL1_fusion64_fusionL1_drop0p2_trmiss50_trlocradio,28,0.5520146638154984,0.6911418437957764,0.6470588235294118,0.7517623082227056,0.5333333333333333,0.0,0.0,0.0,0.0,0.0,0.0,0.0,0.0,0.0,2002,radio,0.5
4,2,lr5e-05_bs32_modL1_fusion64_fusionL1_drop0p2_trmiss50_trlocradio,32,5e-05,1,64,1,0.2,lr5e-05_bs32_modL1_fusion64_fusionL1_drop0p2_trmiss50_trlocradio,29,0.5584783057371775,0.6912573277950287,0.638655462184874,0.7415186396701103,0.5333333333333333,0.0,0.0,0.0,0.0,0.0,0.0,0.0,0.0,0.0,2002,radio,0.5
4,2,lr5e-05_bs32_modL1_fusion64_fusionL1_drop0p2_trmiss50_trlocradio,32,5e-05,1,64,1,0.2,lr5e-05_bs32_modL1_fusion64_fusionL1_drop0p2_trmiss50_trlocradio,30,0.5839154521624247,0.6888833940029144,0.6533613445378151,0.752315728627959,0.5555555555555556,0.0,0.0,0.0,0.0,0.0,0.0,0.0,0.0,0.0,2002,radio,0.5
4,2,lr5e-05_bs32_modL1_fusion64_fusionL1_drop0p2_trmiss50_trlocradio,32,5e-05,1,64,1,0.2,lr5e-05_bs32_modL1_fusion64_fusionL1_drop0p2_trmiss50_trlocradio,31,0.5687481661637624,0.6905139088630676,0.6407563025210085,0.7459461895271352,0.5555555555555556,0.0,0.0,0.0,0.0,0.0,0.0,0.0,0.0,0.0,2002,radio,0.5
4,2,lr5e-05_bs32_modL1_fusion64_fusionL1_drop0p2_trmiss50_trlocradio,32,5e-05,1,64,1,0.2,lr5e-05_bs32_modL1_fusion64_fusionL1_drop0p2_trmiss50_trlocradio,32,0.5653185447057089,0.6903603672981262,0.6428571428571428,0.7487146227260654,0.5555555555555556,0.0,0.0,0.0,0.0,0.0,0.0,0.0,0.0,0.0,2002,radio,0.5
4,2,lr5e-05_bs32_modL1_fusion64_fusionL1_drop0p2_trmiss50_trlocradio,32,5e-05,1,64,1,0.2,lr5e-05_bs32_modL1_fusion64_fusionL1_drop0p2_trmiss50_trlocradio,33,0.5506341656049093,0.6906286478042603,0.638655462184874,0.7481079409350624,0.5555555555555556,0.0,0.0,0.0,0.0,0.0,0.0,0.0,0.0,0.0,2002,radio,0.5
4,2,lr5e-05_bs32_modL1_fusion64_fusionL1_drop0p2_trmiss50_trlocradio,32,5e-05,1,64,1,0.2,lr5e-05_bs32_modL1_fusion64_fusionL1_drop0p2_trmiss50_trlocradio,34,0.5429666091998419,0.6916085779666901,0.6386554621848739,0.7437460619935388,0.5555555555555556,0.0,0.0,0.0,0.0,0.0,0.0,0.0,0.0,0.0,2002,radio,0.5
4,2,lr5e-05_bs32_modL1_fusion64_fusionL1_drop0p2_trmiss50_trlocradio,32,5e-05,1,64,1,0.2,lr5e-05_bs32_modL1_fusion64_fusionL1_drop0p2_trmiss50_trlocradio,35,0.553869217634201,0.6930243968963623,0.6197478991596639,0.7310031249938261,0.5555555555555556,0.0,0.0,0.0,0.0,0.0,0.0,0.0,0.0,0.0,2002,radio,0.5
4,2,lr5e-05_bs32_modL1_fusion64_fusionL1_drop0p2_trmiss50_trlocradio,32,5e-05,1,64,1,0.2,lr5e-05_bs32_modL1_fusion64_fusionL1_drop0p2_trmiss50_trlocradio,36,0.5526693214972814,0.692938506603241,0.6239495798319328,0.7334175718595297,0.5555555555555556,0.0,0.0,0.0,0.0,0.0,0.0,0.0,0.0,0.0,2002,radio,0.5
4,2,lr5e-05_bs32_modL1_fusion64_fusionL1_drop0p2_trmiss50_trlocradio,32,5e-05,1,64,1,0.2,lr5e-05_bs32_modL1_fusion64_fusionL1_drop0p2_trmiss50_trlocradio,37,0.5395664771397909,0.690900057554245,0.6302521008403361,0.7371227253351851,0.5555555555555556,0.0,0.0,0.0,0.0,0.0,0.0,0.0,0.0,0.0,2002,radio,0.5
4,2,lr5e-05_bs32_modL1_fusion64_fusionL1_drop0p2_trmiss50_trlocradio,32,5e-05,1,64,1,0.2,lr5e-05_bs32_modL1_fusion64_fusionL1_drop0p2_trmiss50_trlocradio,38,0.5497512022654215,0.6916150450706482,0.6302521008403361,0.7344509426195538,0.5555555555555556,0.0,0.0,0.0,0.0,0.0,0.0,0.0,0.0,0.0,2002,radio,0.5
4,2,lr5e-05_bs32_modL1_fusion64_fusionL1_drop0p1_trmiss50_trlocradio,32,5e-05,1,64,1,0.1,lr5e-05_bs32_modL1_fusion64_fusionL1_drop0p1_trmiss50_trlocradio,1,0.6847316126028696,0.6702111661434174,0.6890756302521008,0.7728993239832131,0.6666666666666666,0.0,0.0,0.0,0.0,0.0,0.0,0.0,0.0,0.0,2002,radio,0.5
4,2,lr5e-05_bs32_modL1_fusion64_fusionL1_drop0p1_trmiss50_trlocradio,32,5e-05,1,64,1,0.1,lr5e-05_bs32_modL1_fusion64_fusionL1_drop0p1_trmiss50_trlocradio,2,0.6697464883327484,0.6630563139915466,0.7100840336134454,0.7893334934373953,0.6666666666666666,0.0,0.0,0.0,0.0,0.0,0.0,0.0,0.0,0.0,2002,radio,0.5
4,2,lr5e-05_bs32_modL1_fusion64_fusionL1_drop0p1_trmiss50_trlocradio,32,5e-05,1,64,1,0.1,lr5e-05_bs32_modL1_fusion64_fusionL1_drop0p1_trmiss50_trlocradio,3,0.6350211997826894,0.657565176486969,0.7163865546218487,0.7895675758040375,0.6666666666666666,0.0,0.0,0.0,0.0,0.0,0.0,0.0,0.0,0.0,2002,radio,0.5
4,2,lr5e-05_bs32_modL1_fusion64_fusionL1_drop0p1_trmiss50_trlocradio,32,5e-05,1,64,1,0.1,lr5e-05_bs32_modL1_fusion64_fusionL1_drop0p1_trmiss50_trlocradio,4,0.6112239261468252,0.6509035527706146,0.7373949579831933,0.8003913629922587,0.6444444444444445,0.0,0.0,0.0,0.0,0.0,0.0,0.0,0.0,0.0,2002,radio,0.5
4,2,lr5e-05_bs32_modL1_fusion64_fusionL1_drop0p1_trmiss50_trlocradio,32,5e-05,1,64,1,0.1,lr5e-05_bs32_modL1_fusion64_fusionL1_drop0p1_trmiss50_trlocradio,5,0.6086785693963369,0.6474385857582092,0.7373949579831933,0.802249211643302,0.6444444444444445,0.0,0.0,0.0,0.0,0.0,0.0,0.0,0.0,0.0,2002,radio,0.5
4,2,lr5e-05_bs32_modL1_fusion64_fusionL1_drop0p1_trmiss50_trlocradio,32,5e-05,1,64,1,0.1,lr5e-05_bs32_modL1_fusion64_fusionL1_drop0p1_trmiss50_trlocradio,6,0.60740926861763,0.6440128684043884,0.7373949579831933,0.7960747250117599,0.6444444444444445,0.0,0.0,0.0,0.0,0.0,0.0,0.0,0.0,0.0,2002,radio,0.5
4,2,lr5e-05_bs32_modL1_fusion64_fusionL1_drop0p1_trmiss50_trlocradio,32,5e-05,1,64,1,0.1,lr5e-05_bs32_modL1_fusion64_fusionL1_drop0p1_trmiss50_trlocradio,7,0.5763067404429117,0.6421791911125183,0.7373949579831933,0.7938472446647384,0.6444444444444445,0.0,0.0,0.0,0.0,0.0,0.0,0.0,0.0,0.0,2002,radio,0.5
4,2,lr5e-05_bs32_modL1_fusion64_fusionL1_drop0p1_trmiss50_trlocradio,32,5e-05,1,64,1,0.1,lr5e-05_bs32_modL1_fusion64_fusionL1_drop0p1_trmiss50_trlocradio,8,0.5715057651201884,0.6437562704086304,0.7163865546218487,0.7699069060798424,0.6666666666666666,0.0,0.0,0.0,0.0,0.0,0.0,0.0,0.0,0.0,2002,radio,0.5
4,2,lr5e-05_bs32_modL1_fusion64_fusionL1_drop0p1_trmiss50_trlocradio,32,5e-05,1,64,1,0.1,lr5e-05_bs32_modL1_fusion64_fusionL1_drop0p1_trmiss50_trlocradio,9,0.5514225562413534,0.6465118527412415,0.6974789915966386,0.7549343065345551,0.6666666666666666,0.0,0.0,0.0,0.0,0.0,0.0,0.0,0.0,0.0,2002,radio,0.5
4,2,lr5e-05_bs32_modL1_fusion64_fusionL1_drop0p1_trmiss50_trlocradio,32,5e-05,1,64,1,0.1,lr5e-05_bs32_modL1_fusion64_fusionL1_drop0p1_trmiss50_trlocradio,10,0.5627669095993042,0.6482028365135193,0.7016806722689075,0.7552457740772158,0.6888888888888889,0.0,0.0,0.0,0.0,0.0,0.0,0.0,0.0,0.0,2002,radio,0.5
4,2,lr5e-05_bs32_modL1_fusion64_fusionL1_drop0p1_trmiss50_trlocradio,32,5e-05,1,64,1,0.1,lr5e-05_bs32_modL1_fusion64_fusionL1_drop0p1_trmiss50_trlocradio,11,0.5562397539615631,0.6482589840888977,0.6974789915966387,0.7561980173226921,0.7111111111111111,0.0,0.0,0.0,0.0,0.0,0.0,0.0,0.0,0.0,2002,radio,0.5
4,2,lr5e-05_bs32_modL1_fusion64_fusionL1_drop0p1_trmiss50_trlocradio,32,5e-05,1,64,1,0.1,lr5e-05_bs32_modL1_fusion64_fusionL1_drop0p1_trmiss50_trlocradio,12,0.5378373861312866,0.6496129930019379,0.6848739495798319,0.7270006753735354,0.6888888888888889,0.0,0.0,0.0,0.0,0.0,0.0,0.0,0.0,0.0,2002,radio,0.5
4,2,lr5e-05_bs32_modL1_fusion64_fusionL1_drop0p1_trmiss50_trlocradio,32,5e-05,1,64,1,0.1,lr5e-05_bs32_modL1_fusion64_fusionL1_drop0p1_trmiss50_trlocradio,13,0.5314251383145651,0.6493625342845917,0.6659663865546219,0.7166861604101421,0.6666666666666666,0.0,0.0,0.0,0.0,0.0,0.0,0.0,0.0,0.0,2002,radio,0.5
4,2,lr5e-05_bs32_modL1_fusion64_fusionL1_drop0p1_trmiss50_trlocradio,32,5e-05,1,64,1,0.1,lr5e-05_bs32_modL1_fusion64_fusionL1_drop0p1_trmiss50_trlocradio,14,0.5267065068085989,0.6510547697544098,0.6554621848739496,0.7090905449066731,0.6888888888888889,0.0,0.0,0.0,0.0,0.0,0.0,0.0,0.0,0.0,2002,radio,0.5
4,2,lr5e-05_bs32_modL1_fusion64_fusionL1_drop0p1_trmiss50_trlocradio,32,5e-05,1,64,1,0.1,lr5e-05_bs32_modL1_fusion64_fusionL1_drop0p1_trmiss50_trlocradio,15,0.5208889544010162,0.6513690650463104,0.657563025210084,0.725816946797753,0.6888888888888889,0.0,0.0,0.0,0.0,0.0,0.0,0.0,0.0,0.0,2002,radio,0.5
4,2,lr5e-05_bs32_modL1_fusion64_fusionL1_drop0p1_trmiss50_trlocradio,32,5e-05,1,64,1,0.1,lr5e-05_bs32_modL1_fusion64_fusionL1_drop0p1_trmiss50_trlocradio,16,0.5051881223917007,0.6516399383544922,0.657563025210084,0.725816946797753,0.6888888888888889,0.0,0.0,0.0,0.0,0.0,0.0,0.0,0.0,0.0,2002,radio,0.5
4,2,lr5e-05_bs32_modL1_fusion64_fusionL1_drop0p1_trmiss50_trlocradio,32,5e-05,1,64,1,0.1,lr5e-05_bs32_modL1_fusion64_fusionL1_drop0p1_trmiss50_trlocradio,17,0.507549395163854,0.6520366370677948,0.6575630252100841,0.7251366746889094,0.6666666666666666,0.0,0.0,0.0,0.0,0.0,0.0,0.0,0.0,0.0,2002,radio,0.5
4,2,lr5e-05_bs32_modL1_fusion64_fusionL1_drop0p1_trmiss50_trlocradio,32,5e-05,1,64,1,0.1,lr5e-05_bs32_modL1_fusion64_fusionL1_drop0p1_trmiss50_trlocradio,18,0.5116597761710485,0.6532363295555115,0.6617647058823529,0.7112504051853535,0.6666666666666666,0.0,0.0,0.0,0.0,0.0,0.0,0.0,0.0,0.0,2002,radio,0.5
4,2,lr5e-05_bs32_modL1_fusion64_fusionL1_drop0p1_trmiss50_trlocradio,32,5e-05,1,64,1,0.1,lr5e-05_bs32_modL1_fusion64_fusionL1_drop0p1_trmiss50_trlocradio,19,0.5026128192742666,0.654008537530899,0.6533613445378151,0.7079686034208768,0.6888888888888889,0.0,0.0,0.0,0.0,0.0,0.0,0.0,0.0,0.0,2002,radio,0.5
4,2,lr5e-05_bs32_modL1_fusion64_fusionL1_drop0p1_trmiss50_trlocradio,32,5e-05,1,64,1,0.1,lr5e-05_bs32_modL1_fusion64_fusionL1_drop0p1_trmiss50_trlocradio,20,0.49599489569664,0.6536377370357513,0.6596638655462185,0.7173576061691104,0.6888888888888889,0.0,0.0,0.0,0.0,0.0,0.0,0.0,0.0,0.0,2002,radio,0.5
4,2,lr5e-05_bs32_modL1_fusion64_fusionL1_drop0p1_trmiss50_trlocradio,32,5e-05,1,64,1,0.1,lr5e-05_bs32_modL1_fusion64_fusionL1_drop0p1_trmiss50_trlocradio,21,0.4987054218848546,0.6519579887390137,0.6596638655462185,0.7158201224887696,0.6888888888888889,0.0,0.0,0.0,0.0,0.0,0.0,0.0,0.0,0.0,2002,radio,0.5
4,2,lr5e-05_bs32_modL1_fusion64_fusionL1_drop0p1_trmiss50_trlocradio,32,5e-05,1,64,1,0.1,lr5e-05_bs32_modL1_fusion64_fusionL1_drop0p1_trmiss50_trlocradio,22,0.5015864223241806,0.6513689756393433,0.657563025210084,0.7312164224228845,0.6888888888888889,0.0,0.0,0.0,0.0,0.0,0.0,0.0,0.0,0.0,2002,radio,0.5
4,2,lr5e-05_bs32_modL1_fusion64_fusionL1_drop0p1_trmiss50_trlocradio,32,5e-05,1,64,1,0.1,lr5e-05_bs32_modL1_fusion64_fusionL1_drop0p1_trmiss50_trlocradio,23,0.4904034187396367,0.6509083211421967,0.6596638655462185,0.7441957050450242,0.6666666666666666,0.0,0.0,0.0,0.0,0.0,0.0,0.0,0.0,0.0,2002,radio,0.5
4,2,lr5e-05_bs32_modL1_fusion64_fusionL1_drop0p1_trmiss50_trlocradio,32,5e-05,1,64,1,0.1,lr5e-05_bs32_modL1_fusion64_fusionL1_drop0p1_trmiss50_trlocradio,24,0.4830377846956253,0.6508596539497375,0.6596638655462185,0.7441264538597016,0.6444444444444445,0.0,0.0,0.0,0.0,0.0,0.0,0.0,0.0,0.0,2002,radio,0.5
4,2,lr5e-05_bs32_modL1_fusion64_fusionL1_drop0p1_trmiss50_trlocradio,32,5e-05,1,64,1,0.1,lr5e-05_bs32_modL1_fusion64_fusionL1_drop0p1_trmiss50_trlocradio,25,0.49379371603329975,0.6501584351062775,0.6638655462184874,0.747827589034051,0.6666666666666666,0.0,0.0,0.0,0.0,0.0,0.0,0.0,0.0,0.0,2002,radio,0.5
4,2,lr5e-05_bs32_modL1_fusion64_fusionL1_drop0p1_trmiss50_trlocradio,32,5e-05,1,64,1,0.1,lr5e-05_bs32_modL1_fusion64_fusionL1_drop0p1_trmiss50_trlocradio,26,0.4850993404785792,0.6517167091369629,0.6638655462184874,0.7490811172939041,0.6666666666666666,0.0,0.0,0.0,0.0,0.0,0.0,0.0,0.0,0.0,2002,radio,0.5
4,2,lr5e-05_bs32_modL1_fusion64_fusionL1_drop0p1_trmiss50_trlocradio,32,5e-05,1,64,1,0.1,lr5e-05_bs32_modL1_fusion64_fusionL1_drop0p1_trmiss50_trlocradio,27,0.4913961589336395,0.6514321267604828,0.6596638655462185,0.7352836343679275,0.6666666666666666,0.0,0.0,0.0,0.0,0.0,0.0,0.0,0.0,0.0,2002,radio,0.5
4,2,lr1e-04_bs32_modL1_fusion32_fusionL1_drop0p2_trmiss50_trlocradio,32,0.0001,1,32,1,0.2,lr1e-04_bs32_modL1_fusion32_fusionL1_drop0p2_trmiss50_trlocradio,1,0.7020287811756134,0.6776575744152069,0.5567226890756303,0.6571945253700322,0.6222222222222222,0.0,0.0,0.0,0.0,0.0,0.0,0.0,0.0,0.0,2002,radio,0.5
4,2,lr1e-04_bs32_modL1_fusion32_fusionL1_drop0p2_trmiss50_trlocradio,32,0.0001,1,32,1,0.2,lr1e-04_bs32_modL1_fusion32_fusionL1_drop0p2_trmiss50_trlocradio,2,0.660278449455897,0.6755743026733398,0.5609243697478992,0.6620472701783567,0.6222222222222222,0.0,0.0,0.0,0.0,0.0,0.0,0.0,0.0,0.0,2002,radio,0.5
4,2,lr1e-04_bs32_modL1_fusion32_fusionL1_drop0p2_trmiss50_trlocradio,32,0.0001,1,32,1,0.2,lr1e-04_bs32_modL1_fusion32_fusionL1_drop0p2_trmiss50_trlocradio,3,0.6334510346253713,0.6677889823913574,0.6050420168067228,0.7052793381626848,0.6222222222222222,0.0,0.0,0.0,0.0,0.0,0.0,0.0,0.0,0.0,2002,radio,0.5
4,2,lr1e-04_bs32_modL1_fusion32_fusionL1_drop0p2_trmiss50_trlocradio,32,0.0001,1,32,1,0.2,lr1e-04_bs32_modL1_fusion32_fusionL1_drop0p2_trmiss50_trlocradio,4,0.6189004778862,0.6642470359802246,0.6197478991596639,0.7205999755122953,0.6888888888888889,0.0,0.0,0.0,0.0,0.0,0.0,0.0,0.0,0.0,2002,radio,0.5
4,2,lr1e-04_bs32_modL1_fusion32_fusionL1_drop0p2_trmiss50_trlocradio,32,0.0001,1,32,1,0.2,lr1e-04_bs32_modL1_fusion32_fusionL1_drop0p2_trmiss50_trlocradio,5,0.5846262077490488,0.6613122820854187,0.6386554621848739,0.7436508567995507,0.6888888888888889,0.0,0.0,0.0,0.0,0.0,0.0,0.0,0.0,0.0,2002,radio,0.5
4,2,lr1e-04_bs32_modL1_fusion32_fusionL1_drop0p2_trmiss50_trlocradio,32,0.0001,1,32,1,0.2,lr1e-04_bs32_modL1_fusion32_fusionL1_drop0p2_trmiss50_trlocradio,6,0.5980842014153799,0.6631861329078674,0.6197478991596639,0.7268102181761442,0.6666666666666666,0.0,0.0,0.0,0.0,0.0,0.0,0.0,0.0,0.0,2002,radio,0.5
4,2,lr1e-04_bs32_modL1_fusion32_fusionL1_drop0p2_trmiss50_trlocradio,32,0.0001,1,32,1,0.2,lr1e-04_bs32_modL1_fusion32_fusionL1_drop0p2_trmiss50_trlocradio,7,0.5702930887540182,0.6668291687965393,0.5714285714285714,0.6941410724525232,0.6444444444444445,0.0,0.0,0.0,0.0,0.0,0.0,0.0,0.0,0.0,2002,radio,0.5
4,2,lr1e-04_bs32_modL1_fusion32_fusionL1_drop0p2_trmiss50_trlocradio,32,0.0001,1,32,1,0.2,lr1e-04_bs32_modL1_fusion32_fusionL1_drop0p2_trmiss50_trlocradio,8,0.5576476603746414,0.6653265655040741,0.5861344537815125,0.6956866840783209,0.6666666666666666,0.0,0.0,0.0,0.0,0.0,0.0,0.0,0.0,0.0,2002,radio,0.5
4,2,lr1e-04_bs32_modL1_fusion32_fusionL1_drop0p2_trmiss50_trlocradio,32,0.0001,1,32,1,0.2,lr1e-04_bs32_modL1_fusion32_fusionL1_drop0p2_trmiss50_trlocradio,9,0.5638829072316488,0.6615592241287231,0.6029411764705882,0.715630938345425,0.6888888888888889,0.0,0.0,0.0,0.0,0.0,0.0,0.0,0.0,0.0,2002,radio,0.5
4,2,lr1e-04_bs32_modL1_fusion32_fusionL1_drop0p2_trmiss50_trlocradio,32,0.0001,1,32,1,0.2,lr1e-04_bs32_modL1_fusion32_fusionL1_drop0p2_trmiss50_trlocradio,10,0.5158042460680008,0.6597423553466797,0.6239495798319328,0.7290227061461863,0.6888888888888889,0.0,0.0,0.0,0.0,0.0,0.0,0.0,0.0,0.0,2002,radio,0.5
4,2,lr1e-04_bs32_modL1_fusion32_fusionL1_drop0p2_trmiss50_trlocradio,32,0.0001,1,32,1,0.2,lr1e-04_bs32_modL1_fusion32_fusionL1_drop0p2_trmiss50_trlocradio,11,0.5258675316969553,0.6585541665554047,0.638655462184874,0.740674860306004,0.6666666666666666,0.0,0.0,0.0,0.0,0.0,0.0,0.0,0.0,0.0,2002,radio,0.5
4,2,lr1e-04_bs32_modL1_fusion32_fusionL1_drop0p2_trmiss50_trlocradio,32,0.0001,1,32,1,0.2,lr1e-04_bs32_modL1_fusion32_fusionL1_drop0p2_trmiss50_trlocradio,12,0.5246499876181284,0.6566765308380127,0.6407563025210085,0.7408047126445034,0.6666666666666666,0.0,0.0,0.0,0.0,0.0,0.0,0.0,0.0,0.0,2002,radio,0.5
4,2,lr1e-04_bs32_modL1_fusion32_fusionL1_drop0p2_trmiss50_trlocradio,32,0.0001,1,32,1,0.2,lr1e-04_bs32_modL1_fusion32_fusionL1_drop0p2_trmiss50_trlocradio,13,0.5249686936537424,0.6603049039840698,0.6386554621848739,0.7316155538746982,0.6444444444444445,0.0,0.0,0.0,0.0,0.0,0.0,0.0,0.0,0.0,2002,radio,0.5
4,2,lr1e-04_bs32_modL1_fusion32_fusionL1_drop0p2_trmiss50_trlocradio,32,0.0001,1,32,1,0.2,lr1e-04_bs32_modL1_fusion32_fusionL1_drop0p2_trmiss50_trlocradio,14,0.48965098957220715,0.6615422666072845,0.6365546218487395,0.7358626088481526,0.6666666666666666,0.0,0.0,0.0,0.0,0.0,0.0,0.0,0.0,0.0,2002,radio,0.5
4,2,lr1e-04_bs32_modL1_fusion32_fusionL1_drop0p2_trmiss50_trlocradio,32,0.0001,1,32,1,0.2,lr1e-04_bs32_modL1_fusion32_fusionL1_drop0p2_trmiss50_trlocradio,15,0.49009187519550323,0.6698714196681976,0.5756302521008404,0.6940196049152065,0.6444444444444445,0.0,0.0,0.0,0.0,0.0,0.0,0.0,0.0,0.0,2002,radio,0.5
4,2,lr1e-04_bs32_modL1_fusion32_fusionL1_drop0p2_trmiss50_trlocradio,32,0.0001,1,32,1,0.2,lr1e-04_bs32_modL1_fusion32_fusionL1_drop0p2_trmiss50_trlocradio,16,0.49069274961948395,0.66864213347435,0.5861344537815125,0.7179975052452026,0.6222222222222222,0.0,0.0,0.0,0.0,0.0,0.0,0.0,0.0,0.0,2002,radio,0.5
4,2,lr1e-04_bs32_modL1_fusion32_fusionL1_drop0p2_trmiss50_trlocradio,32,0.0001,1,32,1,0.2,lr1e-04_bs32_modL1_fusion32_fusionL1_drop0p2_trmiss50_trlocradio,17,0.4921087870995204,0.6699229776859283,0.5756302521008404,0.7100621318219653,0.6444444444444445,0.0,0.0,0.0,0.0,0.0,0.0,0.0,0.0,0.0,2002,radio,0.5
4,2,lr1e-04_bs32_modL1_fusion32_fusionL1_drop0p2_trmiss50_trlocradio,32,0.0001,1,32,1,0.2,lr1e-04_bs32_modL1_fusion32_fusionL1_drop0p2_trmiss50_trlocradio,18,0.47133928537368774,0.6692176759243011,0.588235294117647,0.7275349963362607,0.6666666666666666,0.0,0.0,0.0,0.0,0.0,0.0,0.0,0.0,0.0,2002,radio,0.5
4,2,lr1e-04_bs32_modL1_fusion32_fusionL1_drop0p2_trmiss50_trlocradio,32,0.0001,1,32,1,0.2,lr1e-04_bs32_modL1_fusion32_fusionL1_drop0p2_trmiss50_trlocradio,19,0.45422117908795673,0.6686275601387024,0.5882352941176471,0.7283047216365568,0.6222222222222222,0.0,0.0,0.0,0.0,0.0,0.0,0.0,0.0,0.0,2002,radio,0.5
4,2,lr1e-04_bs32_modL1_fusion32_fusionL1_drop0p2_trmiss50_trlocradio,32,0.0001,1,32,1,0.2,lr1e-04_bs32_modL1_fusion32_fusionL1_drop0p2_trmiss50_trlocradio,20,0.45735442638397217,0.668700635433197,0.5840336134453782,0.7301346799488961,0.6,0.0,0.0,0.0,0.0,0.0,0.0,0.0,0.0,0.0,2002,radio,0.5
4,2,lr1e-04_bs32_modL1_fusion32_fusionL1_drop0p2_trmiss50_trlocradio,32,0.0001,1,32,1,0.2,lr1e-04_bs32_modL1_fusion32_fusionL1_drop0p2_trmiss50_trlocradio,21,0.45503916839758557,0.6684733331203461,0.5882352941176471,0.7316307685967296,0.6222222222222222,0.0,0.0,0.0,0.0,0.0,0.0,0.0,0.0,0.0,2002,radio,0.5
4,2,lr1e-04_bs32_modL1_fusion32_fusionL1_drop0p2_trmiss50_trlocradio,32,0.0001,1,32,1,0.2,lr1e-04_bs32_modL1_fusion32_fusionL1_drop0p2_trmiss50_trlocradio,22,0.44027583797772724,0.6702170670032501,0.5840336134453781,0.7298066747400727,0.5777777777777777,0.0,0.0,0.0,0.0,0.0,0.0,0.0,0.0,0.0,2002,radio,0.5
4,2,lr1e-04_bs32_modL1_fusion32_fusionL1_drop0p2_trmiss50_trlocradio,32,0.0001,1,32,1,0.2,lr1e-04_bs32_modL1_fusion32_fusionL1_drop0p2_trmiss50_trlocradio,23,0.4307620972394943,0.6688173413276672,0.5819327731092436,0.727424480260597,0.5555555555555556,0.0,0.0,0.0,0.0,0.0,0.0,0.0,0.0,0.0,2002,radio,0.5
4,2,lr1e-04_bs32_modL1_fusion32_fusionL1_drop0p2_trmiss50_trlocradio,32,0.0001,1,32,1,0.2,lr1e-04_bs32_modL1_fusion32_fusionL1_drop0p2_trmiss50_trlocradio,24,0.4336073249578476,0.6687469184398651,0.592436974789916,0.7348384725633621,0.5333333333333333,0.0,0.0,0.0,0.0,0.0,0.0,0.0,0.0,0.0,2002,radio,0.5
4,2,lr1e-04_bs32_modL1_fusion32_fusionL1_drop0p2_trmiss50_trlocradio,32,0.0001,1,32,1,0.2,lr1e-04_bs32_modL1_fusion32_fusionL1_drop0p2_trmiss50_trlocradio,25,0.4524905284245809,0.6682769656181335,0.592436974789916,0.7358881491907698,0.5555555555555556,0.0,0.0,0.0,0.0,0.0,0.0,0.0,0.0,0.0,2002,radio,0.5
4,2,lr1e-04_bs32_modL1_fusion32_fusionL1_drop0p2_trmiss50_trlocradio,32,0.0001,1,32,1,0.2,lr1e-04_bs32_modL1_fusion32_fusionL1_drop0p2_trmiss50_trlocradio,26,0.43282823264598846,0.6696014404296875,0.5840336134453781,0.72959748244976,0.5333333333333333,0.0,0.0,0.0,0.0,0.0,0.0,0.0,0.0,0.0,2002,radio,0.5
4,2,lr1e-04_bs32_modL1_fusion32_fusionL1_drop0p2_trmiss50_trlocradio,32,0.0001,1,32,1,0.2,lr1e-04_bs32_modL1_fusion32_fusionL1_drop0p2_trmiss50_trlocradio,27,0.42137304941813153,0.6711980700492859,0.5798319327731093,0.7236013450081151,0.6,0.0,0.0,0.0,0.0,0.0,0.0,0.0,0.0,0.0,2002,radio,0.5
4,2,lr1e-04_bs32_modL1_fusion32_fusionL1_drop0p2_trmiss50_trlocradio,32,0.0001,1,32,1,0.2,lr1e-04_bs32_modL1_fusion32_fusionL1_drop0p2_trmiss50_trlocradio,28,0.44237593313058216,0.6700451970100403,0.588235294117647,0.7303734119751495,0.6,0.0,0.0,0.0,0.0,0.0,0.0,0.0,0.0,0.0,2002,radio,0.5
4,2,lr1e-04_bs32_modL1_fusion32_fusionL1_drop0p2_trmiss50_trlocradio,32,0.0001,1,32,1,0.2,lr1e-04_bs32_modL1_fusion32_fusionL1_drop0p2_trmiss50_trlocradio,29,0.41606039305528003,0.6715211272239685,0.5819327731092437,0.7245931323816935,0.5333333333333333,0.0,0.0,0.0,0.0,0.0,0.0,0.0,0.0,0.0,2002,radio,0.5
4,2,lr1e-04_bs32_modL1_fusion32_fusionL1_drop0p2_trmiss50_trlocradio,32,0.0001,1,32,1,0.2,lr1e-04_bs32_modL1_fusion32_fusionL1_drop0p2_trmiss50_trlocradio,30,0.42413070301214856,0.6724187433719635,0.5777310924369747,0.7210095873748293,0.5555555555555556,0.0,0.0,0.0,0.0,0.0,0.0,0.0,0.0,0.0,2002,radio,0.5
4,2,lr1e-04_bs32_modL1_fusion32_fusionL1_drop0p2_trmiss50_trlocradio,32,0.0001,1,32,1,0.2,lr1e-04_bs32_modL1_fusion32_fusionL1_drop0p2_trmiss50_trlocradio,31,0.4225419412056605,0.6756595373153687,0.5798319327731093,0.7203674397817287,0.6,0.0,0.0,0.0,0.0,0.0,0.0,0.0,0.0,0.0,2002,radio,0.5
4,2,lr1e-04_bs32_modL1_fusion32_fusionL1_drop0p2_trmiss50_trlocradio,32,0.0001,1,32,1,0.2,lr1e-04_bs32_modL1_fusion32_fusionL1_drop0p2_trmiss50_trlocradio,32,0.42261748015880585,0.6726926565170288,0.5861344537815126,0.7218855386355493,0.6,0.0,0.0,0.0,0.0,0.0,0.0,0.0,0.0,0.0,2002,radio,0.5
4,2,lr1e-04_bs32_modL1_fusion32_fusionL1_drop0p1_trmiss50_trlocradio,32,0.0001,1,32,1,0.1,lr1e-04_bs32_modL1_fusion32_fusionL1_drop0p1_trmiss50_trlocradio,1,0.6908272206783295,0.6848628222942352,0.5252100840336134,0.7125975167651563,0.4888888888888889,0.0,0.0,0.0,0.0,0.0,0.0,0.0,0.0,0.0,2002,radio,0.5
4,2,lr1e-04_bs32_modL1_fusion32_fusionL1_drop0p1_trmiss50_trlocradio,32,0.0001,1,32,1,0.1,lr1e-04_bs32_modL1_fusion32_fusionL1_drop0p1_trmiss50_trlocradio,2,0.629183957974116,0.6782814562320709,0.5546218487394958,0.7154135425411214,0.5777777777777777,0.0,0.0,0.0,0.0,0.0,0.0,0.0,0.0,0.0,2002,radio,0.5
4,2,lr1e-04_bs32_modL1_fusion32_fusionL1_drop0p1_trmiss50_trlocradio,32,0.0001,1,32,1,0.1,lr1e-04_bs32_modL1_fusion32_fusionL1_drop0p1_trmiss50_trlocradio,3,0.6021796663602194,0.6764113903045654,0.5504201680672269,0.6956171856981365,0.6,0.0,0.0,0.0,0.0,0.0,0.0,0.0,0.0,0.0,2002,radio,0.5
4,2,lr1e-04_bs32_modL1_fusion32_fusionL1_drop0p1_trmiss50_trlocradio,32,0.0001,1,32,1,0.1,lr1e-04_bs32_modL1_fusion32_fusionL1_drop0p1_trmiss50_trlocradio,4,0.5780692299207052,0.6763657629489899,0.569327731092437,0.7047853900737989,0.6,0.0,0.0,0.0,0.0,0.0,0.0,0.0,0.0,0.0,2002,radio,0.5
4,2,lr1e-04_bs32_modL1_fusion32_fusionL1_drop0p1_trmiss50_trlocradio,32,0.0001,1,32,1,0.1,lr1e-04_bs32_modL1_fusion32_fusionL1_drop0p1_trmiss50_trlocradio,5,0.5438700119654337,0.6724081635475159,0.5735294117647058,0.6622047307610703,0.6444444444444445,0.0,0.0,0.0,0.0,0.0,0.0,0.0,0.0,0.0,2002,radio,0.5
4,2,lr1e-04_bs32_modL1_fusion32_fusionL1_drop0p1_trmiss50_trlocradio,32,0.0001,1,32,1,0.1,lr1e-04_bs32_modL1_fusion32_fusionL1_drop0p1_trmiss50_trlocradio,6,0.5292684237162272,0.669335663318634,0.5861344537815126,0.6660379442067812,0.6888888888888889,0.0,0.0,0.0,0.0,0.0,0.0,0.0,0.0,0.0,2002,radio,0.5
4,2,lr1e-04_bs32_modL1_fusion32_fusionL1_drop0p1_trmiss50_trlocradio,32,0.0001,1,32,1,0.1,lr1e-04_bs32_modL1_fusion32_fusionL1_drop0p1_trmiss50_trlocradio,7,0.5121324807405472,0.6642568409442902,0.5966386554621849,0.6644306695455103,0.6888888888888889,0.0,0.0,0.0,0.0,0.0,0.0,0.0,0.0,0.0,2002,radio,0.5
4,2,lr1e-04_bs32_modL1_fusion32_fusionL1_drop0p1_trmiss50_trlocradio,32,0.0001,1,32,1,0.1,lr1e-04_bs32_modL1_fusion32_fusionL1_drop0p1_trmiss50_trlocradio,8,0.5166195929050446,0.659848541021347,0.5966386554621849,0.665362256755293,0.6666666666666666,0.0,0.0,0.0,0.0,0.0,0.0,0.0,0.0,0.0,2002,radio,0.5
4,2,lr1e-04_bs32_modL1_fusion32_fusionL1_drop0p1_trmiss50_trlocradio,32,0.0001,1,32,1,0.1,lr1e-04_bs32_modL1_fusion32_fusionL1_drop0p1_trmiss50_trlocradio,9,0.5038455873727798,0.6540798544883728,0.6092436974789915,0.6657991868436495,0.6444444444444445,0.0,0.0,0.0,0.0,0.0,0.0,0.0,0.0,0.0,2002,radio,0.5
4,2,lr1e-04_bs32_modL1_fusion32_fusionL1_drop0p1_trmiss50_trlocradio,32,0.0001,1,32,1,0.1,lr1e-04_bs32_modL1_fusion32_fusionL1_drop0p1_trmiss50_trlocradio,10,0.47089122235774994,0.6542143821716309,0.6029411764705882,0.681903605760065,0.6444444444444445,0.0,0.0,0.0,0.0,0.0,0.0,0.0,0.0,0.0,2002,radio,0.5
4,2,lr1e-04_bs32_modL1_fusion32_fusionL1_drop0p1_trmiss50_trlocradio,32,0.0001,1,32,1,0.1,lr1e-04_bs32_modL1_fusion32_fusionL1_drop0p1_trmiss50_trlocradio,11,0.45132961869239807,0.6529442667961121,0.6155462184873949,0.6846991855325665,0.6666666666666666,0.0,0.0,0.0,0.0,0.0,0.0,0.0,0.0,0.0,2002,radio,0.5
4,2,lr1e-04_bs32_modL1_fusion32_fusionL1_drop0p1_trmiss50_trlocradio,32,0.0001,1,32,1,0.1,lr1e-04_bs32_modL1_fusion32_fusionL1_drop0p1_trmiss50_trlocradio,12,0.4628136952718099,0.6552598774433136,0.6176470588235294,0.6908863765579277,0.6444444444444445,0.0,0.0,0.0,0.0,0.0,0.0,0.0,0.0,0.0,2002,radio,0.5
4,2,lr1e-04_bs32_modL1_fusion32_fusionL1_drop0p1_trmiss50_trlocradio,32,0.0001,1,32,1,0.1,lr1e-04_bs32_modL1_fusion32_fusionL1_drop0p1_trmiss50_trlocradio,13,0.44130027294158936,0.6571077108383179,0.6113445378151261,0.6856845838324827,0.6444444444444445,0.0,0.0,0.0,0.0,0.0,0.0,0.0,0.0,0.0,2002,radio,0.5
4,2,lr1e-04_bs32_modL1_fusion32_fusionL1_drop0p1_trmiss50_trlocradio,32,0.0001,1,32,1,0.1,lr1e-04_bs32_modL1_fusion32_fusionL1_drop0p1_trmiss50_trlocradio,14,0.4313417275746663,0.6568647027015686,0.6218487394957983,0.687664549207491,0.6222222222222222,0.0,0.0,0.0,0.0,0.0,0.0,0.0,0.0,0.0,2002,radio,0.5
4,2,lr1e-04_bs32_modL1_fusion32_fusionL1_drop0p1_trmiss50_trlocradio,32,0.0001,1,32,1,0.1,lr1e-04_bs32_modL1_fusion32_fusionL1_drop0p1_trmiss50_trlocradio,15,0.4279692769050598,0.6577075719833374,0.6155462184873949,0.6854831616006248,0.6,0.0,0.0,0.0,0.0,0.0,0.0,0.0,0.0,0.0,2002,radio,0.5
4,2,lr1e-04_bs32_modL1_fusion32_fusionL1_drop0p1_trmiss50_trlocradio,32,0.0001,1,32,1,0.1,lr1e-04_bs32_modL1_fusion32_fusionL1_drop0p1_trmiss50_trlocradio,16,0.4160834600528081,0.6563270390033722,0.615546218487395,0.6904553939039623,0.5777777777777777,0.0,0.0,0.0,0.0,0.0,0.0,0.0,0.0,0.0,2002,radio,0.5
4,2,lr1e-04_bs32_modL1_fusion32_fusionL1_drop0p1_trmiss50_trlocradio,32,0.0001,1,32,1,0.1,lr1e-04_bs32_modL1_fusion32_fusionL1_drop0p1_trmiss50_trlocradio,17,0.4191427230834961,0.656707227230072,0.6092436974789915,0.6882791854031186,0.6,0.0,0.0,0.0,0.0,0.0,0.0,0.0,0.0,0.0,2002,radio,0.5
4,2,lr1e-04_bs32_modL1_fusion32_fusionL1_drop0p1_trmiss50_trlocradio,32,0.0001,1,32,1,0.1,lr1e-04_bs32_modL1_fusion32_fusionL1_drop0p1_trmiss50_trlocradio,18,0.3937049259742101,0.6590010523796082,0.6134453781512605,0.6922442922661953,0.6,0.0,0.0,0.0,0.0,0.0,0.0,0.0,0.0,0.0,2002,radio,0.5
4,2,lr1e-04_bs32_modL1_fusion32_fusionL1_drop0p1_trmiss50_trlocradio,32,0.0001,1,32,1,0.1,lr1e-04_bs32_modL1_fusion32_fusionL1_drop0p1_trmiss50_trlocradio,19,0.3903555671374003,0.6594213843345642,0.615546218487395,0.6927476407839072,0.6222222222222222,0.0,0.0,0.0,0.0,0.0,0.0,0.0,0.0,0.0,2002,radio,0.5
4,2,lr1e-04_bs32_modL1_fusion32_fusionL1_drop0p1_trmiss50_trlocradio,32,0.0001,1,32,1,0.1,lr1e-04_bs32_modL1_fusion32_fusionL1_drop0p1_trmiss50_trlocradio,20,0.39426866670449573,0.6598064303398132,0.6113445378151261,0.6882420542303439,0.6,0.0,0.0,0.0,0.0,0.0,0.0,0.0,0.0,0.0,2002,radio,0.5
4,2,lr1e-04_bs32_modL1_fusion32_fusionL1_drop0p1_trmiss50_trlocradio,32,0.0001,1,32,1,0.1,lr1e-04_bs32_modL1_fusion32_fusionL1_drop0p1_trmiss50_trlocradio,21,0.3741423338651657,0.6605242490768433,0.6197478991596639,0.6954397719315181,0.6222222222222222,0.0,0.0,0.0,0.0,0.0,0.0,0.0,0.0,0.0,2002,radio,0.5
4,2,lr1e-04_bs32_modL1_fusion32_fusionL1_drop0p1_trmiss50_trlocradio,32,0.0001,1,32,1,0.1,lr1e-04_bs32_modL1_fusion32_fusionL1_drop0p1_trmiss50_trlocradio,22,0.38249558707078296,0.6605704724788666,0.6197478991596639,0.6941469111563918,0.6444444444444445,0.0,0.0,0.0,0.0,0.0,0.0,0.0,0.0,0.0,2002,radio,0.5
4,2,lr1e-04_bs32_modL1_fusion32_fusionL1_drop0p1_trmiss50_trlocradio,32,0.0001,1,32,1,0.1,lr1e-04_bs32_modL1_fusion32_fusionL1_drop0p1_trmiss50_trlocradio,23,0.3695599635442098,0.6592816114425659,0.6197478991596639,0.6937383806726735,0.6444444444444445,0.0,0.0,0.0,0.0,0.0,0.0,0.0,0.0,0.0,2002,radio,0.5
4,2,lr1e-04_bs32_modL1_fusion32_fusionL1_drop0p1_trmiss50_trlocradio,32,0.0001,1,32,1,0.1,lr1e-04_bs32_modL1_fusion32_fusionL1_drop0p1_trmiss50_trlocradio,24,0.36765699088573456,0.6604304015636444,0.6197478991596639,0.6921626026070697,0.6444444444444445,0.0,0.0,0.0,0.0,0.0,0.0,0.0,0.0,0.0,2002,radio,0.5
4,2,lr1e-04_bs32_modL1_fusion32_fusionL1_drop0p1_trmiss50_trlocradio,32,0.0001,1,32,1,0.1,lr1e-04_bs32_modL1_fusion32_fusionL1_drop0p1_trmiss50_trlocradio,25,0.3750867148240407,0.6607809364795685,0.615546218487395,0.6734025235673625,0.6444444444444445,0.0,0.0,0.0,0.0,0.0,0.0,0.0,0.0,0.0,2002,radio,0.5
4,2,lr1e-04_bs32_modL1_fusion32_fusionL1_drop0p1_trmiss50_trlocradio,32,0.0001,1,32,1,0.1,lr1e-04_bs32_modL1_fusion32_fusionL1_drop0p1_trmiss50_trlocradio,26,0.3760213901599248,0.6629691123962402,0.6050420168067228,0.6687625818781398,0.6222222222222222,0.0,0.0,0.0,0.0,0.0,0.0,0.0,0.0,0.0,2002,radio,0.5
4,2,lr1e-04_bs32_modL1_fusion32_fusionL1_drop0p1_trmiss50_trlocradio,32,0.0001,1,32,1,0.1,lr1e-04_bs32_modL1_fusion32_fusionL1_drop0p1_trmiss50_trlocradio,27,0.36740609506766003,0.6628054976463318,0.6050420168067226,0.6694183059763484,0.6222222222222222,0.0,0.0,0.0,0.0,0.0,0.0,0.0,0.0,0.0,2002,radio,0.5
4,2,lr1e-04_bs32_modL1_fusion32_fusionL1_drop0p1_trmiss50_trlocradio,32,0.0001,1,32,1,0.1,lr1e-04_bs32_modL1_fusion32_fusionL1_drop0p1_trmiss50_trlocradio,28,0.3671752115090688,0.6630338132381439,0.6008403361344538,0.666569342210827,0.6222222222222222,0.0,0.0,0.0,0.0,0.0,0.0,0.0,0.0,0.0,2002,radio,0.5
4,2,lr1e-04_bs32_modL1_fusion32_fusionL1_drop0p1_trmiss50_trlocradio,32,0.0001,1,32,1,0.1,lr1e-04_bs32_modL1_fusion32_fusionL1_drop0p1_trmiss50_trlocradio,29,0.3699246396621068,0.6614881753921509,0.6008403361344538,0.6671591756179,0.6222222222222222,0.0,0.0,0.0,0.0,0.0,0.0,0.0,0.0,0.0,2002,radio,0.5
4,2,lr1e-04_bs32_modL1_fusion32_fusionL1_drop0p1_trmiss50_trlocradio,32,0.0001,1,32,1,0.1,lr1e-04_bs32_modL1_fusion32_fusionL1_drop0p1_trmiss50_trlocradio,30,0.37068507572015125,0.6603883504867554,0.6113445378151261,0.6718429130511033,0.6222222222222222,0.0,0.0,0.0,0.0,0.0,0.0,0.0,0.0,0.0,2002,radio,0.5
4,2,lr1e-04_bs32_modL1_fusion32_fusionL1_drop0p1_trmiss50_trlocradio,32,0.0001,1,32,1,0.1,lr1e-04_bs32_modL1_fusion32_fusionL1_drop0p1_trmiss50_trlocradio,31,0.35793212056159973,0.6596081852912903,0.6134453781512605,0.672779016729791,0.6222222222222222,0.0,0.0,0.0,0.0,0.0,0.0,0.0,0.0,0.0,2002,radio,0.5
4,2,lr1e-04_bs32_modL1_fusion32_fusionL1_drop0p1_trmiss50_trlocradio,32,0.0001,1,32,1,0.1,lr1e-04_bs32_modL1_fusion32_fusionL1_drop0p1_trmiss50_trlocradio,32,0.35899155338605243,0.6582579910755157,0.6197478991596639,0.6757411221606165,0.6222222222222222,0.0,0.0,0.0,0.0,0.0,0.0,0.0,0.0,0.0,2002,radio,0.5
4,2,lr1e-04_bs32_modL1_fusion32_fusionL1_drop0p1_trmiss50_trlocradio,32,0.0001,1,32,1,0.1,lr1e-04_bs32_modL1_fusion32_fusionL1_drop0p1_trmiss50_trlocradio,33,0.3580741385618846,0.6593694984912872,0.611344537815126,0.6697699254249782,0.6222222222222222,0.0,0.0,0.0,0.0,0.0,0.0,0.0,0.0,0.0,2002,radio,0.5
4,2,lr1e-04_bs32_modL1_fusion32_fusionL1_drop0p1_trmiss50_trlocradio,32,0.0001,1,32,1,0.1,lr1e-04_bs32_modL1_fusion32_fusionL1_drop0p1_trmiss50_trlocradio,34,0.36085255940755206,0.6597274839878082,0.6113445378151261,0.6861218577449555,0.6222222222222222,0.0,0.0,0.0,0.0,0.0,0.0,0.0,0.0,0.0,2002,radio,0.5
4,2,lr1e-04_bs32_modL1_fusion64_fusionL1_drop0p2_trmiss50_trlocradio,32,0.0001,1,64,1,0.2,lr1e-04_bs32_modL1_fusion64_fusionL1_drop0p2_trmiss50_trlocradio,1,0.7796051204204559,0.6936487853527069,0.6071428571428571,0.7347973351624666,0.4888888888888889,0.0,0.0,0.0,0.0,0.0,0.0,0.0,0.0,0.0,2002,radio,0.5
4,2,lr1e-04_bs32_modL1_fusion64_fusionL1_drop0p2_trmiss50_trlocradio,32,0.0001,1,64,1,0.2,lr1e-04_bs32_modL1_fusion64_fusionL1_drop0p2_trmiss50_trlocradio,2,0.7505628863970438,0.6880647242069244,0.615546218487395,0.739805187235544,0.5111111111111111,0.0,0.0,0.0,0.0,0.0,0.0,0.0,0.0,0.0,2002,radio,0.5
4,2,lr1e-04_bs32_modL1_fusion64_fusionL1_drop0p2_trmiss50_trlocradio,32,0.0001,1,64,1,0.2,lr1e-04_bs32_modL1_fusion64_fusionL1_drop0p2_trmiss50_trlocradio,3,0.6935598254203796,0.685014009475708,0.6239495798319328,0.7400401564535746,0.5333333333333333,0.0,0.0,0.0,0.0,0.0,0.0,0.0,0.0,0.0,2002,radio,0.5
4,2,lr1e-04_bs32_modL1_fusion64_fusionL1_drop0p2_trmiss50_trlocradio,32,0.0001,1,64,1,0.2,lr1e-04_bs32_modL1_fusion64_fusionL1_drop0p2_trmiss50_trlocradio,4,0.6625638902187347,0.6825905442237854,0.6428571428571428,0.7500981227355566,0.5777777777777777,0.0,0.0,0.0,0.0,0.0,0.0,0.0,0.0,0.0,2002,radio,0.5
4,2,lr1e-04_bs32_modL1_fusion64_fusionL1_drop0p2_trmiss50_trlocradio,32,0.0001,1,64,1,0.2,lr1e-04_bs32_modL1_fusion64_fusionL1_drop0p2_trmiss50_trlocradio,5,0.673289030790329,0.6802985072135925,0.6428571428571428,0.7422987292566651,0.5555555555555556,0.0,0.0,0.0,0.0,0.0,0.0,0.0,0.0,0.0,2002,radio,0.5
4,2,lr1e-04_bs32_modL1_fusion64_fusionL1_drop0p2_trmiss50_trlocradio,32,0.0001,1,64,1,0.2,lr1e-04_bs32_modL1_fusion64_fusionL1_drop0p2_trmiss50_trlocradio,6,0.6538492540518442,0.6788349747657776,0.6428571428571428,0.7304799333934511,0.5777777777777777,0.0,0.0,0.0,0.0,0.0,0.0,0.0,0.0,0.0,2002,radio,0.5
4,2,lr1e-04_bs32_modL1_fusion64_fusionL1_drop0p2_trmiss50_trlocradio,32,0.0001,1,64,1,0.2,lr1e-04_bs32_modL1_fusion64_fusionL1_drop0p2_trmiss50_trlocradio,7,0.6396209001541138,0.6783051192760468,0.6302521008403361,0.7203273507318305,0.5555555555555556,0.0,0.0,0.0,0.0,0.0,0.0,0.0,0.0,0.0,2002,radio,0.5
4,2,lr1e-04_bs32_modL1_fusion64_fusionL1_drop0p2_trmiss50_trlocradio,32,0.0001,1,64,1,0.2,lr1e-04_bs32_modL1_fusion64_fusionL1_drop0p2_trmiss50_trlocradio,8,0.6312040487925211,0.6760355830192566,0.6323529411764706,0.7439672873105482,0.5777777777777777,0.0,0.0,0.0,0.0,0.0,0.0,0.0,0.0,0.0,2002,radio,0.5
4,2,lr1e-04_bs32_modL1_fusion64_fusionL1_drop0p2_trmiss50_trlocradio,32,0.0001,1,64,1,0.2,lr1e-04_bs32_modL1_fusion64_fusionL1_drop0p2_trmiss50_trlocradio,9,0.6220198273658752,0.6725886464118958,0.638655462184874,0.758883154522072,0.5555555555555556,0.0,0.0,0.0,0.0,0.0,0.0,0.0,0.0,0.0,2002,radio,0.5
4,2,lr1e-04_bs32_modL1_fusion64_fusionL1_drop0p2_trmiss50_trlocradio,32,0.0001,1,64,1,0.2,lr1e-04_bs32_modL1_fusion64_fusionL1_drop0p2_trmiss50_trlocradio,10,0.5958294073740641,0.6688185632228851,0.6470588235294117,0.7718960482238202,0.5777777777777777,0.0,0.0,0.0,0.0,0.0,0.0,0.0,0.0,0.0,2002,radio,0.5
4,2,lr1e-04_bs32_modL1_fusion64_fusionL1_drop0p2_trmiss50_trlocradio,32,0.0001,1,64,1,0.2,lr1e-04_bs32_modL1_fusion64_fusionL1_drop0p2_trmiss50_trlocradio,11,0.5688300530115763,0.6680086553096771,0.6512605042016807,0.7689812252106615,0.6,0.0,0.0,0.0,0.0,0.0,0.0,0.0,0.0,0.0,2002,radio,0.5
4,2,lr1e-04_bs32_modL1_fusion64_fusionL1_drop0p2_trmiss50_trlocradio,32,0.0001,1,64,1,0.2,lr1e-04_bs32_modL1_fusion64_fusionL1_drop0p2_trmiss50_trlocradio,12,0.5703376134236654,0.6695126295089722,0.6533613445378151,0.7745875214296329,0.5777777777777777,0.0,0.0,0.0,0.0,0.0,0.0,0.0,0.0,0.0,2002,radio,0.5
4,2,lr1e-04_bs32_modL1_fusion64_fusionL1_drop0p2_trmiss50_trlocradio,32,0.0001,1,64,1,0.2,lr1e-04_bs32_modL1_fusion64_fusionL1_drop0p2_trmiss50_trlocradio,13,0.5324230194091797,0.6699290871620178,0.6428571428571428,0.7617404844648312,0.5777777777777777,0.0,0.0,0.0,0.0,0.0,0.0,0.0,0.0,0.0,2002,radio,0.5
4,2,lr1e-04_bs32_modL1_fusion64_fusionL1_drop0p2_trmiss50_trlocradio,32,0.0001,1,64,1,0.2,lr1e-04_bs32_modL1_fusion64_fusionL1_drop0p2_trmiss50_trlocradio,14,0.5356678366661072,0.6669769585132599,0.6491596638655461,0.7729715501019725,0.5777777777777777,0.0,0.0,0.0,0.0,0.0,0.0,0.0,0.0,0.0,2002,radio,0.5
4,2,lr1e-04_bs32_modL1_fusion64_fusionL1_drop0p2_trmiss50_trlocradio,32,0.0001,1,64,1,0.2,lr1e-04_bs32_modL1_fusion64_fusionL1_drop0p2_trmiss50_trlocradio,15,0.5239509443442026,0.6663913130760193,0.6428571428571428,0.7770040305096533,0.6,0.0,0.0,0.0,0.0,0.0,0.0,0.0,0.0,0.0,2002,radio,0.5
4,2,lr1e-04_bs32_modL1_fusion64_fusionL1_drop0p2_trmiss50_trlocradio,32,0.0001,1,64,1,0.2,lr1e-04_bs32_modL1_fusion64_fusionL1_drop0p2_trmiss50_trlocradio,16,0.5070523718992869,0.6626631021499634,0.6512605042016806,0.7807781087294469,0.6,0.0,0.0,0.0,0.0,0.0,0.0,0.0,0.0,0.0,2002,radio,0.5
4,2,lr1e-04_bs32_modL1_fusion64_fusionL1_drop0p2_trmiss50_trlocradio,32,0.0001,1,64,1,0.2,lr1e-04_bs32_modL1_fusion64_fusionL1_drop0p2_trmiss50_trlocradio,17,0.5283579925696055,0.6634873449802399,0.6512605042016806,0.7809196219460669,0.6222222222222222,0.0,0.0,0.0,0.0,0.0,0.0,0.0,0.0,0.0,2002,radio,0.5
4,2,lr1e-04_bs32_modL1_fusion64_fusionL1_drop0p2_trmiss50_trlocradio,32,0.0001,1,64,1,0.2,lr1e-04_bs32_modL1_fusion64_fusionL1_drop0p2_trmiss50_trlocradio,18,0.5177006622155508,0.6607960164546967,0.6533613445378151,0.7830501283772868,0.6222222222222222,0.0,0.0,0.0,0.0,0.0,0.0,0.0,0.0,0.0,2002,radio,0.5
4,2,lr1e-04_bs32_modL1_fusion64_fusionL1_drop0p2_trmiss50_trlocradio,32,0.0001,1,64,1,0.2,lr1e-04_bs32_modL1_fusion64_fusionL1_drop0p2_trmiss50_trlocradio,19,0.4894128243128459,0.661745548248291,0.6554621848739496,0.7878962240278253,0.6222222222222222,0.0,0.0,0.0,0.0,0.0,0.0,0.0,0.0,0.0,2002,radio,0.5
4,2,lr1e-04_bs32_modL1_fusion64_fusionL1_drop0p2_trmiss50_trlocradio,32,0.0001,1,64,1,0.2,lr1e-04_bs32_modL1_fusion64_fusionL1_drop0p2_trmiss50_trlocradio,20,0.4842407902081807,0.6643134355545044,0.6407563025210083,0.7654161689668614,0.6444444444444445,0.0,0.0,0.0,0.0,0.0,0.0,0.0,0.0,0.0,2002,radio,0.5
4,2,lr1e-04_bs32_modL1_fusion64_fusionL1_drop0p2_trmiss50_trlocradio,32,0.0001,1,64,1,0.2,lr1e-04_bs32_modL1_fusion64_fusionL1_drop0p2_trmiss50_trlocradio,21,0.47860341270764667,0.6646077334880829,0.6197478991596639,0.7560601136150136,0.6,0.0,0.0,0.0,0.0,0.0,0.0,0.0,0.0,0.0,2002,radio,0.5
4,2,lr1e-04_bs32_modL1_fusion64_fusionL1_drop0p2_trmiss50_trlocradio,32,0.0001,1,64,1,0.2,lr1e-04_bs32_modL1_fusion64_fusionL1_drop0p2_trmiss50_trlocradio,22,0.45892252027988434,0.6690319776535034,0.6197478991596639,0.7619001496121884,0.5555555555555556,0.0,0.0,0.0,0.0,0.0,0.0,0.0,0.0,0.0,2002,radio,0.5
4,2,lr1e-04_bs32_modL1_fusion64_fusionL1_drop0p2_trmiss50_trlocradio,32,0.0001,1,64,1,0.2,lr1e-04_bs32_modL1_fusion64_fusionL1_drop0p2_trmiss50_trlocradio,23,0.44671423236529034,0.6735454499721527,0.6092436974789917,0.7504264843885231,0.5777777777777777,0.0,0.0,0.0,0.0,0.0,0.0,0.0,0.0,0.0,2002,radio,0.5
4,2,lr1e-04_bs32_modL1_fusion64_fusionL1_drop0p2_trmiss50_trlocradio,32,0.0001,1,64,1,0.2,lr1e-04_bs32_modL1_fusion64_fusionL1_drop0p2_trmiss50_trlocradio,24,0.44813744723796844,0.6756484508514404,0.5987394957983193,0.7326822129771224,0.5777777777777777,0.0,0.0,0.0,0.0,0.0,0.0,0.0,0.0,0.0,2002,radio,0.5
4,2,lr1e-04_bs32_modL1_fusion64_fusionL1_drop0p2_trmiss50_trlocradio,32,0.0001,1,64,1,0.2,lr1e-04_bs32_modL1_fusion64_fusionL1_drop0p2_trmiss50_trlocradio,25,0.4531459907690684,0.6748981475830078,0.6071428571428571,0.7448907766711174,0.5777777777777777,0.0,0.0,0.0,0.0,0.0,0.0,0.0,0.0,0.0,2002,radio,0.5
4,2,lr1e-04_bs32_modL1_fusion64_fusionL1_drop0p2_trmiss50_trlocradio,32,0.0001,1,64,1,0.2,lr1e-04_bs32_modL1_fusion64_fusionL1_drop0p2_trmiss50_trlocradio,26,0.4361685315767924,0.6733300387859344,0.6176470588235294,0.7572116765355574,0.5777777777777777,0.0,0.0,0.0,0.0,0.0,0.0,0.0,0.0,0.0,2002,radio,0.5
4,2,lr1e-04_bs32_modL1_fusion64_fusionL1_drop0p2_trmiss50_trlocradio,32,0.0001,1,64,1,0.2,lr1e-04_bs32_modL1_fusion64_fusionL1_drop0p2_trmiss50_trlocradio,27,0.4179382920265198,0.672933965921402,0.6134453781512605,0.7550489420700055,0.5777777777777777,0.0,0.0,0.0,0.0,0.0,0.0,0.0,0.0,0.0,2002,radio,0.5
4,2,lr1e-04_bs32_modL1_fusion64_fusionL1_drop0p2_trmiss50_trlocradio,32,0.0001,1,64,1,0.2,lr1e-04_bs32_modL1_fusion64_fusionL1_drop0p2_trmiss50_trlocradio,28,0.4145250121752421,0.6746056973934174,0.6134453781512605,0.7449663565202626,0.5777777777777777,0.0,0.0,0.0,0.0,0.0,0.0,0.0,0.0,0.0,2002,radio,0.5
4,2,lr1e-04_bs32_modL1_fusion64_fusionL1_drop0p2_trmiss50_trlocradio,32,0.0001,1,64,1,0.2,lr1e-04_bs32_modL1_fusion64_fusionL1_drop0p2_trmiss50_trlocradio,29,0.4173066218694051,0.6785940825939178,0.5945378151260505,0.7349650640842608,0.5333333333333333,0.0,0.0,0.0,0.0,0.0,0.0,0.0,0.0,0.0,2002,radio,0.5
4,2,lr1e-04_bs32_modL1_fusion64_fusionL1_drop0p2_trmiss50_trlocradio,32,0.0001,1,64,1,0.2,lr1e-04_bs32_modL1_fusion64_fusionL1_drop0p2_trmiss50_trlocradio,30,0.4148324678341548,0.6800272464752197,0.5861344537815126,0.7316988267761618,0.5555555555555556,0.0,0.0,0.0,0.0,0.0,0.0,0.0,0.0,0.0,2002,radio,0.5
4,2,lr1e-04_bs32_modL1_fusion64_fusionL1_drop0p2_trmiss50_trlocradio,32,0.0001,1,64,1,0.2,lr1e-04_bs32_modL1_fusion64_fusionL1_drop0p2_trmiss50_trlocradio,31,0.408762921889623,0.6819041669368744,0.5945378151260504,0.7358265213621141,0.5555555555555556,0.0,0.0,0.0,0.0,0.0,0.0,0.0,0.0,0.0,2002,radio,0.5
4,2,lr1e-04_bs32_modL1_fusion64_fusionL1_drop0p2_trmiss50_trlocradio,32,0.0001,1,64,1,0.2,lr1e-04_bs32_modL1_fusion64_fusionL1_drop0p2_trmiss50_trlocradio,32,0.3966684738794963,0.680465817451477,0.6029411764705883,0.7396569209123406,0.5555555555555556,0.0,0.0,0.0,0.0,0.0,0.0,0.0,0.0,0.0,2002,radio,0.5
4,2,lr1e-04_bs32_modL1_fusion64_fusionL1_drop0p2_trmiss50_trlocradio,32,0.0001,1,64,1,0.2,lr1e-04_bs32_modL1_fusion64_fusionL1_drop0p2_trmiss50_trlocradio,33,0.3964330852031708,0.6828068494796753,0.5840336134453782,0.7302513473211636,0.5333333333333333,0.0,0.0,0.0,0.0,0.0,0.0,0.0,0.0,0.0,2002,radio,0.5
4,2,lr1e-04_bs32_modL1_fusion64_fusionL1_drop0p2_trmiss50_trlocradio,32,0.0001,1,64,1,0.2,lr1e-04_bs32_modL1_fusion64_fusionL1_drop0p2_trmiss50_trlocradio,34,0.389926940202713,0.6818056702613831,0.5861344537815126,0.7302413156291043,0.5333333333333333,0.0,0.0,0.0,0.0,0.0,0.0,0.0,0.0,0.0,2002,radio,0.5
4,2,lr1e-04_bs32_modL1_fusion64_fusionL1_drop0p2_trmiss50_trlocradio,32,0.0001,1,64,1,0.2,lr1e-04_bs32_modL1_fusion64_fusionL1_drop0p2_trmiss50_trlocradio,35,0.4096999764442444,0.6816232800483704,0.5945378151260504,0.7352435765445939,0.5333333333333333,0.0,0.0,0.0,0.0,0.0,0.0,0.0,0.0,0.0,2002,radio,0.5
4,2,lr1e-04_bs32_modL1_fusion64_fusionL1_drop0p2_trmiss50_trlocradio,32,0.0001,1,64,1,0.2,lr1e-04_bs32_modL1_fusion64_fusionL1_drop0p2_trmiss50_trlocradio,36,0.3952530175447464,0.6810176372528076,0.5945378151260504,0.7349204472928932,0.5555555555555556,0.0,0.0,0.0,0.0,0.0,0.0,0.0,0.0,0.0,2002,radio,0.5
4,2,lr1e-04_bs32_modL1_fusion64_fusionL1_drop0p2_trmiss50_trlocradio,32,0.0001,1,64,1,0.2,lr1e-04_bs32_modL1_fusion64_fusionL1_drop0p2_trmiss50_trlocradio,37,0.3883322129646937,0.6809977293014526,0.6050420168067226,0.7448583819229461,0.5555555555555556,0.0,0.0,0.0,0.0,0.0,0.0,0.0,0.0,0.0,2002,radio,0.5
4,2,lr1e-04_bs32_modL1_fusion64_fusionL1_drop0p2_trmiss50_trlocradio,32,0.0001,1,64,1,0.2,lr1e-04_bs32_modL1_fusion64_fusionL1_drop0p2_trmiss50_trlocradio,38,0.3906097610791524,0.683976411819458,0.5987394957983193,0.7389484605994909,0.5555555555555556,0.0,0.0,0.0,0.0,0.0,0.0,0.0,0.0,0.0,2002,radio,0.5
4,2,lr1e-04_bs32_modL1_fusion64_fusionL1_drop0p2_trmiss50_trlocradio,32,0.0001,1,64,1,0.2,lr1e-04_bs32_modL1_fusion64_fusionL1_drop0p2_trmiss50_trlocradio,39,0.39190348486105603,0.6807298362255096,0.5987394957983193,0.7379753839685196,0.5333333333333333,0.0,0.0,0.0,0.0,0.0,0.0,0.0,0.0,0.0,2002,radio,0.5
4,2,lr1e-04_bs32_modL1_fusion64_fusionL1_drop0p1_trmiss50_trlocradio,32,0.0001,1,64,1,0.1,lr1e-04_bs32_modL1_fusion64_fusionL1_drop0p1_trmiss50_trlocradio,1,0.7093441883722941,0.6772537231445312,0.6281512605042017,0.7732784100062448,0.6444444444444445,0.0,0.0,0.0,0.0,0.0,0.0,0.0,0.0,0.0,2002,radio,0.5
4,2,lr1e-04_bs32_modL1_fusion64_fusionL1_drop0p1_trmiss50_trlocradio,32,0.0001,1,64,1,0.1,lr1e-04_bs32_modL1_fusion64_fusionL1_drop0p1_trmiss50_trlocradio,2,0.6495602031548818,0.6704731285572052,0.6722689075630252,0.7929774062458077,0.6222222222222222,0.0,0.0,0.0,0.0,0.0,0.0,0.0,0.0,0.0,2002,radio,0.5
4,2,lr1e-04_bs32_modL1_fusion64_fusionL1_drop0p1_trmiss50_trlocradio,32,0.0001,1,64,1,0.1,lr1e-04_bs32_modL1_fusion64_fusionL1_drop0p1_trmiss50_trlocradio,3,0.6271501779556274,0.6617726981639862,0.6995798319327731,0.8114721129917247,0.6222222222222222,0.0,0.0,0.0,0.0,0.0,0.0,0.0,0.0,0.0,2002,radio,0.5
4,2,lr1e-04_bs32_modL1_fusion64_fusionL1_drop0p1_trmiss50_trlocradio,32,0.0001,1,64,1,0.1,lr1e-04_bs32_modL1_fusion64_fusionL1_drop0p1_trmiss50_trlocradio,4,0.5857574144999186,0.656592071056366,0.7016806722689076,0.8102912292434186,0.6222222222222222,0.0,0.0,0.0,0.0,0.0,0.0,0.0,0.0,0.0,2002,radio,0.5
4,2,lr1e-04_bs32_modL1_fusion64_fusionL1_drop0p1_trmiss50_trlocradio,32,0.0001,1,64,1,0.1,lr1e-04_bs32_modL1_fusion64_fusionL1_drop0p1_trmiss50_trlocradio,5,0.5597100655237833,0.6568005681037903,0.6533613445378152,0.7898030178257022,0.6222222222222222,0.0,0.0,0.0,0.0,0.0,0.0,0.0,0.0,0.0,2002,radio,0.5
4,2,lr1e-04_bs32_modL1_fusion64_fusionL1_drop0p1_trmiss50_trlocradio,32,0.0001,1,64,1,0.1,lr1e-04_bs32_modL1_fusion64_fusionL1_drop0p1_trmiss50_trlocradio,6,0.565080444018046,0.6594679057598114,0.6470588235294118,0.7630532197305098,0.6444444444444445,0.0,0.0,0.0,0.0,0.0,0.0,0.0,0.0,0.0,2002,radio,0.5
4,2,lr1e-04_bs32_modL1_fusion64_fusionL1_drop0p1_trmiss50_trlocradio,32,0.0001,1,64,1,0.1,lr1e-04_bs32_modL1_fusion64_fusionL1_drop0p1_trmiss50_trlocradio,7,0.549086312452952,0.6587712466716766,0.6533613445378151,0.7578895268750309,0.6444444444444445,0.0,0.0,0.0,0.0,0.0,0.0,0.0,0.0,0.0,2002,radio,0.5
4,2,lr1e-04_bs32_modL1_fusion64_fusionL1_drop0p1_trmiss50_trlocradio,32,0.0001,1,64,1,0.1,lr1e-04_bs32_modL1_fusion64_fusionL1_drop0p1_trmiss50_trlocradio,8,0.5263142883777618,0.6572953462600708,0.6491596638655461,0.7567198299422041,0.6444444444444445,0.0,0.0,0.0,0.0,0.0,0.0,0.0,0.0,0.0,2002,radio,0.5
4,2,lr1e-04_bs32_modL1_fusion64_fusionL1_drop0p1_trmiss50_trlocradio,32,0.0001,1,64,1,0.1,lr1e-04_bs32_modL1_fusion64_fusionL1_drop0p1_trmiss50_trlocradio,9,0.4927389125029246,0.6629603207111359,0.6449579831932775,0.7323794689810051,0.6444444444444445,0.0,0.0,0.0,0.0,0.0,0.0,0.0,0.0,0.0,2002,radio,0.5
4,2,lr1e-04_bs32_modL1_fusion64_fusionL1_drop0p1_trmiss50_trlocradio,32,0.0001,1,64,1,0.1,lr1e-04_bs32_modL1_fusion64_fusionL1_drop0p1_trmiss50_trlocradio,10,0.4767111490170161,0.6631048023700714,0.6260504201680672,0.7133681288290303,0.6222222222222222,0.0,0.0,0.0,0.0,0.0,0.0,0.0,0.0,0.0,2002,radio,0.5
4,2,lr1e-04_bs32_modL1_fusion64_fusionL1_drop0p1_trmiss50_trlocradio,32,0.0001,1,64,1,0.1,lr1e-04_bs32_modL1_fusion64_fusionL1_drop0p1_trmiss50_trlocradio,11,0.4708532392978668,0.6647752225399017,0.6302521008403361,0.7295777081185351,0.6444444444444445,0.0,0.0,0.0,0.0,0.0,0.0,0.0,0.0,0.0,2002,radio,0.5
4,2,lr1e-04_bs32_modL1_fusion64_fusionL1_drop0p1_trmiss50_trlocradio,32,0.0001,1,64,1,0.1,lr1e-04_bs32_modL1_fusion64_fusionL1_drop0p1_trmiss50_trlocradio,12,0.45812774697939557,0.667098343372345,0.6281512605042017,0.7464425856556092,0.6444444444444445,0.0,0.0,0.0,0.0,0.0,0.0,0.0,0.0,0.0,2002,radio,0.5
4,2,lr1e-04_bs32_modL1_fusion64_fusionL1_drop0p1_trmiss50_trlocradio,32,0.0001,1,64,1,0.1,lr1e-04_bs32_modL1_fusion64_fusionL1_drop0p1_trmiss50_trlocradio,13,0.44946574171384174,0.667779415845871,0.6113445378151261,0.7385304023257362,0.6444444444444445,0.0,0.0,0.0,0.0,0.0,0.0,0.0,0.0,0.0,2002,radio,0.5
4,2,lr1e-04_bs32_modL1_fusion64_fusionL1_drop0p1_trmiss50_trlocradio,32,0.0001,1,64,1,0.1,lr1e-04_bs32_modL1_fusion64_fusionL1_drop0p1_trmiss50_trlocradio,14,0.4626110295454661,0.6678130626678467,0.6113445378151261,0.7342482102332906,0.6222222222222222,0.0,0.0,0.0,0.0,0.0,0.0,0.0,0.0,0.0,2002,radio,0.5
4,2,lr1e-04_bs32_modL1_fusion64_fusionL1_drop0p1_trmiss50_trlocradio,32,0.0001,1,64,1,0.1,lr1e-04_bs32_modL1_fusion64_fusionL1_drop0p1_trmiss50_trlocradio,15,0.4322241246700287,0.6682643294334412,0.6071428571428572,0.7324303672217226,0.6,0.0,0.0,0.0,0.0,0.0,0.0,0.0,0.0,0.0,2002,radio,0.5
4,2,lr1e-04_bs32_modL1_fusion64_fusionL1_drop0p1_trmiss50_trlocradio,32,0.0001,1,64,1,0.1,lr1e-04_bs32_modL1_fusion64_fusionL1_drop0p1_trmiss50_trlocradio,16,0.4297225922346115,0.6705617308616638,0.6008403361344538,0.7423666629112579,0.6,0.0,0.0,0.0,0.0,0.0,0.0,0.0,0.0,0.0,2002,radio,0.5
4,2,lr1e-04_bs32_modL1_fusion64_fusionL1_drop0p1_trmiss50_trlocradio,32,0.0001,1,64,1,0.1,lr1e-04_bs32_modL1_fusion64_fusionL1_drop0p1_trmiss50_trlocradio,17,0.4195291002591451,0.6718313694000244,0.6071428571428571,0.7468143205168101,0.6222222222222222,0.0,0.0,0.0,0.0,0.0,0.0,0.0,0.0,0.0,2002,radio,0.5
4,2,lr1e-04_bs32_modL1_fusion64_fusionL1_drop0p1_trmiss50_trlocradio,32,0.0001,1,64,1,0.1,lr1e-04_bs32_modL1_fusion64_fusionL1_drop0p1_trmiss50_trlocradio,18,0.4229215979576111,0.6719364821910858,0.5966386554621849,0.7305715734179706,0.6222222222222222,0.0,0.0,0.0,0.0,0.0,0.0,0.0,0.0,0.0,2002,radio,0.5
4,2,lr1e-04_bs32_modL1_fusion64_fusionL1_drop0p1_trmiss50_trlocradio,32,0.0001,1,64,1,0.1,lr1e-04_bs32_modL1_fusion64_fusionL1_drop0p1_trmiss50_trlocradio,19,0.4343341588973999,0.6754469275474548,0.5987394957983193,0.7302277373808335,0.6222222222222222,0.0,0.0,0.0,0.0,0.0,0.0,0.0,0.0,0.0,2002,radio,0.5
4,2,lr1e-04_bs32_modL1_fusion64_fusionL1_drop0p1_trmiss50_trlocradio,32,0.0001,1,64,1,0.1,lr1e-04_bs32_modL1_fusion64_fusionL1_drop0p1_trmiss50_trlocradio,20,0.4038222481807073,0.6739964485168457,0.5966386554621849,0.7225380513274772,0.6222222222222222,0.0,0.0,0.0,0.0,0.0,0.0,0.0,0.0,0.0,2002,radio,0.5
4,2,lr1e-04_bs32_modL1_fusion64_fusionL1_drop0p1_trmiss50_trlocradio,32,0.0001,1,64,1,0.1,lr1e-04_bs32_modL1_fusion64_fusionL1_drop0p1_trmiss50_trlocradio,21,0.4045712997515996,0.6748228669166565,0.5966386554621849,0.7285410451600856,0.6222222222222222,0.0,0.0,0.0,0.0,0.0,0.0,0.0,0.0,0.0,2002,radio,0.5
4,2,lr1e-04_bs32_modL1_fusion64_fusionL1_drop0p1_trmiss50_trlocradio,32,0.0001,1,64,1,0.1,lr1e-04_bs32_modL1_fusion64_fusionL1_drop0p1_trmiss50_trlocradio,22,0.4130026598771413,0.6755818724632263,0.5882352941176471,0.7246366361742689,0.6222222222222222,0.0,0.0,0.0,0.0,0.0,0.0,0.0,0.0,0.0,2002,radio,0.5
4,2,lr1e-04_bs32_modL1_fusion64_fusionL1_drop0p1_trmiss50_trlocradio,32,0.0001,1,64,1,0.1,lr1e-04_bs32_modL1_fusion64_fusionL1_drop0p1_trmiss50_trlocradio,23,0.39319847027460736,0.6748659312725067,0.5945378151260504,0.728839084697538,0.6,0.0,0.0,0.0,0.0,0.0,0.0,0.0,0.0,0.0,2002,radio,0.5
4,2,lr1e-04_bs32_modL1_fusion64_fusionL1_drop0p1_trmiss50_trlocradio,32,0.0001,1,64,1,0.1,lr1e-04_bs32_modL1_fusion64_fusionL1_drop0p1_trmiss50_trlocradio,24,0.3935660769542058,0.6725232899188995,0.592436974789916,0.7280432872962562,0.6,0.0,0.0,0.0,0.0,0.0,0.0,0.0,0.0,0.0,2002,radio,0.5
4,2,lr1e-04_bs32_modL1_fusion64_fusionL1_drop0p1_trmiss50_trlocradio,32,0.0001,1,64,1,0.1,lr1e-04_bs32_modL1_fusion64_fusionL1_drop0p1_trmiss50_trlocradio,25,0.3930586924155553,0.6714758276939392,0.5945378151260504,0.7221183684311285,0.6,0.0,0.0,0.0,0.0,0.0,0.0,0.0,0.0,0.0,2002,radio,0.5
4,3,lr5e-05_bs16_modL1_fusion32_fusionL1_drop0p2_trmiss50_trlocradio,16,5e-05,1,32,1,0.2,lr5e-05_bs16_modL1_fusion32_fusionL1_drop0p2_trmiss50_trlocradio,1,0.7097843637069067,0.6811784307161967,0.6314655172413792,0.7707376483033275,0.6,0.0,0.0,0.0,0.0,0.0,0.0,0.0,0.0,0.0,2002,radio,0.5
4,3,lr5e-05_bs16_modL1_fusion32_fusionL1_drop0p2_trmiss50_trlocradio,16,5e-05,1,32,1,0.2,lr5e-05_bs16_modL1_fusion32_fusionL1_drop0p2_trmiss50_trlocradio,2,0.6774173726638159,0.6913960973421732,0.6077586206896552,0.778236403187026,0.5111111111111111,0.0,0.0,0.0,0.0,0.0,0.0,0.0,0.0,0.0,2002,radio,0.5
4,3,lr5e-05_bs16_modL1_fusion32_fusionL1_drop0p2_trmiss50_trlocradio,16,5e-05,1,32,1,0.2,lr5e-05_bs16_modL1_fusion32_fusionL1_drop0p2_trmiss50_trlocradio,3,0.6565525084733963,0.6921219229698181,0.5883620689655172,0.7645538784795854,0.5333333333333333,0.0,0.0,0.0,0.0,0.0,0.0,0.0,0.0,0.0,2002,radio,0.5
4,3,lr5e-05_bs16_modL1_fusion32_fusionL1_drop0p2_trmiss50_trlocradio,16,5e-05,1,32,1,0.2,lr5e-05_bs16_modL1_fusion32_fusionL1_drop0p2_trmiss50_trlocradio,4,0.655662993590037,0.6808088024457296,0.6056034482758621,0.7691376999423559,0.5333333333333333,0.0,0.0,0.0,0.0,0.0,0.0,0.0,0.0,0.0,2002,radio,0.5
4,3,lr5e-05_bs16_modL1_fusion32_fusionL1_drop0p2_trmiss50_trlocradio,16,5e-05,1,32,1,0.2,lr5e-05_bs16_modL1_fusion32_fusionL1_drop0p2_trmiss50_trlocradio,5,0.6194004813830057,0.6876995166142782,0.5969827586206897,0.7717369929611414,0.5333333333333333,0.0,0.0,0.0,0.0,0.0,0.0,0.0,0.0,0.0,2002,radio,0.5
4,3,lr5e-05_bs16_modL1_fusion32_fusionL1_drop0p2_trmiss50_trlocradio,16,5e-05,1,32,1,0.2,lr5e-05_bs16_modL1_fusion32_fusionL1_drop0p2_trmiss50_trlocradio,6,0.636806940038999,0.6833621462186178,0.5926724137931035,0.764114237226417,0.5333333333333333,0.0,0.0,0.0,0.0,0.0,0.0,0.0,0.0,0.0,2002,radio,0.5
4,3,lr5e-05_bs16_modL1_fusion32_fusionL1_drop0p2_trmiss50_trlocradio,16,5e-05,1,32,1,0.2,lr5e-05_bs16_modL1_fusion32_fusionL1_drop0p2_trmiss50_trlocradio,7,0.6158928622802099,0.675620436668396,0.6077586206896551,0.7745012302777755,0.5777777777777777,0.0,0.0,0.0,0.0,0.0,0.0,0.0,0.0,0.0,2002,radio,0.5
4,3,lr5e-05_bs16_modL1_fusion32_fusionL1_drop0p2_trmiss50_trlocradio,16,5e-05,1,32,1,0.2,lr5e-05_bs16_modL1_fusion32_fusionL1_drop0p2_trmiss50_trlocradio,8,0.6097460389137268,0.6729292670885721,0.6443965517241379,0.8168619907963297,0.5555555555555556,0.0,0.0,0.0,0.0,0.0,0.0,0.0,0.0,0.0,2002,radio,0.5
4,3,lr5e-05_bs16_modL1_fusion32_fusionL1_drop0p2_trmiss50_trlocradio,16,5e-05,1,32,1,0.2,lr5e-05_bs16_modL1_fusion32_fusionL1_drop0p2_trmiss50_trlocradio,9,0.5982848753531774,0.678839365641276,0.6185344827586207,0.7726239977796653,0.6222222222222222,0.0,0.0,0.0,0.0,0.0,0.0,0.0,0.0,0.0,2002,radio,0.5
4,3,lr5e-05_bs16_modL1_fusion32_fusionL1_drop0p2_trmiss50_trlocradio,16,5e-05,1,32,1,0.2,lr5e-05_bs16_modL1_fusion32_fusionL1_drop0p2_trmiss50_trlocradio,10,0.6054248114426931,0.6837308804194132,0.6163793103448276,0.7677163864556044,0.6222222222222222,0.0,0.0,0.0,0.0,0.0,0.0,0.0,0.0,0.0,2002,radio,0.5
4,3,lr5e-05_bs16_modL1_fusion32_fusionL1_drop0p2_trmiss50_trlocradio,16,5e-05,1,32,1,0.2,lr5e-05_bs16_modL1_fusion32_fusionL1_drop0p2_trmiss50_trlocradio,11,0.5866343379020691,0.6783177057902018,0.6314655172413792,0.7865175563424778,0.6444444444444445,0.0,0.0,0.0,0.0,0.0,0.0,0.0,0.0,0.0,2002,radio,0.5
4,3,lr5e-05_bs16_modL1_fusion32_fusionL1_drop0p2_trmiss50_trlocradio,16,5e-05,1,32,1,0.2,lr5e-05_bs16_modL1_fusion32_fusionL1_drop0p2_trmiss50_trlocradio,12,0.5772185971339544,0.6739373405774435,0.6400862068965517,0.793290331591517,0.6444444444444445,0.0,0.0,0.0,0.0,0.0,0.0,0.0,0.0,0.0,2002,radio,0.5
4,3,lr5e-05_bs16_modL1_fusion32_fusionL1_drop0p2_trmiss50_trlocradio,16,5e-05,1,32,1,0.2,lr5e-05_bs16_modL1_fusion32_fusionL1_drop0p2_trmiss50_trlocradio,13,0.5770536512136459,0.6622044841448466,0.6530172413793104,0.7887763195874695,0.6444444444444445,0.0,0.0,0.0,0.0,0.0,0.0,0.0,0.0,0.0,2002,radio,0.5
4,3,lr5e-05_bs16_modL1_fusion32_fusionL1_drop0p2_trmiss50_trlocradio,16,5e-05,1,32,1,0.2,lr5e-05_bs16_modL1_fusion32_fusionL1_drop0p2_trmiss50_trlocradio,14,0.5706892510255178,0.6725526452064514,0.6163793103448276,0.7751542253136094,0.5555555555555556,0.0,0.0,0.0,0.0,0.0,0.0,0.0,0.0,0.0,2002,radio,0.5
4,3,lr5e-05_bs16_modL1_fusion32_fusionL1_drop0p2_trmiss50_trlocradio,16,5e-05,1,32,1,0.2,lr5e-05_bs16_modL1_fusion32_fusionL1_drop0p2_trmiss50_trlocradio,15,0.5590919132033983,0.6880231499671936,0.5711206896551724,0.7386858463407644,0.6222222222222222,0.0,0.0,0.0,0.0,0.0,0.0,0.0,0.0,0.0,2002,radio,0.5
4,3,lr5e-05_bs16_modL1_fusion32_fusionL1_drop0p2_trmiss50_trlocradio,16,5e-05,1,32,1,0.2,lr5e-05_bs16_modL1_fusion32_fusionL1_drop0p2_trmiss50_trlocradio,16,0.5540650263428688,0.6928696632385254,0.5754310344827587,0.7526761323128641,0.6,0.0,0.0,0.0,0.0,0.0,0.0,0.0,0.0,0.0,2002,radio,0.5
4,3,lr5e-05_bs16_modL1_fusion32_fusionL1_drop0p2_trmiss50_trlocradio,16,5e-05,1,32,1,0.2,lr5e-05_bs16_modL1_fusion32_fusionL1_drop0p2_trmiss50_trlocradio,17,0.5426188856363297,0.6839915712674459,0.5862068965517241,0.7513077664446691,0.6,0.0,0.0,0.0,0.0,0.0,0.0,0.0,0.0,0.0,2002,radio,0.5
4,3,lr5e-05_bs16_modL1_fusion32_fusionL1_drop0p2_trmiss50_trlocradio,16,5e-05,1,32,1,0.2,lr5e-05_bs16_modL1_fusion32_fusionL1_drop0p2_trmiss50_trlocradio,18,0.5509361699223518,0.6745885411898295,0.6056034482758621,0.7647802019629729,0.6222222222222222,0.0,0.0,0.0,0.0,0.0,0.0,0.0,0.0,0.0,2002,radio,0.5
4,3,lr5e-05_bs16_modL1_fusion32_fusionL1_drop0p2_trmiss50_trlocradio,16,5e-05,1,32,1,0.2,lr5e-05_bs16_modL1_fusion32_fusionL1_drop0p2_trmiss50_trlocradio,19,0.5458606506387392,0.6672099431355795,0.6163793103448276,0.772203138196286,0.6222222222222222,0.0,0.0,0.0,0.0,0.0,0.0,0.0,0.0,0.0,2002,radio,0.5
4,3,lr5e-05_bs16_modL1_fusion32_fusionL1_drop0p2_trmiss50_trlocradio,16,5e-05,1,32,1,0.2,lr5e-05_bs16_modL1_fusion32_fusionL1_drop0p2_trmiss50_trlocradio,20,0.5540513396263123,0.6728422443072001,0.5926724137931034,0.7516136242172446,0.6222222222222222,0.0,0.0,0.0,0.0,0.0,0.0,0.0,0.0,0.0,2002,radio,0.5
4,3,lr5e-05_bs16_modL1_fusion32_fusionL1_drop0p2_trmiss50_trlocradio,16,5e-05,1,32,1,0.2,lr5e-05_bs16_modL1_fusion32_fusionL1_drop0p2_trmiss50_trlocradio,21,0.5240067541599274,0.6793161034584045,0.5840517241379309,0.7533820388935866,0.6222222222222222,0.0,0.0,0.0,0.0,0.0,0.0,0.0,0.0,0.0,2002,radio,0.5
4,3,lr5e-05_bs16_modL1_fusion32_fusionL1_drop0p2_trmiss50_trlocradio,16,5e-05,1,32,1,0.2,lr5e-05_bs16_modL1_fusion32_fusionL1_drop0p2_trmiss50_trlocradio,22,0.5295315980911255,0.6878666679064432,0.5905172413793103,0.7529592380575851,0.5777777777777777,0.0,0.0,0.0,0.0,0.0,0.0,0.0,0.0,0.0,2002,radio,0.5
4,3,lr5e-05_bs16_modL1_fusion32_fusionL1_drop0p2_trmiss50_trlocradio,16,5e-05,1,32,1,0.2,lr5e-05_bs16_modL1_fusion32_fusionL1_drop0p2_trmiss50_trlocradio,23,0.5094906315207481,0.6931747595469157,0.5883620689655171,0.7514491224047128,0.5777777777777777,0.0,0.0,0.0,0.0,0.0,0.0,0.0,0.0,0.0,2002,radio,0.5
4,3,lr5e-05_bs16_modL1_fusion32_fusionL1_drop0p2_trmiss50_trlocradio,16,5e-05,1,32,1,0.2,lr5e-05_bs16_modL1_fusion32_fusionL1_drop0p2_trmiss50_trlocradio,24,0.5135274653633436,0.6815566023190817,0.5926724137931034,0.7535516274610718,0.6,0.0,0.0,0.0,0.0,0.0,0.0,0.0,0.0,0.0,2002,radio,0.5
4,3,lr5e-05_bs16_modL1_fusion32_fusionL1_drop0p2_trmiss50_trlocradio,16,5e-05,1,32,1,0.2,lr5e-05_bs16_modL1_fusion32_fusionL1_drop0p2_trmiss50_trlocradio,25,0.49406255781650543,0.6859124700228373,0.5926724137931034,0.7511082591274135,0.6222222222222222,0.0,0.0,0.0,0.0,0.0,0.0,0.0,0.0,0.0,2002,radio,0.5
4,3,lr5e-05_bs16_modL1_fusion32_fusionL1_drop0p2_trmiss50_trlocradio,16,5e-05,1,32,1,0.2,lr5e-05_bs16_modL1_fusion32_fusionL1_drop0p2_trmiss50_trlocradio,26,0.5235728869835535,0.6861964464187622,0.5862068965517241,0.7547864661745167,0.6,0.0,0.0,0.0,0.0,0.0,0.0,0.0,0.0,0.0,2002,radio,0.5
4,3,lr5e-05_bs16_modL1_fusion32_fusionL1_drop0p2_trmiss50_trlocradio,16,5e-05,1,32,1,0.2,lr5e-05_bs16_modL1_fusion32_fusionL1_drop0p2_trmiss50_trlocradio,27,0.5165858566761017,0.6834839185078939,0.607758620689655,0.7661906541143555,0.5777777777777777,0.0,0.0,0.0,0.0,0.0,0.0,0.0,0.0,0.0,2002,radio,0.5
4,3,lr5e-05_bs16_modL1_fusion32_fusionL1_drop0p2_trmiss50_trlocradio,16,5e-05,1,32,1,0.2,lr5e-05_bs16_modL1_fusion32_fusionL1_drop0p2_trmiss50_trlocradio,28,0.49132630228996277,0.6846760312716166,0.6012931034482759,0.7607787461282625,0.6,0.0,0.0,0.0,0.0,0.0,0.0,0.0,0.0,0.0,2002,radio,0.5
4,3,lr5e-05_bs16_modL1_fusion32_fusionL1_drop0p2_trmiss50_trlocradio,16,5e-05,1,32,1,0.2,lr5e-05_bs16_modL1_fusion32_fusionL1_drop0p2_trmiss50_trlocradio,29,0.518432728946209,0.692412257194519,0.5926724137931034,0.7553945971842757,0.6,0.0,0.0,0.0,0.0,0.0,0.0,0.0,0.0,0.0,2002,radio,0.5
4,3,lr5e-05_bs16_modL1_fusion32_fusionL1_drop0p2_trmiss50_trlocradio,16,5e-05,1,32,1,0.2,lr5e-05_bs16_modL1_fusion32_fusionL1_drop0p2_trmiss50_trlocradio,30,0.5146019260088602,0.6838318506876627,0.5883620689655172,0.7462308982435937,0.6222222222222222,0.0,0.0,0.0,0.0,0.0,0.0,0.0,0.0,0.0,2002,radio,0.5
4,3,lr5e-05_bs16_modL1_fusion32_fusionL1_drop0p2_trmiss50_trlocradio,16,5e-05,1,32,1,0.2,lr5e-05_bs16_modL1_fusion32_fusionL1_drop0p2_trmiss50_trlocradio,31,0.5040179764231046,0.6921049356460571,0.584051724137931,0.7478281363927533,0.5777777777777777,0.0,0.0,0.0,0.0,0.0,0.0,0.0,0.0,0.0,2002,radio,0.5
4,3,lr5e-05_bs16_modL1_fusion32_fusionL1_drop0p2_trmiss50_trlocradio,16,5e-05,1,32,1,0.2,lr5e-05_bs16_modL1_fusion32_fusionL1_drop0p2_trmiss50_trlocradio,32,0.5216215625405312,0.6718262831370035,0.6012931034482758,0.7475160559571703,0.6222222222222222,0.0,0.0,0.0,0.0,0.0,0.0,0.0,0.0,0.0,2002,radio,0.5
4,3,lr5e-05_bs16_modL1_fusion32_fusionL1_drop0p2_trmiss50_trlocradio,16,5e-05,1,32,1,0.2,lr5e-05_bs16_modL1_fusion32_fusionL1_drop0p2_trmiss50_trlocradio,33,0.5000101625919342,0.6755349040031433,0.5926724137931034,0.7437689219936969,0.6,0.0,0.0,0.0,0.0,0.0,0.0,0.0,0.0,0.0,2002,radio,0.5
4,3,lr5e-05_bs16_modL1_fusion32_fusionL1_drop0p1_trmiss50_trlocradio,16,5e-05,1,32,1,0.1,lr5e-05_bs16_modL1_fusion32_fusionL1_drop0p1_trmiss50_trlocradio,1,0.6641584436098734,0.6845635374387106,0.47198275862068967,0.6211747498919977,0.5777777777777777,0.0,0.0,0.0,0.0,0.0,0.0,0.0,0.0,0.0,2002,radio,0.5
4,3,lr5e-05_bs16_modL1_fusion32_fusionL1_drop0p1_trmiss50_trlocradio,16,5e-05,1,32,1,0.1,lr5e-05_bs16_modL1_fusion32_fusionL1_drop0p1_trmiss50_trlocradio,2,0.6665946592887243,0.6840052405993143,0.4698275862068966,0.645202153104833,0.5777777777777777,0.0,0.0,0.0,0.0,0.0,0.0,0.0,0.0,0.0,2002,radio,0.5
4,3,lr5e-05_bs16_modL1_fusion32_fusionL1_drop0p1_trmiss50_trlocradio,16,5e-05,1,32,1,0.1,lr5e-05_bs16_modL1_fusion32_fusionL1_drop0p1_trmiss50_trlocradio,3,0.6273600409428278,0.6939064661661783,0.478448275862069,0.6643895993083542,0.5555555555555556,0.0,0.0,0.0,0.0,0.0,0.0,0.0,0.0,0.0,2002,radio,0.5
4,3,lr5e-05_bs16_modL1_fusion32_fusionL1_drop0p1_trmiss50_trlocradio,16,5e-05,1,32,1,0.1,lr5e-05_bs16_modL1_fusion32_fusionL1_drop0p1_trmiss50_trlocradio,4,0.6235704819361368,0.7010289231936137,0.4633620689655173,0.6528036134667049,0.5111111111111111,0.0,0.0,0.0,0.0,0.0,0.0,0.0,0.0,0.0,2002,radio,0.5
4,3,lr5e-05_bs16_modL1_fusion32_fusionL1_drop0p1_trmiss50_trlocradio,16,5e-05,1,32,1,0.1,lr5e-05_bs16_modL1_fusion32_fusionL1_drop0p1_trmiss50_trlocradio,5,0.6003788858652115,0.7033967971801758,0.4655172413793104,0.6278202582120651,0.5111111111111111,0.0,0.0,0.0,0.0,0.0,0.0,0.0,0.0,0.0,2002,radio,0.5
4,3,lr5e-05_bs16_modL1_fusion32_fusionL1_drop0p1_trmiss50_trlocradio,16,5e-05,1,32,1,0.1,lr5e-05_bs16_modL1_fusion32_fusionL1_drop0p1_trmiss50_trlocradio,6,0.5928188016017278,0.6980688571929932,0.4633620689655173,0.6538574428653321,0.5333333333333333,0.0,0.0,0.0,0.0,0.0,0.0,0.0,0.0,0.0,2002,radio,0.5
4,3,lr5e-05_bs16_modL1_fusion32_fusionL1_drop0p1_trmiss50_trlocradio,16,5e-05,1,32,1,0.1,lr5e-05_bs16_modL1_fusion32_fusionL1_drop0p1_trmiss50_trlocradio,7,0.5950591564178467,0.6988323330879211,0.47198275862068967,0.6416765598827059,0.5333333333333333,0.0,0.0,0.0,0.0,0.0,0.0,0.0,0.0,0.0,2002,radio,0.5
4,3,lr5e-05_bs16_modL1_fusion32_fusionL1_drop0p1_trmiss50_trlocradio,16,5e-05,1,32,1,0.1,lr5e-05_bs16_modL1_fusion32_fusionL1_drop0p1_trmiss50_trlocradio,8,0.5922295451164246,0.6973743836085001,0.49137931034482757,0.6599391187391221,0.5111111111111111,0.0,0.0,0.0,0.0,0.0,0.0,0.0,0.0,0.0,2002,radio,0.5
4,3,lr5e-05_bs16_modL1_fusion32_fusionL1_drop0p1_trmiss50_trlocradio,16,5e-05,1,32,1,0.1,lr5e-05_bs16_modL1_fusion32_fusionL1_drop0p1_trmiss50_trlocradio,9,0.5739177912473679,0.6961786349614462,0.4870689655172414,0.6639120473609943,0.5333333333333333,0.0,0.0,0.0,0.0,0.0,0.0,0.0,0.0,0.0,2002,radio,0.5
4,3,lr5e-05_bs16_modL1_fusion32_fusionL1_drop0p1_trmiss50_trlocradio,16,5e-05,1,32,1,0.1,lr5e-05_bs16_modL1_fusion32_fusionL1_drop0p1_trmiss50_trlocradio,10,0.55412129064401,0.6972936193148295,0.48060344827586204,0.6466670119250596,0.5333333333333333,0.0,0.0,0.0,0.0,0.0,0.0,0.0,0.0,0.0,2002,radio,0.5
4,3,lr5e-05_bs16_modL1_fusion32_fusionL1_drop0p1_trmiss50_trlocradio,16,5e-05,1,32,1,0.1,lr5e-05_bs16_modL1_fusion32_fusionL1_drop0p1_trmiss50_trlocradio,11,0.5589863707621893,0.6993358333905538,0.4676724137931034,0.6349680750138309,0.5111111111111111,0.0,0.0,0.0,0.0,0.0,0.0,0.0,0.0,0.0,2002,radio,0.5
4,3,lr5e-05_bs16_modL1_fusion32_fusionL1_drop0p1_trmiss50_trlocradio,16,5e-05,1,32,1,0.1,lr5e-05_bs16_modL1_fusion32_fusionL1_drop0p1_trmiss50_trlocradio,12,0.5597056249777476,0.690214196840922,0.49353448275862066,0.6754198507718592,0.5333333333333333,0.0,0.0,0.0,0.0,0.0,0.0,0.0,0.0,0.0,2002,radio,0.5
4,3,lr5e-05_bs16_modL1_fusion32_fusionL1_drop0p1_trmiss50_trlocradio,16,5e-05,1,32,1,0.1,lr5e-05_bs16_modL1_fusion32_fusionL1_drop0p1_trmiss50_trlocradio,13,0.5585142324368159,0.688837726910909,0.49568965517241376,0.6694609301611314,0.5111111111111111,0.0,0.0,0.0,0.0,0.0,0.0,0.0,0.0,0.0,2002,radio,0.5
4,3,lr5e-05_bs16_modL1_fusion32_fusionL1_drop0p1_trmiss50_trlocradio,16,5e-05,1,32,1,0.1,lr5e-05_bs16_modL1_fusion32_fusionL1_drop0p1_trmiss50_trlocradio,14,0.56195500989755,0.6939281225204468,0.4978448275862069,0.6699569846130519,0.5555555555555556,0.0,0.0,0.0,0.0,0.0,0.0,0.0,0.0,0.0,2002,radio,0.5
4,3,lr5e-05_bs16_modL1_fusion32_fusionL1_drop0p1_trmiss50_trlocradio,16,5e-05,1,32,1,0.1,lr5e-05_bs16_modL1_fusion32_fusionL1_drop0p1_trmiss50_trlocradio,15,0.5357224494218826,0.6933062076568604,0.47844827586206895,0.6447187336069886,0.5111111111111111,0.0,0.0,0.0,0.0,0.0,0.0,0.0,0.0,0.0,2002,radio,0.5
4,3,lr5e-05_bs16_modL1_fusion32_fusionL1_drop0p1_trmiss50_trlocradio,16,5e-05,1,32,1,0.1,lr5e-05_bs16_modL1_fusion32_fusionL1_drop0p1_trmiss50_trlocradio,16,0.5449485033750534,0.691623310248057,0.4978448275862069,0.6555979075252893,0.5111111111111111,0.0,0.0,0.0,0.0,0.0,0.0,0.0,0.0,0.0,2002,radio,0.5
4,3,lr5e-05_bs16_modL1_fusion32_fusionL1_drop0p1_trmiss50_trlocradio,16,5e-05,1,32,1,0.1,lr5e-05_bs16_modL1_fusion32_fusionL1_drop0p1_trmiss50_trlocradio,17,0.5404369756579399,0.6859496633211771,0.4870689655172414,0.6681130640969387,0.5777777777777777,0.0,0.0,0.0,0.0,0.0,0.0,0.0,0.0,0.0,2002,radio,0.5
4,3,lr5e-05_bs16_modL1_fusion32_fusionL1_drop0p1_trmiss50_trlocradio,16,5e-05,1,32,1,0.1,lr5e-05_bs16_modL1_fusion32_fusionL1_drop0p1_trmiss50_trlocradio,18,0.5363137026627859,0.6937380234400431,0.478448275862069,0.6617329237874776,0.5111111111111111,0.0,0.0,0.0,0.0,0.0,0.0,0.0,0.0,0.0,2002,radio,0.5
4,3,lr5e-05_bs16_modL1_fusion32_fusionL1_drop0p1_trmiss50_trlocradio,16,5e-05,1,32,1,0.1,lr5e-05_bs16_modL1_fusion32_fusionL1_drop0p1_trmiss50_trlocradio,19,0.5229551767309507,0.6897444725036621,0.49137931034482757,0.6675128253375904,0.5333333333333333,0.0,0.0,0.0,0.0,0.0,0.0,0.0,0.0,0.0,2002,radio,0.5
4,3,lr5e-05_bs16_modL1_fusion32_fusionL1_drop0p1_trmiss50_trlocradio,16,5e-05,1,32,1,0.1,lr5e-05_bs16_modL1_fusion32_fusionL1_drop0p1_trmiss50_trlocradio,20,0.5330656170845032,0.6904962857564291,0.5086206896551724,0.6806678401305447,0.5333333333333333,0.0,0.0,0.0,0.0,0.0,0.0,0.0,0.0,0.0,2002,radio,0.5
4,3,lr5e-05_bs16_modL1_fusion32_fusionL1_drop0p1_trmiss50_trlocradio,16,5e-05,1,32,1,0.1,lr5e-05_bs16_modL1_fusion32_fusionL1_drop0p1_trmiss50_trlocradio,21,0.5478299558162689,0.6874240239461263,0.48491379310344823,0.6506711257441051,0.5333333333333333,0.0,0.0,0.0,0.0,0.0,0.0,0.0,0.0,0.0,2002,radio,0.5
4,3,lr5e-05_bs16_modL1_fusion32_fusionL1_drop0p1_trmiss50_trlocradio,16,5e-05,1,32,1,0.1,lr5e-05_bs16_modL1_fusion32_fusionL1_drop0p1_trmiss50_trlocradio,22,0.5161607811848322,0.6910353501637777,0.4741379310344827,0.6621637582324009,0.5333333333333333,0.0,0.0,0.0,0.0,0.0,0.0,0.0,0.0,0.0,2002,radio,0.5
4,3,lr5e-05_bs16_modL1_fusion32_fusionL1_drop0p1_trmiss50_trlocradio,16,5e-05,1,32,1,0.1,lr5e-05_bs16_modL1_fusion32_fusionL1_drop0p1_trmiss50_trlocradio,23,0.5210409685969353,0.6863126357396444,0.48491379310344823,0.666024840335524,0.5111111111111111,0.0,0.0,0.0,0.0,0.0,0.0,0.0,0.0,0.0,2002,radio,0.5
4,3,lr5e-05_bs16_modL1_fusion32_fusionL1_drop0p1_trmiss50_trlocradio,16,5e-05,1,32,1,0.1,lr5e-05_bs16_modL1_fusion32_fusionL1_drop0p1_trmiss50_trlocradio,24,0.5454993372162183,0.6854433616002401,0.5043103448275862,0.6734393399838838,0.5777777777777777,0.0,0.0,0.0,0.0,0.0,0.0,0.0,0.0,0.0,2002,radio,0.5
4,3,lr5e-05_bs16_modL1_fusion32_fusionL1_drop0p1_trmiss50_trlocradio,16,5e-05,1,32,1,0.1,lr5e-05_bs16_modL1_fusion32_fusionL1_drop0p1_trmiss50_trlocradio,25,0.5205951904257139,0.6876666148503622,0.4870689655172414,0.6659283601641843,0.5555555555555556,0.0,0.0,0.0,0.0,0.0,0.0,0.0,0.0,0.0,2002,radio,0.5
4,3,lr5e-05_bs16_modL1_fusion32_fusionL1_drop0p1_trmiss50_trlocradio,16,5e-05,1,32,1,0.1,lr5e-05_bs16_modL1_fusion32_fusionL1_drop0p1_trmiss50_trlocradio,26,0.528506783147653,0.6941249767939249,0.4827586206896552,0.649078364842307,0.5111111111111111,0.0,0.0,0.0,0.0,0.0,0.0,0.0,0.0,0.0,2002,radio,0.5
4,3,lr5e-05_bs16_modL1_fusion32_fusionL1_drop0p1_trmiss50_trlocradio,16,5e-05,1,32,1,0.1,lr5e-05_bs16_modL1_fusion32_fusionL1_drop0p1_trmiss50_trlocradio,27,0.5369520485401154,0.6971397002538046,0.47629310344827586,0.660745541046448,0.4888888888888889,0.0,0.0,0.0,0.0,0.0,0.0,0.0,0.0,0.0,2002,radio,0.5
4,3,lr5e-05_bs16_modL1_fusion32_fusionL1_drop0p1_trmiss50_trlocradio,16,5e-05,1,32,1,0.1,lr5e-05_bs16_modL1_fusion32_fusionL1_drop0p1_trmiss50_trlocradio,28,0.5308038343985876,0.6860379775365194,0.5021551724137931,0.6763568034563713,0.5555555555555556,0.0,0.0,0.0,0.0,0.0,0.0,0.0,0.0,0.0,2002,radio,0.5
4,3,lr5e-05_bs16_modL1_fusion32_fusionL1_drop0p1_trmiss50_trlocradio,16,5e-05,1,32,1,0.1,lr5e-05_bs16_modL1_fusion32_fusionL1_drop0p1_trmiss50_trlocradio,29,0.5244168614347776,0.689171294371287,0.478448275862069,0.6665055345612193,0.5777777777777777,0.0,0.0,0.0,0.0,0.0,0.0,0.0,0.0,0.0,2002,radio,0.5
4,3,lr5e-05_bs16_modL1_fusion32_fusionL1_drop0p1_trmiss50_trlocradio,16,5e-05,1,32,1,0.1,lr5e-05_bs16_modL1_fusion32_fusionL1_drop0p1_trmiss50_trlocradio,30,0.5181386843323708,0.6931974291801453,0.4892241379310345,0.671917936352192,0.5333333333333333,0.0,0.0,0.0,0.0,0.0,0.0,0.0,0.0,0.0,2002,radio,0.5
4,3,lr5e-05_bs16_modL1_fusion32_fusionL1_drop0p1_trmiss50_trlocradio,16,5e-05,1,32,1,0.1,lr5e-05_bs16_modL1_fusion32_fusionL1_drop0p1_trmiss50_trlocradio,31,0.5173386136690775,0.6948007941246033,0.4676724137931035,0.6570782430432396,0.5555555555555556,0.0,0.0,0.0,0.0,0.0,0.0,0.0,0.0,0.0,2002,radio,0.5
4,3,lr5e-05_bs16_modL1_fusion32_fusionL1_drop0p1_trmiss50_trlocradio,16,5e-05,1,32,1,0.1,lr5e-05_bs16_modL1_fusion32_fusionL1_drop0p1_trmiss50_trlocradio,32,0.5152957265575727,0.6905580759048462,0.4978448275862069,0.6763750133937122,0.4888888888888889,0.0,0.0,0.0,0.0,0.0,0.0,0.0,0.0,0.0,2002,radio,0.5
4,3,lr5e-05_bs16_modL1_fusion32_fusionL1_drop0p1_trmiss50_trlocradio,16,5e-05,1,32,1,0.1,lr5e-05_bs16_modL1_fusion32_fusionL1_drop0p1_trmiss50_trlocradio,33,0.5147399231791496,0.6947262088457743,0.4978448275862069,0.6721161973445091,0.5111111111111111,0.0,0.0,0.0,0.0,0.0,0.0,0.0,0.0,0.0,2002,radio,0.5
4,3,lr5e-05_bs16_modL1_fusion32_fusionL1_drop0p1_trmiss50_trlocradio,16,5e-05,1,32,1,0.1,lr5e-05_bs16_modL1_fusion32_fusionL1_drop0p1_trmiss50_trlocradio,34,0.5054004217187563,0.696186363697052,0.49137931034482757,0.6563752299485026,0.5111111111111111,0.0,0.0,0.0,0.0,0.0,0.0,0.0,0.0,0.0,2002,radio,0.5
4,3,lr5e-05_bs16_modL1_fusion32_fusionL1_drop0p1_trmiss50_trlocradio,16,5e-05,1,32,1,0.1,lr5e-05_bs16_modL1_fusion32_fusionL1_drop0p1_trmiss50_trlocradio,35,0.5335595682263374,0.6965740919113159,0.4698275862068966,0.6585209241887843,0.5333333333333333,0.0,0.0,0.0,0.0,0.0,0.0,0.0,0.0,0.0,2002,radio,0.5
4,3,lr5e-05_bs16_modL1_fusion32_fusionL1_drop0p1_trmiss50_trlocradio,16,5e-05,1,32,1,0.1,lr5e-05_bs16_modL1_fusion32_fusionL1_drop0p1_trmiss50_trlocradio,36,0.5142753447095553,0.6923499703407288,0.4849137931034483,0.6508392676465269,0.5555555555555556,0.0,0.0,0.0,0.0,0.0,0.0,0.0,0.0,0.0,2002,radio,0.5
4,3,lr5e-05_bs16_modL1_fusion32_fusionL1_drop0p1_trmiss50_trlocradio,16,5e-05,1,32,1,0.1,lr5e-05_bs16_modL1_fusion32_fusionL1_drop0p1_trmiss50_trlocradio,37,0.5091330433885256,0.6974680423736572,0.49353448275862066,0.6694313977218351,0.4888888888888889,0.0,0.0,0.0,0.0,0.0,0.0,0.0,0.0,0.0,2002,radio,0.5
4,3,lr5e-05_bs16_modL1_fusion32_fusionL1_drop0p1_trmiss50_trlocradio,16,5e-05,1,32,1,0.1,lr5e-05_bs16_modL1_fusion32_fusionL1_drop0p1_trmiss50_trlocradio,38,0.509366956849893,0.6911308368047079,0.47844827586206895,0.6624936908645647,0.5555555555555556,0.0,0.0,0.0,0.0,0.0,0.0,0.0,0.0,0.0,2002,radio,0.5
4,3,lr5e-05_bs16_modL1_fusion32_fusionL1_drop0p1_trmiss50_trlocradio,16,5e-05,1,32,1,0.1,lr5e-05_bs16_modL1_fusion32_fusionL1_drop0p1_trmiss50_trlocradio,39,0.5248827834924062,0.6971974571545919,0.4849137931034483,0.6523392919781587,0.5111111111111111,0.0,0.0,0.0,0.0,0.0,0.0,0.0,0.0,0.0,2002,radio,0.5
4,3,lr5e-05_bs16_modL1_fusion32_fusionL1_drop0p1_trmiss50_trlocradio,16,5e-05,1,32,1,0.1,lr5e-05_bs16_modL1_fusion32_fusionL1_drop0p1_trmiss50_trlocradio,40,0.5215870241324106,0.6916152636210123,0.4935344827586207,0.6697774186301767,0.5111111111111111,0.0,0.0,0.0,0.0,0.0,0.0,0.0,0.0,0.0,2002,radio,0.5
4,3,lr5e-05_bs16_modL1_fusion64_fusionL1_drop0p2_trmiss50_trlocradio,16,5e-05,1,64,1,0.2,lr5e-05_bs16_modL1_fusion64_fusionL1_drop0p2_trmiss50_trlocradio,1,0.7421468198299408,0.7287598252296448,0.5043103448275862,0.6781766932553293,0.4222222222222222,0.0,0.0,0.0,0.0,0.0,0.0,0.0,0.0,0.0,2002,radio,0.5
4,3,lr5e-05_bs16_modL1_fusion64_fusionL1_drop0p2_trmiss50_trlocradio,16,5e-05,1,64,1,0.2,lr5e-05_bs16_modL1_fusion64_fusionL1_drop0p2_trmiss50_trlocradio,2,0.6908041387796402,0.7498586773872375,0.502155172413793,0.6851714041402475,0.4444444444444444,0.0,0.0,0.0,0.0,0.0,0.0,0.0,0.0,0.0,2002,radio,0.5
4,3,lr5e-05_bs16_modL1_fusion64_fusionL1_drop0p2_trmiss50_trlocradio,16,5e-05,1,64,1,0.2,lr5e-05_bs16_modL1_fusion64_fusionL1_drop0p2_trmiss50_trlocradio,3,0.6898658474286398,0.7719749410947164,0.5107758620689655,0.695777388136332,0.4222222222222222,0.0,0.0,0.0,0.0,0.0,0.0,0.0,0.0,0.0,2002,radio,0.5
4,3,lr5e-05_bs16_modL1_fusion64_fusionL1_drop0p2_trmiss50_trlocradio,16,5e-05,1,64,1,0.2,lr5e-05_bs16_modL1_fusion64_fusionL1_drop0p2_trmiss50_trlocradio,4,0.6628459890683492,0.7649282813072205,0.521551724137931,0.7142214564322406,0.4444444444444444,0.0,0.0,0.0,0.0,0.0,0.0,0.0,0.0,0.0,2002,radio,0.5
4,3,lr5e-05_bs16_modL1_fusion64_fusionL1_drop0p2_trmiss50_trlocradio,16,5e-05,1,64,1,0.2,lr5e-05_bs16_modL1_fusion64_fusionL1_drop0p2_trmiss50_trlocradio,5,0.65901318192482,0.7636895577112833,0.502155172413793,0.700601413470385,0.4,0.0,0.0,0.0,0.0,0.0,0.0,0.0,0.0,0.0,2002,radio,0.5
4,3,lr5e-05_bs16_modL1_fusion64_fusionL1_drop0p2_trmiss50_trlocradio,16,5e-05,1,64,1,0.2,lr5e-05_bs16_modL1_fusion64_fusionL1_drop0p2_trmiss50_trlocradio,6,0.6413480987151464,0.7700670758883158,0.5021551724137931,0.6943347774490709,0.4222222222222222,0.0,0.0,0.0,0.0,0.0,0.0,0.0,0.0,0.0,2002,radio,0.5
4,3,lr5e-05_bs16_modL1_fusion64_fusionL1_drop0p2_trmiss50_trlocradio,16,5e-05,1,64,1,0.2,lr5e-05_bs16_modL1_fusion64_fusionL1_drop0p2_trmiss50_trlocradio,7,0.6269691487153372,0.7520425120989481,0.5129310344827587,0.700713154129383,0.4888888888888889,0.0,0.0,0.0,0.0,0.0,0.0,0.0,0.0,0.0,2002,radio,0.5
4,3,lr5e-05_bs16_modL1_fusion64_fusionL1_drop0p2_trmiss50_trlocradio,16,5e-05,1,64,1,0.2,lr5e-05_bs16_modL1_fusion64_fusionL1_drop0p2_trmiss50_trlocradio,8,0.6296734511852264,0.7543695966402689,0.49353448275862066,0.6960641604175366,0.4444444444444444,0.0,0.0,0.0,0.0,0.0,0.0,0.0,0.0,0.0,2002,radio,0.5
4,3,lr5e-05_bs16_modL1_fusion64_fusionL1_drop0p2_trmiss50_trlocradio,16,5e-05,1,64,1,0.2,lr5e-05_bs16_modL1_fusion64_fusionL1_drop0p2_trmiss50_trlocradio,9,0.6101098010937372,0.754691501458486,0.5150862068965517,0.7033155386894934,0.4888888888888889,0.0,0.0,0.0,0.0,0.0,0.0,0.0,0.0,0.0,2002,radio,0.5
4,3,lr5e-05_bs16_modL1_fusion64_fusionL1_drop0p2_trmiss50_trlocradio,16,5e-05,1,64,1,0.2,lr5e-05_bs16_modL1_fusion64_fusionL1_drop0p2_trmiss50_trlocradio,10,0.6334017366170883,0.7548231482505798,0.5129310344827587,0.7040419976486425,0.4888888888888889,0.0,0.0,0.0,0.0,0.0,0.0,0.0,0.0,0.0,2002,radio,0.5
4,3,lr5e-05_bs16_modL1_fusion64_fusionL1_drop0p2_trmiss50_trlocradio,16,5e-05,1,64,1,0.2,lr5e-05_bs16_modL1_fusion64_fusionL1_drop0p2_trmiss50_trlocradio,11,0.6022807757059733,0.7647231817245483,0.5064655172413793,0.700176259194548,0.4444444444444444,0.0,0.0,0.0,0.0,0.0,0.0,0.0,0.0,0.0,2002,radio,0.5
4,3,lr5e-05_bs16_modL1_fusion64_fusionL1_drop0p2_trmiss50_trlocradio,16,5e-05,1,64,1,0.2,lr5e-05_bs16_modL1_fusion64_fusionL1_drop0p2_trmiss50_trlocradio,12,0.604443276921908,0.7622560858726501,0.5,0.6976936684113115,0.4888888888888889,0.0,0.0,0.0,0.0,0.0,0.0,0.0,0.0,0.0,2002,radio,0.5
4,3,lr5e-05_bs16_modL1_fusion64_fusionL1_drop0p2_trmiss50_trlocradio,16,5e-05,1,64,1,0.2,lr5e-05_bs16_modL1_fusion64_fusionL1_drop0p2_trmiss50_trlocradio,13,0.6034545054038366,0.744514008363088,0.49784482758620685,0.7033745130399964,0.5111111111111111,0.0,0.0,0.0,0.0,0.0,0.0,0.0,0.0,0.0,2002,radio,0.5
4,3,lr5e-05_bs16_modL1_fusion64_fusionL1_drop0p2_trmiss50_trlocradio,16,5e-05,1,64,1,0.2,lr5e-05_bs16_modL1_fusion64_fusionL1_drop0p2_trmiss50_trlocradio,14,0.5868489295244217,0.7574234207471212,0.5107758620689655,0.7093603778408499,0.4888888888888889,0.0,0.0,0.0,0.0,0.0,0.0,0.0,0.0,0.0,2002,radio,0.5
4,3,lr5e-05_bs16_modL1_fusion64_fusionL1_drop0p2_trmiss50_trlocradio,16,5e-05,1,64,1,0.2,lr5e-05_bs16_modL1_fusion64_fusionL1_drop0p2_trmiss50_trlocradio,15,0.5812245259682337,0.7562575141588846,0.5064655172413793,0.7061858988485816,0.4888888888888889,0.0,0.0,0.0,0.0,0.0,0.0,0.0,0.0,0.0,2002,radio,0.5
4,3,lr5e-05_bs16_modL1_fusion64_fusionL1_drop0p2_trmiss50_trlocradio,16,5e-05,1,64,1,0.2,lr5e-05_bs16_modL1_fusion64_fusionL1_drop0p2_trmiss50_trlocradio,16,0.6004795779784521,0.7647515734036764,0.4892241379310345,0.6985785885002112,0.4888888888888889,0.0,0.0,0.0,0.0,0.0,0.0,0.0,0.0,0.0,2002,radio,0.5
4,3,lr5e-05_bs16_modL1_fusion64_fusionL1_drop0p2_trmiss50_trlocradio,16,5e-05,1,64,1,0.2,lr5e-05_bs16_modL1_fusion64_fusionL1_drop0p2_trmiss50_trlocradio,17,0.599832147359848,0.7555602391560873,0.5129310344827587,0.7092190664263447,0.4888888888888889,0.0,0.0,0.0,0.0,0.0,0.0,0.0,0.0,0.0,2002,radio,0.5
4,3,lr5e-05_bs16_modL1_fusion64_fusionL1_drop0p2_trmiss50_trlocradio,16,5e-05,1,64,1,0.2,lr5e-05_bs16_modL1_fusion64_fusionL1_drop0p2_trmiss50_trlocradio,18,0.5891996224721273,0.7510716319084167,0.5150862068965517,0.7093244018639406,0.5111111111111111,0.0,0.0,0.0,0.0,0.0,0.0,0.0,0.0,0.0,2002,radio,0.5
4,3,lr5e-05_bs16_modL1_fusion64_fusionL1_drop0p2_trmiss50_trlocradio,16,5e-05,1,64,1,0.2,lr5e-05_bs16_modL1_fusion64_fusionL1_drop0p2_trmiss50_trlocradio,19,0.5828262666861216,0.7443990111351013,0.5107758620689655,0.7105231465545501,0.5333333333333333,0.0,0.0,0.0,0.0,0.0,0.0,0.0,0.0,0.0,2002,radio,0.5
4,3,lr5e-05_bs16_modL1_fusion64_fusionL1_drop0p2_trmiss50_trlocradio,16,5e-05,1,64,1,0.2,lr5e-05_bs16_modL1_fusion64_fusionL1_drop0p2_trmiss50_trlocradio,20,0.5804580872257551,0.7449951171875,0.5301724137931034,0.739075783374601,0.5333333333333333,0.0,0.0,0.0,0.0,0.0,0.0,0.0,0.0,0.0,2002,radio,0.5
4,3,lr5e-05_bs16_modL1_fusion64_fusionL1_drop0p2_trmiss50_trlocradio,16,5e-05,1,64,1,0.2,lr5e-05_bs16_modL1_fusion64_fusionL1_drop0p2_trmiss50_trlocradio,21,0.584933469692866,0.7472891012827555,0.5301724137931034,0.7199454456426972,0.5333333333333333,0.0,0.0,0.0,0.0,0.0,0.0,0.0,0.0,0.0,2002,radio,0.5
4,3,lr5e-05_bs16_modL1_fusion64_fusionL1_drop0p2_trmiss50_trlocradio,16,5e-05,1,64,1,0.2,lr5e-05_bs16_modL1_fusion64_fusionL1_drop0p2_trmiss50_trlocradio,22,0.5848644177118937,0.7427975535392761,0.5431034482758621,0.7479604994054035,0.5333333333333333,0.0,0.0,0.0,0.0,0.0,0.0,0.0,0.0,0.0,2002,radio,0.5
4,3,lr5e-05_bs16_modL1_fusion64_fusionL1_drop0p2_trmiss50_trlocradio,16,5e-05,1,64,1,0.2,lr5e-05_bs16_modL1_fusion64_fusionL1_drop0p2_trmiss50_trlocradio,23,0.5966061502695084,0.7526740233103434,0.5301724137931034,0.7311540354504044,0.5333333333333333,0.0,0.0,0.0,0.0,0.0,0.0,0.0,0.0,0.0,2002,radio,0.5
4,3,lr5e-05_bs16_modL1_fusion64_fusionL1_drop0p2_trmiss50_trlocradio,16,5e-05,1,64,1,0.2,lr5e-05_bs16_modL1_fusion64_fusionL1_drop0p2_trmiss50_trlocradio,24,0.5926333169142405,0.7619918783505758,0.5086206896551724,0.7057842791706308,0.5111111111111111,0.0,0.0,0.0,0.0,0.0,0.0,0.0,0.0,0.0,2002,radio,0.5
4,3,lr5e-05_bs16_modL1_fusion64_fusionL1_drop0p2_trmiss50_trlocradio,16,5e-05,1,64,1,0.2,lr5e-05_bs16_modL1_fusion64_fusionL1_drop0p2_trmiss50_trlocradio,25,0.5742828051249186,0.7526910106341044,0.5107758620689655,0.7066825253977771,0.5111111111111111,0.0,0.0,0.0,0.0,0.0,0.0,0.0,0.0,0.0,2002,radio,0.5
4,3,lr5e-05_bs16_modL1_fusion64_fusionL1_drop0p2_trmiss50_trlocradio,16,5e-05,1,64,1,0.2,lr5e-05_bs16_modL1_fusion64_fusionL1_drop0p2_trmiss50_trlocradio,26,0.5722164064645767,0.7448610663414001,0.5,0.7034728119611833,0.5111111111111111,0.0,0.0,0.0,0.0,0.0,0.0,0.0,0.0,0.0,2002,radio,0.5
4,3,lr5e-05_bs16_modL1_fusion64_fusionL1_drop0p2_trmiss50_trlocradio,16,5e-05,1,64,1,0.2,lr5e-05_bs16_modL1_fusion64_fusionL1_drop0p2_trmiss50_trlocradio,27,0.589954694112142,0.753909707069397,0.5064655172413793,0.7069113335938975,0.4888888888888889,0.0,0.0,0.0,0.0,0.0,0.0,0.0,0.0,0.0,2002,radio,0.5
4,3,lr5e-05_bs16_modL1_fusion64_fusionL1_drop0p2_trmiss50_trlocradio,16,5e-05,1,64,1,0.2,lr5e-05_bs16_modL1_fusion64_fusionL1_drop0p2_trmiss50_trlocradio,28,0.5862555801868439,0.7451057235399882,0.5129310344827587,0.7088348276809198,0.5333333333333333,0.0,0.0,0.0,0.0,0.0,0.0,0.0,0.0,0.0,2002,radio,0.5
4,3,lr5e-05_bs16_modL1_fusion64_fusionL1_drop0p2_trmiss50_trlocradio,16,5e-05,1,64,1,0.2,lr5e-05_bs16_modL1_fusion64_fusionL1_drop0p2_trmiss50_trlocradio,29,0.5859288821617762,0.7552896539370219,0.5193965517241379,0.7127218743116375,0.5111111111111111,0.0,0.0,0.0,0.0,0.0,0.0,0.0,0.0,0.0,2002,radio,0.5
4,3,lr5e-05_bs16_modL1_fusion64_fusionL1_drop0p2_trmiss50_trlocradio,16,5e-05,1,64,1,0.2,lr5e-05_bs16_modL1_fusion64_fusionL1_drop0p2_trmiss50_trlocradio,30,0.5754594479997953,0.7609466115633646,0.5,0.7012711956928779,0.4888888888888889,0.0,0.0,0.0,0.0,0.0,0.0,0.0,0.0,0.0,2002,radio,0.5
4,3,lr5e-05_bs16_modL1_fusion64_fusionL1_drop0p2_trmiss50_trlocradio,16,5e-05,1,64,1,0.2,lr5e-05_bs16_modL1_fusion64_fusionL1_drop0p2_trmiss50_trlocradio,31,0.5660315950711569,0.7537132501602173,0.5193965517241379,0.7095361796768895,0.4666666666666667,0.0,0.0,0.0,0.0,0.0,0.0,0.0,0.0,0.0,2002,radio,0.5
4,3,lr5e-05_bs16_modL1_fusion64_fusionL1_drop0p2_trmiss50_trlocradio,16,5e-05,1,64,1,0.2,lr5e-05_bs16_modL1_fusion64_fusionL1_drop0p2_trmiss50_trlocradio,32,0.5750106871128082,0.7521254221598307,0.5150862068965517,0.7087749708024242,0.5111111111111111,0.0,0.0,0.0,0.0,0.0,0.0,0.0,0.0,0.0,2002,radio,0.5
4,3,lr5e-05_bs16_modL1_fusion64_fusionL1_drop0p2_trmiss50_trlocradio,16,5e-05,1,64,1,0.2,lr5e-05_bs16_modL1_fusion64_fusionL1_drop0p2_trmiss50_trlocradio,33,0.579727311929067,0.753535250822703,0.5086206896551724,0.7075215606313132,0.5111111111111111,0.0,0.0,0.0,0.0,0.0,0.0,0.0,0.0,0.0,2002,radio,0.5
4,3,lr5e-05_bs16_modL1_fusion64_fusionL1_drop0p2_trmiss50_trlocradio,16,5e-05,1,64,1,0.2,lr5e-05_bs16_modL1_fusion64_fusionL1_drop0p2_trmiss50_trlocradio,34,0.5688868016004562,0.7619784077008566,0.5086206896551724,0.709521535085115,0.4888888888888889,0.0,0.0,0.0,0.0,0.0,0.0,0.0,0.0,0.0,2002,radio,0.5
4,3,lr5e-05_bs16_modL1_fusion64_fusionL1_drop0p2_trmiss50_trlocradio,16,5e-05,1,64,1,0.2,lr5e-05_bs16_modL1_fusion64_fusionL1_drop0p2_trmiss50_trlocradio,35,0.5666855027278265,0.7445080677668253,0.5150862068965517,0.7101841757180258,0.5555555555555556,0.0,0.0,0.0,0.0,0.0,0.0,0.0,0.0,0.0,2002,radio,0.5
4,3,lr5e-05_bs16_modL1_fusion64_fusionL1_drop0p2_trmiss50_trlocradio,16,5e-05,1,64,1,0.2,lr5e-05_bs16_modL1_fusion64_fusionL1_drop0p2_trmiss50_trlocradio,36,0.5871558462580045,0.7569094300270081,0.5064655172413793,0.7172639401939683,0.4888888888888889,0.0,0.0,0.0,0.0,0.0,0.0,0.0,0.0,0.0,2002,radio,0.5
4,3,lr5e-05_bs16_modL1_fusion64_fusionL1_drop0p2_trmiss50_trlocradio,16,5e-05,1,64,1,0.2,lr5e-05_bs16_modL1_fusion64_fusionL1_drop0p2_trmiss50_trlocradio,37,0.5663034121195475,0.7485217253367106,0.5237068965517241,0.7277020595149605,0.5111111111111111,0.0,0.0,0.0,0.0,0.0,0.0,0.0,0.0,0.0,2002,radio,0.5
4,3,lr5e-05_bs16_modL1_fusion64_fusionL1_drop0p2_trmiss50_trlocradio,16,5e-05,1,64,1,0.2,lr5e-05_bs16_modL1_fusion64_fusionL1_drop0p2_trmiss50_trlocradio,38,0.5543255011240641,0.7487120628356934,0.5237068965517242,0.7169235217539656,0.5333333333333333,0.0,0.0,0.0,0.0,0.0,0.0,0.0,0.0,0.0,2002,radio,0.5
4,3,lr5e-05_bs16_modL1_fusion64_fusionL1_drop0p2_trmiss50_trlocradio,16,5e-05,1,64,1,0.2,lr5e-05_bs16_modL1_fusion64_fusionL1_drop0p2_trmiss50_trlocradio,39,0.558578630288442,0.7540003061294556,0.5172413793103449,0.7141609455948565,0.4888888888888889,0.0,0.0,0.0,0.0,0.0,0.0,0.0,0.0,0.0,2002,radio,0.5
4,3,lr5e-05_bs16_modL1_fusion64_fusionL1_drop0p2_trmiss50_trlocradio,16,5e-05,1,64,1,0.2,lr5e-05_bs16_modL1_fusion64_fusionL1_drop0p2_trmiss50_trlocradio,40,0.5766794309020042,0.7549632589022318,0.5107758620689655,0.708574576565626,0.4888888888888889,0.0,0.0,0.0,0.0,0.0,0.0,0.0,0.0,0.0,2002,radio,0.5
4,3,lr5e-05_bs16_modL1_fusion64_fusionL1_drop0p2_trmiss50_trlocradio,16,5e-05,1,64,1,0.2,lr5e-05_bs16_modL1_fusion64_fusionL1_drop0p2_trmiss50_trlocradio,41,0.5674860179424286,0.7562995155652364,0.5107758620689655,0.7079370435871939,0.4888888888888889,0.0,0.0,0.0,0.0,0.0,0.0,0.0,0.0,0.0,2002,radio,0.5
4,3,lr5e-05_bs16_modL1_fusion64_fusionL1_drop0p2_trmiss50_trlocradio,16,5e-05,1,64,1,0.2,lr5e-05_bs16_modL1_fusion64_fusionL1_drop0p2_trmiss50_trlocradio,42,0.5781475926438967,0.7583329280217489,0.5258620689655172,0.718058458263243,0.5333333333333333,0.0,0.0,0.0,0.0,0.0,0.0,0.0,0.0,0.0,2002,radio,0.5
4,3,lr5e-05_bs16_modL1_fusion64_fusionL1_drop0p1_trmiss50_trlocradio,16,5e-05,1,64,1,0.1,lr5e-05_bs16_modL1_fusion64_fusionL1_drop0p1_trmiss50_trlocradio,1,0.676317572593689,0.6691857179005941,0.47629310344827586,0.6314222813287956,0.6444444444444445,0.0,0.0,0.0,0.0,0.0,0.0,0.0,0.0,0.0,2002,radio,0.5
4,3,lr5e-05_bs16_modL1_fusion64_fusionL1_drop0p1_trmiss50_trlocradio,16,5e-05,1,64,1,0.1,lr5e-05_bs16_modL1_fusion64_fusionL1_drop0p1_trmiss50_trlocradio,2,0.6511890391508738,0.6756795446077982,0.42887931034482757,0.6114323877868382,0.6666666666666666,0.0,0.0,0.0,0.0,0.0,0.0,0.0,0.0,0.0,2002,radio,0.5
4,3,lr5e-05_bs16_modL1_fusion64_fusionL1_drop0p1_trmiss50_trlocradio,16,5e-05,1,64,1,0.1,lr5e-05_bs16_modL1_fusion64_fusionL1_drop0p1_trmiss50_trlocradio,3,0.6160061955451965,0.6791891853014628,0.4245689655172413,0.6063533472155179,0.6666666666666666,0.0,0.0,0.0,0.0,0.0,0.0,0.0,0.0,0.0,2002,radio,0.5
4,3,lr5e-05_bs16_modL1_fusion64_fusionL1_drop0p1_trmiss50_trlocradio,16,5e-05,1,64,1,0.1,lr5e-05_bs16_modL1_fusion64_fusionL1_drop0p1_trmiss50_trlocradio,4,0.5902987619241079,0.6830842892328898,0.41594827586206895,0.6015303518128376,0.6666666666666666,0.0,0.0,0.0,0.0,0.0,0.0,0.0,0.0,0.0,2002,radio,0.5
4,3,lr5e-05_bs16_modL1_fusion64_fusionL1_drop0p1_trmiss50_trlocradio,16,5e-05,1,64,1,0.1,lr5e-05_bs16_modL1_fusion64_fusionL1_drop0p1_trmiss50_trlocradio,5,0.5787419378757477,0.6839621861775717,0.4375,0.6113482974888477,0.6444444444444445,0.0,0.0,0.0,0.0,0.0,0.0,0.0,0.0,0.0,2002,radio,0.5
4,3,lr5e-05_bs16_modL1_fusion64_fusionL1_drop0p1_trmiss50_trlocradio,16,5e-05,1,64,1,0.1,lr5e-05_bs16_modL1_fusion64_fusionL1_drop0p1_trmiss50_trlocradio,6,0.5726241692900658,0.6842299103736877,0.42887931034482757,0.6090491593973811,0.6222222222222222,0.0,0.0,0.0,0.0,0.0,0.0,0.0,0.0,0.0,2002,radio,0.5
4,3,lr5e-05_bs16_modL1_fusion64_fusionL1_drop0p1_trmiss50_trlocradio,16,5e-05,1,64,1,0.1,lr5e-05_bs16_modL1_fusion64_fusionL1_drop0p1_trmiss50_trlocradio,7,0.5577071184913317,0.684171199798584,0.4137931034482759,0.6046660224196947,0.6444444444444445,0.0,0.0,0.0,0.0,0.0,0.0,0.0,0.0,0.0,2002,radio,0.5
4,3,lr5e-05_bs16_modL1_fusion64_fusionL1_drop0p1_trmiss50_trlocradio,16,5e-05,1,64,1,0.1,lr5e-05_bs16_modL1_fusion64_fusionL1_drop0p1_trmiss50_trlocradio,8,0.5693899591763815,0.6861283183097839,0.4181034482758621,0.6104574078760808,0.6666666666666666,0.0,0.0,0.0,0.0,0.0,0.0,0.0,0.0,0.0,2002,radio,0.5
4,3,lr5e-05_bs16_modL1_fusion64_fusionL1_drop0p1_trmiss50_trlocradio,16,5e-05,1,64,1,0.1,lr5e-05_bs16_modL1_fusion64_fusionL1_drop0p1_trmiss50_trlocradio,9,0.5345607375105222,0.6848942438761393,0.4224137931034483,0.6139229839487744,0.6666666666666666,0.0,0.0,0.0,0.0,0.0,0.0,0.0,0.0,0.0,2002,radio,0.5
4,3,lr5e-05_bs16_modL1_fusion64_fusionL1_drop0p1_trmiss50_trlocradio,16,5e-05,1,64,1,0.1,lr5e-05_bs16_modL1_fusion64_fusionL1_drop0p1_trmiss50_trlocradio,10,0.5517235596974691,0.6848979592323303,0.4267241379310345,0.6140039327640129,0.6222222222222222,0.0,0.0,0.0,0.0,0.0,0.0,0.0,0.0,0.0,2002,radio,0.5
4,3,lr5e-05_bs16_modL1_fusion64_fusionL1_drop0p1_trmiss50_trlocradio,16,5e-05,1,64,1,0.1,lr5e-05_bs16_modL1_fusion64_fusionL1_drop0p1_trmiss50_trlocradio,11,0.5424144069353739,0.6865916053454081,0.42025862068965514,0.6105974122417648,0.6222222222222222,0.0,0.0,0.0,0.0,0.0,0.0,0.0,0.0,0.0,2002,radio,0.5
4,3,lr5e-05_bs16_modL1_fusion64_fusionL1_drop0p1_trmiss50_trlocradio,16,5e-05,1,64,1,0.1,lr5e-05_bs16_modL1_fusion64_fusionL1_drop0p1_trmiss50_trlocradio,12,0.5363610610365868,0.6845672329266866,0.4375,0.6141678067266209,0.6222222222222222,0.0,0.0,0.0,0.0,0.0,0.0,0.0,0.0,0.0,2002,radio,0.5
4,3,lr5e-05_bs16_modL1_fusion64_fusionL1_drop0p1_trmiss50_trlocradio,16,5e-05,1,64,1,0.1,lr5e-05_bs16_modL1_fusion64_fusionL1_drop0p1_trmiss50_trlocradio,13,0.50246628622214,0.678602397441864,0.4396551724137931,0.6198886173989104,0.6444444444444445,0.0,0.0,0.0,0.0,0.0,0.0,0.0,0.0,0.0,2002,radio,0.5
4,3,lr5e-05_bs16_modL1_fusion64_fusionL1_drop0p1_trmiss50_trlocradio,16,5e-05,1,64,1,0.1,lr5e-05_bs16_modL1_fusion64_fusionL1_drop0p1_trmiss50_trlocradio,14,0.5264695187409719,0.6801566481590271,0.4504310344827586,0.6253512465784447,0.6222222222222222,0.0,0.0,0.0,0.0,0.0,0.0,0.0,0.0,0.0,2002,radio,0.5
4,3,lr5e-05_bs16_modL1_fusion64_fusionL1_drop0p1_trmiss50_trlocradio,16,5e-05,1,64,1,0.1,lr5e-05_bs16_modL1_fusion64_fusionL1_drop0p1_trmiss50_trlocradio,15,0.5397620225946108,0.6824163993199667,0.4245689655172414,0.6142155668304301,0.6444444444444445,0.0,0.0,0.0,0.0,0.0,0.0,0.0,0.0,0.0,2002,radio,0.5
4,3,lr5e-05_bs16_modL1_fusion64_fusionL1_drop0p1_trmiss50_trlocradio,16,5e-05,1,64,1,0.1,lr5e-05_bs16_modL1_fusion64_fusionL1_drop0p1_trmiss50_trlocradio,16,0.5132199625174204,0.6805008848508199,0.43534482758620696,0.6257789362151461,0.6222222222222222,0.0,0.0,0.0,0.0,0.0,0.0,0.0,0.0,0.0,2002,radio,0.5
4,3,lr5e-05_bs16_modL1_fusion64_fusionL1_drop0p1_trmiss50_trlocradio,16,5e-05,1,64,1,0.1,lr5e-05_bs16_modL1_fusion64_fusionL1_drop0p1_trmiss50_trlocradio,17,0.5191540618737539,0.6766526103019714,0.4482758620689655,0.6273631276816749,0.6222222222222222,0.0,0.0,0.0,0.0,0.0,0.0,0.0,0.0,0.0,2002,radio,0.5
4,3,lr5e-05_bs16_modL1_fusion64_fusionL1_drop0p1_trmiss50_trlocradio,16,5e-05,1,64,1,0.1,lr5e-05_bs16_modL1_fusion64_fusionL1_drop0p1_trmiss50_trlocradio,18,0.49236741413672763,0.6774828433990479,0.44827586206896547,0.6285930177024686,0.6222222222222222,0.0,0.0,0.0,0.0,0.0,0.0,0.0,0.0,0.0,2002,radio,0.5
4,3,lr5e-05_bs16_modL1_fusion64_fusionL1_drop0p1_trmiss50_trlocradio,16,5e-05,1,64,1,0.1,lr5e-05_bs16_modL1_fusion64_fusionL1_drop0p1_trmiss50_trlocradio,19,0.493969405690829,0.6758438944816589,0.47629310344827586,0.6458651096203517,0.6,0.0,0.0,0.0,0.0,0.0,0.0,0.0,0.0,0.0,2002,radio,0.5
4,3,lr5e-05_bs16_modL1_fusion64_fusionL1_drop0p1_trmiss50_trlocradio,16,5e-05,1,64,1,0.1,lr5e-05_bs16_modL1_fusion64_fusionL1_drop0p1_trmiss50_trlocradio,20,0.5007237469156584,0.6776722470919291,0.45043103448275856,0.6348257899462368,0.6,0.0,0.0,0.0,0.0,0.0,0.0,0.0,0.0,0.0,2002,radio,0.5
4,3,lr5e-05_bs16_modL1_fusion64_fusionL1_drop0p1_trmiss50_trlocradio,16,5e-05,1,64,1,0.1,lr5e-05_bs16_modL1_fusion64_fusionL1_drop0p1_trmiss50_trlocradio,21,0.5017947355906168,0.6785378058751425,0.45474137931034486,0.6295460194909475,0.5777777777777777,0.0,0.0,0.0,0.0,0.0,0.0,0.0,0.0,0.0,2002,radio,0.5
4,3,lr5e-05_bs16_modL1_fusion64_fusionL1_drop0p1_trmiss50_trlocradio,16,5e-05,1,64,1,0.1,lr5e-05_bs16_modL1_fusion64_fusionL1_drop0p1_trmiss50_trlocradio,22,0.5145202726125717,0.6751534740130106,0.45474137931034486,0.6340257153810118,0.6222222222222222,0.0,0.0,0.0,0.0,0.0,0.0,0.0,0.0,0.0,2002,radio,0.5
4,3,lr5e-05_bs16_modL1_fusion64_fusionL1_drop0p1_trmiss50_trlocradio,16,5e-05,1,64,1,0.1,lr5e-05_bs16_modL1_fusion64_fusionL1_drop0p1_trmiss50_trlocradio,23,0.5130433316032091,0.6760880947113037,0.4504310344827586,0.630676801735214,0.6222222222222222,0.0,0.0,0.0,0.0,0.0,0.0,0.0,0.0,0.0,2002,radio,0.5
4,3,lr5e-05_bs16_modL1_fusion64_fusionL1_drop0p1_trmiss50_trlocradio,16,5e-05,1,64,1,0.1,lr5e-05_bs16_modL1_fusion64_fusionL1_drop0p1_trmiss50_trlocradio,24,0.5154127702116966,0.6812467376391093,0.4331896551724138,0.6231538222836197,0.5777777777777777,0.0,0.0,0.0,0.0,0.0,0.0,0.0,0.0,0.0,2002,radio,0.5
4,3,lr5e-05_bs16_modL1_fusion64_fusionL1_drop0p1_trmiss50_trlocradio,16,5e-05,1,64,1,0.1,lr5e-05_bs16_modL1_fusion64_fusionL1_drop0p1_trmiss50_trlocradio,25,0.4892780010898908,0.6810037096341451,0.4482758620689655,0.6301989555446277,0.5777777777777777,0.0,0.0,0.0,0.0,0.0,0.0,0.0,0.0,0.0,2002,radio,0.5
4,3,lr5e-05_bs16_modL1_fusion64_fusionL1_drop0p1_trmiss50_trlocradio,16,5e-05,1,64,1,0.1,lr5e-05_bs16_modL1_fusion64_fusionL1_drop0p1_trmiss50_trlocradio,26,0.5043557782967886,0.6762321591377258,0.4547413793103448,0.6355301371545894,0.6222222222222222,0.0,0.0,0.0,0.0,0.0,0.0,0.0,0.0,0.0,2002,radio,0.5
4,3,lr5e-05_bs16_modL1_fusion64_fusionL1_drop0p1_trmiss50_trlocradio,16,5e-05,1,64,1,0.1,lr5e-05_bs16_modL1_fusion64_fusionL1_drop0p1_trmiss50_trlocradio,27,0.4850006078680356,0.6802949905395508,0.45474137931034486,0.6316884785246826,0.6,0.0,0.0,0.0,0.0,0.0,0.0,0.0,0.0,0.0,2002,radio,0.5
4,3,lr5e-05_bs16_modL1_fusion64_fusionL1_drop0p1_trmiss50_trlocradio,16,5e-05,1,64,1,0.1,lr5e-05_bs16_modL1_fusion64_fusionL1_drop0p1_trmiss50_trlocradio,28,0.4980504810810089,0.6793098648389181,0.4482758620689655,0.633105238929818,0.5555555555555556,0.0,0.0,0.0,0.0,0.0,0.0,0.0,0.0,0.0,2002,radio,0.5
4,3,lr5e-05_bs16_modL1_fusion64_fusionL1_drop0p1_trmiss50_trlocradio,16,5e-05,1,64,1,0.1,lr5e-05_bs16_modL1_fusion64_fusionL1_drop0p1_trmiss50_trlocradio,29,0.48961664239565533,0.6795218189557394,0.44827586206896547,0.6335783614622763,0.6222222222222222,0.0,0.0,0.0,0.0,0.0,0.0,0.0,0.0,0.0,2002,radio,0.5
4,3,lr5e-05_bs16_modL1_fusion64_fusionL1_drop0p1_trmiss50_trlocradio,16,5e-05,1,64,1,0.1,lr5e-05_bs16_modL1_fusion64_fusionL1_drop0p1_trmiss50_trlocradio,30,0.5151189217964808,0.6777643362681071,0.4482758620689655,0.6343856362633591,0.6222222222222222,0.0,0.0,0.0,0.0,0.0,0.0,0.0,0.0,0.0,2002,radio,0.5
4,3,lr5e-05_bs16_modL1_fusion64_fusionL1_drop0p1_trmiss50_trlocradio,16,5e-05,1,64,1,0.1,lr5e-05_bs16_modL1_fusion64_fusionL1_drop0p1_trmiss50_trlocradio,31,0.5053997536500295,0.6784321069717407,0.4525862068965517,0.6362974703950093,0.6222222222222222,0.0,0.0,0.0,0.0,0.0,0.0,0.0,0.0,0.0,2002,radio,0.5
4,3,lr5e-05_bs16_modL1_fusion64_fusionL1_drop0p1_trmiss50_trlocradio,16,5e-05,1,64,1,0.1,lr5e-05_bs16_modL1_fusion64_fusionL1_drop0p1_trmiss50_trlocradio,32,0.48850954075654346,0.677731474240621,0.4568965517241379,0.6369840697172086,0.6,0.0,0.0,0.0,0.0,0.0,0.0,0.0,0.0,0.0,2002,radio,0.5
4,3,lr5e-05_bs16_modL1_fusion64_fusionL1_drop0p1_trmiss50_trlocradio,16,5e-05,1,64,1,0.1,lr5e-05_bs16_modL1_fusion64_fusionL1_drop0p1_trmiss50_trlocradio,33,0.5129161402583122,0.6791874368985494,0.44612068965517243,0.623106446879013,0.6222222222222222,0.0,0.0,0.0,0.0,0.0,0.0,0.0,0.0,0.0,2002,radio,0.5
4,3,lr5e-05_bs16_modL1_fusion64_fusionL1_drop0p1_trmiss50_trlocradio,16,5e-05,1,64,1,0.1,lr5e-05_bs16_modL1_fusion64_fusionL1_drop0p1_trmiss50_trlocradio,34,0.5017517879605293,0.6752669215202332,0.47629310344827586,0.64461382793972,0.6,0.0,0.0,0.0,0.0,0.0,0.0,0.0,0.0,0.0,2002,radio,0.5
4,3,lr5e-05_bs16_modL1_fusion64_fusionL1_drop0p1_trmiss50_trlocradio,16,5e-05,1,64,1,0.1,lr5e-05_bs16_modL1_fusion64_fusionL1_drop0p1_trmiss50_trlocradio,35,0.49919428676366806,0.6763912836710612,0.46120689655172414,0.6346840821990567,0.6222222222222222,0.0,0.0,0.0,0.0,0.0,0.0,0.0,0.0,0.0,2002,radio,0.5
4,3,lr5e-05_bs16_modL1_fusion64_fusionL1_drop0p1_trmiss50_trlocradio,16,5e-05,1,64,1,0.1,lr5e-05_bs16_modL1_fusion64_fusionL1_drop0p1_trmiss50_trlocradio,36,0.4851096471150716,0.6801840662956238,0.4353448275862069,0.6234974877552675,0.6,0.0,0.0,0.0,0.0,0.0,0.0,0.0,0.0,0.0,2002,radio,0.5
4,3,lr5e-05_bs16_modL1_fusion64_fusionL1_drop0p1_trmiss50_trlocradio,16,5e-05,1,64,1,0.1,lr5e-05_bs16_modL1_fusion64_fusionL1_drop0p1_trmiss50_trlocradio,37,0.4928727944691976,0.6816351016362509,0.4482758620689655,0.6341200918478929,0.6,0.0,0.0,0.0,0.0,0.0,0.0,0.0,0.0,0.0,2002,radio,0.5
4,3,lr5e-05_bs16_modL1_fusion64_fusionL1_drop0p1_trmiss50_trlocradio,16,5e-05,1,64,1,0.1,lr5e-05_bs16_modL1_fusion64_fusionL1_drop0p1_trmiss50_trlocradio,38,0.49630911896626156,0.6797746022542318,0.4461206896551724,0.6299726249137189,0.6,0.0,0.0,0.0,0.0,0.0,0.0,0.0,0.0,0.0,2002,radio,0.5
4,3,lr5e-05_bs16_modL1_fusion64_fusionL1_drop0p1_trmiss50_trlocradio,16,5e-05,1,64,1,0.1,lr5e-05_bs16_modL1_fusion64_fusionL1_drop0p1_trmiss50_trlocradio,39,0.49080853909254074,0.6790018280347189,0.45258620689655177,0.6329729975070129,0.5777777777777777,0.0,0.0,0.0,0.0,0.0,0.0,0.0,0.0,0.0,2002,radio,0.5
4,3,lr5e-05_bs16_modL1_fusion64_fusionL1_drop0p1_trmiss50_trlocradio,16,5e-05,1,64,1,0.1,lr5e-05_bs16_modL1_fusion64_fusionL1_drop0p1_trmiss50_trlocradio,40,0.49341973662376404,0.679478665192922,0.4525862068965517,0.6339030103371806,0.6,0.0,0.0,0.0,0.0,0.0,0.0,0.0,0.0,0.0,2002,radio,0.5
4,3,lr5e-05_bs16_modL1_fusion64_fusionL1_drop0p1_trmiss50_trlocradio,16,5e-05,1,64,1,0.1,lr5e-05_bs16_modL1_fusion64_fusionL1_drop0p1_trmiss50_trlocradio,41,0.47953538596630096,0.6839136481285095,0.4418103448275862,0.6234972268244654,0.5777777777777777,0.0,0.0,0.0,0.0,0.0,0.0,0.0,0.0,0.0,2002,radio,0.5
4,3,lr5e-05_bs16_modL1_fusion64_fusionL1_drop0p1_trmiss50_trlocradio,16,5e-05,1,64,1,0.1,lr5e-05_bs16_modL1_fusion64_fusionL1_drop0p1_trmiss50_trlocradio,42,0.4981366569797198,0.6803033351898193,0.4482758620689655,0.6284058109180947,0.5777777777777777,0.0,0.0,0.0,0.0,0.0,0.0,0.0,0.0,0.0,2002,radio,0.5
4,3,lr5e-05_bs16_modL1_fusion64_fusionL1_drop0p1_trmiss50_trlocradio,16,5e-05,1,64,1,0.1,lr5e-05_bs16_modL1_fusion64_fusionL1_drop0p1_trmiss50_trlocradio,43,0.48509013652801514,0.6818400422732035,0.44396551724137934,0.626142299941512,0.5777777777777777,0.0,0.0,0.0,0.0,0.0,0.0,0.0,0.0,0.0,2002,radio,0.5
4,3,lr5e-05_bs16_modL1_fusion64_fusionL1_drop0p1_trmiss50_trlocradio,16,5e-05,1,64,1,0.1,lr5e-05_bs16_modL1_fusion64_fusionL1_drop0p1_trmiss50_trlocradio,44,0.48119598130385083,0.6816413998603821,0.43965517241379315,0.6228441277952996,0.6,0.0,0.0,0.0,0.0,0.0,0.0,0.0,0.0,0.0,2002,radio,0.5
4,3,lr5e-05_bs16_modL1_fusion64_fusionL1_drop0p1_trmiss50_trlocradio,16,5e-05,1,64,1,0.1,lr5e-05_bs16_modL1_fusion64_fusionL1_drop0p1_trmiss50_trlocradio,45,0.5531879390279452,0.6765744487444559,0.46120689655172414,0.6345042198963564,0.6222222222222222,0.0,0.0,0.0,0.0,0.0,0.0,0.0,0.0,0.0,2002,radio,0.5
4,3,lr5e-05_bs16_modL1_fusion64_fusionL1_drop0p1_trmiss50_trlocradio,16,5e-05,1,64,1,0.1,lr5e-05_bs16_modL1_fusion64_fusionL1_drop0p1_trmiss50_trlocradio,46,0.4860040346781413,0.6813836296399435,0.4396551724137931,0.625764243975905,0.5777777777777777,0.0,0.0,0.0,0.0,0.0,0.0,0.0,0.0,0.0,2002,radio,0.5
4,3,lr5e-05_bs16_modL1_fusion64_fusionL1_drop0p1_trmiss50_trlocradio,16,5e-05,1,64,1,0.1,lr5e-05_bs16_modL1_fusion64_fusionL1_drop0p1_trmiss50_trlocradio,47,0.49507422745227814,0.6768625974655151,0.4396551724137931,0.6282619921304511,0.6,0.0,0.0,0.0,0.0,0.0,0.0,0.0,0.0,0.0,2002,radio,0.5
4,3,lr5e-05_bs16_modL1_fusion64_fusionL1_drop0p1_trmiss50_trlocradio,16,5e-05,1,64,1,0.1,lr5e-05_bs16_modL1_fusion64_fusionL1_drop0p1_trmiss50_trlocradio,48,0.4893500233689944,0.6738812327384949,0.47413793103448276,0.6463395452738425,0.5777777777777777,0.0,0.0,0.0,0.0,0.0,0.0,0.0,0.0,0.0,2002,radio,0.5
4,3,lr5e-05_bs16_modL1_fusion64_fusionL1_drop0p1_trmiss50_trlocradio,16,5e-05,1,64,1,0.1,lr5e-05_bs16_modL1_fusion64_fusionL1_drop0p1_trmiss50_trlocradio,49,0.4924845869342486,0.6775273680686951,0.4568965517241379,0.6374271581839797,0.6,0.0,0.0,0.0,0.0,0.0,0.0,0.0,0.0,0.0,2002,radio,0.5
4,3,lr5e-05_bs16_modL1_fusion64_fusionL1_drop0p1_trmiss50_trlocradio,16,5e-05,1,64,1,0.1,lr5e-05_bs16_modL1_fusion64_fusionL1_drop0p1_trmiss50_trlocradio,50,0.4970739930868149,0.677959163983663,0.4612068965517241,0.6407366023667638,0.6222222222222222,0.0,0.0,0.0,0.0,0.0,0.0,0.0,0.0,0.0,2002,radio,0.5
4,3,lr5e-05_bs16_modL1_fusion64_fusionL1_drop0p1_trmiss50_trlocradio,16,5e-05,1,64,1,0.1,lr5e-05_bs16_modL1_fusion64_fusionL1_drop0p1_trmiss50_trlocradio,51,0.49112187574307126,0.6754429141680399,0.46336206896551724,0.6397226747371126,0.6222222222222222,0.0,0.0,0.0,0.0,0.0,0.0,0.0,0.0,0.0,2002,radio,0.5
4,3,lr5e-05_bs16_modL1_fusion64_fusionL1_drop0p1_trmiss50_trlocradio,16,5e-05,1,64,1,0.1,lr5e-05_bs16_modL1_fusion64_fusionL1_drop0p1_trmiss50_trlocradio,52,0.4977622479200363,0.6798974672953287,0.45474137931034486,0.6397711980467568,0.5777777777777777,0.0,0.0,0.0,0.0,0.0,0.0,0.0,0.0,0.0,2002,radio,0.5
4,3,lr5e-05_bs16_modL1_fusion64_fusionL1_drop0p1_trmiss50_trlocradio,16,5e-05,1,64,1,0.1,lr5e-05_bs16_modL1_fusion64_fusionL1_drop0p1_trmiss50_trlocradio,53,0.4987383981545766,0.6770907441775004,0.45905172413793105,0.6482901461094919,0.5777777777777777,0.0,0.0,0.0,0.0,0.0,0.0,0.0,0.0,0.0,2002,radio,0.5
4,3,lr5e-05_bs16_modL1_fusion64_fusionL1_drop0p1_trmiss50_trlocradio,16,5e-05,1,64,1,0.1,lr5e-05_bs16_modL1_fusion64_fusionL1_drop0p1_trmiss50_trlocradio,54,0.4917287975549698,0.6824981172879537,0.4353448275862069,0.6227204839221201,0.5777777777777777,0.0,0.0,0.0,0.0,0.0,0.0,0.0,0.0,0.0,2002,radio,0.5
4,3,lr1e-04_bs16_modL1_fusion32_fusionL1_drop0p2_trmiss50_trlocradio,16,0.0001,1,32,1,0.2,lr1e-04_bs16_modL1_fusion32_fusionL1_drop0p2_trmiss50_trlocradio,1,0.6660020053386688,0.6631922125816345,0.5560344827586208,0.6925901568196435,0.6666666666666666,0.0,0.0,0.0,0.0,0.0,0.0,0.0,0.0,0.0,2002,radio,0.5
4,3,lr1e-04_bs16_modL1_fusion32_fusionL1_drop0p2_trmiss50_trlocradio,16,0.0001,1,32,1,0.2,lr1e-04_bs16_modL1_fusion32_fusionL1_drop0p2_trmiss50_trlocradio,2,0.6312750975290934,0.6666832168896993,0.5474137931034483,0.6472250233531847,0.6888888888888889,0.0,0.0,0.0,0.0,0.0,0.0,0.0,0.0,0.0,2002,radio,0.5
4,3,lr1e-04_bs16_modL1_fusion32_fusionL1_drop0p2_trmiss50_trlocradio,16,0.0001,1,32,1,0.2,lr1e-04_bs16_modL1_fusion32_fusionL1_drop0p2_trmiss50_trlocradio,3,0.6153591473897299,0.6762481133143107,0.5258620689655172,0.645440688247694,0.6222222222222222,0.0,0.0,0.0,0.0,0.0,0.0,0.0,0.0,0.0,2002,radio,0.5
4,3,lr1e-04_bs16_modL1_fusion32_fusionL1_drop0p2_trmiss50_trlocradio,16,0.0001,1,32,1,0.2,lr1e-04_bs16_modL1_fusion32_fusionL1_drop0p2_trmiss50_trlocradio,4,0.5966543704271317,0.6728837688763937,0.5344827586206896,0.6453051447108363,0.6444444444444445,0.0,0.0,0.0,0.0,0.0,0.0,0.0,0.0,0.0,2002,radio,0.5
4,3,lr1e-04_bs16_modL1_fusion32_fusionL1_drop0p2_trmiss50_trlocradio,16,0.0001,1,32,1,0.2,lr1e-04_bs16_modL1_fusion32_fusionL1_drop0p2_trmiss50_trlocradio,5,0.5824679632981619,0.6701040069262186,0.5301724137931034,0.6584829715581384,0.6888888888888889,0.0,0.0,0.0,0.0,0.0,0.0,0.0,0.0,0.0,2002,radio,0.5
4,3,lr1e-04_bs16_modL1_fusion32_fusionL1_drop0p2_trmiss50_trlocradio,16,0.0001,1,32,1,0.2,lr1e-04_bs16_modL1_fusion32_fusionL1_drop0p2_trmiss50_trlocradio,6,0.5661244690418243,0.6784597833951315,0.5258620689655172,0.6491918935566658,0.6222222222222222,0.0,0.0,0.0,0.0,0.0,0.0,0.0,0.0,0.0,2002,radio,0.5
4,3,lr1e-04_bs16_modL1_fusion32_fusionL1_drop0p2_trmiss50_trlocradio,16,0.0001,1,32,1,0.2,lr1e-04_bs16_modL1_fusion32_fusionL1_drop0p2_trmiss50_trlocradio,7,0.5661302879452705,0.6769457658131918,0.540948275862069,0.6615366609747457,0.6666666666666666,0.0,0.0,0.0,0.0,0.0,0.0,0.0,0.0,0.0,2002,radio,0.5
4,3,lr1e-04_bs16_modL1_fusion32_fusionL1_drop0p2_trmiss50_trlocradio,16,0.0001,1,32,1,0.2,lr1e-04_bs16_modL1_fusion32_fusionL1_drop0p2_trmiss50_trlocradio,8,0.5456537405649821,0.6767154534657797,0.5517241379310345,0.6716186160889783,0.6666666666666666,0.0,0.0,0.0,0.0,0.0,0.0,0.0,0.0,0.0,2002,radio,0.5
4,3,lr1e-04_bs16_modL1_fusion32_fusionL1_drop0p2_trmiss50_trlocradio,16,0.0001,1,32,1,0.2,lr1e-04_bs16_modL1_fusion32_fusionL1_drop0p2_trmiss50_trlocradio,9,0.5474221333861351,0.6817804574966431,0.5301724137931034,0.6540979292777898,0.6444444444444445,0.0,0.0,0.0,0.0,0.0,0.0,0.0,0.0,0.0,2002,radio,0.5
4,3,lr1e-04_bs16_modL1_fusion32_fusionL1_drop0p2_trmiss50_trlocradio,16,0.0001,1,32,1,0.2,lr1e-04_bs16_modL1_fusion32_fusionL1_drop0p2_trmiss50_trlocradio,10,0.5291754057010015,0.6815523505210876,0.5258620689655172,0.6563300978141642,0.6222222222222222,0.0,0.0,0.0,0.0,0.0,0.0,0.0,0.0,0.0,2002,radio,0.5
4,3,lr1e-04_bs16_modL1_fusion32_fusionL1_drop0p2_trmiss50_trlocradio,16,0.0001,1,32,1,0.2,lr1e-04_bs16_modL1_fusion32_fusionL1_drop0p2_trmiss50_trlocradio,11,0.5226094002525011,0.6731563409169515,0.5452586206896552,0.6690328501424851,0.6444444444444445,0.0,0.0,0.0,0.0,0.0,0.0,0.0,0.0,0.0,2002,radio,0.5
4,3,lr1e-04_bs16_modL1_fusion32_fusionL1_drop0p2_trmiss50_trlocradio,16,0.0001,1,32,1,0.2,lr1e-04_bs16_modL1_fusion32_fusionL1_drop0p2_trmiss50_trlocradio,12,0.5329593395193418,0.6725320617357889,0.5366379310344828,0.6621031443936132,0.6666666666666666,0.0,0.0,0.0,0.0,0.0,0.0,0.0,0.0,0.0,2002,radio,0.5
4,3,lr1e-04_bs16_modL1_fusion32_fusionL1_drop0p2_trmiss50_trlocradio,16,0.0001,1,32,1,0.2,lr1e-04_bs16_modL1_fusion32_fusionL1_drop0p2_trmiss50_trlocradio,13,0.5166479200124741,0.6759660045305887,0.5280172413793104,0.6548446957104821,0.6222222222222222,0.0,0.0,0.0,0.0,0.0,0.0,0.0,0.0,0.0,2002,radio,0.5
4,3,lr1e-04_bs16_modL1_fusion32_fusionL1_drop0p2_trmiss50_trlocradio,16,0.0001,1,32,1,0.2,lr1e-04_bs16_modL1_fusion32_fusionL1_drop0p2_trmiss50_trlocradio,14,0.5406827330589294,0.6698865095774332,0.5495689655172414,0.6683175470189301,0.6222222222222222,0.0,0.0,0.0,0.0,0.0,0.0,0.0,0.0,0.0,2002,radio,0.5
4,3,lr1e-04_bs16_modL1_fusion32_fusionL1_drop0p2_trmiss50_trlocradio,16,0.0001,1,32,1,0.2,lr1e-04_bs16_modL1_fusion32_fusionL1_drop0p2_trmiss50_trlocradio,15,0.5465393364429474,0.6677799423535665,0.5344827586206896,0.6645614164034308,0.6666666666666666,0.0,0.0,0.0,0.0,0.0,0.0,0.0,0.0,0.0,2002,radio,0.5
4,3,lr1e-04_bs16_modL1_fusion32_fusionL1_drop0p2_trmiss50_trlocradio,16,0.0001,1,32,1,0.2,lr1e-04_bs16_modL1_fusion32_fusionL1_drop0p2_trmiss50_trlocradio,16,0.5162946631511053,0.6662908395131429,0.5431034482758621,0.6701953332830451,0.6888888888888889,0.0,0.0,0.0,0.0,0.0,0.0,0.0,0.0,0.0,2002,radio,0.5
4,3,lr1e-04_bs16_modL1_fusion32_fusionL1_drop0p2_trmiss50_trlocradio,16,0.0001,1,32,1,0.2,lr1e-04_bs16_modL1_fusion32_fusionL1_drop0p2_trmiss50_trlocradio,17,0.4955538709958394,0.669317384560903,0.5452586206896551,0.6651103546249392,0.6666666666666666,0.0,0.0,0.0,0.0,0.0,0.0,0.0,0.0,0.0,2002,radio,0.5
4,3,lr1e-04_bs16_modL1_fusion32_fusionL1_drop0p2_trmiss50_trlocradio,16,0.0001,1,32,1,0.2,lr1e-04_bs16_modL1_fusion32_fusionL1_drop0p2_trmiss50_trlocradio,18,0.4990221584836642,0.6790071527163187,0.5474137931034483,0.667014454623413,0.5777777777777777,0.0,0.0,0.0,0.0,0.0,0.0,0.0,0.0,0.0,2002,radio,0.5
4,3,lr1e-04_bs16_modL1_fusion32_fusionL1_drop0p2_trmiss50_trlocradio,16,0.0001,1,32,1,0.2,lr1e-04_bs16_modL1_fusion32_fusionL1_drop0p2_trmiss50_trlocradio,19,0.4991859917839368,0.6791656215985616,0.5517241379310345,0.6678188251654148,0.5777777777777777,0.0,0.0,0.0,0.0,0.0,0.0,0.0,0.0,0.0,2002,radio,0.5
4,3,lr1e-04_bs16_modL1_fusion32_fusionL1_drop0p2_trmiss50_trlocradio,16,0.0001,1,32,1,0.2,lr1e-04_bs16_modL1_fusion32_fusionL1_drop0p2_trmiss50_trlocradio,20,0.5101867442329725,0.6758733987808228,0.5495689655172413,0.6687787043013375,0.6222222222222222,0.0,0.0,0.0,0.0,0.0,0.0,0.0,0.0,0.0,2002,radio,0.5
4,3,lr1e-04_bs16_modL1_fusion32_fusionL1_drop0p2_trmiss50_trlocradio,16,0.0001,1,32,1,0.2,lr1e-04_bs16_modL1_fusion32_fusionL1_drop0p2_trmiss50_trlocradio,21,0.5006651331981024,0.6753267248471578,0.521551724137931,0.6505198751977992,0.6444444444444445,0.0,0.0,0.0,0.0,0.0,0.0,0.0,0.0,0.0,2002,radio,0.5
4,3,lr1e-04_bs16_modL1_fusion32_fusionL1_drop0p2_trmiss50_trlocradio,16,0.0001,1,32,1,0.2,lr1e-04_bs16_modL1_fusion32_fusionL1_drop0p2_trmiss50_trlocradio,22,0.49621911098559696,0.68022620677948,0.5258620689655172,0.6526321307583306,0.6,0.0,0.0,0.0,0.0,0.0,0.0,0.0,0.0,0.0,2002,radio,0.5
4,3,lr1e-04_bs16_modL1_fusion32_fusionL1_drop0p2_trmiss50_trlocradio,16,0.0001,1,32,1,0.2,lr1e-04_bs16_modL1_fusion32_fusionL1_drop0p2_trmiss50_trlocradio,23,0.5106799950202306,0.6766051650047302,0.5323275862068966,0.653807768004652,0.6222222222222222,0.0,0.0,0.0,0.0,0.0,0.0,0.0,0.0,0.0,2002,radio,0.5
4,3,lr1e-04_bs16_modL1_fusion32_fusionL1_drop0p2_trmiss50_trlocradio,16,0.0001,1,32,1,0.2,lr1e-04_bs16_modL1_fusion32_fusionL1_drop0p2_trmiss50_trlocradio,24,0.4765156532327334,0.6775980790456136,0.5431034482758621,0.6631622633163411,0.6,0.0,0.0,0.0,0.0,0.0,0.0,0.0,0.0,0.0,2002,radio,0.5
4,3,lr1e-04_bs16_modL1_fusion32_fusionL1_drop0p2_trmiss50_trlocradio,16,0.0001,1,32,1,0.2,lr1e-04_bs16_modL1_fusion32_fusionL1_drop0p2_trmiss50_trlocradio,25,0.4946386044224103,0.6829074621200562,0.5387931034482759,0.6584634448244192,0.5777777777777777,0.0,0.0,0.0,0.0,0.0,0.0,0.0,0.0,0.0,2002,radio,0.5
4,3,lr1e-04_bs16_modL1_fusion32_fusionL1_drop0p2_trmiss50_trlocradio,16,0.0001,1,32,1,0.2,lr1e-04_bs16_modL1_fusion32_fusionL1_drop0p2_trmiss50_trlocradio,26,0.5099310576915741,0.6734104951222738,0.5344827586206897,0.6557366735560826,0.6222222222222222,0.0,0.0,0.0,0.0,0.0,0.0,0.0,0.0,0.0,2002,radio,0.5
4,3,lr1e-04_bs16_modL1_fusion32_fusionL1_drop0p2_trmiss50_trlocradio,16,0.0001,1,32,1,0.2,lr1e-04_bs16_modL1_fusion32_fusionL1_drop0p2_trmiss50_trlocradio,27,0.4795352866252263,0.6764041185379028,0.5431034482758621,0.659404226532145,0.6222222222222222,0.0,0.0,0.0,0.0,0.0,0.0,0.0,0.0,0.0,2002,radio,0.5
4,3,lr1e-04_bs16_modL1_fusion32_fusionL1_drop0p2_trmiss50_trlocradio,16,0.0001,1,32,1,0.2,lr1e-04_bs16_modL1_fusion32_fusionL1_drop0p2_trmiss50_trlocradio,28,0.49348851044972736,0.6784021457036337,0.5366379310344828,0.6569244013209223,0.6,0.0,0.0,0.0,0.0,0.0,0.0,0.0,0.0,0.0,2002,radio,0.5
4,3,lr1e-04_bs16_modL1_fusion32_fusionL1_drop0p1_trmiss50_trlocradio,16,0.0001,1,32,1,0.1,lr1e-04_bs16_modL1_fusion32_fusionL1_drop0p1_trmiss50_trlocradio,1,0.6818655033906301,0.7014266848564148,0.4310344827586207,0.6226264121621674,0.4888888888888889,0.0,0.0,0.0,0.0,0.0,0.0,0.0,0.0,0.0,2002,radio,0.5
4,3,lr1e-04_bs16_modL1_fusion32_fusionL1_drop0p1_trmiss50_trlocradio,16,0.0001,1,32,1,0.1,lr1e-04_bs16_modL1_fusion32_fusionL1_drop0p1_trmiss50_trlocradio,2,0.6217083409428596,0.6950699090957642,0.45474137931034486,0.6348134811232692,0.5111111111111111,0.0,0.0,0.0,0.0,0.0,0.0,0.0,0.0,0.0,2002,radio,0.5
4,3,lr1e-04_bs16_modL1_fusion32_fusionL1_drop0p1_trmiss50_trlocradio,16,0.0001,1,32,1,0.1,lr1e-04_bs16_modL1_fusion32_fusionL1_drop0p1_trmiss50_trlocradio,3,0.6272706290086111,0.6929211020469666,0.459051724137931,0.6408864195631576,0.5111111111111111,0.0,0.0,0.0,0.0,0.0,0.0,0.0,0.0,0.0,2002,radio,0.5
4,3,lr1e-04_bs16_modL1_fusion32_fusionL1_drop0p1_trmiss50_trlocradio,16,0.0001,1,32,1,0.1,lr1e-04_bs16_modL1_fusion32_fusionL1_drop0p1_trmiss50_trlocradio,4,0.5838069766759872,0.6903827587763468,0.4698275862068966,0.6573458181442395,0.5555555555555556,0.0,0.0,0.0,0.0,0.0,0.0,0.0,0.0,0.0,2002,radio,0.5
4,3,lr1e-04_bs16_modL1_fusion32_fusionL1_drop0p1_trmiss50_trlocradio,16,0.0001,1,32,1,0.1,lr1e-04_bs16_modL1_fusion32_fusionL1_drop0p1_trmiss50_trlocradio,5,0.6084068169196447,0.691017230351766,0.47198275862068967,0.6753489531646865,0.4444444444444444,0.0,0.0,0.0,0.0,0.0,0.0,0.0,0.0,0.0,2002,radio,0.5
4,3,lr1e-04_bs16_modL1_fusion32_fusionL1_drop0p1_trmiss50_trlocradio,16,0.0001,1,32,1,0.1,lr1e-04_bs16_modL1_fusion32_fusionL1_drop0p1_trmiss50_trlocradio,6,0.57615527510643,0.6947166721026102,0.4698275862068965,0.6660830506516194,0.4888888888888889,0.0,0.0,0.0,0.0,0.0,0.0,0.0,0.0,0.0,2002,radio,0.5
4,3,lr1e-04_bs16_modL1_fusion32_fusionL1_drop0p1_trmiss50_trlocradio,16,0.0001,1,32,1,0.1,lr1e-04_bs16_modL1_fusion32_fusionL1_drop0p1_trmiss50_trlocradio,7,0.5577292293310165,0.6806811491648356,0.5021551724137931,0.688089014003654,0.5111111111111111,0.0,0.0,0.0,0.0,0.0,0.0,0.0,0.0,0.0,2002,radio,0.5
4,3,lr1e-04_bs16_modL1_fusion32_fusionL1_drop0p1_trmiss50_trlocradio,16,0.0001,1,32,1,0.1,lr1e-04_bs16_modL1_fusion32_fusionL1_drop0p1_trmiss50_trlocradio,8,0.5391211758057276,0.6849753061930338,0.49137931034482757,0.679094824871778,0.5777777777777777,0.0,0.0,0.0,0.0,0.0,0.0,0.0,0.0,0.0,2002,radio,0.5
4,3,lr1e-04_bs16_modL1_fusion32_fusionL1_drop0p1_trmiss50_trlocradio,16,0.0001,1,32,1,0.1,lr1e-04_bs16_modL1_fusion32_fusionL1_drop0p1_trmiss50_trlocradio,9,0.5292333389321963,0.6768859624862671,0.5150862068965517,0.6901310164884189,0.6,0.0,0.0,0.0,0.0,0.0,0.0,0.0,0.0,0.0,2002,radio,0.5
4,3,lr1e-04_bs16_modL1_fusion32_fusionL1_drop0p1_trmiss50_trlocradio,16,0.0001,1,32,1,0.1,lr1e-04_bs16_modL1_fusion32_fusionL1_drop0p1_trmiss50_trlocradio,10,0.5168839891751608,0.6704470912615458,0.5344827586206896,0.7244175617441457,0.6,0.0,0.0,0.0,0.0,0.0,0.0,0.0,0.0,0.0,2002,radio,0.5
4,3,lr1e-04_bs16_modL1_fusion32_fusionL1_drop0p1_trmiss50_trlocradio,16,0.0001,1,32,1,0.1,lr1e-04_bs16_modL1_fusion32_fusionL1_drop0p1_trmiss50_trlocradio,11,0.5086194897691408,0.6621516346931458,0.5689655172413792,0.7330529363405468,0.5777777777777777,0.0,0.0,0.0,0.0,0.0,0.0,0.0,0.0,0.0,2002,radio,0.5
4,3,lr1e-04_bs16_modL1_fusion32_fusionL1_drop0p1_trmiss50_trlocradio,16,0.0001,1,32,1,0.1,lr1e-04_bs16_modL1_fusion32_fusionL1_drop0p1_trmiss50_trlocradio,12,0.5003768106301626,0.6738329529762268,0.5538793103448276,0.7183747248185399,0.6,0.0,0.0,0.0,0.0,0.0,0.0,0.0,0.0,0.0,2002,radio,0.5
4,3,lr1e-04_bs16_modL1_fusion32_fusionL1_drop0p1_trmiss50_trlocradio,16,0.0001,1,32,1,0.1,lr1e-04_bs16_modL1_fusion32_fusionL1_drop0p1_trmiss50_trlocradio,13,0.46843039741118747,0.657688319683075,0.5689655172413793,0.7292260918101662,0.6222222222222222,0.0,0.0,0.0,0.0,0.0,0.0,0.0,0.0,0.0,2002,radio,0.5
4,3,lr1e-04_bs16_modL1_fusion32_fusionL1_drop0p1_trmiss50_trlocradio,16,0.0001,1,32,1,0.1,lr1e-04_bs16_modL1_fusion32_fusionL1_drop0p1_trmiss50_trlocradio,14,0.46869049966335297,0.6576218803723654,0.5754310344827586,0.736547429494238,0.6,0.0,0.0,0.0,0.0,0.0,0.0,0.0,0.0,0.0,2002,radio,0.5
4,3,lr1e-04_bs16_modL1_fusion32_fusionL1_drop0p1_trmiss50_trlocradio,16,0.0001,1,32,1,0.1,lr1e-04_bs16_modL1_fusion32_fusionL1_drop0p1_trmiss50_trlocradio,15,0.4600791086753209,0.6535205245018005,0.5862068965517241,0.7398927614749257,0.6222222222222222,0.0,0.0,0.0,0.0,0.0,0.0,0.0,0.0,0.0,2002,radio,0.5
4,3,lr1e-04_bs16_modL1_fusion32_fusionL1_drop0p1_trmiss50_trlocradio,16,0.0001,1,32,1,0.1,lr1e-04_bs16_modL1_fusion32_fusionL1_drop0p1_trmiss50_trlocradio,16,0.4682124654452006,0.6505551338195801,0.5883620689655172,0.7336847831528683,0.6222222222222222,0.0,0.0,0.0,0.0,0.0,0.0,0.0,0.0,0.0,2002,radio,0.5
4,3,lr1e-04_bs16_modL1_fusion32_fusionL1_drop0p1_trmiss50_trlocradio,16,0.0001,1,32,1,0.1,lr1e-04_bs16_modL1_fusion32_fusionL1_drop0p1_trmiss50_trlocradio,17,0.44471602390209836,0.6644658247629801,0.5948275862068966,0.7520435437637918,0.5555555555555556,0.0,0.0,0.0,0.0,0.0,0.0,0.0,0.0,0.0,2002,radio,0.5
4,3,lr1e-04_bs16_modL1_fusion32_fusionL1_drop0p1_trmiss50_trlocradio,16,0.0001,1,32,1,0.1,lr1e-04_bs16_modL1_fusion32_fusionL1_drop0p1_trmiss50_trlocradio,18,0.44413333137830097,0.6692238648732504,0.5969827586206897,0.7556949058232745,0.5333333333333333,0.0,0.0,0.0,0.0,0.0,0.0,0.0,0.0,0.0,2002,radio,0.5
4,3,lr1e-04_bs16_modL1_fusion32_fusionL1_drop0p1_trmiss50_trlocradio,16,0.0001,1,32,1,0.1,lr1e-04_bs16_modL1_fusion32_fusionL1_drop0p1_trmiss50_trlocradio,19,0.42229612668355304,0.6535003582636515,0.5926724137931034,0.7473557193590636,0.5777777777777777,0.0,0.0,0.0,0.0,0.0,0.0,0.0,0.0,0.0,2002,radio,0.5
4,3,lr1e-04_bs16_modL1_fusion32_fusionL1_drop0p1_trmiss50_trlocradio,16,0.0001,1,32,1,0.1,lr1e-04_bs16_modL1_fusion32_fusionL1_drop0p1_trmiss50_trlocradio,20,0.4168712645769119,0.6588706572850546,0.6012931034482759,0.7544303766483595,0.5777777777777777,0.0,0.0,0.0,0.0,0.0,0.0,0.0,0.0,0.0,2002,radio,0.5
4,3,lr1e-04_bs16_modL1_fusion32_fusionL1_drop0p1_trmiss50_trlocradio,16,0.0001,1,32,1,0.1,lr1e-04_bs16_modL1_fusion32_fusionL1_drop0p1_trmiss50_trlocradio,21,0.40165550261735916,0.6562038858731588,0.6056034482758621,0.7712025914586187,0.5777777777777777,0.0,0.0,0.0,0.0,0.0,0.0,0.0,0.0,0.0,2002,radio,0.5
4,3,lr1e-04_bs16_modL1_fusion32_fusionL1_drop0p1_trmiss50_trlocradio,16,0.0001,1,32,1,0.1,lr1e-04_bs16_modL1_fusion32_fusionL1_drop0p1_trmiss50_trlocradio,22,0.39181597034136456,0.6587524811426798,0.603448275862069,0.7626819075982858,0.5777777777777777,0.0,0.0,0.0,0.0,0.0,0.0,0.0,0.0,0.0,2002,radio,0.5
4,3,lr1e-04_bs16_modL1_fusion32_fusionL1_drop0p1_trmiss50_trlocradio,16,0.0001,1,32,1,0.1,lr1e-04_bs16_modL1_fusion32_fusionL1_drop0p1_trmiss50_trlocradio,23,0.4161805808544159,0.6594460606575012,0.5991379310344828,0.7596230343131931,0.5777777777777777,0.0,0.0,0.0,0.0,0.0,0.0,0.0,0.0,0.0,2002,radio,0.5
4,3,lr1e-04_bs16_modL1_fusion32_fusionL1_drop0p1_trmiss50_trlocradio,16,0.0001,1,32,1,0.1,lr1e-04_bs16_modL1_fusion32_fusionL1_drop0p1_trmiss50_trlocradio,24,0.3822718138496081,0.6676564415295919,0.5948275862068966,0.7563574886449504,0.5777777777777777,0.0,0.0,0.0,0.0,0.0,0.0,0.0,0.0,0.0,2002,radio,0.5
4,3,lr1e-04_bs16_modL1_fusion32_fusionL1_drop0p1_trmiss50_trlocradio,16,0.0001,1,32,1,0.1,lr1e-04_bs16_modL1_fusion32_fusionL1_drop0p1_trmiss50_trlocradio,25,0.3755256583293279,0.6553254922231039,0.5905172413793104,0.7526261204346318,0.6222222222222222,0.0,0.0,0.0,0.0,0.0,0.0,0.0,0.0,0.0,2002,radio,0.5
4,3,lr1e-04_bs16_modL1_fusion32_fusionL1_drop0p1_trmiss50_trlocradio,16,0.0001,1,32,1,0.1,lr1e-04_bs16_modL1_fusion32_fusionL1_drop0p1_trmiss50_trlocradio,26,0.37422821422417957,0.6507190863291422,0.6056034482758621,0.7595282753907189,0.6,0.0,0.0,0.0,0.0,0.0,0.0,0.0,0.0,0.0,2002,radio,0.5
4,3,lr1e-04_bs16_modL1_fusion32_fusionL1_drop0p1_trmiss50_trlocradio,16,0.0001,1,32,1,0.1,lr1e-04_bs16_modL1_fusion32_fusionL1_drop0p1_trmiss50_trlocradio,27,0.3791489178935687,0.6583904027938843,0.6142241379310345,0.762276248153225,0.5777777777777777,0.0,0.0,0.0,0.0,0.0,0.0,0.0,0.0,0.0,2002,radio,0.5
4,3,lr1e-04_bs16_modL1_fusion32_fusionL1_drop0p1_trmiss50_trlocradio,16,0.0001,1,32,1,0.1,lr1e-04_bs16_modL1_fusion32_fusionL1_drop0p1_trmiss50_trlocradio,28,0.34727788468201953,0.6588513056437174,0.603448275862069,0.7569617227812544,0.5555555555555556,0.0,0.0,0.0,0.0,0.0,0.0,0.0,0.0,0.0,2002,radio,0.5
4,3,lr1e-04_bs16_modL1_fusion32_fusionL1_drop0p1_trmiss50_trlocradio,16,0.0001,1,32,1,0.1,lr1e-04_bs16_modL1_fusion32_fusionL1_drop0p1_trmiss50_trlocradio,29,0.3657868256171544,0.6553295850753784,0.6142241379310345,0.7608607924136868,0.5333333333333333,0.0,0.0,0.0,0.0,0.0,0.0,0.0,0.0,0.0,2002,radio,0.5
4,3,lr1e-04_bs16_modL1_fusion32_fusionL1_drop0p1_trmiss50_trlocradio,16,0.0001,1,32,1,0.1,lr1e-04_bs16_modL1_fusion32_fusionL1_drop0p1_trmiss50_trlocradio,30,0.3637331898013751,0.6628377636273702,0.6120689655172414,0.763342413022152,0.5555555555555556,0.0,0.0,0.0,0.0,0.0,0.0,0.0,0.0,0.0,2002,radio,0.5
4,3,lr1e-04_bs16_modL1_fusion32_fusionL1_drop0p1_trmiss50_trlocradio,16,0.0001,1,32,1,0.1,lr1e-04_bs16_modL1_fusion32_fusionL1_drop0p1_trmiss50_trlocradio,31,0.3459468161066373,0.6595564285914103,0.6012931034482759,0.7600428923498967,0.5333333333333333,0.0,0.0,0.0,0.0,0.0,0.0,0.0,0.0,0.0,2002,radio,0.5
4,3,lr1e-04_bs16_modL1_fusion32_fusionL1_drop0p1_trmiss50_trlocradio,16,0.0001,1,32,1,0.1,lr1e-04_bs16_modL1_fusion32_fusionL1_drop0p1_trmiss50_trlocradio,32,0.364080086350441,0.655466357866923,0.5991379310344828,0.7578653996504692,0.6,0.0,0.0,0.0,0.0,0.0,0.0,0.0,0.0,0.0,2002,radio,0.5
4,3,lr1e-04_bs16_modL1_fusion32_fusionL1_drop0p1_trmiss50_trlocradio,16,0.0001,1,32,1,0.1,lr1e-04_bs16_modL1_fusion32_fusionL1_drop0p1_trmiss50_trlocradio,33,0.37224048127730686,0.6490592956542969,0.603448275862069,0.7619260513153214,0.5777777777777777,0.0,0.0,0.0,0.0,0.0,0.0,0.0,0.0,0.0,2002,radio,0.5
4,3,lr1e-04_bs16_modL1_fusion32_fusionL1_drop0p1_trmiss50_trlocradio,16,0.0001,1,32,1,0.1,lr1e-04_bs16_modL1_fusion32_fusionL1_drop0p1_trmiss50_trlocradio,34,0.3446823259194692,0.6636462012926737,0.6077586206896551,0.759769219483001,0.5555555555555556,0.0,0.0,0.0,0.0,0.0,0.0,0.0,0.0,0.0,2002,radio,0.5
4,3,lr1e-04_bs16_modL1_fusion32_fusionL1_drop0p1_trmiss50_trlocradio,16,0.0001,1,32,1,0.1,lr1e-04_bs16_modL1_fusion32_fusionL1_drop0p1_trmiss50_trlocradio,35,0.3361065338055293,0.6623444557189941,0.6142241379310345,0.7640908040729313,0.5333333333333333,0.0,0.0,0.0,0.0,0.0,0.0,0.0,0.0,0.0,2002,radio,0.5
4,3,lr1e-04_bs16_modL1_fusion32_fusionL1_drop0p1_trmiss50_trlocradio,16,0.0001,1,32,1,0.1,lr1e-04_bs16_modL1_fusion32_fusionL1_drop0p1_trmiss50_trlocradio,36,0.39617858082056046,0.6486730376879374,0.5969827586206897,0.7549533762265728,0.6222222222222222,0.0,0.0,0.0,0.0,0.0,0.0,0.0,0.0,0.0,2002,radio,0.5
4,3,lr1e-04_bs16_modL1_fusion32_fusionL1_drop0p1_trmiss50_trlocradio,16,0.0001,1,32,1,0.1,lr1e-04_bs16_modL1_fusion32_fusionL1_drop0p1_trmiss50_trlocradio,37,0.3440188219149907,0.6600231329600016,0.5862068965517241,0.7463713149339974,0.6,0.0,0.0,0.0,0.0,0.0,0.0,0.0,0.0,0.0,2002,radio,0.5
4,3,lr1e-04_bs16_modL1_fusion32_fusionL1_drop0p1_trmiss50_trlocradio,16,0.0001,1,32,1,0.1,lr1e-04_bs16_modL1_fusion32_fusionL1_drop0p1_trmiss50_trlocradio,38,0.32526352256536484,0.6640259623527527,0.6142241379310345,0.767114563472413,0.5333333333333333,0.0,0.0,0.0,0.0,0.0,0.0,0.0,0.0,0.0,2002,radio,0.5
4,3,lr1e-04_bs16_modL1_fusion32_fusionL1_drop0p1_trmiss50_trlocradio,16,0.0001,1,32,1,0.1,lr1e-04_bs16_modL1_fusion32_fusionL1_drop0p1_trmiss50_trlocradio,39,0.3261579101284345,0.6668938000996908,0.6056034482758621,0.7618717309961043,0.5333333333333333,0.0,0.0,0.0,0.0,0.0,0.0,0.0,0.0,0.0,2002,radio,0.5
4,3,lr1e-04_bs16_modL1_fusion32_fusionL1_drop0p1_trmiss50_trlocradio,16,0.0001,1,32,1,0.1,lr1e-04_bs16_modL1_fusion32_fusionL1_drop0p1_trmiss50_trlocradio,40,0.33208825687567395,0.6512424945831299,0.6056034482758621,0.7587577052940522,0.6222222222222222,0.0,0.0,0.0,0.0,0.0,0.0,0.0,0.0,0.0,2002,radio,0.5
4,3,lr1e-04_bs16_modL1_fusion32_fusionL1_drop0p1_trmiss50_trlocradio,16,0.0001,1,32,1,0.1,lr1e-04_bs16_modL1_fusion32_fusionL1_drop0p1_trmiss50_trlocradio,41,0.318898340066274,0.6609185536702474,0.6099137931034483,0.7626022732321132,0.5333333333333333,0.0,0.0,0.0,0.0,0.0,0.0,0.0,0.0,0.0,2002,radio,0.5
4,3,lr1e-04_bs16_modL1_fusion32_fusionL1_drop0p1_trmiss50_trlocradio,16,0.0001,1,32,1,0.1,lr1e-04_bs16_modL1_fusion32_fusionL1_drop0p1_trmiss50_trlocradio,42,0.36650044719378155,0.6552306413650513,0.6012931034482758,0.7525965491472868,0.5777777777777777,0.0,0.0,0.0,0.0,0.0,0.0,0.0,0.0,0.0,2002,radio,0.5
4,3,lr1e-04_bs16_modL1_fusion32_fusionL1_drop0p1_trmiss50_trlocradio,16,0.0001,1,32,1,0.1,lr1e-04_bs16_modL1_fusion32_fusionL1_drop0p1_trmiss50_trlocradio,43,0.33067681392033893,0.6549686193466187,0.5969827586206897,0.7463530952451412,0.5777777777777777,0.0,0.0,0.0,0.0,0.0,0.0,0.0,0.0,0.0,2002,radio,0.5
4,3,lr1e-04_bs16_modL1_fusion32_fusionL1_drop0p1_trmiss50_trlocradio,16,0.0001,1,32,1,0.1,lr1e-04_bs16_modL1_fusion32_fusionL1_drop0p1_trmiss50_trlocradio,44,0.31312502920627594,0.6640859246253967,0.5926724137931034,0.7447322913380048,0.5555555555555556,0.0,0.0,0.0,0.0,0.0,0.0,0.0,0.0,0.0,2002,radio,0.5
4,3,lr1e-04_bs16_modL1_fusion32_fusionL1_drop0p1_trmiss50_trlocradio,16,0.0001,1,32,1,0.1,lr1e-04_bs16_modL1_fusion32_fusionL1_drop0p1_trmiss50_trlocradio,45,0.3222513943910599,0.6716452042261759,0.6012931034482758,0.7421284367230714,0.5333333333333333,0.0,0.0,0.0,0.0,0.0,0.0,0.0,0.0,0.0,2002,radio,0.5
4,3,lr1e-04_bs16_modL1_fusion32_fusionL1_drop0p1_trmiss50_trlocradio,16,0.0001,1,32,1,0.1,lr1e-04_bs16_modL1_fusion32_fusionL1_drop0p1_trmiss50_trlocradio,46,0.3148513237635295,0.6624462008476257,0.6077586206896552,0.7527289360911599,0.5555555555555556,0.0,0.0,0.0,0.0,0.0,0.0,0.0,0.0,0.0,2002,radio,0.5
4,3,lr1e-04_bs16_modL1_fusion32_fusionL1_drop0p1_trmiss50_trlocradio,16,0.0001,1,32,1,0.1,lr1e-04_bs16_modL1_fusion32_fusionL1_drop0p1_trmiss50_trlocradio,47,0.34420893092950183,0.6661314169565836,0.6099137931034483,0.76019353900282,0.5333333333333333,0.0,0.0,0.0,0.0,0.0,0.0,0.0,0.0,0.0,2002,radio,0.5
4,3,lr1e-04_bs16_modL1_fusion32_fusionL1_drop0p1_trmiss50_trlocradio,16,0.0001,1,32,1,0.1,lr1e-04_bs16_modL1_fusion32_fusionL1_drop0p1_trmiss50_trlocradio,48,0.3436214153965314,0.6776285767555237,0.5969827586206896,0.7512188889128248,0.5555555555555556,0.0,0.0,0.0,0.0,0.0,0.0,0.0,0.0,0.0,2002,radio,0.5
4,3,lr1e-04_bs16_modL1_fusion32_fusionL1_drop0p1_trmiss50_trlocradio,16,0.0001,1,32,1,0.1,lr1e-04_bs16_modL1_fusion32_fusionL1_drop0p1_trmiss50_trlocradio,49,0.34819020827611286,0.6734906832377116,0.6077586206896552,0.7595363008488536,0.5333333333333333,0.0,0.0,0.0,0.0,0.0,0.0,0.0,0.0,0.0,2002,radio,0.5
4,3,lr1e-04_bs16_modL1_fusion64_fusionL1_drop0p2_trmiss50_trlocradio,16,0.0001,1,64,1,0.2,lr1e-04_bs16_modL1_fusion64_fusionL1_drop0p2_trmiss50_trlocradio,1,0.7300148457288742,0.7482140064239502,0.35560344827586204,0.5598961242159851,0.3333333333333333,0.0,0.0,0.0,0.0,0.0,0.0,0.0,0.0,0.0,2002,radio,0.5
4,3,lr1e-04_bs16_modL1_fusion64_fusionL1_drop0p2_trmiss50_trlocradio,16,0.0001,1,64,1,0.2,lr1e-04_bs16_modL1_fusion64_fusionL1_drop0p2_trmiss50_trlocradio,2,0.6965998411178589,0.7886953751246134,0.39439655172413796,0.5845921995622039,0.3111111111111111,0.0,0.0,0.0,0.0,0.0,0.0,0.0,0.0,0.0,2002,radio,0.5
4,3,lr1e-04_bs16_modL1_fusion64_fusionL1_drop0p2_trmiss50_trlocradio,16,0.0001,1,64,1,0.2,lr1e-04_bs16_modL1_fusion64_fusionL1_drop0p2_trmiss50_trlocradio,3,0.68635726471742,0.7926613291104635,0.41594827586206895,0.5931193617597726,0.35555555555555557,0.0,0.0,0.0,0.0,0.0,0.0,0.0,0.0,0.0,2002,radio,0.5
4,3,lr1e-04_bs16_modL1_fusion64_fusionL1_drop0p2_trmiss50_trlocradio,16,0.0001,1,64,1,0.2,lr1e-04_bs16_modL1_fusion64_fusionL1_drop0p2_trmiss50_trlocradio,4,0.6946355154116949,0.8018808563550314,0.39870689655172414,0.5819058697098483,0.37777777777777777,0.0,0.0,0.0,0.0,0.0,0.0,0.0,0.0,0.0,2002,radio,0.5
4,3,lr1e-04_bs16_modL1_fusion64_fusionL1_drop0p2_trmiss50_trlocradio,16,0.0001,1,64,1,0.2,lr1e-04_bs16_modL1_fusion64_fusionL1_drop0p2_trmiss50_trlocradio,5,0.6589334408442179,0.7800263166427612,0.44612068965517243,0.6126170670411875,0.4,0.0,0.0,0.0,0.0,0.0,0.0,0.0,0.0,0.0,2002,radio,0.5
4,3,lr1e-04_bs16_modL1_fusion64_fusionL1_drop0p2_trmiss50_trlocradio,16,0.0001,1,64,1,0.2,lr1e-04_bs16_modL1_fusion64_fusionL1_drop0p2_trmiss50_trlocradio,6,0.6561603248119354,0.7855158646901449,0.43103448275862066,0.6190895179091306,0.4222222222222222,0.0,0.0,0.0,0.0,0.0,0.0,0.0,0.0,0.0,2002,radio,0.5
4,3,lr1e-04_bs16_modL1_fusion64_fusionL1_drop0p2_trmiss50_trlocradio,16,0.0001,1,64,1,0.2,lr1e-04_bs16_modL1_fusion64_fusionL1_drop0p2_trmiss50_trlocradio,7,0.5857761253913244,0.7709601720174154,0.44396551724137934,0.6199822818822278,0.4444444444444444,0.0,0.0,0.0,0.0,0.0,0.0,0.0,0.0,0.0,2002,radio,0.5
4,3,lr1e-04_bs16_modL1_fusion64_fusionL1_drop0p2_trmiss50_trlocradio,16,0.0001,1,64,1,0.2,lr1e-04_bs16_modL1_fusion64_fusionL1_drop0p2_trmiss50_trlocradio,8,0.5854572330911955,0.7754369974136353,0.45905172413793105,0.6249424868303968,0.4222222222222222,0.0,0.0,0.0,0.0,0.0,0.0,0.0,0.0,0.0,2002,radio,0.5
4,3,lr1e-04_bs16_modL1_fusion64_fusionL1_drop0p2_trmiss50_trlocradio,16,0.0001,1,64,1,0.2,lr1e-04_bs16_modL1_fusion64_fusionL1_drop0p2_trmiss50_trlocradio,9,0.5976327210664749,0.7758505741755167,0.45689655172413796,0.6270812996592652,0.4222222222222222,0.0,0.0,0.0,0.0,0.0,0.0,0.0,0.0,0.0,2002,radio,0.5
4,3,lr1e-04_bs16_modL1_fusion64_fusionL1_drop0p2_trmiss50_trlocradio,16,0.0001,1,64,1,0.2,lr1e-04_bs16_modL1_fusion64_fusionL1_drop0p2_trmiss50_trlocradio,10,0.5977762341499329,0.7589980959892273,0.4762931034482759,0.6416105571442448,0.4444444444444444,0.0,0.0,0.0,0.0,0.0,0.0,0.0,0.0,0.0,2002,radio,0.5
4,3,lr1e-04_bs16_modL1_fusion64_fusionL1_drop0p2_trmiss50_trlocradio,16,0.0001,1,64,1,0.2,lr1e-04_bs16_modL1_fusion64_fusionL1_drop0p2_trmiss50_trlocradio,11,0.5792320792873701,0.7509231766064962,0.49784482758620685,0.6502944391857897,0.4444444444444444,0.0,0.0,0.0,0.0,0.0,0.0,0.0,0.0,0.0,2002,radio,0.5
4,3,lr1e-04_bs16_modL1_fusion64_fusionL1_drop0p2_trmiss50_trlocradio,16,0.0001,1,64,1,0.2,lr1e-04_bs16_modL1_fusion64_fusionL1_drop0p2_trmiss50_trlocradio,12,0.5787823498249054,0.7569065491358439,0.48922413793103453,0.6480335623896449,0.4444444444444444,0.0,0.0,0.0,0.0,0.0,0.0,0.0,0.0,0.0,2002,radio,0.5
4,3,lr1e-04_bs16_modL1_fusion64_fusionL1_drop0p2_trmiss50_trlocradio,16,0.0001,1,64,1,0.2,lr1e-04_bs16_modL1_fusion64_fusionL1_drop0p2_trmiss50_trlocradio,13,0.5754753599564234,0.7490188280741373,0.4870689655172414,0.6446201703077579,0.4666666666666667,0.0,0.0,0.0,0.0,0.0,0.0,0.0,0.0,0.0,2002,radio,0.5
4,3,lr1e-04_bs16_modL1_fusion64_fusionL1_drop0p2_trmiss50_trlocradio,16,0.0001,1,64,1,0.2,lr1e-04_bs16_modL1_fusion64_fusionL1_drop0p2_trmiss50_trlocradio,14,0.5556990082065264,0.752153237660726,0.48922413793103453,0.642623603375446,0.4444444444444444,0.0,0.0,0.0,0.0,0.0,0.0,0.0,0.0,0.0,2002,radio,0.5
4,3,lr1e-04_bs16_modL1_fusion64_fusionL1_drop0p2_trmiss50_trlocradio,16,0.0001,1,64,1,0.2,lr1e-04_bs16_modL1_fusion64_fusionL1_drop0p2_trmiss50_trlocradio,15,0.5576890011628469,0.7568859259287516,0.4935344827586207,0.6477561628712509,0.4444444444444444,0.0,0.0,0.0,0.0,0.0,0.0,0.0,0.0,0.0,2002,radio,0.5
4,3,lr1e-04_bs16_modL1_fusion64_fusionL1_drop0p2_trmiss50_trlocradio,16,0.0001,1,64,1,0.2,lr1e-04_bs16_modL1_fusion64_fusionL1_drop0p2_trmiss50_trlocradio,16,0.5357155551513036,0.7478030522664388,0.5193965517241379,0.6563461418341686,0.4888888888888889,0.0,0.0,0.0,0.0,0.0,0.0,0.0,0.0,0.0,2002,radio,0.5
4,3,lr1e-04_bs16_modL1_fusion64_fusionL1_drop0p2_trmiss50_trlocradio,16,0.0001,1,64,1,0.2,lr1e-04_bs16_modL1_fusion64_fusionL1_drop0p2_trmiss50_trlocradio,17,0.5658470119039217,0.7468526164690653,0.5107758620689654,0.6503145628327867,0.4888888888888889,0.0,0.0,0.0,0.0,0.0,0.0,0.0,0.0,0.0,2002,radio,0.5
4,3,lr1e-04_bs16_modL1_fusion64_fusionL1_drop0p2_trmiss50_trlocradio,16,0.0001,1,64,1,0.2,lr1e-04_bs16_modL1_fusion64_fusionL1_drop0p2_trmiss50_trlocradio,18,0.538533091545105,0.7384182214736938,0.5107758620689654,0.6542324741979679,0.4888888888888889,0.0,0.0,0.0,0.0,0.0,0.0,0.0,0.0,0.0,2002,radio,0.5
4,3,lr1e-04_bs16_modL1_fusion64_fusionL1_drop0p2_trmiss50_trlocradio,16,0.0001,1,64,1,0.2,lr1e-04_bs16_modL1_fusion64_fusionL1_drop0p2_trmiss50_trlocradio,19,0.536726675927639,0.7432512442270914,0.5,0.6413555497875232,0.5111111111111111,0.0,0.0,0.0,0.0,0.0,0.0,0.0,0.0,0.0,2002,radio,0.5
4,3,lr1e-04_bs16_modL1_fusion64_fusionL1_drop0p2_trmiss50_trlocradio,16,0.0001,1,64,1,0.2,lr1e-04_bs16_modL1_fusion64_fusionL1_drop0p2_trmiss50_trlocradio,20,0.5300969506303469,0.7561512192090353,0.5086206896551724,0.6482192035631505,0.4444444444444444,0.0,0.0,0.0,0.0,0.0,0.0,0.0,0.0,0.0,2002,radio,0.5
4,3,lr1e-04_bs16_modL1_fusion64_fusionL1_drop0p2_trmiss50_trlocradio,16,0.0001,1,64,1,0.2,lr1e-04_bs16_modL1_fusion64_fusionL1_drop0p2_trmiss50_trlocradio,21,0.5168261180321375,0.7464494109153748,0.5258620689655172,0.6596381783700264,0.4888888888888889,0.0,0.0,0.0,0.0,0.0,0.0,0.0,0.0,0.0,2002,radio,0.5
4,3,lr1e-04_bs16_modL1_fusion64_fusionL1_drop0p2_trmiss50_trlocradio,16,0.0001,1,64,1,0.2,lr1e-04_bs16_modL1_fusion64_fusionL1_drop0p2_trmiss50_trlocradio,22,0.5372427230079969,0.7411442001660665,0.521551724137931,0.6565326689097654,0.5333333333333333,0.0,0.0,0.0,0.0,0.0,0.0,0.0,0.0,0.0,2002,radio,0.5
4,3,lr1e-04_bs16_modL1_fusion64_fusionL1_drop0p2_trmiss50_trlocradio,16,0.0001,1,64,1,0.2,lr1e-04_bs16_modL1_fusion64_fusionL1_drop0p2_trmiss50_trlocradio,23,0.5480770518382391,0.7397843400637308,0.5366379310344828,0.6676562455796754,0.5333333333333333,0.0,0.0,0.0,0.0,0.0,0.0,0.0,0.0,0.0,2002,radio,0.5
4,3,lr1e-04_bs16_modL1_fusion64_fusionL1_drop0p2_trmiss50_trlocradio,16,0.0001,1,64,1,0.2,lr1e-04_bs16_modL1_fusion64_fusionL1_drop0p2_trmiss50_trlocradio,24,0.5336258560419083,0.7488672137260437,0.5301724137931035,0.6731843476807282,0.5333333333333333,0.0,0.0,0.0,0.0,0.0,0.0,0.0,0.0,0.0,2002,radio,0.5
4,3,lr1e-04_bs16_modL1_fusion64_fusionL1_drop0p2_trmiss50_trlocradio,16,0.0001,1,64,1,0.2,lr1e-04_bs16_modL1_fusion64_fusionL1_drop0p2_trmiss50_trlocradio,25,0.5386627838015556,0.7396577000617981,0.5431034482758621,0.6770379029838518,0.5555555555555556,0.0,0.0,0.0,0.0,0.0,0.0,0.0,0.0,0.0,2002,radio,0.5
4,3,lr1e-04_bs16_modL1_fusion64_fusionL1_drop0p2_trmiss50_trlocradio,16,0.0001,1,64,1,0.2,lr1e-04_bs16_modL1_fusion64_fusionL1_drop0p2_trmiss50_trlocradio,26,0.501550167798996,0.7360211610794067,0.5452586206896551,0.6764949541141242,0.5333333333333333,0.0,0.0,0.0,0.0,0.0,0.0,0.0,0.0,0.0,2002,radio,0.5
4,3,lr1e-04_bs16_modL1_fusion64_fusionL1_drop0p2_trmiss50_trlocradio,16,0.0001,1,64,1,0.2,lr1e-04_bs16_modL1_fusion64_fusionL1_drop0p2_trmiss50_trlocradio,27,0.5224986026684443,0.7418914238611857,0.5280172413793104,0.6602922123130268,0.5333333333333333,0.0,0.0,0.0,0.0,0.0,0.0,0.0,0.0,0.0,2002,radio,0.5
4,3,lr1e-04_bs16_modL1_fusion64_fusionL1_drop0p2_trmiss50_trlocradio,16,0.0001,1,64,1,0.2,lr1e-04_bs16_modL1_fusion64_fusionL1_drop0p2_trmiss50_trlocradio,28,0.4946327159802119,0.7360421816507975,0.5258620689655173,0.6623076523609212,0.5111111111111111,0.0,0.0,0.0,0.0,0.0,0.0,0.0,0.0,0.0,2002,radio,0.5
4,3,lr1e-04_bs16_modL1_fusion64_fusionL1_drop0p2_trmiss50_trlocradio,16,0.0001,1,64,1,0.2,lr1e-04_bs16_modL1_fusion64_fusionL1_drop0p2_trmiss50_trlocradio,29,0.5260276099046072,0.7382997473080953,0.5258620689655172,0.6606063190478324,0.5333333333333333,0.0,0.0,0.0,0.0,0.0,0.0,0.0,0.0,0.0,2002,radio,0.5
4,3,lr1e-04_bs16_modL1_fusion64_fusionL1_drop0p2_trmiss50_trlocradio,16,0.0001,1,64,1,0.2,lr1e-04_bs16_modL1_fusion64_fusionL1_drop0p2_trmiss50_trlocradio,30,0.48318363974491757,0.7306079665819804,0.5366379310344828,0.6667428772750237,0.5555555555555556,0.0,0.0,0.0,0.0,0.0,0.0,0.0,0.0,0.0,2002,radio,0.5
4,3,lr1e-04_bs16_modL1_fusion64_fusionL1_drop0p2_trmiss50_trlocradio,16,0.0001,1,64,1,0.2,lr1e-04_bs16_modL1_fusion64_fusionL1_drop0p2_trmiss50_trlocradio,31,0.490954061349233,0.7389676769574484,0.5366379310344828,0.6611023991803824,0.5333333333333333,0.0,0.0,0.0,0.0,0.0,0.0,0.0,0.0,0.0,2002,radio,0.5
4,3,lr1e-04_bs16_modL1_fusion64_fusionL1_drop0p2_trmiss50_trlocradio,16,0.0001,1,64,1,0.2,lr1e-04_bs16_modL1_fusion64_fusionL1_drop0p2_trmiss50_trlocradio,32,0.5079503109057745,0.7403406103452047,0.5581896551724138,0.6736202827305324,0.5333333333333333,0.0,0.0,0.0,0.0,0.0,0.0,0.0,0.0,0.0,2002,radio,0.5
4,3,lr1e-04_bs16_modL1_fusion64_fusionL1_drop0p2_trmiss50_trlocradio,16,0.0001,1,64,1,0.2,lr1e-04_bs16_modL1_fusion64_fusionL1_drop0p2_trmiss50_trlocradio,33,0.49986591935157776,0.7366068561871847,0.5538793103448275,0.6929770587549658,0.5555555555555556,0.0,0.0,0.0,0.0,0.0,0.0,0.0,0.0,0.0,2002,radio,0.5
4,3,lr1e-04_bs16_modL1_fusion64_fusionL1_drop0p2_trmiss50_trlocradio,16,0.0001,1,64,1,0.2,lr1e-04_bs16_modL1_fusion64_fusionL1_drop0p2_trmiss50_trlocradio,34,0.5276703884204229,0.7414346734682719,0.5387931034482758,0.6629632324425241,0.5777777777777777,0.0,0.0,0.0,0.0,0.0,0.0,0.0,0.0,0.0,2002,radio,0.5
4,3,lr1e-04_bs16_modL1_fusion64_fusionL1_drop0p2_trmiss50_trlocradio,16,0.0001,1,64,1,0.2,lr1e-04_bs16_modL1_fusion64_fusionL1_drop0p2_trmiss50_trlocradio,35,0.4885167603691419,0.7375734448432922,0.5517241379310345,0.6808465780010146,0.5777777777777777,0.0,0.0,0.0,0.0,0.0,0.0,0.0,0.0,0.0,2002,radio,0.5
4,3,lr1e-04_bs16_modL1_fusion64_fusionL1_drop0p2_trmiss50_trlocradio,16,0.0001,1,64,1,0.2,lr1e-04_bs16_modL1_fusion64_fusionL1_drop0p2_trmiss50_trlocradio,36,0.49266354739665985,0.7258455355962118,0.5452586206896551,0.6959275981245627,0.5777777777777777,0.0,0.0,0.0,0.0,0.0,0.0,0.0,0.0,0.0,2002,radio,0.5
4,3,lr1e-04_bs16_modL1_fusion64_fusionL1_drop0p2_trmiss50_trlocradio,16,0.0001,1,64,1,0.2,lr1e-04_bs16_modL1_fusion64_fusionL1_drop0p2_trmiss50_trlocradio,37,0.4949952960014343,0.7064195672671,0.5646551724137931,0.7092565594691642,0.5777777777777777,0.0,0.0,0.0,0.0,0.0,0.0,0.0,0.0,0.0,2002,radio,0.5
4,3,lr1e-04_bs16_modL1_fusion64_fusionL1_drop0p2_trmiss50_trlocradio,16,0.0001,1,64,1,0.2,lr1e-04_bs16_modL1_fusion64_fusionL1_drop0p2_trmiss50_trlocradio,38,0.4836414580543836,0.7171268463134766,0.5387931034482759,0.6954006963683361,0.5555555555555556,0.0,0.0,0.0,0.0,0.0,0.0,0.0,0.0,0.0,2002,radio,0.5
4,3,lr1e-04_bs16_modL1_fusion64_fusionL1_drop0p2_trmiss50_trlocradio,16,0.0001,1,64,1,0.2,lr1e-04_bs16_modL1_fusion64_fusionL1_drop0p2_trmiss50_trlocradio,39,0.480668085316817,0.7286568880081177,0.5431034482758621,0.6980598099457903,0.5777777777777777,0.0,0.0,0.0,0.0,0.0,0.0,0.0,0.0,0.0,2002,radio,0.5
4,3,lr1e-04_bs16_modL1_fusion64_fusionL1_drop0p2_trmiss50_trlocradio,16,0.0001,1,64,1,0.2,lr1e-04_bs16_modL1_fusion64_fusionL1_drop0p2_trmiss50_trlocradio,40,0.49520810693502426,0.7336809635162354,0.5366379310344828,0.6835690066311877,0.5777777777777777,0.0,0.0,0.0,0.0,0.0,0.0,0.0,0.0,0.0,2002,radio,0.5
4,3,lr1e-04_bs16_modL1_fusion64_fusionL1_drop0p2_trmiss50_trlocradio,16,0.0001,1,64,1,0.2,lr1e-04_bs16_modL1_fusion64_fusionL1_drop0p2_trmiss50_trlocradio,41,0.4869203766187032,0.7194867134094238,0.5344827586206896,0.6935040649965527,0.5777777777777777,0.0,0.0,0.0,0.0,0.0,0.0,0.0,0.0,0.0,2002,radio,0.5
4,3,lr1e-04_bs16_modL1_fusion64_fusionL1_drop0p2_trmiss50_trlocradio,16,0.0001,1,64,1,0.2,lr1e-04_bs16_modL1_fusion64_fusionL1_drop0p2_trmiss50_trlocradio,42,0.4845227723320325,0.7332765658696493,0.5452586206896551,0.6853174274315413,0.5777777777777777,0.0,0.0,0.0,0.0,0.0,0.0,0.0,0.0,0.0,2002,radio,0.5
4,3,lr1e-04_bs16_modL1_fusion64_fusionL1_drop0p2_trmiss50_trlocradio,16,0.0001,1,64,1,0.2,lr1e-04_bs16_modL1_fusion64_fusionL1_drop0p2_trmiss50_trlocradio,43,0.47176411002874374,0.719617505868276,0.543103448275862,0.6831860293485112,0.5777777777777777,0.0,0.0,0.0,0.0,0.0,0.0,0.0,0.0,0.0,2002,radio,0.5
4,3,lr1e-04_bs16_modL1_fusion64_fusionL1_drop0p2_trmiss50_trlocradio,16,0.0001,1,64,1,0.2,lr1e-04_bs16_modL1_fusion64_fusionL1_drop0p2_trmiss50_trlocradio,44,0.5017311175664266,0.7273497581481934,0.5366379310344828,0.6792524732928655,0.5555555555555556,0.0,0.0,0.0,0.0,0.0,0.0,0.0,0.0,0.0,2002,radio,0.5
4,3,lr1e-04_bs16_modL1_fusion64_fusionL1_drop0p2_trmiss50_trlocradio,16,0.0001,1,64,1,0.2,lr1e-04_bs16_modL1_fusion64_fusionL1_drop0p2_trmiss50_trlocradio,45,0.47620653609434765,0.7113511562347412,0.5452586206896551,0.6898688683920193,0.5777777777777777,0.0,0.0,0.0,0.0,0.0,0.0,0.0,0.0,0.0,2002,radio,0.5
4,3,lr1e-04_bs16_modL1_fusion64_fusionL1_drop0p2_trmiss50_trlocradio,16,0.0001,1,64,1,0.2,lr1e-04_bs16_modL1_fusion64_fusionL1_drop0p2_trmiss50_trlocradio,46,0.47463512669006985,0.7295063734054565,0.5280172413793104,0.6904528450091563,0.5555555555555556,0.0,0.0,0.0,0.0,0.0,0.0,0.0,0.0,0.0,2002,radio,0.5
4,3,lr1e-04_bs16_modL1_fusion64_fusionL1_drop0p2_trmiss50_trlocradio,16,0.0001,1,64,1,0.2,lr1e-04_bs16_modL1_fusion64_fusionL1_drop0p2_trmiss50_trlocradio,47,0.4636765196919441,0.7168081204096476,0.5452586206896552,0.7005146764105508,0.5555555555555556,0.0,0.0,0.0,0.0,0.0,0.0,0.0,0.0,0.0,2002,radio,0.5
4,3,lr1e-04_bs16_modL1_fusion64_fusionL1_drop0p2_trmiss50_trlocradio,16,0.0001,1,64,1,0.2,lr1e-04_bs16_modL1_fusion64_fusionL1_drop0p2_trmiss50_trlocradio,48,0.4695800493160884,0.7322828571001688,0.5495689655172413,0.7026014765563843,0.5555555555555556,0.0,0.0,0.0,0.0,0.0,0.0,0.0,0.0,0.0,2002,radio,0.5
4,3,lr1e-04_bs16_modL1_fusion64_fusionL1_drop0p2_trmiss50_trlocradio,16,0.0001,1,64,1,0.2,lr1e-04_bs16_modL1_fusion64_fusionL1_drop0p2_trmiss50_trlocradio,49,0.4948615034421285,0.7129472494125366,0.5495689655172413,0.676238472832602,0.6,0.0,0.0,0.0,0.0,0.0,0.0,0.0,0.0,0.0,2002,radio,0.5
4,3,lr1e-04_bs16_modL1_fusion64_fusionL1_drop0p2_trmiss50_trlocradio,16,0.0001,1,64,1,0.2,lr1e-04_bs16_modL1_fusion64_fusionL1_drop0p2_trmiss50_trlocradio,50,0.4737815385063489,0.7254460056622823,0.5387931034482758,0.6814051889251052,0.5555555555555556,0.0,0.0,0.0,0.0,0.0,0.0,0.0,0.0,0.0,2002,radio,0.5
4,3,lr1e-04_bs16_modL1_fusion64_fusionL1_drop0p2_trmiss50_trlocradio,16,0.0001,1,64,1,0.2,lr1e-04_bs16_modL1_fusion64_fusionL1_drop0p2_trmiss50_trlocradio,51,0.49540120363235474,0.7225435376167297,0.5431034482758621,0.6654094516065379,0.5777777777777777,0.0,0.0,0.0,0.0,0.0,0.0,0.0,0.0,0.0,2002,radio,0.5
4,3,lr1e-04_bs16_modL1_fusion64_fusionL1_drop0p2_trmiss50_trlocradio,16,0.0001,1,64,1,0.2,lr1e-04_bs16_modL1_fusion64_fusionL1_drop0p2_trmiss50_trlocradio,52,0.4639676709969838,0.7168376048405966,0.5603448275862069,0.6782466883366558,0.5777777777777777,0.0,0.0,0.0,0.0,0.0,0.0,0.0,0.0,0.0,2002,radio,0.5
4,3,lr1e-04_bs16_modL1_fusion64_fusionL1_drop0p2_trmiss50_trlocradio,16,0.0001,1,64,1,0.2,lr1e-04_bs16_modL1_fusion64_fusionL1_drop0p2_trmiss50_trlocradio,53,0.4746001785000165,0.717366615931193,0.5538793103448276,0.6920810384507249,0.5555555555555556,0.0,0.0,0.0,0.0,0.0,0.0,0.0,0.0,0.0,2002,radio,0.5
4,3,lr1e-04_bs16_modL1_fusion64_fusionL1_drop0p2_trmiss50_trlocradio,16,0.0001,1,64,1,0.2,lr1e-04_bs16_modL1_fusion64_fusionL1_drop0p2_trmiss50_trlocradio,54,0.4655106191833814,0.7187916239102682,0.5581896551724138,0.7049025634376231,0.5777777777777777,0.0,0.0,0.0,0.0,0.0,0.0,0.0,0.0,0.0,2002,radio,0.5
4,3,lr1e-04_bs16_modL1_fusion64_fusionL1_drop0p2_trmiss50_trlocradio,16,0.0001,1,64,1,0.2,lr1e-04_bs16_modL1_fusion64_fusionL1_drop0p2_trmiss50_trlocradio,55,0.4591725245118141,0.7172033190727234,0.5538793103448276,0.6927993215158695,0.5777777777777777,0.0,0.0,0.0,0.0,0.0,0.0,0.0,0.0,0.0,2002,radio,0.5
4,3,lr1e-04_bs16_modL1_fusion64_fusionL1_drop0p2_trmiss50_trlocradio,16,0.0001,1,64,1,0.2,lr1e-04_bs16_modL1_fusion64_fusionL1_drop0p2_trmiss50_trlocradio,56,0.44512862463792163,0.7198086380958557,0.5495689655172413,0.6716501457782665,0.5777777777777777,0.0,0.0,0.0,0.0,0.0,0.0,0.0,0.0,0.0,2002,radio,0.5
4,3,lr1e-04_bs16_modL1_fusion64_fusionL1_drop0p2_trmiss50_trlocradio,16,0.0001,1,64,1,0.2,lr1e-04_bs16_modL1_fusion64_fusionL1_drop0p2_trmiss50_trlocradio,57,0.4796898439526558,0.7318645119667053,0.540948275862069,0.669685354697234,0.5555555555555556,0.0,0.0,0.0,0.0,0.0,0.0,0.0,0.0,0.0,2002,radio,0.5
4,3,lr1e-04_bs16_modL1_fusion64_fusionL1_drop0p1_trmiss50_trlocradio,16,0.0001,1,64,1,0.1,lr1e-04_bs16_modL1_fusion64_fusionL1_drop0p1_trmiss50_trlocradio,1,0.6744798719882965,0.685222864151001,0.5905172413793103,0.7318552728411181,0.6444444444444445,0.0,0.0,0.0,0.0,0.0,0.0,0.0,0.0,0.0,2002,radio,0.5
4,3,lr1e-04_bs16_modL1_fusion64_fusionL1_drop0p1_trmiss50_trlocradio,16,0.0001,1,64,1,0.1,lr1e-04_bs16_modL1_fusion64_fusionL1_drop0p1_trmiss50_trlocradio,2,0.6540379077196121,0.6989379525184631,0.5905172413793104,0.7287532688618312,0.5777777777777777,0.0,0.0,0.0,0.0,0.0,0.0,0.0,0.0,0.0,2002,radio,0.5
4,3,lr1e-04_bs16_modL1_fusion64_fusionL1_drop0p1_trmiss50_trlocradio,16,0.0001,1,64,1,0.1,lr1e-04_bs16_modL1_fusion64_fusionL1_drop0p1_trmiss50_trlocradio,3,0.6384339034557343,0.7022639513015747,0.603448275862069,0.7375169575509866,0.5777777777777777,0.0,0.0,0.0,0.0,0.0,0.0,0.0,0.0,0.0,2002,radio,0.5
4,3,lr1e-04_bs16_modL1_fusion64_fusionL1_drop0p1_trmiss50_trlocradio,16,0.0001,1,64,1,0.1,lr1e-04_bs16_modL1_fusion64_fusionL1_drop0p1_trmiss50_trlocradio,4,0.6043108801047007,0.7085832556088766,0.5862068965517242,0.7238937493345678,0.5555555555555556,0.0,0.0,0.0,0.0,0.0,0.0,0.0,0.0,0.0,2002,radio,0.5
4,3,lr1e-04_bs16_modL1_fusion64_fusionL1_drop0p1_trmiss50_trlocradio,16,0.0001,1,64,1,0.1,lr1e-04_bs16_modL1_fusion64_fusionL1_drop0p1_trmiss50_trlocradio,5,0.5705454597870508,0.6942877173423767,0.5883620689655172,0.7198319885849536,0.6,0.0,0.0,0.0,0.0,0.0,0.0,0.0,0.0,0.0,2002,radio,0.5
4,3,lr1e-04_bs16_modL1_fusion64_fusionL1_drop0p1_trmiss50_trlocradio,16,0.0001,1,64,1,0.1,lr1e-04_bs16_modL1_fusion64_fusionL1_drop0p1_trmiss50_trlocradio,6,0.5433182766040167,0.7041947841644287,0.5668103448275862,0.7069690479043624,0.5555555555555556,0.0,0.0,0.0,0.0,0.0,0.0,0.0,0.0,0.0,2002,radio,0.5
4,3,lr1e-04_bs16_modL1_fusion64_fusionL1_drop0p1_trmiss50_trlocradio,16,0.0001,1,64,1,0.1,lr1e-04_bs16_modL1_fusion64_fusionL1_drop0p1_trmiss50_trlocradio,7,0.5450154294570287,0.6907880703608195,0.5775862068965517,0.7134940975894781,0.5555555555555556,0.0,0.0,0.0,0.0,0.0,0.0,0.0,0.0,0.0,2002,radio,0.5
4,3,lr1e-04_bs16_modL1_fusion64_fusionL1_drop0p1_trmiss50_trlocradio,16,0.0001,1,64,1,0.1,lr1e-04_bs16_modL1_fusion64_fusionL1_drop0p1_trmiss50_trlocradio,8,0.5018373901645342,0.6958717107772827,0.5625,0.6987278522863347,0.5777777777777777,0.0,0.0,0.0,0.0,0.0,0.0,0.0,0.0,0.0,2002,radio,0.5
4,3,lr1e-04_bs16_modL1_fusion64_fusionL1_drop0p1_trmiss50_trlocradio,16,0.0001,1,64,1,0.1,lr1e-04_bs16_modL1_fusion64_fusionL1_drop0p1_trmiss50_trlocradio,9,0.5349941452344259,0.6897502342859904,0.5668103448275862,0.7052609879420049,0.5777777777777777,0.0,0.0,0.0,0.0,0.0,0.0,0.0,0.0,0.0,2002,radio,0.5
4,3,lr1e-04_bs16_modL1_fusion64_fusionL1_drop0p1_trmiss50_trlocradio,16,0.0001,1,64,1,0.1,lr1e-04_bs16_modL1_fusion64_fusionL1_drop0p1_trmiss50_trlocradio,10,0.486862875521183,0.6830123861630758,0.5818965517241379,0.71226039339977,0.5333333333333333,0.0,0.0,0.0,0.0,0.0,0.0,0.0,0.0,0.0,2002,radio,0.5
4,3,lr1e-04_bs16_modL1_fusion64_fusionL1_drop0p1_trmiss50_trlocradio,16,0.0001,1,64,1,0.1,lr1e-04_bs16_modL1_fusion64_fusionL1_drop0p1_trmiss50_trlocradio,11,0.5005954305330912,0.693223218123118,0.5883620689655172,0.7153624549418294,0.5555555555555556,0.0,0.0,0.0,0.0,0.0,0.0,0.0,0.0,0.0,2002,radio,0.5
4,3,lr1e-04_bs16_modL1_fusion64_fusionL1_drop0p1_trmiss50_trlocradio,16,0.0001,1,64,1,0.1,lr1e-04_bs16_modL1_fusion64_fusionL1_drop0p1_trmiss50_trlocradio,12,0.49548107385635376,0.6688991785049438,0.5818965517241379,0.7035078563686552,0.6,0.0,0.0,0.0,0.0,0.0,0.0,0.0,0.0,0.0,2002,radio,0.5
4,3,lr1e-04_bs16_modL1_fusion64_fusionL1_drop0p1_trmiss50_trlocradio,16,0.0001,1,64,1,0.1,lr1e-04_bs16_modL1_fusion64_fusionL1_drop0p1_trmiss50_trlocradio,13,0.49164635439713794,0.6891852617263794,0.5560344827586207,0.6863431310496254,0.5555555555555556,0.0,0.0,0.0,0.0,0.0,0.0,0.0,0.0,0.0,2002,radio,0.5
4,3,lr1e-04_bs16_modL1_fusion64_fusionL1_drop0p1_trmiss50_trlocradio,16,0.0001,1,64,1,0.1,lr1e-04_bs16_modL1_fusion64_fusionL1_drop0p1_trmiss50_trlocradio,14,0.46597002695004147,0.691235343615214,0.584051724137931,0.7089324165539511,0.5333333333333333,0.0,0.0,0.0,0.0,0.0,0.0,0.0,0.0,0.0,2002,radio,0.5
4,3,lr1e-04_bs16_modL1_fusion64_fusionL1_drop0p1_trmiss50_trlocradio,16,0.0001,1,64,1,0.1,lr1e-04_bs16_modL1_fusion64_fusionL1_drop0p1_trmiss50_trlocradio,15,0.44781551013390225,0.6917719642321268,0.5711206896551725,0.7002467255766429,0.5333333333333333,0.0,0.0,0.0,0.0,0.0,0.0,0.0,0.0,0.0,2002,radio,0.5
4,3,lr1e-04_bs16_modL1_fusion64_fusionL1_drop0p1_trmiss50_trlocradio,16,0.0001,1,64,1,0.1,lr1e-04_bs16_modL1_fusion64_fusionL1_drop0p1_trmiss50_trlocradio,16,0.45346511403719586,0.6997455358505249,0.5775862068965517,0.6975754941525693,0.6,0.0,0.0,0.0,0.0,0.0,0.0,0.0,0.0,0.0,2002,radio,0.5
4,3,lr1e-04_bs16_modL1_fusion64_fusionL1_drop0p1_trmiss50_trlocradio,16,0.0001,1,64,1,0.1,lr1e-04_bs16_modL1_fusion64_fusionL1_drop0p1_trmiss50_trlocradio,17,0.43819422523180646,0.6834381421407064,0.5818965517241379,0.6991666892688668,0.5333333333333333,0.0,0.0,0.0,0.0,0.0,0.0,0.0,0.0,0.0,2002,radio,0.5
4,3,lr1e-04_bs16_modL1_fusion64_fusionL1_drop0p1_trmiss50_trlocradio,16,0.0001,1,64,1,0.1,lr1e-04_bs16_modL1_fusion64_fusionL1_drop0p1_trmiss50_trlocradio,18,0.42268335819244385,0.6849576036135355,0.5711206896551724,0.697182466594989,0.5555555555555556,0.0,0.0,0.0,0.0,0.0,0.0,0.0,0.0,0.0,2002,radio,0.5
4,3,lr1e-04_bs16_modL1_fusion64_fusionL1_drop0p1_trmiss50_trlocradio,16,0.0001,1,64,1,0.1,lr1e-04_bs16_modL1_fusion64_fusionL1_drop0p1_trmiss50_trlocradio,19,0.43299832940101624,0.6948439280192057,0.5862068965517242,0.7072766385375382,0.5777777777777777,0.0,0.0,0.0,0.0,0.0,0.0,0.0,0.0,0.0,2002,radio,0.5
4,3,lr1e-04_bs16_modL1_fusion64_fusionL1_drop0p1_trmiss50_trlocradio,16,0.0001,1,64,1,0.1,lr1e-04_bs16_modL1_fusion64_fusionL1_drop0p1_trmiss50_trlocradio,20,0.4343387757738431,0.6936416625976562,0.603448275862069,0.7155351934955225,0.6222222222222222,0.0,0.0,0.0,0.0,0.0,0.0,0.0,0.0,0.0,2002,radio,0.5
4,3,lr1e-04_bs16_modL1_fusion64_fusionL1_drop0p1_trmiss50_trlocradio,16,0.0001,1,64,1,0.1,lr1e-04_bs16_modL1_fusion64_fusionL1_drop0p1_trmiss50_trlocradio,21,0.42156243324279785,0.6950136423110962,0.5948275862068966,0.713005096755378,0.5777777777777777,0.0,0.0,0.0,0.0,0.0,0.0,0.0,0.0,0.0,2002,radio,0.5
4,3,lr1e-04_bs16_modL1_fusion64_fusionL1_drop0p1_trmiss50_trlocradio,16,0.0001,1,64,1,0.1,lr1e-04_bs16_modL1_fusion64_fusionL1_drop0p1_trmiss50_trlocradio,22,0.4216662322481473,0.6868196527163187,0.6012931034482759,0.7127593879147693,0.5777777777777777,0.0,0.0,0.0,0.0,0.0,0.0,0.0,0.0,0.0,2002,radio,0.5
4,3,lr1e-04_bs16_modL1_fusion64_fusionL1_drop0p1_trmiss50_trlocradio,16,0.0001,1,64,1,0.1,lr1e-04_bs16_modL1_fusion64_fusionL1_drop0p1_trmiss50_trlocradio,23,0.40574860324462253,0.683546245098114,0.6056034482758621,0.7147891894376357,0.6,0.0,0.0,0.0,0.0,0.0,0.0,0.0,0.0,0.0,2002,radio,0.5
4,3,lr1e-04_bs16_modL1_fusion64_fusionL1_drop0p1_trmiss50_trlocradio,16,0.0001,1,64,1,0.1,lr1e-04_bs16_modL1_fusion64_fusionL1_drop0p1_trmiss50_trlocradio,24,0.42836495488882065,0.6709407369295756,0.605603448275862,0.7169710181822124,0.5777777777777777,0.0,0.0,0.0,0.0,0.0,0.0,0.0,0.0,0.0,2002,radio,0.5
4,3,lr1e-04_bs16_modL1_fusion64_fusionL1_drop0p1_trmiss50_trlocradio,16,0.0001,1,64,1,0.1,lr1e-04_bs16_modL1_fusion64_fusionL1_drop0p1_trmiss50_trlocradio,25,0.3970247606436412,0.6739490628242493,0.6099137931034482,0.7360937146844697,0.5555555555555556,0.0,0.0,0.0,0.0,0.0,0.0,0.0,0.0,0.0,2002,radio,0.5
4,3,lr1e-04_bs16_modL1_fusion64_fusionL1_drop0p1_trmiss50_trlocradio,16,0.0001,1,64,1,0.1,lr1e-04_bs16_modL1_fusion64_fusionL1_drop0p1_trmiss50_trlocradio,26,0.4027658825119336,0.6953653494517008,0.5969827586206896,0.7258914718403747,0.5555555555555556,0.0,0.0,0.0,0.0,0.0,0.0,0.0,0.0,0.0,2002,radio,0.5
4,3,lr1e-04_bs16_modL1_fusion64_fusionL1_drop0p1_trmiss50_trlocradio,16,0.0001,1,64,1,0.1,lr1e-04_bs16_modL1_fusion64_fusionL1_drop0p1_trmiss50_trlocradio,27,0.4065982401371002,0.6808277169863383,0.5991379310344828,0.7223701363441117,0.5333333333333333,0.0,0.0,0.0,0.0,0.0,0.0,0.0,0.0,0.0,2002,radio,0.5
4,3,lr1e-04_bs16_modL1_fusion64_fusionL1_drop0p1_trmiss50_trlocradio,16,0.0001,1,64,1,0.1,lr1e-04_bs16_modL1_fusion64_fusionL1_drop0p1_trmiss50_trlocradio,28,0.390999714533488,0.6859307090441386,0.5905172413793103,0.7002099508511217,0.5555555555555556,0.0,0.0,0.0,0.0,0.0,0.0,0.0,0.0,0.0,2002,radio,0.5
4,3,lr1e-04_bs16_modL1_fusion64_fusionL1_drop0p1_trmiss50_trlocradio,16,0.0001,1,64,1,0.1,lr1e-04_bs16_modL1_fusion64_fusionL1_drop0p1_trmiss50_trlocradio,29,0.39415136476357776,0.681695302327474,0.5969827586206896,0.7138028449490712,0.5555555555555556,0.0,0.0,0.0,0.0,0.0,0.0,0.0,0.0,0.0,2002,radio,0.5
4,3,lr1e-04_bs16_modL1_fusion64_fusionL1_drop0p1_trmiss50_trlocradio,16,0.0001,1,64,1,0.1,lr1e-04_bs16_modL1_fusion64_fusionL1_drop0p1_trmiss50_trlocradio,30,0.4065342918038368,0.6805979410807291,0.6012931034482758,0.7267859067887572,0.5333333333333333,0.0,0.0,0.0,0.0,0.0,0.0,0.0,0.0,0.0,2002,radio,0.5
4,3,lr1e-04_bs16_modL1_fusion64_fusionL1_drop0p1_trmiss50_trlocradio,16,0.0001,1,64,1,0.1,lr1e-04_bs16_modL1_fusion64_fusionL1_drop0p1_trmiss50_trlocradio,31,0.37332643816868466,0.6756770809491476,0.6056034482758621,0.7343411114906517,0.5555555555555556,0.0,0.0,0.0,0.0,0.0,0.0,0.0,0.0,0.0,2002,radio,0.5
4,3,lr1e-04_bs16_modL1_fusion64_fusionL1_drop0p1_trmiss50_trlocradio,16,0.0001,1,64,1,0.1,lr1e-04_bs16_modL1_fusion64_fusionL1_drop0p1_trmiss50_trlocradio,32,0.38935689876476925,0.6769755283991495,0.6185344827586207,0.7429160835127259,0.5555555555555556,0.0,0.0,0.0,0.0,0.0,0.0,0.0,0.0,0.0,2002,radio,0.5
4,3,lr1e-04_bs16_modL1_fusion64_fusionL1_drop0p1_trmiss50_trlocradio,16,0.0001,1,64,1,0.1,lr1e-04_bs16_modL1_fusion64_fusionL1_drop0p1_trmiss50_trlocradio,33,0.39619266986846924,0.6664361159006754,0.6077586206896551,0.7242074483063009,0.5777777777777777,0.0,0.0,0.0,0.0,0.0,0.0,0.0,0.0,0.0,2002,radio,0.5
4,3,lr1e-04_bs16_modL1_fusion64_fusionL1_drop0p1_trmiss50_trlocradio,16,0.0001,1,64,1,0.1,lr1e-04_bs16_modL1_fusion64_fusionL1_drop0p1_trmiss50_trlocradio,34,0.397050308684508,0.6702478329340616,0.5926724137931034,0.7230247680280611,0.5333333333333333,0.0,0.0,0.0,0.0,0.0,0.0,0.0,0.0,0.0,2002,radio,0.5
4,3,lr1e-04_bs16_modL1_fusion64_fusionL1_drop0p1_trmiss50_trlocradio,16,0.0001,1,64,1,0.1,lr1e-04_bs16_modL1_fusion64_fusionL1_drop0p1_trmiss50_trlocradio,35,0.3985509251554807,0.6882473031679789,0.5948275862068966,0.7243050505413958,0.5777777777777777,0.0,0.0,0.0,0.0,0.0,0.0,0.0,0.0,0.0,2002,radio,0.5
4,3,lr1e-04_bs16_modL1_fusion64_fusionL1_drop0p1_trmiss50_trlocradio,16,0.0001,1,64,1,0.1,lr1e-04_bs16_modL1_fusion64_fusionL1_drop0p1_trmiss50_trlocradio,36,0.38325778394937515,0.6858082016309103,0.5948275862068966,0.7312308169814841,0.5555555555555556,0.0,0.0,0.0,0.0,0.0,0.0,0.0,0.0,0.0,2002,radio,0.5
4,3,lr1e-04_bs16_modL1_fusion64_fusionL1_drop0p1_trmiss50_trlocradio,16,0.0001,1,64,1,0.1,lr1e-04_bs16_modL1_fusion64_fusionL1_drop0p1_trmiss50_trlocradio,37,0.381268506248792,0.6756638884544373,0.5948275862068966,0.7311565364065454,0.5333333333333333,0.0,0.0,0.0,0.0,0.0,0.0,0.0,0.0,0.0,2002,radio,0.5
4,3,lr1e-04_bs16_modL1_fusion64_fusionL1_drop0p1_trmiss50_trlocradio,16,0.0001,1,64,1,0.1,lr1e-04_bs16_modL1_fusion64_fusionL1_drop0p1_trmiss50_trlocradio,38,0.38432858884334564,0.6744754910469055,0.6056034482758621,0.7371023095191296,0.5555555555555556,0.0,0.0,0.0,0.0,0.0,0.0,0.0,0.0,0.0,2002,radio,0.5
4,3,lr1e-04_bs16_modL1_fusion64_fusionL1_drop0p1_trmiss50_trlocradio,16,0.0001,1,64,1,0.1,lr1e-04_bs16_modL1_fusion64_fusionL1_drop0p1_trmiss50_trlocradio,39,0.39274051785469055,0.6760683655738831,0.5969827586206897,0.7323574998253318,0.5333333333333333,0.0,0.0,0.0,0.0,0.0,0.0,0.0,0.0,0.0,2002,radio,0.5
4,3,lr1e-04_bs16_modL1_fusion64_fusionL1_drop0p1_trmiss50_trlocradio,16,0.0001,1,64,1,0.1,lr1e-04_bs16_modL1_fusion64_fusionL1_drop0p1_trmiss50_trlocradio,40,0.39569953083992004,0.6778646111488342,0.6077586206896552,0.7364300515422375,0.5333333333333333,0.0,0.0,0.0,0.0,0.0,0.0,0.0,0.0,0.0,2002,radio,0.5
4,3,lr1e-04_bs16_modL1_fusion64_fusionL1_drop0p1_trmiss50_trlocradio,16,0.0001,1,64,1,0.1,lr1e-04_bs16_modL1_fusion64_fusionL1_drop0p1_trmiss50_trlocradio,41,0.38887924204270047,0.6714017192522684,0.603448275862069,0.737602167020919,0.5555555555555556,0.0,0.0,0.0,0.0,0.0,0.0,0.0,0.0,0.0,2002,radio,0.5
4,3,lr1e-04_bs16_modL1_fusion64_fusionL1_drop0p1_trmiss50_trlocradio,16,0.0001,1,64,1,0.1,lr1e-04_bs16_modL1_fusion64_fusionL1_drop0p1_trmiss50_trlocradio,42,0.3766499658425649,0.6869583328564962,0.603448275862069,0.7356976478936903,0.5333333333333333,0.0,0.0,0.0,0.0,0.0,0.0,0.0,0.0,0.0,2002,radio,0.5
4,3,lr1e-04_bs16_modL1_fusion64_fusionL1_drop0p1_trmiss50_trlocradio,16,0.0001,1,64,1,0.1,lr1e-04_bs16_modL1_fusion64_fusionL1_drop0p1_trmiss50_trlocradio,43,0.37907828638950986,0.6821399728457133,0.6012931034482758,0.7344401061044948,0.5333333333333333,0.0,0.0,0.0,0.0,0.0,0.0,0.0,0.0,0.0,2002,radio,0.5
4,3,lr1e-04_bs16_modL1_fusion64_fusionL1_drop0p1_trmiss50_trlocradio,16,0.0001,1,64,1,0.1,lr1e-04_bs16_modL1_fusion64_fusionL1_drop0p1_trmiss50_trlocradio,44,0.38608970244725543,0.6868054668108622,0.5969827586206897,0.7318795808900627,0.5555555555555556,0.0,0.0,0.0,0.0,0.0,0.0,0.0,0.0,0.0,2002,radio,0.5
4,3,lr1e-04_bs16_modL1_fusion64_fusionL1_drop0p1_trmiss50_trlocradio,16,0.0001,1,64,1,0.1,lr1e-04_bs16_modL1_fusion64_fusionL1_drop0p1_trmiss50_trlocradio,45,0.38219259927670163,0.6873712340990702,0.5926724137931034,0.7288947556729326,0.5555555555555556,0.0,0.0,0.0,0.0,0.0,0.0,0.0,0.0,0.0,2002,radio,0.5
4,3,lr1e-04_bs16_modL1_fusion64_fusionL1_drop0p1_trmiss50_trlocradio,16,0.0001,1,64,1,0.1,lr1e-04_bs16_modL1_fusion64_fusionL1_drop0p1_trmiss50_trlocradio,46,0.4010249351461728,0.6821499864260355,0.5969827586206896,0.7301362767696276,0.5555555555555556,0.0,0.0,0.0,0.0,0.0,0.0,0.0,0.0,0.0,2002,radio,0.5
4,3,lr1e-04_bs16_modL1_fusion64_fusionL1_drop0p1_trmiss50_trlocradio,16,0.0001,1,64,1,0.1,lr1e-04_bs16_modL1_fusion64_fusionL1_drop0p1_trmiss50_trlocradio,47,0.38516905158758163,0.6849074761072794,0.6099137931034483,0.7371480072991599,0.5555555555555556,0.0,0.0,0.0,0.0,0.0,0.0,0.0,0.0,0.0,2002,radio,0.5
4,3,lr1e-04_bs16_modL1_fusion64_fusionL1_drop0p1_trmiss50_trlocradio,16,0.0001,1,64,1,0.1,lr1e-04_bs16_modL1_fusion64_fusionL1_drop0p1_trmiss50_trlocradio,48,0.3995489353934924,0.6832459966341654,0.6077586206896551,0.7343468049477326,0.5555555555555556,0.0,0.0,0.0,0.0,0.0,0.0,0.0,0.0,0.0,2002,radio,0.5
4,3,lr1e-04_bs16_modL1_fusion64_fusionL1_drop0p1_trmiss50_trlocradio,16,0.0001,1,64,1,0.1,lr1e-04_bs16_modL1_fusion64_fusionL1_drop0p1_trmiss50_trlocradio,49,0.40029383450746536,0.6940891941388448,0.603448275862069,0.7341207775985021,0.5555555555555556,0.0,0.0,0.0,0.0,0.0,0.0,0.0,0.0,0.0,2002,radio,0.5
4,3,lr1e-04_bs16_modL1_fusion64_fusionL1_drop0p1_trmiss50_trlocradio,16,0.0001,1,64,1,0.1,lr1e-04_bs16_modL1_fusion64_fusionL1_drop0p1_trmiss50_trlocradio,50,0.37909217178821564,0.6830357511838278,0.6012931034482758,0.7328519315020698,0.5555555555555556,0.0,0.0,0.0,0.0,0.0,0.0,0.0,0.0,0.0,2002,radio,0.5
4,3,lr1e-04_bs16_modL1_fusion64_fusionL1_drop0p1_trmiss50_trlocradio,16,0.0001,1,64,1,0.1,lr1e-04_bs16_modL1_fusion64_fusionL1_drop0p1_trmiss50_trlocradio,51,0.3818706348538399,0.6877174774805704,0.5969827586206897,0.7122008709196592,0.5777777777777777,0.0,0.0,0.0,0.0,0.0,0.0,0.0,0.0,0.0,2002,radio,0.5
4,3,lr1e-04_bs16_modL1_fusion64_fusionL1_drop0p1_trmiss50_trlocradio,16,0.0001,1,64,1,0.1,lr1e-04_bs16_modL1_fusion64_fusionL1_drop0p1_trmiss50_trlocradio,52,0.37793009479840595,0.6889186302820841,0.5948275862068966,0.7307180954185968,0.5555555555555556,0.0,0.0,0.0,0.0,0.0,0.0,0.0,0.0,0.0,2002,radio,0.5
4,3,lr5e-05_bs32_modL1_fusion32_fusionL1_drop0p2_trmiss50_trlocradio,32,5e-05,1,32,1,0.2,lr5e-05_bs32_modL1_fusion32_fusionL1_drop0p2_trmiss50_trlocradio,1,0.6952484746774038,0.6826529800891876,0.5668103448275862,0.7282773948854769,0.5777777777777777,0.0,0.0,0.0,0.0,0.0,0.0,0.0,0.0,0.0,2002,radio,0.5
4,3,lr5e-05_bs32_modL1_fusion32_fusionL1_drop0p2_trmiss50_trlocradio,32,5e-05,1,32,1,0.2,lr5e-05_bs32_modL1_fusion32_fusionL1_drop0p2_trmiss50_trlocradio,2,0.6839275062084198,0.6832852065563202,0.5560344827586207,0.7074896348358646,0.6,0.0,0.0,0.0,0.0,0.0,0.0,0.0,0.0,0.0,2002,radio,0.5
4,3,lr5e-05_bs32_modL1_fusion32_fusionL1_drop0p2_trmiss50_trlocradio,32,5e-05,1,32,1,0.2,lr5e-05_bs32_modL1_fusion32_fusionL1_drop0p2_trmiss50_trlocradio,3,0.6537136733531952,0.6829243004322052,0.5603448275862069,0.7079385569093979,0.5555555555555556,0.0,0.0,0.0,0.0,0.0,0.0,0.0,0.0,0.0,2002,radio,0.5
4,3,lr5e-05_bs32_modL1_fusion32_fusionL1_drop0p2_trmiss50_trlocradio,32,5e-05,1,32,1,0.2,lr5e-05_bs32_modL1_fusion32_fusionL1_drop0p2_trmiss50_trlocradio,4,0.6455734570821127,0.6856920719146729,0.5668103448275862,0.712672643116341,0.5555555555555556,0.0,0.0,0.0,0.0,0.0,0.0,0.0,0.0,0.0,2002,radio,0.5
4,3,lr5e-05_bs32_modL1_fusion32_fusionL1_drop0p2_trmiss50_trlocradio,32,5e-05,1,32,1,0.2,lr5e-05_bs32_modL1_fusion32_fusionL1_drop0p2_trmiss50_trlocradio,5,0.6391850113868713,0.682448536157608,0.5668103448275862,0.6868133785807838,0.5555555555555556,0.0,0.0,0.0,0.0,0.0,0.0,0.0,0.0,0.0,2002,radio,0.5
4,3,lr5e-05_bs32_modL1_fusion32_fusionL1_drop0p2_trmiss50_trlocradio,32,5e-05,1,32,1,0.2,lr5e-05_bs32_modL1_fusion32_fusionL1_drop0p2_trmiss50_trlocradio,6,0.6195659339427948,0.6805796325206757,0.5818965517241379,0.6885097019974973,0.5555555555555556,0.0,0.0,0.0,0.0,0.0,0.0,0.0,0.0,0.0,2002,radio,0.5
4,3,lr5e-05_bs32_modL1_fusion32_fusionL1_drop0p2_trmiss50_trlocradio,32,5e-05,1,32,1,0.2,lr5e-05_bs32_modL1_fusion32_fusionL1_drop0p2_trmiss50_trlocradio,7,0.5985618432362875,0.6744476556777954,0.607758620689655,0.7187459408782905,0.5777777777777777,0.0,0.0,0.0,0.0,0.0,0.0,0.0,0.0,0.0,2002,radio,0.5
4,3,lr5e-05_bs32_modL1_fusion32_fusionL1_drop0p2_trmiss50_trlocradio,32,5e-05,1,32,1,0.2,lr5e-05_bs32_modL1_fusion32_fusionL1_drop0p2_trmiss50_trlocradio,8,0.5937684873739878,0.6741518378257751,0.605603448275862,0.7328641603516363,0.5777777777777777,0.0,0.0,0.0,0.0,0.0,0.0,0.0,0.0,0.0,2002,radio,0.5
4,3,lr5e-05_bs32_modL1_fusion32_fusionL1_drop0p2_trmiss50_trlocradio,32,5e-05,1,32,1,0.2,lr5e-05_bs32_modL1_fusion32_fusionL1_drop0p2_trmiss50_trlocradio,9,0.5778911809126536,0.6798843741416931,0.5991379310344827,0.7270656827946906,0.6222222222222222,0.0,0.0,0.0,0.0,0.0,0.0,0.0,0.0,0.0,2002,radio,0.5
4,3,lr5e-05_bs32_modL1_fusion32_fusionL1_drop0p2_trmiss50_trlocradio,32,5e-05,1,32,1,0.2,lr5e-05_bs32_modL1_fusion32_fusionL1_drop0p2_trmiss50_trlocradio,10,0.593739777803421,0.678729385137558,0.603448275862069,0.7341911705273103,0.6222222222222222,0.0,0.0,0.0,0.0,0.0,0.0,0.0,0.0,0.0,2002,radio,0.5
4,3,lr5e-05_bs32_modL1_fusion32_fusionL1_drop0p2_trmiss50_trlocradio,32,5e-05,1,32,1,0.2,lr5e-05_bs32_modL1_fusion32_fusionL1_drop0p2_trmiss50_trlocradio,11,0.5728562076886495,0.677360475063324,0.603448275862069,0.7336438388844442,0.6,0.0,0.0,0.0,0.0,0.0,0.0,0.0,0.0,0.0,2002,radio,0.5
4,3,lr5e-05_bs32_modL1_fusion32_fusionL1_drop0p2_trmiss50_trlocradio,32,5e-05,1,32,1,0.2,lr5e-05_bs32_modL1_fusion32_fusionL1_drop0p2_trmiss50_trlocradio,12,0.5659720053275427,0.677423745393753,0.6163793103448275,0.7456686903266558,0.6444444444444445,0.0,0.0,0.0,0.0,0.0,0.0,0.0,0.0,0.0,2002,radio,0.5
4,3,lr5e-05_bs32_modL1_fusion32_fusionL1_drop0p2_trmiss50_trlocradio,32,5e-05,1,32,1,0.2,lr5e-05_bs32_modL1_fusion32_fusionL1_drop0p2_trmiss50_trlocradio,13,0.5479892591635386,0.6814484596252441,0.6120689655172413,0.7455131578942473,0.6444444444444445,0.0,0.0,0.0,0.0,0.0,0.0,0.0,0.0,0.0,2002,radio,0.5
4,3,lr5e-05_bs32_modL1_fusion32_fusionL1_drop0p2_trmiss50_trlocradio,32,5e-05,1,32,1,0.2,lr5e-05_bs32_modL1_fusion32_fusionL1_drop0p2_trmiss50_trlocradio,14,0.5293340086936951,0.6846014857292175,0.6185344827586208,0.749694821745772,0.6444444444444445,0.0,0.0,0.0,0.0,0.0,0.0,0.0,0.0,0.0,2002,radio,0.5
4,3,lr5e-05_bs32_modL1_fusion32_fusionL1_drop0p2_trmiss50_trlocradio,32,5e-05,1,32,1,0.2,lr5e-05_bs32_modL1_fusion32_fusionL1_drop0p2_trmiss50_trlocradio,15,0.5480118691921234,0.6865999400615692,0.6120689655172413,0.7471096373147457,0.6444444444444445,0.0,0.0,0.0,0.0,0.0,0.0,0.0,0.0,0.0,2002,radio,0.5
4,3,lr5e-05_bs32_modL1_fusion32_fusionL1_drop0p2_trmiss50_trlocradio,32,5e-05,1,32,1,0.2,lr5e-05_bs32_modL1_fusion32_fusionL1_drop0p2_trmiss50_trlocradio,16,0.5357562899589539,0.6833382248878479,0.6185344827586207,0.7489098083593386,0.6222222222222222,0.0,0.0,0.0,0.0,0.0,0.0,0.0,0.0,0.0,2002,radio,0.5
4,3,lr5e-05_bs32_modL1_fusion32_fusionL1_drop0p2_trmiss50_trlocradio,32,5e-05,1,32,1,0.2,lr5e-05_bs32_modL1_fusion32_fusionL1_drop0p2_trmiss50_trlocradio,17,0.5308303485314051,0.6806116104125977,0.6293103448275862,0.7582047100263978,0.6,0.0,0.0,0.0,0.0,0.0,0.0,0.0,0.0,0.0,2002,radio,0.5
4,3,lr5e-05_bs32_modL1_fusion32_fusionL1_drop0p2_trmiss50_trlocradio,32,5e-05,1,32,1,0.2,lr5e-05_bs32_modL1_fusion32_fusionL1_drop0p2_trmiss50_trlocradio,18,0.5214322606722513,0.6791688501834869,0.6336206896551724,0.763414137361897,0.6,0.0,0.0,0.0,0.0,0.0,0.0,0.0,0.0,0.0,2002,radio,0.5
4,3,lr5e-05_bs32_modL1_fusion32_fusionL1_drop0p2_trmiss50_trlocradio,32,5e-05,1,32,1,0.2,lr5e-05_bs32_modL1_fusion32_fusionL1_drop0p2_trmiss50_trlocradio,19,0.5210808962583542,0.6765686869621277,0.6314655172413792,0.7578336156223389,0.6,0.0,0.0,0.0,0.0,0.0,0.0,0.0,0.0,0.0,2002,radio,0.5
4,3,lr5e-05_bs32_modL1_fusion32_fusionL1_drop0p2_trmiss50_trlocradio,32,5e-05,1,32,1,0.2,lr5e-05_bs32_modL1_fusion32_fusionL1_drop0p2_trmiss50_trlocradio,20,0.5265480428934097,0.6775655746459961,0.6422413793103448,0.7685656726266907,0.6,0.0,0.0,0.0,0.0,0.0,0.0,0.0,0.0,0.0,2002,radio,0.5
4,3,lr5e-05_bs32_modL1_fusion32_fusionL1_drop0p2_trmiss50_trlocradio,32,5e-05,1,32,1,0.2,lr5e-05_bs32_modL1_fusion32_fusionL1_drop0p2_trmiss50_trlocradio,21,0.49881471196810406,0.6779828667640686,0.6336206896551724,0.7636601221288155,0.6,0.0,0.0,0.0,0.0,0.0,0.0,0.0,0.0,0.0,2002,radio,0.5
4,3,lr5e-05_bs32_modL1_fusion32_fusionL1_drop0p2_trmiss50_trlocradio,32,5e-05,1,32,1,0.2,lr5e-05_bs32_modL1_fusion32_fusionL1_drop0p2_trmiss50_trlocradio,22,0.5120359559853872,0.6751264333724976,0.6336206896551724,0.7636764832844694,0.6,0.0,0.0,0.0,0.0,0.0,0.0,0.0,0.0,0.0,2002,radio,0.5
4,3,lr5e-05_bs32_modL1_fusion32_fusionL1_drop0p2_trmiss50_trlocradio,32,5e-05,1,32,1,0.2,lr5e-05_bs32_modL1_fusion32_fusionL1_drop0p2_trmiss50_trlocradio,23,0.5013766040404638,0.6750621497631073,0.6443965517241379,0.7709343689923118,0.6222222222222222,0.0,0.0,0.0,0.0,0.0,0.0,0.0,0.0,0.0,2002,radio,0.5
4,3,lr5e-05_bs32_modL1_fusion32_fusionL1_drop0p2_trmiss50_trlocradio,32,5e-05,1,32,1,0.2,lr5e-05_bs32_modL1_fusion32_fusionL1_drop0p2_trmiss50_trlocradio,24,0.52683657904466,0.679907888174057,0.6357758620689655,0.7668415568011222,0.6222222222222222,0.0,0.0,0.0,0.0,0.0,0.0,0.0,0.0,0.0,2002,radio,0.5
4,3,lr5e-05_bs32_modL1_fusion32_fusionL1_drop0p2_trmiss50_trlocradio,32,5e-05,1,32,1,0.2,lr5e-05_bs32_modL1_fusion32_fusionL1_drop0p2_trmiss50_trlocradio,25,0.5012707511583964,0.6817727088928223,0.6293103448275862,0.763890235464445,0.6,0.0,0.0,0.0,0.0,0.0,0.0,0.0,0.0,0.0,2002,radio,0.5
4,3,lr5e-05_bs32_modL1_fusion32_fusionL1_drop0p2_trmiss50_trlocradio,32,5e-05,1,32,1,0.2,lr5e-05_bs32_modL1_fusion32_fusionL1_drop0p2_trmiss50_trlocradio,26,0.5121640563011169,0.6813554167747498,0.6314655172413793,0.7677909143585095,0.6,0.0,0.0,0.0,0.0,0.0,0.0,0.0,0.0,0.0,2002,radio,0.5
4,3,lr5e-05_bs32_modL1_fusion32_fusionL1_drop0p2_trmiss50_trlocradio,32,5e-05,1,32,1,0.2,lr5e-05_bs32_modL1_fusion32_fusionL1_drop0p2_trmiss50_trlocradio,27,0.506576602657636,0.6830831468105316,0.6293103448275863,0.7672805986918185,0.6,0.0,0.0,0.0,0.0,0.0,0.0,0.0,0.0,0.0,2002,radio,0.5
4,3,lr5e-05_bs32_modL1_fusion32_fusionL1_drop0p2_trmiss50_trlocradio,32,5e-05,1,32,1,0.2,lr5e-05_bs32_modL1_fusion32_fusionL1_drop0p2_trmiss50_trlocradio,28,0.49329253534475964,0.6834559142589569,0.6314655172413793,0.7677909143585095,0.6,0.0,0.0,0.0,0.0,0.0,0.0,0.0,0.0,0.0,2002,radio,0.5
4,3,lr5e-05_bs32_modL1_fusion32_fusionL1_drop0p2_trmiss50_trlocradio,32,5e-05,1,32,1,0.2,lr5e-05_bs32_modL1_fusion32_fusionL1_drop0p2_trmiss50_trlocradio,29,0.4806583821773529,0.6801811754703522,0.6357758620689655,0.7696364506868045,0.6,0.0,0.0,0.0,0.0,0.0,0.0,0.0,0.0,0.0,2002,radio,0.5
4,3,lr5e-05_bs32_modL1_fusion32_fusionL1_drop0p2_trmiss50_trlocradio,32,5e-05,1,32,1,0.2,lr5e-05_bs32_modL1_fusion32_fusionL1_drop0p2_trmiss50_trlocradio,30,0.5057462404171625,0.6833827793598175,0.6336206896551725,0.7695991806557503,0.6222222222222222,0.0,0.0,0.0,0.0,0.0,0.0,0.0,0.0,0.0,2002,radio,0.5
4,3,lr5e-05_bs32_modL1_fusion32_fusionL1_drop0p2_trmiss50_trlocradio,32,5e-05,1,32,1,0.2,lr5e-05_bs32_modL1_fusion32_fusionL1_drop0p2_trmiss50_trlocradio,31,0.507809191942215,0.6796220541000366,0.6357758620689655,0.7637339365758946,0.6222222222222222,0.0,0.0,0.0,0.0,0.0,0.0,0.0,0.0,0.0,2002,radio,0.5
4,3,lr5e-05_bs32_modL1_fusion32_fusionL1_drop0p2_trmiss50_trlocradio,32,5e-05,1,32,1,0.2,lr5e-05_bs32_modL1_fusion32_fusionL1_drop0p2_trmiss50_trlocradio,32,0.5150937338670095,0.6804612576961517,0.6422413793103449,0.7664775052677391,0.6,0.0,0.0,0.0,0.0,0.0,0.0,0.0,0.0,0.0,2002,radio,0.5
4,3,lr5e-05_bs32_modL1_fusion32_fusionL1_drop0p2_trmiss50_trlocradio,32,5e-05,1,32,1,0.2,lr5e-05_bs32_modL1_fusion32_fusionL1_drop0p2_trmiss50_trlocradio,33,0.5063709070285162,0.6751472055912018,0.6422413793103449,0.7677855472291386,0.6,0.0,0.0,0.0,0.0,0.0,0.0,0.0,0.0,0.0,2002,radio,0.5
4,3,lr5e-05_bs32_modL1_fusion32_fusionL1_drop0p2_trmiss50_trlocradio,32,5e-05,1,32,1,0.2,lr5e-05_bs32_modL1_fusion32_fusionL1_drop0p2_trmiss50_trlocradio,34,0.5013729234536489,0.6789842247962952,0.6400862068965518,0.7674338600920632,0.6222222222222222,0.0,0.0,0.0,0.0,0.0,0.0,0.0,0.0,0.0,2002,radio,0.5
4,3,lr5e-05_bs32_modL1_fusion32_fusionL1_drop0p2_trmiss50_trlocradio,32,5e-05,1,32,1,0.2,lr5e-05_bs32_modL1_fusion32_fusionL1_drop0p2_trmiss50_trlocradio,35,0.47974852720896405,0.6786516308784485,0.6400862068965517,0.7676812580067791,0.6222222222222222,0.0,0.0,0.0,0.0,0.0,0.0,0.0,0.0,0.0,2002,radio,0.5
4,3,lr5e-05_bs32_modL1_fusion32_fusionL1_drop0p2_trmiss50_trlocradio,32,5e-05,1,32,1,0.2,lr5e-05_bs32_modL1_fusion32_fusionL1_drop0p2_trmiss50_trlocradio,36,0.4793585290511449,0.6781448423862457,0.6487068965517242,0.7727100839421928,0.6,0.0,0.0,0.0,0.0,0.0,0.0,0.0,0.0,0.0,2002,radio,0.5
4,3,lr5e-05_bs32_modL1_fusion32_fusionL1_drop0p2_trmiss50_trlocradio,32,5e-05,1,32,1,0.2,lr5e-05_bs32_modL1_fusion32_fusionL1_drop0p2_trmiss50_trlocradio,37,0.490486999352773,0.68069127202034,0.6400862068965517,0.7705743121574644,0.6,0.0,0.0,0.0,0.0,0.0,0.0,0.0,0.0,0.0,2002,radio,0.5
4,3,lr5e-05_bs32_modL1_fusion32_fusionL1_drop0p2_trmiss50_trlocradio,32,5e-05,1,32,1,0.2,lr5e-05_bs32_modL1_fusion32_fusionL1_drop0p2_trmiss50_trlocradio,38,0.492928405602773,0.6813254952430725,0.6357758620689655,0.7651825373965175,0.6,0.0,0.0,0.0,0.0,0.0,0.0,0.0,0.0,0.0,2002,radio,0.5
4,3,lr5e-05_bs32_modL1_fusion32_fusionL1_drop0p2_trmiss50_trlocradio,32,5e-05,1,32,1,0.2,lr5e-05_bs32_modL1_fusion32_fusionL1_drop0p2_trmiss50_trlocradio,39,0.48864413301150006,0.6807245910167694,0.6443965517241379,0.7701839519260627,0.6222222222222222,0.0,0.0,0.0,0.0,0.0,0.0,0.0,0.0,0.0,2002,radio,0.5
4,3,lr5e-05_bs32_modL1_fusion32_fusionL1_drop0p2_trmiss50_trlocradio,32,5e-05,1,32,1,0.2,lr5e-05_bs32_modL1_fusion32_fusionL1_drop0p2_trmiss50_trlocradio,40,0.48842031757036847,0.6827831566333771,0.6314655172413793,0.7626428770615157,0.6,0.0,0.0,0.0,0.0,0.0,0.0,0.0,0.0,0.0,2002,radio,0.5
4,3,lr5e-05_bs32_modL1_fusion32_fusionL1_drop0p2_trmiss50_trlocradio,32,5e-05,1,32,1,0.2,lr5e-05_bs32_modL1_fusion32_fusionL1_drop0p2_trmiss50_trlocradio,41,0.4870294779539108,0.6793141067028046,0.6293103448275863,0.7614162176639416,0.6,0.0,0.0,0.0,0.0,0.0,0.0,0.0,0.0,0.0,2002,radio,0.5
4,3,lr5e-05_bs32_modL1_fusion32_fusionL1_drop0p2_trmiss50_trlocradio,32,5e-05,1,32,1,0.2,lr5e-05_bs32_modL1_fusion32_fusionL1_drop0p2_trmiss50_trlocradio,42,0.5065792898337046,0.6821117401123047,0.6379310344827587,0.7651902387267668,0.6222222222222222,0.0,0.0,0.0,0.0,0.0,0.0,0.0,0.0,0.0,2002,radio,0.5
4,3,lr5e-05_bs32_modL1_fusion32_fusionL1_drop0p2_trmiss50_trlocradio,32,5e-05,1,32,1,0.2,lr5e-05_bs32_modL1_fusion32_fusionL1_drop0p2_trmiss50_trlocradio,43,0.4801316161950429,0.6770731210708618,0.6400862068965517,0.7653127812470641,0.6222222222222222,0.0,0.0,0.0,0.0,0.0,0.0,0.0,0.0,0.0,2002,radio,0.5
4,3,lr5e-05_bs32_modL1_fusion32_fusionL1_drop0p2_trmiss50_trlocradio,32,5e-05,1,32,1,0.2,lr5e-05_bs32_modL1_fusion32_fusionL1_drop0p2_trmiss50_trlocradio,44,0.491148720184962,0.6778338551521301,0.6400862068965518,0.7693380491360309,0.6444444444444445,0.0,0.0,0.0,0.0,0.0,0.0,0.0,0.0,0.0,2002,radio,0.5
4,3,lr5e-05_bs32_modL1_fusion32_fusionL1_drop0p2_trmiss50_trlocradio,32,5e-05,1,32,1,0.2,lr5e-05_bs32_modL1_fusion32_fusionL1_drop0p2_trmiss50_trlocradio,45,0.47515667974948883,0.6776123046875,0.6443965517241379,0.7721399711004133,0.6222222222222222,0.0,0.0,0.0,0.0,0.0,0.0,0.0,0.0,0.0,2002,radio,0.5
4,3,lr5e-05_bs32_modL1_fusion32_fusionL1_drop0p2_trmiss50_trlocradio,32,5e-05,1,32,1,0.2,lr5e-05_bs32_modL1_fusion32_fusionL1_drop0p2_trmiss50_trlocradio,46,0.48975170652071637,0.682248592376709,0.6379310344827587,0.7702354696541083,0.6222222222222222,0.0,0.0,0.0,0.0,0.0,0.0,0.0,0.0,0.0,2002,radio,0.5
4,3,lr5e-05_bs32_modL1_fusion32_fusionL1_drop0p2_trmiss50_trlocradio,32,5e-05,1,32,1,0.2,lr5e-05_bs32_modL1_fusion32_fusionL1_drop0p2_trmiss50_trlocradio,47,0.48850443462530774,0.6824127435684204,0.6379310344827587,0.7648720917653755,0.6,0.0,0.0,0.0,0.0,0.0,0.0,0.0,0.0,0.0,2002,radio,0.5
4,3,lr5e-05_bs32_modL1_fusion32_fusionL1_drop0p2_trmiss50_trlocradio,32,5e-05,1,32,1,0.2,lr5e-05_bs32_modL1_fusion32_fusionL1_drop0p2_trmiss50_trlocradio,48,0.5020458350578944,0.6846023797988892,0.6336206896551725,0.7640960253706477,0.6,0.0,0.0,0.0,0.0,0.0,0.0,0.0,0.0,0.0,2002,radio,0.5
4,3,lr5e-05_bs32_modL1_fusion32_fusionL1_drop0p2_trmiss50_trlocradio,32,5e-05,1,32,1,0.2,lr5e-05_bs32_modL1_fusion32_fusionL1_drop0p2_trmiss50_trlocradio,49,0.5035822590192159,0.6818207502365112,0.6379310344827587,0.768674577904789,0.6,0.0,0.0,0.0,0.0,0.0,0.0,0.0,0.0,0.0,2002,radio,0.5
4,3,lr5e-05_bs32_modL1_fusion32_fusionL1_drop0p2_trmiss50_trlocradio,32,5e-05,1,32,1,0.2,lr5e-05_bs32_modL1_fusion32_fusionL1_drop0p2_trmiss50_trlocradio,50,0.49916912118593854,0.6825926005840302,0.6379310344827587,0.768457080137382,0.6222222222222222,0.0,0.0,0.0,0.0,0.0,0.0,0.0,0.0,0.0,2002,radio,0.5
4,3,lr5e-05_bs32_modL1_fusion32_fusionL1_drop0p2_trmiss50_trlocradio,32,5e-05,1,32,1,0.2,lr5e-05_bs32_modL1_fusion32_fusionL1_drop0p2_trmiss50_trlocradio,51,0.4726843287547429,0.6753929257392883,0.6336206896551725,0.7650525632280076,0.5777777777777777,0.0,0.0,0.0,0.0,0.0,0.0,0.0,0.0,0.0,2002,radio,0.5
4,3,lr5e-05_bs32_modL1_fusion32_fusionL1_drop0p2_trmiss50_trlocradio,32,5e-05,1,32,1,0.2,lr5e-05_bs32_modL1_fusion32_fusionL1_drop0p2_trmiss50_trlocradio,52,0.48975182076295215,0.6814044713973999,0.6357758620689656,0.7660605207876894,0.6222222222222222,0.0,0.0,0.0,0.0,0.0,0.0,0.0,0.0,0.0,2002,radio,0.5
4,3,lr5e-05_bs32_modL1_fusion32_fusionL1_drop0p2_trmiss50_trlocradio,32,5e-05,1,32,1,0.2,lr5e-05_bs32_modL1_fusion32_fusionL1_drop0p2_trmiss50_trlocradio,53,0.4868977765242259,0.6822063624858856,0.6357758620689655,0.7671867873723701,0.6222222222222222,0.0,0.0,0.0,0.0,0.0,0.0,0.0,0.0,0.0,2002,radio,0.5
4,3,lr5e-05_bs32_modL1_fusion32_fusionL1_drop0p2_trmiss50_trlocradio,32,5e-05,1,32,1,0.2,lr5e-05_bs32_modL1_fusion32_fusionL1_drop0p2_trmiss50_trlocradio,54,0.4884129712978999,0.6800113022327423,0.6400862068965517,0.7685666730461636,0.6,0.0,0.0,0.0,0.0,0.0,0.0,0.0,0.0,0.0,2002,radio,0.5
4,3,lr5e-05_bs32_modL1_fusion32_fusionL1_drop0p2_trmiss50_trlocradio,32,5e-05,1,32,1,0.2,lr5e-05_bs32_modL1_fusion32_fusionL1_drop0p2_trmiss50_trlocradio,55,0.4952867229779561,0.6817724704742432,0.6357758620689656,0.7669669055234751,0.6,0.0,0.0,0.0,0.0,0.0,0.0,0.0,0.0,0.0,2002,radio,0.5
4,3,lr5e-05_bs32_modL1_fusion32_fusionL1_drop0p2_trmiss50_trlocradio,32,5e-05,1,32,1,0.2,lr5e-05_bs32_modL1_fusion32_fusionL1_drop0p2_trmiss50_trlocradio,56,0.5116487195094427,0.6770613789558411,0.6293103448275863,0.7630199209476873,0.5777777777777777,0.0,0.0,0.0,0.0,0.0,0.0,0.0,0.0,0.0,2002,radio,0.5
4,3,lr5e-05_bs32_modL1_fusion32_fusionL1_drop0p1_trmiss50_trlocradio,32,5e-05,1,32,1,0.1,lr5e-05_bs32_modL1_fusion32_fusionL1_drop0p1_trmiss50_trlocradio,1,0.6774004499117533,0.6873625218868256,0.5064655172413793,0.6803573741458319,0.5555555555555556,0.0,0.0,0.0,0.0,0.0,0.0,0.0,0.0,0.0,2002,radio,0.5
4,3,lr5e-05_bs32_modL1_fusion32_fusionL1_drop0p1_trmiss50_trlocradio,32,5e-05,1,32,1,0.1,lr5e-05_bs32_modL1_fusion32_fusionL1_drop0p1_trmiss50_trlocradio,2,0.6481752494970957,0.6935146152973175,0.4956896551724138,0.6510829255705611,0.5111111111111111,0.0,0.0,0.0,0.0,0.0,0.0,0.0,0.0,0.0,2002,radio,0.5
4,3,lr5e-05_bs32_modL1_fusion32_fusionL1_drop0p1_trmiss50_trlocradio,32,5e-05,1,32,1,0.1,lr5e-05_bs32_modL1_fusion32_fusionL1_drop0p1_trmiss50_trlocradio,3,0.6381854712963104,0.697102278470993,0.5064655172413792,0.654678590361629,0.5333333333333333,0.0,0.0,0.0,0.0,0.0,0.0,0.0,0.0,0.0,2002,radio,0.5
4,3,lr5e-05_bs32_modL1_fusion32_fusionL1_drop0p1_trmiss50_trlocradio,32,5e-05,1,32,1,0.1,lr5e-05_bs32_modL1_fusion32_fusionL1_drop0p1_trmiss50_trlocradio,4,0.6150074203809103,0.7026650309562683,0.5150862068965517,0.6607292204084956,0.5111111111111111,0.0,0.0,0.0,0.0,0.0,0.0,0.0,0.0,0.0,2002,radio,0.5
4,3,lr5e-05_bs32_modL1_fusion32_fusionL1_drop0p1_trmiss50_trlocradio,32,5e-05,1,32,1,0.1,lr5e-05_bs32_modL1_fusion32_fusionL1_drop0p1_trmiss50_trlocradio,5,0.5963283777236938,0.7088281512260437,0.5107758620689654,0.6629051939592538,0.5111111111111111,0.0,0.0,0.0,0.0,0.0,0.0,0.0,0.0,0.0,2002,radio,0.5
4,3,lr5e-05_bs32_modL1_fusion32_fusionL1_drop0p1_trmiss50_trlocradio,32,5e-05,1,32,1,0.1,lr5e-05_bs32_modL1_fusion32_fusionL1_drop0p1_trmiss50_trlocradio,6,0.5862511396408081,0.7111925482749939,0.5043103448275862,0.6606387215992756,0.5333333333333333,0.0,0.0,0.0,0.0,0.0,0.0,0.0,0.0,0.0,2002,radio,0.5
4,3,lr5e-05_bs32_modL1_fusion32_fusionL1_drop0p1_trmiss50_trlocradio,32,5e-05,1,32,1,0.1,lr5e-05_bs32_modL1_fusion32_fusionL1_drop0p1_trmiss50_trlocradio,7,0.5795448025067648,0.7142932116985321,0.5064655172413792,0.6608336539641525,0.5111111111111111,0.0,0.0,0.0,0.0,0.0,0.0,0.0,0.0,0.0,2002,radio,0.5
4,3,lr5e-05_bs32_modL1_fusion32_fusionL1_drop0p1_trmiss50_trlocradio,32,5e-05,1,32,1,0.1,lr5e-05_bs32_modL1_fusion32_fusionL1_drop0p1_trmiss50_trlocradio,8,0.5730145076910654,0.7174361050128937,0.4978448275862069,0.6575258085411805,0.4888888888888889,0.0,0.0,0.0,0.0,0.0,0.0,0.0,0.0,0.0,2002,radio,0.5
4,3,lr5e-05_bs32_modL1_fusion32_fusionL1_drop0p1_trmiss50_trlocradio,32,5e-05,1,32,1,0.1,lr5e-05_bs32_modL1_fusion32_fusionL1_drop0p1_trmiss50_trlocradio,9,0.5621954798698425,0.715863436460495,0.49999999999999994,0.6581075015003689,0.4888888888888889,0.0,0.0,0.0,0.0,0.0,0.0,0.0,0.0,0.0,2002,radio,0.5
4,3,lr5e-05_bs32_modL1_fusion32_fusionL1_drop0p1_trmiss50_trlocradio,32,5e-05,1,32,1,0.1,lr5e-05_bs32_modL1_fusion32_fusionL1_drop0p1_trmiss50_trlocradio,10,0.5547646284103394,0.7141910493373871,0.5021551724137931,0.6585129304171519,0.5111111111111111,0.0,0.0,0.0,0.0,0.0,0.0,0.0,0.0,0.0,2002,radio,0.5
4,3,lr5e-05_bs32_modL1_fusion32_fusionL1_drop0p1_trmiss50_trlocradio,32,5e-05,1,32,1,0.1,lr5e-05_bs32_modL1_fusion32_fusionL1_drop0p1_trmiss50_trlocradio,11,0.5547644098599752,0.7116539776325226,0.5021551724137931,0.6591392663717881,0.5111111111111111,0.0,0.0,0.0,0.0,0.0,0.0,0.0,0.0,0.0,2002,radio,0.5
4,3,lr5e-05_bs32_modL1_fusion32_fusionL1_drop0p1_trmiss50_trlocradio,32,5e-05,1,32,1,0.1,lr5e-05_bs32_modL1_fusion32_fusionL1_drop0p1_trmiss50_trlocradio,12,0.5442606210708618,0.7129528522491455,0.5086206896551724,0.6611037741332426,0.5111111111111111,0.0,0.0,0.0,0.0,0.0,0.0,0.0,0.0,0.0,2002,radio,0.5
4,3,lr5e-05_bs32_modL1_fusion32_fusionL1_drop0p1_trmiss50_trlocradio,32,5e-05,1,32,1,0.1,lr5e-05_bs32_modL1_fusion32_fusionL1_drop0p1_trmiss50_trlocradio,13,0.5517527858416239,0.7121825814247131,0.5150862068965518,0.6689614340413478,0.5111111111111111,0.0,0.0,0.0,0.0,0.0,0.0,0.0,0.0,0.0,2002,radio,0.5
4,3,lr5e-05_bs32_modL1_fusion32_fusionL1_drop0p1_trmiss50_trlocradio,32,5e-05,1,32,1,0.1,lr5e-05_bs32_modL1_fusion32_fusionL1_drop0p1_trmiss50_trlocradio,14,0.5410121182600657,0.7141262888908386,0.5129310344827587,0.6637890202482444,0.5111111111111111,0.0,0.0,0.0,0.0,0.0,0.0,0.0,0.0,0.0,2002,radio,0.5
4,3,lr5e-05_bs32_modL1_fusion32_fusionL1_drop0p1_trmiss50_trlocradio,32,5e-05,1,32,1,0.1,lr5e-05_bs32_modL1_fusion32_fusionL1_drop0p1_trmiss50_trlocradio,15,0.5395046869913737,0.7174586355686188,0.5043103448275862,0.659230467432491,0.5111111111111111,0.0,0.0,0.0,0.0,0.0,0.0,0.0,0.0,0.0,2002,radio,0.5
4,3,lr5e-05_bs32_modL1_fusion32_fusionL1_drop0p1_trmiss50_trlocradio,32,5e-05,1,32,1,0.1,lr5e-05_bs32_modL1_fusion32_fusionL1_drop0p1_trmiss50_trlocradio,16,0.5378096699714661,0.7187065780162811,0.5086206896551724,0.6613212428692968,0.5111111111111111,0.0,0.0,0.0,0.0,0.0,0.0,0.0,0.0,0.0,2002,radio,0.5
4,3,lr5e-05_bs32_modL1_fusion32_fusionL1_drop0p1_trmiss50_trlocradio,32,5e-05,1,32,1,0.1,lr5e-05_bs32_modL1_fusion32_fusionL1_drop0p1_trmiss50_trlocradio,17,0.5381052146355311,0.7153684198856354,0.5129310344827587,0.6637890202482444,0.5111111111111111,0.0,0.0,0.0,0.0,0.0,0.0,0.0,0.0,0.0,2002,radio,0.5
4,3,lr5e-05_bs32_modL1_fusion32_fusionL1_drop0p1_trmiss50_trlocradio,32,5e-05,1,32,1,0.1,lr5e-05_bs32_modL1_fusion32_fusionL1_drop0p1_trmiss50_trlocradio,18,0.5363258520762125,0.7153637409210205,0.5129310344827586,0.6638711013340722,0.4888888888888889,0.0,0.0,0.0,0.0,0.0,0.0,0.0,0.0,0.0,2002,radio,0.5
4,3,lr5e-05_bs32_modL1_fusion32_fusionL1_drop0p1_trmiss50_trlocradio,32,5e-05,1,32,1,0.1,lr5e-05_bs32_modL1_fusion32_fusionL1_drop0p1_trmiss50_trlocradio,19,0.526722843448321,0.7111822962760925,0.5064655172413793,0.6659359228816524,0.4888888888888889,0.0,0.0,0.0,0.0,0.0,0.0,0.0,0.0,0.0,2002,radio,0.5
4,3,lr5e-05_bs32_modL1_fusion32_fusionL1_drop0p1_trmiss50_trlocradio,32,5e-05,1,32,1,0.1,lr5e-05_bs32_modL1_fusion32_fusionL1_drop0p1_trmiss50_trlocradio,20,0.5167321066061655,0.7117634415626526,0.5150862068965517,0.6919962703923042,0.4888888888888889,0.0,0.0,0.0,0.0,0.0,0.0,0.0,0.0,0.0,2002,radio,0.5
4,3,lr5e-05_bs32_modL1_fusion32_fusionL1_drop0p1_trmiss50_trlocradio,32,5e-05,1,32,1,0.1,lr5e-05_bs32_modL1_fusion32_fusionL1_drop0p1_trmiss50_trlocradio,21,0.5296516617139181,0.7112336456775665,0.5107758620689655,0.6898907037329851,0.4888888888888889,0.0,0.0,0.0,0.0,0.0,0.0,0.0,0.0,0.0,2002,radio,0.5
4,3,lr5e-05_bs32_modL1_fusion32_fusionL1_drop0p1_trmiss50_trlocradio,32,5e-05,1,32,1,0.1,lr5e-05_bs32_modL1_fusion32_fusionL1_drop0p1_trmiss50_trlocradio,22,0.5344369610150655,0.711781919002533,0.5086206896551724,0.6876510147539452,0.4888888888888889,0.0,0.0,0.0,0.0,0.0,0.0,0.0,0.0,0.0,2002,radio,0.5
4,3,lr5e-05_bs32_modL1_fusion32_fusionL1_drop0p1_trmiss50_trlocradio,32,5e-05,1,32,1,0.1,lr5e-05_bs32_modL1_fusion32_fusionL1_drop0p1_trmiss50_trlocradio,23,0.5367907583713531,0.7102798819541931,0.5064655172413792,0.687093277659697,0.5111111111111111,0.0,0.0,0.0,0.0,0.0,0.0,0.0,0.0,0.0,2002,radio,0.5
4,3,lr5e-05_bs32_modL1_fusion32_fusionL1_drop0p1_trmiss50_trlocradio,32,5e-05,1,32,1,0.1,lr5e-05_bs32_modL1_fusion32_fusionL1_drop0p1_trmiss50_trlocradio,24,0.5340861678123474,0.7093864977359772,0.5043103448275862,0.6855306311118223,0.5111111111111111,0.0,0.0,0.0,0.0,0.0,0.0,0.0,0.0,0.0,2002,radio,0.5
4,3,lr5e-05_bs32_modL1_fusion32_fusionL1_drop0p1_trmiss50_trlocradio,32,5e-05,1,32,1,0.1,lr5e-05_bs32_modL1_fusion32_fusionL1_drop0p1_trmiss50_trlocradio,25,0.5237423131863276,0.7099707424640656,0.5064655172413793,0.6857122502589588,0.5111111111111111,0.0,0.0,0.0,0.0,0.0,0.0,0.0,0.0,0.0,2002,radio,0.5
4,3,lr5e-05_bs32_modL1_fusion32_fusionL1_drop0p1_trmiss50_trlocradio,32,5e-05,1,32,1,0.1,lr5e-05_bs32_modL1_fusion32_fusionL1_drop0p1_trmiss50_trlocradio,26,0.5234276056289673,0.7079511880874634,0.5086206896551724,0.6866608849951352,0.5111111111111111,0.0,0.0,0.0,0.0,0.0,0.0,0.0,0.0,0.0,2002,radio,0.5
4,3,lr5e-05_bs32_modL1_fusion32_fusionL1_drop0p1_trmiss50_trlocradio,32,5e-05,1,32,1,0.1,lr5e-05_bs32_modL1_fusion32_fusionL1_drop0p1_trmiss50_trlocradio,27,0.531514972448349,0.709245502948761,0.5086206896551724,0.6872658456726912,0.4888888888888889,0.0,0.0,0.0,0.0,0.0,0.0,0.0,0.0,0.0,2002,radio,0.5
4,3,lr5e-05_bs32_modL1_fusion32_fusionL1_drop0p1_trmiss50_trlocradio,32,5e-05,1,32,1,0.1,lr5e-05_bs32_modL1_fusion32_fusionL1_drop0p1_trmiss50_trlocradio,28,0.5220887959003448,0.7130818367004395,0.5043103448275862,0.6835340622347403,0.4666666666666667,0.0,0.0,0.0,0.0,0.0,0.0,0.0,0.0,0.0,2002,radio,0.5
4,3,lr5e-05_bs32_modL1_fusion32_fusionL1_drop0p1_trmiss50_trlocradio,32,5e-05,1,32,1,0.1,lr5e-05_bs32_modL1_fusion32_fusionL1_drop0p1_trmiss50_trlocradio,29,0.5139550566673279,0.7116371989250183,0.5107758620689655,0.6892994515316921,0.4888888888888889,0.0,0.0,0.0,0.0,0.0,0.0,0.0,0.0,0.0,2002,radio,0.5
4,3,lr5e-05_bs32_modL1_fusion32_fusionL1_drop0p1_trmiss50_trlocradio,32,5e-05,1,32,1,0.1,lr5e-05_bs32_modL1_fusion32_fusionL1_drop0p1_trmiss50_trlocradio,30,0.5175714840491613,0.7142086923122406,0.5086206896551725,0.6892811886715218,0.4888888888888889,0.0,0.0,0.0,0.0,0.0,0.0,0.0,0.0,0.0,2002,radio,0.5
4,3,lr5e-05_bs32_modL1_fusion32_fusionL1_drop0p1_trmiss50_trlocradio,32,5e-05,1,32,1,0.1,lr5e-05_bs32_modL1_fusion32_fusionL1_drop0p1_trmiss50_trlocradio,31,0.5246588587760925,0.7094347476959229,0.5064655172413792,0.6858443577748743,0.4888888888888889,0.0,0.0,0.0,0.0,0.0,0.0,0.0,0.0,0.0,2002,radio,0.5
4,3,lr5e-05_bs32_modL1_fusion32_fusionL1_drop0p1_trmiss50_trlocradio,32,5e-05,1,32,1,0.1,lr5e-05_bs32_modL1_fusion32_fusionL1_drop0p1_trmiss50_trlocradio,32,0.5225079556306204,0.7117752134799957,0.5043103448275862,0.6870429701803833,0.4666666666666667,0.0,0.0,0.0,0.0,0.0,0.0,0.0,0.0,0.0,2002,radio,0.5
4,3,lr5e-05_bs32_modL1_fusion32_fusionL1_drop0p1_trmiss50_trlocradio,32,5e-05,1,32,1,0.1,lr5e-05_bs32_modL1_fusion32_fusionL1_drop0p1_trmiss50_trlocradio,33,0.5295703113079071,0.7121376395225525,0.5086206896551724,0.6847255977631923,0.4888888888888889,0.0,0.0,0.0,0.0,0.0,0.0,0.0,0.0,0.0,2002,radio,0.5
4,3,lr5e-05_bs32_modL1_fusion64_fusionL1_drop0p2_trmiss50_trlocradio,32,5e-05,1,64,1,0.2,lr5e-05_bs32_modL1_fusion64_fusionL1_drop0p2_trmiss50_trlocradio,1,0.7055660585562388,0.7215447127819061,0.3706896551724138,0.5718826607314671,0.35555555555555557,0.0,0.0,0.0,0.0,0.0,0.0,0.0,0.0,0.0,2002,radio,0.5
4,3,lr5e-05_bs32_modL1_fusion64_fusionL1_drop0p2_trmiss50_trlocradio,32,5e-05,1,64,1,0.2,lr5e-05_bs32_modL1_fusion64_fusionL1_drop0p2_trmiss50_trlocradio,2,0.6749478479226431,0.7282001376152039,0.3060344827586207,0.5415322968410089,0.35555555555555557,0.0,0.0,0.0,0.0,0.0,0.0,0.0,0.0,0.0,2002,radio,0.5
4,3,lr5e-05_bs32_modL1_fusion64_fusionL1_drop0p2_trmiss50_trlocradio,32,5e-05,1,64,1,0.2,lr5e-05_bs32_modL1_fusion64_fusionL1_drop0p2_trmiss50_trlocradio,3,0.6699642141660055,0.7323512434959412,0.3017241379310345,0.5334506729615399,0.3333333333333333,0.0,0.0,0.0,0.0,0.0,0.0,0.0,0.0,0.0,2002,radio,0.5
4,3,lr5e-05_bs32_modL1_fusion64_fusionL1_drop0p2_trmiss50_trlocradio,32,5e-05,1,64,1,0.2,lr5e-05_bs32_modL1_fusion64_fusionL1_drop0p2_trmiss50_trlocradio,4,0.6631195743878683,0.7348204851150513,0.31896551724137934,0.5447775144418128,0.3111111111111111,0.0,0.0,0.0,0.0,0.0,0.0,0.0,0.0,0.0,2002,radio,0.5
4,3,lr5e-05_bs32_modL1_fusion64_fusionL1_drop0p2_trmiss50_trlocradio,32,5e-05,1,64,1,0.2,lr5e-05_bs32_modL1_fusion64_fusionL1_drop0p2_trmiss50_trlocradio,5,0.6267339587211609,0.7363846004009247,0.3426724137931035,0.5513798565695901,0.3333333333333333,0.0,0.0,0.0,0.0,0.0,0.0,0.0,0.0,0.0,2002,radio,0.5
4,3,lr5e-05_bs32_modL1_fusion64_fusionL1_drop0p2_trmiss50_trlocradio,32,5e-05,1,64,1,0.2,lr5e-05_bs32_modL1_fusion64_fusionL1_drop0p2_trmiss50_trlocradio,6,0.6333477993806204,0.7372178137302399,0.36206896551724144,0.5611134067717816,0.35555555555555557,0.0,0.0,0.0,0.0,0.0,0.0,0.0,0.0,0.0,2002,radio,0.5
4,3,lr5e-05_bs32_modL1_fusion64_fusionL1_drop0p2_trmiss50_trlocradio,32,5e-05,1,64,1,0.2,lr5e-05_bs32_modL1_fusion64_fusionL1_drop0p2_trmiss50_trlocradio,7,0.6286755899588267,0.7371751666069031,0.37715517241379315,0.5663780641933075,0.35555555555555557,0.0,0.0,0.0,0.0,0.0,0.0,0.0,0.0,0.0,2002,radio,0.5
4,3,lr5e-05_bs32_modL1_fusion64_fusionL1_drop0p2_trmiss50_trlocradio,32,5e-05,1,64,1,0.2,lr5e-05_bs32_modL1_fusion64_fusionL1_drop0p2_trmiss50_trlocradio,8,0.596425324678421,0.7349855899810791,0.3900862068965517,0.5714886783624287,0.37777777777777777,0.0,0.0,0.0,0.0,0.0,0.0,0.0,0.0,0.0,2002,radio,0.5
4,3,lr5e-05_bs32_modL1_fusion64_fusionL1_drop0p2_trmiss50_trlocradio,32,5e-05,1,64,1,0.2,lr5e-05_bs32_modL1_fusion64_fusionL1_drop0p2_trmiss50_trlocradio,9,0.6140339175860087,0.732615202665329,0.3900862068965517,0.5701354665718745,0.4,0.0,0.0,0.0,0.0,0.0,0.0,0.0,0.0,0.0,2002,radio,0.5
4,3,lr5e-05_bs32_modL1_fusion64_fusionL1_drop0p2_trmiss50_trlocradio,32,5e-05,1,64,1,0.2,lr5e-05_bs32_modL1_fusion64_fusionL1_drop0p2_trmiss50_trlocradio,10,0.6051261226336161,0.7337546348571777,0.3987068965517241,0.5672948083805817,0.37777777777777777,0.0,0.0,0.0,0.0,0.0,0.0,0.0,0.0,0.0,2002,radio,0.5
4,3,lr5e-05_bs32_modL1_fusion64_fusionL1_drop0p2_trmiss50_trlocradio,32,5e-05,1,64,1,0.2,lr5e-05_bs32_modL1_fusion64_fusionL1_drop0p2_trmiss50_trlocradio,11,0.6007966498533884,0.7323428094387054,0.41163793103448276,0.5794350089808372,0.4444444444444444,0.0,0.0,0.0,0.0,0.0,0.0,0.0,0.0,0.0,2002,radio,0.5
4,3,lr5e-05_bs32_modL1_fusion64_fusionL1_drop0p2_trmiss50_trlocradio,32,5e-05,1,64,1,0.2,lr5e-05_bs32_modL1_fusion64_fusionL1_drop0p2_trmiss50_trlocradio,12,0.610561360915502,0.7335361838340759,0.4051724137931035,0.5915668429606481,0.4,0.0,0.0,0.0,0.0,0.0,0.0,0.0,0.0,0.0,2002,radio,0.5
4,3,lr5e-05_bs32_modL1_fusion64_fusionL1_drop0p2_trmiss50_trlocradio,32,5e-05,1,64,1,0.2,lr5e-05_bs32_modL1_fusion64_fusionL1_drop0p2_trmiss50_trlocradio,13,0.5897729496161143,0.7354409992694855,0.39224137931034486,0.5851945977106581,0.37777777777777777,0.0,0.0,0.0,0.0,0.0,0.0,0.0,0.0,0.0,2002,radio,0.5
4,3,lr5e-05_bs32_modL1_fusion64_fusionL1_drop0p2_trmiss50_trlocradio,32,5e-05,1,64,1,0.2,lr5e-05_bs32_modL1_fusion64_fusionL1_drop0p2_trmiss50_trlocradio,14,0.5990505417188009,0.7352611422538757,0.39655172413793105,0.587109468046581,0.37777777777777777,0.0,0.0,0.0,0.0,0.0,0.0,0.0,0.0,0.0,2002,radio,0.5
4,3,lr5e-05_bs32_modL1_fusion64_fusionL1_drop0p2_trmiss50_trlocradio,32,5e-05,1,64,1,0.2,lr5e-05_bs32_modL1_fusion64_fusionL1_drop0p2_trmiss50_trlocradio,15,0.6011186043421427,0.733136385679245,0.4073275862068965,0.5925557451660193,0.37777777777777777,0.0,0.0,0.0,0.0,0.0,0.0,0.0,0.0,0.0,2002,radio,0.5
4,3,lr5e-05_bs32_modL1_fusion64_fusionL1_drop0p2_trmiss50_trlocradio,32,5e-05,1,64,1,0.2,lr5e-05_bs32_modL1_fusion64_fusionL1_drop0p2_trmiss50_trlocradio,16,0.5821434358755747,0.7362301051616669,0.4073275862068966,0.5928406535450594,0.37777777777777777,0.0,0.0,0.0,0.0,0.0,0.0,0.0,0.0,0.0,2002,radio,0.5
4,3,lr5e-05_bs32_modL1_fusion64_fusionL1_drop0p2_trmiss50_trlocradio,32,5e-05,1,64,1,0.2,lr5e-05_bs32_modL1_fusion64_fusionL1_drop0p2_trmiss50_trlocradio,17,0.5801426867643992,0.7361842095851898,0.4073275862068965,0.5923271513834844,0.37777777777777777,0.0,0.0,0.0,0.0,0.0,0.0,0.0,0.0,0.0,2002,radio,0.5
4,3,lr5e-05_bs32_modL1_fusion64_fusionL1_drop0p2_trmiss50_trlocradio,32,5e-05,1,64,1,0.2,lr5e-05_bs32_modL1_fusion64_fusionL1_drop0p2_trmiss50_trlocradio,18,0.5879348417123159,0.7367261350154877,0.396551724137931,0.5713980874904245,0.37777777777777777,0.0,0.0,0.0,0.0,0.0,0.0,0.0,0.0,0.0,2002,radio,0.5
4,3,lr5e-05_bs32_modL1_fusion64_fusionL1_drop0p2_trmiss50_trlocradio,32,5e-05,1,64,1,0.2,lr5e-05_bs32_modL1_fusion64_fusionL1_drop0p2_trmiss50_trlocradio,19,0.5735734005769094,0.7345810532569885,0.4181034482758621,0.5975960344807694,0.4,0.0,0.0,0.0,0.0,0.0,0.0,0.0,0.0,0.0,2002,radio,0.5
4,3,lr5e-05_bs32_modL1_fusion64_fusionL1_drop0p2_trmiss50_trlocradio,32,5e-05,1,64,1,0.2,lr5e-05_bs32_modL1_fusion64_fusionL1_drop0p2_trmiss50_trlocradio,20,0.5852222740650177,0.7351385653018951,0.41594827586206895,0.5953969390641283,0.37777777777777777,0.0,0.0,0.0,0.0,0.0,0.0,0.0,0.0,0.0,2002,radio,0.5
4,3,lr5e-05_bs32_modL1_fusion64_fusionL1_drop0p2_trmiss50_trlocradio,32,5e-05,1,64,1,0.2,lr5e-05_bs32_modL1_fusion64_fusionL1_drop0p2_trmiss50_trlocradio,21,0.578065554300944,0.7341909110546112,0.42025862068965514,0.597392862284784,0.35555555555555557,0.0,0.0,0.0,0.0,0.0,0.0,0.0,0.0,0.0,2002,radio,0.5
4,3,lr5e-05_bs32_modL1_fusion64_fusionL1_drop0p2_trmiss50_trlocradio,32,5e-05,1,64,1,0.2,lr5e-05_bs32_modL1_fusion64_fusionL1_drop0p2_trmiss50_trlocradio,22,0.5815544029076894,0.7335934042930603,0.4245689655172414,0.5990251836483427,0.37777777777777777,0.0,0.0,0.0,0.0,0.0,0.0,0.0,0.0,0.0,2002,radio,0.5
4,3,lr5e-05_bs32_modL1_fusion64_fusionL1_drop0p2_trmiss50_trlocradio,32,5e-05,1,64,1,0.2,lr5e-05_bs32_modL1_fusion64_fusionL1_drop0p2_trmiss50_trlocradio,23,0.5785791377226511,0.7352810204029083,0.42456896551724144,0.5994972690342212,0.4,0.0,0.0,0.0,0.0,0.0,0.0,0.0,0.0,0.0,2002,radio,0.5
4,3,lr5e-05_bs32_modL1_fusion64_fusionL1_drop0p2_trmiss50_trlocradio,32,5e-05,1,64,1,0.2,lr5e-05_bs32_modL1_fusion64_fusionL1_drop0p2_trmiss50_trlocradio,24,0.5789844393730164,0.7349295914173126,0.4245689655172414,0.5993993463931077,0.4,0.0,0.0,0.0,0.0,0.0,0.0,0.0,0.0,0.0,2002,radio,0.5
4,3,lr5e-05_bs32_modL1_fusion64_fusionL1_drop0p2_trmiss50_trlocradio,32,5e-05,1,64,1,0.2,lr5e-05_bs32_modL1_fusion64_fusionL1_drop0p2_trmiss50_trlocradio,25,0.5756735901037852,0.7360029518604279,0.4181034482758621,0.5961261405590498,0.4,0.0,0.0,0.0,0.0,0.0,0.0,0.0,0.0,0.0,2002,radio,0.5
4,3,lr5e-05_bs32_modL1_fusion64_fusionL1_drop0p2_trmiss50_trlocradio,32,5e-05,1,64,1,0.2,lr5e-05_bs32_modL1_fusion64_fusionL1_drop0p2_trmiss50_trlocradio,26,0.5796569685141245,0.7368840277194977,0.41163793103448276,0.5774417209086934,0.4,0.0,0.0,0.0,0.0,0.0,0.0,0.0,0.0,0.0,2002,radio,0.5
4,3,lr5e-05_bs32_modL1_fusion64_fusionL1_drop0p2_trmiss50_trlocradio,32,5e-05,1,64,1,0.2,lr5e-05_bs32_modL1_fusion64_fusionL1_drop0p2_trmiss50_trlocradio,27,0.5871642728646597,0.7355252206325531,0.42241379310344823,0.5981233268844169,0.37777777777777777,0.0,0.0,0.0,0.0,0.0,0.0,0.0,0.0,0.0,2002,radio,0.5
4,3,lr5e-05_bs32_modL1_fusion64_fusionL1_drop0p2_trmiss50_trlocradio,32,5e-05,1,64,1,0.2,lr5e-05_bs32_modL1_fusion64_fusionL1_drop0p2_trmiss50_trlocradio,28,0.5748440126578013,0.7337248921394348,0.4148706896551724,0.5951216517769807,0.37777777777777777,0.0,0.0,0.0,0.0,0.0,0.0,0.0,0.0,0.0,2002,radio,0.5
4,3,lr5e-05_bs32_modL1_fusion64_fusionL1_drop0p2_trmiss50_trlocradio,32,5e-05,1,64,1,0.2,lr5e-05_bs32_modL1_fusion64_fusionL1_drop0p2_trmiss50_trlocradio,29,0.5767503877480825,0.7332993745803833,0.41594827586206895,0.5959059106215844,0.4,0.0,0.0,0.0,0.0,0.0,0.0,0.0,0.0,0.0,2002,radio,0.5
4,3,lr5e-05_bs32_modL1_fusion64_fusionL1_drop0p2_trmiss50_trlocradio,32,5e-05,1,64,1,0.2,lr5e-05_bs32_modL1_fusion64_fusionL1_drop0p2_trmiss50_trlocradio,30,0.587809165318807,0.7368428409099579,0.41594827586206895,0.5947245362150578,0.4,0.0,0.0,0.0,0.0,0.0,0.0,0.0,0.0,0.0,2002,radio,0.5
4,3,lr5e-05_bs32_modL1_fusion64_fusionL1_drop0p2_trmiss50_trlocradio,32,5e-05,1,64,1,0.2,lr5e-05_bs32_modL1_fusion64_fusionL1_drop0p2_trmiss50_trlocradio,31,0.5768369436264038,0.7353305220603943,0.41810344827586204,0.5952652066463927,0.4,0.0,0.0,0.0,0.0,0.0,0.0,0.0,0.0,0.0,2002,radio,0.5
4,3,lr5e-05_bs32_modL1_fusion64_fusionL1_drop0p2_trmiss50_trlocradio,32,5e-05,1,64,1,0.2,lr5e-05_bs32_modL1_fusion64_fusionL1_drop0p2_trmiss50_trlocradio,32,0.5724505384763082,0.7333037853240967,0.4202586206896552,0.5974471943624426,0.4,0.0,0.0,0.0,0.0,0.0,0.0,0.0,0.0,0.0,2002,radio,0.5
4,3,lr5e-05_bs32_modL1_fusion64_fusionL1_drop0p2_trmiss50_trlocradio,32,5e-05,1,64,1,0.2,lr5e-05_bs32_modL1_fusion64_fusionL1_drop0p2_trmiss50_trlocradio,33,0.5786889990170797,0.7344821691513062,0.4224137931034483,0.5984968901028077,0.37777777777777777,0.0,0.0,0.0,0.0,0.0,0.0,0.0,0.0,0.0,2002,radio,0.5
4,3,lr5e-05_bs32_modL1_fusion64_fusionL1_drop0p2_trmiss50_trlocradio,32,5e-05,1,64,1,0.2,lr5e-05_bs32_modL1_fusion64_fusionL1_drop0p2_trmiss50_trlocradio,34,0.5881422360738119,0.7359184920787811,0.42887931034482757,0.6005932194853298,0.4,0.0,0.0,0.0,0.0,0.0,0.0,0.0,0.0,0.0,2002,radio,0.5
4,3,lr5e-05_bs32_modL1_fusion64_fusionL1_drop0p2_trmiss50_trlocradio,32,5e-05,1,64,1,0.2,lr5e-05_bs32_modL1_fusion64_fusionL1_drop0p2_trmiss50_trlocradio,35,0.5741087396939596,0.7356392741203308,0.41810344827586204,0.5960144339481265,0.37777777777777777,0.0,0.0,0.0,0.0,0.0,0.0,0.0,0.0,0.0,2002,radio,0.5
4,3,lr5e-05_bs32_modL1_fusion64_fusionL1_drop0p2_trmiss50_trlocradio,32,5e-05,1,64,1,0.2,lr5e-05_bs32_modL1_fusion64_fusionL1_drop0p2_trmiss50_trlocradio,36,0.5721062024434408,0.7358428239822388,0.40948275862068967,0.5927559039345595,0.37777777777777777,0.0,0.0,0.0,0.0,0.0,0.0,0.0,0.0,0.0,2002,radio,0.5
4,3,lr5e-05_bs32_modL1_fusion64_fusionL1_drop0p2_trmiss50_trlocradio,32,5e-05,1,64,1,0.2,lr5e-05_bs32_modL1_fusion64_fusionL1_drop0p2_trmiss50_trlocradio,37,0.5778343180815378,0.7357869446277618,0.4267241379310344,0.5993582904516483,0.4,0.0,0.0,0.0,0.0,0.0,0.0,0.0,0.0,0.0,2002,radio,0.5
4,3,lr5e-05_bs32_modL1_fusion64_fusionL1_drop0p2_trmiss50_trlocradio,32,5e-05,1,64,1,0.2,lr5e-05_bs32_modL1_fusion64_fusionL1_drop0p2_trmiss50_trlocradio,38,0.5833089351654053,0.7396448254585266,0.415948275862069,0.5950040752209519,0.37777777777777777,0.0,0.0,0.0,0.0,0.0,0.0,0.0,0.0,0.0,2002,radio,0.5
4,3,lr5e-05_bs32_modL1_fusion64_fusionL1_drop0p2_trmiss50_trlocradio,32,5e-05,1,64,1,0.2,lr5e-05_bs32_modL1_fusion64_fusionL1_drop0p2_trmiss50_trlocradio,39,0.5683816969394684,0.7355164587497711,0.42241379310344834,0.598482107499694,0.37777777777777777,0.0,0.0,0.0,0.0,0.0,0.0,0.0,0.0,0.0,2002,radio,0.5
4,3,lr5e-05_bs32_modL1_fusion64_fusionL1_drop0p2_trmiss50_trlocradio,32,5e-05,1,64,1,0.2,lr5e-05_bs32_modL1_fusion64_fusionL1_drop0p2_trmiss50_trlocradio,40,0.5692145923773447,0.7377851605415344,0.41594827586206895,0.5946682467191132,0.37777777777777777,0.0,0.0,0.0,0.0,0.0,0.0,0.0,0.0,0.0,2002,radio,0.5
4,3,lr5e-05_bs32_modL1_fusion64_fusionL1_drop0p2_trmiss50_trlocradio,32,5e-05,1,64,1,0.2,lr5e-05_bs32_modL1_fusion64_fusionL1_drop0p2_trmiss50_trlocradio,41,0.5644581615924835,0.7366844713687897,0.41163793103448276,0.5939508175508484,0.37777777777777777,0.0,0.0,0.0,0.0,0.0,0.0,0.0,0.0,0.0,2002,radio,0.5
4,3,lr5e-05_bs32_modL1_fusion64_fusionL1_drop0p2_trmiss50_trlocradio,32,5e-05,1,64,1,0.2,lr5e-05_bs32_modL1_fusion64_fusionL1_drop0p2_trmiss50_trlocradio,42,0.5624288022518158,0.732839971780777,0.4202586206896552,0.596962915941568,0.4,0.0,0.0,0.0,0.0,0.0,0.0,0.0,0.0,0.0,2002,radio,0.5
4,3,lr5e-05_bs32_modL1_fusion64_fusionL1_drop0p2_trmiss50_trlocradio,32,5e-05,1,64,1,0.2,lr5e-05_bs32_modL1_fusion64_fusionL1_drop0p2_trmiss50_trlocradio,43,0.5711841781934103,0.7331855595111847,0.4310344827586207,0.6000930993363451,0.37777777777777777,0.0,0.0,0.0,0.0,0.0,0.0,0.0,0.0,0.0,2002,radio,0.5
4,3,lr5e-05_bs32_modL1_fusion64_fusionL1_drop0p2_trmiss50_trlocradio,32,5e-05,1,64,1,0.2,lr5e-05_bs32_modL1_fusion64_fusionL1_drop0p2_trmiss50_trlocradio,44,0.5864725609620413,0.7347638607025146,0.4224137931034483,0.5979938722430146,0.37777777777777777,0.0,0.0,0.0,0.0,0.0,0.0,0.0,0.0,0.0,2002,radio,0.5
4,3,lr5e-05_bs32_modL1_fusion64_fusionL1_drop0p2_trmiss50_trlocradio,32,5e-05,1,64,1,0.2,lr5e-05_bs32_modL1_fusion64_fusionL1_drop0p2_trmiss50_trlocradio,45,0.5693921049435934,0.7342722117900848,0.4245689655172414,0.5975985852463787,0.4,0.0,0.0,0.0,0.0,0.0,0.0,0.0,0.0,0.0,2002,radio,0.5
4,3,lr5e-05_bs32_modL1_fusion64_fusionL1_drop0p2_trmiss50_trlocradio,32,5e-05,1,64,1,0.2,lr5e-05_bs32_modL1_fusion64_fusionL1_drop0p2_trmiss50_trlocradio,46,0.5713881850242615,0.7305965721607208,0.4353448275862069,0.6026998316844568,0.4,0.0,0.0,0.0,0.0,0.0,0.0,0.0,0.0,0.0,2002,radio,0.5
4,3,lr5e-05_bs32_modL1_fusion64_fusionL1_drop0p2_trmiss50_trlocradio,32,5e-05,1,64,1,0.2,lr5e-05_bs32_modL1_fusion64_fusionL1_drop0p2_trmiss50_trlocradio,47,0.5634967188040415,0.7311303317546844,0.43965517241379304,0.6052404780778465,0.4,0.0,0.0,0.0,0.0,0.0,0.0,0.0,0.0,0.0,2002,radio,0.5
4,3,lr5e-05_bs32_modL1_fusion64_fusionL1_drop0p2_trmiss50_trlocradio,32,5e-05,1,64,1,0.2,lr5e-05_bs32_modL1_fusion64_fusionL1_drop0p2_trmiss50_trlocradio,48,0.5677257378896078,0.7330227494239807,0.4288793103448276,0.6009763646512478,0.37777777777777777,0.0,0.0,0.0,0.0,0.0,0.0,0.0,0.0,0.0,2002,radio,0.5
4,3,lr5e-05_bs32_modL1_fusion64_fusionL1_drop0p2_trmiss50_trlocradio,32,5e-05,1,64,1,0.2,lr5e-05_bs32_modL1_fusion64_fusionL1_drop0p2_trmiss50_trlocradio,49,0.5688526431719462,0.7337824702262878,0.415948275862069,0.5959452691409434,0.4,0.0,0.0,0.0,0.0,0.0,0.0,0.0,0.0,0.0,2002,radio,0.5
4,3,lr5e-05_bs32_modL1_fusion64_fusionL1_drop0p2_trmiss50_trlocradio,32,5e-05,1,64,1,0.2,lr5e-05_bs32_modL1_fusion64_fusionL1_drop0p2_trmiss50_trlocradio,50,0.5652013222376505,0.7353428602218628,0.4245689655172414,0.5980224980048721,0.4222222222222222,0.0,0.0,0.0,0.0,0.0,0.0,0.0,0.0,0.0,2002,radio,0.5
4,3,lr5e-05_bs32_modL1_fusion64_fusionL1_drop0p2_trmiss50_trlocradio,32,5e-05,1,64,1,0.2,lr5e-05_bs32_modL1_fusion64_fusionL1_drop0p2_trmiss50_trlocradio,51,0.5710242887338003,0.7338075041770935,0.43318965517241376,0.601892969105894,0.4,0.0,0.0,0.0,0.0,0.0,0.0,0.0,0.0,0.0,2002,radio,0.5
4,3,lr5e-05_bs32_modL1_fusion64_fusionL1_drop0p2_trmiss50_trlocradio,32,5e-05,1,64,1,0.2,lr5e-05_bs32_modL1_fusion64_fusionL1_drop0p2_trmiss50_trlocradio,52,0.5902566313743591,0.7334578335285187,0.42887931034482757,0.6001113621916404,0.37777777777777777,0.0,0.0,0.0,0.0,0.0,0.0,0.0,0.0,0.0,2002,radio,0.5
4,3,lr5e-05_bs32_modL1_fusion64_fusionL1_drop0p2_trmiss50_trlocradio,32,5e-05,1,64,1,0.2,lr5e-05_bs32_modL1_fusion64_fusionL1_drop0p2_trmiss50_trlocradio,53,0.5595866044362386,0.7324041724205017,0.4202586206896552,0.5984840551666498,0.4222222222222222,0.0,0.0,0.0,0.0,0.0,0.0,0.0,0.0,0.0,2002,radio,0.5
4,3,lr5e-05_bs32_modL1_fusion64_fusionL1_drop0p2_trmiss50_trlocradio,32,5e-05,1,64,1,0.2,lr5e-05_bs32_modL1_fusion64_fusionL1_drop0p2_trmiss50_trlocradio,54,0.5633505384127299,0.7326424717903137,0.43534482758620685,0.6028458420625209,0.37777777777777777,0.0,0.0,0.0,0.0,0.0,0.0,0.0,0.0,0.0,2002,radio,0.5
4,3,lr5e-05_bs32_modL1_fusion64_fusionL1_drop0p2_trmiss50_trlocradio,32,5e-05,1,64,1,0.2,lr5e-05_bs32_modL1_fusion64_fusionL1_drop0p2_trmiss50_trlocradio,55,0.5751601358254751,0.7310624122619629,0.44612068965517243,0.6078841776020594,0.4222222222222222,0.0,0.0,0.0,0.0,0.0,0.0,0.0,0.0,0.0,2002,radio,0.5
4,3,lr5e-05_bs32_modL1_fusion64_fusionL1_drop0p2_trmiss50_trlocradio,32,5e-05,1,64,1,0.2,lr5e-05_bs32_modL1_fusion64_fusionL1_drop0p2_trmiss50_trlocradio,56,0.5674879848957062,0.7318497598171234,0.4267241379310345,0.6000149574962337,0.4,0.0,0.0,0.0,0.0,0.0,0.0,0.0,0.0,0.0,2002,radio,0.5
4,3,lr5e-05_bs32_modL1_fusion64_fusionL1_drop0p2_trmiss50_trlocradio,32,5e-05,1,64,1,0.2,lr5e-05_bs32_modL1_fusion64_fusionL1_drop0p2_trmiss50_trlocradio,57,0.5859933396180471,0.7344764173030853,0.42887931034482757,0.6006295816992108,0.37777777777777777,0.0,0.0,0.0,0.0,0.0,0.0,0.0,0.0,0.0,2002,radio,0.5
4,3,lr5e-05_bs32_modL1_fusion64_fusionL1_drop0p2_trmiss50_trlocradio,32,5e-05,1,64,1,0.2,lr5e-05_bs32_modL1_fusion64_fusionL1_drop0p2_trmiss50_trlocradio,58,0.5653363366921743,0.7354733943939209,0.42025862068965514,0.5979176815886432,0.4,0.0,0.0,0.0,0.0,0.0,0.0,0.0,0.0,0.0,2002,radio,0.5
4,3,lr5e-05_bs32_modL1_fusion64_fusionL1_drop0p2_trmiss50_trlocradio,32,5e-05,1,64,1,0.2,lr5e-05_bs32_modL1_fusion64_fusionL1_drop0p2_trmiss50_trlocradio,59,0.5667777558167776,0.7340784966945648,0.41379310344827586,0.5949964482487436,0.37777777777777777,0.0,0.0,0.0,0.0,0.0,0.0,0.0,0.0,0.0,2002,radio,0.5
4,3,lr5e-05_bs32_modL1_fusion64_fusionL1_drop0p2_trmiss50_trlocradio,32,5e-05,1,64,1,0.2,lr5e-05_bs32_modL1_fusion64_fusionL1_drop0p2_trmiss50_trlocradio,60,0.5817722380161285,0.7318477630615234,0.42887931034482757,0.6000944769929043,0.37777777777777777,0.0,0.0,0.0,0.0,0.0,0.0,0.0,0.0,0.0,2002,radio,0.5
4,3,lr5e-05_bs32_modL1_fusion64_fusionL1_drop0p2_trmiss50_trlocradio,32,5e-05,1,64,1,0.2,lr5e-05_bs32_modL1_fusion64_fusionL1_drop0p2_trmiss50_trlocradio,61,0.5628002683321635,0.7291477918624878,0.43318965517241376,0.6023837379212155,0.4444444444444444,0.0,0.0,0.0,0.0,0.0,0.0,0.0,0.0,0.0,2002,radio,0.5
4,3,lr5e-05_bs32_modL1_fusion64_fusionL1_drop0p2_trmiss50_trlocradio,32,5e-05,1,64,1,0.2,lr5e-05_bs32_modL1_fusion64_fusionL1_drop0p2_trmiss50_trlocradio,62,0.5767498215039571,0.7309214770793915,0.4331896551724138,0.6027697256738177,0.4666666666666667,0.0,0.0,0.0,0.0,0.0,0.0,0.0,0.0,0.0,2002,radio,0.5
4,3,lr5e-05_bs32_modL1_fusion64_fusionL1_drop0p2_trmiss50_trlocradio,32,5e-05,1,64,1,0.2,lr5e-05_bs32_modL1_fusion64_fusionL1_drop0p2_trmiss50_trlocradio,63,0.58513143658638,0.7325253188610077,0.4288793103448276,0.6003497346889181,0.4,0.0,0.0,0.0,0.0,0.0,0.0,0.0,0.0,0.0,2002,radio,0.5
4,3,lr5e-05_bs32_modL1_fusion64_fusionL1_drop0p2_trmiss50_trlocradio,32,5e-05,1,64,1,0.2,lr5e-05_bs32_modL1_fusion64_fusionL1_drop0p2_trmiss50_trlocradio,64,0.5692536135514578,0.7348786890506744,0.415948275862069,0.5949925918317752,0.37777777777777777,0.0,0.0,0.0,0.0,0.0,0.0,0.0,0.0,0.0,2002,radio,0.5
4,3,lr5e-05_bs32_modL1_fusion64_fusionL1_drop0p2_trmiss50_trlocradio,32,5e-05,1,64,1,0.2,lr5e-05_bs32_modL1_fusion64_fusionL1_drop0p2_trmiss50_trlocradio,65,0.5679531594117483,0.7349141240119934,0.41594827586206895,0.5938595126053897,0.37777777777777777,0.0,0.0,0.0,0.0,0.0,0.0,0.0,0.0,0.0,2002,radio,0.5
4,3,lr5e-05_bs32_modL1_fusion64_fusionL1_drop0p2_trmiss50_trlocradio,32,5e-05,1,64,1,0.2,lr5e-05_bs32_modL1_fusion64_fusionL1_drop0p2_trmiss50_trlocradio,66,0.5646341343720754,0.7311657071113586,0.4331896551724138,0.6022845102031287,0.37777777777777777,0.0,0.0,0.0,0.0,0.0,0.0,0.0,0.0,0.0,2002,radio,0.5
4,3,lr5e-05_bs32_modL1_fusion64_fusionL1_drop0p2_trmiss50_trlocradio,32,5e-05,1,64,1,0.2,lr5e-05_bs32_modL1_fusion64_fusionL1_drop0p2_trmiss50_trlocradio,67,0.5741356412569681,0.7338266968727112,0.4267241379310344,0.599147389187891,0.4,0.0,0.0,0.0,0.0,0.0,0.0,0.0,0.0,0.0,2002,radio,0.5
4,3,lr5e-05_bs32_modL1_fusion64_fusionL1_drop0p2_trmiss50_trlocradio,32,5e-05,1,64,1,0.2,lr5e-05_bs32_modL1_fusion64_fusionL1_drop0p2_trmiss50_trlocradio,68,0.567904661099116,0.7324408292770386,0.42672413793103453,0.599300116037054,0.4,0.0,0.0,0.0,0.0,0.0,0.0,0.0,0.0,0.0,2002,radio,0.5
4,3,lr5e-05_bs32_modL1_fusion64_fusionL1_drop0p2_trmiss50_trlocradio,32,5e-05,1,64,1,0.2,lr5e-05_bs32_modL1_fusion64_fusionL1_drop0p2_trmiss50_trlocradio,69,0.5779764950275421,0.733683168888092,0.4353448275862069,0.6019884211953693,0.37777777777777777,0.0,0.0,0.0,0.0,0.0,0.0,0.0,0.0,0.0,2002,radio,0.5
4,3,lr5e-05_bs32_modL1_fusion64_fusionL1_drop0p2_trmiss50_trlocradio,32,5e-05,1,64,1,0.2,lr5e-05_bs32_modL1_fusion64_fusionL1_drop0p2_trmiss50_trlocradio,70,0.562030037244161,0.7326771914958954,0.4202586206896552,0.5963733689214772,0.37777777777777777,0.0,0.0,0.0,0.0,0.0,0.0,0.0,0.0,0.0,2002,radio,0.5
4,3,lr5e-05_bs32_modL1_fusion64_fusionL1_drop0p2_trmiss50_trlocradio,32,5e-05,1,64,1,0.2,lr5e-05_bs32_modL1_fusion64_fusionL1_drop0p2_trmiss50_trlocradio,71,0.5622235536575317,0.7316526472568512,0.42241379310344823,0.5973362622245773,0.4,0.0,0.0,0.0,0.0,0.0,0.0,0.0,0.0,0.0,2002,radio,0.5
4,3,lr5e-05_bs32_modL1_fusion64_fusionL1_drop0p2_trmiss50_trlocradio,32,5e-05,1,64,1,0.2,lr5e-05_bs32_modL1_fusion64_fusionL1_drop0p2_trmiss50_trlocradio,72,0.5703846216201782,0.7342117726802826,0.41594827586206895,0.5955312150597352,0.37777777777777777,0.0,0.0,0.0,0.0,0.0,0.0,0.0,0.0,0.0,2002,radio,0.5
4,3,lr5e-05_bs32_modL1_fusion64_fusionL1_drop0p2_trmiss50_trlocradio,32,5e-05,1,64,1,0.2,lr5e-05_bs32_modL1_fusion64_fusionL1_drop0p2_trmiss50_trlocradio,73,0.5630890627702078,0.7330735325813293,0.4310344827586207,0.6014125731209587,0.37777777777777777,0.0,0.0,0.0,0.0,0.0,0.0,0.0,0.0,0.0,2002,radio,0.5
4,3,lr5e-05_bs32_modL1_fusion64_fusionL1_drop0p2_trmiss50_trlocradio,32,5e-05,1,64,1,0.2,lr5e-05_bs32_modL1_fusion64_fusionL1_drop0p2_trmiss50_trlocradio,74,0.5688404937585195,0.7340835332870483,0.42025862068965525,0.5976816987842893,0.37777777777777777,0.0,0.0,0.0,0.0,0.0,0.0,0.0,0.0,0.0,2002,radio,0.5
4,3,lr5e-05_bs32_modL1_fusion64_fusionL1_drop0p2_trmiss50_trlocradio,32,5e-05,1,64,1,0.2,lr5e-05_bs32_modL1_fusion64_fusionL1_drop0p2_trmiss50_trlocradio,75,0.5776833196481069,0.7341139018535614,0.4202586206896552,0.5976453365704084,0.37777777777777777,0.0,0.0,0.0,0.0,0.0,0.0,0.0,0.0,0.0,2002,radio,0.5
4,3,lr5e-05_bs32_modL1_fusion64_fusionL1_drop0p1_trmiss50_trlocradio,32,5e-05,1,64,1,0.1,lr5e-05_bs32_modL1_fusion64_fusionL1_drop0p1_trmiss50_trlocradio,1,0.721037894487381,0.7142495512962341,0.4676724137931034,0.6769100921090337,0.4222222222222222,0.0,0.0,0.0,0.0,0.0,0.0,0.0,0.0,0.0,2002,radio,0.5
4,3,lr5e-05_bs32_modL1_fusion64_fusionL1_drop0p1_trmiss50_trlocradio,32,5e-05,1,64,1,0.1,lr5e-05_bs32_modL1_fusion64_fusionL1_drop0p1_trmiss50_trlocradio,2,0.6737708846728007,0.7130713760852814,0.4676724137931034,0.6637990574031368,0.37777777777777777,0.0,0.0,0.0,0.0,0.0,0.0,0.0,0.0,0.0,2002,radio,0.5
4,3,lr5e-05_bs32_modL1_fusion64_fusionL1_drop0p1_trmiss50_trlocradio,32,5e-05,1,64,1,0.1,lr5e-05_bs32_modL1_fusion64_fusionL1_drop0p1_trmiss50_trlocradio,3,0.6597837607065836,0.7181538045406342,0.4655172413793104,0.652303223842171,0.4,0.0,0.0,0.0,0.0,0.0,0.0,0.0,0.0,0.0,2002,radio,0.5
4,3,lr5e-05_bs32_modL1_fusion64_fusionL1_drop0p1_trmiss50_trlocradio,32,5e-05,1,64,1,0.1,lr5e-05_bs32_modL1_fusion64_fusionL1_drop0p1_trmiss50_trlocradio,4,0.6520609160264333,0.7214292287826538,0.4806034482758621,0.666230838326387,0.4,0.0,0.0,0.0,0.0,0.0,0.0,0.0,0.0,0.0,2002,radio,0.5
4,3,lr5e-05_bs32_modL1_fusion64_fusionL1_drop0p1_trmiss50_trlocradio,32,5e-05,1,64,1,0.1,lr5e-05_bs32_modL1_fusion64_fusionL1_drop0p1_trmiss50_trlocradio,5,0.6194468835989634,0.7238495647907257,0.47844827586206895,0.6587699144760416,0.4222222222222222,0.0,0.0,0.0,0.0,0.0,0.0,0.0,0.0,0.0,2002,radio,0.5
4,3,lr5e-05_bs32_modL1_fusion64_fusionL1_drop0p1_trmiss50_trlocradio,32,5e-05,1,64,1,0.1,lr5e-05_bs32_modL1_fusion64_fusionL1_drop0p1_trmiss50_trlocradio,6,0.6294987400372823,0.7276892960071564,0.4870689655172414,0.6596397349397108,0.4444444444444444,0.0,0.0,0.0,0.0,0.0,0.0,0.0,0.0,0.0,2002,radio,0.5
4,3,lr5e-05_bs32_modL1_fusion64_fusionL1_drop0p1_trmiss50_trlocradio,32,5e-05,1,64,1,0.1,lr5e-05_bs32_modL1_fusion64_fusionL1_drop0p1_trmiss50_trlocradio,7,0.6136646668116251,0.7295729517936707,0.4870689655172413,0.6590715797936721,0.4666666666666667,0.0,0.0,0.0,0.0,0.0,0.0,0.0,0.0,0.0,2002,radio,0.5
4,3,lr5e-05_bs32_modL1_fusion64_fusionL1_drop0p1_trmiss50_trlocradio,32,5e-05,1,64,1,0.1,lr5e-05_bs32_modL1_fusion64_fusionL1_drop0p1_trmiss50_trlocradio,8,0.5846277276674906,0.7316665053367615,0.4956896551724138,0.6705440915432653,0.4222222222222222,0.0,0.0,0.0,0.0,0.0,0.0,0.0,0.0,0.0,2002,radio,0.5
4,3,lr5e-05_bs32_modL1_fusion64_fusionL1_drop0p1_trmiss50_trlocradio,32,5e-05,1,64,1,0.1,lr5e-05_bs32_modL1_fusion64_fusionL1_drop0p1_trmiss50_trlocradio,9,0.5812560419241587,0.7326357662677765,0.4956896551724138,0.6721941289228265,0.4,0.0,0.0,0.0,0.0,0.0,0.0,0.0,0.0,0.0,2002,radio,0.5
4,3,lr5e-05_bs32_modL1_fusion64_fusionL1_drop0p1_trmiss50_trlocradio,32,5e-05,1,64,1,0.1,lr5e-05_bs32_modL1_fusion64_fusionL1_drop0p1_trmiss50_trlocradio,10,0.5726709266503652,0.7334273755550385,0.48706896551724144,0.6637156930930507,0.4222222222222222,0.0,0.0,0.0,0.0,0.0,0.0,0.0,0.0,0.0,2002,radio,0.5
4,3,lr5e-05_bs32_modL1_fusion64_fusionL1_drop0p1_trmiss50_trlocradio,32,5e-05,1,64,1,0.1,lr5e-05_bs32_modL1_fusion64_fusionL1_drop0p1_trmiss50_trlocradio,11,0.5749168395996094,0.7297349870204926,0.4892241379310345,0.6656314019053113,0.4444444444444444,0.0,0.0,0.0,0.0,0.0,0.0,0.0,0.0,0.0,2002,radio,0.5
4,3,lr5e-05_bs32_modL1_fusion64_fusionL1_drop0p1_trmiss50_trlocradio,32,5e-05,1,64,1,0.1,lr5e-05_bs32_modL1_fusion64_fusionL1_drop0p1_trmiss50_trlocradio,12,0.5483233133951823,0.7306777536869049,0.4892241379310345,0.6660160885942249,0.4444444444444444,0.0,0.0,0.0,0.0,0.0,0.0,0.0,0.0,0.0,2002,radio,0.5
4,3,lr5e-05_bs32_modL1_fusion64_fusionL1_drop0p1_trmiss50_trlocradio,32,5e-05,1,64,1,0.1,lr5e-05_bs32_modL1_fusion64_fusionL1_drop0p1_trmiss50_trlocradio,13,0.5684354404608408,0.7354066967964172,0.4956896551724138,0.6696059247585692,0.4222222222222222,0.0,0.0,0.0,0.0,0.0,0.0,0.0,0.0,0.0,2002,radio,0.5
4,3,lr5e-05_bs32_modL1_fusion64_fusionL1_drop0p1_trmiss50_trlocradio,32,5e-05,1,64,1,0.1,lr5e-05_bs32_modL1_fusion64_fusionL1_drop0p1_trmiss50_trlocradio,14,0.5617282191912333,0.7325924336910248,0.49353448275862066,0.668668608488124,0.4444444444444444,0.0,0.0,0.0,0.0,0.0,0.0,0.0,0.0,0.0,2002,radio,0.5
4,3,lr5e-05_bs32_modL1_fusion64_fusionL1_drop0p1_trmiss50_trlocradio,32,5e-05,1,64,1,0.1,lr5e-05_bs32_modL1_fusion64_fusionL1_drop0p1_trmiss50_trlocradio,15,0.552097866932551,0.7303172647953033,0.49784482758620696,0.670013135561273,0.4666666666666667,0.0,0.0,0.0,0.0,0.0,0.0,0.0,0.0,0.0,2002,radio,0.5
4,3,lr5e-05_bs32_modL1_fusion64_fusionL1_drop0p1_trmiss50_trlocradio,32,5e-05,1,64,1,0.1,lr5e-05_bs32_modL1_fusion64_fusionL1_drop0p1_trmiss50_trlocradio,16,0.554988702138265,0.73121377825737,0.5043103448275862,0.6738232875458671,0.4222222222222222,0.0,0.0,0.0,0.0,0.0,0.0,0.0,0.0,0.0,2002,radio,0.5
4,3,lr5e-05_bs32_modL1_fusion64_fusionL1_drop0p1_trmiss50_trlocradio,32,5e-05,1,64,1,0.1,lr5e-05_bs32_modL1_fusion64_fusionL1_drop0p1_trmiss50_trlocradio,17,0.5381629168987274,0.727118045091629,0.5086206896551724,0.6775327964277897,0.4222222222222222,0.0,0.0,0.0,0.0,0.0,0.0,0.0,0.0,0.0,2002,radio,0.5
4,3,lr5e-05_bs32_modL1_fusion64_fusionL1_drop0p1_trmiss50_trlocradio,32,5e-05,1,64,1,0.1,lr5e-05_bs32_modL1_fusion64_fusionL1_drop0p1_trmiss50_trlocradio,18,0.5462225675582886,0.7262263298034668,0.5043103448275862,0.6756673247347319,0.4222222222222222,0.0,0.0,0.0,0.0,0.0,0.0,0.0,0.0,0.0,2002,radio,0.5
4,3,lr5e-05_bs32_modL1_fusion64_fusionL1_drop0p1_trmiss50_trlocradio,32,5e-05,1,64,1,0.1,lr5e-05_bs32_modL1_fusion64_fusionL1_drop0p1_trmiss50_trlocradio,19,0.5372115870316824,0.724852591753006,0.5043103448275862,0.6757467663658977,0.4444444444444444,0.0,0.0,0.0,0.0,0.0,0.0,0.0,0.0,0.0,2002,radio,0.5
4,3,lr5e-05_bs32_modL1_fusion64_fusionL1_drop0p1_trmiss50_trlocradio,32,5e-05,1,64,1,0.1,lr5e-05_bs32_modL1_fusion64_fusionL1_drop0p1_trmiss50_trlocradio,20,0.5407324930032095,0.7283154129981995,0.5043103448275863,0.6759531725357927,0.4,0.0,0.0,0.0,0.0,0.0,0.0,0.0,0.0,0.0,2002,radio,0.5
4,3,lr5e-05_bs32_modL1_fusion64_fusionL1_drop0p1_trmiss50_trlocradio,32,5e-05,1,64,1,0.1,lr5e-05_bs32_modL1_fusion64_fusionL1_drop0p1_trmiss50_trlocradio,21,0.5533432960510254,0.7303666174411774,0.5043103448275863,0.6759531725357927,0.4222222222222222,0.0,0.0,0.0,0.0,0.0,0.0,0.0,0.0,0.0,2002,radio,0.5
4,3,lr5e-05_bs32_modL1_fusion64_fusionL1_drop0p1_trmiss50_trlocradio,32,5e-05,1,64,1,0.1,lr5e-05_bs32_modL1_fusion64_fusionL1_drop0p1_trmiss50_trlocradio,22,0.5382424096266428,0.7269820272922516,0.5129310344827587,0.6877367390496151,0.4222222222222222,0.0,0.0,0.0,0.0,0.0,0.0,0.0,0.0,0.0,2002,radio,0.5
4,3,lr5e-05_bs32_modL1_fusion64_fusionL1_drop0p1_trmiss50_trlocradio,32,5e-05,1,64,1,0.1,lr5e-05_bs32_modL1_fusion64_fusionL1_drop0p1_trmiss50_trlocradio,23,0.543682316939036,0.7280991077423096,0.5172413793103449,0.6891969497108349,0.4222222222222222,0.0,0.0,0.0,0.0,0.0,0.0,0.0,0.0,0.0,2002,radio,0.5
4,3,lr5e-05_bs32_modL1_fusion64_fusionL1_drop0p1_trmiss50_trlocradio,32,5e-05,1,64,1,0.1,lr5e-05_bs32_modL1_fusion64_fusionL1_drop0p1_trmiss50_trlocradio,24,0.5248933931191763,0.7269570231437683,0.5172413793103449,0.6875295476402888,0.4222222222222222,0.0,0.0,0.0,0.0,0.0,0.0,0.0,0.0,0.0,2002,radio,0.5
4,3,lr5e-05_bs32_modL1_fusion64_fusionL1_drop0p1_trmiss50_trlocradio,32,5e-05,1,64,1,0.1,lr5e-05_bs32_modL1_fusion64_fusionL1_drop0p1_trmiss50_trlocradio,25,0.5262320935726166,0.728081613779068,0.5258620689655172,0.6920652260704906,0.4,0.0,0.0,0.0,0.0,0.0,0.0,0.0,0.0,0.0,2002,radio,0.5
4,3,lr5e-05_bs32_modL1_fusion64_fusionL1_drop0p1_trmiss50_trlocradio,32,5e-05,1,64,1,0.1,lr5e-05_bs32_modL1_fusion64_fusionL1_drop0p1_trmiss50_trlocradio,26,0.5350421766440073,0.7277083098888397,0.5107758620689655,0.6776212792127506,0.4222222222222222,0.0,0.0,0.0,0.0,0.0,0.0,0.0,0.0,0.0,2002,radio,0.5
4,3,lr5e-05_bs32_modL1_fusion64_fusionL1_drop0p1_trmiss50_trlocradio,32,5e-05,1,64,1,0.1,lr5e-05_bs32_modL1_fusion64_fusionL1_drop0p1_trmiss50_trlocradio,27,0.5353909134864807,0.7256842851638794,0.5086206896551725,0.6805659718027522,0.4222222222222222,0.0,0.0,0.0,0.0,0.0,0.0,0.0,0.0,0.0,2002,radio,0.5
4,3,lr5e-05_bs32_modL1_fusion64_fusionL1_drop0p1_trmiss50_trlocradio,32,5e-05,1,64,1,0.1,lr5e-05_bs32_modL1_fusion64_fusionL1_drop0p1_trmiss50_trlocradio,28,0.5383407771587372,0.7233920693397522,0.5064655172413793,0.6762427667882907,0.4666666666666667,0.0,0.0,0.0,0.0,0.0,0.0,0.0,0.0,0.0,2002,radio,0.5
4,3,lr5e-05_bs32_modL1_fusion64_fusionL1_drop0p1_trmiss50_trlocradio,32,5e-05,1,64,1,0.1,lr5e-05_bs32_modL1_fusion64_fusionL1_drop0p1_trmiss50_trlocradio,29,0.5260825355847677,0.7246411442756653,0.5,0.6718926150243457,0.4222222222222222,0.0,0.0,0.0,0.0,0.0,0.0,0.0,0.0,0.0,2002,radio,0.5
4,3,lr5e-05_bs32_modL1_fusion64_fusionL1_drop0p1_trmiss50_trlocradio,32,5e-05,1,64,1,0.1,lr5e-05_bs32_modL1_fusion64_fusionL1_drop0p1_trmiss50_trlocradio,30,0.5296022395292918,0.7255523502826691,0.5,0.6733890037818641,0.4,0.0,0.0,0.0,0.0,0.0,0.0,0.0,0.0,0.0,2002,radio,0.5
4,3,lr5e-05_bs32_modL1_fusion64_fusionL1_drop0p1_trmiss50_trlocradio,32,5e-05,1,64,1,0.1,lr5e-05_bs32_modL1_fusion64_fusionL1_drop0p1_trmiss50_trlocradio,31,0.5255483488241831,0.7238371968269348,0.5064655172413793,0.6784681501495766,0.4,0.0,0.0,0.0,0.0,0.0,0.0,0.0,0.0,0.0,2002,radio,0.5
4,3,lr5e-05_bs32_modL1_fusion64_fusionL1_drop0p1_trmiss50_trlocradio,32,5e-05,1,64,1,0.1,lr5e-05_bs32_modL1_fusion64_fusionL1_drop0p1_trmiss50_trlocradio,32,0.534826417764028,0.7261128723621368,0.5021551724137931,0.6737746635595383,0.4222222222222222,0.0,0.0,0.0,0.0,0.0,0.0,0.0,0.0,0.0,2002,radio,0.5
4,3,lr5e-05_bs32_modL1_fusion64_fusionL1_drop0p1_trmiss50_trlocradio,32,5e-05,1,64,1,0.1,lr5e-05_bs32_modL1_fusion64_fusionL1_drop0p1_trmiss50_trlocradio,33,0.5338199536005656,0.722726583480835,0.5107758620689655,0.6828648223774648,0.4444444444444444,0.0,0.0,0.0,0.0,0.0,0.0,0.0,0.0,0.0,2002,radio,0.5
4,3,lr5e-05_bs32_modL1_fusion64_fusionL1_drop0p1_trmiss50_trlocradio,32,5e-05,1,64,1,0.1,lr5e-05_bs32_modL1_fusion64_fusionL1_drop0p1_trmiss50_trlocradio,34,0.5283403396606445,0.7241590321063995,0.5107758620689655,0.6825787100223869,0.4222222222222222,0.0,0.0,0.0,0.0,0.0,0.0,0.0,0.0,0.0,2002,radio,0.5
4,3,lr5e-05_bs32_modL1_fusion64_fusionL1_drop0p1_trmiss50_trlocradio,32,5e-05,1,64,1,0.1,lr5e-05_bs32_modL1_fusion64_fusionL1_drop0p1_trmiss50_trlocradio,35,0.5257375339667002,0.7248457670211792,0.5086206896551724,0.6781713357874265,0.4222222222222222,0.0,0.0,0.0,0.0,0.0,0.0,0.0,0.0,0.0,2002,radio,0.5
4,3,lr5e-05_bs32_modL1_fusion64_fusionL1_drop0p1_trmiss50_trlocradio,32,5e-05,1,64,1,0.1,lr5e-05_bs32_modL1_fusion64_fusionL1_drop0p1_trmiss50_trlocradio,36,0.5269341170787811,0.7262406349182129,0.5064655172413793,0.677487154068762,0.4222222222222222,0.0,0.0,0.0,0.0,0.0,0.0,0.0,0.0,0.0,2002,radio,0.5
4,3,lr5e-05_bs32_modL1_fusion64_fusionL1_drop0p1_trmiss50_trlocradio,32,5e-05,1,64,1,0.1,lr5e-05_bs32_modL1_fusion64_fusionL1_drop0p1_trmiss50_trlocradio,37,0.5183722078800201,0.7266714870929718,0.5064655172413793,0.677487154068762,0.4222222222222222,0.0,0.0,0.0,0.0,0.0,0.0,0.0,0.0,0.0,2002,radio,0.5
4,3,lr5e-05_bs32_modL1_fusion64_fusionL1_drop0p1_trmiss50_trlocradio,32,5e-05,1,64,1,0.1,lr5e-05_bs32_modL1_fusion64_fusionL1_drop0p1_trmiss50_trlocradio,38,0.5215150167544683,0.7267088294029236,0.5086206896551724,0.6784412224890973,0.4222222222222222,0.0,0.0,0.0,0.0,0.0,0.0,0.0,0.0,0.0,2002,radio,0.5
4,3,lr5e-05_bs32_modL1_fusion64_fusionL1_drop0p1_trmiss50_trlocradio,32,5e-05,1,64,1,0.1,lr5e-05_bs32_modL1_fusion64_fusionL1_drop0p1_trmiss50_trlocradio,39,0.5332902520895004,0.7226505279541016,0.5107758620689655,0.6807400730638099,0.4222222222222222,0.0,0.0,0.0,0.0,0.0,0.0,0.0,0.0,0.0,2002,radio,0.5
4,3,lr5e-05_bs32_modL1_fusion64_fusionL1_drop0p1_trmiss50_trlocradio,32,5e-05,1,64,1,0.1,lr5e-05_bs32_modL1_fusion64_fusionL1_drop0p1_trmiss50_trlocradio,40,0.5187688668568929,0.7239762544631958,0.5064655172413793,0.6788157105697323,0.4222222222222222,0.0,0.0,0.0,0.0,0.0,0.0,0.0,0.0,0.0,2002,radio,0.5
4,3,lr5e-05_bs32_modL1_fusion64_fusionL1_drop0p1_trmiss50_trlocradio,32,5e-05,1,64,1,0.1,lr5e-05_bs32_modL1_fusion64_fusionL1_drop0p1_trmiss50_trlocradio,41,0.5147169530391693,0.7228773832321167,0.5086206896551724,0.6797860046434746,0.4222222222222222,0.0,0.0,0.0,0.0,0.0,0.0,0.0,0.0,0.0,2002,radio,0.5
4,3,lr5e-05_bs32_modL1_fusion64_fusionL1_drop0p1_trmiss50_trlocradio,32,5e-05,1,64,1,0.1,lr5e-05_bs32_modL1_fusion64_fusionL1_drop0p1_trmiss50_trlocradio,42,0.518192191918691,0.7229094803333282,0.5043103448275862,0.6782107498921763,0.4222222222222222,0.0,0.0,0.0,0.0,0.0,0.0,0.0,0.0,0.0,2002,radio,0.5
4,3,lr5e-05_bs32_modL1_fusion64_fusionL1_drop0p1_trmiss50_trlocradio,32,5e-05,1,64,1,0.1,lr5e-05_bs32_modL1_fusion64_fusionL1_drop0p1_trmiss50_trlocradio,43,0.5217294196287791,0.7285432815551758,0.5021551724137931,0.6772255282172995,0.4222222222222222,0.0,0.0,0.0,0.0,0.0,0.0,0.0,0.0,0.0,2002,radio,0.5
4,3,lr5e-05_bs32_modL1_fusion64_fusionL1_drop0p1_trmiss50_trlocradio,32,5e-05,1,64,1,0.1,lr5e-05_bs32_modL1_fusion64_fusionL1_drop0p1_trmiss50_trlocradio,44,0.5138654311498007,0.7254027426242828,0.49999999999999994,0.67394145596771,0.4222222222222222,0.0,0.0,0.0,0.0,0.0,0.0,0.0,0.0,0.0,2002,radio,0.5
4,3,lr5e-05_bs32_modL1_fusion64_fusionL1_drop0p1_trmiss50_trlocradio,32,5e-05,1,64,1,0.1,lr5e-05_bs32_modL1_fusion64_fusionL1_drop0p1_trmiss50_trlocradio,45,0.5330179035663605,0.7233589887619019,0.49999999999999994,0.674926677642587,0.4222222222222222,0.0,0.0,0.0,0.0,0.0,0.0,0.0,0.0,0.0,2002,radio,0.5
4,3,lr1e-04_bs32_modL1_fusion32_fusionL1_drop0p2_trmiss50_trlocradio,32,0.0001,1,32,1,0.2,lr1e-04_bs32_modL1_fusion32_fusionL1_drop0p2_trmiss50_trlocradio,1,0.6469505528608958,0.6647208034992218,0.44612068965517243,0.6417456852666246,0.6444444444444445,0.0,0.0,0.0,0.0,0.0,0.0,0.0,0.0,0.0,2002,radio,0.5
4,3,lr1e-04_bs32_modL1_fusion32_fusionL1_drop0p2_trmiss50_trlocradio,32,0.0001,1,32,1,0.2,lr1e-04_bs32_modL1_fusion32_fusionL1_drop0p2_trmiss50_trlocradio,2,0.6269351840019226,0.6684951782226562,0.45905172413793105,0.6540580027028104,0.6444444444444445,0.0,0.0,0.0,0.0,0.0,0.0,0.0,0.0,0.0,2002,radio,0.5
4,3,lr1e-04_bs32_modL1_fusion32_fusionL1_drop0p2_trmiss50_trlocradio,32,0.0001,1,32,1,0.2,lr1e-04_bs32_modL1_fusion32_fusionL1_drop0p2_trmiss50_trlocradio,3,0.5982688466707865,0.6723708808422089,0.4461206896551725,0.6497389207332498,0.6222222222222222,0.0,0.0,0.0,0.0,0.0,0.0,0.0,0.0,0.0,2002,radio,0.5
4,3,lr1e-04_bs32_modL1_fusion32_fusionL1_drop0p2_trmiss50_trlocradio,32,0.0001,1,32,1,0.2,lr1e-04_bs32_modL1_fusion32_fusionL1_drop0p2_trmiss50_trlocradio,4,0.5889862875143687,0.6770071685314178,0.4482758620689655,0.6467152788884369,0.6222222222222222,0.0,0.0,0.0,0.0,0.0,0.0,0.0,0.0,0.0,2002,radio,0.5
4,3,lr1e-04_bs32_modL1_fusion32_fusionL1_drop0p2_trmiss50_trlocradio,32,0.0001,1,32,1,0.2,lr1e-04_bs32_modL1_fusion32_fusionL1_drop0p2_trmiss50_trlocradio,5,0.5888194541136423,0.6761614382266998,0.4612068965517242,0.6445516947040071,0.6222222222222222,0.0,0.0,0.0,0.0,0.0,0.0,0.0,0.0,0.0,2002,radio,0.5
4,3,lr1e-04_bs32_modL1_fusion32_fusionL1_drop0p2_trmiss50_trlocradio,32,0.0001,1,32,1,0.2,lr1e-04_bs32_modL1_fusion32_fusionL1_drop0p2_trmiss50_trlocradio,6,0.5887844959894816,0.6798067986965179,0.4482758620689655,0.6345440655602654,0.6444444444444445,0.0,0.0,0.0,0.0,0.0,0.0,0.0,0.0,0.0,2002,radio,0.5
4,3,lr1e-04_bs32_modL1_fusion32_fusionL1_drop0p2_trmiss50_trlocradio,32,0.0001,1,32,1,0.2,lr1e-04_bs32_modL1_fusion32_fusionL1_drop0p2_trmiss50_trlocradio,7,0.5653336644172668,0.6818780601024628,0.4331896551724138,0.6279097256965607,0.6444444444444445,0.0,0.0,0.0,0.0,0.0,0.0,0.0,0.0,0.0,2002,radio,0.5
4,3,lr1e-04_bs32_modL1_fusion32_fusionL1_drop0p2_trmiss50_trlocradio,32,0.0001,1,32,1,0.2,lr1e-04_bs32_modL1_fusion32_fusionL1_drop0p2_trmiss50_trlocradio,8,0.5671555399894714,0.6789803504943848,0.4375,0.6373363588220835,0.6444444444444445,0.0,0.0,0.0,0.0,0.0,0.0,0.0,0.0,0.0,2002,radio,0.5
4,3,lr1e-04_bs32_modL1_fusion32_fusionL1_drop0p2_trmiss50_trlocradio,32,0.0001,1,32,1,0.2,lr1e-04_bs32_modL1_fusion32_fusionL1_drop0p2_trmiss50_trlocradio,9,0.5666274229685465,0.6791928112506866,0.4375,0.6442881282885943,0.6222222222222222,0.0,0.0,0.0,0.0,0.0,0.0,0.0,0.0,0.0,2002,radio,0.5
4,3,lr1e-04_bs32_modL1_fusion32_fusionL1_drop0p2_trmiss50_trlocradio,32,0.0001,1,32,1,0.2,lr1e-04_bs32_modL1_fusion32_fusionL1_drop0p2_trmiss50_trlocradio,10,0.5511099398136139,0.6790802776813507,0.44181034482758624,0.6470994931689246,0.6222222222222222,0.0,0.0,0.0,0.0,0.0,0.0,0.0,0.0,0.0,2002,radio,0.5
4,3,lr1e-04_bs32_modL1_fusion32_fusionL1_drop0p2_trmiss50_trlocradio,32,0.0001,1,32,1,0.2,lr1e-04_bs32_modL1_fusion32_fusionL1_drop0p2_trmiss50_trlocradio,11,0.5359223932027817,0.6798990070819855,0.44612068965517243,0.6497707704793357,0.6222222222222222,0.0,0.0,0.0,0.0,0.0,0.0,0.0,0.0,0.0,2002,radio,0.5
4,3,lr1e-04_bs32_modL1_fusion32_fusionL1_drop0p2_trmiss50_trlocradio,32,0.0001,1,32,1,0.2,lr1e-04_bs32_modL1_fusion32_fusionL1_drop0p2_trmiss50_trlocradio,12,0.537112424770991,0.6793279647827148,0.4418103448275862,0.6407431626767733,0.6222222222222222,0.0,0.0,0.0,0.0,0.0,0.0,0.0,0.0,0.0,2002,radio,0.5
4,3,lr1e-04_bs32_modL1_fusion32_fusionL1_drop0p2_trmiss50_trlocradio,32,0.0001,1,32,1,0.2,lr1e-04_bs32_modL1_fusion32_fusionL1_drop0p2_trmiss50_trlocradio,13,0.5386221408843994,0.6798679828643799,0.4461206896551724,0.6427098997614777,0.6222222222222222,0.0,0.0,0.0,0.0,0.0,0.0,0.0,0.0,0.0,2002,radio,0.5
4,3,lr1e-04_bs32_modL1_fusion32_fusionL1_drop0p2_trmiss50_trlocradio,32,0.0001,1,32,1,0.2,lr1e-04_bs32_modL1_fusion32_fusionL1_drop0p2_trmiss50_trlocradio,14,0.5438677867253622,0.6795633435249329,0.4504310344827587,0.6431553660286871,0.6222222222222222,0.0,0.0,0.0,0.0,0.0,0.0,0.0,0.0,0.0,2002,radio,0.5
4,3,lr1e-04_bs32_modL1_fusion32_fusionL1_drop0p2_trmiss50_trlocradio,32,0.0001,1,32,1,0.2,lr1e-04_bs32_modL1_fusion32_fusionL1_drop0p2_trmiss50_trlocradio,15,0.5325895498196284,0.680298775434494,0.4461206896551724,0.6305953758985285,0.6222222222222222,0.0,0.0,0.0,0.0,0.0,0.0,0.0,0.0,0.0,2002,radio,0.5
4,3,lr1e-04_bs32_modL1_fusion32_fusionL1_drop0p2_trmiss50_trlocradio,32,0.0001,1,32,1,0.2,lr1e-04_bs32_modL1_fusion32_fusionL1_drop0p2_trmiss50_trlocradio,16,0.524469405412674,0.6782090961933136,0.4525862068965517,0.6449722313643133,0.6444444444444445,0.0,0.0,0.0,0.0,0.0,0.0,0.0,0.0,0.0,2002,radio,0.5
4,3,lr1e-04_bs32_modL1_fusion32_fusionL1_drop0p2_trmiss50_trlocradio,32,0.0001,1,32,1,0.2,lr1e-04_bs32_modL1_fusion32_fusionL1_drop0p2_trmiss50_trlocradio,17,0.5240076531966528,0.6796206533908844,0.4482758620689655,0.6465051575071309,0.6444444444444445,0.0,0.0,0.0,0.0,0.0,0.0,0.0,0.0,0.0,2002,radio,0.5
4,3,lr1e-04_bs32_modL1_fusion32_fusionL1_drop0p2_trmiss50_trlocradio,32,0.0001,1,32,1,0.2,lr1e-04_bs32_modL1_fusion32_fusionL1_drop0p2_trmiss50_trlocradio,18,0.5394766827424368,0.6818039417266846,0.44612068965517243,0.6437326555492155,0.6444444444444445,0.0,0.0,0.0,0.0,0.0,0.0,0.0,0.0,0.0,2002,radio,0.5
4,3,lr1e-04_bs32_modL1_fusion32_fusionL1_drop0p2_trmiss50_trlocradio,32,0.0001,1,32,1,0.2,lr1e-04_bs32_modL1_fusion32_fusionL1_drop0p2_trmiss50_trlocradio,19,0.5214318136374155,0.6805618107318878,0.4482758620689656,0.6447409233451422,0.6444444444444445,0.0,0.0,0.0,0.0,0.0,0.0,0.0,0.0,0.0,2002,radio,0.5
4,3,lr1e-04_bs32_modL1_fusion32_fusionL1_drop0p2_trmiss50_trlocradio,32,0.0001,1,32,1,0.2,lr1e-04_bs32_modL1_fusion32_fusionL1_drop0p2_trmiss50_trlocradio,20,0.5252050757408142,0.6804201900959015,0.45689655172413796,0.6474997268706174,0.6444444444444445,0.0,0.0,0.0,0.0,0.0,0.0,0.0,0.0,0.0,2002,radio,0.5
4,3,lr1e-04_bs32_modL1_fusion32_fusionL1_drop0p2_trmiss50_trlocradio,32,0.0001,1,32,1,0.2,lr1e-04_bs32_modL1_fusion32_fusionL1_drop0p2_trmiss50_trlocradio,21,0.5185850510994593,0.6809676289558411,0.45689655172413796,0.65283216716676,0.6444444444444445,0.0,0.0,0.0,0.0,0.0,0.0,0.0,0.0,0.0,2002,radio,0.5
4,3,lr1e-04_bs32_modL1_fusion32_fusionL1_drop0p2_trmiss50_trlocradio,32,0.0001,1,32,1,0.2,lr1e-04_bs32_modL1_fusion32_fusionL1_drop0p2_trmiss50_trlocradio,22,0.5158914277950922,0.6802611351013184,0.4547413793103448,0.6543560065229989,0.6444444444444445,0.0,0.0,0.0,0.0,0.0,0.0,0.0,0.0,0.0,2002,radio,0.5
4,3,lr1e-04_bs32_modL1_fusion32_fusionL1_drop0p2_trmiss50_trlocradio,32,0.0001,1,32,1,0.2,lr1e-04_bs32_modL1_fusion32_fusionL1_drop0p2_trmiss50_trlocradio,23,0.5000688036282858,0.6800779700279236,0.459051724137931,0.6589359093787638,0.6444444444444445,0.0,0.0,0.0,0.0,0.0,0.0,0.0,0.0,0.0,2002,radio,0.5
4,3,lr1e-04_bs32_modL1_fusion32_fusionL1_drop0p2_trmiss50_trlocradio,32,0.0001,1,32,1,0.2,lr1e-04_bs32_modL1_fusion32_fusionL1_drop0p2_trmiss50_trlocradio,24,0.5150604049364725,0.680135190486908,0.4547413793103448,0.6580676671312112,0.6444444444444445,0.0,0.0,0.0,0.0,0.0,0.0,0.0,0.0,0.0,2002,radio,0.5
4,3,lr1e-04_bs32_modL1_fusion32_fusionL1_drop0p2_trmiss50_trlocradio,32,0.0001,1,32,1,0.2,lr1e-04_bs32_modL1_fusion32_fusionL1_drop0p2_trmiss50_trlocradio,25,0.5259487082560858,0.6810852885246277,0.4482758620689655,0.6553015501896821,0.6444444444444445,0.0,0.0,0.0,0.0,0.0,0.0,0.0,0.0,0.0,2002,radio,0.5
4,3,lr1e-04_bs32_modL1_fusion32_fusionL1_drop0p1_trmiss50_trlocradio,32,0.0001,1,32,1,0.1,lr1e-04_bs32_modL1_fusion32_fusionL1_drop0p1_trmiss50_trlocradio,1,0.6650346418221792,0.671506255865097,0.48706896551724144,0.6561957060118389,0.6444444444444445,0.0,0.0,0.0,0.0,0.0,0.0,0.0,0.0,0.0,2002,radio,0.5
4,3,lr1e-04_bs32_modL1_fusion32_fusionL1_drop0p1_trmiss50_trlocradio,32,0.0001,1,32,1,0.1,lr1e-04_bs32_modL1_fusion32_fusionL1_drop0p1_trmiss50_trlocradio,2,0.6154038707415262,0.6716704964637756,0.49137931034482757,0.6745613936391476,0.5777777777777777,0.0,0.0,0.0,0.0,0.0,0.0,0.0,0.0,0.0,2002,radio,0.5
4,3,lr1e-04_bs32_modL1_fusion32_fusionL1_drop0p1_trmiss50_trlocradio,32,0.0001,1,32,1,0.1,lr1e-04_bs32_modL1_fusion32_fusionL1_drop0p1_trmiss50_trlocradio,3,0.5977870126565298,0.6743638813495636,0.46336206896551724,0.6371456116690486,0.6222222222222222,0.0,0.0,0.0,0.0,0.0,0.0,0.0,0.0,0.0,2002,radio,0.5
4,3,lr1e-04_bs32_modL1_fusion32_fusionL1_drop0p1_trmiss50_trlocradio,32,0.0001,1,32,1,0.1,lr1e-04_bs32_modL1_fusion32_fusionL1_drop0p1_trmiss50_trlocradio,4,0.5804595649242401,0.6724648177623749,0.4633620689655173,0.6491746736254509,0.6222222222222222,0.0,0.0,0.0,0.0,0.0,0.0,0.0,0.0,0.0,2002,radio,0.5
4,3,lr1e-04_bs32_modL1_fusion32_fusionL1_drop0p1_trmiss50_trlocradio,32,0.0001,1,32,1,0.1,lr1e-04_bs32_modL1_fusion32_fusionL1_drop0p1_trmiss50_trlocradio,5,0.561537504196167,0.6681729853153229,0.48922413793103453,0.6732505629308848,0.6222222222222222,0.0,0.0,0.0,0.0,0.0,0.0,0.0,0.0,0.0,2002,radio,0.5
4,3,lr1e-04_bs32_modL1_fusion32_fusionL1_drop0p1_trmiss50_trlocradio,32,0.0001,1,32,1,0.1,lr1e-04_bs32_modL1_fusion32_fusionL1_drop0p1_trmiss50_trlocradio,6,0.5450116793314616,0.6694685220718384,0.4849137931034483,0.6663647289523195,0.6444444444444445,0.0,0.0,0.0,0.0,0.0,0.0,0.0,0.0,0.0,2002,radio,0.5
4,3,lr1e-04_bs32_modL1_fusion32_fusionL1_drop0p1_trmiss50_trlocradio,32,0.0001,1,32,1,0.1,lr1e-04_bs32_modL1_fusion32_fusionL1_drop0p1_trmiss50_trlocradio,7,0.5422416627407074,0.6705209910869598,0.4892241379310345,0.6659359397053939,0.6222222222222222,0.0,0.0,0.0,0.0,0.0,0.0,0.0,0.0,0.0,2002,radio,0.5
4,3,lr1e-04_bs32_modL1_fusion32_fusionL1_drop0p1_trmiss50_trlocradio,32,0.0001,1,32,1,0.1,lr1e-04_bs32_modL1_fusion32_fusionL1_drop0p1_trmiss50_trlocradio,8,0.5184115519126257,0.6704342663288116,0.49784482758620685,0.673425608127706,0.6222222222222222,0.0,0.0,0.0,0.0,0.0,0.0,0.0,0.0,0.0,2002,radio,0.5
4,3,lr1e-04_bs32_modL1_fusion32_fusionL1_drop0p1_trmiss50_trlocradio,32,0.0001,1,32,1,0.1,lr1e-04_bs32_modL1_fusion32_fusionL1_drop0p1_trmiss50_trlocradio,9,0.4977959990501404,0.6723705530166626,0.5,0.6647121308361263,0.6222222222222222,0.0,0.0,0.0,0.0,0.0,0.0,0.0,0.0,0.0,2002,radio,0.5
4,3,lr1e-04_bs32_modL1_fusion32_fusionL1_drop0p1_trmiss50_trlocradio,32,0.0001,1,32,1,0.1,lr1e-04_bs32_modL1_fusion32_fusionL1_drop0p1_trmiss50_trlocradio,10,0.4935025821129481,0.6736975014209747,0.5129310344827587,0.6812941854028013,0.6222222222222222,0.0,0.0,0.0,0.0,0.0,0.0,0.0,0.0,0.0,2002,radio,0.5
4,3,lr1e-04_bs32_modL1_fusion32_fusionL1_drop0p1_trmiss50_trlocradio,32,0.0001,1,32,1,0.1,lr1e-04_bs32_modL1_fusion32_fusionL1_drop0p1_trmiss50_trlocradio,11,0.4836464325586955,0.6688389182090759,0.5107758620689655,0.6912498741615142,0.6,0.0,0.0,0.0,0.0,0.0,0.0,0.0,0.0,0.0,2002,radio,0.5
4,3,lr1e-04_bs32_modL1_fusion32_fusionL1_drop0p1_trmiss50_trlocradio,32,0.0001,1,32,1,0.1,lr1e-04_bs32_modL1_fusion32_fusionL1_drop0p1_trmiss50_trlocradio,12,0.46337183316548664,0.6662432849407196,0.5172413793103448,0.6921577838067711,0.6,0.0,0.0,0.0,0.0,0.0,0.0,0.0,0.0,0.0,2002,radio,0.5
4,3,lr1e-04_bs32_modL1_fusion32_fusionL1_drop0p1_trmiss50_trlocradio,32,0.0001,1,32,1,0.1,lr1e-04_bs32_modL1_fusion32_fusionL1_drop0p1_trmiss50_trlocradio,13,0.4770692338546117,0.6630870699882507,0.5193965517241379,0.6925407539627882,0.6,0.0,0.0,0.0,0.0,0.0,0.0,0.0,0.0,0.0,2002,radio,0.5
4,3,lr1e-04_bs32_modL1_fusion32_fusionL1_drop0p1_trmiss50_trlocradio,32,0.0001,1,32,1,0.1,lr1e-04_bs32_modL1_fusion32_fusionL1_drop0p1_trmiss50_trlocradio,14,0.47617225845654804,0.6617604196071625,0.5129310344827587,0.6902666839021779,0.6222222222222222,0.0,0.0,0.0,0.0,0.0,0.0,0.0,0.0,0.0,2002,radio,0.5
4,3,lr1e-04_bs32_modL1_fusion32_fusionL1_drop0p1_trmiss50_trlocradio,32,0.0001,1,32,1,0.1,lr1e-04_bs32_modL1_fusion32_fusionL1_drop0p1_trmiss50_trlocradio,15,0.4630303581555684,0.6615374386310577,0.5258620689655172,0.7035353348403358,0.6666666666666666,0.0,0.0,0.0,0.0,0.0,0.0,0.0,0.0,0.0,2002,radio,0.5
4,3,lr1e-04_bs32_modL1_fusion32_fusionL1_drop0p1_trmiss50_trlocradio,32,0.0001,1,32,1,0.1,lr1e-04_bs32_modL1_fusion32_fusionL1_drop0p1_trmiss50_trlocradio,16,0.45346152285734814,0.6599734425544739,0.5366379310344828,0.707836856065632,0.6666666666666666,0.0,0.0,0.0,0.0,0.0,0.0,0.0,0.0,0.0,2002,radio,0.5
4,3,lr1e-04_bs32_modL1_fusion32_fusionL1_drop0p1_trmiss50_trlocradio,32,0.0001,1,32,1,0.1,lr1e-04_bs32_modL1_fusion32_fusionL1_drop0p1_trmiss50_trlocradio,17,0.4476063797871272,0.6589299142360687,0.5344827586206896,0.6996373103161769,0.6666666666666666,0.0,0.0,0.0,0.0,0.0,0.0,0.0,0.0,0.0,2002,radio,0.5
4,3,lr1e-04_bs32_modL1_fusion32_fusionL1_drop0p1_trmiss50_trlocradio,32,0.0001,1,32,1,0.1,lr1e-04_bs32_modL1_fusion32_fusionL1_drop0p1_trmiss50_trlocradio,18,0.44514262676239014,0.6607896387577057,0.5344827586206896,0.696737717772436,0.6444444444444445,0.0,0.0,0.0,0.0,0.0,0.0,0.0,0.0,0.0,2002,radio,0.5
4,3,lr1e-04_bs32_modL1_fusion32_fusionL1_drop0p1_trmiss50_trlocradio,32,0.0001,1,32,1,0.1,lr1e-04_bs32_modL1_fusion32_fusionL1_drop0p1_trmiss50_trlocradio,19,0.4384715408086777,0.6582507193088531,0.5280172413793104,0.6998165760705595,0.6444444444444445,0.0,0.0,0.0,0.0,0.0,0.0,0.0,0.0,0.0,2002,radio,0.5
4,3,lr1e-04_bs32_modL1_fusion32_fusionL1_drop0p1_trmiss50_trlocradio,32,0.0001,1,32,1,0.1,lr1e-04_bs32_modL1_fusion32_fusionL1_drop0p1_trmiss50_trlocradio,20,0.4265669683615367,0.6568050682544708,0.5344827586206897,0.7063953932435922,0.6666666666666666,0.0,0.0,0.0,0.0,0.0,0.0,0.0,0.0,0.0,2002,radio,0.5
4,3,lr1e-04_bs32_modL1_fusion32_fusionL1_drop0p1_trmiss50_trlocradio,32,0.0001,1,32,1,0.1,lr1e-04_bs32_modL1_fusion32_fusionL1_drop0p1_trmiss50_trlocradio,21,0.41514832774798077,0.6575893461704254,0.5280172413793103,0.7020723407830625,0.6444444444444445,0.0,0.0,0.0,0.0,0.0,0.0,0.0,0.0,0.0,2002,radio,0.5
4,3,lr1e-04_bs32_modL1_fusion32_fusionL1_drop0p1_trmiss50_trlocradio,32,0.0001,1,32,1,0.1,lr1e-04_bs32_modL1_fusion32_fusionL1_drop0p1_trmiss50_trlocradio,22,0.42238497734069824,0.6594121754169464,0.5301724137931034,0.6926139017923982,0.6444444444444445,0.0,0.0,0.0,0.0,0.0,0.0,0.0,0.0,0.0,2002,radio,0.5
4,3,lr1e-04_bs32_modL1_fusion32_fusionL1_drop0p1_trmiss50_trlocradio,32,0.0001,1,32,1,0.1,lr1e-04_bs32_modL1_fusion32_fusionL1_drop0p1_trmiss50_trlocradio,23,0.40976497530937195,0.6584675312042236,0.5323275862068965,0.6920071822201614,0.6444444444444445,0.0,0.0,0.0,0.0,0.0,0.0,0.0,0.0,0.0,2002,radio,0.5
4,3,lr1e-04_bs32_modL1_fusion32_fusionL1_drop0p1_trmiss50_trlocradio,32,0.0001,1,32,1,0.1,lr1e-04_bs32_modL1_fusion32_fusionL1_drop0p1_trmiss50_trlocradio,24,0.38945097227891284,0.6568996012210846,0.5387931034482759,0.696253159943572,0.6444444444444445,0.0,0.0,0.0,0.0,0.0,0.0,0.0,0.0,0.0,2002,radio,0.5
4,3,lr1e-04_bs32_modL1_fusion32_fusionL1_drop0p1_trmiss50_trlocradio,32,0.0001,1,32,1,0.1,lr1e-04_bs32_modL1_fusion32_fusionL1_drop0p1_trmiss50_trlocradio,25,0.39598173399766284,0.6542805135250092,0.5387931034482758,0.7044881377343968,0.6444444444444445,0.0,0.0,0.0,0.0,0.0,0.0,0.0,0.0,0.0,2002,radio,0.5
4,3,lr1e-04_bs32_modL1_fusion32_fusionL1_drop0p1_trmiss50_trlocradio,32,0.0001,1,32,1,0.1,lr1e-04_bs32_modL1_fusion32_fusionL1_drop0p1_trmiss50_trlocradio,26,0.3899860878785451,0.6540602743625641,0.5323275862068965,0.6964322102923267,0.6222222222222222,0.0,0.0,0.0,0.0,0.0,0.0,0.0,0.0,0.0,2002,radio,0.5
4,3,lr1e-04_bs32_modL1_fusion32_fusionL1_drop0p1_trmiss50_trlocradio,32,0.0001,1,32,1,0.1,lr1e-04_bs32_modL1_fusion32_fusionL1_drop0p1_trmiss50_trlocradio,27,0.4133758097887039,0.6581799983978271,0.521551724137931,0.6701098051673011,0.6222222222222222,0.0,0.0,0.0,0.0,0.0,0.0,0.0,0.0,0.0,2002,radio,0.5
4,3,lr1e-04_bs32_modL1_fusion32_fusionL1_drop0p1_trmiss50_trlocradio,32,0.0001,1,32,1,0.1,lr1e-04_bs32_modL1_fusion32_fusionL1_drop0p1_trmiss50_trlocradio,28,0.38297102351983386,0.6570440530776978,0.5237068965517241,0.6696267399659852,0.6222222222222222,0.0,0.0,0.0,0.0,0.0,0.0,0.0,0.0,0.0,2002,radio,0.5
4,3,lr1e-04_bs32_modL1_fusion32_fusionL1_drop0p1_trmiss50_trlocradio,32,0.0001,1,32,1,0.1,lr1e-04_bs32_modL1_fusion32_fusionL1_drop0p1_trmiss50_trlocradio,29,0.3742076059182485,0.6537195444107056,0.5258620689655172,0.671296693575594,0.6444444444444445,0.0,0.0,0.0,0.0,0.0,0.0,0.0,0.0,0.0,2002,radio,0.5
4,3,lr1e-04_bs32_modL1_fusion32_fusionL1_drop0p1_trmiss50_trlocradio,32,0.0001,1,32,1,0.1,lr1e-04_bs32_modL1_fusion32_fusionL1_drop0p1_trmiss50_trlocradio,30,0.3815162380536397,0.6507207453250885,0.5258620689655172,0.6544016666957801,0.6666666666666666,0.0,0.0,0.0,0.0,0.0,0.0,0.0,0.0,0.0,2002,radio,0.5
4,3,lr1e-04_bs32_modL1_fusion32_fusionL1_drop0p1_trmiss50_trlocradio,32,0.0001,1,32,1,0.1,lr1e-04_bs32_modL1_fusion32_fusionL1_drop0p1_trmiss50_trlocradio,31,0.374172901113828,0.6549091339111328,0.5258620689655172,0.64885685889438,0.6666666666666666,0.0,0.0,0.0,0.0,0.0,0.0,0.0,0.0,0.0,2002,radio,0.5
4,3,lr1e-04_bs32_modL1_fusion32_fusionL1_drop0p1_trmiss50_trlocradio,32,0.0001,1,32,1,0.1,lr1e-04_bs32_modL1_fusion32_fusionL1_drop0p1_trmiss50_trlocradio,32,0.3787984748681386,0.658199816942215,0.5258620689655172,0.6515761941568188,0.6444444444444445,0.0,0.0,0.0,0.0,0.0,0.0,0.0,0.0,0.0,2002,radio,0.5
4,3,lr1e-04_bs32_modL1_fusion32_fusionL1_drop0p1_trmiss50_trlocradio,32,0.0001,1,32,1,0.1,lr1e-04_bs32_modL1_fusion32_fusionL1_drop0p1_trmiss50_trlocradio,33,0.3709758371114731,0.65822833776474,0.5366379310344828,0.6607937556970516,0.6222222222222222,0.0,0.0,0.0,0.0,0.0,0.0,0.0,0.0,0.0,2002,radio,0.5
4,3,lr1e-04_bs32_modL1_fusion32_fusionL1_drop0p1_trmiss50_trlocradio,32,0.0001,1,32,1,0.1,lr1e-04_bs32_modL1_fusion32_fusionL1_drop0p1_trmiss50_trlocradio,34,0.3601704736550649,0.6573842167854309,0.5366379310344828,0.6637457728722251,0.6222222222222222,0.0,0.0,0.0,0.0,0.0,0.0,0.0,0.0,0.0,2002,radio,0.5
4,3,lr1e-04_bs32_modL1_fusion32_fusionL1_drop0p1_trmiss50_trlocradio,32,0.0001,1,32,1,0.1,lr1e-04_bs32_modL1_fusion32_fusionL1_drop0p1_trmiss50_trlocradio,35,0.37690088152885437,0.6543802320957184,0.5344827586206896,0.6611481291528242,0.6444444444444445,0.0,0.0,0.0,0.0,0.0,0.0,0.0,0.0,0.0,2002,radio,0.5
4,3,lr1e-04_bs32_modL1_fusion32_fusionL1_drop0p1_trmiss50_trlocradio,32,0.0001,1,32,1,0.1,lr1e-04_bs32_modL1_fusion32_fusionL1_drop0p1_trmiss50_trlocradio,36,0.35783514380455017,0.6567515432834625,0.5344827586206897,0.679616333242564,0.6,0.0,0.0,0.0,0.0,0.0,0.0,0.0,0.0,0.0,2002,radio,0.5
4,3,lr1e-04_bs32_modL1_fusion32_fusionL1_drop0p1_trmiss50_trlocradio,32,0.0001,1,32,1,0.1,lr1e-04_bs32_modL1_fusion32_fusionL1_drop0p1_trmiss50_trlocradio,37,0.3661552717288335,0.6557831466197968,0.5344827586206897,0.679616333242564,0.6,0.0,0.0,0.0,0.0,0.0,0.0,0.0,0.0,0.0,2002,radio,0.5
4,3,lr1e-04_bs32_modL1_fusion32_fusionL1_drop0p1_trmiss50_trlocradio,32,0.0001,1,32,1,0.1,lr1e-04_bs32_modL1_fusion32_fusionL1_drop0p1_trmiss50_trlocradio,38,0.35836203396320343,0.657936155796051,0.5323275862068966,0.6790486292896624,0.6222222222222222,0.0,0.0,0.0,0.0,0.0,0.0,0.0,0.0,0.0,2002,radio,0.5
4,3,lr1e-04_bs32_modL1_fusion32_fusionL1_drop0p1_trmiss50_trlocradio,32,0.0001,1,32,1,0.1,lr1e-04_bs32_modL1_fusion32_fusionL1_drop0p1_trmiss50_trlocradio,39,0.3542834222316742,0.6575473845005035,0.5280172413793103,0.6763919300051741,0.6222222222222222,0.0,0.0,0.0,0.0,0.0,0.0,0.0,0.0,0.0,2002,radio,0.5
4,3,lr1e-04_bs32_modL1_fusion32_fusionL1_drop0p1_trmiss50_trlocradio,32,0.0001,1,32,1,0.1,lr1e-04_bs32_modL1_fusion32_fusionL1_drop0p1_trmiss50_trlocradio,40,0.35622938474019367,0.6594587564468384,0.521551724137931,0.674300112107844,0.6,0.0,0.0,0.0,0.0,0.0,0.0,0.0,0.0,0.0,2002,radio,0.5
4,3,lr1e-04_bs32_modL1_fusion32_fusionL1_drop0p1_trmiss50_trlocradio,32,0.0001,1,32,1,0.1,lr1e-04_bs32_modL1_fusion32_fusionL1_drop0p1_trmiss50_trlocradio,41,0.3526671330134074,0.6581785678863525,0.5280172413793103,0.6770212029691234,0.6,0.0,0.0,0.0,0.0,0.0,0.0,0.0,0.0,0.0,2002,radio,0.5
4,3,lr1e-04_bs32_modL1_fusion32_fusionL1_drop0p1_trmiss50_trlocradio,32,0.0001,1,32,1,0.1,lr1e-04_bs32_modL1_fusion32_fusionL1_drop0p1_trmiss50_trlocradio,42,0.34721916417280835,0.6583540737628937,0.5366379310344829,0.6810365140345613,0.6222222222222222,0.0,0.0,0.0,0.0,0.0,0.0,0.0,0.0,0.0,2002,radio,0.5
4,3,lr1e-04_bs32_modL1_fusion32_fusionL1_drop0p1_trmiss50_trlocradio,32,0.0001,1,32,1,0.1,lr1e-04_bs32_modL1_fusion32_fusionL1_drop0p1_trmiss50_trlocradio,43,0.3608595629533132,0.6584911942481995,0.5344827586206897,0.6805018976218375,0.6222222222222222,0.0,0.0,0.0,0.0,0.0,0.0,0.0,0.0,0.0,2002,radio,0.5
4,3,lr1e-04_bs32_modL1_fusion32_fusionL1_drop0p1_trmiss50_trlocradio,32,0.0001,1,32,1,0.1,lr1e-04_bs32_modL1_fusion32_fusionL1_drop0p1_trmiss50_trlocradio,44,0.3415594945351283,0.659648984670639,0.5323275862068966,0.6797371590233949,0.6,0.0,0.0,0.0,0.0,0.0,0.0,0.0,0.0,0.0,2002,radio,0.5
4,3,lr1e-04_bs32_modL1_fusion64_fusionL1_drop0p2_trmiss50_trlocradio,32,0.0001,1,64,1,0.2,lr1e-04_bs32_modL1_fusion64_fusionL1_drop0p2_trmiss50_trlocradio,1,0.733649472395579,0.7185511887073517,0.6314655172413792,0.7878681272933816,0.4,0.0,0.0,0.0,0.0,0.0,0.0,0.0,0.0,0.0,2002,radio,0.5
4,3,lr1e-04_bs32_modL1_fusion64_fusionL1_drop0p2_trmiss50_trlocradio,32,0.0001,1,64,1,0.2,lr1e-04_bs32_modL1_fusion64_fusionL1_drop0p2_trmiss50_trlocradio,2,0.6940921545028687,0.7117670476436615,0.6314655172413793,0.7864654939681619,0.4888888888888889,0.0,0.0,0.0,0.0,0.0,0.0,0.0,0.0,0.0,2002,radio,0.5
4,3,lr1e-04_bs32_modL1_fusion64_fusionL1_drop0p2_trmiss50_trlocradio,32,0.0001,1,64,1,0.2,lr1e-04_bs32_modL1_fusion64_fusionL1_drop0p2_trmiss50_trlocradio,3,0.6545991996924082,0.7130952477455139,0.6185344827586207,0.7655652366768511,0.5555555555555556,0.0,0.0,0.0,0.0,0.0,0.0,0.0,0.0,0.0,2002,radio,0.5
4,3,lr1e-04_bs32_modL1_fusion64_fusionL1_drop0p2_trmiss50_trlocradio,32,0.0001,1,64,1,0.2,lr1e-04_bs32_modL1_fusion64_fusionL1_drop0p2_trmiss50_trlocradio,4,0.6337701578934988,0.7144162952899933,0.6185344827586207,0.7686056099788148,0.5111111111111111,0.0,0.0,0.0,0.0,0.0,0.0,0.0,0.0,0.0,2002,radio,0.5
4,3,lr1e-04_bs32_modL1_fusion64_fusionL1_drop0p2_trmiss50_trlocradio,32,0.0001,1,64,1,0.2,lr1e-04_bs32_modL1_fusion64_fusionL1_drop0p2_trmiss50_trlocradio,5,0.6298291087150574,0.7139630317687988,0.625,0.7722561038276734,0.5777777777777777,0.0,0.0,0.0,0.0,0.0,0.0,0.0,0.0,0.0,2002,radio,0.5
4,3,lr1e-04_bs32_modL1_fusion64_fusionL1_drop0p2_trmiss50_trlocradio,32,0.0001,1,64,1,0.2,lr1e-04_bs32_modL1_fusion64_fusionL1_drop0p2_trmiss50_trlocradio,6,0.6114074885845184,0.7131884694099426,0.6120689655172413,0.7600309091434649,0.5333333333333333,0.0,0.0,0.0,0.0,0.0,0.0,0.0,0.0,0.0,2002,radio,0.5
4,3,lr1e-04_bs32_modL1_fusion64_fusionL1_drop0p2_trmiss50_trlocradio,32,0.0001,1,64,1,0.2,lr1e-04_bs32_modL1_fusion64_fusionL1_drop0p2_trmiss50_trlocradio,7,0.5884535809357961,0.7099602818489075,0.6012931034482758,0.7477635353884907,0.5777777777777777,0.0,0.0,0.0,0.0,0.0,0.0,0.0,0.0,0.0,2002,radio,0.5
4,3,lr1e-04_bs32_modL1_fusion64_fusionL1_drop0p2_trmiss50_trlocradio,32,0.0001,1,64,1,0.2,lr1e-04_bs32_modL1_fusion64_fusionL1_drop0p2_trmiss50_trlocradio,8,0.5765731235345205,0.7004214525222778,0.6163793103448276,0.7611436950103743,0.5777777777777777,0.0,0.0,0.0,0.0,0.0,0.0,0.0,0.0,0.0,2002,radio,0.5
4,3,lr1e-04_bs32_modL1_fusion64_fusionL1_drop0p2_trmiss50_trlocradio,32,0.0001,1,64,1,0.2,lr1e-04_bs32_modL1_fusion64_fusionL1_drop0p2_trmiss50_trlocradio,9,0.5465588569641113,0.6922270357608795,0.625,0.765544725541545,0.5777777777777777,0.0,0.0,0.0,0.0,0.0,0.0,0.0,0.0,0.0,2002,radio,0.5
4,3,lr1e-04_bs32_modL1_fusion64_fusionL1_drop0p2_trmiss50_trlocradio,32,0.0001,1,64,1,0.2,lr1e-04_bs32_modL1_fusion64_fusionL1_drop0p2_trmiss50_trlocradio,10,0.5533480544885,0.6956304311752319,0.6228448275862069,0.7625933429349899,0.6,0.0,0.0,0.0,0.0,0.0,0.0,0.0,0.0,0.0,2002,radio,0.5
4,3,lr1e-04_bs32_modL1_fusion64_fusionL1_drop0p2_trmiss50_trlocradio,32,0.0001,1,64,1,0.2,lr1e-04_bs32_modL1_fusion64_fusionL1_drop0p2_trmiss50_trlocradio,11,0.5330091615517935,0.6928235590457916,0.6099137931034483,0.7411805919045745,0.6222222222222222,0.0,0.0,0.0,0.0,0.0,0.0,0.0,0.0,0.0,2002,radio,0.5
4,3,lr1e-04_bs32_modL1_fusion64_fusionL1_drop0p2_trmiss50_trlocradio,32,0.0001,1,64,1,0.2,lr1e-04_bs32_modL1_fusion64_fusionL1_drop0p2_trmiss50_trlocradio,12,0.5247509777545929,0.6946760714054108,0.6077586206896552,0.728420153141585,0.6,0.0,0.0,0.0,0.0,0.0,0.0,0.0,0.0,0.0,2002,radio,0.5
4,3,lr1e-04_bs32_modL1_fusion64_fusionL1_drop0p2_trmiss50_trlocradio,32,0.0001,1,64,1,0.2,lr1e-04_bs32_modL1_fusion64_fusionL1_drop0p2_trmiss50_trlocradio,13,0.5120842407147089,0.6943942010402679,0.6293103448275861,0.748207944854753,0.5777777777777777,0.0,0.0,0.0,0.0,0.0,0.0,0.0,0.0,0.0,2002,radio,0.5
4,3,lr1e-04_bs32_modL1_fusion64_fusionL1_drop0p2_trmiss50_trlocradio,32,0.0001,1,64,1,0.2,lr1e-04_bs32_modL1_fusion64_fusionL1_drop0p2_trmiss50_trlocradio,14,0.4872348755598068,0.68524569272995,0.6357758620689655,0.7807869926482494,0.5777777777777777,0.0,0.0,0.0,0.0,0.0,0.0,0.0,0.0,0.0,2002,radio,0.5
4,3,lr1e-04_bs32_modL1_fusion64_fusionL1_drop0p2_trmiss50_trlocradio,32,0.0001,1,64,1,0.2,lr1e-04_bs32_modL1_fusion64_fusionL1_drop0p2_trmiss50_trlocradio,15,0.48739106953144073,0.6819265782833099,0.6379310344827587,0.7872496401805187,0.5777777777777777,0.0,0.0,0.0,0.0,0.0,0.0,0.0,0.0,0.0,2002,radio,0.5
4,3,lr1e-04_bs32_modL1_fusion64_fusionL1_drop0p2_trmiss50_trlocradio,32,0.0001,1,64,1,0.2,lr1e-04_bs32_modL1_fusion64_fusionL1_drop0p2_trmiss50_trlocradio,16,0.4747564395268758,0.6804094314575195,0.625,0.7810804246458338,0.5777777777777777,0.0,0.0,0.0,0.0,0.0,0.0,0.0,0.0,0.0,2002,radio,0.5
4,3,lr1e-04_bs32_modL1_fusion64_fusionL1_drop0p2_trmiss50_trlocradio,32,0.0001,1,64,1,0.2,lr1e-04_bs32_modL1_fusion64_fusionL1_drop0p2_trmiss50_trlocradio,17,0.4628150463104248,0.6898413002490997,0.6056034482758621,0.76572637806536,0.5333333333333333,0.0,0.0,0.0,0.0,0.0,0.0,0.0,0.0,0.0,2002,radio,0.5
4,3,lr1e-04_bs32_modL1_fusion64_fusionL1_drop0p2_trmiss50_trlocradio,32,0.0001,1,64,1,0.2,lr1e-04_bs32_modL1_fusion64_fusionL1_drop0p2_trmiss50_trlocradio,18,0.48483241597811383,0.6957054138183594,0.6099137931034483,0.7793009944913811,0.5333333333333333,0.0,0.0,0.0,0.0,0.0,0.0,0.0,0.0,0.0,2002,radio,0.5
4,3,lr1e-04_bs32_modL1_fusion64_fusionL1_drop0p2_trmiss50_trlocradio,32,0.0001,1,64,1,0.2,lr1e-04_bs32_modL1_fusion64_fusionL1_drop0p2_trmiss50_trlocradio,19,0.42965881029764813,0.6846186816692352,0.6056034482758621,0.7814769181505228,0.5333333333333333,0.0,0.0,0.0,0.0,0.0,0.0,0.0,0.0,0.0,2002,radio,0.5
4,3,lr1e-04_bs32_modL1_fusion64_fusionL1_drop0p2_trmiss50_trlocradio,32,0.0001,1,64,1,0.2,lr1e-04_bs32_modL1_fusion64_fusionL1_drop0p2_trmiss50_trlocradio,20,0.45117972294489544,0.6878611445426941,0.6120689655172413,0.7804175140299459,0.5555555555555556,0.0,0.0,0.0,0.0,0.0,0.0,0.0,0.0,0.0,2002,radio,0.5
4,3,lr1e-04_bs32_modL1_fusion64_fusionL1_drop0p2_trmiss50_trlocradio,32,0.0001,1,64,1,0.2,lr1e-04_bs32_modL1_fusion64_fusionL1_drop0p2_trmiss50_trlocradio,21,0.431305597225825,0.6928928792476654,0.6012931034482759,0.7829991025641443,0.5333333333333333,0.0,0.0,0.0,0.0,0.0,0.0,0.0,0.0,0.0,2002,radio,0.5
4,3,lr1e-04_bs32_modL1_fusion64_fusionL1_drop0p2_trmiss50_trlocradio,32,0.0001,1,64,1,0.2,lr1e-04_bs32_modL1_fusion64_fusionL1_drop0p2_trmiss50_trlocradio,22,0.41347453494866687,0.6940186321735382,0.5905172413793103,0.7692577025428098,0.5555555555555556,0.0,0.0,0.0,0.0,0.0,0.0,0.0,0.0,0.0,2002,radio,0.5
4,3,lr1e-04_bs32_modL1_fusion64_fusionL1_drop0p2_trmiss50_trlocradio,32,0.0001,1,64,1,0.2,lr1e-04_bs32_modL1_fusion64_fusionL1_drop0p2_trmiss50_trlocradio,23,0.40570902327696484,0.690773993730545,0.5905172413793103,0.7703039662650506,0.5555555555555556,0.0,0.0,0.0,0.0,0.0,0.0,0.0,0.0,0.0,2002,radio,0.5
4,3,lr1e-04_bs32_modL1_fusion64_fusionL1_drop0p2_trmiss50_trlocradio,32,0.0001,1,64,1,0.2,lr1e-04_bs32_modL1_fusion64_fusionL1_drop0p2_trmiss50_trlocradio,24,0.4145066887140274,0.6976245641708374,0.5905172413793104,0.7736148108427616,0.5111111111111111,0.0,0.0,0.0,0.0,0.0,0.0,0.0,0.0,0.0,2002,radio,0.5
4,3,lr1e-04_bs32_modL1_fusion64_fusionL1_drop0p2_trmiss50_trlocradio,32,0.0001,1,64,1,0.2,lr1e-04_bs32_modL1_fusion64_fusionL1_drop0p2_trmiss50_trlocradio,25,0.4034782697757085,0.6995571255683899,0.5991379310344828,0.7791712211171591,0.5555555555555556,0.0,0.0,0.0,0.0,0.0,0.0,0.0,0.0,0.0,2002,radio,0.5
4,3,lr1e-04_bs32_modL1_fusion64_fusionL1_drop0p2_trmiss50_trlocradio,32,0.0001,1,64,1,0.2,lr1e-04_bs32_modL1_fusion64_fusionL1_drop0p2_trmiss50_trlocradio,26,0.38328562180201214,0.693502277135849,0.5948275862068966,0.7816567043780942,0.5333333333333333,0.0,0.0,0.0,0.0,0.0,0.0,0.0,0.0,0.0,2002,radio,0.5
4,3,lr1e-04_bs32_modL1_fusion64_fusionL1_drop0p2_trmiss50_trlocradio,32,0.0001,1,64,1,0.2,lr1e-04_bs32_modL1_fusion64_fusionL1_drop0p2_trmiss50_trlocradio,27,0.3867557793855667,0.6910538971424103,0.6012931034482758,0.7889563066832752,0.5111111111111111,0.0,0.0,0.0,0.0,0.0,0.0,0.0,0.0,0.0,2002,radio,0.5
4,3,lr1e-04_bs32_modL1_fusion64_fusionL1_drop0p2_trmiss50_trlocradio,32,0.0001,1,64,1,0.2,lr1e-04_bs32_modL1_fusion64_fusionL1_drop0p2_trmiss50_trlocradio,28,0.3882158050934474,0.6872044503688812,0.6056034482758621,0.78806564434116,0.5333333333333333,0.0,0.0,0.0,0.0,0.0,0.0,0.0,0.0,0.0,2002,radio,0.5
4,3,lr1e-04_bs32_modL1_fusion64_fusionL1_drop0p2_trmiss50_trlocradio,32,0.0001,1,64,1,0.2,lr1e-04_bs32_modL1_fusion64_fusionL1_drop0p2_trmiss50_trlocradio,29,0.3877587616443634,0.6887782216072083,0.6056034482758621,0.7888614466742692,0.5333333333333333,0.0,0.0,0.0,0.0,0.0,0.0,0.0,0.0,0.0,2002,radio,0.5
4,3,lr1e-04_bs32_modL1_fusion64_fusionL1_drop0p2_trmiss50_trlocradio,32,0.0001,1,64,1,0.2,lr1e-04_bs32_modL1_fusion64_fusionL1_drop0p2_trmiss50_trlocradio,30,0.376735379298528,0.6868599653244019,0.6056034482758621,0.7867392009774139,0.5111111111111111,0.0,0.0,0.0,0.0,0.0,0.0,0.0,0.0,0.0,2002,radio,0.5
4,3,lr1e-04_bs32_modL1_fusion64_fusionL1_drop0p2_trmiss50_trlocradio,32,0.0001,1,64,1,0.2,lr1e-04_bs32_modL1_fusion64_fusionL1_drop0p2_trmiss50_trlocradio,31,0.3706771781047185,0.6845400631427765,0.605603448275862,0.7882195214232515,0.5111111111111111,0.0,0.0,0.0,0.0,0.0,0.0,0.0,0.0,0.0,2002,radio,0.5
4,3,lr1e-04_bs32_modL1_fusion64_fusionL1_drop0p2_trmiss50_trlocradio,32,0.0001,1,64,1,0.2,lr1e-04_bs32_modL1_fusion64_fusionL1_drop0p2_trmiss50_trlocradio,32,0.377252201239268,0.680292934179306,0.6056034482758621,0.790764765548325,0.5111111111111111,0.0,0.0,0.0,0.0,0.0,0.0,0.0,0.0,0.0,2002,radio,0.5
4,3,lr1e-04_bs32_modL1_fusion64_fusionL1_drop0p2_trmiss50_trlocradio,32,0.0001,1,64,1,0.2,lr1e-04_bs32_modL1_fusion64_fusionL1_drop0p2_trmiss50_trlocradio,33,0.36482546230157215,0.6823670864105225,0.5991379310344828,0.7867631074138068,0.5333333333333333,0.0,0.0,0.0,0.0,0.0,0.0,0.0,0.0,0.0,2002,radio,0.5
4,3,lr1e-04_bs32_modL1_fusion64_fusionL1_drop0p2_trmiss50_trlocradio,32,0.0001,1,64,1,0.2,lr1e-04_bs32_modL1_fusion64_fusionL1_drop0p2_trmiss50_trlocradio,34,0.36535028616587323,0.68047696352005,0.603448275862069,0.787902870261669,0.5333333333333333,0.0,0.0,0.0,0.0,0.0,0.0,0.0,0.0,0.0,2002,radio,0.5
4,3,lr1e-04_bs32_modL1_fusion64_fusionL1_drop0p2_trmiss50_trlocradio,32,0.0001,1,64,1,0.2,lr1e-04_bs32_modL1_fusion64_fusionL1_drop0p2_trmiss50_trlocradio,35,0.3458566864331563,0.6836598217487335,0.6012931034482758,0.7845323693649313,0.5333333333333333,0.0,0.0,0.0,0.0,0.0,0.0,0.0,0.0,0.0,2002,radio,0.5
4,3,lr1e-04_bs32_modL1_fusion64_fusionL1_drop0p1_trmiss50_trlocradio,32,0.0001,1,64,1,0.1,lr1e-04_bs32_modL1_fusion64_fusionL1_drop0p1_trmiss50_trlocradio,1,0.7268485923608144,0.7078282237052917,0.4461206896551724,0.6599320744022437,0.4222222222222222,0.0,0.0,0.0,0.0,0.0,0.0,0.0,0.0,0.0,2002,radio,0.5
4,3,lr1e-04_bs32_modL1_fusion64_fusionL1_drop0p1_trmiss50_trlocradio,32,0.0001,1,64,1,0.1,lr1e-04_bs32_modL1_fusion64_fusionL1_drop0p1_trmiss50_trlocradio,2,0.6672103703022003,0.7143055200576782,0.46551724137931033,0.6660216942736039,0.4,0.0,0.0,0.0,0.0,0.0,0.0,0.0,0.0,0.0,2002,radio,0.5
4,3,lr1e-04_bs32_modL1_fusion64_fusionL1_drop0p1_trmiss50_trlocradio,32,0.0001,1,64,1,0.1,lr1e-04_bs32_modL1_fusion64_fusionL1_drop0p1_trmiss50_trlocradio,3,0.6453495422999064,0.7257841527462006,0.4396551724137931,0.660293179823447,0.37777777777777777,0.0,0.0,0.0,0.0,0.0,0.0,0.0,0.0,0.0,2002,radio,0.5
4,3,lr1e-04_bs32_modL1_fusion64_fusionL1_drop0p1_trmiss50_trlocradio,32,0.0001,1,64,1,0.1,lr1e-04_bs32_modL1_fusion64_fusionL1_drop0p1_trmiss50_trlocradio,4,0.5979234874248505,0.731777548789978,0.4525862068965517,0.659440016546923,0.37777777777777777,0.0,0.0,0.0,0.0,0.0,0.0,0.0,0.0,0.0,2002,radio,0.5
4,3,lr1e-04_bs32_modL1_fusion64_fusionL1_drop0p1_trmiss50_trlocradio,32,0.0001,1,64,1,0.1,lr1e-04_bs32_modL1_fusion64_fusionL1_drop0p1_trmiss50_trlocradio,5,0.5749999086062113,0.7393698692321777,0.4547413793103448,0.6685509836918418,0.37777777777777777,0.0,0.0,0.0,0.0,0.0,0.0,0.0,0.0,0.0,2002,radio,0.5
4,3,lr1e-04_bs32_modL1_fusion64_fusionL1_drop0p1_trmiss50_trlocradio,32,0.0001,1,64,1,0.1,lr1e-04_bs32_modL1_fusion64_fusionL1_drop0p1_trmiss50_trlocradio,6,0.5688445568084717,0.7401421666145325,0.4655172413793104,0.6659090160744547,0.37777777777777777,0.0,0.0,0.0,0.0,0.0,0.0,0.0,0.0,0.0,2002,radio,0.5
4,3,lr1e-04_bs32_modL1_fusion64_fusionL1_drop0p1_trmiss50_trlocradio,32,0.0001,1,64,1,0.1,lr1e-04_bs32_modL1_fusion64_fusionL1_drop0p1_trmiss50_trlocradio,7,0.5452713072299957,0.7350516021251678,0.46336206896551724,0.6488844645474727,0.4,0.0,0.0,0.0,0.0,0.0,0.0,0.0,0.0,0.0,2002,radio,0.5
4,3,lr1e-04_bs32_modL1_fusion64_fusionL1_drop0p1_trmiss50_trlocradio,32,0.0001,1,64,1,0.1,lr1e-04_bs32_modL1_fusion64_fusionL1_drop0p1_trmiss50_trlocradio,8,0.5243750015894572,0.7345201969146729,0.45689655172413796,0.6396152939999707,0.4,0.0,0.0,0.0,0.0,0.0,0.0,0.0,0.0,0.0,2002,radio,0.5
4,3,lr1e-04_bs32_modL1_fusion64_fusionL1_drop0p1_trmiss50_trlocradio,32,0.0001,1,64,1,0.1,lr1e-04_bs32_modL1_fusion64_fusionL1_drop0p1_trmiss50_trlocradio,9,0.5255401084820429,0.7318927347660065,0.46336206896551724,0.6437389437029506,0.4222222222222222,0.0,0.0,0.0,0.0,0.0,0.0,0.0,0.0,0.0,2002,radio,0.5
4,3,lr1e-04_bs32_modL1_fusion64_fusionL1_drop0p1_trmiss50_trlocradio,32,0.0001,1,64,1,0.1,lr1e-04_bs32_modL1_fusion64_fusionL1_drop0p1_trmiss50_trlocradio,10,0.5342527776956558,0.7344452142715454,0.45474137931034486,0.6411721642123195,0.4,0.0,0.0,0.0,0.0,0.0,0.0,0.0,0.0,0.0,2002,radio,0.5
4,3,lr1e-04_bs32_modL1_fusion64_fusionL1_drop0p1_trmiss50_trlocradio,32,0.0001,1,64,1,0.1,lr1e-04_bs32_modL1_fusion64_fusionL1_drop0p1_trmiss50_trlocradio,11,0.5095804135004679,0.7363947033882141,0.4525862068965517,0.6395207117897242,0.4,0.0,0.0,0.0,0.0,0.0,0.0,0.0,0.0,0.0,2002,radio,0.5
4,3,lr1e-04_bs32_modL1_fusion64_fusionL1_drop0p1_trmiss50_trlocradio,32,0.0001,1,64,1,0.1,lr1e-04_bs32_modL1_fusion64_fusionL1_drop0p1_trmiss50_trlocradio,12,0.48873239755630493,0.7410540878772736,0.42887931034482757,0.6272877214514002,0.4222222222222222,0.0,0.0,0.0,0.0,0.0,0.0,0.0,0.0,0.0,2002,radio,0.5
4,3,lr1e-04_bs32_modL1_fusion64_fusionL1_drop0p1_trmiss50_trlocradio,32,0.0001,1,64,1,0.1,lr1e-04_bs32_modL1_fusion64_fusionL1_drop0p1_trmiss50_trlocradio,13,0.5021388133366903,0.7398662567138672,0.4137931034482759,0.6185473688031107,0.4,0.0,0.0,0.0,0.0,0.0,0.0,0.0,0.0,0.0,2002,radio,0.5
4,3,lr1e-04_bs32_modL1_fusion64_fusionL1_drop0p1_trmiss50_trlocradio,32,0.0001,1,64,1,0.1,lr1e-04_bs32_modL1_fusion64_fusionL1_drop0p1_trmiss50_trlocradio,14,0.4801630725463231,0.7387295961380005,0.41810344827586204,0.6239126001076942,0.4222222222222222,0.0,0.0,0.0,0.0,0.0,0.0,0.0,0.0,0.0,2002,radio,0.5
4,3,lr1e-04_bs32_modL1_fusion64_fusionL1_drop0p1_trmiss50_trlocradio,32,0.0001,1,64,1,0.1,lr1e-04_bs32_modL1_fusion64_fusionL1_drop0p1_trmiss50_trlocradio,15,0.47981566687424976,0.7378810346126556,0.4267241379310345,0.6305840839890638,0.4222222222222222,0.0,0.0,0.0,0.0,0.0,0.0,0.0,0.0,0.0,2002,radio,0.5
4,3,lr1e-04_bs32_modL1_fusion64_fusionL1_drop0p1_trmiss50_trlocradio,32,0.0001,1,64,1,0.1,lr1e-04_bs32_modL1_fusion64_fusionL1_drop0p1_trmiss50_trlocradio,16,0.45613009730974835,0.7362747490406036,0.4202586206896552,0.6232355575582366,0.4,0.0,0.0,0.0,0.0,0.0,0.0,0.0,0.0,0.0,2002,radio,0.5
4,3,lr1e-04_bs32_modL1_fusion64_fusionL1_drop0p1_trmiss50_trlocradio,32,0.0001,1,64,1,0.1,lr1e-04_bs32_modL1_fusion64_fusionL1_drop0p1_trmiss50_trlocradio,17,0.46523963908354443,0.7388982772827148,0.4353448275862069,0.62741601640969,0.4222222222222222,0.0,0.0,0.0,0.0,0.0,0.0,0.0,0.0,0.0,2002,radio,0.5
4,3,lr1e-04_bs32_modL1_fusion64_fusionL1_drop0p1_trmiss50_trlocradio,32,0.0001,1,64,1,0.1,lr1e-04_bs32_modL1_fusion64_fusionL1_drop0p1_trmiss50_trlocradio,18,0.47674068808555603,0.740015298128128,0.4331896551724138,0.6275804341330915,0.4,0.0,0.0,0.0,0.0,0.0,0.0,0.0,0.0,0.0,2002,radio,0.5
4,3,lr1e-04_bs32_modL1_fusion64_fusionL1_drop0p1_trmiss50_trlocradio,32,0.0001,1,64,1,0.1,lr1e-04_bs32_modL1_fusion64_fusionL1_drop0p1_trmiss50_trlocradio,19,0.46540167927742004,0.7417226731777191,0.4288793103448276,0.6250135081179504,0.4,0.0,0.0,0.0,0.0,0.0,0.0,0.0,0.0,0.0,2002,radio,0.5
4,3,lr1e-04_bs32_modL1_fusion64_fusionL1_drop0p1_trmiss50_trlocradio,32,0.0001,1,64,1,0.1,lr1e-04_bs32_modL1_fusion64_fusionL1_drop0p1_trmiss50_trlocradio,20,0.4540095378955205,0.7408778667449951,0.4267241379310345,0.6247636446116933,0.4,0.0,0.0,0.0,0.0,0.0,0.0,0.0,0.0,0.0,2002,radio,0.5
4,3,lr1e-04_bs32_modL1_fusion64_fusionL1_drop0p1_trmiss50_trlocradio,32,0.0001,1,64,1,0.1,lr1e-04_bs32_modL1_fusion64_fusionL1_drop0p1_trmiss50_trlocradio,21,0.4622947971026103,0.7453086674213409,0.4267241379310345,0.6251231502103073,0.4222222222222222,0.0,0.0,0.0,0.0,0.0,0.0,0.0,0.0,0.0,2002,radio,0.5
4,3,lr1e-04_bs32_modL1_fusion64_fusionL1_drop0p1_trmiss50_trlocradio,32,0.0001,1,64,1,0.1,lr1e-04_bs32_modL1_fusion64_fusionL1_drop0p1_trmiss50_trlocradio,22,0.4676315089066823,0.7431884407997131,0.4310344827586207,0.6261052138271526,0.4,0.0,0.0,0.0,0.0,0.0,0.0,0.0,0.0,0.0,2002,radio,0.5
4,3,lr1e-04_bs32_modL1_fusion64_fusionL1_drop0p1_trmiss50_trlocradio,32,0.0001,1,64,1,0.1,lr1e-04_bs32_modL1_fusion64_fusionL1_drop0p1_trmiss50_trlocradio,23,0.4617544114589691,0.7394371032714844,0.4375,0.6328243765510714,0.4,0.0,0.0,0.0,0.0,0.0,0.0,0.0,0.0,0.0,2002,radio,0.5
4,3,lr1e-04_bs32_modL1_fusion64_fusionL1_drop0p1_trmiss50_trlocradio,32,0.0001,1,64,1,0.1,lr1e-04_bs32_modL1_fusion64_fusionL1_drop0p1_trmiss50_trlocradio,24,0.47798362374305725,0.7402634024620056,0.4310344827586207,0.62652331948242,0.4,0.0,0.0,0.0,0.0,0.0,0.0,0.0,0.0,0.0,2002,radio,0.5
4,3,lr1e-04_bs32_modL1_fusion64_fusionL1_drop0p1_trmiss50_trlocradio,32,0.0001,1,64,1,0.1,lr1e-04_bs32_modL1_fusion64_fusionL1_drop0p1_trmiss50_trlocradio,25,0.4481647660334905,0.7414087057113647,0.43103448275862066,0.6267658527961566,0.4,0.0,0.0,0.0,0.0,0.0,0.0,0.0,0.0,0.0,2002,radio,0.5
4,3,lr1e-04_bs32_modL1_fusion64_fusionL1_drop0p1_trmiss50_trlocradio,32,0.0001,1,64,1,0.1,lr1e-04_bs32_modL1_fusion64_fusionL1_drop0p1_trmiss50_trlocradio,26,0.44359924892584485,0.7372805774211884,0.4331896551724138,0.6299526810410202,0.37777777777777777,0.0,0.0,0.0,0.0,0.0,0.0,0.0,0.0,0.0,2002,radio,0.5
4,4,lr5e-05_bs16_modL1_fusion32_fusionL1_drop0p2_trmiss50_trlocradio,16,5e-05,1,32,1,0.2,lr5e-05_bs16_modL1_fusion32_fusionL1_drop0p2_trmiss50_trlocradio,1,0.6593029151360194,0.6629325946172079,0.5538793103448276,0.681351720080391,0.6444444444444445,0.0,0.0,0.0,0.0,0.0,0.0,0.0,0.0,0.0,2002,radio,0.5
4,4,lr5e-05_bs16_modL1_fusion32_fusionL1_drop0p2_trmiss50_trlocradio,16,5e-05,1,32,1,0.2,lr5e-05_bs16_modL1_fusion32_fusionL1_drop0p2_trmiss50_trlocradio,2,0.6557495345671972,0.6584646701812744,0.5258620689655172,0.6812568814027925,0.6444444444444445,0.0,0.0,0.0,0.0,0.0,0.0,0.0,0.0,0.0,2002,radio,0.5
4,4,lr5e-05_bs16_modL1_fusion32_fusionL1_drop0p2_trmiss50_trlocradio,16,5e-05,1,32,1,0.2,lr5e-05_bs16_modL1_fusion32_fusionL1_drop0p2_trmiss50_trlocradio,3,0.6143301303188006,0.6579903960227966,0.5129310344827587,0.6843172079909544,0.6444444444444445,0.0,0.0,0.0,0.0,0.0,0.0,0.0,0.0,0.0,2002,radio,0.5
4,4,lr5e-05_bs16_modL1_fusion32_fusionL1_drop0p2_trmiss50_trlocradio,16,5e-05,1,32,1,0.2,lr5e-05_bs16_modL1_fusion32_fusionL1_drop0p2_trmiss50_trlocradio,4,0.5749175200859705,0.6578787763913473,0.5150862068965518,0.698253827251765,0.6444444444444445,0.0,0.0,0.0,0.0,0.0,0.0,0.0,0.0,0.0,2002,radio,0.5
4,4,lr5e-05_bs16_modL1_fusion32_fusionL1_drop0p2_trmiss50_trlocradio,16,5e-05,1,32,1,0.2,lr5e-05_bs16_modL1_fusion32_fusionL1_drop0p2_trmiss50_trlocradio,5,0.5883814295132955,0.6560577551523844,0.521551724137931,0.6989508368637393,0.6444444444444445,0.0,0.0,0.0,0.0,0.0,0.0,0.0,0.0,0.0,2002,radio,0.5
4,4,lr5e-05_bs16_modL1_fusion32_fusionL1_drop0p2_trmiss50_trlocradio,16,5e-05,1,32,1,0.2,lr5e-05_bs16_modL1_fusion32_fusionL1_drop0p2_trmiss50_trlocradio,6,0.5809290210405985,0.6570817033449808,0.5086206896551725,0.6939057497236815,0.6444444444444445,0.0,0.0,0.0,0.0,0.0,0.0,0.0,0.0,0.0,2002,radio,0.5
4,4,lr5e-05_bs16_modL1_fusion32_fusionL1_drop0p2_trmiss50_trlocradio,16,5e-05,1,32,1,0.2,lr5e-05_bs16_modL1_fusion32_fusionL1_drop0p2_trmiss50_trlocradio,7,0.5667563726504644,0.6632548769315084,0.5172413793103448,0.6874279277518348,0.6444444444444445,0.0,0.0,0.0,0.0,0.0,0.0,0.0,0.0,0.0,2002,radio,0.5
4,4,lr5e-05_bs16_modL1_fusion32_fusionL1_drop0p2_trmiss50_trlocradio,16,5e-05,1,32,1,0.2,lr5e-05_bs16_modL1_fusion32_fusionL1_drop0p2_trmiss50_trlocradio,8,0.5516101544102033,0.6724225878715515,0.4892241379310345,0.6704930320780987,0.6444444444444445,0.0,0.0,0.0,0.0,0.0,0.0,0.0,0.0,0.0,2002,radio,0.5
4,4,lr5e-05_bs16_modL1_fusion32_fusionL1_drop0p2_trmiss50_trlocradio,16,5e-05,1,32,1,0.2,lr5e-05_bs16_modL1_fusion32_fusionL1_drop0p2_trmiss50_trlocradio,9,0.5518571709593137,0.6760109265645345,0.4849137931034483,0.6661330055107934,0.6444444444444445,0.0,0.0,0.0,0.0,0.0,0.0,0.0,0.0,0.0,2002,radio,0.5
4,4,lr5e-05_bs16_modL1_fusion32_fusionL1_drop0p2_trmiss50_trlocradio,16,5e-05,1,32,1,0.2,lr5e-05_bs16_modL1_fusion32_fusionL1_drop0p2_trmiss50_trlocradio,10,0.5678210506836573,0.6728056073188782,0.4849137931034483,0.679541352987101,0.6222222222222222,0.0,0.0,0.0,0.0,0.0,0.0,0.0,0.0,0.0,2002,radio,0.5
4,4,lr5e-05_bs16_modL1_fusion32_fusionL1_drop0p2_trmiss50_trlocradio,16,5e-05,1,32,1,0.2,lr5e-05_bs16_modL1_fusion32_fusionL1_drop0p2_trmiss50_trlocradio,11,0.532166396578153,0.6749725739161173,0.47198275862068967,0.6739593044724728,0.6222222222222222,0.0,0.0,0.0,0.0,0.0,0.0,0.0,0.0,0.0,2002,radio,0.5
4,4,lr5e-05_bs16_modL1_fusion32_fusionL1_drop0p2_trmiss50_trlocradio,16,5e-05,1,32,1,0.2,lr5e-05_bs16_modL1_fusion32_fusionL1_drop0p2_trmiss50_trlocradio,12,0.5454238007465998,0.6673670808474222,0.48706896551724144,0.6868399846462214,0.6222222222222222,0.0,0.0,0.0,0.0,0.0,0.0,0.0,0.0,0.0,2002,radio,0.5
4,4,lr5e-05_bs16_modL1_fusion32_fusionL1_drop0p2_trmiss50_trlocradio,16,5e-05,1,32,1,0.2,lr5e-05_bs16_modL1_fusion32_fusionL1_drop0p2_trmiss50_trlocradio,13,0.5703024342656136,0.6703934868176779,0.47844827586206895,0.6699601218229084,0.6222222222222222,0.0,0.0,0.0,0.0,0.0,0.0,0.0,0.0,0.0,2002,radio,0.5
4,4,lr5e-05_bs16_modL1_fusion32_fusionL1_drop0p2_trmiss50_trlocradio,16,5e-05,1,32,1,0.2,lr5e-05_bs16_modL1_fusion32_fusionL1_drop0p2_trmiss50_trlocradio,14,0.5267752707004547,0.6761228640874227,0.4547413793103448,0.6569054500083521,0.6222222222222222,0.0,0.0,0.0,0.0,0.0,0.0,0.0,0.0,0.0,2002,radio,0.5
4,4,lr5e-05_bs16_modL1_fusion32_fusionL1_drop0p2_trmiss50_trlocradio,16,5e-05,1,32,1,0.2,lr5e-05_bs16_modL1_fusion32_fusionL1_drop0p2_trmiss50_trlocradio,15,0.5151685476303101,0.6780924995740255,0.4568965517241379,0.6664892127452317,0.6222222222222222,0.0,0.0,0.0,0.0,0.0,0.0,0.0,0.0,0.0,2002,radio,0.5
4,4,lr5e-05_bs16_modL1_fusion32_fusionL1_drop0p2_trmiss50_trlocradio,16,5e-05,1,32,1,0.2,lr5e-05_bs16_modL1_fusion32_fusionL1_drop0p2_trmiss50_trlocradio,16,0.508697122335434,0.6819187998771667,0.45474137931034486,0.6638532470444197,0.6222222222222222,0.0,0.0,0.0,0.0,0.0,0.0,0.0,0.0,0.0,2002,radio,0.5
4,4,lr5e-05_bs16_modL1_fusion32_fusionL1_drop0p2_trmiss50_trlocradio,16,5e-05,1,32,1,0.2,lr5e-05_bs16_modL1_fusion32_fusionL1_drop0p2_trmiss50_trlocradio,17,0.5037863999605179,0.6808607776959738,0.4482758620689655,0.6565096178673172,0.6222222222222222,0.0,0.0,0.0,0.0,0.0,0.0,0.0,0.0,0.0,2002,radio,0.5
4,4,lr5e-05_bs16_modL1_fusion32_fusionL1_drop0p2_trmiss50_trlocradio,16,5e-05,1,32,1,0.2,lr5e-05_bs16_modL1_fusion32_fusionL1_drop0p2_trmiss50_trlocradio,18,0.5065136849880219,0.677298108736674,0.45905172413793105,0.6587642215799163,0.6,0.0,0.0,0.0,0.0,0.0,0.0,0.0,0.0,0.0,2002,radio,0.5
4,4,lr5e-05_bs16_modL1_fusion32_fusionL1_drop0p2_trmiss50_trlocradio,16,5e-05,1,32,1,0.2,lr5e-05_bs16_modL1_fusion32_fusionL1_drop0p2_trmiss50_trlocradio,19,0.48844433575868607,0.6773989399274191,0.46120689655172414,0.6600293786735137,0.6222222222222222,0.0,0.0,0.0,0.0,0.0,0.0,0.0,0.0,0.0,2002,radio,0.5
4,4,lr5e-05_bs16_modL1_fusion32_fusionL1_drop0p2_trmiss50_trlocradio,16,5e-05,1,32,1,0.2,lr5e-05_bs16_modL1_fusion32_fusionL1_drop0p2_trmiss50_trlocradio,20,0.5580813909570376,0.6787235339482626,0.46120689655172414,0.6674080342976715,0.6222222222222222,0.0,0.0,0.0,0.0,0.0,0.0,0.0,0.0,0.0,2002,radio,0.5
4,4,lr5e-05_bs16_modL1_fusion32_fusionL1_drop0p2_trmiss50_trlocradio,16,5e-05,1,32,1,0.2,lr5e-05_bs16_modL1_fusion32_fusionL1_drop0p2_trmiss50_trlocradio,21,0.5122561405102412,0.6781783302625021,0.45474137931034486,0.6693600118032128,0.6222222222222222,0.0,0.0,0.0,0.0,0.0,0.0,0.0,0.0,0.0,2002,radio,0.5
4,4,lr5e-05_bs16_modL1_fusion32_fusionL1_drop0p2_trmiss50_trlocradio,16,5e-05,1,32,1,0.2,lr5e-05_bs16_modL1_fusion32_fusionL1_drop0p2_trmiss50_trlocradio,22,0.4953944782416026,0.6797379652659098,0.4568965517241379,0.6695580725255329,0.6222222222222222,0.0,0.0,0.0,0.0,0.0,0.0,0.0,0.0,0.0,2002,radio,0.5
4,4,lr5e-05_bs16_modL1_fusion32_fusionL1_drop0p2_trmiss50_trlocradio,16,5e-05,1,32,1,0.2,lr5e-05_bs16_modL1_fusion32_fusionL1_drop0p2_trmiss50_trlocradio,23,0.5038745974500974,0.6793094476064047,0.4568965517241379,0.669863355010268,0.6,0.0,0.0,0.0,0.0,0.0,0.0,0.0,0.0,0.0,2002,radio,0.5
4,4,lr5e-05_bs16_modL1_fusion32_fusionL1_drop0p2_trmiss50_trlocradio,16,5e-05,1,32,1,0.2,lr5e-05_bs16_modL1_fusion32_fusionL1_drop0p2_trmiss50_trlocradio,24,0.4970407634973526,0.6802463928858439,0.46551724137931033,0.6656184775570958,0.5777777777777777,0.0,0.0,0.0,0.0,0.0,0.0,0.0,0.0,0.0,2002,radio,0.5
4,4,lr5e-05_bs16_modL1_fusion32_fusionL1_drop0p2_trmiss50_trlocradio,16,5e-05,1,32,1,0.2,lr5e-05_bs16_modL1_fusion32_fusionL1_drop0p2_trmiss50_trlocradio,25,0.5022242863972982,0.6806131800015768,0.44612068965517243,0.6587873142443702,0.5777777777777777,0.0,0.0,0.0,0.0,0.0,0.0,0.0,0.0,0.0,2002,radio,0.5
4,4,lr5e-05_bs16_modL1_fusion32_fusionL1_drop0p1_trmiss50_trlocradio,16,5e-05,1,32,1,0.1,lr5e-05_bs16_modL1_fusion32_fusionL1_drop0p1_trmiss50_trlocradio,1,0.6732177088658015,0.6886128584543864,0.49353448275862066,0.6597824342558589,0.5777777777777777,0.0,0.0,0.0,0.0,0.0,0.0,0.0,0.0,0.0,2002,radio,0.5
4,4,lr5e-05_bs16_modL1_fusion32_fusionL1_drop0p1_trmiss50_trlocradio,16,5e-05,1,32,1,0.1,lr5e-05_bs16_modL1_fusion32_fusionL1_drop0p1_trmiss50_trlocradio,2,0.6517190287510554,0.6845741073290507,0.46336206896551724,0.6426124576480066,0.5555555555555556,0.0,0.0,0.0,0.0,0.0,0.0,0.0,0.0,0.0,2002,radio,0.5
4,4,lr5e-05_bs16_modL1_fusion32_fusionL1_drop0p1_trmiss50_trlocradio,16,5e-05,1,32,1,0.1,lr5e-05_bs16_modL1_fusion32_fusionL1_drop0p1_trmiss50_trlocradio,3,0.6137024213870367,0.68020099401474,0.4870689655172414,0.6601928010509432,0.5777777777777777,0.0,0.0,0.0,0.0,0.0,0.0,0.0,0.0,0.0,2002,radio,0.5
4,4,lr5e-05_bs16_modL1_fusion32_fusionL1_drop0p1_trmiss50_trlocradio,16,5e-05,1,32,1,0.1,lr5e-05_bs16_modL1_fusion32_fusionL1_drop0p1_trmiss50_trlocradio,4,0.6265319138765335,0.6814704537391663,0.47629310344827586,0.6312402495099587,0.5555555555555556,0.0,0.0,0.0,0.0,0.0,0.0,0.0,0.0,0.0,2002,radio,0.5
4,4,lr5e-05_bs16_modL1_fusion32_fusionL1_drop0p1_trmiss50_trlocradio,16,5e-05,1,32,1,0.1,lr5e-05_bs16_modL1_fusion32_fusionL1_drop0p1_trmiss50_trlocradio,5,0.6068038841088613,0.6816172997156779,0.4978448275862069,0.6492303240868255,0.5777777777777777,0.0,0.0,0.0,0.0,0.0,0.0,0.0,0.0,0.0,2002,radio,0.5
4,4,lr5e-05_bs16_modL1_fusion32_fusionL1_drop0p1_trmiss50_trlocradio,16,5e-05,1,32,1,0.1,lr5e-05_bs16_modL1_fusion32_fusionL1_drop0p1_trmiss50_trlocradio,6,0.6098659088214239,0.6818712751070658,0.4870689655172414,0.6217417969556014,0.6222222222222222,0.0,0.0,0.0,0.0,0.0,0.0,0.0,0.0,0.0,2002,radio,0.5
4,4,lr5e-05_bs16_modL1_fusion32_fusionL1_drop0p1_trmiss50_trlocradio,16,5e-05,1,32,1,0.1,lr5e-05_bs16_modL1_fusion32_fusionL1_drop0p1_trmiss50_trlocradio,7,0.5923187881708145,0.6875355442365011,0.47413793103448276,0.6029421359038005,0.6,0.0,0.0,0.0,0.0,0.0,0.0,0.0,0.0,0.0,2002,radio,0.5
4,4,lr5e-05_bs16_modL1_fusion32_fusionL1_drop0p1_trmiss50_trlocradio,16,5e-05,1,32,1,0.1,lr5e-05_bs16_modL1_fusion32_fusionL1_drop0p1_trmiss50_trlocradio,8,0.5737967590490977,0.6860362490018209,0.5043103448275862,0.6258776189527137,0.5777777777777777,0.0,0.0,0.0,0.0,0.0,0.0,0.0,0.0,0.0,2002,radio,0.5
4,4,lr5e-05_bs16_modL1_fusion32_fusionL1_drop0p1_trmiss50_trlocradio,16,5e-05,1,32,1,0.1,lr5e-05_bs16_modL1_fusion32_fusionL1_drop0p1_trmiss50_trlocradio,9,0.5829426993926367,0.6820582946141561,0.4956896551724138,0.638552744191011,0.5777777777777777,0.0,0.0,0.0,0.0,0.0,0.0,0.0,0.0,0.0,2002,radio,0.5
4,4,lr5e-05_bs16_modL1_fusion32_fusionL1_drop0p1_trmiss50_trlocradio,16,5e-05,1,32,1,0.1,lr5e-05_bs16_modL1_fusion32_fusionL1_drop0p1_trmiss50_trlocradio,10,0.5749768962462743,0.6833796699841818,0.4849137931034483,0.62102444672491,0.5777777777777777,0.0,0.0,0.0,0.0,0.0,0.0,0.0,0.0,0.0,2002,radio,0.5
4,4,lr5e-05_bs16_modL1_fusion32_fusionL1_drop0p1_trmiss50_trlocradio,16,5e-05,1,32,1,0.1,lr5e-05_bs16_modL1_fusion32_fusionL1_drop0p1_trmiss50_trlocradio,11,0.5561305085817972,0.6869652271270752,0.4719827586206897,0.613099556446175,0.5555555555555556,0.0,0.0,0.0,0.0,0.0,0.0,0.0,0.0,0.0,2002,radio,0.5
4,4,lr5e-05_bs16_modL1_fusion32_fusionL1_drop0p1_trmiss50_trlocradio,16,5e-05,1,32,1,0.1,lr5e-05_bs16_modL1_fusion32_fusionL1_drop0p1_trmiss50_trlocradio,12,0.5563405255476633,0.6955181757609049,0.4676724137931035,0.6123016159726569,0.5333333333333333,0.0,0.0,0.0,0.0,0.0,0.0,0.0,0.0,0.0,2002,radio,0.5
4,4,lr5e-05_bs16_modL1_fusion32_fusionL1_drop0p1_trmiss50_trlocradio,16,5e-05,1,32,1,0.1,lr5e-05_bs16_modL1_fusion32_fusionL1_drop0p1_trmiss50_trlocradio,13,0.5628179361422857,0.6876840194066366,0.47413793103448276,0.6150059126931808,0.5555555555555556,0.0,0.0,0.0,0.0,0.0,0.0,0.0,0.0,0.0,2002,radio,0.5
4,4,lr5e-05_bs16_modL1_fusion32_fusionL1_drop0p1_trmiss50_trlocradio,16,5e-05,1,32,1,0.1,lr5e-05_bs16_modL1_fusion32_fusionL1_drop0p1_trmiss50_trlocradio,14,0.5447303205728531,0.6921698053677877,0.47413793103448276,0.617534482501813,0.5555555555555556,0.0,0.0,0.0,0.0,0.0,0.0,0.0,0.0,0.0,2002,radio,0.5
4,4,lr5e-05_bs16_modL1_fusion32_fusionL1_drop0p1_trmiss50_trlocradio,16,5e-05,1,32,1,0.1,lr5e-05_bs16_modL1_fusion32_fusionL1_drop0p1_trmiss50_trlocradio,15,0.5531938796242079,0.6965065399805704,0.4762931034482759,0.6111157350454988,0.5333333333333333,0.0,0.0,0.0,0.0,0.0,0.0,0.0,0.0,0.0,2002,radio,0.5
4,4,lr5e-05_bs16_modL1_fusion32_fusionL1_drop0p1_trmiss50_trlocradio,16,5e-05,1,32,1,0.1,lr5e-05_bs16_modL1_fusion32_fusionL1_drop0p1_trmiss50_trlocradio,16,0.5587780897816023,0.6938514908154806,0.4849137931034483,0.6304318777977498,0.5333333333333333,0.0,0.0,0.0,0.0,0.0,0.0,0.0,0.0,0.0,2002,radio,0.5
4,4,lr5e-05_bs16_modL1_fusion32_fusionL1_drop0p1_trmiss50_trlocradio,16,5e-05,1,32,1,0.1,lr5e-05_bs16_modL1_fusion32_fusionL1_drop0p1_trmiss50_trlocradio,17,0.5451715091864268,0.6925897399584452,0.4849137931034483,0.6354022118618584,0.5111111111111111,0.0,0.0,0.0,0.0,0.0,0.0,0.0,0.0,0.0,2002,radio,0.5
4,4,lr5e-05_bs16_modL1_fusion32_fusionL1_drop0p1_trmiss50_trlocradio,16,5e-05,1,32,1,0.1,lr5e-05_bs16_modL1_fusion32_fusionL1_drop0p1_trmiss50_trlocradio,18,0.533386617898941,0.6964791218439738,0.4827586206896552,0.6357706970963158,0.4888888888888889,0.0,0.0,0.0,0.0,0.0,0.0,0.0,0.0,0.0,2002,radio,0.5
4,4,lr5e-05_bs16_modL1_fusion32_fusionL1_drop0p1_trmiss50_trlocradio,16,5e-05,1,32,1,0.1,lr5e-05_bs16_modL1_fusion32_fusionL1_drop0p1_trmiss50_trlocradio,19,0.532593568166097,0.6983036001523336,0.4676724137931035,0.6143427994484032,0.5333333333333333,0.0,0.0,0.0,0.0,0.0,0.0,0.0,0.0,0.0,2002,radio,0.5
4,4,lr5e-05_bs16_modL1_fusion32_fusionL1_drop0p1_trmiss50_trlocradio,16,5e-05,1,32,1,0.1,lr5e-05_bs16_modL1_fusion32_fusionL1_drop0p1_trmiss50_trlocradio,20,0.5409919048349062,0.6953391631444296,0.47413793103448276,0.6170025279043265,0.5555555555555556,0.0,0.0,0.0,0.0,0.0,0.0,0.0,0.0,0.0,2002,radio,0.5
4,4,lr5e-05_bs16_modL1_fusion32_fusionL1_drop0p1_trmiss50_trlocradio,16,5e-05,1,32,1,0.1,lr5e-05_bs16_modL1_fusion32_fusionL1_drop0p1_trmiss50_trlocradio,21,0.5293158665299416,0.6948419809341431,0.47629310344827586,0.619718443674778,0.5777777777777777,0.0,0.0,0.0,0.0,0.0,0.0,0.0,0.0,0.0,2002,radio,0.5
4,4,lr5e-05_bs16_modL1_fusion32_fusionL1_drop0p1_trmiss50_trlocradio,16,5e-05,1,32,1,0.1,lr5e-05_bs16_modL1_fusion32_fusionL1_drop0p1_trmiss50_trlocradio,22,0.5353649531801542,0.6978116432825724,0.4676724137931034,0.6145407654334649,0.5333333333333333,0.0,0.0,0.0,0.0,0.0,0.0,0.0,0.0,0.0,2002,radio,0.5
4,4,lr5e-05_bs16_modL1_fusion32_fusionL1_drop0p1_trmiss50_trlocradio,16,5e-05,1,32,1,0.1,lr5e-05_bs16_modL1_fusion32_fusionL1_drop0p1_trmiss50_trlocradio,23,0.5411894023418427,0.7005617022514343,0.4655172413793104,0.6091108550329762,0.5111111111111111,0.0,0.0,0.0,0.0,0.0,0.0,0.0,0.0,0.0,2002,radio,0.5
4,4,lr5e-05_bs16_modL1_fusion32_fusionL1_drop0p1_trmiss50_trlocradio,16,5e-05,1,32,1,0.1,lr5e-05_bs16_modL1_fusion32_fusionL1_drop0p1_trmiss50_trlocradio,24,0.5287035678823789,0.6975664893786112,0.46336206896551724,0.6100989230354632,0.5777777777777777,0.0,0.0,0.0,0.0,0.0,0.0,0.0,0.0,0.0,2002,radio,0.5
4,4,lr5e-05_bs16_modL1_fusion32_fusionL1_drop0p1_trmiss50_trlocradio,16,5e-05,1,32,1,0.1,lr5e-05_bs16_modL1_fusion32_fusionL1_drop0p1_trmiss50_trlocradio,25,0.5204005216558775,0.6970601280530294,0.47413793103448276,0.6140102138333909,0.5555555555555556,0.0,0.0,0.0,0.0,0.0,0.0,0.0,0.0,0.0,2002,radio,0.5
4,4,lr5e-05_bs16_modL1_fusion32_fusionL1_drop0p1_trmiss50_trlocradio,16,5e-05,1,32,1,0.1,lr5e-05_bs16_modL1_fusion32_fusionL1_drop0p1_trmiss50_trlocradio,26,0.5216997340321541,0.7017452120780945,0.4719827586206896,0.6138510775248738,0.5333333333333333,0.0,0.0,0.0,0.0,0.0,0.0,0.0,0.0,0.0,2002,radio,0.5
4,4,lr5e-05_bs16_modL1_fusion32_fusionL1_drop0p1_trmiss50_trlocradio,16,5e-05,1,32,1,0.1,lr5e-05_bs16_modL1_fusion32_fusionL1_drop0p1_trmiss50_trlocradio,27,0.544369933505853,0.6956183711687723,0.47629310344827586,0.6191554133946802,0.5777777777777777,0.0,0.0,0.0,0.0,0.0,0.0,0.0,0.0,0.0,2002,radio,0.5
4,4,lr5e-05_bs16_modL1_fusion32_fusionL1_drop0p1_trmiss50_trlocradio,16,5e-05,1,32,1,0.1,lr5e-05_bs16_modL1_fusion32_fusionL1_drop0p1_trmiss50_trlocradio,28,0.5303154637416204,0.6978613336881002,0.48922413793103453,0.6239128365611093,0.5333333333333333,0.0,0.0,0.0,0.0,0.0,0.0,0.0,0.0,0.0,2002,radio,0.5
4,4,lr5e-05_bs16_modL1_fusion64_fusionL1_drop0p2_trmiss50_trlocradio,16,5e-05,1,64,1,0.2,lr5e-05_bs16_modL1_fusion64_fusionL1_drop0p2_trmiss50_trlocradio,1,0.8402735342582067,0.7612632115681967,0.3987068965517242,0.6165619709511934,0.35555555555555557,0.0,0.0,0.0,0.0,0.0,0.0,0.0,0.0,0.0,2002,radio,0.5
4,4,lr5e-05_bs16_modL1_fusion64_fusionL1_drop0p2_trmiss50_trlocradio,16,5e-05,1,64,1,0.2,lr5e-05_bs16_modL1_fusion64_fusionL1_drop0p2_trmiss50_trlocradio,2,0.7811688135067621,0.8009456992149353,0.39008620689655177,0.6106945466295332,0.3333333333333333,0.0,0.0,0.0,0.0,0.0,0.0,0.0,0.0,0.0,2002,radio,0.5
4,4,lr5e-05_bs16_modL1_fusion64_fusionL1_drop0p2_trmiss50_trlocradio,16,5e-05,1,64,1,0.2,lr5e-05_bs16_modL1_fusion64_fusionL1_drop0p2_trmiss50_trlocradio,3,0.7625138511260351,0.8193922440210978,0.4051724137931035,0.600101749010301,0.35555555555555557,0.0,0.0,0.0,0.0,0.0,0.0,0.0,0.0,0.0,2002,radio,0.5
4,4,lr5e-05_bs16_modL1_fusion64_fusionL1_drop0p2_trmiss50_trlocradio,16,5e-05,1,64,1,0.2,lr5e-05_bs16_modL1_fusion64_fusionL1_drop0p2_trmiss50_trlocradio,4,0.7462040384610494,0.8292558789253235,0.375,0.5854312204395422,0.3333333333333333,0.0,0.0,0.0,0.0,0.0,0.0,0.0,0.0,0.0,2002,radio,0.5
4,4,lr5e-05_bs16_modL1_fusion64_fusionL1_drop0p2_trmiss50_trlocradio,16,5e-05,1,64,1,0.2,lr5e-05_bs16_modL1_fusion64_fusionL1_drop0p2_trmiss50_trlocradio,5,0.7176973174015681,0.8309493462244669,0.3987068965517242,0.5938542077371691,0.3333333333333333,0.0,0.0,0.0,0.0,0.0,0.0,0.0,0.0,0.0,2002,radio,0.5
4,4,lr5e-05_bs16_modL1_fusion64_fusionL1_drop0p2_trmiss50_trlocradio,16,5e-05,1,64,1,0.2,lr5e-05_bs16_modL1_fusion64_fusionL1_drop0p2_trmiss50_trlocradio,6,0.7307667136192322,0.8324849605560303,0.4008620689655173,0.5912886646143505,0.3333333333333333,0.0,0.0,0.0,0.0,0.0,0.0,0.0,0.0,0.0,2002,radio,0.5
4,4,lr5e-05_bs16_modL1_fusion64_fusionL1_drop0p2_trmiss50_trlocradio,16,5e-05,1,64,1,0.2,lr5e-05_bs16_modL1_fusion64_fusionL1_drop0p2_trmiss50_trlocradio,7,0.7222237785657247,0.8277822931607565,0.38146551724137934,0.582514000088274,0.3333333333333333,0.0,0.0,0.0,0.0,0.0,0.0,0.0,0.0,0.0,2002,radio,0.5
4,4,lr5e-05_bs16_modL1_fusion64_fusionL1_drop0p2_trmiss50_trlocradio,16,5e-05,1,64,1,0.2,lr5e-05_bs16_modL1_fusion64_fusionL1_drop0p2_trmiss50_trlocradio,8,0.6995035459597906,0.8360664248466492,0.36206896551724144,0.5703999558848469,0.3333333333333333,0.0,0.0,0.0,0.0,0.0,0.0,0.0,0.0,0.0,2002,radio,0.5
4,4,lr5e-05_bs16_modL1_fusion64_fusionL1_drop0p2_trmiss50_trlocradio,16,5e-05,1,64,1,0.2,lr5e-05_bs16_modL1_fusion64_fusionL1_drop0p2_trmiss50_trlocradio,9,0.6835615883270899,0.838199257850647,0.3620689655172414,0.5729272859590337,0.3333333333333333,0.0,0.0,0.0,0.0,0.0,0.0,0.0,0.0,0.0,2002,radio,0.5
4,4,lr5e-05_bs16_modL1_fusion64_fusionL1_drop0p2_trmiss50_trlocradio,16,5e-05,1,64,1,0.2,lr5e-05_bs16_modL1_fusion64_fusionL1_drop0p2_trmiss50_trlocradio,10,0.6896758874257406,0.8366317351659139,0.37715517241379315,0.5805650224463541,0.35555555555555557,0.0,0.0,0.0,0.0,0.0,0.0,0.0,0.0,0.0,2002,radio,0.5
4,4,lr5e-05_bs16_modL1_fusion64_fusionL1_drop0p2_trmiss50_trlocradio,16,5e-05,1,64,1,0.2,lr5e-05_bs16_modL1_fusion64_fusionL1_drop0p2_trmiss50_trlocradio,11,0.705447793006897,0.8256661693255106,0.37931034482758624,0.5820756233330606,0.3333333333333333,0.0,0.0,0.0,0.0,0.0,0.0,0.0,0.0,0.0,2002,radio,0.5
4,4,lr5e-05_bs16_modL1_fusion64_fusionL1_drop0p2_trmiss50_trlocradio,16,5e-05,1,64,1,0.2,lr5e-05_bs16_modL1_fusion64_fusionL1_drop0p2_trmiss50_trlocradio,12,0.6618393858273824,0.8256168365478516,0.3857758620689655,0.5847499238358658,0.35555555555555557,0.0,0.0,0.0,0.0,0.0,0.0,0.0,0.0,0.0,2002,radio,0.5
4,4,lr5e-05_bs16_modL1_fusion64_fusionL1_drop0p2_trmiss50_trlocradio,16,5e-05,1,64,1,0.2,lr5e-05_bs16_modL1_fusion64_fusionL1_drop0p2_trmiss50_trlocradio,13,0.6710860381523768,0.84993443886439,0.3685344827586207,0.5750845909797017,0.35555555555555557,0.0,0.0,0.0,0.0,0.0,0.0,0.0,0.0,0.0,2002,radio,0.5
4,4,lr5e-05_bs16_modL1_fusion64_fusionL1_drop0p2_trmiss50_trlocradio,16,5e-05,1,64,1,0.2,lr5e-05_bs16_modL1_fusion64_fusionL1_drop0p2_trmiss50_trlocradio,14,0.6579798807700475,0.8371617197990417,0.35344827586206895,0.5663979050535994,0.3333333333333333,0.0,0.0,0.0,0.0,0.0,0.0,0.0,0.0,0.0,2002,radio,0.5
4,4,lr5e-05_bs16_modL1_fusion64_fusionL1_drop0p2_trmiss50_trlocradio,16,5e-05,1,64,1,0.2,lr5e-05_bs16_modL1_fusion64_fusionL1_drop0p2_trmiss50_trlocradio,15,0.6692447414000829,0.8351060549418131,0.3577586206896552,0.5731424119129398,0.3333333333333333,0.0,0.0,0.0,0.0,0.0,0.0,0.0,0.0,0.0,2002,radio,0.5
4,4,lr5e-05_bs16_modL1_fusion64_fusionL1_drop0p2_trmiss50_trlocradio,16,5e-05,1,64,1,0.2,lr5e-05_bs16_modL1_fusion64_fusionL1_drop0p2_trmiss50_trlocradio,16,0.63844167192777,0.8400048414866129,0.3362068965517241,0.5605039476253877,0.3333333333333333,0.0,0.0,0.0,0.0,0.0,0.0,0.0,0.0,0.0,2002,radio,0.5
4,4,lr5e-05_bs16_modL1_fusion64_fusionL1_drop0p2_trmiss50_trlocradio,16,5e-05,1,64,1,0.2,lr5e-05_bs16_modL1_fusion64_fusionL1_drop0p2_trmiss50_trlocradio,17,0.6477841983238856,0.834908644358317,0.34698275862068967,0.5668262415938596,0.3333333333333333,0.0,0.0,0.0,0.0,0.0,0.0,0.0,0.0,0.0,2002,radio,0.5
4,4,lr5e-05_bs16_modL1_fusion64_fusionL1_drop0p2_trmiss50_trlocradio,16,5e-05,1,64,1,0.2,lr5e-05_bs16_modL1_fusion64_fusionL1_drop0p2_trmiss50_trlocradio,18,0.6560377577940623,0.8182778159777323,0.3599137931034483,0.5728785224984343,0.3333333333333333,0.0,0.0,0.0,0.0,0.0,0.0,0.0,0.0,0.0,2002,radio,0.5
4,4,lr5e-05_bs16_modL1_fusion64_fusionL1_drop0p2_trmiss50_trlocradio,16,5e-05,1,64,1,0.2,lr5e-05_bs16_modL1_fusion64_fusionL1_drop0p2_trmiss50_trlocradio,19,0.6625377436478933,0.8195801575978597,0.3448275862068965,0.5697715912633474,0.3333333333333333,0.0,0.0,0.0,0.0,0.0,0.0,0.0,0.0,0.0,2002,radio,0.5
4,4,lr5e-05_bs16_modL1_fusion64_fusionL1_drop0p2_trmiss50_trlocradio,16,5e-05,1,64,1,0.2,lr5e-05_bs16_modL1_fusion64_fusionL1_drop0p2_trmiss50_trlocradio,20,0.6350602383414904,0.8111627101898193,0.353448275862069,0.5765364386301222,0.35555555555555557,0.0,0.0,0.0,0.0,0.0,0.0,0.0,0.0,0.0,2002,radio,0.5
4,4,lr5e-05_bs16_modL1_fusion64_fusionL1_drop0p2_trmiss50_trlocradio,16,5e-05,1,64,1,0.2,lr5e-05_bs16_modL1_fusion64_fusionL1_drop0p2_trmiss50_trlocradio,21,0.6589186737934748,0.8205466866493225,0.3426724137931035,0.5735179154403183,0.3333333333333333,0.0,0.0,0.0,0.0,0.0,0.0,0.0,0.0,0.0,2002,radio,0.5
4,4,lr5e-05_bs16_modL1_fusion64_fusionL1_drop0p2_trmiss50_trlocradio,16,5e-05,1,64,1,0.2,lr5e-05_bs16_modL1_fusion64_fusionL1_drop0p2_trmiss50_trlocradio,22,0.6330204010009766,0.8186239004135132,0.34913793103448276,0.5703449916813563,0.3333333333333333,0.0,0.0,0.0,0.0,0.0,0.0,0.0,0.0,0.0,2002,radio,0.5
4,4,lr5e-05_bs16_modL1_fusion64_fusionL1_drop0p2_trmiss50_trlocradio,16,5e-05,1,64,1,0.2,lr5e-05_bs16_modL1_fusion64_fusionL1_drop0p2_trmiss50_trlocradio,23,0.6314698358376821,0.8350078066190084,0.3275862068965517,0.564379438479687,0.3333333333333333,0.0,0.0,0.0,0.0,0.0,0.0,0.0,0.0,0.0,2002,radio,0.5
4,4,lr5e-05_bs16_modL1_fusion64_fusionL1_drop0p2_trmiss50_trlocradio,16,5e-05,1,64,1,0.2,lr5e-05_bs16_modL1_fusion64_fusionL1_drop0p2_trmiss50_trlocradio,24,0.6247482026616732,0.8129219810167948,0.3254310344827586,0.5644972717570613,0.35555555555555557,0.0,0.0,0.0,0.0,0.0,0.0,0.0,0.0,0.0,2002,radio,0.5
4,4,lr5e-05_bs16_modL1_fusion64_fusionL1_drop0p2_trmiss50_trlocradio,16,5e-05,1,64,1,0.2,lr5e-05_bs16_modL1_fusion64_fusionL1_drop0p2_trmiss50_trlocradio,25,0.6281218926111857,0.8254374265670776,0.33405172413793105,0.5574107706475212,0.3333333333333333,0.0,0.0,0.0,0.0,0.0,0.0,0.0,0.0,0.0,2002,radio,0.5
4,4,lr5e-05_bs16_modL1_fusion64_fusionL1_drop0p2_trmiss50_trlocradio,16,5e-05,1,64,1,0.2,lr5e-05_bs16_modL1_fusion64_fusionL1_drop0p2_trmiss50_trlocradio,26,0.6336141799887022,0.827470084031423,0.31896551724137934,0.5616634434200674,0.3333333333333333,0.0,0.0,0.0,0.0,0.0,0.0,0.0,0.0,0.0,2002,radio,0.5
4,4,lr5e-05_bs16_modL1_fusion64_fusionL1_drop0p1_trmiss50_trlocradio,16,5e-05,1,64,1,0.1,lr5e-05_bs16_modL1_fusion64_fusionL1_drop0p1_trmiss50_trlocradio,1,0.7471550852060318,0.7050599654515585,0.5452586206896551,0.742309645144503,0.4888888888888889,0.0,0.0,0.0,0.0,0.0,0.0,0.0,0.0,0.0,2002,radio,0.5
4,4,lr5e-05_bs16_modL1_fusion64_fusionL1_drop0p1_trmiss50_trlocradio,16,5e-05,1,64,1,0.1,lr5e-05_bs16_modL1_fusion64_fusionL1_drop0p1_trmiss50_trlocradio,2,0.696716845035553,0.7261587381362915,0.5021551724137931,0.6996458080235078,0.4222222222222222,0.0,0.0,0.0,0.0,0.0,0.0,0.0,0.0,0.0,2002,radio,0.5
4,4,lr5e-05_bs16_modL1_fusion64_fusionL1_drop0p1_trmiss50_trlocradio,16,5e-05,1,64,1,0.1,lr5e-05_bs16_modL1_fusion64_fusionL1_drop0p1_trmiss50_trlocradio,3,0.6948553522427877,0.7347631255785624,0.46120689655172414,0.6792938651278922,0.4444444444444444,0.0,0.0,0.0,0.0,0.0,0.0,0.0,0.0,0.0,2002,radio,0.5
4,4,lr5e-05_bs16_modL1_fusion64_fusionL1_drop0p1_trmiss50_trlocradio,16,5e-05,1,64,1,0.1,lr5e-05_bs16_modL1_fusion64_fusionL1_drop0p1_trmiss50_trlocradio,4,0.6704861521720886,0.7473253607749939,0.44612068965517243,0.6599034496350121,0.4444444444444444,0.0,0.0,0.0,0.0,0.0,0.0,0.0,0.0,0.0,2002,radio,0.5
4,4,lr5e-05_bs16_modL1_fusion64_fusionL1_drop0p1_trmiss50_trlocradio,16,5e-05,1,64,1,0.1,lr5e-05_bs16_modL1_fusion64_fusionL1_drop0p1_trmiss50_trlocradio,5,0.6526173849900564,0.7358829776446024,0.47413793103448276,0.6464442867792137,0.4444444444444444,0.0,0.0,0.0,0.0,0.0,0.0,0.0,0.0,0.0,2002,radio,0.5
4,4,lr5e-05_bs16_modL1_fusion64_fusionL1_drop0p1_trmiss50_trlocradio,16,5e-05,1,64,1,0.1,lr5e-05_bs16_modL1_fusion64_fusionL1_drop0p1_trmiss50_trlocradio,6,0.6284925043582916,0.7417226235071818,0.4525862068965517,0.6336482678238432,0.4222222222222222,0.0,0.0,0.0,0.0,0.0,0.0,0.0,0.0,0.0,2002,radio,0.5
4,4,lr5e-05_bs16_modL1_fusion64_fusionL1_drop0p1_trmiss50_trlocradio,16,5e-05,1,64,1,0.1,lr5e-05_bs16_modL1_fusion64_fusionL1_drop0p1_trmiss50_trlocradio,7,0.6392060468594233,0.7387264569600424,0.47413793103448276,0.6568137999841932,0.4444444444444444,0.0,0.0,0.0,0.0,0.0,0.0,0.0,0.0,0.0,2002,radio,0.5
4,4,lr5e-05_bs16_modL1_fusion64_fusionL1_drop0p1_trmiss50_trlocradio,16,5e-05,1,64,1,0.1,lr5e-05_bs16_modL1_fusion64_fusionL1_drop0p1_trmiss50_trlocradio,8,0.6281621356805166,0.7409893075625101,0.4612068965517242,0.6456462622142168,0.4444444444444444,0.0,0.0,0.0,0.0,0.0,0.0,0.0,0.0,0.0,2002,radio,0.5
4,4,lr5e-05_bs16_modL1_fusion64_fusionL1_drop0p1_trmiss50_trlocradio,16,5e-05,1,64,1,0.1,lr5e-05_bs16_modL1_fusion64_fusionL1_drop0p1_trmiss50_trlocradio,9,0.6060472776492437,0.7386693954467773,0.4482758620689655,0.6353888947919901,0.4222222222222222,0.0,0.0,0.0,0.0,0.0,0.0,0.0,0.0,0.0,2002,radio,0.5
4,4,lr5e-05_bs16_modL1_fusion64_fusionL1_drop0p1_trmiss50_trlocradio,16,5e-05,1,64,1,0.1,lr5e-05_bs16_modL1_fusion64_fusionL1_drop0p1_trmiss50_trlocradio,10,0.5927540312210718,0.7303858598073324,0.47413793103448276,0.6411381018516674,0.4222222222222222,0.0,0.0,0.0,0.0,0.0,0.0,0.0,0.0,0.0,2002,radio,0.5
4,4,lr5e-05_bs16_modL1_fusion64_fusionL1_drop0p1_trmiss50_trlocradio,16,5e-05,1,64,1,0.1,lr5e-05_bs16_modL1_fusion64_fusionL1_drop0p1_trmiss50_trlocradio,11,0.5922363996505737,0.7322869896888733,0.4762931034482759,0.656503274229399,0.4222222222222222,0.0,0.0,0.0,0.0,0.0,0.0,0.0,0.0,0.0,2002,radio,0.5
4,4,lr5e-05_bs16_modL1_fusion64_fusionL1_drop0p1_trmiss50_trlocradio,16,5e-05,1,64,1,0.1,lr5e-05_bs16_modL1_fusion64_fusionL1_drop0p1_trmiss50_trlocradio,12,0.584080363313357,0.7373050451278687,0.4870689655172414,0.6533201664387301,0.4222222222222222,0.0,0.0,0.0,0.0,0.0,0.0,0.0,0.0,0.0,2002,radio,0.5
4,4,lr5e-05_bs16_modL1_fusion64_fusionL1_drop0p1_trmiss50_trlocradio,16,5e-05,1,64,1,0.1,lr5e-05_bs16_modL1_fusion64_fusionL1_drop0p1_trmiss50_trlocradio,13,0.5767008314530054,0.7415369947751363,0.4849137931034483,0.6557732068875926,0.4222222222222222,0.0,0.0,0.0,0.0,0.0,0.0,0.0,0.0,0.0,2002,radio,0.5
4,4,lr5e-05_bs16_modL1_fusion64_fusionL1_drop0p1_trmiss50_trlocradio,16,5e-05,1,64,1,0.1,lr5e-05_bs16_modL1_fusion64_fusionL1_drop0p1_trmiss50_trlocradio,14,0.5743663087487221,0.7370064655939738,0.4698275862068965,0.6427377475337128,0.4444444444444444,0.0,0.0,0.0,0.0,0.0,0.0,0.0,0.0,0.0,2002,radio,0.5
4,4,lr5e-05_bs16_modL1_fusion64_fusionL1_drop0p1_trmiss50_trlocradio,16,5e-05,1,64,1,0.1,lr5e-05_bs16_modL1_fusion64_fusionL1_drop0p1_trmiss50_trlocradio,15,0.567663237452507,0.735825777053833,0.4849137931034483,0.6520692126226415,0.4222222222222222,0.0,0.0,0.0,0.0,0.0,0.0,0.0,0.0,0.0,2002,radio,0.5
4,4,lr5e-05_bs16_modL1_fusion64_fusionL1_drop0p1_trmiss50_trlocradio,16,5e-05,1,64,1,0.1,lr5e-05_bs16_modL1_fusion64_fusionL1_drop0p1_trmiss50_trlocradio,16,0.5666421602169672,0.736725906531016,0.48060344827586204,0.6486705287913752,0.4222222222222222,0.0,0.0,0.0,0.0,0.0,0.0,0.0,0.0,0.0,2002,radio,0.5
4,4,lr5e-05_bs16_modL1_fusion64_fusionL1_drop0p1_trmiss50_trlocradio,16,5e-05,1,64,1,0.1,lr5e-05_bs16_modL1_fusion64_fusionL1_drop0p1_trmiss50_trlocradio,17,0.5740120112895966,0.731849193572998,0.48275862068965525,0.6550738663355853,0.4444444444444444,0.0,0.0,0.0,0.0,0.0,0.0,0.0,0.0,0.0,2002,radio,0.5
4,4,lr5e-05_bs16_modL1_fusion64_fusionL1_drop0p1_trmiss50_trlocradio,16,5e-05,1,64,1,0.1,lr5e-05_bs16_modL1_fusion64_fusionL1_drop0p1_trmiss50_trlocradio,18,0.5600472589333853,0.7390567859013876,0.4827586206896552,0.6511695899911869,0.4,0.0,0.0,0.0,0.0,0.0,0.0,0.0,0.0,0.0,2002,radio,0.5
4,4,lr5e-05_bs16_modL1_fusion64_fusionL1_drop0p1_trmiss50_trlocradio,16,5e-05,1,64,1,0.1,lr5e-05_bs16_modL1_fusion64_fusionL1_drop0p1_trmiss50_trlocradio,19,0.5520388086636862,0.7389620343844095,0.478448275862069,0.646544844633637,0.4222222222222222,0.0,0.0,0.0,0.0,0.0,0.0,0.0,0.0,0.0,2002,radio,0.5
4,4,lr5e-05_bs16_modL1_fusion64_fusionL1_drop0p1_trmiss50_trlocradio,16,5e-05,1,64,1,0.1,lr5e-05_bs16_modL1_fusion64_fusionL1_drop0p1_trmiss50_trlocradio,20,0.5473134815692902,0.7346033652623495,0.47413793103448276,0.6532172275289991,0.4,0.0,0.0,0.0,0.0,0.0,0.0,0.0,0.0,0.0,2002,radio,0.5
4,4,lr5e-05_bs16_modL1_fusion64_fusionL1_drop0p1_trmiss50_trlocradio,16,5e-05,1,64,1,0.1,lr5e-05_bs16_modL1_fusion64_fusionL1_drop0p1_trmiss50_trlocradio,21,0.5660036106904348,0.7397183775901794,0.45905172413793105,0.6432613409083658,0.4,0.0,0.0,0.0,0.0,0.0,0.0,0.0,0.0,0.0,2002,radio,0.5
4,4,lr5e-05_bs16_modL1_fusion64_fusionL1_drop0p1_trmiss50_trlocradio,16,5e-05,1,64,1,0.1,lr5e-05_bs16_modL1_fusion64_fusionL1_drop0p1_trmiss50_trlocradio,22,0.5443955784042677,0.7423278490702311,0.46551724137931033,0.6457479033407947,0.4222222222222222,0.0,0.0,0.0,0.0,0.0,0.0,0.0,0.0,0.0,2002,radio,0.5
4,4,lr5e-05_bs16_modL1_fusion64_fusionL1_drop0p1_trmiss50_trlocradio,16,5e-05,1,64,1,0.1,lr5e-05_bs16_modL1_fusion64_fusionL1_drop0p1_trmiss50_trlocradio,23,0.5599893952409426,0.7355857888857523,0.47198275862068967,0.6497722679237932,0.4,0.0,0.0,0.0,0.0,0.0,0.0,0.0,0.0,0.0,2002,radio,0.5
4,4,lr5e-05_bs16_modL1_fusion64_fusionL1_drop0p1_trmiss50_trlocradio,16,5e-05,1,64,1,0.1,lr5e-05_bs16_modL1_fusion64_fusionL1_drop0p1_trmiss50_trlocradio,24,0.5405323008696238,0.7262077728907267,0.4849137931034483,0.6587654687169591,0.4,0.0,0.0,0.0,0.0,0.0,0.0,0.0,0.0,0.0,2002,radio,0.5
4,4,lr5e-05_bs16_modL1_fusion64_fusionL1_drop0p1_trmiss50_trlocradio,16,5e-05,1,64,1,0.1,lr5e-05_bs16_modL1_fusion64_fusionL1_drop0p1_trmiss50_trlocradio,25,0.5612411970893542,0.7261428038279215,0.4849137931034483,0.6542679500179884,0.37777777777777777,0.0,0.0,0.0,0.0,0.0,0.0,0.0,0.0,0.0,2002,radio,0.5
4,4,lr5e-05_bs16_modL1_fusion64_fusionL1_drop0p1_trmiss50_trlocradio,16,5e-05,1,64,1,0.1,lr5e-05_bs16_modL1_fusion64_fusionL1_drop0p1_trmiss50_trlocradio,26,0.5652012825012207,0.7447221477826437,0.4676724137931035,0.6432879260182962,0.4222222222222222,0.0,0.0,0.0,0.0,0.0,0.0,0.0,0.0,0.0,2002,radio,0.5
4,4,lr5e-05_bs16_modL1_fusion64_fusionL1_drop0p1_trmiss50_trlocradio,16,5e-05,1,64,1,0.1,lr5e-05_bs16_modL1_fusion64_fusionL1_drop0p1_trmiss50_trlocradio,27,0.559311439593633,0.7372683684031168,0.4762931034482759,0.6510681585416063,0.4444444444444444,0.0,0.0,0.0,0.0,0.0,0.0,0.0,0.0,0.0,2002,radio,0.5
4,4,lr5e-05_bs16_modL1_fusion64_fusionL1_drop0p1_trmiss50_trlocradio,16,5e-05,1,64,1,0.1,lr5e-05_bs16_modL1_fusion64_fusionL1_drop0p1_trmiss50_trlocradio,28,0.5540571957826614,0.7368120749791464,0.4806034482758621,0.6469452168865942,0.4222222222222222,0.0,0.0,0.0,0.0,0.0,0.0,0.0,0.0,0.0,2002,radio,0.5
4,4,lr5e-05_bs16_modL1_fusion64_fusionL1_drop0p1_trmiss50_trlocradio,16,5e-05,1,64,1,0.1,lr5e-05_bs16_modL1_fusion64_fusionL1_drop0p1_trmiss50_trlocradio,29,0.5587388724088669,0.7460761666297913,0.4655172413793104,0.6412511399990679,0.4222222222222222,0.0,0.0,0.0,0.0,0.0,0.0,0.0,0.0,0.0,2002,radio,0.5
4,4,lr5e-05_bs16_modL1_fusion64_fusionL1_drop0p1_trmiss50_trlocradio,16,5e-05,1,64,1,0.1,lr5e-05_bs16_modL1_fusion64_fusionL1_drop0p1_trmiss50_trlocradio,30,0.5486172338326772,0.7396657864252726,0.4870689655172414,0.6598238113540909,0.4222222222222222,0.0,0.0,0.0,0.0,0.0,0.0,0.0,0.0,0.0,2002,radio,0.5
4,4,lr5e-05_bs16_modL1_fusion64_fusionL1_drop0p1_trmiss50_trlocradio,16,5e-05,1,64,1,0.1,lr5e-05_bs16_modL1_fusion64_fusionL1_drop0p1_trmiss50_trlocradio,31,0.5547479838132858,0.7464118798573812,0.47198275862068967,0.643811023724882,0.37777777777777777,0.0,0.0,0.0,0.0,0.0,0.0,0.0,0.0,0.0,2002,radio,0.5
4,4,lr5e-05_bs16_modL1_fusion64_fusionL1_drop0p1_trmiss50_trlocradio,16,5e-05,1,64,1,0.1,lr5e-05_bs16_modL1_fusion64_fusionL1_drop0p1_trmiss50_trlocradio,32,0.547995721300443,0.7455196777979533,0.47413793103448276,0.6446444242814882,0.4444444444444444,0.0,0.0,0.0,0.0,0.0,0.0,0.0,0.0,0.0,2002,radio,0.5
4,4,lr1e-04_bs16_modL1_fusion32_fusionL1_drop0p2_trmiss50_trlocradio,16,0.0001,1,32,1,0.2,lr1e-04_bs16_modL1_fusion32_fusionL1_drop0p2_trmiss50_trlocradio,1,0.7428126136461893,0.6962185899416605,0.5560344827586208,0.7639862870522947,0.5111111111111111,0.0,0.0,0.0,0.0,0.0,0.0,0.0,0.0,0.0,2002,radio,0.5
4,4,lr1e-04_bs16_modL1_fusion32_fusionL1_drop0p2_trmiss50_trlocradio,16,0.0001,1,32,1,0.2,lr1e-04_bs16_modL1_fusion32_fusionL1_drop0p2_trmiss50_trlocradio,2,0.7091177105903625,0.6941805283228556,0.5280172413793104,0.7540196075592598,0.5111111111111111,0.0,0.0,0.0,0.0,0.0,0.0,0.0,0.0,0.0,2002,radio,0.5
4,4,lr1e-04_bs16_modL1_fusion32_fusionL1_drop0p2_trmiss50_trlocradio,16,0.0001,1,32,1,0.2,lr1e-04_bs16_modL1_fusion32_fusionL1_drop0p2_trmiss50_trlocradio,3,0.6501817603905996,0.7014041543006897,0.4978448275862069,0.7015982631509325,0.5111111111111111,0.0,0.0,0.0,0.0,0.0,0.0,0.0,0.0,0.0,2002,radio,0.5
4,4,lr1e-04_bs16_modL1_fusion32_fusionL1_drop0p2_trmiss50_trlocradio,16,0.0001,1,32,1,0.2,lr1e-04_bs16_modL1_fusion32_fusionL1_drop0p2_trmiss50_trlocradio,4,0.6435743321975073,0.7076063950856527,0.47844827586206895,0.6807519686783505,0.4888888888888889,0.0,0.0,0.0,0.0,0.0,0.0,0.0,0.0,0.0,2002,radio,0.5
4,4,lr1e-04_bs16_modL1_fusion32_fusionL1_drop0p2_trmiss50_trlocradio,16,0.0001,1,32,1,0.2,lr1e-04_bs16_modL1_fusion32_fusionL1_drop0p2_trmiss50_trlocradio,5,0.6444724450508753,0.7003467480341593,0.46120689655172414,0.6797536640654916,0.4444444444444444,0.0,0.0,0.0,0.0,0.0,0.0,0.0,0.0,0.0,2002,radio,0.5
4,4,lr1e-04_bs16_modL1_fusion32_fusionL1_drop0p2_trmiss50_trlocradio,16,0.0001,1,32,1,0.2,lr1e-04_bs16_modL1_fusion32_fusionL1_drop0p2_trmiss50_trlocradio,6,0.6264665573835373,0.699010451634725,0.4482758620689655,0.6783927533669114,0.4444444444444444,0.0,0.0,0.0,0.0,0.0,0.0,0.0,0.0,0.0,2002,radio,0.5
4,4,lr1e-04_bs16_modL1_fusion32_fusionL1_drop0p2_trmiss50_trlocradio,16,0.0001,1,32,1,0.2,lr1e-04_bs16_modL1_fusion32_fusionL1_drop0p2_trmiss50_trlocradio,7,0.625237450003624,0.7092904051144918,0.44612068965517243,0.6861637242022895,0.4222222222222222,0.0,0.0,0.0,0.0,0.0,0.0,0.0,0.0,0.0,2002,radio,0.5
4,4,lr1e-04_bs16_modL1_fusion32_fusionL1_drop0p2_trmiss50_trlocradio,16,0.0001,1,32,1,0.2,lr1e-04_bs16_modL1_fusion32_fusionL1_drop0p2_trmiss50_trlocradio,8,0.6074238866567612,0.7068404157956442,0.45474137931034486,0.6869386056849318,0.4222222222222222,0.0,0.0,0.0,0.0,0.0,0.0,0.0,0.0,0.0,2002,radio,0.5
4,4,lr1e-04_bs16_modL1_fusion32_fusionL1_drop0p2_trmiss50_trlocradio,16,0.0001,1,32,1,0.2,lr1e-04_bs16_modL1_fusion32_fusionL1_drop0p2_trmiss50_trlocradio,9,0.5821395715077718,0.7001620133717855,0.4698275862068966,0.6896095499189822,0.4,0.0,0.0,0.0,0.0,0.0,0.0,0.0,0.0,0.0,2002,radio,0.5
4,4,lr1e-04_bs16_modL1_fusion32_fusionL1_drop0p2_trmiss50_trlocradio,16,0.0001,1,32,1,0.2,lr1e-04_bs16_modL1_fusion32_fusionL1_drop0p2_trmiss50_trlocradio,10,0.5815328558286031,0.6913029750188192,0.4612068965517242,0.6870753888990508,0.4444444444444444,0.0,0.0,0.0,0.0,0.0,0.0,0.0,0.0,0.0,2002,radio,0.5
4,4,lr1e-04_bs16_modL1_fusion32_fusionL1_drop0p2_trmiss50_trlocradio,16,0.0001,1,32,1,0.2,lr1e-04_bs16_modL1_fusion32_fusionL1_drop0p2_trmiss50_trlocradio,11,0.5894012004137039,0.6937684814135233,0.48922413793103453,0.697947422456246,0.4888888888888889,0.0,0.0,0.0,0.0,0.0,0.0,0.0,0.0,0.0,2002,radio,0.5
4,4,lr1e-04_bs16_modL1_fusion32_fusionL1_drop0p2_trmiss50_trlocradio,16,0.0001,1,32,1,0.2,lr1e-04_bs16_modL1_fusion32_fusionL1_drop0p2_trmiss50_trlocradio,12,0.5559773792823156,0.7041163444519043,0.45689655172413796,0.6805221824087062,0.4222222222222222,0.0,0.0,0.0,0.0,0.0,0.0,0.0,0.0,0.0,2002,radio,0.5
4,4,lr1e-04_bs16_modL1_fusion32_fusionL1_drop0p2_trmiss50_trlocradio,16,0.0001,1,32,1,0.2,lr1e-04_bs16_modL1_fusion32_fusionL1_drop0p2_trmiss50_trlocradio,13,0.5588796585798264,0.7065031925837199,0.4676724137931034,0.684867983429699,0.4222222222222222,0.0,0.0,0.0,0.0,0.0,0.0,0.0,0.0,0.0,2002,radio,0.5
4,4,lr1e-04_bs16_modL1_fusion32_fusionL1_drop0p2_trmiss50_trlocradio,16,0.0001,1,32,1,0.2,lr1e-04_bs16_modL1_fusion32_fusionL1_drop0p2_trmiss50_trlocradio,14,0.5661142244935036,0.688025156656901,0.4633620689655173,0.6869769307443331,0.4888888888888889,0.0,0.0,0.0,0.0,0.0,0.0,0.0,0.0,0.0,2002,radio,0.5
4,4,lr1e-04_bs16_modL1_fusion32_fusionL1_drop0p2_trmiss50_trlocradio,16,0.0001,1,32,1,0.2,lr1e-04_bs16_modL1_fusion32_fusionL1_drop0p2_trmiss50_trlocradio,15,0.5614611854155859,0.7005420923233032,0.44612068965517243,0.6786259090698316,0.37777777777777777,0.0,0.0,0.0,0.0,0.0,0.0,0.0,0.0,0.0,2002,radio,0.5
4,4,lr1e-04_bs16_modL1_fusion32_fusionL1_drop0p2_trmiss50_trlocradio,16,0.0001,1,32,1,0.2,lr1e-04_bs16_modL1_fusion32_fusionL1_drop0p2_trmiss50_trlocradio,16,0.5528932760159174,0.7045100529988607,0.4525862068965517,0.6849610213913342,0.37777777777777777,0.0,0.0,0.0,0.0,0.0,0.0,0.0,0.0,0.0,2002,radio,0.5
4,4,lr1e-04_bs16_modL1_fusion32_fusionL1_drop0p2_trmiss50_trlocradio,16,0.0001,1,32,1,0.2,lr1e-04_bs16_modL1_fusion32_fusionL1_drop0p2_trmiss50_trlocradio,17,0.5379834075768789,0.7014729380607605,0.44181034482758624,0.6749585461944774,0.37777777777777777,0.0,0.0,0.0,0.0,0.0,0.0,0.0,0.0,0.0,2002,radio,0.5
4,4,lr1e-04_bs16_modL1_fusion32_fusionL1_drop0p2_trmiss50_trlocradio,16,0.0001,1,32,1,0.2,lr1e-04_bs16_modL1_fusion32_fusionL1_drop0p2_trmiss50_trlocradio,18,0.5216281910737356,0.7000353733698527,0.4482758620689655,0.6750675544833685,0.4,0.0,0.0,0.0,0.0,0.0,0.0,0.0,0.0,0.0,2002,radio,0.5
4,4,lr1e-04_bs16_modL1_fusion32_fusionL1_drop0p2_trmiss50_trlocradio,16,0.0001,1,32,1,0.2,lr1e-04_bs16_modL1_fusion32_fusionL1_drop0p2_trmiss50_trlocradio,19,0.5019586235284805,0.6959436933199564,0.4396551724137931,0.6726420604628107,0.37777777777777777,0.0,0.0,0.0,0.0,0.0,0.0,0.0,0.0,0.0,2002,radio,0.5
4,4,lr1e-04_bs16_modL1_fusion32_fusionL1_drop0p2_trmiss50_trlocradio,16,0.0001,1,32,1,0.2,lr1e-04_bs16_modL1_fusion32_fusionL1_drop0p2_trmiss50_trlocradio,20,0.5173777615030607,0.7012699445088705,0.44396551724137934,0.6630415338520477,0.37777777777777777,0.0,0.0,0.0,0.0,0.0,0.0,0.0,0.0,0.0,2002,radio,0.5
4,4,lr1e-04_bs16_modL1_fusion32_fusionL1_drop0p2_trmiss50_trlocradio,16,0.0001,1,32,1,0.2,lr1e-04_bs16_modL1_fusion32_fusionL1_drop0p2_trmiss50_trlocradio,21,0.5317847629388174,0.7012686530749003,0.4482758620689655,0.6744075295442278,0.35555555555555557,0.0,0.0,0.0,0.0,0.0,0.0,0.0,0.0,0.0,2002,radio,0.5
4,4,lr1e-04_bs16_modL1_fusion32_fusionL1_drop0p2_trmiss50_trlocradio,16,0.0001,1,32,1,0.2,lr1e-04_bs16_modL1_fusion32_fusionL1_drop0p2_trmiss50_trlocradio,22,0.5075754895806313,0.695842425028483,0.4353448275862069,0.6693585864342192,0.4,0.0,0.0,0.0,0.0,0.0,0.0,0.0,0.0,0.0,2002,radio,0.5
4,4,lr1e-04_bs16_modL1_fusion32_fusionL1_drop0p2_trmiss50_trlocradio,16,0.0001,1,32,1,0.2,lr1e-04_bs16_modL1_fusion32_fusionL1_drop0p2_trmiss50_trlocradio,23,0.4883596400419871,0.6917629241943359,0.47198275862068967,0.6832453435352523,0.4,0.0,0.0,0.0,0.0,0.0,0.0,0.0,0.0,0.0,2002,radio,0.5
4,4,lr1e-04_bs16_modL1_fusion32_fusionL1_drop0p2_trmiss50_trlocradio,16,0.0001,1,32,1,0.2,lr1e-04_bs16_modL1_fusion32_fusionL1_drop0p2_trmiss50_trlocradio,24,0.5187983016173044,0.702997624874115,0.4504310344827587,0.6697486236915818,0.4,0.0,0.0,0.0,0.0,0.0,0.0,0.0,0.0,0.0,2002,radio,0.5
4,4,lr1e-04_bs16_modL1_fusion32_fusionL1_drop0p2_trmiss50_trlocradio,16,0.0001,1,32,1,0.2,lr1e-04_bs16_modL1_fusion32_fusionL1_drop0p2_trmiss50_trlocradio,25,0.524384709695975,0.6905116041501363,0.47413793103448276,0.6862675223192656,0.5111111111111111,0.0,0.0,0.0,0.0,0.0,0.0,0.0,0.0,0.0,2002,radio,0.5
4,4,lr1e-04_bs16_modL1_fusion32_fusionL1_drop0p2_trmiss50_trlocradio,16,0.0001,1,32,1,0.2,lr1e-04_bs16_modL1_fusion32_fusionL1_drop0p2_trmiss50_trlocradio,26,0.5056717718640963,0.7037711143493652,0.45905172413793105,0.6756376382436318,0.37777777777777777,0.0,0.0,0.0,0.0,0.0,0.0,0.0,0.0,0.0,2002,radio,0.5
4,4,lr1e-04_bs16_modL1_fusion32_fusionL1_drop0p2_trmiss50_trlocradio,16,0.0001,1,32,1,0.2,lr1e-04_bs16_modL1_fusion32_fusionL1_drop0p2_trmiss50_trlocradio,27,0.514816477894783,0.714433749516805,0.43534482758620685,0.6707366069407958,0.35555555555555557,0.0,0.0,0.0,0.0,0.0,0.0,0.0,0.0,0.0,2002,radio,0.5
4,4,lr1e-04_bs16_modL1_fusion32_fusionL1_drop0p2_trmiss50_trlocradio,16,0.0001,1,32,1,0.2,lr1e-04_bs16_modL1_fusion32_fusionL1_drop0p2_trmiss50_trlocradio,28,0.5134727855523428,0.7059672077496847,0.4482758620689655,0.6810326822856698,0.37777777777777777,0.0,0.0,0.0,0.0,0.0,0.0,0.0,0.0,0.0,2002,radio,0.5
4,4,lr1e-04_bs16_modL1_fusion32_fusionL1_drop0p2_trmiss50_trlocradio,16,0.0001,1,32,1,0.2,lr1e-04_bs16_modL1_fusion32_fusionL1_drop0p2_trmiss50_trlocradio,29,0.5151151791214943,0.6971279581387838,0.44396551724137934,0.6665171969340364,0.4666666666666667,0.0,0.0,0.0,0.0,0.0,0.0,0.0,0.0,0.0,2002,radio,0.5
4,4,lr1e-04_bs16_modL1_fusion32_fusionL1_drop0p2_trmiss50_trlocradio,16,0.0001,1,32,1,0.2,lr1e-04_bs16_modL1_fusion32_fusionL1_drop0p2_trmiss50_trlocradio,30,0.5037399182717005,0.6997291247049967,0.4439655172413793,0.6659421303496607,0.4222222222222222,0.0,0.0,0.0,0.0,0.0,0.0,0.0,0.0,0.0,2002,radio,0.5
4,4,lr1e-04_bs16_modL1_fusion32_fusionL1_drop0p2_trmiss50_trlocradio,16,0.0001,1,32,1,0.2,lr1e-04_bs16_modL1_fusion32_fusionL1_drop0p2_trmiss50_trlocradio,31,0.49351712812980014,0.6960503061612447,0.4525862068965517,0.6682299946742083,0.4444444444444444,0.0,0.0,0.0,0.0,0.0,0.0,0.0,0.0,0.0,2002,radio,0.5
4,4,lr1e-04_bs16_modL1_fusion32_fusionL1_drop0p1_trmiss50_trlocradio,16,0.0001,1,32,1,0.1,lr1e-04_bs16_modL1_fusion32_fusionL1_drop0p1_trmiss50_trlocradio,1,0.6755287398894628,0.7035999298095703,0.3297413793103448,0.5442609372496449,0.5333333333333333,0.0,0.0,0.0,0.0,0.0,0.0,0.0,0.0,0.0,2002,radio,0.5
4,4,lr1e-04_bs16_modL1_fusion32_fusionL1_drop0p1_trmiss50_trlocradio,16,0.0001,1,32,1,0.1,lr1e-04_bs16_modL1_fusion32_fusionL1_drop0p1_trmiss50_trlocradio,2,0.6051078736782074,0.7219929099082947,0.35129310344827586,0.5568825693928192,0.4888888888888889,0.0,0.0,0.0,0.0,0.0,0.0,0.0,0.0,0.0,2002,radio,0.5
4,4,lr1e-04_bs16_modL1_fusion32_fusionL1_drop0p1_trmiss50_trlocradio,16,0.0001,1,32,1,0.1,lr1e-04_bs16_modL1_fusion32_fusionL1_drop0p1_trmiss50_trlocradio,3,0.6219727595647176,0.7266767422358195,0.38146551724137934,0.5582680327916358,0.4666666666666667,0.0,0.0,0.0,0.0,0.0,0.0,0.0,0.0,0.0,2002,radio,0.5
4,4,lr1e-04_bs16_modL1_fusion32_fusionL1_drop0p1_trmiss50_trlocradio,16,0.0001,1,32,1,0.1,lr1e-04_bs16_modL1_fusion32_fusionL1_drop0p1_trmiss50_trlocradio,4,0.5892985562483469,0.7285925348599752,0.3642241379310345,0.5533139049856667,0.5111111111111111,0.0,0.0,0.0,0.0,0.0,0.0,0.0,0.0,0.0,2002,radio,0.5
4,4,lr1e-04_bs16_modL1_fusion32_fusionL1_drop0p1_trmiss50_trlocradio,16,0.0001,1,32,1,0.1,lr1e-04_bs16_modL1_fusion32_fusionL1_drop0p1_trmiss50_trlocradio,5,0.541206975777944,0.7359828352928162,0.3577586206896552,0.5517502180798284,0.4222222222222222,0.0,0.0,0.0,0.0,0.0,0.0,0.0,0.0,0.0,2002,radio,0.5
4,4,lr1e-04_bs16_modL1_fusion32_fusionL1_drop0p1_trmiss50_trlocradio,16,0.0001,1,32,1,0.1,lr1e-04_bs16_modL1_fusion32_fusionL1_drop0p1_trmiss50_trlocradio,6,0.5446857561667761,0.7363550861676534,0.3599137931034483,0.5455309280743568,0.4888888888888889,0.0,0.0,0.0,0.0,0.0,0.0,0.0,0.0,0.0,2002,radio,0.5
4,4,lr1e-04_bs16_modL1_fusion32_fusionL1_drop0p1_trmiss50_trlocradio,16,0.0001,1,32,1,0.1,lr1e-04_bs16_modL1_fusion32_fusionL1_drop0p1_trmiss50_trlocradio,7,0.5268726994593939,0.7427483797073364,0.3642241379310345,0.5489928302437251,0.4888888888888889,0.0,0.0,0.0,0.0,0.0,0.0,0.0,0.0,0.0,2002,radio,0.5
4,4,lr1e-04_bs16_modL1_fusion32_fusionL1_drop0p1_trmiss50_trlocradio,16,0.0001,1,32,1,0.1,lr1e-04_bs16_modL1_fusion32_fusionL1_drop0p1_trmiss50_trlocradio,8,0.516241562863191,0.7385217547416687,0.3577586206896552,0.5476754981570341,0.4666666666666667,0.0,0.0,0.0,0.0,0.0,0.0,0.0,0.0,0.0,2002,radio,0.5
4,4,lr1e-04_bs16_modL1_fusion32_fusionL1_drop0p1_trmiss50_trlocradio,16,0.0001,1,32,1,0.1,lr1e-04_bs16_modL1_fusion32_fusionL1_drop0p1_trmiss50_trlocradio,9,0.5178182125091553,0.7471174399058024,0.3512931034482759,0.5446675013588871,0.4222222222222222,0.0,0.0,0.0,0.0,0.0,0.0,0.0,0.0,0.0,2002,radio,0.5
4,4,lr1e-04_bs16_modL1_fusion32_fusionL1_drop0p1_trmiss50_trlocradio,16,0.0001,1,32,1,0.1,lr1e-04_bs16_modL1_fusion32_fusionL1_drop0p1_trmiss50_trlocradio,10,0.4952910269300143,0.7436702251434326,0.3706896551724138,0.5511796825127451,0.4222222222222222,0.0,0.0,0.0,0.0,0.0,0.0,0.0,0.0,0.0,2002,radio,0.5
4,4,lr1e-04_bs16_modL1_fusion32_fusionL1_drop0p1_trmiss50_trlocradio,16,0.0001,1,32,1,0.1,lr1e-04_bs16_modL1_fusion32_fusionL1_drop0p1_trmiss50_trlocradio,11,0.47781306008497876,0.7397350470225016,0.3599137931034483,0.5475749001199834,0.4444444444444444,0.0,0.0,0.0,0.0,0.0,0.0,0.0,0.0,0.0,2002,radio,0.5
4,4,lr1e-04_bs16_modL1_fusion32_fusionL1_drop0p1_trmiss50_trlocradio,16,0.0001,1,32,1,0.1,lr1e-04_bs16_modL1_fusion32_fusionL1_drop0p1_trmiss50_trlocradio,12,0.4786021088560422,0.755560576915741,0.3491379310344828,0.5433063290811018,0.4,0.0,0.0,0.0,0.0,0.0,0.0,0.0,0.0,0.0,2002,radio,0.5
4,4,lr1e-04_bs16_modL1_fusion32_fusionL1_drop0p1_trmiss50_trlocradio,16,0.0001,1,32,1,0.1,lr1e-04_bs16_modL1_fusion32_fusionL1_drop0p1_trmiss50_trlocradio,13,0.4758477335174878,0.7536335190137228,0.33189655172413796,0.5371328064235447,0.4222222222222222,0.0,0.0,0.0,0.0,0.0,0.0,0.0,0.0,0.0,2002,radio,0.5
4,4,lr1e-04_bs16_modL1_fusion32_fusionL1_drop0p1_trmiss50_trlocradio,16,0.0001,1,32,1,0.1,lr1e-04_bs16_modL1_fusion32_fusionL1_drop0p1_trmiss50_trlocradio,14,0.4758092040816943,0.7526002724965414,0.34698275862068967,0.542960278076569,0.4444444444444444,0.0,0.0,0.0,0.0,0.0,0.0,0.0,0.0,0.0,2002,radio,0.5
4,4,lr1e-04_bs16_modL1_fusion32_fusionL1_drop0p1_trmiss50_trlocradio,16,0.0001,1,32,1,0.1,lr1e-04_bs16_modL1_fusion32_fusionL1_drop0p1_trmiss50_trlocradio,15,0.4565066074331601,0.7441403071085612,0.3599137931034483,0.5493911697909456,0.4888888888888889,0.0,0.0,0.0,0.0,0.0,0.0,0.0,0.0,0.0,2002,radio,0.5
4,4,lr1e-04_bs16_modL1_fusion32_fusionL1_drop0p1_trmiss50_trlocradio,16,0.0001,1,32,1,0.1,lr1e-04_bs16_modL1_fusion32_fusionL1_drop0p1_trmiss50_trlocradio,16,0.4363883336385091,0.7561619480450948,0.3426724137931034,0.5429794727480366,0.4,0.0,0.0,0.0,0.0,0.0,0.0,0.0,0.0,0.0,2002,radio,0.5
4,4,lr1e-04_bs16_modL1_fusion32_fusionL1_drop0p1_trmiss50_trlocradio,16,0.0001,1,32,1,0.1,lr1e-04_bs16_modL1_fusion32_fusionL1_drop0p1_trmiss50_trlocradio,17,0.4416360855102539,0.7539933323860168,0.36422413793103453,0.5519672698227229,0.4222222222222222,0.0,0.0,0.0,0.0,0.0,0.0,0.0,0.0,0.0,2002,radio,0.5
4,4,lr1e-04_bs16_modL1_fusion32_fusionL1_drop0p1_trmiss50_trlocradio,16,0.0001,1,32,1,0.1,lr1e-04_bs16_modL1_fusion32_fusionL1_drop0p1_trmiss50_trlocradio,18,0.4604690596461296,0.7510241866111755,0.36206896551724144,0.5507178319154813,0.4222222222222222,0.0,0.0,0.0,0.0,0.0,0.0,0.0,0.0,0.0,2002,radio,0.5
4,4,lr1e-04_bs16_modL1_fusion32_fusionL1_drop0p1_trmiss50_trlocradio,16,0.0001,1,32,1,0.1,lr1e-04_bs16_modL1_fusion32_fusionL1_drop0p1_trmiss50_trlocradio,19,0.4470786899328232,0.754642387231191,0.34913793103448276,0.542857540300635,0.4444444444444444,0.0,0.0,0.0,0.0,0.0,0.0,0.0,0.0,0.0,2002,radio,0.5
4,4,lr1e-04_bs16_modL1_fusion32_fusionL1_drop0p1_trmiss50_trlocradio,16,0.0001,1,32,1,0.1,lr1e-04_bs16_modL1_fusion32_fusionL1_drop0p1_trmiss50_trlocradio,20,0.4433084577322006,0.7502241333325704,0.3663793103448276,0.5520626167018485,0.4666666666666667,0.0,0.0,0.0,0.0,0.0,0.0,0.0,0.0,0.0,2002,radio,0.5
4,4,lr1e-04_bs16_modL1_fusion32_fusionL1_drop0p1_trmiss50_trlocradio,16,0.0001,1,32,1,0.1,lr1e-04_bs16_modL1_fusion32_fusionL1_drop0p1_trmiss50_trlocradio,21,0.4470544755458832,0.7560046513875326,0.3620689655172414,0.5481762159184532,0.4444444444444444,0.0,0.0,0.0,0.0,0.0,0.0,0.0,0.0,0.0,2002,radio,0.5
4,4,lr1e-04_bs16_modL1_fusion32_fusionL1_drop0p1_trmiss50_trlocradio,16,0.0001,1,32,1,0.1,lr1e-04_bs16_modL1_fusion32_fusionL1_drop0p1_trmiss50_trlocradio,22,0.4367404505610466,0.7498998641967773,0.36637931034482757,0.5500791712420158,0.4666666666666667,0.0,0.0,0.0,0.0,0.0,0.0,0.0,0.0,0.0,2002,radio,0.5
4,4,lr1e-04_bs16_modL1_fusion32_fusionL1_drop0p1_trmiss50_trlocradio,16,0.0001,1,32,1,0.1,lr1e-04_bs16_modL1_fusion32_fusionL1_drop0p1_trmiss50_trlocradio,23,0.4703101764122645,0.7588801980018616,0.3556034482758621,0.5476120591707254,0.4444444444444444,0.0,0.0,0.0,0.0,0.0,0.0,0.0,0.0,0.0,2002,radio,0.5
4,4,lr1e-04_bs16_modL1_fusion32_fusionL1_drop0p1_trmiss50_trlocradio,16,0.0001,1,32,1,0.1,lr1e-04_bs16_modL1_fusion32_fusionL1_drop0p1_trmiss50_trlocradio,24,0.4420465479294459,0.7492366035779318,0.3685344827586208,0.5540024091816143,0.5111111111111111,0.0,0.0,0.0,0.0,0.0,0.0,0.0,0.0,0.0,2002,radio,0.5
4,4,lr1e-04_bs16_modL1_fusion32_fusionL1_drop0p1_trmiss50_trlocradio,16,0.0001,1,32,1,0.1,lr1e-04_bs16_modL1_fusion32_fusionL1_drop0p1_trmiss50_trlocradio,25,0.44024354219436646,0.7509272694587708,0.37284482758620696,0.5555027326287086,0.5111111111111111,0.0,0.0,0.0,0.0,0.0,0.0,0.0,0.0,0.0,2002,radio,0.5
4,4,lr1e-04_bs16_modL1_fusion32_fusionL1_drop0p1_trmiss50_trlocradio,16,0.0001,1,32,1,0.1,lr1e-04_bs16_modL1_fusion32_fusionL1_drop0p1_trmiss50_trlocradio,26,0.4462629680832227,0.7467441161473592,0.37931034482758624,0.5592151764424463,0.5111111111111111,0.0,0.0,0.0,0.0,0.0,0.0,0.0,0.0,0.0,2002,radio,0.5
4,4,lr1e-04_bs16_modL1_fusion32_fusionL1_drop0p1_trmiss50_trlocradio,16,0.0001,1,32,1,0.1,lr1e-04_bs16_modL1_fusion32_fusionL1_drop0p1_trmiss50_trlocradio,27,0.4273986518383026,0.756613035996755,0.37715517241379315,0.5558398514817677,0.4444444444444444,0.0,0.0,0.0,0.0,0.0,0.0,0.0,0.0,0.0,2002,radio,0.5
4,4,lr1e-04_bs16_modL1_fusion32_fusionL1_drop0p1_trmiss50_trlocradio,16,0.0001,1,32,1,0.1,lr1e-04_bs16_modL1_fusion32_fusionL1_drop0p1_trmiss50_trlocradio,28,0.43529824912548065,0.7607058684031168,0.36853448275862066,0.5523031959352112,0.4444444444444444,0.0,0.0,0.0,0.0,0.0,0.0,0.0,0.0,0.0,2002,radio,0.5
4,4,lr1e-04_bs16_modL1_fusion32_fusionL1_drop0p1_trmiss50_trlocradio,16,0.0001,1,32,1,0.1,lr1e-04_bs16_modL1_fusion32_fusionL1_drop0p1_trmiss50_trlocradio,29,0.439895232518514,0.7462765773137411,0.37284482758620685,0.5541750571333757,0.5111111111111111,0.0,0.0,0.0,0.0,0.0,0.0,0.0,0.0,0.0,2002,radio,0.5
4,4,lr1e-04_bs16_modL1_fusion32_fusionL1_drop0p1_trmiss50_trlocradio,16,0.0001,1,32,1,0.1,lr1e-04_bs16_modL1_fusion32_fusionL1_drop0p1_trmiss50_trlocradio,30,0.4257010668516159,0.7488677302996317,0.3599137931034483,0.5498748003132288,0.4888888888888889,0.0,0.0,0.0,0.0,0.0,0.0,0.0,0.0,0.0,2002,radio,0.5
4,4,lr1e-04_bs16_modL1_fusion32_fusionL1_drop0p1_trmiss50_trlocradio,16,0.0001,1,32,1,0.1,lr1e-04_bs16_modL1_fusion32_fusionL1_drop0p1_trmiss50_trlocradio,31,0.44037434210379917,0.7466934124628702,0.35775862068965514,0.5522699511224672,0.4888888888888889,0.0,0.0,0.0,0.0,0.0,0.0,0.0,0.0,0.0,2002,radio,0.5
4,4,lr1e-04_bs16_modL1_fusion32_fusionL1_drop0p1_trmiss50_trlocradio,16,0.0001,1,32,1,0.1,lr1e-04_bs16_modL1_fusion32_fusionL1_drop0p1_trmiss50_trlocradio,32,0.42825455715258914,0.7538026372591654,0.33836206896551724,0.5397096154625174,0.4888888888888889,0.0,0.0,0.0,0.0,0.0,0.0,0.0,0.0,0.0,2002,radio,0.5
4,4,lr1e-04_bs16_modL1_fusion32_fusionL1_drop0p1_trmiss50_trlocradio,16,0.0001,1,32,1,0.1,lr1e-04_bs16_modL1_fusion32_fusionL1_drop0p1_trmiss50_trlocradio,33,0.42733073234558105,0.7555316289265951,0.35344827586206895,0.5483795929738603,0.4888888888888889,0.0,0.0,0.0,0.0,0.0,0.0,0.0,0.0,0.0,2002,radio,0.5
4,4,lr1e-04_bs16_modL1_fusion32_fusionL1_drop0p1_trmiss50_trlocradio,16,0.0001,1,32,1,0.1,lr1e-04_bs16_modL1_fusion32_fusionL1_drop0p1_trmiss50_trlocradio,34,0.42318295935789746,0.7579686443010966,0.3599137931034483,0.549270812570053,0.4444444444444444,0.0,0.0,0.0,0.0,0.0,0.0,0.0,0.0,0.0,2002,radio,0.5
4,4,lr1e-04_bs16_modL1_fusion32_fusionL1_drop0p1_trmiss50_trlocradio,16,0.0001,1,32,1,0.1,lr1e-04_bs16_modL1_fusion32_fusionL1_drop0p1_trmiss50_trlocradio,35,0.43423617134491604,0.7423846324284872,0.375,0.5579554844151907,0.5333333333333333,0.0,0.0,0.0,0.0,0.0,0.0,0.0,0.0,0.0,2002,radio,0.5
4,4,lr1e-04_bs16_modL1_fusion32_fusionL1_drop0p1_trmiss50_trlocradio,16,0.0001,1,32,1,0.1,lr1e-04_bs16_modL1_fusion32_fusionL1_drop0p1_trmiss50_trlocradio,36,0.41655655205249786,0.74977707862854,0.3642241379310345,0.5532036646348685,0.4888888888888889,0.0,0.0,0.0,0.0,0.0,0.0,0.0,0.0,0.0,2002,radio,0.5
4,4,lr1e-04_bs16_modL1_fusion32_fusionL1_drop0p1_trmiss50_trlocradio,16,0.0001,1,32,1,0.1,lr1e-04_bs16_modL1_fusion32_fusionL1_drop0p1_trmiss50_trlocradio,37,0.40861857930819195,0.7617836793263754,0.3448275862068966,0.5426679436134715,0.4666666666666667,0.0,0.0,0.0,0.0,0.0,0.0,0.0,0.0,0.0,2002,radio,0.5
4,4,lr1e-04_bs16_modL1_fusion32_fusionL1_drop0p1_trmiss50_trlocradio,16,0.0001,1,32,1,0.1,lr1e-04_bs16_modL1_fusion32_fusionL1_drop0p1_trmiss50_trlocradio,38,0.43972618877887726,0.763363262017568,0.34698275862068967,0.5436445344480746,0.4444444444444444,0.0,0.0,0.0,0.0,0.0,0.0,0.0,0.0,0.0,2002,radio,0.5
4,4,lr1e-04_bs16_modL1_fusion32_fusionL1_drop0p1_trmiss50_trlocradio,16,0.0001,1,32,1,0.1,lr1e-04_bs16_modL1_fusion32_fusionL1_drop0p1_trmiss50_trlocradio,39,0.4205440729856491,0.7603936195373535,0.34913793103448276,0.5459121039690152,0.4666666666666667,0.0,0.0,0.0,0.0,0.0,0.0,0.0,0.0,0.0,2002,radio,0.5
4,4,lr1e-04_bs16_modL1_fusion32_fusionL1_drop0p1_trmiss50_trlocradio,16,0.0001,1,32,1,0.1,lr1e-04_bs16_modL1_fusion32_fusionL1_drop0p1_trmiss50_trlocradio,40,0.4396491100390752,0.771513303120931,0.3577586206896552,0.5478998856722801,0.4222222222222222,0.0,0.0,0.0,0.0,0.0,0.0,0.0,0.0,0.0,2002,radio,0.5
4,4,lr1e-04_bs16_modL1_fusion32_fusionL1_drop0p1_trmiss50_trlocradio,16,0.0001,1,32,1,0.1,lr1e-04_bs16_modL1_fusion32_fusionL1_drop0p1_trmiss50_trlocradio,41,0.42641280094782513,0.7584902842839559,0.35344827586206895,0.5456669755539744,0.4444444444444444,0.0,0.0,0.0,0.0,0.0,0.0,0.0,0.0,0.0,2002,radio,0.5
4,4,lr1e-04_bs16_modL1_fusion32_fusionL1_drop0p1_trmiss50_trlocradio,16,0.0001,1,32,1,0.1,lr1e-04_bs16_modL1_fusion32_fusionL1_drop0p1_trmiss50_trlocradio,42,0.4229347805182139,0.7575945655504862,0.35344827586206895,0.5465493713592174,0.4666666666666667,0.0,0.0,0.0,0.0,0.0,0.0,0.0,0.0,0.0,2002,radio,0.5
4,4,lr1e-04_bs16_modL1_fusion32_fusionL1_drop0p1_trmiss50_trlocradio,16,0.0001,1,32,1,0.1,lr1e-04_bs16_modL1_fusion32_fusionL1_drop0p1_trmiss50_trlocradio,43,0.40800819794336957,0.750424861907959,0.3706896551724138,0.5538422366749289,0.4888888888888889,0.0,0.0,0.0,0.0,0.0,0.0,0.0,0.0,0.0,2002,radio,0.5
4,4,lr1e-04_bs16_modL1_fusion32_fusionL1_drop0p1_trmiss50_trlocradio,16,0.0001,1,32,1,0.1,lr1e-04_bs16_modL1_fusion32_fusionL1_drop0p1_trmiss50_trlocradio,44,0.4331885998447736,0.7438144087791443,0.3685344827586207,0.5768766213130011,0.5555555555555556,0.0,0.0,0.0,0.0,0.0,0.0,0.0,0.0,0.0,2002,radio,0.5
4,4,lr1e-04_bs16_modL1_fusion32_fusionL1_drop0p1_trmiss50_trlocradio,16,0.0001,1,32,1,0.1,lr1e-04_bs16_modL1_fusion32_fusionL1_drop0p1_trmiss50_trlocradio,45,0.43446895728508633,0.7643182675043741,0.3599137931034483,0.5507332215684962,0.4444444444444444,0.0,0.0,0.0,0.0,0.0,0.0,0.0,0.0,0.0,2002,radio,0.5
4,4,lr1e-04_bs16_modL1_fusion32_fusionL1_drop0p1_trmiss50_trlocradio,16,0.0001,1,32,1,0.1,lr1e-04_bs16_modL1_fusion32_fusionL1_drop0p1_trmiss50_trlocradio,46,0.42172275731960934,0.7543052434921265,0.36853448275862066,0.5554494323603963,0.4666666666666667,0.0,0.0,0.0,0.0,0.0,0.0,0.0,0.0,0.0,2002,radio,0.5
4,4,lr1e-04_bs16_modL1_fusion64_fusionL1_drop0p2_trmiss50_trlocradio,16,0.0001,1,64,1,0.2,lr1e-04_bs16_modL1_fusion64_fusionL1_drop0p2_trmiss50_trlocradio,1,0.7055529405673345,0.6927488048871359,0.4396551724137931,0.6191111206791909,0.5333333333333333,0.0,0.0,0.0,0.0,0.0,0.0,0.0,0.0,0.0,2002,radio,0.5
4,4,lr1e-04_bs16_modL1_fusion64_fusionL1_drop0p2_trmiss50_trlocradio,16,0.0001,1,64,1,0.2,lr1e-04_bs16_modL1_fusion64_fusionL1_drop0p2_trmiss50_trlocradio,2,0.6307423810164133,0.6863559683163961,0.4676724137931035,0.6328008356930829,0.6666666666666666,0.0,0.0,0.0,0.0,0.0,0.0,0.0,0.0,0.0,2002,radio,0.5
4,4,lr1e-04_bs16_modL1_fusion64_fusionL1_drop0p2_trmiss50_trlocradio,16,0.0001,1,64,1,0.2,lr1e-04_bs16_modL1_fusion64_fusionL1_drop0p2_trmiss50_trlocradio,3,0.6087712446848551,0.6917822559674581,0.46336206896551724,0.6360253775634142,0.6666666666666666,0.0,0.0,0.0,0.0,0.0,0.0,0.0,0.0,0.0,2002,radio,0.5
4,4,lr1e-04_bs16_modL1_fusion64_fusionL1_drop0p2_trmiss50_trlocradio,16,0.0001,1,64,1,0.2,lr1e-04_bs16_modL1_fusion64_fusionL1_drop0p2_trmiss50_trlocradio,4,0.6160259147485098,0.6952926715215048,0.4396551724137931,0.6206882918409328,0.6666666666666666,0.0,0.0,0.0,0.0,0.0,0.0,0.0,0.0,0.0,2002,radio,0.5
4,4,lr1e-04_bs16_modL1_fusion64_fusionL1_drop0p2_trmiss50_trlocradio,16,0.0001,1,64,1,0.2,lr1e-04_bs16_modL1_fusion64_fusionL1_drop0p2_trmiss50_trlocradio,5,0.5777271936337153,0.6937222878138224,0.45905172413793105,0.6346166032657746,0.6444444444444445,0.0,0.0,0.0,0.0,0.0,0.0,0.0,0.0,0.0,2002,radio,0.5
4,4,lr1e-04_bs16_modL1_fusion64_fusionL1_drop0p2_trmiss50_trlocradio,16,0.0001,1,64,1,0.2,lr1e-04_bs16_modL1_fusion64_fusionL1_drop0p2_trmiss50_trlocradio,6,0.5558598885933558,0.6886969208717346,0.45689655172413796,0.6339063716594275,0.6444444444444445,0.0,0.0,0.0,0.0,0.0,0.0,0.0,0.0,0.0,2002,radio,0.5
4,4,lr1e-04_bs16_modL1_fusion64_fusionL1_drop0p2_trmiss50_trlocradio,16,0.0001,1,64,1,0.2,lr1e-04_bs16_modL1_fusion64_fusionL1_drop0p2_trmiss50_trlocradio,7,0.5603865186373392,0.7002262671788534,0.45689655172413796,0.6341405061805712,0.6222222222222222,0.0,0.0,0.0,0.0,0.0,0.0,0.0,0.0,0.0,2002,radio,0.5
4,4,lr1e-04_bs16_modL1_fusion64_fusionL1_drop0p2_trmiss50_trlocradio,16,0.0001,1,64,1,0.2,lr1e-04_bs16_modL1_fusion64_fusionL1_drop0p2_trmiss50_trlocradio,8,0.5370676120122274,0.706933319568634,0.4245689655172414,0.6146395325253858,0.6444444444444445,0.0,0.0,0.0,0.0,0.0,0.0,0.0,0.0,0.0,2002,radio,0.5
4,4,lr1e-04_bs16_modL1_fusion64_fusionL1_drop0p2_trmiss50_trlocradio,16,0.0001,1,64,1,0.2,lr1e-04_bs16_modL1_fusion64_fusionL1_drop0p2_trmiss50_trlocradio,9,0.49283190816640854,0.7023927370707194,0.4482758620689655,0.6029931355192285,0.6,0.0,0.0,0.0,0.0,0.0,0.0,0.0,0.0,0.0,2002,radio,0.5
4,4,lr1e-04_bs16_modL1_fusion64_fusionL1_drop0p2_trmiss50_trlocradio,16,0.0001,1,64,1,0.2,lr1e-04_bs16_modL1_fusion64_fusionL1_drop0p2_trmiss50_trlocradio,10,0.5324921434124311,0.701346735159556,0.4461206896551724,0.6366452195803571,0.5777777777777777,0.0,0.0,0.0,0.0,0.0,0.0,0.0,0.0,0.0,2002,radio,0.5
4,4,lr1e-04_bs16_modL1_fusion64_fusionL1_drop0p2_trmiss50_trlocradio,16,0.0001,1,64,1,0.2,lr1e-04_bs16_modL1_fusion64_fusionL1_drop0p2_trmiss50_trlocradio,11,0.49903633693854016,0.7031219204266866,0.4267241379310345,0.6196499204819207,0.6222222222222222,0.0,0.0,0.0,0.0,0.0,0.0,0.0,0.0,0.0,2002,radio,0.5
4,4,lr1e-04_bs16_modL1_fusion64_fusionL1_drop0p2_trmiss50_trlocradio,16,0.0001,1,64,1,0.2,lr1e-04_bs16_modL1_fusion64_fusionL1_drop0p2_trmiss50_trlocradio,12,0.49331119656562805,0.708425243695577,0.4267241379310345,0.6055908221782841,0.6,0.0,0.0,0.0,0.0,0.0,0.0,0.0,0.0,0.0,2002,radio,0.5
4,4,lr1e-04_bs16_modL1_fusion64_fusionL1_drop0p2_trmiss50_trlocradio,16,0.0001,1,64,1,0.2,lr1e-04_bs16_modL1_fusion64_fusionL1_drop0p2_trmiss50_trlocradio,13,0.49431292961041134,0.7257801294326782,0.415948275862069,0.600561169034598,0.5777777777777777,0.0,0.0,0.0,0.0,0.0,0.0,0.0,0.0,0.0,2002,radio,0.5
4,4,lr1e-04_bs16_modL1_fusion64_fusionL1_drop0p2_trmiss50_trlocradio,16,0.0001,1,64,1,0.2,lr1e-04_bs16_modL1_fusion64_fusionL1_drop0p2_trmiss50_trlocradio,14,0.4880731850862503,0.7197360992431641,0.41163793103448276,0.6090654766137584,0.5777777777777777,0.0,0.0,0.0,0.0,0.0,0.0,0.0,0.0,0.0,2002,radio,0.5
4,4,lr1e-04_bs16_modL1_fusion64_fusionL1_drop0p2_trmiss50_trlocradio,16,0.0001,1,64,1,0.2,lr1e-04_bs16_modL1_fusion64_fusionL1_drop0p2_trmiss50_trlocradio,15,0.46773414065440494,0.7221913536389669,0.41594827586206895,0.611688854167852,0.5333333333333333,0.0,0.0,0.0,0.0,0.0,0.0,0.0,0.0,0.0,2002,radio,0.5
4,4,lr1e-04_bs16_modL1_fusion64_fusionL1_drop0p2_trmiss50_trlocradio,16,0.0001,1,64,1,0.2,lr1e-04_bs16_modL1_fusion64_fusionL1_drop0p2_trmiss50_trlocradio,16,0.5129614646236101,0.7197086016337076,0.4137931034482759,0.6000867382129376,0.6,0.0,0.0,0.0,0.0,0.0,0.0,0.0,0.0,0.0,2002,radio,0.5
4,4,lr1e-04_bs16_modL1_fusion64_fusionL1_drop0p2_trmiss50_trlocradio,16,0.0001,1,64,1,0.2,lr1e-04_bs16_modL1_fusion64_fusionL1_drop0p2_trmiss50_trlocradio,17,0.4735500092307727,0.7266553441683451,0.4073275862068965,0.5973106762858784,0.6,0.0,0.0,0.0,0.0,0.0,0.0,0.0,0.0,0.0,2002,radio,0.5
4,4,lr1e-04_bs16_modL1_fusion64_fusionL1_drop0p2_trmiss50_trlocradio,16,0.0001,1,64,1,0.2,lr1e-04_bs16_modL1_fusion64_fusionL1_drop0p2_trmiss50_trlocradio,18,0.465253251294295,0.7219460407892863,0.4181034482758621,0.6140127938000652,0.5111111111111111,0.0,0.0,0.0,0.0,0.0,0.0,0.0,0.0,0.0,2002,radio,0.5
4,4,lr1e-04_bs16_modL1_fusion64_fusionL1_drop0p2_trmiss50_trlocradio,16,0.0001,1,64,1,0.2,lr1e-04_bs16_modL1_fusion64_fusionL1_drop0p2_trmiss50_trlocradio,19,0.4519212519129117,0.7244362036387125,0.4030172413793104,0.5964246878571223,0.6,0.0,0.0,0.0,0.0,0.0,0.0,0.0,0.0,0.0,2002,radio,0.5
4,4,lr1e-04_bs16_modL1_fusion64_fusionL1_drop0p2_trmiss50_trlocradio,16,0.0001,1,64,1,0.2,lr1e-04_bs16_modL1_fusion64_fusionL1_drop0p2_trmiss50_trlocradio,20,0.48241526385148364,0.729864219824473,0.39870689655172414,0.6047541604787909,0.5333333333333333,0.0,0.0,0.0,0.0,0.0,0.0,0.0,0.0,0.0,2002,radio,0.5
4,4,lr1e-04_bs16_modL1_fusion64_fusionL1_drop0p2_trmiss50_trlocradio,16,0.0001,1,64,1,0.2,lr1e-04_bs16_modL1_fusion64_fusionL1_drop0p2_trmiss50_trlocradio,21,0.4747590571641922,0.7216896017392477,0.40948275862068967,0.6103839331922423,0.5333333333333333,0.0,0.0,0.0,0.0,0.0,0.0,0.0,0.0,0.0,2002,radio,0.5
4,4,lr1e-04_bs16_modL1_fusion64_fusionL1_drop0p2_trmiss50_trlocradio,16,0.0001,1,64,1,0.2,lr1e-04_bs16_modL1_fusion64_fusionL1_drop0p2_trmiss50_trlocradio,22,0.4420846998691559,0.7211852073669434,0.40301724137931033,0.6065156966343348,0.6,0.0,0.0,0.0,0.0,0.0,0.0,0.0,0.0,0.0,2002,radio,0.5
4,4,lr1e-04_bs16_modL1_fusion64_fusionL1_drop0p2_trmiss50_trlocradio,16,0.0001,1,64,1,0.2,lr1e-04_bs16_modL1_fusion64_fusionL1_drop0p2_trmiss50_trlocradio,23,0.43291979283094406,0.7243031660715739,0.40948275862068967,0.608839392741102,0.5111111111111111,0.0,0.0,0.0,0.0,0.0,0.0,0.0,0.0,0.0,2002,radio,0.5
4,4,lr1e-04_bs16_modL1_fusion64_fusionL1_drop0p2_trmiss50_trlocradio,16,0.0001,1,64,1,0.2,lr1e-04_bs16_modL1_fusion64_fusionL1_drop0p2_trmiss50_trlocradio,24,0.4660910094777743,0.7237383127212524,0.4073275862068966,0.6077413075232345,0.5111111111111111,0.0,0.0,0.0,0.0,0.0,0.0,0.0,0.0,0.0,2002,radio,0.5
4,4,lr1e-04_bs16_modL1_fusion64_fusionL1_drop0p2_trmiss50_trlocradio,16,0.0001,1,64,1,0.2,lr1e-04_bs16_modL1_fusion64_fusionL1_drop0p2_trmiss50_trlocradio,25,0.42527591188748676,0.7287025451660156,0.39870689655172414,0.593431299908958,0.5333333333333333,0.0,0.0,0.0,0.0,0.0,0.0,0.0,0.0,0.0,2002,radio,0.5
4,4,lr1e-04_bs16_modL1_fusion64_fusionL1_drop0p1_trmiss50_trlocradio,16,0.0001,1,64,1,0.1,lr1e-04_bs16_modL1_fusion64_fusionL1_drop0p1_trmiss50_trlocradio,1,0.7104804168144861,0.7217559019724528,0.42025862068965514,0.6200094024498334,0.4666666666666667,0.0,0.0,0.0,0.0,0.0,0.0,0.0,0.0,0.0,2002,radio,0.5
4,4,lr1e-04_bs16_modL1_fusion64_fusionL1_drop0p1_trmiss50_trlocradio,16,0.0001,1,64,1,0.1,lr1e-04_bs16_modL1_fusion64_fusionL1_drop0p1_trmiss50_trlocradio,2,0.6537157744169235,0.7342891494433085,0.4202586206896552,0.6167022204925638,0.4666666666666667,0.0,0.0,0.0,0.0,0.0,0.0,0.0,0.0,0.0,2002,radio,0.5
4,4,lr1e-04_bs16_modL1_fusion64_fusionL1_drop0p1_trmiss50_trlocradio,16,0.0001,1,64,1,0.1,lr1e-04_bs16_modL1_fusion64_fusionL1_drop0p1_trmiss50_trlocradio,3,0.6367317040761312,0.7470109860102335,0.38793103448275856,0.5876845249212926,0.4444444444444444,0.0,0.0,0.0,0.0,0.0,0.0,0.0,0.0,0.0,2002,radio,0.5
4,4,lr1e-04_bs16_modL1_fusion64_fusionL1_drop0p1_trmiss50_trlocradio,16,0.0001,1,64,1,0.1,lr1e-04_bs16_modL1_fusion64_fusionL1_drop0p1_trmiss50_trlocradio,4,0.6071208566427231,0.7457769513130188,0.3900862068965517,0.5960718497366451,0.4888888888888889,0.0,0.0,0.0,0.0,0.0,0.0,0.0,0.0,0.0,2002,radio,0.5
4,4,lr1e-04_bs16_modL1_fusion64_fusionL1_drop0p1_trmiss50_trlocradio,16,0.0001,1,64,1,0.1,lr1e-04_bs16_modL1_fusion64_fusionL1_drop0p1_trmiss50_trlocradio,5,0.6172540783882141,0.7422370711962382,0.3793103448275862,0.6031967135355532,0.4444444444444444,0.0,0.0,0.0,0.0,0.0,0.0,0.0,0.0,0.0,2002,radio,0.5
4,4,lr1e-04_bs16_modL1_fusion64_fusionL1_drop0p1_trmiss50_trlocradio,16,0.0001,1,64,1,0.1,lr1e-04_bs16_modL1_fusion64_fusionL1_drop0p1_trmiss50_trlocradio,6,0.5927142749230067,0.7484569350878397,0.4245689655172414,0.6099233945322623,0.4888888888888889,0.0,0.0,0.0,0.0,0.0,0.0,0.0,0.0,0.0,2002,radio,0.5
4,4,lr1e-04_bs16_modL1_fusion64_fusionL1_drop0p1_trmiss50_trlocradio,16,0.0001,1,64,1,0.1,lr1e-04_bs16_modL1_fusion64_fusionL1_drop0p1_trmiss50_trlocradio,7,0.5838245352109274,0.7445466915766398,0.4245689655172413,0.6168708623170582,0.4888888888888889,0.0,0.0,0.0,0.0,0.0,0.0,0.0,0.0,0.0,2002,radio,0.5
4,4,lr1e-04_bs16_modL1_fusion64_fusionL1_drop0p1_trmiss50_trlocradio,16,0.0001,1,64,1,0.1,lr1e-04_bs16_modL1_fusion64_fusionL1_drop0p1_trmiss50_trlocradio,8,0.5520640984177589,0.7330869833628336,0.4331896551724138,0.6222665689734009,0.5111111111111111,0.0,0.0,0.0,0.0,0.0,0.0,0.0,0.0,0.0,2002,radio,0.5
4,4,lr1e-04_bs16_modL1_fusion64_fusionL1_drop0p1_trmiss50_trlocradio,16,0.0001,1,64,1,0.1,lr1e-04_bs16_modL1_fusion64_fusionL1_drop0p1_trmiss50_trlocradio,9,0.5408236409227053,0.7350041071573893,0.4030172413793104,0.6027852952608899,0.4666666666666667,0.0,0.0,0.0,0.0,0.0,0.0,0.0,0.0,0.0,2002,radio,0.5
4,4,lr1e-04_bs16_modL1_fusion64_fusionL1_drop0p1_trmiss50_trlocradio,16,0.0001,1,64,1,0.1,lr1e-04_bs16_modL1_fusion64_fusionL1_drop0p1_trmiss50_trlocradio,10,0.5264453068375587,0.7323573430379232,0.43534482758620685,0.6197511282051696,0.4888888888888889,0.0,0.0,0.0,0.0,0.0,0.0,0.0,0.0,0.0,2002,radio,0.5
4,4,lr1e-04_bs16_modL1_fusion64_fusionL1_drop0p1_trmiss50_trlocradio,16,0.0001,1,64,1,0.1,lr1e-04_bs16_modL1_fusion64_fusionL1_drop0p1_trmiss50_trlocradio,11,0.5217834189534187,0.746529757976532,0.39870689655172414,0.5928417595023281,0.4444444444444444,0.0,0.0,0.0,0.0,0.0,0.0,0.0,0.0,0.0,2002,radio,0.5
4,4,lr1e-04_bs16_modL1_fusion64_fusionL1_drop0p1_trmiss50_trlocradio,16,0.0001,1,64,1,0.1,lr1e-04_bs16_modL1_fusion64_fusionL1_drop0p1_trmiss50_trlocradio,12,0.5269526739915212,0.7463891903559366,0.37715517241379315,0.5893544984505952,0.4666666666666667,0.0,0.0,0.0,0.0,0.0,0.0,0.0,0.0,0.0,2002,radio,0.5
4,4,lr1e-04_bs16_modL1_fusion64_fusionL1_drop0p1_trmiss50_trlocradio,16,0.0001,1,64,1,0.1,lr1e-04_bs16_modL1_fusion64_fusionL1_drop0p1_trmiss50_trlocradio,13,0.5144324551026026,0.7530703147252401,0.34913793103448276,0.5735479696845902,0.4222222222222222,0.0,0.0,0.0,0.0,0.0,0.0,0.0,0.0,0.0,2002,radio,0.5
4,4,lr1e-04_bs16_modL1_fusion64_fusionL1_drop0p1_trmiss50_trlocradio,16,0.0001,1,64,1,0.1,lr1e-04_bs16_modL1_fusion64_fusionL1_drop0p1_trmiss50_trlocradio,14,0.4946090305844943,0.7592162092526754,0.3577586206896552,0.5676198516000727,0.4222222222222222,0.0,0.0,0.0,0.0,0.0,0.0,0.0,0.0,0.0,2002,radio,0.5
4,4,lr1e-04_bs16_modL1_fusion64_fusionL1_drop0p1_trmiss50_trlocradio,16,0.0001,1,64,1,0.1,lr1e-04_bs16_modL1_fusion64_fusionL1_drop0p1_trmiss50_trlocradio,15,0.5001368423302969,0.7473332484563192,0.37715517241379315,0.5741282653998183,0.4444444444444444,0.0,0.0,0.0,0.0,0.0,0.0,0.0,0.0,0.0,2002,radio,0.5
4,4,lr1e-04_bs16_modL1_fusion64_fusionL1_drop0p1_trmiss50_trlocradio,16,0.0001,1,64,1,0.1,lr1e-04_bs16_modL1_fusion64_fusionL1_drop0p1_trmiss50_trlocradio,16,0.501492957274119,0.7468215425809225,0.35775862068965514,0.5614677442041758,0.4444444444444444,0.0,0.0,0.0,0.0,0.0,0.0,0.0,0.0,0.0,2002,radio,0.5
4,4,lr1e-04_bs16_modL1_fusion64_fusionL1_drop0p1_trmiss50_trlocradio,16,0.0001,1,64,1,0.1,lr1e-04_bs16_modL1_fusion64_fusionL1_drop0p1_trmiss50_trlocradio,17,0.4996840680638949,0.7450825174649557,0.3879310344827586,0.5857890085962492,0.4222222222222222,0.0,0.0,0.0,0.0,0.0,0.0,0.0,0.0,0.0,2002,radio,0.5
4,4,lr1e-04_bs16_modL1_fusion64_fusionL1_drop0p1_trmiss50_trlocradio,16,0.0001,1,64,1,0.1,lr1e-04_bs16_modL1_fusion64_fusionL1_drop0p1_trmiss50_trlocradio,18,0.4915333464741707,0.7531272172927856,0.3900862068965517,0.5845640265183856,0.4,0.0,0.0,0.0,0.0,0.0,0.0,0.0,0.0,0.0,2002,radio,0.5
4,4,lr1e-04_bs16_modL1_fusion64_fusionL1_drop0p1_trmiss50_trlocradio,16,0.0001,1,64,1,0.1,lr1e-04_bs16_modL1_fusion64_fusionL1_drop0p1_trmiss50_trlocradio,19,0.49402489761511487,0.7512835661570231,0.40301724137931033,0.5828471827662954,0.4,0.0,0.0,0.0,0.0,0.0,0.0,0.0,0.0,0.0,2002,radio,0.5
4,4,lr1e-04_bs16_modL1_fusion64_fusionL1_drop0p1_trmiss50_trlocradio,16,0.0001,1,64,1,0.1,lr1e-04_bs16_modL1_fusion64_fusionL1_drop0p1_trmiss50_trlocradio,20,0.4923247794310252,0.7428936163584391,0.4030172413793104,0.5816700062805338,0.4888888888888889,0.0,0.0,0.0,0.0,0.0,0.0,0.0,0.0,0.0,2002,radio,0.5
4,4,lr1e-04_bs16_modL1_fusion64_fusionL1_drop0p1_trmiss50_trlocradio,16,0.0001,1,64,1,0.1,lr1e-04_bs16_modL1_fusion64_fusionL1_drop0p1_trmiss50_trlocradio,21,0.4693368797500928,0.7518810033798218,0.4030172413793103,0.5837894993168062,0.4222222222222222,0.0,0.0,0.0,0.0,0.0,0.0,0.0,0.0,0.0,2002,radio,0.5
4,4,lr1e-04_bs16_modL1_fusion64_fusionL1_drop0p1_trmiss50_trlocradio,16,0.0001,1,64,1,0.1,lr1e-04_bs16_modL1_fusion64_fusionL1_drop0p1_trmiss50_trlocradio,22,0.47279411057631177,0.7430506348609924,0.4224137931034483,0.593966126874629,0.4222222222222222,0.0,0.0,0.0,0.0,0.0,0.0,0.0,0.0,0.0,2002,radio,0.5
4,4,lr1e-04_bs16_modL1_fusion64_fusionL1_drop0p1_trmiss50_trlocradio,16,0.0001,1,64,1,0.1,lr1e-04_bs16_modL1_fusion64_fusionL1_drop0p1_trmiss50_trlocradio,23,0.47832054396470386,0.7404869000116984,0.41594827586206895,0.5890508073827082,0.4444444444444444,0.0,0.0,0.0,0.0,0.0,0.0,0.0,0.0,0.0,2002,radio,0.5
4,4,lr1e-04_bs16_modL1_fusion64_fusionL1_drop0p1_trmiss50_trlocradio,16,0.0001,1,64,1,0.1,lr1e-04_bs16_modL1_fusion64_fusionL1_drop0p1_trmiss50_trlocradio,24,0.47528192152579624,0.7487434347470602,0.40948275862068967,0.5842195294425184,0.4222222222222222,0.0,0.0,0.0,0.0,0.0,0.0,0.0,0.0,0.0,2002,radio,0.5
4,4,lr1e-04_bs16_modL1_fusion64_fusionL1_drop0p1_trmiss50_trlocradio,16,0.0001,1,64,1,0.1,lr1e-04_bs16_modL1_fusion64_fusionL1_drop0p1_trmiss50_trlocradio,25,0.4680393139521281,0.7467315395673116,0.4051724137931034,0.5836713761483467,0.4222222222222222,0.0,0.0,0.0,0.0,0.0,0.0,0.0,0.0,0.0,2002,radio,0.5
4,4,lr1e-04_bs16_modL1_fusion64_fusionL1_drop0p1_trmiss50_trlocradio,16,0.0001,1,64,1,0.1,lr1e-04_bs16_modL1_fusion64_fusionL1_drop0p1_trmiss50_trlocradio,26,0.45508530487616855,0.7417614261309305,0.4073275862068965,0.5869169772344932,0.4444444444444444,0.0,0.0,0.0,0.0,0.0,0.0,0.0,0.0,0.0,2002,radio,0.5
4,4,lr1e-04_bs16_modL1_fusion64_fusionL1_drop0p1_trmiss50_trlocradio,16,0.0001,1,64,1,0.1,lr1e-04_bs16_modL1_fusion64_fusionL1_drop0p1_trmiss50_trlocradio,27,0.4677570586403211,0.7525984048843384,0.4073275862068966,0.5840184459827125,0.4,0.0,0.0,0.0,0.0,0.0,0.0,0.0,0.0,0.0,2002,radio,0.5
4,4,lr1e-04_bs16_modL1_fusion64_fusionL1_drop0p1_trmiss50_trlocradio,16,0.0001,1,64,1,0.1,lr1e-04_bs16_modL1_fusion64_fusionL1_drop0p1_trmiss50_trlocradio,28,0.4681256910165151,0.7476498484611511,0.38146551724137934,0.5758342585957387,0.4,0.0,0.0,0.0,0.0,0.0,0.0,0.0,0.0,0.0,2002,radio,0.5
4,4,lr1e-04_bs16_modL1_fusion64_fusionL1_drop0p1_trmiss50_trlocradio,16,0.0001,1,64,1,0.1,lr1e-04_bs16_modL1_fusion64_fusionL1_drop0p1_trmiss50_trlocradio,29,0.4735362206896146,0.742192804813385,0.40301724137931033,0.5855778593707703,0.4666666666666667,0.0,0.0,0.0,0.0,0.0,0.0,0.0,0.0,0.0,2002,radio,0.5
4,4,lr1e-04_bs16_modL1_fusion64_fusionL1_drop0p1_trmiss50_trlocradio,16,0.0001,1,64,1,0.1,lr1e-04_bs16_modL1_fusion64_fusionL1_drop0p1_trmiss50_trlocradio,30,0.4593236471215884,0.7536322871843973,0.3879310344827586,0.5755864827698403,0.4444444444444444,0.0,0.0,0.0,0.0,0.0,0.0,0.0,0.0,0.0,2002,radio,0.5
4,4,lr5e-05_bs32_modL1_fusion32_fusionL1_drop0p2_trmiss50_trlocradio,32,5e-05,1,32,1,0.2,lr5e-05_bs32_modL1_fusion32_fusionL1_drop0p2_trmiss50_trlocradio,1,0.7304823696613312,0.70799720287323,0.665948275862069,0.8053617531881383,0.37777777777777777,0.0,0.0,0.0,0.0,0.0,0.0,0.0,0.0,0.0,2002,radio,0.5
4,4,lr5e-05_bs32_modL1_fusion32_fusionL1_drop0p2_trmiss50_trlocradio,32,5e-05,1,32,1,0.2,lr5e-05_bs32_modL1_fusion32_fusionL1_drop0p2_trmiss50_trlocradio,2,0.6996493438879648,0.7041645050048828,0.6573275862068966,0.780612154762774,0.4222222222222222,0.0,0.0,0.0,0.0,0.0,0.0,0.0,0.0,0.0,2002,radio,0.5
4,4,lr5e-05_bs32_modL1_fusion32_fusionL1_drop0p2_trmiss50_trlocradio,32,5e-05,1,32,1,0.2,lr5e-05_bs32_modL1_fusion32_fusionL1_drop0p2_trmiss50_trlocradio,3,0.7051310737927755,0.703772783279419,0.6379310344827587,0.7693244563794206,0.4444444444444444,0.0,0.0,0.0,0.0,0.0,0.0,0.0,0.0,0.0,2002,radio,0.5
4,4,lr5e-05_bs32_modL1_fusion32_fusionL1_drop0p2_trmiss50_trlocradio,32,5e-05,1,32,1,0.2,lr5e-05_bs32_modL1_fusion32_fusionL1_drop0p2_trmiss50_trlocradio,4,0.6720724503199259,0.7040325403213501,0.603448275862069,0.7567526685167179,0.5333333333333333,0.0,0.0,0.0,0.0,0.0,0.0,0.0,0.0,0.0,2002,radio,0.5
4,4,lr5e-05_bs32_modL1_fusion32_fusionL1_drop0p2_trmiss50_trlocradio,32,5e-05,1,32,1,0.2,lr5e-05_bs32_modL1_fusion32_fusionL1_drop0p2_trmiss50_trlocradio,5,0.6680556734402975,0.713009387254715,0.584051724137931,0.7607527893088044,0.5111111111111111,0.0,0.0,0.0,0.0,0.0,0.0,0.0,0.0,0.0,2002,radio,0.5
4,4,lr5e-05_bs32_modL1_fusion32_fusionL1_drop0p2_trmiss50_trlocradio,32,5e-05,1,32,1,0.2,lr5e-05_bs32_modL1_fusion32_fusionL1_drop0p2_trmiss50_trlocradio,6,0.6644390026728312,0.7198312282562256,0.5517241379310345,0.7388040791660715,0.4888888888888889,0.0,0.0,0.0,0.0,0.0,0.0,0.0,0.0,0.0,2002,radio,0.5
4,4,lr5e-05_bs32_modL1_fusion32_fusionL1_drop0p2_trmiss50_trlocradio,32,5e-05,1,32,1,0.2,lr5e-05_bs32_modL1_fusion32_fusionL1_drop0p2_trmiss50_trlocradio,7,0.6414374510447184,0.7214719653129578,0.5323275862068966,0.7314209284729098,0.5111111111111111,0.0,0.0,0.0,0.0,0.0,0.0,0.0,0.0,0.0,2002,radio,0.5
4,4,lr5e-05_bs32_modL1_fusion32_fusionL1_drop0p2_trmiss50_trlocradio,32,5e-05,1,32,1,0.2,lr5e-05_bs32_modL1_fusion32_fusionL1_drop0p2_trmiss50_trlocradio,8,0.6144819060961405,0.7184946238994598,0.5237068965517241,0.7363528372471759,0.4888888888888889,0.0,0.0,0.0,0.0,0.0,0.0,0.0,0.0,0.0,2002,radio,0.5
4,4,lr5e-05_bs32_modL1_fusion32_fusionL1_drop0p2_trmiss50_trlocradio,32,5e-05,1,32,1,0.2,lr5e-05_bs32_modL1_fusion32_fusionL1_drop0p2_trmiss50_trlocradio,9,0.622880349556605,0.717507392168045,0.5237068965517242,0.7340837633122992,0.4888888888888889,0.0,0.0,0.0,0.0,0.0,0.0,0.0,0.0,0.0,2002,radio,0.5
4,4,lr5e-05_bs32_modL1_fusion32_fusionL1_drop0p2_trmiss50_trlocradio,32,5e-05,1,32,1,0.2,lr5e-05_bs32_modL1_fusion32_fusionL1_drop0p2_trmiss50_trlocradio,10,0.6158031125863394,0.717852771282196,0.521551724137931,0.7335016693723584,0.4666666666666667,0.0,0.0,0.0,0.0,0.0,0.0,0.0,0.0,0.0,2002,radio,0.5
4,4,lr5e-05_bs32_modL1_fusion32_fusionL1_drop0p2_trmiss50_trlocradio,32,5e-05,1,32,1,0.2,lr5e-05_bs32_modL1_fusion32_fusionL1_drop0p2_trmiss50_trlocradio,11,0.6109374463558197,0.7203526496887207,0.5323275862068966,0.7380220725641276,0.4666666666666667,0.0,0.0,0.0,0.0,0.0,0.0,0.0,0.0,0.0,2002,radio,0.5
4,4,lr5e-05_bs32_modL1_fusion32_fusionL1_drop0p2_trmiss50_trlocradio,32,5e-05,1,32,1,0.2,lr5e-05_bs32_modL1_fusion32_fusionL1_drop0p2_trmiss50_trlocradio,12,0.5948484838008881,0.7193833589553833,0.5237068965517242,0.7362054299133929,0.4666666666666667,0.0,0.0,0.0,0.0,0.0,0.0,0.0,0.0,0.0,2002,radio,0.5
4,4,lr5e-05_bs32_modL1_fusion32_fusionL1_drop0p2_trmiss50_trlocradio,32,5e-05,1,32,1,0.2,lr5e-05_bs32_modL1_fusion32_fusionL1_drop0p2_trmiss50_trlocradio,13,0.615005205074946,0.7178938984870911,0.5301724137931034,0.7403974391681492,0.4666666666666667,0.0,0.0,0.0,0.0,0.0,0.0,0.0,0.0,0.0,2002,radio,0.5
4,4,lr5e-05_bs32_modL1_fusion32_fusionL1_drop0p2_trmiss50_trlocradio,32,5e-05,1,32,1,0.2,lr5e-05_bs32_modL1_fusion32_fusionL1_drop0p2_trmiss50_trlocradio,14,0.5930754144986471,0.7190272510051727,0.540948275862069,0.7449124403755978,0.4666666666666667,0.0,0.0,0.0,0.0,0.0,0.0,0.0,0.0,0.0,2002,radio,0.5
4,4,lr5e-05_bs32_modL1_fusion32_fusionL1_drop0p2_trmiss50_trlocradio,32,5e-05,1,32,1,0.2,lr5e-05_bs32_modL1_fusion32_fusionL1_drop0p2_trmiss50_trlocradio,15,0.5787445406119028,0.7173034250736237,0.5431034482758621,0.746526872425826,0.4666666666666667,0.0,0.0,0.0,0.0,0.0,0.0,0.0,0.0,0.0,2002,radio,0.5
4,4,lr5e-05_bs32_modL1_fusion32_fusionL1_drop0p2_trmiss50_trlocradio,32,5e-05,1,32,1,0.2,lr5e-05_bs32_modL1_fusion32_fusionL1_drop0p2_trmiss50_trlocradio,16,0.6104667683442434,0.7199961245059967,0.5517241379310345,0.751945984845533,0.5111111111111111,0.0,0.0,0.0,0.0,0.0,0.0,0.0,0.0,0.0,2002,radio,0.5
4,4,lr5e-05_bs32_modL1_fusion32_fusionL1_drop0p2_trmiss50_trlocradio,32,5e-05,1,32,1,0.2,lr5e-05_bs32_modL1_fusion32_fusionL1_drop0p2_trmiss50_trlocradio,17,0.5851143697897593,0.7188137769699097,0.5538793103448276,0.7517593898313519,0.4888888888888889,0.0,0.0,0.0,0.0,0.0,0.0,0.0,0.0,0.0,2002,radio,0.5
4,4,lr5e-05_bs32_modL1_fusion32_fusionL1_drop0p2_trmiss50_trlocradio,32,5e-05,1,32,1,0.2,lr5e-05_bs32_modL1_fusion32_fusionL1_drop0p2_trmiss50_trlocradio,18,0.5941852033138275,0.7169142663478851,0.5625,0.7548439463904106,0.5111111111111111,0.0,0.0,0.0,0.0,0.0,0.0,0.0,0.0,0.0,2002,radio,0.5
4,4,lr5e-05_bs32_modL1_fusion32_fusionL1_drop0p2_trmiss50_trlocradio,32,5e-05,1,32,1,0.2,lr5e-05_bs32_modL1_fusion32_fusionL1_drop0p2_trmiss50_trlocradio,19,0.5843325058619181,0.7167441248893738,0.560344827586207,0.7548009111083525,0.5111111111111111,0.0,0.0,0.0,0.0,0.0,0.0,0.0,0.0,0.0,2002,radio,0.5
4,4,lr5e-05_bs32_modL1_fusion32_fusionL1_drop0p2_trmiss50_trlocradio,32,5e-05,1,32,1,0.2,lr5e-05_bs32_modL1_fusion32_fusionL1_drop0p2_trmiss50_trlocradio,20,0.5962603886922201,0.7165929675102234,0.5366379310344828,0.7433236864079242,0.5111111111111111,0.0,0.0,0.0,0.0,0.0,0.0,0.0,0.0,0.0,2002,radio,0.5
4,4,lr5e-05_bs32_modL1_fusion32_fusionL1_drop0p2_trmiss50_trlocradio,32,5e-05,1,32,1,0.2,lr5e-05_bs32_modL1_fusion32_fusionL1_drop0p2_trmiss50_trlocradio,21,0.5794258515040079,0.718120664358139,0.5366379310344828,0.7447305852329522,0.5111111111111111,0.0,0.0,0.0,0.0,0.0,0.0,0.0,0.0,0.0,2002,radio,0.5
4,4,lr5e-05_bs32_modL1_fusion32_fusionL1_drop0p2_trmiss50_trlocradio,32,5e-05,1,32,1,0.2,lr5e-05_bs32_modL1_fusion32_fusionL1_drop0p2_trmiss50_trlocradio,22,0.5872370998064677,0.7167623341083527,0.5344827586206897,0.742029509984983,0.5111111111111111,0.0,0.0,0.0,0.0,0.0,0.0,0.0,0.0,0.0,2002,radio,0.5
4,4,lr5e-05_bs32_modL1_fusion32_fusionL1_drop0p2_trmiss50_trlocradio,32,5e-05,1,32,1,0.2,lr5e-05_bs32_modL1_fusion32_fusionL1_drop0p2_trmiss50_trlocradio,23,0.5636089940865835,0.7158878147602081,0.5474137931034484,0.7479370808698218,0.5111111111111111,0.0,0.0,0.0,0.0,0.0,0.0,0.0,0.0,0.0,2002,radio,0.5
4,4,lr5e-05_bs32_modL1_fusion32_fusionL1_drop0p2_trmiss50_trlocradio,32,5e-05,1,32,1,0.2,lr5e-05_bs32_modL1_fusion32_fusionL1_drop0p2_trmiss50_trlocradio,24,0.5844218631585439,0.716050386428833,0.540948275862069,0.7464497984562737,0.5111111111111111,0.0,0.0,0.0,0.0,0.0,0.0,0.0,0.0,0.0,2002,radio,0.5
4,4,lr5e-05_bs32_modL1_fusion32_fusionL1_drop0p2_trmiss50_trlocradio,32,5e-05,1,32,1,0.2,lr5e-05_bs32_modL1_fusion32_fusionL1_drop0p2_trmiss50_trlocradio,25,0.5843687554200491,0.7168344259262085,0.5366379310344828,0.7445531541298005,0.5111111111111111,0.0,0.0,0.0,0.0,0.0,0.0,0.0,0.0,0.0,2002,radio,0.5
4,4,lr5e-05_bs32_modL1_fusion32_fusionL1_drop0p1_trmiss50_trlocradio,32,5e-05,1,32,1,0.1,lr5e-05_bs32_modL1_fusion32_fusionL1_drop0p1_trmiss50_trlocradio,1,0.6781814495722452,0.6962158977985382,0.47413793103448276,0.6985136909209044,0.5333333333333333,0.0,0.0,0.0,0.0,0.0,0.0,0.0,0.0,0.0,2002,radio,0.5
4,4,lr5e-05_bs32_modL1_fusion32_fusionL1_drop0p1_trmiss50_trlocradio,32,5e-05,1,32,1,0.1,lr5e-05_bs32_modL1_fusion32_fusionL1_drop0p1_trmiss50_trlocradio,2,0.6486817200978597,0.7015664577484131,0.45258620689655177,0.6890022444662418,0.5111111111111111,0.0,0.0,0.0,0.0,0.0,0.0,0.0,0.0,0.0,2002,radio,0.5
4,4,lr5e-05_bs32_modL1_fusion32_fusionL1_drop0p1_trmiss50_trlocradio,32,5e-05,1,32,1,0.1,lr5e-05_bs32_modL1_fusion32_fusionL1_drop0p1_trmiss50_trlocradio,3,0.6318603952725729,0.7108851075172424,0.4482758620689655,0.6924201961113472,0.4666666666666667,0.0,0.0,0.0,0.0,0.0,0.0,0.0,0.0,0.0,2002,radio,0.5
4,4,lr5e-05_bs32_modL1_fusion32_fusionL1_drop0p1_trmiss50_trlocradio,32,5e-05,1,32,1,0.1,lr5e-05_bs32_modL1_fusion32_fusionL1_drop0p1_trmiss50_trlocradio,4,0.6211094260215759,0.7230041921138763,0.41379310344827586,0.6714445972823917,0.4666666666666667,0.0,0.0,0.0,0.0,0.0,0.0,0.0,0.0,0.0,2002,radio,0.5
4,4,lr5e-05_bs32_modL1_fusion32_fusionL1_drop0p1_trmiss50_trlocradio,32,5e-05,1,32,1,0.1,lr5e-05_bs32_modL1_fusion32_fusionL1_drop0p1_trmiss50_trlocradio,5,0.6094772517681122,0.7385731935501099,0.375,0.652101284128531,0.4666666666666667,0.0,0.0,0.0,0.0,0.0,0.0,0.0,0.0,0.0,2002,radio,0.5
4,4,lr5e-05_bs32_modL1_fusion32_fusionL1_drop0p1_trmiss50_trlocradio,32,5e-05,1,32,1,0.1,lr5e-05_bs32_modL1_fusion32_fusionL1_drop0p1_trmiss50_trlocradio,6,0.5886998275915781,0.7535905838012695,0.3706896551724138,0.6434639770649807,0.4888888888888889,0.0,0.0,0.0,0.0,0.0,0.0,0.0,0.0,0.0,2002,radio,0.5
4,4,lr5e-05_bs32_modL1_fusion32_fusionL1_drop0p1_trmiss50_trlocradio,32,5e-05,1,32,1,0.1,lr5e-05_bs32_modL1_fusion32_fusionL1_drop0p1_trmiss50_trlocradio,7,0.5648081401983897,0.7598378658294678,0.3706896551724138,0.6027982963499283,0.5333333333333333,0.0,0.0,0.0,0.0,0.0,0.0,0.0,0.0,0.0,2002,radio,0.5
4,4,lr5e-05_bs32_modL1_fusion32_fusionL1_drop0p1_trmiss50_trlocradio,32,5e-05,1,32,1,0.1,lr5e-05_bs32_modL1_fusion32_fusionL1_drop0p1_trmiss50_trlocradio,8,0.5615492165088654,0.7644486129283905,0.3728448275862069,0.6058031164991253,0.5333333333333333,0.0,0.0,0.0,0.0,0.0,0.0,0.0,0.0,0.0,2002,radio,0.5
4,4,lr5e-05_bs32_modL1_fusion32_fusionL1_drop0p1_trmiss50_trlocradio,32,5e-05,1,32,1,0.1,lr5e-05_bs32_modL1_fusion32_fusionL1_drop0p1_trmiss50_trlocradio,9,0.5658427675565084,0.7694036960601807,0.3663793103448276,0.6021632767886214,0.5333333333333333,0.0,0.0,0.0,0.0,0.0,0.0,0.0,0.0,0.0,2002,radio,0.5
4,4,lr5e-05_bs32_modL1_fusion32_fusionL1_drop0p1_trmiss50_trlocradio,32,5e-05,1,32,1,0.1,lr5e-05_bs32_modL1_fusion32_fusionL1_drop0p1_trmiss50_trlocradio,10,0.5385315914948782,0.7726107239723206,0.3663793103448276,0.6008883853514582,0.5333333333333333,0.0,0.0,0.0,0.0,0.0,0.0,0.0,0.0,0.0,2002,radio,0.5
4,4,lr5e-05_bs32_modL1_fusion32_fusionL1_drop0p1_trmiss50_trlocradio,32,5e-05,1,32,1,0.1,lr5e-05_bs32_modL1_fusion32_fusionL1_drop0p1_trmiss50_trlocradio,11,0.5495730837186178,0.7790914177894592,0.3577586206896552,0.598735551340656,0.5111111111111111,0.0,0.0,0.0,0.0,0.0,0.0,0.0,0.0,0.0,2002,radio,0.5
4,4,lr5e-05_bs32_modL1_fusion32_fusionL1_drop0p1_trmiss50_trlocradio,32,5e-05,1,32,1,0.1,lr5e-05_bs32_modL1_fusion32_fusionL1_drop0p1_trmiss50_trlocradio,12,0.5279935896396637,0.7809149920940399,0.3556034482758621,0.5974992306465139,0.5111111111111111,0.0,0.0,0.0,0.0,0.0,0.0,0.0,0.0,0.0,2002,radio,0.5
4,4,lr5e-05_bs32_modL1_fusion32_fusionL1_drop0p1_trmiss50_trlocradio,32,5e-05,1,32,1,0.1,lr5e-05_bs32_modL1_fusion32_fusionL1_drop0p1_trmiss50_trlocradio,13,0.5192433993021647,0.7806405425071716,0.34913793103448276,0.5950998801366598,0.5111111111111111,0.0,0.0,0.0,0.0,0.0,0.0,0.0,0.0,0.0,2002,radio,0.5
4,4,lr5e-05_bs32_modL1_fusion32_fusionL1_drop0p1_trmiss50_trlocradio,32,5e-05,1,32,1,0.1,lr5e-05_bs32_modL1_fusion32_fusionL1_drop0p1_trmiss50_trlocradio,14,0.5344676971435547,0.7842690646648407,0.35344827586206895,0.5970613993770397,0.5111111111111111,0.0,0.0,0.0,0.0,0.0,0.0,0.0,0.0,0.0,2002,radio,0.5
4,4,lr5e-05_bs32_modL1_fusion32_fusionL1_drop0p1_trmiss50_trlocradio,32,5e-05,1,32,1,0.1,lr5e-05_bs32_modL1_fusion32_fusionL1_drop0p1_trmiss50_trlocradio,15,0.5270321369171143,0.7885626256465912,0.3577586206896552,0.6003111539879558,0.5111111111111111,0.0,0.0,0.0,0.0,0.0,0.0,0.0,0.0,0.0,2002,radio,0.5
4,4,lr5e-05_bs32_modL1_fusion32_fusionL1_drop0p1_trmiss50_trlocradio,32,5e-05,1,32,1,0.1,lr5e-05_bs32_modL1_fusion32_fusionL1_drop0p1_trmiss50_trlocradio,16,0.5410060485204061,0.7857912182807922,0.35344827586206895,0.5973987307113724,0.5111111111111111,0.0,0.0,0.0,0.0,0.0,0.0,0.0,0.0,0.0,2002,radio,0.5
4,4,lr5e-05_bs32_modL1_fusion32_fusionL1_drop0p1_trmiss50_trlocradio,32,5e-05,1,32,1,0.1,lr5e-05_bs32_modL1_fusion32_fusionL1_drop0p1_trmiss50_trlocradio,17,0.5233652094999949,0.7797630429267883,0.36637931034482757,0.6027439584170144,0.5111111111111111,0.0,0.0,0.0,0.0,0.0,0.0,0.0,0.0,0.0,2002,radio,0.5
4,4,lr5e-05_bs32_modL1_fusion32_fusionL1_drop0p1_trmiss50_trlocradio,32,5e-05,1,32,1,0.1,lr5e-05_bs32_modL1_fusion32_fusionL1_drop0p1_trmiss50_trlocradio,18,0.5211456020673116,0.7821144163608551,0.36637931034482757,0.6022424234702022,0.5111111111111111,0.0,0.0,0.0,0.0,0.0,0.0,0.0,0.0,0.0,2002,radio,0.5
4,4,lr5e-05_bs32_modL1_fusion32_fusionL1_drop0p1_trmiss50_trlocradio,32,5e-05,1,32,1,0.1,lr5e-05_bs32_modL1_fusion32_fusionL1_drop0p1_trmiss50_trlocradio,19,0.5145886739095052,0.7861188352108002,0.36853448275862066,0.6035170681525548,0.5111111111111111,0.0,0.0,0.0,0.0,0.0,0.0,0.0,0.0,0.0,2002,radio,0.5
4,4,lr5e-05_bs32_modL1_fusion32_fusionL1_drop0p1_trmiss50_trlocradio,32,5e-05,1,32,1,0.1,lr5e-05_bs32_modL1_fusion32_fusionL1_drop0p1_trmiss50_trlocradio,20,0.5104760924975077,0.7846776843070984,0.3620689655172414,0.6018843335635815,0.5111111111111111,0.0,0.0,0.0,0.0,0.0,0.0,0.0,0.0,0.0,2002,radio,0.5
4,4,lr5e-05_bs32_modL1_fusion32_fusionL1_drop0p1_trmiss50_trlocradio,32,5e-05,1,32,1,0.1,lr5e-05_bs32_modL1_fusion32_fusionL1_drop0p1_trmiss50_trlocradio,21,0.5127990990877151,0.7878301739692688,0.3706896551724138,0.6053054128695319,0.5111111111111111,0.0,0.0,0.0,0.0,0.0,0.0,0.0,0.0,0.0,2002,radio,0.5
4,4,lr5e-05_bs32_modL1_fusion32_fusionL1_drop0p1_trmiss50_trlocradio,32,5e-05,1,32,1,0.1,lr5e-05_bs32_modL1_fusion32_fusionL1_drop0p1_trmiss50_trlocradio,22,0.5162561982870102,0.7839544713497162,0.3663793103448276,0.6020923603383945,0.5111111111111111,0.0,0.0,0.0,0.0,0.0,0.0,0.0,0.0,0.0,2002,radio,0.5
4,4,lr5e-05_bs32_modL1_fusion32_fusionL1_drop0p1_trmiss50_trlocradio,32,5e-05,1,32,1,0.1,lr5e-05_bs32_modL1_fusion32_fusionL1_drop0p1_trmiss50_trlocradio,23,0.5090828090906143,0.7852231562137604,0.37715517241379315,0.6083336053927602,0.5111111111111111,0.0,0.0,0.0,0.0,0.0,0.0,0.0,0.0,0.0,2002,radio,0.5
4,4,lr5e-05_bs32_modL1_fusion32_fusionL1_drop0p1_trmiss50_trlocradio,32,5e-05,1,32,1,0.1,lr5e-05_bs32_modL1_fusion32_fusionL1_drop0p1_trmiss50_trlocradio,24,0.4996166129906972,0.786109209060669,0.3663793103448276,0.6042286725152748,0.4888888888888889,0.0,0.0,0.0,0.0,0.0,0.0,0.0,0.0,0.0,2002,radio,0.5
4,4,lr5e-05_bs32_modL1_fusion32_fusionL1_drop0p1_trmiss50_trlocradio,32,5e-05,1,32,1,0.1,lr5e-05_bs32_modL1_fusion32_fusionL1_drop0p1_trmiss50_trlocradio,25,0.508273184299469,0.785896360874176,0.3642241379310345,0.6035270145540885,0.4888888888888889,0.0,0.0,0.0,0.0,0.0,0.0,0.0,0.0,0.0,2002,radio,0.5
4,4,lr5e-05_bs32_modL1_fusion32_fusionL1_drop0p1_trmiss50_trlocradio,32,5e-05,1,32,1,0.1,lr5e-05_bs32_modL1_fusion32_fusionL1_drop0p1_trmiss50_trlocradio,26,0.5180693566799164,0.7863643169403076,0.3599137931034483,0.5999511762552867,0.5111111111111111,0.0,0.0,0.0,0.0,0.0,0.0,0.0,0.0,0.0,2002,radio,0.5
4,4,lr5e-05_bs32_modL1_fusion32_fusionL1_drop0p1_trmiss50_trlocradio,32,5e-05,1,32,1,0.1,lr5e-05_bs32_modL1_fusion32_fusionL1_drop0p1_trmiss50_trlocradio,27,0.5124684969584147,0.7859332859516144,0.3663793103448276,0.6034319042742873,0.4888888888888889,0.0,0.0,0.0,0.0,0.0,0.0,0.0,0.0,0.0,2002,radio,0.5
4,4,lr5e-05_bs32_modL1_fusion32_fusionL1_drop0p1_trmiss50_trlocradio,32,5e-05,1,32,1,0.1,lr5e-05_bs32_modL1_fusion32_fusionL1_drop0p1_trmiss50_trlocradio,28,0.5100890149672827,0.7869937717914581,0.36853448275862066,0.6043476551900384,0.5111111111111111,0.0,0.0,0.0,0.0,0.0,0.0,0.0,0.0,0.0,2002,radio,0.5
4,4,lr5e-05_bs32_modL1_fusion32_fusionL1_drop0p1_trmiss50_trlocradio,32,5e-05,1,32,1,0.1,lr5e-05_bs32_modL1_fusion32_fusionL1_drop0p1_trmiss50_trlocradio,29,0.5171676476796468,0.7865240573883057,0.3706896551724138,0.6054886288208701,0.5111111111111111,0.0,0.0,0.0,0.0,0.0,0.0,0.0,0.0,0.0,2002,radio,0.5
4,4,lr5e-05_bs32_modL1_fusion32_fusionL1_drop0p1_trmiss50_trlocradio,32,5e-05,1,32,1,0.1,lr5e-05_bs32_modL1_fusion32_fusionL1_drop0p1_trmiss50_trlocradio,30,0.5111399839321772,0.7879139482975006,0.3663793103448276,0.6031450660298328,0.4666666666666667,0.0,0.0,0.0,0.0,0.0,0.0,0.0,0.0,0.0,2002,radio,0.5
4,4,lr5e-05_bs32_modL1_fusion32_fusionL1_drop0p1_trmiss50_trlocradio,32,5e-05,1,32,1,0.1,lr5e-05_bs32_modL1_fusion32_fusionL1_drop0p1_trmiss50_trlocradio,31,0.5081864347060522,0.7877905666828156,0.35991379310344834,0.6009423842925075,0.5111111111111111,0.0,0.0,0.0,0.0,0.0,0.0,0.0,0.0,0.0,2002,radio,0.5
4,4,lr5e-05_bs32_modL1_fusion32_fusionL1_drop0p1_trmiss50_trlocradio,32,5e-05,1,32,1,0.1,lr5e-05_bs32_modL1_fusion32_fusionL1_drop0p1_trmiss50_trlocradio,32,0.518656924366951,0.7910373210906982,0.35991379310344823,0.6015758280112506,0.4888888888888889,0.0,0.0,0.0,0.0,0.0,0.0,0.0,0.0,0.0,2002,radio,0.5
4,4,lr5e-05_bs32_modL1_fusion32_fusionL1_drop0p1_trmiss50_trlocradio,32,5e-05,1,32,1,0.1,lr5e-05_bs32_modL1_fusion32_fusionL1_drop0p1_trmiss50_trlocradio,33,0.5067359209060669,0.7921963930130005,0.3620689655172414,0.6023185335815424,0.4888888888888889,0.0,0.0,0.0,0.0,0.0,0.0,0.0,0.0,0.0,2002,radio,0.5
4,4,lr5e-05_bs32_modL1_fusion32_fusionL1_drop0p1_trmiss50_trlocradio,32,5e-05,1,32,1,0.1,lr5e-05_bs32_modL1_fusion32_fusionL1_drop0p1_trmiss50_trlocradio,34,0.5020306358734766,0.7916782796382904,0.3620689655172414,0.6030574498376999,0.4888888888888889,0.0,0.0,0.0,0.0,0.0,0.0,0.0,0.0,0.0,2002,radio,0.5
4,4,lr5e-05_bs32_modL1_fusion32_fusionL1_drop0p1_trmiss50_trlocradio,32,5e-05,1,32,1,0.1,lr5e-05_bs32_modL1_fusion32_fusionL1_drop0p1_trmiss50_trlocradio,35,0.5048011392354965,0.7915278971195221,0.36206896551724144,0.6023584868669316,0.4888888888888889,0.0,0.0,0.0,0.0,0.0,0.0,0.0,0.0,0.0,2002,radio,0.5
4,4,lr5e-05_bs32_modL1_fusion32_fusionL1_drop0p1_trmiss50_trlocradio,32,5e-05,1,32,1,0.1,lr5e-05_bs32_modL1_fusion32_fusionL1_drop0p1_trmiss50_trlocradio,36,0.5047334730625153,0.787771463394165,0.3663793103448276,0.6036499260894055,0.4888888888888889,0.0,0.0,0.0,0.0,0.0,0.0,0.0,0.0,0.0,2002,radio,0.5
4,4,lr5e-05_bs32_modL1_fusion32_fusionL1_drop0p1_trmiss50_trlocradio,32,5e-05,1,32,1,0.1,lr5e-05_bs32_modL1_fusion32_fusionL1_drop0p1_trmiss50_trlocradio,37,0.5114229768514633,0.7920529246330261,0.3620689655172414,0.6027566512428906,0.4888888888888889,0.0,0.0,0.0,0.0,0.0,0.0,0.0,0.0,0.0,2002,radio,0.5
4,4,lr5e-05_bs32_modL1_fusion32_fusionL1_drop0p1_trmiss50_trlocradio,32,5e-05,1,32,1,0.1,lr5e-05_bs32_modL1_fusion32_fusionL1_drop0p1_trmiss50_trlocradio,38,0.4984906315803528,0.7883535623550415,0.3685344827586207,0.6056135077081595,0.4888888888888889,0.0,0.0,0.0,0.0,0.0,0.0,0.0,0.0,0.0,2002,radio,0.5
4,4,lr5e-05_bs32_modL1_fusion32_fusionL1_drop0p1_trmiss50_trlocradio,32,5e-05,1,32,1,0.1,lr5e-05_bs32_modL1_fusion32_fusionL1_drop0p1_trmiss50_trlocradio,39,0.5170889844497045,0.7880085110664368,0.36422413793103453,0.6029167791493619,0.4888888888888889,0.0,0.0,0.0,0.0,0.0,0.0,0.0,0.0,0.0,2002,radio,0.5
4,4,lr5e-05_bs32_modL1_fusion32_fusionL1_drop0p1_trmiss50_trlocradio,32,5e-05,1,32,1,0.1,lr5e-05_bs32_modL1_fusion32_fusionL1_drop0p1_trmiss50_trlocradio,40,0.49854576587677,0.7869732975959778,0.36853448275862066,0.6037959886674098,0.4888888888888889,0.0,0.0,0.0,0.0,0.0,0.0,0.0,0.0,0.0,2002,radio,0.5
4,4,lr5e-05_bs32_modL1_fusion32_fusionL1_drop0p1_trmiss50_trlocradio,32,5e-05,1,32,1,0.1,lr5e-05_bs32_modL1_fusion32_fusionL1_drop0p1_trmiss50_trlocradio,41,0.5133692820866903,0.7886002063751221,0.36422413793103453,0.6028980463901572,0.4888888888888889,0.0,0.0,0.0,0.0,0.0,0.0,0.0,0.0,0.0,2002,radio,0.5
4,4,lr5e-05_bs32_modL1_fusion32_fusionL1_drop0p1_trmiss50_trlocradio,32,5e-05,1,32,1,0.1,lr5e-05_bs32_modL1_fusion32_fusionL1_drop0p1_trmiss50_trlocradio,42,0.5124632517496744,0.7883872091770172,0.3577586206896552,0.5990970293938804,0.4888888888888889,0.0,0.0,0.0,0.0,0.0,0.0,0.0,0.0,0.0,2002,radio,0.5
4,4,lr5e-05_bs32_modL1_fusion32_fusionL1_drop0p1_trmiss50_trlocradio,32,5e-05,1,32,1,0.1,lr5e-05_bs32_modL1_fusion32_fusionL1_drop0p1_trmiss50_trlocradio,43,0.5024745513995489,0.7881500422954559,0.3599137931034483,0.5993030041007625,0.4888888888888889,0.0,0.0,0.0,0.0,0.0,0.0,0.0,0.0,0.0,2002,radio,0.5
4,4,lr5e-05_bs32_modL1_fusion64_fusionL1_drop0p2_trmiss50_trlocradio,32,5e-05,1,64,1,0.2,lr5e-05_bs32_modL1_fusion64_fusionL1_drop0p2_trmiss50_trlocradio,1,0.7192679146925608,0.6986895203590393,0.48922413793103453,0.621164431886599,0.5111111111111111,0.0,0.0,0.0,0.0,0.0,0.0,0.0,0.0,0.0,2002,radio,0.5
4,4,lr5e-05_bs32_modL1_fusion64_fusionL1_drop0p2_trmiss50_trlocradio,32,5e-05,1,64,1,0.2,lr5e-05_bs32_modL1_fusion64_fusionL1_drop0p2_trmiss50_trlocradio,2,0.6825068791707357,0.701814591884613,0.4935344827586207,0.6287994147231927,0.5333333333333333,0.0,0.0,0.0,0.0,0.0,0.0,0.0,0.0,0.0,2002,radio,0.5
4,4,lr5e-05_bs32_modL1_fusion64_fusionL1_drop0p2_trmiss50_trlocradio,32,5e-05,1,64,1,0.2,lr5e-05_bs32_modL1_fusion64_fusionL1_drop0p2_trmiss50_trlocradio,3,0.6713180740674337,0.710326224565506,0.49137931034482757,0.6320447968677331,0.4888888888888889,0.0,0.0,0.0,0.0,0.0,0.0,0.0,0.0,0.0,2002,radio,0.5
4,4,lr5e-05_bs32_modL1_fusion64_fusionL1_drop0p2_trmiss50_trlocradio,32,5e-05,1,64,1,0.2,lr5e-05_bs32_modL1_fusion64_fusionL1_drop0p2_trmiss50_trlocradio,4,0.6797949969768524,0.7196152210235596,0.4806034482758621,0.6275800965955208,0.4888888888888889,0.0,0.0,0.0,0.0,0.0,0.0,0.0,0.0,0.0,2002,radio,0.5
4,4,lr5e-05_bs32_modL1_fusion64_fusionL1_drop0p2_trmiss50_trlocradio,32,5e-05,1,64,1,0.2,lr5e-05_bs32_modL1_fusion64_fusionL1_drop0p2_trmiss50_trlocradio,5,0.6613270243008932,0.721595823764801,0.49568965517241387,0.6426852979076186,0.4888888888888889,0.0,0.0,0.0,0.0,0.0,0.0,0.0,0.0,0.0,2002,radio,0.5
4,4,lr5e-05_bs32_modL1_fusion64_fusionL1_drop0p2_trmiss50_trlocradio,32,5e-05,1,64,1,0.2,lr5e-05_bs32_modL1_fusion64_fusionL1_drop0p2_trmiss50_trlocradio,6,0.6481843590736389,0.7238598167896271,0.4827586206896552,0.6370435826404575,0.4888888888888889,0.0,0.0,0.0,0.0,0.0,0.0,0.0,0.0,0.0,2002,radio,0.5
4,4,lr5e-05_bs32_modL1_fusion64_fusionL1_drop0p2_trmiss50_trlocradio,32,5e-05,1,64,1,0.2,lr5e-05_bs32_modL1_fusion64_fusionL1_drop0p2_trmiss50_trlocradio,7,0.6147371232509613,0.7260735630989075,0.4762931034482759,0.6358647624493875,0.4888888888888889,0.0,0.0,0.0,0.0,0.0,0.0,0.0,0.0,0.0,2002,radio,0.5
4,4,lr5e-05_bs32_modL1_fusion64_fusionL1_drop0p2_trmiss50_trlocradio,32,5e-05,1,64,1,0.2,lr5e-05_bs32_modL1_fusion64_fusionL1_drop0p2_trmiss50_trlocradio,8,0.6292724609375,0.727514922618866,0.4849137931034483,0.6386822661506597,0.4888888888888889,0.0,0.0,0.0,0.0,0.0,0.0,0.0,0.0,0.0,2002,radio,0.5
4,4,lr5e-05_bs32_modL1_fusion64_fusionL1_drop0p2_trmiss50_trlocradio,32,5e-05,1,64,1,0.2,lr5e-05_bs32_modL1_fusion64_fusionL1_drop0p2_trmiss50_trlocradio,9,0.6201229989528656,0.7292854487895966,0.478448275862069,0.6306260610582741,0.4888888888888889,0.0,0.0,0.0,0.0,0.0,0.0,0.0,0.0,0.0,2002,radio,0.5
4,4,lr5e-05_bs32_modL1_fusion64_fusionL1_drop0p2_trmiss50_trlocradio,32,5e-05,1,64,1,0.2,lr5e-05_bs32_modL1_fusion64_fusionL1_drop0p2_trmiss50_trlocradio,10,0.6401802698771158,0.7308310270309448,0.478448275862069,0.6327876231109433,0.4666666666666667,0.0,0.0,0.0,0.0,0.0,0.0,0.0,0.0,0.0,2002,radio,0.5
4,4,lr5e-05_bs32_modL1_fusion64_fusionL1_drop0p2_trmiss50_trlocradio,32,5e-05,1,64,1,0.2,lr5e-05_bs32_modL1_fusion64_fusionL1_drop0p2_trmiss50_trlocradio,11,0.6152660350004832,0.7327894866466522,0.47413793103448276,0.6313731779748842,0.4666666666666667,0.0,0.0,0.0,0.0,0.0,0.0,0.0,0.0,0.0,2002,radio,0.5
4,4,lr5e-05_bs32_modL1_fusion64_fusionL1_drop0p2_trmiss50_trlocradio,32,5e-05,1,64,1,0.2,lr5e-05_bs32_modL1_fusion64_fusionL1_drop0p2_trmiss50_trlocradio,12,0.5951114594936371,0.7330329418182373,0.4698275862068965,0.6295499904324975,0.4444444444444444,0.0,0.0,0.0,0.0,0.0,0.0,0.0,0.0,0.0,2002,radio,0.5
4,4,lr5e-05_bs32_modL1_fusion64_fusionL1_drop0p2_trmiss50_trlocradio,32,5e-05,1,64,1,0.2,lr5e-05_bs32_modL1_fusion64_fusionL1_drop0p2_trmiss50_trlocradio,13,0.5825103223323822,0.7309899628162384,0.47629310344827586,0.6356696309441525,0.4666666666666667,0.0,0.0,0.0,0.0,0.0,0.0,0.0,0.0,0.0,2002,radio,0.5
4,4,lr5e-05_bs32_modL1_fusion64_fusionL1_drop0p2_trmiss50_trlocradio,32,5e-05,1,64,1,0.2,lr5e-05_bs32_modL1_fusion64_fusionL1_drop0p2_trmiss50_trlocradio,14,0.5977397958437601,0.7320120632648468,0.47413793103448276,0.6334658446334065,0.4666666666666667,0.0,0.0,0.0,0.0,0.0,0.0,0.0,0.0,0.0,2002,radio,0.5
4,4,lr5e-05_bs32_modL1_fusion64_fusionL1_drop0p2_trmiss50_trlocradio,32,5e-05,1,64,1,0.2,lr5e-05_bs32_modL1_fusion64_fusionL1_drop0p2_trmiss50_trlocradio,15,0.5847692688306173,0.7339285314083099,0.4676724137931034,0.6318447175512599,0.4222222222222222,0.0,0.0,0.0,0.0,0.0,0.0,0.0,0.0,0.0,2002,radio,0.5
4,4,lr5e-05_bs32_modL1_fusion64_fusionL1_drop0p2_trmiss50_trlocradio,32,5e-05,1,64,1,0.2,lr5e-05_bs32_modL1_fusion64_fusionL1_drop0p2_trmiss50_trlocradio,16,0.5802664359410604,0.7327500283718109,0.4698275862068966,0.6320726163726252,0.4444444444444444,0.0,0.0,0.0,0.0,0.0,0.0,0.0,0.0,0.0,2002,radio,0.5
4,4,lr5e-05_bs32_modL1_fusion64_fusionL1_drop0p2_trmiss50_trlocradio,32,5e-05,1,64,1,0.2,lr5e-05_bs32_modL1_fusion64_fusionL1_drop0p2_trmiss50_trlocradio,17,0.5835696160793304,0.7365908622741699,0.4547413793103448,0.6251918638227931,0.4222222222222222,0.0,0.0,0.0,0.0,0.0,0.0,0.0,0.0,0.0,2002,radio,0.5
4,4,lr5e-05_bs32_modL1_fusion64_fusionL1_drop0p2_trmiss50_trlocradio,32,5e-05,1,64,1,0.2,lr5e-05_bs32_modL1_fusion64_fusionL1_drop0p2_trmiss50_trlocradio,18,0.5692045092582703,0.7343569695949554,0.4568965517241379,0.6260475431494343,0.4,0.0,0.0,0.0,0.0,0.0,0.0,0.0,0.0,0.0,2002,radio,0.5
4,4,lr5e-05_bs32_modL1_fusion64_fusionL1_drop0p2_trmiss50_trlocradio,32,5e-05,1,64,1,0.2,lr5e-05_bs32_modL1_fusion64_fusionL1_drop0p2_trmiss50_trlocradio,19,0.5798568725585938,0.7353895306587219,0.45474137931034486,0.621055626167924,0.4,0.0,0.0,0.0,0.0,0.0,0.0,0.0,0.0,0.0,2002,radio,0.5
4,4,lr5e-05_bs32_modL1_fusion64_fusionL1_drop0p2_trmiss50_trlocradio,32,5e-05,1,64,1,0.2,lr5e-05_bs32_modL1_fusion64_fusionL1_drop0p2_trmiss50_trlocradio,20,0.5782394111156464,0.7309304177761078,0.459051724137931,0.6226145594490637,0.4,0.0,0.0,0.0,0.0,0.0,0.0,0.0,0.0,0.0,2002,radio,0.5
4,4,lr5e-05_bs32_modL1_fusion64_fusionL1_drop0p2_trmiss50_trlocradio,32,5e-05,1,64,1,0.2,lr5e-05_bs32_modL1_fusion64_fusionL1_drop0p2_trmiss50_trlocradio,21,0.5776547094186147,0.7305991947650909,0.45905172413793105,0.6224261603964284,0.4444444444444444,0.0,0.0,0.0,0.0,0.0,0.0,0.0,0.0,0.0,2002,radio,0.5
4,4,lr5e-05_bs32_modL1_fusion64_fusionL1_drop0p2_trmiss50_trlocradio,32,5e-05,1,64,1,0.2,lr5e-05_bs32_modL1_fusion64_fusionL1_drop0p2_trmiss50_trlocradio,22,0.5677315592765808,0.7298616766929626,0.45905172413793105,0.6229286709211643,0.4666666666666667,0.0,0.0,0.0,0.0,0.0,0.0,0.0,0.0,0.0,2002,radio,0.5
4,4,lr5e-05_bs32_modL1_fusion64_fusionL1_drop0p2_trmiss50_trlocradio,32,5e-05,1,64,1,0.2,lr5e-05_bs32_modL1_fusion64_fusionL1_drop0p2_trmiss50_trlocradio,23,0.5627278486887614,0.7301584482192993,0.47413793103448276,0.6319987059699257,0.4666666666666667,0.0,0.0,0.0,0.0,0.0,0.0,0.0,0.0,0.0,2002,radio,0.5
4,4,lr5e-05_bs32_modL1_fusion64_fusionL1_drop0p2_trmiss50_trlocradio,32,5e-05,1,64,1,0.2,lr5e-05_bs32_modL1_fusion64_fusionL1_drop0p2_trmiss50_trlocradio,24,0.5627347330252329,0.731007307767868,0.46336206896551724,0.6259400633043684,0.4666666666666667,0.0,0.0,0.0,0.0,0.0,0.0,0.0,0.0,0.0,2002,radio,0.5
4,4,lr5e-05_bs32_modL1_fusion64_fusionL1_drop0p2_trmiss50_trlocradio,32,5e-05,1,64,1,0.2,lr5e-05_bs32_modL1_fusion64_fusionL1_drop0p2_trmiss50_trlocradio,25,0.5690443019072214,0.732612133026123,0.4676724137931035,0.6269377919936916,0.4222222222222222,0.0,0.0,0.0,0.0,0.0,0.0,0.0,0.0,0.0,2002,radio,0.5
4,4,lr5e-05_bs32_modL1_fusion64_fusionL1_drop0p1_trmiss50_trlocradio,32,5e-05,1,64,1,0.1,lr5e-05_bs32_modL1_fusion64_fusionL1_drop0p1_trmiss50_trlocradio,1,0.7097600201765696,0.707340270280838,0.3556034482758621,0.5871304438368651,0.4,0.0,0.0,0.0,0.0,0.0,0.0,0.0,0.0,0.0,2002,radio,0.5
4,4,lr5e-05_bs32_modL1_fusion64_fusionL1_drop0p1_trmiss50_trlocradio,32,5e-05,1,64,1,0.1,lr5e-05_bs32_modL1_fusion64_fusionL1_drop0p1_trmiss50_trlocradio,2,0.6796876490116119,0.7103078067302704,0.3685344827586207,0.5907127889326982,0.4444444444444444,0.0,0.0,0.0,0.0,0.0,0.0,0.0,0.0,0.0,2002,radio,0.5
4,4,lr5e-05_bs32_modL1_fusion64_fusionL1_drop0p1_trmiss50_trlocradio,32,5e-05,1,64,1,0.1,lr5e-05_bs32_modL1_fusion64_fusionL1_drop0p1_trmiss50_trlocradio,3,0.6480283339818319,0.7126354575157166,0.39224137931034486,0.6005182586320721,0.4444444444444444,0.0,0.0,0.0,0.0,0.0,0.0,0.0,0.0,0.0,2002,radio,0.5
4,4,lr5e-05_bs32_modL1_fusion64_fusionL1_drop0p1_trmiss50_trlocradio,32,5e-05,1,64,1,0.1,lr5e-05_bs32_modL1_fusion64_fusionL1_drop0p1_trmiss50_trlocradio,4,0.6185134053230286,0.7119998335838318,0.4073275862068966,0.6026655328201835,0.4666666666666667,0.0,0.0,0.0,0.0,0.0,0.0,0.0,0.0,0.0,2002,radio,0.5
4,4,lr5e-05_bs32_modL1_fusion64_fusionL1_drop0p1_trmiss50_trlocradio,32,5e-05,1,64,1,0.1,lr5e-05_bs32_modL1_fusion64_fusionL1_drop0p1_trmiss50_trlocradio,5,0.6287831962108612,0.7118645310401917,0.4030172413793104,0.600286688766336,0.4666666666666667,0.0,0.0,0.0,0.0,0.0,0.0,0.0,0.0,0.0,2002,radio,0.5
4,4,lr5e-05_bs32_modL1_fusion64_fusionL1_drop0p1_trmiss50_trlocradio,32,5e-05,1,64,1,0.1,lr5e-05_bs32_modL1_fusion64_fusionL1_drop0p1_trmiss50_trlocradio,6,0.6014373600482941,0.7116043865680695,0.39655172413793105,0.5965665427042993,0.4444444444444444,0.0,0.0,0.0,0.0,0.0,0.0,0.0,0.0,0.0,2002,radio,0.5
4,4,lr5e-05_bs32_modL1_fusion64_fusionL1_drop0p1_trmiss50_trlocradio,32,5e-05,1,64,1,0.1,lr5e-05_bs32_modL1_fusion64_fusionL1_drop0p1_trmiss50_trlocradio,7,0.587672750155131,0.7106027901172638,0.3943965517241379,0.5936925113866919,0.4888888888888889,0.0,0.0,0.0,0.0,0.0,0.0,0.0,0.0,0.0,2002,radio,0.5
4,4,lr5e-05_bs32_modL1_fusion64_fusionL1_drop0p1_trmiss50_trlocradio,32,5e-05,1,64,1,0.1,lr5e-05_bs32_modL1_fusion64_fusionL1_drop0p1_trmiss50_trlocradio,8,0.5798496802647909,0.7103025913238525,0.39655172413793105,0.5964081877069844,0.4444444444444444,0.0,0.0,0.0,0.0,0.0,0.0,0.0,0.0,0.0,2002,radio,0.5
4,4,lr5e-05_bs32_modL1_fusion64_fusionL1_drop0p1_trmiss50_trlocradio,32,5e-05,1,64,1,0.1,lr5e-05_bs32_modL1_fusion64_fusionL1_drop0p1_trmiss50_trlocradio,9,0.5649036864439646,0.7110767662525177,0.4051724137931035,0.5995112068325957,0.4666666666666667,0.0,0.0,0.0,0.0,0.0,0.0,0.0,0.0,0.0,2002,radio,0.5
4,4,lr5e-05_bs32_modL1_fusion64_fusionL1_drop0p1_trmiss50_trlocradio,32,5e-05,1,64,1,0.1,lr5e-05_bs32_modL1_fusion64_fusionL1_drop0p1_trmiss50_trlocradio,10,0.5692059199015299,0.7102121114730835,0.4073275862068966,0.5987362008264592,0.4888888888888889,0.0,0.0,0.0,0.0,0.0,0.0,0.0,0.0,0.0,2002,radio,0.5
4,4,lr5e-05_bs32_modL1_fusion64_fusionL1_drop0p1_trmiss50_trlocradio,32,5e-05,1,64,1,0.1,lr5e-05_bs32_modL1_fusion64_fusionL1_drop0p1_trmiss50_trlocradio,11,0.5632787843545278,0.7089584469795227,0.4267241379310345,0.610965548030219,0.4888888888888889,0.0,0.0,0.0,0.0,0.0,0.0,0.0,0.0,0.0,2002,radio,0.5
4,4,lr5e-05_bs32_modL1_fusion64_fusionL1_drop0p1_trmiss50_trlocradio,32,5e-05,1,64,1,0.1,lr5e-05_bs32_modL1_fusion64_fusionL1_drop0p1_trmiss50_trlocradio,12,0.5444466869036356,0.7082039713859558,0.41163793103448276,0.6033323219473941,0.5111111111111111,0.0,0.0,0.0,0.0,0.0,0.0,0.0,0.0,0.0,2002,radio,0.5
4,4,lr5e-05_bs32_modL1_fusion64_fusionL1_drop0p1_trmiss50_trlocradio,32,5e-05,1,64,1,0.1,lr5e-05_bs32_modL1_fusion64_fusionL1_drop0p1_trmiss50_trlocradio,13,0.5455889304478964,0.7095427215099335,0.41163793103448276,0.6077908658075606,0.5111111111111111,0.0,0.0,0.0,0.0,0.0,0.0,0.0,0.0,0.0,2002,radio,0.5
4,4,lr5e-05_bs32_modL1_fusion64_fusionL1_drop0p1_trmiss50_trlocradio,32,5e-05,1,64,1,0.1,lr5e-05_bs32_modL1_fusion64_fusionL1_drop0p1_trmiss50_trlocradio,14,0.5351120630900065,0.7101820409297943,0.40948275862068967,0.6037321477263176,0.5111111111111111,0.0,0.0,0.0,0.0,0.0,0.0,0.0,0.0,0.0,2002,radio,0.5
4,4,lr5e-05_bs32_modL1_fusion64_fusionL1_drop0p1_trmiss50_trlocradio,32,5e-05,1,64,1,0.1,lr5e-05_bs32_modL1_fusion64_fusionL1_drop0p1_trmiss50_trlocradio,15,0.52808844546477,0.710798591375351,0.415948275862069,0.6099896995865602,0.5111111111111111,0.0,0.0,0.0,0.0,0.0,0.0,0.0,0.0,0.0,2002,radio,0.5
4,4,lr5e-05_bs32_modL1_fusion64_fusionL1_drop0p1_trmiss50_trlocradio,32,5e-05,1,64,1,0.1,lr5e-05_bs32_modL1_fusion64_fusionL1_drop0p1_trmiss50_trlocradio,16,0.5350644687811533,0.7121518850326538,0.41594827586206895,0.6103039191265976,0.4888888888888889,0.0,0.0,0.0,0.0,0.0,0.0,0.0,0.0,0.0,2002,radio,0.5
4,4,lr5e-05_bs32_modL1_fusion64_fusionL1_drop0p1_trmiss50_trlocradio,32,5e-05,1,64,1,0.1,lr5e-05_bs32_modL1_fusion64_fusionL1_drop0p1_trmiss50_trlocradio,17,0.5318657755851746,0.714243471622467,0.4051724137931035,0.6034875723516311,0.4666666666666667,0.0,0.0,0.0,0.0,0.0,0.0,0.0,0.0,0.0,2002,radio,0.5
4,4,lr5e-05_bs32_modL1_fusion64_fusionL1_drop0p1_trmiss50_trlocradio,32,5e-05,1,64,1,0.1,lr5e-05_bs32_modL1_fusion64_fusionL1_drop0p1_trmiss50_trlocradio,18,0.5156658788522085,0.7148676216602325,0.40948275862068967,0.6060531555887206,0.4666666666666667,0.0,0.0,0.0,0.0,0.0,0.0,0.0,0.0,0.0,2002,radio,0.5
4,4,lr5e-05_bs32_modL1_fusion64_fusionL1_drop0p1_trmiss50_trlocradio,32,5e-05,1,64,1,0.1,lr5e-05_bs32_modL1_fusion64_fusionL1_drop0p1_trmiss50_trlocradio,19,0.5088665634393692,0.7136386334896088,0.41163793103448276,0.6058788592256766,0.4666666666666667,0.0,0.0,0.0,0.0,0.0,0.0,0.0,0.0,0.0,2002,radio,0.5
4,4,lr5e-05_bs32_modL1_fusion64_fusionL1_drop0p1_trmiss50_trlocradio,32,5e-05,1,64,1,0.1,lr5e-05_bs32_modL1_fusion64_fusionL1_drop0p1_trmiss50_trlocradio,20,0.526177982489268,0.7128649353981018,0.4051724137931034,0.6038647245530324,0.4666666666666667,0.0,0.0,0.0,0.0,0.0,0.0,0.0,0.0,0.0,2002,radio,0.5
4,4,lr5e-05_bs32_modL1_fusion64_fusionL1_drop0p1_trmiss50_trlocradio,32,5e-05,1,64,1,0.1,lr5e-05_bs32_modL1_fusion64_fusionL1_drop0p1_trmiss50_trlocradio,21,0.5147374123334885,0.713431715965271,0.4051724137931035,0.6047716666098633,0.4888888888888889,0.0,0.0,0.0,0.0,0.0,0.0,0.0,0.0,0.0,2002,radio,0.5
4,4,lr5e-05_bs32_modL1_fusion64_fusionL1_drop0p1_trmiss50_trlocradio,32,5e-05,1,64,1,0.1,lr5e-05_bs32_modL1_fusion64_fusionL1_drop0p1_trmiss50_trlocradio,22,0.5082392444213232,0.7126576602458954,0.4073275862068966,0.6054763642111126,0.4888888888888889,0.0,0.0,0.0,0.0,0.0,0.0,0.0,0.0,0.0,2002,radio,0.5
4,4,lr5e-05_bs32_modL1_fusion64_fusionL1_drop0p1_trmiss50_trlocradio,32,5e-05,1,64,1,0.1,lr5e-05_bs32_modL1_fusion64_fusionL1_drop0p1_trmiss50_trlocradio,23,0.5058361093203226,0.7148964405059814,0.4030172413793104,0.6025876182189184,0.4888888888888889,0.0,0.0,0.0,0.0,0.0,0.0,0.0,0.0,0.0,2002,radio,0.5
4,4,lr5e-05_bs32_modL1_fusion64_fusionL1_drop0p1_trmiss50_trlocradio,32,5e-05,1,64,1,0.1,lr5e-05_bs32_modL1_fusion64_fusionL1_drop0p1_trmiss50_trlocradio,24,0.5063594381014506,0.7151185274124146,0.4030172413793104,0.6025876182189184,0.4888888888888889,0.0,0.0,0.0,0.0,0.0,0.0,0.0,0.0,0.0,2002,radio,0.5
4,4,lr5e-05_bs32_modL1_fusion64_fusionL1_drop0p1_trmiss50_trlocradio,32,5e-05,1,64,1,0.1,lr5e-05_bs32_modL1_fusion64_fusionL1_drop0p1_trmiss50_trlocradio,25,0.5261507034301758,0.7138027548789978,0.4073275862068966,0.6044814594049555,0.4666666666666667,0.0,0.0,0.0,0.0,0.0,0.0,0.0,0.0,0.0,2002,radio,0.5
4,4,lr5e-05_bs32_modL1_fusion64_fusionL1_drop0p1_trmiss50_trlocradio,32,5e-05,1,64,1,0.1,lr5e-05_bs32_modL1_fusion64_fusionL1_drop0p1_trmiss50_trlocradio,26,0.5073360254367193,0.71565842628479,0.4030172413793104,0.6027998715164712,0.4666666666666667,0.0,0.0,0.0,0.0,0.0,0.0,0.0,0.0,0.0,2002,radio,0.5
4,4,lr5e-05_bs32_modL1_fusion64_fusionL1_drop0p1_trmiss50_trlocradio,32,5e-05,1,64,1,0.1,lr5e-05_bs32_modL1_fusion64_fusionL1_drop0p1_trmiss50_trlocradio,27,0.5184110552072525,0.716292142868042,0.4073275862068966,0.6048046221600601,0.4666666666666667,0.0,0.0,0.0,0.0,0.0,0.0,0.0,0.0,0.0,2002,radio,0.5
4,4,lr5e-05_bs32_modL1_fusion64_fusionL1_drop0p1_trmiss50_trlocradio,32,5e-05,1,64,1,0.1,lr5e-05_bs32_modL1_fusion64_fusionL1_drop0p1_trmiss50_trlocradio,28,0.5166847407817841,0.7148798108100891,0.40732758620689663,0.60445782586124,0.4666666666666667,0.0,0.0,0.0,0.0,0.0,0.0,0.0,0.0,0.0,2002,radio,0.5
4,4,lr5e-05_bs32_modL1_fusion64_fusionL1_drop0p1_trmiss50_trlocradio,32,5e-05,1,64,1,0.1,lr5e-05_bs32_modL1_fusion64_fusionL1_drop0p1_trmiss50_trlocradio,29,0.5054694910844167,0.7161569893360138,0.4073275862068966,0.6041671203981207,0.4888888888888889,0.0,0.0,0.0,0.0,0.0,0.0,0.0,0.0,0.0,2002,radio,0.5
4,4,lr5e-05_bs32_modL1_fusion64_fusionL1_drop0p1_trmiss50_trlocradio,32,5e-05,1,64,1,0.1,lr5e-05_bs32_modL1_fusion64_fusionL1_drop0p1_trmiss50_trlocradio,30,0.4991167038679123,0.7140982449054718,0.4137931034482759,0.60752845960338,0.5111111111111111,0.0,0.0,0.0,0.0,0.0,0.0,0.0,0.0,0.0,2002,radio,0.5
4,4,lr5e-05_bs32_modL1_fusion64_fusionL1_drop0p1_trmiss50_trlocradio,32,5e-05,1,64,1,0.1,lr5e-05_bs32_modL1_fusion64_fusionL1_drop0p1_trmiss50_trlocradio,31,0.5066632678111395,0.716026782989502,0.4202586206896552,0.6094459456212553,0.4666666666666667,0.0,0.0,0.0,0.0,0.0,0.0,0.0,0.0,0.0,2002,radio,0.5
4,4,lr1e-04_bs32_modL1_fusion32_fusionL1_drop0p2_trmiss50_trlocradio,32,0.0001,1,32,1,0.2,lr1e-04_bs32_modL1_fusion32_fusionL1_drop0p2_trmiss50_trlocradio,1,0.6847563982009888,0.694881945848465,0.4935344827586207,0.6874323101977107,0.5333333333333333,0.0,0.0,0.0,0.0,0.0,0.0,0.0,0.0,0.0,2002,radio,0.5
4,4,lr1e-04_bs32_modL1_fusion32_fusionL1_drop0p2_trmiss50_trlocradio,32,0.0001,1,32,1,0.2,lr1e-04_bs32_modL1_fusion32_fusionL1_drop0p2_trmiss50_trlocradio,2,0.649839331706365,0.7018120586872101,0.4331896551724138,0.6812911299992139,0.5333333333333333,0.0,0.0,0.0,0.0,0.0,0.0,0.0,0.0,0.0,2002,radio,0.5
4,4,lr1e-04_bs32_modL1_fusion32_fusionL1_drop0p2_trmiss50_trlocradio,32,0.0001,1,32,1,0.2,lr1e-04_bs32_modL1_fusion32_fusionL1_drop0p2_trmiss50_trlocradio,3,0.6340038478374481,0.7140844762325287,0.3836206896551724,0.6383466309032307,0.4888888888888889,0.0,0.0,0.0,0.0,0.0,0.0,0.0,0.0,0.0,2002,radio,0.5
4,4,lr1e-04_bs32_modL1_fusion32_fusionL1_drop0p2_trmiss50_trlocradio,32,0.0001,1,32,1,0.2,lr1e-04_bs32_modL1_fusion32_fusionL1_drop0p2_trmiss50_trlocradio,4,0.6130098899205526,0.7249109148979187,0.3599137931034483,0.6316636706425981,0.4222222222222222,0.0,0.0,0.0,0.0,0.0,0.0,0.0,0.0,0.0,2002,radio,0.5
4,4,lr1e-04_bs32_modL1_fusion32_fusionL1_drop0p2_trmiss50_trlocradio,32,0.0001,1,32,1,0.2,lr1e-04_bs32_modL1_fusion32_fusionL1_drop0p2_trmiss50_trlocradio,5,0.612833152214686,0.733845978975296,0.34913793103448276,0.6246294864901608,0.4222222222222222,0.0,0.0,0.0,0.0,0.0,0.0,0.0,0.0,0.0,2002,radio,0.5
4,4,lr1e-04_bs32_modL1_fusion32_fusionL1_drop0p2_trmiss50_trlocradio,32,0.0001,1,32,1,0.2,lr1e-04_bs32_modL1_fusion32_fusionL1_drop0p2_trmiss50_trlocradio,6,0.5854614973068237,0.7401384711265564,0.3426724137931034,0.5846221373411085,0.37777777777777777,0.0,0.0,0.0,0.0,0.0,0.0,0.0,0.0,0.0,2002,radio,0.5
4,4,lr1e-04_bs32_modL1_fusion32_fusionL1_drop0p2_trmiss50_trlocradio,32,0.0001,1,32,1,0.2,lr1e-04_bs32_modL1_fusion32_fusionL1_drop0p2_trmiss50_trlocradio,7,0.5745561718940735,0.7426387965679169,0.3448275862068965,0.5794815018580995,0.4444444444444444,0.0,0.0,0.0,0.0,0.0,0.0,0.0,0.0,0.0,2002,radio,0.5
4,4,lr1e-04_bs32_modL1_fusion32_fusionL1_drop0p2_trmiss50_trlocradio,32,0.0001,1,32,1,0.2,lr1e-04_bs32_modL1_fusion32_fusionL1_drop0p2_trmiss50_trlocradio,8,0.5553458333015442,0.7438166737556458,0.34051724137931033,0.5779155523936547,0.37777777777777777,0.0,0.0,0.0,0.0,0.0,0.0,0.0,0.0,0.0,2002,radio,0.5
4,4,lr1e-04_bs32_modL1_fusion32_fusionL1_drop0p2_trmiss50_trlocradio,32,0.0001,1,32,1,0.2,lr1e-04_bs32_modL1_fusion32_fusionL1_drop0p2_trmiss50_trlocradio,9,0.539252390464147,0.7457488477230072,0.3362068965517241,0.5819982424351335,0.37777777777777777,0.0,0.0,0.0,0.0,0.0,0.0,0.0,0.0,0.0,2002,radio,0.5
4,4,lr1e-04_bs32_modL1_fusion32_fusionL1_drop0p2_trmiss50_trlocradio,32,0.0001,1,32,1,0.2,lr1e-04_bs32_modL1_fusion32_fusionL1_drop0p2_trmiss50_trlocradio,10,0.5466105540593466,0.7471729218959808,0.33836206896551724,0.5707675681909156,0.4222222222222222,0.0,0.0,0.0,0.0,0.0,0.0,0.0,0.0,0.0,2002,radio,0.5
4,4,lr1e-04_bs32_modL1_fusion32_fusionL1_drop0p2_trmiss50_trlocradio,32,0.0001,1,32,1,0.2,lr1e-04_bs32_modL1_fusion32_fusionL1_drop0p2_trmiss50_trlocradio,11,0.5493726332982382,0.754897803068161,0.3232758620689655,0.5604141264682819,0.3333333333333333,0.0,0.0,0.0,0.0,0.0,0.0,0.0,0.0,0.0,2002,radio,0.5
4,4,lr1e-04_bs32_modL1_fusion32_fusionL1_drop0p2_trmiss50_trlocradio,32,0.0001,1,32,1,0.2,lr1e-04_bs32_modL1_fusion32_fusionL1_drop0p2_trmiss50_trlocradio,12,0.49880683918793994,0.7562363743782043,0.30818965517241376,0.5541238668351668,0.35555555555555557,0.0,0.0,0.0,0.0,0.0,0.0,0.0,0.0,0.0,2002,radio,0.5
4,4,lr1e-04_bs32_modL1_fusion32_fusionL1_drop0p2_trmiss50_trlocradio,32,0.0001,1,32,1,0.2,lr1e-04_bs32_modL1_fusion32_fusionL1_drop0p2_trmiss50_trlocradio,13,0.5164313564697901,0.755607932806015,0.3103448275862069,0.5622878981471848,0.35555555555555557,0.0,0.0,0.0,0.0,0.0,0.0,0.0,0.0,0.0,2002,radio,0.5
4,4,lr1e-04_bs32_modL1_fusion32_fusionL1_drop0p2_trmiss50_trlocradio,32,0.0001,1,32,1,0.2,lr1e-04_bs32_modL1_fusion32_fusionL1_drop0p2_trmiss50_trlocradio,14,0.516912708679835,0.7529492080211639,0.31249999999999994,0.5560676892627412,0.37777777777777777,0.0,0.0,0.0,0.0,0.0,0.0,0.0,0.0,0.0,2002,radio,0.5
4,4,lr1e-04_bs32_modL1_fusion32_fusionL1_drop0p2_trmiss50_trlocradio,32,0.0001,1,32,1,0.2,lr1e-04_bs32_modL1_fusion32_fusionL1_drop0p2_trmiss50_trlocradio,15,0.5098312397797903,0.7556229531764984,0.30387931034482757,0.5530753761086908,0.35555555555555557,0.0,0.0,0.0,0.0,0.0,0.0,0.0,0.0,0.0,2002,radio,0.5
4,4,lr1e-04_bs32_modL1_fusion32_fusionL1_drop0p2_trmiss50_trlocradio,32,0.0001,1,32,1,0.2,lr1e-04_bs32_modL1_fusion32_fusionL1_drop0p2_trmiss50_trlocradio,16,0.5095895379781723,0.7568464279174805,0.3168103448275862,0.5583729495262485,0.37777777777777777,0.0,0.0,0.0,0.0,0.0,0.0,0.0,0.0,0.0,2002,radio,0.5
4,4,lr1e-04_bs32_modL1_fusion32_fusionL1_drop0p2_trmiss50_trlocradio,32,0.0001,1,32,1,0.2,lr1e-04_bs32_modL1_fusion32_fusionL1_drop0p2_trmiss50_trlocradio,17,0.5106548170248667,0.7607364356517792,0.3232758620689655,0.5570063933770836,0.3333333333333333,0.0,0.0,0.0,0.0,0.0,0.0,0.0,0.0,0.0,2002,radio,0.5
4,4,lr1e-04_bs32_modL1_fusion32_fusionL1_drop0p2_trmiss50_trlocradio,32,0.0001,1,32,1,0.2,lr1e-04_bs32_modL1_fusion32_fusionL1_drop0p2_trmiss50_trlocradio,18,0.5138304978609085,0.7642947733402252,0.3146551724137931,0.5508342266984788,0.37777777777777777,0.0,0.0,0.0,0.0,0.0,0.0,0.0,0.0,0.0,2002,radio,0.5
4,4,lr1e-04_bs32_modL1_fusion32_fusionL1_drop0p2_trmiss50_trlocradio,32,0.0001,1,32,1,0.2,lr1e-04_bs32_modL1_fusion32_fusionL1_drop0p2_trmiss50_trlocradio,19,0.5078686326742172,0.7626072466373444,0.31250000000000006,0.549835554609543,0.4,0.0,0.0,0.0,0.0,0.0,0.0,0.0,0.0,0.0,2002,radio,0.5
4,4,lr1e-04_bs32_modL1_fusion32_fusionL1_drop0p2_trmiss50_trlocradio,32,0.0001,1,32,1,0.2,lr1e-04_bs32_modL1_fusion32_fusionL1_drop0p2_trmiss50_trlocradio,20,0.5214897692203522,0.7648368775844574,0.31681034482758624,0.5538795326106957,0.37777777777777777,0.0,0.0,0.0,0.0,0.0,0.0,0.0,0.0,0.0,2002,radio,0.5
4,4,lr1e-04_bs32_modL1_fusion32_fusionL1_drop0p2_trmiss50_trlocradio,32,0.0001,1,32,1,0.2,lr1e-04_bs32_modL1_fusion32_fusionL1_drop0p2_trmiss50_trlocradio,21,0.49181367953618366,0.7655141651630402,0.32112068965517243,0.5567417429955921,0.37777777777777777,0.0,0.0,0.0,0.0,0.0,0.0,0.0,0.0,0.0,2002,radio,0.5
4,4,lr1e-04_bs32_modL1_fusion32_fusionL1_drop0p2_trmiss50_trlocradio,32,0.0001,1,32,1,0.2,lr1e-04_bs32_modL1_fusion32_fusionL1_drop0p2_trmiss50_trlocradio,22,0.4970175276199977,0.7632339894771576,0.3254310344827586,0.5599455005736546,0.37777777777777777,0.0,0.0,0.0,0.0,0.0,0.0,0.0,0.0,0.0,2002,radio,0.5
4,4,lr1e-04_bs32_modL1_fusion32_fusionL1_drop0p2_trmiss50_trlocradio,32,0.0001,1,32,1,0.2,lr1e-04_bs32_modL1_fusion32_fusionL1_drop0p2_trmiss50_trlocradio,23,0.4915684064229329,0.7648317813873291,0.31681034482758624,0.5568990211557682,0.37777777777777777,0.0,0.0,0.0,0.0,0.0,0.0,0.0,0.0,0.0,2002,radio,0.5
4,4,lr1e-04_bs32_modL1_fusion32_fusionL1_drop0p2_trmiss50_trlocradio,32,0.0001,1,32,1,0.2,lr1e-04_bs32_modL1_fusion32_fusionL1_drop0p2_trmiss50_trlocradio,24,0.49609411259492237,0.7631657123565674,0.3254310344827586,0.5657298543525636,0.37777777777777777,0.0,0.0,0.0,0.0,0.0,0.0,0.0,0.0,0.0,2002,radio,0.5
4,4,lr1e-04_bs32_modL1_fusion32_fusionL1_drop0p2_trmiss50_trlocradio,32,0.0001,1,32,1,0.2,lr1e-04_bs32_modL1_fusion32_fusionL1_drop0p2_trmiss50_trlocradio,25,0.49635714292526245,0.7606894075870514,0.32112068965517243,0.5555740306928467,0.4,0.0,0.0,0.0,0.0,0.0,0.0,0.0,0.0,0.0,2002,radio,0.5
4,4,lr1e-04_bs32_modL1_fusion32_fusionL1_drop0p1_trmiss50_trlocradio,32,0.0001,1,32,1,0.1,lr1e-04_bs32_modL1_fusion32_fusionL1_drop0p1_trmiss50_trlocradio,1,0.7011680205663046,0.6699283421039581,0.5862068965517241,0.7626272169659204,0.6,0.0,0.0,0.0,0.0,0.0,0.0,0.0,0.0,0.0,2002,radio,0.5
4,4,lr1e-04_bs32_modL1_fusion32_fusionL1_drop0p1_trmiss50_trlocradio,32,0.0001,1,32,1,0.1,lr1e-04_bs32_modL1_fusion32_fusionL1_drop0p1_trmiss50_trlocradio,2,0.6545133093992869,0.6639382243156433,0.5926724137931034,0.7925841562406395,0.5777777777777777,0.0,0.0,0.0,0.0,0.0,0.0,0.0,0.0,0.0,2002,radio,0.5
4,4,lr1e-04_bs32_modL1_fusion32_fusionL1_drop0p1_trmiss50_trlocradio,32,0.0001,1,32,1,0.1,lr1e-04_bs32_modL1_fusion32_fusionL1_drop0p1_trmiss50_trlocradio,3,0.6056391000747681,0.6549390554428101,0.6120689655172413,0.7995417317091822,0.5777777777777777,0.0,0.0,0.0,0.0,0.0,0.0,0.0,0.0,0.0,2002,radio,0.5
4,4,lr1e-04_bs32_modL1_fusion32_fusionL1_drop0p1_trmiss50_trlocradio,32,0.0001,1,32,1,0.1,lr1e-04_bs32_modL1_fusion32_fusionL1_drop0p1_trmiss50_trlocradio,4,0.5800079305966696,0.6487162113189697,0.6099137931034483,0.7879119890509081,0.6444444444444445,0.0,0.0,0.0,0.0,0.0,0.0,0.0,0.0,0.0,2002,radio,0.5
4,4,lr1e-04_bs32_modL1_fusion32_fusionL1_drop0p1_trmiss50_trlocradio,32,0.0001,1,32,1,0.1,lr1e-04_bs32_modL1_fusion32_fusionL1_drop0p1_trmiss50_trlocradio,5,0.5548184911410013,0.6464870274066925,0.6077586206896551,0.7759199175960054,0.6222222222222222,0.0,0.0,0.0,0.0,0.0,0.0,0.0,0.0,0.0,2002,radio,0.5
4,4,lr1e-04_bs32_modL1_fusion32_fusionL1_drop0p1_trmiss50_trlocradio,32,0.0001,1,32,1,0.1,lr1e-04_bs32_modL1_fusion32_fusionL1_drop0p1_trmiss50_trlocradio,6,0.5348231395085653,0.6466174125671387,0.6099137931034483,0.7704026807316089,0.6,0.0,0.0,0.0,0.0,0.0,0.0,0.0,0.0,0.0,2002,radio,0.5
4,4,lr1e-04_bs32_modL1_fusion32_fusionL1_drop0p1_trmiss50_trlocradio,32,0.0001,1,32,1,0.1,lr1e-04_bs32_modL1_fusion32_fusionL1_drop0p1_trmiss50_trlocradio,7,0.5309363901615143,0.6512052416801453,0.6012931034482759,0.7517581370342906,0.6,0.0,0.0,0.0,0.0,0.0,0.0,0.0,0.0,0.0,2002,radio,0.5
4,4,lr1e-04_bs32_modL1_fusion32_fusionL1_drop0p1_trmiss50_trlocradio,32,0.0001,1,32,1,0.1,lr1e-04_bs32_modL1_fusion32_fusionL1_drop0p1_trmiss50_trlocradio,8,0.5109014312426249,0.6601915955543518,0.5732758620689655,0.7371708835606873,0.6,0.0,0.0,0.0,0.0,0.0,0.0,0.0,0.0,0.0,2002,radio,0.5
4,4,lr1e-04_bs32_modL1_fusion32_fusionL1_drop0p1_trmiss50_trlocradio,32,0.0001,1,32,1,0.1,lr1e-04_bs32_modL1_fusion32_fusionL1_drop0p1_trmiss50_trlocradio,9,0.4873381455739339,0.6649105250835419,0.5581896551724138,0.7312385207034694,0.6,0.0,0.0,0.0,0.0,0.0,0.0,0.0,0.0,0.0,2002,radio,0.5
4,4,lr1e-04_bs32_modL1_fusion32_fusionL1_drop0p1_trmiss50_trlocradio,32,0.0001,1,32,1,0.1,lr1e-04_bs32_modL1_fusion32_fusionL1_drop0p1_trmiss50_trlocradio,10,0.4787302364905675,0.6664488315582275,0.5603448275862069,0.7331141793094985,0.5777777777777777,0.0,0.0,0.0,0.0,0.0,0.0,0.0,0.0,0.0,2002,radio,0.5
4,4,lr1e-04_bs32_modL1_fusion32_fusionL1_drop0p1_trmiss50_trlocradio,32,0.0001,1,32,1,0.1,lr1e-04_bs32_modL1_fusion32_fusionL1_drop0p1_trmiss50_trlocradio,11,0.4641326467196147,0.6663807034492493,0.5538793103448276,0.7293185125014209,0.6,0.0,0.0,0.0,0.0,0.0,0.0,0.0,0.0,0.0,2002,radio,0.5
4,4,lr1e-04_bs32_modL1_fusion32_fusionL1_drop0p1_trmiss50_trlocradio,32,0.0001,1,32,1,0.1,lr1e-04_bs32_modL1_fusion32_fusionL1_drop0p1_trmiss50_trlocradio,12,0.4599120765924454,0.66625115275383,0.5603448275862069,0.730941612756033,0.6,0.0,0.0,0.0,0.0,0.0,0.0,0.0,0.0,0.0,2002,radio,0.5
4,4,lr1e-04_bs32_modL1_fusion32_fusionL1_drop0p1_trmiss50_trlocradio,32,0.0001,1,32,1,0.1,lr1e-04_bs32_modL1_fusion32_fusionL1_drop0p1_trmiss50_trlocradio,13,0.46424200137456256,0.6633407175540924,0.5668103448275863,0.7435262858551858,0.6,0.0,0.0,0.0,0.0,0.0,0.0,0.0,0.0,0.0,2002,radio,0.5
4,4,lr1e-04_bs32_modL1_fusion32_fusionL1_drop0p1_trmiss50_trlocradio,32,0.0001,1,32,1,0.1,lr1e-04_bs32_modL1_fusion32_fusionL1_drop0p1_trmiss50_trlocradio,14,0.4602794051170349,0.6624718308448792,0.5689655172413793,0.7381414055728411,0.6,0.0,0.0,0.0,0.0,0.0,0.0,0.0,0.0,0.0,2002,radio,0.5
4,4,lr1e-04_bs32_modL1_fusion32_fusionL1_drop0p1_trmiss50_trlocradio,32,0.0001,1,32,1,0.1,lr1e-04_bs32_modL1_fusion32_fusionL1_drop0p1_trmiss50_trlocradio,15,0.4469519058863322,0.663556307554245,0.5732758620689655,0.737362192994271,0.5777777777777777,0.0,0.0,0.0,0.0,0.0,0.0,0.0,0.0,0.0,2002,radio,0.5
4,4,lr1e-04_bs32_modL1_fusion32_fusionL1_drop0p1_trmiss50_trlocradio,32,0.0001,1,32,1,0.1,lr1e-04_bs32_modL1_fusion32_fusionL1_drop0p1_trmiss50_trlocradio,16,0.45166537165641785,0.6614658832550049,0.5775862068965517,0.7362779771749884,0.6,0.0,0.0,0.0,0.0,0.0,0.0,0.0,0.0,0.0,2002,radio,0.5
4,4,lr1e-04_bs32_modL1_fusion32_fusionL1_drop0p1_trmiss50_trlocradio,32,0.0001,1,32,1,0.1,lr1e-04_bs32_modL1_fusion32_fusionL1_drop0p1_trmiss50_trlocradio,17,0.43562549352645874,0.6626198887825012,0.5711206896551724,0.7288110955898913,0.6444444444444445,0.0,0.0,0.0,0.0,0.0,0.0,0.0,0.0,0.0,2002,radio,0.5
4,4,lr1e-04_bs32_modL1_fusion32_fusionL1_drop0p1_trmiss50_trlocradio,32,0.0001,1,32,1,0.1,lr1e-04_bs32_modL1_fusion32_fusionL1_drop0p1_trmiss50_trlocradio,18,0.44207341472307843,0.6658156216144562,0.5625,0.7234378267843852,0.6222222222222222,0.0,0.0,0.0,0.0,0.0,0.0,0.0,0.0,0.0,2002,radio,0.5
4,4,lr1e-04_bs32_modL1_fusion32_fusionL1_drop0p1_trmiss50_trlocradio,32,0.0001,1,32,1,0.1,lr1e-04_bs32_modL1_fusion32_fusionL1_drop0p1_trmiss50_trlocradio,19,0.4369426319996516,0.6683260798454285,0.5538793103448275,0.7142005011742402,0.6222222222222222,0.0,0.0,0.0,0.0,0.0,0.0,0.0,0.0,0.0,2002,radio,0.5
4,4,lr1e-04_bs32_modL1_fusion32_fusionL1_drop0p1_trmiss50_trlocradio,32,0.0001,1,32,1,0.1,lr1e-04_bs32_modL1_fusion32_fusionL1_drop0p1_trmiss50_trlocradio,20,0.41886843740940094,0.6701736450195312,0.5517241379310345,0.7178652018838486,0.6,0.0,0.0,0.0,0.0,0.0,0.0,0.0,0.0,0.0,2002,radio,0.5
4,4,lr1e-04_bs32_modL1_fusion32_fusionL1_drop0p1_trmiss50_trlocradio,32,0.0001,1,32,1,0.1,lr1e-04_bs32_modL1_fusion32_fusionL1_drop0p1_trmiss50_trlocradio,21,0.4328799943129222,0.6698448061943054,0.5474137931034483,0.7108330326012257,0.6,0.0,0.0,0.0,0.0,0.0,0.0,0.0,0.0,0.0,2002,radio,0.5
4,4,lr1e-04_bs32_modL1_fusion32_fusionL1_drop0p1_trmiss50_trlocradio,32,0.0001,1,32,1,0.1,lr1e-04_bs32_modL1_fusion32_fusionL1_drop0p1_trmiss50_trlocradio,22,0.4141915887594223,0.6698849201202393,0.5538793103448276,0.7143720525649281,0.6,0.0,0.0,0.0,0.0,0.0,0.0,0.0,0.0,0.0,2002,radio,0.5
4,4,lr1e-04_bs32_modL1_fusion32_fusionL1_drop0p1_trmiss50_trlocradio,32,0.0001,1,32,1,0.1,lr1e-04_bs32_modL1_fusion32_fusionL1_drop0p1_trmiss50_trlocradio,23,0.4143080214659373,0.6691774129867554,0.5495689655172413,0.7169288801744903,0.6,0.0,0.0,0.0,0.0,0.0,0.0,0.0,0.0,0.0,2002,radio,0.5
4,4,lr1e-04_bs32_modL1_fusion32_fusionL1_drop0p1_trmiss50_trlocradio,32,0.0001,1,32,1,0.1,lr1e-04_bs32_modL1_fusion32_fusionL1_drop0p1_trmiss50_trlocradio,24,0.4111469437678655,0.6705580353736877,0.5538793103448276,0.7194007153035263,0.6,0.0,0.0,0.0,0.0,0.0,0.0,0.0,0.0,0.0,2002,radio,0.5
4,4,lr1e-04_bs32_modL1_fusion32_fusionL1_drop0p1_trmiss50_trlocradio,32,0.0001,1,32,1,0.1,lr1e-04_bs32_modL1_fusion32_fusionL1_drop0p1_trmiss50_trlocradio,25,0.41735659042994183,0.6728384494781494,0.5538793103448276,0.7185909005117573,0.6222222222222222,0.0,0.0,0.0,0.0,0.0,0.0,0.0,0.0,0.0,2002,radio,0.5
4,4,lr1e-04_bs32_modL1_fusion32_fusionL1_drop0p1_trmiss50_trlocradio,32,0.0001,1,32,1,0.1,lr1e-04_bs32_modL1_fusion32_fusionL1_drop0p1_trmiss50_trlocradio,26,0.4171362022558848,0.673703521490097,0.5560344827586207,0.7210987375023529,0.6222222222222222,0.0,0.0,0.0,0.0,0.0,0.0,0.0,0.0,0.0,2002,radio,0.5
4,4,lr1e-04_bs32_modL1_fusion64_fusionL1_drop0p2_trmiss50_trlocradio,32,0.0001,1,64,1,0.2,lr1e-04_bs32_modL1_fusion64_fusionL1_drop0p2_trmiss50_trlocradio,1,0.7519993980725607,0.6861304640769958,0.5301724137931034,0.6651986774609765,0.5111111111111111,0.0,0.0,0.0,0.0,0.0,0.0,0.0,0.0,0.0,2002,radio,0.5
4,4,lr1e-04_bs32_modL1_fusion64_fusionL1_drop0p2_trmiss50_trlocradio,32,0.0001,1,64,1,0.2,lr1e-04_bs32_modL1_fusion64_fusionL1_drop0p2_trmiss50_trlocradio,2,0.7080280681451162,0.6860821843147278,0.5689655172413792,0.699269696342699,0.4888888888888889,0.0,0.0,0.0,0.0,0.0,0.0,0.0,0.0,0.0,2002,radio,0.5
4,4,lr1e-04_bs32_modL1_fusion64_fusionL1_drop0p2_trmiss50_trlocradio,32,0.0001,1,64,1,0.2,lr1e-04_bs32_modL1_fusion64_fusionL1_drop0p2_trmiss50_trlocradio,3,0.6942174732685089,0.6892547011375427,0.5366379310344829,0.6822180211370201,0.4222222222222222,0.0,0.0,0.0,0.0,0.0,0.0,0.0,0.0,0.0,2002,radio,0.5
4,4,lr1e-04_bs32_modL1_fusion64_fusionL1_drop0p2_trmiss50_trlocradio,32,0.0001,1,64,1,0.2,lr1e-04_bs32_modL1_fusion64_fusionL1_drop0p2_trmiss50_trlocradio,4,0.6660733421643575,0.6967154145240784,0.5086206896551724,0.6555262981602163,0.4222222222222222,0.0,0.0,0.0,0.0,0.0,0.0,0.0,0.0,0.0,2002,radio,0.5
4,4,lr1e-04_bs32_modL1_fusion64_fusionL1_drop0p2_trmiss50_trlocradio,32,0.0001,1,64,1,0.2,lr1e-04_bs32_modL1_fusion64_fusionL1_drop0p2_trmiss50_trlocradio,5,0.6300581792990366,0.7019408941268921,0.5129310344827587,0.6626073175169798,0.4,0.0,0.0,0.0,0.0,0.0,0.0,0.0,0.0,0.0,2002,radio,0.5
4,4,lr1e-04_bs32_modL1_fusion64_fusionL1_drop0p2_trmiss50_trlocradio,32,0.0001,1,64,1,0.2,lr1e-04_bs32_modL1_fusion64_fusionL1_drop0p2_trmiss50_trlocradio,6,0.6313412884871165,0.7099775969982147,0.4870689655172414,0.6568222268566132,0.37777777777777777,0.0,0.0,0.0,0.0,0.0,0.0,0.0,0.0,0.0,2002,radio,0.5
4,4,lr1e-04_bs32_modL1_fusion64_fusionL1_drop0p2_trmiss50_trlocradio,32,0.0001,1,64,1,0.2,lr1e-04_bs32_modL1_fusion64_fusionL1_drop0p2_trmiss50_trlocradio,7,0.6148707667986552,0.7126322686672211,0.4655172413793104,0.6160200698280455,0.4,0.0,0.0,0.0,0.0,0.0,0.0,0.0,0.0,0.0,2002,radio,0.5
4,4,lr1e-04_bs32_modL1_fusion64_fusionL1_drop0p2_trmiss50_trlocradio,32,0.0001,1,64,1,0.2,lr1e-04_bs32_modL1_fusion64_fusionL1_drop0p2_trmiss50_trlocradio,8,0.5936946272850037,0.7129985094070435,0.46551724137931033,0.6175911005775253,0.4,0.0,0.0,0.0,0.0,0.0,0.0,0.0,0.0,0.0,2002,radio,0.5
4,4,lr1e-04_bs32_modL1_fusion64_fusionL1_drop0p2_trmiss50_trlocradio,32,0.0001,1,64,1,0.2,lr1e-04_bs32_modL1_fusion64_fusionL1_drop0p2_trmiss50_trlocradio,9,0.5810859600702921,0.7157405614852905,0.46336206896551724,0.6213727806916037,0.4,0.0,0.0,0.0,0.0,0.0,0.0,0.0,0.0,0.0,2002,radio,0.5
4,4,lr1e-04_bs32_modL1_fusion64_fusionL1_drop0p2_trmiss50_trlocradio,32,0.0001,1,64,1,0.2,lr1e-04_bs32_modL1_fusion64_fusionL1_drop0p2_trmiss50_trlocradio,10,0.5692711075146993,0.712284505367279,0.44612068965517243,0.6045393180452412,0.4,0.0,0.0,0.0,0.0,0.0,0.0,0.0,0.0,0.0,2002,radio,0.5
4,4,lr1e-04_bs32_modL1_fusion64_fusionL1_drop0p2_trmiss50_trlocradio,32,0.0001,1,64,1,0.2,lr1e-04_bs32_modL1_fusion64_fusionL1_drop0p2_trmiss50_trlocradio,11,0.5622362991174062,0.7118649780750275,0.43965517241379315,0.6028705513580165,0.37777777777777777,0.0,0.0,0.0,0.0,0.0,0.0,0.0,0.0,0.0,2002,radio,0.5
4,4,lr1e-04_bs32_modL1_fusion64_fusionL1_drop0p2_trmiss50_trlocradio,32,0.0001,1,64,1,0.2,lr1e-04_bs32_modL1_fusion64_fusionL1_drop0p2_trmiss50_trlocradio,12,0.547098308801651,0.7117997705936432,0.4353448275862069,0.6112171597680123,0.4222222222222222,0.0,0.0,0.0,0.0,0.0,0.0,0.0,0.0,0.0,2002,radio,0.5
4,4,lr1e-04_bs32_modL1_fusion64_fusionL1_drop0p2_trmiss50_trlocradio,32,0.0001,1,64,1,0.2,lr1e-04_bs32_modL1_fusion64_fusionL1_drop0p2_trmiss50_trlocradio,13,0.5561091800530752,0.7094911634922028,0.4461206896551724,0.6181271634072248,0.4,0.0,0.0,0.0,0.0,0.0,0.0,0.0,0.0,0.0,2002,radio,0.5
4,4,lr1e-04_bs32_modL1_fusion64_fusionL1_drop0p2_trmiss50_trlocradio,32,0.0001,1,64,1,0.2,lr1e-04_bs32_modL1_fusion64_fusionL1_drop0p2_trmiss50_trlocradio,14,0.5625771780808767,0.7091730237007141,0.45258620689655177,0.6255097956173148,0.4222222222222222,0.0,0.0,0.0,0.0,0.0,0.0,0.0,0.0,0.0,2002,radio,0.5
4,4,lr1e-04_bs32_modL1_fusion64_fusionL1_drop0p2_trmiss50_trlocradio,32,0.0001,1,64,1,0.2,lr1e-04_bs32_modL1_fusion64_fusionL1_drop0p2_trmiss50_trlocradio,15,0.5539426406224569,0.7136289775371552,0.46336206896551724,0.624204875572152,0.4222222222222222,0.0,0.0,0.0,0.0,0.0,0.0,0.0,0.0,0.0,2002,radio,0.5
4,4,lr1e-04_bs32_modL1_fusion64_fusionL1_drop0p2_trmiss50_trlocradio,32,0.0001,1,64,1,0.2,lr1e-04_bs32_modL1_fusion64_fusionL1_drop0p2_trmiss50_trlocradio,16,0.5545258273681005,0.7110218405723572,0.4698275862068966,0.6185492620833499,0.4444444444444444,0.0,0.0,0.0,0.0,0.0,0.0,0.0,0.0,0.0,2002,radio,0.5
4,4,lr1e-04_bs32_modL1_fusion64_fusionL1_drop0p2_trmiss50_trlocradio,32,0.0001,1,64,1,0.2,lr1e-04_bs32_modL1_fusion64_fusionL1_drop0p2_trmiss50_trlocradio,17,0.5239010254542033,0.7130934000015259,0.46120689655172414,0.6069243926998598,0.4444444444444444,0.0,0.0,0.0,0.0,0.0,0.0,0.0,0.0,0.0,2002,radio,0.5
4,4,lr1e-04_bs32_modL1_fusion64_fusionL1_drop0p2_trmiss50_trlocradio,32,0.0001,1,64,1,0.2,lr1e-04_bs32_modL1_fusion64_fusionL1_drop0p2_trmiss50_trlocradio,18,0.548098067442576,0.7179787755012512,0.45474137931034486,0.6055932271736354,0.4222222222222222,0.0,0.0,0.0,0.0,0.0,0.0,0.0,0.0,0.0,2002,radio,0.5
4,4,lr1e-04_bs32_modL1_fusion64_fusionL1_drop0p2_trmiss50_trlocradio,32,0.0001,1,64,1,0.2,lr1e-04_bs32_modL1_fusion64_fusionL1_drop0p2_trmiss50_trlocradio,19,0.5407202144463857,0.720978319644928,0.4418103448275862,0.5912554381276962,0.4222222222222222,0.0,0.0,0.0,0.0,0.0,0.0,0.0,0.0,0.0,2002,radio,0.5
4,4,lr1e-04_bs32_modL1_fusion64_fusionL1_drop0p2_trmiss50_trlocradio,32,0.0001,1,64,1,0.2,lr1e-04_bs32_modL1_fusion64_fusionL1_drop0p2_trmiss50_trlocradio,20,0.5280274252096812,0.7198789119720459,0.44396551724137934,0.5969421149656395,0.4222222222222222,0.0,0.0,0.0,0.0,0.0,0.0,0.0,0.0,0.0,2002,radio,0.5
4,4,lr1e-04_bs32_modL1_fusion64_fusionL1_drop0p2_trmiss50_trlocradio,32,0.0001,1,64,1,0.2,lr1e-04_bs32_modL1_fusion64_fusionL1_drop0p2_trmiss50_trlocradio,21,0.5224757194519043,0.7214044630527496,0.4504310344827586,0.5994024417449105,0.4222222222222222,0.0,0.0,0.0,0.0,0.0,0.0,0.0,0.0,0.0,2002,radio,0.5
4,4,lr1e-04_bs32_modL1_fusion64_fusionL1_drop0p2_trmiss50_trlocradio,32,0.0001,1,64,1,0.2,lr1e-04_bs32_modL1_fusion64_fusionL1_drop0p2_trmiss50_trlocradio,22,0.5236503332853317,0.7201178669929504,0.4525862068965517,0.6036950066176666,0.4444444444444444,0.0,0.0,0.0,0.0,0.0,0.0,0.0,0.0,0.0,2002,radio,0.5
4,4,lr1e-04_bs32_modL1_fusion64_fusionL1_drop0p2_trmiss50_trlocradio,32,0.0001,1,64,1,0.2,lr1e-04_bs32_modL1_fusion64_fusionL1_drop0p2_trmiss50_trlocradio,23,0.5168409099181493,0.7232272028923035,0.4439655172413793,0.597264587768629,0.4222222222222222,0.0,0.0,0.0,0.0,0.0,0.0,0.0,0.0,0.0,2002,radio,0.5
4,4,lr1e-04_bs32_modL1_fusion64_fusionL1_drop0p2_trmiss50_trlocradio,32,0.0001,1,64,1,0.2,lr1e-04_bs32_modL1_fusion64_fusionL1_drop0p2_trmiss50_trlocradio,24,0.5162831246852875,0.7221432328224182,0.4375,0.5974452827680845,0.37777777777777777,0.0,0.0,0.0,0.0,0.0,0.0,0.0,0.0,0.0,2002,radio,0.5
4,4,lr1e-04_bs32_modL1_fusion64_fusionL1_drop0p2_trmiss50_trlocradio,32,0.0001,1,64,1,0.2,lr1e-04_bs32_modL1_fusion64_fusionL1_drop0p2_trmiss50_trlocradio,25,0.5048578977584839,0.720932811498642,0.45258620689655177,0.6058604204695466,0.4,0.0,0.0,0.0,0.0,0.0,0.0,0.0,0.0,0.0,2002,radio,0.5
4,4,lr1e-04_bs32_modL1_fusion64_fusionL1_drop0p1_trmiss50_trlocradio,32,0.0001,1,64,1,0.1,lr1e-04_bs32_modL1_fusion64_fusionL1_drop0p1_trmiss50_trlocradio,1,0.6946515043576559,0.7084528803825378,0.43965517241379315,0.5832225915317178,0.4444444444444444,0.0,0.0,0.0,0.0,0.0,0.0,0.0,0.0,0.0,2002,radio,0.5
4,4,lr1e-04_bs32_modL1_fusion64_fusionL1_drop0p1_trmiss50_trlocradio,32,0.0001,1,64,1,0.1,lr1e-04_bs32_modL1_fusion64_fusionL1_drop0p1_trmiss50_trlocradio,2,0.6510467032591502,0.7093918323516846,0.4806034482758621,0.6168642709402314,0.4888888888888889,0.0,0.0,0.0,0.0,0.0,0.0,0.0,0.0,0.0,2002,radio,0.5
4,4,lr1e-04_bs32_modL1_fusion64_fusionL1_drop0p1_trmiss50_trlocradio,32,0.0001,1,64,1,0.1,lr1e-04_bs32_modL1_fusion64_fusionL1_drop0p1_trmiss50_trlocradio,3,0.6206509371598562,0.712627649307251,0.4806034482758621,0.6177292321708959,0.4444444444444444,0.0,0.0,0.0,0.0,0.0,0.0,0.0,0.0,0.0,2002,radio,0.5
4,4,lr1e-04_bs32_modL1_fusion64_fusionL1_drop0p1_trmiss50_trlocradio,32,0.0001,1,64,1,0.1,lr1e-04_bs32_modL1_fusion64_fusionL1_drop0p1_trmiss50_trlocradio,4,0.5861231486002604,0.7126545608043671,0.4849137931034483,0.6210454479946131,0.4666666666666667,0.0,0.0,0.0,0.0,0.0,0.0,0.0,0.0,0.0,2002,radio,0.5
4,4,lr1e-04_bs32_modL1_fusion64_fusionL1_drop0p1_trmiss50_trlocradio,32,0.0001,1,64,1,0.1,lr1e-04_bs32_modL1_fusion64_fusionL1_drop0p1_trmiss50_trlocradio,5,0.58049609263738,0.7147504985332489,0.5021551724137931,0.6308691083448561,0.4666666666666667,0.0,0.0,0.0,0.0,0.0,0.0,0.0,0.0,0.0,2002,radio,0.5
4,4,lr1e-04_bs32_modL1_fusion64_fusionL1_drop0p1_trmiss50_trlocradio,32,0.0001,1,64,1,0.1,lr1e-04_bs32_modL1_fusion64_fusionL1_drop0p1_trmiss50_trlocradio,6,0.5490509768327078,0.7157367765903473,0.4913793103448276,0.6179311276793544,0.4666666666666667,0.0,0.0,0.0,0.0,0.0,0.0,0.0,0.0,0.0,2002,radio,0.5
4,4,lr1e-04_bs32_modL1_fusion64_fusionL1_drop0p1_trmiss50_trlocradio,32,0.0001,1,64,1,0.1,lr1e-04_bs32_modL1_fusion64_fusionL1_drop0p1_trmiss50_trlocradio,7,0.5352479418118795,0.721715122461319,0.4612068965517241,0.6016369511373542,0.4888888888888889,0.0,0.0,0.0,0.0,0.0,0.0,0.0,0.0,0.0,2002,radio,0.5
4,4,lr1e-04_bs32_modL1_fusion64_fusionL1_drop0p1_trmiss50_trlocradio,32,0.0001,1,64,1,0.1,lr1e-04_bs32_modL1_fusion64_fusionL1_drop0p1_trmiss50_trlocradio,8,0.5150448183218638,0.7244109511375427,0.47629310344827586,0.6114115040852899,0.5111111111111111,0.0,0.0,0.0,0.0,0.0,0.0,0.0,0.0,0.0,2002,radio,0.5
4,4,lr1e-04_bs32_modL1_fusion64_fusionL1_drop0p1_trmiss50_trlocradio,32,0.0001,1,64,1,0.1,lr1e-04_bs32_modL1_fusion64_fusionL1_drop0p1_trmiss50_trlocradio,9,0.5077752222617468,0.7281672060489655,0.4935344827586208,0.6173269405389166,0.5111111111111111,0.0,0.0,0.0,0.0,0.0,0.0,0.0,0.0,0.0,2002,radio,0.5
4,4,lr1e-04_bs32_modL1_fusion64_fusionL1_drop0p1_trmiss50_trlocradio,32,0.0001,1,64,1,0.1,lr1e-04_bs32_modL1_fusion64_fusionL1_drop0p1_trmiss50_trlocradio,10,0.5013666103283564,0.7279746532440186,0.4956896551724138,0.6161550489222102,0.5111111111111111,0.0,0.0,0.0,0.0,0.0,0.0,0.0,0.0,0.0,2002,radio,0.5
4,4,lr1e-04_bs32_modL1_fusion64_fusionL1_drop0p1_trmiss50_trlocradio,32,0.0001,1,64,1,0.1,lr1e-04_bs32_modL1_fusion64_fusionL1_drop0p1_trmiss50_trlocradio,11,0.49635664621988934,0.729404628276825,0.4806034482758621,0.6168893663177162,0.5111111111111111,0.0,0.0,0.0,0.0,0.0,0.0,0.0,0.0,0.0,2002,radio,0.5
4,4,lr1e-04_bs32_modL1_fusion64_fusionL1_drop0p1_trmiss50_trlocradio,32,0.0001,1,64,1,0.1,lr1e-04_bs32_modL1_fusion64_fusionL1_drop0p1_trmiss50_trlocradio,12,0.4958802709976832,0.7342147529125214,0.44612068965517243,0.5958029567388929,0.4888888888888889,0.0,0.0,0.0,0.0,0.0,0.0,0.0,0.0,0.0,2002,radio,0.5
4,4,lr1e-04_bs32_modL1_fusion64_fusionL1_drop0p1_trmiss50_trlocradio,32,0.0001,1,64,1,0.1,lr1e-04_bs32_modL1_fusion64_fusionL1_drop0p1_trmiss50_trlocradio,13,0.4837994227806727,0.7346782386302948,0.44612068965517243,0.5929218809369247,0.4888888888888889,0.0,0.0,0.0,0.0,0.0,0.0,0.0,0.0,0.0,2002,radio,0.5
4,4,lr1e-04_bs32_modL1_fusion64_fusionL1_drop0p1_trmiss50_trlocradio,32,0.0001,1,64,1,0.1,lr1e-04_bs32_modL1_fusion64_fusionL1_drop0p1_trmiss50_trlocradio,14,0.47699423631032306,0.7340317070484161,0.44396551724137934,0.5940168268594569,0.4666666666666667,0.0,0.0,0.0,0.0,0.0,0.0,0.0,0.0,0.0,2002,radio,0.5
4,4,lr1e-04_bs32_modL1_fusion64_fusionL1_drop0p1_trmiss50_trlocradio,32,0.0001,1,64,1,0.1,lr1e-04_bs32_modL1_fusion64_fusionL1_drop0p1_trmiss50_trlocradio,15,0.4735189626614253,0.7373964488506317,0.4353448275862069,0.5891705749472158,0.4666666666666667,0.0,0.0,0.0,0.0,0.0,0.0,0.0,0.0,0.0,2002,radio,0.5
4,4,lr1e-04_bs32_modL1_fusion64_fusionL1_drop0p1_trmiss50_trlocradio,32,0.0001,1,64,1,0.1,lr1e-04_bs32_modL1_fusion64_fusionL1_drop0p1_trmiss50_trlocradio,16,0.4646609624226888,0.7394315600395203,0.43965517241379315,0.5936464533361377,0.4888888888888889,0.0,0.0,0.0,0.0,0.0,0.0,0.0,0.0,0.0,2002,radio,0.5
4,4,lr1e-04_bs32_modL1_fusion64_fusionL1_drop0p1_trmiss50_trlocradio,32,0.0001,1,64,1,0.1,lr1e-04_bs32_modL1_fusion64_fusionL1_drop0p1_trmiss50_trlocradio,17,0.465558926264445,0.739829957485199,0.4288793103448276,0.5892952923749728,0.4666666666666667,0.0,0.0,0.0,0.0,0.0,0.0,0.0,0.0,0.0,2002,radio,0.5
4,4,lr1e-04_bs32_modL1_fusion64_fusionL1_drop0p1_trmiss50_trlocradio,32,0.0001,1,64,1,0.1,lr1e-04_bs32_modL1_fusion64_fusionL1_drop0p1_trmiss50_trlocradio,18,0.46289411187171936,0.7411374449729919,0.4418103448275862,0.5942918622176643,0.4666666666666667,0.0,0.0,0.0,0.0,0.0,0.0,0.0,0.0,0.0,2002,radio,0.5
4,4,lr1e-04_bs32_modL1_fusion64_fusionL1_drop0p1_trmiss50_trlocradio,32,0.0001,1,64,1,0.1,lr1e-04_bs32_modL1_fusion64_fusionL1_drop0p1_trmiss50_trlocradio,19,0.4559807429711024,0.7412291765213013,0.4331896551724138,0.5908210253149029,0.4888888888888889,0.0,0.0,0.0,0.0,0.0,0.0,0.0,0.0,0.0,2002,radio,0.5
4,4,lr1e-04_bs32_modL1_fusion64_fusionL1_drop0p1_trmiss50_trlocradio,32,0.0001,1,64,1,0.1,lr1e-04_bs32_modL1_fusion64_fusionL1_drop0p1_trmiss50_trlocradio,20,0.4455071340004603,0.7418580055236816,0.42887931034482757,0.5888590852190885,0.4888888888888889,0.0,0.0,0.0,0.0,0.0,0.0,0.0,0.0,0.0,2002,radio,0.5
4,4,lr1e-04_bs32_modL1_fusion64_fusionL1_drop0p1_trmiss50_trlocradio,32,0.0001,1,64,1,0.1,lr1e-04_bs32_modL1_fusion64_fusionL1_drop0p1_trmiss50_trlocradio,21,0.4456954002380371,0.7425077557563782,0.4181034482758621,0.5826742356264849,0.4888888888888889,0.0,0.0,0.0,0.0,0.0,0.0,0.0,0.0,0.0,2002,radio,0.5
4,4,lr1e-04_bs32_modL1_fusion64_fusionL1_drop0p1_trmiss50_trlocradio,32,0.0001,1,64,1,0.1,lr1e-04_bs32_modL1_fusion64_fusionL1_drop0p1_trmiss50_trlocradio,22,0.4507492780685425,0.7442412674427032,0.42672413793103453,0.5890461167128351,0.4666666666666667,0.0,0.0,0.0,0.0,0.0,0.0,0.0,0.0,0.0,2002,radio,0.5
4,4,lr1e-04_bs32_modL1_fusion64_fusionL1_drop0p1_trmiss50_trlocradio,32,0.0001,1,64,1,0.1,lr1e-04_bs32_modL1_fusion64_fusionL1_drop0p1_trmiss50_trlocradio,23,0.4503269890944163,0.7420608103275299,0.42887931034482757,0.5927922029586085,0.4888888888888889,0.0,0.0,0.0,0.0,0.0,0.0,0.0,0.0,0.0,2002,radio,0.5
4,4,lr1e-04_bs32_modL1_fusion64_fusionL1_drop0p1_trmiss50_trlocradio,32,0.0001,1,64,1,0.1,lr1e-04_bs32_modL1_fusion64_fusionL1_drop0p1_trmiss50_trlocradio,24,0.4427239199479421,0.7413266599178314,0.4245689655172414,0.5891967100646613,0.4444444444444444,0.0,0.0,0.0,0.0,0.0,0.0,0.0,0.0,0.0,2002,radio,0.5
4,4,lr1e-04_bs32_modL1_fusion64_fusionL1_drop0p1_trmiss50_trlocradio,32,0.0001,1,64,1,0.1,lr1e-04_bs32_modL1_fusion64_fusionL1_drop0p1_trmiss50_trlocradio,25,0.43242041766643524,0.7406831681728363,0.4224137931034483,0.5868753217392162,0.4444444444444444,0.0,0.0,0.0,0.0,0.0,0.0,0.0,0.0,0.0,2002,radio,0.5
4,5,lr5e-05_bs16_modL1_fusion32_fusionL1_drop0p2_trmiss50_trlocradio,16,5e-05,1,32,1,0.2,lr5e-05_bs16_modL1_fusion32_fusionL1_drop0p2_trmiss50_trlocradio,1,0.728664497534434,0.6945351362228394,0.4504310344827586,0.6629903310271762,0.5777777777777777,0.0,0.0,0.0,0.0,0.0,0.0,0.0,0.0,0.0,2002,radio,0.5
4,5,lr5e-05_bs16_modL1_fusion32_fusionL1_drop0p2_trmiss50_trlocradio,16,5e-05,1,32,1,0.2,lr5e-05_bs16_modL1_fusion32_fusionL1_drop0p2_trmiss50_trlocradio,2,0.7206307748953501,0.7052125136057535,0.4375,0.6392936279705441,0.4888888888888889,0.0,0.0,0.0,0.0,0.0,0.0,0.0,0.0,0.0,2002,radio,0.5
4,5,lr5e-05_bs16_modL1_fusion32_fusionL1_drop0p2_trmiss50_trlocradio,16,5e-05,1,32,1,0.2,lr5e-05_bs16_modL1_fusion32_fusionL1_drop0p2_trmiss50_trlocradio,3,0.7088629404703776,0.7091069221496582,0.4353448275862069,0.6284366238204633,0.4888888888888889,0.0,0.0,0.0,0.0,0.0,0.0,0.0,0.0,0.0,2002,radio,0.5
4,5,lr5e-05_bs16_modL1_fusion32_fusionL1_drop0p2_trmiss50_trlocradio,16,5e-05,1,32,1,0.2,lr5e-05_bs16_modL1_fusion32_fusionL1_drop0p2_trmiss50_trlocradio,4,0.6696029802163442,0.7154258290926615,0.44181034482758624,0.6317055108842866,0.4444444444444444,0.0,0.0,0.0,0.0,0.0,0.0,0.0,0.0,0.0,2002,radio,0.5
4,5,lr5e-05_bs16_modL1_fusion32_fusionL1_drop0p2_trmiss50_trlocradio,16,5e-05,1,32,1,0.2,lr5e-05_bs16_modL1_fusion32_fusionL1_drop0p2_trmiss50_trlocradio,5,0.6567220588525137,0.7269715269406637,0.4482758620689655,0.6338600622439583,0.5111111111111111,0.0,0.0,0.0,0.0,0.0,0.0,0.0,0.0,0.0,2002,radio,0.5
4,5,lr5e-05_bs16_modL1_fusion32_fusionL1_drop0p2_trmiss50_trlocradio,16,5e-05,1,32,1,0.2,lr5e-05_bs16_modL1_fusion32_fusionL1_drop0p2_trmiss50_trlocradio,6,0.6200314164161682,0.722002367178599,0.45474137931034486,0.6240986069529302,0.5111111111111111,0.0,0.0,0.0,0.0,0.0,0.0,0.0,0.0,0.0,2002,radio,0.5
4,5,lr5e-05_bs16_modL1_fusion32_fusionL1_drop0p2_trmiss50_trlocradio,16,5e-05,1,32,1,0.2,lr5e-05_bs16_modL1_fusion32_fusionL1_drop0p2_trmiss50_trlocradio,7,0.6274743924538294,0.7190282344818115,0.45689655172413796,0.6118662286609886,0.4888888888888889,0.0,0.0,0.0,0.0,0.0,0.0,0.0,0.0,0.0,2002,radio,0.5
4,5,lr5e-05_bs16_modL1_fusion32_fusionL1_drop0p2_trmiss50_trlocradio,16,5e-05,1,32,1,0.2,lr5e-05_bs16_modL1_fusion32_fusionL1_drop0p2_trmiss50_trlocradio,8,0.6244334528843561,0.7174264589945475,0.4547413793103448,0.6340226568765083,0.4888888888888889,0.0,0.0,0.0,0.0,0.0,0.0,0.0,0.0,0.0,2002,radio,0.5
4,5,lr5e-05_bs16_modL1_fusion32_fusionL1_drop0p2_trmiss50_trlocradio,16,5e-05,1,32,1,0.2,lr5e-05_bs16_modL1_fusion32_fusionL1_drop0p2_trmiss50_trlocradio,9,0.6278631389141083,0.7113050421079,0.4612068965517242,0.6197811186218651,0.5111111111111111,0.0,0.0,0.0,0.0,0.0,0.0,0.0,0.0,0.0,2002,radio,0.5
4,5,lr5e-05_bs16_modL1_fusion32_fusionL1_drop0p2_trmiss50_trlocradio,16,5e-05,1,32,1,0.2,lr5e-05_bs16_modL1_fusion32_fusionL1_drop0p2_trmiss50_trlocradio,10,0.5985549539327621,0.7175781528155009,0.4288793103448276,0.6054968840837396,0.5111111111111111,0.0,0.0,0.0,0.0,0.0,0.0,0.0,0.0,0.0,2002,radio,0.5
4,5,lr5e-05_bs16_modL1_fusion32_fusionL1_drop0p2_trmiss50_trlocradio,16,5e-05,1,32,1,0.2,lr5e-05_bs16_modL1_fusion32_fusionL1_drop0p2_trmiss50_trlocradio,11,0.6069024453560511,0.721443752447764,0.43103448275862066,0.5915759469841712,0.5111111111111111,0.0,0.0,0.0,0.0,0.0,0.0,0.0,0.0,0.0,2002,radio,0.5
4,5,lr5e-05_bs16_modL1_fusion32_fusionL1_drop0p2_trmiss50_trlocradio,16,5e-05,1,32,1,0.2,lr5e-05_bs16_modL1_fusion32_fusionL1_drop0p2_trmiss50_trlocradio,12,0.5966850717862447,0.724470059076945,0.42025862068965514,0.5859563178725071,0.4888888888888889,0.0,0.0,0.0,0.0,0.0,0.0,0.0,0.0,0.0,2002,radio,0.5
4,5,lr5e-05_bs16_modL1_fusion32_fusionL1_drop0p2_trmiss50_trlocradio,16,5e-05,1,32,1,0.2,lr5e-05_bs16_modL1_fusion32_fusionL1_drop0p2_trmiss50_trlocradio,13,0.5948896060387293,0.7255129218101501,0.4224137931034483,0.5997947607480152,0.4888888888888889,0.0,0.0,0.0,0.0,0.0,0.0,0.0,0.0,0.0,2002,radio,0.5
4,5,lr5e-05_bs16_modL1_fusion32_fusionL1_drop0p2_trmiss50_trlocradio,16,5e-05,1,32,1,0.2,lr5e-05_bs16_modL1_fusion32_fusionL1_drop0p2_trmiss50_trlocradio,14,0.5919083853562673,0.7308791478474935,0.4461206896551724,0.6375182072875181,0.5111111111111111,0.0,0.0,0.0,0.0,0.0,0.0,0.0,0.0,0.0,2002,radio,0.5
4,5,lr5e-05_bs16_modL1_fusion32_fusionL1_drop0p2_trmiss50_trlocradio,16,5e-05,1,32,1,0.2,lr5e-05_bs16_modL1_fusion32_fusionL1_drop0p2_trmiss50_trlocradio,15,0.6065689524014791,0.7192040085792542,0.42456896551724144,0.6033538960169381,0.4888888888888889,0.0,0.0,0.0,0.0,0.0,0.0,0.0,0.0,0.0,2002,radio,0.5
4,5,lr5e-05_bs16_modL1_fusion32_fusionL1_drop0p2_trmiss50_trlocradio,16,5e-05,1,32,1,0.2,lr5e-05_bs16_modL1_fusion32_fusionL1_drop0p2_trmiss50_trlocradio,16,0.5901970987518629,0.7257420420646667,0.42456896551724144,0.6015692992651264,0.4666666666666667,0.0,0.0,0.0,0.0,0.0,0.0,0.0,0.0,0.0,2002,radio,0.5
4,5,lr5e-05_bs16_modL1_fusion32_fusionL1_drop0p2_trmiss50_trlocradio,16,5e-05,1,32,1,0.2,lr5e-05_bs16_modL1_fusion32_fusionL1_drop0p2_trmiss50_trlocradio,17,0.5875405470530192,0.7254636685053507,0.43965517241379304,0.6290932877018316,0.4888888888888889,0.0,0.0,0.0,0.0,0.0,0.0,0.0,0.0,0.0,2002,radio,0.5
4,5,lr5e-05_bs16_modL1_fusion32_fusionL1_drop0p2_trmiss50_trlocradio,16,5e-05,1,32,1,0.2,lr5e-05_bs16_modL1_fusion32_fusionL1_drop0p2_trmiss50_trlocradio,18,0.5842668463786443,0.7286286354064941,0.43965517241379315,0.607470421469494,0.5111111111111111,0.0,0.0,0.0,0.0,0.0,0.0,0.0,0.0,0.0,2002,radio,0.5
4,5,lr5e-05_bs16_modL1_fusion32_fusionL1_drop0p2_trmiss50_trlocradio,16,5e-05,1,32,1,0.2,lr5e-05_bs16_modL1_fusion32_fusionL1_drop0p2_trmiss50_trlocradio,19,0.550967700779438,0.7195327083269755,0.44612068965517243,0.6115509523782057,0.5111111111111111,0.0,0.0,0.0,0.0,0.0,0.0,0.0,0.0,0.0,2002,radio,0.5
4,5,lr5e-05_bs16_modL1_fusion32_fusionL1_drop0p2_trmiss50_trlocradio,16,5e-05,1,32,1,0.2,lr5e-05_bs16_modL1_fusion32_fusionL1_drop0p2_trmiss50_trlocradio,20,0.5792991320292155,0.7165125211079916,0.45474137931034486,0.6262991711069155,0.5333333333333333,0.0,0.0,0.0,0.0,0.0,0.0,0.0,0.0,0.0,2002,radio,0.5
4,5,lr5e-05_bs16_modL1_fusion32_fusionL1_drop0p2_trmiss50_trlocradio,16,5e-05,1,32,1,0.2,lr5e-05_bs16_modL1_fusion32_fusionL1_drop0p2_trmiss50_trlocradio,21,0.5862620224555334,0.7182855606079102,0.4461206896551724,0.6107217069094725,0.5333333333333333,0.0,0.0,0.0,0.0,0.0,0.0,0.0,0.0,0.0,2002,radio,0.5
4,5,lr5e-05_bs16_modL1_fusion32_fusionL1_drop0p2_trmiss50_trlocradio,16,5e-05,1,32,1,0.2,lr5e-05_bs16_modL1_fusion32_fusionL1_drop0p2_trmiss50_trlocradio,22,0.5928557962179184,0.7235787113507589,0.4288793103448276,0.6010801363901482,0.5333333333333333,0.0,0.0,0.0,0.0,0.0,0.0,0.0,0.0,0.0,2002,radio,0.5
4,5,lr5e-05_bs16_modL1_fusion32_fusionL1_drop0p2_trmiss50_trlocradio,16,5e-05,1,32,1,0.2,lr5e-05_bs16_modL1_fusion32_fusionL1_drop0p2_trmiss50_trlocradio,23,0.5511757036050161,0.7170368035634359,0.4504310344827587,0.6151507845959657,0.5111111111111111,0.0,0.0,0.0,0.0,0.0,0.0,0.0,0.0,0.0,2002,radio,0.5
4,5,lr5e-05_bs16_modL1_fusion32_fusionL1_drop0p2_trmiss50_trlocradio,16,5e-05,1,32,1,0.2,lr5e-05_bs16_modL1_fusion32_fusionL1_drop0p2_trmiss50_trlocradio,24,0.5684453447659811,0.7151832381884257,0.4504310344827586,0.6166089964397119,0.5333333333333333,0.0,0.0,0.0,0.0,0.0,0.0,0.0,0.0,0.0,2002,radio,0.5
4,5,lr5e-05_bs16_modL1_fusion32_fusionL1_drop0p2_trmiss50_trlocradio,16,5e-05,1,32,1,0.2,lr5e-05_bs16_modL1_fusion32_fusionL1_drop0p2_trmiss50_trlocradio,25,0.582637220621109,0.7169893383979797,0.4525862068965517,0.6147048984763047,0.5111111111111111,0.0,0.0,0.0,0.0,0.0,0.0,0.0,0.0,0.0,2002,radio,0.5
4,5,lr5e-05_bs16_modL1_fusion32_fusionL1_drop0p2_trmiss50_trlocradio,16,5e-05,1,32,1,0.2,lr5e-05_bs16_modL1_fusion32_fusionL1_drop0p2_trmiss50_trlocradio,26,0.584121823310852,0.7157339255015055,0.4568965517241379,0.6129818233865614,0.5333333333333333,0.0,0.0,0.0,0.0,0.0,0.0,0.0,0.0,0.0,2002,radio,0.5
4,5,lr5e-05_bs16_modL1_fusion32_fusionL1_drop0p2_trmiss50_trlocradio,16,5e-05,1,32,1,0.2,lr5e-05_bs16_modL1_fusion32_fusionL1_drop0p2_trmiss50_trlocradio,27,0.5651388267676035,0.7167131106058756,0.46336206896551724,0.6203088605736178,0.5111111111111111,0.0,0.0,0.0,0.0,0.0,0.0,0.0,0.0,0.0,2002,radio,0.5
4,5,lr5e-05_bs16_modL1_fusion32_fusionL1_drop0p2_trmiss50_trlocradio,16,5e-05,1,32,1,0.2,lr5e-05_bs16_modL1_fusion32_fusionL1_drop0p2_trmiss50_trlocradio,28,0.6033883641163508,0.717763086160024,0.45905172413793105,0.6244922014608126,0.5333333333333333,0.0,0.0,0.0,0.0,0.0,0.0,0.0,0.0,0.0,2002,radio,0.5
4,5,lr5e-05_bs16_modL1_fusion32_fusionL1_drop0p2_trmiss50_trlocradio,16,5e-05,1,32,1,0.2,lr5e-05_bs16_modL1_fusion32_fusionL1_drop0p2_trmiss50_trlocradio,29,0.5882568458716074,0.7212275862693787,0.44612068965517243,0.6046353335690423,0.5111111111111111,0.0,0.0,0.0,0.0,0.0,0.0,0.0,0.0,0.0,2002,radio,0.5
4,5,lr5e-05_bs16_modL1_fusion32_fusionL1_drop0p2_trmiss50_trlocradio,16,5e-05,1,32,1,0.2,lr5e-05_bs16_modL1_fusion32_fusionL1_drop0p2_trmiss50_trlocradio,30,0.5750192105770111,0.7162516315778097,0.4612068965517241,0.6234588190562549,0.5111111111111111,0.0,0.0,0.0,0.0,0.0,0.0,0.0,0.0,0.0,2002,radio,0.5
4,5,lr5e-05_bs16_modL1_fusion32_fusionL1_drop0p2_trmiss50_trlocradio,16,5e-05,1,32,1,0.2,lr5e-05_bs16_modL1_fusion32_fusionL1_drop0p2_trmiss50_trlocradio,31,0.5559373423457146,0.7129337191581726,0.4525862068965517,0.6102259383102556,0.5111111111111111,0.0,0.0,0.0,0.0,0.0,0.0,0.0,0.0,0.0,2002,radio,0.5
4,5,lr5e-05_bs16_modL1_fusion32_fusionL1_drop0p2_trmiss50_trlocradio,16,5e-05,1,32,1,0.2,lr5e-05_bs16_modL1_fusion32_fusionL1_drop0p2_trmiss50_trlocradio,32,0.556407518684864,0.7204636136690775,0.43103448275862066,0.5963098091404893,0.5111111111111111,0.0,0.0,0.0,0.0,0.0,0.0,0.0,0.0,0.0,2002,radio,0.5
4,5,lr5e-05_bs16_modL1_fusion32_fusionL1_drop0p2_trmiss50_trlocradio,16,5e-05,1,32,1,0.2,lr5e-05_bs16_modL1_fusion32_fusionL1_drop0p2_trmiss50_trlocradio,33,0.5706709225972494,0.7215959628423055,0.4504310344827586,0.6230566838362344,0.5111111111111111,0.0,0.0,0.0,0.0,0.0,0.0,0.0,0.0,0.0,2002,radio,0.5
4,5,lr5e-05_bs16_modL1_fusion32_fusionL1_drop0p2_trmiss50_trlocradio,16,5e-05,1,32,1,0.2,lr5e-05_bs16_modL1_fusion32_fusionL1_drop0p2_trmiss50_trlocradio,34,0.5858570337295532,0.7255011796951294,0.4612068965517241,0.6291593060095816,0.5333333333333333,0.0,0.0,0.0,0.0,0.0,0.0,0.0,0.0,0.0,2002,radio,0.5
4,5,lr5e-05_bs16_modL1_fusion32_fusionL1_drop0p2_trmiss50_trlocradio,16,5e-05,1,32,1,0.2,lr5e-05_bs16_modL1_fusion32_fusionL1_drop0p2_trmiss50_trlocradio,35,0.5812774027387301,0.7190715670585632,0.4547413793103448,0.6218613872351654,0.5111111111111111,0.0,0.0,0.0,0.0,0.0,0.0,0.0,0.0,0.0,2002,radio,0.5
4,5,lr5e-05_bs16_modL1_fusion32_fusionL1_drop0p2_trmiss50_trlocradio,16,5e-05,1,32,1,0.2,lr5e-05_bs16_modL1_fusion32_fusionL1_drop0p2_trmiss50_trlocradio,36,0.5719595452149709,0.7207441131273905,0.45905172413793105,0.6192725085478422,0.5111111111111111,0.0,0.0,0.0,0.0,0.0,0.0,0.0,0.0,0.0,2002,radio,0.5
4,5,lr5e-05_bs16_modL1_fusion32_fusionL1_drop0p2_trmiss50_trlocradio,16,5e-05,1,32,1,0.2,lr5e-05_bs16_modL1_fusion32_fusionL1_drop0p2_trmiss50_trlocradio,37,0.5683806935946146,0.7245136102040609,0.45905172413793105,0.626743062715311,0.5333333333333333,0.0,0.0,0.0,0.0,0.0,0.0,0.0,0.0,0.0,2002,radio,0.5
4,5,lr5e-05_bs16_modL1_fusion32_fusionL1_drop0p2_trmiss50_trlocradio,16,5e-05,1,32,1,0.2,lr5e-05_bs16_modL1_fusion32_fusionL1_drop0p2_trmiss50_trlocradio,38,0.5456996510426203,0.7203075885772705,0.4568965517241379,0.618728408658708,0.5111111111111111,0.0,0.0,0.0,0.0,0.0,0.0,0.0,0.0,0.0,2002,radio,0.5
4,5,lr5e-05_bs16_modL1_fusion32_fusionL1_drop0p2_trmiss50_trlocradio,16,5e-05,1,32,1,0.2,lr5e-05_bs16_modL1_fusion32_fusionL1_drop0p2_trmiss50_trlocradio,39,0.5725403055548668,0.7167718211809794,0.4612068965517241,0.6253693602836391,0.5333333333333333,0.0,0.0,0.0,0.0,0.0,0.0,0.0,0.0,0.0,2002,radio,0.5
4,5,lr5e-05_bs16_modL1_fusion32_fusionL1_drop0p2_trmiss50_trlocradio,16,5e-05,1,32,1,0.2,lr5e-05_bs16_modL1_fusion32_fusionL1_drop0p2_trmiss50_trlocradio,40,0.5470014462868372,0.7141394019126892,0.45905172413793105,0.623053787138871,0.4888888888888889,0.0,0.0,0.0,0.0,0.0,0.0,0.0,0.0,0.0,2002,radio,0.5
4,5,lr5e-05_bs16_modL1_fusion32_fusionL1_drop0p2_trmiss50_trlocradio,16,5e-05,1,32,1,0.2,lr5e-05_bs16_modL1_fusion32_fusionL1_drop0p2_trmiss50_trlocradio,41,0.5899629046519598,0.7201871673266093,0.45474137931034486,0.6111771602832828,0.5333333333333333,0.0,0.0,0.0,0.0,0.0,0.0,0.0,0.0,0.0,2002,radio,0.5
4,5,lr5e-05_bs16_modL1_fusion32_fusionL1_drop0p2_trmiss50_trlocradio,16,5e-05,1,32,1,0.2,lr5e-05_bs16_modL1_fusion32_fusionL1_drop0p2_trmiss50_trlocradio,42,0.5700247585773468,0.7273203730583191,0.4612068965517241,0.6183269976455681,0.5111111111111111,0.0,0.0,0.0,0.0,0.0,0.0,0.0,0.0,0.0,2002,radio,0.5
4,5,lr5e-05_bs16_modL1_fusion32_fusionL1_drop0p2_trmiss50_trlocradio,16,5e-05,1,32,1,0.2,lr5e-05_bs16_modL1_fusion32_fusionL1_drop0p2_trmiss50_trlocradio,43,0.572281077504158,0.72087295850118,0.4353448275862069,0.6004660819301292,0.5111111111111111,0.0,0.0,0.0,0.0,0.0,0.0,0.0,0.0,0.0,2002,radio,0.5
4,5,lr5e-05_bs16_modL1_fusion32_fusionL1_drop0p2_trmiss50_trlocradio,16,5e-05,1,32,1,0.2,lr5e-05_bs16_modL1_fusion32_fusionL1_drop0p2_trmiss50_trlocradio,44,0.538949636121591,0.7234174807866415,0.43965517241379315,0.6094503765641783,0.5333333333333333,0.0,0.0,0.0,0.0,0.0,0.0,0.0,0.0,0.0,2002,radio,0.5
4,5,lr5e-05_bs16_modL1_fusion32_fusionL1_drop0p2_trmiss50_trlocradio,16,5e-05,1,32,1,0.2,lr5e-05_bs16_modL1_fusion32_fusionL1_drop0p2_trmiss50_trlocradio,45,0.5490785365303358,0.7219887574513754,0.4525862068965517,0.6172673913354814,0.5333333333333333,0.0,0.0,0.0,0.0,0.0,0.0,0.0,0.0,0.0,2002,radio,0.5
4,5,lr5e-05_bs16_modL1_fusion32_fusionL1_drop0p2_trmiss50_trlocradio,16,5e-05,1,32,1,0.2,lr5e-05_bs16_modL1_fusion32_fusionL1_drop0p2_trmiss50_trlocradio,46,0.5660985906918844,0.7223925987879435,0.44396551724137934,0.6059599012605964,0.5111111111111111,0.0,0.0,0.0,0.0,0.0,0.0,0.0,0.0,0.0,2002,radio,0.5
4,5,lr5e-05_bs16_modL1_fusion32_fusionL1_drop0p2_trmiss50_trlocradio,16,5e-05,1,32,1,0.2,lr5e-05_bs16_modL1_fusion32_fusionL1_drop0p2_trmiss50_trlocradio,47,0.573202500740687,0.7211458086967468,0.4655172413793104,0.6241949555096172,0.5333333333333333,0.0,0.0,0.0,0.0,0.0,0.0,0.0,0.0,0.0,2002,radio,0.5
4,5,lr5e-05_bs16_modL1_fusion32_fusionL1_drop0p2_trmiss50_trlocradio,16,5e-05,1,32,1,0.2,lr5e-05_bs16_modL1_fusion32_fusionL1_drop0p2_trmiss50_trlocradio,48,0.5835931648810705,0.7216043273607889,0.4676724137931034,0.6367650608261565,0.5333333333333333,0.0,0.0,0.0,0.0,0.0,0.0,0.0,0.0,0.0,2002,radio,0.5
4,5,lr5e-05_bs16_modL1_fusion32_fusionL1_drop0p2_trmiss50_trlocradio,16,5e-05,1,32,1,0.2,lr5e-05_bs16_modL1_fusion32_fusionL1_drop0p2_trmiss50_trlocradio,49,0.5522802472114563,0.7227528095245361,0.4525862068965517,0.621467522756653,0.5555555555555556,0.0,0.0,0.0,0.0,0.0,0.0,0.0,0.0,0.0,2002,radio,0.5
4,5,lr5e-05_bs16_modL1_fusion32_fusionL1_drop0p2_trmiss50_trlocradio,16,5e-05,1,32,1,0.2,lr5e-05_bs16_modL1_fusion32_fusionL1_drop0p2_trmiss50_trlocradio,50,0.5894992798566818,0.7167201638221741,0.45689655172413796,0.6233384874035702,0.5333333333333333,0.0,0.0,0.0,0.0,0.0,0.0,0.0,0.0,0.0,2002,radio,0.5
4,5,lr5e-05_bs16_modL1_fusion32_fusionL1_drop0p2_trmiss50_trlocradio,16,5e-05,1,32,1,0.2,lr5e-05_bs16_modL1_fusion32_fusionL1_drop0p2_trmiss50_trlocradio,51,0.5488973806301752,0.7203045884768168,0.46336206896551724,0.6156561616209437,0.5333333333333333,0.0,0.0,0.0,0.0,0.0,0.0,0.0,0.0,0.0,2002,radio,0.5
4,5,lr5e-05_bs16_modL1_fusion32_fusionL1_drop0p2_trmiss50_trlocradio,16,5e-05,1,32,1,0.2,lr5e-05_bs16_modL1_fusion32_fusionL1_drop0p2_trmiss50_trlocradio,52,0.5484943042198817,0.7217591404914856,0.4482758620689655,0.6173604362520946,0.5333333333333333,0.0,0.0,0.0,0.0,0.0,0.0,0.0,0.0,0.0,2002,radio,0.5
4,5,lr5e-05_bs16_modL1_fusion32_fusionL1_drop0p2_trmiss50_trlocradio,16,5e-05,1,32,1,0.2,lr5e-05_bs16_modL1_fusion32_fusionL1_drop0p2_trmiss50_trlocradio,53,0.5645316938559214,0.7258358200391134,0.43103448275862066,0.5977111799785081,0.5111111111111111,0.0,0.0,0.0,0.0,0.0,0.0,0.0,0.0,0.0,2002,radio,0.5
4,5,lr5e-05_bs16_modL1_fusion32_fusionL1_drop0p2_trmiss50_trlocradio,16,5e-05,1,32,1,0.2,lr5e-05_bs16_modL1_fusion32_fusionL1_drop0p2_trmiss50_trlocradio,54,0.5709862361351649,0.725608209768931,0.46120689655172414,0.6224468199633262,0.5111111111111111,0.0,0.0,0.0,0.0,0.0,0.0,0.0,0.0,0.0,2002,radio,0.5
4,5,lr5e-05_bs16_modL1_fusion32_fusionL1_drop0p2_trmiss50_trlocradio,16,5e-05,1,32,1,0.2,lr5e-05_bs16_modL1_fusion32_fusionL1_drop0p2_trmiss50_trlocradio,55,0.5745759358008703,0.7268298069636027,0.4461206896551724,0.6109677468607275,0.5333333333333333,0.0,0.0,0.0,0.0,0.0,0.0,0.0,0.0,0.0,2002,radio,0.5
4,5,lr5e-05_bs16_modL1_fusion32_fusionL1_drop0p2_trmiss50_trlocradio,16,5e-05,1,32,1,0.2,lr5e-05_bs16_modL1_fusion32_fusionL1_drop0p2_trmiss50_trlocradio,56,0.5611764887968699,0.7231859962145487,0.4482758620689655,0.6196553015377058,0.5111111111111111,0.0,0.0,0.0,0.0,0.0,0.0,0.0,0.0,0.0,2002,radio,0.5
4,5,lr5e-05_bs16_modL1_fusion32_fusionL1_drop0p2_trmiss50_trlocradio,16,5e-05,1,32,1,0.2,lr5e-05_bs16_modL1_fusion32_fusionL1_drop0p2_trmiss50_trlocradio,57,0.5817050685485204,0.7229702472686768,0.43965517241379315,0.604163980454274,0.5333333333333333,0.0,0.0,0.0,0.0,0.0,0.0,0.0,0.0,0.0,2002,radio,0.5
4,5,lr5e-05_bs16_modL1_fusion32_fusionL1_drop0p2_trmiss50_trlocradio,16,5e-05,1,32,1,0.2,lr5e-05_bs16_modL1_fusion32_fusionL1_drop0p2_trmiss50_trlocradio,58,0.5748086298505465,0.7213430007298788,0.44396551724137934,0.6098782282477339,0.5333333333333333,0.0,0.0,0.0,0.0,0.0,0.0,0.0,0.0,0.0,2002,radio,0.5
4,5,lr5e-05_bs16_modL1_fusion32_fusionL1_drop0p2_trmiss50_trlocradio,16,5e-05,1,32,1,0.2,lr5e-05_bs16_modL1_fusion32_fusionL1_drop0p2_trmiss50_trlocradio,59,0.5672309796015421,0.7192108829816183,0.4568965517241379,0.6212280991190975,0.5111111111111111,0.0,0.0,0.0,0.0,0.0,0.0,0.0,0.0,0.0,2002,radio,0.5
4,5,lr5e-05_bs16_modL1_fusion32_fusionL1_drop0p2_trmiss50_trlocradio,16,5e-05,1,32,1,0.2,lr5e-05_bs16_modL1_fusion32_fusionL1_drop0p2_trmiss50_trlocradio,60,0.5583207805951437,0.718372126420339,0.46982758620689646,0.6343544117460046,0.5111111111111111,0.0,0.0,0.0,0.0,0.0,0.0,0.0,0.0,0.0,2002,radio,0.5
4,5,lr5e-05_bs16_modL1_fusion32_fusionL1_drop0p2_trmiss50_trlocradio,16,5e-05,1,32,1,0.2,lr5e-05_bs16_modL1_fusion32_fusionL1_drop0p2_trmiss50_trlocradio,61,0.5669520472486814,0.7181598941485087,0.4698275862068966,0.6281694335533914,0.5333333333333333,0.0,0.0,0.0,0.0,0.0,0.0,0.0,0.0,0.0,2002,radio,0.5
4,5,lr5e-05_bs16_modL1_fusion32_fusionL1_drop0p2_trmiss50_trlocradio,16,5e-05,1,32,1,0.2,lr5e-05_bs16_modL1_fusion32_fusionL1_drop0p2_trmiss50_trlocradio,62,0.556047777334849,0.7265754540761312,0.45043103448275856,0.6208841590899999,0.5333333333333333,0.0,0.0,0.0,0.0,0.0,0.0,0.0,0.0,0.0,2002,radio,0.5
4,5,lr5e-05_bs16_modL1_fusion32_fusionL1_drop0p2_trmiss50_trlocradio,16,5e-05,1,32,1,0.2,lr5e-05_bs16_modL1_fusion32_fusionL1_drop0p2_trmiss50_trlocradio,63,0.5780637115240097,0.7301689386367798,0.44396551724137934,0.6165462252268252,0.5333333333333333,0.0,0.0,0.0,0.0,0.0,0.0,0.0,0.0,0.0,2002,radio,0.5
4,5,lr5e-05_bs16_modL1_fusion32_fusionL1_drop0p2_trmiss50_trlocradio,16,5e-05,1,32,1,0.2,lr5e-05_bs16_modL1_fusion32_fusionL1_drop0p2_trmiss50_trlocradio,64,0.5586225291093191,0.7230668067932129,0.43965517241379304,0.6129922876078647,0.5111111111111111,0.0,0.0,0.0,0.0,0.0,0.0,0.0,0.0,0.0,2002,radio,0.5
4,5,lr5e-05_bs16_modL1_fusion32_fusionL1_drop0p2_trmiss50_trlocradio,16,5e-05,1,32,1,0.2,lr5e-05_bs16_modL1_fusion32_fusionL1_drop0p2_trmiss50_trlocradio,65,0.5828921645879745,0.7189543048540751,0.4762931034482759,0.6377583436443851,0.5333333333333333,0.0,0.0,0.0,0.0,0.0,0.0,0.0,0.0,0.0,2002,radio,0.5
4,5,lr5e-05_bs16_modL1_fusion32_fusionL1_drop0p2_trmiss50_trlocradio,16,5e-05,1,32,1,0.2,lr5e-05_bs16_modL1_fusion32_fusionL1_drop0p2_trmiss50_trlocradio,66,0.5751485154032707,0.7195717891057333,0.44827586206896547,0.6086556143869031,0.4888888888888889,0.0,0.0,0.0,0.0,0.0,0.0,0.0,0.0,0.0,2002,radio,0.5
4,5,lr5e-05_bs16_modL1_fusion32_fusionL1_drop0p2_trmiss50_trlocradio,16,5e-05,1,32,1,0.2,lr5e-05_bs16_modL1_fusion32_fusionL1_drop0p2_trmiss50_trlocradio,67,0.5521812637646993,0.7152755260467529,0.4525862068965517,0.6213957355380222,0.5333333333333333,0.0,0.0,0.0,0.0,0.0,0.0,0.0,0.0,0.0,2002,radio,0.5
4,5,lr5e-05_bs16_modL1_fusion32_fusionL1_drop0p2_trmiss50_trlocradio,16,5e-05,1,32,1,0.2,lr5e-05_bs16_modL1_fusion32_fusionL1_drop0p2_trmiss50_trlocradio,68,0.572906012336413,0.7219169537226359,0.4676724137931034,0.6311141091453022,0.5111111111111111,0.0,0.0,0.0,0.0,0.0,0.0,0.0,0.0,0.0,2002,radio,0.5
4,5,lr5e-05_bs16_modL1_fusion32_fusionL1_drop0p2_trmiss50_trlocradio,16,5e-05,1,32,1,0.2,lr5e-05_bs16_modL1_fusion32_fusionL1_drop0p2_trmiss50_trlocradio,69,0.5554764916499456,0.7150245507558187,0.4612068965517242,0.6253687358010446,0.5777777777777777,0.0,0.0,0.0,0.0,0.0,0.0,0.0,0.0,0.0,2002,radio,0.5
4,5,lr5e-05_bs16_modL1_fusion32_fusionL1_drop0p2_trmiss50_trlocradio,16,5e-05,1,32,1,0.2,lr5e-05_bs16_modL1_fusion32_fusionL1_drop0p2_trmiss50_trlocradio,70,0.5693631867567698,0.7272014021873474,0.4568965517241379,0.618891573589079,0.5111111111111111,0.0,0.0,0.0,0.0,0.0,0.0,0.0,0.0,0.0,2002,radio,0.5
4,5,lr5e-05_bs16_modL1_fusion32_fusionL1_drop0p2_trmiss50_trlocradio,16,5e-05,1,32,1,0.2,lr5e-05_bs16_modL1_fusion32_fusionL1_drop0p2_trmiss50_trlocradio,71,0.5499204198519388,0.7226911783218384,0.4655172413793104,0.626895562471606,0.5555555555555556,0.0,0.0,0.0,0.0,0.0,0.0,0.0,0.0,0.0,2002,radio,0.5
4,5,lr5e-05_bs16_modL1_fusion32_fusionL1_drop0p2_trmiss50_trlocradio,16,5e-05,1,32,1,0.2,lr5e-05_bs16_modL1_fusion32_fusionL1_drop0p2_trmiss50_trlocradio,72,0.5851357330878576,0.7211198210716248,0.4525862068965517,0.6214445530792333,0.5111111111111111,0.0,0.0,0.0,0.0,0.0,0.0,0.0,0.0,0.0,2002,radio,0.5
4,5,lr5e-05_bs16_modL1_fusion32_fusionL1_drop0p2_trmiss50_trlocradio,16,5e-05,1,32,1,0.2,lr5e-05_bs16_modL1_fusion32_fusionL1_drop0p2_trmiss50_trlocradio,73,0.551241065065066,0.7225964466730753,0.4525862068965517,0.6184685883030104,0.5333333333333333,0.0,0.0,0.0,0.0,0.0,0.0,0.0,0.0,0.0,2002,radio,0.5
4,5,lr5e-05_bs16_modL1_fusion32_fusionL1_drop0p2_trmiss50_trlocradio,16,5e-05,1,32,1,0.2,lr5e-05_bs16_modL1_fusion32_fusionL1_drop0p2_trmiss50_trlocradio,74,0.5524843335151672,0.7212740381558737,0.4482758620689655,0.6055166051961909,0.5111111111111111,0.0,0.0,0.0,0.0,0.0,0.0,0.0,0.0,0.0,2002,radio,0.5
4,5,lr5e-05_bs16_modL1_fusion32_fusionL1_drop0p2_trmiss50_trlocradio,16,5e-05,1,32,1,0.2,lr5e-05_bs16_modL1_fusion32_fusionL1_drop0p2_trmiss50_trlocradio,75,0.5505055983861288,0.7265656193097433,0.44181034482758624,0.6212966244924162,0.4888888888888889,0.0,0.0,0.0,0.0,0.0,0.0,0.0,0.0,0.0,2002,radio,0.5
4,5,lr5e-05_bs16_modL1_fusion32_fusionL1_drop0p2_trmiss50_trlocradio,16,5e-05,1,32,1,0.2,lr5e-05_bs16_modL1_fusion32_fusionL1_drop0p2_trmiss50_trlocradio,76,0.5794501602649689,0.7231759031613668,0.4461206896551724,0.6167499858483215,0.5333333333333333,0.0,0.0,0.0,0.0,0.0,0.0,0.0,0.0,0.0,2002,radio,0.5
4,5,lr5e-05_bs16_modL1_fusion32_fusionL1_drop0p2_trmiss50_trlocradio,16,5e-05,1,32,1,0.2,lr5e-05_bs16_modL1_fusion32_fusionL1_drop0p2_trmiss50_trlocradio,77,0.5681423346201578,0.7251823743184408,0.4482758620689655,0.613684534933065,0.5111111111111111,0.0,0.0,0.0,0.0,0.0,0.0,0.0,0.0,0.0,2002,radio,0.5
4,5,lr5e-05_bs16_modL1_fusion32_fusionL1_drop0p2_trmiss50_trlocradio,16,5e-05,1,32,1,0.2,lr5e-05_bs16_modL1_fusion32_fusionL1_drop0p2_trmiss50_trlocradio,78,0.5812158683935801,0.7269129951794943,0.4482758620689655,0.614094390556657,0.5333333333333333,0.0,0.0,0.0,0.0,0.0,0.0,0.0,0.0,0.0,2002,radio,0.5
4,5,lr5e-05_bs16_modL1_fusion32_fusionL1_drop0p2_trmiss50_trlocradio,16,5e-05,1,32,1,0.2,lr5e-05_bs16_modL1_fusion32_fusionL1_drop0p2_trmiss50_trlocradio,79,0.5450448095798492,0.7246834834416708,0.4525862068965517,0.617853323483947,0.5111111111111111,0.0,0.0,0.0,0.0,0.0,0.0,0.0,0.0,0.0,2002,radio,0.5
4,5,lr5e-05_bs16_modL1_fusion32_fusionL1_drop0p2_trmiss50_trlocradio,16,5e-05,1,32,1,0.2,lr5e-05_bs16_modL1_fusion32_fusionL1_drop0p2_trmiss50_trlocradio,80,0.5491868307193121,0.7222822705904642,0.4504310344827586,0.617207063613549,0.5111111111111111,0.0,0.0,0.0,0.0,0.0,0.0,0.0,0.0,0.0,2002,radio,0.5
4,5,lr5e-05_bs16_modL1_fusion32_fusionL1_drop0p1_trmiss50_trlocradio,16,5e-05,1,32,1,0.1,lr5e-05_bs16_modL1_fusion32_fusionL1_drop0p1_trmiss50_trlocradio,1,0.6776304543018341,0.6922560731569926,0.44612068965517243,0.6403910773184531,0.5111111111111111,0.0,0.0,0.0,0.0,0.0,0.0,0.0,0.0,0.0,2002,radio,0.5
4,5,lr5e-05_bs16_modL1_fusion32_fusionL1_drop0p1_trmiss50_trlocradio,16,5e-05,1,32,1,0.1,lr5e-05_bs16_modL1_fusion32_fusionL1_drop0p1_trmiss50_trlocradio,2,0.6554398487011591,0.6888364950815836,0.44181034482758624,0.6392269831856064,0.5555555555555556,0.0,0.0,0.0,0.0,0.0,0.0,0.0,0.0,0.0,2002,radio,0.5
4,5,lr5e-05_bs16_modL1_fusion32_fusionL1_drop0p1_trmiss50_trlocradio,16,5e-05,1,32,1,0.1,lr5e-05_bs16_modL1_fusion32_fusionL1_drop0p1_trmiss50_trlocradio,3,0.6317324737707773,0.6828515728314718,0.4612068965517242,0.6553084105858606,0.5111111111111111,0.0,0.0,0.0,0.0,0.0,0.0,0.0,0.0,0.0,2002,radio,0.5
4,5,lr5e-05_bs16_modL1_fusion32_fusionL1_drop0p1_trmiss50_trlocradio,16,5e-05,1,32,1,0.1,lr5e-05_bs16_modL1_fusion32_fusionL1_drop0p1_trmiss50_trlocradio,4,0.6136669814586639,0.6861890554428101,0.459051724137931,0.6496387477409591,0.5333333333333333,0.0,0.0,0.0,0.0,0.0,0.0,0.0,0.0,0.0,2002,radio,0.5
4,5,lr5e-05_bs16_modL1_fusion32_fusionL1_drop0p1_trmiss50_trlocradio,16,5e-05,1,32,1,0.1,lr5e-05_bs16_modL1_fusion32_fusionL1_drop0p1_trmiss50_trlocradio,5,0.6051970422267914,0.6789790391921997,0.46551724137931033,0.6524752968901975,0.5555555555555556,0.0,0.0,0.0,0.0,0.0,0.0,0.0,0.0,0.0,2002,radio,0.5
4,5,lr5e-05_bs16_modL1_fusion32_fusionL1_drop0p1_trmiss50_trlocradio,16,5e-05,1,32,1,0.1,lr5e-05_bs16_modL1_fusion32_fusionL1_drop0p1_trmiss50_trlocradio,6,0.5911527276039124,0.6721213459968567,0.49137931034482757,0.6839611056253577,0.5777777777777777,0.0,0.0,0.0,0.0,0.0,0.0,0.0,0.0,0.0,2002,radio,0.5
4,5,lr5e-05_bs16_modL1_fusion32_fusionL1_drop0p1_trmiss50_trlocradio,16,5e-05,1,32,1,0.1,lr5e-05_bs16_modL1_fusion32_fusionL1_drop0p1_trmiss50_trlocradio,7,0.5887976040442785,0.6799064874649048,0.4698275862068966,0.6817246684700144,0.4888888888888889,0.0,0.0,0.0,0.0,0.0,0.0,0.0,0.0,0.0,2002,radio,0.5
4,5,lr5e-05_bs16_modL1_fusion32_fusionL1_drop0p1_trmiss50_trlocradio,16,5e-05,1,32,1,0.1,lr5e-05_bs16_modL1_fusion32_fusionL1_drop0p1_trmiss50_trlocradio,8,0.5734727332989374,0.6758409937222799,0.4870689655172414,0.6744316985551043,0.5333333333333333,0.0,0.0,0.0,0.0,0.0,0.0,0.0,0.0,0.0,2002,radio,0.5
4,5,lr5e-05_bs16_modL1_fusion32_fusionL1_drop0p1_trmiss50_trlocradio,16,5e-05,1,32,1,0.1,lr5e-05_bs16_modL1_fusion32_fusionL1_drop0p1_trmiss50_trlocradio,9,0.5693568537632624,0.6822348435719808,0.4698275862068966,0.6688167232165761,0.5333333333333333,0.0,0.0,0.0,0.0,0.0,0.0,0.0,0.0,0.0,2002,radio,0.5
4,5,lr5e-05_bs16_modL1_fusion32_fusionL1_drop0p1_trmiss50_trlocradio,16,5e-05,1,32,1,0.1,lr5e-05_bs16_modL1_fusion32_fusionL1_drop0p1_trmiss50_trlocradio,10,0.5651281923055649,0.6952516237894694,0.4418103448275862,0.647039594699563,0.5333333333333333,0.0,0.0,0.0,0.0,0.0,0.0,0.0,0.0,0.0,2002,radio,0.5
4,5,lr5e-05_bs16_modL1_fusion32_fusionL1_drop0p1_trmiss50_trlocradio,16,5e-05,1,32,1,0.1,lr5e-05_bs16_modL1_fusion32_fusionL1_drop0p1_trmiss50_trlocradio,11,0.5695938467979431,0.6862419843673706,0.4655172413793104,0.6669692061893728,0.5555555555555556,0.0,0.0,0.0,0.0,0.0,0.0,0.0,0.0,0.0,2002,radio,0.5
4,5,lr5e-05_bs16_modL1_fusion32_fusionL1_drop0p1_trmiss50_trlocradio,16,5e-05,1,32,1,0.1,lr5e-05_bs16_modL1_fusion32_fusionL1_drop0p1_trmiss50_trlocradio,12,0.5474200546741486,0.6762796441713969,0.48060344827586204,0.6849673825187366,0.5555555555555556,0.0,0.0,0.0,0.0,0.0,0.0,0.0,0.0,0.0,2002,radio,0.5
4,5,lr5e-05_bs16_modL1_fusion32_fusionL1_drop0p1_trmiss50_trlocradio,16,5e-05,1,32,1,0.1,lr5e-05_bs16_modL1_fusion32_fusionL1_drop0p1_trmiss50_trlocradio,13,0.539607917269071,0.6781254609425863,0.5021551724137931,0.686051545257245,0.5555555555555556,0.0,0.0,0.0,0.0,0.0,0.0,0.0,0.0,0.0,2002,radio,0.5
4,5,lr5e-05_bs16_modL1_fusion32_fusionL1_drop0p1_trmiss50_trlocradio,16,5e-05,1,32,1,0.1,lr5e-05_bs16_modL1_fusion32_fusionL1_drop0p1_trmiss50_trlocradio,14,0.5377727225422859,0.6745790839195251,0.5,0.6867308590342186,0.6,0.0,0.0,0.0,0.0,0.0,0.0,0.0,0.0,0.0,2002,radio,0.5
4,5,lr5e-05_bs16_modL1_fusion32_fusionL1_drop0p1_trmiss50_trlocradio,16,5e-05,1,32,1,0.1,lr5e-05_bs16_modL1_fusion32_fusionL1_drop0p1_trmiss50_trlocradio,15,0.5377552037437757,0.6741911371548971,0.4849137931034483,0.6844444474675927,0.5777777777777777,0.0,0.0,0.0,0.0,0.0,0.0,0.0,0.0,0.0,2002,radio,0.5
4,5,lr5e-05_bs16_modL1_fusion32_fusionL1_drop0p1_trmiss50_trlocradio,16,5e-05,1,32,1,0.1,lr5e-05_bs16_modL1_fusion32_fusionL1_drop0p1_trmiss50_trlocradio,16,0.5378766705592474,0.6803516745567322,0.4870689655172413,0.6629839632979018,0.5555555555555556,0.0,0.0,0.0,0.0,0.0,0.0,0.0,0.0,0.0,2002,radio,0.5
4,5,lr5e-05_bs16_modL1_fusion32_fusionL1_drop0p1_trmiss50_trlocradio,16,5e-05,1,32,1,0.1,lr5e-05_bs16_modL1_fusion32_fusionL1_drop0p1_trmiss50_trlocradio,17,0.5269201844930649,0.6802204847335815,0.46336206896551724,0.6644515103650536,0.5333333333333333,0.0,0.0,0.0,0.0,0.0,0.0,0.0,0.0,0.0,2002,radio,0.5
4,5,lr5e-05_bs16_modL1_fusion32_fusionL1_drop0p1_trmiss50_trlocradio,16,5e-05,1,32,1,0.1,lr5e-05_bs16_modL1_fusion32_fusionL1_drop0p1_trmiss50_trlocradio,18,0.5208542197942734,0.6769429246584574,0.4849137931034483,0.67058558575885,0.5777777777777777,0.0,0.0,0.0,0.0,0.0,0.0,0.0,0.0,0.0,2002,radio,0.5
4,5,lr5e-05_bs16_modL1_fusion32_fusionL1_drop0p1_trmiss50_trlocradio,16,5e-05,1,32,1,0.1,lr5e-05_bs16_modL1_fusion32_fusionL1_drop0p1_trmiss50_trlocradio,19,0.5285723904768626,0.6752839088439941,0.4956896551724138,0.6882394488997815,0.5777777777777777,0.0,0.0,0.0,0.0,0.0,0.0,0.0,0.0,0.0,2002,radio,0.5
4,5,lr5e-05_bs16_modL1_fusion32_fusionL1_drop0p1_trmiss50_trlocradio,16,5e-05,1,32,1,0.1,lr5e-05_bs16_modL1_fusion32_fusionL1_drop0p1_trmiss50_trlocradio,20,0.5151512498656908,0.6707064509391785,0.5064655172413793,0.6951355037851618,0.5555555555555556,0.0,0.0,0.0,0.0,0.0,0.0,0.0,0.0,0.0,2002,radio,0.5
4,5,lr5e-05_bs16_modL1_fusion32_fusionL1_drop0p1_trmiss50_trlocradio,16,5e-05,1,32,1,0.1,lr5e-05_bs16_modL1_fusion32_fusionL1_drop0p1_trmiss50_trlocradio,21,0.5466863016287485,0.6776272654533386,0.5043103448275863,0.6956713604152502,0.5111111111111111,0.0,0.0,0.0,0.0,0.0,0.0,0.0,0.0,0.0,2002,radio,0.5
4,5,lr5e-05_bs16_modL1_fusion32_fusionL1_drop0p1_trmiss50_trlocradio,16,5e-05,1,32,1,0.1,lr5e-05_bs16_modL1_fusion32_fusionL1_drop0p1_trmiss50_trlocradio,22,0.5015949532389641,0.6807990471522013,0.4870689655172413,0.6874781937340975,0.5111111111111111,0.0,0.0,0.0,0.0,0.0,0.0,0.0,0.0,0.0,2002,radio,0.5
4,5,lr5e-05_bs16_modL1_fusion32_fusionL1_drop0p1_trmiss50_trlocradio,16,5e-05,1,32,1,0.1,lr5e-05_bs16_modL1_fusion32_fusionL1_drop0p1_trmiss50_trlocradio,23,0.5142365197340647,0.6750461061795553,0.48275862068965514,0.6883095064805065,0.5333333333333333,0.0,0.0,0.0,0.0,0.0,0.0,0.0,0.0,0.0,2002,radio,0.5
4,5,lr5e-05_bs16_modL1_fusion32_fusionL1_drop0p1_trmiss50_trlocradio,16,5e-05,1,32,1,0.1,lr5e-05_bs16_modL1_fusion32_fusionL1_drop0p1_trmiss50_trlocradio,24,0.5158555308977762,0.6750489672025045,0.4913793103448276,0.6934294988942079,0.5555555555555556,0.0,0.0,0.0,0.0,0.0,0.0,0.0,0.0,0.0,2002,radio,0.5
4,5,lr5e-05_bs16_modL1_fusion32_fusionL1_drop0p1_trmiss50_trlocradio,16,5e-05,1,32,1,0.1,lr5e-05_bs16_modL1_fusion32_fusionL1_drop0p1_trmiss50_trlocradio,25,0.5207988992333412,0.6773611307144165,0.4849137931034483,0.6934364570412948,0.5555555555555556,0.0,0.0,0.0,0.0,0.0,0.0,0.0,0.0,0.0,2002,radio,0.5
4,5,lr5e-05_bs16_modL1_fusion32_fusionL1_drop0p1_trmiss50_trlocradio,16,5e-05,1,32,1,0.1,lr5e-05_bs16_modL1_fusion32_fusionL1_drop0p1_trmiss50_trlocradio,26,0.5196474840243658,0.6755489706993103,0.48491379310344823,0.6904451051949563,0.5333333333333333,0.0,0.0,0.0,0.0,0.0,0.0,0.0,0.0,0.0,2002,radio,0.5
4,5,lr5e-05_bs16_modL1_fusion32_fusionL1_drop0p1_trmiss50_trlocradio,16,5e-05,1,32,1,0.1,lr5e-05_bs16_modL1_fusion32_fusionL1_drop0p1_trmiss50_trlocradio,27,0.5080243075887362,0.6780853271484375,0.4870689655172414,0.6875838816148606,0.5555555555555556,0.0,0.0,0.0,0.0,0.0,0.0,0.0,0.0,0.0,2002,radio,0.5
4,5,lr5e-05_bs16_modL1_fusion32_fusionL1_drop0p1_trmiss50_trlocradio,16,5e-05,1,32,1,0.1,lr5e-05_bs16_modL1_fusion32_fusionL1_drop0p1_trmiss50_trlocradio,28,0.5248261367281278,0.6785517334938049,0.4913793103448276,0.6894234330880813,0.5777777777777777,0.0,0.0,0.0,0.0,0.0,0.0,0.0,0.0,0.0,2002,radio,0.5
4,5,lr5e-05_bs16_modL1_fusion32_fusionL1_drop0p1_trmiss50_trlocradio,16,5e-05,1,32,1,0.1,lr5e-05_bs16_modL1_fusion32_fusionL1_drop0p1_trmiss50_trlocradio,29,0.5041229128837585,0.6824156045913696,0.47198275862068967,0.6696528649505443,0.4888888888888889,0.0,0.0,0.0,0.0,0.0,0.0,0.0,0.0,0.0,2002,radio,0.5
4,5,lr5e-05_bs16_modL1_fusion32_fusionL1_drop0p1_trmiss50_trlocradio,16,5e-05,1,32,1,0.1,lr5e-05_bs16_modL1_fusion32_fusionL1_drop0p1_trmiss50_trlocradio,30,0.5094944586356481,0.6774841745694479,0.47844827586206895,0.6694141075450247,0.4888888888888889,0.0,0.0,0.0,0.0,0.0,0.0,0.0,0.0,0.0,2002,radio,0.5
4,5,lr5e-05_bs16_modL1_fusion32_fusionL1_drop0p1_trmiss50_trlocradio,16,5e-05,1,32,1,0.1,lr5e-05_bs16_modL1_fusion32_fusionL1_drop0p1_trmiss50_trlocradio,31,0.5023016656438509,0.6773423751195272,0.49353448275862066,0.692523380815365,0.4666666666666667,0.0,0.0,0.0,0.0,0.0,0.0,0.0,0.0,0.0,2002,radio,0.5
4,5,lr5e-05_bs16_modL1_fusion32_fusionL1_drop0p1_trmiss50_trlocradio,16,5e-05,1,32,1,0.1,lr5e-05_bs16_modL1_fusion32_fusionL1_drop0p1_trmiss50_trlocradio,32,0.5080888991554579,0.6706742246945699,0.5043103448275862,0.704565990246304,0.5333333333333333,0.0,0.0,0.0,0.0,0.0,0.0,0.0,0.0,0.0,2002,radio,0.5
4,5,lr5e-05_bs16_modL1_fusion32_fusionL1_drop0p1_trmiss50_trlocradio,16,5e-05,1,32,1,0.1,lr5e-05_bs16_modL1_fusion32_fusionL1_drop0p1_trmiss50_trlocradio,33,0.49567461013793945,0.6773710052172343,0.4870689655172413,0.6864166605444818,0.4666666666666667,0.0,0.0,0.0,0.0,0.0,0.0,0.0,0.0,0.0,2002,radio,0.5
4,5,lr5e-05_bs16_modL1_fusion32_fusionL1_drop0p1_trmiss50_trlocradio,16,5e-05,1,32,1,0.1,lr5e-05_bs16_modL1_fusion32_fusionL1_drop0p1_trmiss50_trlocradio,34,0.5123943661650022,0.679239829381307,0.48275862068965525,0.6806675591196788,0.5111111111111111,0.0,0.0,0.0,0.0,0.0,0.0,0.0,0.0,0.0,2002,radio,0.5
4,5,lr5e-05_bs16_modL1_fusion32_fusionL1_drop0p1_trmiss50_trlocradio,16,5e-05,1,32,1,0.1,lr5e-05_bs16_modL1_fusion32_fusionL1_drop0p1_trmiss50_trlocradio,35,0.5136402895053228,0.6775177121162415,0.4892241379310345,0.6825206946277932,0.5777777777777777,0.0,0.0,0.0,0.0,0.0,0.0,0.0,0.0,0.0,2002,radio,0.5
4,5,lr5e-05_bs16_modL1_fusion32_fusionL1_drop0p1_trmiss50_trlocradio,16,5e-05,1,32,1,0.1,lr5e-05_bs16_modL1_fusion32_fusionL1_drop0p1_trmiss50_trlocradio,36,0.5090168764193853,0.6807751059532166,0.4892241379310345,0.6743852940629612,0.5555555555555556,0.0,0.0,0.0,0.0,0.0,0.0,0.0,0.0,0.0,2002,radio,0.5
4,5,lr5e-05_bs16_modL1_fusion32_fusionL1_drop0p1_trmiss50_trlocradio,16,5e-05,1,32,1,0.1,lr5e-05_bs16_modL1_fusion32_fusionL1_drop0p1_trmiss50_trlocradio,37,0.5015648305416107,0.6819917758305868,0.47629310344827586,0.6730009515939926,0.5111111111111111,0.0,0.0,0.0,0.0,0.0,0.0,0.0,0.0,0.0,2002,radio,0.5
4,5,lr5e-05_bs16_modL1_fusion32_fusionL1_drop0p1_trmiss50_trlocradio,16,5e-05,1,32,1,0.1,lr5e-05_bs16_modL1_fusion32_fusionL1_drop0p1_trmiss50_trlocradio,38,0.5012570520242056,0.6841740409533182,0.47629310344827586,0.6741714450897994,0.4888888888888889,0.0,0.0,0.0,0.0,0.0,0.0,0.0,0.0,0.0,2002,radio,0.5
4,5,lr5e-05_bs16_modL1_fusion32_fusionL1_drop0p1_trmiss50_trlocradio,16,5e-05,1,32,1,0.1,lr5e-05_bs16_modL1_fusion32_fusionL1_drop0p1_trmiss50_trlocradio,39,0.5169728572169939,0.6861392656962076,0.4612068965517241,0.6559535503785411,0.4888888888888889,0.0,0.0,0.0,0.0,0.0,0.0,0.0,0.0,0.0,2002,radio,0.5
4,5,lr5e-05_bs16_modL1_fusion32_fusionL1_drop0p1_trmiss50_trlocradio,16,5e-05,1,32,1,0.1,lr5e-05_bs16_modL1_fusion32_fusionL1_drop0p1_trmiss50_trlocradio,40,0.5050841420888901,0.6863322854042053,0.4482758620689655,0.6468088836928056,0.5333333333333333,0.0,0.0,0.0,0.0,0.0,0.0,0.0,0.0,0.0,2002,radio,0.5
4,5,lr5e-05_bs16_modL1_fusion64_fusionL1_drop0p2_trmiss50_trlocradio,16,5e-05,1,64,1,0.2,lr5e-05_bs16_modL1_fusion64_fusionL1_drop0p2_trmiss50_trlocradio,1,0.7746859093507131,0.7170023520787557,0.5107758620689655,0.7145694590427962,0.4444444444444444,0.0,0.0,0.0,0.0,0.0,0.0,0.0,0.0,0.0,2002,radio,0.5
4,5,lr5e-05_bs16_modL1_fusion64_fusionL1_drop0p2_trmiss50_trlocradio,16,5e-05,1,64,1,0.2,lr5e-05_bs16_modL1_fusion64_fusionL1_drop0p2_trmiss50_trlocradio,2,0.7177801678578059,0.7297448317209879,0.502155172413793,0.7051452781441292,0.4222222222222222,0.0,0.0,0.0,0.0,0.0,0.0,0.0,0.0,0.0,2002,radio,0.5
4,5,lr5e-05_bs16_modL1_fusion64_fusionL1_drop0p2_trmiss50_trlocradio,16,5e-05,1,64,1,0.2,lr5e-05_bs16_modL1_fusion64_fusionL1_drop0p2_trmiss50_trlocradio,3,0.6954391052325567,0.7380220293998718,0.4870689655172414,0.6944941381506199,0.4222222222222222,0.0,0.0,0.0,0.0,0.0,0.0,0.0,0.0,0.0,2002,radio,0.5
4,5,lr5e-05_bs16_modL1_fusion64_fusionL1_drop0p2_trmiss50_trlocradio,16,5e-05,1,64,1,0.2,lr5e-05_bs16_modL1_fusion64_fusionL1_drop0p2_trmiss50_trlocradio,4,0.6896486878395081,0.735524594783783,0.5107758620689655,0.6966627526413086,0.4444444444444444,0.0,0.0,0.0,0.0,0.0,0.0,0.0,0.0,0.0,2002,radio,0.5
4,5,lr5e-05_bs16_modL1_fusion64_fusionL1_drop0p2_trmiss50_trlocradio,16,5e-05,1,64,1,0.2,lr5e-05_bs16_modL1_fusion64_fusionL1_drop0p2_trmiss50_trlocradio,5,0.667236253619194,0.7428162296613058,0.49137931034482757,0.6853341572806174,0.4,0.0,0.0,0.0,0.0,0.0,0.0,0.0,0.0,0.0,2002,radio,0.5
4,5,lr5e-05_bs16_modL1_fusion64_fusionL1_drop0p2_trmiss50_trlocradio,16,5e-05,1,64,1,0.2,lr5e-05_bs16_modL1_fusion64_fusionL1_drop0p2_trmiss50_trlocradio,6,0.6793055931727091,0.7478792468706766,0.46336206896551724,0.6507908742536713,0.4,0.0,0.0,0.0,0.0,0.0,0.0,0.0,0.0,0.0,2002,radio,0.5
4,5,lr5e-05_bs16_modL1_fusion64_fusionL1_drop0p2_trmiss50_trlocradio,16,5e-05,1,64,1,0.2,lr5e-05_bs16_modL1_fusion64_fusionL1_drop0p2_trmiss50_trlocradio,7,0.6546501318613688,0.7464164098103842,0.48491379310344823,0.6829630016588674,0.4222222222222222,0.0,0.0,0.0,0.0,0.0,0.0,0.0,0.0,0.0,2002,radio,0.5
4,5,lr5e-05_bs16_modL1_fusion64_fusionL1_drop0p2_trmiss50_trlocradio,16,5e-05,1,64,1,0.2,lr5e-05_bs16_modL1_fusion64_fusionL1_drop0p2_trmiss50_trlocradio,8,0.6410549481709799,0.7342069149017334,0.5150862068965518,0.700727615420761,0.4666666666666667,0.0,0.0,0.0,0.0,0.0,0.0,0.0,0.0,0.0,2002,radio,0.5
4,5,lr5e-05_bs16_modL1_fusion64_fusionL1_drop0p2_trmiss50_trlocradio,16,5e-05,1,64,1,0.2,lr5e-05_bs16_modL1_fusion64_fusionL1_drop0p2_trmiss50_trlocradio,9,0.6221441278855006,0.7370688319206238,0.49353448275862066,0.677840259099901,0.4444444444444444,0.0,0.0,0.0,0.0,0.0,0.0,0.0,0.0,0.0,2002,radio,0.5
4,5,lr5e-05_bs16_modL1_fusion64_fusionL1_drop0p2_trmiss50_trlocradio,16,5e-05,1,64,1,0.2,lr5e-05_bs16_modL1_fusion64_fusionL1_drop0p2_trmiss50_trlocradio,10,0.6064177403847376,0.7391606171925863,0.4913793103448276,0.6795486507863725,0.4666666666666667,0.0,0.0,0.0,0.0,0.0,0.0,0.0,0.0,0.0,2002,radio,0.5
4,5,lr5e-05_bs16_modL1_fusion64_fusionL1_drop0p2_trmiss50_trlocradio,16,5e-05,1,64,1,0.2,lr5e-05_bs16_modL1_fusion64_fusionL1_drop0p2_trmiss50_trlocradio,11,0.6000759353240331,0.7328807910283407,0.5021551724137931,0.6965565666760468,0.4666666666666667,0.0,0.0,0.0,0.0,0.0,0.0,0.0,0.0,0.0,2002,radio,0.5
4,5,lr5e-05_bs16_modL1_fusion64_fusionL1_drop0p2_trmiss50_trlocradio,16,5e-05,1,64,1,0.2,lr5e-05_bs16_modL1_fusion64_fusionL1_drop0p2_trmiss50_trlocradio,12,0.603098044792811,0.7325318257013956,0.4978448275862069,0.6871812150641762,0.4666666666666667,0.0,0.0,0.0,0.0,0.0,0.0,0.0,0.0,0.0,2002,radio,0.5
4,5,lr5e-05_bs16_modL1_fusion64_fusionL1_drop0p2_trmiss50_trlocradio,16,5e-05,1,64,1,0.2,lr5e-05_bs16_modL1_fusion64_fusionL1_drop0p2_trmiss50_trlocradio,13,0.5987885172168413,0.7289805809656779,0.5064655172413793,0.6951004992364161,0.4444444444444444,0.0,0.0,0.0,0.0,0.0,0.0,0.0,0.0,0.0,2002,radio,0.5
4,5,lr5e-05_bs16_modL1_fusion64_fusionL1_drop0p2_trmiss50_trlocradio,16,5e-05,1,64,1,0.2,lr5e-05_bs16_modL1_fusion64_fusionL1_drop0p2_trmiss50_trlocradio,14,0.594212626417478,0.7282275358835856,0.49353448275862066,0.6787073961075506,0.4666666666666667,0.0,0.0,0.0,0.0,0.0,0.0,0.0,0.0,0.0,2002,radio,0.5
4,5,lr5e-05_bs16_modL1_fusion64_fusionL1_drop0p2_trmiss50_trlocradio,16,5e-05,1,64,1,0.2,lr5e-05_bs16_modL1_fusion64_fusionL1_drop0p2_trmiss50_trlocradio,15,0.586998184521993,0.7376145521799723,0.4741379310344827,0.6708999264904639,0.4,0.0,0.0,0.0,0.0,0.0,0.0,0.0,0.0,0.0,2002,radio,0.5
4,5,lr5e-05_bs16_modL1_fusion64_fusionL1_drop0p2_trmiss50_trlocradio,16,5e-05,1,64,1,0.2,lr5e-05_bs16_modL1_fusion64_fusionL1_drop0p2_trmiss50_trlocradio,16,0.6042718440294266,0.730575700600942,0.4870689655172413,0.6820210566323469,0.4222222222222222,0.0,0.0,0.0,0.0,0.0,0.0,0.0,0.0,0.0,2002,radio,0.5
4,5,lr5e-05_bs16_modL1_fusion64_fusionL1_drop0p2_trmiss50_trlocradio,16,5e-05,1,64,1,0.2,lr5e-05_bs16_modL1_fusion64_fusionL1_drop0p2_trmiss50_trlocradio,17,0.6032128954927126,0.7321467399597168,0.5043103448275863,0.6889675340097775,0.4444444444444444,0.0,0.0,0.0,0.0,0.0,0.0,0.0,0.0,0.0,2002,radio,0.5
4,5,lr5e-05_bs16_modL1_fusion64_fusionL1_drop0p2_trmiss50_trlocradio,16,5e-05,1,64,1,0.2,lr5e-05_bs16_modL1_fusion64_fusionL1_drop0p2_trmiss50_trlocradio,18,0.6030000497897466,0.7374477386474609,0.4913793103448275,0.6593627862880512,0.4444444444444444,0.0,0.0,0.0,0.0,0.0,0.0,0.0,0.0,0.0,2002,radio,0.5
4,5,lr5e-05_bs16_modL1_fusion64_fusionL1_drop0p2_trmiss50_trlocradio,16,5e-05,1,64,1,0.2,lr5e-05_bs16_modL1_fusion64_fusionL1_drop0p2_trmiss50_trlocradio,19,0.5934154192606608,0.736015240351359,0.502155172413793,0.6710824953091095,0.4444444444444444,0.0,0.0,0.0,0.0,0.0,0.0,0.0,0.0,0.0,2002,radio,0.5
4,5,lr5e-05_bs16_modL1_fusion64_fusionL1_drop0p2_trmiss50_trlocradio,16,5e-05,1,64,1,0.2,lr5e-05_bs16_modL1_fusion64_fusionL1_drop0p2_trmiss50_trlocradio,20,0.5879370321830114,0.7406426668167114,0.47198275862068967,0.6569025509745874,0.4444444444444444,0.0,0.0,0.0,0.0,0.0,0.0,0.0,0.0,0.0,2002,radio,0.5
4,5,lr5e-05_bs16_modL1_fusion64_fusionL1_drop0p2_trmiss50_trlocradio,16,5e-05,1,64,1,0.2,lr5e-05_bs16_modL1_fusion64_fusionL1_drop0p2_trmiss50_trlocradio,21,0.5881469796101252,0.73734184106191,0.5086206896551725,0.6927384255857294,0.4666666666666667,0.0,0.0,0.0,0.0,0.0,0.0,0.0,0.0,0.0,2002,radio,0.5
4,5,lr5e-05_bs16_modL1_fusion64_fusionL1_drop0p2_trmiss50_trlocradio,16,5e-05,1,64,1,0.2,lr5e-05_bs16_modL1_fusion64_fusionL1_drop0p2_trmiss50_trlocradio,22,0.5850912034511566,0.7351510922114054,0.5043103448275862,0.6896259297501098,0.4888888888888889,0.0,0.0,0.0,0.0,0.0,0.0,0.0,0.0,0.0,2002,radio,0.5
4,5,lr5e-05_bs16_modL1_fusion64_fusionL1_drop0p2_trmiss50_trlocradio,16,5e-05,1,64,1,0.2,lr5e-05_bs16_modL1_fusion64_fusionL1_drop0p2_trmiss50_trlocradio,23,0.5748652418454488,0.732495109240214,0.5258620689655172,0.7072414391969476,0.4666666666666667,0.0,0.0,0.0,0.0,0.0,0.0,0.0,0.0,0.0,2002,radio,0.5
4,5,lr5e-05_bs16_modL1_fusion64_fusionL1_drop0p2_trmiss50_trlocradio,16,5e-05,1,64,1,0.2,lr5e-05_bs16_modL1_fusion64_fusionL1_drop0p2_trmiss50_trlocradio,24,0.5835195382436117,0.7304142117500305,0.5172413793103448,0.6847781473187435,0.5111111111111111,0.0,0.0,0.0,0.0,0.0,0.0,0.0,0.0,0.0,2002,radio,0.5
4,5,lr5e-05_bs16_modL1_fusion64_fusionL1_drop0p2_trmiss50_trlocradio,16,5e-05,1,64,1,0.2,lr5e-05_bs16_modL1_fusion64_fusionL1_drop0p2_trmiss50_trlocradio,25,0.5705996056397756,0.7320817510286967,0.5344827586206896,0.7018047921328335,0.5333333333333333,0.0,0.0,0.0,0.0,0.0,0.0,0.0,0.0,0.0,2002,radio,0.5
4,5,lr5e-05_bs16_modL1_fusion64_fusionL1_drop0p2_trmiss50_trlocradio,16,5e-05,1,64,1,0.2,lr5e-05_bs16_modL1_fusion64_fusionL1_drop0p2_trmiss50_trlocradio,26,0.5879531179865202,0.7318453391393026,0.5258620689655172,0.6892288168831797,0.4666666666666667,0.0,0.0,0.0,0.0,0.0,0.0,0.0,0.0,0.0,2002,radio,0.5
4,5,lr5e-05_bs16_modL1_fusion64_fusionL1_drop0p2_trmiss50_trlocradio,16,5e-05,1,64,1,0.2,lr5e-05_bs16_modL1_fusion64_fusionL1_drop0p2_trmiss50_trlocradio,27,0.596267394721508,0.7258240183194479,0.543103448275862,0.7187102380988809,0.4888888888888889,0.0,0.0,0.0,0.0,0.0,0.0,0.0,0.0,0.0,2002,radio,0.5
4,5,lr5e-05_bs16_modL1_fusion64_fusionL1_drop0p2_trmiss50_trlocradio,16,5e-05,1,64,1,0.2,lr5e-05_bs16_modL1_fusion64_fusionL1_drop0p2_trmiss50_trlocradio,28,0.5815477122863134,0.7215474049250284,0.5366379310344828,0.7128850467726039,0.4888888888888889,0.0,0.0,0.0,0.0,0.0,0.0,0.0,0.0,0.0,2002,radio,0.5
4,5,lr5e-05_bs16_modL1_fusion64_fusionL1_drop0p2_trmiss50_trlocradio,16,5e-05,1,64,1,0.2,lr5e-05_bs16_modL1_fusion64_fusionL1_drop0p2_trmiss50_trlocradio,29,0.5605050623416901,0.7247263789176941,0.5280172413793104,0.6904867180789062,0.4888888888888889,0.0,0.0,0.0,0.0,0.0,0.0,0.0,0.0,0.0,2002,radio,0.5
4,5,lr5e-05_bs16_modL1_fusion64_fusionL1_drop0p2_trmiss50_trlocradio,16,5e-05,1,64,1,0.2,lr5e-05_bs16_modL1_fusion64_fusionL1_drop0p2_trmiss50_trlocradio,30,0.5823763211568197,0.719139039516449,0.5258620689655172,0.7006924494373193,0.5111111111111111,0.0,0.0,0.0,0.0,0.0,0.0,0.0,0.0,0.0,2002,radio,0.5
4,5,lr5e-05_bs16_modL1_fusion64_fusionL1_drop0p2_trmiss50_trlocradio,16,5e-05,1,64,1,0.2,lr5e-05_bs16_modL1_fusion64_fusionL1_drop0p2_trmiss50_trlocradio,31,0.5834459265073141,0.7256733576456705,0.5107758620689655,0.6947751819328306,0.5333333333333333,0.0,0.0,0.0,0.0,0.0,0.0,0.0,0.0,0.0,2002,radio,0.5
4,5,lr5e-05_bs16_modL1_fusion64_fusionL1_drop0p2_trmiss50_trlocradio,16,5e-05,1,64,1,0.2,lr5e-05_bs16_modL1_fusion64_fusionL1_drop0p2_trmiss50_trlocradio,32,0.5631724074482918,0.7306694587071737,0.521551724137931,0.6885573766591384,0.4666666666666667,0.0,0.0,0.0,0.0,0.0,0.0,0.0,0.0,0.0,2002,radio,0.5
4,5,lr5e-05_bs16_modL1_fusion64_fusionL1_drop0p2_trmiss50_trlocradio,16,5e-05,1,64,1,0.2,lr5e-05_bs16_modL1_fusion64_fusionL1_drop0p2_trmiss50_trlocradio,33,0.5944297512372335,0.7311875224113464,0.5043103448275862,0.6696718397357486,0.4666666666666667,0.0,0.0,0.0,0.0,0.0,0.0,0.0,0.0,0.0,2002,radio,0.5
4,5,lr5e-05_bs16_modL1_fusion64_fusionL1_drop0p2_trmiss50_trlocradio,16,5e-05,1,64,1,0.2,lr5e-05_bs16_modL1_fusion64_fusionL1_drop0p2_trmiss50_trlocradio,34,0.5790558407704035,0.7319188117980957,0.5193965517241379,0.6893878800471375,0.4666666666666667,0.0,0.0,0.0,0.0,0.0,0.0,0.0,0.0,0.0,2002,radio,0.5
4,5,lr5e-05_bs16_modL1_fusion64_fusionL1_drop0p2_trmiss50_trlocradio,16,5e-05,1,64,1,0.2,lr5e-05_bs16_modL1_fusion64_fusionL1_drop0p2_trmiss50_trlocradio,35,0.5797033260265986,0.7306257088979086,0.5344827586206896,0.7033103591314703,0.4888888888888889,0.0,0.0,0.0,0.0,0.0,0.0,0.0,0.0,0.0,2002,radio,0.5
4,5,lr5e-05_bs16_modL1_fusion64_fusionL1_drop0p2_trmiss50_trlocradio,16,5e-05,1,64,1,0.2,lr5e-05_bs16_modL1_fusion64_fusionL1_drop0p2_trmiss50_trlocradio,36,0.5580053627490997,0.7280750274658203,0.5301724137931034,0.6943866169424262,0.4888888888888889,0.0,0.0,0.0,0.0,0.0,0.0,0.0,0.0,0.0,2002,radio,0.5
4,5,lr5e-05_bs16_modL1_fusion64_fusionL1_drop0p2_trmiss50_trlocradio,16,5e-05,1,64,1,0.2,lr5e-05_bs16_modL1_fusion64_fusionL1_drop0p2_trmiss50_trlocradio,37,0.5608644609649976,0.7273364663124084,0.543103448275862,0.709438159195061,0.5111111111111111,0.0,0.0,0.0,0.0,0.0,0.0,0.0,0.0,0.0,2002,radio,0.5
4,5,lr5e-05_bs16_modL1_fusion64_fusionL1_drop0p2_trmiss50_trlocradio,16,5e-05,1,64,1,0.2,lr5e-05_bs16_modL1_fusion64_fusionL1_drop0p2_trmiss50_trlocradio,38,0.5660374859968821,0.7299311757087708,0.5366379310344828,0.7132040351563961,0.4888888888888889,0.0,0.0,0.0,0.0,0.0,0.0,0.0,0.0,0.0,2002,radio,0.5
4,5,lr5e-05_bs16_modL1_fusion64_fusionL1_drop0p2_trmiss50_trlocradio,16,5e-05,1,64,1,0.2,lr5e-05_bs16_modL1_fusion64_fusionL1_drop0p2_trmiss50_trlocradio,39,0.5756567468245825,0.7327144543329874,0.5323275862068966,0.7001433631174052,0.4888888888888889,0.0,0.0,0.0,0.0,0.0,0.0,0.0,0.0,0.0,2002,radio,0.5
4,5,lr5e-05_bs16_modL1_fusion64_fusionL1_drop0p2_trmiss50_trlocradio,16,5e-05,1,64,1,0.2,lr5e-05_bs16_modL1_fusion64_fusionL1_drop0p2_trmiss50_trlocradio,40,0.6071905195713043,0.7340808709462484,0.521551724137931,0.6893749660558401,0.4888888888888889,0.0,0.0,0.0,0.0,0.0,0.0,0.0,0.0,0.0,2002,radio,0.5
4,5,lr5e-05_bs16_modL1_fusion64_fusionL1_drop0p2_trmiss50_trlocradio,16,5e-05,1,64,1,0.2,lr5e-05_bs16_modL1_fusion64_fusionL1_drop0p2_trmiss50_trlocradio,41,0.5469558015465736,0.7277352809906006,0.5344827586206897,0.7088168314167472,0.5111111111111111,0.0,0.0,0.0,0.0,0.0,0.0,0.0,0.0,0.0,2002,radio,0.5
4,5,lr5e-05_bs16_modL1_fusion64_fusionL1_drop0p2_trmiss50_trlocradio,16,5e-05,1,64,1,0.2,lr5e-05_bs16_modL1_fusion64_fusionL1_drop0p2_trmiss50_trlocradio,42,0.5698918153842291,0.7265480160713196,0.5387931034482759,0.7100926772271391,0.5111111111111111,0.0,0.0,0.0,0.0,0.0,0.0,0.0,0.0,0.0,2002,radio,0.5
4,5,lr5e-05_bs16_modL1_fusion64_fusionL1_drop0p2_trmiss50_trlocradio,16,5e-05,1,64,1,0.2,lr5e-05_bs16_modL1_fusion64_fusionL1_drop0p2_trmiss50_trlocradio,43,0.5686917652686437,0.7322290738423666,0.5301724137931034,0.6994187218830438,0.4666666666666667,0.0,0.0,0.0,0.0,0.0,0.0,0.0,0.0,0.0,2002,radio,0.5
4,5,lr5e-05_bs16_modL1_fusion64_fusionL1_drop0p2_trmiss50_trlocradio,16,5e-05,1,64,1,0.2,lr5e-05_bs16_modL1_fusion64_fusionL1_drop0p2_trmiss50_trlocradio,44,0.5760135476787885,0.7328991889953613,0.519396551724138,0.7021719980648923,0.4666666666666667,0.0,0.0,0.0,0.0,0.0,0.0,0.0,0.0,0.0,2002,radio,0.5
4,5,lr5e-05_bs16_modL1_fusion64_fusionL1_drop0p2_trmiss50_trlocradio,16,5e-05,1,64,1,0.2,lr5e-05_bs16_modL1_fusion64_fusionL1_drop0p2_trmiss50_trlocradio,45,0.5782603820164999,0.7296704848607382,0.4827586206896552,0.6657466611084358,0.4888888888888889,0.0,0.0,0.0,0.0,0.0,0.0,0.0,0.0,0.0,2002,radio,0.5
4,5,lr5e-05_bs16_modL1_fusion64_fusionL1_drop0p2_trmiss50_trlocradio,16,5e-05,1,64,1,0.2,lr5e-05_bs16_modL1_fusion64_fusionL1_drop0p2_trmiss50_trlocradio,46,0.579891266922156,0.7362491885821024,0.5193965517241379,0.7016358106957815,0.4666666666666667,0.0,0.0,0.0,0.0,0.0,0.0,0.0,0.0,0.0,2002,radio,0.5
4,5,lr5e-05_bs16_modL1_fusion64_fusionL1_drop0p2_trmiss50_trlocradio,16,5e-05,1,64,1,0.2,lr5e-05_bs16_modL1_fusion64_fusionL1_drop0p2_trmiss50_trlocradio,47,0.573048065106074,0.7332949638366699,0.5086206896551724,0.690576523158093,0.4888888888888889,0.0,0.0,0.0,0.0,0.0,0.0,0.0,0.0,0.0,2002,radio,0.5
4,5,lr5e-05_bs16_modL1_fusion64_fusionL1_drop0p1_trmiss50_trlocradio,16,5e-05,1,64,1,0.1,lr5e-05_bs16_modL1_fusion64_fusionL1_drop0p1_trmiss50_trlocradio,1,0.7180154373248419,0.690761148929596,0.6573275862068966,0.8145950376909903,0.5777777777777777,0.0,0.0,0.0,0.0,0.0,0.0,0.0,0.0,0.0,2002,radio,0.5
4,5,lr5e-05_bs16_modL1_fusion64_fusionL1_drop0p1_trmiss50_trlocradio,16,5e-05,1,64,1,0.1,lr5e-05_bs16_modL1_fusion64_fusionL1_drop0p1_trmiss50_trlocradio,2,0.6678928484519323,0.6815357208251953,0.6982758620689655,0.8304379772305734,0.6,0.0,0.0,0.0,0.0,0.0,0.0,0.0,0.0,0.0,2002,radio,0.5
4,5,lr5e-05_bs16_modL1_fusion64_fusionL1_drop0p1_trmiss50_trlocradio,16,5e-05,1,64,1,0.1,lr5e-05_bs16_modL1_fusion64_fusionL1_drop0p1_trmiss50_trlocradio,3,0.672823836406072,0.680739164352417,0.6831896551724137,0.8250218709720902,0.6,0.0,0.0,0.0,0.0,0.0,0.0,0.0,0.0,0.0,2002,radio,0.5
4,5,lr5e-05_bs16_modL1_fusion64_fusionL1_drop0p1_trmiss50_trlocradio,16,5e-05,1,64,1,0.1,lr5e-05_bs16_modL1_fusion64_fusionL1_drop0p1_trmiss50_trlocradio,4,0.6552989731232325,0.6781063278516134,0.6939655172413792,0.8256869199971303,0.6222222222222222,0.0,0.0,0.0,0.0,0.0,0.0,0.0,0.0,0.0,2002,radio,0.5
4,5,lr5e-05_bs16_modL1_fusion64_fusionL1_drop0p1_trmiss50_trlocradio,16,5e-05,1,64,1,0.1,lr5e-05_bs16_modL1_fusion64_fusionL1_drop0p1_trmiss50_trlocradio,5,0.6239458868900934,0.6780944665273031,0.6788793103448276,0.8178999389549517,0.6,0.0,0.0,0.0,0.0,0.0,0.0,0.0,0.0,0.0,2002,radio,0.5
4,5,lr5e-05_bs16_modL1_fusion64_fusionL1_drop0p1_trmiss50_trlocradio,16,5e-05,1,64,1,0.1,lr5e-05_bs16_modL1_fusion64_fusionL1_drop0p1_trmiss50_trlocradio,6,0.6410926679770151,0.6804340879122416,0.6659482758620691,0.8182609135335677,0.6666666666666666,0.0,0.0,0.0,0.0,0.0,0.0,0.0,0.0,0.0,2002,radio,0.5
4,5,lr5e-05_bs16_modL1_fusion64_fusionL1_drop0p1_trmiss50_trlocradio,16,5e-05,1,64,1,0.1,lr5e-05_bs16_modL1_fusion64_fusionL1_drop0p1_trmiss50_trlocradio,7,0.6285929332176844,0.6709348559379578,0.6745689655172413,0.8243804204949396,0.6666666666666666,0.0,0.0,0.0,0.0,0.0,0.0,0.0,0.0,0.0,2002,radio,0.5
4,5,lr5e-05_bs16_modL1_fusion64_fusionL1_drop0p1_trmiss50_trlocradio,16,5e-05,1,64,1,0.1,lr5e-05_bs16_modL1_fusion64_fusionL1_drop0p1_trmiss50_trlocradio,8,0.60737873117129,0.6583520968755087,0.7068965517241379,0.842487181716955,0.6666666666666666,0.0,0.0,0.0,0.0,0.0,0.0,0.0,0.0,0.0,2002,radio,0.5
4,5,lr5e-05_bs16_modL1_fusion64_fusionL1_drop0p1_trmiss50_trlocradio,16,5e-05,1,64,1,0.1,lr5e-05_bs16_modL1_fusion64_fusionL1_drop0p1_trmiss50_trlocradio,9,0.6115996887286504,0.6591772039731344,0.7047413793103449,0.8462881569152252,0.6444444444444445,0.0,0.0,0.0,0.0,0.0,0.0,0.0,0.0,0.0,2002,radio,0.5
4,5,lr5e-05_bs16_modL1_fusion64_fusionL1_drop0p1_trmiss50_trlocradio,16,5e-05,1,64,1,0.1,lr5e-05_bs16_modL1_fusion64_fusionL1_drop0p1_trmiss50_trlocradio,10,0.5911457041899363,0.6694348851839701,0.6961206896551725,0.8388325402248387,0.6,0.0,0.0,0.0,0.0,0.0,0.0,0.0,0.0,0.0,2002,radio,0.5
4,5,lr5e-05_bs16_modL1_fusion64_fusionL1_drop0p1_trmiss50_trlocradio,16,5e-05,1,64,1,0.1,lr5e-05_bs16_modL1_fusion64_fusionL1_drop0p1_trmiss50_trlocradio,11,0.5994131018718084,0.6601554155349731,0.7004310344827587,0.8393881379412269,0.6444444444444445,0.0,0.0,0.0,0.0,0.0,0.0,0.0,0.0,0.0,2002,radio,0.5
4,5,lr5e-05_bs16_modL1_fusion64_fusionL1_drop0p1_trmiss50_trlocradio,16,5e-05,1,64,1,0.1,lr5e-05_bs16_modL1_fusion64_fusionL1_drop0p1_trmiss50_trlocradio,12,0.5858737826347351,0.6597366333007812,0.7176724137931035,0.8382734678123369,0.6,0.0,0.0,0.0,0.0,0.0,0.0,0.0,0.0,0.0,2002,radio,0.5
4,5,lr5e-05_bs16_modL1_fusion64_fusionL1_drop0p1_trmiss50_trlocradio,16,5e-05,1,64,1,0.1,lr5e-05_bs16_modL1_fusion64_fusionL1_drop0p1_trmiss50_trlocradio,13,0.5680456832051277,0.6525807579358419,0.7262931034482759,0.8512908920301223,0.6666666666666666,0.0,0.0,0.0,0.0,0.0,0.0,0.0,0.0,0.0,2002,radio,0.5
4,5,lr5e-05_bs16_modL1_fusion64_fusionL1_drop0p1_trmiss50_trlocradio,16,5e-05,1,64,1,0.1,lr5e-05_bs16_modL1_fusion64_fusionL1_drop0p1_trmiss50_trlocradio,14,0.5534549355506897,0.6563571890195211,0.7198275862068966,0.8492925695594629,0.6222222222222222,0.0,0.0,0.0,0.0,0.0,0.0,0.0,0.0,0.0,2002,radio,0.5
4,5,lr5e-05_bs16_modL1_fusion64_fusionL1_drop0p1_trmiss50_trlocradio,16,5e-05,1,64,1,0.1,lr5e-05_bs16_modL1_fusion64_fusionL1_drop0p1_trmiss50_trlocradio,15,0.5288157214721044,0.6553863883018494,0.7176724137931035,0.8466998508789967,0.6222222222222222,0.0,0.0,0.0,0.0,0.0,0.0,0.0,0.0,0.0,2002,radio,0.5
4,5,lr5e-05_bs16_modL1_fusion64_fusionL1_drop0p1_trmiss50_trlocradio,16,5e-05,1,64,1,0.1,lr5e-05_bs16_modL1_fusion64_fusionL1_drop0p1_trmiss50_trlocradio,16,0.5258810594677925,0.6594294309616089,0.6724137931034483,0.8140328275326669,0.6222222222222222,0.0,0.0,0.0,0.0,0.0,0.0,0.0,0.0,0.0,2002,radio,0.5
4,5,lr5e-05_bs16_modL1_fusion64_fusionL1_drop0p1_trmiss50_trlocradio,16,5e-05,1,64,1,0.1,lr5e-05_bs16_modL1_fusion64_fusionL1_drop0p1_trmiss50_trlocradio,17,0.5403885195652643,0.6547502279281616,0.7112068965517242,0.8311919883056003,0.6222222222222222,0.0,0.0,0.0,0.0,0.0,0.0,0.0,0.0,0.0,2002,radio,0.5
4,5,lr5e-05_bs16_modL1_fusion64_fusionL1_drop0p1_trmiss50_trlocradio,16,5e-05,1,64,1,0.1,lr5e-05_bs16_modL1_fusion64_fusionL1_drop0p1_trmiss50_trlocradio,18,0.5202880253394445,0.6596458554267883,0.7112068965517241,0.8331647908886324,0.6222222222222222,0.0,0.0,0.0,0.0,0.0,0.0,0.0,0.0,0.0,2002,radio,0.5
4,5,lr5e-05_bs16_modL1_fusion64_fusionL1_drop0p1_trmiss50_trlocradio,16,5e-05,1,64,1,0.1,lr5e-05_bs16_modL1_fusion64_fusionL1_drop0p1_trmiss50_trlocradio,19,0.5129694367448489,0.6580345233281454,0.7155172413793104,0.83387599970194,0.5777777777777777,0.0,0.0,0.0,0.0,0.0,0.0,0.0,0.0,0.0,2002,radio,0.5
4,5,lr5e-05_bs16_modL1_fusion64_fusionL1_drop0p1_trmiss50_trlocradio,16,5e-05,1,64,1,0.1,lr5e-05_bs16_modL1_fusion64_fusionL1_drop0p1_trmiss50_trlocradio,20,0.4817482903599739,0.6574171582857767,0.7219827586206897,0.8354277417057803,0.6222222222222222,0.0,0.0,0.0,0.0,0.0,0.0,0.0,0.0,0.0,2002,radio,0.5
4,5,lr5e-05_bs16_modL1_fusion64_fusionL1_drop0p1_trmiss50_trlocradio,16,5e-05,1,64,1,0.1,lr5e-05_bs16_modL1_fusion64_fusionL1_drop0p1_trmiss50_trlocradio,21,0.521517018477122,0.6610331535339355,0.7112068965517241,0.8280884413193557,0.6,0.0,0.0,0.0,0.0,0.0,0.0,0.0,0.0,0.0,2002,radio,0.5
4,5,lr5e-05_bs16_modL1_fusion64_fusionL1_drop0p1_trmiss50_trlocradio,16,5e-05,1,64,1,0.1,lr5e-05_bs16_modL1_fusion64_fusionL1_drop0p1_trmiss50_trlocradio,22,0.49665946265061695,0.6628275712331136,0.6831896551724138,0.8143589428148357,0.6,0.0,0.0,0.0,0.0,0.0,0.0,0.0,0.0,0.0,2002,radio,0.5
4,5,lr5e-05_bs16_modL1_fusion64_fusionL1_drop0p1_trmiss50_trlocradio,16,5e-05,1,64,1,0.1,lr5e-05_bs16_modL1_fusion64_fusionL1_drop0p1_trmiss50_trlocradio,23,0.5133699576059977,0.6651807228724161,0.6853448275862069,0.8153466789842674,0.5777777777777777,0.0,0.0,0.0,0.0,0.0,0.0,0.0,0.0,0.0,2002,radio,0.5
4,5,lr5e-05_bs16_modL1_fusion64_fusionL1_drop0p1_trmiss50_trlocradio,16,5e-05,1,64,1,0.1,lr5e-05_bs16_modL1_fusion64_fusionL1_drop0p1_trmiss50_trlocradio,24,0.4886782020330429,0.6624137759208679,0.7004310344827586,0.8195900305454376,0.6,0.0,0.0,0.0,0.0,0.0,0.0,0.0,0.0,0.0,2002,radio,0.5
4,5,lr5e-05_bs16_modL1_fusion64_fusionL1_drop0p1_trmiss50_trlocradio,16,5e-05,1,64,1,0.1,lr5e-05_bs16_modL1_fusion64_fusionL1_drop0p1_trmiss50_trlocradio,25,0.4912506590286891,0.6652566194534302,0.7176724137931034,0.8256437363020626,0.5777777777777777,0.0,0.0,0.0,0.0,0.0,0.0,0.0,0.0,0.0,2002,radio,0.5
4,5,lr5e-05_bs16_modL1_fusion64_fusionL1_drop0p1_trmiss50_trlocradio,16,5e-05,1,64,1,0.1,lr5e-05_bs16_modL1_fusion64_fusionL1_drop0p1_trmiss50_trlocradio,26,0.4834776818752289,0.6553086241086324,0.7176724137931034,0.8285702756560047,0.6,0.0,0.0,0.0,0.0,0.0,0.0,0.0,0.0,0.0,2002,radio,0.5
4,5,lr5e-05_bs16_modL1_fusion64_fusionL1_drop0p1_trmiss50_trlocradio,16,5e-05,1,64,1,0.1,lr5e-05_bs16_modL1_fusion64_fusionL1_drop0p1_trmiss50_trlocradio,27,0.4771337832013766,0.649398148059845,0.7155172413793103,0.8387207351002781,0.6222222222222222,0.0,0.0,0.0,0.0,0.0,0.0,0.0,0.0,0.0,2002,radio,0.5
4,5,lr5e-05_bs16_modL1_fusion64_fusionL1_drop0p1_trmiss50_trlocradio,16,5e-05,1,64,1,0.1,lr5e-05_bs16_modL1_fusion64_fusionL1_drop0p1_trmiss50_trlocradio,28,0.4767783656716347,0.6512261629104614,0.7025862068965517,0.8313258760925646,0.6222222222222222,0.0,0.0,0.0,0.0,0.0,0.0,0.0,0.0,0.0,2002,radio,0.5
4,5,lr5e-05_bs16_modL1_fusion64_fusionL1_drop0p1_trmiss50_trlocradio,16,5e-05,1,64,1,0.1,lr5e-05_bs16_modL1_fusion64_fusionL1_drop0p1_trmiss50_trlocradio,29,0.47399404148260754,0.6453338066736857,0.7198275862068966,0.8278373589445005,0.6222222222222222,0.0,0.0,0.0,0.0,0.0,0.0,0.0,0.0,0.0,2002,radio,0.5
4,5,lr5e-05_bs16_modL1_fusion64_fusionL1_drop0p1_trmiss50_trlocradio,16,5e-05,1,64,1,0.1,lr5e-05_bs16_modL1_fusion64_fusionL1_drop0p1_trmiss50_trlocradio,30,0.48503296077251434,0.6525750160217285,0.6961206896551724,0.8176179691504311,0.6222222222222222,0.0,0.0,0.0,0.0,0.0,0.0,0.0,0.0,0.0,2002,radio,0.5
4,5,lr5e-05_bs16_modL1_fusion64_fusionL1_drop0p1_trmiss50_trlocradio,16,5e-05,1,64,1,0.1,lr5e-05_bs16_modL1_fusion64_fusionL1_drop0p1_trmiss50_trlocradio,31,0.4630547563234965,0.6566094756126404,0.7004310344827587,0.8208818287626702,0.6,0.0,0.0,0.0,0.0,0.0,0.0,0.0,0.0,0.0,2002,radio,0.5
4,5,lr5e-05_bs16_modL1_fusion64_fusionL1_drop0p1_trmiss50_trlocradio,16,5e-05,1,64,1,0.1,lr5e-05_bs16_modL1_fusion64_fusionL1_drop0p1_trmiss50_trlocradio,32,0.48220021774371463,0.6560168663660685,0.7155172413793104,0.8213102803518166,0.5777777777777777,0.0,0.0,0.0,0.0,0.0,0.0,0.0,0.0,0.0,2002,radio,0.5
4,5,lr5e-05_bs16_modL1_fusion64_fusionL1_drop0p1_trmiss50_trlocradio,16,5e-05,1,64,1,0.1,lr5e-05_bs16_modL1_fusion64_fusionL1_drop0p1_trmiss50_trlocradio,33,0.46992501616477966,0.6614322264989217,0.7047413793103449,0.8224663484430461,0.5777777777777777,0.0,0.0,0.0,0.0,0.0,0.0,0.0,0.0,0.0,2002,radio,0.5
4,5,lr1e-04_bs16_modL1_fusion32_fusionL1_drop0p2_trmiss50_trlocradio,16,0.0001,1,32,1,0.2,lr1e-04_bs16_modL1_fusion32_fusionL1_drop0p2_trmiss50_trlocradio,1,0.7098901023467382,0.6859298547108968,0.540948275862069,0.6724526312073467,0.6222222222222222,0.0,0.0,0.0,0.0,0.0,0.0,0.0,0.0,0.0,2002,radio,0.5
4,5,lr1e-04_bs16_modL1_fusion32_fusionL1_drop0p2_trmiss50_trlocradio,16,0.0001,1,32,1,0.2,lr1e-04_bs16_modL1_fusion32_fusionL1_drop0p2_trmiss50_trlocradio,2,0.6585535854101181,0.6824187437693278,0.5387931034482758,0.6931028156085608,0.5555555555555556,0.0,0.0,0.0,0.0,0.0,0.0,0.0,0.0,0.0,2002,radio,0.5
4,5,lr1e-04_bs16_modL1_fusion32_fusionL1_drop0p2_trmiss50_trlocradio,16,0.0001,1,32,1,0.2,lr1e-04_bs16_modL1_fusion32_fusionL1_drop0p2_trmiss50_trlocradio,3,0.651019831498464,0.6843492190043131,0.5581896551724137,0.7051932928564981,0.5555555555555556,0.0,0.0,0.0,0.0,0.0,0.0,0.0,0.0,0.0,2002,radio,0.5
4,5,lr1e-04_bs16_modL1_fusion32_fusionL1_drop0p2_trmiss50_trlocradio,16,0.0001,1,32,1,0.2,lr1e-04_bs16_modL1_fusion32_fusionL1_drop0p2_trmiss50_trlocradio,4,0.6307614197333654,0.684191902478536,0.5732758620689655,0.7188272389734613,0.6,0.0,0.0,0.0,0.0,0.0,0.0,0.0,0.0,0.0,2002,radio,0.5
4,5,lr1e-04_bs16_modL1_fusion32_fusionL1_drop0p2_trmiss50_trlocradio,16,0.0001,1,32,1,0.2,lr1e-04_bs16_modL1_fusion32_fusionL1_drop0p2_trmiss50_trlocradio,5,0.6154723117748896,0.6778243780136108,0.5905172413793103,0.7243170793879345,0.6,0.0,0.0,0.0,0.0,0.0,0.0,0.0,0.0,0.0,2002,radio,0.5
4,5,lr1e-04_bs16_modL1_fusion32_fusionL1_drop0p2_trmiss50_trlocradio,16,0.0001,1,32,1,0.2,lr1e-04_bs16_modL1_fusion32_fusionL1_drop0p2_trmiss50_trlocradio,6,0.590407575170199,0.6717275778452555,0.5862068965517241,0.7222465258070597,0.6222222222222222,0.0,0.0,0.0,0.0,0.0,0.0,0.0,0.0,0.0,2002,radio,0.5
4,5,lr1e-04_bs16_modL1_fusion32_fusionL1_drop0p2_trmiss50_trlocradio,16,0.0001,1,32,1,0.2,lr1e-04_bs16_modL1_fusion32_fusionL1_drop0p2_trmiss50_trlocradio,7,0.5758498112360636,0.6650765140851339,0.5969827586206897,0.7345656213152552,0.5777777777777777,0.0,0.0,0.0,0.0,0.0,0.0,0.0,0.0,0.0,2002,radio,0.5
4,5,lr1e-04_bs16_modL1_fusion32_fusionL1_drop0p2_trmiss50_trlocradio,16,0.0001,1,32,1,0.2,lr1e-04_bs16_modL1_fusion32_fusionL1_drop0p2_trmiss50_trlocradio,8,0.5823405683040619,0.6566397746404012,0.6077586206896551,0.7514551287645653,0.6,0.0,0.0,0.0,0.0,0.0,0.0,0.0,0.0,0.0,2002,radio,0.5
4,5,lr1e-04_bs16_modL1_fusion32_fusionL1_drop0p2_trmiss50_trlocradio,16,0.0001,1,32,1,0.2,lr1e-04_bs16_modL1_fusion32_fusionL1_drop0p2_trmiss50_trlocradio,9,0.5633953760067621,0.6616398294766744,0.6293103448275861,0.7619773536239164,0.6222222222222222,0.0,0.0,0.0,0.0,0.0,0.0,0.0,0.0,0.0,2002,radio,0.5
4,5,lr1e-04_bs16_modL1_fusion32_fusionL1_drop0p2_trmiss50_trlocradio,16,0.0001,1,32,1,0.2,lr1e-04_bs16_modL1_fusion32_fusionL1_drop0p2_trmiss50_trlocradio,10,0.5375639200210571,0.6629818677902222,0.6271551724137931,0.7754203808760763,0.6444444444444445,0.0,0.0,0.0,0.0,0.0,0.0,0.0,0.0,0.0,2002,radio,0.5
4,5,lr1e-04_bs16_modL1_fusion32_fusionL1_drop0p2_trmiss50_trlocradio,16,0.0001,1,32,1,0.2,lr1e-04_bs16_modL1_fusion32_fusionL1_drop0p2_trmiss50_trlocradio,11,0.5447345872720083,0.6662245591481527,0.6012931034482759,0.7506378421927342,0.6222222222222222,0.0,0.0,0.0,0.0,0.0,0.0,0.0,0.0,0.0,2002,radio,0.5
4,5,lr1e-04_bs16_modL1_fusion32_fusionL1_drop0p2_trmiss50_trlocradio,16,0.0001,1,32,1,0.2,lr1e-04_bs16_modL1_fusion32_fusionL1_drop0p2_trmiss50_trlocradio,12,0.5258975724379221,0.6620626250902811,0.5818965517241379,0.7462231020275977,0.6666666666666666,0.0,0.0,0.0,0.0,0.0,0.0,0.0,0.0,0.0,2002,radio,0.5
4,5,lr1e-04_bs16_modL1_fusion32_fusionL1_drop0p2_trmiss50_trlocradio,16,0.0001,1,32,1,0.2,lr1e-04_bs16_modL1_fusion32_fusionL1_drop0p2_trmiss50_trlocradio,13,0.5184320285916328,0.6671160658200582,0.6120689655172413,0.7686787513021157,0.6888888888888889,0.0,0.0,0.0,0.0,0.0,0.0,0.0,0.0,0.0,2002,radio,0.5
4,5,lr1e-04_bs16_modL1_fusion32_fusionL1_drop0p2_trmiss50_trlocradio,16,0.0001,1,32,1,0.2,lr1e-04_bs16_modL1_fusion32_fusionL1_drop0p2_trmiss50_trlocradio,14,0.5014468605319659,0.6694050431251526,0.6099137931034483,0.7675519267587619,0.6666666666666666,0.0,0.0,0.0,0.0,0.0,0.0,0.0,0.0,0.0,2002,radio,0.5
4,5,lr1e-04_bs16_modL1_fusion32_fusionL1_drop0p2_trmiss50_trlocradio,16,0.0001,1,32,1,0.2,lr1e-04_bs16_modL1_fusion32_fusionL1_drop0p2_trmiss50_trlocradio,15,0.5186852614084879,0.6619345545768738,0.6163793103448276,0.771764068114697,0.6888888888888889,0.0,0.0,0.0,0.0,0.0,0.0,0.0,0.0,0.0,2002,radio,0.5
4,5,lr1e-04_bs16_modL1_fusion32_fusionL1_drop0p2_trmiss50_trlocradio,16,0.0001,1,32,1,0.2,lr1e-04_bs16_modL1_fusion32_fusionL1_drop0p2_trmiss50_trlocradio,16,0.5141651009519895,0.6733626921971639,0.6142241379310345,0.7695507291063172,0.6666666666666666,0.0,0.0,0.0,0.0,0.0,0.0,0.0,0.0,0.0,2002,radio,0.5
4,5,lr1e-04_bs16_modL1_fusion32_fusionL1_drop0p2_trmiss50_trlocradio,16,0.0001,1,32,1,0.2,lr1e-04_bs16_modL1_fusion32_fusionL1_drop0p2_trmiss50_trlocradio,17,0.4726783608396848,0.677669107913971,0.6012931034482759,0.7646123600407065,0.6444444444444445,0.0,0.0,0.0,0.0,0.0,0.0,0.0,0.0,0.0,2002,radio,0.5
4,5,lr1e-04_bs16_modL1_fusion32_fusionL1_drop0p2_trmiss50_trlocradio,16,0.0001,1,32,1,0.2,lr1e-04_bs16_modL1_fusion32_fusionL1_drop0p2_trmiss50_trlocradio,18,0.4730921760201454,0.6787746747334799,0.5905172413793103,0.7603647724822745,0.6,0.0,0.0,0.0,0.0,0.0,0.0,0.0,0.0,0.0,2002,radio,0.5
4,5,lr1e-04_bs16_modL1_fusion32_fusionL1_drop0p2_trmiss50_trlocradio,16,0.0001,1,32,1,0.2,lr1e-04_bs16_modL1_fusion32_fusionL1_drop0p2_trmiss50_trlocradio,19,0.48162835588057834,0.6744741400082906,0.5732758620689655,0.744569772966767,0.6222222222222222,0.0,0.0,0.0,0.0,0.0,0.0,0.0,0.0,0.0,2002,radio,0.5
4,5,lr1e-04_bs16_modL1_fusion32_fusionL1_drop0p2_trmiss50_trlocradio,16,0.0001,1,32,1,0.2,lr1e-04_bs16_modL1_fusion32_fusionL1_drop0p2_trmiss50_trlocradio,20,0.4634610190987587,0.6735821763674418,0.5732758620689655,0.748275265263122,0.6444444444444445,0.0,0.0,0.0,0.0,0.0,0.0,0.0,0.0,0.0,2002,radio,0.5
4,5,lr1e-04_bs16_modL1_fusion32_fusionL1_drop0p2_trmiss50_trlocradio,16,0.0001,1,32,1,0.2,lr1e-04_bs16_modL1_fusion32_fusionL1_drop0p2_trmiss50_trlocradio,21,0.47776806354522705,0.6744292577107748,0.581896551724138,0.7464604801497029,0.6222222222222222,0.0,0.0,0.0,0.0,0.0,0.0,0.0,0.0,0.0,2002,radio,0.5
4,5,lr1e-04_bs16_modL1_fusion32_fusionL1_drop0p2_trmiss50_trlocradio,16,0.0001,1,32,1,0.2,lr1e-04_bs16_modL1_fusion32_fusionL1_drop0p2_trmiss50_trlocradio,22,0.46894154449303943,0.6760749419530233,0.5775862068965518,0.7427436476489341,0.5777777777777777,0.0,0.0,0.0,0.0,0.0,0.0,0.0,0.0,0.0,2002,radio,0.5
4,5,lr1e-04_bs16_modL1_fusion32_fusionL1_drop0p2_trmiss50_trlocradio,16,0.0001,1,32,1,0.2,lr1e-04_bs16_modL1_fusion32_fusionL1_drop0p2_trmiss50_trlocradio,23,0.481501542031765,0.682783822218577,0.5689655172413793,0.743596654018536,0.6,0.0,0.0,0.0,0.0,0.0,0.0,0.0,0.0,0.0,2002,radio,0.5
4,5,lr1e-04_bs16_modL1_fusion32_fusionL1_drop0p2_trmiss50_trlocradio,16,0.0001,1,32,1,0.2,lr1e-04_bs16_modL1_fusion32_fusionL1_drop0p2_trmiss50_trlocradio,24,0.4740118409196536,0.6826202869415283,0.5668103448275862,0.7427460805977731,0.6,0.0,0.0,0.0,0.0,0.0,0.0,0.0,0.0,0.0,2002,radio,0.5
4,5,lr1e-04_bs16_modL1_fusion32_fusionL1_drop0p2_trmiss50_trlocradio,16,0.0001,1,32,1,0.2,lr1e-04_bs16_modL1_fusion32_fusionL1_drop0p2_trmiss50_trlocradio,25,0.46115652720133465,0.675632377465566,0.5732758620689655,0.7422736135327578,0.6,0.0,0.0,0.0,0.0,0.0,0.0,0.0,0.0,0.0,2002,radio,0.5
4,5,lr1e-04_bs16_modL1_fusion32_fusionL1_drop0p2_trmiss50_trlocradio,16,0.0001,1,32,1,0.2,lr1e-04_bs16_modL1_fusion32_fusionL1_drop0p2_trmiss50_trlocradio,26,0.46779297043879825,0.6801185409228007,0.5689655172413793,0.7448385082727599,0.6,0.0,0.0,0.0,0.0,0.0,0.0,0.0,0.0,0.0,2002,radio,0.5
4,5,lr1e-04_bs16_modL1_fusion32_fusionL1_drop0p2_trmiss50_trlocradio,16,0.0001,1,32,1,0.2,lr1e-04_bs16_modL1_fusion32_fusionL1_drop0p2_trmiss50_trlocradio,27,0.44784337282180786,0.6809980471928915,0.5926724137931034,0.747683964997356,0.5555555555555556,0.0,0.0,0.0,0.0,0.0,0.0,0.0,0.0,0.0,2002,radio,0.5
4,5,lr1e-04_bs16_modL1_fusion32_fusionL1_drop0p2_trmiss50_trlocradio,16,0.0001,1,32,1,0.2,lr1e-04_bs16_modL1_fusion32_fusionL1_drop0p2_trmiss50_trlocradio,28,0.4322764724493027,0.6761390566825867,0.584051724137931,0.7456057642354693,0.6222222222222222,0.0,0.0,0.0,0.0,0.0,0.0,0.0,0.0,0.0,2002,radio,0.5
4,5,lr1e-04_bs16_modL1_fusion32_fusionL1_drop0p2_trmiss50_trlocradio,16,0.0001,1,32,1,0.2,lr1e-04_bs16_modL1_fusion32_fusionL1_drop0p2_trmiss50_trlocradio,29,0.45487893869479495,0.6791161298751831,0.5754310344827587,0.7416319985583836,0.6,0.0,0.0,0.0,0.0,0.0,0.0,0.0,0.0,0.0,2002,radio,0.5
4,5,lr1e-04_bs16_modL1_fusion32_fusionL1_drop0p1_trmiss50_trlocradio,16,0.0001,1,32,1,0.1,lr1e-04_bs16_modL1_fusion32_fusionL1_drop0p1_trmiss50_trlocradio,1,0.6711584726969401,0.678926964600881,0.4806034482758621,0.6702530397356042,0.5555555555555556,0.0,0.0,0.0,0.0,0.0,0.0,0.0,0.0,0.0,2002,radio,0.5
4,5,lr1e-04_bs16_modL1_fusion32_fusionL1_drop0p1_trmiss50_trlocradio,16,0.0001,1,32,1,0.1,lr1e-04_bs16_modL1_fusion32_fusionL1_drop0p1_trmiss50_trlocradio,2,0.6231157034635544,0.6768615245819092,0.4806034482758621,0.6572617644535602,0.5777777777777777,0.0,0.0,0.0,0.0,0.0,0.0,0.0,0.0,0.0,2002,radio,0.5
4,5,lr1e-04_bs16_modL1_fusion32_fusionL1_drop0p1_trmiss50_trlocradio,16,0.0001,1,32,1,0.1,lr1e-04_bs16_modL1_fusion32_fusionL1_drop0p1_trmiss50_trlocradio,3,0.6069745371739069,0.6658087372779846,0.5366379310344828,0.69235752761771,0.6222222222222222,0.0,0.0,0.0,0.0,0.0,0.0,0.0,0.0,0.0,2002,radio,0.5
4,5,lr1e-04_bs16_modL1_fusion32_fusionL1_drop0p1_trmiss50_trlocradio,16,0.0001,1,32,1,0.1,lr1e-04_bs16_modL1_fusion32_fusionL1_drop0p1_trmiss50_trlocradio,4,0.5911293576161066,0.6648656924565634,0.5150862068965518,0.6668044074521146,0.6888888888888889,0.0,0.0,0.0,0.0,0.0,0.0,0.0,0.0,0.0,2002,radio,0.5
4,5,lr1e-04_bs16_modL1_fusion32_fusionL1_drop0p1_trmiss50_trlocradio,16,0.0001,1,32,1,0.1,lr1e-04_bs16_modL1_fusion32_fusionL1_drop0p1_trmiss50_trlocradio,5,0.5652760912974676,0.6577214598655701,0.5646551724137931,0.7043087476322835,0.6666666666666666,0.0,0.0,0.0,0.0,0.0,0.0,0.0,0.0,0.0,2002,radio,0.5
4,5,lr1e-04_bs16_modL1_fusion32_fusionL1_drop0p1_trmiss50_trlocradio,16,0.0001,1,32,1,0.1,lr1e-04_bs16_modL1_fusion32_fusionL1_drop0p1_trmiss50_trlocradio,6,0.5529352476199468,0.665320078531901,0.5301724137931034,0.6474129082867184,0.6222222222222222,0.0,0.0,0.0,0.0,0.0,0.0,0.0,0.0,0.0,2002,radio,0.5
4,5,lr1e-04_bs16_modL1_fusion32_fusionL1_drop0p1_trmiss50_trlocradio,16,0.0001,1,32,1,0.1,lr1e-04_bs16_modL1_fusion32_fusionL1_drop0p1_trmiss50_trlocradio,7,0.5433800717194875,0.6667757232983907,0.5474137931034483,0.6606462203037227,0.6222222222222222,0.0,0.0,0.0,0.0,0.0,0.0,0.0,0.0,0.0,2002,radio,0.5
4,5,lr1e-04_bs16_modL1_fusion32_fusionL1_drop0p1_trmiss50_trlocradio,16,0.0001,1,32,1,0.1,lr1e-04_bs16_modL1_fusion32_fusionL1_drop0p1_trmiss50_trlocradio,8,0.5296607414881388,0.673904021581014,0.5366379310344828,0.6456202473737231,0.6222222222222222,0.0,0.0,0.0,0.0,0.0,0.0,0.0,0.0,0.0,2002,radio,0.5
4,5,lr1e-04_bs16_modL1_fusion32_fusionL1_drop0p1_trmiss50_trlocradio,16,0.0001,1,32,1,0.1,lr1e-04_bs16_modL1_fusion32_fusionL1_drop0p1_trmiss50_trlocradio,9,0.5069661339124044,0.6873796780904134,0.5280172413793103,0.6398085894308343,0.6444444444444445,0.0,0.0,0.0,0.0,0.0,0.0,0.0,0.0,0.0,2002,radio,0.5
4,5,lr1e-04_bs16_modL1_fusion32_fusionL1_drop0p1_trmiss50_trlocradio,16,0.0001,1,32,1,0.1,lr1e-04_bs16_modL1_fusion32_fusionL1_drop0p1_trmiss50_trlocradio,10,0.5044737011194229,0.6801439921061198,0.5129310344827587,0.653226642405453,0.6444444444444445,0.0,0.0,0.0,0.0,0.0,0.0,0.0,0.0,0.0,2002,radio,0.5
4,5,lr1e-04_bs16_modL1_fusion32_fusionL1_drop0p1_trmiss50_trlocradio,16,0.0001,1,32,1,0.1,lr1e-04_bs16_modL1_fusion32_fusionL1_drop0p1_trmiss50_trlocradio,11,0.4840930501619975,0.6828387180964152,0.5172413793103448,0.6670332430118807,0.6,0.0,0.0,0.0,0.0,0.0,0.0,0.0,0.0,0.0,2002,radio,0.5
4,5,lr1e-04_bs16_modL1_fusion32_fusionL1_drop0p1_trmiss50_trlocradio,16,0.0001,1,32,1,0.1,lr1e-04_bs16_modL1_fusion32_fusionL1_drop0p1_trmiss50_trlocradio,12,0.48536940664052963,0.6874276995658875,0.5043103448275862,0.6470505523668563,0.6222222222222222,0.0,0.0,0.0,0.0,0.0,0.0,0.0,0.0,0.0,2002,radio,0.5
4,5,lr1e-04_bs16_modL1_fusion32_fusionL1_drop0p1_trmiss50_trlocradio,16,0.0001,1,32,1,0.1,lr1e-04_bs16_modL1_fusion32_fusionL1_drop0p1_trmiss50_trlocradio,13,0.4653801769018173,0.6789280772209167,0.5237068965517241,0.6409533871083942,0.6222222222222222,0.0,0.0,0.0,0.0,0.0,0.0,0.0,0.0,0.0,2002,radio,0.5
4,5,lr1e-04_bs16_modL1_fusion32_fusionL1_drop0p1_trmiss50_trlocradio,16,0.0001,1,32,1,0.1,lr1e-04_bs16_modL1_fusion32_fusionL1_drop0p1_trmiss50_trlocradio,14,0.46796489755312604,0.6725687583287557,0.545258620689655,0.671915526280591,0.6444444444444445,0.0,0.0,0.0,0.0,0.0,0.0,0.0,0.0,0.0,2002,radio,0.5
4,5,lr1e-04_bs16_modL1_fusion32_fusionL1_drop0p1_trmiss50_trlocradio,16,0.0001,1,32,1,0.1,lr1e-04_bs16_modL1_fusion32_fusionL1_drop0p1_trmiss50_trlocradio,15,0.4643364797035853,0.6738846103350321,0.5258620689655172,0.6713310152202618,0.6,0.0,0.0,0.0,0.0,0.0,0.0,0.0,0.0,0.0,2002,radio,0.5
4,5,lr1e-04_bs16_modL1_fusion32_fusionL1_drop0p1_trmiss50_trlocradio,16,0.0001,1,32,1,0.1,lr1e-04_bs16_modL1_fusion32_fusionL1_drop0p1_trmiss50_trlocradio,16,0.44886316110690433,0.6721674203872681,0.5193965517241379,0.6683055774847246,0.6222222222222222,0.0,0.0,0.0,0.0,0.0,0.0,0.0,0.0,0.0,2002,radio,0.5
4,5,lr1e-04_bs16_modL1_fusion32_fusionL1_drop0p1_trmiss50_trlocradio,16,0.0001,1,32,1,0.1,lr1e-04_bs16_modL1_fusion32_fusionL1_drop0p1_trmiss50_trlocradio,17,0.4518062099814415,0.6730698347091675,0.5280172413793103,0.6749383775759955,0.5777777777777777,0.0,0.0,0.0,0.0,0.0,0.0,0.0,0.0,0.0,2002,radio,0.5
4,5,lr1e-04_bs16_modL1_fusion32_fusionL1_drop0p1_trmiss50_trlocradio,16,0.0001,1,32,1,0.1,lr1e-04_bs16_modL1_fusion32_fusionL1_drop0p1_trmiss50_trlocradio,18,0.43501948565244675,0.6795364816983541,0.5172413793103449,0.6551298103086212,0.5777777777777777,0.0,0.0,0.0,0.0,0.0,0.0,0.0,0.0,0.0,2002,radio,0.5
4,5,lr1e-04_bs16_modL1_fusion32_fusionL1_drop0p1_trmiss50_trlocradio,16,0.0001,1,32,1,0.1,lr1e-04_bs16_modL1_fusion32_fusionL1_drop0p1_trmiss50_trlocradio,19,0.4510583430528641,0.6872225602467855,0.5043103448275862,0.6468263730127652,0.6,0.0,0.0,0.0,0.0,0.0,0.0,0.0,0.0,0.0,2002,radio,0.5
4,5,lr1e-04_bs16_modL1_fusion32_fusionL1_drop0p1_trmiss50_trlocradio,16,0.0001,1,32,1,0.1,lr1e-04_bs16_modL1_fusion32_fusionL1_drop0p1_trmiss50_trlocradio,20,0.448980708916982,0.6833379069964091,0.5021551724137931,0.6442585067954643,0.6222222222222222,0.0,0.0,0.0,0.0,0.0,0.0,0.0,0.0,0.0,2002,radio,0.5
4,5,lr1e-04_bs16_modL1_fusion32_fusionL1_drop0p1_trmiss50_trlocradio,16,0.0001,1,32,1,0.1,lr1e-04_bs16_modL1_fusion32_fusionL1_drop0p1_trmiss50_trlocradio,21,0.43974388142426807,0.6826250553131104,0.5193965517241379,0.6636427110289592,0.6222222222222222,0.0,0.0,0.0,0.0,0.0,0.0,0.0,0.0,0.0,2002,radio,0.5
4,5,lr1e-04_bs16_modL1_fusion32_fusionL1_drop0p1_trmiss50_trlocradio,16,0.0001,1,32,1,0.1,lr1e-04_bs16_modL1_fusion32_fusionL1_drop0p1_trmiss50_trlocradio,22,0.4472223644455274,0.6925678253173828,0.5064655172413792,0.6478392457552793,0.6222222222222222,0.0,0.0,0.0,0.0,0.0,0.0,0.0,0.0,0.0,2002,radio,0.5
4,5,lr1e-04_bs16_modL1_fusion32_fusionL1_drop0p1_trmiss50_trlocradio,16,0.0001,1,32,1,0.1,lr1e-04_bs16_modL1_fusion32_fusionL1_drop0p1_trmiss50_trlocradio,23,0.43727542211612064,0.696105162302653,0.4956896551724138,0.6418101418825963,0.5777777777777777,0.0,0.0,0.0,0.0,0.0,0.0,0.0,0.0,0.0,2002,radio,0.5
4,5,lr1e-04_bs16_modL1_fusion32_fusionL1_drop0p1_trmiss50_trlocradio,16,0.0001,1,32,1,0.1,lr1e-04_bs16_modL1_fusion32_fusionL1_drop0p1_trmiss50_trlocradio,24,0.43450870364904404,0.6953305204709371,0.49353448275862066,0.6284578468357794,0.6222222222222222,0.0,0.0,0.0,0.0,0.0,0.0,0.0,0.0,0.0,2002,radio,0.5
4,5,lr1e-04_bs16_modL1_fusion32_fusionL1_drop0p1_trmiss50_trlocradio,16,0.0001,1,32,1,0.1,lr1e-04_bs16_modL1_fusion32_fusionL1_drop0p1_trmiss50_trlocradio,25,0.4183558523654938,0.6850941181182861,0.5086206896551724,0.6679010160606074,0.6,0.0,0.0,0.0,0.0,0.0,0.0,0.0,0.0,0.0,2002,radio,0.5
4,5,lr1e-04_bs16_modL1_fusion64_fusionL1_drop0p2_trmiss50_trlocradio,16,0.0001,1,64,1,0.2,lr1e-04_bs16_modL1_fusion64_fusionL1_drop0p2_trmiss50_trlocradio,1,0.726903239885966,0.6966766317685446,0.5883620689655172,0.7489503606673403,0.5111111111111111,0.0,0.0,0.0,0.0,0.0,0.0,0.0,0.0,0.0,2002,radio,0.5
4,5,lr1e-04_bs16_modL1_fusion64_fusionL1_drop0p2_trmiss50_trlocradio,16,0.0001,1,64,1,0.2,lr1e-04_bs16_modL1_fusion64_fusionL1_drop0p2_trmiss50_trlocradio,2,0.6838124841451645,0.6952368021011353,0.5905172413793103,0.7400543911274665,0.5333333333333333,0.0,0.0,0.0,0.0,0.0,0.0,0.0,0.0,0.0,2002,radio,0.5
4,5,lr1e-04_bs16_modL1_fusion64_fusionL1_drop0p2_trmiss50_trlocradio,16,0.0001,1,64,1,0.2,lr1e-04_bs16_modL1_fusion64_fusionL1_drop0p2_trmiss50_trlocradio,3,0.6598536421855291,0.6936191916465759,0.5969827586206897,0.7518101302648447,0.5111111111111111,0.0,0.0,0.0,0.0,0.0,0.0,0.0,0.0,0.0,2002,radio,0.5
4,5,lr1e-04_bs16_modL1_fusion64_fusionL1_drop0p2_trmiss50_trlocradio,16,0.0001,1,64,1,0.2,lr1e-04_bs16_modL1_fusion64_fusionL1_drop0p2_trmiss50_trlocradio,4,0.6626390020052592,0.6769580245018005,0.6120689655172413,0.7665470477732023,0.6,0.0,0.0,0.0,0.0,0.0,0.0,0.0,0.0,0.0,2002,radio,0.5
4,5,lr1e-04_bs16_modL1_fusion64_fusionL1_drop0p2_trmiss50_trlocradio,16,0.0001,1,64,1,0.2,lr1e-04_bs16_modL1_fusion64_fusionL1_drop0p2_trmiss50_trlocradio,5,0.6243345240751902,0.6858583092689514,0.5926724137931034,0.7559384838744329,0.6,0.0,0.0,0.0,0.0,0.0,0.0,0.0,0.0,0.0,2002,radio,0.5
4,5,lr1e-04_bs16_modL1_fusion64_fusionL1_drop0p2_trmiss50_trlocradio,16,0.0001,1,64,1,0.2,lr1e-04_bs16_modL1_fusion64_fusionL1_drop0p2_trmiss50_trlocradio,6,0.6281140645345052,0.68889453013738,0.5775862068965517,0.7468158890846717,0.6,0.0,0.0,0.0,0.0,0.0,0.0,0.0,0.0,0.0,2002,radio,0.5
4,5,lr1e-04_bs16_modL1_fusion64_fusionL1_drop0p2_trmiss50_trlocradio,16,0.0001,1,64,1,0.2,lr1e-04_bs16_modL1_fusion64_fusionL1_drop0p2_trmiss50_trlocradio,7,0.5785695761442184,0.6934188803037008,0.5754310344827586,0.7490052312758125,0.5333333333333333,0.0,0.0,0.0,0.0,0.0,0.0,0.0,0.0,0.0,2002,radio,0.5
4,5,lr1e-04_bs16_modL1_fusion64_fusionL1_drop0p2_trmiss50_trlocradio,16,0.0001,1,64,1,0.2,lr1e-04_bs16_modL1_fusion64_fusionL1_drop0p2_trmiss50_trlocradio,8,0.5812203486760458,0.6867929299672445,0.5818965517241379,0.7678366239122083,0.5555555555555556,0.0,0.0,0.0,0.0,0.0,0.0,0.0,0.0,0.0,2002,radio,0.5
4,5,lr1e-04_bs16_modL1_fusion64_fusionL1_drop0p2_trmiss50_trlocradio,16,0.0001,1,64,1,0.2,lr1e-04_bs16_modL1_fusion64_fusionL1_drop0p2_trmiss50_trlocradio,9,0.5715707217653593,0.6891810297966003,0.5926724137931034,0.7772689649221853,0.5555555555555556,0.0,0.0,0.0,0.0,0.0,0.0,0.0,0.0,0.0,2002,radio,0.5
4,5,lr1e-04_bs16_modL1_fusion64_fusionL1_drop0p2_trmiss50_trlocradio,16,0.0001,1,64,1,0.2,lr1e-04_bs16_modL1_fusion64_fusionL1_drop0p2_trmiss50_trlocradio,10,0.5402246490120888,0.6849042177200317,0.5862068965517242,0.7800655259696141,0.5555555555555556,0.0,0.0,0.0,0.0,0.0,0.0,0.0,0.0,0.0,2002,radio,0.5
4,5,lr1e-04_bs16_modL1_fusion64_fusionL1_drop0p2_trmiss50_trlocradio,16,0.0001,1,64,1,0.2,lr1e-04_bs16_modL1_fusion64_fusionL1_drop0p2_trmiss50_trlocradio,11,0.5349692106246948,0.6821465094884237,0.5732758620689655,0.7617161646342381,0.5333333333333333,0.0,0.0,0.0,0.0,0.0,0.0,0.0,0.0,0.0,2002,radio,0.5
4,5,lr1e-04_bs16_modL1_fusion64_fusionL1_drop0p2_trmiss50_trlocradio,16,0.0001,1,64,1,0.2,lr1e-04_bs16_modL1_fusion64_fusionL1_drop0p2_trmiss50_trlocradio,12,0.5334081004063288,0.680685818195343,0.5926724137931034,0.7933627968284218,0.5111111111111111,0.0,0.0,0.0,0.0,0.0,0.0,0.0,0.0,0.0,2002,radio,0.5
4,5,lr1e-04_bs16_modL1_fusion64_fusionL1_drop0p2_trmiss50_trlocradio,16,0.0001,1,64,1,0.2,lr1e-04_bs16_modL1_fusion64_fusionL1_drop0p2_trmiss50_trlocradio,13,0.5017633164922396,0.6790693402290344,0.5969827586206896,0.79081980710205,0.5333333333333333,0.0,0.0,0.0,0.0,0.0,0.0,0.0,0.0,0.0,2002,radio,0.5
4,5,lr1e-04_bs16_modL1_fusion64_fusionL1_drop0p2_trmiss50_trlocradio,16,0.0001,1,64,1,0.2,lr1e-04_bs16_modL1_fusion64_fusionL1_drop0p2_trmiss50_trlocradio,14,0.5260719135403633,0.7000969847043356,0.5711206896551725,0.7764984888348436,0.5777777777777777,0.0,0.0,0.0,0.0,0.0,0.0,0.0,0.0,0.0,2002,radio,0.5
4,5,lr1e-04_bs16_modL1_fusion64_fusionL1_drop0p2_trmiss50_trlocradio,16,0.0001,1,64,1,0.2,lr1e-04_bs16_modL1_fusion64_fusionL1_drop0p2_trmiss50_trlocradio,15,0.48813237994909286,0.691506008307139,0.5625000000000001,0.7698321256871219,0.5333333333333333,0.0,0.0,0.0,0.0,0.0,0.0,0.0,0.0,0.0,2002,radio,0.5
4,5,lr1e-04_bs16_modL1_fusion64_fusionL1_drop0p2_trmiss50_trlocradio,16,0.0001,1,64,1,0.2,lr1e-04_bs16_modL1_fusion64_fusionL1_drop0p2_trmiss50_trlocradio,16,0.49000756194194156,0.6888632973035177,0.5581896551724138,0.7660522521457644,0.5111111111111111,0.0,0.0,0.0,0.0,0.0,0.0,0.0,0.0,0.0,2002,radio,0.5
4,5,lr1e-04_bs16_modL1_fusion64_fusionL1_drop0p2_trmiss50_trlocradio,16,0.0001,1,64,1,0.2,lr1e-04_bs16_modL1_fusion64_fusionL1_drop0p2_trmiss50_trlocradio,17,0.4861544569333394,0.687048057715098,0.5668103448275862,0.7629263478761716,0.5555555555555556,0.0,0.0,0.0,0.0,0.0,0.0,0.0,0.0,0.0,2002,radio,0.5
4,5,lr1e-04_bs16_modL1_fusion64_fusionL1_drop0p2_trmiss50_trlocradio,16,0.0001,1,64,1,0.2,lr1e-04_bs16_modL1_fusion64_fusionL1_drop0p2_trmiss50_trlocradio,18,0.4742383435368538,0.6941990454991659,0.5625,0.7599626003648561,0.5555555555555556,0.0,0.0,0.0,0.0,0.0,0.0,0.0,0.0,0.0,2002,radio,0.5
4,5,lr1e-04_bs16_modL1_fusion64_fusionL1_drop0p2_trmiss50_trlocradio,16,0.0001,1,64,1,0.2,lr1e-04_bs16_modL1_fusion64_fusionL1_drop0p2_trmiss50_trlocradio,19,0.48290444910526276,0.6962426702181498,0.5538793103448276,0.7539951617514713,0.5555555555555556,0.0,0.0,0.0,0.0,0.0,0.0,0.0,0.0,0.0,2002,radio,0.5
4,5,lr1e-04_bs16_modL1_fusion64_fusionL1_drop0p2_trmiss50_trlocradio,16,0.0001,1,64,1,0.2,lr1e-04_bs16_modL1_fusion64_fusionL1_drop0p2_trmiss50_trlocradio,20,0.4695052032669385,0.6976961890856425,0.5431034482758621,0.7417732262044998,0.5333333333333333,0.0,0.0,0.0,0.0,0.0,0.0,0.0,0.0,0.0,2002,radio,0.5
4,5,lr1e-04_bs16_modL1_fusion64_fusionL1_drop0p2_trmiss50_trlocradio,16,0.0001,1,64,1,0.2,lr1e-04_bs16_modL1_fusion64_fusionL1_drop0p2_trmiss50_trlocradio,21,0.48056665311257046,0.7042539914449056,0.5452586206896552,0.7499267343591869,0.5333333333333333,0.0,0.0,0.0,0.0,0.0,0.0,0.0,0.0,0.0,2002,radio,0.5
4,5,lr1e-04_bs16_modL1_fusion64_fusionL1_drop0p2_trmiss50_trlocradio,16,0.0001,1,64,1,0.2,lr1e-04_bs16_modL1_fusion64_fusionL1_drop0p2_trmiss50_trlocradio,22,0.47685011724630993,0.7041002511978149,0.5474137931034483,0.7556913359153126,0.5777777777777777,0.0,0.0,0.0,0.0,0.0,0.0,0.0,0.0,0.0,2002,radio,0.5
4,5,lr1e-04_bs16_modL1_fusion64_fusionL1_drop0p2_trmiss50_trlocradio,16,0.0001,1,64,1,0.2,lr1e-04_bs16_modL1_fusion64_fusionL1_drop0p2_trmiss50_trlocradio,23,0.45892950644095737,0.7059188882509867,0.5560344827586208,0.7578831341221297,0.5555555555555556,0.0,0.0,0.0,0.0,0.0,0.0,0.0,0.0,0.0,2002,radio,0.5
4,5,lr1e-04_bs16_modL1_fusion64_fusionL1_drop0p2_trmiss50_trlocradio,16,0.0001,1,64,1,0.2,lr1e-04_bs16_modL1_fusion64_fusionL1_drop0p2_trmiss50_trlocradio,24,0.47246542821327847,0.6895353595415751,0.5668103448275862,0.7688430648586793,0.5333333333333333,0.0,0.0,0.0,0.0,0.0,0.0,0.0,0.0,0.0,2002,radio,0.5
4,5,lr1e-04_bs16_modL1_fusion64_fusionL1_drop0p2_trmiss50_trlocradio,16,0.0001,1,64,1,0.2,lr1e-04_bs16_modL1_fusion64_fusionL1_drop0p2_trmiss50_trlocradio,25,0.47280145684878033,0.6952041784922282,0.5818965517241379,0.7846467220103388,0.5555555555555556,0.0,0.0,0.0,0.0,0.0,0.0,0.0,0.0,0.0,2002,radio,0.5
4,5,lr1e-04_bs16_modL1_fusion64_fusionL1_drop0p2_trmiss50_trlocradio,16,0.0001,1,64,1,0.2,lr1e-04_bs16_modL1_fusion64_fusionL1_drop0p2_trmiss50_trlocradio,26,0.4485742722948392,0.6889641284942627,0.5711206896551724,0.7709558160384338,0.4888888888888889,0.0,0.0,0.0,0.0,0.0,0.0,0.0,0.0,0.0,2002,radio,0.5
4,5,lr1e-04_bs16_modL1_fusion64_fusionL1_drop0p2_trmiss50_trlocradio,16,0.0001,1,64,1,0.2,lr1e-04_bs16_modL1_fusion64_fusionL1_drop0p2_trmiss50_trlocradio,27,0.4530194451411565,0.6962228020032247,0.5538793103448276,0.7587808459855008,0.5111111111111111,0.0,0.0,0.0,0.0,0.0,0.0,0.0,0.0,0.0,2002,radio,0.5
4,5,lr1e-04_bs16_modL1_fusion64_fusionL1_drop0p2_trmiss50_trlocradio,16,0.0001,1,64,1,0.2,lr1e-04_bs16_modL1_fusion64_fusionL1_drop0p2_trmiss50_trlocradio,28,0.45316655933856964,0.697671910127004,0.5797413793103448,0.7882114883159281,0.5333333333333333,0.0,0.0,0.0,0.0,0.0,0.0,0.0,0.0,0.0,2002,radio,0.5
4,5,lr1e-04_bs16_modL1_fusion64_fusionL1_drop0p2_trmiss50_trlocradio,16,0.0001,1,64,1,0.2,lr1e-04_bs16_modL1_fusion64_fusionL1_drop0p2_trmiss50_trlocradio,29,0.4761097654700279,0.6900027394294739,0.584051724137931,0.7906717542033039,0.5333333333333333,0.0,0.0,0.0,0.0,0.0,0.0,0.0,0.0,0.0,2002,radio,0.5
4,5,lr1e-04_bs16_modL1_fusion64_fusionL1_drop0p2_trmiss50_trlocradio,16,0.0001,1,64,1,0.2,lr1e-04_bs16_modL1_fusion64_fusionL1_drop0p2_trmiss50_trlocradio,30,0.4750572219491005,0.6905400355656942,0.5883620689655172,0.7901112855620962,0.5111111111111111,0.0,0.0,0.0,0.0,0.0,0.0,0.0,0.0,0.0,2002,radio,0.5
4,5,lr1e-04_bs16_modL1_fusion64_fusionL1_drop0p2_trmiss50_trlocradio,16,0.0001,1,64,1,0.2,lr1e-04_bs16_modL1_fusion64_fusionL1_drop0p2_trmiss50_trlocradio,31,0.4228665605187416,0.6871102452278137,0.5797413793103449,0.7837808722308517,0.4888888888888889,0.0,0.0,0.0,0.0,0.0,0.0,0.0,0.0,0.0,2002,radio,0.5
4,5,lr1e-04_bs16_modL1_fusion64_fusionL1_drop0p2_trmiss50_trlocradio,16,0.0001,1,64,1,0.2,lr1e-04_bs16_modL1_fusion64_fusionL1_drop0p2_trmiss50_trlocradio,32,0.443036749958992,0.6934243639310201,0.5581896551724137,0.7691857448073676,0.4888888888888889,0.0,0.0,0.0,0.0,0.0,0.0,0.0,0.0,0.0,2002,radio,0.5
4,5,lr1e-04_bs16_modL1_fusion64_fusionL1_drop0p2_trmiss50_trlocradio,16,0.0001,1,64,1,0.2,lr1e-04_bs16_modL1_fusion64_fusionL1_drop0p2_trmiss50_trlocradio,33,0.4506961430112521,0.7040612896283468,0.5689655172413793,0.773426025208499,0.5111111111111111,0.0,0.0,0.0,0.0,0.0,0.0,0.0,0.0,0.0,2002,radio,0.5
4,5,lr1e-04_bs16_modL1_fusion64_fusionL1_drop0p1_trmiss50_trlocradio,16,0.0001,1,64,1,0.1,lr1e-04_bs16_modL1_fusion64_fusionL1_drop0p1_trmiss50_trlocradio,1,0.6920327792565028,0.6735012729962667,0.4418103448275862,0.6640520293334617,0.6444444444444445,0.0,0.0,0.0,0.0,0.0,0.0,0.0,0.0,0.0,2002,radio,0.5
4,5,lr1e-04_bs16_modL1_fusion64_fusionL1_drop0p1_trmiss50_trlocradio,16,0.0001,1,64,1,0.1,lr1e-04_bs16_modL1_fusion64_fusionL1_drop0p1_trmiss50_trlocradio,2,0.6474747260411581,0.673703690369924,0.4762931034482759,0.6901711011966227,0.6444444444444445,0.0,0.0,0.0,0.0,0.0,0.0,0.0,0.0,0.0,2002,radio,0.5
4,5,lr1e-04_bs16_modL1_fusion64_fusionL1_drop0p1_trmiss50_trlocradio,16,0.0001,1,64,1,0.1,lr1e-04_bs16_modL1_fusion64_fusionL1_drop0p1_trmiss50_trlocradio,3,0.6404534876346588,0.6748516956965128,0.4655172413793104,0.6923845185637749,0.6222222222222222,0.0,0.0,0.0,0.0,0.0,0.0,0.0,0.0,0.0,2002,radio,0.5
4,5,lr1e-04_bs16_modL1_fusion64_fusionL1_drop0p1_trmiss50_trlocradio,16,0.0001,1,64,1,0.1,lr1e-04_bs16_modL1_fusion64_fusionL1_drop0p1_trmiss50_trlocradio,4,0.5918922324975332,0.6735409299532572,0.4870689655172414,0.6960296417747289,0.5777777777777777,0.0,0.0,0.0,0.0,0.0,0.0,0.0,0.0,0.0,2002,radio,0.5
4,5,lr1e-04_bs16_modL1_fusion64_fusionL1_drop0p1_trmiss50_trlocradio,16,0.0001,1,64,1,0.1,lr1e-04_bs16_modL1_fusion64_fusionL1_drop0p1_trmiss50_trlocradio,5,0.5956144034862518,0.682623287041982,0.4504310344827586,0.6628957988482943,0.5777777777777777,0.0,0.0,0.0,0.0,0.0,0.0,0.0,0.0,0.0,2002,radio,0.5
4,5,lr1e-04_bs16_modL1_fusion64_fusionL1_drop0p1_trmiss50_trlocradio,16,0.0001,1,64,1,0.1,lr1e-04_bs16_modL1_fusion64_fusionL1_drop0p1_trmiss50_trlocradio,6,0.5797427743673325,0.6804717183113098,0.45689655172413796,0.6598154308468264,0.6,0.0,0.0,0.0,0.0,0.0,0.0,0.0,0.0,0.0,2002,radio,0.5
4,5,lr1e-04_bs16_modL1_fusion64_fusionL1_drop0p1_trmiss50_trlocradio,16,0.0001,1,64,1,0.1,lr1e-04_bs16_modL1_fusion64_fusionL1_drop0p1_trmiss50_trlocradio,7,0.5731266240278879,0.6835390130678812,0.4482758620689655,0.6290417111773086,0.6,0.0,0.0,0.0,0.0,0.0,0.0,0.0,0.0,0.0,2002,radio,0.5
4,5,lr1e-04_bs16_modL1_fusion64_fusionL1_drop0p1_trmiss50_trlocradio,16,0.0001,1,64,1,0.1,lr1e-04_bs16_modL1_fusion64_fusionL1_drop0p1_trmiss50_trlocradio,8,0.5495225116610527,0.6791375279426575,0.45474137931034486,0.643957153146503,0.5777777777777777,0.0,0.0,0.0,0.0,0.0,0.0,0.0,0.0,0.0,2002,radio,0.5
4,5,lr1e-04_bs16_modL1_fusion64_fusionL1_drop0p1_trmiss50_trlocradio,16,0.0001,1,64,1,0.1,lr1e-04_bs16_modL1_fusion64_fusionL1_drop0p1_trmiss50_trlocradio,9,0.572179431716601,0.6841257413228353,0.4418103448275862,0.6235286033503282,0.5777777777777777,0.0,0.0,0.0,0.0,0.0,0.0,0.0,0.0,0.0,2002,radio,0.5
4,5,lr1e-04_bs16_modL1_fusion64_fusionL1_drop0p1_trmiss50_trlocradio,16,0.0001,1,64,1,0.1,lr1e-04_bs16_modL1_fusion64_fusionL1_drop0p1_trmiss50_trlocradio,10,0.5369593327244123,0.6835487286249796,0.46336206896551724,0.6209259625313255,0.5777777777777777,0.0,0.0,0.0,0.0,0.0,0.0,0.0,0.0,0.0,2002,radio,0.5
4,5,lr1e-04_bs16_modL1_fusion64_fusionL1_drop0p1_trmiss50_trlocradio,16,0.0001,1,64,1,0.1,lr1e-04_bs16_modL1_fusion64_fusionL1_drop0p1_trmiss50_trlocradio,11,0.5270749429861704,0.6803325215975443,0.478448275862069,0.6414907994796277,0.6,0.0,0.0,0.0,0.0,0.0,0.0,0.0,0.0,0.0,2002,radio,0.5
4,5,lr1e-04_bs16_modL1_fusion64_fusionL1_drop0p1_trmiss50_trlocradio,16,0.0001,1,64,1,0.1,lr1e-04_bs16_modL1_fusion64_fusionL1_drop0p1_trmiss50_trlocradio,12,0.5076342150568962,0.6787282625834147,0.4806034482758621,0.6467736647977711,0.6,0.0,0.0,0.0,0.0,0.0,0.0,0.0,0.0,0.0,2002,radio,0.5
4,5,lr1e-04_bs16_modL1_fusion64_fusionL1_drop0p1_trmiss50_trlocradio,16,0.0001,1,64,1,0.1,lr1e-04_bs16_modL1_fusion64_fusionL1_drop0p1_trmiss50_trlocradio,13,0.5087826550006866,0.6777362028757731,0.5021551724137931,0.6586535836394888,0.5777777777777777,0.0,0.0,0.0,0.0,0.0,0.0,0.0,0.0,0.0,2002,radio,0.5
4,5,lr1e-04_bs16_modL1_fusion64_fusionL1_drop0p1_trmiss50_trlocradio,16,0.0001,1,64,1,0.1,lr1e-04_bs16_modL1_fusion64_fusionL1_drop0p1_trmiss50_trlocradio,14,0.5067433938384056,0.6764455636342367,0.5086206896551724,0.6619324045733969,0.6222222222222222,0.0,0.0,0.0,0.0,0.0,0.0,0.0,0.0,0.0,2002,radio,0.5
4,5,lr1e-04_bs16_modL1_fusion64_fusionL1_drop0p1_trmiss50_trlocradio,16,0.0001,1,64,1,0.1,lr1e-04_bs16_modL1_fusion64_fusionL1_drop0p1_trmiss50_trlocradio,15,0.5034516702095667,0.6806060870488485,0.5,0.633705726029114,0.6,0.0,0.0,0.0,0.0,0.0,0.0,0.0,0.0,0.0,2002,radio,0.5
4,5,lr1e-04_bs16_modL1_fusion64_fusionL1_drop0p1_trmiss50_trlocradio,16,0.0001,1,64,1,0.1,lr1e-04_bs16_modL1_fusion64_fusionL1_drop0p1_trmiss50_trlocradio,16,0.48842111974954605,0.6855887969334921,0.4870689655172414,0.630774523241292,0.6,0.0,0.0,0.0,0.0,0.0,0.0,0.0,0.0,0.0,2002,radio,0.5
4,5,lr1e-04_bs16_modL1_fusion64_fusionL1_drop0p1_trmiss50_trlocradio,16,0.0001,1,64,1,0.1,lr1e-04_bs16_modL1_fusion64_fusionL1_drop0p1_trmiss50_trlocradio,17,0.4983178103963534,0.676910936832428,0.5086206896551724,0.67465177613382,0.6,0.0,0.0,0.0,0.0,0.0,0.0,0.0,0.0,0.0,2002,radio,0.5
4,5,lr1e-04_bs16_modL1_fusion64_fusionL1_drop0p1_trmiss50_trlocradio,16,0.0001,1,64,1,0.1,lr1e-04_bs16_modL1_fusion64_fusionL1_drop0p1_trmiss50_trlocradio,18,0.49038115888834,0.6819417476654053,0.49137931034482757,0.6317336896046897,0.5555555555555556,0.0,0.0,0.0,0.0,0.0,0.0,0.0,0.0,0.0,2002,radio,0.5
4,5,lr1e-04_bs16_modL1_fusion64_fusionL1_drop0p1_trmiss50_trlocradio,16,0.0001,1,64,1,0.1,lr1e-04_bs16_modL1_fusion64_fusionL1_drop0p1_trmiss50_trlocradio,19,0.4948967744906743,0.6805303692817688,0.5,0.6358641232034105,0.5777777777777777,0.0,0.0,0.0,0.0,0.0,0.0,0.0,0.0,0.0,2002,radio,0.5
4,5,lr1e-04_bs16_modL1_fusion64_fusionL1_drop0p1_trmiss50_trlocradio,16,0.0001,1,64,1,0.1,lr1e-04_bs16_modL1_fusion64_fusionL1_drop0p1_trmiss50_trlocradio,20,0.5082381839553515,0.6818770368893942,0.4892241379310344,0.6304716862465528,0.5777777777777777,0.0,0.0,0.0,0.0,0.0,0.0,0.0,0.0,0.0,2002,radio,0.5
4,5,lr1e-04_bs16_modL1_fusion64_fusionL1_drop0p1_trmiss50_trlocradio,16,0.0001,1,64,1,0.1,lr1e-04_bs16_modL1_fusion64_fusionL1_drop0p1_trmiss50_trlocradio,21,0.490084633231163,0.6773691972096761,0.5064655172413793,0.6462113642561562,0.6,0.0,0.0,0.0,0.0,0.0,0.0,0.0,0.0,0.0,2002,radio,0.5
4,5,lr1e-04_bs16_modL1_fusion64_fusionL1_drop0p1_trmiss50_trlocradio,16,0.0001,1,64,1,0.1,lr1e-04_bs16_modL1_fusion64_fusionL1_drop0p1_trmiss50_trlocradio,22,0.500639371573925,0.6770947774251302,0.5150862068965517,0.6533329583129466,0.5777777777777777,0.0,0.0,0.0,0.0,0.0,0.0,0.0,0.0,0.0,2002,radio,0.5
4,5,lr1e-04_bs16_modL1_fusion64_fusionL1_drop0p1_trmiss50_trlocradio,16,0.0001,1,64,1,0.1,lr1e-04_bs16_modL1_fusion64_fusionL1_drop0p1_trmiss50_trlocradio,23,0.5145030468702316,0.6824025511741638,0.5064655172413793,0.6378613664265473,0.6,0.0,0.0,0.0,0.0,0.0,0.0,0.0,0.0,0.0,2002,radio,0.5
4,5,lr1e-04_bs16_modL1_fusion64_fusionL1_drop0p1_trmiss50_trlocradio,16,0.0001,1,64,1,0.1,lr1e-04_bs16_modL1_fusion64_fusionL1_drop0p1_trmiss50_trlocradio,24,0.4745940640568733,0.6766649881998698,0.5280172413793103,0.6573587712402772,0.6,0.0,0.0,0.0,0.0,0.0,0.0,0.0,0.0,0.0,2002,radio,0.5
4,5,lr1e-04_bs16_modL1_fusion64_fusionL1_drop0p1_trmiss50_trlocradio,16,0.0001,1,64,1,0.1,lr1e-04_bs16_modL1_fusion64_fusionL1_drop0p1_trmiss50_trlocradio,25,0.4674569045503934,0.6822354396184286,0.5129310344827587,0.6401193114681653,0.5777777777777777,0.0,0.0,0.0,0.0,0.0,0.0,0.0,0.0,0.0,2002,radio,0.5
4,5,lr1e-04_bs16_modL1_fusion64_fusionL1_drop0p1_trmiss50_trlocradio,16,0.0001,1,64,1,0.1,lr1e-04_bs16_modL1_fusion64_fusionL1_drop0p1_trmiss50_trlocradio,26,0.4804752767086029,0.6860539317131042,0.5107758620689655,0.638424250960189,0.6,0.0,0.0,0.0,0.0,0.0,0.0,0.0,0.0,0.0,2002,radio,0.5
4,5,lr1e-04_bs16_modL1_fusion64_fusionL1_drop0p1_trmiss50_trlocradio,16,0.0001,1,64,1,0.1,lr1e-04_bs16_modL1_fusion64_fusionL1_drop0p1_trmiss50_trlocradio,27,0.46620652079582214,0.6850613554318746,0.5086206896551724,0.6446627867029654,0.6444444444444445,0.0,0.0,0.0,0.0,0.0,0.0,0.0,0.0,0.0,2002,radio,0.5
4,5,lr1e-04_bs16_modL1_fusion64_fusionL1_drop0p1_trmiss50_trlocradio,16,0.0001,1,64,1,0.1,lr1e-04_bs16_modL1_fusion64_fusionL1_drop0p1_trmiss50_trlocradio,28,0.476955567797025,0.6799355347951254,0.5150862068965518,0.645801402055658,0.6,0.0,0.0,0.0,0.0,0.0,0.0,0.0,0.0,0.0,2002,radio,0.5
4,5,lr1e-04_bs16_modL1_fusion64_fusionL1_drop0p1_trmiss50_trlocradio,16,0.0001,1,64,1,0.1,lr1e-04_bs16_modL1_fusion64_fusionL1_drop0p1_trmiss50_trlocradio,29,0.4701389322678248,0.6892854571342468,0.4870689655172414,0.6299947111434625,0.6444444444444445,0.0,0.0,0.0,0.0,0.0,0.0,0.0,0.0,0.0,2002,radio,0.5
4,5,lr1e-04_bs16_modL1_fusion64_fusionL1_drop0p1_trmiss50_trlocradio,16,0.0001,1,64,1,0.1,lr1e-04_bs16_modL1_fusion64_fusionL1_drop0p1_trmiss50_trlocradio,30,0.4657125050822894,0.6845660010973612,0.49353448275862066,0.6354112589078711,0.6,0.0,0.0,0.0,0.0,0.0,0.0,0.0,0.0,0.0,2002,radio,0.5
4,5,lr1e-04_bs16_modL1_fusion64_fusionL1_drop0p1_trmiss50_trlocradio,16,0.0001,1,64,1,0.1,lr1e-04_bs16_modL1_fusion64_fusionL1_drop0p1_trmiss50_trlocradio,31,0.49714259803295135,0.6885431806246439,0.4978448275862069,0.632369256130616,0.6222222222222222,0.0,0.0,0.0,0.0,0.0,0.0,0.0,0.0,0.0,2002,radio,0.5
4,5,lr1e-04_bs16_modL1_fusion64_fusionL1_drop0p1_trmiss50_trlocradio,16,0.0001,1,64,1,0.1,lr1e-04_bs16_modL1_fusion64_fusionL1_drop0p1_trmiss50_trlocradio,32,0.4705886095762253,0.681674083073934,0.5237068965517242,0.6491236415485482,0.6222222222222222,0.0,0.0,0.0,0.0,0.0,0.0,0.0,0.0,0.0,2002,radio,0.5
4,5,lr1e-04_bs16_modL1_fusion64_fusionL1_drop0p1_trmiss50_trlocradio,16,0.0001,1,64,1,0.1,lr1e-04_bs16_modL1_fusion64_fusionL1_drop0p1_trmiss50_trlocradio,33,0.47827790925900143,0.6814611355463663,0.5172413793103448,0.6459638462236839,0.6222222222222222,0.0,0.0,0.0,0.0,0.0,0.0,0.0,0.0,0.0,2002,radio,0.5
4,5,lr1e-04_bs16_modL1_fusion64_fusionL1_drop0p1_trmiss50_trlocradio,16,0.0001,1,64,1,0.1,lr1e-04_bs16_modL1_fusion64_fusionL1_drop0p1_trmiss50_trlocradio,34,0.4793366491794586,0.6853601535161337,0.5129310344827587,0.6438764780470307,0.6,0.0,0.0,0.0,0.0,0.0,0.0,0.0,0.0,0.0,2002,radio,0.5
4,5,lr1e-04_bs16_modL1_fusion64_fusionL1_drop0p1_trmiss50_trlocradio,16,0.0001,1,64,1,0.1,lr1e-04_bs16_modL1_fusion64_fusionL1_drop0p1_trmiss50_trlocradio,35,0.45171427726745605,0.6836714347203573,0.519396551724138,0.648247958705662,0.6222222222222222,0.0,0.0,0.0,0.0,0.0,0.0,0.0,0.0,0.0,2002,radio,0.5
4,5,lr1e-04_bs16_modL1_fusion64_fusionL1_drop0p1_trmiss50_trlocradio,16,0.0001,1,64,1,0.1,lr1e-04_bs16_modL1_fusion64_fusionL1_drop0p1_trmiss50_trlocradio,36,0.48081786930561066,0.6823348601659139,0.5086206896551725,0.6416884918265268,0.5777777777777777,0.0,0.0,0.0,0.0,0.0,0.0,0.0,0.0,0.0,2002,radio,0.5
4,5,lr1e-04_bs16_modL1_fusion64_fusionL1_drop0p1_trmiss50_trlocradio,16,0.0001,1,64,1,0.1,lr1e-04_bs16_modL1_fusion64_fusionL1_drop0p1_trmiss50_trlocradio,37,0.4614166443546613,0.681045671304067,0.5086206896551724,0.6398883652658145,0.5777777777777777,0.0,0.0,0.0,0.0,0.0,0.0,0.0,0.0,0.0,2002,radio,0.5
4,5,lr1e-04_bs16_modL1_fusion64_fusionL1_drop0p1_trmiss50_trlocradio,16,0.0001,1,64,1,0.1,lr1e-04_bs16_modL1_fusion64_fusionL1_drop0p1_trmiss50_trlocradio,38,0.45988532652457553,0.6867723067601522,0.5021551724137931,0.6387636560703486,0.6444444444444445,0.0,0.0,0.0,0.0,0.0,0.0,0.0,0.0,0.0,2002,radio,0.5
4,5,lr1e-04_bs16_modL1_fusion64_fusionL1_drop0p1_trmiss50_trlocradio,16,0.0001,1,64,1,0.1,lr1e-04_bs16_modL1_fusion64_fusionL1_drop0p1_trmiss50_trlocradio,39,0.4971436361471812,0.6826937596003214,0.5237068965517242,0.6491490977719832,0.6222222222222222,0.0,0.0,0.0,0.0,0.0,0.0,0.0,0.0,0.0,2002,radio,0.5
4,5,lr1e-04_bs16_modL1_fusion64_fusionL1_drop0p1_trmiss50_trlocradio,16,0.0001,1,64,1,0.1,lr1e-04_bs16_modL1_fusion64_fusionL1_drop0p1_trmiss50_trlocradio,40,0.4715427756309509,0.6850137511889139,0.5086206896551725,0.6431409808846608,0.6222222222222222,0.0,0.0,0.0,0.0,0.0,0.0,0.0,0.0,0.0,2002,radio,0.5
4,5,lr1e-04_bs16_modL1_fusion64_fusionL1_drop0p1_trmiss50_trlocradio,16,0.0001,1,64,1,0.1,lr1e-04_bs16_modL1_fusion64_fusionL1_drop0p1_trmiss50_trlocradio,41,0.46597052613894147,0.6835306286811829,0.5086206896551724,0.6403746599844656,0.6222222222222222,0.0,0.0,0.0,0.0,0.0,0.0,0.0,0.0,0.0,2002,radio,0.5
4,5,lr1e-04_bs16_modL1_fusion64_fusionL1_drop0p1_trmiss50_trlocradio,16,0.0001,1,64,1,0.1,lr1e-04_bs16_modL1_fusion64_fusionL1_drop0p1_trmiss50_trlocradio,42,0.4841192240516345,0.6845134894053141,0.5043103448275862,0.6403997211546895,0.5777777777777777,0.0,0.0,0.0,0.0,0.0,0.0,0.0,0.0,0.0,2002,radio,0.5
4,5,lr1e-04_bs16_modL1_fusion64_fusionL1_drop0p1_trmiss50_trlocradio,16,0.0001,1,64,1,0.1,lr1e-04_bs16_modL1_fusion64_fusionL1_drop0p1_trmiss50_trlocradio,43,0.4648076718052228,0.6830782294273376,0.5323275862068966,0.6573497636549378,0.6222222222222222,0.0,0.0,0.0,0.0,0.0,0.0,0.0,0.0,0.0,2002,radio,0.5
4,5,lr1e-04_bs16_modL1_fusion64_fusionL1_drop0p1_trmiss50_trlocradio,16,0.0001,1,64,1,0.1,lr1e-04_bs16_modL1_fusion64_fusionL1_drop0p1_trmiss50_trlocradio,44,0.4547210807601611,0.686301032702128,0.5129310344827587,0.6429860149541333,0.6222222222222222,0.0,0.0,0.0,0.0,0.0,0.0,0.0,0.0,0.0,2002,radio,0.5
4,5,lr1e-04_bs16_modL1_fusion64_fusionL1_drop0p1_trmiss50_trlocradio,16,0.0001,1,64,1,0.1,lr1e-04_bs16_modL1_fusion64_fusionL1_drop0p1_trmiss50_trlocradio,45,0.4725176269809405,0.68330979347229,0.5129310344827587,0.6439205107667936,0.6,0.0,0.0,0.0,0.0,0.0,0.0,0.0,0.0,0.0,2002,radio,0.5
4,5,lr1e-04_bs16_modL1_fusion64_fusionL1_drop0p1_trmiss50_trlocradio,16,0.0001,1,64,1,0.1,lr1e-04_bs16_modL1_fusion64_fusionL1_drop0p1_trmiss50_trlocradio,46,0.46579284965991974,0.683112363020579,0.5086206896551724,0.6407056579461247,0.6222222222222222,0.0,0.0,0.0,0.0,0.0,0.0,0.0,0.0,0.0,2002,radio,0.5
4,5,lr1e-04_bs16_modL1_fusion64_fusionL1_drop0p1_trmiss50_trlocradio,16,0.0001,1,64,1,0.1,lr1e-04_bs16_modL1_fusion64_fusionL1_drop0p1_trmiss50_trlocradio,47,0.4630872706572215,0.6823982993761698,0.5150862068965517,0.642436726791392,0.6444444444444445,0.0,0.0,0.0,0.0,0.0,0.0,0.0,0.0,0.0,2002,radio,0.5
4,5,lr1e-04_bs16_modL1_fusion64_fusionL1_drop0p1_trmiss50_trlocradio,16,0.0001,1,64,1,0.1,lr1e-04_bs16_modL1_fusion64_fusionL1_drop0p1_trmiss50_trlocradio,48,0.46482738355795544,0.6815982460975647,0.5344827586206897,0.659845242816975,0.6444444444444445,0.0,0.0,0.0,0.0,0.0,0.0,0.0,0.0,0.0,2002,radio,0.5
4,5,lr1e-04_bs16_modL1_fusion64_fusionL1_drop0p1_trmiss50_trlocradio,16,0.0001,1,64,1,0.1,lr1e-04_bs16_modL1_fusion64_fusionL1_drop0p1_trmiss50_trlocradio,49,0.4594906121492386,0.6816203196843466,0.5237068965517242,0.6503549542819014,0.6444444444444445,0.0,0.0,0.0,0.0,0.0,0.0,0.0,0.0,0.0,2002,radio,0.5
4,5,lr1e-04_bs16_modL1_fusion64_fusionL1_drop0p1_trmiss50_trlocradio,16,0.0001,1,64,1,0.1,lr1e-04_bs16_modL1_fusion64_fusionL1_drop0p1_trmiss50_trlocradio,50,0.4727247233192126,0.6841259002685547,0.5150862068965517,0.6429865504418831,0.6,0.0,0.0,0.0,0.0,0.0,0.0,0.0,0.0,0.0,2002,radio,0.5
4,5,lr1e-04_bs16_modL1_fusion64_fusionL1_drop0p1_trmiss50_trlocradio,16,0.0001,1,64,1,0.1,lr1e-04_bs16_modL1_fusion64_fusionL1_drop0p1_trmiss50_trlocradio,51,0.4474193553129832,0.6808050076166788,0.5193965517241379,0.6435452694330207,0.5777777777777777,0.0,0.0,0.0,0.0,0.0,0.0,0.0,0.0,0.0,2002,radio,0.5
4,5,lr1e-04_bs16_modL1_fusion64_fusionL1_drop0p1_trmiss50_trlocradio,16,0.0001,1,64,1,0.1,lr1e-04_bs16_modL1_fusion64_fusionL1_drop0p1_trmiss50_trlocradio,52,0.46985022475322086,0.6818904479344686,0.5129310344827587,0.6430325872088667,0.6,0.0,0.0,0.0,0.0,0.0,0.0,0.0,0.0,0.0,2002,radio,0.5
4,5,lr1e-04_bs16_modL1_fusion64_fusionL1_drop0p1_trmiss50_trlocradio,16,0.0001,1,64,1,0.1,lr1e-04_bs16_modL1_fusion64_fusionL1_drop0p1_trmiss50_trlocradio,53,0.4481369952360789,0.681481659412384,0.5172413793103449,0.6501571179715917,0.6444444444444445,0.0,0.0,0.0,0.0,0.0,0.0,0.0,0.0,0.0,2002,radio,0.5
4,5,lr1e-04_bs16_modL1_fusion64_fusionL1_drop0p1_trmiss50_trlocradio,16,0.0001,1,64,1,0.1,lr1e-04_bs16_modL1_fusion64_fusionL1_drop0p1_trmiss50_trlocradio,54,0.49168186634778976,0.6829102635383606,0.5107758620689655,0.6427740489660047,0.6222222222222222,0.0,0.0,0.0,0.0,0.0,0.0,0.0,0.0,0.0,2002,radio,0.5
4,5,lr1e-04_bs16_modL1_fusion64_fusionL1_drop0p1_trmiss50_trlocradio,16,0.0001,1,64,1,0.1,lr1e-04_bs16_modL1_fusion64_fusionL1_drop0p1_trmiss50_trlocradio,55,0.4679122840364774,0.6799383958180746,0.5129310344827586,0.6408187576812074,0.6222222222222222,0.0,0.0,0.0,0.0,0.0,0.0,0.0,0.0,0.0,2002,radio,0.5
4,5,lr1e-04_bs16_modL1_fusion64_fusionL1_drop0p1_trmiss50_trlocradio,16,0.0001,1,64,1,0.1,lr1e-04_bs16_modL1_fusion64_fusionL1_drop0p1_trmiss50_trlocradio,56,0.4640605002641678,0.6814700166384379,0.5150862068965517,0.644188784108962,0.6222222222222222,0.0,0.0,0.0,0.0,0.0,0.0,0.0,0.0,0.0,2002,radio,0.5
4,5,lr1e-04_bs16_modL1_fusion64_fusionL1_drop0p1_trmiss50_trlocradio,16,0.0001,1,64,1,0.1,lr1e-04_bs16_modL1_fusion64_fusionL1_drop0p1_trmiss50_trlocradio,57,0.4658628776669502,0.6853292385737101,0.5,0.6392364214491688,0.6,0.0,0.0,0.0,0.0,0.0,0.0,0.0,0.0,0.0,2002,radio,0.5
4,5,lr1e-04_bs16_modL1_fusion64_fusionL1_drop0p1_trmiss50_trlocradio,16,0.0001,1,64,1,0.1,lr1e-04_bs16_modL1_fusion64_fusionL1_drop0p1_trmiss50_trlocradio,58,0.4707905277609825,0.6817803382873535,0.5172413793103449,0.6467868615925678,0.6222222222222222,0.0,0.0,0.0,0.0,0.0,0.0,0.0,0.0,0.0,2002,radio,0.5
4,5,lr1e-04_bs16_modL1_fusion64_fusionL1_drop0p1_trmiss50_trlocradio,16,0.0001,1,64,1,0.1,lr1e-04_bs16_modL1_fusion64_fusionL1_drop0p1_trmiss50_trlocradio,59,0.4793090298771858,0.6832007765769958,0.5193965517241379,0.6490793875783787,0.6,0.0,0.0,0.0,0.0,0.0,0.0,0.0,0.0,0.0,2002,radio,0.5
4,5,lr1e-04_bs16_modL1_fusion64_fusionL1_drop0p1_trmiss50_trlocradio,16,0.0001,1,64,1,0.1,lr1e-04_bs16_modL1_fusion64_fusionL1_drop0p1_trmiss50_trlocradio,60,0.4668619508544604,0.6862406134605408,0.5172413793103449,0.644396831737001,0.6222222222222222,0.0,0.0,0.0,0.0,0.0,0.0,0.0,0.0,0.0,2002,radio,0.5
4,5,lr1e-04_bs16_modL1_fusion64_fusionL1_drop0p1_trmiss50_trlocradio,16,0.0001,1,64,1,0.1,lr1e-04_bs16_modL1_fusion64_fusionL1_drop0p1_trmiss50_trlocradio,61,0.4759715398152669,0.6821170647939047,0.5237068965517242,0.6487195265030289,0.6444444444444445,0.0,0.0,0.0,0.0,0.0,0.0,0.0,0.0,0.0,2002,radio,0.5
4,5,lr1e-04_bs16_modL1_fusion64_fusionL1_drop0p1_trmiss50_trlocradio,16,0.0001,1,64,1,0.1,lr1e-04_bs16_modL1_fusion64_fusionL1_drop0p1_trmiss50_trlocradio,62,0.46348172426223755,0.6845083038012186,0.5129310344827587,0.6447811471136984,0.6444444444444445,0.0,0.0,0.0,0.0,0.0,0.0,0.0,0.0,0.0,2002,radio,0.5
4,5,lr1e-04_bs16_modL1_fusion64_fusionL1_drop0p1_trmiss50_trlocradio,16,0.0001,1,64,1,0.1,lr1e-04_bs16_modL1_fusion64_fusionL1_drop0p1_trmiss50_trlocradio,63,0.4643561119834582,0.6799034674962362,0.5301724137931034,0.6558960809670114,0.6222222222222222,0.0,0.0,0.0,0.0,0.0,0.0,0.0,0.0,0.0,2002,radio,0.5
4,5,lr1e-04_bs16_modL1_fusion64_fusionL1_drop0p1_trmiss50_trlocradio,16,0.0001,1,64,1,0.1,lr1e-04_bs16_modL1_fusion64_fusionL1_drop0p1_trmiss50_trlocradio,64,0.484711820880572,0.6854806542396545,0.5172413793103449,0.6463264925355847,0.6222222222222222,0.0,0.0,0.0,0.0,0.0,0.0,0.0,0.0,0.0,2002,radio,0.5
4,5,lr1e-04_bs16_modL1_fusion64_fusionL1_drop0p1_trmiss50_trlocradio,16,0.0001,1,64,1,0.1,lr1e-04_bs16_modL1_fusion64_fusionL1_drop0p1_trmiss50_trlocradio,65,0.4753107875585556,0.6814868648846945,0.5193965517241379,0.6437485857167041,0.5777777777777777,0.0,0.0,0.0,0.0,0.0,0.0,0.0,0.0,0.0,2002,radio,0.5
4,5,lr1e-04_bs16_modL1_fusion64_fusionL1_drop0p1_trmiss50_trlocradio,16,0.0001,1,64,1,0.1,lr1e-04_bs16_modL1_fusion64_fusionL1_drop0p1_trmiss50_trlocradio,66,0.46498726556698483,0.6828375657399496,0.5237068965517242,0.6475693354759866,0.5777777777777777,0.0,0.0,0.0,0.0,0.0,0.0,0.0,0.0,0.0,2002,radio,0.5
4,5,lr1e-04_bs16_modL1_fusion64_fusionL1_drop0p1_trmiss50_trlocradio,16,0.0001,1,64,1,0.1,lr1e-04_bs16_modL1_fusion64_fusionL1_drop0p1_trmiss50_trlocradio,67,0.47589405874411267,0.6790828903516134,0.5237068965517242,0.6468322232530732,0.6444444444444445,0.0,0.0,0.0,0.0,0.0,0.0,0.0,0.0,0.0,2002,radio,0.5
4,5,lr1e-04_bs16_modL1_fusion64_fusionL1_drop0p1_trmiss50_trlocradio,16,0.0001,1,64,1,0.1,lr1e-04_bs16_modL1_fusion64_fusionL1_drop0p1_trmiss50_trlocradio,68,0.481712040801843,0.679161806901296,0.5129310344827587,0.647240363215992,0.5777777777777777,0.0,0.0,0.0,0.0,0.0,0.0,0.0,0.0,0.0,2002,radio,0.5
4,5,lr5e-05_bs32_modL1_fusion32_fusionL1_drop0p2_trmiss50_trlocradio,32,5e-05,1,32,1,0.2,lr5e-05_bs32_modL1_fusion32_fusionL1_drop0p2_trmiss50_trlocradio,1,0.7128650744756063,0.6794942617416382,0.5172413793103449,0.6591657073831149,0.6444444444444445,0.0,0.0,0.0,0.0,0.0,0.0,0.0,0.0,0.0,2002,radio,0.5
4,5,lr5e-05_bs32_modL1_fusion32_fusionL1_drop0p2_trmiss50_trlocradio,32,5e-05,1,32,1,0.2,lr5e-05_bs32_modL1_fusion32_fusionL1_drop0p2_trmiss50_trlocradio,2,0.6839772363503774,0.6807219982147217,0.5452586206896551,0.6832806252326201,0.5555555555555556,0.0,0.0,0.0,0.0,0.0,0.0,0.0,0.0,0.0,2002,radio,0.5
4,5,lr5e-05_bs32_modL1_fusion32_fusionL1_drop0p2_trmiss50_trlocradio,32,5e-05,1,32,1,0.2,lr5e-05_bs32_modL1_fusion32_fusionL1_drop0p2_trmiss50_trlocradio,3,0.6464497049649557,0.6807847619056702,0.5560344827586207,0.6734429106178822,0.6,0.0,0.0,0.0,0.0,0.0,0.0,0.0,0.0,0.0,2002,radio,0.5
4,5,lr5e-05_bs32_modL1_fusion32_fusionL1_drop0p2_trmiss50_trlocradio,32,5e-05,1,32,1,0.2,lr5e-05_bs32_modL1_fusion32_fusionL1_drop0p2_trmiss50_trlocradio,4,0.644731322924296,0.68369060754776,0.584051724137931,0.6978702669823016,0.6,0.0,0.0,0.0,0.0,0.0,0.0,0.0,0.0,0.0,2002,radio,0.5
4,5,lr5e-05_bs32_modL1_fusion32_fusionL1_drop0p2_trmiss50_trlocradio,32,5e-05,1,32,1,0.2,lr5e-05_bs32_modL1_fusion32_fusionL1_drop0p2_trmiss50_trlocradio,5,0.6492864290873209,0.6862096190452576,0.5818965517241379,0.698578979920675,0.6222222222222222,0.0,0.0,0.0,0.0,0.0,0.0,0.0,0.0,0.0,2002,radio,0.5
4,5,lr5e-05_bs32_modL1_fusion32_fusionL1_drop0p2_trmiss50_trlocradio,32,5e-05,1,32,1,0.2,lr5e-05_bs32_modL1_fusion32_fusionL1_drop0p2_trmiss50_trlocradio,6,0.618745356798172,0.6916304528713226,0.5775862068965517,0.6876219108432203,0.5777777777777777,0.0,0.0,0.0,0.0,0.0,0.0,0.0,0.0,0.0,2002,radio,0.5
4,5,lr5e-05_bs32_modL1_fusion32_fusionL1_drop0p2_trmiss50_trlocradio,32,5e-05,1,32,1,0.2,lr5e-05_bs32_modL1_fusion32_fusionL1_drop0p2_trmiss50_trlocradio,7,0.613634874423345,0.6980586051940918,0.5732758620689655,0.6850754806193311,0.5555555555555556,0.0,0.0,0.0,0.0,0.0,0.0,0.0,0.0,0.0,2002,radio,0.5
4,5,lr5e-05_bs32_modL1_fusion32_fusionL1_drop0p2_trmiss50_trlocradio,32,5e-05,1,32,1,0.2,lr5e-05_bs32_modL1_fusion32_fusionL1_drop0p2_trmiss50_trlocradio,8,0.5935573180516561,0.6984847187995911,0.5732758620689655,0.6816633980537515,0.5555555555555556,0.0,0.0,0.0,0.0,0.0,0.0,0.0,0.0,0.0,2002,radio,0.5
4,5,lr5e-05_bs32_modL1_fusion32_fusionL1_drop0p2_trmiss50_trlocradio,32,5e-05,1,32,1,0.2,lr5e-05_bs32_modL1_fusion32_fusionL1_drop0p2_trmiss50_trlocradio,9,0.5955347418785095,0.6985897719860077,0.564655172413793,0.668356846489941,0.5777777777777777,0.0,0.0,0.0,0.0,0.0,0.0,0.0,0.0,0.0,2002,radio,0.5
4,5,lr5e-05_bs32_modL1_fusion32_fusionL1_drop0p2_trmiss50_trlocradio,32,5e-05,1,32,1,0.2,lr5e-05_bs32_modL1_fusion32_fusionL1_drop0p2_trmiss50_trlocradio,10,0.5871973832448324,0.7027180194854736,0.560344827586207,0.6670355655241385,0.5333333333333333,0.0,0.0,0.0,0.0,0.0,0.0,0.0,0.0,0.0,2002,radio,0.5
4,5,lr5e-05_bs32_modL1_fusion32_fusionL1_drop0p2_trmiss50_trlocradio,32,5e-05,1,32,1,0.2,lr5e-05_bs32_modL1_fusion32_fusionL1_drop0p2_trmiss50_trlocradio,11,0.5922913054625193,0.7003715336322784,0.5689655172413793,0.6767516329195424,0.5777777777777777,0.0,0.0,0.0,0.0,0.0,0.0,0.0,0.0,0.0,2002,radio,0.5
4,5,lr5e-05_bs32_modL1_fusion32_fusionL1_drop0p2_trmiss50_trlocradio,32,5e-05,1,32,1,0.2,lr5e-05_bs32_modL1_fusion32_fusionL1_drop0p2_trmiss50_trlocradio,12,0.5844080547491709,0.7033705115318298,0.5560344827586207,0.6665653303673758,0.5555555555555556,0.0,0.0,0.0,0.0,0.0,0.0,0.0,0.0,0.0,2002,radio,0.5
4,5,lr5e-05_bs32_modL1_fusion32_fusionL1_drop0p2_trmiss50_trlocradio,32,5e-05,1,32,1,0.2,lr5e-05_bs32_modL1_fusion32_fusionL1_drop0p2_trmiss50_trlocradio,13,0.5666790008544922,0.7049252986907959,0.5560344827586207,0.6768539343758845,0.6,0.0,0.0,0.0,0.0,0.0,0.0,0.0,0.0,0.0,2002,radio,0.5
4,5,lr5e-05_bs32_modL1_fusion32_fusionL1_drop0p2_trmiss50_trlocradio,32,5e-05,1,32,1,0.2,lr5e-05_bs32_modL1_fusion32_fusionL1_drop0p2_trmiss50_trlocradio,14,0.5473946034908295,0.7057880163192749,0.5517241379310345,0.6728309458701374,0.6,0.0,0.0,0.0,0.0,0.0,0.0,0.0,0.0,0.0,2002,radio,0.5
4,5,lr5e-05_bs32_modL1_fusion32_fusionL1_drop0p2_trmiss50_trlocradio,32,5e-05,1,32,1,0.2,lr5e-05_bs32_modL1_fusion32_fusionL1_drop0p2_trmiss50_trlocradio,15,0.5694014231363932,0.704277753829956,0.5538793103448276,0.6727757337534361,0.5777777777777777,0.0,0.0,0.0,0.0,0.0,0.0,0.0,0.0,0.0,2002,radio,0.5
4,5,lr5e-05_bs32_modL1_fusion32_fusionL1_drop0p2_trmiss50_trlocradio,32,5e-05,1,32,1,0.2,lr5e-05_bs32_modL1_fusion32_fusionL1_drop0p2_trmiss50_trlocradio,16,0.5701316396395365,0.7074694633483887,0.5517241379310345,0.6744148901475427,0.5777777777777777,0.0,0.0,0.0,0.0,0.0,0.0,0.0,0.0,0.0,2002,radio,0.5
4,5,lr5e-05_bs32_modL1_fusion32_fusionL1_drop0p2_trmiss50_trlocradio,32,5e-05,1,32,1,0.2,lr5e-05_bs32_modL1_fusion32_fusionL1_drop0p2_trmiss50_trlocradio,17,0.5644864638646444,0.7088649868965149,0.5474137931034483,0.6771367484939547,0.5777777777777777,0.0,0.0,0.0,0.0,0.0,0.0,0.0,0.0,0.0,2002,radio,0.5
4,5,lr5e-05_bs32_modL1_fusion32_fusionL1_drop0p2_trmiss50_trlocradio,32,5e-05,1,32,1,0.2,lr5e-05_bs32_modL1_fusion32_fusionL1_drop0p2_trmiss50_trlocradio,18,0.5499500334262848,0.7115418910980225,0.5431034482758621,0.6754457126174254,0.5777777777777777,0.0,0.0,0.0,0.0,0.0,0.0,0.0,0.0,0.0,2002,radio,0.5
4,5,lr5e-05_bs32_modL1_fusion32_fusionL1_drop0p2_trmiss50_trlocradio,32,5e-05,1,32,1,0.2,lr5e-05_bs32_modL1_fusion32_fusionL1_drop0p2_trmiss50_trlocradio,19,0.5415085156758627,0.7108873128890991,0.5323275862068966,0.6665858442692367,0.5777777777777777,0.0,0.0,0.0,0.0,0.0,0.0,0.0,0.0,0.0,2002,radio,0.5
4,5,lr5e-05_bs32_modL1_fusion32_fusionL1_drop0p2_trmiss50_trlocradio,32,5e-05,1,32,1,0.2,lr5e-05_bs32_modL1_fusion32_fusionL1_drop0p2_trmiss50_trlocradio,20,0.5709464351336161,0.7107564210891724,0.5280172413793103,0.6694396557800355,0.5777777777777777,0.0,0.0,0.0,0.0,0.0,0.0,0.0,0.0,0.0,2002,radio,0.5
4,5,lr5e-05_bs32_modL1_fusion32_fusionL1_drop0p2_trmiss50_trlocradio,32,5e-05,1,32,1,0.2,lr5e-05_bs32_modL1_fusion32_fusionL1_drop0p2_trmiss50_trlocradio,21,0.5554397602876028,0.7103278338909149,0.5323275862068966,0.6643007554785535,0.6,0.0,0.0,0.0,0.0,0.0,0.0,0.0,0.0,0.0,2002,radio,0.5
4,5,lr5e-05_bs32_modL1_fusion32_fusionL1_drop0p2_trmiss50_trlocradio,32,5e-05,1,32,1,0.2,lr5e-05_bs32_modL1_fusion32_fusionL1_drop0p2_trmiss50_trlocradio,22,0.5551448663075765,0.7121724188327789,0.5344827586206896,0.6654844068290569,0.5777777777777777,0.0,0.0,0.0,0.0,0.0,0.0,0.0,0.0,0.0,2002,radio,0.5
4,5,lr5e-05_bs32_modL1_fusion32_fusionL1_drop0p2_trmiss50_trlocradio,32,5e-05,1,32,1,0.2,lr5e-05_bs32_modL1_fusion32_fusionL1_drop0p2_trmiss50_trlocradio,23,0.5683765610059103,0.7102707028388977,0.5344827586206896,0.6719338768992166,0.5777777777777777,0.0,0.0,0.0,0.0,0.0,0.0,0.0,0.0,0.0,2002,radio,0.5
4,5,lr5e-05_bs32_modL1_fusion32_fusionL1_drop0p2_trmiss50_trlocradio,32,5e-05,1,32,1,0.2,lr5e-05_bs32_modL1_fusion32_fusionL1_drop0p2_trmiss50_trlocradio,24,0.5601506531238556,0.7081313729286194,0.5323275862068966,0.6708127311228984,0.5555555555555556,0.0,0.0,0.0,0.0,0.0,0.0,0.0,0.0,0.0,2002,radio,0.5
4,5,lr5e-05_bs32_modL1_fusion32_fusionL1_drop0p2_trmiss50_trlocradio,32,5e-05,1,32,1,0.2,lr5e-05_bs32_modL1_fusion32_fusionL1_drop0p2_trmiss50_trlocradio,25,0.5607203642527262,0.7110719382762909,0.5301724137931034,0.6692914329484562,0.5555555555555556,0.0,0.0,0.0,0.0,0.0,0.0,0.0,0.0,0.0,2002,radio,0.5
4,5,lr5e-05_bs32_modL1_fusion32_fusionL1_drop0p1_trmiss50_trlocradio,32,5e-05,1,32,1,0.1,lr5e-05_bs32_modL1_fusion32_fusionL1_drop0p1_trmiss50_trlocradio,1,0.7042469481627146,0.7058017551898956,0.2801724137931035,0.5447545883406789,0.4888888888888889,0.0,0.0,0.0,0.0,0.0,0.0,0.0,0.0,0.0,2002,radio,0.5
4,5,lr5e-05_bs32_modL1_fusion32_fusionL1_drop0p1_trmiss50_trlocradio,32,5e-05,1,32,1,0.1,lr5e-05_bs32_modL1_fusion32_fusionL1_drop0p1_trmiss50_trlocradio,2,0.6600526173909506,0.7103049159049988,0.3254310344827586,0.5888738468943454,0.4666666666666667,0.0,0.0,0.0,0.0,0.0,0.0,0.0,0.0,0.0,2002,radio,0.5
4,5,lr5e-05_bs32_modL1_fusion32_fusionL1_drop0p1_trmiss50_trlocradio,32,5e-05,1,32,1,0.1,lr5e-05_bs32_modL1_fusion32_fusionL1_drop0p1_trmiss50_trlocradio,3,0.6498105923334757,0.71905517578125,0.33620689655172414,0.595463274483423,0.4,0.0,0.0,0.0,0.0,0.0,0.0,0.0,0.0,0.0,2002,radio,0.5
4,5,lr5e-05_bs32_modL1_fusion32_fusionL1_drop0p1_trmiss50_trlocradio,32,5e-05,1,32,1,0.1,lr5e-05_bs32_modL1_fusion32_fusionL1_drop0p1_trmiss50_trlocradio,4,0.6223072906335195,0.7288561165332794,0.3448275862068966,0.5896261799799999,0.37777777777777777,0.0,0.0,0.0,0.0,0.0,0.0,0.0,0.0,0.0,2002,radio,0.5
4,5,lr5e-05_bs32_modL1_fusion32_fusionL1_drop0p1_trmiss50_trlocradio,32,5e-05,1,32,1,0.1,lr5e-05_bs32_modL1_fusion32_fusionL1_drop0p1_trmiss50_trlocradio,5,0.6192351679007212,0.7326991558074951,0.3512931034482759,0.5768601478062314,0.37777777777777777,0.0,0.0,0.0,0.0,0.0,0.0,0.0,0.0,0.0,2002,radio,0.5
4,5,lr5e-05_bs32_modL1_fusion32_fusionL1_drop0p1_trmiss50_trlocradio,32,5e-05,1,32,1,0.1,lr5e-05_bs32_modL1_fusion32_fusionL1_drop0p1_trmiss50_trlocradio,6,0.6123262445131937,0.7363470494747162,0.3685344827586207,0.5833568735773988,0.37777777777777777,0.0,0.0,0.0,0.0,0.0,0.0,0.0,0.0,0.0,2002,radio,0.5
4,5,lr5e-05_bs32_modL1_fusion32_fusionL1_drop0p1_trmiss50_trlocradio,32,5e-05,1,32,1,0.1,lr5e-05_bs32_modL1_fusion32_fusionL1_drop0p1_trmiss50_trlocradio,7,0.5875113805135092,0.736081063747406,0.3771551724137931,0.6055734165189042,0.37777777777777777,0.0,0.0,0.0,0.0,0.0,0.0,0.0,0.0,0.0,2002,radio,0.5
4,5,lr5e-05_bs32_modL1_fusion32_fusionL1_drop0p1_trmiss50_trlocradio,32,5e-05,1,32,1,0.1,lr5e-05_bs32_modL1_fusion32_fusionL1_drop0p1_trmiss50_trlocradio,8,0.5789357622464498,0.7347496151924133,0.38362068965517243,0.6183859854113278,0.37777777777777777,0.0,0.0,0.0,0.0,0.0,0.0,0.0,0.0,0.0,2002,radio,0.5
4,5,lr5e-05_bs32_modL1_fusion32_fusionL1_drop0p1_trmiss50_trlocradio,32,5e-05,1,32,1,0.1,lr5e-05_bs32_modL1_fusion32_fusionL1_drop0p1_trmiss50_trlocradio,9,0.5673243006070455,0.7318440079689026,0.3943965517241379,0.6266199477527953,0.37777777777777777,0.0,0.0,0.0,0.0,0.0,0.0,0.0,0.0,0.0,2002,radio,0.5
4,5,lr5e-05_bs32_modL1_fusion32_fusionL1_drop0p1_trmiss50_trlocradio,32,5e-05,1,32,1,0.1,lr5e-05_bs32_modL1_fusion32_fusionL1_drop0p1_trmiss50_trlocradio,10,0.566180944442749,0.7325578033924103,0.3987068965517242,0.6364574853741037,0.37777777777777777,0.0,0.0,0.0,0.0,0.0,0.0,0.0,0.0,0.0,2002,radio,0.5
4,5,lr5e-05_bs32_modL1_fusion32_fusionL1_drop0p1_trmiss50_trlocradio,32,5e-05,1,32,1,0.1,lr5e-05_bs32_modL1_fusion32_fusionL1_drop0p1_trmiss50_trlocradio,11,0.5720210572083791,0.7337602078914642,0.396551724137931,0.6370011812960618,0.37777777777777777,0.0,0.0,0.0,0.0,0.0,0.0,0.0,0.0,0.0,2002,radio,0.5
4,5,lr5e-05_bs32_modL1_fusion32_fusionL1_drop0p1_trmiss50_trlocradio,32,5e-05,1,32,1,0.1,lr5e-05_bs32_modL1_fusion32_fusionL1_drop0p1_trmiss50_trlocradio,12,0.5625912745793661,0.7341977655887604,0.3900862068965517,0.6361052910399175,0.4,0.0,0.0,0.0,0.0,0.0,0.0,0.0,0.0,0.0,2002,radio,0.5
4,5,lr5e-05_bs32_modL1_fusion32_fusionL1_drop0p1_trmiss50_trlocradio,32,5e-05,1,32,1,0.1,lr5e-05_bs32_modL1_fusion32_fusionL1_drop0p1_trmiss50_trlocradio,13,0.55662835141023,0.7325636446475983,0.39439655172413796,0.6423611328992077,0.37777777777777777,0.0,0.0,0.0,0.0,0.0,0.0,0.0,0.0,0.0,2002,radio,0.5
4,5,lr5e-05_bs32_modL1_fusion32_fusionL1_drop0p1_trmiss50_trlocradio,32,5e-05,1,32,1,0.1,lr5e-05_bs32_modL1_fusion32_fusionL1_drop0p1_trmiss50_trlocradio,14,0.544658382733663,0.7320471107959747,0.39870689655172414,0.6436024200511384,0.4,0.0,0.0,0.0,0.0,0.0,0.0,0.0,0.0,0.0,2002,radio,0.5
4,5,lr5e-05_bs32_modL1_fusion32_fusionL1_drop0p1_trmiss50_trlocradio,32,5e-05,1,32,1,0.1,lr5e-05_bs32_modL1_fusion32_fusionL1_drop0p1_trmiss50_trlocradio,15,0.556736002365748,0.7320974469184875,0.39655172413793105,0.6317745927060698,0.4,0.0,0.0,0.0,0.0,0.0,0.0,0.0,0.0,0.0,2002,radio,0.5
4,5,lr5e-05_bs32_modL1_fusion32_fusionL1_drop0p1_trmiss50_trlocradio,32,5e-05,1,32,1,0.1,lr5e-05_bs32_modL1_fusion32_fusionL1_drop0p1_trmiss50_trlocradio,16,0.5437158842881521,0.7326847314834595,0.39439655172413796,0.6115719986617976,0.4,0.0,0.0,0.0,0.0,0.0,0.0,0.0,0.0,0.0,2002,radio,0.5
4,5,lr5e-05_bs32_modL1_fusion32_fusionL1_drop0p1_trmiss50_trlocradio,32,5e-05,1,32,1,0.1,lr5e-05_bs32_modL1_fusion32_fusionL1_drop0p1_trmiss50_trlocradio,17,0.5347007215023041,0.7323246896266937,0.3922413793103448,0.611015897378409,0.4,0.0,0.0,0.0,0.0,0.0,0.0,0.0,0.0,0.0,2002,radio,0.5
4,5,lr5e-05_bs32_modL1_fusion32_fusionL1_drop0p1_trmiss50_trlocradio,32,5e-05,1,32,1,0.1,lr5e-05_bs32_modL1_fusion32_fusionL1_drop0p1_trmiss50_trlocradio,18,0.5360923310120901,0.73293736577034,0.3879310344827586,0.6080259250599431,0.4,0.0,0.0,0.0,0.0,0.0,0.0,0.0,0.0,0.0,2002,radio,0.5
4,5,lr5e-05_bs32_modL1_fusion32_fusionL1_drop0p1_trmiss50_trlocradio,32,5e-05,1,32,1,0.1,lr5e-05_bs32_modL1_fusion32_fusionL1_drop0p1_trmiss50_trlocradio,19,0.5372583270072937,0.732829749584198,0.40301724137931033,0.6317087267185197,0.4,0.0,0.0,0.0,0.0,0.0,0.0,0.0,0.0,0.0,2002,radio,0.5
4,5,lr5e-05_bs32_modL1_fusion32_fusionL1_drop0p1_trmiss50_trlocradio,32,5e-05,1,32,1,0.1,lr5e-05_bs32_modL1_fusion32_fusionL1_drop0p1_trmiss50_trlocradio,20,0.5466837386290232,0.7333506941795349,0.3900862068965517,0.6126989388953445,0.4,0.0,0.0,0.0,0.0,0.0,0.0,0.0,0.0,0.0,2002,radio,0.5
4,5,lr5e-05_bs32_modL1_fusion32_fusionL1_drop0p1_trmiss50_trlocradio,32,5e-05,1,32,1,0.1,lr5e-05_bs32_modL1_fusion32_fusionL1_drop0p1_trmiss50_trlocradio,21,0.5419883529345194,0.7336738407611847,0.39870689655172414,0.6328861867689823,0.4,0.0,0.0,0.0,0.0,0.0,0.0,0.0,0.0,0.0,2002,radio,0.5
4,5,lr5e-05_bs32_modL1_fusion32_fusionL1_drop0p1_trmiss50_trlocradio,32,5e-05,1,32,1,0.1,lr5e-05_bs32_modL1_fusion32_fusionL1_drop0p1_trmiss50_trlocradio,22,0.5373649001121521,0.7332772314548492,0.41163793103448276,0.6683593343110953,0.4,0.0,0.0,0.0,0.0,0.0,0.0,0.0,0.0,0.0,2002,radio,0.5
4,5,lr5e-05_bs32_modL1_fusion32_fusionL1_drop0p1_trmiss50_trlocradio,32,5e-05,1,32,1,0.1,lr5e-05_bs32_modL1_fusion32_fusionL1_drop0p1_trmiss50_trlocradio,23,0.5279923180739085,0.7339810729026794,0.41379310344827586,0.6624647449319324,0.37777777777777777,0.0,0.0,0.0,0.0,0.0,0.0,0.0,0.0,0.0,2002,radio,0.5
4,5,lr5e-05_bs32_modL1_fusion32_fusionL1_drop0p1_trmiss50_trlocradio,32,5e-05,1,32,1,0.1,lr5e-05_bs32_modL1_fusion32_fusionL1_drop0p1_trmiss50_trlocradio,24,0.5432684421539307,0.7300193905830383,0.40948275862068967,0.6637633443195677,0.4,0.0,0.0,0.0,0.0,0.0,0.0,0.0,0.0,0.0,2002,radio,0.5
4,5,lr5e-05_bs32_modL1_fusion32_fusionL1_drop0p1_trmiss50_trlocradio,32,5e-05,1,32,1,0.1,lr5e-05_bs32_modL1_fusion32_fusionL1_drop0p1_trmiss50_trlocradio,25,0.5241654316584269,0.7285441756248474,0.4073275862068966,0.6568667925954298,0.4,0.0,0.0,0.0,0.0,0.0,0.0,0.0,0.0,0.0,2002,radio,0.5
4,5,lr5e-05_bs32_modL1_fusion32_fusionL1_drop0p1_trmiss50_trlocradio,32,5e-05,1,32,1,0.1,lr5e-05_bs32_modL1_fusion32_fusionL1_drop0p1_trmiss50_trlocradio,26,0.5172698795795441,0.7297833561897278,0.40948275862068967,0.654986500248606,0.4,0.0,0.0,0.0,0.0,0.0,0.0,0.0,0.0,0.0,2002,radio,0.5
4,5,lr5e-05_bs32_modL1_fusion32_fusionL1_drop0p1_trmiss50_trlocradio,32,5e-05,1,32,1,0.1,lr5e-05_bs32_modL1_fusion32_fusionL1_drop0p1_trmiss50_trlocradio,27,0.5388719141483307,0.7263066172599792,0.4051724137931034,0.6516105658381889,0.4,0.0,0.0,0.0,0.0,0.0,0.0,0.0,0.0,0.0,2002,radio,0.5
4,5,lr5e-05_bs32_modL1_fusion32_fusionL1_drop0p1_trmiss50_trlocradio,32,5e-05,1,32,1,0.1,lr5e-05_bs32_modL1_fusion32_fusionL1_drop0p1_trmiss50_trlocradio,28,0.5345279276371002,0.7288448810577393,0.4051724137931034,0.6516105658381889,0.4,0.0,0.0,0.0,0.0,0.0,0.0,0.0,0.0,0.0,2002,radio,0.5
4,5,lr5e-05_bs32_modL1_fusion32_fusionL1_drop0p1_trmiss50_trlocradio,32,5e-05,1,32,1,0.1,lr5e-05_bs32_modL1_fusion32_fusionL1_drop0p1_trmiss50_trlocradio,29,0.5310076177120209,0.731807291507721,0.41163793103448276,0.6526876496738935,0.4,0.0,0.0,0.0,0.0,0.0,0.0,0.0,0.0,0.0,2002,radio,0.5
4,5,lr5e-05_bs32_modL1_fusion32_fusionL1_drop0p1_trmiss50_trlocradio,32,5e-05,1,32,1,0.1,lr5e-05_bs32_modL1_fusion32_fusionL1_drop0p1_trmiss50_trlocradio,30,0.5400049885114034,0.7310839593410492,0.41379310344827586,0.6572853508233188,0.4,0.0,0.0,0.0,0.0,0.0,0.0,0.0,0.0,0.0,2002,radio,0.5
4,5,lr5e-05_bs32_modL1_fusion32_fusionL1_drop0p1_trmiss50_trlocradio,32,5e-05,1,32,1,0.1,lr5e-05_bs32_modL1_fusion32_fusionL1_drop0p1_trmiss50_trlocradio,31,0.5367594758669535,0.7316452860832214,0.41163793103448276,0.6560754294682068,0.4,0.0,0.0,0.0,0.0,0.0,0.0,0.0,0.0,0.0,2002,radio,0.5
4,5,lr5e-05_bs32_modL1_fusion32_fusionL1_drop0p1_trmiss50_trlocradio,32,5e-05,1,32,1,0.1,lr5e-05_bs32_modL1_fusion32_fusionL1_drop0p1_trmiss50_trlocradio,32,0.5308122585217158,0.733126312494278,0.4094827586206896,0.6542467983292309,0.4,0.0,0.0,0.0,0.0,0.0,0.0,0.0,0.0,0.0,2002,radio,0.5
4,5,lr5e-05_bs32_modL1_fusion32_fusionL1_drop0p1_trmiss50_trlocradio,32,5e-05,1,32,1,0.1,lr5e-05_bs32_modL1_fusion32_fusionL1_drop0p1_trmiss50_trlocradio,33,0.5173072814941406,0.7301836907863617,0.4051724137931034,0.651918292819344,0.4,0.0,0.0,0.0,0.0,0.0,0.0,0.0,0.0,0.0,2002,radio,0.5
4,5,lr5e-05_bs32_modL1_fusion32_fusionL1_drop0p1_trmiss50_trlocradio,32,5e-05,1,32,1,0.1,lr5e-05_bs32_modL1_fusion32_fusionL1_drop0p1_trmiss50_trlocradio,34,0.5196530222892761,0.7301466464996338,0.4094827586206896,0.6542467983292309,0.4,0.0,0.0,0.0,0.0,0.0,0.0,0.0,0.0,0.0,2002,radio,0.5
4,5,lr5e-05_bs32_modL1_fusion32_fusionL1_drop0p1_trmiss50_trlocradio,32,5e-05,1,32,1,0.1,lr5e-05_bs32_modL1_fusion32_fusionL1_drop0p1_trmiss50_trlocradio,35,0.5303027530511221,0.7311947345733643,0.41379310344827586,0.6597812457330069,0.37777777777777777,0.0,0.0,0.0,0.0,0.0,0.0,0.0,0.0,0.0,2002,radio,0.5
4,5,lr5e-05_bs32_modL1_fusion32_fusionL1_drop0p1_trmiss50_trlocradio,32,5e-05,1,32,1,0.1,lr5e-05_bs32_modL1_fusion32_fusionL1_drop0p1_trmiss50_trlocradio,36,0.5261490742365519,0.7302139401435852,0.41163793103448276,0.6412254518596086,0.4,0.0,0.0,0.0,0.0,0.0,0.0,0.0,0.0,0.0,2002,radio,0.5
4,5,lr5e-05_bs32_modL1_fusion32_fusionL1_drop0p1_trmiss50_trlocradio,32,5e-05,1,32,1,0.1,lr5e-05_bs32_modL1_fusion32_fusionL1_drop0p1_trmiss50_trlocradio,37,0.5186445216337839,0.7283649444580078,0.41163793103448276,0.6560754294682068,0.4,0.0,0.0,0.0,0.0,0.0,0.0,0.0,0.0,0.0,2002,radio,0.5
4,5,lr5e-05_bs32_modL1_fusion32_fusionL1_drop0p1_trmiss50_trlocradio,32,5e-05,1,32,1,0.1,lr5e-05_bs32_modL1_fusion32_fusionL1_drop0p1_trmiss50_trlocradio,38,0.5362417995929718,0.7314301133155823,0.40948275862068967,0.6429279840521589,0.37777777777777777,0.0,0.0,0.0,0.0,0.0,0.0,0.0,0.0,0.0,2002,radio,0.5
4,5,lr5e-05_bs32_modL1_fusion32_fusionL1_drop0p1_trmiss50_trlocradio,32,5e-05,1,32,1,0.1,lr5e-05_bs32_modL1_fusion32_fusionL1_drop0p1_trmiss50_trlocradio,39,0.5332416792710623,0.7312808036804199,0.4073275862068966,0.6489781407919707,0.37777777777777777,0.0,0.0,0.0,0.0,0.0,0.0,0.0,0.0,0.0,2002,radio,0.5
4,5,lr5e-05_bs32_modL1_fusion32_fusionL1_drop0p1_trmiss50_trlocradio,32,5e-05,1,32,1,0.1,lr5e-05_bs32_modL1_fusion32_fusionL1_drop0p1_trmiss50_trlocradio,40,0.5171714623769125,0.729718804359436,0.40948275862068967,0.6463157638464724,0.4,0.0,0.0,0.0,0.0,0.0,0.0,0.0,0.0,0.0,2002,radio,0.5
4,5,lr5e-05_bs32_modL1_fusion32_fusionL1_drop0p1_trmiss50_trlocradio,32,5e-05,1,32,1,0.1,lr5e-05_bs32_modL1_fusion32_fusionL1_drop0p1_trmiss50_trlocradio,41,0.5273103018601736,0.731246292591095,0.40948275862068967,0.6429279840521589,0.35555555555555557,0.0,0.0,0.0,0.0,0.0,0.0,0.0,0.0,0.0,2002,radio,0.5
4,5,lr5e-05_bs32_modL1_fusion32_fusionL1_drop0p1_trmiss50_trlocradio,32,5e-05,1,32,1,0.1,lr5e-05_bs32_modL1_fusion32_fusionL1_drop0p1_trmiss50_trlocradio,42,0.5245711406071981,0.7328847050666809,0.40301724137931033,0.6387482557344996,0.4,0.0,0.0,0.0,0.0,0.0,0.0,0.0,0.0,0.0,2002,radio,0.5
4,5,lr5e-05_bs32_modL1_fusion32_fusionL1_drop0p1_trmiss50_trlocradio,32,5e-05,1,32,1,0.1,lr5e-05_bs32_modL1_fusion32_fusionL1_drop0p1_trmiss50_trlocradio,43,0.5093286484479904,0.7306185960769653,0.41379310344827586,0.6597812457330069,0.4,0.0,0.0,0.0,0.0,0.0,0.0,0.0,0.0,0.0,2002,radio,0.5
4,5,lr5e-05_bs32_modL1_fusion32_fusionL1_drop0p1_trmiss50_trlocradio,32,5e-05,1,32,1,0.1,lr5e-05_bs32_modL1_fusion32_fusionL1_drop0p1_trmiss50_trlocradio,44,0.5340240597724915,0.7290685772895813,0.4137931034482759,0.6596305986623213,0.4,0.0,0.0,0.0,0.0,0.0,0.0,0.0,0.0,0.0,2002,radio,0.5
4,5,lr5e-05_bs32_modL1_fusion32_fusionL1_drop0p1_trmiss50_trlocradio,32,5e-05,1,32,1,0.1,lr5e-05_bs32_modL1_fusion32_fusionL1_drop0p1_trmiss50_trlocradio,45,0.5180729428927103,0.7280746698379517,0.41163793103448276,0.6583628501836195,0.4,0.0,0.0,0.0,0.0,0.0,0.0,0.0,0.0,0.0,2002,radio,0.5
4,5,lr5e-05_bs32_modL1_fusion32_fusionL1_drop0p1_trmiss50_trlocradio,32,5e-05,1,32,1,0.1,lr5e-05_bs32_modL1_fusion32_fusionL1_drop0p1_trmiss50_trlocradio,46,0.5347839494546255,0.7325432598590851,0.41594827586206895,0.6608701749526075,0.35555555555555557,0.0,0.0,0.0,0.0,0.0,0.0,0.0,0.0,0.0,2002,radio,0.5
4,5,lr5e-05_bs32_modL1_fusion32_fusionL1_drop0p1_trmiss50_trlocradio,32,5e-05,1,32,1,0.1,lr5e-05_bs32_modL1_fusion32_fusionL1_drop0p1_trmiss50_trlocradio,47,0.5336955984433492,0.7316270172595978,0.41163793103448276,0.6481443949854483,0.37777777777777777,0.0,0.0,0.0,0.0,0.0,0.0,0.0,0.0,0.0,2002,radio,0.5
4,5,lr5e-05_bs32_modL1_fusion32_fusionL1_drop0p1_trmiss50_trlocradio,32,5e-05,1,32,1,0.1,lr5e-05_bs32_modL1_fusion32_fusionL1_drop0p1_trmiss50_trlocradio,48,0.5294870138168335,0.730198323726654,0.41163793103448276,0.6555255083503343,0.35555555555555557,0.0,0.0,0.0,0.0,0.0,0.0,0.0,0.0,0.0,2002,radio,0.5
4,5,lr5e-05_bs32_modL1_fusion32_fusionL1_drop0p1_trmiss50_trlocradio,32,5e-05,1,32,1,0.1,lr5e-05_bs32_modL1_fusion32_fusionL1_drop0p1_trmiss50_trlocradio,49,0.5178923060496649,0.7288848459720612,0.4073275862068965,0.6492498231326186,0.4,0.0,0.0,0.0,0.0,0.0,0.0,0.0,0.0,0.0,2002,radio,0.5
4,5,lr5e-05_bs32_modL1_fusion32_fusionL1_drop0p1_trmiss50_trlocradio,32,5e-05,1,32,1,0.1,lr5e-05_bs32_modL1_fusion32_fusionL1_drop0p1_trmiss50_trlocradio,50,0.5189379652341207,0.7301224768161774,0.40948275862068967,0.6497965010131905,0.4,0.0,0.0,0.0,0.0,0.0,0.0,0.0,0.0,0.0,2002,radio,0.5
4,5,lr5e-05_bs32_modL1_fusion32_fusionL1_drop0p1_trmiss50_trlocradio,32,5e-05,1,32,1,0.1,lr5e-05_bs32_modL1_fusion32_fusionL1_drop0p1_trmiss50_trlocradio,51,0.5150810132424036,0.7304631471633911,0.4094827586206896,0.6542467983292309,0.4,0.0,0.0,0.0,0.0,0.0,0.0,0.0,0.0,0.0,2002,radio,0.5
4,5,lr5e-05_bs32_modL1_fusion32_fusionL1_drop0p1_trmiss50_trlocradio,32,5e-05,1,32,1,0.1,lr5e-05_bs32_modL1_fusion32_fusionL1_drop0p1_trmiss50_trlocradio,52,0.5291765580574671,0.7307770252227783,0.4051724137931034,0.6485601679602048,0.4,0.0,0.0,0.0,0.0,0.0,0.0,0.0,0.0,0.0,2002,radio,0.5
4,5,lr5e-05_bs32_modL1_fusion32_fusionL1_drop0p1_trmiss50_trlocradio,32,5e-05,1,32,1,0.1,lr5e-05_bs32_modL1_fusion32_fusionL1_drop0p1_trmiss50_trlocradio,53,0.5146747380495071,0.7296801507472992,0.41594827586206895,0.6608701749526075,0.4,0.0,0.0,0.0,0.0,0.0,0.0,0.0,0.0,0.0,2002,radio,0.5
4,5,lr5e-05_bs32_modL1_fusion32_fusionL1_drop0p1_trmiss50_trlocradio,32,5e-05,1,32,1,0.1,lr5e-05_bs32_modL1_fusion32_fusionL1_drop0p1_trmiss50_trlocradio,54,0.5189833988746008,0.7318324446678162,0.41163793103448276,0.6549364535016448,0.37777777777777777,0.0,0.0,0.0,0.0,0.0,0.0,0.0,0.0,0.0,2002,radio,0.5
4,5,lr5e-05_bs32_modL1_fusion32_fusionL1_drop0p1_trmiss50_trlocradio,32,5e-05,1,32,1,0.1,lr5e-05_bs32_modL1_fusion32_fusionL1_drop0p1_trmiss50_trlocradio,55,0.521266981959343,0.7308983206748962,0.41163793103448276,0.6447566151911348,0.35555555555555557,0.0,0.0,0.0,0.0,0.0,0.0,0.0,0.0,0.0,2002,radio,0.5
4,5,lr5e-05_bs32_modL1_fusion32_fusionL1_drop0p1_trmiss50_trlocradio,32,5e-05,1,32,1,0.1,lr5e-05_bs32_modL1_fusion32_fusionL1_drop0p1_trmiss50_trlocradio,56,0.5279257496198019,0.7314653992652893,0.41163793103448276,0.6447566151911348,0.35555555555555557,0.0,0.0,0.0,0.0,0.0,0.0,0.0,0.0,0.0,2002,radio,0.5
4,5,lr5e-05_bs32_modL1_fusion32_fusionL1_drop0p1_trmiss50_trlocradio,32,5e-05,1,32,1,0.1,lr5e-05_bs32_modL1_fusion32_fusionL1_drop0p1_trmiss50_trlocradio,57,0.5193228224913279,0.7281222939491272,0.41379310344827586,0.6527490764503837,0.37777777777777777,0.0,0.0,0.0,0.0,0.0,0.0,0.0,0.0,0.0,2002,radio,0.5
4,5,lr5e-05_bs32_modL1_fusion32_fusionL1_drop0p1_trmiss50_trlocradio,32,5e-05,1,32,1,0.1,lr5e-05_bs32_modL1_fusion32_fusionL1_drop0p1_trmiss50_trlocradio,58,0.5059195061524709,0.7290123105049133,0.41810344827586204,0.653578304693405,0.37777777777777777,0.0,0.0,0.0,0.0,0.0,0.0,0.0,0.0,0.0,2002,radio,0.5
4,5,lr5e-05_bs32_modL1_fusion32_fusionL1_drop0p1_trmiss50_trlocradio,32,5e-05,1,32,1,0.1,lr5e-05_bs32_modL1_fusion32_fusionL1_drop0p1_trmiss50_trlocradio,59,0.5282366871833801,0.7309809327125549,0.4137931034482759,0.6493543163405601,0.37777777777777777,0.0,0.0,0.0,0.0,0.0,0.0,0.0,0.0,0.0,2002,radio,0.5
4,5,lr5e-05_bs32_modL1_fusion32_fusionL1_drop0p1_trmiss50_trlocradio,32,5e-05,1,32,1,0.1,lr5e-05_bs32_modL1_fusion32_fusionL1_drop0p1_trmiss50_trlocradio,60,0.5136790076891581,0.7301268577575684,0.4073275862068966,0.6424577646164222,0.37777777777777777,0.0,0.0,0.0,0.0,0.0,0.0,0.0,0.0,0.0,2002,radio,0.5
4,5,lr5e-05_bs32_modL1_fusion32_fusionL1_drop0p1_trmiss50_trlocradio,32,5e-05,1,32,1,0.1,lr5e-05_bs32_modL1_fusion32_fusionL1_drop0p1_trmiss50_trlocradio,61,0.5140829682350159,0.7294424176216125,0.4051724137931035,0.6406291334774462,0.4,0.0,0.0,0.0,0.0,0.0,0.0,0.0,0.0,0.0,2002,radio,0.5
4,5,lr5e-05_bs32_modL1_fusion32_fusionL1_drop0p1_trmiss50_trlocradio,32,5e-05,1,32,1,0.1,lr5e-05_bs32_modL1_fusion32_fusionL1_drop0p1_trmiss50_trlocradio,62,0.5178745488325754,0.7304258942604065,0.41163793103448276,0.6521673834911953,0.4,0.0,0.0,0.0,0.0,0.0,0.0,0.0,0.0,0.0,2002,radio,0.5
4,5,lr5e-05_bs32_modL1_fusion32_fusionL1_drop0p1_trmiss50_trlocradio,32,5e-05,1,32,1,0.1,lr5e-05_bs32_modL1_fusion32_fusionL1_drop0p1_trmiss50_trlocradio,63,0.5233002851406733,0.7288247048854828,0.4094827586206896,0.6510784542715946,0.4,0.0,0.0,0.0,0.0,0.0,0.0,0.0,0.0,0.0,2002,radio,0.5
4,5,lr5e-05_bs32_modL1_fusion32_fusionL1_drop0p1_trmiss50_trlocradio,32,5e-05,1,32,1,0.1,lr5e-05_bs32_modL1_fusion32_fusionL1_drop0p1_trmiss50_trlocradio,64,0.5215977529684702,0.731582760810852,0.4094827586206896,0.6510784542715946,0.4,0.0,0.0,0.0,0.0,0.0,0.0,0.0,0.0,0.0,2002,radio,0.5
4,5,lr5e-05_bs32_modL1_fusion32_fusionL1_drop0p1_trmiss50_trlocradio,32,5e-05,1,32,1,0.1,lr5e-05_bs32_modL1_fusion32_fusionL1_drop0p1_trmiss50_trlocradio,65,0.520619347691536,0.7308577001094818,0.4051724137931034,0.630963511742859,0.4,0.0,0.0,0.0,0.0,0.0,0.0,0.0,0.0,0.0,2002,radio,0.5
4,5,lr5e-05_bs32_modL1_fusion32_fusionL1_drop0p1_trmiss50_trlocradio,32,5e-05,1,32,1,0.1,lr5e-05_bs32_modL1_fusion32_fusionL1_drop0p1_trmiss50_trlocradio,66,0.5121682385603586,0.7275466322898865,0.4094827586206896,0.6510784542715946,0.4,0.0,0.0,0.0,0.0,0.0,0.0,0.0,0.0,0.0,2002,radio,0.5
4,5,lr5e-05_bs32_modL1_fusion32_fusionL1_drop0p1_trmiss50_trlocradio,32,5e-05,1,32,1,0.1,lr5e-05_bs32_modL1_fusion32_fusionL1_drop0p1_trmiss50_trlocradio,67,0.5185060103734335,0.7315895855426788,0.41163793103448276,0.6481443949854483,0.4,0.0,0.0,0.0,0.0,0.0,0.0,0.0,0.0,0.0,2002,radio,0.5
4,5,lr5e-05_bs32_modL1_fusion32_fusionL1_drop0p1_trmiss50_trlocradio,32,5e-05,1,32,1,0.1,lr5e-05_bs32_modL1_fusion32_fusionL1_drop0p1_trmiss50_trlocradio,68,0.517851839462916,0.731468141078949,0.40948275862068967,0.653847524282044,0.4,0.0,0.0,0.0,0.0,0.0,0.0,0.0,0.0,0.0,2002,radio,0.5
4,5,lr5e-05_bs32_modL1_fusion32_fusionL1_drop0p1_trmiss50_trlocradio,32,5e-05,1,32,1,0.1,lr5e-05_bs32_modL1_fusion32_fusionL1_drop0p1_trmiss50_trlocradio,69,0.5185542305310568,0.7312029302120209,0.41379310344827586,0.6561463748567565,0.4,0.0,0.0,0.0,0.0,0.0,0.0,0.0,0.0,0.0,2002,radio,0.5
4,5,lr5e-05_bs32_modL1_fusion32_fusionL1_drop0p1_trmiss50_trlocradio,32,5e-05,1,32,1,0.1,lr5e-05_bs32_modL1_fusion32_fusionL1_drop0p1_trmiss50_trlocradio,70,0.5279474457105001,0.729944109916687,0.415948275862069,0.6566930527373286,0.4,0.0,0.0,0.0,0.0,0.0,0.0,0.0,0.0,0.0,2002,radio,0.5
4,5,lr5e-05_bs32_modL1_fusion32_fusionL1_drop0p1_trmiss50_trlocradio,32,5e-05,1,32,1,0.1,lr5e-05_bs32_modL1_fusion32_fusionL1_drop0p1_trmiss50_trlocradio,71,0.5229229132334391,0.7284090220928192,0.41379310344827586,0.6562726347871161,0.4,0.0,0.0,0.0,0.0,0.0,0.0,0.0,0.0,0.0,2002,radio,0.5
4,5,lr5e-05_bs32_modL1_fusion32_fusionL1_drop0p1_trmiss50_trlocradio,32,5e-05,1,32,1,0.1,lr5e-05_bs32_modL1_fusion32_fusionL1_drop0p1_trmiss50_trlocradio,72,0.5297950804233551,0.7304277420043945,0.4094827586206896,0.6503387523522194,0.37777777777777777,0.0,0.0,0.0,0.0,0.0,0.0,0.0,0.0,0.0,2002,radio,0.5
4,5,lr5e-05_bs32_modL1_fusion32_fusionL1_drop0p1_trmiss50_trlocradio,32,5e-05,1,32,1,0.1,lr5e-05_bs32_modL1_fusion32_fusionL1_drop0p1_trmiss50_trlocradio,73,0.5281892269849777,0.7330218553543091,0.4073275862068965,0.6451188724136462,0.37777777777777777,0.0,0.0,0.0,0.0,0.0,0.0,0.0,0.0,0.0,2002,radio,0.5
4,5,lr5e-05_bs32_modL1_fusion32_fusionL1_drop0p1_trmiss50_trlocradio,32,5e-05,1,32,1,0.1,lr5e-05_bs32_modL1_fusion32_fusionL1_drop0p1_trmiss50_trlocradio,74,0.5297748843828837,0.7349328398704529,0.40948275862068967,0.6463157638464724,0.35555555555555557,0.0,0.0,0.0,0.0,0.0,0.0,0.0,0.0,0.0,2002,radio,0.5
4,5,lr5e-05_bs32_modL1_fusion32_fusionL1_drop0p1_trmiss50_trlocradio,32,5e-05,1,32,1,0.1,lr5e-05_bs32_modL1_fusion32_fusionL1_drop0p1_trmiss50_trlocradio,75,0.5113846063613892,0.7329686880111694,0.41163793103448276,0.6556761554210199,0.37777777777777777,0.0,0.0,0.0,0.0,0.0,0.0,0.0,0.0,0.0,2002,radio,0.5
4,5,lr5e-05_bs32_modL1_fusion32_fusionL1_drop0p1_trmiss50_trlocradio,32,5e-05,1,32,1,0.1,lr5e-05_bs32_modL1_fusion32_fusionL1_drop0p1_trmiss50_trlocradio,76,0.5052923063437144,0.731915295124054,0.41810344827586204,0.6620800963077195,0.4,0.0,0.0,0.0,0.0,0.0,0.0,0.0,0.0,0.0,2002,radio,0.5
4,5,lr5e-05_bs32_modL1_fusion32_fusionL1_drop0p1_trmiss50_trlocradio,32,5e-05,1,32,1,0.1,lr5e-05_bs32_modL1_fusion32_fusionL1_drop0p1_trmiss50_trlocradio,77,0.5156078785657883,0.7294534146785736,0.41379310344827586,0.6590415438136316,0.4,0.0,0.0,0.0,0.0,0.0,0.0,0.0,0.0,0.0,2002,radio,0.5
4,5,lr5e-05_bs32_modL1_fusion32_fusionL1_drop0p1_trmiss50_trlocradio,32,5e-05,1,32,1,0.1,lr5e-05_bs32_modL1_fusion32_fusionL1_drop0p1_trmiss50_trlocradio,78,0.5231639643510183,0.7308611571788788,0.41163793103448276,0.6497498977706243,0.4,0.0,0.0,0.0,0.0,0.0,0.0,0.0,0.0,0.0,2002,radio,0.5
4,5,lr5e-05_bs32_modL1_fusion64_fusionL1_drop0p2_trmiss50_trlocradio,32,5e-05,1,64,1,0.2,lr5e-05_bs32_modL1_fusion64_fusionL1_drop0p2_trmiss50_trlocradio,1,0.7201898097991943,0.6968159973621368,0.46336206896551724,0.6135794788610808,0.4666666666666667,0.0,0.0,0.0,0.0,0.0,0.0,0.0,0.0,0.0,2002,radio,0.5
4,5,lr5e-05_bs32_modL1_fusion64_fusionL1_drop0p2_trmiss50_trlocradio,32,5e-05,1,64,1,0.2,lr5e-05_bs32_modL1_fusion64_fusionL1_drop0p2_trmiss50_trlocradio,2,0.695844292640686,0.701598048210144,0.4806034482758621,0.6253956943450215,0.4666666666666667,0.0,0.0,0.0,0.0,0.0,0.0,0.0,0.0,0.0,2002,radio,0.5
4,5,lr5e-05_bs32_modL1_fusion64_fusionL1_drop0p2_trmiss50_trlocradio,32,5e-05,1,64,1,0.2,lr5e-05_bs32_modL1_fusion64_fusionL1_drop0p2_trmiss50_trlocradio,3,0.7007359266281128,0.7081882655620575,0.4870689655172414,0.6348696621650951,0.4444444444444444,0.0,0.0,0.0,0.0,0.0,0.0,0.0,0.0,0.0,2002,radio,0.5
4,5,lr5e-05_bs32_modL1_fusion64_fusionL1_drop0p2_trmiss50_trlocradio,32,5e-05,1,64,1,0.2,lr5e-05_bs32_modL1_fusion64_fusionL1_drop0p2_trmiss50_trlocradio,4,0.6716536184151968,0.7135502994060516,0.4719827586206896,0.6361687949480507,0.4222222222222222,0.0,0.0,0.0,0.0,0.0,0.0,0.0,0.0,0.0,2002,radio,0.5
4,5,lr5e-05_bs32_modL1_fusion64_fusionL1_drop0p2_trmiss50_trlocradio,32,5e-05,1,64,1,0.2,lr5e-05_bs32_modL1_fusion64_fusionL1_drop0p2_trmiss50_trlocradio,5,0.6617279748121897,0.7155511379241943,0.4827586206896552,0.6559769140386424,0.4444444444444444,0.0,0.0,0.0,0.0,0.0,0.0,0.0,0.0,0.0,2002,radio,0.5
4,5,lr5e-05_bs32_modL1_fusion64_fusionL1_drop0p2_trmiss50_trlocradio,32,5e-05,1,64,1,0.2,lr5e-05_bs32_modL1_fusion64_fusionL1_drop0p2_trmiss50_trlocradio,6,0.6586953004201254,0.716718852519989,0.5043103448275862,0.6776004567384931,0.4444444444444444,0.0,0.0,0.0,0.0,0.0,0.0,0.0,0.0,0.0,2002,radio,0.5
4,5,lr5e-05_bs32_modL1_fusion64_fusionL1_drop0p2_trmiss50_trlocradio,32,5e-05,1,64,1,0.2,lr5e-05_bs32_modL1_fusion64_fusionL1_drop0p2_trmiss50_trlocradio,7,0.6438615322113037,0.7140891849994659,0.5150862068965517,0.6840376004841517,0.4666666666666667,0.0,0.0,0.0,0.0,0.0,0.0,0.0,0.0,0.0,2002,radio,0.5
4,5,lr5e-05_bs32_modL1_fusion64_fusionL1_drop0p2_trmiss50_trlocradio,32,5e-05,1,64,1,0.2,lr5e-05_bs32_modL1_fusion64_fusionL1_drop0p2_trmiss50_trlocradio,8,0.6478351255257925,0.7133985161781311,0.5150862068965517,0.6817557850189889,0.4888888888888889,0.0,0.0,0.0,0.0,0.0,0.0,0.0,0.0,0.0,2002,radio,0.5
4,5,lr5e-05_bs32_modL1_fusion64_fusionL1_drop0p2_trmiss50_trlocradio,32,5e-05,1,64,1,0.2,lr5e-05_bs32_modL1_fusion64_fusionL1_drop0p2_trmiss50_trlocradio,9,0.639011820157369,0.7110930383205414,0.5323275862068966,0.689386910901123,0.4888888888888889,0.0,0.0,0.0,0.0,0.0,0.0,0.0,0.0,0.0,2002,radio,0.5
4,5,lr5e-05_bs32_modL1_fusion64_fusionL1_drop0p2_trmiss50_trlocradio,32,5e-05,1,64,1,0.2,lr5e-05_bs32_modL1_fusion64_fusionL1_drop0p2_trmiss50_trlocradio,10,0.6236831545829773,0.711186558008194,0.5387931034482758,0.6977362012857645,0.4888888888888889,0.0,0.0,0.0,0.0,0.0,0.0,0.0,0.0,0.0,2002,radio,0.5
4,5,lr5e-05_bs32_modL1_fusion64_fusionL1_drop0p2_trmiss50_trlocradio,32,5e-05,1,64,1,0.2,lr5e-05_bs32_modL1_fusion64_fusionL1_drop0p2_trmiss50_trlocradio,11,0.5921944081783295,0.7115820944309235,0.540948275862069,0.6967003786528456,0.4888888888888889,0.0,0.0,0.0,0.0,0.0,0.0,0.0,0.0,0.0,2002,radio,0.5
4,5,lr5e-05_bs32_modL1_fusion64_fusionL1_drop0p2_trmiss50_trlocradio,32,5e-05,1,64,1,0.2,lr5e-05_bs32_modL1_fusion64_fusionL1_drop0p2_trmiss50_trlocradio,12,0.615397165218989,0.7110498547554016,0.5344827586206896,0.6911111777488022,0.4666666666666667,0.0,0.0,0.0,0.0,0.0,0.0,0.0,0.0,0.0,2002,radio,0.5
4,5,lr5e-05_bs32_modL1_fusion64_fusionL1_drop0p2_trmiss50_trlocradio,32,5e-05,1,64,1,0.2,lr5e-05_bs32_modL1_fusion64_fusionL1_drop0p2_trmiss50_trlocradio,13,0.6010440488656362,0.7102474868297577,0.5387931034482758,0.6982882894885717,0.4666666666666667,0.0,0.0,0.0,0.0,0.0,0.0,0.0,0.0,0.0,2002,radio,0.5
4,5,lr5e-05_bs32_modL1_fusion64_fusionL1_drop0p2_trmiss50_trlocradio,32,5e-05,1,64,1,0.2,lr5e-05_bs32_modL1_fusion64_fusionL1_drop0p2_trmiss50_trlocradio,14,0.5990887482961019,0.7121149301528931,0.521551724137931,0.6965282085537398,0.4666666666666667,0.0,0.0,0.0,0.0,0.0,0.0,0.0,0.0,0.0,2002,radio,0.5
4,5,lr5e-05_bs32_modL1_fusion64_fusionL1_drop0p2_trmiss50_trlocradio,32,5e-05,1,64,1,0.2,lr5e-05_bs32_modL1_fusion64_fusionL1_drop0p2_trmiss50_trlocradio,15,0.5854190985361735,0.7116847932338715,0.5193965517241379,0.6863267434174259,0.4666666666666667,0.0,0.0,0.0,0.0,0.0,0.0,0.0,0.0,0.0,2002,radio,0.5
4,5,lr5e-05_bs32_modL1_fusion64_fusionL1_drop0p2_trmiss50_trlocradio,32,5e-05,1,64,1,0.2,lr5e-05_bs32_modL1_fusion64_fusionL1_drop0p2_trmiss50_trlocradio,16,0.5907469292481741,0.7142777740955353,0.5021551724137931,0.6736013834694119,0.4666666666666667,0.0,0.0,0.0,0.0,0.0,0.0,0.0,0.0,0.0,2002,radio,0.5
4,5,lr5e-05_bs32_modL1_fusion64_fusionL1_drop0p2_trmiss50_trlocradio,32,5e-05,1,64,1,0.2,lr5e-05_bs32_modL1_fusion64_fusionL1_drop0p2_trmiss50_trlocradio,17,0.5787681738535563,0.7146862745285034,0.5193965517241379,0.683662502385604,0.4666666666666667,0.0,0.0,0.0,0.0,0.0,0.0,0.0,0.0,0.0,2002,radio,0.5
4,5,lr5e-05_bs32_modL1_fusion64_fusionL1_drop0p2_trmiss50_trlocradio,32,5e-05,1,64,1,0.2,lr5e-05_bs32_modL1_fusion64_fusionL1_drop0p2_trmiss50_trlocradio,18,0.582330733537674,0.717016339302063,0.5172413793103449,0.680339544917109,0.4666666666666667,0.0,0.0,0.0,0.0,0.0,0.0,0.0,0.0,0.0,2002,radio,0.5
4,5,lr5e-05_bs32_modL1_fusion64_fusionL1_drop0p2_trmiss50_trlocradio,32,5e-05,1,64,1,0.2,lr5e-05_bs32_modL1_fusion64_fusionL1_drop0p2_trmiss50_trlocradio,19,0.574752519528071,0.7144589126110077,0.5193965517241379,0.6833752483773486,0.4666666666666667,0.0,0.0,0.0,0.0,0.0,0.0,0.0,0.0,0.0,2002,radio,0.5
4,5,lr5e-05_bs32_modL1_fusion64_fusionL1_drop0p2_trmiss50_trlocradio,32,5e-05,1,64,1,0.2,lr5e-05_bs32_modL1_fusion64_fusionL1_drop0p2_trmiss50_trlocradio,20,0.5796497464179993,0.7148737609386444,0.5107758620689655,0.6818341887146059,0.4666666666666667,0.0,0.0,0.0,0.0,0.0,0.0,0.0,0.0,0.0,2002,radio,0.5
4,5,lr5e-05_bs32_modL1_fusion64_fusionL1_drop0p2_trmiss50_trlocradio,32,5e-05,1,64,1,0.2,lr5e-05_bs32_modL1_fusion64_fusionL1_drop0p2_trmiss50_trlocradio,21,0.5741572678089142,0.7173103392124176,0.5107758620689655,0.6762209077385679,0.4666666666666667,0.0,0.0,0.0,0.0,0.0,0.0,0.0,0.0,0.0,2002,radio,0.5
4,5,lr5e-05_bs32_modL1_fusion64_fusionL1_drop0p2_trmiss50_trlocradio,32,5e-05,1,64,1,0.2,lr5e-05_bs32_modL1_fusion64_fusionL1_drop0p2_trmiss50_trlocradio,22,0.5765579342842102,0.7163983285427094,0.5107758620689655,0.6727882757414634,0.4666666666666667,0.0,0.0,0.0,0.0,0.0,0.0,0.0,0.0,0.0,2002,radio,0.5
4,5,lr5e-05_bs32_modL1_fusion64_fusionL1_drop0p2_trmiss50_trlocradio,32,5e-05,1,64,1,0.2,lr5e-05_bs32_modL1_fusion64_fusionL1_drop0p2_trmiss50_trlocradio,23,0.5640745460987091,0.7142049372196198,0.5193965517241379,0.6835957936390316,0.4666666666666667,0.0,0.0,0.0,0.0,0.0,0.0,0.0,0.0,0.0,2002,radio,0.5
4,5,lr5e-05_bs32_modL1_fusion64_fusionL1_drop0p2_trmiss50_trlocradio,32,5e-05,1,64,1,0.2,lr5e-05_bs32_modL1_fusion64_fusionL1_drop0p2_trmiss50_trlocradio,24,0.5784993469715118,0.7143018841743469,0.5193965517241379,0.6843832899226844,0.4666666666666667,0.0,0.0,0.0,0.0,0.0,0.0,0.0,0.0,0.0,2002,radio,0.5
4,5,lr5e-05_bs32_modL1_fusion64_fusionL1_drop0p2_trmiss50_trlocradio,32,5e-05,1,64,1,0.2,lr5e-05_bs32_modL1_fusion64_fusionL1_drop0p2_trmiss50_trlocradio,25,0.5667373836040497,0.7155877649784088,0.5193965517241379,0.6843832899226844,0.4666666666666667,0.0,0.0,0.0,0.0,0.0,0.0,0.0,0.0,0.0,2002,radio,0.5
4,5,lr5e-05_bs32_modL1_fusion64_fusionL1_drop0p2_trmiss50_trlocradio,32,5e-05,1,64,1,0.2,lr5e-05_bs32_modL1_fusion64_fusionL1_drop0p2_trmiss50_trlocradio,26,0.5860932568709055,0.7165117859840393,0.5172413793103449,0.6843436554796926,0.4444444444444444,0.0,0.0,0.0,0.0,0.0,0.0,0.0,0.0,0.0,2002,radio,0.5
4,5,lr5e-05_bs32_modL1_fusion64_fusionL1_drop0p2_trmiss50_trlocradio,32,5e-05,1,64,1,0.2,lr5e-05_bs32_modL1_fusion64_fusionL1_drop0p2_trmiss50_trlocradio,27,0.5695499181747437,0.716758131980896,0.5129310344827587,0.6782928999000676,0.4444444444444444,0.0,0.0,0.0,0.0,0.0,0.0,0.0,0.0,0.0,2002,radio,0.5
4,5,lr5e-05_bs32_modL1_fusion64_fusionL1_drop0p2_trmiss50_trlocradio,32,5e-05,1,64,1,0.2,lr5e-05_bs32_modL1_fusion64_fusionL1_drop0p2_trmiss50_trlocradio,28,0.5864434043566386,0.7164396345615387,0.5172413793103448,0.6824574647336746,0.4666666666666667,0.0,0.0,0.0,0.0,0.0,0.0,0.0,0.0,0.0,2002,radio,0.5
4,5,lr5e-05_bs32_modL1_fusion64_fusionL1_drop0p2_trmiss50_trlocradio,32,5e-05,1,64,1,0.2,lr5e-05_bs32_modL1_fusion64_fusionL1_drop0p2_trmiss50_trlocradio,29,0.5697665711243948,0.7126608788967133,0.5150862068965517,0.6817176601150056,0.4666666666666667,0.0,0.0,0.0,0.0,0.0,0.0,0.0,0.0,0.0,2002,radio,0.5
4,5,lr5e-05_bs32_modL1_fusion64_fusionL1_drop0p2_trmiss50_trlocradio,32,5e-05,1,64,1,0.2,lr5e-05_bs32_modL1_fusion64_fusionL1_drop0p2_trmiss50_trlocradio,30,0.5630265275637308,0.7140863835811615,0.5129310344827586,0.6791487280328888,0.4666666666666667,0.0,0.0,0.0,0.0,0.0,0.0,0.0,0.0,0.0,2002,radio,0.5
4,5,lr5e-05_bs32_modL1_fusion64_fusionL1_drop0p2_trmiss50_trlocradio,32,5e-05,1,64,1,0.2,lr5e-05_bs32_modL1_fusion64_fusionL1_drop0p2_trmiss50_trlocradio,31,0.5820291837056478,0.71490678191185,0.5107758620689655,0.6770057555893741,0.4666666666666667,0.0,0.0,0.0,0.0,0.0,0.0,0.0,0.0,0.0,2002,radio,0.5
4,5,lr5e-05_bs32_modL1_fusion64_fusionL1_drop0p1_trmiss50_trlocradio,32,5e-05,1,64,1,0.1,lr5e-05_bs32_modL1_fusion64_fusionL1_drop0p1_trmiss50_trlocradio,1,0.7318165302276611,0.704424262046814,0.39224137931034486,0.5688397047014556,0.3333333333333333,0.0,0.0,0.0,0.0,0.0,0.0,0.0,0.0,0.0,2002,radio,0.5
4,5,lr5e-05_bs32_modL1_fusion64_fusionL1_drop0p1_trmiss50_trlocradio,32,5e-05,1,64,1,0.1,lr5e-05_bs32_modL1_fusion64_fusionL1_drop0p1_trmiss50_trlocradio,2,0.7007034718990326,0.7127542495727539,0.42025862068965514,0.5811875044430554,0.35555555555555557,0.0,0.0,0.0,0.0,0.0,0.0,0.0,0.0,0.0,2002,radio,0.5
4,5,lr5e-05_bs32_modL1_fusion64_fusionL1_drop0p1_trmiss50_trlocradio,32,5e-05,1,64,1,0.1,lr5e-05_bs32_modL1_fusion64_fusionL1_drop0p1_trmiss50_trlocradio,3,0.6635288496812185,0.7194572389125824,0.4331896551724138,0.5964039808964128,0.4,0.0,0.0,0.0,0.0,0.0,0.0,0.0,0.0,0.0,2002,radio,0.5
4,5,lr5e-05_bs32_modL1_fusion64_fusionL1_drop0p1_trmiss50_trlocradio,32,5e-05,1,64,1,0.1,lr5e-05_bs32_modL1_fusion64_fusionL1_drop0p1_trmiss50_trlocradio,4,0.6608347793420156,0.7267834544181824,0.4331896551724138,0.5973316656904942,0.4,0.0,0.0,0.0,0.0,0.0,0.0,0.0,0.0,0.0,2002,radio,0.5
4,5,lr5e-05_bs32_modL1_fusion64_fusionL1_drop0p1_trmiss50_trlocradio,32,5e-05,1,64,1,0.1,lr5e-05_bs32_modL1_fusion64_fusionL1_drop0p1_trmiss50_trlocradio,5,0.6538931429386139,0.7342493534088135,0.4288793103448276,0.5970007457709222,0.37777777777777777,0.0,0.0,0.0,0.0,0.0,0.0,0.0,0.0,0.0,2002,radio,0.5
4,5,lr5e-05_bs32_modL1_fusion64_fusionL1_drop0p1_trmiss50_trlocradio,32,5e-05,1,64,1,0.1,lr5e-05_bs32_modL1_fusion64_fusionL1_drop0p1_trmiss50_trlocradio,6,0.6432516872882843,0.7400624454021454,0.41163793103448276,0.5831287912570581,0.4,0.0,0.0,0.0,0.0,0.0,0.0,0.0,0.0,0.0,2002,radio,0.5
4,5,lr5e-05_bs32_modL1_fusion64_fusionL1_drop0p1_trmiss50_trlocradio,32,5e-05,1,64,1,0.1,lr5e-05_bs32_modL1_fusion64_fusionL1_drop0p1_trmiss50_trlocradio,7,0.6293606559435526,0.7388412654399872,0.42887931034482757,0.5909977681752979,0.4,0.0,0.0,0.0,0.0,0.0,0.0,0.0,0.0,0.0,2002,radio,0.5
4,5,lr5e-05_bs32_modL1_fusion64_fusionL1_drop0p1_trmiss50_trlocradio,32,5e-05,1,64,1,0.1,lr5e-05_bs32_modL1_fusion64_fusionL1_drop0p1_trmiss50_trlocradio,8,0.6089498599370321,0.7367717921733856,0.4418103448275862,0.5951946429735763,0.4222222222222222,0.0,0.0,0.0,0.0,0.0,0.0,0.0,0.0,0.0,2002,radio,0.5
4,5,lr5e-05_bs32_modL1_fusion64_fusionL1_drop0p1_trmiss50_trlocradio,32,5e-05,1,64,1,0.1,lr5e-05_bs32_modL1_fusion64_fusionL1_drop0p1_trmiss50_trlocradio,9,0.6058429678281149,0.7354361712932587,0.4525862068965517,0.5968343517258703,0.4,0.0,0.0,0.0,0.0,0.0,0.0,0.0,0.0,0.0,2002,radio,0.5
4,5,lr5e-05_bs32_modL1_fusion64_fusionL1_drop0p1_trmiss50_trlocradio,32,5e-05,1,64,1,0.1,lr5e-05_bs32_modL1_fusion64_fusionL1_drop0p1_trmiss50_trlocradio,10,0.5968268513679504,0.7346519827842712,0.4547413793103448,0.6017005062920386,0.37777777777777777,0.0,0.0,0.0,0.0,0.0,0.0,0.0,0.0,0.0,2002,radio,0.5
4,5,lr5e-05_bs32_modL1_fusion64_fusionL1_drop0p1_trmiss50_trlocradio,32,5e-05,1,64,1,0.1,lr5e-05_bs32_modL1_fusion64_fusionL1_drop0p1_trmiss50_trlocradio,11,0.6026115218798319,0.7346428632736206,0.45474137931034486,0.601903078397031,0.37777777777777777,0.0,0.0,0.0,0.0,0.0,0.0,0.0,0.0,0.0,2002,radio,0.5
4,5,lr5e-05_bs32_modL1_fusion64_fusionL1_drop0p1_trmiss50_trlocradio,32,5e-05,1,64,1,0.1,lr5e-05_bs32_modL1_fusion64_fusionL1_drop0p1_trmiss50_trlocradio,12,0.5806671977043152,0.7373897135257721,0.4482758620689655,0.5967683991150503,0.37777777777777777,0.0,0.0,0.0,0.0,0.0,0.0,0.0,0.0,0.0,2002,radio,0.5
4,5,lr5e-05_bs32_modL1_fusion64_fusionL1_drop0p1_trmiss50_trlocradio,32,5e-05,1,64,1,0.1,lr5e-05_bs32_modL1_fusion64_fusionL1_drop0p1_trmiss50_trlocradio,13,0.6059271693229675,0.7388460040092468,0.4396551724137931,0.5954124864151156,0.37777777777777777,0.0,0.0,0.0,0.0,0.0,0.0,0.0,0.0,0.0,2002,radio,0.5
4,5,lr5e-05_bs32_modL1_fusion64_fusionL1_drop0p1_trmiss50_trlocradio,32,5e-05,1,64,1,0.1,lr5e-05_bs32_modL1_fusion64_fusionL1_drop0p1_trmiss50_trlocradio,14,0.5820814073085785,0.7390328645706177,0.44396551724137934,0.5989378707181259,0.4,0.0,0.0,0.0,0.0,0.0,0.0,0.0,0.0,0.0,2002,radio,0.5
4,5,lr5e-05_bs32_modL1_fusion64_fusionL1_drop0p1_trmiss50_trlocradio,32,5e-05,1,64,1,0.1,lr5e-05_bs32_modL1_fusion64_fusionL1_drop0p1_trmiss50_trlocradio,15,0.5800737539927164,0.7397326529026031,0.4525862068965517,0.6022782612646075,0.37777777777777777,0.0,0.0,0.0,0.0,0.0,0.0,0.0,0.0,0.0,2002,radio,0.5
4,5,lr5e-05_bs32_modL1_fusion64_fusionL1_drop0p1_trmiss50_trlocradio,32,5e-05,1,64,1,0.1,lr5e-05_bs32_modL1_fusion64_fusionL1_drop0p1_trmiss50_trlocradio,16,0.587701290845871,0.7407821416854858,0.4375,0.5949087604883161,0.37777777777777777,0.0,0.0,0.0,0.0,0.0,0.0,0.0,0.0,0.0,2002,radio,0.5
4,5,lr5e-05_bs32_modL1_fusion64_fusionL1_drop0p1_trmiss50_trlocradio,32,5e-05,1,64,1,0.1,lr5e-05_bs32_modL1_fusion64_fusionL1_drop0p1_trmiss50_trlocradio,17,0.5750294824441274,0.7398488819599152,0.4331896551724138,0.5907581553463315,0.37777777777777777,0.0,0.0,0.0,0.0,0.0,0.0,0.0,0.0,0.0,2002,radio,0.5
4,5,lr5e-05_bs32_modL1_fusion64_fusionL1_drop0p1_trmiss50_trlocradio,32,5e-05,1,64,1,0.1,lr5e-05_bs32_modL1_fusion64_fusionL1_drop0p1_trmiss50_trlocradio,18,0.5635460118452708,0.7403304576873779,0.4331896551724138,0.5918821715786025,0.37777777777777777,0.0,0.0,0.0,0.0,0.0,0.0,0.0,0.0,0.0,2002,radio,0.5
4,5,lr5e-05_bs32_modL1_fusion64_fusionL1_drop0p1_trmiss50_trlocradio,32,5e-05,1,64,1,0.1,lr5e-05_bs32_modL1_fusion64_fusionL1_drop0p1_trmiss50_trlocradio,19,0.5675420165061951,0.7417098879814148,0.43318965517241376,0.5924907565348423,0.37777777777777777,0.0,0.0,0.0,0.0,0.0,0.0,0.0,0.0,0.0,2002,radio,0.5
4,5,lr5e-05_bs32_modL1_fusion64_fusionL1_drop0p1_trmiss50_trlocradio,32,5e-05,1,64,1,0.1,lr5e-05_bs32_modL1_fusion64_fusionL1_drop0p1_trmiss50_trlocradio,20,0.5656472245852152,0.739970326423645,0.43965517241379315,0.5958975499347516,0.37777777777777777,0.0,0.0,0.0,0.0,0.0,0.0,0.0,0.0,0.0,2002,radio,0.5
4,5,lr5e-05_bs32_modL1_fusion64_fusionL1_drop0p1_trmiss50_trlocradio,32,5e-05,1,64,1,0.1,lr5e-05_bs32_modL1_fusion64_fusionL1_drop0p1_trmiss50_trlocradio,21,0.5751961469650269,0.7410568296909332,0.4396551724137931,0.5951468804577946,0.37777777777777777,0.0,0.0,0.0,0.0,0.0,0.0,0.0,0.0,0.0,2002,radio,0.5
4,5,lr5e-05_bs32_modL1_fusion64_fusionL1_drop0p1_trmiss50_trlocradio,32,5e-05,1,64,1,0.1,lr5e-05_bs32_modL1_fusion64_fusionL1_drop0p1_trmiss50_trlocradio,22,0.5669612288475037,0.7402879893779755,0.44181034482758624,0.5978704949313928,0.37777777777777777,0.0,0.0,0.0,0.0,0.0,0.0,0.0,0.0,0.0,2002,radio,0.5
4,5,lr5e-05_bs32_modL1_fusion64_fusionL1_drop0p1_trmiss50_trlocradio,32,5e-05,1,64,1,0.1,lr5e-05_bs32_modL1_fusion64_fusionL1_drop0p1_trmiss50_trlocradio,23,0.561653345823288,0.7397888600826263,0.44181034482758624,0.5969809082172788,0.37777777777777777,0.0,0.0,0.0,0.0,0.0,0.0,0.0,0.0,0.0,2002,radio,0.5
4,5,lr5e-05_bs32_modL1_fusion64_fusionL1_drop0p1_trmiss50_trlocradio,32,5e-05,1,64,1,0.1,lr5e-05_bs32_modL1_fusion64_fusionL1_drop0p1_trmiss50_trlocradio,24,0.5638005634148916,0.7393674850463867,0.4375,0.5954862717757665,0.37777777777777777,0.0,0.0,0.0,0.0,0.0,0.0,0.0,0.0,0.0,2002,radio,0.5
4,5,lr5e-05_bs32_modL1_fusion64_fusionL1_drop0p1_trmiss50_trlocradio,32,5e-05,1,64,1,0.1,lr5e-05_bs32_modL1_fusion64_fusionL1_drop0p1_trmiss50_trlocradio,25,0.5625717639923096,0.7405803799629211,0.4310344827586207,0.5911103077015265,0.37777777777777777,0.0,0.0,0.0,0.0,0.0,0.0,0.0,0.0,0.0,2002,radio,0.5
4,5,lr5e-05_bs32_modL1_fusion64_fusionL1_drop0p1_trmiss50_trlocradio,32,5e-05,1,64,1,0.1,lr5e-05_bs32_modL1_fusion64_fusionL1_drop0p1_trmiss50_trlocradio,26,0.5691165030002594,0.7423658072948456,0.4375,0.5963000925263211,0.37777777777777777,0.0,0.0,0.0,0.0,0.0,0.0,0.0,0.0,0.0,2002,radio,0.5
4,5,lr5e-05_bs32_modL1_fusion64_fusionL1_drop0p1_trmiss50_trlocradio,32,5e-05,1,64,1,0.1,lr5e-05_bs32_modL1_fusion64_fusionL1_drop0p1_trmiss50_trlocradio,27,0.561273992061615,0.7397394776344299,0.4375,0.5952208709626108,0.37777777777777777,0.0,0.0,0.0,0.0,0.0,0.0,0.0,0.0,0.0,2002,radio,0.5
4,5,lr5e-05_bs32_modL1_fusion64_fusionL1_drop0p1_trmiss50_trlocradio,32,5e-05,1,64,1,0.1,lr5e-05_bs32_modL1_fusion64_fusionL1_drop0p1_trmiss50_trlocradio,28,0.5661198496818542,0.7393734455108643,0.43965517241379315,0.5960808070788409,0.37777777777777777,0.0,0.0,0.0,0.0,0.0,0.0,0.0,0.0,0.0,2002,radio,0.5
4,5,lr5e-05_bs32_modL1_fusion64_fusionL1_drop0p1_trmiss50_trlocradio,32,5e-05,1,64,1,0.1,lr5e-05_bs32_modL1_fusion64_fusionL1_drop0p1_trmiss50_trlocradio,29,0.5484797954559326,0.7382919788360596,0.4396551724137931,0.5958215719139098,0.4222222222222222,0.0,0.0,0.0,0.0,0.0,0.0,0.0,0.0,0.0,2002,radio,0.5
4,5,lr5e-05_bs32_modL1_fusion64_fusionL1_drop0p1_trmiss50_trlocradio,32,5e-05,1,64,1,0.1,lr5e-05_bs32_modL1_fusion64_fusionL1_drop0p1_trmiss50_trlocradio,30,0.5672206978003184,0.7398069798946381,0.4375,0.595553906276462,0.37777777777777777,0.0,0.0,0.0,0.0,0.0,0.0,0.0,0.0,0.0,2002,radio,0.5
4,5,lr5e-05_bs32_modL1_fusion64_fusionL1_drop0p1_trmiss50_trlocradio,32,5e-05,1,64,1,0.1,lr5e-05_bs32_modL1_fusion64_fusionL1_drop0p1_trmiss50_trlocradio,31,0.568013072013855,0.7387173473834991,0.43103448275862066,0.5912866399899278,0.37777777777777777,0.0,0.0,0.0,0.0,0.0,0.0,0.0,0.0,0.0,2002,radio,0.5
4,5,lr1e-04_bs32_modL1_fusion32_fusionL1_drop0p2_trmiss50_trlocradio,32,0.0001,1,32,1,0.2,lr1e-04_bs32_modL1_fusion32_fusionL1_drop0p2_trmiss50_trlocradio,1,0.7703825235366821,0.7113819420337677,0.4892241379310345,0.619230861499702,0.3333333333333333,0.0,0.0,0.0,0.0,0.0,0.0,0.0,0.0,0.0,2002,radio,0.5
4,5,lr1e-04_bs32_modL1_fusion32_fusionL1_drop0p2_trmiss50_trlocradio,32,0.0001,1,32,1,0.2,lr1e-04_bs32_modL1_fusion32_fusionL1_drop0p2_trmiss50_trlocradio,2,0.7578847805658976,0.7097035944461823,0.5344827586206897,0.649652569845645,0.37777777777777777,0.0,0.0,0.0,0.0,0.0,0.0,0.0,0.0,0.0,2002,radio,0.5
4,5,lr1e-04_bs32_modL1_fusion32_fusionL1_drop0p2_trmiss50_trlocradio,32,0.0001,1,32,1,0.2,lr1e-04_bs32_modL1_fusion32_fusionL1_drop0p2_trmiss50_trlocradio,3,0.6986818512280782,0.7128020226955414,0.5517241379310345,0.6593314313929266,0.4222222222222222,0.0,0.0,0.0,0.0,0.0,0.0,0.0,0.0,0.0,2002,radio,0.5
4,5,lr1e-04_bs32_modL1_fusion32_fusionL1_drop0p2_trmiss50_trlocradio,32,0.0001,1,32,1,0.2,lr1e-04_bs32_modL1_fusion32_fusionL1_drop0p2_trmiss50_trlocradio,4,0.7175533175468445,0.7172838151454926,0.5625,0.6700891953725471,0.4,0.0,0.0,0.0,0.0,0.0,0.0,0.0,0.0,0.0,2002,radio,0.5
4,5,lr1e-04_bs32_modL1_fusion32_fusionL1_drop0p2_trmiss50_trlocradio,32,0.0001,1,32,1,0.2,lr1e-04_bs32_modL1_fusion32_fusionL1_drop0p2_trmiss50_trlocradio,5,0.6868781646092733,0.7229835987091064,0.5495689655172413,0.6558648295217364,0.4222222222222222,0.0,0.0,0.0,0.0,0.0,0.0,0.0,0.0,0.0,2002,radio,0.5
4,5,lr1e-04_bs32_modL1_fusion32_fusionL1_drop0p2_trmiss50_trlocradio,32,0.0001,1,32,1,0.2,lr1e-04_bs32_modL1_fusion32_fusionL1_drop0p2_trmiss50_trlocradio,6,0.662263423204422,0.7190274298191071,0.5538793103448275,0.6568423183648614,0.4222222222222222,0.0,0.0,0.0,0.0,0.0,0.0,0.0,0.0,0.0,2002,radio,0.5
4,5,lr1e-04_bs32_modL1_fusion32_fusionL1_drop0p2_trmiss50_trlocradio,32,0.0001,1,32,1,0.2,lr1e-04_bs32_modL1_fusion32_fusionL1_drop0p2_trmiss50_trlocradio,7,0.6685790320237478,0.7223540544509888,0.5517241379310345,0.6505851684340749,0.37777777777777777,0.0,0.0,0.0,0.0,0.0,0.0,0.0,0.0,0.0,2002,radio,0.5
4,5,lr1e-04_bs32_modL1_fusion32_fusionL1_drop0p2_trmiss50_trlocradio,32,0.0001,1,32,1,0.2,lr1e-04_bs32_modL1_fusion32_fusionL1_drop0p2_trmiss50_trlocradio,8,0.6303898791472117,0.725554347038269,0.5517241379310345,0.6563291981235956,0.37777777777777777,0.0,0.0,0.0,0.0,0.0,0.0,0.0,0.0,0.0,2002,radio,0.5
4,5,lr1e-04_bs32_modL1_fusion32_fusionL1_drop0p2_trmiss50_trlocradio,32,0.0001,1,32,1,0.2,lr1e-04_bs32_modL1_fusion32_fusionL1_drop0p2_trmiss50_trlocradio,9,0.6044007142384847,0.7216964662075043,0.5387931034482758,0.6651435805881364,0.37777777777777777,0.0,0.0,0.0,0.0,0.0,0.0,0.0,0.0,0.0,2002,radio,0.5
4,5,lr1e-04_bs32_modL1_fusion32_fusionL1_drop0p2_trmiss50_trlocradio,32,0.0001,1,32,1,0.2,lr1e-04_bs32_modL1_fusion32_fusionL1_drop0p2_trmiss50_trlocradio,10,0.630495140949885,0.7179290652275085,0.5431034482758621,0.6520914996077554,0.4666666666666667,0.0,0.0,0.0,0.0,0.0,0.0,0.0,0.0,0.0,2002,radio,0.5
4,5,lr1e-04_bs32_modL1_fusion32_fusionL1_drop0p2_trmiss50_trlocradio,32,0.0001,1,32,1,0.2,lr1e-04_bs32_modL1_fusion32_fusionL1_drop0p2_trmiss50_trlocradio,11,0.5961626569430033,0.720630943775177,0.5344827586206897,0.6491251591805244,0.4444444444444444,0.0,0.0,0.0,0.0,0.0,0.0,0.0,0.0,0.0,2002,radio,0.5
4,5,lr1e-04_bs32_modL1_fusion32_fusionL1_drop0p2_trmiss50_trlocradio,32,0.0001,1,32,1,0.2,lr1e-04_bs32_modL1_fusion32_fusionL1_drop0p2_trmiss50_trlocradio,12,0.6011931300163269,0.7283444106578827,0.5344827586206897,0.6479838702887282,0.4222222222222222,0.0,0.0,0.0,0.0,0.0,0.0,0.0,0.0,0.0,2002,radio,0.5
4,5,lr1e-04_bs32_modL1_fusion32_fusionL1_drop0p2_trmiss50_trlocradio,32,0.0001,1,32,1,0.2,lr1e-04_bs32_modL1_fusion32_fusionL1_drop0p2_trmiss50_trlocradio,13,0.5936403373877207,0.7325908243656158,0.5280172413793103,0.6458593692090973,0.4222222222222222,0.0,0.0,0.0,0.0,0.0,0.0,0.0,0.0,0.0,2002,radio,0.5
4,5,lr1e-04_bs32_modL1_fusion32_fusionL1_drop0p2_trmiss50_trlocradio,32,0.0001,1,32,1,0.2,lr1e-04_bs32_modL1_fusion32_fusionL1_drop0p2_trmiss50_trlocradio,14,0.5880367557207743,0.7330994307994843,0.5237068965517241,0.6597040871781753,0.37777777777777777,0.0,0.0,0.0,0.0,0.0,0.0,0.0,0.0,0.0,2002,radio,0.5
4,5,lr1e-04_bs32_modL1_fusion32_fusionL1_drop0p2_trmiss50_trlocradio,32,0.0001,1,32,1,0.2,lr1e-04_bs32_modL1_fusion32_fusionL1_drop0p2_trmiss50_trlocradio,15,0.5815163453420004,0.7310854196548462,0.521551724137931,0.6575950920157977,0.4,0.0,0.0,0.0,0.0,0.0,0.0,0.0,0.0,0.0,2002,radio,0.5
4,5,lr1e-04_bs32_modL1_fusion32_fusionL1_drop0p2_trmiss50_trlocradio,32,0.0001,1,32,1,0.2,lr1e-04_bs32_modL1_fusion32_fusionL1_drop0p2_trmiss50_trlocradio,16,0.5833901663621267,0.7275991439819336,0.5301724137931034,0.6457007096799935,0.4888888888888889,0.0,0.0,0.0,0.0,0.0,0.0,0.0,0.0,0.0,2002,radio,0.5
4,5,lr1e-04_bs32_modL1_fusion32_fusionL1_drop0p2_trmiss50_trlocradio,32,0.0001,1,32,1,0.2,lr1e-04_bs32_modL1_fusion32_fusionL1_drop0p2_trmiss50_trlocradio,17,0.580619235833486,0.7252805829048157,0.5258620689655171,0.659706670605112,0.4666666666666667,0.0,0.0,0.0,0.0,0.0,0.0,0.0,0.0,0.0,2002,radio,0.5
4,5,lr1e-04_bs32_modL1_fusion32_fusionL1_drop0p2_trmiss50_trlocradio,32,0.0001,1,32,1,0.2,lr1e-04_bs32_modL1_fusion32_fusionL1_drop0p2_trmiss50_trlocradio,18,0.6010392010211945,0.7304181754589081,0.5150862068965517,0.6546791842688003,0.4,0.0,0.0,0.0,0.0,0.0,0.0,0.0,0.0,0.0,2002,radio,0.5
4,5,lr1e-04_bs32_modL1_fusion32_fusionL1_drop0p2_trmiss50_trlocradio,32,0.0001,1,32,1,0.2,lr1e-04_bs32_modL1_fusion32_fusionL1_drop0p2_trmiss50_trlocradio,19,0.5854576826095581,0.7342927753925323,0.5129310344827587,0.6381781895256468,0.4,0.0,0.0,0.0,0.0,0.0,0.0,0.0,0.0,0.0,2002,radio,0.5
4,5,lr1e-04_bs32_modL1_fusion32_fusionL1_drop0p2_trmiss50_trlocradio,32,0.0001,1,32,1,0.2,lr1e-04_bs32_modL1_fusion32_fusionL1_drop0p2_trmiss50_trlocradio,20,0.570235013961792,0.7322735786437988,0.5172413793103448,0.6393873592705062,0.4222222222222222,0.0,0.0,0.0,0.0,0.0,0.0,0.0,0.0,0.0,2002,radio,0.5
4,5,lr1e-04_bs32_modL1_fusion32_fusionL1_drop0p2_trmiss50_trlocradio,32,0.0001,1,32,1,0.2,lr1e-04_bs32_modL1_fusion32_fusionL1_drop0p2_trmiss50_trlocradio,21,0.5674938857555389,0.7291989326477051,0.5280172413793103,0.6424162154160451,0.4888888888888889,0.0,0.0,0.0,0.0,0.0,0.0,0.0,0.0,0.0,2002,radio,0.5
4,5,lr1e-04_bs32_modL1_fusion32_fusionL1_drop0p2_trmiss50_trlocradio,32,0.0001,1,32,1,0.2,lr1e-04_bs32_modL1_fusion32_fusionL1_drop0p2_trmiss50_trlocradio,22,0.5810558994611105,0.7354759573936462,0.5129310344827587,0.6322177295017964,0.4,0.0,0.0,0.0,0.0,0.0,0.0,0.0,0.0,0.0,2002,radio,0.5
4,5,lr1e-04_bs32_modL1_fusion32_fusionL1_drop0p2_trmiss50_trlocradio,32,0.0001,1,32,1,0.2,lr1e-04_bs32_modL1_fusion32_fusionL1_drop0p2_trmiss50_trlocradio,23,0.5498693436384201,0.73435840010643,0.5086206896551724,0.6305416906654038,0.4444444444444444,0.0,0.0,0.0,0.0,0.0,0.0,0.0,0.0,0.0,2002,radio,0.5
4,5,lr1e-04_bs32_modL1_fusion32_fusionL1_drop0p2_trmiss50_trlocradio,32,0.0001,1,32,1,0.2,lr1e-04_bs32_modL1_fusion32_fusionL1_drop0p2_trmiss50_trlocradio,24,0.5619116226832072,0.736577570438385,0.5064655172413792,0.6278890088642693,0.4444444444444444,0.0,0.0,0.0,0.0,0.0,0.0,0.0,0.0,0.0,2002,radio,0.5
4,5,lr1e-04_bs32_modL1_fusion32_fusionL1_drop0p2_trmiss50_trlocradio,32,0.0001,1,32,1,0.2,lr1e-04_bs32_modL1_fusion32_fusionL1_drop0p2_trmiss50_trlocradio,25,0.5716160734494528,0.732746958732605,0.4956896551724138,0.6204099297604614,0.4666666666666667,0.0,0.0,0.0,0.0,0.0,0.0,0.0,0.0,0.0,2002,radio,0.5
4,5,lr1e-04_bs32_modL1_fusion32_fusionL1_drop0p2_trmiss50_trlocradio,32,0.0001,1,32,1,0.2,lr1e-04_bs32_modL1_fusion32_fusionL1_drop0p2_trmiss50_trlocradio,26,0.5532643596331278,0.7325727343559265,0.49784482758620685,0.6284256587380779,0.4666666666666667,0.0,0.0,0.0,0.0,0.0,0.0,0.0,0.0,0.0,2002,radio,0.5
4,5,lr1e-04_bs32_modL1_fusion32_fusionL1_drop0p1_trmiss50_trlocradio,32,0.0001,1,32,1,0.1,lr1e-04_bs32_modL1_fusion32_fusionL1_drop0p1_trmiss50_trlocradio,1,0.7507314880688986,0.7115723788738251,0.40086206896551724,0.6052854849499187,0.4,0.0,0.0,0.0,0.0,0.0,0.0,0.0,0.0,0.0,2002,radio,0.5
4,5,lr1e-04_bs32_modL1_fusion32_fusionL1_drop0p1_trmiss50_trlocradio,32,0.0001,1,32,1,0.1,lr1e-04_bs32_modL1_fusion32_fusionL1_drop0p1_trmiss50_trlocradio,2,0.7113734086354574,0.7201078534126282,0.4073275862068966,0.5800722632783858,0.37777777777777777,0.0,0.0,0.0,0.0,0.0,0.0,0.0,0.0,0.0,2002,radio,0.5
4,5,lr1e-04_bs32_modL1_fusion32_fusionL1_drop0p1_trmiss50_trlocradio,32,0.0001,1,32,1,0.1,lr1e-04_bs32_modL1_fusion32_fusionL1_drop0p1_trmiss50_trlocradio,3,0.6709005037943522,0.7224809527397156,0.4375,0.5929847105747977,0.4222222222222222,0.0,0.0,0.0,0.0,0.0,0.0,0.0,0.0,0.0,2002,radio,0.5
4,5,lr1e-04_bs32_modL1_fusion32_fusionL1_drop0p1_trmiss50_trlocradio,32,0.0001,1,32,1,0.1,lr1e-04_bs32_modL1_fusion32_fusionL1_drop0p1_trmiss50_trlocradio,4,0.633463184038798,0.7224800884723663,0.4482758620689655,0.6036922944931181,0.4222222222222222,0.0,0.0,0.0,0.0,0.0,0.0,0.0,0.0,0.0,2002,radio,0.5
4,5,lr1e-04_bs32_modL1_fusion32_fusionL1_drop0p1_trmiss50_trlocradio,32,0.0001,1,32,1,0.1,lr1e-04_bs32_modL1_fusion32_fusionL1_drop0p1_trmiss50_trlocradio,5,0.6421467959880829,0.7228025496006012,0.4676724137931034,0.6131606127817761,0.4,0.0,0.0,0.0,0.0,0.0,0.0,0.0,0.0,0.0,2002,radio,0.5
4,5,lr1e-04_bs32_modL1_fusion32_fusionL1_drop0p1_trmiss50_trlocradio,32,0.0001,1,32,1,0.1,lr1e-04_bs32_modL1_fusion32_fusionL1_drop0p1_trmiss50_trlocradio,6,0.6088761190573374,0.726969838142395,0.47629310344827586,0.6401156127764795,0.4,0.0,0.0,0.0,0.0,0.0,0.0,0.0,0.0,0.0,2002,radio,0.5
4,5,lr1e-04_bs32_modL1_fusion32_fusionL1_drop0p1_trmiss50_trlocradio,32,0.0001,1,32,1,0.1,lr1e-04_bs32_modL1_fusion32_fusionL1_drop0p1_trmiss50_trlocradio,7,0.5903467535972595,0.7263384759426117,0.4698275862068966,0.6342258927724134,0.37777777777777777,0.0,0.0,0.0,0.0,0.0,0.0,0.0,0.0,0.0,2002,radio,0.5
4,5,lr1e-04_bs32_modL1_fusion32_fusionL1_drop0p1_trmiss50_trlocradio,32,0.0001,1,32,1,0.1,lr1e-04_bs32_modL1_fusion32_fusionL1_drop0p1_trmiss50_trlocradio,8,0.5697349508603414,0.7265976965427399,0.4676724137931034,0.6333559084918988,0.37777777777777777,0.0,0.0,0.0,0.0,0.0,0.0,0.0,0.0,0.0,2002,radio,0.5
4,5,lr1e-04_bs32_modL1_fusion32_fusionL1_drop0p1_trmiss50_trlocradio,32,0.0001,1,32,1,0.1,lr1e-04_bs32_modL1_fusion32_fusionL1_drop0p1_trmiss50_trlocradio,9,0.563062330087026,0.7264563739299774,0.4762931034482759,0.6381490535833242,0.4222222222222222,0.0,0.0,0.0,0.0,0.0,0.0,0.0,0.0,0.0,2002,radio,0.5
4,5,lr1e-04_bs32_modL1_fusion32_fusionL1_drop0p1_trmiss50_trlocradio,32,0.0001,1,32,1,0.1,lr1e-04_bs32_modL1_fusion32_fusionL1_drop0p1_trmiss50_trlocradio,10,0.5543392399946848,0.7227712571620941,0.4698275862068966,0.6289112755061853,0.4444444444444444,0.0,0.0,0.0,0.0,0.0,0.0,0.0,0.0,0.0,2002,radio,0.5
4,5,lr1e-04_bs32_modL1_fusion32_fusionL1_drop0p1_trmiss50_trlocradio,32,0.0001,1,32,1,0.1,lr1e-04_bs32_modL1_fusion32_fusionL1_drop0p1_trmiss50_trlocradio,11,0.5483613808949789,0.7210382521152496,0.47413793103448276,0.6299727977257366,0.4444444444444444,0.0,0.0,0.0,0.0,0.0,0.0,0.0,0.0,0.0,2002,radio,0.5
4,5,lr1e-04_bs32_modL1_fusion32_fusionL1_drop0p1_trmiss50_trlocradio,32,0.0001,1,32,1,0.1,lr1e-04_bs32_modL1_fusion32_fusionL1_drop0p1_trmiss50_trlocradio,12,0.5536477863788605,0.7197985649108887,0.47844827586206895,0.6432762100309637,0.4222222222222222,0.0,0.0,0.0,0.0,0.0,0.0,0.0,0.0,0.0,2002,radio,0.5
4,5,lr1e-04_bs32_modL1_fusion32_fusionL1_drop0p1_trmiss50_trlocradio,32,0.0001,1,32,1,0.1,lr1e-04_bs32_modL1_fusion32_fusionL1_drop0p1_trmiss50_trlocradio,13,0.5346054037412008,0.7209188938140869,0.49137931034482757,0.6509425465653165,0.4222222222222222,0.0,0.0,0.0,0.0,0.0,0.0,0.0,0.0,0.0,2002,radio,0.5
4,5,lr1e-04_bs32_modL1_fusion32_fusionL1_drop0p1_trmiss50_trlocradio,32,0.0001,1,32,1,0.1,lr1e-04_bs32_modL1_fusion32_fusionL1_drop0p1_trmiss50_trlocradio,14,0.538268119096756,0.7242984175682068,0.48275862068965514,0.6439750420578625,0.4222222222222222,0.0,0.0,0.0,0.0,0.0,0.0,0.0,0.0,0.0,2002,radio,0.5
4,5,lr1e-04_bs32_modL1_fusion32_fusionL1_drop0p1_trmiss50_trlocradio,32,0.0001,1,32,1,0.1,lr1e-04_bs32_modL1_fusion32_fusionL1_drop0p1_trmiss50_trlocradio,15,0.5483053227265676,0.7222526371479034,0.4913793103448276,0.6541771472137102,0.4222222222222222,0.0,0.0,0.0,0.0,0.0,0.0,0.0,0.0,0.0,2002,radio,0.5
4,5,lr1e-04_bs32_modL1_fusion32_fusionL1_drop0p1_trmiss50_trlocradio,32,0.0001,1,32,1,0.1,lr1e-04_bs32_modL1_fusion32_fusionL1_drop0p1_trmiss50_trlocradio,16,0.5299894313017527,0.71689772605896,0.4849137931034483,0.6515135039154707,0.4444444444444444,0.0,0.0,0.0,0.0,0.0,0.0,0.0,0.0,0.0,2002,radio,0.5
4,5,lr1e-04_bs32_modL1_fusion32_fusionL1_drop0p1_trmiss50_trlocradio,32,0.0001,1,32,1,0.1,lr1e-04_bs32_modL1_fusion32_fusionL1_drop0p1_trmiss50_trlocradio,17,0.5151026695966721,0.7174610197544098,0.48060344827586204,0.647380102635815,0.4444444444444444,0.0,0.0,0.0,0.0,0.0,0.0,0.0,0.0,0.0,2002,radio,0.5
4,5,lr1e-04_bs32_modL1_fusion32_fusionL1_drop0p1_trmiss50_trlocradio,32,0.0001,1,32,1,0.1,lr1e-04_bs32_modL1_fusion32_fusionL1_drop0p1_trmiss50_trlocradio,18,0.5093469520409902,0.7184769809246063,0.4806034482758621,0.6444603679999616,0.4444444444444444,0.0,0.0,0.0,0.0,0.0,0.0,0.0,0.0,0.0,2002,radio,0.5
4,5,lr1e-04_bs32_modL1_fusion32_fusionL1_drop0p1_trmiss50_trlocradio,32,0.0001,1,32,1,0.1,lr1e-04_bs32_modL1_fusion32_fusionL1_drop0p1_trmiss50_trlocradio,19,0.5196993748346964,0.7185117900371552,0.4849137931034483,0.6463100664843818,0.4444444444444444,0.0,0.0,0.0,0.0,0.0,0.0,0.0,0.0,0.0,2002,radio,0.5
4,5,lr1e-04_bs32_modL1_fusion32_fusionL1_drop0p1_trmiss50_trlocradio,32,0.0001,1,32,1,0.1,lr1e-04_bs32_modL1_fusion32_fusionL1_drop0p1_trmiss50_trlocradio,20,0.5116267949342728,0.7189827561378479,0.4849137931034483,0.6455887672149883,0.4444444444444444,0.0,0.0,0.0,0.0,0.0,0.0,0.0,0.0,0.0,2002,radio,0.5
4,5,lr1e-04_bs32_modL1_fusion32_fusionL1_drop0p1_trmiss50_trlocradio,32,0.0001,1,32,1,0.1,lr1e-04_bs32_modL1_fusion32_fusionL1_drop0p1_trmiss50_trlocradio,21,0.5080064882834753,0.7202171087265015,0.4849137931034483,0.6486193423317924,0.4444444444444444,0.0,0.0,0.0,0.0,0.0,0.0,0.0,0.0,0.0,2002,radio,0.5
4,5,lr1e-04_bs32_modL1_fusion32_fusionL1_drop0p1_trmiss50_trlocradio,32,0.0001,1,32,1,0.1,lr1e-04_bs32_modL1_fusion32_fusionL1_drop0p1_trmiss50_trlocradio,22,0.5023487905661265,0.7184185683727264,0.4892241379310345,0.6518633073771843,0.4444444444444444,0.0,0.0,0.0,0.0,0.0,0.0,0.0,0.0,0.0,2002,radio,0.5
4,5,lr1e-04_bs32_modL1_fusion32_fusionL1_drop0p1_trmiss50_trlocradio,32,0.0001,1,32,1,0.1,lr1e-04_bs32_modL1_fusion32_fusionL1_drop0p1_trmiss50_trlocradio,23,0.49619391063849133,0.7199912369251251,0.4806034482758621,0.6462003552776077,0.4444444444444444,0.0,0.0,0.0,0.0,0.0,0.0,0.0,0.0,0.0,2002,radio,0.5
4,5,lr1e-04_bs32_modL1_fusion32_fusionL1_drop0p1_trmiss50_trlocradio,32,0.0001,1,32,1,0.1,lr1e-04_bs32_modL1_fusion32_fusionL1_drop0p1_trmiss50_trlocradio,24,0.49706242978572845,0.7177155613899231,0.4849137931034483,0.6474441917524836,0.4666666666666667,0.0,0.0,0.0,0.0,0.0,0.0,0.0,0.0,0.0,2002,radio,0.5
4,5,lr1e-04_bs32_modL1_fusion32_fusionL1_drop0p1_trmiss50_trlocradio,32,0.0001,1,32,1,0.1,lr1e-04_bs32_modL1_fusion32_fusionL1_drop0p1_trmiss50_trlocradio,25,0.4988791545232137,0.7185259461402893,0.4913793103448276,0.652657472623373,0.4444444444444444,0.0,0.0,0.0,0.0,0.0,0.0,0.0,0.0,0.0,2002,radio,0.5
4,5,lr1e-04_bs32_modL1_fusion32_fusionL1_drop0p1_trmiss50_trlocradio,32,0.0001,1,32,1,0.1,lr1e-04_bs32_modL1_fusion32_fusionL1_drop0p1_trmiss50_trlocradio,26,0.49899063011010486,0.7196413576602936,0.4870689655172413,0.6504818836463572,0.4444444444444444,0.0,0.0,0.0,0.0,0.0,0.0,0.0,0.0,0.0,2002,radio,0.5
4,5,lr1e-04_bs32_modL1_fusion32_fusionL1_drop0p1_trmiss50_trlocradio,32,0.0001,1,32,1,0.1,lr1e-04_bs32_modL1_fusion32_fusionL1_drop0p1_trmiss50_trlocradio,27,0.49723870555559796,0.7198274731636047,0.4849137931034483,0.6498057511243829,0.4444444444444444,0.0,0.0,0.0,0.0,0.0,0.0,0.0,0.0,0.0,2002,radio,0.5
4,5,lr1e-04_bs32_modL1_fusion32_fusionL1_drop0p1_trmiss50_trlocradio,32,0.0001,1,32,1,0.1,lr1e-04_bs32_modL1_fusion32_fusionL1_drop0p1_trmiss50_trlocradio,28,0.49290457367897034,0.7222214043140411,0.4870689655172413,0.6510154364985783,0.4444444444444444,0.0,0.0,0.0,0.0,0.0,0.0,0.0,0.0,0.0,2002,radio,0.5
4,5,lr1e-04_bs32_modL1_fusion32_fusionL1_drop0p1_trmiss50_trlocradio,32,0.0001,1,32,1,0.1,lr1e-04_bs32_modL1_fusion32_fusionL1_drop0p1_trmiss50_trlocradio,29,0.5129739393790563,0.7193539440631866,0.48706896551724144,0.6508415757499596,0.4666666666666667,0.0,0.0,0.0,0.0,0.0,0.0,0.0,0.0,0.0,2002,radio,0.5
4,5,lr1e-04_bs32_modL1_fusion32_fusionL1_drop0p1_trmiss50_trlocradio,32,0.0001,1,32,1,0.1,lr1e-04_bs32_modL1_fusion32_fusionL1_drop0p1_trmiss50_trlocradio,30,0.48686041434605914,0.7180276215076447,0.4892241379310345,0.6510495875992588,0.4666666666666667,0.0,0.0,0.0,0.0,0.0,0.0,0.0,0.0,0.0,2002,radio,0.5
4,5,lr1e-04_bs32_modL1_fusion32_fusionL1_drop0p1_trmiss50_trlocradio,32,0.0001,1,32,1,0.1,lr1e-04_bs32_modL1_fusion32_fusionL1_drop0p1_trmiss50_trlocradio,31,0.5110913763443629,0.7195130884647369,0.4870689655172413,0.6511320110713326,0.4666666666666667,0.0,0.0,0.0,0.0,0.0,0.0,0.0,0.0,0.0,2002,radio,0.5
4,5,lr1e-04_bs32_modL1_fusion32_fusionL1_drop0p1_trmiss50_trlocradio,32,0.0001,1,32,1,0.1,lr1e-04_bs32_modL1_fusion32_fusionL1_drop0p1_trmiss50_trlocradio,32,0.49561014274756116,0.718942403793335,0.4892241379310345,0.6516997150242341,0.4666666666666667,0.0,0.0,0.0,0.0,0.0,0.0,0.0,0.0,0.0,2002,radio,0.5
4,5,lr1e-04_bs32_modL1_fusion32_fusionL1_drop0p1_trmiss50_trlocradio,32,0.0001,1,32,1,0.1,lr1e-04_bs32_modL1_fusion32_fusionL1_drop0p1_trmiss50_trlocradio,33,0.5042779892683029,0.7213335335254669,0.4892241379310345,0.6516997150242341,0.4666666666666667,0.0,0.0,0.0,0.0,0.0,0.0,0.0,0.0,0.0,2002,radio,0.5
4,5,lr1e-04_bs32_modL1_fusion32_fusionL1_drop0p1_trmiss50_trlocradio,32,0.0001,1,32,1,0.1,lr1e-04_bs32_modL1_fusion32_fusionL1_drop0p1_trmiss50_trlocradio,34,0.48584934572378796,0.7226583361625671,0.4870689655172414,0.6521246965467765,0.4666666666666667,0.0,0.0,0.0,0.0,0.0,0.0,0.0,0.0,0.0,2002,radio,0.5
4,5,lr1e-04_bs32_modL1_fusion32_fusionL1_drop0p1_trmiss50_trlocradio,32,0.0001,1,32,1,0.1,lr1e-04_bs32_modL1_fusion32_fusionL1_drop0p1_trmiss50_trlocradio,35,0.4889996498823166,0.721392810344696,0.4870689655172413,0.6511320110713326,0.4666666666666667,0.0,0.0,0.0,0.0,0.0,0.0,0.0,0.0,0.0,2002,radio,0.5
4,5,lr1e-04_bs32_modL1_fusion32_fusionL1_drop0p1_trmiss50_trlocradio,32,0.0001,1,32,1,0.1,lr1e-04_bs32_modL1_fusion32_fusionL1_drop0p1_trmiss50_trlocradio,36,0.4908828139305115,0.7198782861232758,0.4870689655172413,0.6540055742897233,0.4666666666666667,0.0,0.0,0.0,0.0,0.0,0.0,0.0,0.0,0.0,2002,radio,0.5
4,5,lr1e-04_bs32_modL1_fusion32_fusionL1_drop0p1_trmiss50_trlocradio,32,0.0001,1,32,1,0.1,lr1e-04_bs32_modL1_fusion32_fusionL1_drop0p1_trmiss50_trlocradio,37,0.5123781661192576,0.7214007079601288,0.4870689655172413,0.6511320110713326,0.4444444444444444,0.0,0.0,0.0,0.0,0.0,0.0,0.0,0.0,0.0,2002,radio,0.5
4,5,lr1e-04_bs32_modL1_fusion32_fusionL1_drop0p1_trmiss50_trlocradio,32,0.0001,1,32,1,0.1,lr1e-04_bs32_modL1_fusion32_fusionL1_drop0p1_trmiss50_trlocradio,38,0.49414386848608655,0.7218291163444519,0.48491379310344823,0.6505572984276543,0.4444444444444444,0.0,0.0,0.0,0.0,0.0,0.0,0.0,0.0,0.0,2002,radio,0.5
4,5,lr1e-04_bs32_modL1_fusion32_fusionL1_drop0p1_trmiss50_trlocradio,32,0.0001,1,32,1,0.1,lr1e-04_bs32_modL1_fusion32_fusionL1_drop0p1_trmiss50_trlocradio,39,0.490013708670934,0.721648097038269,0.4913793103448275,0.653375541712429,0.4444444444444444,0.0,0.0,0.0,0.0,0.0,0.0,0.0,0.0,0.0,2002,radio,0.5
4,5,lr1e-04_bs32_modL1_fusion32_fusionL1_drop0p1_trmiss50_trlocradio,32,0.0001,1,32,1,0.1,lr1e-04_bs32_modL1_fusion32_fusionL1_drop0p1_trmiss50_trlocradio,40,0.4913422365983327,0.7225712835788727,0.4892241379310345,0.6526994091904548,0.4444444444444444,0.0,0.0,0.0,0.0,0.0,0.0,0.0,0.0,0.0,2002,radio,0.5
4,5,lr1e-04_bs32_modL1_fusion32_fusionL1_drop0p1_trmiss50_trlocradio,32,0.0001,1,32,1,0.1,lr1e-04_bs32_modL1_fusion32_fusionL1_drop0p1_trmiss50_trlocradio,41,0.48383696377277374,0.7189664244651794,0.4913793103448276,0.6515486096500049,0.4666666666666667,0.0,0.0,0.0,0.0,0.0,0.0,0.0,0.0,0.0,2002,radio,0.5
4,5,lr1e-04_bs32_modL1_fusion32_fusionL1_drop0p1_trmiss50_trlocradio,32,0.0001,1,32,1,0.1,lr1e-04_bs32_modL1_fusion32_fusionL1_drop0p1_trmiss50_trlocradio,42,0.4933432588974635,0.719889223575592,0.49568965517241376,0.6545039409274556,0.4444444444444444,0.0,0.0,0.0,0.0,0.0,0.0,0.0,0.0,0.0,2002,radio,0.5
4,5,lr1e-04_bs32_modL1_fusion32_fusionL1_drop0p1_trmiss50_trlocradio,32,0.0001,1,32,1,0.1,lr1e-04_bs32_modL1_fusion32_fusionL1_drop0p1_trmiss50_trlocradio,43,0.5034227619568507,0.7207212746143341,0.48922413793103453,0.6508724771280306,0.4444444444444444,0.0,0.0,0.0,0.0,0.0,0.0,0.0,0.0,0.0,2002,radio,0.5
4,5,lr1e-04_bs32_modL1_fusion32_fusionL1_drop0p1_trmiss50_trlocradio,32,0.0001,1,32,1,0.1,lr1e-04_bs32_modL1_fusion32_fusionL1_drop0p1_trmiss50_trlocradio,44,0.49580711126327515,0.7194321751594543,0.49137931034482757,0.652429692777293,0.4666666666666667,0.0,0.0,0.0,0.0,0.0,0.0,0.0,0.0,0.0,2002,radio,0.5
4,5,lr1e-04_bs32_modL1_fusion32_fusionL1_drop0p1_trmiss50_trlocradio,32,0.0001,1,32,1,0.1,lr1e-04_bs32_modL1_fusion32_fusionL1_drop0p1_trmiss50_trlocradio,45,0.48716339965661365,0.7210831046104431,0.4870689655172413,0.6512872761807132,0.4444444444444444,0.0,0.0,0.0,0.0,0.0,0.0,0.0,0.0,0.0,2002,radio,0.5
4,5,lr1e-04_bs32_modL1_fusion32_fusionL1_drop0p1_trmiss50_trlocradio,32,0.0001,1,32,1,0.1,lr1e-04_bs32_modL1_fusion32_fusionL1_drop0p1_trmiss50_trlocradio,46,0.4931857685248057,0.7219727337360382,0.48922413793103453,0.6499812115308827,0.4444444444444444,0.0,0.0,0.0,0.0,0.0,0.0,0.0,0.0,0.0,2002,radio,0.5
4,5,lr1e-04_bs32_modL1_fusion32_fusionL1_drop0p1_trmiss50_trlocradio,32,0.0001,1,32,1,0.1,lr1e-04_bs32_modL1_fusion32_fusionL1_drop0p1_trmiss50_trlocradio,47,0.48955624798933667,0.7204357385635376,0.49137931034482757,0.6523758475462084,0.4444444444444444,0.0,0.0,0.0,0.0,0.0,0.0,0.0,0.0,0.0,2002,radio,0.5
4,5,lr1e-04_bs32_modL1_fusion32_fusionL1_drop0p1_trmiss50_trlocradio,32,0.0001,1,32,1,0.1,lr1e-04_bs32_modL1_fusion32_fusionL1_drop0p1_trmiss50_trlocradio,48,0.4959077040354411,0.7176954448223114,0.4870689655172414,0.6491885044361542,0.4666666666666667,0.0,0.0,0.0,0.0,0.0,0.0,0.0,0.0,0.0,2002,radio,0.5
4,5,lr1e-04_bs32_modL1_fusion32_fusionL1_drop0p1_trmiss50_trlocradio,32,0.0001,1,32,1,0.1,lr1e-04_bs32_modL1_fusion32_fusionL1_drop0p1_trmiss50_trlocradio,49,0.48959652582804364,0.7164835929870605,0.4913793103448276,0.653150538570602,0.4666666666666667,0.0,0.0,0.0,0.0,0.0,0.0,0.0,0.0,0.0,2002,radio,0.5
4,5,lr1e-04_bs32_modL1_fusion32_fusionL1_drop0p1_trmiss50_trlocradio,32,0.0001,1,32,1,0.1,lr1e-04_bs32_modL1_fusion32_fusionL1_drop0p1_trmiss50_trlocradio,50,0.49758704503377277,0.7200698554515839,0.49353448275862066,0.6539432456653306,0.4666666666666667,0.0,0.0,0.0,0.0,0.0,0.0,0.0,0.0,0.0,2002,radio,0.5
4,5,lr1e-04_bs32_modL1_fusion32_fusionL1_drop0p1_trmiss50_trlocradio,32,0.0001,1,32,1,0.1,lr1e-04_bs32_modL1_fusion32_fusionL1_drop0p1_trmiss50_trlocradio,51,0.5013128320376078,0.7194817662239075,0.49137931034482757,0.6523758475462084,0.4666666666666667,0.0,0.0,0.0,0.0,0.0,0.0,0.0,0.0,0.0,2002,radio,0.5
4,5,lr1e-04_bs32_modL1_fusion32_fusionL1_drop0p1_trmiss50_trlocradio,32,0.0001,1,32,1,0.1,lr1e-04_bs32_modL1_fusion32_fusionL1_drop0p1_trmiss50_trlocradio,52,0.4904235502084096,0.7204465568065643,0.4892241379310345,0.6516997150242341,0.4666666666666667,0.0,0.0,0.0,0.0,0.0,0.0,0.0,0.0,0.0,2002,radio,0.5
4,5,lr1e-04_bs32_modL1_fusion32_fusionL1_drop0p1_trmiss50_trlocradio,32,0.0001,1,32,1,0.1,lr1e-04_bs32_modL1_fusion32_fusionL1_drop0p1_trmiss50_trlocradio,53,0.489984855055809,0.7224584519863129,0.48706896551724144,0.6493050790089084,0.4444444444444444,0.0,0.0,0.0,0.0,0.0,0.0,0.0,0.0,0.0,2002,radio,0.5
4,5,lr1e-04_bs32_modL1_fusion32_fusionL1_drop0p1_trmiss50_trlocradio,32,0.0001,1,32,1,0.1,lr1e-04_bs32_modL1_fusion32_fusionL1_drop0p1_trmiss50_trlocradio,54,0.47560538351535797,0.7190614342689514,0.49137931034482757,0.655147990886303,0.4666666666666667,0.0,0.0,0.0,0.0,0.0,0.0,0.0,0.0,0.0,2002,radio,0.5
4,5,lr1e-04_bs32_modL1_fusion32_fusionL1_drop0p1_trmiss50_trlocradio,32,0.0001,1,32,1,0.1,lr1e-04_bs32_modL1_fusion32_fusionL1_drop0p1_trmiss50_trlocradio,55,0.4901161640882492,0.7208449244499207,0.4956896551724138,0.6575647180354915,0.4444444444444444,0.0,0.0,0.0,0.0,0.0,0.0,0.0,0.0,0.0,2002,radio,0.5
4,5,lr1e-04_bs32_modL1_fusion32_fusionL1_drop0p1_trmiss50_trlocradio,32,0.0001,1,32,1,0.1,lr1e-04_bs32_modL1_fusion32_fusionL1_drop0p1_trmiss50_trlocradio,56,0.4865881105264028,0.7215329706668854,0.49137931034482757,0.655147990886303,0.4444444444444444,0.0,0.0,0.0,0.0,0.0,0.0,0.0,0.0,0.0,2002,radio,0.5
4,5,lr1e-04_bs32_modL1_fusion32_fusionL1_drop0p1_trmiss50_trlocradio,32,0.0001,1,32,1,0.1,lr1e-04_bs32_modL1_fusion32_fusionL1_drop0p1_trmiss50_trlocradio,57,0.4883869191010793,0.7208607196807861,0.49137931034482757,0.655147990886303,0.4666666666666667,0.0,0.0,0.0,0.0,0.0,0.0,0.0,0.0,0.0,2002,radio,0.5
4,5,lr1e-04_bs32_modL1_fusion32_fusionL1_drop0p1_trmiss50_trlocradio,32,0.0001,1,32,1,0.1,lr1e-04_bs32_modL1_fusion32_fusionL1_drop0p1_trmiss50_trlocradio,58,0.487369899948438,0.7214280664920807,0.4892241379310345,0.6516997150242341,0.4666666666666667,0.0,0.0,0.0,0.0,0.0,0.0,0.0,0.0,0.0,2002,radio,0.5
4,5,lr1e-04_bs32_modL1_fusion32_fusionL1_drop0p1_trmiss50_trlocradio,32,0.0001,1,32,1,0.1,lr1e-04_bs32_modL1_fusion32_fusionL1_drop0p1_trmiss50_trlocradio,59,0.48255524039268494,0.7189347445964813,0.49137931034482757,0.655147990886303,0.4666666666666667,0.0,0.0,0.0,0.0,0.0,0.0,0.0,0.0,0.0,2002,radio,0.5
4,5,lr1e-04_bs32_modL1_fusion32_fusionL1_drop0p1_trmiss50_trlocradio,32,0.0001,1,32,1,0.1,lr1e-04_bs32_modL1_fusion32_fusionL1_drop0p1_trmiss50_trlocradio,60,0.4991148461898168,0.7198915183544159,0.49137931034482757,0.652429692777293,0.4666666666666667,0.0,0.0,0.0,0.0,0.0,0.0,0.0,0.0,0.0,2002,radio,0.5
4,5,lr1e-04_bs32_modL1_fusion32_fusionL1_drop0p1_trmiss50_trlocradio,32,0.0001,1,32,1,0.1,lr1e-04_bs32_modL1_fusion32_fusionL1_drop0p1_trmiss50_trlocradio,61,0.49921882649262744,0.7208288311958313,0.4935344827586207,0.6532083357138893,0.4666666666666667,0.0,0.0,0.0,0.0,0.0,0.0,0.0,0.0,0.0,2002,radio,0.5
4,5,lr1e-04_bs32_modL1_fusion32_fusionL1_drop0p1_trmiss50_trlocradio,32,0.0001,1,32,1,0.1,lr1e-04_bs32_modL1_fusion32_fusionL1_drop0p1_trmiss50_trlocradio,62,0.4934146801630656,0.7189164459705353,0.4892241379310345,0.6516997150242341,0.4666666666666667,0.0,0.0,0.0,0.0,0.0,0.0,0.0,0.0,0.0,2002,radio,0.5
4,5,lr1e-04_bs32_modL1_fusion32_fusionL1_drop0p1_trmiss50_trlocradio,32,0.0001,1,32,1,0.1,lr1e-04_bs32_modL1_fusion32_fusionL1_drop0p1_trmiss50_trlocradio,63,0.4761440306901932,0.7212028205394745,0.49137931034482757,0.6523758475462084,0.4666666666666667,0.0,0.0,0.0,0.0,0.0,0.0,0.0,0.0,0.0,2002,radio,0.5
4,5,lr1e-04_bs32_modL1_fusion32_fusionL1_drop0p1_trmiss50_trlocradio,32,0.0001,1,32,1,0.1,lr1e-04_bs32_modL1_fusion32_fusionL1_drop0p1_trmiss50_trlocradio,64,0.5108282466729482,0.7217362523078918,0.4913793103448276,0.6526406317609876,0.4666666666666667,0.0,0.0,0.0,0.0,0.0,0.0,0.0,0.0,0.0,2002,radio,0.5
4,5,lr1e-04_bs32_modL1_fusion32_fusionL1_drop0p1_trmiss50_trlocradio,32,0.0001,1,32,1,0.1,lr1e-04_bs32_modL1_fusion32_fusionL1_drop0p1_trmiss50_trlocradio,65,0.4906821846961975,0.7238390445709229,0.49137931034482757,0.6552566576732235,0.4444444444444444,0.0,0.0,0.0,0.0,0.0,0.0,0.0,0.0,0.0,2002,radio,0.5
4,5,lr1e-04_bs32_modL1_fusion32_fusionL1_drop0p1_trmiss50_trlocradio,32,0.0001,1,32,1,0.1,lr1e-04_bs32_modL1_fusion32_fusionL1_drop0p1_trmiss50_trlocradio,66,0.4882037937641144,0.722961813211441,0.4870689655172413,0.6512406778582528,0.4444444444444444,0.0,0.0,0.0,0.0,0.0,0.0,0.0,0.0,0.0,2002,radio,0.5
4,5,lr1e-04_bs32_modL1_fusion32_fusionL1_drop0p1_trmiss50_trlocradio,32,0.0001,1,32,1,0.1,lr1e-04_bs32_modL1_fusion32_fusionL1_drop0p1_trmiss50_trlocradio,67,0.48008227348327637,0.7200143933296204,0.4892241379310345,0.6518619888243914,0.4666666666666667,0.0,0.0,0.0,0.0,0.0,0.0,0.0,0.0,0.0,2002,radio,0.5
4,5,lr1e-04_bs32_modL1_fusion32_fusionL1_drop0p1_trmiss50_trlocradio,32,0.0001,1,32,1,0.1,lr1e-04_bs32_modL1_fusion32_fusionL1_drop0p1_trmiss50_trlocradio,68,0.48200254142284393,0.7213313281536102,0.49353448275862066,0.6558779686393621,0.4666666666666667,0.0,0.0,0.0,0.0,0.0,0.0,0.0,0.0,0.0,2002,radio,0.5
4,5,lr1e-04_bs32_modL1_fusion32_fusionL1_drop0p1_trmiss50_trlocradio,32,0.0001,1,32,1,0.1,lr1e-04_bs32_modL1_fusion32_fusionL1_drop0p1_trmiss50_trlocradio,69,0.4853522479534149,0.7170908451080322,0.4956896551724138,0.6565541011613363,0.4666666666666667,0.0,0.0,0.0,0.0,0.0,0.0,0.0,0.0,0.0,2002,radio,0.5
4,5,lr1e-04_bs32_modL1_fusion32_fusionL1_drop0p1_trmiss50_trlocradio,32,0.0001,1,32,1,0.1,lr1e-04_bs32_modL1_fusion32_fusionL1_drop0p1_trmiss50_trlocradio,70,0.4974343279997508,0.7179781794548035,0.4913793103448276,0.6544978634613277,0.4666666666666667,0.0,0.0,0.0,0.0,0.0,0.0,0.0,0.0,0.0,2002,radio,0.5
4,5,lr1e-04_bs32_modL1_fusion32_fusionL1_drop0p1_trmiss50_trlocradio,32,0.0001,1,32,1,0.1,lr1e-04_bs32_modL1_fusion32_fusionL1_drop0p1_trmiss50_trlocradio,71,0.48327555259068805,0.717119425535202,0.49353448275862066,0.653464776765809,0.4666666666666667,0.0,0.0,0.0,0.0,0.0,0.0,0.0,0.0,0.0,2002,radio,0.5
4,5,lr1e-04_bs32_modL1_fusion32_fusionL1_drop0p1_trmiss50_trlocradio,32,0.0001,1,32,1,0.1,lr1e-04_bs32_modL1_fusion32_fusionL1_drop0p1_trmiss50_trlocradio,72,0.48833247025807697,0.7161985337734222,0.49353448275862066,0.6531058252992673,0.4666666666666667,0.0,0.0,0.0,0.0,0.0,0.0,0.0,0.0,0.0,2002,radio,0.5
4,5,lr1e-04_bs32_modL1_fusion32_fusionL1_drop0p1_trmiss50_trlocradio,32,0.0001,1,32,1,0.1,lr1e-04_bs32_modL1_fusion32_fusionL1_drop0p1_trmiss50_trlocradio,73,0.49240943789482117,0.718707799911499,0.4892241379310345,0.6516997150242341,0.4666666666666667,0.0,0.0,0.0,0.0,0.0,0.0,0.0,0.0,0.0,2002,radio,0.5
4,5,lr1e-04_bs32_modL1_fusion32_fusionL1_drop0p1_trmiss50_trlocradio,32,0.0001,1,32,1,0.1,lr1e-04_bs32_modL1_fusion32_fusionL1_drop0p1_trmiss50_trlocradio,74,0.48348266383012134,0.7172915637493134,0.4892241379310345,0.6527533548709774,0.4666666666666667,0.0,0.0,0.0,0.0,0.0,0.0,0.0,0.0,0.0,2002,radio,0.5
4,5,lr1e-04_bs32_modL1_fusion32_fusionL1_drop0p1_trmiss50_trlocradio,32,0.0001,1,32,1,0.1,lr1e-04_bs32_modL1_fusion32_fusionL1_drop0p1_trmiss50_trlocradio,75,0.49372399350007373,0.7189423441886902,0.49137931034482757,0.655147990886303,0.4666666666666667,0.0,0.0,0.0,0.0,0.0,0.0,0.0,0.0,0.0,2002,radio,0.5
4,5,lr1e-04_bs32_modL1_fusion32_fusionL1_drop0p1_trmiss50_trlocradio,32,0.0001,1,32,1,0.1,lr1e-04_bs32_modL1_fusion32_fusionL1_drop0p1_trmiss50_trlocradio,76,0.4788980533679326,0.7187077701091766,0.49353448275862066,0.6558779686393621,0.4666666666666667,0.0,0.0,0.0,0.0,0.0,0.0,0.0,0.0,0.0,2002,radio,0.5
4,5,lr1e-04_bs32_modL1_fusion32_fusionL1_drop0p1_trmiss50_trlocradio,32,0.0001,1,32,1,0.1,lr1e-04_bs32_modL1_fusion32_fusionL1_drop0p1_trmiss50_trlocradio,77,0.49160486459732056,0.7216123938560486,0.4956896551724138,0.6566566115759582,0.4666666666666667,0.0,0.0,0.0,0.0,0.0,0.0,0.0,0.0,0.0,2002,radio,0.5
4,5,lr1e-04_bs32_modL1_fusion32_fusionL1_drop0p1_trmiss50_trlocradio,32,0.0001,1,32,1,0.1,lr1e-04_bs32_modL1_fusion32_fusionL1_drop0p1_trmiss50_trlocradio,78,0.49519238869349164,0.7221350073814392,0.49137931034482757,0.6534294873929517,0.4444444444444444,0.0,0.0,0.0,0.0,0.0,0.0,0.0,0.0,0.0,2002,radio,0.5
4,5,lr1e-04_bs32_modL1_fusion32_fusionL1_drop0p1_trmiss50_trlocradio,32,0.0001,1,32,1,0.1,lr1e-04_bs32_modL1_fusion32_fusionL1_drop0p1_trmiss50_trlocradio,79,0.4816019187370936,0.7183549702167511,0.49137931034482757,0.6554116845647565,0.4666666666666667,0.0,0.0,0.0,0.0,0.0,0.0,0.0,0.0,0.0,2002,radio,0.5
4,5,lr1e-04_bs32_modL1_fusion32_fusionL1_drop0p1_trmiss50_trlocradio,32,0.0001,1,32,1,0.1,lr1e-04_bs32_modL1_fusion32_fusionL1_drop0p1_trmiss50_trlocradio,80,0.48290107647577923,0.7197196185588837,0.4892241379310345,0.6591779880828267,0.4666666666666667,0.0,0.0,0.0,0.0,0.0,0.0,0.0,0.0,0.0,2002,radio,0.5
4,5,lr1e-04_bs32_modL1_fusion64_fusionL1_drop0p2_trmiss50_trlocradio,32,0.0001,1,64,1,0.2,lr1e-04_bs32_modL1_fusion64_fusionL1_drop0p2_trmiss50_trlocradio,1,0.7097161312898,0.6924260556697845,0.540948275862069,0.6945420390583923,0.5333333333333333,0.0,0.0,0.0,0.0,0.0,0.0,0.0,0.0,0.0,2002,radio,0.5
4,5,lr1e-04_bs32_modL1_fusion64_fusionL1_drop0p2_trmiss50_trlocradio,32,0.0001,1,64,1,0.2,lr1e-04_bs32_modL1_fusion64_fusionL1_drop0p2_trmiss50_trlocradio,2,0.6398713092009226,0.7013480067253113,0.5107758620689655,0.6655820413082264,0.5333333333333333,0.0,0.0,0.0,0.0,0.0,0.0,0.0,0.0,0.0,2002,radio,0.5
4,5,lr1e-04_bs32_modL1_fusion64_fusionL1_drop0p2_trmiss50_trlocradio,32,0.0001,1,64,1,0.2,lr1e-04_bs32_modL1_fusion64_fusionL1_drop0p2_trmiss50_trlocradio,3,0.6346757610638937,0.7122265994548798,0.5064655172413793,0.6422166799431334,0.5555555555555556,0.0,0.0,0.0,0.0,0.0,0.0,0.0,0.0,0.0,2002,radio,0.5
4,5,lr1e-04_bs32_modL1_fusion64_fusionL1_drop0p2_trmiss50_trlocradio,32,0.0001,1,64,1,0.2,lr1e-04_bs32_modL1_fusion64_fusionL1_drop0p2_trmiss50_trlocradio,4,0.598095546166102,0.7165638208389282,0.5086206896551724,0.6337683758506958,0.5555555555555556,0.0,0.0,0.0,0.0,0.0,0.0,0.0,0.0,0.0,2002,radio,0.5
4,5,lr1e-04_bs32_modL1_fusion64_fusionL1_drop0p2_trmiss50_trlocradio,32,0.0001,1,64,1,0.2,lr1e-04_bs32_modL1_fusion64_fusionL1_drop0p2_trmiss50_trlocradio,5,0.592715303103129,0.7229256927967072,0.4978448275862069,0.624876922285047,0.4888888888888889,0.0,0.0,0.0,0.0,0.0,0.0,0.0,0.0,0.0,2002,radio,0.5
4,5,lr1e-04_bs32_modL1_fusion64_fusionL1_drop0p2_trmiss50_trlocradio,32,0.0001,1,64,1,0.2,lr1e-04_bs32_modL1_fusion64_fusionL1_drop0p2_trmiss50_trlocradio,6,0.5570922394593557,0.7251753509044647,0.4892241379310345,0.6189047798111659,0.4888888888888889,0.0,0.0,0.0,0.0,0.0,0.0,0.0,0.0,0.0,2002,radio,0.5
4,5,lr1e-04_bs32_modL1_fusion64_fusionL1_drop0p2_trmiss50_trlocradio,32,0.0001,1,64,1,0.2,lr1e-04_bs32_modL1_fusion64_fusionL1_drop0p2_trmiss50_trlocradio,7,0.535419632991155,0.7279266119003296,0.4849137931034483,0.6161350623659368,0.5111111111111111,0.0,0.0,0.0,0.0,0.0,0.0,0.0,0.0,0.0,2002,radio,0.5
4,5,lr1e-04_bs32_modL1_fusion64_fusionL1_drop0p2_trmiss50_trlocradio,32,0.0001,1,64,1,0.2,lr1e-04_bs32_modL1_fusion64_fusionL1_drop0p2_trmiss50_trlocradio,8,0.5682801504929861,0.7304724752902985,0.4870689655172413,0.6307608185128225,0.4666666666666667,0.0,0.0,0.0,0.0,0.0,0.0,0.0,0.0,0.0,2002,radio,0.5
4,5,lr1e-04_bs32_modL1_fusion64_fusionL1_drop0p2_trmiss50_trlocradio,32,0.0001,1,64,1,0.2,lr1e-04_bs32_modL1_fusion64_fusionL1_drop0p2_trmiss50_trlocradio,9,0.5148092806339264,0.7268830239772797,0.4762931034482759,0.6250300286325269,0.5111111111111111,0.0,0.0,0.0,0.0,0.0,0.0,0.0,0.0,0.0,2002,radio,0.5
4,5,lr1e-04_bs32_modL1_fusion64_fusionL1_drop0p2_trmiss50_trlocradio,32,0.0001,1,64,1,0.2,lr1e-04_bs32_modL1_fusion64_fusionL1_drop0p2_trmiss50_trlocradio,10,0.5237326423327128,0.7264289855957031,0.47844827586206895,0.6261107310517048,0.4888888888888889,0.0,0.0,0.0,0.0,0.0,0.0,0.0,0.0,0.0,2002,radio,0.5
4,5,lr1e-04_bs32_modL1_fusion64_fusionL1_drop0p2_trmiss50_trlocradio,32,0.0001,1,64,1,0.2,lr1e-04_bs32_modL1_fusion64_fusionL1_drop0p2_trmiss50_trlocradio,11,0.5193571150302887,0.7267698049545288,0.47198275862068967,0.6200935105130058,0.4666666666666667,0.0,0.0,0.0,0.0,0.0,0.0,0.0,0.0,0.0,2002,radio,0.5
4,5,lr1e-04_bs32_modL1_fusion64_fusionL1_drop0p2_trmiss50_trlocradio,32,0.0001,1,64,1,0.2,lr1e-04_bs32_modL1_fusion64_fusionL1_drop0p2_trmiss50_trlocradio,12,0.4955795655647914,0.7241057455539703,0.4762931034482759,0.6233534176481984,0.4444444444444444,0.0,0.0,0.0,0.0,0.0,0.0,0.0,0.0,0.0,2002,radio,0.5
4,5,lr1e-04_bs32_modL1_fusion64_fusionL1_drop0p2_trmiss50_trlocradio,32,0.0001,1,64,1,0.2,lr1e-04_bs32_modL1_fusion64_fusionL1_drop0p2_trmiss50_trlocradio,13,0.5063521315654119,0.7226910889148712,0.4698275862068966,0.6258708714705689,0.4888888888888889,0.0,0.0,0.0,0.0,0.0,0.0,0.0,0.0,0.0,2002,radio,0.5
4,5,lr1e-04_bs32_modL1_fusion64_fusionL1_drop0p2_trmiss50_trlocradio,32,0.0001,1,64,1,0.2,lr1e-04_bs32_modL1_fusion64_fusionL1_drop0p2_trmiss50_trlocradio,14,0.49221483369668323,0.7232677638530731,0.4612068965517242,0.6232824799542921,0.4888888888888889,0.0,0.0,0.0,0.0,0.0,0.0,0.0,0.0,0.0,2002,radio,0.5
4,5,lr1e-04_bs32_modL1_fusion64_fusionL1_drop0p2_trmiss50_trlocradio,32,0.0001,1,64,1,0.2,lr1e-04_bs32_modL1_fusion64_fusionL1_drop0p2_trmiss50_trlocradio,15,0.49757666885852814,0.7268997430801392,0.45474137931034486,0.6212306584832329,0.4666666666666667,0.0,0.0,0.0,0.0,0.0,0.0,0.0,0.0,0.0,2002,radio,0.5
4,5,lr1e-04_bs32_modL1_fusion64_fusionL1_drop0p2_trmiss50_trlocradio,32,0.0001,1,64,1,0.2,lr1e-04_bs32_modL1_fusion64_fusionL1_drop0p2_trmiss50_trlocradio,16,0.49769072234630585,0.7312978506088257,0.4525862068965517,0.6199315901389527,0.4222222222222222,0.0,0.0,0.0,0.0,0.0,0.0,0.0,0.0,0.0,2002,radio,0.5
4,5,lr1e-04_bs32_modL1_fusion64_fusionL1_drop0p2_trmiss50_trlocradio,32,0.0001,1,64,1,0.2,lr1e-04_bs32_modL1_fusion64_fusionL1_drop0p2_trmiss50_trlocradio,17,0.4739631464083989,0.7291423380374908,0.46120689655172414,0.6237772872401118,0.4444444444444444,0.0,0.0,0.0,0.0,0.0,0.0,0.0,0.0,0.0,2002,radio,0.5
4,5,lr1e-04_bs32_modL1_fusion64_fusionL1_drop0p2_trmiss50_trlocradio,32,0.0001,1,64,1,0.2,lr1e-04_bs32_modL1_fusion64_fusionL1_drop0p2_trmiss50_trlocradio,18,0.47306254009405774,0.7312212288379669,0.45905172413793105,0.6228913665640862,0.4444444444444444,0.0,0.0,0.0,0.0,0.0,0.0,0.0,0.0,0.0,2002,radio,0.5
4,5,lr1e-04_bs32_modL1_fusion64_fusionL1_drop0p2_trmiss50_trlocradio,32,0.0001,1,64,1,0.2,lr1e-04_bs32_modL1_fusion64_fusionL1_drop0p2_trmiss50_trlocradio,19,0.46705329418182373,0.7315367758274078,0.4525862068965517,0.6195678467511795,0.4222222222222222,0.0,0.0,0.0,0.0,0.0,0.0,0.0,0.0,0.0,2002,radio,0.5
4,5,lr1e-04_bs32_modL1_fusion64_fusionL1_drop0p2_trmiss50_trlocradio,32,0.0001,1,64,1,0.2,lr1e-04_bs32_modL1_fusion64_fusionL1_drop0p2_trmiss50_trlocradio,20,0.47204264501730603,0.7353295683860779,0.4482758620689655,0.6170751420545767,0.4,0.0,0.0,0.0,0.0,0.0,0.0,0.0,0.0,0.0,2002,radio,0.5
4,5,lr1e-04_bs32_modL1_fusion64_fusionL1_drop0p2_trmiss50_trlocradio,32,0.0001,1,64,1,0.2,lr1e-04_bs32_modL1_fusion64_fusionL1_drop0p2_trmiss50_trlocradio,21,0.4563540716965993,0.7319343090057373,0.4482758620689655,0.6171904003594901,0.4666666666666667,0.0,0.0,0.0,0.0,0.0,0.0,0.0,0.0,0.0,2002,radio,0.5
4,5,lr1e-04_bs32_modL1_fusion64_fusionL1_drop0p2_trmiss50_trlocradio,32,0.0001,1,64,1,0.2,lr1e-04_bs32_modL1_fusion64_fusionL1_drop0p2_trmiss50_trlocradio,22,0.4616556912660599,0.7319257855415344,0.44396551724137934,0.6157862205330741,0.4444444444444444,0.0,0.0,0.0,0.0,0.0,0.0,0.0,0.0,0.0,2002,radio,0.5
4,5,lr1e-04_bs32_modL1_fusion64_fusionL1_drop0p2_trmiss50_trlocradio,32,0.0001,1,64,1,0.2,lr1e-04_bs32_modL1_fusion64_fusionL1_drop0p2_trmiss50_trlocradio,23,0.47160862386226654,0.7334031760692596,0.44612068965517243,0.6165983144860976,0.4222222222222222,0.0,0.0,0.0,0.0,0.0,0.0,0.0,0.0,0.0,2002,radio,0.5
4,5,lr1e-04_bs32_modL1_fusion64_fusionL1_drop0p2_trmiss50_trlocradio,32,0.0001,1,64,1,0.2,lr1e-04_bs32_modL1_fusion64_fusionL1_drop0p2_trmiss50_trlocradio,24,0.46953344345092773,0.7326107025146484,0.4375,0.6131391617430343,0.4444444444444444,0.0,0.0,0.0,0.0,0.0,0.0,0.0,0.0,0.0,2002,radio,0.5
4,5,lr1e-04_bs32_modL1_fusion64_fusionL1_drop0p2_trmiss50_trlocradio,32,0.0001,1,64,1,0.2,lr1e-04_bs32_modL1_fusion64_fusionL1_drop0p2_trmiss50_trlocradio,25,0.46576263507207233,0.7319855093955994,0.4418103448275862,0.6155958205664593,0.4444444444444444,0.0,0.0,0.0,0.0,0.0,0.0,0.0,0.0,0.0,2002,radio,0.5
4,5,lr1e-04_bs32_modL1_fusion64_fusionL1_drop0p1_trmiss50_trlocradio,32,0.0001,1,64,1,0.1,lr1e-04_bs32_modL1_fusion64_fusionL1_drop0p1_trmiss50_trlocradio,1,0.7260039746761322,0.6853212118148804,0.6508620689655172,0.802398482057268,0.6222222222222222,0.0,0.0,0.0,0.0,0.0,0.0,0.0,0.0,0.0,2002,radio,0.5
4,5,lr1e-04_bs32_modL1_fusion64_fusionL1_drop0p1_trmiss50_trlocradio,32,0.0001,1,64,1,0.1,lr1e-04_bs32_modL1_fusion64_fusionL1_drop0p1_trmiss50_trlocradio,2,0.6735337575276693,0.6832725703716278,0.6788793103448275,0.8333015012533218,0.6222222222222222,0.0,0.0,0.0,0.0,0.0,0.0,0.0,0.0,0.0,2002,radio,0.5
4,5,lr1e-04_bs32_modL1_fusion64_fusionL1_drop0p1_trmiss50_trlocradio,32,0.0001,1,64,1,0.1,lr1e-04_bs32_modL1_fusion64_fusionL1_drop0p1_trmiss50_trlocradio,3,0.6405375003814697,0.6830300688743591,0.6810344827586208,0.8337075028476599,0.6444444444444445,0.0,0.0,0.0,0.0,0.0,0.0,0.0,0.0,0.0,2002,radio,0.5
4,5,lr1e-04_bs32_modL1_fusion64_fusionL1_drop0p1_trmiss50_trlocradio,32,0.0001,1,64,1,0.1,lr1e-04_bs32_modL1_fusion64_fusionL1_drop0p1_trmiss50_trlocradio,4,0.6343362430731455,0.6843307614326477,0.6745689655172414,0.8292656079480629,0.6444444444444445,0.0,0.0,0.0,0.0,0.0,0.0,0.0,0.0,0.0,2002,radio,0.5
4,5,lr1e-04_bs32_modL1_fusion64_fusionL1_drop0p1_trmiss50_trlocradio,32,0.0001,1,64,1,0.1,lr1e-04_bs32_modL1_fusion64_fusionL1_drop0p1_trmiss50_trlocradio,5,0.6089588205019633,0.6844422817230225,0.6788793103448276,0.8277046424312804,0.6444444444444445,0.0,0.0,0.0,0.0,0.0,0.0,0.0,0.0,0.0,2002,radio,0.5
4,5,lr1e-04_bs32_modL1_fusion64_fusionL1_drop0p1_trmiss50_trlocradio,32,0.0001,1,64,1,0.1,lr1e-04_bs32_modL1_fusion64_fusionL1_drop0p1_trmiss50_trlocradio,6,0.5920533835887909,0.6859223246574402,0.689655172413793,0.8343947497444633,0.6444444444444445,0.0,0.0,0.0,0.0,0.0,0.0,0.0,0.0,0.0,2002,radio,0.5
4,5,lr1e-04_bs32_modL1_fusion64_fusionL1_drop0p1_trmiss50_trlocradio,32,0.0001,1,64,1,0.1,lr1e-04_bs32_modL1_fusion64_fusionL1_drop0p1_trmiss50_trlocradio,7,0.5853540201981863,0.6849508285522461,0.6939655172413792,0.8371035632243231,0.6444444444444445,0.0,0.0,0.0,0.0,0.0,0.0,0.0,0.0,0.0,2002,radio,0.5
4,5,lr1e-04_bs32_modL1_fusion64_fusionL1_drop0p1_trmiss50_trlocradio,32,0.0001,1,64,1,0.1,lr1e-04_bs32_modL1_fusion64_fusionL1_drop0p1_trmiss50_trlocradio,8,0.5517585476239523,0.6840760707855225,0.6875,0.834552818453685,0.6666666666666666,0.0,0.0,0.0,0.0,0.0,0.0,0.0,0.0,0.0,2002,radio,0.5
4,5,lr1e-04_bs32_modL1_fusion64_fusionL1_drop0p1_trmiss50_trlocradio,32,0.0001,1,64,1,0.1,lr1e-04_bs32_modL1_fusion64_fusionL1_drop0p1_trmiss50_trlocradio,9,0.5421023766199747,0.6802233457565308,0.6702586206896552,0.8244105772132404,0.6666666666666666,0.0,0.0,0.0,0.0,0.0,0.0,0.0,0.0,0.0,2002,radio,0.5
4,5,lr1e-04_bs32_modL1_fusion64_fusionL1_drop0p1_trmiss50_trlocradio,32,0.0001,1,64,1,0.1,lr1e-04_bs32_modL1_fusion64_fusionL1_drop0p1_trmiss50_trlocradio,10,0.5313286930322647,0.6779523193836212,0.6594827586206897,0.819628570697283,0.6444444444444445,0.0,0.0,0.0,0.0,0.0,0.0,0.0,0.0,0.0,2002,radio,0.5
4,5,lr1e-04_bs32_modL1_fusion64_fusionL1_drop0p1_trmiss50_trlocradio,32,0.0001,1,64,1,0.1,lr1e-04_bs32_modL1_fusion64_fusionL1_drop0p1_trmiss50_trlocradio,11,0.5072379658619562,0.6802321672439575,0.6573275862068967,0.8208334476737822,0.6666666666666666,0.0,0.0,0.0,0.0,0.0,0.0,0.0,0.0,0.0,2002,radio,0.5
4,5,lr1e-04_bs32_modL1_fusion64_fusionL1_drop0p1_trmiss50_trlocradio,32,0.0001,1,64,1,0.1,lr1e-04_bs32_modL1_fusion64_fusionL1_drop0p1_trmiss50_trlocradio,12,0.5078744242588679,0.6851295828819275,0.6487068965517241,0.8187952448168401,0.6222222222222222,0.0,0.0,0.0,0.0,0.0,0.0,0.0,0.0,0.0,2002,radio,0.5
4,5,lr1e-04_bs32_modL1_fusion64_fusionL1_drop0p1_trmiss50_trlocradio,32,0.0001,1,64,1,0.1,lr1e-04_bs32_modL1_fusion64_fusionL1_drop0p1_trmiss50_trlocradio,13,0.47545482218265533,0.6914170980453491,0.646551724137931,0.8209880966263368,0.6444444444444445,0.0,0.0,0.0,0.0,0.0,0.0,0.0,0.0,0.0,2002,radio,0.5
4,5,lr1e-04_bs32_modL1_fusion64_fusionL1_drop0p1_trmiss50_trlocradio,32,0.0001,1,64,1,0.1,lr1e-04_bs32_modL1_fusion64_fusionL1_drop0p1_trmiss50_trlocradio,14,0.46112434566020966,0.6876724660396576,0.644396551724138,0.8182696069804332,0.6444444444444445,0.0,0.0,0.0,0.0,0.0,0.0,0.0,0.0,0.0,2002,radio,0.5
4,5,lr1e-04_bs32_modL1_fusion64_fusionL1_drop0p1_trmiss50_trlocradio,32,0.0001,1,64,1,0.1,lr1e-04_bs32_modL1_fusion64_fusionL1_drop0p1_trmiss50_trlocradio,15,0.4645678599675496,0.6843222379684448,0.6443965517241379,0.8172183810516107,0.6444444444444445,0.0,0.0,0.0,0.0,0.0,0.0,0.0,0.0,0.0,2002,radio,0.5
4,5,lr1e-04_bs32_modL1_fusion64_fusionL1_drop0p1_trmiss50_trlocradio,32,0.0001,1,64,1,0.1,lr1e-04_bs32_modL1_fusion64_fusionL1_drop0p1_trmiss50_trlocradio,16,0.45578647156556445,0.6851221323013306,0.6443965517241379,0.8171909924547325,0.6222222222222222,0.0,0.0,0.0,0.0,0.0,0.0,0.0,0.0,0.0,2002,radio,0.5
4,5,lr1e-04_bs32_modL1_fusion64_fusionL1_drop0p1_trmiss50_trlocradio,32,0.0001,1,64,1,0.1,lr1e-04_bs32_modL1_fusion64_fusionL1_drop0p1_trmiss50_trlocradio,17,0.4287966340780258,0.6847140491008759,0.6379310344827587,0.8130452688488241,0.6222222222222222,0.0,0.0,0.0,0.0,0.0,0.0,0.0,0.0,0.0,2002,radio,0.5
4,5,lr1e-04_bs32_modL1_fusion64_fusionL1_drop0p1_trmiss50_trlocradio,32,0.0001,1,64,1,0.1,lr1e-04_bs32_modL1_fusion64_fusionL1_drop0p1_trmiss50_trlocradio,18,0.4356699287891388,0.6860041916370392,0.6336206896551724,0.8106296891302125,0.6222222222222222,0.0,0.0,0.0,0.0,0.0,0.0,0.0,0.0,0.0,2002,radio,0.5
4,5,lr1e-04_bs32_modL1_fusion64_fusionL1_drop0p1_trmiss50_trlocradio,32,0.0001,1,64,1,0.1,lr1e-04_bs32_modL1_fusion64_fusionL1_drop0p1_trmiss50_trlocradio,19,0.4406365553538005,0.6909870803356171,0.6314655172413792,0.8071380957973642,0.6222222222222222,0.0,0.0,0.0,0.0,0.0,0.0,0.0,0.0,0.0,2002,radio,0.5
4,5,lr1e-04_bs32_modL1_fusion64_fusionL1_drop0p1_trmiss50_trlocradio,32,0.0001,1,64,1,0.1,lr1e-04_bs32_modL1_fusion64_fusionL1_drop0p1_trmiss50_trlocradio,20,0.4163983265558879,0.6908624172210693,0.6336206896551724,0.804056011836018,0.6,0.0,0.0,0.0,0.0,0.0,0.0,0.0,0.0,0.0,2002,radio,0.5
4,5,lr1e-04_bs32_modL1_fusion64_fusionL1_drop0p1_trmiss50_trlocradio,32,0.0001,1,64,1,0.1,lr1e-04_bs32_modL1_fusion64_fusionL1_drop0p1_trmiss50_trlocradio,21,0.40548697610696155,0.6902306377887726,0.625,0.7967538278956396,0.5777777777777777,0.0,0.0,0.0,0.0,0.0,0.0,0.0,0.0,0.0,2002,radio,0.5
4,5,lr1e-04_bs32_modL1_fusion64_fusionL1_drop0p1_trmiss50_trlocradio,32,0.0001,1,64,1,0.1,lr1e-04_bs32_modL1_fusion64_fusionL1_drop0p1_trmiss50_trlocradio,22,0.401629701256752,0.6900160610675812,0.6293103448275862,0.8037009065106391,0.5777777777777777,0.0,0.0,0.0,0.0,0.0,0.0,0.0,0.0,0.0,2002,radio,0.5
4,5,lr1e-04_bs32_modL1_fusion64_fusionL1_drop0p1_trmiss50_trlocradio,32,0.0001,1,64,1,0.1,lr1e-04_bs32_modL1_fusion64_fusionL1_drop0p1_trmiss50_trlocradio,23,0.39225196341673535,0.690471351146698,0.6336206896551724,0.8070689010056311,0.5777777777777777,0.0,0.0,0.0,0.0,0.0,0.0,0.0,0.0,0.0,2002,radio,0.5
4,5,lr1e-04_bs32_modL1_fusion64_fusionL1_drop0p1_trmiss50_trlocradio,32,0.0001,1,64,1,0.1,lr1e-04_bs32_modL1_fusion64_fusionL1_drop0p1_trmiss50_trlocradio,24,0.4011647452910741,0.6920193433761597,0.6314655172413792,0.8042475843912111,0.5777777777777777,0.0,0.0,0.0,0.0,0.0,0.0,0.0,0.0,0.0,2002,radio,0.5
4,5,lr1e-04_bs32_modL1_fusion64_fusionL1_drop0p1_trmiss50_trlocradio,32,0.0001,1,64,1,0.1,lr1e-04_bs32_modL1_fusion64_fusionL1_drop0p1_trmiss50_trlocradio,25,0.38246109584967297,0.6925999522209167,0.6271551724137931,0.7961058219391037,0.5777777777777777,0.0,0.0,0.0,0.0,0.0,0.0,0.0,0.0,0.0,2002,radio,0.5
4,5,lr1e-04_bs32_modL1_fusion64_fusionL1_drop0p1_trmiss50_trlocradio,32,0.0001,1,64,1,0.1,lr1e-04_bs32_modL1_fusion64_fusionL1_drop0p1_trmiss50_trlocradio,26,0.40108421941598255,0.6919721961021423,0.6271551724137931,0.8012552560745845,0.5777777777777777,0.0,0.0,0.0,0.0,0.0,0.0,0.0,0.0,0.0,2002,radio,0.5
4,5,lr1e-04_bs32_modL1_fusion64_fusionL1_drop0p1_trmiss50_trlocradio,32,0.0001,1,64,1,0.1,lr1e-04_bs32_modL1_fusion64_fusionL1_drop0p1_trmiss50_trlocradio,27,0.38725220660368603,0.6902252435684204,0.6228448275862069,0.7949460082366846,0.5777777777777777,0.0,0.0,0.0,0.0,0.0,0.0,0.0,0.0,0.0,2002,radio,0.5
5,1,lr5e-05_bs16_modL1_fusion32_fusionL1_drop0p2_trmiss50_trlocradio,16,5e-05,1,32,1,0.2,lr5e-05_bs16_modL1_fusion32_fusionL1_drop0p2_trmiss50_trlocradio,1,0.7559958746035894,0.6779127319653829,0.7184873949579832,0.7953603685590704,0.5777777777777777,0.0,0.0,0.0,0.0,0.0,0.0,0.0,0.0,0.0,2002,radio,0.5
5,1,lr5e-05_bs16_modL1_fusion32_fusionL1_drop0p2_trmiss50_trlocradio,16,5e-05,1,32,1,0.2,lr5e-05_bs16_modL1_fusion32_fusionL1_drop0p2_trmiss50_trlocradio,2,0.7128546833992004,0.6850216587384542,0.7184873949579831,0.7898628369993428,0.5111111111111111,0.0,0.0,0.0,0.0,0.0,0.0,0.0,0.0,0.0,2002,radio,0.5
5,1,lr5e-05_bs16_modL1_fusion32_fusionL1_drop0p2_trmiss50_trlocradio,16,5e-05,1,32,1,0.2,lr5e-05_bs16_modL1_fusion32_fusionL1_drop0p2_trmiss50_trlocradio,3,0.71014004945755,0.682708203792572,0.7352941176470589,0.8136037546749897,0.5777777777777777,0.0,0.0,0.0,0.0,0.0,0.0,0.0,0.0,0.0,2002,radio,0.5
5,1,lr5e-05_bs16_modL1_fusion32_fusionL1_drop0p2_trmiss50_trlocradio,16,5e-05,1,32,1,0.2,lr5e-05_bs16_modL1_fusion32_fusionL1_drop0p2_trmiss50_trlocradio,4,0.672910730044047,0.6708897749582926,0.7394957983193278,0.814797209045742,0.5555555555555556,0.0,0.0,0.0,0.0,0.0,0.0,0.0,0.0,0.0,2002,radio,0.5
5,1,lr5e-05_bs16_modL1_fusion32_fusionL1_drop0p2_trmiss50_trlocradio,16,5e-05,1,32,1,0.2,lr5e-05_bs16_modL1_fusion32_fusionL1_drop0p2_trmiss50_trlocradio,5,0.684145117799441,0.6790377895037333,0.7352941176470589,0.8132659232905853,0.5333333333333333,0.0,0.0,0.0,0.0,0.0,0.0,0.0,0.0,0.0,2002,radio,0.5
5,1,lr5e-05_bs16_modL1_fusion32_fusionL1_drop0p2_trmiss50_trlocradio,16,5e-05,1,32,1,0.2,lr5e-05_bs16_modL1_fusion32_fusionL1_drop0p2_trmiss50_trlocradio,6,0.6657115072011948,0.6759353081385294,0.7226890756302521,0.8055838792445583,0.5333333333333333,0.0,0.0,0.0,0.0,0.0,0.0,0.0,0.0,0.0,2002,radio,0.5
5,1,lr5e-05_bs16_modL1_fusion32_fusionL1_drop0p2_trmiss50_trlocradio,16,5e-05,1,32,1,0.2,lr5e-05_bs16_modL1_fusion32_fusionL1_drop0p2_trmiss50_trlocradio,7,0.6507147898276647,0.6765688061714172,0.7142857142857143,0.8091086234594445,0.5111111111111111,0.0,0.0,0.0,0.0,0.0,0.0,0.0,0.0,0.0,2002,radio,0.5
5,1,lr5e-05_bs16_modL1_fusion32_fusionL1_drop0p2_trmiss50_trlocradio,16,5e-05,1,32,1,0.2,lr5e-05_bs16_modL1_fusion32_fusionL1_drop0p2_trmiss50_trlocradio,8,0.6485375066598257,0.680033008257548,0.703781512605042,0.805847730049475,0.4666666666666667,0.0,0.0,0.0,0.0,0.0,0.0,0.0,0.0,0.0,2002,radio,0.5
5,1,lr5e-05_bs16_modL1_fusion32_fusionL1_drop0p2_trmiss50_trlocradio,16,5e-05,1,32,1,0.2,lr5e-05_bs16_modL1_fusion32_fusionL1_drop0p2_trmiss50_trlocradio,9,0.6375666658083597,0.6839961210886637,0.6764705882352942,0.7862929816787081,0.5111111111111111,0.0,0.0,0.0,0.0,0.0,0.0,0.0,0.0,0.0,2002,radio,0.5
5,1,lr5e-05_bs16_modL1_fusion32_fusionL1_drop0p2_trmiss50_trlocradio,16,5e-05,1,32,1,0.2,lr5e-05_bs16_modL1_fusion32_fusionL1_drop0p2_trmiss50_trlocradio,10,0.637617622812589,0.6870939135551453,0.6176470588235294,0.7445534459417825,0.4222222222222222,0.0,0.0,0.0,0.0,0.0,0.0,0.0,0.0,0.0,2002,radio,0.5
5,1,lr5e-05_bs16_modL1_fusion32_fusionL1_drop0p2_trmiss50_trlocradio,16,5e-05,1,32,1,0.2,lr5e-05_bs16_modL1_fusion32_fusionL1_drop0p2_trmiss50_trlocradio,11,0.6264481147130331,0.682468831539154,0.6512605042016806,0.772911590678189,0.4444444444444444,0.0,0.0,0.0,0.0,0.0,0.0,0.0,0.0,0.0,2002,radio,0.5
5,1,lr5e-05_bs16_modL1_fusion32_fusionL1_drop0p2_trmiss50_trlocradio,16,5e-05,1,32,1,0.2,lr5e-05_bs16_modL1_fusion32_fusionL1_drop0p2_trmiss50_trlocradio,12,0.6309059510628382,0.6815100312232971,0.6848739495798319,0.7951283070473445,0.5333333333333333,0.0,0.0,0.0,0.0,0.0,0.0,0.0,0.0,0.0,2002,radio,0.5
5,1,lr5e-05_bs16_modL1_fusion32_fusionL1_drop0p2_trmiss50_trlocradio,16,5e-05,1,32,1,0.2,lr5e-05_bs16_modL1_fusion32_fusionL1_drop0p2_trmiss50_trlocradio,13,0.6162722458442053,0.6768602927525839,0.6743697478991597,0.7880898621725144,0.5111111111111111,0.0,0.0,0.0,0.0,0.0,0.0,0.0,0.0,0.0,2002,radio,0.5
5,1,lr5e-05_bs16_modL1_fusion32_fusionL1_drop0p2_trmiss50_trlocradio,16,5e-05,1,32,1,0.2,lr5e-05_bs16_modL1_fusion32_fusionL1_drop0p2_trmiss50_trlocradio,14,0.6265590687592825,0.684444804986318,0.6701680672268907,0.7846498416885798,0.5111111111111111,0.0,0.0,0.0,0.0,0.0,0.0,0.0,0.0,0.0,2002,radio,0.5
5,1,lr5e-05_bs16_modL1_fusion32_fusionL1_drop0p2_trmiss50_trlocradio,16,5e-05,1,32,1,0.2,lr5e-05_bs16_modL1_fusion32_fusionL1_drop0p2_trmiss50_trlocradio,15,0.6225451727708181,0.6754358410835266,0.6869747899159664,0.7956281524855624,0.5111111111111111,0.0,0.0,0.0,0.0,0.0,0.0,0.0,0.0,0.0,2002,radio,0.5
5,1,lr5e-05_bs16_modL1_fusion32_fusionL1_drop0p2_trmiss50_trlocradio,16,5e-05,1,32,1,0.2,lr5e-05_bs16_modL1_fusion32_fusionL1_drop0p2_trmiss50_trlocradio,16,0.6114323884248734,0.6703680952390035,0.6911764705882353,0.7976780136576495,0.5333333333333333,0.0,0.0,0.0,0.0,0.0,0.0,0.0,0.0,0.0,2002,radio,0.5
5,1,lr5e-05_bs16_modL1_fusion32_fusionL1_drop0p2_trmiss50_trlocradio,16,5e-05,1,32,1,0.2,lr5e-05_bs16_modL1_fusion32_fusionL1_drop0p2_trmiss50_trlocradio,17,0.603950505455335,0.663060744603475,0.7100840336134454,0.8108658340899807,0.5111111111111111,0.0,0.0,0.0,0.0,0.0,0.0,0.0,0.0,0.0,2002,radio,0.5
5,1,lr5e-05_bs16_modL1_fusion32_fusionL1_drop0p2_trmiss50_trlocradio,16,5e-05,1,32,1,0.2,lr5e-05_bs16_modL1_fusion32_fusionL1_drop0p2_trmiss50_trlocradio,18,0.6001942679286003,0.6613690257072449,0.7163865546218486,0.8171462019739691,0.5333333333333333,0.0,0.0,0.0,0.0,0.0,0.0,0.0,0.0,0.0,2002,radio,0.5
5,1,lr5e-05_bs16_modL1_fusion32_fusionL1_drop0p2_trmiss50_trlocradio,16,5e-05,1,32,1,0.2,lr5e-05_bs16_modL1_fusion32_fusionL1_drop0p2_trmiss50_trlocradio,19,0.6102579732735952,0.6613729993502299,0.7142857142857143,0.8160568064988883,0.5333333333333333,0.0,0.0,0.0,0.0,0.0,0.0,0.0,0.0,0.0,2002,radio,0.5
5,1,lr5e-05_bs16_modL1_fusion32_fusionL1_drop0p2_trmiss50_trlocradio,16,5e-05,1,32,1,0.2,lr5e-05_bs16_modL1_fusion32_fusionL1_drop0p2_trmiss50_trlocradio,20,0.6095772236585617,0.6643881996472677,0.7226890756302522,0.8191378574872509,0.5555555555555556,0.0,0.0,0.0,0.0,0.0,0.0,0.0,0.0,0.0,2002,radio,0.5
5,1,lr5e-05_bs16_modL1_fusion32_fusionL1_drop0p2_trmiss50_trlocradio,16,5e-05,1,32,1,0.2,lr5e-05_bs16_modL1_fusion32_fusionL1_drop0p2_trmiss50_trlocradio,21,0.6065051406621933,0.6694346268971761,0.7226890756302521,0.8167599208069887,0.5555555555555556,0.0,0.0,0.0,0.0,0.0,0.0,0.0,0.0,0.0,2002,radio,0.5
5,1,lr5e-05_bs16_modL1_fusion32_fusionL1_drop0p2_trmiss50_trlocradio,16,5e-05,1,32,1,0.2,lr5e-05_bs16_modL1_fusion32_fusionL1_drop0p2_trmiss50_trlocradio,22,0.6097348878781,0.6681433320045471,0.703781512605042,0.8015287348279596,0.5333333333333333,0.0,0.0,0.0,0.0,0.0,0.0,0.0,0.0,0.0,2002,radio,0.5
5,1,lr5e-05_bs16_modL1_fusion32_fusionL1_drop0p2_trmiss50_trlocradio,16,5e-05,1,32,1,0.2,lr5e-05_bs16_modL1_fusion32_fusionL1_drop0p2_trmiss50_trlocradio,23,0.5868428101142248,0.6758480668067932,0.6995798319327731,0.7932812892470326,0.5111111111111111,0.0,0.0,0.0,0.0,0.0,0.0,0.0,0.0,0.0,2002,radio,0.5
5,1,lr5e-05_bs16_modL1_fusion32_fusionL1_drop0p2_trmiss50_trlocradio,16,5e-05,1,32,1,0.2,lr5e-05_bs16_modL1_fusion32_fusionL1_drop0p2_trmiss50_trlocradio,24,0.5891576483845711,0.6727410753568014,0.6764705882352942,0.7747345592751574,0.5111111111111111,0.0,0.0,0.0,0.0,0.0,0.0,0.0,0.0,0.0,2002,radio,0.5
5,1,lr5e-05_bs16_modL1_fusion32_fusionL1_drop0p2_trmiss50_trlocradio,16,5e-05,1,32,1,0.2,lr5e-05_bs16_modL1_fusion32_fusionL1_drop0p2_trmiss50_trlocradio,25,0.5712815125783285,0.6685511469841003,0.6827731092436975,0.773230759592161,0.5111111111111111,0.0,0.0,0.0,0.0,0.0,0.0,0.0,0.0,0.0,2002,radio,0.5
5,1,lr5e-05_bs16_modL1_fusion32_fusionL1_drop0p1_trmiss50_trlocradio,16,5e-05,1,32,1,0.1,lr5e-05_bs16_modL1_fusion32_fusionL1_drop0p1_trmiss50_trlocradio,1,0.7476641237735748,0.7096158266067505,0.4852941176470589,0.6582105065109517,0.4666666666666667,0.0,0.0,0.0,0.0,0.0,0.0,0.0,0.0,0.0,2002,radio,0.5
5,1,lr5e-05_bs16_modL1_fusion32_fusionL1_drop0p1_trmiss50_trlocradio,16,5e-05,1,32,1,0.1,lr5e-05_bs16_modL1_fusion32_fusionL1_drop0p1_trmiss50_trlocradio,2,0.7209304124116898,0.7139026721318563,0.5063025210084033,0.6822925108530256,0.4666666666666667,0.0,0.0,0.0,0.0,0.0,0.0,0.0,0.0,0.0,2002,radio,0.5
5,1,lr5e-05_bs16_modL1_fusion32_fusionL1_drop0p1_trmiss50_trlocradio,16,5e-05,1,32,1,0.1,lr5e-05_bs16_modL1_fusion32_fusionL1_drop0p1_trmiss50_trlocradio,3,0.7057521988948187,0.7250646154085795,0.5105042016806722,0.6983766466111909,0.5111111111111111,0.0,0.0,0.0,0.0,0.0,0.0,0.0,0.0,0.0,2002,radio,0.5
5,1,lr5e-05_bs16_modL1_fusion32_fusionL1_drop0p1_trmiss50_trlocradio,16,5e-05,1,32,1,0.1,lr5e-05_bs16_modL1_fusion32_fusionL1_drop0p1_trmiss50_trlocradio,4,0.7116797963778178,0.7253342469533285,0.4768907563025209,0.6796484419742381,0.4666666666666667,0.0,0.0,0.0,0.0,0.0,0.0,0.0,0.0,0.0,2002,radio,0.5
5,1,lr5e-05_bs16_modL1_fusion32_fusionL1_drop0p1_trmiss50_trlocradio,16,5e-05,1,32,1,0.1,lr5e-05_bs16_modL1_fusion32_fusionL1_drop0p1_trmiss50_trlocradio,5,0.6862808267275492,0.7284968296686808,0.4663865546218487,0.6741471263953344,0.4222222222222222,0.0,0.0,0.0,0.0,0.0,0.0,0.0,0.0,0.0,2002,radio,0.5
5,1,lr5e-05_bs16_modL1_fusion32_fusionL1_drop0p1_trmiss50_trlocradio,16,5e-05,1,32,1,0.1,lr5e-05_bs16_modL1_fusion32_fusionL1_drop0p1_trmiss50_trlocradio,6,0.6586694866418839,0.7243138353029887,0.49159663865546216,0.690845191290829,0.4444444444444444,0.0,0.0,0.0,0.0,0.0,0.0,0.0,0.0,0.0,2002,radio,0.5
5,1,lr5e-05_bs16_modL1_fusion32_fusionL1_drop0p1_trmiss50_trlocradio,16,5e-05,1,32,1,0.1,lr5e-05_bs16_modL1_fusion32_fusionL1_drop0p1_trmiss50_trlocradio,7,0.6669803957144419,0.722980002562205,0.476890756302521,0.676385456190151,0.4222222222222222,0.0,0.0,0.0,0.0,0.0,0.0,0.0,0.0,0.0,2002,radio,0.5
5,1,lr5e-05_bs16_modL1_fusion32_fusionL1_drop0p1_trmiss50_trlocradio,16,5e-05,1,32,1,0.1,lr5e-05_bs16_modL1_fusion32_fusionL1_drop0p1_trmiss50_trlocradio,8,0.6503045360247294,0.71869295835495,0.4915966386554622,0.6880463615962454,0.4222222222222222,0.0,0.0,0.0,0.0,0.0,0.0,0.0,0.0,0.0,2002,radio,0.5
5,1,lr5e-05_bs16_modL1_fusion32_fusionL1_drop0p1_trmiss50_trlocradio,16,5e-05,1,32,1,0.1,lr5e-05_bs16_modL1_fusion32_fusionL1_drop0p1_trmiss50_trlocradio,9,0.6550620794296265,0.7143529057502747,0.5063025210084033,0.6958782112963527,0.4222222222222222,0.0,0.0,0.0,0.0,0.0,0.0,0.0,0.0,0.0,2002,radio,0.5
5,1,lr5e-05_bs16_modL1_fusion32_fusionL1_drop0p1_trmiss50_trlocradio,16,5e-05,1,32,1,0.1,lr5e-05_bs16_modL1_fusion32_fusionL1_drop0p1_trmiss50_trlocradio,10,0.6397225062052408,0.70489901304245,0.5063025210084033,0.6951093419203658,0.4222222222222222,0.0,0.0,0.0,0.0,0.0,0.0,0.0,0.0,0.0,2002,radio,0.5
5,1,lr5e-05_bs16_modL1_fusion32_fusionL1_drop0p1_trmiss50_trlocradio,16,5e-05,1,32,1,0.1,lr5e-05_bs16_modL1_fusion32_fusionL1_drop0p1_trmiss50_trlocradio,11,0.6224002838134766,0.7104073961575826,0.5063025210084033,0.6979966412419033,0.4222222222222222,0.0,0.0,0.0,0.0,0.0,0.0,0.0,0.0,0.0,2002,radio,0.5
5,1,lr5e-05_bs16_modL1_fusion32_fusionL1_drop0p1_trmiss50_trlocradio,16,5e-05,1,32,1,0.1,lr5e-05_bs16_modL1_fusion32_fusionL1_drop0p1_trmiss50_trlocradio,12,0.6401726106802622,0.7129439910252889,0.49579831932773105,0.6863843665216408,0.4444444444444444,0.0,0.0,0.0,0.0,0.0,0.0,0.0,0.0,0.0,2002,radio,0.5
5,1,lr5e-05_bs16_modL1_fusion32_fusionL1_drop0p1_trmiss50_trlocradio,16,5e-05,1,32,1,0.1,lr5e-05_bs16_modL1_fusion32_fusionL1_drop0p1_trmiss50_trlocradio,13,0.6155796100695928,0.7044634222984314,0.5273109243697479,0.6995077310993509,0.4444444444444444,0.0,0.0,0.0,0.0,0.0,0.0,0.0,0.0,0.0,2002,radio,0.5
5,1,lr5e-05_bs16_modL1_fusion32_fusionL1_drop0p1_trmiss50_trlocradio,16,5e-05,1,32,1,0.1,lr5e-05_bs16_modL1_fusion32_fusionL1_drop0p1_trmiss50_trlocradio,14,0.6176151136557261,0.7104936639467875,0.51890756302521,0.6935741434089173,0.4444444444444444,0.0,0.0,0.0,0.0,0.0,0.0,0.0,0.0,0.0,2002,radio,0.5
5,1,lr5e-05_bs16_modL1_fusion32_fusionL1_drop0p1_trmiss50_trlocradio,16,5e-05,1,32,1,0.1,lr5e-05_bs16_modL1_fusion32_fusionL1_drop0p1_trmiss50_trlocradio,15,0.6228258609771729,0.7069387634595236,0.5252100840336135,0.7043787953343033,0.4888888888888889,0.0,0.0,0.0,0.0,0.0,0.0,0.0,0.0,0.0,2002,radio,0.5
5,1,lr5e-05_bs16_modL1_fusion32_fusionL1_drop0p1_trmiss50_trlocradio,16,5e-05,1,32,1,0.1,lr5e-05_bs16_modL1_fusion32_fusionL1_drop0p1_trmiss50_trlocradio,16,0.6301420231660207,0.7101650834083557,0.5294117647058822,0.70217109838524,0.4666666666666667,0.0,0.0,0.0,0.0,0.0,0.0,0.0,0.0,0.0,2002,radio,0.5
5,1,lr5e-05_bs16_modL1_fusion32_fusionL1_drop0p1_trmiss50_trlocradio,16,5e-05,1,32,1,0.1,lr5e-05_bs16_modL1_fusion32_fusionL1_drop0p1_trmiss50_trlocradio,17,0.5909936477740606,0.7104425430297852,0.5210084033613445,0.697555408117598,0.4888888888888889,0.0,0.0,0.0,0.0,0.0,0.0,0.0,0.0,0.0,2002,radio,0.5
5,1,lr5e-05_bs16_modL1_fusion32_fusionL1_drop0p1_trmiss50_trlocradio,16,5e-05,1,32,1,0.1,lr5e-05_bs16_modL1_fusion32_fusionL1_drop0p1_trmiss50_trlocradio,18,0.5905864834785461,0.7073905269304911,0.5315126050420167,0.7060272347250195,0.4888888888888889,0.0,0.0,0.0,0.0,0.0,0.0,0.0,0.0,0.0,2002,radio,0.5
5,1,lr5e-05_bs16_modL1_fusion32_fusionL1_drop0p1_trmiss50_trlocradio,16,5e-05,1,32,1,0.1,lr5e-05_bs16_modL1_fusion32_fusionL1_drop0p1_trmiss50_trlocradio,19,0.5978259146213531,0.7055498758951823,0.5462184873949579,0.7125861633592557,0.4888888888888889,0.0,0.0,0.0,0.0,0.0,0.0,0.0,0.0,0.0,2002,radio,0.5
5,1,lr5e-05_bs16_modL1_fusion32_fusionL1_drop0p1_trmiss50_trlocradio,16,5e-05,1,32,1,0.1,lr5e-05_bs16_modL1_fusion32_fusionL1_drop0p1_trmiss50_trlocradio,20,0.5990397930145264,0.7034333149592081,0.5504201680672269,0.7147326678181275,0.5111111111111111,0.0,0.0,0.0,0.0,0.0,0.0,0.0,0.0,0.0,2002,radio,0.5
5,1,lr5e-05_bs16_modL1_fusion32_fusionL1_drop0p1_trmiss50_trlocradio,16,5e-05,1,32,1,0.1,lr5e-05_bs16_modL1_fusion32_fusionL1_drop0p1_trmiss50_trlocradio,21,0.5958080440759659,0.7025155027707418,0.5483193277310925,0.7055000180879457,0.4888888888888889,0.0,0.0,0.0,0.0,0.0,0.0,0.0,0.0,0.0,2002,radio,0.5
5,1,lr5e-05_bs16_modL1_fusion32_fusionL1_drop0p1_trmiss50_trlocradio,16,5e-05,1,32,1,0.1,lr5e-05_bs16_modL1_fusion32_fusionL1_drop0p1_trmiss50_trlocradio,22,0.5724337498346964,0.6975582838058472,0.5483193277310925,0.7115172885923834,0.5111111111111111,0.0,0.0,0.0,0.0,0.0,0.0,0.0,0.0,0.0,2002,radio,0.5
5,1,lr5e-05_bs16_modL1_fusion32_fusionL1_drop0p1_trmiss50_trlocradio,16,5e-05,1,32,1,0.1,lr5e-05_bs16_modL1_fusion32_fusionL1_drop0p1_trmiss50_trlocradio,23,0.5709496041138967,0.6963934898376465,0.5714285714285714,0.7199432987169797,0.4888888888888889,0.0,0.0,0.0,0.0,0.0,0.0,0.0,0.0,0.0,2002,radio,0.5
5,1,lr5e-05_bs16_modL1_fusion32_fusionL1_drop0p1_trmiss50_trlocradio,16,5e-05,1,32,1,0.1,lr5e-05_bs16_modL1_fusion32_fusionL1_drop0p1_trmiss50_trlocradio,24,0.5832433228691419,0.6970298091570536,0.5504201680672269,0.7086327967072495,0.4888888888888889,0.0,0.0,0.0,0.0,0.0,0.0,0.0,0.0,0.0,2002,radio,0.5
5,1,lr5e-05_bs16_modL1_fusion32_fusionL1_drop0p1_trmiss50_trlocradio,16,5e-05,1,32,1,0.1,lr5e-05_bs16_modL1_fusion32_fusionL1_drop0p1_trmiss50_trlocradio,25,0.570458859205246,0.6954096754391988,0.5609243697478992,0.7195794601679886,0.5111111111111111,0.0,0.0,0.0,0.0,0.0,0.0,0.0,0.0,0.0,2002,radio,0.5
5,1,lr5e-05_bs16_modL1_fusion32_fusionL1_drop0p1_trmiss50_trlocradio,16,5e-05,1,32,1,0.1,lr5e-05_bs16_modL1_fusion32_fusionL1_drop0p1_trmiss50_trlocradio,26,0.6014375761151314,0.7017611066500345,0.5630252100840336,0.7189420148716661,0.4666666666666667,0.0,0.0,0.0,0.0,0.0,0.0,0.0,0.0,0.0,2002,radio,0.5
5,1,lr5e-05_bs16_modL1_fusion32_fusionL1_drop0p1_trmiss50_trlocradio,16,5e-05,1,32,1,0.1,lr5e-05_bs16_modL1_fusion32_fusionL1_drop0p1_trmiss50_trlocradio,27,0.5869909425576528,0.6981837550799052,0.5525210084033614,0.7121282928793727,0.4888888888888889,0.0,0.0,0.0,0.0,0.0,0.0,0.0,0.0,0.0,2002,radio,0.5
5,1,lr5e-05_bs16_modL1_fusion32_fusionL1_drop0p1_trmiss50_trlocradio,16,5e-05,1,32,1,0.1,lr5e-05_bs16_modL1_fusion32_fusionL1_drop0p1_trmiss50_trlocradio,28,0.5841994285583496,0.6965946157773336,0.569327731092437,0.7202810836314743,0.5111111111111111,0.0,0.0,0.0,0.0,0.0,0.0,0.0,0.0,0.0,2002,radio,0.5
5,1,lr5e-05_bs16_modL1_fusion32_fusionL1_drop0p1_trmiss50_trlocradio,16,5e-05,1,32,1,0.1,lr5e-05_bs16_modL1_fusion32_fusionL1_drop0p1_trmiss50_trlocradio,29,0.563915361960729,0.7011700868606567,0.5504201680672269,0.7162655547084646,0.5111111111111111,0.0,0.0,0.0,0.0,0.0,0.0,0.0,0.0,0.0,2002,radio,0.5
5,1,lr5e-05_bs16_modL1_fusion32_fusionL1_drop0p1_trmiss50_trlocradio,16,5e-05,1,32,1,0.1,lr5e-05_bs16_modL1_fusion32_fusionL1_drop0p1_trmiss50_trlocradio,30,0.5644670327504476,0.7005051573117574,0.5483193277310925,0.7043034300997272,0.5111111111111111,0.0,0.0,0.0,0.0,0.0,0.0,0.0,0.0,0.0,2002,radio,0.5
5,1,lr5e-05_bs16_modL1_fusion32_fusionL1_drop0p1_trmiss50_trlocradio,16,5e-05,1,32,1,0.1,lr5e-05_bs16_modL1_fusion32_fusionL1_drop0p1_trmiss50_trlocradio,31,0.5719864368438721,0.7017942865689596,0.5336134453781514,0.7039558352343268,0.4666666666666667,0.0,0.0,0.0,0.0,0.0,0.0,0.0,0.0,0.0,2002,radio,0.5
5,1,lr5e-05_bs16_modL1_fusion32_fusionL1_drop0p1_trmiss50_trlocradio,16,5e-05,1,32,1,0.1,lr5e-05_bs16_modL1_fusion32_fusionL1_drop0p1_trmiss50_trlocradio,32,0.5535479113459587,0.7001695434252421,0.5462184873949579,0.7058584725248077,0.4888888888888889,0.0,0.0,0.0,0.0,0.0,0.0,0.0,0.0,0.0,2002,radio,0.5
5,1,lr5e-05_bs16_modL1_fusion32_fusionL1_drop0p1_trmiss50_trlocradio,16,5e-05,1,32,1,0.1,lr5e-05_bs16_modL1_fusion32_fusionL1_drop0p1_trmiss50_trlocradio,33,0.5638659298419952,0.7019687493642172,0.5504201680672269,0.7039649961981677,0.4666666666666667,0.0,0.0,0.0,0.0,0.0,0.0,0.0,0.0,0.0,2002,radio,0.5
5,1,lr5e-05_bs16_modL1_fusion32_fusionL1_drop0p1_trmiss50_trlocradio,16,5e-05,1,32,1,0.1,lr5e-05_bs16_modL1_fusion32_fusionL1_drop0p1_trmiss50_trlocradio,34,0.5679757595062256,0.697244127591451,0.5336134453781513,0.6981338954085429,0.4888888888888889,0.0,0.0,0.0,0.0,0.0,0.0,0.0,0.0,0.0,2002,radio,0.5
5,1,lr5e-05_bs16_modL1_fusion32_fusionL1_drop0p1_trmiss50_trlocradio,16,5e-05,1,32,1,0.1,lr5e-05_bs16_modL1_fusion32_fusionL1_drop0p1_trmiss50_trlocradio,35,0.5534837221105894,0.7008137901624044,0.5231092436974789,0.6877073496946052,0.4888888888888889,0.0,0.0,0.0,0.0,0.0,0.0,0.0,0.0,0.0,2002,radio,0.5
5,1,lr5e-05_bs16_modL1_fusion32_fusionL1_drop0p1_trmiss50_trlocradio,16,5e-05,1,32,1,0.1,lr5e-05_bs16_modL1_fusion32_fusionL1_drop0p1_trmiss50_trlocradio,36,0.5553431163231531,0.7066573103268942,0.5336134453781514,0.6988404931761042,0.4888888888888889,0.0,0.0,0.0,0.0,0.0,0.0,0.0,0.0,0.0,2002,radio,0.5
5,1,lr5e-05_bs16_modL1_fusion32_fusionL1_drop0p1_trmiss50_trlocradio,16,5e-05,1,32,1,0.1,lr5e-05_bs16_modL1_fusion32_fusionL1_drop0p1_trmiss50_trlocradio,37,0.5728411401311556,0.6896481911341349,0.5714285714285714,0.7147978117740871,0.5111111111111111,0.0,0.0,0.0,0.0,0.0,0.0,0.0,0.0,0.0,2002,radio,0.5
5,1,lr5e-05_bs16_modL1_fusion32_fusionL1_drop0p1_trmiss50_trlocradio,16,5e-05,1,32,1,0.1,lr5e-05_bs16_modL1_fusion32_fusionL1_drop0p1_trmiss50_trlocradio,38,0.5527448803186417,0.6973715623219808,0.5525210084033614,0.7038623162734515,0.4666666666666667,0.0,0.0,0.0,0.0,0.0,0.0,0.0,0.0,0.0,2002,radio,0.5
5,1,lr5e-05_bs16_modL1_fusion32_fusionL1_drop0p1_trmiss50_trlocradio,16,5e-05,1,32,1,0.1,lr5e-05_bs16_modL1_fusion32_fusionL1_drop0p1_trmiss50_trlocradio,39,0.553977499405543,0.6956372062365214,0.5504201680672269,0.698417458311328,0.4888888888888889,0.0,0.0,0.0,0.0,0.0,0.0,0.0,0.0,0.0,2002,radio,0.5
5,1,lr5e-05_bs16_modL1_fusion32_fusionL1_drop0p1_trmiss50_trlocradio,16,5e-05,1,32,1,0.1,lr5e-05_bs16_modL1_fusion32_fusionL1_drop0p1_trmiss50_trlocradio,40,0.5554113835096359,0.6966699163118998,0.5525210084033614,0.7044597929940073,0.5111111111111111,0.0,0.0,0.0,0.0,0.0,0.0,0.0,0.0,0.0,2002,radio,0.5
5,1,lr5e-05_bs16_modL1_fusion32_fusionL1_drop0p1_trmiss50_trlocradio,16,5e-05,1,32,1,0.1,lr5e-05_bs16_modL1_fusion32_fusionL1_drop0p1_trmiss50_trlocradio,41,0.5764006053407987,0.7035360137621561,0.5567226890756302,0.7047165414148262,0.5111111111111111,0.0,0.0,0.0,0.0,0.0,0.0,0.0,0.0,0.0,2002,radio,0.5
5,1,lr5e-05_bs16_modL1_fusion32_fusionL1_drop0p1_trmiss50_trlocradio,16,5e-05,1,32,1,0.1,lr5e-05_bs16_modL1_fusion32_fusionL1_drop0p1_trmiss50_trlocradio,42,0.5606502071022987,0.6941520174344381,0.5714285714285714,0.7142898395168888,0.5111111111111111,0.0,0.0,0.0,0.0,0.0,0.0,0.0,0.0,0.0,2002,radio,0.5
5,1,lr5e-05_bs16_modL1_fusion32_fusionL1_drop0p1_trmiss50_trlocradio,16,5e-05,1,32,1,0.1,lr5e-05_bs16_modL1_fusion32_fusionL1_drop0p1_trmiss50_trlocradio,43,0.5949457908670107,0.6919901967048645,0.5672268907563025,0.7103426248220146,0.4888888888888889,0.0,0.0,0.0,0.0,0.0,0.0,0.0,0.0,0.0,2002,radio,0.5
5,1,lr5e-05_bs16_modL1_fusion32_fusionL1_drop0p1_trmiss50_trlocradio,16,5e-05,1,32,1,0.1,lr5e-05_bs16_modL1_fusion32_fusionL1_drop0p1_trmiss50_trlocradio,44,0.561043364306291,0.6909140944480896,0.5672268907563025,0.7156474864072111,0.5111111111111111,0.0,0.0,0.0,0.0,0.0,0.0,0.0,0.0,0.0,2002,radio,0.5
5,1,lr5e-05_bs16_modL1_fusion32_fusionL1_drop0p1_trmiss50_trlocradio,16,5e-05,1,32,1,0.1,lr5e-05_bs16_modL1_fusion32_fusionL1_drop0p1_trmiss50_trlocradio,45,0.5505467876791954,0.6992454727490743,0.5567226890756303,0.7017272396443175,0.5111111111111111,0.0,0.0,0.0,0.0,0.0,0.0,0.0,0.0,0.0,2002,radio,0.5
5,1,lr5e-05_bs16_modL1_fusion32_fusionL1_drop0p1_trmiss50_trlocradio,16,5e-05,1,32,1,0.1,lr5e-05_bs16_modL1_fusion32_fusionL1_drop0p1_trmiss50_trlocradio,46,0.5843570406238238,0.6932216684023539,0.5441176470588236,0.6919731792041669,0.4888888888888889,0.0,0.0,0.0,0.0,0.0,0.0,0.0,0.0,0.0,2002,radio,0.5
5,1,lr5e-05_bs16_modL1_fusion32_fusionL1_drop0p1_trmiss50_trlocradio,16,5e-05,1,32,1,0.1,lr5e-05_bs16_modL1_fusion32_fusionL1_drop0p1_trmiss50_trlocradio,47,0.5375916063785553,0.6932018399238586,0.5693277310924371,0.7117935864952454,0.4888888888888889,0.0,0.0,0.0,0.0,0.0,0.0,0.0,0.0,0.0,2002,radio,0.5
5,1,lr5e-05_bs16_modL1_fusion32_fusionL1_drop0p1_trmiss50_trlocradio,16,5e-05,1,32,1,0.1,lr5e-05_bs16_modL1_fusion32_fusionL1_drop0p1_trmiss50_trlocradio,48,0.5273024588823318,0.6990106900533041,0.5567226890756303,0.714257144148708,0.4888888888888889,0.0,0.0,0.0,0.0,0.0,0.0,0.0,0.0,0.0,2002,radio,0.5
5,1,lr5e-05_bs16_modL1_fusion32_fusionL1_drop0p1_trmiss50_trlocradio,16,5e-05,1,32,1,0.1,lr5e-05_bs16_modL1_fusion32_fusionL1_drop0p1_trmiss50_trlocradio,49,0.5664769411087036,0.695230762163798,0.5588235294117647,0.7058750512537728,0.4888888888888889,0.0,0.0,0.0,0.0,0.0,0.0,0.0,0.0,0.0,2002,radio,0.5
5,1,lr5e-05_bs16_modL1_fusion32_fusionL1_drop0p1_trmiss50_trlocradio,16,5e-05,1,32,1,0.1,lr5e-05_bs16_modL1_fusion32_fusionL1_drop0p1_trmiss50_trlocradio,50,0.5340510408083597,0.7003579338391622,0.5609243697478992,0.7066925336000749,0.4888888888888889,0.0,0.0,0.0,0.0,0.0,0.0,0.0,0.0,0.0,2002,radio,0.5
5,1,lr5e-05_bs16_modL1_fusion32_fusionL1_drop0p1_trmiss50_trlocradio,16,5e-05,1,32,1,0.1,lr5e-05_bs16_modL1_fusion32_fusionL1_drop0p1_trmiss50_trlocradio,51,0.5672265018026034,0.6989740133285522,0.5630252100840336,0.7177339666795772,0.4888888888888889,0.0,0.0,0.0,0.0,0.0,0.0,0.0,0.0,0.0,2002,radio,0.5
5,1,lr5e-05_bs16_modL1_fusion32_fusionL1_drop0p1_trmiss50_trlocradio,16,5e-05,1,32,1,0.1,lr5e-05_bs16_modL1_fusion32_fusionL1_drop0p1_trmiss50_trlocradio,52,0.5400115450223287,0.6962315440177917,0.5630252100840336,0.7094059999834623,0.5333333333333333,0.0,0.0,0.0,0.0,0.0,0.0,0.0,0.0,0.0,2002,radio,0.5
5,1,lr5e-05_bs16_modL1_fusion32_fusionL1_drop0p1_trmiss50_trlocradio,16,5e-05,1,32,1,0.1,lr5e-05_bs16_modL1_fusion32_fusionL1_drop0p1_trmiss50_trlocradio,53,0.55532372991244,0.6967066725095113,0.5672268907563025,0.7159718887541374,0.5333333333333333,0.0,0.0,0.0,0.0,0.0,0.0,0.0,0.0,0.0,2002,radio,0.5
5,1,lr5e-05_bs16_modL1_fusion32_fusionL1_drop0p1_trmiss50_trlocradio,16,5e-05,1,32,1,0.1,lr5e-05_bs16_modL1_fusion32_fusionL1_drop0p1_trmiss50_trlocradio,54,0.562974731127421,0.7009497483571371,0.5483193277310924,0.7060110750878061,0.4888888888888889,0.0,0.0,0.0,0.0,0.0,0.0,0.0,0.0,0.0,2002,radio,0.5
5,1,lr5e-05_bs16_modL1_fusion32_fusionL1_drop0p1_trmiss50_trlocradio,16,5e-05,1,32,1,0.1,lr5e-05_bs16_modL1_fusion32_fusionL1_drop0p1_trmiss50_trlocradio,55,0.5866351202130318,0.7009953459103903,0.5651260504201681,0.7131710863723013,0.4888888888888889,0.0,0.0,0.0,0.0,0.0,0.0,0.0,0.0,0.0,2002,radio,0.5
5,1,lr5e-05_bs16_modL1_fusion32_fusionL1_drop0p1_trmiss50_trlocradio,16,5e-05,1,32,1,0.1,lr5e-05_bs16_modL1_fusion32_fusionL1_drop0p1_trmiss50_trlocradio,56,0.5515258585413297,0.7105496724446615,0.5546218487394958,0.7036391165764404,0.4888888888888889,0.0,0.0,0.0,0.0,0.0,0.0,0.0,0.0,0.0,2002,radio,0.5
5,1,lr5e-05_bs16_modL1_fusion32_fusionL1_drop0p1_trmiss50_trlocradio,16,5e-05,1,32,1,0.1,lr5e-05_bs16_modL1_fusion32_fusionL1_drop0p1_trmiss50_trlocradio,57,0.5486089860399564,0.6931619048118591,0.5714285714285714,0.7104019078321233,0.5333333333333333,0.0,0.0,0.0,0.0,0.0,0.0,0.0,0.0,0.0,2002,radio,0.5
5,1,lr5e-05_bs16_modL1_fusion64_fusionL1_drop0p2_trmiss50_trlocradio,16,5e-05,1,64,1,0.2,lr5e-05_bs16_modL1_fusion64_fusionL1_drop0p2_trmiss50_trlocradio,1,0.7408616989850998,0.7082091569900513,0.5021008403361344,0.7103811209928961,0.5333333333333333,0.0,0.0,0.0,0.0,0.0,0.0,0.0,0.0,0.0,2002,radio,0.5
5,1,lr5e-05_bs16_modL1_fusion64_fusionL1_drop0p2_trmiss50_trlocradio,16,5e-05,1,64,1,0.2,lr5e-05_bs16_modL1_fusion64_fusionL1_drop0p2_trmiss50_trlocradio,2,0.7056732326745987,0.7164359092712402,0.4957983193277311,0.6941691172514162,0.4888888888888889,0.0,0.0,0.0,0.0,0.0,0.0,0.0,0.0,0.0,2002,radio,0.5
5,1,lr5e-05_bs16_modL1_fusion64_fusionL1_drop0p2_trmiss50_trlocradio,16,5e-05,1,64,1,0.2,lr5e-05_bs16_modL1_fusion64_fusionL1_drop0p2_trmiss50_trlocradio,3,0.7196530103683472,0.717740019162496,0.4915966386554622,0.6874139635905394,0.5333333333333333,0.0,0.0,0.0,0.0,0.0,0.0,0.0,0.0,0.0,2002,radio,0.5
5,1,lr5e-05_bs16_modL1_fusion64_fusionL1_drop0p2_trmiss50_trlocradio,16,5e-05,1,64,1,0.2,lr5e-05_bs16_modL1_fusion64_fusionL1_drop0p2_trmiss50_trlocradio,4,0.6636435091495514,0.7200249632199606,0.476890756302521,0.6700785862870322,0.4888888888888889,0.0,0.0,0.0,0.0,0.0,0.0,0.0,0.0,0.0,2002,radio,0.5
5,1,lr5e-05_bs16_modL1_fusion64_fusionL1_drop0p2_trmiss50_trlocradio,16,5e-05,1,64,1,0.2,lr5e-05_bs16_modL1_fusion64_fusionL1_drop0p2_trmiss50_trlocradio,5,0.6514005561669668,0.722076952457428,0.4831932773109244,0.6620604989725882,0.4666666666666667,0.0,0.0,0.0,0.0,0.0,0.0,0.0,0.0,0.0,2002,radio,0.5
5,1,lr5e-05_bs16_modL1_fusion64_fusionL1_drop0p2_trmiss50_trlocradio,16,5e-05,1,64,1,0.2,lr5e-05_bs16_modL1_fusion64_fusionL1_drop0p2_trmiss50_trlocradio,6,0.661400631070137,0.7171047925949097,0.5126050420168067,0.6836142382311214,0.4666666666666667,0.0,0.0,0.0,0.0,0.0,0.0,0.0,0.0,0.0,2002,radio,0.5
5,1,lr5e-05_bs16_modL1_fusion64_fusionL1_drop0p2_trmiss50_trlocradio,16,5e-05,1,64,1,0.2,lr5e-05_bs16_modL1_fusion64_fusionL1_drop0p2_trmiss50_trlocradio,7,0.6452524264653524,0.7181897759437561,0.5105042016806722,0.6852972447381491,0.4666666666666667,0.0,0.0,0.0,0.0,0.0,0.0,0.0,0.0,0.0,2002,radio,0.5
5,1,lr5e-05_bs16_modL1_fusion64_fusionL1_drop0p2_trmiss50_trlocradio,16,5e-05,1,64,1,0.2,lr5e-05_bs16_modL1_fusion64_fusionL1_drop0p2_trmiss50_trlocradio,8,0.6417673428853353,0.7113012274106344,0.5273109243697479,0.6983960103141804,0.4666666666666667,0.0,0.0,0.0,0.0,0.0,0.0,0.0,0.0,0.0,2002,radio,0.5
5,1,lr5e-05_bs16_modL1_fusion64_fusionL1_drop0p2_trmiss50_trlocradio,16,5e-05,1,64,1,0.2,lr5e-05_bs16_modL1_fusion64_fusionL1_drop0p2_trmiss50_trlocradio,9,0.6394306868314743,0.7135164141654968,0.5252100840336135,0.6787594826155964,0.4444444444444444,0.0,0.0,0.0,0.0,0.0,0.0,0.0,0.0,0.0,2002,radio,0.5
5,1,lr5e-05_bs16_modL1_fusion64_fusionL1_drop0p2_trmiss50_trlocradio,16,5e-05,1,64,1,0.2,lr5e-05_bs16_modL1_fusion64_fusionL1_drop0p2_trmiss50_trlocradio,10,0.631760319073995,0.70451819896698,0.5672268907563025,0.710207424034722,0.4444444444444444,0.0,0.0,0.0,0.0,0.0,0.0,0.0,0.0,0.0,2002,radio,0.5
5,1,lr5e-05_bs16_modL1_fusion64_fusionL1_drop0p2_trmiss50_trlocradio,16,5e-05,1,64,1,0.2,lr5e-05_bs16_modL1_fusion64_fusionL1_drop0p2_trmiss50_trlocradio,11,0.6347046295801798,0.7073901693026224,0.542016806722689,0.6904185991081381,0.4888888888888889,0.0,0.0,0.0,0.0,0.0,0.0,0.0,0.0,0.0,2002,radio,0.5
5,1,lr5e-05_bs16_modL1_fusion64_fusionL1_drop0p2_trmiss50_trlocradio,16,5e-05,1,64,1,0.2,lr5e-05_bs16_modL1_fusion64_fusionL1_drop0p2_trmiss50_trlocradio,12,0.6308590422074,0.7060400644938151,0.5441176470588235,0.6984010210953989,0.4888888888888889,0.0,0.0,0.0,0.0,0.0,0.0,0.0,0.0,0.0,2002,radio,0.5
5,1,lr5e-05_bs16_modL1_fusion64_fusionL1_drop0p2_trmiss50_trlocradio,16,5e-05,1,64,1,0.2,lr5e-05_bs16_modL1_fusion64_fusionL1_drop0p2_trmiss50_trlocradio,13,0.597459023197492,0.7134891351064047,0.5252100840336134,0.69023378056755,0.4444444444444444,0.0,0.0,0.0,0.0,0.0,0.0,0.0,0.0,0.0,2002,radio,0.5
5,1,lr5e-05_bs16_modL1_fusion64_fusionL1_drop0p2_trmiss50_trlocradio,16,5e-05,1,64,1,0.2,lr5e-05_bs16_modL1_fusion64_fusionL1_drop0p2_trmiss50_trlocradio,14,0.6032503644625345,0.7105259299278259,0.5252100840336135,0.702276017007597,0.4666666666666667,0.0,0.0,0.0,0.0,0.0,0.0,0.0,0.0,0.0,2002,radio,0.5
5,1,lr5e-05_bs16_modL1_fusion64_fusionL1_drop0p2_trmiss50_trlocradio,16,5e-05,1,64,1,0.2,lr5e-05_bs16_modL1_fusion64_fusionL1_drop0p2_trmiss50_trlocradio,15,0.6081381638844808,0.7058190902074178,0.5735294117647058,0.7102406094063004,0.4444444444444444,0.0,0.0,0.0,0.0,0.0,0.0,0.0,0.0,0.0,2002,radio,0.5
5,1,lr5e-05_bs16_modL1_fusion64_fusionL1_drop0p2_trmiss50_trlocradio,16,5e-05,1,64,1,0.2,lr5e-05_bs16_modL1_fusion64_fusionL1_drop0p2_trmiss50_trlocradio,16,0.620148037870725,0.70716392993927,0.5441176470588236,0.6988197193205394,0.4666666666666667,0.0,0.0,0.0,0.0,0.0,0.0,0.0,0.0,0.0,2002,radio,0.5
5,1,lr5e-05_bs16_modL1_fusion64_fusionL1_drop0p2_trmiss50_trlocradio,16,5e-05,1,64,1,0.2,lr5e-05_bs16_modL1_fusion64_fusionL1_drop0p2_trmiss50_trlocradio,17,0.5965217153231303,0.7105048497517904,0.5378151260504201,0.6976395882061978,0.4888888888888889,0.0,0.0,0.0,0.0,0.0,0.0,0.0,0.0,0.0,2002,radio,0.5
5,1,lr5e-05_bs16_modL1_fusion64_fusionL1_drop0p2_trmiss50_trlocradio,16,5e-05,1,64,1,0.2,lr5e-05_bs16_modL1_fusion64_fusionL1_drop0p2_trmiss50_trlocradio,18,0.6129517157872518,0.7141037384668986,0.5357142857142858,0.6973643010184281,0.4666666666666667,0.0,0.0,0.0,0.0,0.0,0.0,0.0,0.0,0.0,2002,radio,0.5
5,1,lr5e-05_bs16_modL1_fusion64_fusionL1_drop0p2_trmiss50_trlocradio,16,5e-05,1,64,1,0.2,lr5e-05_bs16_modL1_fusion64_fusionL1_drop0p2_trmiss50_trlocradio,19,0.5910257697105408,0.7049050331115723,0.5672268907563025,0.714339120903388,0.5111111111111111,0.0,0.0,0.0,0.0,0.0,0.0,0.0,0.0,0.0,2002,radio,0.5
5,1,lr5e-05_bs16_modL1_fusion64_fusionL1_drop0p2_trmiss50_trlocradio,16,5e-05,1,64,1,0.2,lr5e-05_bs16_modL1_fusion64_fusionL1_drop0p2_trmiss50_trlocradio,20,0.6174146582682928,0.7103631893793741,0.5672268907563025,0.7042579169494061,0.4666666666666667,0.0,0.0,0.0,0.0,0.0,0.0,0.0,0.0,0.0,2002,radio,0.5
5,1,lr5e-05_bs16_modL1_fusion64_fusionL1_drop0p2_trmiss50_trlocradio,16,5e-05,1,64,1,0.2,lr5e-05_bs16_modL1_fusion64_fusionL1_drop0p2_trmiss50_trlocradio,21,0.5767917633056641,0.7127027710278829,0.5714285714285715,0.7088275293544102,0.4888888888888889,0.0,0.0,0.0,0.0,0.0,0.0,0.0,0.0,0.0,2002,radio,0.5
5,1,lr5e-05_bs16_modL1_fusion64_fusionL1_drop0p2_trmiss50_trlocradio,16,5e-05,1,64,1,0.2,lr5e-05_bs16_modL1_fusion64_fusionL1_drop0p2_trmiss50_trlocradio,22,0.5923580229282379,0.7049364844957987,0.5483193277310925,0.7055664833308107,0.4888888888888889,0.0,0.0,0.0,0.0,0.0,0.0,0.0,0.0,0.0,2002,radio,0.5
5,1,lr5e-05_bs16_modL1_fusion64_fusionL1_drop0p2_trmiss50_trlocradio,16,5e-05,1,64,1,0.2,lr5e-05_bs16_modL1_fusion64_fusionL1_drop0p2_trmiss50_trlocradio,23,0.5684485187133154,0.7085102399190267,0.5462184873949579,0.7028618452025052,0.4888888888888889,0.0,0.0,0.0,0.0,0.0,0.0,0.0,0.0,0.0,2002,radio,0.5
5,1,lr5e-05_bs16_modL1_fusion64_fusionL1_drop0p2_trmiss50_trlocradio,16,5e-05,1,64,1,0.2,lr5e-05_bs16_modL1_fusion64_fusionL1_drop0p2_trmiss50_trlocradio,24,0.5904484142859777,0.7085206309954325,0.5483193277310924,0.695990950026912,0.4666666666666667,0.0,0.0,0.0,0.0,0.0,0.0,0.0,0.0,0.0,2002,radio,0.5
5,1,lr5e-05_bs16_modL1_fusion64_fusionL1_drop0p2_trmiss50_trlocradio,16,5e-05,1,64,1,0.2,lr5e-05_bs16_modL1_fusion64_fusionL1_drop0p2_trmiss50_trlocradio,25,0.5636885166168213,0.7020931839942932,0.5504201680672268,0.7011303461233874,0.4888888888888889,0.0,0.0,0.0,0.0,0.0,0.0,0.0,0.0,0.0,2002,radio,0.5
5,1,lr5e-05_bs16_modL1_fusion64_fusionL1_drop0p2_trmiss50_trlocradio,16,5e-05,1,64,1,0.2,lr5e-05_bs16_modL1_fusion64_fusionL1_drop0p2_trmiss50_trlocradio,26,0.5943789432446162,0.7044722040494283,0.5546218487394958,0.7085348596909908,0.4888888888888889,0.0,0.0,0.0,0.0,0.0,0.0,0.0,0.0,0.0,2002,radio,0.5
5,1,lr5e-05_bs16_modL1_fusion64_fusionL1_drop0p2_trmiss50_trlocradio,16,5e-05,1,64,1,0.2,lr5e-05_bs16_modL1_fusion64_fusionL1_drop0p2_trmiss50_trlocradio,27,0.578292633096377,0.7112279931704203,0.5357142857142857,0.6829862991105519,0.4666666666666667,0.0,0.0,0.0,0.0,0.0,0.0,0.0,0.0,0.0,2002,radio,0.5
5,1,lr5e-05_bs16_modL1_fusion64_fusionL1_drop0p2_trmiss50_trlocradio,16,5e-05,1,64,1,0.2,lr5e-05_bs16_modL1_fusion64_fusionL1_drop0p2_trmiss50_trlocradio,28,0.5661209672689438,0.704668124516805,0.5399159663865546,0.6988707430214969,0.4666666666666667,0.0,0.0,0.0,0.0,0.0,0.0,0.0,0.0,0.0,2002,radio,0.5
5,1,lr5e-05_bs16_modL1_fusion64_fusionL1_drop0p2_trmiss50_trlocradio,16,5e-05,1,64,1,0.2,lr5e-05_bs16_modL1_fusion64_fusionL1_drop0p2_trmiss50_trlocradio,29,0.5744721094767252,0.7067140340805054,0.5504201680672269,0.702176511763102,0.4888888888888889,0.0,0.0,0.0,0.0,0.0,0.0,0.0,0.0,0.0,2002,radio,0.5
5,1,lr5e-05_bs16_modL1_fusion64_fusionL1_drop0p2_trmiss50_trlocradio,16,5e-05,1,64,1,0.2,lr5e-05_bs16_modL1_fusion64_fusionL1_drop0p2_trmiss50_trlocradio,30,0.5659268697102865,0.6975922584533691,0.5630252100840336,0.7079825890681154,0.4888888888888889,0.0,0.0,0.0,0.0,0.0,0.0,0.0,0.0,0.0,2002,radio,0.5
5,1,lr5e-05_bs16_modL1_fusion64_fusionL1_drop0p2_trmiss50_trlocradio,16,5e-05,1,64,1,0.2,lr5e-05_bs16_modL1_fusion64_fusionL1_drop0p2_trmiss50_trlocradio,31,0.559168075521787,0.6962680419286092,0.5630252100840336,0.7002792186200212,0.4888888888888889,0.0,0.0,0.0,0.0,0.0,0.0,0.0,0.0,0.0,2002,radio,0.5
5,1,lr5e-05_bs16_modL1_fusion64_fusionL1_drop0p2_trmiss50_trlocradio,16,5e-05,1,64,1,0.2,lr5e-05_bs16_modL1_fusion64_fusionL1_drop0p2_trmiss50_trlocradio,32,0.5769764184951782,0.6932706832885742,0.5840336134453781,0.7124569049784371,0.4666666666666667,0.0,0.0,0.0,0.0,0.0,0.0,0.0,0.0,0.0,2002,radio,0.5
5,1,lr5e-05_bs16_modL1_fusion64_fusionL1_drop0p2_trmiss50_trlocradio,16,5e-05,1,64,1,0.2,lr5e-05_bs16_modL1_fusion64_fusionL1_drop0p2_trmiss50_trlocradio,33,0.5731379017233849,0.7027614712715149,0.5504201680672268,0.6982137632640467,0.4888888888888889,0.0,0.0,0.0,0.0,0.0,0.0,0.0,0.0,0.0,2002,radio,0.5
5,1,lr5e-05_bs16_modL1_fusion64_fusionL1_drop0p2_trmiss50_trlocradio,16,5e-05,1,64,1,0.2,lr5e-05_bs16_modL1_fusion64_fusionL1_drop0p2_trmiss50_trlocradio,34,0.5446688334147135,0.7098520596822103,0.5336134453781513,0.6849740797026929,0.4888888888888889,0.0,0.0,0.0,0.0,0.0,0.0,0.0,0.0,0.0,2002,radio,0.5
5,1,lr5e-05_bs16_modL1_fusion64_fusionL1_drop0p2_trmiss50_trlocradio,16,5e-05,1,64,1,0.2,lr5e-05_bs16_modL1_fusion64_fusionL1_drop0p2_trmiss50_trlocradio,35,0.5577414159973463,0.7035131851832072,0.5567226890756302,0.7010848495414428,0.4666666666666667,0.0,0.0,0.0,0.0,0.0,0.0,0.0,0.0,0.0,2002,radio,0.5
5,1,lr5e-05_bs16_modL1_fusion64_fusionL1_drop0p2_trmiss50_trlocradio,16,5e-05,1,64,1,0.2,lr5e-05_bs16_modL1_fusion64_fusionL1_drop0p2_trmiss50_trlocradio,36,0.5598175302147865,0.7030776739120483,0.5483193277310924,0.6957482420350778,0.4666666666666667,0.0,0.0,0.0,0.0,0.0,0.0,0.0,0.0,0.0,2002,radio,0.5
5,1,lr5e-05_bs16_modL1_fusion64_fusionL1_drop0p2_trmiss50_trlocradio,16,5e-05,1,64,1,0.2,lr5e-05_bs16_modL1_fusion64_fusionL1_drop0p2_trmiss50_trlocradio,37,0.5603405237197876,0.6992448170979818,0.5588235294117647,0.7061648385085022,0.4666666666666667,0.0,0.0,0.0,0.0,0.0,0.0,0.0,0.0,0.0,2002,radio,0.5
5,1,lr5e-05_bs16_modL1_fusion64_fusionL1_drop0p2_trmiss50_trlocradio,16,5e-05,1,64,1,0.2,lr5e-05_bs16_modL1_fusion64_fusionL1_drop0p2_trmiss50_trlocradio,38,0.5601205850640932,0.7037795384724935,0.5546218487394958,0.6965436604931863,0.4666666666666667,0.0,0.0,0.0,0.0,0.0,0.0,0.0,0.0,0.0,2002,radio,0.5
5,1,lr5e-05_bs16_modL1_fusion64_fusionL1_drop0p2_trmiss50_trlocradio,16,5e-05,1,64,1,0.2,lr5e-05_bs16_modL1_fusion64_fusionL1_drop0p2_trmiss50_trlocradio,39,0.5372288078069687,0.7032903830210367,0.5588235294117647,0.6855280371094286,0.4666666666666667,0.0,0.0,0.0,0.0,0.0,0.0,0.0,0.0,0.0,2002,radio,0.5
5,1,lr5e-05_bs16_modL1_fusion64_fusionL1_drop0p2_trmiss50_trlocradio,16,5e-05,1,64,1,0.2,lr5e-05_bs16_modL1_fusion64_fusionL1_drop0p2_trmiss50_trlocradio,40,0.5627378026644388,0.7045866847038269,0.5441176470588235,0.6938457071228789,0.4888888888888889,0.0,0.0,0.0,0.0,0.0,0.0,0.0,0.0,0.0,2002,radio,0.5
5,1,lr5e-05_bs16_modL1_fusion64_fusionL1_drop0p2_trmiss50_trlocradio,16,5e-05,1,64,1,0.2,lr5e-05_bs16_modL1_fusion64_fusionL1_drop0p2_trmiss50_trlocradio,41,0.5670766780773798,0.7127155264218649,0.5294117647058825,0.6878999319760778,0.4888888888888889,0.0,0.0,0.0,0.0,0.0,0.0,0.0,0.0,0.0,2002,radio,0.5
5,1,lr5e-05_bs16_modL1_fusion64_fusionL1_drop0p2_trmiss50_trlocradio,16,5e-05,1,64,1,0.2,lr5e-05_bs16_modL1_fusion64_fusionL1_drop0p2_trmiss50_trlocradio,42,0.5347192510962486,0.7056445082028707,0.5378151260504201,0.6906117452635036,0.4888888888888889,0.0,0.0,0.0,0.0,0.0,0.0,0.0,0.0,0.0,2002,radio,0.5
5,1,lr5e-05_bs16_modL1_fusion64_fusionL1_drop0p2_trmiss50_trlocradio,16,5e-05,1,64,1,0.2,lr5e-05_bs16_modL1_fusion64_fusionL1_drop0p2_trmiss50_trlocradio,43,0.5599352841575941,0.7048810919125875,0.5336134453781513,0.6810115672710294,0.4888888888888889,0.0,0.0,0.0,0.0,0.0,0.0,0.0,0.0,0.0,2002,radio,0.5
5,1,lr5e-05_bs16_modL1_fusion64_fusionL1_drop0p2_trmiss50_trlocradio,16,5e-05,1,64,1,0.2,lr5e-05_bs16_modL1_fusion64_fusionL1_drop0p2_trmiss50_trlocradio,44,0.5660662353038788,0.7020074725151062,0.5357142857142858,0.6945589812123509,0.5111111111111111,0.0,0.0,0.0,0.0,0.0,0.0,0.0,0.0,0.0,2002,radio,0.5
5,1,lr5e-05_bs16_modL1_fusion64_fusionL1_drop0p2_trmiss50_trlocradio,16,5e-05,1,64,1,0.2,lr5e-05_bs16_modL1_fusion64_fusionL1_drop0p2_trmiss50_trlocradio,45,0.5517691373825073,0.7034174601236979,0.5525210084033614,0.7000430296704439,0.4888888888888889,0.0,0.0,0.0,0.0,0.0,0.0,0.0,0.0,0.0,2002,radio,0.5
5,1,lr5e-05_bs16_modL1_fusion64_fusionL1_drop0p2_trmiss50_trlocradio,16,5e-05,1,64,1,0.2,lr5e-05_bs16_modL1_fusion64_fusionL1_drop0p2_trmiss50_trlocradio,46,0.544868657986323,0.7048864761988322,0.5399159663865546,0.6949798856197162,0.5111111111111111,0.0,0.0,0.0,0.0,0.0,0.0,0.0,0.0,0.0,2002,radio,0.5
5,1,lr5e-05_bs16_modL1_fusion64_fusionL1_drop0p2_trmiss50_trlocradio,16,5e-05,1,64,1,0.2,lr5e-05_bs16_modL1_fusion64_fusionL1_drop0p2_trmiss50_trlocradio,47,0.5409330278635025,0.7035820285479227,0.5294117647058824,0.6872158356331607,0.5111111111111111,0.0,0.0,0.0,0.0,0.0,0.0,0.0,0.0,0.0,2002,radio,0.5
5,1,lr5e-05_bs16_modL1_fusion64_fusionL1_drop0p2_trmiss50_trlocradio,16,5e-05,1,64,1,0.2,lr5e-05_bs16_modL1_fusion64_fusionL1_drop0p2_trmiss50_trlocradio,48,0.5478280683358511,0.6955635945002238,0.5315126050420168,0.6896694007759151,0.5111111111111111,0.0,0.0,0.0,0.0,0.0,0.0,0.0,0.0,0.0,2002,radio,0.5
5,1,lr5e-05_bs16_modL1_fusion64_fusionL1_drop0p2_trmiss50_trlocradio,16,5e-05,1,64,1,0.2,lr5e-05_bs16_modL1_fusion64_fusionL1_drop0p2_trmiss50_trlocradio,49,0.5529319594303767,0.7024978796641032,0.5294117647058824,0.6880433403624878,0.4666666666666667,0.0,0.0,0.0,0.0,0.0,0.0,0.0,0.0,0.0,2002,radio,0.5
5,1,lr5e-05_bs16_modL1_fusion64_fusionL1_drop0p2_trmiss50_trlocradio,16,5e-05,1,64,1,0.2,lr5e-05_bs16_modL1_fusion64_fusionL1_drop0p2_trmiss50_trlocradio,50,0.5421306590239207,0.6925287445386251,0.5567226890756303,0.7073854217554829,0.5111111111111111,0.0,0.0,0.0,0.0,0.0,0.0,0.0,0.0,0.0,2002,radio,0.5
5,1,lr5e-05_bs16_modL1_fusion64_fusionL1_drop0p2_trmiss50_trlocradio,16,5e-05,1,64,1,0.2,lr5e-05_bs16_modL1_fusion64_fusionL1_drop0p2_trmiss50_trlocradio,51,0.5563892275094986,0.6961911122004191,0.5441176470588236,0.6933391929635494,0.5111111111111111,0.0,0.0,0.0,0.0,0.0,0.0,0.0,0.0,0.0,2002,radio,0.5
5,1,lr5e-05_bs16_modL1_fusion64_fusionL1_drop0p2_trmiss50_trlocradio,16,5e-05,1,64,1,0.2,lr5e-05_bs16_modL1_fusion64_fusionL1_drop0p2_trmiss50_trlocradio,52,0.5645850722988447,0.7055685718854269,0.5588235294117647,0.6992831159188502,0.4666666666666667,0.0,0.0,0.0,0.0,0.0,0.0,0.0,0.0,0.0,2002,radio,0.5
5,1,lr5e-05_bs16_modL1_fusion64_fusionL1_drop0p1_trmiss50_trlocradio,16,5e-05,1,64,1,0.1,lr5e-05_bs16_modL1_fusion64_fusionL1_drop0p1_trmiss50_trlocradio,1,0.68624247610569,0.6925804615020752,0.5651260504201681,0.6887347494801895,0.5555555555555556,0.0,0.0,0.0,0.0,0.0,0.0,0.0,0.0,0.0,2002,radio,0.5
5,1,lr5e-05_bs16_modL1_fusion64_fusionL1_drop0p1_trmiss50_trlocradio,16,5e-05,1,64,1,0.1,lr5e-05_bs16_modL1_fusion64_fusionL1_drop0p1_trmiss50_trlocradio,2,0.6559226910273234,0.695415178934733,0.5126050420168067,0.6425228737134421,0.5333333333333333,0.0,0.0,0.0,0.0,0.0,0.0,0.0,0.0,0.0,2002,radio,0.5
5,1,lr5e-05_bs16_modL1_fusion64_fusionL1_drop0p1_trmiss50_trlocradio,16,5e-05,1,64,1,0.1,lr5e-05_bs16_modL1_fusion64_fusionL1_drop0p1_trmiss50_trlocradio,3,0.6623468101024628,0.6975524624188741,0.4957983193277311,0.6300793019531542,0.5111111111111111,0.0,0.0,0.0,0.0,0.0,0.0,0.0,0.0,0.0,2002,radio,0.5
5,1,lr5e-05_bs16_modL1_fusion64_fusionL1_drop0p1_trmiss50_trlocradio,16,5e-05,1,64,1,0.1,lr5e-05_bs16_modL1_fusion64_fusionL1_drop0p1_trmiss50_trlocradio,4,0.6069930667678515,0.6973062952359518,0.49789915966386566,0.6497543174378914,0.5111111111111111,0.0,0.0,0.0,0.0,0.0,0.0,0.0,0.0,0.0,2002,radio,0.5
5,1,lr5e-05_bs16_modL1_fusion64_fusionL1_drop0p1_trmiss50_trlocradio,16,5e-05,1,64,1,0.1,lr5e-05_bs16_modL1_fusion64_fusionL1_drop0p1_trmiss50_trlocradio,5,0.6175240278244019,0.6974080006281534,0.47268907563025214,0.6470645224933376,0.5333333333333333,0.0,0.0,0.0,0.0,0.0,0.0,0.0,0.0,0.0,2002,radio,0.5
5,1,lr5e-05_bs16_modL1_fusion64_fusionL1_drop0p1_trmiss50_trlocradio,16,5e-05,1,64,1,0.1,lr5e-05_bs16_modL1_fusion64_fusionL1_drop0p1_trmiss50_trlocradio,6,0.5758045564095179,0.695388118426005,0.5021008403361344,0.6723085537834401,0.5555555555555556,0.0,0.0,0.0,0.0,0.0,0.0,0.0,0.0,0.0,2002,radio,0.5
5,1,lr5e-05_bs16_modL1_fusion64_fusionL1_drop0p1_trmiss50_trlocradio,16,5e-05,1,64,1,0.1,lr5e-05_bs16_modL1_fusion64_fusionL1_drop0p1_trmiss50_trlocradio,7,0.5739787469307581,0.6880219777425131,0.5042016806722689,0.6859104988855866,0.5111111111111111,0.0,0.0,0.0,0.0,0.0,0.0,0.0,0.0,0.0,2002,radio,0.5
5,1,lr5e-05_bs16_modL1_fusion64_fusionL1_drop0p1_trmiss50_trlocradio,16,5e-05,1,64,1,0.1,lr5e-05_bs16_modL1_fusion64_fusionL1_drop0p1_trmiss50_trlocradio,8,0.5593900283177694,0.6753493944803873,0.5504201680672269,0.716209977047239,0.6,0.0,0.0,0.0,0.0,0.0,0.0,0.0,0.0,0.0,2002,radio,0.5
5,1,lr5e-05_bs16_modL1_fusion64_fusionL1_drop0p1_trmiss50_trlocradio,16,5e-05,1,64,1,0.1,lr5e-05_bs16_modL1_fusion64_fusionL1_drop0p1_trmiss50_trlocradio,9,0.5487182438373566,0.6766876180966696,0.5441176470588235,0.716732163140522,0.6,0.0,0.0,0.0,0.0,0.0,0.0,0.0,0.0,0.0,2002,radio,0.5
5,1,lr5e-05_bs16_modL1_fusion64_fusionL1_drop0p1_trmiss50_trlocradio,16,5e-05,1,64,1,0.1,lr5e-05_bs16_modL1_fusion64_fusionL1_drop0p1_trmiss50_trlocradio,10,0.5524728472034136,0.6853036681811014,0.5273109243697479,0.6981839236016083,0.5777777777777777,0.0,0.0,0.0,0.0,0.0,0.0,0.0,0.0,0.0,2002,radio,0.5
5,1,lr5e-05_bs16_modL1_fusion64_fusionL1_drop0p1_trmiss50_trlocradio,16,5e-05,1,64,1,0.1,lr5e-05_bs16_modL1_fusion64_fusionL1_drop0p1_trmiss50_trlocradio,11,0.533424956103166,0.685966690381368,0.5168067226890756,0.6920735434423152,0.6,0.0,0.0,0.0,0.0,0.0,0.0,0.0,0.0,0.0,2002,radio,0.5
5,1,lr5e-05_bs16_modL1_fusion64_fusionL1_drop0p1_trmiss50_trlocradio,16,5e-05,1,64,1,0.1,lr5e-05_bs16_modL1_fusion64_fusionL1_drop0p1_trmiss50_trlocradio,12,0.516810767352581,0.6837926904360453,0.523109243697479,0.6952619567968608,0.5777777777777777,0.0,0.0,0.0,0.0,0.0,0.0,0.0,0.0,0.0,2002,radio,0.5
5,1,lr5e-05_bs16_modL1_fusion64_fusionL1_drop0p1_trmiss50_trlocradio,16,5e-05,1,64,1,0.1,lr5e-05_bs16_modL1_fusion64_fusionL1_drop0p1_trmiss50_trlocradio,13,0.5167311256130537,0.6822716593742371,0.5336134453781513,0.696297678400687,0.6,0.0,0.0,0.0,0.0,0.0,0.0,0.0,0.0,0.0,2002,radio,0.5
5,1,lr5e-05_bs16_modL1_fusion64_fusionL1_drop0p1_trmiss50_trlocradio,16,5e-05,1,64,1,0.1,lr5e-05_bs16_modL1_fusion64_fusionL1_drop0p1_trmiss50_trlocradio,14,0.5032104303439459,0.6872008244196574,0.5189075630252101,0.6861983859989489,0.5777777777777777,0.0,0.0,0.0,0.0,0.0,0.0,0.0,0.0,0.0,2002,radio,0.5
5,1,lr5e-05_bs16_modL1_fusion64_fusionL1_drop0p1_trmiss50_trlocradio,16,5e-05,1,64,1,0.1,lr5e-05_bs16_modL1_fusion64_fusionL1_drop0p1_trmiss50_trlocradio,15,0.49852177997430164,0.6835779746373495,0.5294117647058824,0.6861244240236662,0.6222222222222222,0.0,0.0,0.0,0.0,0.0,0.0,0.0,0.0,0.0,2002,radio,0.5
5,1,lr5e-05_bs16_modL1_fusion64_fusionL1_drop0p1_trmiss50_trlocradio,16,5e-05,1,64,1,0.1,lr5e-05_bs16_modL1_fusion64_fusionL1_drop0p1_trmiss50_trlocradio,16,0.47788631667693454,0.6811608870824178,0.5378151260504201,0.6915427244189397,0.6,0.0,0.0,0.0,0.0,0.0,0.0,0.0,0.0,0.0,2002,radio,0.5
5,1,lr5e-05_bs16_modL1_fusion64_fusionL1_drop0p1_trmiss50_trlocradio,16,5e-05,1,64,1,0.1,lr5e-05_bs16_modL1_fusion64_fusionL1_drop0p1_trmiss50_trlocradio,17,0.49288104474544525,0.6814549167950948,0.542016806722689,0.6911738026407422,0.6222222222222222,0.0,0.0,0.0,0.0,0.0,0.0,0.0,0.0,0.0,2002,radio,0.5
5,1,lr5e-05_bs16_modL1_fusion64_fusionL1_drop0p1_trmiss50_trlocradio,16,5e-05,1,64,1,0.1,lr5e-05_bs16_modL1_fusion64_fusionL1_drop0p1_trmiss50_trlocradio,18,0.5054679935177168,0.6802911162376404,0.542016806722689,0.6941187925156027,0.6222222222222222,0.0,0.0,0.0,0.0,0.0,0.0,0.0,0.0,0.0,2002,radio,0.5
5,1,lr5e-05_bs16_modL1_fusion64_fusionL1_drop0p1_trmiss50_trlocradio,16,5e-05,1,64,1,0.1,lr5e-05_bs16_modL1_fusion64_fusionL1_drop0p1_trmiss50_trlocradio,19,0.4830750524997711,0.6806973218917847,0.5378151260504201,0.688236120283417,0.6222222222222222,0.0,0.0,0.0,0.0,0.0,0.0,0.0,0.0,0.0,2002,radio,0.5
5,1,lr5e-05_bs16_modL1_fusion64_fusionL1_drop0p1_trmiss50_trlocradio,16,5e-05,1,64,1,0.1,lr5e-05_bs16_modL1_fusion64_fusionL1_drop0p1_trmiss50_trlocradio,20,0.49064908425013226,0.6768389145533243,0.5357142857142857,0.6917520990934228,0.6,0.0,0.0,0.0,0.0,0.0,0.0,0.0,0.0,0.0,2002,radio,0.5
5,1,lr5e-05_bs16_modL1_fusion64_fusionL1_drop0p1_trmiss50_trlocradio,16,5e-05,1,64,1,0.1,lr5e-05_bs16_modL1_fusion64_fusionL1_drop0p1_trmiss50_trlocradio,21,0.47358260303735733,0.675032377243042,0.5714285714285714,0.7071162418595559,0.6222222222222222,0.0,0.0,0.0,0.0,0.0,0.0,0.0,0.0,0.0,2002,radio,0.5
5,1,lr5e-05_bs16_modL1_fusion64_fusionL1_drop0p1_trmiss50_trlocradio,16,5e-05,1,64,1,0.1,lr5e-05_bs16_modL1_fusion64_fusionL1_drop0p1_trmiss50_trlocradio,22,0.46234142531951267,0.6762844920158386,0.5735294117647058,0.7069206709389443,0.6222222222222222,0.0,0.0,0.0,0.0,0.0,0.0,0.0,0.0,0.0,2002,radio,0.5
5,1,lr5e-05_bs16_modL1_fusion64_fusionL1_drop0p1_trmiss50_trlocradio,16,5e-05,1,64,1,0.1,lr5e-05_bs16_modL1_fusion64_fusionL1_drop0p1_trmiss50_trlocradio,23,0.48131560782591504,0.6760878364245096,0.5651260504201681,0.7010187535347568,0.6444444444444445,0.0,0.0,0.0,0.0,0.0,0.0,0.0,0.0,0.0,2002,radio,0.5
5,1,lr5e-05_bs16_modL1_fusion64_fusionL1_drop0p1_trmiss50_trlocradio,16,5e-05,1,64,1,0.1,lr5e-05_bs16_modL1_fusion64_fusionL1_drop0p1_trmiss50_trlocradio,24,0.46591240415970486,0.6792835394541422,0.5714285714285714,0.7045393643464736,0.6666666666666666,0.0,0.0,0.0,0.0,0.0,0.0,0.0,0.0,0.0,2002,radio,0.5
5,1,lr5e-05_bs16_modL1_fusion64_fusionL1_drop0p1_trmiss50_trlocradio,16,5e-05,1,64,1,0.1,lr5e-05_bs16_modL1_fusion64_fusionL1_drop0p1_trmiss50_trlocradio,25,0.4480444863438606,0.6788309216499329,0.542016806722689,0.6856105399272377,0.6444444444444445,0.0,0.0,0.0,0.0,0.0,0.0,0.0,0.0,0.0,2002,radio,0.5
5,1,lr5e-05_bs16_modL1_fusion64_fusionL1_drop0p1_trmiss50_trlocradio,16,5e-05,1,64,1,0.1,lr5e-05_bs16_modL1_fusion64_fusionL1_drop0p1_trmiss50_trlocradio,26,0.46205125500758487,0.6850154399871826,0.5567226890756303,0.6824575144698761,0.6444444444444445,0.0,0.0,0.0,0.0,0.0,0.0,0.0,0.0,0.0,2002,radio,0.5
5,1,lr5e-05_bs16_modL1_fusion64_fusionL1_drop0p1_trmiss50_trlocradio,16,5e-05,1,64,1,0.1,lr5e-05_bs16_modL1_fusion64_fusionL1_drop0p1_trmiss50_trlocradio,27,0.4612582599123319,0.679307222366333,0.5630252100840336,0.6958046126674919,0.6444444444444445,0.0,0.0,0.0,0.0,0.0,0.0,0.0,0.0,0.0,2002,radio,0.5
5,1,lr5e-05_bs16_modL1_fusion64_fusionL1_drop0p1_trmiss50_trlocradio,16,5e-05,1,64,1,0.1,lr5e-05_bs16_modL1_fusion64_fusionL1_drop0p1_trmiss50_trlocradio,28,0.462885357439518,0.6817557613054911,0.546218487394958,0.6825644016983287,0.6,0.0,0.0,0.0,0.0,0.0,0.0,0.0,0.0,0.0,2002,radio,0.5
5,1,lr5e-05_bs16_modL1_fusion64_fusionL1_drop0p1_trmiss50_trlocradio,16,5e-05,1,64,1,0.1,lr5e-05_bs16_modL1_fusion64_fusionL1_drop0p1_trmiss50_trlocradio,29,0.4477221717437108,0.6777833104133606,0.5525210084033613,0.6850871979248725,0.6,0.0,0.0,0.0,0.0,0.0,0.0,0.0,0.0,0.0,2002,radio,0.5
5,1,lr5e-05_bs16_modL1_fusion64_fusionL1_drop0p1_trmiss50_trlocradio,16,5e-05,1,64,1,0.1,lr5e-05_bs16_modL1_fusion64_fusionL1_drop0p1_trmiss50_trlocradio,30,0.44330380360285443,0.6782573461532593,0.5483193277310924,0.6960407373089138,0.6,0.0,0.0,0.0,0.0,0.0,0.0,0.0,0.0,0.0,2002,radio,0.5
5,1,lr5e-05_bs16_modL1_fusion64_fusionL1_drop0p1_trmiss50_trlocradio,16,5e-05,1,64,1,0.1,lr5e-05_bs16_modL1_fusion64_fusionL1_drop0p1_trmiss50_trlocradio,31,0.4463909367720286,0.6771528522173563,0.5588235294117647,0.697569517539545,0.6222222222222222,0.0,0.0,0.0,0.0,0.0,0.0,0.0,0.0,0.0,2002,radio,0.5
5,1,lr5e-05_bs16_modL1_fusion64_fusionL1_drop0p1_trmiss50_trlocradio,16,5e-05,1,64,1,0.1,lr5e-05_bs16_modL1_fusion64_fusionL1_drop0p1_trmiss50_trlocradio,32,0.45830975224574405,0.6807186007499695,0.5378151260504201,0.6777012245434086,0.6,0.0,0.0,0.0,0.0,0.0,0.0,0.0,0.0,0.0,2002,radio,0.5
5,1,lr5e-05_bs16_modL1_fusion64_fusionL1_drop0p1_trmiss50_trlocradio,16,5e-05,1,64,1,0.1,lr5e-05_bs16_modL1_fusion64_fusionL1_drop0p1_trmiss50_trlocradio,33,0.45037199556827545,0.6805107593536377,0.5378151260504201,0.6793252043669346,0.6222222222222222,0.0,0.0,0.0,0.0,0.0,0.0,0.0,0.0,0.0,2002,radio,0.5
5,1,lr5e-05_bs16_modL1_fusion64_fusionL1_drop0p1_trmiss50_trlocradio,16,5e-05,1,64,1,0.1,lr5e-05_bs16_modL1_fusion64_fusionL1_drop0p1_trmiss50_trlocradio,34,0.46659912665685016,0.6812364061673483,0.523109243697479,0.6695376518791334,0.6222222222222222,0.0,0.0,0.0,0.0,0.0,0.0,0.0,0.0,0.0,2002,radio,0.5
5,1,lr5e-05_bs16_modL1_fusion64_fusionL1_drop0p1_trmiss50_trlocradio,16,5e-05,1,64,1,0.1,lr5e-05_bs16_modL1_fusion64_fusionL1_drop0p1_trmiss50_trlocradio,35,0.45081255584955215,0.6804218093554179,0.5441176470588235,0.690692198264876,0.6222222222222222,0.0,0.0,0.0,0.0,0.0,0.0,0.0,0.0,0.0,2002,radio,0.5
5,1,lr5e-05_bs16_modL1_fusion64_fusionL1_drop0p1_trmiss50_trlocradio,16,5e-05,1,64,1,0.1,lr5e-05_bs16_modL1_fusion64_fusionL1_drop0p1_trmiss50_trlocradio,36,0.4593066597978274,0.6776448686917623,0.5399159663865547,0.688201854309051,0.6222222222222222,0.0,0.0,0.0,0.0,0.0,0.0,0.0,0.0,0.0,2002,radio,0.5
5,1,lr5e-05_bs16_modL1_fusion64_fusionL1_drop0p1_trmiss50_trlocradio,16,5e-05,1,64,1,0.1,lr5e-05_bs16_modL1_fusion64_fusionL1_drop0p1_trmiss50_trlocradio,37,0.4491739943623543,0.6778940757115682,0.546218487394958,0.6739259017686111,0.6222222222222222,0.0,0.0,0.0,0.0,0.0,0.0,0.0,0.0,0.0,2002,radio,0.5
5,1,lr5e-05_bs16_modL1_fusion64_fusionL1_drop0p1_trmiss50_trlocradio,16,5e-05,1,64,1,0.1,lr5e-05_bs16_modL1_fusion64_fusionL1_drop0p1_trmiss50_trlocradio,38,0.4501061166326205,0.6816801031430563,0.5357142857142857,0.6900408462855838,0.6222222222222222,0.0,0.0,0.0,0.0,0.0,0.0,0.0,0.0,0.0,2002,radio,0.5
5,1,lr5e-05_bs16_modL1_fusion64_fusionL1_drop0p1_trmiss50_trlocradio,16,5e-05,1,64,1,0.1,lr5e-05_bs16_modL1_fusion64_fusionL1_drop0p1_trmiss50_trlocradio,39,0.44511138647794724,0.6777667005856832,0.5357142857142857,0.6750054123041568,0.6,0.0,0.0,0.0,0.0,0.0,0.0,0.0,0.0,0.0,2002,radio,0.5
5,1,lr5e-05_bs16_modL1_fusion64_fusionL1_drop0p1_trmiss50_trlocradio,16,5e-05,1,64,1,0.1,lr5e-05_bs16_modL1_fusion64_fusionL1_drop0p1_trmiss50_trlocradio,40,0.40860195457935333,0.6817814707756042,0.5336134453781513,0.6870678842666152,0.6222222222222222,0.0,0.0,0.0,0.0,0.0,0.0,0.0,0.0,0.0,2002,radio,0.5
5,1,lr5e-05_bs16_modL1_fusion64_fusionL1_drop0p1_trmiss50_trlocradio,16,5e-05,1,64,1,0.1,lr5e-05_bs16_modL1_fusion64_fusionL1_drop0p1_trmiss50_trlocradio,41,0.4452640488743782,0.6790718038876852,0.5525210084033614,0.6950562428337526,0.6222222222222222,0.0,0.0,0.0,0.0,0.0,0.0,0.0,0.0,0.0,2002,radio,0.5
5,1,lr5e-05_bs16_modL1_fusion64_fusionL1_drop0p1_trmiss50_trlocradio,16,5e-05,1,64,1,0.1,lr5e-05_bs16_modL1_fusion64_fusionL1_drop0p1_trmiss50_trlocradio,42,0.4477335214614868,0.6745234926541647,0.5441176470588236,0.6962649122554948,0.6222222222222222,0.0,0.0,0.0,0.0,0.0,0.0,0.0,0.0,0.0,2002,radio,0.5
5,1,lr1e-04_bs16_modL1_fusion32_fusionL1_drop0p2_trmiss50_trlocradio,16,0.0001,1,32,1,0.2,lr1e-04_bs16_modL1_fusion32_fusionL1_drop0p2_trmiss50_trlocradio,1,0.6819978406031927,0.6803514162699381,0.5084033613445378,0.6340227040101903,0.6222222222222222,0.0,0.0,0.0,0.0,0.0,0.0,0.0,0.0,0.0,2002,radio,0.5
5,1,lr1e-04_bs16_modL1_fusion32_fusionL1_drop0p2_trmiss50_trlocradio,16,0.0001,1,32,1,0.2,lr1e-04_bs16_modL1_fusion32_fusionL1_drop0p2_trmiss50_trlocradio,2,0.6641110926866531,0.6825073758761088,0.5147058823529411,0.6321132778230121,0.5777777777777777,0.0,0.0,0.0,0.0,0.0,0.0,0.0,0.0,0.0,2002,radio,0.5
5,1,lr1e-04_bs16_modL1_fusion32_fusionL1_drop0p2_trmiss50_trlocradio,16,0.0001,1,32,1,0.2,lr1e-04_bs16_modL1_fusion32_fusionL1_drop0p2_trmiss50_trlocradio,3,0.6309220890204111,0.687204897403717,0.46218487394957986,0.6050049653173856,0.5333333333333333,0.0,0.0,0.0,0.0,0.0,0.0,0.0,0.0,0.0,2002,radio,0.5
5,1,lr1e-04_bs16_modL1_fusion32_fusionL1_drop0p2_trmiss50_trlocradio,16,0.0001,1,32,1,0.2,lr1e-04_bs16_modL1_fusion32_fusionL1_drop0p2_trmiss50_trlocradio,4,0.6210127274195353,0.6852376659711202,0.476890756302521,0.6050861321520368,0.5333333333333333,0.0,0.0,0.0,0.0,0.0,0.0,0.0,0.0,0.0,2002,radio,0.5
5,1,lr1e-04_bs16_modL1_fusion32_fusionL1_drop0p2_trmiss50_trlocradio,16,0.0001,1,32,1,0.2,lr1e-04_bs16_modL1_fusion32_fusionL1_drop0p2_trmiss50_trlocradio,5,0.5951178123553594,0.6876865029335022,0.47058823529411764,0.6001281651098932,0.5555555555555556,0.0,0.0,0.0,0.0,0.0,0.0,0.0,0.0,0.0,2002,radio,0.5
5,1,lr1e-04_bs16_modL1_fusion32_fusionL1_drop0p2_trmiss50_trlocradio,16,0.0001,1,32,1,0.2,lr1e-04_bs16_modL1_fusion32_fusionL1_drop0p2_trmiss50_trlocradio,6,0.575301597515742,0.6889851689338684,0.49369747899159666,0.6055370672470578,0.5555555555555556,0.0,0.0,0.0,0.0,0.0,0.0,0.0,0.0,0.0,2002,radio,0.5
5,1,lr1e-04_bs16_modL1_fusion32_fusionL1_drop0p2_trmiss50_trlocradio,16,0.0001,1,32,1,0.2,lr1e-04_bs16_modL1_fusion32_fusionL1_drop0p2_trmiss50_trlocradio,7,0.5994447767734528,0.6893483599026998,0.49369747899159666,0.6040909264098381,0.6,0.0,0.0,0.0,0.0,0.0,0.0,0.0,0.0,0.0,2002,radio,0.5
5,1,lr1e-04_bs16_modL1_fusion32_fusionL1_drop0p2_trmiss50_trlocradio,16,0.0001,1,32,1,0.2,lr1e-04_bs16_modL1_fusion32_fusionL1_drop0p2_trmiss50_trlocradio,8,0.6020680864651998,0.6847338477770487,0.5063025210084033,0.610047345212469,0.6222222222222222,0.0,0.0,0.0,0.0,0.0,0.0,0.0,0.0,0.0,2002,radio,0.5
5,1,lr1e-04_bs16_modL1_fusion32_fusionL1_drop0p2_trmiss50_trlocradio,16,0.0001,1,32,1,0.2,lr1e-04_bs16_modL1_fusion32_fusionL1_drop0p2_trmiss50_trlocradio,9,0.5633560741941134,0.6867333253224691,0.4957983193277311,0.6062606614714446,0.6222222222222222,0.0,0.0,0.0,0.0,0.0,0.0,0.0,0.0,0.0,2002,radio,0.5
5,1,lr1e-04_bs16_modL1_fusion32_fusionL1_drop0p2_trmiss50_trlocradio,16,0.0001,1,32,1,0.2,lr1e-04_bs16_modL1_fusion32_fusionL1_drop0p2_trmiss50_trlocradio,10,0.5649361411730448,0.6933113932609558,0.4873949579831933,0.6005979384511898,0.6222222222222222,0.0,0.0,0.0,0.0,0.0,0.0,0.0,0.0,0.0,2002,radio,0.5
5,1,lr1e-04_bs16_modL1_fusion32_fusionL1_drop0p2_trmiss50_trlocradio,16,0.0001,1,32,1,0.2,lr1e-04_bs16_modL1_fusion32_fusionL1_drop0p2_trmiss50_trlocradio,11,0.5782060623168945,0.6939896941184998,0.4684873949579832,0.5940932233355777,0.5777777777777777,0.0,0.0,0.0,0.0,0.0,0.0,0.0,0.0,0.0,2002,radio,0.5
5,1,lr1e-04_bs16_modL1_fusion32_fusionL1_drop0p2_trmiss50_trlocradio,16,0.0001,1,32,1,0.2,lr1e-04_bs16_modL1_fusion32_fusionL1_drop0p2_trmiss50_trlocradio,12,0.5599443167448044,0.6878414352734884,0.4915966386554622,0.6074357755617117,0.5777777777777777,0.0,0.0,0.0,0.0,0.0,0.0,0.0,0.0,0.0,2002,radio,0.5
5,1,lr1e-04_bs16_modL1_fusion32_fusionL1_drop0p2_trmiss50_trlocradio,16,0.0001,1,32,1,0.2,lr1e-04_bs16_modL1_fusion32_fusionL1_drop0p2_trmiss50_trlocradio,13,0.5571986387173334,0.689072827498118,0.4684873949579832,0.6000461524874909,0.5111111111111111,0.0,0.0,0.0,0.0,0.0,0.0,0.0,0.0,0.0,2002,radio,0.5
5,1,lr1e-04_bs16_modL1_fusion32_fusionL1_drop0p2_trmiss50_trlocradio,16,0.0001,1,32,1,0.2,lr1e-04_bs16_modL1_fusion32_fusionL1_drop0p2_trmiss50_trlocradio,14,0.5633133947849274,0.6881450414657593,0.4789915966386555,0.6048062653012399,0.5777777777777777,0.0,0.0,0.0,0.0,0.0,0.0,0.0,0.0,0.0,2002,radio,0.5
5,1,lr1e-04_bs16_modL1_fusion32_fusionL1_drop0p2_trmiss50_trlocradio,16,0.0001,1,32,1,0.2,lr1e-04_bs16_modL1_fusion32_fusionL1_drop0p2_trmiss50_trlocradio,15,0.5197505454222361,0.6896718343098959,0.4894957983193277,0.607813164116786,0.5777777777777777,0.0,0.0,0.0,0.0,0.0,0.0,0.0,0.0,0.0,2002,radio,0.5
5,1,lr1e-04_bs16_modL1_fusion32_fusionL1_drop0p2_trmiss50_trlocradio,16,0.0001,1,32,1,0.2,lr1e-04_bs16_modL1_fusion32_fusionL1_drop0p2_trmiss50_trlocradio,16,0.5208557471632957,0.6925122539202372,0.46638655462184875,0.5971475161534041,0.5333333333333333,0.0,0.0,0.0,0.0,0.0,0.0,0.0,0.0,0.0,2002,radio,0.5
5,1,lr1e-04_bs16_modL1_fusion32_fusionL1_drop0p2_trmiss50_trlocradio,16,0.0001,1,32,1,0.2,lr1e-04_bs16_modL1_fusion32_fusionL1_drop0p2_trmiss50_trlocradio,17,0.5380355467398962,0.6926905314127604,0.48109243697479,0.6042225546836836,0.5555555555555556,0.0,0.0,0.0,0.0,0.0,0.0,0.0,0.0,0.0,2002,radio,0.5
5,1,lr1e-04_bs16_modL1_fusion32_fusionL1_drop0p2_trmiss50_trlocradio,16,0.0001,1,32,1,0.2,lr1e-04_bs16_modL1_fusion32_fusionL1_drop0p2_trmiss50_trlocradio,18,0.5396560505032539,0.6963594357172648,0.4726890756302521,0.5964697895288815,0.5333333333333333,0.0,0.0,0.0,0.0,0.0,0.0,0.0,0.0,0.0,2002,radio,0.5
5,1,lr1e-04_bs16_modL1_fusion32_fusionL1_drop0p2_trmiss50_trlocradio,16,0.0001,1,32,1,0.2,lr1e-04_bs16_modL1_fusion32_fusionL1_drop0p2_trmiss50_trlocradio,19,0.5274661580721537,0.6966784596443176,0.476890756302521,0.6019034324903848,0.5333333333333333,0.0,0.0,0.0,0.0,0.0,0.0,0.0,0.0,0.0,2002,radio,0.5
5,1,lr1e-04_bs16_modL1_fusion32_fusionL1_drop0p2_trmiss50_trlocradio,16,0.0001,1,32,1,0.2,lr1e-04_bs16_modL1_fusion32_fusionL1_drop0p2_trmiss50_trlocradio,20,0.5385190496842066,0.6901308496793112,0.4810924369747899,0.6021783797831651,0.6,0.0,0.0,0.0,0.0,0.0,0.0,0.0,0.0,0.0,2002,radio,0.5
5,1,lr1e-04_bs16_modL1_fusion32_fusionL1_drop0p2_trmiss50_trlocradio,16,0.0001,1,32,1,0.2,lr1e-04_bs16_modL1_fusion32_fusionL1_drop0p2_trmiss50_trlocradio,21,0.5184422681728998,0.691810409228007,0.47478991596638653,0.601128920607812,0.5555555555555556,0.0,0.0,0.0,0.0,0.0,0.0,0.0,0.0,0.0,2002,radio,0.5
5,1,lr1e-04_bs16_modL1_fusion32_fusionL1_drop0p2_trmiss50_trlocradio,16,0.0001,1,32,1,0.2,lr1e-04_bs16_modL1_fusion32_fusionL1_drop0p2_trmiss50_trlocradio,22,0.522308923304081,0.6963048378626505,0.46638655462184875,0.5955009999002479,0.5111111111111111,0.0,0.0,0.0,0.0,0.0,0.0,0.0,0.0,0.0,2002,radio,0.5
5,1,lr1e-04_bs16_modL1_fusion32_fusionL1_drop0p2_trmiss50_trlocradio,16,0.0001,1,32,1,0.2,lr1e-04_bs16_modL1_fusion32_fusionL1_drop0p2_trmiss50_trlocradio,23,0.5136237591505051,0.6976229945818583,0.4579831932773109,0.5927131223401524,0.5333333333333333,0.0,0.0,0.0,0.0,0.0,0.0,0.0,0.0,0.0,2002,radio,0.5
5,1,lr1e-04_bs16_modL1_fusion32_fusionL1_drop0p2_trmiss50_trlocradio,16,0.0001,1,32,1,0.2,lr1e-04_bs16_modL1_fusion32_fusionL1_drop0p2_trmiss50_trlocradio,24,0.5311506340901057,0.6969138383865356,0.4600840336134454,0.5949633506242599,0.5111111111111111,0.0,0.0,0.0,0.0,0.0,0.0,0.0,0.0,0.0,2002,radio,0.5
5,1,lr1e-04_bs16_modL1_fusion32_fusionL1_drop0p2_trmiss50_trlocradio,16,0.0001,1,32,1,0.2,lr1e-04_bs16_modL1_fusion32_fusionL1_drop0p2_trmiss50_trlocradio,25,0.5352773517370224,0.6979925831158956,0.47058823529411764,0.5987158865171467,0.5555555555555556,0.0,0.0,0.0,0.0,0.0,0.0,0.0,0.0,0.0,2002,radio,0.5
5,1,lr1e-04_bs16_modL1_fusion32_fusionL1_drop0p2_trmiss50_trlocradio,16,0.0001,1,32,1,0.2,lr1e-04_bs16_modL1_fusion32_fusionL1_drop0p2_trmiss50_trlocradio,26,0.5018400897582372,0.6969286203384399,0.4579831932773109,0.592681910840444,0.5111111111111111,0.0,0.0,0.0,0.0,0.0,0.0,0.0,0.0,0.0,2002,radio,0.5
5,1,lr1e-04_bs16_modL1_fusion32_fusionL1_drop0p2_trmiss50_trlocradio,16,0.0001,1,32,1,0.2,lr1e-04_bs16_modL1_fusion32_fusionL1_drop0p2_trmiss50_trlocradio,27,0.5258014872670174,0.7044732968012491,0.4474789915966387,0.5890161653044422,0.4888888888888889,0.0,0.0,0.0,0.0,0.0,0.0,0.0,0.0,0.0,2002,radio,0.5
5,1,lr1e-04_bs16_modL1_fusion32_fusionL1_drop0p2_trmiss50_trlocradio,16,0.0001,1,32,1,0.2,lr1e-04_bs16_modL1_fusion32_fusionL1_drop0p2_trmiss50_trlocradio,28,0.4941369369626045,0.6925202409426371,0.4600840336134454,0.5954184544432707,0.5333333333333333,0.0,0.0,0.0,0.0,0.0,0.0,0.0,0.0,0.0,2002,radio,0.5
5,1,lr1e-04_bs16_modL1_fusion32_fusionL1_drop0p1_trmiss50_trlocradio,16,0.0001,1,32,1,0.1,lr1e-04_bs16_modL1_fusion32_fusionL1_drop0p1_trmiss50_trlocradio,1,0.7221100380023321,0.7175563375155131,0.4138655462184874,0.6170385692387564,0.4222222222222222,0.0,0.0,0.0,0.0,0.0,0.0,0.0,0.0,0.0,2002,radio,0.5
5,1,lr1e-04_bs16_modL1_fusion32_fusionL1_drop0p1_trmiss50_trlocradio,16,0.0001,1,32,1,0.1,lr1e-04_bs16_modL1_fusion32_fusionL1_drop0p1_trmiss50_trlocradio,2,0.6676085541645685,0.7181070248285929,0.4663865546218488,0.6355144023545003,0.4666666666666667,0.0,0.0,0.0,0.0,0.0,0.0,0.0,0.0,0.0,2002,radio,0.5
5,1,lr1e-04_bs16_modL1_fusion32_fusionL1_drop0p1_trmiss50_trlocradio,16,0.0001,1,32,1,0.1,lr1e-04_bs16_modL1_fusion32_fusionL1_drop0p1_trmiss50_trlocradio,3,0.6408548653125763,0.7152378956476847,0.4915966386554622,0.6530270090745328,0.5111111111111111,0.0,0.0,0.0,0.0,0.0,0.0,0.0,0.0,0.0,2002,radio,0.5
5,1,lr1e-04_bs16_modL1_fusion32_fusionL1_drop0p1_trmiss50_trlocradio,16,0.0001,1,32,1,0.1,lr1e-04_bs16_modL1_fusion32_fusionL1_drop0p1_trmiss50_trlocradio,4,0.594141443570455,0.7098384698232015,0.4726890756302521,0.6473028031857058,0.4666666666666667,0.0,0.0,0.0,0.0,0.0,0.0,0.0,0.0,0.0,2002,radio,0.5
5,1,lr1e-04_bs16_modL1_fusion32_fusionL1_drop0p1_trmiss50_trlocradio,16,0.0001,1,32,1,0.1,lr1e-04_bs16_modL1_fusion32_fusionL1_drop0p1_trmiss50_trlocradio,5,0.5867725064357122,0.7164263129234314,0.4705882352941177,0.6451570322899348,0.5111111111111111,0.0,0.0,0.0,0.0,0.0,0.0,0.0,0.0,0.0,2002,radio,0.5
5,1,lr1e-04_bs16_modL1_fusion32_fusionL1_drop0p1_trmiss50_trlocradio,16,0.0001,1,32,1,0.1,lr1e-04_bs16_modL1_fusion32_fusionL1_drop0p1_trmiss50_trlocradio,6,0.564676952858766,0.710573136806488,0.5042016806722689,0.6653991971961926,0.4888888888888889,0.0,0.0,0.0,0.0,0.0,0.0,0.0,0.0,0.0,2002,radio,0.5
5,1,lr1e-04_bs16_modL1_fusion32_fusionL1_drop0p1_trmiss50_trlocradio,16,0.0001,1,32,1,0.1,lr1e-04_bs16_modL1_fusion32_fusionL1_drop0p1_trmiss50_trlocradio,7,0.5441228995720545,0.7015557289123535,0.5294117647058824,0.6902754841300123,0.4888888888888889,0.0,0.0,0.0,0.0,0.0,0.0,0.0,0.0,0.0,2002,radio,0.5
5,1,lr1e-04_bs16_modL1_fusion32_fusionL1_drop0p1_trmiss50_trlocradio,16,0.0001,1,32,1,0.1,lr1e-04_bs16_modL1_fusion32_fusionL1_drop0p1_trmiss50_trlocradio,8,0.5105191568533579,0.6914587616920471,0.5273109243697479,0.6832624097103387,0.4888888888888889,0.0,0.0,0.0,0.0,0.0,0.0,0.0,0.0,0.0,2002,radio,0.5
5,1,lr1e-04_bs16_modL1_fusion32_fusionL1_drop0p1_trmiss50_trlocradio,16,0.0001,1,32,1,0.1,lr1e-04_bs16_modL1_fusion32_fusionL1_drop0p1_trmiss50_trlocradio,9,0.5028931697209676,0.6955742041269938,0.5420168067226891,0.6945883082844002,0.4666666666666667,0.0,0.0,0.0,0.0,0.0,0.0,0.0,0.0,0.0,2002,radio,0.5
5,1,lr1e-04_bs16_modL1_fusion32_fusionL1_drop0p1_trmiss50_trlocradio,16,0.0001,1,32,1,0.1,lr1e-04_bs16_modL1_fusion32_fusionL1_drop0p1_trmiss50_trlocradio,10,0.4947481155395508,0.6921790440877279,0.5567226890756303,0.6991178143049128,0.4888888888888889,0.0,0.0,0.0,0.0,0.0,0.0,0.0,0.0,0.0,2002,radio,0.5
5,1,lr1e-04_bs16_modL1_fusion32_fusionL1_drop0p1_trmiss50_trlocradio,16,0.0001,1,32,1,0.1,lr1e-04_bs16_modL1_fusion32_fusionL1_drop0p1_trmiss50_trlocradio,11,0.471835936109225,0.6983611385027567,0.5357142857142857,0.6884159060673305,0.5111111111111111,0.0,0.0,0.0,0.0,0.0,0.0,0.0,0.0,0.0,2002,radio,0.5
5,1,lr1e-04_bs16_modL1_fusion32_fusionL1_drop0p1_trmiss50_trlocradio,16,0.0001,1,32,1,0.1,lr1e-04_bs16_modL1_fusion32_fusionL1_drop0p1_trmiss50_trlocradio,12,0.499331459403038,0.7015989025433859,0.5504201680672269,0.6990312736040789,0.4444444444444444,0.0,0.0,0.0,0.0,0.0,0.0,0.0,0.0,0.0,2002,radio,0.5
5,1,lr1e-04_bs16_modL1_fusion32_fusionL1_drop0p1_trmiss50_trlocradio,16,0.0001,1,32,1,0.1,lr1e-04_bs16_modL1_fusion32_fusionL1_drop0p1_trmiss50_trlocradio,13,0.46015402923027676,0.6926993727684021,0.5735294117647058,0.7094213178877973,0.5111111111111111,0.0,0.0,0.0,0.0,0.0,0.0,0.0,0.0,0.0,2002,radio,0.5
5,1,lr1e-04_bs16_modL1_fusion32_fusionL1_drop0p1_trmiss50_trlocradio,16,0.0001,1,32,1,0.1,lr1e-04_bs16_modL1_fusion32_fusionL1_drop0p1_trmiss50_trlocradio,14,0.45383623739083606,0.6841721932093302,0.5798319327731093,0.7014133919004353,0.5111111111111111,0.0,0.0,0.0,0.0,0.0,0.0,0.0,0.0,0.0,2002,radio,0.5
5,1,lr1e-04_bs16_modL1_fusion32_fusionL1_drop0p1_trmiss50_trlocradio,16,0.0001,1,32,1,0.1,lr1e-04_bs16_modL1_fusion32_fusionL1_drop0p1_trmiss50_trlocradio,15,0.4329541549086571,0.6820038755734762,0.5693277310924371,0.7001023035022708,0.6,0.0,0.0,0.0,0.0,0.0,0.0,0.0,0.0,0.0,2002,radio,0.5
5,1,lr1e-04_bs16_modL1_fusion32_fusionL1_drop0p1_trmiss50_trlocradio,16,0.0001,1,32,1,0.1,lr1e-04_bs16_modL1_fusion32_fusionL1_drop0p1_trmiss50_trlocradio,16,0.4097878709435463,0.6990266839663187,0.5504201680672268,0.6708006035667252,0.5333333333333333,0.0,0.0,0.0,0.0,0.0,0.0,0.0,0.0,0.0,2002,radio,0.5
5,1,lr1e-04_bs16_modL1_fusion32_fusionL1_drop0p1_trmiss50_trlocradio,16,0.0001,1,32,1,0.1,lr1e-04_bs16_modL1_fusion32_fusionL1_drop0p1_trmiss50_trlocradio,17,0.4098222777247429,0.681922455628713,0.5819327731092437,0.7033757213703227,0.5777777777777777,0.0,0.0,0.0,0.0,0.0,0.0,0.0,0.0,0.0,2002,radio,0.5
5,1,lr1e-04_bs16_modL1_fusion32_fusionL1_drop0p1_trmiss50_trlocradio,16,0.0001,1,32,1,0.1,lr1e-04_bs16_modL1_fusion32_fusionL1_drop0p1_trmiss50_trlocradio,18,0.3911798472205798,0.6854926745096842,0.5651260504201681,0.6897152321926884,0.5555555555555556,0.0,0.0,0.0,0.0,0.0,0.0,0.0,0.0,0.0,2002,radio,0.5
5,1,lr1e-04_bs16_modL1_fusion32_fusionL1_drop0p1_trmiss50_trlocradio,16,0.0001,1,32,1,0.1,lr1e-04_bs16_modL1_fusion32_fusionL1_drop0p1_trmiss50_trlocradio,19,0.37414610385894775,0.7079578042030334,0.5315126050420168,0.6496447350476494,0.5333333333333333,0.0,0.0,0.0,0.0,0.0,0.0,0.0,0.0,0.0,2002,radio,0.5
5,1,lr1e-04_bs16_modL1_fusion32_fusionL1_drop0p1_trmiss50_trlocradio,16,0.0001,1,32,1,0.1,lr1e-04_bs16_modL1_fusion32_fusionL1_drop0p1_trmiss50_trlocradio,20,0.3668016294638316,0.7113173206647238,0.5147058823529411,0.6415912185626524,0.4888888888888889,0.0,0.0,0.0,0.0,0.0,0.0,0.0,0.0,0.0,2002,radio,0.5
5,1,lr1e-04_bs16_modL1_fusion32_fusionL1_drop0p1_trmiss50_trlocradio,16,0.0001,1,32,1,0.1,lr1e-04_bs16_modL1_fusion32_fusionL1_drop0p1_trmiss50_trlocradio,21,0.36196290453275043,0.7050909002621969,0.5504201680672269,0.6633456247676653,0.5333333333333333,0.0,0.0,0.0,0.0,0.0,0.0,0.0,0.0,0.0,2002,radio,0.5
5,1,lr1e-04_bs16_modL1_fusion32_fusionL1_drop0p1_trmiss50_trlocradio,16,0.0001,1,32,1,0.1,lr1e-04_bs16_modL1_fusion32_fusionL1_drop0p1_trmiss50_trlocradio,22,0.37233687688906986,0.7070895433425903,0.5357142857142858,0.6517966087623702,0.5333333333333333,0.0,0.0,0.0,0.0,0.0,0.0,0.0,0.0,0.0,2002,radio,0.5
5,1,lr1e-04_bs16_modL1_fusion32_fusionL1_drop0p1_trmiss50_trlocradio,16,0.0001,1,32,1,0.1,lr1e-04_bs16_modL1_fusion32_fusionL1_drop0p1_trmiss50_trlocradio,23,0.3734890967607498,0.6957574089368185,0.5336134453781513,0.6558203132207728,0.5111111111111111,0.0,0.0,0.0,0.0,0.0,0.0,0.0,0.0,0.0,2002,radio,0.5
5,1,lr1e-04_bs16_modL1_fusion32_fusionL1_drop0p1_trmiss50_trlocradio,16,0.0001,1,32,1,0.1,lr1e-04_bs16_modL1_fusion32_fusionL1_drop0p1_trmiss50_trlocradio,24,0.3372878183921178,0.6964160998662313,0.5357142857142857,0.6506899828509969,0.5111111111111111,0.0,0.0,0.0,0.0,0.0,0.0,0.0,0.0,0.0,2002,radio,0.5
5,1,lr1e-04_bs16_modL1_fusion32_fusionL1_drop0p1_trmiss50_trlocradio,16,0.0001,1,32,1,0.1,lr1e-04_bs16_modL1_fusion32_fusionL1_drop0p1_trmiss50_trlocradio,25,0.3570755620797475,0.6904938817024231,0.5399159663865547,0.6624722161990316,0.5111111111111111,0.0,0.0,0.0,0.0,0.0,0.0,0.0,0.0,0.0,2002,radio,0.5
5,1,lr1e-04_bs16_modL1_fusion32_fusionL1_drop0p1_trmiss50_trlocradio,16,0.0001,1,32,1,0.1,lr1e-04_bs16_modL1_fusion32_fusionL1_drop0p1_trmiss50_trlocradio,26,0.34505272408326465,0.6956290404001871,0.5483193277310925,0.6686482101263564,0.5333333333333333,0.0,0.0,0.0,0.0,0.0,0.0,0.0,0.0,0.0,2002,radio,0.5
5,1,lr1e-04_bs16_modL1_fusion32_fusionL1_drop0p1_trmiss50_trlocradio,16,0.0001,1,32,1,0.1,lr1e-04_bs16_modL1_fusion32_fusionL1_drop0p1_trmiss50_trlocradio,27,0.3121291473507881,0.6981580853462219,0.5567226890756303,0.6690923314009555,0.5555555555555556,0.0,0.0,0.0,0.0,0.0,0.0,0.0,0.0,0.0,2002,radio,0.5
5,1,lr1e-04_bs16_modL1_fusion32_fusionL1_drop0p1_trmiss50_trlocradio,16,0.0001,1,32,1,0.1,lr1e-04_bs16_modL1_fusion32_fusionL1_drop0p1_trmiss50_trlocradio,28,0.3245914652943611,0.6960558295249939,0.5546218487394958,0.6602749038076009,0.5555555555555556,0.0,0.0,0.0,0.0,0.0,0.0,0.0,0.0,0.0,2002,radio,0.5
5,1,lr1e-04_bs16_modL1_fusion32_fusionL1_drop0p1_trmiss50_trlocradio,16,0.0001,1,32,1,0.1,lr1e-04_bs16_modL1_fusion32_fusionL1_drop0p1_trmiss50_trlocradio,29,0.38017502675453824,0.712885836760203,0.5546218487394958,0.6631794794656184,0.5111111111111111,0.0,0.0,0.0,0.0,0.0,0.0,0.0,0.0,0.0,2002,radio,0.5
5,1,lr1e-04_bs16_modL1_fusion32_fusionL1_drop0p1_trmiss50_trlocradio,16,0.0001,1,32,1,0.1,lr1e-04_bs16_modL1_fusion32_fusionL1_drop0p1_trmiss50_trlocradio,30,0.30938491970300674,0.6924634973208109,0.5504201680672268,0.6669637018560338,0.5777777777777777,0.0,0.0,0.0,0.0,0.0,0.0,0.0,0.0,0.0,2002,radio,0.5
5,1,lr1e-04_bs16_modL1_fusion32_fusionL1_drop0p1_trmiss50_trlocradio,16,0.0001,1,32,1,0.1,lr1e-04_bs16_modL1_fusion32_fusionL1_drop0p1_trmiss50_trlocradio,31,0.3148728335897128,0.696985145409902,0.5483193277310925,0.6688131461493094,0.5555555555555556,0.0,0.0,0.0,0.0,0.0,0.0,0.0,0.0,0.0,2002,radio,0.5
5,1,lr1e-04_bs16_modL1_fusion32_fusionL1_drop0p1_trmiss50_trlocradio,16,0.0001,1,32,1,0.1,lr1e-04_bs16_modL1_fusion32_fusionL1_drop0p1_trmiss50_trlocradio,32,0.29618972291549045,0.6875120600064596,0.5525210084033614,0.6689120530676642,0.5777777777777777,0.0,0.0,0.0,0.0,0.0,0.0,0.0,0.0,0.0,2002,radio,0.5
5,1,lr1e-04_bs16_modL1_fusion32_fusionL1_drop0p1_trmiss50_trlocradio,16,0.0001,1,32,1,0.1,lr1e-04_bs16_modL1_fusion32_fusionL1_drop0p1_trmiss50_trlocradio,33,0.32444674024979275,0.7065407037734985,0.5420168067226891,0.6607722977229399,0.5333333333333333,0.0,0.0,0.0,0.0,0.0,0.0,0.0,0.0,0.0,2002,radio,0.5
5,1,lr1e-04_bs16_modL1_fusion32_fusionL1_drop0p1_trmiss50_trlocradio,16,0.0001,1,32,1,0.1,lr1e-04_bs16_modL1_fusion32_fusionL1_drop0p1_trmiss50_trlocradio,34,0.3185688530405362,0.7031015555063883,0.5672268907563025,0.672657471452251,0.5777777777777777,0.0,0.0,0.0,0.0,0.0,0.0,0.0,0.0,0.0,2002,radio,0.5
5,1,lr1e-04_bs16_modL1_fusion32_fusionL1_drop0p1_trmiss50_trlocradio,16,0.0001,1,32,1,0.1,lr1e-04_bs16_modL1_fusion32_fusionL1_drop0p1_trmiss50_trlocradio,35,0.3064597149689992,0.7031784256299337,0.5609243697478992,0.6749233535787617,0.5555555555555556,0.0,0.0,0.0,0.0,0.0,0.0,0.0,0.0,0.0,2002,radio,0.5
5,1,lr1e-04_bs16_modL1_fusion32_fusionL1_drop0p1_trmiss50_trlocradio,16,0.0001,1,32,1,0.1,lr1e-04_bs16_modL1_fusion32_fusionL1_drop0p1_trmiss50_trlocradio,36,0.3098439003030459,0.6991388201713562,0.5798319327731092,0.6845739046922136,0.5777777777777777,0.0,0.0,0.0,0.0,0.0,0.0,0.0,0.0,0.0,2002,radio,0.5
5,1,lr1e-04_bs16_modL1_fusion32_fusionL1_drop0p1_trmiss50_trlocradio,16,0.0001,1,32,1,0.1,lr1e-04_bs16_modL1_fusion32_fusionL1_drop0p1_trmiss50_trlocradio,37,0.29257042954365414,0.6876806219418844,0.5840336134453781,0.6880627752978318,0.5777777777777777,0.0,0.0,0.0,0.0,0.0,0.0,0.0,0.0,0.0,2002,radio,0.5
5,1,lr1e-04_bs16_modL1_fusion32_fusionL1_drop0p1_trmiss50_trlocradio,16,0.0001,1,32,1,0.1,lr1e-04_bs16_modL1_fusion32_fusionL1_drop0p1_trmiss50_trlocradio,38,0.307809479534626,0.6879873871803284,0.5714285714285714,0.6747885054227881,0.5777777777777777,0.0,0.0,0.0,0.0,0.0,0.0,0.0,0.0,0.0,2002,radio,0.5
5,1,lr1e-04_bs16_modL1_fusion32_fusionL1_drop0p1_trmiss50_trlocradio,16,0.0001,1,32,1,0.1,lr1e-04_bs16_modL1_fusion32_fusionL1_drop0p1_trmiss50_trlocradio,39,0.3113010873397191,0.6874984502792358,0.5651260504201681,0.6666386015497701,0.6,0.0,0.0,0.0,0.0,0.0,0.0,0.0,0.0,0.0,2002,radio,0.5
5,1,lr1e-04_bs16_modL1_fusion32_fusionL1_drop0p1_trmiss50_trlocradio,16,0.0001,1,32,1,0.1,lr1e-04_bs16_modL1_fusion32_fusionL1_drop0p1_trmiss50_trlocradio,40,0.3017495969931285,0.699435293674469,0.569327731092437,0.6770456471818936,0.5555555555555556,0.0,0.0,0.0,0.0,0.0,0.0,0.0,0.0,0.0,2002,radio,0.5
5,1,lr1e-04_bs16_modL1_fusion32_fusionL1_drop0p1_trmiss50_trlocradio,16,0.0001,1,32,1,0.1,lr1e-04_bs16_modL1_fusion32_fusionL1_drop0p1_trmiss50_trlocradio,41,0.3086469347278277,0.7025576233863831,0.5714285714285714,0.6785810061420646,0.5555555555555556,0.0,0.0,0.0,0.0,0.0,0.0,0.0,0.0,0.0,2002,radio,0.5
5,1,lr1e-04_bs16_modL1_fusion32_fusionL1_drop0p1_trmiss50_trlocradio,16,0.0001,1,32,1,0.1,lr1e-04_bs16_modL1_fusion32_fusionL1_drop0p1_trmiss50_trlocradio,42,0.3047115082542102,0.6925476392110189,0.5714285714285714,0.6765140669949599,0.5777777777777777,0.0,0.0,0.0,0.0,0.0,0.0,0.0,0.0,0.0,2002,radio,0.5
5,1,lr1e-04_bs16_modL1_fusion32_fusionL1_drop0p1_trmiss50_trlocradio,16,0.0001,1,32,1,0.1,lr1e-04_bs16_modL1_fusion32_fusionL1_drop0p1_trmiss50_trlocradio,43,0.29930781324704486,0.6954679290453593,0.5714285714285714,0.6674020170025492,0.5777777777777777,0.0,0.0,0.0,0.0,0.0,0.0,0.0,0.0,0.0,2002,radio,0.5
5,1,lr1e-04_bs16_modL1_fusion32_fusionL1_drop0p1_trmiss50_trlocradio,16,0.0001,1,32,1,0.1,lr1e-04_bs16_modL1_fusion32_fusionL1_drop0p1_trmiss50_trlocradio,44,0.3286899079879125,0.7002930243810018,0.5714285714285714,0.6762602154543437,0.5333333333333333,0.0,0.0,0.0,0.0,0.0,0.0,0.0,0.0,0.0,2002,radio,0.5
5,1,lr1e-04_bs16_modL1_fusion32_fusionL1_drop0p1_trmiss50_trlocradio,16,0.0001,1,32,1,0.1,lr1e-04_bs16_modL1_fusion32_fusionL1_drop0p1_trmiss50_trlocradio,45,0.30803639193375904,0.7100368738174438,0.5609243697478992,0.6712158719701505,0.5555555555555556,0.0,0.0,0.0,0.0,0.0,0.0,0.0,0.0,0.0,2002,radio,0.5
5,1,lr1e-04_bs16_modL1_fusion32_fusionL1_drop0p1_trmiss50_trlocradio,16,0.0001,1,32,1,0.1,lr1e-04_bs16_modL1_fusion32_fusionL1_drop0p1_trmiss50_trlocradio,46,0.28762705872456235,0.7018844882647196,0.5609243697478992,0.673129137276273,0.5555555555555556,0.0,0.0,0.0,0.0,0.0,0.0,0.0,0.0,0.0,2002,radio,0.5
5,1,lr1e-04_bs16_modL1_fusion32_fusionL1_drop0p1_trmiss50_trlocradio,16,0.0001,1,32,1,0.1,lr1e-04_bs16_modL1_fusion32_fusionL1_drop0p1_trmiss50_trlocradio,47,0.3069064940015475,0.7041049599647522,0.5588235294117647,0.6738651134849383,0.5555555555555556,0.0,0.0,0.0,0.0,0.0,0.0,0.0,0.0,0.0,2002,radio,0.5
5,1,lr1e-04_bs16_modL1_fusion32_fusionL1_drop0p1_trmiss50_trlocradio,16,0.0001,1,32,1,0.1,lr1e-04_bs16_modL1_fusion32_fusionL1_drop0p1_trmiss50_trlocradio,48,0.30860187485814095,0.6907596190770467,0.5567226890756303,0.6732510193624408,0.6,0.0,0.0,0.0,0.0,0.0,0.0,0.0,0.0,0.0,2002,radio,0.5
5,1,lr1e-04_bs16_modL1_fusion32_fusionL1_drop0p1_trmiss50_trlocradio,16,0.0001,1,32,1,0.1,lr1e-04_bs16_modL1_fusion32_fusionL1_drop0p1_trmiss50_trlocradio,49,0.3210742771625519,0.706037680308024,0.5672268907563025,0.6767563160538277,0.5333333333333333,0.0,0.0,0.0,0.0,0.0,0.0,0.0,0.0,0.0,2002,radio,0.5
5,1,lr1e-04_bs16_modL1_fusion32_fusionL1_drop0p1_trmiss50_trlocradio,16,0.0001,1,32,1,0.1,lr1e-04_bs16_modL1_fusion32_fusionL1_drop0p1_trmiss50_trlocradio,50,0.34629253298044205,0.6981812516848246,0.5567226890756303,0.6691325386368171,0.5777777777777777,0.0,0.0,0.0,0.0,0.0,0.0,0.0,0.0,0.0,2002,radio,0.5
5,1,lr1e-04_bs16_modL1_fusion32_fusionL1_drop0p1_trmiss50_trlocradio,16,0.0001,1,32,1,0.1,lr1e-04_bs16_modL1_fusion32_fusionL1_drop0p1_trmiss50_trlocradio,51,0.3062563141187032,0.7074877818425497,0.569327731092437,0.6764445236273736,0.5555555555555556,0.0,0.0,0.0,0.0,0.0,0.0,0.0,0.0,0.0,2002,radio,0.5
5,1,lr1e-04_bs16_modL1_fusion32_fusionL1_drop0p1_trmiss50_trlocradio,16,0.0001,1,32,1,0.1,lr1e-04_bs16_modL1_fusion32_fusionL1_drop0p1_trmiss50_trlocradio,52,0.3197776178518931,0.7043298681577047,0.5567226890756303,0.6697014443600261,0.5555555555555556,0.0,0.0,0.0,0.0,0.0,0.0,0.0,0.0,0.0,2002,radio,0.5
5,1,lr1e-04_bs16_modL1_fusion32_fusionL1_drop0p1_trmiss50_trlocradio,16,0.0001,1,32,1,0.1,lr1e-04_bs16_modL1_fusion32_fusionL1_drop0p1_trmiss50_trlocradio,53,0.2949204072356224,0.701348880926768,0.5588235294117647,0.6743705987731524,0.5555555555555556,0.0,0.0,0.0,0.0,0.0,0.0,0.0,0.0,0.0,2002,radio,0.5
5,1,lr1e-04_bs16_modL1_fusion32_fusionL1_drop0p1_trmiss50_trlocradio,16,0.0001,1,32,1,0.1,lr1e-04_bs16_modL1_fusion32_fusionL1_drop0p1_trmiss50_trlocradio,54,0.322215015689532,0.6860629320144653,0.5567226890756303,0.6668858776119607,0.6,0.0,0.0,0.0,0.0,0.0,0.0,0.0,0.0,0.0,2002,radio,0.5
5,1,lr1e-04_bs16_modL1_fusion32_fusionL1_drop0p1_trmiss50_trlocradio,16,0.0001,1,32,1,0.1,lr1e-04_bs16_modL1_fusion32_fusionL1_drop0p1_trmiss50_trlocradio,55,0.29118770609299344,0.6933749516805013,0.5588235294117647,0.6633268674740033,0.6,0.0,0.0,0.0,0.0,0.0,0.0,0.0,0.0,0.0,2002,radio,0.5
5,1,lr1e-04_bs16_modL1_fusion32_fusionL1_drop0p1_trmiss50_trlocradio,16,0.0001,1,32,1,0.1,lr1e-04_bs16_modL1_fusion32_fusionL1_drop0p1_trmiss50_trlocradio,56,0.31530878444512683,0.6996108889579773,0.5651260504201681,0.6791321185435751,0.5555555555555556,0.0,0.0,0.0,0.0,0.0,0.0,0.0,0.0,0.0,2002,radio,0.5
5,1,lr1e-04_bs16_modL1_fusion32_fusionL1_drop0p1_trmiss50_trlocradio,16,0.0001,1,32,1,0.1,lr1e-04_bs16_modL1_fusion32_fusionL1_drop0p1_trmiss50_trlocradio,57,0.2888488471508026,0.6950297554334005,0.5630252100840336,0.6784050365575902,0.6,0.0,0.0,0.0,0.0,0.0,0.0,0.0,0.0,0.0,2002,radio,0.5
5,1,lr1e-04_bs16_modL1_fusion64_fusionL1_drop0p2_trmiss50_trlocradio,16,0.0001,1,64,1,0.2,lr1e-04_bs16_modL1_fusion64_fusionL1_drop0p2_trmiss50_trlocradio,1,0.6912834992011389,0.6892292499542236,0.3970588235294118,0.5956375537204084,0.5777777777777777,0.0,0.0,0.0,0.0,0.0,0.0,0.0,0.0,0.0,2002,radio,0.5
5,1,lr1e-04_bs16_modL1_fusion64_fusionL1_drop0p2_trmiss50_trlocradio,16,0.0001,1,64,1,0.2,lr1e-04_bs16_modL1_fusion64_fusionL1_drop0p2_trmiss50_trlocradio,2,0.6609848290681839,0.691971222559611,0.39915966386554624,0.5986550889584085,0.5777777777777777,0.0,0.0,0.0,0.0,0.0,0.0,0.0,0.0,0.0,2002,radio,0.5
5,1,lr1e-04_bs16_modL1_fusion64_fusionL1_drop0p2_trmiss50_trlocradio,16,0.0001,1,64,1,0.2,lr1e-04_bs16_modL1_fusion64_fusionL1_drop0p2_trmiss50_trlocradio,3,0.6189974447091421,0.6802400946617126,0.4495798319327731,0.6316272553032617,0.6444444444444445,0.0,0.0,0.0,0.0,0.0,0.0,0.0,0.0,0.0,2002,radio,0.5
5,1,lr1e-04_bs16_modL1_fusion64_fusionL1_drop0p2_trmiss50_trlocradio,16,0.0001,1,64,1,0.2,lr1e-04_bs16_modL1_fusion64_fusionL1_drop0p2_trmiss50_trlocradio,4,0.6107403015096983,0.6880917549133301,0.4327731092436975,0.6215144736656737,0.5777777777777777,0.0,0.0,0.0,0.0,0.0,0.0,0.0,0.0,0.0,2002,radio,0.5
5,1,lr1e-04_bs16_modL1_fusion64_fusionL1_drop0p2_trmiss50_trlocradio,16,0.0001,1,64,1,0.2,lr1e-04_bs16_modL1_fusion64_fusionL1_drop0p2_trmiss50_trlocradio,5,0.5905216758449873,0.6986883481343588,0.39495798319327735,0.5961029241233086,0.5555555555555556,0.0,0.0,0.0,0.0,0.0,0.0,0.0,0.0,0.0,2002,radio,0.5
5,1,lr1e-04_bs16_modL1_fusion64_fusionL1_drop0p2_trmiss50_trlocradio,16,0.0001,1,64,1,0.2,lr1e-04_bs16_modL1_fusion64_fusionL1_drop0p2_trmiss50_trlocradio,6,0.6013713280359904,0.6916044354438782,0.4243697478991597,0.629405817829929,0.4888888888888889,0.0,0.0,0.0,0.0,0.0,0.0,0.0,0.0,0.0,2002,radio,0.5
5,1,lr1e-04_bs16_modL1_fusion64_fusionL1_drop0p2_trmiss50_trlocradio,16,0.0001,1,64,1,0.2,lr1e-04_bs16_modL1_fusion64_fusionL1_drop0p2_trmiss50_trlocradio,7,0.5701891283194224,0.686912457148234,0.4558823529411765,0.6519476426035513,0.5555555555555556,0.0,0.0,0.0,0.0,0.0,0.0,0.0,0.0,0.0,2002,radio,0.5
5,1,lr1e-04_bs16_modL1_fusion64_fusionL1_drop0p2_trmiss50_trlocradio,16,0.0001,1,64,1,0.2,lr1e-04_bs16_modL1_fusion64_fusionL1_drop0p2_trmiss50_trlocradio,8,0.5371069212754568,0.6840640703837076,0.4411764705882353,0.6225670718626566,0.6,0.0,0.0,0.0,0.0,0.0,0.0,0.0,0.0,0.0,2002,radio,0.5
5,1,lr1e-04_bs16_modL1_fusion64_fusionL1_drop0p2_trmiss50_trlocradio,16,0.0001,1,64,1,0.2,lr1e-04_bs16_modL1_fusion64_fusionL1_drop0p2_trmiss50_trlocradio,9,0.5286492009957632,0.686513364315033,0.4453781512605042,0.6231705496818298,0.6,0.0,0.0,0.0,0.0,0.0,0.0,0.0,0.0,0.0,2002,radio,0.5
5,1,lr1e-04_bs16_modL1_fusion64_fusionL1_drop0p2_trmiss50_trlocradio,16,0.0001,1,64,1,0.2,lr1e-04_bs16_modL1_fusion64_fusionL1_drop0p2_trmiss50_trlocradio,10,0.5125495145718256,0.6832085053126017,0.4684873949579832,0.6576022054139514,0.6222222222222222,0.0,0.0,0.0,0.0,0.0,0.0,0.0,0.0,0.0,2002,radio,0.5
5,1,lr1e-04_bs16_modL1_fusion64_fusionL1_drop0p2_trmiss50_trlocradio,16,0.0001,1,64,1,0.2,lr1e-04_bs16_modL1_fusion64_fusionL1_drop0p2_trmiss50_trlocradio,11,0.5234525352716446,0.6778966188430786,0.4873949579831933,0.663700929618405,0.5555555555555556,0.0,0.0,0.0,0.0,0.0,0.0,0.0,0.0,0.0,2002,radio,0.5
5,1,lr1e-04_bs16_modL1_fusion64_fusionL1_drop0p2_trmiss50_trlocradio,16,0.0001,1,64,1,0.2,lr1e-04_bs16_modL1_fusion64_fusionL1_drop0p2_trmiss50_trlocradio,12,0.5206101338068644,0.684829831123352,0.47689075630252103,0.663130845092386,0.4888888888888889,0.0,0.0,0.0,0.0,0.0,0.0,0.0,0.0,0.0,2002,radio,0.5
5,1,lr1e-04_bs16_modL1_fusion64_fusionL1_drop0p2_trmiss50_trlocradio,16,0.0001,1,64,1,0.2,lr1e-04_bs16_modL1_fusion64_fusionL1_drop0p2_trmiss50_trlocradio,13,0.5278330221772194,0.6921697656313578,0.4453781512605042,0.6296239244975106,0.4666666666666667,0.0,0.0,0.0,0.0,0.0,0.0,0.0,0.0,0.0,2002,radio,0.5
5,1,lr1e-04_bs16_modL1_fusion64_fusionL1_drop0p2_trmiss50_trlocradio,16,0.0001,1,64,1,0.2,lr1e-04_bs16_modL1_fusion64_fusionL1_drop0p2_trmiss50_trlocradio,14,0.5123714581131935,0.6944882869720459,0.4516806722689076,0.6245374654877781,0.4888888888888889,0.0,0.0,0.0,0.0,0.0,0.0,0.0,0.0,0.0,2002,radio,0.5
5,1,lr1e-04_bs16_modL1_fusion64_fusionL1_drop0p2_trmiss50_trlocradio,16,0.0001,1,64,1,0.2,lr1e-04_bs16_modL1_fusion64_fusionL1_drop0p2_trmiss50_trlocradio,15,0.49114083747069043,0.6872374812761942,0.47899159663865554,0.6416891250736481,0.5555555555555556,0.0,0.0,0.0,0.0,0.0,0.0,0.0,0.0,0.0,2002,radio,0.5
5,1,lr1e-04_bs16_modL1_fusion64_fusionL1_drop0p2_trmiss50_trlocradio,16,0.0001,1,64,1,0.2,lr1e-04_bs16_modL1_fusion64_fusionL1_drop0p2_trmiss50_trlocradio,16,0.48836470892031986,0.6816876729329427,0.4852941176470588,0.6456031751445878,0.5333333333333333,0.0,0.0,0.0,0.0,0.0,0.0,0.0,0.0,0.0,2002,radio,0.5
5,1,lr1e-04_bs16_modL1_fusion64_fusionL1_drop0p2_trmiss50_trlocradio,16,0.0001,1,64,1,0.2,lr1e-04_bs16_modL1_fusion64_fusionL1_drop0p2_trmiss50_trlocradio,17,0.48949362089236576,0.6767897407213846,0.5084033613445378,0.6776267702259855,0.5777777777777777,0.0,0.0,0.0,0.0,0.0,0.0,0.0,0.0,0.0,2002,radio,0.5
5,1,lr1e-04_bs16_modL1_fusion64_fusionL1_drop0p2_trmiss50_trlocradio,16,0.0001,1,64,1,0.2,lr1e-04_bs16_modL1_fusion64_fusionL1_drop0p2_trmiss50_trlocradio,18,0.48253777623176575,0.6845451394716898,0.4957983193277311,0.6631819661722512,0.4888888888888889,0.0,0.0,0.0,0.0,0.0,0.0,0.0,0.0,0.0,2002,radio,0.5
5,1,lr1e-04_bs16_modL1_fusion64_fusionL1_drop0p2_trmiss50_trlocradio,16,0.0001,1,64,1,0.2,lr1e-04_bs16_modL1_fusion64_fusionL1_drop0p2_trmiss50_trlocradio,19,0.47007711480061215,0.6833189328511556,0.5084033613445378,0.675386647371748,0.4666666666666667,0.0,0.0,0.0,0.0,0.0,0.0,0.0,0.0,0.0,2002,radio,0.5
5,1,lr1e-04_bs16_modL1_fusion64_fusionL1_drop0p2_trmiss50_trlocradio,16,0.0001,1,64,1,0.2,lr1e-04_bs16_modL1_fusion64_fusionL1_drop0p2_trmiss50_trlocradio,20,0.45961707333723706,0.6798295974731445,0.5252100840336135,0.6788969519209334,0.4666666666666667,0.0,0.0,0.0,0.0,0.0,0.0,0.0,0.0,0.0,2002,radio,0.5
5,1,lr1e-04_bs16_modL1_fusion64_fusionL1_drop0p2_trmiss50_trlocradio,16,0.0001,1,64,1,0.2,lr1e-04_bs16_modL1_fusion64_fusionL1_drop0p2_trmiss50_trlocradio,21,0.4654395307103793,0.6856429974238077,0.5063025210084033,0.6570261243358202,0.4666666666666667,0.0,0.0,0.0,0.0,0.0,0.0,0.0,0.0,0.0,2002,radio,0.5
5,1,lr1e-04_bs16_modL1_fusion64_fusionL1_drop0p2_trmiss50_trlocradio,16,0.0001,1,64,1,0.2,lr1e-04_bs16_modL1_fusion64_fusionL1_drop0p2_trmiss50_trlocradio,22,0.4575924624999364,0.6875242193539938,0.5042016806722689,0.6715909386336323,0.4888888888888889,0.0,0.0,0.0,0.0,0.0,0.0,0.0,0.0,0.0,2002,radio,0.5
5,1,lr1e-04_bs16_modL1_fusion64_fusionL1_drop0p2_trmiss50_trlocradio,16,0.0001,1,64,1,0.2,lr1e-04_bs16_modL1_fusion64_fusionL1_drop0p2_trmiss50_trlocradio,23,0.436600682636102,0.6881258487701416,0.5021008403361344,0.670510271761349,0.4888888888888889,0.0,0.0,0.0,0.0,0.0,0.0,0.0,0.0,0.0,2002,radio,0.5
5,1,lr1e-04_bs16_modL1_fusion64_fusionL1_drop0p2_trmiss50_trlocradio,16,0.0001,1,64,1,0.2,lr1e-04_bs16_modL1_fusion64_fusionL1_drop0p2_trmiss50_trlocradio,24,0.45544243107239407,0.6999998490015665,0.4726890756302521,0.6506622264360037,0.4888888888888889,0.0,0.0,0.0,0.0,0.0,0.0,0.0,0.0,0.0,2002,radio,0.5
5,1,lr1e-04_bs16_modL1_fusion64_fusionL1_drop0p2_trmiss50_trlocradio,16,0.0001,1,64,1,0.2,lr1e-04_bs16_modL1_fusion64_fusionL1_drop0p2_trmiss50_trlocradio,25,0.4532592048247655,0.6959423224131266,0.49159663865546216,0.6547617827384336,0.4888888888888889,0.0,0.0,0.0,0.0,0.0,0.0,0.0,0.0,0.0,2002,radio,0.5
5,1,lr1e-04_bs16_modL1_fusion64_fusionL1_drop0p2_trmiss50_trlocradio,16,0.0001,1,64,1,0.2,lr1e-04_bs16_modL1_fusion64_fusionL1_drop0p2_trmiss50_trlocradio,26,0.43729502707719803,0.6888896425565084,0.5084033613445378,0.6705595334219394,0.5111111111111111,0.0,0.0,0.0,0.0,0.0,0.0,0.0,0.0,0.0,2002,radio,0.5
5,1,lr1e-04_bs16_modL1_fusion64_fusionL1_drop0p2_trmiss50_trlocradio,16,0.0001,1,64,1,0.2,lr1e-04_bs16_modL1_fusion64_fusionL1_drop0p2_trmiss50_trlocradio,27,0.45420167098442715,0.6892447272936503,0.5042016806722689,0.6722068426175526,0.5111111111111111,0.0,0.0,0.0,0.0,0.0,0.0,0.0,0.0,0.0,2002,radio,0.5
5,1,lr1e-04_bs16_modL1_fusion64_fusionL1_drop0p2_trmiss50_trlocradio,16,0.0001,1,64,1,0.2,lr1e-04_bs16_modL1_fusion64_fusionL1_drop0p2_trmiss50_trlocradio,28,0.41934382418791455,0.6871652007102966,0.5210084033613446,0.6798702812991196,0.4888888888888889,0.0,0.0,0.0,0.0,0.0,0.0,0.0,0.0,0.0,2002,radio,0.5
5,1,lr1e-04_bs16_modL1_fusion64_fusionL1_drop0p2_trmiss50_trlocradio,16,0.0001,1,64,1,0.2,lr1e-04_bs16_modL1_fusion64_fusionL1_drop0p2_trmiss50_trlocradio,29,0.4018036375443141,0.6873852411905924,0.5168067226890756,0.6661586000070051,0.5111111111111111,0.0,0.0,0.0,0.0,0.0,0.0,0.0,0.0,0.0,2002,radio,0.5
5,1,lr1e-04_bs16_modL1_fusion64_fusionL1_drop0p2_trmiss50_trlocradio,16,0.0001,1,64,1,0.2,lr1e-04_bs16_modL1_fusion64_fusionL1_drop0p2_trmiss50_trlocradio,30,0.41267843792835873,0.6896689732869467,0.5042016806722689,0.6711727536473198,0.4888888888888889,0.0,0.0,0.0,0.0,0.0,0.0,0.0,0.0,0.0,2002,radio,0.5
5,1,lr1e-04_bs16_modL1_fusion64_fusionL1_drop0p2_trmiss50_trlocradio,16,0.0001,1,64,1,0.2,lr1e-04_bs16_modL1_fusion64_fusionL1_drop0p2_trmiss50_trlocradio,31,0.41317591567834216,0.6889079213142395,0.4957983193277311,0.6675891362538741,0.5333333333333333,0.0,0.0,0.0,0.0,0.0,0.0,0.0,0.0,0.0,2002,radio,0.5
5,1,lr1e-04_bs16_modL1_fusion64_fusionL1_drop0p2_trmiss50_trlocradio,16,0.0001,1,64,1,0.2,lr1e-04_bs16_modL1_fusion64_fusionL1_drop0p2_trmiss50_trlocradio,32,0.43055422604084015,0.6884727875391642,0.5042016806722689,0.6669538099849787,0.5333333333333333,0.0,0.0,0.0,0.0,0.0,0.0,0.0,0.0,0.0,2002,radio,0.5
5,1,lr1e-04_bs16_modL1_fusion64_fusionL1_drop0p2_trmiss50_trlocradio,16,0.0001,1,64,1,0.2,lr1e-04_bs16_modL1_fusion64_fusionL1_drop0p2_trmiss50_trlocradio,33,0.4180515954891841,0.6874996225039164,0.5126050420168067,0.6644072517617543,0.4888888888888889,0.0,0.0,0.0,0.0,0.0,0.0,0.0,0.0,0.0,2002,radio,0.5
5,1,lr1e-04_bs16_modL1_fusion64_fusionL1_drop0p2_trmiss50_trlocradio,16,0.0001,1,64,1,0.2,lr1e-04_bs16_modL1_fusion64_fusionL1_drop0p2_trmiss50_trlocradio,34,0.40228494505087536,0.6892035007476807,0.49789915966386555,0.6520031537589168,0.4888888888888889,0.0,0.0,0.0,0.0,0.0,0.0,0.0,0.0,0.0,2002,radio,0.5
5,1,lr1e-04_bs16_modL1_fusion64_fusionL1_drop0p2_trmiss50_trlocradio,16,0.0001,1,64,1,0.2,lr1e-04_bs16_modL1_fusion64_fusionL1_drop0p2_trmiss50_trlocradio,35,0.4242971936861674,0.6863337556521097,0.5126050420168068,0.6801230061831809,0.5333333333333333,0.0,0.0,0.0,0.0,0.0,0.0,0.0,0.0,0.0,2002,radio,0.5
5,1,lr1e-04_bs16_modL1_fusion64_fusionL1_drop0p2_trmiss50_trlocradio,16,0.0001,1,64,1,0.2,lr1e-04_bs16_modL1_fusion64_fusionL1_drop0p2_trmiss50_trlocradio,36,0.3984874611099561,0.6845484574635824,0.5294117647058824,0.6814234574997646,0.4888888888888889,0.0,0.0,0.0,0.0,0.0,0.0,0.0,0.0,0.0,2002,radio,0.5
5,1,lr1e-04_bs16_modL1_fusion64_fusionL1_drop0p2_trmiss50_trlocradio,16,0.0001,1,64,1,0.2,lr1e-04_bs16_modL1_fusion64_fusionL1_drop0p2_trmiss50_trlocradio,37,0.413038765390714,0.6927405397097269,0.5,0.6668327332839946,0.4666666666666667,0.0,0.0,0.0,0.0,0.0,0.0,0.0,0.0,0.0,2002,radio,0.5
5,1,lr1e-04_bs16_modL1_fusion64_fusionL1_drop0p2_trmiss50_trlocradio,16,0.0001,1,64,1,0.2,lr1e-04_bs16_modL1_fusion64_fusionL1_drop0p2_trmiss50_trlocradio,38,0.4091858044266701,0.6886380116144816,0.5,0.6696279690668209,0.4666666666666667,0.0,0.0,0.0,0.0,0.0,0.0,0.0,0.0,0.0,2002,radio,0.5
5,1,lr1e-04_bs16_modL1_fusion64_fusionL1_drop0p2_trmiss50_trlocradio,16,0.0001,1,64,1,0.2,lr1e-04_bs16_modL1_fusion64_fusionL1_drop0p2_trmiss50_trlocradio,39,0.40047547469536465,0.6854761044184366,0.5021008403361344,0.6748401991828803,0.5111111111111111,0.0,0.0,0.0,0.0,0.0,0.0,0.0,0.0,0.0,2002,radio,0.5
5,1,lr1e-04_bs16_modL1_fusion64_fusionL1_drop0p2_trmiss50_trlocradio,16,0.0001,1,64,1,0.2,lr1e-04_bs16_modL1_fusion64_fusionL1_drop0p2_trmiss50_trlocradio,40,0.4321248084306717,0.688873807589213,0.5084033613445378,0.6760809074809785,0.4888888888888889,0.0,0.0,0.0,0.0,0.0,0.0,0.0,0.0,0.0,2002,radio,0.5
5,1,lr1e-04_bs16_modL1_fusion64_fusionL1_drop0p2_trmiss50_trlocradio,16,0.0001,1,64,1,0.2,lr1e-04_bs16_modL1_fusion64_fusionL1_drop0p2_trmiss50_trlocradio,41,0.41191262751817703,0.6916215221087137,0.5168067226890757,0.6815455542466955,0.4666666666666667,0.0,0.0,0.0,0.0,0.0,0.0,0.0,0.0,0.0,2002,radio,0.5
5,1,lr1e-04_bs16_modL1_fusion64_fusionL1_drop0p2_trmiss50_trlocradio,16,0.0001,1,64,1,0.2,lr1e-04_bs16_modL1_fusion64_fusionL1_drop0p2_trmiss50_trlocradio,42,0.4048713470498721,0.694741427898407,0.49789915966386555,0.6693035211058183,0.4666666666666667,0.0,0.0,0.0,0.0,0.0,0.0,0.0,0.0,0.0,2002,radio,0.5
5,1,lr1e-04_bs16_modL1_fusion64_fusionL1_drop0p2_trmiss50_trlocradio,16,0.0001,1,64,1,0.2,lr1e-04_bs16_modL1_fusion64_fusionL1_drop0p2_trmiss50_trlocradio,43,0.4071989531318347,0.6953756014506022,0.4915966386554622,0.6649588286833948,0.4666666666666667,0.0,0.0,0.0,0.0,0.0,0.0,0.0,0.0,0.0,2002,radio,0.5
5,1,lr1e-04_bs16_modL1_fusion64_fusionL1_drop0p2_trmiss50_trlocradio,16,0.0001,1,64,1,0.2,lr1e-04_bs16_modL1_fusion64_fusionL1_drop0p2_trmiss50_trlocradio,44,0.4338107282916705,0.6821132302284241,0.523109243697479,0.6827893283415054,0.5333333333333333,0.0,0.0,0.0,0.0,0.0,0.0,0.0,0.0,0.0,2002,radio,0.5
5,1,lr1e-04_bs16_modL1_fusion64_fusionL1_drop0p2_trmiss50_trlocradio,16,0.0001,1,64,1,0.2,lr1e-04_bs16_modL1_fusion64_fusionL1_drop0p2_trmiss50_trlocradio,45,0.39562366406122845,0.687189777692159,0.5147058823529411,0.6751951884630724,0.4888888888888889,0.0,0.0,0.0,0.0,0.0,0.0,0.0,0.0,0.0,2002,radio,0.5
5,1,lr1e-04_bs16_modL1_fusion64_fusionL1_drop0p2_trmiss50_trlocradio,16,0.0001,1,64,1,0.2,lr1e-04_bs16_modL1_fusion64_fusionL1_drop0p2_trmiss50_trlocradio,46,0.39080237100521725,0.6918288866678873,0.5021008403361344,0.6725761426775307,0.4888888888888889,0.0,0.0,0.0,0.0,0.0,0.0,0.0,0.0,0.0,2002,radio,0.5
5,1,lr1e-04_bs16_modL1_fusion64_fusionL1_drop0p2_trmiss50_trlocradio,16,0.0001,1,64,1,0.2,lr1e-04_bs16_modL1_fusion64_fusionL1_drop0p2_trmiss50_trlocradio,47,0.39705674598614377,0.690512220064799,0.5210084033613445,0.6861385189872076,0.4666666666666667,0.0,0.0,0.0,0.0,0.0,0.0,0.0,0.0,0.0,2002,radio,0.5
5,1,lr1e-04_bs16_modL1_fusion64_fusionL1_drop0p2_trmiss50_trlocradio,16,0.0001,1,64,1,0.2,lr1e-04_bs16_modL1_fusion64_fusionL1_drop0p2_trmiss50_trlocradio,48,0.41951509316762287,0.6891736189524332,0.5147058823529411,0.6683309080943789,0.4666666666666667,0.0,0.0,0.0,0.0,0.0,0.0,0.0,0.0,0.0,2002,radio,0.5
5,1,lr1e-04_bs16_modL1_fusion64_fusionL1_drop0p2_trmiss50_trlocradio,16,0.0001,1,64,1,0.2,lr1e-04_bs16_modL1_fusion64_fusionL1_drop0p2_trmiss50_trlocradio,49,0.4059037019809087,0.6909904877344767,0.5084033613445378,0.6651581685559043,0.4666666666666667,0.0,0.0,0.0,0.0,0.0,0.0,0.0,0.0,0.0,2002,radio,0.5
5,1,lr1e-04_bs16_modL1_fusion64_fusionL1_drop0p2_trmiss50_trlocradio,16,0.0001,1,64,1,0.2,lr1e-04_bs16_modL1_fusion64_fusionL1_drop0p2_trmiss50_trlocradio,50,0.3844484363993009,0.6892914175987244,0.523109243697479,0.6662240857214454,0.4888888888888889,0.0,0.0,0.0,0.0,0.0,0.0,0.0,0.0,0.0,2002,radio,0.5
5,1,lr1e-04_bs16_modL1_fusion64_fusionL1_drop0p2_trmiss50_trlocradio,16,0.0001,1,64,1,0.2,lr1e-04_bs16_modL1_fusion64_fusionL1_drop0p2_trmiss50_trlocradio,51,0.39918013165394467,0.6845193902651469,0.5147058823529411,0.6643170641715668,0.4888888888888889,0.0,0.0,0.0,0.0,0.0,0.0,0.0,0.0,0.0,2002,radio,0.5
5,1,lr1e-04_bs16_modL1_fusion64_fusionL1_drop0p2_trmiss50_trlocradio,16,0.0001,1,64,1,0.2,lr1e-04_bs16_modL1_fusion64_fusionL1_drop0p2_trmiss50_trlocradio,52,0.383765272796154,0.6904334624608358,0.5084033613445378,0.6766609794704799,0.4666666666666667,0.0,0.0,0.0,0.0,0.0,0.0,0.0,0.0,0.0,2002,radio,0.5
5,1,lr1e-04_bs16_modL1_fusion64_fusionL1_drop0p2_trmiss50_trlocradio,16,0.0001,1,64,1,0.2,lr1e-04_bs16_modL1_fusion64_fusionL1_drop0p2_trmiss50_trlocradio,53,0.40150221188863117,0.6965320309003195,0.4957983193277311,0.6472933944351432,0.4666666666666667,0.0,0.0,0.0,0.0,0.0,0.0,0.0,0.0,0.0,2002,radio,0.5
5,1,lr1e-04_bs16_modL1_fusion64_fusionL1_drop0p2_trmiss50_trlocradio,16,0.0001,1,64,1,0.2,lr1e-04_bs16_modL1_fusion64_fusionL1_drop0p2_trmiss50_trlocradio,54,0.3887483129898707,0.6933011611302694,0.5042016806722689,0.6591804386097975,0.4666666666666667,0.0,0.0,0.0,0.0,0.0,0.0,0.0,0.0,0.0,2002,radio,0.5
5,1,lr1e-04_bs16_modL1_fusion64_fusionL1_drop0p2_trmiss50_trlocradio,16,0.0001,1,64,1,0.2,lr1e-04_bs16_modL1_fusion64_fusionL1_drop0p2_trmiss50_trlocradio,55,0.41612645238637924,0.6896528800328573,0.523109243697479,0.682687929461911,0.4666666666666667,0.0,0.0,0.0,0.0,0.0,0.0,0.0,0.0,0.0,2002,radio,0.5
5,1,lr1e-04_bs16_modL1_fusion64_fusionL1_drop0p2_trmiss50_trlocradio,16,0.0001,1,64,1,0.2,lr1e-04_bs16_modL1_fusion64_fusionL1_drop0p2_trmiss50_trlocradio,56,0.4157744397719701,0.6892840266227722,0.5126050420168067,0.6801881569296403,0.4666666666666667,0.0,0.0,0.0,0.0,0.0,0.0,0.0,0.0,0.0,2002,radio,0.5
5,1,lr1e-04_bs16_modL1_fusion64_fusionL1_drop0p1_trmiss50_trlocradio,16,0.0001,1,64,1,0.1,lr1e-04_bs16_modL1_fusion64_fusionL1_drop0p1_trmiss50_trlocradio,1,0.7255518039067587,0.6966598232587179,0.5441176470588236,0.6508893299664517,0.4222222222222222,0.0,0.0,0.0,0.0,0.0,0.0,0.0,0.0,0.0,2002,radio,0.5
5,1,lr1e-04_bs16_modL1_fusion64_fusionL1_drop0p1_trmiss50_trlocradio,16,0.0001,1,64,1,0.1,lr1e-04_bs16_modL1_fusion64_fusionL1_drop0p1_trmiss50_trlocradio,2,0.6556343138217926,0.7057093580563863,0.5063025210084033,0.6042447568313504,0.4888888888888889,0.0,0.0,0.0,0.0,0.0,0.0,0.0,0.0,0.0,2002,radio,0.5
5,1,lr1e-04_bs16_modL1_fusion64_fusionL1_drop0p1_trmiss50_trlocradio,16,0.0001,1,64,1,0.1,lr1e-04_bs16_modL1_fusion64_fusionL1_drop0p1_trmiss50_trlocradio,3,0.6301008959611257,0.7192321419715881,0.453781512605042,0.5871978610264964,0.4666666666666667,0.0,0.0,0.0,0.0,0.0,0.0,0.0,0.0,0.0,2002,radio,0.5
5,1,lr1e-04_bs16_modL1_fusion64_fusionL1_drop0p1_trmiss50_trlocradio,16,0.0001,1,64,1,0.1,lr1e-04_bs16_modL1_fusion64_fusionL1_drop0p1_trmiss50_trlocradio,4,0.6074552983045578,0.7204185922940572,0.4495798319327731,0.5800495359339708,0.4888888888888889,0.0,0.0,0.0,0.0,0.0,0.0,0.0,0.0,0.0,2002,radio,0.5
5,1,lr1e-04_bs16_modL1_fusion64_fusionL1_drop0p1_trmiss50_trlocradio,16,0.0001,1,64,1,0.1,lr1e-04_bs16_modL1_fusion64_fusionL1_drop0p1_trmiss50_trlocradio,5,0.5995251188675562,0.7159950335820516,0.46848739495798314,0.5884045695509837,0.5333333333333333,0.0,0.0,0.0,0.0,0.0,0.0,0.0,0.0,0.0,2002,radio,0.5
5,1,lr1e-04_bs16_modL1_fusion64_fusionL1_drop0p1_trmiss50_trlocradio,16,0.0001,1,64,1,0.1,lr1e-04_bs16_modL1_fusion64_fusionL1_drop0p1_trmiss50_trlocradio,6,0.5754968822002411,0.7101680835088094,0.5084033613445379,0.6055723797726285,0.5555555555555556,0.0,0.0,0.0,0.0,0.0,0.0,0.0,0.0,0.0,2002,radio,0.5
5,1,lr1e-04_bs16_modL1_fusion64_fusionL1_drop0p1_trmiss50_trlocradio,16,0.0001,1,64,1,0.1,lr1e-04_bs16_modL1_fusion64_fusionL1_drop0p1_trmiss50_trlocradio,7,0.5533333172400793,0.6963741183280945,0.5777310924369747,0.6612709443759055,0.5777777777777777,0.0,0.0,0.0,0.0,0.0,0.0,0.0,0.0,0.0,2002,radio,0.5
5,1,lr1e-04_bs16_modL1_fusion64_fusionL1_drop0p1_trmiss50_trlocradio,16,0.0001,1,64,1,0.1,lr1e-04_bs16_modL1_fusion64_fusionL1_drop0p1_trmiss50_trlocradio,8,0.5334524512290955,0.6908673246701559,0.5714285714285714,0.6591282129101033,0.5777777777777777,0.0,0.0,0.0,0.0,0.0,0.0,0.0,0.0,0.0,2002,radio,0.5
5,1,lr1e-04_bs16_modL1_fusion64_fusionL1_drop0p1_trmiss50_trlocradio,16,0.0001,1,64,1,0.1,lr1e-04_bs16_modL1_fusion64_fusionL1_drop0p1_trmiss50_trlocradio,9,0.5419760569930077,0.6825384298960367,0.5756302521008403,0.6759924012363708,0.6,0.0,0.0,0.0,0.0,0.0,0.0,0.0,0.0,0.0,2002,radio,0.5
5,1,lr1e-04_bs16_modL1_fusion64_fusionL1_drop0p1_trmiss50_trlocradio,16,0.0001,1,64,1,0.1,lr1e-04_bs16_modL1_fusion64_fusionL1_drop0p1_trmiss50_trlocradio,10,0.5238326986630758,0.6719010869661967,0.5840336134453782,0.6858110390016715,0.6222222222222222,0.0,0.0,0.0,0.0,0.0,0.0,0.0,0.0,0.0,2002,radio,0.5
5,1,lr1e-04_bs16_modL1_fusion64_fusionL1_drop0p1_trmiss50_trlocradio,16,0.0001,1,64,1,0.1,lr1e-04_bs16_modL1_fusion64_fusionL1_drop0p1_trmiss50_trlocradio,11,0.49943382541338605,0.6869559486707052,0.5714285714285714,0.6493720283961071,0.5555555555555556,0.0,0.0,0.0,0.0,0.0,0.0,0.0,0.0,0.0,2002,radio,0.5
5,1,lr1e-04_bs16_modL1_fusion64_fusionL1_drop0p1_trmiss50_trlocradio,16,0.0001,1,64,1,0.1,lr1e-04_bs16_modL1_fusion64_fusionL1_drop0p1_trmiss50_trlocradio,12,0.4866473178068797,0.6862402955691019,0.5525210084033613,0.641328743178877,0.5777777777777777,0.0,0.0,0.0,0.0,0.0,0.0,0.0,0.0,0.0,2002,radio,0.5
5,1,lr1e-04_bs16_modL1_fusion64_fusionL1_drop0p1_trmiss50_trlocradio,16,0.0001,1,64,1,0.1,lr1e-04_bs16_modL1_fusion64_fusionL1_drop0p1_trmiss50_trlocradio,13,0.48470312108596164,0.6854424476623535,0.5840336134453781,0.661070000752286,0.6,0.0,0.0,0.0,0.0,0.0,0.0,0.0,0.0,0.0,2002,radio,0.5
5,1,lr1e-04_bs16_modL1_fusion64_fusionL1_drop0p1_trmiss50_trlocradio,16,0.0001,1,64,1,0.1,lr1e-04_bs16_modL1_fusion64_fusionL1_drop0p1_trmiss50_trlocradio,14,0.4480007415016492,0.6931313077608744,0.569327731092437,0.6506251382859077,0.6,0.0,0.0,0.0,0.0,0.0,0.0,0.0,0.0,0.0,2002,radio,0.5
5,1,lr1e-04_bs16_modL1_fusion64_fusionL1_drop0p1_trmiss50_trlocradio,16,0.0001,1,64,1,0.1,lr1e-04_bs16_modL1_fusion64_fusionL1_drop0p1_trmiss50_trlocradio,15,0.4242477665344874,0.6956633726755778,0.5630252100840336,0.6589296815895666,0.6,0.0,0.0,0.0,0.0,0.0,0.0,0.0,0.0,0.0,2002,radio,0.5
5,1,lr1e-04_bs16_modL1_fusion64_fusionL1_drop0p1_trmiss50_trlocradio,16,0.0001,1,64,1,0.1,lr1e-04_bs16_modL1_fusion64_fusionL1_drop0p1_trmiss50_trlocradio,16,0.4302046572168668,0.6952870686848959,0.5462184873949579,0.6653635624731604,0.6,0.0,0.0,0.0,0.0,0.0,0.0,0.0,0.0,0.0,2002,radio,0.5
5,1,lr1e-04_bs16_modL1_fusion64_fusionL1_drop0p1_trmiss50_trlocradio,16,0.0001,1,64,1,0.1,lr1e-04_bs16_modL1_fusion64_fusionL1_drop0p1_trmiss50_trlocradio,17,0.41903311759233475,0.7030699650446574,0.5441176470588235,0.6415091327867812,0.5777777777777777,0.0,0.0,0.0,0.0,0.0,0.0,0.0,0.0,0.0,2002,radio,0.5
5,1,lr1e-04_bs16_modL1_fusion64_fusionL1_drop0p1_trmiss50_trlocradio,16,0.0001,1,64,1,0.1,lr1e-04_bs16_modL1_fusion64_fusionL1_drop0p1_trmiss50_trlocradio,18,0.4216121857364972,0.6998605330785116,0.5567226890756303,0.6510285735997228,0.5777777777777777,0.0,0.0,0.0,0.0,0.0,0.0,0.0,0.0,0.0,2002,radio,0.5
5,1,lr1e-04_bs16_modL1_fusion64_fusionL1_drop0p1_trmiss50_trlocradio,16,0.0001,1,64,1,0.1,lr1e-04_bs16_modL1_fusion64_fusionL1_drop0p1_trmiss50_trlocradio,19,0.39342031131188077,0.6961114406585693,0.5483193277310924,0.6457314809782724,0.6,0.0,0.0,0.0,0.0,0.0,0.0,0.0,0.0,0.0,2002,radio,0.5
5,1,lr1e-04_bs16_modL1_fusion64_fusionL1_drop0p1_trmiss50_trlocradio,16,0.0001,1,64,1,0.1,lr1e-04_bs16_modL1_fusion64_fusionL1_drop0p1_trmiss50_trlocradio,20,0.39593245337406796,0.7017341057459513,0.5378151260504201,0.6403208699642375,0.5555555555555556,0.0,0.0,0.0,0.0,0.0,0.0,0.0,0.0,0.0,2002,radio,0.5
5,1,lr1e-04_bs16_modL1_fusion64_fusionL1_drop0p1_trmiss50_trlocradio,16,0.0001,1,64,1,0.1,lr1e-04_bs16_modL1_fusion64_fusionL1_drop0p1_trmiss50_trlocradio,21,0.39026740938425064,0.7027453780174255,0.5525210084033614,0.6511352757051679,0.5555555555555556,0.0,0.0,0.0,0.0,0.0,0.0,0.0,0.0,0.0,2002,radio,0.5
5,1,lr1e-04_bs16_modL1_fusion64_fusionL1_drop0p1_trmiss50_trlocradio,16,0.0001,1,64,1,0.1,lr1e-04_bs16_modL1_fusion64_fusionL1_drop0p1_trmiss50_trlocradio,22,0.3733190993467967,0.7030539512634277,0.5567226890756303,0.654309264951523,0.5777777777777777,0.0,0.0,0.0,0.0,0.0,0.0,0.0,0.0,0.0,2002,radio,0.5
5,1,lr1e-04_bs16_modL1_fusion64_fusionL1_drop0p1_trmiss50_trlocradio,16,0.0001,1,64,1,0.1,lr1e-04_bs16_modL1_fusion64_fusionL1_drop0p1_trmiss50_trlocradio,23,0.3783080851038297,0.70855313539505,0.546218487394958,0.6438893329523434,0.5555555555555556,0.0,0.0,0.0,0.0,0.0,0.0,0.0,0.0,0.0,2002,radio,0.5
5,1,lr1e-04_bs16_modL1_fusion64_fusionL1_drop0p1_trmiss50_trlocradio,16,0.0001,1,64,1,0.1,lr1e-04_bs16_modL1_fusion64_fusionL1_drop0p1_trmiss50_trlocradio,24,0.3782259101668994,0.7133336464564005,0.5462184873949579,0.6432415801643594,0.5777777777777777,0.0,0.0,0.0,0.0,0.0,0.0,0.0,0.0,0.0,2002,radio,0.5
5,1,lr1e-04_bs16_modL1_fusion64_fusionL1_drop0p1_trmiss50_trlocradio,16,0.0001,1,64,1,0.1,lr1e-04_bs16_modL1_fusion64_fusionL1_drop0p1_trmiss50_trlocradio,25,0.35925862441460293,0.706849197546641,0.5504201680672269,0.6392814851614459,0.6,0.0,0.0,0.0,0.0,0.0,0.0,0.0,0.0,0.0,2002,radio,0.5
5,1,lr1e-04_bs16_modL1_fusion64_fusionL1_drop0p1_trmiss50_trlocradio,16,0.0001,1,64,1,0.1,lr1e-04_bs16_modL1_fusion64_fusionL1_drop0p1_trmiss50_trlocradio,26,0.35666538526614505,0.7032887935638428,0.5546218487394958,0.6473688997928639,0.6444444444444445,0.0,0.0,0.0,0.0,0.0,0.0,0.0,0.0,0.0,2002,radio,0.5
5,1,lr1e-04_bs16_modL1_fusion64_fusionL1_drop0p1_trmiss50_trlocradio,16,0.0001,1,64,1,0.1,lr1e-04_bs16_modL1_fusion64_fusionL1_drop0p1_trmiss50_trlocradio,27,0.33627799898386,0.7002432545026144,0.5672268907563025,0.64992082500145,0.6,0.0,0.0,0.0,0.0,0.0,0.0,0.0,0.0,0.0,2002,radio,0.5
5,1,lr1e-04_bs16_modL1_fusion64_fusionL1_drop0p1_trmiss50_trlocradio,16,0.0001,1,64,1,0.1,lr1e-04_bs16_modL1_fusion64_fusionL1_drop0p1_trmiss50_trlocradio,28,0.35712126394112903,0.7084407607714335,0.5546218487394958,0.6397985863133113,0.6,0.0,0.0,0.0,0.0,0.0,0.0,0.0,0.0,0.0,2002,radio,0.5
5,1,lr1e-04_bs16_modL1_fusion64_fusionL1_drop0p1_trmiss50_trlocradio,16,0.0001,1,64,1,0.1,lr1e-04_bs16_modL1_fusion64_fusionL1_drop0p1_trmiss50_trlocradio,29,0.3810964797933896,0.7035582661628723,0.5399159663865546,0.6349777706082789,0.6,0.0,0.0,0.0,0.0,0.0,0.0,0.0,0.0,0.0,2002,radio,0.5
5,1,lr1e-04_bs16_modL1_fusion64_fusionL1_drop0p1_trmiss50_trlocradio,16,0.0001,1,64,1,0.1,lr1e-04_bs16_modL1_fusion64_fusionL1_drop0p1_trmiss50_trlocradio,30,0.336953637500604,0.6997076670328776,0.5483193277310924,0.6372159355170354,0.6,0.0,0.0,0.0,0.0,0.0,0.0,0.0,0.0,0.0,2002,radio,0.5
5,1,lr5e-05_bs32_modL1_fusion32_fusionL1_drop0p2_trmiss50_trlocradio,32,5e-05,1,32,1,0.2,lr5e-05_bs32_modL1_fusion32_fusionL1_drop0p2_trmiss50_trlocradio,1,0.8280676305294037,0.7149955630302429,0.5357142857142857,0.7159410800624086,0.37777777777777777,0.0,0.0,0.0,0.0,0.0,0.0,0.0,0.0,0.0,2002,radio,0.5
5,1,lr5e-05_bs32_modL1_fusion32_fusionL1_drop0p2_trmiss50_trlocradio,32,5e-05,1,32,1,0.2,lr5e-05_bs32_modL1_fusion32_fusionL1_drop0p2_trmiss50_trlocradio,2,0.7783483564853668,0.7133148908615112,0.6008403361344538,0.7413706653639758,0.4,0.0,0.0,0.0,0.0,0.0,0.0,0.0,0.0,0.0,2002,radio,0.5
5,1,lr5e-05_bs32_modL1_fusion32_fusionL1_drop0p2_trmiss50_trlocradio,32,5e-05,1,32,1,0.2,lr5e-05_bs32_modL1_fusion32_fusionL1_drop0p2_trmiss50_trlocradio,3,0.7680922249952952,0.7152995765209198,0.596638655462185,0.7169528656824788,0.4,0.0,0.0,0.0,0.0,0.0,0.0,0.0,0.0,0.0,2002,radio,0.5
5,1,lr5e-05_bs32_modL1_fusion32_fusionL1_drop0p2_trmiss50_trlocradio,32,5e-05,1,32,1,0.2,lr5e-05_bs32_modL1_fusion32_fusionL1_drop0p2_trmiss50_trlocradio,4,0.7738647361596426,0.7174628376960754,0.5903361344537815,0.7084994310241216,0.4,0.0,0.0,0.0,0.0,0.0,0.0,0.0,0.0,0.0,2002,radio,0.5
5,1,lr5e-05_bs32_modL1_fusion32_fusionL1_drop0p2_trmiss50_trlocradio,32,5e-05,1,32,1,0.2,lr5e-05_bs32_modL1_fusion32_fusionL1_drop0p2_trmiss50_trlocradio,5,0.7435398499170939,0.718310683965683,0.5861344537815126,0.7292269609093149,0.4,0.0,0.0,0.0,0.0,0.0,0.0,0.0,0.0,0.0,2002,radio,0.5
5,1,lr5e-05_bs32_modL1_fusion32_fusionL1_drop0p2_trmiss50_trlocradio,32,5e-05,1,32,1,0.2,lr5e-05_bs32_modL1_fusion32_fusionL1_drop0p2_trmiss50_trlocradio,6,0.7290838162104288,0.7224259376525879,0.6008403361344538,0.7607062864411366,0.4,0.0,0.0,0.0,0.0,0.0,0.0,0.0,0.0,0.0,2002,radio,0.5
5,1,lr5e-05_bs32_modL1_fusion32_fusionL1_drop0p2_trmiss50_trlocradio,32,5e-05,1,32,1,0.2,lr5e-05_bs32_modL1_fusion32_fusionL1_drop0p2_trmiss50_trlocradio,7,0.7283200820287069,0.721171498298645,0.5945378151260504,0.7517172596281448,0.4,0.0,0.0,0.0,0.0,0.0,0.0,0.0,0.0,0.0,2002,radio,0.5
5,1,lr5e-05_bs32_modL1_fusion32_fusionL1_drop0p2_trmiss50_trlocradio,32,5e-05,1,32,1,0.2,lr5e-05_bs32_modL1_fusion32_fusionL1_drop0p2_trmiss50_trlocradio,8,0.721001664797465,0.7241792976856232,0.6008403361344538,0.750489953429668,0.4,0.0,0.0,0.0,0.0,0.0,0.0,0.0,0.0,0.0,2002,radio,0.5
5,1,lr5e-05_bs32_modL1_fusion32_fusionL1_drop0p2_trmiss50_trlocradio,32,5e-05,1,32,1,0.2,lr5e-05_bs32_modL1_fusion32_fusionL1_drop0p2_trmiss50_trlocradio,9,0.7117934823036194,0.7236055135726929,0.6071428571428572,0.750251885356898,0.4,0.0,0.0,0.0,0.0,0.0,0.0,0.0,0.0,0.0,2002,radio,0.5
5,1,lr5e-05_bs32_modL1_fusion32_fusionL1_drop0p2_trmiss50_trlocradio,32,5e-05,1,32,1,0.2,lr5e-05_bs32_modL1_fusion32_fusionL1_drop0p2_trmiss50_trlocradio,10,0.6871945559978485,0.719188004732132,0.6134453781512605,0.7564313444185039,0.4,0.0,0.0,0.0,0.0,0.0,0.0,0.0,0.0,0.0,2002,radio,0.5
5,1,lr5e-05_bs32_modL1_fusion32_fusionL1_drop0p2_trmiss50_trlocradio,32,5e-05,1,32,1,0.2,lr5e-05_bs32_modL1_fusion32_fusionL1_drop0p2_trmiss50_trlocradio,11,0.6957733531792959,0.7187456488609314,0.6113445378151261,0.754414007610037,0.4,0.0,0.0,0.0,0.0,0.0,0.0,0.0,0.0,0.0,2002,radio,0.5
5,1,lr5e-05_bs32_modL1_fusion32_fusionL1_drop0p2_trmiss50_trlocradio,32,5e-05,1,32,1,0.2,lr5e-05_bs32_modL1_fusion32_fusionL1_drop0p2_trmiss50_trlocradio,12,0.6834245423475901,0.7229366898536682,0.6134453781512605,0.742178425731598,0.4,0.0,0.0,0.0,0.0,0.0,0.0,0.0,0.0,0.0,2002,radio,0.5
5,1,lr5e-05_bs32_modL1_fusion32_fusionL1_drop0p2_trmiss50_trlocradio,32,5e-05,1,32,1,0.2,lr5e-05_bs32_modL1_fusion32_fusionL1_drop0p2_trmiss50_trlocradio,13,0.6664427220821381,0.7218372523784637,0.6092436974789915,0.739962685230921,0.4,0.0,0.0,0.0,0.0,0.0,0.0,0.0,0.0,0.0,2002,radio,0.5
5,1,lr5e-05_bs32_modL1_fusion32_fusionL1_drop0p2_trmiss50_trlocradio,32,5e-05,1,32,1,0.2,lr5e-05_bs32_modL1_fusion32_fusionL1_drop0p2_trmiss50_trlocradio,14,0.6859045823415121,0.7221372425556183,0.6092436974789915,0.7357960185642543,0.4,0.0,0.0,0.0,0.0,0.0,0.0,0.0,0.0,0.0,2002,radio,0.5
5,1,lr5e-05_bs32_modL1_fusion32_fusionL1_drop0p2_trmiss50_trlocradio,32,5e-05,1,32,1,0.2,lr5e-05_bs32_modL1_fusion32_fusionL1_drop0p2_trmiss50_trlocradio,15,0.6726217369238535,0.721981406211853,0.5987394957983193,0.7243372530958644,0.4,0.0,0.0,0.0,0.0,0.0,0.0,0.0,0.0,0.0,2002,radio,0.5
5,1,lr5e-05_bs32_modL1_fusion32_fusionL1_drop0p2_trmiss50_trlocradio,32,5e-05,1,32,1,0.2,lr5e-05_bs32_modL1_fusion32_fusionL1_drop0p2_trmiss50_trlocradio,16,0.6802890201409658,0.7204686999320984,0.5987394957983194,0.7207493885781017,0.4,0.0,0.0,0.0,0.0,0.0,0.0,0.0,0.0,0.0,2002,radio,0.5
5,1,lr5e-05_bs32_modL1_fusion32_fusionL1_drop0p2_trmiss50_trlocradio,32,5e-05,1,32,1,0.2,lr5e-05_bs32_modL1_fusion32_fusionL1_drop0p2_trmiss50_trlocradio,17,0.670951912800471,0.7188776433467865,0.6071428571428572,0.7298424351711481,0.4222222222222222,0.0,0.0,0.0,0.0,0.0,0.0,0.0,0.0,0.0,2002,radio,0.5
5,1,lr5e-05_bs32_modL1_fusion32_fusionL1_drop0p2_trmiss50_trlocradio,32,5e-05,1,32,1,0.2,lr5e-05_bs32_modL1_fusion32_fusionL1_drop0p2_trmiss50_trlocradio,18,0.6872093578179678,0.7214159071445465,0.5882352941176471,0.6986075862810198,0.37777777777777777,0.0,0.0,0.0,0.0,0.0,0.0,0.0,0.0,0.0,2002,radio,0.5
5,1,lr5e-05_bs32_modL1_fusion32_fusionL1_drop0p2_trmiss50_trlocradio,32,5e-05,1,32,1,0.2,lr5e-05_bs32_modL1_fusion32_fusionL1_drop0p2_trmiss50_trlocradio,19,0.6781368056933085,0.72047558426857,0.592436974789916,0.705443266129122,0.4,0.0,0.0,0.0,0.0,0.0,0.0,0.0,0.0,0.0,2002,radio,0.5
5,1,lr5e-05_bs32_modL1_fusion32_fusionL1_drop0p2_trmiss50_trlocradio,32,5e-05,1,32,1,0.2,lr5e-05_bs32_modL1_fusion32_fusionL1_drop0p2_trmiss50_trlocradio,20,0.6817464629809061,0.7204777300357819,0.5987394957983194,0.7208188459783861,0.4,0.0,0.0,0.0,0.0,0.0,0.0,0.0,0.0,0.0,2002,radio,0.5
5,1,lr5e-05_bs32_modL1_fusion32_fusionL1_drop0p2_trmiss50_trlocradio,32,5e-05,1,32,1,0.2,lr5e-05_bs32_modL1_fusion32_fusionL1_drop0p2_trmiss50_trlocradio,21,0.6718247433503469,0.7231257259845734,0.5987394957983193,0.7268573454614946,0.4,0.0,0.0,0.0,0.0,0.0,0.0,0.0,0.0,0.0,2002,radio,0.5
5,1,lr5e-05_bs32_modL1_fusion32_fusionL1_drop0p2_trmiss50_trlocradio,32,5e-05,1,32,1,0.2,lr5e-05_bs32_modL1_fusion32_fusionL1_drop0p2_trmiss50_trlocradio,22,0.6630615989367167,0.7177420854568481,0.5966386554621849,0.7227237926201748,0.4,0.0,0.0,0.0,0.0,0.0,0.0,0.0,0.0,0.0,2002,radio,0.5
5,1,lr5e-05_bs32_modL1_fusion32_fusionL1_drop0p2_trmiss50_trlocradio,32,5e-05,1,32,1,0.2,lr5e-05_bs32_modL1_fusion32_fusionL1_drop0p2_trmiss50_trlocradio,23,0.6855185826619467,0.7183288037776947,0.6071428571428571,0.7338979121713967,0.4,0.0,0.0,0.0,0.0,0.0,0.0,0.0,0.0,0.0,2002,radio,0.5
5,1,lr5e-05_bs32_modL1_fusion32_fusionL1_drop0p2_trmiss50_trlocradio,32,5e-05,1,32,1,0.2,lr5e-05_bs32_modL1_fusion32_fusionL1_drop0p2_trmiss50_trlocradio,24,0.6730825205643972,0.7170009016990662,0.6071428571428571,0.7357254801030837,0.4,0.0,0.0,0.0,0.0,0.0,0.0,0.0,0.0,0.0,2002,radio,0.5
5,1,lr5e-05_bs32_modL1_fusion32_fusionL1_drop0p2_trmiss50_trlocradio,32,5e-05,1,32,1,0.2,lr5e-05_bs32_modL1_fusion32_fusionL1_drop0p2_trmiss50_trlocradio,25,0.6571446855862936,0.7150301337242126,0.6008403361344539,0.7264103904308511,0.4222222222222222,0.0,0.0,0.0,0.0,0.0,0.0,0.0,0.0,0.0,2002,radio,0.5
5,1,lr5e-05_bs32_modL1_fusion32_fusionL1_drop0p2_trmiss50_trlocradio,32,5e-05,1,32,1,0.2,lr5e-05_bs32_modL1_fusion32_fusionL1_drop0p2_trmiss50_trlocradio,26,0.6527959505716959,0.715870201587677,0.6008403361344538,0.7160810639361112,0.4222222222222222,0.0,0.0,0.0,0.0,0.0,0.0,0.0,0.0,0.0,2002,radio,0.5
5,1,lr5e-05_bs32_modL1_fusion32_fusionL1_drop0p2_trmiss50_trlocradio,32,5e-05,1,32,1,0.2,lr5e-05_bs32_modL1_fusion32_fusionL1_drop0p2_trmiss50_trlocradio,27,0.6480847398440043,0.7127765119075775,0.6029411764705882,0.7181064945942649,0.4222222222222222,0.0,0.0,0.0,0.0,0.0,0.0,0.0,0.0,0.0,2002,radio,0.5
5,1,lr5e-05_bs32_modL1_fusion32_fusionL1_drop0p2_trmiss50_trlocradio,32,5e-05,1,32,1,0.2,lr5e-05_bs32_modL1_fusion32_fusionL1_drop0p2_trmiss50_trlocradio,28,0.6727648178736368,0.7189296185970306,0.5945378151260504,0.7119795146484108,0.4222222222222222,0.0,0.0,0.0,0.0,0.0,0.0,0.0,0.0,0.0,2002,radio,0.5
5,1,lr5e-05_bs32_modL1_fusion32_fusionL1_drop0p2_trmiss50_trlocradio,32,5e-05,1,32,1,0.2,lr5e-05_bs32_modL1_fusion32_fusionL1_drop0p2_trmiss50_trlocradio,29,0.6758678058783213,0.7214957177639008,0.5966386554621849,0.7155020697875074,0.4222222222222222,0.0,0.0,0.0,0.0,0.0,0.0,0.0,0.0,0.0,2002,radio,0.5
5,1,lr5e-05_bs32_modL1_fusion32_fusionL1_drop0p2_trmiss50_trlocradio,32,5e-05,1,32,1,0.2,lr5e-05_bs32_modL1_fusion32_fusionL1_drop0p2_trmiss50_trlocradio,30,0.6726096669832865,0.7182052433490753,0.5861344537815126,0.6969774483493522,0.4,0.0,0.0,0.0,0.0,0.0,0.0,0.0,0.0,0.0,2002,radio,0.5
5,1,lr5e-05_bs32_modL1_fusion32_fusionL1_drop0p1_trmiss50_trlocradio,32,5e-05,1,32,1,0.1,lr5e-05_bs32_modL1_fusion32_fusionL1_drop0p1_trmiss50_trlocradio,1,0.6877043545246124,0.677447110414505,0.569327731092437,0.7160085115747159,0.6444444444444445,0.0,0.0,0.0,0.0,0.0,0.0,0.0,0.0,0.0,2002,radio,0.5
5,1,lr5e-05_bs32_modL1_fusion32_fusionL1_drop0p1_trmiss50_trlocradio,32,5e-05,1,32,1,0.1,lr5e-05_bs32_modL1_fusion32_fusionL1_drop0p1_trmiss50_trlocradio,2,0.6466145614782969,0.6741710305213928,0.5777310924369748,0.713614200567279,0.6222222222222222,0.0,0.0,0.0,0.0,0.0,0.0,0.0,0.0,0.0,2002,radio,0.5
5,1,lr5e-05_bs32_modL1_fusion32_fusionL1_drop0p1_trmiss50_trlocradio,32,5e-05,1,32,1,0.1,lr5e-05_bs32_modL1_fusion32_fusionL1_drop0p1_trmiss50_trlocradio,3,0.6369138459364573,0.6717736124992371,0.5840336134453781,0.7182715706380104,0.6,0.0,0.0,0.0,0.0,0.0,0.0,0.0,0.0,0.0,2002,radio,0.5
5,1,lr5e-05_bs32_modL1_fusion32_fusionL1_drop0p1_trmiss50_trlocradio,32,5e-05,1,32,1,0.1,lr5e-05_bs32_modL1_fusion32_fusionL1_drop0p1_trmiss50_trlocradio,4,0.638877401749293,0.6705489158630371,0.5945378151260504,0.7363150810743506,0.6,0.0,0.0,0.0,0.0,0.0,0.0,0.0,0.0,0.0,2002,radio,0.5
5,1,lr5e-05_bs32_modL1_fusion32_fusionL1_drop0p1_trmiss50_trlocradio,32,5e-05,1,32,1,0.1,lr5e-05_bs32_modL1_fusion32_fusionL1_drop0p1_trmiss50_trlocradio,5,0.6023286779721578,0.6690473854541779,0.5987394957983194,0.7276613190185082,0.6,0.0,0.0,0.0,0.0,0.0,0.0,0.0,0.0,0.0,2002,radio,0.5
5,1,lr5e-05_bs32_modL1_fusion32_fusionL1_drop0p1_trmiss50_trlocradio,32,5e-05,1,32,1,0.1,lr5e-05_bs32_modL1_fusion32_fusionL1_drop0p1_trmiss50_trlocradio,6,0.5985880394776663,0.6697021424770355,0.6008403361344538,0.7316544511945213,0.5555555555555556,0.0,0.0,0.0,0.0,0.0,0.0,0.0,0.0,0.0,2002,radio,0.5
5,1,lr5e-05_bs32_modL1_fusion32_fusionL1_drop0p1_trmiss50_trlocradio,32,5e-05,1,32,1,0.1,lr5e-05_bs32_modL1_fusion32_fusionL1_drop0p1_trmiss50_trlocradio,7,0.5863818327585856,0.6697866022586823,0.5945378151260504,0.7136397748500132,0.5555555555555556,0.0,0.0,0.0,0.0,0.0,0.0,0.0,0.0,0.0,2002,radio,0.5
5,1,lr5e-05_bs32_modL1_fusion32_fusionL1_drop0p1_trmiss50_trlocradio,32,5e-05,1,32,1,0.1,lr5e-05_bs32_modL1_fusion32_fusionL1_drop0p1_trmiss50_trlocradio,8,0.5710555712381998,0.6687234342098236,0.5966386554621849,0.7152375344057667,0.5777777777777777,0.0,0.0,0.0,0.0,0.0,0.0,0.0,0.0,0.0,2002,radio,0.5
5,1,lr5e-05_bs32_modL1_fusion32_fusionL1_drop0p1_trmiss50_trlocradio,32,5e-05,1,32,1,0.1,lr5e-05_bs32_modL1_fusion32_fusionL1_drop0p1_trmiss50_trlocradio,9,0.5720246732234955,0.6748231649398804,0.5756302521008403,0.7047984101642595,0.5555555555555556,0.0,0.0,0.0,0.0,0.0,0.0,0.0,0.0,0.0,2002,radio,0.5
5,1,lr5e-05_bs32_modL1_fusion32_fusionL1_drop0p1_trmiss50_trlocradio,32,5e-05,1,32,1,0.1,lr5e-05_bs32_modL1_fusion32_fusionL1_drop0p1_trmiss50_trlocradio,10,0.5627884070078532,0.6780542135238647,0.5714285714285714,0.6998933632567828,0.5777777777777777,0.0,0.0,0.0,0.0,0.0,0.0,0.0,0.0,0.0,2002,radio,0.5
5,1,lr5e-05_bs32_modL1_fusion32_fusionL1_drop0p1_trmiss50_trlocradio,32,5e-05,1,32,1,0.1,lr5e-05_bs32_modL1_fusion32_fusionL1_drop0p1_trmiss50_trlocradio,11,0.5499435563882192,0.667259931564331,0.6092436974789917,0.737289772306354,0.6,0.0,0.0,0.0,0.0,0.0,0.0,0.0,0.0,0.0,2002,radio,0.5
5,1,lr5e-05_bs32_modL1_fusion32_fusionL1_drop0p1_trmiss50_trlocradio,32,5e-05,1,32,1,0.1,lr5e-05_bs32_modL1_fusion32_fusionL1_drop0p1_trmiss50_trlocradio,12,0.548030287027359,0.6638936698436737,0.6281512605042017,0.744497527258217,0.6,0.0,0.0,0.0,0.0,0.0,0.0,0.0,0.0,0.0,2002,radio,0.5
5,1,lr5e-05_bs32_modL1_fusion32_fusionL1_drop0p1_trmiss50_trlocradio,32,5e-05,1,32,1,0.1,lr5e-05_bs32_modL1_fusion32_fusionL1_drop0p1_trmiss50_trlocradio,13,0.5333469659090042,0.6612975895404816,0.6344537815126051,0.7442405651835517,0.6,0.0,0.0,0.0,0.0,0.0,0.0,0.0,0.0,0.0,2002,radio,0.5
5,1,lr5e-05_bs32_modL1_fusion32_fusionL1_drop0p1_trmiss50_trlocradio,32,5e-05,1,32,1,0.1,lr5e-05_bs32_modL1_fusion32_fusionL1_drop0p1_trmiss50_trlocradio,14,0.522835393746694,0.6641947627067566,0.6407563025210083,0.7481460494338118,0.6,0.0,0.0,0.0,0.0,0.0,0.0,0.0,0.0,0.0,2002,radio,0.5
5,1,lr5e-05_bs32_modL1_fusion32_fusionL1_drop0p1_trmiss50_trlocradio,32,5e-05,1,32,1,0.1,lr5e-05_bs32_modL1_fusion32_fusionL1_drop0p1_trmiss50_trlocradio,15,0.5449302693208059,0.6697376668453217,0.6365546218487395,0.7287224486385612,0.6,0.0,0.0,0.0,0.0,0.0,0.0,0.0,0.0,0.0,2002,radio,0.5
5,1,lr5e-05_bs32_modL1_fusion32_fusionL1_drop0p1_trmiss50_trlocradio,32,5e-05,1,32,1,0.1,lr5e-05_bs32_modL1_fusion32_fusionL1_drop0p1_trmiss50_trlocradio,16,0.5273700853188833,0.6706840991973877,0.634453781512605,0.7281698996837566,0.5777777777777777,0.0,0.0,0.0,0.0,0.0,0.0,0.0,0.0,0.0,2002,radio,0.5
5,1,lr5e-05_bs32_modL1_fusion32_fusionL1_drop0p1_trmiss50_trlocradio,32,5e-05,1,32,1,0.1,lr5e-05_bs32_modL1_fusion32_fusionL1_drop0p1_trmiss50_trlocradio,17,0.5228701134522756,0.6797165870666504,0.6092436974789917,0.7250770004462403,0.6,0.0,0.0,0.0,0.0,0.0,0.0,0.0,0.0,0.0,2002,radio,0.5
5,1,lr5e-05_bs32_modL1_fusion32_fusionL1_drop0p1_trmiss50_trlocradio,32,5e-05,1,32,1,0.1,lr5e-05_bs32_modL1_fusion32_fusionL1_drop0p1_trmiss50_trlocradio,18,0.51372163494428,0.6807286739349365,0.6176470588235294,0.7305245588138904,0.6,0.0,0.0,0.0,0.0,0.0,0.0,0.0,0.0,0.0,2002,radio,0.5
5,1,lr5e-05_bs32_modL1_fusion32_fusionL1_drop0p1_trmiss50_trlocradio,32,5e-05,1,32,1,0.1,lr5e-05_bs32_modL1_fusion32_fusionL1_drop0p1_trmiss50_trlocradio,19,0.5068416049083074,0.677663654088974,0.6029411764705882,0.7194496342982027,0.6,0.0,0.0,0.0,0.0,0.0,0.0,0.0,0.0,0.0,2002,radio,0.5
5,1,lr5e-05_bs32_modL1_fusion32_fusionL1_drop0p1_trmiss50_trlocradio,32,5e-05,1,32,1,0.1,lr5e-05_bs32_modL1_fusion32_fusionL1_drop0p1_trmiss50_trlocradio,20,0.507266695300738,0.6732543706893921,0.6197478991596639,0.7286961573154578,0.6444444444444445,0.0,0.0,0.0,0.0,0.0,0.0,0.0,0.0,0.0,2002,radio,0.5
5,1,lr5e-05_bs32_modL1_fusion32_fusionL1_drop0p1_trmiss50_trlocradio,32,5e-05,1,32,1,0.1,lr5e-05_bs32_modL1_fusion32_fusionL1_drop0p1_trmiss50_trlocradio,21,0.49760477741559345,0.667065292596817,0.6323529411764706,0.7343304410453094,0.6444444444444445,0.0,0.0,0.0,0.0,0.0,0.0,0.0,0.0,0.0,2002,radio,0.5
5,1,lr5e-05_bs32_modL1_fusion32_fusionL1_drop0p1_trmiss50_trlocradio,32,5e-05,1,32,1,0.1,lr5e-05_bs32_modL1_fusion32_fusionL1_drop0p1_trmiss50_trlocradio,22,0.4907934367656708,0.6661747395992279,0.634453781512605,0.7461052450107828,0.6222222222222222,0.0,0.0,0.0,0.0,0.0,0.0,0.0,0.0,0.0,2002,radio,0.5
5,1,lr5e-05_bs32_modL1_fusion32_fusionL1_drop0p1_trmiss50_trlocradio,32,5e-05,1,32,1,0.1,lr5e-05_bs32_modL1_fusion32_fusionL1_drop0p1_trmiss50_trlocradio,23,0.5039943208297094,0.6685276329517365,0.6302521008403361,0.7441817022823125,0.6222222222222222,0.0,0.0,0.0,0.0,0.0,0.0,0.0,0.0,0.0,2002,radio,0.5
5,1,lr5e-05_bs32_modL1_fusion32_fusionL1_drop0p1_trmiss50_trlocradio,32,5e-05,1,32,1,0.1,lr5e-05_bs32_modL1_fusion32_fusionL1_drop0p1_trmiss50_trlocradio,24,0.4957733005285263,0.6697602868080139,0.6260504201680672,0.742274815499379,0.6222222222222222,0.0,0.0,0.0,0.0,0.0,0.0,0.0,0.0,0.0,2002,radio,0.5
5,1,lr5e-05_bs32_modL1_fusion32_fusionL1_drop0p1_trmiss50_trlocradio,32,5e-05,1,32,1,0.1,lr5e-05_bs32_modL1_fusion32_fusionL1_drop0p1_trmiss50_trlocradio,25,0.4886671453714371,0.670065313577652,0.6197478991596639,0.7284913497826886,0.6222222222222222,0.0,0.0,0.0,0.0,0.0,0.0,0.0,0.0,0.0,2002,radio,0.5
5,1,lr5e-05_bs32_modL1_fusion32_fusionL1_drop0p1_trmiss50_trlocradio,32,5e-05,1,32,1,0.1,lr5e-05_bs32_modL1_fusion32_fusionL1_drop0p1_trmiss50_trlocradio,26,0.49113867183526355,0.6704607605934143,0.6197478991596639,0.7279258735922124,0.6222222222222222,0.0,0.0,0.0,0.0,0.0,0.0,0.0,0.0,0.0,2002,radio,0.5
5,1,lr5e-05_bs32_modL1_fusion32_fusionL1_drop0p1_trmiss50_trlocradio,32,5e-05,1,32,1,0.1,lr5e-05_bs32_modL1_fusion32_fusionL1_drop0p1_trmiss50_trlocradio,27,0.4922173221906026,0.6714881956577301,0.6134453781512605,0.7265338252845004,0.6222222222222222,0.0,0.0,0.0,0.0,0.0,0.0,0.0,0.0,0.0,2002,radio,0.5
5,1,lr5e-05_bs32_modL1_fusion32_fusionL1_drop0p1_trmiss50_trlocradio,32,5e-05,1,32,1,0.1,lr5e-05_bs32_modL1_fusion32_fusionL1_drop0p1_trmiss50_trlocradio,28,0.4885818511247635,0.6721063256263733,0.6176470588235294,0.7267751211392756,0.6222222222222222,0.0,0.0,0.0,0.0,0.0,0.0,0.0,0.0,0.0,2002,radio,0.5
5,1,lr5e-05_bs32_modL1_fusion32_fusionL1_drop0p1_trmiss50_trlocradio,32,5e-05,1,32,1,0.1,lr5e-05_bs32_modL1_fusion32_fusionL1_drop0p1_trmiss50_trlocradio,29,0.4839610705773036,0.6719601452350616,0.615546218487395,0.7232659813054404,0.6222222222222222,0.0,0.0,0.0,0.0,0.0,0.0,0.0,0.0,0.0,2002,radio,0.5
5,1,lr5e-05_bs32_modL1_fusion32_fusionL1_drop0p1_trmiss50_trlocradio,32,5e-05,1,32,1,0.1,lr5e-05_bs32_modL1_fusion32_fusionL1_drop0p1_trmiss50_trlocradio,30,0.485298752784729,0.6734488308429718,0.6134453781512605,0.7224053176623292,0.6222222222222222,0.0,0.0,0.0,0.0,0.0,0.0,0.0,0.0,0.0,2002,radio,0.5
5,1,lr5e-05_bs32_modL1_fusion32_fusionL1_drop0p1_trmiss50_trlocradio,32,5e-05,1,32,1,0.1,lr5e-05_bs32_modL1_fusion32_fusionL1_drop0p1_trmiss50_trlocradio,31,0.48054549594720203,0.6733992695808411,0.611344537815126,0.7219083805180783,0.6222222222222222,0.0,0.0,0.0,0.0,0.0,0.0,0.0,0.0,0.0,2002,radio,0.5
5,1,lr5e-05_bs32_modL1_fusion32_fusionL1_drop0p1_trmiss50_trlocradio,32,5e-05,1,32,1,0.1,lr5e-05_bs32_modL1_fusion32_fusionL1_drop0p1_trmiss50_trlocradio,32,0.4862571309010188,0.6741466522216797,0.6092436974789917,0.721338180215735,0.6222222222222222,0.0,0.0,0.0,0.0,0.0,0.0,0.0,0.0,0.0,2002,radio,0.5
5,1,lr5e-05_bs32_modL1_fusion32_fusionL1_drop0p1_trmiss50_trlocradio,32,5e-05,1,32,1,0.1,lr5e-05_bs32_modL1_fusion32_fusionL1_drop0p1_trmiss50_trlocradio,33,0.47742514808972675,0.6717852056026459,0.615546218487395,0.7247253664299337,0.6222222222222222,0.0,0.0,0.0,0.0,0.0,0.0,0.0,0.0,0.0,2002,radio,0.5
5,1,lr5e-05_bs32_modL1_fusion32_fusionL1_drop0p1_trmiss50_trlocradio,32,5e-05,1,32,1,0.1,lr5e-05_bs32_modL1_fusion32_fusionL1_drop0p1_trmiss50_trlocradio,34,0.47628311812877655,0.6720228791236877,0.6218487394957983,0.7277127406694471,0.6444444444444445,0.0,0.0,0.0,0.0,0.0,0.0,0.0,0.0,0.0,2002,radio,0.5
5,1,lr5e-05_bs32_modL1_fusion64_fusionL1_drop0p2_trmiss50_trlocradio,32,5e-05,1,64,1,0.2,lr5e-05_bs32_modL1_fusion64_fusionL1_drop0p2_trmiss50_trlocradio,1,0.7196566661198934,0.6909171044826508,0.5819327731092437,0.6736781162541615,0.6666666666666666,0.0,0.0,0.0,0.0,0.0,0.0,0.0,0.0,0.0,2002,radio,0.5
5,1,lr5e-05_bs32_modL1_fusion64_fusionL1_drop0p2_trmiss50_trlocradio,32,5e-05,1,64,1,0.2,lr5e-05_bs32_modL1_fusion64_fusionL1_drop0p2_trmiss50_trlocradio,2,0.7086263497670492,0.6933287680149078,0.5378151260504203,0.6283094466705764,0.6666666666666666,0.0,0.0,0.0,0.0,0.0,0.0,0.0,0.0,0.0,2002,radio,0.5
5,1,lr5e-05_bs32_modL1_fusion64_fusionL1_drop0p2_trmiss50_trlocradio,32,5e-05,1,64,1,0.2,lr5e-05_bs32_modL1_fusion64_fusionL1_drop0p2_trmiss50_trlocradio,3,0.698765496412913,0.6983232796192169,0.5189075630252101,0.6111071491068761,0.6,0.0,0.0,0.0,0.0,0.0,0.0,0.0,0.0,0.0,2002,radio,0.5
5,1,lr5e-05_bs32_modL1_fusion64_fusionL1_drop0p2_trmiss50_trlocradio,32,5e-05,1,64,1,0.2,lr5e-05_bs32_modL1_fusion64_fusionL1_drop0p2_trmiss50_trlocradio,4,0.6539361675580343,0.7006690800189972,0.5252100840336135,0.6369259084837314,0.5555555555555556,0.0,0.0,0.0,0.0,0.0,0.0,0.0,0.0,0.0,2002,radio,0.5
5,1,lr5e-05_bs32_modL1_fusion64_fusionL1_drop0p2_trmiss50_trlocradio,32,5e-05,1,64,1,0.2,lr5e-05_bs32_modL1_fusion64_fusionL1_drop0p2_trmiss50_trlocradio,5,0.658259113629659,0.7047339081764221,0.5189075630252101,0.6175769947305667,0.5555555555555556,0.0,0.0,0.0,0.0,0.0,0.0,0.0,0.0,0.0,2002,radio,0.5
5,1,lr5e-05_bs32_modL1_fusion64_fusionL1_drop0p2_trmiss50_trlocradio,32,5e-05,1,64,1,0.2,lr5e-05_bs32_modL1_fusion64_fusionL1_drop0p2_trmiss50_trlocradio,6,0.6274372140566508,0.7055998742580414,0.5126050420168067,0.6233105226687488,0.5111111111111111,0.0,0.0,0.0,0.0,0.0,0.0,0.0,0.0,0.0,2002,radio,0.5
5,1,lr5e-05_bs32_modL1_fusion64_fusionL1_drop0p2_trmiss50_trlocradio,32,5e-05,1,64,1,0.2,lr5e-05_bs32_modL1_fusion64_fusionL1_drop0p2_trmiss50_trlocradio,7,0.6260533432165781,0.7074643075466156,0.5105042016806722,0.6287643446493967,0.5111111111111111,0.0,0.0,0.0,0.0,0.0,0.0,0.0,0.0,0.0,2002,radio,0.5
5,1,lr5e-05_bs32_modL1_fusion64_fusionL1_drop0p2_trmiss50_trlocradio,32,5e-05,1,64,1,0.2,lr5e-05_bs32_modL1_fusion64_fusionL1_drop0p2_trmiss50_trlocradio,8,0.5928483605384827,0.7066587209701538,0.5147058823529411,0.6303733961109326,0.5555555555555556,0.0,0.0,0.0,0.0,0.0,0.0,0.0,0.0,0.0,2002,radio,0.5
5,1,lr5e-05_bs32_modL1_fusion64_fusionL1_drop0p2_trmiss50_trlocradio,32,5e-05,1,64,1,0.2,lr5e-05_bs32_modL1_fusion64_fusionL1_drop0p2_trmiss50_trlocradio,9,0.6170221964518229,0.7051389813423157,0.5084033613445378,0.626650245217294,0.5333333333333333,0.0,0.0,0.0,0.0,0.0,0.0,0.0,0.0,0.0,2002,radio,0.5
5,1,lr5e-05_bs32_modL1_fusion64_fusionL1_drop0p2_trmiss50_trlocradio,32,5e-05,1,64,1,0.2,lr5e-05_bs32_modL1_fusion64_fusionL1_drop0p2_trmiss50_trlocradio,10,0.6044836044311523,0.705209881067276,0.49789915966386555,0.6170766345111764,0.4888888888888889,0.0,0.0,0.0,0.0,0.0,0.0,0.0,0.0,0.0,2002,radio,0.5
5,1,lr5e-05_bs32_modL1_fusion64_fusionL1_drop0p2_trmiss50_trlocradio,32,5e-05,1,64,1,0.2,lr5e-05_bs32_modL1_fusion64_fusionL1_drop0p2_trmiss50_trlocradio,11,0.6006987988948822,0.7051093280315399,0.4999999999999999,0.6242494015896599,0.4888888888888889,0.0,0.0,0.0,0.0,0.0,0.0,0.0,0.0,0.0,2002,radio,0.5
5,1,lr5e-05_bs32_modL1_fusion64_fusionL1_drop0p2_trmiss50_trlocradio,32,5e-05,1,64,1,0.2,lr5e-05_bs32_modL1_fusion64_fusionL1_drop0p2_trmiss50_trlocradio,12,0.59297776222229,0.7063149213790894,0.5,0.6302169154924977,0.4444444444444444,0.0,0.0,0.0,0.0,0.0,0.0,0.0,0.0,0.0,2002,radio,0.5
5,1,lr5e-05_bs32_modL1_fusion64_fusionL1_drop0p2_trmiss50_trlocradio,32,5e-05,1,64,1,0.2,lr5e-05_bs32_modL1_fusion64_fusionL1_drop0p2_trmiss50_trlocradio,13,0.5872477988402048,0.7042075097560883,0.5084033613445378,0.6341501458727724,0.4444444444444444,0.0,0.0,0.0,0.0,0.0,0.0,0.0,0.0,0.0,2002,radio,0.5
5,1,lr5e-05_bs32_modL1_fusion64_fusionL1_drop0p2_trmiss50_trlocradio,32,5e-05,1,64,1,0.2,lr5e-05_bs32_modL1_fusion64_fusionL1_drop0p2_trmiss50_trlocradio,14,0.5854336619377136,0.7000493109226227,0.5189075630252101,0.6421812882743592,0.5111111111111111,0.0,0.0,0.0,0.0,0.0,0.0,0.0,0.0,0.0,2002,radio,0.5
5,1,lr5e-05_bs32_modL1_fusion64_fusionL1_drop0p2_trmiss50_trlocradio,32,5e-05,1,64,1,0.2,lr5e-05_bs32_modL1_fusion64_fusionL1_drop0p2_trmiss50_trlocradio,15,0.5955165723959605,0.700455367565155,0.5147058823529411,0.6429518236411395,0.4444444444444444,0.0,0.0,0.0,0.0,0.0,0.0,0.0,0.0,0.0,2002,radio,0.5
5,1,lr5e-05_bs32_modL1_fusion64_fusionL1_drop0p2_trmiss50_trlocradio,32,5e-05,1,64,1,0.2,lr5e-05_bs32_modL1_fusion64_fusionL1_drop0p2_trmiss50_trlocradio,16,0.5874158442020416,0.7008774280548096,0.5084033613445378,0.6380425116694228,0.4444444444444444,0.0,0.0,0.0,0.0,0.0,0.0,0.0,0.0,0.0,2002,radio,0.5
5,1,lr5e-05_bs32_modL1_fusion64_fusionL1_drop0p2_trmiss50_trlocradio,32,5e-05,1,64,1,0.2,lr5e-05_bs32_modL1_fusion64_fusionL1_drop0p2_trmiss50_trlocradio,17,0.601305623849233,0.7006575763225555,0.49789915966386555,0.6337040260809372,0.4666666666666667,0.0,0.0,0.0,0.0,0.0,0.0,0.0,0.0,0.0,2002,radio,0.5
5,1,lr5e-05_bs32_modL1_fusion64_fusionL1_drop0p2_trmiss50_trlocradio,32,5e-05,1,64,1,0.2,lr5e-05_bs32_modL1_fusion64_fusionL1_drop0p2_trmiss50_trlocradio,18,0.5908566613992056,0.7021730840206146,0.5042016806722689,0.6416089782716036,0.4444444444444444,0.0,0.0,0.0,0.0,0.0,0.0,0.0,0.0,0.0,2002,radio,0.5
5,1,lr5e-05_bs32_modL1_fusion64_fusionL1_drop0p2_trmiss50_trlocradio,32,5e-05,1,64,1,0.2,lr5e-05_bs32_modL1_fusion64_fusionL1_drop0p2_trmiss50_trlocradio,19,0.578702469666799,0.7043732702732086,0.4915966386554622,0.6303678188591058,0.4444444444444444,0.0,0.0,0.0,0.0,0.0,0.0,0.0,0.0,0.0,2002,radio,0.5
5,1,lr5e-05_bs32_modL1_fusion64_fusionL1_drop0p2_trmiss50_trlocradio,32,5e-05,1,64,1,0.2,lr5e-05_bs32_modL1_fusion64_fusionL1_drop0p2_trmiss50_trlocradio,20,0.5800653149684271,0.7044556140899658,0.4873949579831933,0.6273329648359264,0.4444444444444444,0.0,0.0,0.0,0.0,0.0,0.0,0.0,0.0,0.0,2002,radio,0.5
5,1,lr5e-05_bs32_modL1_fusion64_fusionL1_drop0p2_trmiss50_trlocradio,32,5e-05,1,64,1,0.2,lr5e-05_bs32_modL1_fusion64_fusionL1_drop0p2_trmiss50_trlocradio,21,0.5860886772473654,0.7060112059116364,0.4852941176470588,0.6266767467798825,0.4222222222222222,0.0,0.0,0.0,0.0,0.0,0.0,0.0,0.0,0.0,2002,radio,0.5
5,1,lr5e-05_bs32_modL1_fusion64_fusionL1_drop0p2_trmiss50_trlocradio,32,5e-05,1,64,1,0.2,lr5e-05_bs32_modL1_fusion64_fusionL1_drop0p2_trmiss50_trlocradio,22,0.5892253518104553,0.7060970067977905,0.48739495798319327,0.6253638499908717,0.4444444444444444,0.0,0.0,0.0,0.0,0.0,0.0,0.0,0.0,0.0,2002,radio,0.5
5,1,lr5e-05_bs32_modL1_fusion64_fusionL1_drop0p2_trmiss50_trlocradio,32,5e-05,1,64,1,0.2,lr5e-05_bs32_modL1_fusion64_fusionL1_drop0p2_trmiss50_trlocradio,23,0.5883560081322988,0.7077219486236572,0.48109243697478987,0.6261170156670155,0.4222222222222222,0.0,0.0,0.0,0.0,0.0,0.0,0.0,0.0,0.0,2002,radio,0.5
5,1,lr5e-05_bs32_modL1_fusion64_fusionL1_drop0p2_trmiss50_trlocradio,32,5e-05,1,64,1,0.2,lr5e-05_bs32_modL1_fusion64_fusionL1_drop0p2_trmiss50_trlocradio,24,0.584504634141922,0.7076209485530853,0.476890756302521,0.6134299408370836,0.4666666666666667,0.0,0.0,0.0,0.0,0.0,0.0,0.0,0.0,0.0,2002,radio,0.5
5,1,lr5e-05_bs32_modL1_fusion64_fusionL1_drop0p2_trmiss50_trlocradio,32,5e-05,1,64,1,0.2,lr5e-05_bs32_modL1_fusion64_fusionL1_drop0p2_trmiss50_trlocradio,25,0.5655715962251028,0.708903968334198,0.47689075630252103,0.6187393758851946,0.4444444444444444,0.0,0.0,0.0,0.0,0.0,0.0,0.0,0.0,0.0,2002,radio,0.5
5,1,lr5e-05_bs32_modL1_fusion64_fusionL1_drop0p2_trmiss50_trlocradio,32,5e-05,1,64,1,0.2,lr5e-05_bs32_modL1_fusion64_fusionL1_drop0p2_trmiss50_trlocradio,26,0.5790487229824066,0.7079157829284668,0.47689075630252103,0.6171917568375755,0.4666666666666667,0.0,0.0,0.0,0.0,0.0,0.0,0.0,0.0,0.0,2002,radio,0.5
5,1,lr5e-05_bs32_modL1_fusion64_fusionL1_drop0p2_trmiss50_trlocradio,32,5e-05,1,64,1,0.2,lr5e-05_bs32_modL1_fusion64_fusionL1_drop0p2_trmiss50_trlocradio,27,0.5744354426860809,0.7064388990402222,0.48109243697478987,0.6235720298593762,0.4444444444444444,0.0,0.0,0.0,0.0,0.0,0.0,0.0,0.0,0.0,2002,radio,0.5
5,1,lr5e-05_bs32_modL1_fusion64_fusionL1_drop0p2_trmiss50_trlocradio,32,5e-05,1,64,1,0.2,lr5e-05_bs32_modL1_fusion64_fusionL1_drop0p2_trmiss50_trlocradio,28,0.5589760442574819,0.7059761881828308,0.48949579831932777,0.6255377832005192,0.4444444444444444,0.0,0.0,0.0,0.0,0.0,0.0,0.0,0.0,0.0,2002,radio,0.5
5,1,lr5e-05_bs32_modL1_fusion64_fusionL1_drop0p2_trmiss50_trlocradio,32,5e-05,1,64,1,0.2,lr5e-05_bs32_modL1_fusion64_fusionL1_drop0p2_trmiss50_trlocradio,29,0.5843383173147837,0.706412672996521,0.4810924369747899,0.6216831997958377,0.4222222222222222,0.0,0.0,0.0,0.0,0.0,0.0,0.0,0.0,0.0,2002,radio,0.5
5,1,lr5e-05_bs32_modL1_fusion64_fusionL1_drop0p2_trmiss50_trlocradio,32,5e-05,1,64,1,0.2,lr5e-05_bs32_modL1_fusion64_fusionL1_drop0p2_trmiss50_trlocradio,30,0.5665731628735861,0.7071503698825836,0.48109243697479,0.6212301390902435,0.4444444444444444,0.0,0.0,0.0,0.0,0.0,0.0,0.0,0.0,0.0,2002,radio,0.5
5,1,lr5e-05_bs32_modL1_fusion64_fusionL1_drop0p2_trmiss50_trlocradio,32,5e-05,1,64,1,0.2,lr5e-05_bs32_modL1_fusion64_fusionL1_drop0p2_trmiss50_trlocradio,31,0.569146066904068,0.7051193416118622,0.4789915966386555,0.6188935999849533,0.4444444444444444,0.0,0.0,0.0,0.0,0.0,0.0,0.0,0.0,0.0,2002,radio,0.5
5,1,lr5e-05_bs32_modL1_fusion64_fusionL1_drop0p2_trmiss50_trlocradio,32,5e-05,1,64,1,0.2,lr5e-05_bs32_modL1_fusion64_fusionL1_drop0p2_trmiss50_trlocradio,32,0.5786997079849243,0.7069146037101746,0.476890756302521,0.6183543598986748,0.4444444444444444,0.0,0.0,0.0,0.0,0.0,0.0,0.0,0.0,0.0,2002,radio,0.5
5,1,lr5e-05_bs32_modL1_fusion64_fusionL1_drop0p2_trmiss50_trlocradio,32,5e-05,1,64,1,0.2,lr5e-05_bs32_modL1_fusion64_fusionL1_drop0p2_trmiss50_trlocradio,33,0.5728863775730133,0.706373929977417,0.4789915966386554,0.621407527694874,0.4444444444444444,0.0,0.0,0.0,0.0,0.0,0.0,0.0,0.0,0.0,2002,radio,0.5
5,1,lr5e-05_bs32_modL1_fusion64_fusionL1_drop0p2_trmiss50_trlocradio,32,5e-05,1,64,1,0.2,lr5e-05_bs32_modL1_fusion64_fusionL1_drop0p2_trmiss50_trlocradio,34,0.5590519309043884,0.7061416208744049,0.4852941176470588,0.6246887992688285,0.4222222222222222,0.0,0.0,0.0,0.0,0.0,0.0,0.0,0.0,0.0,2002,radio,0.5
5,1,lr5e-05_bs32_modL1_fusion64_fusionL1_drop0p1_trmiss50_trlocradio,32,5e-05,1,64,1,0.1,lr5e-05_bs32_modL1_fusion64_fusionL1_drop0p1_trmiss50_trlocradio,1,0.6539690097173055,0.6779471039772034,0.6491596638655464,0.7267586083540405,0.6222222222222222,0.0,0.0,0.0,0.0,0.0,0.0,0.0,0.0,0.0,2002,radio,0.5
5,1,lr5e-05_bs32_modL1_fusion64_fusionL1_drop0p1_trmiss50_trlocradio,32,5e-05,1,64,1,0.1,lr5e-05_bs32_modL1_fusion64_fusionL1_drop0p1_trmiss50_trlocradio,2,0.626738965511322,0.6739068627357483,0.657563025210084,0.7357918447182554,0.6444444444444445,0.0,0.0,0.0,0.0,0.0,0.0,0.0,0.0,0.0,2002,radio,0.5
5,1,lr5e-05_bs32_modL1_fusion64_fusionL1_drop0p1_trmiss50_trlocradio,32,5e-05,1,64,1,0.1,lr5e-05_bs32_modL1_fusion64_fusionL1_drop0p1_trmiss50_trlocradio,3,0.5916997194290161,0.6719037294387817,0.6617647058823529,0.7379926891957198,0.6222222222222222,0.0,0.0,0.0,0.0,0.0,0.0,0.0,0.0,0.0,2002,radio,0.5
5,1,lr5e-05_bs32_modL1_fusion64_fusionL1_drop0p1_trmiss50_trlocradio,32,5e-05,1,64,1,0.1,lr5e-05_bs32_modL1_fusion64_fusionL1_drop0p1_trmiss50_trlocradio,4,0.5870357056458791,0.674756646156311,0.6260504201680672,0.7215237888371864,0.6,0.0,0.0,0.0,0.0,0.0,0.0,0.0,0.0,0.0,2002,radio,0.5
5,1,lr5e-05_bs32_modL1_fusion64_fusionL1_drop0p1_trmiss50_trlocradio,32,5e-05,1,64,1,0.1,lr5e-05_bs32_modL1_fusion64_fusionL1_drop0p1_trmiss50_trlocradio,5,0.575575441122055,0.6763729751110077,0.6197478991596639,0.7149395719131953,0.6,0.0,0.0,0.0,0.0,0.0,0.0,0.0,0.0,0.0,2002,radio,0.5
5,1,lr5e-05_bs32_modL1_fusion64_fusionL1_drop0p1_trmiss50_trlocradio,32,5e-05,1,64,1,0.1,lr5e-05_bs32_modL1_fusion64_fusionL1_drop0p1_trmiss50_trlocradio,6,0.5766841471195221,0.6747743189334869,0.6113445378151261,0.7054529452439522,0.6,0.0,0.0,0.0,0.0,0.0,0.0,0.0,0.0,0.0,2002,radio,0.5
5,1,lr5e-05_bs32_modL1_fusion64_fusionL1_drop0p1_trmiss50_trlocradio,32,5e-05,1,64,1,0.1,lr5e-05_bs32_modL1_fusion64_fusionL1_drop0p1_trmiss50_trlocradio,7,0.547529548406601,0.6734186112880707,0.6008403361344538,0.6976788507241681,0.6,0.0,0.0,0.0,0.0,0.0,0.0,0.0,0.0,0.0,2002,radio,0.5
5,1,lr5e-05_bs32_modL1_fusion64_fusionL1_drop0p1_trmiss50_trlocradio,32,5e-05,1,64,1,0.1,lr5e-05_bs32_modL1_fusion64_fusionL1_drop0p1_trmiss50_trlocradio,8,0.5491870840390524,0.6756143867969513,0.5903361344537815,0.6883684190452931,0.6,0.0,0.0,0.0,0.0,0.0,0.0,0.0,0.0,0.0,2002,radio,0.5
5,1,lr5e-05_bs32_modL1_fusion64_fusionL1_drop0p1_trmiss50_trlocradio,32,5e-05,1,64,1,0.1,lr5e-05_bs32_modL1_fusion64_fusionL1_drop0p1_trmiss50_trlocradio,9,0.5382225116093954,0.6749762296676636,0.5903361344537815,0.6909532168620968,0.6,0.0,0.0,0.0,0.0,0.0,0.0,0.0,0.0,0.0,2002,radio,0.5
5,1,lr5e-05_bs32_modL1_fusion64_fusionL1_drop0p1_trmiss50_trlocradio,32,5e-05,1,64,1,0.1,lr5e-05_bs32_modL1_fusion64_fusionL1_drop0p1_trmiss50_trlocradio,10,0.5193225393692652,0.6784871220588684,0.569327731092437,0.6829195507294566,0.6,0.0,0.0,0.0,0.0,0.0,0.0,0.0,0.0,0.0,2002,radio,0.5
5,1,lr5e-05_bs32_modL1_fusion64_fusionL1_drop0p1_trmiss50_trlocradio,32,5e-05,1,64,1,0.1,lr5e-05_bs32_modL1_fusion64_fusionL1_drop0p1_trmiss50_trlocradio,11,0.5336479743321737,0.678427517414093,0.5651260504201681,0.6869693715212233,0.6,0.0,0.0,0.0,0.0,0.0,0.0,0.0,0.0,0.0,2002,radio,0.5
5,1,lr5e-05_bs32_modL1_fusion64_fusionL1_drop0p1_trmiss50_trlocradio,32,5e-05,1,64,1,0.1,lr5e-05_bs32_modL1_fusion64_fusionL1_drop0p1_trmiss50_trlocradio,12,0.5151974707841873,0.675171822309494,0.5840336134453782,0.6981699872688774,0.6222222222222222,0.0,0.0,0.0,0.0,0.0,0.0,0.0,0.0,0.0,2002,radio,0.5
5,1,lr5e-05_bs32_modL1_fusion64_fusionL1_drop0p1_trmiss50_trlocradio,32,5e-05,1,64,1,0.1,lr5e-05_bs32_modL1_fusion64_fusionL1_drop0p1_trmiss50_trlocradio,13,0.5048585484425226,0.6738329827785492,0.5945378151260504,0.7029023749875801,0.6222222222222222,0.0,0.0,0.0,0.0,0.0,0.0,0.0,0.0,0.0,2002,radio,0.5
5,1,lr5e-05_bs32_modL1_fusion64_fusionL1_drop0p1_trmiss50_trlocradio,32,5e-05,1,64,1,0.1,lr5e-05_bs32_modL1_fusion64_fusionL1_drop0p1_trmiss50_trlocradio,14,0.5080371846755346,0.6724929809570312,0.5945378151260504,0.7042543463510327,0.6,0.0,0.0,0.0,0.0,0.0,0.0,0.0,0.0,0.0,2002,radio,0.5
5,1,lr5e-05_bs32_modL1_fusion64_fusionL1_drop0p1_trmiss50_trlocradio,32,5e-05,1,64,1,0.1,lr5e-05_bs32_modL1_fusion64_fusionL1_drop0p1_trmiss50_trlocradio,15,0.49237362047036487,0.6726770102977753,0.5987394957983193,0.7058038550433985,0.6222222222222222,0.0,0.0,0.0,0.0,0.0,0.0,0.0,0.0,0.0,2002,radio,0.5
5,1,lr5e-05_bs32_modL1_fusion64_fusionL1_drop0p1_trmiss50_trlocradio,32,5e-05,1,64,1,0.1,lr5e-05_bs32_modL1_fusion64_fusionL1_drop0p1_trmiss50_trlocradio,16,0.48102549215157825,0.674173891544342,0.588235294117647,0.6971028003926271,0.6222222222222222,0.0,0.0,0.0,0.0,0.0,0.0,0.0,0.0,0.0,2002,radio,0.5
5,1,lr5e-05_bs32_modL1_fusion64_fusionL1_drop0p1_trmiss50_trlocradio,32,5e-05,1,64,1,0.1,lr5e-05_bs32_modL1_fusion64_fusionL1_drop0p1_trmiss50_trlocradio,17,0.5036174555619558,0.6748603582382202,0.5819327731092437,0.6920048403113876,0.6,0.0,0.0,0.0,0.0,0.0,0.0,0.0,0.0,0.0,2002,radio,0.5
5,1,lr5e-05_bs32_modL1_fusion64_fusionL1_drop0p1_trmiss50_trlocradio,32,5e-05,1,64,1,0.1,lr5e-05_bs32_modL1_fusion64_fusionL1_drop0p1_trmiss50_trlocradio,18,0.48425104717413586,0.6768588423728943,0.5798319327731093,0.6895425852496593,0.6,0.0,0.0,0.0,0.0,0.0,0.0,0.0,0.0,0.0,2002,radio,0.5
5,1,lr5e-05_bs32_modL1_fusion64_fusionL1_drop0p1_trmiss50_trlocradio,32,5e-05,1,64,1,0.1,lr5e-05_bs32_modL1_fusion64_fusionL1_drop0p1_trmiss50_trlocradio,19,0.48784680664539337,0.6792681217193604,0.5630252100840336,0.6819435197686649,0.6,0.0,0.0,0.0,0.0,0.0,0.0,0.0,0.0,0.0,2002,radio,0.5
5,1,lr5e-05_bs32_modL1_fusion64_fusionL1_drop0p1_trmiss50_trlocradio,32,5e-05,1,64,1,0.1,lr5e-05_bs32_modL1_fusion64_fusionL1_drop0p1_trmiss50_trlocradio,20,0.4884725163380305,0.6795616745948792,0.5672268907563025,0.6842195752668739,0.6,0.0,0.0,0.0,0.0,0.0,0.0,0.0,0.0,0.0,2002,radio,0.5
5,1,lr5e-05_bs32_modL1_fusion64_fusionL1_drop0p1_trmiss50_trlocradio,32,5e-05,1,64,1,0.1,lr5e-05_bs32_modL1_fusion64_fusionL1_drop0p1_trmiss50_trlocradio,21,0.48191508650779724,0.6753737330436707,0.5861344537815126,0.6978470615595312,0.6,0.0,0.0,0.0,0.0,0.0,0.0,0.0,0.0,0.0,2002,radio,0.5
5,1,lr5e-05_bs32_modL1_fusion64_fusionL1_drop0p1_trmiss50_trlocradio,32,5e-05,1,64,1,0.1,lr5e-05_bs32_modL1_fusion64_fusionL1_drop0p1_trmiss50_trlocradio,22,0.47557442386945087,0.6751222312450409,0.5777310924369747,0.6950041064706597,0.6,0.0,0.0,0.0,0.0,0.0,0.0,0.0,0.0,0.0,2002,radio,0.5
5,1,lr5e-05_bs32_modL1_fusion64_fusionL1_drop0p1_trmiss50_trlocradio,32,5e-05,1,64,1,0.1,lr5e-05_bs32_modL1_fusion64_fusionL1_drop0p1_trmiss50_trlocradio,23,0.47429271539052326,0.675020307302475,0.5840336134453782,0.6911448550358962,0.6,0.0,0.0,0.0,0.0,0.0,0.0,0.0,0.0,0.0,2002,radio,0.5
5,1,lr5e-05_bs32_modL1_fusion64_fusionL1_drop0p1_trmiss50_trlocradio,32,5e-05,1,64,1,0.1,lr5e-05_bs32_modL1_fusion64_fusionL1_drop0p1_trmiss50_trlocradio,24,0.4716914544502894,0.673731803894043,0.5903361344537815,0.699390200320412,0.6,0.0,0.0,0.0,0.0,0.0,0.0,0.0,0.0,0.0,2002,radio,0.5
5,1,lr5e-05_bs32_modL1_fusion64_fusionL1_drop0p1_trmiss50_trlocradio,32,5e-05,1,64,1,0.1,lr5e-05_bs32_modL1_fusion64_fusionL1_drop0p1_trmiss50_trlocradio,25,0.4915175288915634,0.6741891503334045,0.5882352941176471,0.6986605536230234,0.6,0.0,0.0,0.0,0.0,0.0,0.0,0.0,0.0,0.0,2002,radio,0.5
5,1,lr1e-04_bs32_modL1_fusion32_fusionL1_drop0p2_trmiss50_trlocradio,32,0.0001,1,32,1,0.2,lr1e-04_bs32_modL1_fusion32_fusionL1_drop0p2_trmiss50_trlocradio,1,0.7707362274328867,0.6876605451107025,0.4831932773109244,0.6543151423671089,0.6222222222222222,0.0,0.0,0.0,0.0,0.0,0.0,0.0,0.0,0.0,2002,radio,0.5
5,1,lr1e-04_bs32_modL1_fusion32_fusionL1_drop0p2_trmiss50_trlocradio,32,0.0001,1,32,1,0.2,lr1e-04_bs32_modL1_fusion32_fusionL1_drop0p2_trmiss50_trlocradio,2,0.7307757437229156,0.694775402545929,0.44117647058823534,0.6378100443707618,0.4444444444444444,0.0,0.0,0.0,0.0,0.0,0.0,0.0,0.0,0.0,2002,radio,0.5
5,1,lr1e-04_bs32_modL1_fusion32_fusionL1_drop0p2_trmiss50_trlocradio,32,0.0001,1,32,1,0.2,lr1e-04_bs32_modL1_fusion32_fusionL1_drop0p2_trmiss50_trlocradio,3,0.70643749833107,0.6965954005718231,0.48949579831932777,0.6695293577975784,0.4666666666666667,0.0,0.0,0.0,0.0,0.0,0.0,0.0,0.0,0.0,2002,radio,0.5
5,1,lr1e-04_bs32_modL1_fusion32_fusionL1_drop0p2_trmiss50_trlocradio,32,0.0001,1,32,1,0.2,lr1e-04_bs32_modL1_fusion32_fusionL1_drop0p2_trmiss50_trlocradio,4,0.680404374996821,0.6989478766918182,0.5063025210084033,0.6769714076124028,0.4666666666666667,0.0,0.0,0.0,0.0,0.0,0.0,0.0,0.0,0.0,2002,radio,0.5
5,1,lr1e-04_bs32_modL1_fusion32_fusionL1_drop0p2_trmiss50_trlocradio,32,0.0001,1,32,1,0.2,lr1e-04_bs32_modL1_fusion32_fusionL1_drop0p2_trmiss50_trlocradio,5,0.6674337486426035,0.7012984752655029,0.5084033613445378,0.6910227247818093,0.4888888888888889,0.0,0.0,0.0,0.0,0.0,0.0,0.0,0.0,0.0,2002,radio,0.5
5,1,lr1e-04_bs32_modL1_fusion32_fusionL1_drop0p2_trmiss50_trlocradio,32,0.0001,1,32,1,0.2,lr1e-04_bs32_modL1_fusion32_fusionL1_drop0p2_trmiss50_trlocradio,6,0.6568205157915751,0.7056678831577301,0.49789915966386555,0.6801822692466843,0.4666666666666667,0.0,0.0,0.0,0.0,0.0,0.0,0.0,0.0,0.0,2002,radio,0.5
5,1,lr1e-04_bs32_modL1_fusion32_fusionL1_drop0p2_trmiss50_trlocradio,32,0.0001,1,32,1,0.2,lr1e-04_bs32_modL1_fusion32_fusionL1_drop0p2_trmiss50_trlocradio,7,0.6195733845233917,0.7032612264156342,0.523109243697479,0.6832197081348326,0.4666666666666667,0.0,0.0,0.0,0.0,0.0,0.0,0.0,0.0,0.0,2002,radio,0.5
5,1,lr1e-04_bs32_modL1_fusion32_fusionL1_drop0p2_trmiss50_trlocradio,32,0.0001,1,32,1,0.2,lr1e-04_bs32_modL1_fusion32_fusionL1_drop0p2_trmiss50_trlocradio,8,0.6130036016305288,0.6978805959224701,0.542016806722689,0.6919379057277282,0.4222222222222222,0.0,0.0,0.0,0.0,0.0,0.0,0.0,0.0,0.0,2002,radio,0.5
5,1,lr1e-04_bs32_modL1_fusion32_fusionL1_drop0p2_trmiss50_trlocradio,32,0.0001,1,32,1,0.2,lr1e-04_bs32_modL1_fusion32_fusionL1_drop0p2_trmiss50_trlocradio,9,0.6221382121245066,0.6970107853412628,0.5630252100840336,0.7010769825299208,0.4666666666666667,0.0,0.0,0.0,0.0,0.0,0.0,0.0,0.0,0.0,2002,radio,0.5
5,1,lr1e-04_bs32_modL1_fusion32_fusionL1_drop0p2_trmiss50_trlocradio,32,0.0001,1,32,1,0.2,lr1e-04_bs32_modL1_fusion32_fusionL1_drop0p2_trmiss50_trlocradio,10,0.6139578819274902,0.696645587682724,0.5630252100840336,0.6985177731828655,0.4888888888888889,0.0,0.0,0.0,0.0,0.0,0.0,0.0,0.0,0.0,2002,radio,0.5
5,1,lr1e-04_bs32_modL1_fusion32_fusionL1_drop0p2_trmiss50_trlocradio,32,0.0001,1,32,1,0.2,lr1e-04_bs32_modL1_fusion32_fusionL1_drop0p2_trmiss50_trlocradio,11,0.5840390026569366,0.6948844790458679,0.5672268907563025,0.693885761081408,0.4222222222222222,0.0,0.0,0.0,0.0,0.0,0.0,0.0,0.0,0.0,2002,radio,0.5
5,1,lr1e-04_bs32_modL1_fusion32_fusionL1_drop0p2_trmiss50_trlocradio,32,0.0001,1,32,1,0.2,lr1e-04_bs32_modL1_fusion32_fusionL1_drop0p2_trmiss50_trlocradio,12,0.5969064831733704,0.6912503242492676,0.5714285714285714,0.6978806095484203,0.4444444444444444,0.0,0.0,0.0,0.0,0.0,0.0,0.0,0.0,0.0,2002,radio,0.5
5,1,lr1e-04_bs32_modL1_fusion32_fusionL1_drop0p2_trmiss50_trlocradio,32,0.0001,1,32,1,0.2,lr1e-04_bs32_modL1_fusion32_fusionL1_drop0p2_trmiss50_trlocradio,13,0.6027020514011383,0.6898420751094818,0.5714285714285714,0.702143517342967,0.4222222222222222,0.0,0.0,0.0,0.0,0.0,0.0,0.0,0.0,0.0,2002,radio,0.5
5,1,lr1e-04_bs32_modL1_fusion32_fusionL1_drop0p2_trmiss50_trlocradio,32,0.0001,1,32,1,0.2,lr1e-04_bs32_modL1_fusion32_fusionL1_drop0p2_trmiss50_trlocradio,14,0.5820530553658804,0.6885041296482086,0.5651260504201681,0.6974662438970571,0.4444444444444444,0.0,0.0,0.0,0.0,0.0,0.0,0.0,0.0,0.0,2002,radio,0.5
5,1,lr1e-04_bs32_modL1_fusion32_fusionL1_drop0p2_trmiss50_trlocradio,32,0.0001,1,32,1,0.2,lr1e-04_bs32_modL1_fusion32_fusionL1_drop0p2_trmiss50_trlocradio,15,0.564604659875234,0.6900797188282013,0.5609243697478992,0.6971224818676471,0.4222222222222222,0.0,0.0,0.0,0.0,0.0,0.0,0.0,0.0,0.0,2002,radio,0.5
5,1,lr1e-04_bs32_modL1_fusion32_fusionL1_drop0p2_trmiss50_trlocradio,32,0.0001,1,32,1,0.2,lr1e-04_bs32_modL1_fusion32_fusionL1_drop0p2_trmiss50_trlocradio,16,0.5601938962936401,0.6913678646087646,0.5567226890756303,0.7058060814603169,0.4,0.0,0.0,0.0,0.0,0.0,0.0,0.0,0.0,0.0,2002,radio,0.5
5,1,lr1e-04_bs32_modL1_fusion32_fusionL1_drop0p2_trmiss50_trlocradio,32,0.0001,1,32,1,0.2,lr1e-04_bs32_modL1_fusion32_fusionL1_drop0p2_trmiss50_trlocradio,17,0.5479543209075928,0.6895650327205658,0.5546218487394958,0.7089785049092748,0.4444444444444444,0.0,0.0,0.0,0.0,0.0,0.0,0.0,0.0,0.0,2002,radio,0.5
5,1,lr1e-04_bs32_modL1_fusion32_fusionL1_drop0p2_trmiss50_trlocradio,32,0.0001,1,32,1,0.2,lr1e-04_bs32_modL1_fusion32_fusionL1_drop0p2_trmiss50_trlocradio,18,0.5489291151364645,0.6869625747203827,0.546218487394958,0.6987971896977148,0.4444444444444444,0.0,0.0,0.0,0.0,0.0,0.0,0.0,0.0,0.0,2002,radio,0.5
5,1,lr1e-04_bs32_modL1_fusion32_fusionL1_drop0p2_trmiss50_trlocradio,32,0.0001,1,32,1,0.2,lr1e-04_bs32_modL1_fusion32_fusionL1_drop0p2_trmiss50_trlocradio,19,0.5789048771063486,0.6872344315052032,0.5483193277310925,0.6980989860476651,0.4,0.0,0.0,0.0,0.0,0.0,0.0,0.0,0.0,0.0,2002,radio,0.5
5,1,lr1e-04_bs32_modL1_fusion32_fusionL1_drop0p2_trmiss50_trlocradio,32,0.0001,1,32,1,0.2,lr1e-04_bs32_modL1_fusion32_fusionL1_drop0p2_trmiss50_trlocradio,20,0.5526825686295828,0.6864968240261078,0.5546218487394958,0.6972055177345138,0.4444444444444444,0.0,0.0,0.0,0.0,0.0,0.0,0.0,0.0,0.0,2002,radio,0.5
5,1,lr1e-04_bs32_modL1_fusion32_fusionL1_drop0p2_trmiss50_trlocradio,32,0.0001,1,32,1,0.2,lr1e-04_bs32_modL1_fusion32_fusionL1_drop0p2_trmiss50_trlocradio,21,0.5557874441146851,0.6851407587528229,0.5651260504201681,0.7049753566382075,0.4666666666666667,0.0,0.0,0.0,0.0,0.0,0.0,0.0,0.0,0.0,2002,radio,0.5
5,1,lr1e-04_bs32_modL1_fusion32_fusionL1_drop0p2_trmiss50_trlocradio,32,0.0001,1,32,1,0.2,lr1e-04_bs32_modL1_fusion32_fusionL1_drop0p2_trmiss50_trlocradio,22,0.5493809183438619,0.68389031291008,0.5630252100840336,0.7076491579492268,0.4666666666666667,0.0,0.0,0.0,0.0,0.0,0.0,0.0,0.0,0.0,2002,radio,0.5
5,1,lr1e-04_bs32_modL1_fusion32_fusionL1_drop0p2_trmiss50_trlocradio,32,0.0001,1,32,1,0.2,lr1e-04_bs32_modL1_fusion32_fusionL1_drop0p2_trmiss50_trlocradio,23,0.5436549882094065,0.6841607987880707,0.569327731092437,0.7138029583858614,0.4666666666666667,0.0,0.0,0.0,0.0,0.0,0.0,0.0,0.0,0.0,2002,radio,0.5
5,1,lr1e-04_bs32_modL1_fusion32_fusionL1_drop0p2_trmiss50_trlocradio,32,0.0001,1,32,1,0.2,lr1e-04_bs32_modL1_fusion32_fusionL1_drop0p2_trmiss50_trlocradio,24,0.5557535191377004,0.6859862506389618,0.5714285714285714,0.7150589094842494,0.4444444444444444,0.0,0.0,0.0,0.0,0.0,0.0,0.0,0.0,0.0,2002,radio,0.5
5,1,lr1e-04_bs32_modL1_fusion32_fusionL1_drop0p2_trmiss50_trlocradio,32,0.0001,1,32,1,0.2,lr1e-04_bs32_modL1_fusion32_fusionL1_drop0p2_trmiss50_trlocradio,25,0.5518116652965546,0.6875333189964294,0.5714285714285714,0.7145478502871607,0.4888888888888889,0.0,0.0,0.0,0.0,0.0,0.0,0.0,0.0,0.0,2002,radio,0.5
5,1,lr1e-04_bs32_modL1_fusion32_fusionL1_drop0p2_trmiss50_trlocradio,32,0.0001,1,32,1,0.2,lr1e-04_bs32_modL1_fusion32_fusionL1_drop0p2_trmiss50_trlocradio,26,0.5289739966392517,0.6873306035995483,0.5630252100840336,0.7058024616035161,0.4222222222222222,0.0,0.0,0.0,0.0,0.0,0.0,0.0,0.0,0.0,2002,radio,0.5
5,1,lr1e-04_bs32_modL1_fusion32_fusionL1_drop0p2_trmiss50_trlocradio,32,0.0001,1,32,1,0.2,lr1e-04_bs32_modL1_fusion32_fusionL1_drop0p2_trmiss50_trlocradio,27,0.5369986097017924,0.6878758072853088,0.5504201680672269,0.6930605931035854,0.4,0.0,0.0,0.0,0.0,0.0,0.0,0.0,0.0,0.0,2002,radio,0.5
5,1,lr1e-04_bs32_modL1_fusion32_fusionL1_drop0p2_trmiss50_trlocradio,32,0.0001,1,32,1,0.2,lr1e-04_bs32_modL1_fusion32_fusionL1_drop0p2_trmiss50_trlocradio,28,0.5336385071277618,0.6861126124858856,0.5651260504201681,0.7082377798786785,0.4,0.0,0.0,0.0,0.0,0.0,0.0,0.0,0.0,0.0,2002,radio,0.5
5,1,lr1e-04_bs32_modL1_fusion32_fusionL1_drop0p2_trmiss50_trlocradio,32,0.0001,1,32,1,0.2,lr1e-04_bs32_modL1_fusion32_fusionL1_drop0p2_trmiss50_trlocradio,29,0.5383568704128265,0.6869305968284607,0.5630252100840336,0.7040151152030523,0.4,0.0,0.0,0.0,0.0,0.0,0.0,0.0,0.0,0.0,2002,radio,0.5
5,1,lr1e-04_bs32_modL1_fusion32_fusionL1_drop0p2_trmiss50_trlocradio,32,0.0001,1,32,1,0.2,lr1e-04_bs32_modL1_fusion32_fusionL1_drop0p2_trmiss50_trlocradio,30,0.530426820119222,0.6863821148872375,0.5546218487394958,0.6889331597676069,0.4,0.0,0.0,0.0,0.0,0.0,0.0,0.0,0.0,0.0,2002,radio,0.5
5,1,lr1e-04_bs32_modL1_fusion32_fusionL1_drop0p2_trmiss50_trlocradio,32,0.0001,1,32,1,0.2,lr1e-04_bs32_modL1_fusion32_fusionL1_drop0p2_trmiss50_trlocradio,31,0.51274473965168,0.6848373711109161,0.5483193277310925,0.685958163456513,0.4444444444444444,0.0,0.0,0.0,0.0,0.0,0.0,0.0,0.0,0.0,2002,radio,0.5
5,1,lr1e-04_bs32_modL1_fusion32_fusionL1_drop0p2_trmiss50_trlocradio,32,0.0001,1,32,1,0.2,lr1e-04_bs32_modL1_fusion32_fusionL1_drop0p2_trmiss50_trlocradio,32,0.5277843922376633,0.683278501033783,0.5525210084033614,0.6862406249729641,0.4444444444444444,0.0,0.0,0.0,0.0,0.0,0.0,0.0,0.0,0.0,2002,radio,0.5
5,1,lr1e-04_bs32_modL1_fusion32_fusionL1_drop0p2_trmiss50_trlocradio,32,0.0001,1,32,1,0.2,lr1e-04_bs32_modL1_fusion32_fusionL1_drop0p2_trmiss50_trlocradio,33,0.5304618378480276,0.6856121718883514,0.5672268907563025,0.6975646799599448,0.4666666666666667,0.0,0.0,0.0,0.0,0.0,0.0,0.0,0.0,0.0,2002,radio,0.5
5,1,lr1e-04_bs32_modL1_fusion32_fusionL1_drop0p2_trmiss50_trlocradio,32,0.0001,1,32,1,0.2,lr1e-04_bs32_modL1_fusion32_fusionL1_drop0p2_trmiss50_trlocradio,34,0.5095619062582651,0.6824977397918701,0.5588235294117647,0.6924627012815396,0.4444444444444444,0.0,0.0,0.0,0.0,0.0,0.0,0.0,0.0,0.0,2002,radio,0.5
5,1,lr1e-04_bs32_modL1_fusion32_fusionL1_drop0p2_trmiss50_trlocradio,32,0.0001,1,32,1,0.2,lr1e-04_bs32_modL1_fusion32_fusionL1_drop0p2_trmiss50_trlocradio,35,0.5211101969083151,0.6835943460464478,0.5525210084033614,0.688738248453423,0.4444444444444444,0.0,0.0,0.0,0.0,0.0,0.0,0.0,0.0,0.0,2002,radio,0.5
5,1,lr1e-04_bs32_modL1_fusion32_fusionL1_drop0p2_trmiss50_trlocradio,32,0.0001,1,32,1,0.2,lr1e-04_bs32_modL1_fusion32_fusionL1_drop0p2_trmiss50_trlocradio,36,0.5213346978028616,0.6850934326648712,0.5483193277310925,0.6837381880844478,0.4444444444444444,0.0,0.0,0.0,0.0,0.0,0.0,0.0,0.0,0.0,2002,radio,0.5
5,1,lr1e-04_bs32_modL1_fusion32_fusionL1_drop0p2_trmiss50_trlocradio,32,0.0001,1,32,1,0.2,lr1e-04_bs32_modL1_fusion32_fusionL1_drop0p2_trmiss50_trlocradio,37,0.5333880186080933,0.6864914894104004,0.5546218487394958,0.6924637616472062,0.4,0.0,0.0,0.0,0.0,0.0,0.0,0.0,0.0,0.0,2002,radio,0.5
5,1,lr1e-04_bs32_modL1_fusion32_fusionL1_drop0p2_trmiss50_trlocradio,32,0.0001,1,32,1,0.2,lr1e-04_bs32_modL1_fusion32_fusionL1_drop0p2_trmiss50_trlocradio,38,0.5090235074361166,0.6863090097904205,0.5504201680672269,0.6913163988892246,0.4,0.0,0.0,0.0,0.0,0.0,0.0,0.0,0.0,0.0,2002,radio,0.5
5,1,lr1e-04_bs32_modL1_fusion32_fusionL1_drop0p2_trmiss50_trlocradio,32,0.0001,1,32,1,0.2,lr1e-04_bs32_modL1_fusion32_fusionL1_drop0p2_trmiss50_trlocradio,39,0.5069044282039007,0.6848675608634949,0.5525210084033614,0.7038264028908252,0.4,0.0,0.0,0.0,0.0,0.0,0.0,0.0,0.0,0.0,2002,radio,0.5
5,1,lr1e-04_bs32_modL1_fusion32_fusionL1_drop0p2_trmiss50_trlocradio,32,0.0001,1,32,1,0.2,lr1e-04_bs32_modL1_fusion32_fusionL1_drop0p2_trmiss50_trlocradio,40,0.5177057286103567,0.6867087185382843,0.5609243697478992,0.69562932893125,0.4222222222222222,0.0,0.0,0.0,0.0,0.0,0.0,0.0,0.0,0.0,2002,radio,0.5
5,1,lr1e-04_bs32_modL1_fusion32_fusionL1_drop0p2_trmiss50_trlocradio,32,0.0001,1,32,1,0.2,lr1e-04_bs32_modL1_fusion32_fusionL1_drop0p2_trmiss50_trlocradio,41,0.4974787582953771,0.6835801005363464,0.5546218487394958,0.6894028451001625,0.4222222222222222,0.0,0.0,0.0,0.0,0.0,0.0,0.0,0.0,0.0,2002,radio,0.5
5,1,lr1e-04_bs32_modL1_fusion32_fusionL1_drop0p2_trmiss50_trlocradio,32,0.0001,1,32,1,0.2,lr1e-04_bs32_modL1_fusion32_fusionL1_drop0p2_trmiss50_trlocradio,42,0.5182550251483917,0.6844442784786224,0.5504201680672269,0.6971565811914697,0.4,0.0,0.0,0.0,0.0,0.0,0.0,0.0,0.0,0.0,2002,radio,0.5
5,1,lr1e-04_bs32_modL1_fusion32_fusionL1_drop0p2_trmiss50_trlocradio,32,0.0001,1,32,1,0.2,lr1e-04_bs32_modL1_fusion32_fusionL1_drop0p2_trmiss50_trlocradio,43,0.5327401260534922,0.6842692196369171,0.5567226890756303,0.6896162743949825,0.4666666666666667,0.0,0.0,0.0,0.0,0.0,0.0,0.0,0.0,0.0,2002,radio,0.5
5,1,lr1e-04_bs32_modL1_fusion32_fusionL1_drop0p2_trmiss50_trlocradio,32,0.0001,1,32,1,0.2,lr1e-04_bs32_modL1_fusion32_fusionL1_drop0p2_trmiss50_trlocradio,44,0.5027838349342346,0.6841928064823151,0.5609243697478992,0.7022075046661536,0.4444444444444444,0.0,0.0,0.0,0.0,0.0,0.0,0.0,0.0,0.0,2002,radio,0.5
5,1,lr1e-04_bs32_modL1_fusion32_fusionL1_drop0p1_trmiss50_trlocradio,32,0.0001,1,32,1,0.1,lr1e-04_bs32_modL1_fusion32_fusionL1_drop0p1_trmiss50_trlocradio,1,0.702042023340861,0.6922748684883118,0.546218487394958,0.655809833458453,0.5777777777777777,0.0,0.0,0.0,0.0,0.0,0.0,0.0,0.0,0.0,2002,radio,0.5
5,1,lr1e-04_bs32_modL1_fusion32_fusionL1_drop0p1_trmiss50_trlocradio,32,0.0001,1,32,1,0.1,lr1e-04_bs32_modL1_fusion32_fusionL1_drop0p1_trmiss50_trlocradio,2,0.6350612243016561,0.6906335055828094,0.5735294117647058,0.7076046930884295,0.6,0.0,0.0,0.0,0.0,0.0,0.0,0.0,0.0,0.0,2002,radio,0.5
5,1,lr1e-04_bs32_modL1_fusion32_fusionL1_drop0p1_trmiss50_trlocradio,32,0.0001,1,32,1,0.1,lr1e-04_bs32_modL1_fusion32_fusionL1_drop0p1_trmiss50_trlocradio,3,0.6119366586208344,0.6861510872840881,0.5840336134453781,0.7297939605378677,0.5777777777777777,0.0,0.0,0.0,0.0,0.0,0.0,0.0,0.0,0.0,2002,radio,0.5
5,1,lr1e-04_bs32_modL1_fusion32_fusionL1_drop0p1_trmiss50_trlocradio,32,0.0001,1,32,1,0.1,lr1e-04_bs32_modL1_fusion32_fusionL1_drop0p1_trmiss50_trlocradio,4,0.5781873563925425,0.6806234419345856,0.6071428571428572,0.7539932253454773,0.5555555555555556,0.0,0.0,0.0,0.0,0.0,0.0,0.0,0.0,0.0,2002,radio,0.5
5,1,lr1e-04_bs32_modL1_fusion32_fusionL1_drop0p1_trmiss50_trlocradio,32,0.0001,1,32,1,0.1,lr1e-04_bs32_modL1_fusion32_fusionL1_drop0p1_trmiss50_trlocradio,5,0.5562838713328043,0.6706142127513885,0.6470588235294118,0.7809703091663344,0.5777777777777777,0.0,0.0,0.0,0.0,0.0,0.0,0.0,0.0,0.0,2002,radio,0.5
5,1,lr1e-04_bs32_modL1_fusion32_fusionL1_drop0p1_trmiss50_trlocradio,32,0.0001,1,32,1,0.1,lr1e-04_bs32_modL1_fusion32_fusionL1_drop0p1_trmiss50_trlocradio,6,0.524633139371872,0.6607822477817535,0.6617647058823529,0.7946308383182296,0.5777777777777777,0.0,0.0,0.0,0.0,0.0,0.0,0.0,0.0,0.0,2002,radio,0.5
5,1,lr1e-04_bs32_modL1_fusion32_fusionL1_drop0p1_trmiss50_trlocradio,32,0.0001,1,32,1,0.1,lr1e-04_bs32_modL1_fusion32_fusionL1_drop0p1_trmiss50_trlocradio,7,0.5088566790024439,0.6605355739593506,0.6617647058823529,0.7873997202623032,0.5777777777777777,0.0,0.0,0.0,0.0,0.0,0.0,0.0,0.0,0.0,2002,radio,0.5
5,1,lr1e-04_bs32_modL1_fusion32_fusionL1_drop0p1_trmiss50_trlocradio,32,0.0001,1,32,1,0.1,lr1e-04_bs32_modL1_fusion32_fusionL1_drop0p1_trmiss50_trlocradio,8,0.49693361421426135,0.6580882668495178,0.6554621848739496,0.7860332348396094,0.6,0.0,0.0,0.0,0.0,0.0,0.0,0.0,0.0,0.0,2002,radio,0.5
5,1,lr1e-04_bs32_modL1_fusion32_fusionL1_drop0p1_trmiss50_trlocradio,32,0.0001,1,32,1,0.1,lr1e-04_bs32_modL1_fusion32_fusionL1_drop0p1_trmiss50_trlocradio,9,0.4730461041132609,0.6588364243507385,0.6365546218487395,0.7785809273661041,0.6,0.0,0.0,0.0,0.0,0.0,0.0,0.0,0.0,0.0,2002,radio,0.5
5,1,lr1e-04_bs32_modL1_fusion32_fusionL1_drop0p1_trmiss50_trlocradio,32,0.0001,1,32,1,0.1,lr1e-04_bs32_modL1_fusion32_fusionL1_drop0p1_trmiss50_trlocradio,10,0.47403918703397113,0.6566920876502991,0.6323529411764706,0.7671781772248255,0.6444444444444445,0.0,0.0,0.0,0.0,0.0,0.0,0.0,0.0,0.0,2002,radio,0.5
5,1,lr1e-04_bs32_modL1_fusion32_fusionL1_drop0p1_trmiss50_trlocradio,32,0.0001,1,32,1,0.1,lr1e-04_bs32_modL1_fusion32_fusionL1_drop0p1_trmiss50_trlocradio,11,0.46218520899613696,0.6498643755912781,0.6428571428571428,0.7664384906187817,0.6444444444444445,0.0,0.0,0.0,0.0,0.0,0.0,0.0,0.0,0.0,2002,radio,0.5
5,1,lr1e-04_bs32_modL1_fusion32_fusionL1_drop0p1_trmiss50_trlocradio,32,0.0001,1,32,1,0.1,lr1e-04_bs32_modL1_fusion32_fusionL1_drop0p1_trmiss50_trlocradio,12,0.4500824809074402,0.6508054733276367,0.634453781512605,0.7622742127938625,0.6,0.0,0.0,0.0,0.0,0.0,0.0,0.0,0.0,0.0,2002,radio,0.5
5,1,lr1e-04_bs32_modL1_fusion32_fusionL1_drop0p1_trmiss50_trlocradio,32,0.0001,1,32,1,0.1,lr1e-04_bs32_modL1_fusion32_fusionL1_drop0p1_trmiss50_trlocradio,13,0.44402095178763074,0.6583169996738434,0.615546218487395,0.7446844843147786,0.6444444444444445,0.0,0.0,0.0,0.0,0.0,0.0,0.0,0.0,0.0,2002,radio,0.5
5,1,lr1e-04_bs32_modL1_fusion32_fusionL1_drop0p1_trmiss50_trlocradio,32,0.0001,1,32,1,0.1,lr1e-04_bs32_modL1_fusion32_fusionL1_drop0p1_trmiss50_trlocradio,14,0.43126222987969715,0.658238559961319,0.6113445378151261,0.7458510850450165,0.6444444444444445,0.0,0.0,0.0,0.0,0.0,0.0,0.0,0.0,0.0,2002,radio,0.5
5,1,lr1e-04_bs32_modL1_fusion32_fusionL1_drop0p1_trmiss50_trlocradio,32,0.0001,1,32,1,0.1,lr1e-04_bs32_modL1_fusion32_fusionL1_drop0p1_trmiss50_trlocradio,15,0.42851944267749786,0.6536860167980194,0.6176470588235294,0.7418800504273371,0.6444444444444445,0.0,0.0,0.0,0.0,0.0,0.0,0.0,0.0,0.0,2002,radio,0.5
5,1,lr1e-04_bs32_modL1_fusion32_fusionL1_drop0p1_trmiss50_trlocradio,32,0.0001,1,32,1,0.1,lr1e-04_bs32_modL1_fusion32_fusionL1_drop0p1_trmiss50_trlocradio,16,0.4115398774544398,0.6570518314838409,0.6050420168067226,0.7316198147950369,0.6222222222222222,0.0,0.0,0.0,0.0,0.0,0.0,0.0,0.0,0.0,2002,radio,0.5
5,1,lr1e-04_bs32_modL1_fusion32_fusionL1_drop0p1_trmiss50_trlocradio,32,0.0001,1,32,1,0.1,lr1e-04_bs32_modL1_fusion32_fusionL1_drop0p1_trmiss50_trlocradio,17,0.4070036510626475,0.6551600396633148,0.6281512605042017,0.7461307118609642,0.6444444444444445,0.0,0.0,0.0,0.0,0.0,0.0,0.0,0.0,0.0,2002,radio,0.5
5,1,lr1e-04_bs32_modL1_fusion32_fusionL1_drop0p1_trmiss50_trlocradio,32,0.0001,1,32,1,0.1,lr1e-04_bs32_modL1_fusion32_fusionL1_drop0p1_trmiss50_trlocradio,18,0.37892236312230426,0.6555677354335785,0.6239495798319328,0.7398953768560665,0.6444444444444445,0.0,0.0,0.0,0.0,0.0,0.0,0.0,0.0,0.0,2002,radio,0.5
5,1,lr1e-04_bs32_modL1_fusion32_fusionL1_drop0p1_trmiss50_trlocradio,32,0.0001,1,32,1,0.1,lr1e-04_bs32_modL1_fusion32_fusionL1_drop0p1_trmiss50_trlocradio,19,0.3826015690962474,0.655146986246109,0.6365546218487395,0.7439239922176688,0.6222222222222222,0.0,0.0,0.0,0.0,0.0,0.0,0.0,0.0,0.0,2002,radio,0.5
5,1,lr1e-04_bs32_modL1_fusion32_fusionL1_drop0p1_trmiss50_trlocradio,32,0.0001,1,32,1,0.1,lr1e-04_bs32_modL1_fusion32_fusionL1_drop0p1_trmiss50_trlocradio,20,0.37828190128008526,0.657628059387207,0.6281512605042017,0.7339721913831916,0.6222222222222222,0.0,0.0,0.0,0.0,0.0,0.0,0.0,0.0,0.0,2002,radio,0.5
5,1,lr1e-04_bs32_modL1_fusion32_fusionL1_drop0p1_trmiss50_trlocradio,32,0.0001,1,32,1,0.1,lr1e-04_bs32_modL1_fusion32_fusionL1_drop0p1_trmiss50_trlocradio,21,0.3596865236759186,0.6614721417427063,0.6092436974789915,0.7217178130018109,0.6222222222222222,0.0,0.0,0.0,0.0,0.0,0.0,0.0,0.0,0.0,2002,radio,0.5
5,1,lr1e-04_bs32_modL1_fusion32_fusionL1_drop0p1_trmiss50_trlocradio,32,0.0001,1,32,1,0.1,lr1e-04_bs32_modL1_fusion32_fusionL1_drop0p1_trmiss50_trlocradio,22,0.3592059562603633,0.6620470583438873,0.6092436974789917,0.7239454999570326,0.6444444444444445,0.0,0.0,0.0,0.0,0.0,0.0,0.0,0.0,0.0,2002,radio,0.5
5,1,lr1e-04_bs32_modL1_fusion32_fusionL1_drop0p1_trmiss50_trlocradio,32,0.0001,1,32,1,0.1,lr1e-04_bs32_modL1_fusion32_fusionL1_drop0p1_trmiss50_trlocradio,23,0.35443665583928424,0.6611288487911224,0.6092436974789917,0.7185916360586502,0.6444444444444445,0.0,0.0,0.0,0.0,0.0,0.0,0.0,0.0,0.0,2002,radio,0.5
5,1,lr1e-04_bs32_modL1_fusion32_fusionL1_drop0p1_trmiss50_trlocradio,32,0.0001,1,32,1,0.1,lr1e-04_bs32_modL1_fusion32_fusionL1_drop0p1_trmiss50_trlocradio,24,0.35418397188186646,0.6621553599834442,0.6050420168067228,0.7167007481245291,0.6444444444444445,0.0,0.0,0.0,0.0,0.0,0.0,0.0,0.0,0.0,2002,radio,0.5
5,1,lr1e-04_bs32_modL1_fusion32_fusionL1_drop0p1_trmiss50_trlocradio,32,0.0001,1,32,1,0.1,lr1e-04_bs32_modL1_fusion32_fusionL1_drop0p1_trmiss50_trlocradio,25,0.36050249139467877,0.6600837409496307,0.5987394957983193,0.6945738371157724,0.6444444444444445,0.0,0.0,0.0,0.0,0.0,0.0,0.0,0.0,0.0,2002,radio,0.5
5,1,lr1e-04_bs32_modL1_fusion32_fusionL1_drop0p1_trmiss50_trlocradio,32,0.0001,1,32,1,0.1,lr1e-04_bs32_modL1_fusion32_fusionL1_drop0p1_trmiss50_trlocradio,26,0.3500807583332062,0.6622906029224396,0.6029411764705883,0.6789827046523957,0.6444444444444445,0.0,0.0,0.0,0.0,0.0,0.0,0.0,0.0,0.0,2002,radio,0.5
5,1,lr1e-04_bs32_modL1_fusion32_fusionL1_drop0p1_trmiss50_trlocradio,32,0.0001,1,32,1,0.1,lr1e-04_bs32_modL1_fusion32_fusionL1_drop0p1_trmiss50_trlocradio,27,0.34105904400348663,0.6565709710121155,0.6134453781512605,0.7032188537735584,0.6666666666666666,0.0,0.0,0.0,0.0,0.0,0.0,0.0,0.0,0.0,2002,radio,0.5
5,1,lr1e-04_bs32_modL1_fusion64_fusionL1_drop0p2_trmiss50_trlocradio,32,0.0001,1,64,1,0.2,lr1e-04_bs32_modL1_fusion64_fusionL1_drop0p2_trmiss50_trlocradio,1,0.6825396617253622,0.6769321858882904,0.6491596638655462,0.7940219692517806,0.6444444444444445,0.0,0.0,0.0,0.0,0.0,0.0,0.0,0.0,0.0,2002,radio,0.5
5,1,lr1e-04_bs32_modL1_fusion64_fusionL1_drop0p2_trmiss50_trlocradio,32,0.0001,1,64,1,0.2,lr1e-04_bs32_modL1_fusion64_fusionL1_drop0p2_trmiss50_trlocradio,2,0.6622735957304636,0.6761612594127655,0.5966386554621849,0.7424627686409278,0.6222222222222222,0.0,0.0,0.0,0.0,0.0,0.0,0.0,0.0,0.0,2002,radio,0.5
5,1,lr1e-04_bs32_modL1_fusion64_fusionL1_drop0p2_trmiss50_trlocradio,32,0.0001,1,64,1,0.2,lr1e-04_bs32_modL1_fusion64_fusionL1_drop0p2_trmiss50_trlocradio,3,0.6399024426937103,0.6771994233131409,0.5504201680672269,0.6992228051782343,0.6444444444444445,0.0,0.0,0.0,0.0,0.0,0.0,0.0,0.0,0.0,2002,radio,0.5
5,1,lr1e-04_bs32_modL1_fusion64_fusionL1_drop0p2_trmiss50_trlocradio,32,0.0001,1,64,1,0.2,lr1e-04_bs32_modL1_fusion64_fusionL1_drop0p2_trmiss50_trlocradio,4,0.6161059637864431,0.686642050743103,0.5231092436974789,0.6673036364556599,0.6,0.0,0.0,0.0,0.0,0.0,0.0,0.0,0.0,0.0,2002,radio,0.5
5,1,lr1e-04_bs32_modL1_fusion64_fusionL1_drop0p2_trmiss50_trlocradio,32,0.0001,1,64,1,0.2,lr1e-04_bs32_modL1_fusion64_fusionL1_drop0p2_trmiss50_trlocradio,5,0.596767415603002,0.6808291077613831,0.5336134453781514,0.6649646219051465,0.6222222222222222,0.0,0.0,0.0,0.0,0.0,0.0,0.0,0.0,0.0,2002,radio,0.5
5,1,lr1e-04_bs32_modL1_fusion64_fusionL1_drop0p2_trmiss50_trlocradio,32,0.0001,1,64,1,0.2,lr1e-04_bs32_modL1_fusion64_fusionL1_drop0p2_trmiss50_trlocradio,6,0.5890871187051138,0.6761632561683655,0.5525210084033614,0.6829685244249369,0.6222222222222222,0.0,0.0,0.0,0.0,0.0,0.0,0.0,0.0,0.0,2002,radio,0.5
5,1,lr1e-04_bs32_modL1_fusion64_fusionL1_drop0p2_trmiss50_trlocradio,32,0.0001,1,64,1,0.2,lr1e-04_bs32_modL1_fusion64_fusionL1_drop0p2_trmiss50_trlocradio,7,0.5694386065006256,0.6769999265670776,0.5630252100840336,0.6816843614983868,0.6222222222222222,0.0,0.0,0.0,0.0,0.0,0.0,0.0,0.0,0.0,2002,radio,0.5
5,1,lr1e-04_bs32_modL1_fusion64_fusionL1_drop0p2_trmiss50_trlocradio,32,0.0001,1,64,1,0.2,lr1e-04_bs32_modL1_fusion64_fusionL1_drop0p2_trmiss50_trlocradio,8,0.5586254994074503,0.6735627353191376,0.569327731092437,0.6853040922092829,0.6,0.0,0.0,0.0,0.0,0.0,0.0,0.0,0.0,0.0,2002,radio,0.5
5,1,lr1e-04_bs32_modL1_fusion64_fusionL1_drop0p2_trmiss50_trlocradio,32,0.0001,1,64,1,0.2,lr1e-04_bs32_modL1_fusion64_fusionL1_drop0p2_trmiss50_trlocradio,9,0.5280891060829163,0.6763801276683807,0.5693277310924371,0.6870598795734848,0.6,0.0,0.0,0.0,0.0,0.0,0.0,0.0,0.0,0.0,2002,radio,0.5
5,1,lr1e-04_bs32_modL1_fusion64_fusionL1_drop0p2_trmiss50_trlocradio,32,0.0001,1,64,1,0.2,lr1e-04_bs32_modL1_fusion64_fusionL1_drop0p2_trmiss50_trlocradio,10,0.5132083545128504,0.6768137812614441,0.5651260504201681,0.6790693859119898,0.6,0.0,0.0,0.0,0.0,0.0,0.0,0.0,0.0,0.0,2002,radio,0.5
5,1,lr1e-04_bs32_modL1_fusion64_fusionL1_drop0p2_trmiss50_trlocradio,32,0.0001,1,64,1,0.2,lr1e-04_bs32_modL1_fusion64_fusionL1_drop0p2_trmiss50_trlocradio,11,0.5066594084103903,0.67597895860672,0.569327731092437,0.6791265547283951,0.6,0.0,0.0,0.0,0.0,0.0,0.0,0.0,0.0,0.0,2002,radio,0.5
5,1,lr1e-04_bs32_modL1_fusion64_fusionL1_drop0p2_trmiss50_trlocradio,32,0.0001,1,64,1,0.2,lr1e-04_bs32_modL1_fusion64_fusionL1_drop0p2_trmiss50_trlocradio,12,0.4877013812462489,0.6755921542644501,0.5546218487394958,0.6719985101525151,0.5777777777777777,0.0,0.0,0.0,0.0,0.0,0.0,0.0,0.0,0.0,2002,radio,0.5
5,1,lr1e-04_bs32_modL1_fusion64_fusionL1_drop0p2_trmiss50_trlocradio,32,0.0001,1,64,1,0.2,lr1e-04_bs32_modL1_fusion64_fusionL1_drop0p2_trmiss50_trlocradio,13,0.5003630320231119,0.6760856211185455,0.5567226890756303,0.6740533212267847,0.5555555555555556,0.0,0.0,0.0,0.0,0.0,0.0,0.0,0.0,0.0,2002,radio,0.5
5,1,lr1e-04_bs32_modL1_fusion64_fusionL1_drop0p2_trmiss50_trlocradio,32,0.0001,1,64,1,0.2,lr1e-04_bs32_modL1_fusion64_fusionL1_drop0p2_trmiss50_trlocradio,14,0.47915440797805786,0.6820503175258636,0.5504201680672269,0.669457573905761,0.6222222222222222,0.0,0.0,0.0,0.0,0.0,0.0,0.0,0.0,0.0,2002,radio,0.5
5,1,lr1e-04_bs32_modL1_fusion64_fusionL1_drop0p2_trmiss50_trlocradio,32,0.0001,1,64,1,0.2,lr1e-04_bs32_modL1_fusion64_fusionL1_drop0p2_trmiss50_trlocradio,15,0.464436541001002,0.6845463812351227,0.5294117647058824,0.6511929740791701,0.6222222222222222,0.0,0.0,0.0,0.0,0.0,0.0,0.0,0.0,0.0,2002,radio,0.5
5,1,lr1e-04_bs32_modL1_fusion64_fusionL1_drop0p2_trmiss50_trlocradio,32,0.0001,1,64,1,0.2,lr1e-04_bs32_modL1_fusion64_fusionL1_drop0p2_trmiss50_trlocradio,16,0.4574718326330185,0.6886000633239746,0.5189075630252101,0.6437220265610198,0.6222222222222222,0.0,0.0,0.0,0.0,0.0,0.0,0.0,0.0,0.0,2002,radio,0.5
5,1,lr1e-04_bs32_modL1_fusion64_fusionL1_drop0p2_trmiss50_trlocradio,32,0.0001,1,64,1,0.2,lr1e-04_bs32_modL1_fusion64_fusionL1_drop0p2_trmiss50_trlocradio,17,0.4464137901862462,0.6912696063518524,0.5126050420168067,0.639864179709914,0.6,0.0,0.0,0.0,0.0,0.0,0.0,0.0,0.0,0.0,2002,radio,0.5
5,1,lr1e-04_bs32_modL1_fusion64_fusionL1_drop0p2_trmiss50_trlocradio,32,0.0001,1,64,1,0.2,lr1e-04_bs32_modL1_fusion64_fusionL1_drop0p2_trmiss50_trlocradio,18,0.4419047137101491,0.6910748183727264,0.5105042016806722,0.6381710833414342,0.6,0.0,0.0,0.0,0.0,0.0,0.0,0.0,0.0,0.0,2002,radio,0.5
5,1,lr1e-04_bs32_modL1_fusion64_fusionL1_drop0p2_trmiss50_trlocradio,32,0.0001,1,64,1,0.2,lr1e-04_bs32_modL1_fusion64_fusionL1_drop0p2_trmiss50_trlocradio,19,0.4448443253835042,0.6889022290706635,0.5147058823529412,0.6450294937187522,0.6,0.0,0.0,0.0,0.0,0.0,0.0,0.0,0.0,0.0,2002,radio,0.5
5,1,lr1e-04_bs32_modL1_fusion64_fusionL1_drop0p2_trmiss50_trlocradio,32,0.0001,1,64,1,0.2,lr1e-04_bs32_modL1_fusion64_fusionL1_drop0p2_trmiss50_trlocradio,20,0.4382988512516022,0.6883534789085388,0.5063025210084033,0.638131428937284,0.6222222222222222,0.0,0.0,0.0,0.0,0.0,0.0,0.0,0.0,0.0,2002,radio,0.5
5,1,lr1e-04_bs32_modL1_fusion64_fusionL1_drop0p2_trmiss50_trlocradio,32,0.0001,1,64,1,0.2,lr1e-04_bs32_modL1_fusion64_fusionL1_drop0p2_trmiss50_trlocradio,21,0.4118302911520004,0.6894894540309906,0.5084033613445378,0.6418773928400865,0.5777777777777777,0.0,0.0,0.0,0.0,0.0,0.0,0.0,0.0,0.0,2002,radio,0.5
5,1,lr1e-04_bs32_modL1_fusion64_fusionL1_drop0p2_trmiss50_trlocradio,32,0.0001,1,64,1,0.2,lr1e-04_bs32_modL1_fusion64_fusionL1_drop0p2_trmiss50_trlocradio,22,0.41944899161656696,0.6886632442474365,0.5084033613445379,0.6405226960501897,0.5777777777777777,0.0,0.0,0.0,0.0,0.0,0.0,0.0,0.0,0.0,2002,radio,0.5
5,1,lr1e-04_bs32_modL1_fusion64_fusionL1_drop0p2_trmiss50_trlocradio,32,0.0001,1,64,1,0.2,lr1e-04_bs32_modL1_fusion64_fusionL1_drop0p2_trmiss50_trlocradio,23,0.4183465788761775,0.6895545423030853,0.5126050420168068,0.6423896861789371,0.6,0.0,0.0,0.0,0.0,0.0,0.0,0.0,0.0,0.0,2002,radio,0.5
5,1,lr1e-04_bs32_modL1_fusion64_fusionL1_drop0p2_trmiss50_trlocradio,32,0.0001,1,64,1,0.2,lr1e-04_bs32_modL1_fusion64_fusionL1_drop0p2_trmiss50_trlocradio,24,0.42314710716406506,0.6904991865158081,0.5189075630252101,0.6485227251016527,0.6,0.0,0.0,0.0,0.0,0.0,0.0,0.0,0.0,0.0,2002,radio,0.5
5,1,lr1e-04_bs32_modL1_fusion64_fusionL1_drop0p2_trmiss50_trlocradio,32,0.0001,1,64,1,0.2,lr1e-04_bs32_modL1_fusion64_fusionL1_drop0p2_trmiss50_trlocradio,25,0.4134322653214137,0.6916420459747314,0.5168067226890757,0.6488862756943035,0.5777777777777777,0.0,0.0,0.0,0.0,0.0,0.0,0.0,0.0,0.0,2002,radio,0.5
5,1,lr1e-04_bs32_modL1_fusion64_fusionL1_drop0p2_trmiss50_trlocradio,32,0.0001,1,64,1,0.2,lr1e-04_bs32_modL1_fusion64_fusionL1_drop0p2_trmiss50_trlocradio,26,0.4023175934950511,0.6912526488304138,0.5105042016806723,0.6436407672345094,0.5777777777777777,0.0,0.0,0.0,0.0,0.0,0.0,0.0,0.0,0.0,2002,radio,0.5
5,1,lr1e-04_bs32_modL1_fusion64_fusionL1_drop0p2_trmiss50_trlocradio,32,0.0001,1,64,1,0.2,lr1e-04_bs32_modL1_fusion64_fusionL1_drop0p2_trmiss50_trlocradio,27,0.4174551765124003,0.6891220211982727,0.5147058823529411,0.64483555293258,0.5777777777777777,0.0,0.0,0.0,0.0,0.0,0.0,0.0,0.0,0.0,2002,radio,0.5
5,1,lr1e-04_bs32_modL1_fusion64_fusionL1_drop0p2_trmiss50_trlocradio,32,0.0001,1,64,1,0.2,lr1e-04_bs32_modL1_fusion64_fusionL1_drop0p2_trmiss50_trlocradio,28,0.4137523223956426,0.6890711188316345,0.5147058823529412,0.6453997614125002,0.5777777777777777,0.0,0.0,0.0,0.0,0.0,0.0,0.0,0.0,0.0,2002,radio,0.5
5,1,lr1e-04_bs32_modL1_fusion64_fusionL1_drop0p2_trmiss50_trlocradio,32,0.0001,1,64,1,0.2,lr1e-04_bs32_modL1_fusion64_fusionL1_drop0p2_trmiss50_trlocradio,29,0.4034269799788793,0.6893846988677979,0.5189075630252101,0.6495591690780055,0.5777777777777777,0.0,0.0,0.0,0.0,0.0,0.0,0.0,0.0,0.0,2002,radio,0.5
5,1,lr1e-04_bs32_modL1_fusion64_fusionL1_drop0p1_trmiss50_trlocradio,32,0.0001,1,64,1,0.1,lr1e-04_bs32_modL1_fusion64_fusionL1_drop0p1_trmiss50_trlocradio,1,0.698533316453298,0.6749102473258972,0.5735294117647058,0.7136927745652705,0.6666666666666666,0.0,0.0,0.0,0.0,0.0,0.0,0.0,0.0,0.0,2002,radio,0.5
5,1,lr1e-04_bs32_modL1_fusion64_fusionL1_drop0p1_trmiss50_trlocradio,32,0.0001,1,64,1,0.1,lr1e-04_bs32_modL1_fusion64_fusionL1_drop0p1_trmiss50_trlocradio,2,0.6463253796100616,0.6628047227859497,0.6239495798319328,0.7461062552204231,0.6666666666666666,0.0,0.0,0.0,0.0,0.0,0.0,0.0,0.0,0.0,2002,radio,0.5
5,1,lr1e-04_bs32_modL1_fusion64_fusionL1_drop0p1_trmiss50_trlocradio,32,0.0001,1,64,1,0.1,lr1e-04_bs32_modL1_fusion64_fusionL1_drop0p1_trmiss50_trlocradio,3,0.6190398434797922,0.6495317220687866,0.6407563025210083,0.771873257174009,0.6222222222222222,0.0,0.0,0.0,0.0,0.0,0.0,0.0,0.0,0.0,2002,radio,0.5
5,1,lr1e-04_bs32_modL1_fusion64_fusionL1_drop0p1_trmiss50_trlocradio,32,0.0001,1,64,1,0.1,lr1e-04_bs32_modL1_fusion64_fusionL1_drop0p1_trmiss50_trlocradio,4,0.6113651096820831,0.6384574174880981,0.6449579831932774,0.7781833007851148,0.6222222222222222,0.0,0.0,0.0,0.0,0.0,0.0,0.0,0.0,0.0,2002,radio,0.5
5,1,lr1e-04_bs32_modL1_fusion64_fusionL1_drop0p1_trmiss50_trlocradio,32,0.0001,1,64,1,0.1,lr1e-04_bs32_modL1_fusion64_fusionL1_drop0p1_trmiss50_trlocradio,5,0.5859677493572235,0.6367225348949432,0.6428571428571428,0.7820360896767007,0.6,0.0,0.0,0.0,0.0,0.0,0.0,0.0,0.0,0.0,2002,radio,0.5
5,1,lr1e-04_bs32_modL1_fusion64_fusionL1_drop0p1_trmiss50_trlocradio,32,0.0001,1,64,1,0.1,lr1e-04_bs32_modL1_fusion64_fusionL1_drop0p1_trmiss50_trlocradio,6,0.5618550429741541,0.6347279250621796,0.638655462184874,0.7853354423580095,0.6222222222222222,0.0,0.0,0.0,0.0,0.0,0.0,0.0,0.0,0.0,2002,radio,0.5
5,1,lr1e-04_bs32_modL1_fusion64_fusionL1_drop0p1_trmiss50_trlocradio,32,0.0001,1,64,1,0.1,lr1e-04_bs32_modL1_fusion64_fusionL1_drop0p1_trmiss50_trlocradio,7,0.5405137240886688,0.6367993354797363,0.6281512605042017,0.7778713850985522,0.6222222222222222,0.0,0.0,0.0,0.0,0.0,0.0,0.0,0.0,0.0,2002,radio,0.5
5,1,lr1e-04_bs32_modL1_fusion64_fusionL1_drop0p1_trmiss50_trlocradio,32,0.0001,1,64,1,0.1,lr1e-04_bs32_modL1_fusion64_fusionL1_drop0p1_trmiss50_trlocradio,8,0.5348512530326843,0.6424208581447601,0.6218487394957983,0.7725771545134639,0.6444444444444445,0.0,0.0,0.0,0.0,0.0,0.0,0.0,0.0,0.0,2002,radio,0.5
5,1,lr1e-04_bs32_modL1_fusion64_fusionL1_drop0p1_trmiss50_trlocradio,32,0.0001,1,64,1,0.1,lr1e-04_bs32_modL1_fusion64_fusionL1_drop0p1_trmiss50_trlocradio,9,0.5214779327313105,0.6404915750026703,0.6302521008403361,0.7696903061401623,0.6222222222222222,0.0,0.0,0.0,0.0,0.0,0.0,0.0,0.0,0.0,2002,radio,0.5
5,1,lr1e-04_bs32_modL1_fusion64_fusionL1_drop0p1_trmiss50_trlocradio,32,0.0001,1,64,1,0.1,lr1e-04_bs32_modL1_fusion64_fusionL1_drop0p1_trmiss50_trlocradio,10,0.49665143589178723,0.6416979432106018,0.6260504201680672,0.7680858100516454,0.6444444444444445,0.0,0.0,0.0,0.0,0.0,0.0,0.0,0.0,0.0,2002,radio,0.5
5,1,lr1e-04_bs32_modL1_fusion64_fusionL1_drop0p1_trmiss50_trlocradio,32,0.0001,1,64,1,0.1,lr1e-04_bs32_modL1_fusion64_fusionL1_drop0p1_trmiss50_trlocradio,11,0.49056634803613025,0.6410844922065735,0.6176470588235294,0.7552440145307702,0.6444444444444445,0.0,0.0,0.0,0.0,0.0,0.0,0.0,0.0,0.0,2002,radio,0.5
5,1,lr1e-04_bs32_modL1_fusion64_fusionL1_drop0p1_trmiss50_trlocradio,32,0.0001,1,64,1,0.1,lr1e-04_bs32_modL1_fusion64_fusionL1_drop0p1_trmiss50_trlocradio,12,0.48736530045668286,0.6422161757946014,0.6029411764705882,0.7437068953685706,0.6,0.0,0.0,0.0,0.0,0.0,0.0,0.0,0.0,0.0,2002,radio,0.5
5,1,lr1e-04_bs32_modL1_fusion64_fusionL1_drop0p1_trmiss50_trlocradio,32,0.0001,1,64,1,0.1,lr1e-04_bs32_modL1_fusion64_fusionL1_drop0p1_trmiss50_trlocradio,13,0.4756930321455002,0.6399686336517334,0.6134453781512605,0.7617851736765963,0.6222222222222222,0.0,0.0,0.0,0.0,0.0,0.0,0.0,0.0,0.0,2002,radio,0.5
5,1,lr1e-04_bs32_modL1_fusion64_fusionL1_drop0p1_trmiss50_trlocradio,32,0.0001,1,64,1,0.1,lr1e-04_bs32_modL1_fusion64_fusionL1_drop0p1_trmiss50_trlocradio,14,0.4809747487306595,0.6385327577590942,0.6113445378151261,0.7652544394874327,0.6222222222222222,0.0,0.0,0.0,0.0,0.0,0.0,0.0,0.0,0.0,2002,radio,0.5
5,1,lr1e-04_bs32_modL1_fusion64_fusionL1_drop0p1_trmiss50_trlocradio,32,0.0001,1,64,1,0.1,lr1e-04_bs32_modL1_fusion64_fusionL1_drop0p1_trmiss50_trlocradio,15,0.46282202502091724,0.637357085943222,0.6092436974789915,0.7667677192325218,0.6,0.0,0.0,0.0,0.0,0.0,0.0,0.0,0.0,0.0,2002,radio,0.5
5,1,lr1e-04_bs32_modL1_fusion64_fusionL1_drop0p1_trmiss50_trlocradio,32,0.0001,1,64,1,0.1,lr1e-04_bs32_modL1_fusion64_fusionL1_drop0p1_trmiss50_trlocradio,16,0.4599926322698593,0.6401453614234924,0.5987394957983193,0.7554250062419302,0.6,0.0,0.0,0.0,0.0,0.0,0.0,0.0,0.0,0.0,2002,radio,0.5
5,1,lr1e-04_bs32_modL1_fusion64_fusionL1_drop0p1_trmiss50_trlocradio,32,0.0001,1,64,1,0.1,lr1e-04_bs32_modL1_fusion64_fusionL1_drop0p1_trmiss50_trlocradio,17,0.4528409093618393,0.6418747305870056,0.5966386554621849,0.7494726252895493,0.6,0.0,0.0,0.0,0.0,0.0,0.0,0.0,0.0,0.0,2002,radio,0.5
5,1,lr1e-04_bs32_modL1_fusion64_fusionL1_drop0p1_trmiss50_trlocradio,32,0.0001,1,64,1,0.1,lr1e-04_bs32_modL1_fusion64_fusionL1_drop0p1_trmiss50_trlocradio,18,0.4533085823059082,0.6405333876609802,0.5945378151260504,0.7457010991965947,0.6222222222222222,0.0,0.0,0.0,0.0,0.0,0.0,0.0,0.0,0.0,2002,radio,0.5
5,1,lr1e-04_bs32_modL1_fusion64_fusionL1_drop0p1_trmiss50_trlocradio,32,0.0001,1,64,1,0.1,lr1e-04_bs32_modL1_fusion64_fusionL1_drop0p1_trmiss50_trlocradio,19,0.44403688609600067,0.6411795914173126,0.5903361344537815,0.7405518172615984,0.6222222222222222,0.0,0.0,0.0,0.0,0.0,0.0,0.0,0.0,0.0,2002,radio,0.5
5,1,lr1e-04_bs32_modL1_fusion64_fusionL1_drop0p1_trmiss50_trlocradio,32,0.0001,1,64,1,0.1,lr1e-04_bs32_modL1_fusion64_fusionL1_drop0p1_trmiss50_trlocradio,20,0.43182507654031116,0.6406524479389191,0.5819327731092437,0.7245218155173109,0.6222222222222222,0.0,0.0,0.0,0.0,0.0,0.0,0.0,0.0,0.0,2002,radio,0.5
5,1,lr1e-04_bs32_modL1_fusion64_fusionL1_drop0p1_trmiss50_trlocradio,32,0.0001,1,64,1,0.1,lr1e-04_bs32_modL1_fusion64_fusionL1_drop0p1_trmiss50_trlocradio,21,0.4366682519515355,0.6414318680763245,0.5861344537815126,0.7280749756494185,0.6222222222222222,0.0,0.0,0.0,0.0,0.0,0.0,0.0,0.0,0.0,2002,radio,0.5
5,1,lr1e-04_bs32_modL1_fusion64_fusionL1_drop0p1_trmiss50_trlocradio,32,0.0001,1,64,1,0.1,lr1e-04_bs32_modL1_fusion64_fusionL1_drop0p1_trmiss50_trlocradio,22,0.4281539072593053,0.6424679756164551,0.5840336134453781,0.7294425847295548,0.6444444444444445,0.0,0.0,0.0,0.0,0.0,0.0,0.0,0.0,0.0,2002,radio,0.5
5,1,lr1e-04_bs32_modL1_fusion64_fusionL1_drop0p1_trmiss50_trlocradio,32,0.0001,1,64,1,0.1,lr1e-04_bs32_modL1_fusion64_fusionL1_drop0p1_trmiss50_trlocradio,23,0.41850748161474866,0.645277589559555,0.5798319327731093,0.7275717089429583,0.6,0.0,0.0,0.0,0.0,0.0,0.0,0.0,0.0,0.0,2002,radio,0.5
5,1,lr1e-04_bs32_modL1_fusion64_fusionL1_drop0p1_trmiss50_trlocradio,32,0.0001,1,64,1,0.1,lr1e-04_bs32_modL1_fusion64_fusionL1_drop0p1_trmiss50_trlocradio,24,0.4262330581744512,0.6462472677230835,0.5756302521008403,0.7252572473676195,0.6222222222222222,0.0,0.0,0.0,0.0,0.0,0.0,0.0,0.0,0.0,2002,radio,0.5
5,1,lr1e-04_bs32_modL1_fusion64_fusionL1_drop0p1_trmiss50_trlocradio,32,0.0001,1,64,1,0.1,lr1e-04_bs32_modL1_fusion64_fusionL1_drop0p1_trmiss50_trlocradio,25,0.41959815720717114,0.647373765707016,0.5777310924369747,0.7290086277810813,0.6,0.0,0.0,0.0,0.0,0.0,0.0,0.0,0.0,0.0,2002,radio,0.5
5,2,lr5e-05_bs16_modL1_fusion32_fusionL1_drop0p2_trmiss50_trlocradio,16,5e-05,1,32,1,0.2,lr5e-05_bs16_modL1_fusion32_fusionL1_drop0p2_trmiss50_trlocradio,1,0.7681191315253576,0.7184116840362549,0.4873949579831933,0.6118868412958735,0.35555555555555557,0.0,0.0,0.0,0.0,0.0,0.0,0.0,0.0,0.0,2002,radio,0.5
5,2,lr5e-05_bs16_modL1_fusion32_fusionL1_drop0p2_trmiss50_trlocradio,16,5e-05,1,32,1,0.2,lr5e-05_bs16_modL1_fusion32_fusionL1_drop0p2_trmiss50_trlocradio,2,0.7479122430086136,0.7249033649762472,0.5105042016806722,0.6182637953550898,0.4222222222222222,0.0,0.0,0.0,0.0,0.0,0.0,0.0,0.0,0.0,2002,radio,0.5
5,2,lr5e-05_bs16_modL1_fusion32_fusionL1_drop0p2_trmiss50_trlocradio,16,5e-05,1,32,1,0.2,lr5e-05_bs16_modL1_fusion32_fusionL1_drop0p2_trmiss50_trlocradio,3,0.7244474589824677,0.7224047978719076,0.5252100840336136,0.6368748269132376,0.4222222222222222,0.0,0.0,0.0,0.0,0.0,0.0,0.0,0.0,0.0,2002,radio,0.5
5,2,lr5e-05_bs16_modL1_fusion32_fusionL1_drop0p2_trmiss50_trlocradio,16,5e-05,1,32,1,0.2,lr5e-05_bs16_modL1_fusion32_fusionL1_drop0p2_trmiss50_trlocradio,4,0.7148713568846384,0.7237130999565125,0.5126050420168067,0.6355569469806254,0.4,0.0,0.0,0.0,0.0,0.0,0.0,0.0,0.0,0.0,2002,radio,0.5
5,2,lr5e-05_bs16_modL1_fusion32_fusionL1_drop0p2_trmiss50_trlocradio,16,5e-05,1,32,1,0.2,lr5e-05_bs16_modL1_fusion32_fusionL1_drop0p2_trmiss50_trlocradio,5,0.6815574765205383,0.724014679590861,0.5063025210084033,0.6285842582057749,0.4,0.0,0.0,0.0,0.0,0.0,0.0,0.0,0.0,0.0,2002,radio,0.5
5,2,lr5e-05_bs16_modL1_fusion32_fusionL1_drop0p2_trmiss50_trlocradio,16,5e-05,1,32,1,0.2,lr5e-05_bs16_modL1_fusion32_fusionL1_drop0p2_trmiss50_trlocradio,6,0.7215990970532099,0.7336498101552328,0.5147058823529411,0.6332895495095571,0.4,0.0,0.0,0.0,0.0,0.0,0.0,0.0,0.0,0.0,2002,radio,0.5
5,2,lr5e-05_bs16_modL1_fusion32_fusionL1_drop0p2_trmiss50_trlocradio,16,5e-05,1,32,1,0.2,lr5e-05_bs16_modL1_fusion32_fusionL1_drop0p2_trmiss50_trlocradio,7,0.6541476845741272,0.7299442291259766,0.5126050420168067,0.6142077998184272,0.4222222222222222,0.0,0.0,0.0,0.0,0.0,0.0,0.0,0.0,0.0,2002,radio,0.5
5,2,lr5e-05_bs16_modL1_fusion32_fusionL1_drop0p2_trmiss50_trlocradio,16,5e-05,1,32,1,0.2,lr5e-05_bs16_modL1_fusion32_fusionL1_drop0p2_trmiss50_trlocradio,8,0.6611543148756027,0.7287525137265524,0.5084033613445378,0.6270554558284792,0.4222222222222222,0.0,0.0,0.0,0.0,0.0,0.0,0.0,0.0,0.0,2002,radio,0.5
5,2,lr5e-05_bs16_modL1_fusion32_fusionL1_drop0p2_trmiss50_trlocradio,16,5e-05,1,32,1,0.2,lr5e-05_bs16_modL1_fusion32_fusionL1_drop0p2_trmiss50_trlocradio,9,0.646149550875028,0.7273353139559428,0.5105042016806722,0.6337156503509457,0.4444444444444444,0.0,0.0,0.0,0.0,0.0,0.0,0.0,0.0,0.0,2002,radio,0.5
5,2,lr5e-05_bs16_modL1_fusion32_fusionL1_drop0p2_trmiss50_trlocradio,16,5e-05,1,32,1,0.2,lr5e-05_bs16_modL1_fusion32_fusionL1_drop0p2_trmiss50_trlocradio,10,0.6642470210790634,0.7296753724416097,0.5042016806722689,0.6269378238148985,0.4444444444444444,0.0,0.0,0.0,0.0,0.0,0.0,0.0,0.0,0.0,2002,radio,0.5
5,2,lr5e-05_bs16_modL1_fusion32_fusionL1_drop0p2_trmiss50_trlocradio,16,5e-05,1,32,1,0.2,lr5e-05_bs16_modL1_fusion32_fusionL1_drop0p2_trmiss50_trlocradio,11,0.6813412507375082,0.7337979873021444,0.5042016806722689,0.6269319434518753,0.4222222222222222,0.0,0.0,0.0,0.0,0.0,0.0,0.0,0.0,0.0,2002,radio,0.5
5,2,lr5e-05_bs16_modL1_fusion32_fusionL1_drop0p2_trmiss50_trlocradio,16,5e-05,1,32,1,0.2,lr5e-05_bs16_modL1_fusion32_fusionL1_drop0p2_trmiss50_trlocradio,12,0.6588016053040823,0.7330864469210306,0.5021008403361344,0.627102473007909,0.4444444444444444,0.0,0.0,0.0,0.0,0.0,0.0,0.0,0.0,0.0,2002,radio,0.5
5,2,lr5e-05_bs16_modL1_fusion32_fusionL1_drop0p2_trmiss50_trlocradio,16,5e-05,1,32,1,0.2,lr5e-05_bs16_modL1_fusion32_fusionL1_drop0p2_trmiss50_trlocradio,13,0.6626134812831879,0.7258666356404623,0.5168067226890756,0.6386427141043476,0.4888888888888889,0.0,0.0,0.0,0.0,0.0,0.0,0.0,0.0,0.0,2002,radio,0.5
5,2,lr5e-05_bs16_modL1_fusion32_fusionL1_drop0p2_trmiss50_trlocradio,16,5e-05,1,32,1,0.2,lr5e-05_bs16_modL1_fusion32_fusionL1_drop0p2_trmiss50_trlocradio,14,0.6568725109100342,0.7291308840115865,0.5021008403361344,0.6055297151028428,0.4666666666666667,0.0,0.0,0.0,0.0,0.0,0.0,0.0,0.0,0.0,2002,radio,0.5
5,2,lr5e-05_bs16_modL1_fusion32_fusionL1_drop0p2_trmiss50_trlocradio,16,5e-05,1,32,1,0.2,lr5e-05_bs16_modL1_fusion32_fusionL1_drop0p2_trmiss50_trlocradio,15,0.6488101730744044,0.7272472778956095,0.5042016806722689,0.6098108753307904,0.4888888888888889,0.0,0.0,0.0,0.0,0.0,0.0,0.0,0.0,0.0,2002,radio,0.5
5,2,lr5e-05_bs16_modL1_fusion32_fusionL1_drop0p2_trmiss50_trlocradio,16,5e-05,1,32,1,0.2,lr5e-05_bs16_modL1_fusion32_fusionL1_drop0p2_trmiss50_trlocradio,16,0.6370276163021723,0.7283699909845988,0.5126050420168067,0.6123139691064559,0.4444444444444444,0.0,0.0,0.0,0.0,0.0,0.0,0.0,0.0,0.0,2002,radio,0.5
5,2,lr5e-05_bs16_modL1_fusion32_fusionL1_drop0p2_trmiss50_trlocradio,16,5e-05,1,32,1,0.2,lr5e-05_bs16_modL1_fusion32_fusionL1_drop0p2_trmiss50_trlocradio,17,0.6510889728864034,0.7295063932736715,0.5084033613445378,0.6198684139217696,0.4444444444444444,0.0,0.0,0.0,0.0,0.0,0.0,0.0,0.0,0.0,2002,radio,0.5
5,2,lr5e-05_bs16_modL1_fusion32_fusionL1_drop0p2_trmiss50_trlocradio,16,5e-05,1,32,1,0.2,lr5e-05_bs16_modL1_fusion32_fusionL1_drop0p2_trmiss50_trlocradio,18,0.6327646275361379,0.7260211308797201,0.5210084033613445,0.6295027175749217,0.4888888888888889,0.0,0.0,0.0,0.0,0.0,0.0,0.0,0.0,0.0,2002,radio,0.5
5,2,lr5e-05_bs16_modL1_fusion32_fusionL1_drop0p2_trmiss50_trlocradio,16,5e-05,1,32,1,0.2,lr5e-05_bs16_modL1_fusion32_fusionL1_drop0p2_trmiss50_trlocradio,19,0.6349526643753052,0.7291712164878845,0.51890756302521,0.6243980567737809,0.4444444444444444,0.0,0.0,0.0,0.0,0.0,0.0,0.0,0.0,0.0,2002,radio,0.5
5,2,lr5e-05_bs16_modL1_fusion32_fusionL1_drop0p2_trmiss50_trlocradio,16,5e-05,1,32,1,0.2,lr5e-05_bs16_modL1_fusion32_fusionL1_drop0p2_trmiss50_trlocradio,20,0.6316585640112559,0.7242278854052225,0.5168067226890756,0.6181739004445824,0.4888888888888889,0.0,0.0,0.0,0.0,0.0,0.0,0.0,0.0,0.0,2002,radio,0.5
5,2,lr5e-05_bs16_modL1_fusion32_fusionL1_drop0p2_trmiss50_trlocradio,16,5e-05,1,32,1,0.2,lr5e-05_bs16_modL1_fusion32_fusionL1_drop0p2_trmiss50_trlocradio,21,0.6202285836140314,0.7228489518165588,0.5126050420168067,0.6183822525996466,0.5111111111111111,0.0,0.0,0.0,0.0,0.0,0.0,0.0,0.0,0.0,2002,radio,0.5
5,2,lr5e-05_bs16_modL1_fusion32_fusionL1_drop0p2_trmiss50_trlocradio,16,5e-05,1,32,1,0.2,lr5e-05_bs16_modL1_fusion32_fusionL1_drop0p2_trmiss50_trlocradio,22,0.614633413652579,0.7259898583094279,0.5147058823529411,0.6178070285596373,0.4222222222222222,0.0,0.0,0.0,0.0,0.0,0.0,0.0,0.0,0.0,2002,radio,0.5
5,2,lr5e-05_bs16_modL1_fusion32_fusionL1_drop0p2_trmiss50_trlocradio,16,5e-05,1,32,1,0.2,lr5e-05_bs16_modL1_fusion32_fusionL1_drop0p2_trmiss50_trlocradio,23,0.626224289337794,0.7278453906377157,0.5126050420168067,0.6128845575796036,0.4222222222222222,0.0,0.0,0.0,0.0,0.0,0.0,0.0,0.0,0.0,2002,radio,0.5
5,2,lr5e-05_bs16_modL1_fusion32_fusionL1_drop0p2_trmiss50_trlocradio,16,5e-05,1,32,1,0.2,lr5e-05_bs16_modL1_fusion32_fusionL1_drop0p2_trmiss50_trlocradio,24,0.6578349024057388,0.7266466021537781,0.5210084033613445,0.6232142660793697,0.4222222222222222,0.0,0.0,0.0,0.0,0.0,0.0,0.0,0.0,0.0,2002,radio,0.5
5,2,lr5e-05_bs16_modL1_fusion32_fusionL1_drop0p2_trmiss50_trlocradio,16,5e-05,1,32,1,0.2,lr5e-05_bs16_modL1_fusion32_fusionL1_drop0p2_trmiss50_trlocradio,25,0.6588755150636038,0.7244585752487183,0.5273109243697478,0.6294183160429897,0.4222222222222222,0.0,0.0,0.0,0.0,0.0,0.0,0.0,0.0,0.0,2002,radio,0.5
5,2,lr5e-05_bs16_modL1_fusion32_fusionL1_drop0p2_trmiss50_trlocradio,16,5e-05,1,32,1,0.2,lr5e-05_bs16_modL1_fusion32_fusionL1_drop0p2_trmiss50_trlocradio,26,0.6528730342785517,0.72126171986262,0.5252100840336134,0.6249525826413833,0.4666666666666667,0.0,0.0,0.0,0.0,0.0,0.0,0.0,0.0,0.0,2002,radio,0.5
5,2,lr5e-05_bs16_modL1_fusion32_fusionL1_drop0p2_trmiss50_trlocradio,16,5e-05,1,32,1,0.2,lr5e-05_bs16_modL1_fusion32_fusionL1_drop0p2_trmiss50_trlocradio,27,0.6396486312150955,0.7197420001029968,0.5336134453781511,0.6363681689608878,0.4888888888888889,0.0,0.0,0.0,0.0,0.0,0.0,0.0,0.0,0.0,2002,radio,0.5
5,2,lr5e-05_bs16_modL1_fusion32_fusionL1_drop0p2_trmiss50_trlocradio,16,5e-05,1,32,1,0.2,lr5e-05_bs16_modL1_fusion32_fusionL1_drop0p2_trmiss50_trlocradio,28,0.6517013957103094,0.7230236728986105,0.5294117647058824,0.6345782948143646,0.4444444444444444,0.0,0.0,0.0,0.0,0.0,0.0,0.0,0.0,0.0,2002,radio,0.5
5,2,lr5e-05_bs16_modL1_fusion32_fusionL1_drop0p2_trmiss50_trlocradio,16,5e-05,1,32,1,0.2,lr5e-05_bs16_modL1_fusion32_fusionL1_drop0p2_trmiss50_trlocradio,29,0.6469798882802328,0.722277025381724,0.5168067226890756,0.621208389103855,0.4888888888888889,0.0,0.0,0.0,0.0,0.0,0.0,0.0,0.0,0.0,2002,radio,0.5
5,2,lr5e-05_bs16_modL1_fusion32_fusionL1_drop0p2_trmiss50_trlocradio,16,5e-05,1,32,1,0.2,lr5e-05_bs16_modL1_fusion32_fusionL1_drop0p2_trmiss50_trlocradio,30,0.6418420821428299,0.722713847955068,0.5126050420168067,0.6226182085551908,0.4888888888888889,0.0,0.0,0.0,0.0,0.0,0.0,0.0,0.0,0.0,2002,radio,0.5
5,2,lr5e-05_bs16_modL1_fusion32_fusionL1_drop0p2_trmiss50_trlocradio,16,5e-05,1,32,1,0.2,lr5e-05_bs16_modL1_fusion32_fusionL1_drop0p2_trmiss50_trlocradio,31,0.6307741353909174,0.7247745792071024,0.5210084033613446,0.6197059550012467,0.4888888888888889,0.0,0.0,0.0,0.0,0.0,0.0,0.0,0.0,0.0,2002,radio,0.5
5,2,lr5e-05_bs16_modL1_fusion32_fusionL1_drop0p2_trmiss50_trlocradio,16,5e-05,1,32,1,0.2,lr5e-05_bs16_modL1_fusion32_fusionL1_drop0p2_trmiss50_trlocradio,32,0.645270029703776,0.7187065084775289,0.5189075630252101,0.6231913322523804,0.4666666666666667,0.0,0.0,0.0,0.0,0.0,0.0,0.0,0.0,0.0,2002,radio,0.5
5,2,lr5e-05_bs16_modL1_fusion32_fusionL1_drop0p2_trmiss50_trlocradio,16,5e-05,1,32,1,0.2,lr5e-05_bs16_modL1_fusion32_fusionL1_drop0p2_trmiss50_trlocradio,33,0.6499631901582082,0.7163072228431702,0.5441176470588236,0.6356942302027572,0.4666666666666667,0.0,0.0,0.0,0.0,0.0,0.0,0.0,0.0,0.0,2002,radio,0.5
5,2,lr5e-05_bs16_modL1_fusion32_fusionL1_drop0p2_trmiss50_trlocradio,16,5e-05,1,32,1,0.2,lr5e-05_bs16_modL1_fusion32_fusionL1_drop0p2_trmiss50_trlocradio,34,0.6120713427662849,0.7154192924499512,0.5336134453781513,0.6311245743704021,0.4888888888888889,0.0,0.0,0.0,0.0,0.0,0.0,0.0,0.0,0.0,2002,radio,0.5
5,2,lr5e-05_bs16_modL1_fusion32_fusionL1_drop0p2_trmiss50_trlocradio,16,5e-05,1,32,1,0.2,lr5e-05_bs16_modL1_fusion32_fusionL1_drop0p2_trmiss50_trlocradio,35,0.6295876304308573,0.7203810612360636,0.5273109243697479,0.6311453958483505,0.4666666666666667,0.0,0.0,0.0,0.0,0.0,0.0,0.0,0.0,0.0,2002,radio,0.5
5,2,lr5e-05_bs16_modL1_fusion32_fusionL1_drop0p2_trmiss50_trlocradio,16,5e-05,1,32,1,0.2,lr5e-05_bs16_modL1_fusion32_fusionL1_drop0p2_trmiss50_trlocradio,36,0.6224894374608994,0.718154509862264,0.5336134453781513,0.628213090020812,0.4666666666666667,0.0,0.0,0.0,0.0,0.0,0.0,0.0,0.0,0.0,2002,radio,0.5
5,2,lr5e-05_bs16_modL1_fusion32_fusionL1_drop0p2_trmiss50_trlocradio,16,5e-05,1,32,1,0.2,lr5e-05_bs16_modL1_fusion32_fusionL1_drop0p2_trmiss50_trlocradio,37,0.6459931284189224,0.7245415250460306,0.523109243697479,0.6216460650368363,0.4666666666666667,0.0,0.0,0.0,0.0,0.0,0.0,0.0,0.0,0.0,2002,radio,0.5
5,2,lr5e-05_bs16_modL1_fusion32_fusionL1_drop0p2_trmiss50_trlocradio,16,5e-05,1,32,1,0.2,lr5e-05_bs16_modL1_fusion32_fusionL1_drop0p2_trmiss50_trlocradio,38,0.6259858012199402,0.7181238134702047,0.5294117647058824,0.6236448993302732,0.4666666666666667,0.0,0.0,0.0,0.0,0.0,0.0,0.0,0.0,0.0,2002,radio,0.5
5,2,lr5e-05_bs16_modL1_fusion32_fusionL1_drop0p2_trmiss50_trlocradio,16,5e-05,1,32,1,0.2,lr5e-05_bs16_modL1_fusion32_fusionL1_drop0p2_trmiss50_trlocradio,39,0.6444309403498968,0.7231080929438273,0.5252100840336135,0.6221296900775088,0.4666666666666667,0.0,0.0,0.0,0.0,0.0,0.0,0.0,0.0,0.0,2002,radio,0.5
5,2,lr5e-05_bs16_modL1_fusion32_fusionL1_drop0p2_trmiss50_trlocradio,16,5e-05,1,32,1,0.2,lr5e-05_bs16_modL1_fusion32_fusionL1_drop0p2_trmiss50_trlocradio,40,0.6455462723970413,0.7218040823936462,0.5294117647058824,0.6273808694807743,0.4666666666666667,0.0,0.0,0.0,0.0,0.0,0.0,0.0,0.0,0.0,2002,radio,0.5
5,2,lr5e-05_bs16_modL1_fusion32_fusionL1_drop0p2_trmiss50_trlocradio,16,5e-05,1,32,1,0.2,lr5e-05_bs16_modL1_fusion32_fusionL1_drop0p2_trmiss50_trlocradio,41,0.6453228294849396,0.7261904080708822,0.523109243697479,0.6246084419486692,0.4666666666666667,0.0,0.0,0.0,0.0,0.0,0.0,0.0,0.0,0.0,2002,radio,0.5
5,2,lr5e-05_bs16_modL1_fusion32_fusionL1_drop0p2_trmiss50_trlocradio,16,5e-05,1,32,1,0.2,lr5e-05_bs16_modL1_fusion32_fusionL1_drop0p2_trmiss50_trlocradio,42,0.6312570373217264,0.7261431217193604,0.5147058823529411,0.6262278380061572,0.4666666666666667,0.0,0.0,0.0,0.0,0.0,0.0,0.0,0.0,0.0,2002,radio,0.5
5,2,lr5e-05_bs16_modL1_fusion32_fusionL1_drop0p2_trmiss50_trlocradio,16,5e-05,1,32,1,0.2,lr5e-05_bs16_modL1_fusion32_fusionL1_drop0p2_trmiss50_trlocradio,43,0.6376740137736002,0.7245252728462219,0.5252100840336135,0.6300775899613846,0.4222222222222222,0.0,0.0,0.0,0.0,0.0,0.0,0.0,0.0,0.0,2002,radio,0.5
5,2,lr5e-05_bs16_modL1_fusion32_fusionL1_drop0p2_trmiss50_trlocradio,16,5e-05,1,32,1,0.2,lr5e-05_bs16_modL1_fusion32_fusionL1_drop0p2_trmiss50_trlocradio,44,0.6343240837256113,0.7222814957300822,0.5252100840336136,0.6218322038921499,0.4444444444444444,0.0,0.0,0.0,0.0,0.0,0.0,0.0,0.0,0.0,2002,radio,0.5
5,2,lr5e-05_bs16_modL1_fusion32_fusionL1_drop0p2_trmiss50_trlocradio,16,5e-05,1,32,1,0.2,lr5e-05_bs16_modL1_fusion32_fusionL1_drop0p2_trmiss50_trlocradio,45,0.6422765851020813,0.7240036527315775,0.5105042016806722,0.6118341902986499,0.4666666666666667,0.0,0.0,0.0,0.0,0.0,0.0,0.0,0.0,0.0,2002,radio,0.5
5,2,lr5e-05_bs16_modL1_fusion32_fusionL1_drop0p2_trmiss50_trlocradio,16,5e-05,1,32,1,0.2,lr5e-05_bs16_modL1_fusion32_fusionL1_drop0p2_trmiss50_trlocradio,46,0.61128002901872,0.7233478625615438,0.5252100840336135,0.6270694986129571,0.4666666666666667,0.0,0.0,0.0,0.0,0.0,0.0,0.0,0.0,0.0,2002,radio,0.5
5,2,lr5e-05_bs16_modL1_fusion32_fusionL1_drop0p2_trmiss50_trlocradio,16,5e-05,1,32,1,0.2,lr5e-05_bs16_modL1_fusion32_fusionL1_drop0p2_trmiss50_trlocradio,47,0.6302322198947271,0.7241593798001608,0.5357142857142857,0.6279972610222686,0.4222222222222222,0.0,0.0,0.0,0.0,0.0,0.0,0.0,0.0,0.0,2002,radio,0.5
5,2,lr5e-05_bs16_modL1_fusion32_fusionL1_drop0p2_trmiss50_trlocradio,16,5e-05,1,32,1,0.2,lr5e-05_bs16_modL1_fusion32_fusionL1_drop0p2_trmiss50_trlocradio,48,0.6229389061530431,0.7213817238807678,0.5189075630252101,0.6190561775861295,0.4444444444444444,0.0,0.0,0.0,0.0,0.0,0.0,0.0,0.0,0.0,2002,radio,0.5
5,2,lr5e-05_bs16_modL1_fusion32_fusionL1_drop0p2_trmiss50_trlocradio,16,5e-05,1,32,1,0.2,lr5e-05_bs16_modL1_fusion32_fusionL1_drop0p2_trmiss50_trlocradio,49,0.6360385020573934,0.7198757727940878,0.5231092436974789,0.6206084581167524,0.4888888888888889,0.0,0.0,0.0,0.0,0.0,0.0,0.0,0.0,0.0,2002,radio,0.5
5,2,lr5e-05_bs16_modL1_fusion32_fusionL1_drop0p2_trmiss50_trlocradio,16,5e-05,1,32,1,0.2,lr5e-05_bs16_modL1_fusion32_fusionL1_drop0p2_trmiss50_trlocradio,50,0.6472376535336176,0.7189847429593405,0.5399159663865546,0.6517514746687945,0.4888888888888889,0.0,0.0,0.0,0.0,0.0,0.0,0.0,0.0,0.0,2002,radio,0.5
5,2,lr5e-05_bs16_modL1_fusion32_fusionL1_drop0p2_trmiss50_trlocradio,16,5e-05,1,32,1,0.2,lr5e-05_bs16_modL1_fusion32_fusionL1_drop0p2_trmiss50_trlocradio,51,0.6244144191344579,0.7190344929695129,0.5336134453781513,0.6268438042841042,0.4666666666666667,0.0,0.0,0.0,0.0,0.0,0.0,0.0,0.0,0.0,2002,radio,0.5
5,2,lr5e-05_bs16_modL1_fusion32_fusionL1_drop0p2_trmiss50_trlocradio,16,5e-05,1,32,1,0.2,lr5e-05_bs16_modL1_fusion32_fusionL1_drop0p2_trmiss50_trlocradio,52,0.6423381268978119,0.7154660820960999,0.5315126050420168,0.631924930036405,0.4888888888888889,0.0,0.0,0.0,0.0,0.0,0.0,0.0,0.0,0.0,2002,radio,0.5
5,2,lr5e-05_bs16_modL1_fusion32_fusionL1_drop0p2_trmiss50_trlocradio,16,5e-05,1,32,1,0.2,lr5e-05_bs16_modL1_fusion32_fusionL1_drop0p2_trmiss50_trlocradio,53,0.6170885513226191,0.7239741484324137,0.51890756302521,0.6170469673332387,0.4444444444444444,0.0,0.0,0.0,0.0,0.0,0.0,0.0,0.0,0.0,2002,radio,0.5
5,2,lr5e-05_bs16_modL1_fusion32_fusionL1_drop0p1_trmiss50_trlocradio,16,5e-05,1,32,1,0.1,lr5e-05_bs16_modL1_fusion32_fusionL1_drop0p1_trmiss50_trlocradio,1,0.6914969484011332,0.6908001701037089,0.5462184873949579,0.6732652490609939,0.5333333333333333,0.0,0.0,0.0,0.0,0.0,0.0,0.0,0.0,0.0,2002,radio,0.5
5,2,lr5e-05_bs16_modL1_fusion32_fusionL1_drop0p1_trmiss50_trlocradio,16,5e-05,1,32,1,0.1,lr5e-05_bs16_modL1_fusion32_fusionL1_drop0p1_trmiss50_trlocradio,2,0.6671789487202963,0.6939220627148946,0.5399159663865546,0.6650379404653396,0.4888888888888889,0.0,0.0,0.0,0.0,0.0,0.0,0.0,0.0,0.0,2002,radio,0.5
5,2,lr5e-05_bs16_modL1_fusion32_fusionL1_drop0p1_trmiss50_trlocradio,16,5e-05,1,32,1,0.1,lr5e-05_bs16_modL1_fusion32_fusionL1_drop0p1_trmiss50_trlocradio,3,0.6324348251024882,0.6934782465298971,0.5567226890756303,0.6865478923997957,0.5555555555555556,0.0,0.0,0.0,0.0,0.0,0.0,0.0,0.0,0.0,2002,radio,0.5
5,2,lr5e-05_bs16_modL1_fusion32_fusionL1_drop0p1_trmiss50_trlocradio,16,5e-05,1,32,1,0.1,lr5e-05_bs16_modL1_fusion32_fusionL1_drop0p1_trmiss50_trlocradio,4,0.6246042350927988,0.6902531186739603,0.5714285714285714,0.6879786489346325,0.5555555555555556,0.0,0.0,0.0,0.0,0.0,0.0,0.0,0.0,0.0,2002,radio,0.5
5,2,lr5e-05_bs16_modL1_fusion32_fusionL1_drop0p1_trmiss50_trlocradio,16,5e-05,1,32,1,0.1,lr5e-05_bs16_modL1_fusion32_fusionL1_drop0p1_trmiss50_trlocradio,5,0.6066549122333527,0.6896179914474487,0.5630252100840336,0.6957143423823136,0.6,0.0,0.0,0.0,0.0,0.0,0.0,0.0,0.0,0.0,2002,radio,0.5
5,2,lr5e-05_bs16_modL1_fusion32_fusionL1_drop0p1_trmiss50_trlocradio,16,5e-05,1,32,1,0.1,lr5e-05_bs16_modL1_fusion32_fusionL1_drop0p1_trmiss50_trlocradio,6,0.5948302696148554,0.6869489947954813,0.5819327731092437,0.7111457883272302,0.5777777777777777,0.0,0.0,0.0,0.0,0.0,0.0,0.0,0.0,0.0,2002,radio,0.5
5,2,lr5e-05_bs16_modL1_fusion32_fusionL1_drop0p1_trmiss50_trlocradio,16,5e-05,1,32,1,0.1,lr5e-05_bs16_modL1_fusion32_fusionL1_drop0p1_trmiss50_trlocradio,7,0.578044186035792,0.6965014934539795,0.5567226890756303,0.7089974554013336,0.5777777777777777,0.0,0.0,0.0,0.0,0.0,0.0,0.0,0.0,0.0,2002,radio,0.5
5,2,lr5e-05_bs16_modL1_fusion32_fusionL1_drop0p1_trmiss50_trlocradio,16,5e-05,1,32,1,0.1,lr5e-05_bs16_modL1_fusion32_fusionL1_drop0p1_trmiss50_trlocradio,8,0.5776890069246292,0.6954828500747681,0.5567226890756303,0.7062833346954053,0.5777777777777777,0.0,0.0,0.0,0.0,0.0,0.0,0.0,0.0,0.0,2002,radio,0.5
5,2,lr5e-05_bs16_modL1_fusion32_fusionL1_drop0p1_trmiss50_trlocradio,16,5e-05,1,32,1,0.1,lr5e-05_bs16_modL1_fusion32_fusionL1_drop0p1_trmiss50_trlocradio,9,0.5589352548122406,0.6969615419705709,0.5714285714285714,0.7016993879346605,0.5555555555555556,0.0,0.0,0.0,0.0,0.0,0.0,0.0,0.0,0.0,2002,radio,0.5
5,2,lr5e-05_bs16_modL1_fusion32_fusionL1_drop0p1_trmiss50_trlocradio,16,5e-05,1,32,1,0.1,lr5e-05_bs16_modL1_fusion32_fusionL1_drop0p1_trmiss50_trlocradio,10,0.5644948879877726,0.691097617149353,0.5567226890756303,0.6941624177642564,0.5111111111111111,0.0,0.0,0.0,0.0,0.0,0.0,0.0,0.0,0.0,2002,radio,0.5
5,2,lr5e-05_bs16_modL1_fusion32_fusionL1_drop0p1_trmiss50_trlocradio,16,5e-05,1,32,1,0.1,lr5e-05_bs16_modL1_fusion32_fusionL1_drop0p1_trmiss50_trlocradio,11,0.5337270076076189,0.6940472722053528,0.5567226890756303,0.6909785960774032,0.5111111111111111,0.0,0.0,0.0,0.0,0.0,0.0,0.0,0.0,0.0,2002,radio,0.5
5,2,lr5e-05_bs16_modL1_fusion32_fusionL1_drop0p1_trmiss50_trlocradio,16,5e-05,1,32,1,0.1,lr5e-05_bs16_modL1_fusion32_fusionL1_drop0p1_trmiss50_trlocradio,12,0.5465955808758736,0.6987243096033732,0.5630252100840336,0.7023675379890437,0.5555555555555556,0.0,0.0,0.0,0.0,0.0,0.0,0.0,0.0,0.0,2002,radio,0.5
5,2,lr5e-05_bs16_modL1_fusion32_fusionL1_drop0p1_trmiss50_trlocradio,16,5e-05,1,32,1,0.1,lr5e-05_bs16_modL1_fusion32_fusionL1_drop0p1_trmiss50_trlocradio,13,0.5349731147289276,0.6955957412719727,0.5714285714285714,0.6996295129880361,0.5333333333333333,0.0,0.0,0.0,0.0,0.0,0.0,0.0,0.0,0.0,2002,radio,0.5
5,2,lr5e-05_bs16_modL1_fusion32_fusionL1_drop0p1_trmiss50_trlocradio,16,5e-05,1,32,1,0.1,lr5e-05_bs16_modL1_fusion32_fusionL1_drop0p1_trmiss50_trlocradio,14,0.5311802526315054,0.6945215861002604,0.5735294117647058,0.703076713692216,0.5333333333333333,0.0,0.0,0.0,0.0,0.0,0.0,0.0,0.0,0.0,2002,radio,0.5
5,2,lr5e-05_bs16_modL1_fusion32_fusionL1_drop0p1_trmiss50_trlocradio,16,5e-05,1,32,1,0.1,lr5e-05_bs16_modL1_fusion32_fusionL1_drop0p1_trmiss50_trlocradio,15,0.5404599631826082,0.6938406427701315,0.5798319327731093,0.7094136397669937,0.5333333333333333,0.0,0.0,0.0,0.0,0.0,0.0,0.0,0.0,0.0,2002,radio,0.5
5,2,lr5e-05_bs16_modL1_fusion32_fusionL1_drop0p1_trmiss50_trlocradio,16,5e-05,1,32,1,0.1,lr5e-05_bs16_modL1_fusion32_fusionL1_drop0p1_trmiss50_trlocradio,16,0.5212369884053866,0.6906858682632446,0.5756302521008404,0.7074311412134062,0.5555555555555556,0.0,0.0,0.0,0.0,0.0,0.0,0.0,0.0,0.0,2002,radio,0.5
5,2,lr5e-05_bs16_modL1_fusion32_fusionL1_drop0p1_trmiss50_trlocradio,16,5e-05,1,32,1,0.1,lr5e-05_bs16_modL1_fusion32_fusionL1_drop0p1_trmiss50_trlocradio,17,0.525322804848353,0.6868526339530945,0.5819327731092436,0.712615079099804,0.5555555555555556,0.0,0.0,0.0,0.0,0.0,0.0,0.0,0.0,0.0,2002,radio,0.5
5,2,lr5e-05_bs16_modL1_fusion32_fusionL1_drop0p1_trmiss50_trlocradio,16,5e-05,1,32,1,0.1,lr5e-05_bs16_modL1_fusion32_fusionL1_drop0p1_trmiss50_trlocradio,18,0.5336747144659361,0.6947144865989685,0.5798319327731093,0.7088372498547697,0.5333333333333333,0.0,0.0,0.0,0.0,0.0,0.0,0.0,0.0,0.0,2002,radio,0.5
5,2,lr5e-05_bs16_modL1_fusion32_fusionL1_drop0p1_trmiss50_trlocradio,16,5e-05,1,32,1,0.1,lr5e-05_bs16_modL1_fusion32_fusionL1_drop0p1_trmiss50_trlocradio,19,0.5100613484779993,0.6930205623308817,0.5714285714285715,0.7083835742956042,0.5333333333333333,0.0,0.0,0.0,0.0,0.0,0.0,0.0,0.0,0.0,2002,radio,0.5
5,2,lr5e-05_bs16_modL1_fusion32_fusionL1_drop0p1_trmiss50_trlocradio,16,5e-05,1,32,1,0.1,lr5e-05_bs16_modL1_fusion32_fusionL1_drop0p1_trmiss50_trlocradio,20,0.5092099085450172,0.6999712189038595,0.5525210084033613,0.6909395720589551,0.5555555555555556,0.0,0.0,0.0,0.0,0.0,0.0,0.0,0.0,0.0,2002,radio,0.5
5,2,lr5e-05_bs16_modL1_fusion32_fusionL1_drop0p1_trmiss50_trlocradio,16,5e-05,1,32,1,0.1,lr5e-05_bs16_modL1_fusion32_fusionL1_drop0p1_trmiss50_trlocradio,21,0.4945179944237073,0.6951955755551656,0.5567226890756303,0.6999958372933104,0.5555555555555556,0.0,0.0,0.0,0.0,0.0,0.0,0.0,0.0,0.0,2002,radio,0.5
5,2,lr5e-05_bs16_modL1_fusion32_fusionL1_drop0p1_trmiss50_trlocradio,16,5e-05,1,32,1,0.1,lr5e-05_bs16_modL1_fusion32_fusionL1_drop0p1_trmiss50_trlocradio,22,0.524192658563455,0.6871380011240641,0.5672268907563026,0.7191691165183582,0.5111111111111111,0.0,0.0,0.0,0.0,0.0,0.0,0.0,0.0,0.0,2002,radio,0.5
5,2,lr5e-05_bs16_modL1_fusion32_fusionL1_drop0p1_trmiss50_trlocradio,16,5e-05,1,32,1,0.1,lr5e-05_bs16_modL1_fusion32_fusionL1_drop0p1_trmiss50_trlocradio,23,0.4958859359224637,0.6834930777549744,0.5819327731092437,0.7199729947584879,0.5555555555555556,0.0,0.0,0.0,0.0,0.0,0.0,0.0,0.0,0.0,2002,radio,0.5
5,2,lr5e-05_bs16_modL1_fusion32_fusionL1_drop0p1_trmiss50_trlocradio,16,5e-05,1,32,1,0.1,lr5e-05_bs16_modL1_fusion32_fusionL1_drop0p1_trmiss50_trlocradio,24,0.5201461712519327,0.6882467865943909,0.5798319327731093,0.7131201442647812,0.5555555555555556,0.0,0.0,0.0,0.0,0.0,0.0,0.0,0.0,0.0,2002,radio,0.5
5,2,lr5e-05_bs16_modL1_fusion32_fusionL1_drop0p1_trmiss50_trlocradio,16,5e-05,1,32,1,0.1,lr5e-05_bs16_modL1_fusion32_fusionL1_drop0p1_trmiss50_trlocradio,25,0.5164433866739273,0.6837785641352335,0.5819327731092436,0.7152764524743128,0.5777777777777777,0.0,0.0,0.0,0.0,0.0,0.0,0.0,0.0,0.0,2002,radio,0.5
5,2,lr5e-05_bs16_modL1_fusion32_fusionL1_drop0p1_trmiss50_trlocradio,16,5e-05,1,32,1,0.1,lr5e-05_bs16_modL1_fusion32_fusionL1_drop0p1_trmiss50_trlocradio,26,0.4796220933397611,0.6856596271197001,0.5819327731092437,0.7185147287707385,0.5777777777777777,0.0,0.0,0.0,0.0,0.0,0.0,0.0,0.0,0.0,2002,radio,0.5
5,2,lr5e-05_bs16_modL1_fusion32_fusionL1_drop0p1_trmiss50_trlocradio,16,5e-05,1,32,1,0.1,lr5e-05_bs16_modL1_fusion32_fusionL1_drop0p1_trmiss50_trlocradio,27,0.5080475062131882,0.6978891690572103,0.5777310924369748,0.7141063262070229,0.5333333333333333,0.0,0.0,0.0,0.0,0.0,0.0,0.0,0.0,0.0,2002,radio,0.5
5,2,lr5e-05_bs16_modL1_fusion32_fusionL1_drop0p1_trmiss50_trlocradio,16,5e-05,1,32,1,0.1,lr5e-05_bs16_modL1_fusion32_fusionL1_drop0p1_trmiss50_trlocradio,28,0.4797678142786026,0.6868109703063965,0.5777310924369748,0.7157313424526884,0.5555555555555556,0.0,0.0,0.0,0.0,0.0,0.0,0.0,0.0,0.0,2002,radio,0.5
5,2,lr5e-05_bs16_modL1_fusion32_fusionL1_drop0p1_trmiss50_trlocradio,16,5e-05,1,32,1,0.1,lr5e-05_bs16_modL1_fusion32_fusionL1_drop0p1_trmiss50_trlocradio,29,0.47761410971482593,0.6824760437011719,0.573529411764706,0.7079114251903803,0.5777777777777777,0.0,0.0,0.0,0.0,0.0,0.0,0.0,0.0,0.0,2002,radio,0.5
5,2,lr5e-05_bs16_modL1_fusion32_fusionL1_drop0p1_trmiss50_trlocradio,16,5e-05,1,32,1,0.1,lr5e-05_bs16_modL1_fusion32_fusionL1_drop0p1_trmiss50_trlocradio,30,0.4847905586163203,0.6806237498919169,0.5798319327731093,0.7126492720275835,0.5777777777777777,0.0,0.0,0.0,0.0,0.0,0.0,0.0,0.0,0.0,2002,radio,0.5
5,2,lr5e-05_bs16_modL1_fusion32_fusionL1_drop0p1_trmiss50_trlocradio,16,5e-05,1,32,1,0.1,lr5e-05_bs16_modL1_fusion32_fusionL1_drop0p1_trmiss50_trlocradio,31,0.47489579021930695,0.6823307474454244,0.5840336134453781,0.7130541874234786,0.6,0.0,0.0,0.0,0.0,0.0,0.0,0.0,0.0,0.0,2002,radio,0.5
5,2,lr5e-05_bs16_modL1_fusion32_fusionL1_drop0p1_trmiss50_trlocradio,16,5e-05,1,32,1,0.1,lr5e-05_bs16_modL1_fusion32_fusionL1_drop0p1_trmiss50_trlocradio,32,0.4876761684815089,0.6804194847742716,0.592436974789916,0.7190482009269717,0.5555555555555556,0.0,0.0,0.0,0.0,0.0,0.0,0.0,0.0,0.0,2002,radio,0.5
5,2,lr5e-05_bs16_modL1_fusion32_fusionL1_drop0p1_trmiss50_trlocradio,16,5e-05,1,32,1,0.1,lr5e-05_bs16_modL1_fusion32_fusionL1_drop0p1_trmiss50_trlocradio,33,0.4845525647203128,0.6845276355743408,0.5756302521008403,0.7107391784123539,0.5777777777777777,0.0,0.0,0.0,0.0,0.0,0.0,0.0,0.0,0.0,2002,radio,0.5
5,2,lr5e-05_bs16_modL1_fusion32_fusionL1_drop0p1_trmiss50_trlocradio,16,5e-05,1,32,1,0.1,lr5e-05_bs16_modL1_fusion32_fusionL1_drop0p1_trmiss50_trlocradio,34,0.46493886162837345,0.6915585199991862,0.5861344537815126,0.7157598011429225,0.5555555555555556,0.0,0.0,0.0,0.0,0.0,0.0,0.0,0.0,0.0,2002,radio,0.5
5,2,lr5e-05_bs16_modL1_fusion32_fusionL1_drop0p1_trmiss50_trlocradio,16,5e-05,1,32,1,0.1,lr5e-05_bs16_modL1_fusion32_fusionL1_drop0p1_trmiss50_trlocradio,35,0.4541533763209979,0.6901537179946899,0.5777310924369748,0.7130188026194992,0.5777777777777777,0.0,0.0,0.0,0.0,0.0,0.0,0.0,0.0,0.0,2002,radio,0.5
5,2,lr5e-05_bs16_modL1_fusion32_fusionL1_drop0p1_trmiss50_trlocradio,16,5e-05,1,32,1,0.1,lr5e-05_bs16_modL1_fusion32_fusionL1_drop0p1_trmiss50_trlocradio,36,0.4387553657094638,0.6829671263694763,0.6008403361344538,0.7300197109478641,0.5777777777777777,0.0,0.0,0.0,0.0,0.0,0.0,0.0,0.0,0.0,2002,radio,0.5
5,2,lr5e-05_bs16_modL1_fusion32_fusionL1_drop0p1_trmiss50_trlocradio,16,5e-05,1,32,1,0.1,lr5e-05_bs16_modL1_fusion32_fusionL1_drop0p1_trmiss50_trlocradio,37,0.4590953414638837,0.683301309744517,0.6092436974789917,0.7356435147597377,0.5777777777777777,0.0,0.0,0.0,0.0,0.0,0.0,0.0,0.0,0.0,2002,radio,0.5
5,2,lr5e-05_bs16_modL1_fusion32_fusionL1_drop0p1_trmiss50_trlocradio,16,5e-05,1,32,1,0.1,lr5e-05_bs16_modL1_fusion32_fusionL1_drop0p1_trmiss50_trlocradio,38,0.4476560801267624,0.678352435429891,0.5945378151260504,0.7215918366182743,0.6,0.0,0.0,0.0,0.0,0.0,0.0,0.0,0.0,0.0,2002,radio,0.5
5,2,lr5e-05_bs16_modL1_fusion32_fusionL1_drop0p1_trmiss50_trlocradio,16,5e-05,1,32,1,0.1,lr5e-05_bs16_modL1_fusion32_fusionL1_drop0p1_trmiss50_trlocradio,39,0.45812871555487317,0.6686091423034668,0.611344537815126,0.7388381319895696,0.6,0.0,0.0,0.0,0.0,0.0,0.0,0.0,0.0,0.0,2002,radio,0.5
5,2,lr5e-05_bs16_modL1_fusion32_fusionL1_drop0p1_trmiss50_trlocradio,16,5e-05,1,32,1,0.1,lr5e-05_bs16_modL1_fusion32_fusionL1_drop0p1_trmiss50_trlocradio,40,0.44915248701969784,0.6607216795285543,0.6239495798319328,0.7446207440715795,0.6,0.0,0.0,0.0,0.0,0.0,0.0,0.0,0.0,0.0,2002,radio,0.5
5,2,lr5e-05_bs16_modL1_fusion32_fusionL1_drop0p1_trmiss50_trlocradio,16,5e-05,1,32,1,0.1,lr5e-05_bs16_modL1_fusion32_fusionL1_drop0p1_trmiss50_trlocradio,41,0.4443473120530446,0.6641197800636292,0.6323529411764706,0.7479141321338751,0.6,0.0,0.0,0.0,0.0,0.0,0.0,0.0,0.0,0.0,2002,radio,0.5
5,2,lr5e-05_bs16_modL1_fusion32_fusionL1_drop0p1_trmiss50_trlocradio,16,5e-05,1,32,1,0.1,lr5e-05_bs16_modL1_fusion32_fusionL1_drop0p1_trmiss50_trlocradio,42,0.43682802965243656,0.6706204017003378,0.6176470588235294,0.739000072787485,0.6,0.0,0.0,0.0,0.0,0.0,0.0,0.0,0.0,0.0,2002,radio,0.5
5,2,lr5e-05_bs16_modL1_fusion32_fusionL1_drop0p1_trmiss50_trlocradio,16,5e-05,1,32,1,0.1,lr5e-05_bs16_modL1_fusion32_fusionL1_drop0p1_trmiss50_trlocradio,43,0.44608955333630246,0.6754299402236938,0.6239495798319328,0.7427894226217352,0.5777777777777777,0.0,0.0,0.0,0.0,0.0,0.0,0.0,0.0,0.0,2002,radio,0.5
5,2,lr5e-05_bs16_modL1_fusion32_fusionL1_drop0p1_trmiss50_trlocradio,16,5e-05,1,32,1,0.1,lr5e-05_bs16_modL1_fusion32_fusionL1_drop0p1_trmiss50_trlocradio,44,0.4473900372783343,0.6786030133565267,0.6218487394957983,0.744969100947539,0.5777777777777777,0.0,0.0,0.0,0.0,0.0,0.0,0.0,0.0,0.0,2002,radio,0.5
5,2,lr5e-05_bs16_modL1_fusion32_fusionL1_drop0p1_trmiss50_trlocradio,16,5e-05,1,32,1,0.1,lr5e-05_bs16_modL1_fusion32_fusionL1_drop0p1_trmiss50_trlocradio,45,0.4398200958967209,0.6705684463183085,0.6134453781512605,0.7409682126026225,0.6,0.0,0.0,0.0,0.0,0.0,0.0,0.0,0.0,0.0,2002,radio,0.5
5,2,lr5e-05_bs16_modL1_fusion32_fusionL1_drop0p1_trmiss50_trlocradio,16,5e-05,1,32,1,0.1,lr5e-05_bs16_modL1_fusion32_fusionL1_drop0p1_trmiss50_trlocradio,46,0.4527396187186241,0.6677233974138895,0.6239495798319328,0.7423958930687149,0.6,0.0,0.0,0.0,0.0,0.0,0.0,0.0,0.0,0.0,2002,radio,0.5
5,2,lr5e-05_bs16_modL1_fusion32_fusionL1_drop0p1_trmiss50_trlocradio,16,5e-05,1,32,1,0.1,lr5e-05_bs16_modL1_fusion32_fusionL1_drop0p1_trmiss50_trlocradio,47,0.4437797541419665,0.6786654194196066,0.6029411764705883,0.7337417370279327,0.5555555555555556,0.0,0.0,0.0,0.0,0.0,0.0,0.0,0.0,0.0,2002,radio,0.5
5,2,lr5e-05_bs16_modL1_fusion32_fusionL1_drop0p1_trmiss50_trlocradio,16,5e-05,1,32,1,0.1,lr5e-05_bs16_modL1_fusion32_fusionL1_drop0p1_trmiss50_trlocradio,48,0.42785100390513736,0.669813315073649,0.6218487394957983,0.7461648047175173,0.6,0.0,0.0,0.0,0.0,0.0,0.0,0.0,0.0,0.0,2002,radio,0.5
5,2,lr5e-05_bs16_modL1_fusion32_fusionL1_drop0p1_trmiss50_trlocradio,16,5e-05,1,32,1,0.1,lr5e-05_bs16_modL1_fusion32_fusionL1_drop0p1_trmiss50_trlocradio,49,0.42474110921223956,0.666056235631307,0.611344537815126,0.7382874396464327,0.6,0.0,0.0,0.0,0.0,0.0,0.0,0.0,0.0,0.0,2002,radio,0.5
5,2,lr5e-05_bs16_modL1_fusion32_fusionL1_drop0p1_trmiss50_trlocradio,16,5e-05,1,32,1,0.1,lr5e-05_bs16_modL1_fusion32_fusionL1_drop0p1_trmiss50_trlocradio,50,0.43572162836790085,0.6686337192853292,0.6197478991596639,0.7440505193898597,0.5777777777777777,0.0,0.0,0.0,0.0,0.0,0.0,0.0,0.0,0.0,2002,radio,0.5
5,2,lr5e-05_bs16_modL1_fusion32_fusionL1_drop0p1_trmiss50_trlocradio,16,5e-05,1,32,1,0.1,lr5e-05_bs16_modL1_fusion32_fusionL1_drop0p1_trmiss50_trlocradio,51,0.42518788824478787,0.6606474121411642,0.6260504201680672,0.7483006357869177,0.6,0.0,0.0,0.0,0.0,0.0,0.0,0.0,0.0,0.0,2002,radio,0.5
5,2,lr5e-05_bs16_modL1_fusion32_fusionL1_drop0p1_trmiss50_trlocradio,16,5e-05,1,32,1,0.1,lr5e-05_bs16_modL1_fusion32_fusionL1_drop0p1_trmiss50_trlocradio,52,0.42457150171200436,0.6682991981506348,0.6260504201680672,0.7482448675118658,0.6,0.0,0.0,0.0,0.0,0.0,0.0,0.0,0.0,0.0,2002,radio,0.5
5,2,lr5e-05_bs16_modL1_fusion32_fusionL1_drop0p1_trmiss50_trlocradio,16,5e-05,1,32,1,0.1,lr5e-05_bs16_modL1_fusion32_fusionL1_drop0p1_trmiss50_trlocradio,53,0.4184562712907791,0.6614096760749817,0.6281512605042017,0.7490848345922421,0.6,0.0,0.0,0.0,0.0,0.0,0.0,0.0,0.0,0.0,2002,radio,0.5
5,2,lr5e-05_bs16_modL1_fusion32_fusionL1_drop0p1_trmiss50_trlocradio,16,5e-05,1,32,1,0.1,lr5e-05_bs16_modL1_fusion32_fusionL1_drop0p1_trmiss50_trlocradio,54,0.40520408749580383,0.664876401424408,0.6176470588235294,0.7404397334604095,0.5777777777777777,0.0,0.0,0.0,0.0,0.0,0.0,0.0,0.0,0.0,2002,radio,0.5
5,2,lr5e-05_bs16_modL1_fusion32_fusionL1_drop0p1_trmiss50_trlocradio,16,5e-05,1,32,1,0.1,lr5e-05_bs16_modL1_fusion32_fusionL1_drop0p1_trmiss50_trlocradio,55,0.430566002925237,0.6631707549095154,0.6218487394957983,0.7420176810377765,0.5777777777777777,0.0,0.0,0.0,0.0,0.0,0.0,0.0,0.0,0.0,2002,radio,0.5
5,2,lr5e-05_bs16_modL1_fusion32_fusionL1_drop0p1_trmiss50_trlocradio,16,5e-05,1,32,1,0.1,lr5e-05_bs16_modL1_fusion32_fusionL1_drop0p1_trmiss50_trlocradio,56,0.40663578857978183,0.6664645870526632,0.6134453781512605,0.7341023888547499,0.5777777777777777,0.0,0.0,0.0,0.0,0.0,0.0,0.0,0.0,0.0,2002,radio,0.5
5,2,lr5e-05_bs16_modL1_fusion32_fusionL1_drop0p1_trmiss50_trlocradio,16,5e-05,1,32,1,0.1,lr5e-05_bs16_modL1_fusion32_fusionL1_drop0p1_trmiss50_trlocradio,57,0.4414933870236079,0.6796815991401672,0.6113445378151261,0.735682492853666,0.5555555555555556,0.0,0.0,0.0,0.0,0.0,0.0,0.0,0.0,0.0,2002,radio,0.5
5,2,lr5e-05_bs16_modL1_fusion32_fusionL1_drop0p1_trmiss50_trlocradio,16,5e-05,1,32,1,0.1,lr5e-05_bs16_modL1_fusion32_fusionL1_drop0p1_trmiss50_trlocradio,58,0.4194558138648669,0.6690075596173605,0.611344537815126,0.738764418293565,0.5777777777777777,0.0,0.0,0.0,0.0,0.0,0.0,0.0,0.0,0.0,2002,radio,0.5
5,2,lr5e-05_bs16_modL1_fusion32_fusionL1_drop0p1_trmiss50_trlocradio,16,5e-05,1,32,1,0.1,lr5e-05_bs16_modL1_fusion32_fusionL1_drop0p1_trmiss50_trlocradio,59,0.4359922061363856,0.6635077595710754,0.6260504201680672,0.7475314916034513,0.6,0.0,0.0,0.0,0.0,0.0,0.0,0.0,0.0,0.0,2002,radio,0.5
5,2,lr5e-05_bs16_modL1_fusion32_fusionL1_drop0p1_trmiss50_trlocradio,16,5e-05,1,32,1,0.1,lr5e-05_bs16_modL1_fusion32_fusionL1_drop0p1_trmiss50_trlocradio,60,0.41159985462824505,0.6615432500839233,0.615546218487395,0.7407810172439045,0.6,0.0,0.0,0.0,0.0,0.0,0.0,0.0,0.0,0.0,2002,radio,0.5
5,2,lr5e-05_bs16_modL1_fusion32_fusionL1_drop0p1_trmiss50_trlocradio,16,5e-05,1,32,1,0.1,lr5e-05_bs16_modL1_fusion32_fusionL1_drop0p1_trmiss50_trlocradio,61,0.41943274190028507,0.6589502493540446,0.6176470588235294,0.7425517736233793,0.6,0.0,0.0,0.0,0.0,0.0,0.0,0.0,0.0,0.0,2002,radio,0.5
5,2,lr5e-05_bs16_modL1_fusion64_fusionL1_drop0p2_trmiss50_trlocradio,16,5e-05,1,64,1,0.2,lr5e-05_bs16_modL1_fusion64_fusionL1_drop0p2_trmiss50_trlocradio,1,0.6916234642267227,0.6806406378746033,0.47478991596638653,0.6323248064682762,0.6222222222222222,0.0,0.0,0.0,0.0,0.0,0.0,0.0,0.0,0.0,2002,radio,0.5
5,2,lr5e-05_bs16_modL1_fusion64_fusionL1_drop0p2_trmiss50_trlocradio,16,5e-05,1,64,1,0.2,lr5e-05_bs16_modL1_fusion64_fusionL1_drop0p2_trmiss50_trlocradio,2,0.6472383191188177,0.6657575567563375,0.5189075630252101,0.7074582551421714,0.6,0.0,0.0,0.0,0.0,0.0,0.0,0.0,0.0,0.0,2002,radio,0.5
5,2,lr5e-05_bs16_modL1_fusion64_fusionL1_drop0p2_trmiss50_trlocradio,16,5e-05,1,64,1,0.2,lr5e-05_bs16_modL1_fusion64_fusionL1_drop0p2_trmiss50_trlocradio,3,0.6869713564713796,0.6639158328374227,0.523109243697479,0.7067478202749735,0.6222222222222222,0.0,0.0,0.0,0.0,0.0,0.0,0.0,0.0,0.0,2002,radio,0.5
5,2,lr5e-05_bs16_modL1_fusion64_fusionL1_drop0p2_trmiss50_trlocradio,16,5e-05,1,64,1,0.2,lr5e-05_bs16_modL1_fusion64_fusionL1_drop0p2_trmiss50_trlocradio,4,0.6374729598561922,0.6624365448951721,0.5315126050420168,0.6952438410527857,0.6222222222222222,0.0,0.0,0.0,0.0,0.0,0.0,0.0,0.0,0.0,2002,radio,0.5
5,2,lr5e-05_bs16_modL1_fusion64_fusionL1_drop0p2_trmiss50_trlocradio,16,5e-05,1,64,1,0.2,lr5e-05_bs16_modL1_fusion64_fusionL1_drop0p2_trmiss50_trlocradio,5,0.6040848394234976,0.6670172611872355,0.5105042016806722,0.6799519187321841,0.6,0.0,0.0,0.0,0.0,0.0,0.0,0.0,0.0,0.0,2002,radio,0.5
5,2,lr5e-05_bs16_modL1_fusion64_fusionL1_drop0p2_trmiss50_trlocradio,16,5e-05,1,64,1,0.2,lr5e-05_bs16_modL1_fusion64_fusionL1_drop0p2_trmiss50_trlocradio,6,0.6178042242924372,0.6727694272994995,0.49159663865546216,0.666152583386179,0.6444444444444445,0.0,0.0,0.0,0.0,0.0,0.0,0.0,0.0,0.0,2002,radio,0.5
5,2,lr5e-05_bs16_modL1_fusion64_fusionL1_drop0p2_trmiss50_trlocradio,16,5e-05,1,64,1,0.2,lr5e-05_bs16_modL1_fusion64_fusionL1_drop0p2_trmiss50_trlocradio,7,0.6104480177164078,0.6754758954048157,0.4936974789915966,0.6656662896711145,0.6444444444444445,0.0,0.0,0.0,0.0,0.0,0.0,0.0,0.0,0.0,2002,radio,0.5
5,2,lr5e-05_bs16_modL1_fusion64_fusionL1_drop0p2_trmiss50_trlocradio,16,5e-05,1,64,1,0.2,lr5e-05_bs16_modL1_fusion64_fusionL1_drop0p2_trmiss50_trlocradio,8,0.5803646842638651,0.6669274965922037,0.5168067226890756,0.6908858331955103,0.6222222222222222,0.0,0.0,0.0,0.0,0.0,0.0,0.0,0.0,0.0,2002,radio,0.5
5,2,lr5e-05_bs16_modL1_fusion64_fusionL1_drop0p2_trmiss50_trlocradio,16,5e-05,1,64,1,0.2,lr5e-05_bs16_modL1_fusion64_fusionL1_drop0p2_trmiss50_trlocradio,9,0.5611869444449743,0.6687116026878357,0.5126050420168067,0.6871190308303384,0.6444444444444445,0.0,0.0,0.0,0.0,0.0,0.0,0.0,0.0,0.0,2002,radio,0.5
5,2,lr5e-05_bs16_modL1_fusion64_fusionL1_drop0p2_trmiss50_trlocradio,16,5e-05,1,64,1,0.2,lr5e-05_bs16_modL1_fusion64_fusionL1_drop0p2_trmiss50_trlocradio,10,0.5796273897091547,0.6634948452313741,0.5441176470588235,0.695556721833029,0.6222222222222222,0.0,0.0,0.0,0.0,0.0,0.0,0.0,0.0,0.0,2002,radio,0.5
5,2,lr5e-05_bs16_modL1_fusion64_fusionL1_drop0p2_trmiss50_trlocradio,16,5e-05,1,64,1,0.2,lr5e-05_bs16_modL1_fusion64_fusionL1_drop0p2_trmiss50_trlocradio,11,0.5674239546060562,0.6631768743197123,0.5378151260504201,0.6990656043907166,0.6222222222222222,0.0,0.0,0.0,0.0,0.0,0.0,0.0,0.0,0.0,2002,radio,0.5
5,2,lr5e-05_bs16_modL1_fusion64_fusionL1_drop0p2_trmiss50_trlocradio,16,5e-05,1,64,1,0.2,lr5e-05_bs16_modL1_fusion64_fusionL1_drop0p2_trmiss50_trlocradio,12,0.5732285330692927,0.6621573766072592,0.5630252100840336,0.7134701275811277,0.6,0.0,0.0,0.0,0.0,0.0,0.0,0.0,0.0,0.0,2002,radio,0.5
5,2,lr5e-05_bs16_modL1_fusion64_fusionL1_drop0p2_trmiss50_trlocradio,16,5e-05,1,64,1,0.2,lr5e-05_bs16_modL1_fusion64_fusionL1_drop0p2_trmiss50_trlocradio,13,0.5648248866200447,0.6596559484799703,0.5378151260504201,0.7053369271481521,0.6,0.0,0.0,0.0,0.0,0.0,0.0,0.0,0.0,0.0,2002,radio,0.5
5,2,lr5e-05_bs16_modL1_fusion64_fusionL1_drop0p2_trmiss50_trlocradio,16,5e-05,1,64,1,0.2,lr5e-05_bs16_modL1_fusion64_fusionL1_drop0p2_trmiss50_trlocradio,14,0.5482833385467529,0.6622215509414673,0.5462184873949579,0.709264079756751,0.6222222222222222,0.0,0.0,0.0,0.0,0.0,0.0,0.0,0.0,0.0,2002,radio,0.5
5,2,lr5e-05_bs16_modL1_fusion64_fusionL1_drop0p2_trmiss50_trlocradio,16,5e-05,1,64,1,0.2,lr5e-05_bs16_modL1_fusion64_fusionL1_drop0p2_trmiss50_trlocradio,15,0.5417885755499204,0.6643929878870646,0.5609243697478992,0.7015176994680655,0.6222222222222222,0.0,0.0,0.0,0.0,0.0,0.0,0.0,0.0,0.0,2002,radio,0.5
5,2,lr5e-05_bs16_modL1_fusion64_fusionL1_drop0p2_trmiss50_trlocradio,16,5e-05,1,64,1,0.2,lr5e-05_bs16_modL1_fusion64_fusionL1_drop0p2_trmiss50_trlocradio,16,0.5345354427893957,0.6656414071718851,0.5504201680672268,0.6963174679953384,0.6444444444444445,0.0,0.0,0.0,0.0,0.0,0.0,0.0,0.0,0.0,2002,radio,0.5
5,2,lr5e-05_bs16_modL1_fusion64_fusionL1_drop0p2_trmiss50_trlocradio,16,5e-05,1,64,1,0.2,lr5e-05_bs16_modL1_fusion64_fusionL1_drop0p2_trmiss50_trlocradio,17,0.5360248411695162,0.669817308584849,0.523109243697479,0.6982581876623274,0.6222222222222222,0.0,0.0,0.0,0.0,0.0,0.0,0.0,0.0,0.0,2002,radio,0.5
5,2,lr5e-05_bs16_modL1_fusion64_fusionL1_drop0p2_trmiss50_trlocradio,16,5e-05,1,64,1,0.2,lr5e-05_bs16_modL1_fusion64_fusionL1_drop0p2_trmiss50_trlocradio,18,0.533312996228536,0.6698845227559408,0.5294117647058824,0.6947252914196149,0.6222222222222222,0.0,0.0,0.0,0.0,0.0,0.0,0.0,0.0,0.0,2002,radio,0.5
5,2,lr5e-05_bs16_modL1_fusion64_fusionL1_drop0p2_trmiss50_trlocradio,16,5e-05,1,64,1,0.2,lr5e-05_bs16_modL1_fusion64_fusionL1_drop0p2_trmiss50_trlocradio,19,0.529284693300724,0.668856660525004,0.5021008403361344,0.6845498093734932,0.6444444444444445,0.0,0.0,0.0,0.0,0.0,0.0,0.0,0.0,0.0,2002,radio,0.5
5,2,lr5e-05_bs16_modL1_fusion64_fusionL1_drop0p2_trmiss50_trlocradio,16,5e-05,1,64,1,0.2,lr5e-05_bs16_modL1_fusion64_fusionL1_drop0p2_trmiss50_trlocradio,20,0.5307188580433527,0.6720390121142069,0.5231092436974789,0.6835120003110746,0.6444444444444445,0.0,0.0,0.0,0.0,0.0,0.0,0.0,0.0,0.0,2002,radio,0.5
5,2,lr5e-05_bs16_modL1_fusion64_fusionL1_drop0p2_trmiss50_trlocradio,16,5e-05,1,64,1,0.2,lr5e-05_bs16_modL1_fusion64_fusionL1_drop0p2_trmiss50_trlocradio,21,0.5417207355300585,0.6651317477226257,0.5294117647058824,0.6925203405380496,0.6444444444444445,0.0,0.0,0.0,0.0,0.0,0.0,0.0,0.0,0.0,2002,radio,0.5
5,2,lr5e-05_bs16_modL1_fusion64_fusionL1_drop0p2_trmiss50_trlocradio,16,5e-05,1,64,1,0.2,lr5e-05_bs16_modL1_fusion64_fusionL1_drop0p2_trmiss50_trlocradio,22,0.5249030888080597,0.6623549660046896,0.5546218487394957,0.7090843950787473,0.6444444444444445,0.0,0.0,0.0,0.0,0.0,0.0,0.0,0.0,0.0,2002,radio,0.5
5,2,lr5e-05_bs16_modL1_fusion64_fusionL1_drop0p2_trmiss50_trlocradio,16,5e-05,1,64,1,0.2,lr5e-05_bs16_modL1_fusion64_fusionL1_drop0p2_trmiss50_trlocradio,23,0.530877411365509,0.6662548581759135,0.5504201680672269,0.7039918483193378,0.6444444444444445,0.0,0.0,0.0,0.0,0.0,0.0,0.0,0.0,0.0,2002,radio,0.5
5,2,lr5e-05_bs16_modL1_fusion64_fusionL1_drop0p2_trmiss50_trlocradio,16,5e-05,1,64,1,0.2,lr5e-05_bs16_modL1_fusion64_fusionL1_drop0p2_trmiss50_trlocradio,24,0.5229843109846115,0.6688045660654703,0.5609243697478992,0.7047434319381483,0.6222222222222222,0.0,0.0,0.0,0.0,0.0,0.0,0.0,0.0,0.0,2002,radio,0.5
5,2,lr5e-05_bs16_modL1_fusion64_fusionL1_drop0p2_trmiss50_trlocradio,16,5e-05,1,64,1,0.2,lr5e-05_bs16_modL1_fusion64_fusionL1_drop0p2_trmiss50_trlocradio,25,0.519344300031662,0.6663345297177633,0.5378151260504201,0.6947088092363354,0.6444444444444445,0.0,0.0,0.0,0.0,0.0,0.0,0.0,0.0,0.0,2002,radio,0.5
5,2,lr5e-05_bs16_modL1_fusion64_fusionL1_drop0p2_trmiss50_trlocradio,16,5e-05,1,64,1,0.2,lr5e-05_bs16_modL1_fusion64_fusionL1_drop0p2_trmiss50_trlocradio,26,0.5160400494933128,0.6661123633384705,0.5399159663865546,0.7002327581758083,0.6444444444444445,0.0,0.0,0.0,0.0,0.0,0.0,0.0,0.0,0.0,2002,radio,0.5
5,2,lr5e-05_bs16_modL1_fusion64_fusionL1_drop0p2_trmiss50_trlocradio,16,5e-05,1,64,1,0.2,lr5e-05_bs16_modL1_fusion64_fusionL1_drop0p2_trmiss50_trlocradio,27,0.5386156961321831,0.6660441358884176,0.5525210084033613,0.7037575939192,0.6444444444444445,0.0,0.0,0.0,0.0,0.0,0.0,0.0,0.0,0.0,2002,radio,0.5
5,2,lr5e-05_bs16_modL1_fusion64_fusionL1_drop0p2_trmiss50_trlocradio,16,5e-05,1,64,1,0.2,lr5e-05_bs16_modL1_fusion64_fusionL1_drop0p2_trmiss50_trlocradio,28,0.5335344473520914,0.6651787161827087,0.546218487394958,0.7099834943680604,0.6444444444444445,0.0,0.0,0.0,0.0,0.0,0.0,0.0,0.0,0.0,2002,radio,0.5
5,2,lr5e-05_bs16_modL1_fusion64_fusionL1_drop0p2_trmiss50_trlocradio,16,5e-05,1,64,1,0.2,lr5e-05_bs16_modL1_fusion64_fusionL1_drop0p2_trmiss50_trlocradio,29,0.5203886156280836,0.6629635691642761,0.5546218487394958,0.7103475591773374,0.6444444444444445,0.0,0.0,0.0,0.0,0.0,0.0,0.0,0.0,0.0,2002,radio,0.5
5,2,lr5e-05_bs16_modL1_fusion64_fusionL1_drop0p2_trmiss50_trlocradio,16,5e-05,1,64,1,0.2,lr5e-05_bs16_modL1_fusion64_fusionL1_drop0p2_trmiss50_trlocradio,30,0.5120647499958674,0.663315216700236,0.5609243697478992,0.7161851269350589,0.6444444444444445,0.0,0.0,0.0,0.0,0.0,0.0,0.0,0.0,0.0,2002,radio,0.5
5,2,lr5e-05_bs16_modL1_fusion64_fusionL1_drop0p2_trmiss50_trlocradio,16,5e-05,1,64,1,0.2,lr5e-05_bs16_modL1_fusion64_fusionL1_drop0p2_trmiss50_trlocradio,31,0.5123396913210551,0.6658400297164917,0.546218487394958,0.7046411135294062,0.6444444444444445,0.0,0.0,0.0,0.0,0.0,0.0,0.0,0.0,0.0,2002,radio,0.5
5,2,lr5e-05_bs16_modL1_fusion64_fusionL1_drop0p2_trmiss50_trlocradio,16,5e-05,1,64,1,0.2,lr5e-05_bs16_modL1_fusion64_fusionL1_drop0p2_trmiss50_trlocradio,32,0.518436980744203,0.6606629093488058,0.5546218487394957,0.7027252762818882,0.6444444444444445,0.0,0.0,0.0,0.0,0.0,0.0,0.0,0.0,0.0,2002,radio,0.5
5,2,lr5e-05_bs16_modL1_fusion64_fusionL1_drop0p1_trmiss50_trlocradio,16,5e-05,1,64,1,0.1,lr5e-05_bs16_modL1_fusion64_fusionL1_drop0p1_trmiss50_trlocradio,1,0.7263244738181432,0.6953305204709371,0.5105042016806722,0.6551447592645231,0.5555555555555556,0.0,0.0,0.0,0.0,0.0,0.0,0.0,0.0,0.0,2002,radio,0.5
5,2,lr5e-05_bs16_modL1_fusion64_fusionL1_drop0p1_trmiss50_trlocradio,16,5e-05,1,64,1,0.1,lr5e-05_bs16_modL1_fusion64_fusionL1_drop0p1_trmiss50_trlocradio,2,0.6914606740077337,0.6980082392692566,0.4936974789915966,0.6422035928507773,0.5111111111111111,0.0,0.0,0.0,0.0,0.0,0.0,0.0,0.0,0.0,2002,radio,0.5
5,2,lr5e-05_bs16_modL1_fusion64_fusionL1_drop0p1_trmiss50_trlocradio,16,5e-05,1,64,1,0.1,lr5e-05_bs16_modL1_fusion64_fusionL1_drop0p1_trmiss50_trlocradio,3,0.6812100907166799,0.6983498732248942,0.4831932773109243,0.6543769255606258,0.5333333333333333,0.0,0.0,0.0,0.0,0.0,0.0,0.0,0.0,0.0,2002,radio,0.5
5,2,lr5e-05_bs16_modL1_fusion64_fusionL1_drop0p1_trmiss50_trlocradio,16,5e-05,1,64,1,0.1,lr5e-05_bs16_modL1_fusion64_fusionL1_drop0p1_trmiss50_trlocradio,4,0.6653442680835724,0.6954665780067444,0.48739495798319327,0.6476398419754728,0.5333333333333333,0.0,0.0,0.0,0.0,0.0,0.0,0.0,0.0,0.0,2002,radio,0.5
5,2,lr5e-05_bs16_modL1_fusion64_fusionL1_drop0p1_trmiss50_trlocradio,16,5e-05,1,64,1,0.1,lr5e-05_bs16_modL1_fusion64_fusionL1_drop0p1_trmiss50_trlocradio,5,0.6402094811201096,0.6924477815628052,0.47478991596638653,0.6378561463255775,0.4666666666666667,0.0,0.0,0.0,0.0,0.0,0.0,0.0,0.0,0.0,2002,radio,0.5
5,2,lr5e-05_bs16_modL1_fusion64_fusionL1_drop0p1_trmiss50_trlocradio,16,5e-05,1,64,1,0.1,lr5e-05_bs16_modL1_fusion64_fusionL1_drop0p1_trmiss50_trlocradio,6,0.590627133846283,0.6921934882799784,0.48109243697478987,0.6575725988148052,0.4888888888888889,0.0,0.0,0.0,0.0,0.0,0.0,0.0,0.0,0.0,2002,radio,0.5
5,2,lr5e-05_bs16_modL1_fusion64_fusionL1_drop0p1_trmiss50_trlocradio,16,5e-05,1,64,1,0.1,lr5e-05_bs16_modL1_fusion64_fusionL1_drop0p1_trmiss50_trlocradio,7,0.606753741701444,0.6849283576011658,0.5420168067226891,0.6761863577895756,0.6,0.0,0.0,0.0,0.0,0.0,0.0,0.0,0.0,0.0,2002,radio,0.5
5,2,lr5e-05_bs16_modL1_fusion64_fusionL1_drop0p1_trmiss50_trlocradio,16,5e-05,1,64,1,0.1,lr5e-05_bs16_modL1_fusion64_fusionL1_drop0p1_trmiss50_trlocradio,8,0.6026291797558466,0.6833524107933044,0.5714285714285714,0.6926587373034794,0.6444444444444445,0.0,0.0,0.0,0.0,0.0,0.0,0.0,0.0,0.0,2002,radio,0.5
5,2,lr5e-05_bs16_modL1_fusion64_fusionL1_drop0p1_trmiss50_trlocradio,16,5e-05,1,64,1,0.1,lr5e-05_bs16_modL1_fusion64_fusionL1_drop0p1_trmiss50_trlocradio,9,0.5791372358798981,0.6766870220502218,0.5546218487394958,0.6869099802305716,0.6222222222222222,0.0,0.0,0.0,0.0,0.0,0.0,0.0,0.0,0.0,2002,radio,0.5
5,2,lr5e-05_bs16_modL1_fusion64_fusionL1_drop0p1_trmiss50_trlocradio,16,5e-05,1,64,1,0.1,lr5e-05_bs16_modL1_fusion64_fusionL1_drop0p1_trmiss50_trlocradio,10,0.5623454550902048,0.6780054966608683,0.5714285714285714,0.6882103312705038,0.6222222222222222,0.0,0.0,0.0,0.0,0.0,0.0,0.0,0.0,0.0,2002,radio,0.5
5,2,lr5e-05_bs16_modL1_fusion64_fusionL1_drop0p1_trmiss50_trlocradio,16,5e-05,1,64,1,0.1,lr5e-05_bs16_modL1_fusion64_fusionL1_drop0p1_trmiss50_trlocradio,11,0.5749243746201197,0.6814178228378296,0.569327731092437,0.7000111452962736,0.6444444444444445,0.0,0.0,0.0,0.0,0.0,0.0,0.0,0.0,0.0,2002,radio,0.5
5,2,lr5e-05_bs16_modL1_fusion64_fusionL1_drop0p1_trmiss50_trlocradio,16,5e-05,1,64,1,0.1,lr5e-05_bs16_modL1_fusion64_fusionL1_drop0p1_trmiss50_trlocradio,12,0.5430885454018911,0.6871780554453532,0.5462184873949579,0.6904949996260533,0.6222222222222222,0.0,0.0,0.0,0.0,0.0,0.0,0.0,0.0,0.0,2002,radio,0.5
5,2,lr5e-05_bs16_modL1_fusion64_fusionL1_drop0p1_trmiss50_trlocradio,16,5e-05,1,64,1,0.1,lr5e-05_bs16_modL1_fusion64_fusionL1_drop0p1_trmiss50_trlocradio,13,0.514125277598699,0.6829327543576559,0.5546218487394958,0.6936680000532987,0.6,0.0,0.0,0.0,0.0,0.0,0.0,0.0,0.0,0.0,2002,radio,0.5
5,2,lr5e-05_bs16_modL1_fusion64_fusionL1_drop0p1_trmiss50_trlocradio,16,5e-05,1,64,1,0.1,lr5e-05_bs16_modL1_fusion64_fusionL1_drop0p1_trmiss50_trlocradio,14,0.5238766620556513,0.6749964157740275,0.5525210084033614,0.6997921242511235,0.6222222222222222,0.0,0.0,0.0,0.0,0.0,0.0,0.0,0.0,0.0,2002,radio,0.5
5,2,lr5e-05_bs16_modL1_fusion64_fusionL1_drop0p1_trmiss50_trlocradio,16,5e-05,1,64,1,0.1,lr5e-05_bs16_modL1_fusion64_fusionL1_drop0p1_trmiss50_trlocradio,15,0.49602801104386646,0.6756344636281332,0.5609243697478992,0.6997713382714035,0.5555555555555556,0.0,0.0,0.0,0.0,0.0,0.0,0.0,0.0,0.0,2002,radio,0.5
5,2,lr5e-05_bs16_modL1_fusion64_fusionL1_drop0p1_trmiss50_trlocradio,16,5e-05,1,64,1,0.1,lr5e-05_bs16_modL1_fusion64_fusionL1_drop0p1_trmiss50_trlocradio,16,0.5071399708588918,0.677458127339681,0.5672268907563025,0.697056496806562,0.5777777777777777,0.0,0.0,0.0,0.0,0.0,0.0,0.0,0.0,0.0,2002,radio,0.5
5,2,lr5e-05_bs16_modL1_fusion64_fusionL1_drop0p1_trmiss50_trlocradio,16,5e-05,1,64,1,0.1,lr5e-05_bs16_modL1_fusion64_fusionL1_drop0p1_trmiss50_trlocradio,17,0.4760642523566882,0.6733328501383463,0.5630252100840336,0.6950661443073777,0.6444444444444445,0.0,0.0,0.0,0.0,0.0,0.0,0.0,0.0,0.0,2002,radio,0.5
5,2,lr5e-05_bs16_modL1_fusion64_fusionL1_drop0p1_trmiss50_trlocradio,16,5e-05,1,64,1,0.1,lr5e-05_bs16_modL1_fusion64_fusionL1_drop0p1_trmiss50_trlocradio,18,0.4750189532836278,0.668803334236145,0.5735294117647058,0.7079516421247214,0.6444444444444445,0.0,0.0,0.0,0.0,0.0,0.0,0.0,0.0,0.0,2002,radio,0.5
5,2,lr5e-05_bs16_modL1_fusion64_fusionL1_drop0p1_trmiss50_trlocradio,16,5e-05,1,64,1,0.1,lr5e-05_bs16_modL1_fusion64_fusionL1_drop0p1_trmiss50_trlocradio,19,0.4591895043849945,0.6672139366467794,0.5798319327731093,0.7109591429857508,0.6222222222222222,0.0,0.0,0.0,0.0,0.0,0.0,0.0,0.0,0.0,2002,radio,0.5
5,2,lr5e-05_bs16_modL1_fusion64_fusionL1_drop0p1_trmiss50_trlocradio,16,5e-05,1,64,1,0.1,lr5e-05_bs16_modL1_fusion64_fusionL1_drop0p1_trmiss50_trlocradio,20,0.4605363880594571,0.6641920606295267,0.5819327731092437,0.7159301519230872,0.6444444444444445,0.0,0.0,0.0,0.0,0.0,0.0,0.0,0.0,0.0,2002,radio,0.5
5,2,lr5e-05_bs16_modL1_fusion64_fusionL1_drop0p1_trmiss50_trlocradio,16,5e-05,1,64,1,0.1,lr5e-05_bs16_modL1_fusion64_fusionL1_drop0p1_trmiss50_trlocradio,21,0.4638817509015401,0.6685283581415812,0.5903361344537815,0.7213716240120143,0.6222222222222222,0.0,0.0,0.0,0.0,0.0,0.0,0.0,0.0,0.0,2002,radio,0.5
5,2,lr5e-05_bs16_modL1_fusion64_fusionL1_drop0p1_trmiss50_trlocradio,16,5e-05,1,64,1,0.1,lr5e-05_bs16_modL1_fusion64_fusionL1_drop0p1_trmiss50_trlocradio,22,0.4490000183383624,0.6542994379997253,0.615546218487395,0.7358678630806559,0.6444444444444445,0.0,0.0,0.0,0.0,0.0,0.0,0.0,0.0,0.0,2002,radio,0.5
5,2,lr5e-05_bs16_modL1_fusion64_fusionL1_drop0p1_trmiss50_trlocradio,16,5e-05,1,64,1,0.1,lr5e-05_bs16_modL1_fusion64_fusionL1_drop0p1_trmiss50_trlocradio,23,0.4450579509139061,0.6530439654986063,0.6029411764705883,0.7277993326043797,0.6,0.0,0.0,0.0,0.0,0.0,0.0,0.0,0.0,0.0,2002,radio,0.5
5,2,lr5e-05_bs16_modL1_fusion64_fusionL1_drop0p1_trmiss50_trlocradio,16,5e-05,1,64,1,0.1,lr5e-05_bs16_modL1_fusion64_fusionL1_drop0p1_trmiss50_trlocradio,24,0.4424320310354233,0.659277617931366,0.5861344537815125,0.7272569550977164,0.6444444444444445,0.0,0.0,0.0,0.0,0.0,0.0,0.0,0.0,0.0,2002,radio,0.5
5,2,lr5e-05_bs16_modL1_fusion64_fusionL1_drop0p1_trmiss50_trlocradio,16,5e-05,1,64,1,0.1,lr5e-05_bs16_modL1_fusion64_fusionL1_drop0p1_trmiss50_trlocradio,25,0.44759595145781833,0.6534000237782797,0.6029411764705882,0.7335504448312392,0.6444444444444445,0.0,0.0,0.0,0.0,0.0,0.0,0.0,0.0,0.0,2002,radio,0.5
5,2,lr5e-05_bs16_modL1_fusion64_fusionL1_drop0p1_trmiss50_trlocradio,16,5e-05,1,64,1,0.1,lr5e-05_bs16_modL1_fusion64_fusionL1_drop0p1_trmiss50_trlocradio,26,0.430916965007782,0.6545024911562601,0.6008403361344539,0.7316162233928546,0.6,0.0,0.0,0.0,0.0,0.0,0.0,0.0,0.0,0.0,2002,radio,0.5
5,2,lr5e-05_bs16_modL1_fusion64_fusionL1_drop0p1_trmiss50_trlocradio,16,5e-05,1,64,1,0.1,lr5e-05_bs16_modL1_fusion64_fusionL1_drop0p1_trmiss50_trlocradio,27,0.40665452927351,0.651350756486257,0.6197478991596639,0.7370456188178993,0.6444444444444445,0.0,0.0,0.0,0.0,0.0,0.0,0.0,0.0,0.0,2002,radio,0.5
5,2,lr5e-05_bs16_modL1_fusion64_fusionL1_drop0p1_trmiss50_trlocradio,16,5e-05,1,64,1,0.1,lr5e-05_bs16_modL1_fusion64_fusionL1_drop0p1_trmiss50_trlocradio,28,0.42920004079739255,0.6506342887878418,0.6176470588235294,0.7362097220750328,0.6,0.0,0.0,0.0,0.0,0.0,0.0,0.0,0.0,0.0,2002,radio,0.5
5,2,lr5e-05_bs16_modL1_fusion64_fusionL1_drop0p1_trmiss50_trlocradio,16,5e-05,1,64,1,0.1,lr5e-05_bs16_modL1_fusion64_fusionL1_drop0p1_trmiss50_trlocradio,29,0.39890365302562714,0.6535718639691671,0.6092436974789917,0.7280821514706248,0.5777777777777777,0.0,0.0,0.0,0.0,0.0,0.0,0.0,0.0,0.0,2002,radio,0.5
5,2,lr5e-05_bs16_modL1_fusion64_fusionL1_drop0p1_trmiss50_trlocradio,16,5e-05,1,64,1,0.1,lr5e-05_bs16_modL1_fusion64_fusionL1_drop0p1_trmiss50_trlocradio,30,0.39161018282175064,0.6636054317156473,0.592436974789916,0.725537002320369,0.6222222222222222,0.0,0.0,0.0,0.0,0.0,0.0,0.0,0.0,0.0,2002,radio,0.5
5,2,lr5e-05_bs16_modL1_fusion64_fusionL1_drop0p1_trmiss50_trlocradio,16,5e-05,1,64,1,0.1,lr5e-05_bs16_modL1_fusion64_fusionL1_drop0p1_trmiss50_trlocradio,31,0.3634326582153638,0.6625142296155294,0.5924369747899159,0.7239867023208851,0.6,0.0,0.0,0.0,0.0,0.0,0.0,0.0,0.0,0.0,2002,radio,0.5
5,2,lr5e-05_bs16_modL1_fusion64_fusionL1_drop0p1_trmiss50_trlocradio,16,5e-05,1,64,1,0.1,lr5e-05_bs16_modL1_fusion64_fusionL1_drop0p1_trmiss50_trlocradio,32,0.38082174211740494,0.6554357608159384,0.6071428571428571,0.7361880828557632,0.6222222222222222,0.0,0.0,0.0,0.0,0.0,0.0,0.0,0.0,0.0,2002,radio,0.5
5,2,lr5e-05_bs16_modL1_fusion64_fusionL1_drop0p1_trmiss50_trlocradio,16,5e-05,1,64,1,0.1,lr5e-05_bs16_modL1_fusion64_fusionL1_drop0p1_trmiss50_trlocradio,33,0.35208002229531604,0.6555281678835551,0.6050420168067226,0.7382525560369267,0.6,0.0,0.0,0.0,0.0,0.0,0.0,0.0,0.0,0.0,2002,radio,0.5
5,2,lr5e-05_bs16_modL1_fusion64_fusionL1_drop0p1_trmiss50_trlocradio,16,5e-05,1,64,1,0.1,lr5e-05_bs16_modL1_fusion64_fusionL1_drop0p1_trmiss50_trlocradio,34,0.34716779241959256,0.6561316251754761,0.6071428571428571,0.745704352114408,0.6,0.0,0.0,0.0,0.0,0.0,0.0,0.0,0.0,0.0,2002,radio,0.5
5,2,lr5e-05_bs16_modL1_fusion64_fusionL1_drop0p1_trmiss50_trlocradio,16,5e-05,1,64,1,0.1,lr5e-05_bs16_modL1_fusion64_fusionL1_drop0p1_trmiss50_trlocradio,35,0.34060916552941006,0.656709631284078,0.6029411764705882,0.7409489074105573,0.5777777777777777,0.0,0.0,0.0,0.0,0.0,0.0,0.0,0.0,0.0,2002,radio,0.5
5,2,lr5e-05_bs16_modL1_fusion64_fusionL1_drop0p1_trmiss50_trlocradio,16,5e-05,1,64,1,0.1,lr5e-05_bs16_modL1_fusion64_fusionL1_drop0p1_trmiss50_trlocradio,36,0.36473558843135834,0.6552915970484415,0.611344537815126,0.7510920524037005,0.5777777777777777,0.0,0.0,0.0,0.0,0.0,0.0,0.0,0.0,0.0,2002,radio,0.5
5,2,lr5e-05_bs16_modL1_fusion64_fusionL1_drop0p1_trmiss50_trlocradio,16,5e-05,1,64,1,0.1,lr5e-05_bs16_modL1_fusion64_fusionL1_drop0p1_trmiss50_trlocradio,37,0.33981388807296753,0.6520662307739258,0.611344537815126,0.7449704285320895,0.5777777777777777,0.0,0.0,0.0,0.0,0.0,0.0,0.0,0.0,0.0,2002,radio,0.5
5,2,lr5e-05_bs16_modL1_fusion64_fusionL1_drop0p1_trmiss50_trlocradio,16,5e-05,1,64,1,0.1,lr5e-05_bs16_modL1_fusion64_fusionL1_drop0p1_trmiss50_trlocradio,38,0.3306883101662,0.6468967795372009,0.6050420168067228,0.7412565243856097,0.5777777777777777,0.0,0.0,0.0,0.0,0.0,0.0,0.0,0.0,0.0,2002,radio,0.5
5,2,lr5e-05_bs16_modL1_fusion64_fusionL1_drop0p1_trmiss50_trlocradio,16,5e-05,1,64,1,0.1,lr5e-05_bs16_modL1_fusion64_fusionL1_drop0p1_trmiss50_trlocradio,39,0.3417229950428009,0.6609652837117513,0.5966386554621849,0.7348165815981347,0.6,0.0,0.0,0.0,0.0,0.0,0.0,0.0,0.0,0.0,2002,radio,0.5
5,2,lr5e-05_bs16_modL1_fusion64_fusionL1_drop0p1_trmiss50_trlocradio,16,5e-05,1,64,1,0.1,lr5e-05_bs16_modL1_fusion64_fusionL1_drop0p1_trmiss50_trlocradio,40,0.32720981786648434,0.6593705813090006,0.6113445378151261,0.7435662714284896,0.6222222222222222,0.0,0.0,0.0,0.0,0.0,0.0,0.0,0.0,0.0,2002,radio,0.5
5,2,lr5e-05_bs16_modL1_fusion64_fusionL1_drop0p1_trmiss50_trlocradio,16,5e-05,1,64,1,0.1,lr5e-05_bs16_modL1_fusion64_fusionL1_drop0p1_trmiss50_trlocradio,41,0.34244732558727264,0.6654502948125204,0.6008403361344538,0.735693716711723,0.6222222222222222,0.0,0.0,0.0,0.0,0.0,0.0,0.0,0.0,0.0,2002,radio,0.5
5,2,lr5e-05_bs16_modL1_fusion64_fusionL1_drop0p1_trmiss50_trlocradio,16,5e-05,1,64,1,0.1,lr5e-05_bs16_modL1_fusion64_fusionL1_drop0p1_trmiss50_trlocradio,42,0.3292088160912196,0.6599223017692566,0.5924369747899159,0.7338545852488079,0.6,0.0,0.0,0.0,0.0,0.0,0.0,0.0,0.0,0.0,2002,radio,0.5
5,2,lr5e-05_bs16_modL1_fusion64_fusionL1_drop0p1_trmiss50_trlocradio,16,5e-05,1,64,1,0.1,lr5e-05_bs16_modL1_fusion64_fusionL1_drop0p1_trmiss50_trlocradio,43,0.3008789469798406,0.6528836488723755,0.5945378151260504,0.7388940274715495,0.6,0.0,0.0,0.0,0.0,0.0,0.0,0.0,0.0,0.0,2002,radio,0.5
5,2,lr5e-05_bs16_modL1_fusion64_fusionL1_drop0p1_trmiss50_trlocradio,16,5e-05,1,64,1,0.1,lr5e-05_bs16_modL1_fusion64_fusionL1_drop0p1_trmiss50_trlocradio,44,0.3212987209359805,0.6569627126057943,0.6029411764705883,0.7430978081028834,0.6222222222222222,0.0,0.0,0.0,0.0,0.0,0.0,0.0,0.0,0.0,2002,radio,0.5
5,2,lr5e-05_bs16_modL1_fusion64_fusionL1_drop0p1_trmiss50_trlocradio,16,5e-05,1,64,1,0.1,lr5e-05_bs16_modL1_fusion64_fusionL1_drop0p1_trmiss50_trlocradio,45,0.3218741441766421,0.6513896385828654,0.6071428571428571,0.7452516301580212,0.6,0.0,0.0,0.0,0.0,0.0,0.0,0.0,0.0,0.0,2002,radio,0.5
5,2,lr5e-05_bs16_modL1_fusion64_fusionL1_drop0p1_trmiss50_trlocradio,16,5e-05,1,64,1,0.1,lr5e-05_bs16_modL1_fusion64_fusionL1_drop0p1_trmiss50_trlocradio,46,0.3065713346004486,0.6509390870730082,0.6071428571428572,0.7471390586932016,0.5777777777777777,0.0,0.0,0.0,0.0,0.0,0.0,0.0,0.0,0.0,2002,radio,0.5
5,2,lr5e-05_bs16_modL1_fusion64_fusionL1_drop0p1_trmiss50_trlocradio,16,5e-05,1,64,1,0.1,lr5e-05_bs16_modL1_fusion64_fusionL1_drop0p1_trmiss50_trlocradio,47,0.3188590556383133,0.6552677353223165,0.5966386554621849,0.7312222684133234,0.6,0.0,0.0,0.0,0.0,0.0,0.0,0.0,0.0,0.0,2002,radio,0.5
5,2,lr1e-04_bs16_modL1_fusion32_fusionL1_drop0p2_trmiss50_trlocradio,16,0.0001,1,32,1,0.2,lr1e-04_bs16_modL1_fusion32_fusionL1_drop0p2_trmiss50_trlocradio,1,0.7267156889041265,0.7171161770820618,0.41596638655462187,0.6212300467384735,0.4222222222222222,0.0,0.0,0.0,0.0,0.0,0.0,0.0,0.0,0.0,2002,radio,0.5
5,2,lr1e-04_bs16_modL1_fusion32_fusionL1_drop0p2_trmiss50_trlocradio,16,0.0001,1,32,1,0.2,lr1e-04_bs16_modL1_fusion32_fusionL1_drop0p2_trmiss50_trlocradio,2,0.7064505815505981,0.7247906724611918,0.40126050420168063,0.6066360211429672,0.37777777777777777,0.0,0.0,0.0,0.0,0.0,0.0,0.0,0.0,0.0,2002,radio,0.5
5,2,lr1e-04_bs16_modL1_fusion32_fusionL1_drop0p2_trmiss50_trlocradio,16,0.0001,1,32,1,0.2,lr1e-04_bs16_modL1_fusion32_fusionL1_drop0p2_trmiss50_trlocradio,3,0.688685009876887,0.7351343035697937,0.4222689075630252,0.6046177950870143,0.37777777777777777,0.0,0.0,0.0,0.0,0.0,0.0,0.0,0.0,0.0,2002,radio,0.5
5,2,lr1e-04_bs16_modL1_fusion32_fusionL1_drop0p2_trmiss50_trlocradio,16,0.0001,1,32,1,0.2,lr1e-04_bs16_modL1_fusion32_fusionL1_drop0p2_trmiss50_trlocradio,4,0.6615637491146723,0.740541954835256,0.42016806722689076,0.5921886471232007,0.4222222222222222,0.0,0.0,0.0,0.0,0.0,0.0,0.0,0.0,0.0,2002,radio,0.5
5,2,lr1e-04_bs16_modL1_fusion32_fusionL1_drop0p2_trmiss50_trlocradio,16,0.0001,1,32,1,0.2,lr1e-04_bs16_modL1_fusion32_fusionL1_drop0p2_trmiss50_trlocradio,5,0.6333798319101334,0.7297640840212504,0.4516806722689075,0.606961132516143,0.4666666666666667,0.0,0.0,0.0,0.0,0.0,0.0,0.0,0.0,0.0,2002,radio,0.5
5,2,lr1e-04_bs16_modL1_fusion32_fusionL1_drop0p2_trmiss50_trlocradio,16,0.0001,1,32,1,0.2,lr1e-04_bs16_modL1_fusion32_fusionL1_drop0p2_trmiss50_trlocradio,6,0.6338869134585062,0.7202069362004598,0.47058823529411764,0.619785709206126,0.4444444444444444,0.0,0.0,0.0,0.0,0.0,0.0,0.0,0.0,0.0,2002,radio,0.5
5,2,lr1e-04_bs16_modL1_fusion32_fusionL1_drop0p2_trmiss50_trlocradio,16,0.0001,1,32,1,0.2,lr1e-04_bs16_modL1_fusion32_fusionL1_drop0p2_trmiss50_trlocradio,7,0.6100969264904658,0.7078112761179606,0.5042016806722689,0.6415275166703917,0.4888888888888889,0.0,0.0,0.0,0.0,0.0,0.0,0.0,0.0,0.0,2002,radio,0.5
5,2,lr1e-04_bs16_modL1_fusion32_fusionL1_drop0p2_trmiss50_trlocradio,16,0.0001,1,32,1,0.2,lr1e-04_bs16_modL1_fusion32_fusionL1_drop0p2_trmiss50_trlocradio,8,0.5896713236967722,0.7023380796114603,0.5126050420168067,0.6405486980034107,0.4888888888888889,0.0,0.0,0.0,0.0,0.0,0.0,0.0,0.0,0.0,2002,radio,0.5
5,2,lr1e-04_bs16_modL1_fusion32_fusionL1_drop0p2_trmiss50_trlocradio,16,0.0001,1,32,1,0.2,lr1e-04_bs16_modL1_fusion32_fusionL1_drop0p2_trmiss50_trlocradio,9,0.5882078111171722,0.701139767964681,0.5084033613445379,0.6473469122052283,0.4888888888888889,0.0,0.0,0.0,0.0,0.0,0.0,0.0,0.0,0.0,2002,radio,0.5
5,2,lr1e-04_bs16_modL1_fusion32_fusionL1_drop0p2_trmiss50_trlocradio,16,0.0001,1,32,1,0.2,lr1e-04_bs16_modL1_fusion32_fusionL1_drop0p2_trmiss50_trlocradio,10,0.5692760745684305,0.7021881341934204,0.5021008403361344,0.6511840662171403,0.5111111111111111,0.0,0.0,0.0,0.0,0.0,0.0,0.0,0.0,0.0,2002,radio,0.5
5,2,lr1e-04_bs16_modL1_fusion32_fusionL1_drop0p2_trmiss50_trlocradio,16,0.0001,1,32,1,0.2,lr1e-04_bs16_modL1_fusion32_fusionL1_drop0p2_trmiss50_trlocradio,11,0.5616409331560135,0.6940524578094482,0.542016806722689,0.6610593159480374,0.4888888888888889,0.0,0.0,0.0,0.0,0.0,0.0,0.0,0.0,0.0,2002,radio,0.5
5,2,lr1e-04_bs16_modL1_fusion32_fusionL1_drop0p2_trmiss50_trlocradio,16,0.0001,1,32,1,0.2,lr1e-04_bs16_modL1_fusion32_fusionL1_drop0p2_trmiss50_trlocradio,12,0.557793195048968,0.6874755422274271,0.5462184873949579,0.6784172685533664,0.5555555555555556,0.0,0.0,0.0,0.0,0.0,0.0,0.0,0.0,0.0,2002,radio,0.5
5,2,lr1e-04_bs16_modL1_fusion32_fusionL1_drop0p2_trmiss50_trlocradio,16,0.0001,1,32,1,0.2,lr1e-04_bs16_modL1_fusion32_fusionL1_drop0p2_trmiss50_trlocradio,13,0.5658541296919187,0.692338744799296,0.5567226890756303,0.6855010374793818,0.5333333333333333,0.0,0.0,0.0,0.0,0.0,0.0,0.0,0.0,0.0,2002,radio,0.5
5,2,lr1e-04_bs16_modL1_fusion32_fusionL1_drop0p2_trmiss50_trlocradio,16,0.0001,1,32,1,0.2,lr1e-04_bs16_modL1_fusion32_fusionL1_drop0p2_trmiss50_trlocradio,14,0.5260589023431143,0.6879497965176901,0.5483193277310924,0.673871156504803,0.5111111111111111,0.0,0.0,0.0,0.0,0.0,0.0,0.0,0.0,0.0,2002,radio,0.5
5,2,lr1e-04_bs16_modL1_fusion32_fusionL1_drop0p2_trmiss50_trlocradio,16,0.0001,1,32,1,0.2,lr1e-04_bs16_modL1_fusion32_fusionL1_drop0p2_trmiss50_trlocradio,15,0.5247381826241811,0.6871376236279806,0.5483193277310925,0.655169976245741,0.5333333333333333,0.0,0.0,0.0,0.0,0.0,0.0,0.0,0.0,0.0,2002,radio,0.5
5,2,lr1e-04_bs16_modL1_fusion32_fusionL1_drop0p2_trmiss50_trlocradio,16,0.0001,1,32,1,0.2,lr1e-04_bs16_modL1_fusion32_fusionL1_drop0p2_trmiss50_trlocradio,16,0.5047669932246208,0.6804059942563375,0.5420168067226891,0.6650172405053522,0.5777777777777777,0.0,0.0,0.0,0.0,0.0,0.0,0.0,0.0,0.0,2002,radio,0.5
5,2,lr1e-04_bs16_modL1_fusion32_fusionL1_drop0p2_trmiss50_trlocradio,16,0.0001,1,32,1,0.2,lr1e-04_bs16_modL1_fusion32_fusionL1_drop0p2_trmiss50_trlocradio,17,0.5270122836033503,0.6830719510714213,0.5399159663865546,0.6582813231423171,0.5333333333333333,0.0,0.0,0.0,0.0,0.0,0.0,0.0,0.0,0.0,2002,radio,0.5
5,2,lr1e-04_bs16_modL1_fusion32_fusionL1_drop0p2_trmiss50_trlocradio,16,0.0001,1,32,1,0.2,lr1e-04_bs16_modL1_fusion32_fusionL1_drop0p2_trmiss50_trlocradio,18,0.4841007615129153,0.6788867314656576,0.5567226890756303,0.6754315696525117,0.5555555555555556,0.0,0.0,0.0,0.0,0.0,0.0,0.0,0.0,0.0,2002,radio,0.5
5,2,lr1e-04_bs16_modL1_fusion32_fusionL1_drop0p2_trmiss50_trlocradio,16,0.0001,1,32,1,0.2,lr1e-04_bs16_modL1_fusion32_fusionL1_drop0p2_trmiss50_trlocradio,19,0.48175664991140366,0.6791944901148478,0.5756302521008403,0.6877225016374294,0.5777777777777777,0.0,0.0,0.0,0.0,0.0,0.0,0.0,0.0,0.0,2002,radio,0.5
5,2,lr1e-04_bs16_modL1_fusion32_fusionL1_drop0p2_trmiss50_trlocradio,16,0.0001,1,32,1,0.2,lr1e-04_bs16_modL1_fusion32_fusionL1_drop0p2_trmiss50_trlocradio,20,0.5101628601551056,0.6801943381627401,0.5840336134453782,0.6828426356497136,0.6444444444444445,0.0,0.0,0.0,0.0,0.0,0.0,0.0,0.0,0.0,2002,radio,0.5
5,2,lr1e-04_bs16_modL1_fusion32_fusionL1_drop0p2_trmiss50_trlocradio,16,0.0001,1,32,1,0.2,lr1e-04_bs16_modL1_fusion32_fusionL1_drop0p2_trmiss50_trlocradio,21,0.4631032645702362,0.6702723304430643,0.6008403361344539,0.7018888838502225,0.6444444444444445,0.0,0.0,0.0,0.0,0.0,0.0,0.0,0.0,0.0,2002,radio,0.5
5,2,lr1e-04_bs16_modL1_fusion32_fusionL1_drop0p2_trmiss50_trlocradio,16,0.0001,1,32,1,0.2,lr1e-04_bs16_modL1_fusion32_fusionL1_drop0p2_trmiss50_trlocradio,22,0.4840707133213679,0.6626113057136536,0.6176470588235294,0.6942558548744739,0.6666666666666666,0.0,0.0,0.0,0.0,0.0,0.0,0.0,0.0,0.0,2002,radio,0.5
5,2,lr1e-04_bs16_modL1_fusion32_fusionL1_drop0p2_trmiss50_trlocradio,16,0.0001,1,32,1,0.2,lr1e-04_bs16_modL1_fusion32_fusionL1_drop0p2_trmiss50_trlocradio,23,0.4501953721046448,0.6692198912302653,0.5987394957983193,0.6839296252435639,0.6444444444444445,0.0,0.0,0.0,0.0,0.0,0.0,0.0,0.0,0.0,2002,radio,0.5
5,2,lr1e-04_bs16_modL1_fusion32_fusionL1_drop0p2_trmiss50_trlocradio,16,0.0001,1,32,1,0.2,lr1e-04_bs16_modL1_fusion32_fusionL1_drop0p2_trmiss50_trlocradio,24,0.44714102645715076,0.6745436986287435,0.5945378151260504,0.6850727723143487,0.6444444444444445,0.0,0.0,0.0,0.0,0.0,0.0,0.0,0.0,0.0,2002,radio,0.5
5,2,lr1e-04_bs16_modL1_fusion32_fusionL1_drop0p2_trmiss50_trlocradio,16,0.0001,1,32,1,0.2,lr1e-04_bs16_modL1_fusion32_fusionL1_drop0p2_trmiss50_trlocradio,25,0.4677478646238645,0.6733302076657613,0.5966386554621849,0.6758023182959957,0.6222222222222222,0.0,0.0,0.0,0.0,0.0,0.0,0.0,0.0,0.0,2002,radio,0.5
5,2,lr1e-04_bs16_modL1_fusion32_fusionL1_drop0p2_trmiss50_trlocradio,16,0.0001,1,32,1,0.2,lr1e-04_bs16_modL1_fusion32_fusionL1_drop0p2_trmiss50_trlocradio,26,0.47712400555610657,0.6745628913243612,0.5945378151260504,0.6881900680632235,0.6,0.0,0.0,0.0,0.0,0.0,0.0,0.0,0.0,0.0,2002,radio,0.5
5,2,lr1e-04_bs16_modL1_fusion32_fusionL1_drop0p2_trmiss50_trlocradio,16,0.0001,1,32,1,0.2,lr1e-04_bs16_modL1_fusion32_fusionL1_drop0p2_trmiss50_trlocradio,27,0.4365488663315773,0.6712884108225504,0.5966386554621849,0.6847032065292646,0.6,0.0,0.0,0.0,0.0,0.0,0.0,0.0,0.0,0.0,2002,radio,0.5
5,2,lr1e-04_bs16_modL1_fusion32_fusionL1_drop0p2_trmiss50_trlocradio,16,0.0001,1,32,1,0.2,lr1e-04_bs16_modL1_fusion32_fusionL1_drop0p2_trmiss50_trlocradio,28,0.44037483880917233,0.6687940955162048,0.6050420168067228,0.6810216854155174,0.6666666666666666,0.0,0.0,0.0,0.0,0.0,0.0,0.0,0.0,0.0,2002,radio,0.5
5,2,lr1e-04_bs16_modL1_fusion32_fusionL1_drop0p2_trmiss50_trlocradio,16,0.0001,1,32,1,0.2,lr1e-04_bs16_modL1_fusion32_fusionL1_drop0p2_trmiss50_trlocradio,29,0.4077104181051254,0.6649215221405029,0.6092436974789915,0.6798609824328506,0.6222222222222222,0.0,0.0,0.0,0.0,0.0,0.0,0.0,0.0,0.0,2002,radio,0.5
5,2,lr1e-04_bs16_modL1_fusion32_fusionL1_drop0p2_trmiss50_trlocradio,16,0.0001,1,32,1,0.2,lr1e-04_bs16_modL1_fusion32_fusionL1_drop0p2_trmiss50_trlocradio,30,0.398404893775781,0.660874585310618,0.6134453781512605,0.6848747893984672,0.6666666666666666,0.0,0.0,0.0,0.0,0.0,0.0,0.0,0.0,0.0,2002,radio,0.5
5,2,lr1e-04_bs16_modL1_fusion32_fusionL1_drop0p2_trmiss50_trlocradio,16,0.0001,1,32,1,0.2,lr1e-04_bs16_modL1_fusion32_fusionL1_drop0p2_trmiss50_trlocradio,31,0.4020203600327174,0.6607547005017599,0.6071428571428572,0.6775876266430126,0.6666666666666666,0.0,0.0,0.0,0.0,0.0,0.0,0.0,0.0,0.0,2002,radio,0.5
5,2,lr1e-04_bs16_modL1_fusion32_fusionL1_drop0p2_trmiss50_trlocradio,16,0.0001,1,32,1,0.2,lr1e-04_bs16_modL1_fusion32_fusionL1_drop0p2_trmiss50_trlocradio,32,0.3936474621295929,0.6657097736994425,0.6071428571428571,0.6752340356339593,0.6444444444444445,0.0,0.0,0.0,0.0,0.0,0.0,0.0,0.0,0.0,2002,radio,0.5
5,2,lr1e-04_bs16_modL1_fusion32_fusionL1_drop0p2_trmiss50_trlocradio,16,0.0001,1,32,1,0.2,lr1e-04_bs16_modL1_fusion32_fusionL1_drop0p2_trmiss50_trlocradio,33,0.4368579089641571,0.6662260691324869,0.6050420168067226,0.6778204588725566,0.6666666666666666,0.0,0.0,0.0,0.0,0.0,0.0,0.0,0.0,0.0,2002,radio,0.5
5,2,lr1e-04_bs16_modL1_fusion32_fusionL1_drop0p2_trmiss50_trlocradio,16,0.0001,1,32,1,0.2,lr1e-04_bs16_modL1_fusion32_fusionL1_drop0p2_trmiss50_trlocradio,34,0.3824762652317683,0.6614693403244019,0.611344537815126,0.6941450875857664,0.6444444444444445,0.0,0.0,0.0,0.0,0.0,0.0,0.0,0.0,0.0,2002,radio,0.5
5,2,lr1e-04_bs16_modL1_fusion32_fusionL1_drop0p2_trmiss50_trlocradio,16,0.0001,1,32,1,0.2,lr1e-04_bs16_modL1_fusion32_fusionL1_drop0p2_trmiss50_trlocradio,35,0.3951120947798093,0.6666187047958374,0.5987394957983193,0.6711027086655417,0.6666666666666666,0.0,0.0,0.0,0.0,0.0,0.0,0.0,0.0,0.0,2002,radio,0.5
5,2,lr1e-04_bs16_modL1_fusion32_fusionL1_drop0p2_trmiss50_trlocradio,16,0.0001,1,32,1,0.2,lr1e-04_bs16_modL1_fusion32_fusionL1_drop0p2_trmiss50_trlocradio,36,0.3667292694250743,0.6600215435028076,0.6008403361344538,0.6881505413245529,0.6666666666666666,0.0,0.0,0.0,0.0,0.0,0.0,0.0,0.0,0.0,2002,radio,0.5
5,2,lr1e-04_bs16_modL1_fusion32_fusionL1_drop0p2_trmiss50_trlocradio,16,0.0001,1,32,1,0.2,lr1e-04_bs16_modL1_fusion32_fusionL1_drop0p2_trmiss50_trlocradio,37,0.4189498499035835,0.6638879974683126,0.611344537815126,0.6945102556716961,0.6444444444444445,0.0,0.0,0.0,0.0,0.0,0.0,0.0,0.0,0.0,2002,radio,0.5
5,2,lr1e-04_bs16_modL1_fusion32_fusionL1_drop0p2_trmiss50_trlocradio,16,0.0001,1,32,1,0.2,lr1e-04_bs16_modL1_fusion32_fusionL1_drop0p2_trmiss50_trlocradio,38,0.38709165900945663,0.6662492156028748,0.5945378151260504,0.6856048359987118,0.6666666666666666,0.0,0.0,0.0,0.0,0.0,0.0,0.0,0.0,0.0,2002,radio,0.5
5,2,lr1e-04_bs16_modL1_fusion32_fusionL1_drop0p2_trmiss50_trlocradio,16,0.0001,1,32,1,0.2,lr1e-04_bs16_modL1_fusion32_fusionL1_drop0p2_trmiss50_trlocradio,39,0.38254838436841965,0.6641697883605957,0.6050420168067226,0.6926076937596465,0.6888888888888889,0.0,0.0,0.0,0.0,0.0,0.0,0.0,0.0,0.0,2002,radio,0.5
5,2,lr1e-04_bs16_modL1_fusion32_fusionL1_drop0p2_trmiss50_trlocradio,16,0.0001,1,32,1,0.2,lr1e-04_bs16_modL1_fusion32_fusionL1_drop0p2_trmiss50_trlocradio,40,0.39103640367587406,0.6597984234491984,0.6176470588235294,0.6981147703243482,0.6888888888888889,0.0,0.0,0.0,0.0,0.0,0.0,0.0,0.0,0.0,2002,radio,0.5
5,2,lr1e-04_bs16_modL1_fusion32_fusionL1_drop0p2_trmiss50_trlocradio,16,0.0001,1,32,1,0.2,lr1e-04_bs16_modL1_fusion32_fusionL1_drop0p2_trmiss50_trlocradio,41,0.38563654323418933,0.6599370638529459,0.6029411764705883,0.6903561491249349,0.6888888888888889,0.0,0.0,0.0,0.0,0.0,0.0,0.0,0.0,0.0,2002,radio,0.5
5,2,lr1e-04_bs16_modL1_fusion32_fusionL1_drop0p2_trmiss50_trlocradio,16,0.0001,1,32,1,0.2,lr1e-04_bs16_modL1_fusion32_fusionL1_drop0p2_trmiss50_trlocradio,42,0.392719067633152,0.6621987819671631,0.6050420168067228,0.6954424763171734,0.6888888888888889,0.0,0.0,0.0,0.0,0.0,0.0,0.0,0.0,0.0,2002,radio,0.5
5,2,lr1e-04_bs16_modL1_fusion32_fusionL1_drop0p2_trmiss50_trlocradio,16,0.0001,1,32,1,0.2,lr1e-04_bs16_modL1_fusion32_fusionL1_drop0p2_trmiss50_trlocradio,43,0.36161937067906064,0.666971484820048,0.6071428571428572,0.6931136427637059,0.6666666666666666,0.0,0.0,0.0,0.0,0.0,0.0,0.0,0.0,0.0,2002,radio,0.5
5,2,lr1e-04_bs16_modL1_fusion32_fusionL1_drop0p2_trmiss50_trlocradio,16,0.0001,1,32,1,0.2,lr1e-04_bs16_modL1_fusion32_fusionL1_drop0p2_trmiss50_trlocradio,44,0.3911673128604889,0.6680093208948771,0.5966386554621849,0.6868949839282731,0.6444444444444445,0.0,0.0,0.0,0.0,0.0,0.0,0.0,0.0,0.0,2002,radio,0.5
5,2,lr1e-04_bs16_modL1_fusion32_fusionL1_drop0p2_trmiss50_trlocradio,16,0.0001,1,32,1,0.2,lr1e-04_bs16_modL1_fusion32_fusionL1_drop0p2_trmiss50_trlocradio,45,0.36818357557058334,0.6668746074040731,0.592436974789916,0.6698418340402165,0.6666666666666666,0.0,0.0,0.0,0.0,0.0,0.0,0.0,0.0,0.0,2002,radio,0.5
5,2,lr1e-04_bs16_modL1_fusion32_fusionL1_drop0p2_trmiss50_trlocradio,16,0.0001,1,32,1,0.2,lr1e-04_bs16_modL1_fusion32_fusionL1_drop0p2_trmiss50_trlocradio,46,0.3456150119503339,0.6696388721466064,0.5882352941176471,0.6758527225910391,0.6444444444444445,0.0,0.0,0.0,0.0,0.0,0.0,0.0,0.0,0.0,2002,radio,0.5
5,2,lr1e-04_bs16_modL1_fusion32_fusionL1_drop0p2_trmiss50_trlocradio,16,0.0001,1,32,1,0.2,lr1e-04_bs16_modL1_fusion32_fusionL1_drop0p2_trmiss50_trlocradio,47,0.3617999702692032,0.6702767610549927,0.5903361344537815,0.6653215685782156,0.6444444444444445,0.0,0.0,0.0,0.0,0.0,0.0,0.0,0.0,0.0,2002,radio,0.5
5,2,lr1e-04_bs16_modL1_fusion32_fusionL1_drop0p2_trmiss50_trlocradio,16,0.0001,1,32,1,0.2,lr1e-04_bs16_modL1_fusion32_fusionL1_drop0p2_trmiss50_trlocradio,48,0.3503154243032138,0.6652675867080688,0.5987394957983193,0.6551395385927588,0.7111111111111111,0.0,0.0,0.0,0.0,0.0,0.0,0.0,0.0,0.0,2002,radio,0.5
5,2,lr1e-04_bs16_modL1_fusion32_fusionL1_drop0p2_trmiss50_trlocradio,16,0.0001,1,32,1,0.2,lr1e-04_bs16_modL1_fusion32_fusionL1_drop0p2_trmiss50_trlocradio,49,0.3586475724975268,0.6672380765279134,0.5987394957983193,0.656259537545419,0.6888888888888889,0.0,0.0,0.0,0.0,0.0,0.0,0.0,0.0,0.0,2002,radio,0.5
5,2,lr1e-04_bs16_modL1_fusion32_fusionL1_drop0p2_trmiss50_trlocradio,16,0.0001,1,32,1,0.2,lr1e-04_bs16_modL1_fusion32_fusionL1_drop0p2_trmiss50_trlocradio,50,0.3374904866019885,0.6668631633122762,0.5966386554621849,0.6713527480144584,0.6888888888888889,0.0,0.0,0.0,0.0,0.0,0.0,0.0,0.0,0.0,2002,radio,0.5
5,2,lr1e-04_bs16_modL1_fusion32_fusionL1_drop0p2_trmiss50_trlocradio,16,0.0001,1,32,1,0.2,lr1e-04_bs16_modL1_fusion32_fusionL1_drop0p2_trmiss50_trlocradio,51,0.38018784175316495,0.6633989810943604,0.6008403361344538,0.6758834258969005,0.6666666666666666,0.0,0.0,0.0,0.0,0.0,0.0,0.0,0.0,0.0,2002,radio,0.5
5,2,lr1e-04_bs16_modL1_fusion32_fusionL1_drop0p2_trmiss50_trlocradio,16,0.0001,1,32,1,0.2,lr1e-04_bs16_modL1_fusion32_fusionL1_drop0p2_trmiss50_trlocradio,52,0.3464281956354777,0.658354123433431,0.6029411764705882,0.6750198002711989,0.6666666666666666,0.0,0.0,0.0,0.0,0.0,0.0,0.0,0.0,0.0,2002,radio,0.5
5,2,lr1e-04_bs16_modL1_fusion32_fusionL1_drop0p2_trmiss50_trlocradio,16,0.0001,1,32,1,0.2,lr1e-04_bs16_modL1_fusion32_fusionL1_drop0p2_trmiss50_trlocradio,53,0.35137681166330975,0.6570327877998352,0.6029411764705883,0.6749505490858763,0.6666666666666666,0.0,0.0,0.0,0.0,0.0,0.0,0.0,0.0,0.0,2002,radio,0.5
5,2,lr1e-04_bs16_modL1_fusion32_fusionL1_drop0p2_trmiss50_trlocradio,16,0.0001,1,32,1,0.2,lr1e-04_bs16_modL1_fusion32_fusionL1_drop0p2_trmiss50_trlocradio,54,0.35600755860408145,0.6621218323707581,0.5945378151260504,0.6726512648788817,0.6888888888888889,0.0,0.0,0.0,0.0,0.0,0.0,0.0,0.0,0.0,2002,radio,0.5
5,2,lr1e-04_bs16_modL1_fusion32_fusionL1_drop0p2_trmiss50_trlocradio,16,0.0001,1,32,1,0.2,lr1e-04_bs16_modL1_fusion32_fusionL1_drop0p2_trmiss50_trlocradio,55,0.35048917680978775,0.6603497266769409,0.5987394957983193,0.6857571038733424,0.6888888888888889,0.0,0.0,0.0,0.0,0.0,0.0,0.0,0.0,0.0,2002,radio,0.5
5,2,lr1e-04_bs16_modL1_fusion32_fusionL1_drop0p2_trmiss50_trlocradio,16,0.0001,1,32,1,0.2,lr1e-04_bs16_modL1_fusion32_fusionL1_drop0p2_trmiss50_trlocradio,56,0.37334061165650684,0.6597933967908224,0.6029411764705882,0.6773901442596494,0.6666666666666666,0.0,0.0,0.0,0.0,0.0,0.0,0.0,0.0,0.0,2002,radio,0.5
5,2,lr1e-04_bs16_modL1_fusion32_fusionL1_drop0p2_trmiss50_trlocradio,16,0.0001,1,32,1,0.2,lr1e-04_bs16_modL1_fusion32_fusionL1_drop0p2_trmiss50_trlocradio,57,0.34251318375269574,0.6603577335675558,0.5987394957983193,0.6875654400034835,0.7111111111111111,0.0,0.0,0.0,0.0,0.0,0.0,0.0,0.0,0.0,2002,radio,0.5
5,2,lr1e-04_bs16_modL1_fusion32_fusionL1_drop0p2_trmiss50_trlocradio,16,0.0001,1,32,1,0.2,lr1e-04_bs16_modL1_fusion32_fusionL1_drop0p2_trmiss50_trlocradio,58,0.3292011320590973,0.6604634722073873,0.6071428571428572,0.6803774634413621,0.7111111111111111,0.0,0.0,0.0,0.0,0.0,0.0,0.0,0.0,0.0,2002,radio,0.5
5,2,lr1e-04_bs16_modL1_fusion32_fusionL1_drop0p2_trmiss50_trlocradio,16,0.0001,1,32,1,0.2,lr1e-04_bs16_modL1_fusion32_fusionL1_drop0p2_trmiss50_trlocradio,59,0.33254941056172055,0.6624409755071005,0.6029411764705882,0.6766349780751225,0.6888888888888889,0.0,0.0,0.0,0.0,0.0,0.0,0.0,0.0,0.0,2002,radio,0.5
5,2,lr1e-04_bs16_modL1_fusion32_fusionL1_drop0p2_trmiss50_trlocradio,16,0.0001,1,32,1,0.2,lr1e-04_bs16_modL1_fusion32_fusionL1_drop0p2_trmiss50_trlocradio,60,0.3396175404389699,0.657492200533549,0.611344537815126,0.678603203329392,0.7111111111111111,0.0,0.0,0.0,0.0,0.0,0.0,0.0,0.0,0.0,2002,radio,0.5
5,2,lr1e-04_bs16_modL1_fusion32_fusionL1_drop0p1_trmiss50_trlocradio,16,0.0001,1,32,1,0.1,lr1e-04_bs16_modL1_fusion32_fusionL1_drop0p1_trmiss50_trlocradio,1,0.6750826040903727,0.6752637426058451,0.5987394957983193,0.7274157976059904,0.5777777777777777,0.0,0.0,0.0,0.0,0.0,0.0,0.0,0.0,0.0,2002,radio,0.5
5,2,lr1e-04_bs16_modL1_fusion32_fusionL1_drop0p1_trmiss50_trlocradio,16,0.0001,1,32,1,0.1,lr1e-04_bs16_modL1_fusion32_fusionL1_drop0p1_trmiss50_trlocradio,2,0.6179913232723871,0.6699404915173849,0.573529411764706,0.695316525586419,0.6,0.0,0.0,0.0,0.0,0.0,0.0,0.0,0.0,0.0,2002,radio,0.5
5,2,lr1e-04_bs16_modL1_fusion32_fusionL1_drop0p1_trmiss50_trlocradio,16,0.0001,1,32,1,0.1,lr1e-04_bs16_modL1_fusion32_fusionL1_drop0p1_trmiss50_trlocradio,3,0.5949393659830093,0.6761769851048788,0.5525210084033614,0.6750968960647797,0.5777777777777777,0.0,0.0,0.0,0.0,0.0,0.0,0.0,0.0,0.0,2002,radio,0.5
5,2,lr1e-04_bs16_modL1_fusion32_fusionL1_drop0p1_trmiss50_trlocradio,16,0.0001,1,32,1,0.1,lr1e-04_bs16_modL1_fusion32_fusionL1_drop0p1_trmiss50_trlocradio,4,0.5902931143840154,0.6863651275634766,0.5105042016806722,0.6482901957283876,0.6,0.0,0.0,0.0,0.0,0.0,0.0,0.0,0.0,0.0,2002,radio,0.5
5,2,lr1e-04_bs16_modL1_fusion32_fusionL1_drop0p1_trmiss50_trlocradio,16,0.0001,1,32,1,0.1,lr1e-04_bs16_modL1_fusion32_fusionL1_drop0p1_trmiss50_trlocradio,5,0.5388901382684708,0.6853150725364685,0.5084033613445378,0.636496764368185,0.6,0.0,0.0,0.0,0.0,0.0,0.0,0.0,0.0,0.0,2002,radio,0.5
5,2,lr1e-04_bs16_modL1_fusion32_fusionL1_drop0p1_trmiss50_trlocradio,16,0.0001,1,32,1,0.1,lr1e-04_bs16_modL1_fusion32_fusionL1_drop0p1_trmiss50_trlocradio,6,0.5532249212265015,0.6784233649571737,0.5336134453781513,0.6610149363711558,0.6222222222222222,0.0,0.0,0.0,0.0,0.0,0.0,0.0,0.0,0.0,2002,radio,0.5
5,2,lr1e-04_bs16_modL1_fusion32_fusionL1_drop0p1_trmiss50_trlocradio,16,0.0001,1,32,1,0.1,lr1e-04_bs16_modL1_fusion32_fusionL1_drop0p1_trmiss50_trlocradio,7,0.5435577730337778,0.6758694251378378,0.5567226890756303,0.6525875525026357,0.6222222222222222,0.0,0.0,0.0,0.0,0.0,0.0,0.0,0.0,0.0,2002,radio,0.5
5,2,lr1e-04_bs16_modL1_fusion32_fusionL1_drop0p1_trmiss50_trlocradio,16,0.0001,1,32,1,0.1,lr1e-04_bs16_modL1_fusion32_fusionL1_drop0p1_trmiss50_trlocradio,8,0.5449247981111208,0.6708869338035583,0.5777310924369747,0.6671415829317934,0.6,0.0,0.0,0.0,0.0,0.0,0.0,0.0,0.0,0.0,2002,radio,0.5
5,2,lr1e-04_bs16_modL1_fusion32_fusionL1_drop0p1_trmiss50_trlocradio,16,0.0001,1,32,1,0.1,lr1e-04_bs16_modL1_fusion32_fusionL1_drop0p1_trmiss50_trlocradio,9,0.5162432516614596,0.6743738253911337,0.5819327731092436,0.681415634929523,0.6222222222222222,0.0,0.0,0.0,0.0,0.0,0.0,0.0,0.0,0.0,2002,radio,0.5
5,2,lr1e-04_bs16_modL1_fusion32_fusionL1_drop0p1_trmiss50_trlocradio,16,0.0001,1,32,1,0.1,lr1e-04_bs16_modL1_fusion32_fusionL1_drop0p1_trmiss50_trlocradio,10,0.4984061618645986,0.6747981905937195,0.5861344537815127,0.6838025790234,0.6,0.0,0.0,0.0,0.0,0.0,0.0,0.0,0.0,0.0,2002,radio,0.5
5,2,lr1e-04_bs16_modL1_fusion32_fusionL1_drop0p1_trmiss50_trlocradio,16,0.0001,1,32,1,0.1,lr1e-04_bs16_modL1_fusion32_fusionL1_drop0p1_trmiss50_trlocradio,11,0.5020896221200625,0.6718044877052307,0.5798319327731093,0.679533136972628,0.6222222222222222,0.0,0.0,0.0,0.0,0.0,0.0,0.0,0.0,0.0,2002,radio,0.5
5,2,lr1e-04_bs16_modL1_fusion32_fusionL1_drop0p1_trmiss50_trlocradio,16,0.0001,1,32,1,0.1,lr1e-04_bs16_modL1_fusion32_fusionL1_drop0p1_trmiss50_trlocradio,12,0.49522562325000763,0.6692004005114237,0.5861344537815126,0.6811796010118215,0.6444444444444445,0.0,0.0,0.0,0.0,0.0,0.0,0.0,0.0,0.0,2002,radio,0.5
5,2,lr1e-04_bs16_modL1_fusion32_fusionL1_drop0p1_trmiss50_trlocradio,16,0.0001,1,32,1,0.1,lr1e-04_bs16_modL1_fusion32_fusionL1_drop0p1_trmiss50_trlocradio,13,0.5073195248842239,0.671261727809906,0.5798319327731092,0.6655425893327837,0.6222222222222222,0.0,0.0,0.0,0.0,0.0,0.0,0.0,0.0,0.0,2002,radio,0.5
5,2,lr1e-04_bs16_modL1_fusion32_fusionL1_drop0p1_trmiss50_trlocradio,16,0.0001,1,32,1,0.1,lr1e-04_bs16_modL1_fusion32_fusionL1_drop0p1_trmiss50_trlocradio,14,0.4818199649453163,0.6701569755872091,0.5798319327731093,0.6599591693913168,0.6444444444444445,0.0,0.0,0.0,0.0,0.0,0.0,0.0,0.0,0.0,2002,radio,0.5
5,2,lr1e-04_bs16_modL1_fusion32_fusionL1_drop0p1_trmiss50_trlocradio,16,0.0001,1,32,1,0.1,lr1e-04_bs16_modL1_fusion32_fusionL1_drop0p1_trmiss50_trlocradio,15,0.48601647714773816,0.6717444459597269,0.6029411764705883,0.6719383839362786,0.6222222222222222,0.0,0.0,0.0,0.0,0.0,0.0,0.0,0.0,0.0,2002,radio,0.5
5,2,lr1e-04_bs16_modL1_fusion32_fusionL1_drop0p1_trmiss50_trlocradio,16,0.0001,1,32,1,0.1,lr1e-04_bs16_modL1_fusion32_fusionL1_drop0p1_trmiss50_trlocradio,16,0.4766964117685954,0.6718864043553671,0.5756302521008403,0.6594754594469516,0.6444444444444445,0.0,0.0,0.0,0.0,0.0,0.0,0.0,0.0,0.0,2002,radio,0.5
5,2,lr1e-04_bs16_modL1_fusion32_fusionL1_drop0p1_trmiss50_trlocradio,16,0.0001,1,32,1,0.1,lr1e-04_bs16_modL1_fusion32_fusionL1_drop0p1_trmiss50_trlocradio,17,0.5168368269999822,0.671767791112264,0.569327731092437,0.6552435760601628,0.6444444444444445,0.0,0.0,0.0,0.0,0.0,0.0,0.0,0.0,0.0,2002,radio,0.5
5,2,lr1e-04_bs16_modL1_fusion32_fusionL1_drop0p1_trmiss50_trlocradio,16,0.0001,1,32,1,0.1,lr1e-04_bs16_modL1_fusion32_fusionL1_drop0p1_trmiss50_trlocradio,18,0.4742213189601898,0.6679500937461853,0.6008403361344536,0.6903485886426718,0.6444444444444445,0.0,0.0,0.0,0.0,0.0,0.0,0.0,0.0,0.0,2002,radio,0.5
5,2,lr1e-04_bs16_modL1_fusion32_fusionL1_drop0p1_trmiss50_trlocradio,16,0.0001,1,32,1,0.1,lr1e-04_bs16_modL1_fusion32_fusionL1_drop0p1_trmiss50_trlocradio,19,0.4754600053032239,0.6625531315803528,0.6260504201680672,0.6999958767527293,0.6222222222222222,0.0,0.0,0.0,0.0,0.0,0.0,0.0,0.0,0.0,2002,radio,0.5
5,2,lr1e-04_bs16_modL1_fusion32_fusionL1_drop0p1_trmiss50_trlocradio,16,0.0001,1,32,1,0.1,lr1e-04_bs16_modL1_fusion32_fusionL1_drop0p1_trmiss50_trlocradio,20,0.4580698733528455,0.6633129517237345,0.615546218487395,0.6933328821577748,0.6222222222222222,0.0,0.0,0.0,0.0,0.0,0.0,0.0,0.0,0.0,2002,radio,0.5
5,2,lr1e-04_bs16_modL1_fusion32_fusionL1_drop0p1_trmiss50_trlocradio,16,0.0001,1,32,1,0.1,lr1e-04_bs16_modL1_fusion32_fusionL1_drop0p1_trmiss50_trlocradio,21,0.4545331820845604,0.6658357779184977,0.611344537815126,0.6938165194092779,0.6222222222222222,0.0,0.0,0.0,0.0,0.0,0.0,0.0,0.0,0.0,2002,radio,0.5
5,2,lr1e-04_bs16_modL1_fusion32_fusionL1_drop0p1_trmiss50_trlocradio,16,0.0001,1,32,1,0.1,lr1e-04_bs16_modL1_fusion32_fusionL1_drop0p1_trmiss50_trlocradio,22,0.4540102208654086,0.6630651354789734,0.6092436974789917,0.6937645262282045,0.6444444444444445,0.0,0.0,0.0,0.0,0.0,0.0,0.0,0.0,0.0,2002,radio,0.5
5,2,lr1e-04_bs16_modL1_fusion32_fusionL1_drop0p1_trmiss50_trlocradio,16,0.0001,1,32,1,0.1,lr1e-04_bs16_modL1_fusion32_fusionL1_drop0p1_trmiss50_trlocradio,23,0.42882174750169116,0.6582322120666504,0.6197478991596639,0.7030160550985362,0.6444444444444445,0.0,0.0,0.0,0.0,0.0,0.0,0.0,0.0,0.0,2002,radio,0.5
5,2,lr1e-04_bs16_modL1_fusion32_fusionL1_drop0p1_trmiss50_trlocradio,16,0.0001,1,32,1,0.1,lr1e-04_bs16_modL1_fusion32_fusionL1_drop0p1_trmiss50_trlocradio,24,0.42195520798365277,0.663856565952301,0.6071428571428572,0.6753616357928603,0.6444444444444445,0.0,0.0,0.0,0.0,0.0,0.0,0.0,0.0,0.0,2002,radio,0.5
5,2,lr1e-04_bs16_modL1_fusion32_fusionL1_drop0p1_trmiss50_trlocradio,16,0.0001,1,32,1,0.1,lr1e-04_bs16_modL1_fusion32_fusionL1_drop0p1_trmiss50_trlocradio,25,0.42370419452587765,0.6634078224500021,0.6176470588235294,0.699887100657436,0.6444444444444445,0.0,0.0,0.0,0.0,0.0,0.0,0.0,0.0,0.0,2002,radio,0.5
5,2,lr1e-04_bs16_modL1_fusion32_fusionL1_drop0p1_trmiss50_trlocradio,16,0.0001,1,32,1,0.1,lr1e-04_bs16_modL1_fusion32_fusionL1_drop0p1_trmiss50_trlocradio,26,0.43246175597111386,0.6668222347895304,0.6008403361344539,0.6903958021046539,0.6222222222222222,0.0,0.0,0.0,0.0,0.0,0.0,0.0,0.0,0.0,2002,radio,0.5
5,2,lr1e-04_bs16_modL1_fusion32_fusionL1_drop0p1_trmiss50_trlocradio,16,0.0001,1,32,1,0.1,lr1e-04_bs16_modL1_fusion32_fusionL1_drop0p1_trmiss50_trlocradio,27,0.4073296884695689,0.6645669539769491,0.5903361344537815,0.6846790776996386,0.6444444444444445,0.0,0.0,0.0,0.0,0.0,0.0,0.0,0.0,0.0,2002,radio,0.5
5,2,lr1e-04_bs16_modL1_fusion32_fusionL1_drop0p1_trmiss50_trlocradio,16,0.0001,1,32,1,0.1,lr1e-04_bs16_modL1_fusion32_fusionL1_drop0p1_trmiss50_trlocradio,28,0.41147468735774356,0.658902903397878,0.6113445378151261,0.6909213425120346,0.6666666666666666,0.0,0.0,0.0,0.0,0.0,0.0,0.0,0.0,0.0,2002,radio,0.5
5,2,lr1e-04_bs16_modL1_fusion32_fusionL1_drop0p1_trmiss50_trlocradio,16,0.0001,1,32,1,0.1,lr1e-04_bs16_modL1_fusion32_fusionL1_drop0p1_trmiss50_trlocradio,29,0.4101903811097145,0.654769241809845,0.6365546218487395,0.6870533115753935,0.6666666666666666,0.0,0.0,0.0,0.0,0.0,0.0,0.0,0.0,0.0,2002,radio,0.5
5,2,lr1e-04_bs16_modL1_fusion32_fusionL1_drop0p1_trmiss50_trlocradio,16,0.0001,1,32,1,0.1,lr1e-04_bs16_modL1_fusion32_fusionL1_drop0p1_trmiss50_trlocradio,30,0.4120244085788727,0.656092902024587,0.634453781512605,0.6881950413480875,0.6444444444444445,0.0,0.0,0.0,0.0,0.0,0.0,0.0,0.0,0.0,2002,radio,0.5
5,2,lr1e-04_bs16_modL1_fusion32_fusionL1_drop0p1_trmiss50_trlocradio,16,0.0001,1,32,1,0.1,lr1e-04_bs16_modL1_fusion32_fusionL1_drop0p1_trmiss50_trlocradio,31,0.4015529230237007,0.6630367437998453,0.6197478991596639,0.6743650146224389,0.6222222222222222,0.0,0.0,0.0,0.0,0.0,0.0,0.0,0.0,0.0,2002,radio,0.5
5,2,lr1e-04_bs16_modL1_fusion32_fusionL1_drop0p1_trmiss50_trlocradio,16,0.0001,1,32,1,0.1,lr1e-04_bs16_modL1_fusion32_fusionL1_drop0p1_trmiss50_trlocradio,32,0.39314888169368106,0.663560668627421,0.6218487394957983,0.6706623994161202,0.7111111111111111,0.0,0.0,0.0,0.0,0.0,0.0,0.0,0.0,0.0,2002,radio,0.5
5,2,lr1e-04_bs16_modL1_fusion32_fusionL1_drop0p1_trmiss50_trlocradio,16,0.0001,1,32,1,0.1,lr1e-04_bs16_modL1_fusion32_fusionL1_drop0p1_trmiss50_trlocradio,33,0.394276683529218,0.6622075835863749,0.6218487394957983,0.6695199244581758,0.6888888888888889,0.0,0.0,0.0,0.0,0.0,0.0,0.0,0.0,0.0,2002,radio,0.5
5,2,lr1e-04_bs16_modL1_fusion32_fusionL1_drop0p1_trmiss50_trlocradio,16,0.0001,1,32,1,0.1,lr1e-04_bs16_modL1_fusion32_fusionL1_drop0p1_trmiss50_trlocradio,34,0.4061809256672859,0.6635422507921854,0.6260504201680672,0.6705256036992727,0.6888888888888889,0.0,0.0,0.0,0.0,0.0,0.0,0.0,0.0,0.0,2002,radio,0.5
5,2,lr1e-04_bs16_modL1_fusion32_fusionL1_drop0p1_trmiss50_trlocradio,16,0.0001,1,32,1,0.1,lr1e-04_bs16_modL1_fusion32_fusionL1_drop0p1_trmiss50_trlocradio,35,0.41263870894908905,0.6569135387738546,0.6302521008403361,0.6755705247911836,0.7111111111111111,0.0,0.0,0.0,0.0,0.0,0.0,0.0,0.0,0.0,2002,radio,0.5
5,2,lr1e-04_bs16_modL1_fusion32_fusionL1_drop0p1_trmiss50_trlocradio,16,0.0001,1,32,1,0.1,lr1e-04_bs16_modL1_fusion32_fusionL1_drop0p1_trmiss50_trlocradio,36,0.39390191187461215,0.6563195983568827,0.6407563025210085,0.6802198631865354,0.6888888888888889,0.0,0.0,0.0,0.0,0.0,0.0,0.0,0.0,0.0,2002,radio,0.5
5,2,lr1e-04_bs16_modL1_fusion32_fusionL1_drop0p1_trmiss50_trlocradio,16,0.0001,1,32,1,0.1,lr1e-04_bs16_modL1_fusion32_fusionL1_drop0p1_trmiss50_trlocradio,37,0.3791644076506297,0.6582773923873901,0.6386554621848739,0.6811829484366038,0.7333333333333333,0.0,0.0,0.0,0.0,0.0,0.0,0.0,0.0,0.0,2002,radio,0.5
5,2,lr1e-04_bs16_modL1_fusion32_fusionL1_drop0p1_trmiss50_trlocradio,16,0.0001,1,32,1,0.1,lr1e-04_bs16_modL1_fusion32_fusionL1_drop0p1_trmiss50_trlocradio,38,0.37432873745759326,0.6591529448827108,0.6428571428571428,0.6816319726085817,0.7111111111111111,0.0,0.0,0.0,0.0,0.0,0.0,0.0,0.0,0.0,2002,radio,0.5
5,2,lr1e-04_bs16_modL1_fusion32_fusionL1_drop0p1_trmiss50_trlocradio,16,0.0001,1,32,1,0.1,lr1e-04_bs16_modL1_fusion32_fusionL1_drop0p1_trmiss50_trlocradio,39,0.3834170773625374,0.6607013543446859,0.6386554621848739,0.6857330977749899,0.7111111111111111,0.0,0.0,0.0,0.0,0.0,0.0,0.0,0.0,0.0,2002,radio,0.5
5,2,lr1e-04_bs16_modL1_fusion32_fusionL1_drop0p1_trmiss50_trlocradio,16,0.0001,1,32,1,0.1,lr1e-04_bs16_modL1_fusion32_fusionL1_drop0p1_trmiss50_trlocradio,40,0.39451608061790466,0.6690846482912699,0.6218487394957983,0.6714961669486513,0.7111111111111111,0.0,0.0,0.0,0.0,0.0,0.0,0.0,0.0,0.0,2002,radio,0.5
5,2,lr1e-04_bs16_modL1_fusion32_fusionL1_drop0p1_trmiss50_trlocradio,16,0.0001,1,32,1,0.1,lr1e-04_bs16_modL1_fusion32_fusionL1_drop0p1_trmiss50_trlocradio,41,0.3700767581661542,0.6632288495699564,0.6281512605042017,0.6788179933434509,0.7111111111111111,0.0,0.0,0.0,0.0,0.0,0.0,0.0,0.0,0.0,2002,radio,0.5
5,2,lr1e-04_bs16_modL1_fusion32_fusionL1_drop0p1_trmiss50_trlocradio,16,0.0001,1,32,1,0.1,lr1e-04_bs16_modL1_fusion32_fusionL1_drop0p1_trmiss50_trlocradio,42,0.3543301150202751,0.6634214719136556,0.6239495798319328,0.6754675090725123,0.6888888888888889,0.0,0.0,0.0,0.0,0.0,0.0,0.0,0.0,0.0,2002,radio,0.5
5,2,lr1e-04_bs16_modL1_fusion32_fusionL1_drop0p1_trmiss50_trlocradio,16,0.0001,1,32,1,0.1,lr1e-04_bs16_modL1_fusion32_fusionL1_drop0p1_trmiss50_trlocradio,43,0.36694610118865967,0.6672152280807495,0.6218487394957983,0.668629355830982,0.6666666666666666,0.0,0.0,0.0,0.0,0.0,0.0,0.0,0.0,0.0,2002,radio,0.5
5,2,lr1e-04_bs16_modL1_fusion32_fusionL1_drop0p1_trmiss50_trlocradio,16,0.0001,1,32,1,0.1,lr1e-04_bs16_modL1_fusion32_fusionL1_drop0p1_trmiss50_trlocradio,44,0.37920240064462024,0.6603286067644755,0.638655462184874,0.6841096574942941,0.6888888888888889,0.0,0.0,0.0,0.0,0.0,0.0,0.0,0.0,0.0,2002,radio,0.5
5,2,lr1e-04_bs16_modL1_fusion32_fusionL1_drop0p1_trmiss50_trlocradio,16,0.0001,1,32,1,0.1,lr1e-04_bs16_modL1_fusion32_fusionL1_drop0p1_trmiss50_trlocradio,45,0.36438438296318054,0.6642407178878784,0.634453781512605,0.6786423879625405,0.7333333333333333,0.0,0.0,0.0,0.0,0.0,0.0,0.0,0.0,0.0,2002,radio,0.5
5,2,lr1e-04_bs16_modL1_fusion32_fusionL1_drop0p1_trmiss50_trlocradio,16,0.0001,1,32,1,0.1,lr1e-04_bs16_modL1_fusion32_fusionL1_drop0p1_trmiss50_trlocradio,46,0.35668309529622394,0.6638372739156088,0.6260504201680672,0.6756986347121533,0.6888888888888889,0.0,0.0,0.0,0.0,0.0,0.0,0.0,0.0,0.0,2002,radio,0.5
5,2,lr1e-04_bs16_modL1_fusion32_fusionL1_drop0p1_trmiss50_trlocradio,16,0.0001,1,32,1,0.1,lr1e-04_bs16_modL1_fusion32_fusionL1_drop0p1_trmiss50_trlocradio,47,0.3633892511328061,0.6688004930814108,0.615546218487395,0.6636653642091046,0.6222222222222222,0.0,0.0,0.0,0.0,0.0,0.0,0.0,0.0,0.0,2002,radio,0.5
5,2,lr1e-04_bs16_modL1_fusion32_fusionL1_drop0p1_trmiss50_trlocradio,16,0.0001,1,32,1,0.1,lr1e-04_bs16_modL1_fusion32_fusionL1_drop0p1_trmiss50_trlocradio,48,0.3555464545885722,0.665683646996816,0.6281512605042017,0.6706955964768495,0.6888888888888889,0.0,0.0,0.0,0.0,0.0,0.0,0.0,0.0,0.0,2002,radio,0.5
5,2,lr1e-04_bs16_modL1_fusion32_fusionL1_drop0p1_trmiss50_trlocradio,16,0.0001,1,32,1,0.1,lr1e-04_bs16_modL1_fusion32_fusionL1_drop0p1_trmiss50_trlocradio,49,0.36279430488745373,0.6677140394846598,0.6323529411764706,0.6738685678384867,0.6444444444444445,0.0,0.0,0.0,0.0,0.0,0.0,0.0,0.0,0.0,2002,radio,0.5
5,2,lr1e-04_bs16_modL1_fusion32_fusionL1_drop0p1_trmiss50_trlocradio,16,0.0001,1,32,1,0.1,lr1e-04_bs16_modL1_fusion32_fusionL1_drop0p1_trmiss50_trlocradio,50,0.3565171808004379,0.6646177967389425,0.6281512605042017,0.6711514739652901,0.7333333333333333,0.0,0.0,0.0,0.0,0.0,0.0,0.0,0.0,0.0,2002,radio,0.5
5,2,lr1e-04_bs16_modL1_fusion32_fusionL1_drop0p1_trmiss50_trlocradio,16,0.0001,1,32,1,0.1,lr1e-04_bs16_modL1_fusion32_fusionL1_drop0p1_trmiss50_trlocradio,51,0.3724256207545598,0.6664830048878988,0.634453781512605,0.6743983275692865,0.6444444444444445,0.0,0.0,0.0,0.0,0.0,0.0,0.0,0.0,0.0,2002,radio,0.5
5,2,lr1e-04_bs16_modL1_fusion32_fusionL1_drop0p1_trmiss50_trlocradio,16,0.0001,1,32,1,0.1,lr1e-04_bs16_modL1_fusion32_fusionL1_drop0p1_trmiss50_trlocradio,52,0.3455924193064372,0.6626608570416769,0.6365546218487395,0.6844008010252275,0.6666666666666666,0.0,0.0,0.0,0.0,0.0,0.0,0.0,0.0,0.0,2002,radio,0.5
5,2,lr1e-04_bs16_modL1_fusion32_fusionL1_drop0p1_trmiss50_trlocradio,16,0.0001,1,32,1,0.1,lr1e-04_bs16_modL1_fusion32_fusionL1_drop0p1_trmiss50_trlocradio,53,0.34540828317403793,0.6661299467086792,0.6197478991596639,0.6679891796295522,0.6888888888888889,0.0,0.0,0.0,0.0,0.0,0.0,0.0,0.0,0.0,2002,radio,0.5
5,2,lr1e-04_bs16_modL1_fusion32_fusionL1_drop0p1_trmiss50_trlocradio,16,0.0001,1,32,1,0.1,lr1e-04_bs16_modL1_fusion32_fusionL1_drop0p1_trmiss50_trlocradio,54,0.3706148887674014,0.6649138927459717,0.6407563025210083,0.682694079777478,0.7111111111111111,0.0,0.0,0.0,0.0,0.0,0.0,0.0,0.0,0.0,2002,radio,0.5
5,2,lr1e-04_bs16_modL1_fusion32_fusionL1_drop0p1_trmiss50_trlocradio,16,0.0001,1,32,1,0.1,lr1e-04_bs16_modL1_fusion32_fusionL1_drop0p1_trmiss50_trlocradio,55,0.38117851068576175,0.6672835946083069,0.6302521008403361,0.6736349040258526,0.7111111111111111,0.0,0.0,0.0,0.0,0.0,0.0,0.0,0.0,0.0,2002,radio,0.5
5,2,lr1e-04_bs16_modL1_fusion32_fusionL1_drop0p1_trmiss50_trlocradio,16,0.0001,1,32,1,0.1,lr1e-04_bs16_modL1_fusion32_fusionL1_drop0p1_trmiss50_trlocradio,56,0.34803355981906253,0.6664368311564127,0.6218487394957983,0.6695058593739862,0.7111111111111111,0.0,0.0,0.0,0.0,0.0,0.0,0.0,0.0,0.0,2002,radio,0.5
5,2,lr1e-04_bs16_modL1_fusion32_fusionL1_drop0p1_trmiss50_trlocradio,16,0.0001,1,32,1,0.1,lr1e-04_bs16_modL1_fusion32_fusionL1_drop0p1_trmiss50_trlocradio,57,0.368933046857516,0.6616403063138326,0.6281512605042017,0.6794897059265522,0.6666666666666666,0.0,0.0,0.0,0.0,0.0,0.0,0.0,0.0,0.0,2002,radio,0.5
5,2,lr1e-04_bs16_modL1_fusion32_fusionL1_drop0p1_trmiss50_trlocradio,16,0.0001,1,32,1,0.1,lr1e-04_bs16_modL1_fusion32_fusionL1_drop0p1_trmiss50_trlocradio,58,0.359803003569444,0.6688690185546875,0.634453781512605,0.6731822366258396,0.6888888888888889,0.0,0.0,0.0,0.0,0.0,0.0,0.0,0.0,0.0,2002,radio,0.5
5,2,lr1e-04_bs16_modL1_fusion64_fusionL1_drop0p2_trmiss50_trlocradio,16,0.0001,1,64,1,0.2,lr1e-04_bs16_modL1_fusion64_fusionL1_drop0p2_trmiss50_trlocradio,1,0.6832780043284098,0.6794062852859497,0.4621848739495798,0.6296638209607156,0.6222222222222222,0.0,0.0,0.0,0.0,0.0,0.0,0.0,0.0,0.0,2002,radio,0.5
5,2,lr1e-04_bs16_modL1_fusion64_fusionL1_drop0p2_trmiss50_trlocradio,16,0.0001,1,64,1,0.2,lr1e-04_bs16_modL1_fusion64_fusionL1_drop0p2_trmiss50_trlocradio,2,0.6526603053013483,0.6821157336235046,0.4558823529411765,0.6552705548749064,0.6222222222222222,0.0,0.0,0.0,0.0,0.0,0.0,0.0,0.0,0.0,2002,radio,0.5
5,2,lr1e-04_bs16_modL1_fusion64_fusionL1_drop0p2_trmiss50_trlocradio,16,0.0001,1,64,1,0.2,lr1e-04_bs16_modL1_fusion64_fusionL1_drop0p2_trmiss50_trlocradio,3,0.5987043231725693,0.6888264616330465,0.43487394957983194,0.6301226449071001,0.6222222222222222,0.0,0.0,0.0,0.0,0.0,0.0,0.0,0.0,0.0,2002,radio,0.5
5,2,lr1e-04_bs16_modL1_fusion64_fusionL1_drop0p2_trmiss50_trlocradio,16,0.0001,1,64,1,0.2,lr1e-04_bs16_modL1_fusion64_fusionL1_drop0p2_trmiss50_trlocradio,4,0.6173658942182859,0.6946331262588501,0.43067226890756305,0.6267196151665314,0.6222222222222222,0.0,0.0,0.0,0.0,0.0,0.0,0.0,0.0,0.0,2002,radio,0.5
5,2,lr1e-04_bs16_modL1_fusion64_fusionL1_drop0p2_trmiss50_trlocradio,16,0.0001,1,64,1,0.2,lr1e-04_bs16_modL1_fusion64_fusionL1_drop0p2_trmiss50_trlocradio,5,0.5997249136368433,0.6909610430399576,0.45168067226890757,0.6461975556661937,0.6,0.0,0.0,0.0,0.0,0.0,0.0,0.0,0.0,0.0,2002,radio,0.5
5,2,lr1e-04_bs16_modL1_fusion64_fusionL1_drop0p2_trmiss50_trlocradio,16,0.0001,1,64,1,0.2,lr1e-04_bs16_modL1_fusion64_fusionL1_drop0p2_trmiss50_trlocradio,6,0.5688795298337936,0.6873242656389872,0.46638655462184875,0.6370069713314109,0.6,0.0,0.0,0.0,0.0,0.0,0.0,0.0,0.0,0.0,2002,radio,0.5
5,2,lr1e-04_bs16_modL1_fusion64_fusionL1_drop0p2_trmiss50_trlocradio,16,0.0001,1,64,1,0.2,lr1e-04_bs16_modL1_fusion64_fusionL1_drop0p2_trmiss50_trlocradio,7,0.5569289450844129,0.6872744957605997,0.4684873949579832,0.6379942565041968,0.6,0.0,0.0,0.0,0.0,0.0,0.0,0.0,0.0,0.0,2002,radio,0.5
5,2,lr1e-04_bs16_modL1_fusion64_fusionL1_drop0p2_trmiss50_trlocradio,16,0.0001,1,64,1,0.2,lr1e-04_bs16_modL1_fusion64_fusionL1_drop0p2_trmiss50_trlocradio,8,0.5504603708783785,0.6931829651196798,0.46428571428571436,0.6207501269488939,0.6222222222222222,0.0,0.0,0.0,0.0,0.0,0.0,0.0,0.0,0.0,2002,radio,0.5
5,2,lr1e-04_bs16_modL1_fusion64_fusionL1_drop0p2_trmiss50_trlocradio,16,0.0001,1,64,1,0.2,lr1e-04_bs16_modL1_fusion64_fusionL1_drop0p2_trmiss50_trlocradio,9,0.5334687779347101,0.6929152011871338,0.4579831932773109,0.6195295179891499,0.6222222222222222,0.0,0.0,0.0,0.0,0.0,0.0,0.0,0.0,0.0,2002,radio,0.5
5,2,lr1e-04_bs16_modL1_fusion64_fusionL1_drop0p2_trmiss50_trlocradio,16,0.0001,1,64,1,0.2,lr1e-04_bs16_modL1_fusion64_fusionL1_drop0p2_trmiss50_trlocradio,10,0.536125585436821,0.6907212734222412,0.4789915966386554,0.6271445131284142,0.6222222222222222,0.0,0.0,0.0,0.0,0.0,0.0,0.0,0.0,0.0,2002,radio,0.5
5,2,lr1e-04_bs16_modL1_fusion64_fusionL1_drop0p2_trmiss50_trlocradio,16,0.0001,1,64,1,0.2,lr1e-04_bs16_modL1_fusion64_fusionL1_drop0p2_trmiss50_trlocradio,11,0.5049328580498695,0.6949692567189535,0.4558823529411765,0.6135897500795778,0.6222222222222222,0.0,0.0,0.0,0.0,0.0,0.0,0.0,0.0,0.0,2002,radio,0.5
5,2,lr1e-04_bs16_modL1_fusion64_fusionL1_drop0p2_trmiss50_trlocradio,16,0.0001,1,64,1,0.2,lr1e-04_bs16_modL1_fusion64_fusionL1_drop0p2_trmiss50_trlocradio,12,0.517861378689607,0.6877316435178121,0.48109243697479,0.6251602636194096,0.6222222222222222,0.0,0.0,0.0,0.0,0.0,0.0,0.0,0.0,0.0,2002,radio,0.5
5,2,lr1e-04_bs16_modL1_fusion64_fusionL1_drop0p2_trmiss50_trlocradio,16,0.0001,1,64,1,0.2,lr1e-04_bs16_modL1_fusion64_fusionL1_drop0p2_trmiss50_trlocradio,13,0.5251482079426447,0.6904417673746744,0.4852941176470589,0.629366612033924,0.6222222222222222,0.0,0.0,0.0,0.0,0.0,0.0,0.0,0.0,0.0,2002,radio,0.5
5,2,lr1e-04_bs16_modL1_fusion64_fusionL1_drop0p2_trmiss50_trlocradio,16,0.0001,1,64,1,0.2,lr1e-04_bs16_modL1_fusion64_fusionL1_drop0p2_trmiss50_trlocradio,14,0.5167910431822141,0.6904290715853373,0.5042016806722689,0.6516378690261553,0.6222222222222222,0.0,0.0,0.0,0.0,0.0,0.0,0.0,0.0,0.0,2002,radio,0.5
5,2,lr1e-04_bs16_modL1_fusion64_fusionL1_drop0p2_trmiss50_trlocradio,16,0.0001,1,64,1,0.2,lr1e-04_bs16_modL1_fusion64_fusionL1_drop0p2_trmiss50_trlocradio,15,0.4858504384756088,0.6880728999773661,0.4915966386554622,0.66565671362048,0.6222222222222222,0.0,0.0,0.0,0.0,0.0,0.0,0.0,0.0,0.0,2002,radio,0.5
5,2,lr1e-04_bs16_modL1_fusion64_fusionL1_drop0p2_trmiss50_trlocradio,16,0.0001,1,64,1,0.2,lr1e-04_bs16_modL1_fusion64_fusionL1_drop0p2_trmiss50_trlocradio,16,0.5015471478303274,0.6940624515215555,0.47689075630252103,0.6421703620722184,0.6222222222222222,0.0,0.0,0.0,0.0,0.0,0.0,0.0,0.0,0.0,2002,radio,0.5
5,2,lr1e-04_bs16_modL1_fusion64_fusionL1_drop0p2_trmiss50_trlocradio,16,0.0001,1,64,1,0.2,lr1e-04_bs16_modL1_fusion64_fusionL1_drop0p2_trmiss50_trlocradio,17,0.4984726831316948,0.6997029582659403,0.47478991596638653,0.6131406843694435,0.6222222222222222,0.0,0.0,0.0,0.0,0.0,0.0,0.0,0.0,0.0,2002,radio,0.5
5,2,lr1e-04_bs16_modL1_fusion64_fusionL1_drop0p2_trmiss50_trlocradio,16,0.0001,1,64,1,0.2,lr1e-04_bs16_modL1_fusion64_fusionL1_drop0p2_trmiss50_trlocradio,18,0.4699438661336899,0.697178324063619,0.48109243697479,0.6144118799055204,0.6222222222222222,0.0,0.0,0.0,0.0,0.0,0.0,0.0,0.0,0.0,2002,radio,0.5
5,2,lr1e-04_bs16_modL1_fusion64_fusionL1_drop0p2_trmiss50_trlocradio,16,0.0001,1,64,1,0.2,lr1e-04_bs16_modL1_fusion64_fusionL1_drop0p2_trmiss50_trlocradio,19,0.4738788306713104,0.6948539813359579,0.4852941176470589,0.6409525129848186,0.6,0.0,0.0,0.0,0.0,0.0,0.0,0.0,0.0,0.0,2002,radio,0.5
5,2,lr1e-04_bs16_modL1_fusion64_fusionL1_drop0p2_trmiss50_trlocradio,16,0.0001,1,64,1,0.2,lr1e-04_bs16_modL1_fusion64_fusionL1_drop0p2_trmiss50_trlocradio,20,0.4768384297688802,0.6980096896489462,0.476890756302521,0.6390406344501712,0.6,0.0,0.0,0.0,0.0,0.0,0.0,0.0,0.0,0.0,2002,radio,0.5
5,2,lr1e-04_bs16_modL1_fusion64_fusionL1_drop0p2_trmiss50_trlocradio,16,0.0001,1,64,1,0.2,lr1e-04_bs16_modL1_fusion64_fusionL1_drop0p2_trmiss50_trlocradio,21,0.4697565659880638,0.6946378350257874,0.4747899159663866,0.6451687373902657,0.6222222222222222,0.0,0.0,0.0,0.0,0.0,0.0,0.0,0.0,0.0,2002,radio,0.5
5,2,lr1e-04_bs16_modL1_fusion64_fusionL1_drop0p2_trmiss50_trlocradio,16,0.0001,1,64,1,0.2,lr1e-04_bs16_modL1_fusion64_fusionL1_drop0p2_trmiss50_trlocradio,22,0.49857936551173526,0.694072445233663,0.5021008403361344,0.6546348570825025,0.6222222222222222,0.0,0.0,0.0,0.0,0.0,0.0,0.0,0.0,0.0,2002,radio,0.5
5,2,lr1e-04_bs16_modL1_fusion64_fusionL1_drop0p2_trmiss50_trlocradio,16,0.0001,1,64,1,0.2,lr1e-04_bs16_modL1_fusion64_fusionL1_drop0p2_trmiss50_trlocradio,23,0.4613705053925514,0.6934331059455872,0.49159663865546216,0.6537508848179583,0.6,0.0,0.0,0.0,0.0,0.0,0.0,0.0,0.0,0.0,2002,radio,0.5
5,2,lr1e-04_bs16_modL1_fusion64_fusionL1_drop0p2_trmiss50_trlocradio,16,0.0001,1,64,1,0.2,lr1e-04_bs16_modL1_fusion64_fusionL1_drop0p2_trmiss50_trlocradio,24,0.4747188314795494,0.6931967735290527,0.49789915966386555,0.6312809484743885,0.6,0.0,0.0,0.0,0.0,0.0,0.0,0.0,0.0,0.0,2002,radio,0.5
5,2,lr1e-04_bs16_modL1_fusion64_fusionL1_drop0p2_trmiss50_trlocradio,16,0.0001,1,64,1,0.2,lr1e-04_bs16_modL1_fusion64_fusionL1_drop0p2_trmiss50_trlocradio,25,0.4711272642016411,0.6910878419876099,0.5021008403361344,0.6449798968467915,0.6222222222222222,0.0,0.0,0.0,0.0,0.0,0.0,0.0,0.0,0.0,2002,radio,0.5
5,2,lr1e-04_bs16_modL1_fusion64_fusionL1_drop0p2_trmiss50_trlocradio,16,0.0001,1,64,1,0.2,lr1e-04_bs16_modL1_fusion64_fusionL1_drop0p2_trmiss50_trlocradio,26,0.46403972307840985,0.6932669480641683,0.4915966386554622,0.6272090642186383,0.6,0.0,0.0,0.0,0.0,0.0,0.0,0.0,0.0,0.0,2002,radio,0.5
5,2,lr1e-04_bs16_modL1_fusion64_fusionL1_drop0p2_trmiss50_trlocradio,16,0.0001,1,64,1,0.2,lr1e-04_bs16_modL1_fusion64_fusionL1_drop0p2_trmiss50_trlocradio,27,0.4754394019643466,0.6942751010258993,0.4936974789915966,0.6283726531040802,0.6,0.0,0.0,0.0,0.0,0.0,0.0,0.0,0.0,0.0,2002,radio,0.5
5,2,lr1e-04_bs16_modL1_fusion64_fusionL1_drop0p2_trmiss50_trlocradio,16,0.0001,1,64,1,0.2,lr1e-04_bs16_modL1_fusion64_fusionL1_drop0p2_trmiss50_trlocradio,28,0.48616142322619754,0.6958170135815939,0.48949579831932777,0.6224378718388665,0.6,0.0,0.0,0.0,0.0,0.0,0.0,0.0,0.0,0.0,2002,radio,0.5
5,2,lr1e-04_bs16_modL1_fusion64_fusionL1_drop0p2_trmiss50_trlocradio,16,0.0001,1,64,1,0.2,lr1e-04_bs16_modL1_fusion64_fusionL1_drop0p2_trmiss50_trlocradio,29,0.4819804057478905,0.6956585049629211,0.49789915966386555,0.625516248798101,0.6222222222222222,0.0,0.0,0.0,0.0,0.0,0.0,0.0,0.0,0.0,2002,radio,0.5
5,2,lr1e-04_bs16_modL1_fusion64_fusionL1_drop0p2_trmiss50_trlocradio,16,0.0001,1,64,1,0.2,lr1e-04_bs16_modL1_fusion64_fusionL1_drop0p2_trmiss50_trlocradio,30,0.4792874976992607,0.6942770878473917,0.4936974789915966,0.624962889680392,0.6222222222222222,0.0,0.0,0.0,0.0,0.0,0.0,0.0,0.0,0.0,2002,radio,0.5
5,2,lr1e-04_bs16_modL1_fusion64_fusionL1_drop0p2_trmiss50_trlocradio,16,0.0001,1,64,1,0.2,lr1e-04_bs16_modL1_fusion64_fusionL1_drop0p2_trmiss50_trlocradio,31,0.4696076139807701,0.6912063956260681,0.5105042016806722,0.6361185386892082,0.6222222222222222,0.0,0.0,0.0,0.0,0.0,0.0,0.0,0.0,0.0,2002,radio,0.5
5,2,lr1e-04_bs16_modL1_fusion64_fusionL1_drop0p2_trmiss50_trlocradio,16,0.0001,1,64,1,0.2,lr1e-04_bs16_modL1_fusion64_fusionL1_drop0p2_trmiss50_trlocradio,32,0.49763622383276623,0.6877566973368326,0.5189075630252101,0.6591156989907645,0.6222222222222222,0.0,0.0,0.0,0.0,0.0,0.0,0.0,0.0,0.0,2002,radio,0.5
5,2,lr1e-04_bs16_modL1_fusion64_fusionL1_drop0p2_trmiss50_trlocradio,16,0.0001,1,64,1,0.2,lr1e-04_bs16_modL1_fusion64_fusionL1_drop0p2_trmiss50_trlocradio,33,0.49458036323388416,0.6913665135701498,0.5063025210084033,0.6488499352573331,0.6222222222222222,0.0,0.0,0.0,0.0,0.0,0.0,0.0,0.0,0.0,2002,radio,0.5
5,2,lr1e-04_bs16_modL1_fusion64_fusionL1_drop0p2_trmiss50_trlocradio,16,0.0001,1,64,1,0.2,lr1e-04_bs16_modL1_fusion64_fusionL1_drop0p2_trmiss50_trlocradio,34,0.47331428279479343,0.6870000163714091,0.5147058823529411,0.6559611501178796,0.6222222222222222,0.0,0.0,0.0,0.0,0.0,0.0,0.0,0.0,0.0,2002,radio,0.5
5,2,lr1e-04_bs16_modL1_fusion64_fusionL1_drop0p2_trmiss50_trlocradio,16,0.0001,1,64,1,0.2,lr1e-04_bs16_modL1_fusion64_fusionL1_drop0p2_trmiss50_trlocradio,35,0.45238202561934787,0.6901431679725647,0.5126050420168067,0.6385410531719075,0.6,0.0,0.0,0.0,0.0,0.0,0.0,0.0,0.0,0.0,2002,radio,0.5
5,2,lr1e-04_bs16_modL1_fusion64_fusionL1_drop0p2_trmiss50_trlocradio,16,0.0001,1,64,1,0.2,lr1e-04_bs16_modL1_fusion64_fusionL1_drop0p2_trmiss50_trlocradio,36,0.4552772268652916,0.6890483895937601,0.5084033613445378,0.6503826478685901,0.6222222222222222,0.0,0.0,0.0,0.0,0.0,0.0,0.0,0.0,0.0,2002,radio,0.5
5,2,lr1e-04_bs16_modL1_fusion64_fusionL1_drop0p2_trmiss50_trlocradio,16,0.0001,1,64,1,0.2,lr1e-04_bs16_modL1_fusion64_fusionL1_drop0p2_trmiss50_trlocradio,37,0.4364335512121518,0.6953856150309244,0.4936974789915966,0.6268792912434604,0.6222222222222222,0.0,0.0,0.0,0.0,0.0,0.0,0.0,0.0,0.0,2002,radio,0.5
5,2,lr1e-04_bs16_modL1_fusion64_fusionL1_drop0p2_trmiss50_trlocradio,16,0.0001,1,64,1,0.2,lr1e-04_bs16_modL1_fusion64_fusionL1_drop0p2_trmiss50_trlocradio,38,0.4791756098469098,0.6938016613324484,0.4936974789915966,0.6432498712254159,0.6222222222222222,0.0,0.0,0.0,0.0,0.0,0.0,0.0,0.0,0.0,2002,radio,0.5
5,2,lr1e-04_bs16_modL1_fusion64_fusionL1_drop0p2_trmiss50_trlocradio,16,0.0001,1,64,1,0.2,lr1e-04_bs16_modL1_fusion64_fusionL1_drop0p2_trmiss50_trlocradio,39,0.4526817475756009,0.6938205162684122,0.49789915966386555,0.6277105892733188,0.6222222222222222,0.0,0.0,0.0,0.0,0.0,0.0,0.0,0.0,0.0,2002,radio,0.5
5,2,lr1e-04_bs16_modL1_fusion64_fusionL1_drop0p2_trmiss50_trlocradio,16,0.0001,1,64,1,0.2,lr1e-04_bs16_modL1_fusion64_fusionL1_drop0p2_trmiss50_trlocradio,40,0.4431949084003766,0.6985387802124023,0.4915966386554622,0.619843610792114,0.6222222222222222,0.0,0.0,0.0,0.0,0.0,0.0,0.0,0.0,0.0,2002,radio,0.5
5,2,lr1e-04_bs16_modL1_fusion64_fusionL1_drop0p2_trmiss50_trlocradio,16,0.0001,1,64,1,0.2,lr1e-04_bs16_modL1_fusion64_fusionL1_drop0p2_trmiss50_trlocradio,41,0.47391050308942795,0.6917991638183594,0.49789915966386555,0.644058593445591,0.6,0.0,0.0,0.0,0.0,0.0,0.0,0.0,0.0,0.0,2002,radio,0.5
5,2,lr1e-04_bs16_modL1_fusion64_fusionL1_drop0p2_trmiss50_trlocradio,16,0.0001,1,64,1,0.2,lr1e-04_bs16_modL1_fusion64_fusionL1_drop0p2_trmiss50_trlocradio,42,0.4564271072546641,0.6938008268674215,0.49369747899159666,0.6413409349243611,0.6,0.0,0.0,0.0,0.0,0.0,0.0,0.0,0.0,0.0,2002,radio,0.5
5,2,lr1e-04_bs16_modL1_fusion64_fusionL1_drop0p2_trmiss50_trlocradio,16,0.0001,1,64,1,0.2,lr1e-04_bs16_modL1_fusion64_fusionL1_drop0p2_trmiss50_trlocradio,43,0.45127862443526584,0.6922224958737692,0.5063025210084033,0.648884077251297,0.6,0.0,0.0,0.0,0.0,0.0,0.0,0.0,0.0,0.0,2002,radio,0.5
5,2,lr1e-04_bs16_modL1_fusion64_fusionL1_drop0p2_trmiss50_trlocradio,16,0.0001,1,64,1,0.2,lr1e-04_bs16_modL1_fusion64_fusionL1_drop0p2_trmiss50_trlocradio,44,0.4698529963692029,0.688863476117452,0.5147058823529411,0.6575792234922223,0.6,0.0,0.0,0.0,0.0,0.0,0.0,0.0,0.0,0.0,2002,radio,0.5
5,2,lr1e-04_bs16_modL1_fusion64_fusionL1_drop0p2_trmiss50_trlocradio,16,0.0001,1,64,1,0.2,lr1e-04_bs16_modL1_fusion64_fusionL1_drop0p2_trmiss50_trlocradio,45,0.4804808894793193,0.6884001096089681,0.5084033613445378,0.6557512230764116,0.6,0.0,0.0,0.0,0.0,0.0,0.0,0.0,0.0,0.0,2002,radio,0.5
5,2,lr1e-04_bs16_modL1_fusion64_fusionL1_drop0p2_trmiss50_trlocradio,16,0.0001,1,64,1,0.2,lr1e-04_bs16_modL1_fusion64_fusionL1_drop0p2_trmiss50_trlocradio,46,0.4614961842695872,0.6896177331606547,0.5084033613445378,0.6594018809502155,0.6,0.0,0.0,0.0,0.0,0.0,0.0,0.0,0.0,0.0,2002,radio,0.5
5,2,lr1e-04_bs16_modL1_fusion64_fusionL1_drop0p2_trmiss50_trlocradio,16,0.0001,1,64,1,0.2,lr1e-04_bs16_modL1_fusion64_fusionL1_drop0p2_trmiss50_trlocradio,47,0.4780656447013219,0.6910674373308817,0.5105042016806722,0.6586829756724866,0.6222222222222222,0.0,0.0,0.0,0.0,0.0,0.0,0.0,0.0,0.0,2002,radio,0.5
5,2,lr1e-04_bs16_modL1_fusion64_fusionL1_drop0p2_trmiss50_trlocradio,16,0.0001,1,64,1,0.2,lr1e-04_bs16_modL1_fusion64_fusionL1_drop0p2_trmiss50_trlocradio,48,0.4568396558364232,0.690982977549235,0.49789915966386555,0.6322596585220509,0.6222222222222222,0.0,0.0,0.0,0.0,0.0,0.0,0.0,0.0,0.0,2002,radio,0.5
5,2,lr1e-04_bs16_modL1_fusion64_fusionL1_drop0p2_trmiss50_trlocradio,16,0.0001,1,64,1,0.2,lr1e-04_bs16_modL1_fusion64_fusionL1_drop0p2_trmiss50_trlocradio,49,0.47712159156799316,0.6943228840827942,0.5084033613445379,0.6511590885298323,0.6222222222222222,0.0,0.0,0.0,0.0,0.0,0.0,0.0,0.0,0.0,2002,radio,0.5
5,2,lr1e-04_bs16_modL1_fusion64_fusionL1_drop0p2_trmiss50_trlocradio,16,0.0001,1,64,1,0.2,lr1e-04_bs16_modL1_fusion64_fusionL1_drop0p2_trmiss50_trlocradio,50,0.46729645878076553,0.696849008401235,0.49369747899159666,0.6433015422736306,0.6222222222222222,0.0,0.0,0.0,0.0,0.0,0.0,0.0,0.0,0.0,2002,radio,0.5
5,2,lr1e-04_bs16_modL1_fusion64_fusionL1_drop0p2_trmiss50_trlocradio,16,0.0001,1,64,1,0.2,lr1e-04_bs16_modL1_fusion64_fusionL1_drop0p2_trmiss50_trlocradio,51,0.4717348242799441,0.6962287425994873,0.4936974789915966,0.6487664347093351,0.6222222222222222,0.0,0.0,0.0,0.0,0.0,0.0,0.0,0.0,0.0,2002,radio,0.5
5,2,lr1e-04_bs16_modL1_fusion64_fusionL1_drop0p2_trmiss50_trlocradio,16,0.0001,1,64,1,0.2,lr1e-04_bs16_modL1_fusion64_fusionL1_drop0p2_trmiss50_trlocradio,52,0.46763275812069577,0.6875829696655273,0.5147058823529411,0.6640014287530879,0.6222222222222222,0.0,0.0,0.0,0.0,0.0,0.0,0.0,0.0,0.0,2002,radio,0.5
5,2,lr1e-04_bs16_modL1_fusion64_fusionL1_drop0p1_trmiss50_trlocradio,16,0.0001,1,64,1,0.1,lr1e-04_bs16_modL1_fusion64_fusionL1_drop0p1_trmiss50_trlocradio,1,0.7340024908383688,0.7062968413035074,0.38025210084033617,0.541127951412285,0.37777777777777777,0.0,0.0,0.0,0.0,0.0,0.0,0.0,0.0,0.0,2002,radio,0.5
5,2,lr1e-04_bs16_modL1_fusion64_fusionL1_drop0p1_trmiss50_trlocradio,16,0.0001,1,64,1,0.1,lr1e-04_bs16_modL1_fusion64_fusionL1_drop0p1_trmiss50_trlocradio,2,0.695316861073176,0.7186398506164551,0.4180672268907563,0.5661508232285735,0.4222222222222222,0.0,0.0,0.0,0.0,0.0,0.0,0.0,0.0,0.0,2002,radio,0.5
5,2,lr1e-04_bs16_modL1_fusion64_fusionL1_drop0p1_trmiss50_trlocradio,16,0.0001,1,64,1,0.1,lr1e-04_bs16_modL1_fusion64_fusionL1_drop0p1_trmiss50_trlocradio,3,0.6460102548201879,0.7221585710843405,0.44957983193277307,0.5863190268777643,0.4222222222222222,0.0,0.0,0.0,0.0,0.0,0.0,0.0,0.0,0.0,2002,radio,0.5
5,2,lr1e-04_bs16_modL1_fusion64_fusionL1_drop0p1_trmiss50_trlocradio,16,0.0001,1,64,1,0.1,lr1e-04_bs16_modL1_fusion64_fusionL1_drop0p1_trmiss50_trlocradio,4,0.6252315094073614,0.7148540218671163,0.48109243697478987,0.602102750118791,0.4222222222222222,0.0,0.0,0.0,0.0,0.0,0.0,0.0,0.0,0.0,2002,radio,0.5
5,2,lr1e-04_bs16_modL1_fusion64_fusionL1_drop0p1_trmiss50_trlocradio,16,0.0001,1,64,1,0.1,lr1e-04_bs16_modL1_fusion64_fusionL1_drop0p1_trmiss50_trlocradio,5,0.6244694193204244,0.7148149410883585,0.47478991596638653,0.6284535782694054,0.4444444444444444,0.0,0.0,0.0,0.0,0.0,0.0,0.0,0.0,0.0,2002,radio,0.5
5,2,lr1e-04_bs16_modL1_fusion64_fusionL1_drop0p1_trmiss50_trlocradio,16,0.0001,1,64,1,0.1,lr1e-04_bs16_modL1_fusion64_fusionL1_drop0p1_trmiss50_trlocradio,6,0.5880921334028244,0.7024873495101929,0.4957983193277311,0.6413382675691094,0.4888888888888889,0.0,0.0,0.0,0.0,0.0,0.0,0.0,0.0,0.0,2002,radio,0.5
5,2,lr1e-04_bs16_modL1_fusion64_fusionL1_drop0p1_trmiss50_trlocradio,16,0.0001,1,64,1,0.1,lr1e-04_bs16_modL1_fusion64_fusionL1_drop0p1_trmiss50_trlocradio,7,0.6007208824157715,0.7010576128959656,0.5231092436974789,0.6426848713272356,0.4888888888888889,0.0,0.0,0.0,0.0,0.0,0.0,0.0,0.0,0.0,2002,radio,0.5
5,2,lr1e-04_bs16_modL1_fusion64_fusionL1_drop0p1_trmiss50_trlocradio,16,0.0001,1,64,1,0.1,lr1e-04_bs16_modL1_fusion64_fusionL1_drop0p1_trmiss50_trlocradio,8,0.5781505927443504,0.6983340581258138,0.5357142857142857,0.6486698471128282,0.5111111111111111,0.0,0.0,0.0,0.0,0.0,0.0,0.0,0.0,0.0,2002,radio,0.5
5,2,lr1e-04_bs16_modL1_fusion64_fusionL1_drop0p1_trmiss50_trlocradio,16,0.0001,1,64,1,0.1,lr1e-04_bs16_modL1_fusion64_fusionL1_drop0p1_trmiss50_trlocradio,9,0.5507693141698837,0.7019328276316324,0.5504201680672269,0.6540251710743897,0.5555555555555556,0.0,0.0,0.0,0.0,0.0,0.0,0.0,0.0,0.0,2002,radio,0.5
5,2,lr1e-04_bs16_modL1_fusion64_fusionL1_drop0p1_trmiss50_trlocradio,16,0.0001,1,64,1,0.1,lr1e-04_bs16_modL1_fusion64_fusionL1_drop0p1_trmiss50_trlocradio,10,0.5245803073048592,0.69088743130366,0.5630252100840336,0.6698554669043537,0.6222222222222222,0.0,0.0,0.0,0.0,0.0,0.0,0.0,0.0,0.0,2002,radio,0.5
5,2,lr1e-04_bs16_modL1_fusion64_fusionL1_drop0p1_trmiss50_trlocradio,16,0.0001,1,64,1,0.1,lr1e-04_bs16_modL1_fusion64_fusionL1_drop0p1_trmiss50_trlocradio,11,0.531445600092411,0.6881243189175924,0.5714285714285714,0.6777565354508314,0.6,0.0,0.0,0.0,0.0,0.0,0.0,0.0,0.0,0.0,2002,radio,0.5
5,2,lr1e-04_bs16_modL1_fusion64_fusionL1_drop0p1_trmiss50_trlocradio,16,0.0001,1,64,1,0.1,lr1e-04_bs16_modL1_fusion64_fusionL1_drop0p1_trmiss50_trlocradio,12,0.5287508219480515,0.6864816943804423,0.5630252100840336,0.6767027229562005,0.5777777777777777,0.0,0.0,0.0,0.0,0.0,0.0,0.0,0.0,0.0,2002,radio,0.5
5,2,lr1e-04_bs16_modL1_fusion64_fusionL1_drop0p1_trmiss50_trlocradio,16,0.0001,1,64,1,0.1,lr1e-04_bs16_modL1_fusion64_fusionL1_drop0p1_trmiss50_trlocradio,13,0.49408145993947983,0.6818922162055969,0.5567226890756303,0.6638004598403441,0.5777777777777777,0.0,0.0,0.0,0.0,0.0,0.0,0.0,0.0,0.0,2002,radio,0.5
5,2,lr1e-04_bs16_modL1_fusion64_fusionL1_drop0p1_trmiss50_trlocradio,16,0.0001,1,64,1,0.1,lr1e-04_bs16_modL1_fusion64_fusionL1_drop0p1_trmiss50_trlocradio,14,0.4703337649504344,0.6807293097178141,0.5588235294117647,0.673867759573422,0.6222222222222222,0.0,0.0,0.0,0.0,0.0,0.0,0.0,0.0,0.0,2002,radio,0.5
5,2,lr1e-04_bs16_modL1_fusion64_fusionL1_drop0p1_trmiss50_trlocradio,16,0.0001,1,64,1,0.1,lr1e-04_bs16_modL1_fusion64_fusionL1_drop0p1_trmiss50_trlocradio,15,0.4723048036297162,0.6851987441380819,0.5567226890756303,0.6415332567377806,0.6,0.0,0.0,0.0,0.0,0.0,0.0,0.0,0.0,0.0,2002,radio,0.5
5,2,lr1e-04_bs16_modL1_fusion64_fusionL1_drop0p1_trmiss50_trlocradio,16,0.0001,1,64,1,0.1,lr1e-04_bs16_modL1_fusion64_fusionL1_drop0p1_trmiss50_trlocradio,16,0.4477167973915736,0.6944727102915446,0.5441176470588235,0.6277561247437448,0.5555555555555556,0.0,0.0,0.0,0.0,0.0,0.0,0.0,0.0,0.0,2002,radio,0.5
5,2,lr1e-04_bs16_modL1_fusion64_fusionL1_drop0p1_trmiss50_trlocradio,16,0.0001,1,64,1,0.1,lr1e-04_bs16_modL1_fusion64_fusionL1_drop0p1_trmiss50_trlocradio,17,0.4727858155965805,0.6920346021652222,0.5567226890756303,0.640595584731653,0.6,0.0,0.0,0.0,0.0,0.0,0.0,0.0,0.0,0.0,2002,radio,0.5
5,2,lr1e-04_bs16_modL1_fusion64_fusionL1_drop0p1_trmiss50_trlocradio,16,0.0001,1,64,1,0.1,lr1e-04_bs16_modL1_fusion64_fusionL1_drop0p1_trmiss50_trlocradio,18,0.4466858431696892,0.6739388108253479,0.5798319327731092,0.6708621519961099,0.6222222222222222,0.0,0.0,0.0,0.0,0.0,0.0,0.0,0.0,0.0,2002,radio,0.5
5,2,lr1e-04_bs16_modL1_fusion64_fusionL1_drop0p1_trmiss50_trlocradio,16,0.0001,1,64,1,0.1,lr1e-04_bs16_modL1_fusion64_fusionL1_drop0p1_trmiss50_trlocradio,19,0.42975660661856335,0.6783430775006613,0.5756302521008403,0.6569561109920977,0.5777777777777777,0.0,0.0,0.0,0.0,0.0,0.0,0.0,0.0,0.0,2002,radio,0.5
5,2,lr1e-04_bs16_modL1_fusion64_fusionL1_drop0p1_trmiss50_trlocradio,16,0.0001,1,64,1,0.1,lr1e-04_bs16_modL1_fusion64_fusionL1_drop0p1_trmiss50_trlocradio,20,0.4028827945391337,0.6708322564760844,0.6323529411764706,0.687429985356551,0.6,0.0,0.0,0.0,0.0,0.0,0.0,0.0,0.0,0.0,2002,radio,0.5
5,2,lr1e-04_bs16_modL1_fusion64_fusionL1_drop0p1_trmiss50_trlocradio,16,0.0001,1,64,1,0.1,lr1e-04_bs16_modL1_fusion64_fusionL1_drop0p1_trmiss50_trlocradio,21,0.38671735922495526,0.6589838862419128,0.634453781512605,0.6933033244673069,0.6888888888888889,0.0,0.0,0.0,0.0,0.0,0.0,0.0,0.0,0.0,2002,radio,0.5
5,2,lr1e-04_bs16_modL1_fusion64_fusionL1_drop0p1_trmiss50_trlocradio,16,0.0001,1,64,1,0.1,lr1e-04_bs16_modL1_fusion64_fusionL1_drop0p1_trmiss50_trlocradio,22,0.40639572590589523,0.6627852121988932,0.6239495798319328,0.682448657176501,0.6666666666666666,0.0,0.0,0.0,0.0,0.0,0.0,0.0,0.0,0.0,2002,radio,0.5
5,2,lr1e-04_bs16_modL1_fusion64_fusionL1_drop0p1_trmiss50_trlocradio,16,0.0001,1,64,1,0.1,lr1e-04_bs16_modL1_fusion64_fusionL1_drop0p1_trmiss50_trlocradio,23,0.3999691704909007,0.6698223153750101,0.6029411764705882,0.6703978270847425,0.6666666666666666,0.0,0.0,0.0,0.0,0.0,0.0,0.0,0.0,0.0,2002,radio,0.5
5,2,lr1e-04_bs16_modL1_fusion64_fusionL1_drop0p1_trmiss50_trlocradio,16,0.0001,1,64,1,0.1,lr1e-04_bs16_modL1_fusion64_fusionL1_drop0p1_trmiss50_trlocradio,24,0.3724125822385152,0.677101214726766,0.5819327731092436,0.6585667185307063,0.6888888888888889,0.0,0.0,0.0,0.0,0.0,0.0,0.0,0.0,0.0,2002,radio,0.5
5,2,lr1e-04_bs16_modL1_fusion64_fusionL1_drop0p1_trmiss50_trlocradio,16,0.0001,1,64,1,0.1,lr1e-04_bs16_modL1_fusion64_fusionL1_drop0p1_trmiss50_trlocradio,25,0.36827991157770157,0.6779569387435913,0.5735294117647058,0.6497881044845611,0.6444444444444445,0.0,0.0,0.0,0.0,0.0,0.0,0.0,0.0,0.0,2002,radio,0.5
5,2,lr1e-04_bs16_modL1_fusion64_fusionL1_drop0p1_trmiss50_trlocradio,16,0.0001,1,64,1,0.1,lr1e-04_bs16_modL1_fusion64_fusionL1_drop0p1_trmiss50_trlocradio,26,0.3759545683860779,0.6745519836743673,0.6029411764705882,0.6668293793588164,0.6666666666666666,0.0,0.0,0.0,0.0,0.0,0.0,0.0,0.0,0.0,2002,radio,0.5
5,2,lr1e-04_bs16_modL1_fusion64_fusionL1_drop0p1_trmiss50_trlocradio,16,0.0001,1,64,1,0.1,lr1e-04_bs16_modL1_fusion64_fusionL1_drop0p1_trmiss50_trlocradio,27,0.33954794704914093,0.6594150265057882,0.6218487394957983,0.689502645879591,0.7111111111111111,0.0,0.0,0.0,0.0,0.0,0.0,0.0,0.0,0.0,2002,radio,0.5
5,2,lr1e-04_bs16_modL1_fusion64_fusionL1_drop0p1_trmiss50_trlocradio,16,0.0001,1,64,1,0.1,lr1e-04_bs16_modL1_fusion64_fusionL1_drop0p1_trmiss50_trlocradio,28,0.32233862578868866,0.655930240948995,0.6281512605042017,0.6922103853196687,0.6888888888888889,0.0,0.0,0.0,0.0,0.0,0.0,0.0,0.0,0.0,2002,radio,0.5
5,2,lr1e-04_bs16_modL1_fusion64_fusionL1_drop0p1_trmiss50_trlocradio,16,0.0001,1,64,1,0.1,lr1e-04_bs16_modL1_fusion64_fusionL1_drop0p1_trmiss50_trlocradio,29,0.36340542882680893,0.656591514746348,0.6239495798319328,0.6817320582507662,0.7111111111111111,0.0,0.0,0.0,0.0,0.0,0.0,0.0,0.0,0.0,2002,radio,0.5
5,2,lr1e-04_bs16_modL1_fusion64_fusionL1_drop0p1_trmiss50_trlocradio,16,0.0001,1,64,1,0.1,lr1e-04_bs16_modL1_fusion64_fusionL1_drop0p1_trmiss50_trlocradio,30,0.3135380372405052,0.6606320341428121,0.6260504201680672,0.6831839717239275,0.7111111111111111,0.0,0.0,0.0,0.0,0.0,0.0,0.0,0.0,0.0,2002,radio,0.5
5,2,lr1e-04_bs16_modL1_fusion64_fusionL1_drop0p1_trmiss50_trlocradio,16,0.0001,1,64,1,0.1,lr1e-04_bs16_modL1_fusion64_fusionL1_drop0p1_trmiss50_trlocradio,31,0.31821582714716595,0.6607121626536051,0.6197478991596639,0.6770609144309194,0.7111111111111111,0.0,0.0,0.0,0.0,0.0,0.0,0.0,0.0,0.0,2002,radio,0.5
5,2,lr1e-04_bs16_modL1_fusion64_fusionL1_drop0p1_trmiss50_trlocradio,16,0.0001,1,64,1,0.1,lr1e-04_bs16_modL1_fusion64_fusionL1_drop0p1_trmiss50_trlocradio,32,0.30912772566080093,0.6594975590705872,0.6323529411764706,0.6815103935570518,0.6888888888888889,0.0,0.0,0.0,0.0,0.0,0.0,0.0,0.0,0.0,2002,radio,0.5
5,2,lr1e-04_bs16_modL1_fusion64_fusionL1_drop0p1_trmiss50_trlocradio,16,0.0001,1,64,1,0.1,lr1e-04_bs16_modL1_fusion64_fusionL1_drop0p1_trmiss50_trlocradio,33,0.312253354738156,0.656687597433726,0.634453781512605,0.68535567267407,0.7333333333333333,0.0,0.0,0.0,0.0,0.0,0.0,0.0,0.0,0.0,2002,radio,0.5
5,2,lr1e-04_bs16_modL1_fusion64_fusionL1_drop0p1_trmiss50_trlocradio,16,0.0001,1,64,1,0.1,lr1e-04_bs16_modL1_fusion64_fusionL1_drop0p1_trmiss50_trlocradio,34,0.3162820066014926,0.6498040159543356,0.657563025210084,0.7164331252491981,0.7111111111111111,0.0,0.0,0.0,0.0,0.0,0.0,0.0,0.0,0.0,2002,radio,0.5
5,2,lr1e-04_bs16_modL1_fusion64_fusionL1_drop0p1_trmiss50_trlocradio,16,0.0001,1,64,1,0.1,lr1e-04_bs16_modL1_fusion64_fusionL1_drop0p1_trmiss50_trlocradio,35,0.2893286421895027,0.6511388619740804,0.653361344537815,0.7148043325798474,0.6666666666666666,0.0,0.0,0.0,0.0,0.0,0.0,0.0,0.0,0.0,2002,radio,0.5
5,2,lr1e-04_bs16_modL1_fusion64_fusionL1_drop0p1_trmiss50_trlocradio,16,0.0001,1,64,1,0.1,lr1e-04_bs16_modL1_fusion64_fusionL1_drop0p1_trmiss50_trlocradio,36,0.330935296912988,0.6643831729888916,0.6218487394957983,0.6738742062780959,0.6888888888888889,0.0,0.0,0.0,0.0,0.0,0.0,0.0,0.0,0.0,2002,radio,0.5
5,2,lr1e-04_bs16_modL1_fusion64_fusionL1_drop0p1_trmiss50_trlocradio,16,0.0001,1,64,1,0.1,lr1e-04_bs16_modL1_fusion64_fusionL1_drop0p1_trmiss50_trlocradio,37,0.31004463136196136,0.675473670164744,0.6218487394957983,0.6722887865134964,0.7111111111111111,0.0,0.0,0.0,0.0,0.0,0.0,0.0,0.0,0.0,2002,radio,0.5
5,2,lr1e-04_bs16_modL1_fusion64_fusionL1_drop0p1_trmiss50_trlocradio,16,0.0001,1,64,1,0.1,lr1e-04_bs16_modL1_fusion64_fusionL1_drop0p1_trmiss50_trlocradio,38,0.29153551906347275,0.6656898657480875,0.6197478991596639,0.6730073711990759,0.6666666666666666,0.0,0.0,0.0,0.0,0.0,0.0,0.0,0.0,0.0,2002,radio,0.5
5,2,lr1e-04_bs16_modL1_fusion64_fusionL1_drop0p1_trmiss50_trlocradio,16,0.0001,1,64,1,0.1,lr1e-04_bs16_modL1_fusion64_fusionL1_drop0p1_trmiss50_trlocradio,39,0.28153010457754135,0.6653588811556498,0.6260504201680672,0.6772552094998775,0.6888888888888889,0.0,0.0,0.0,0.0,0.0,0.0,0.0,0.0,0.0,2002,radio,0.5
5,2,lr1e-04_bs16_modL1_fusion64_fusionL1_drop0p1_trmiss50_trlocradio,16,0.0001,1,64,1,0.1,lr1e-04_bs16_modL1_fusion64_fusionL1_drop0p1_trmiss50_trlocradio,40,0.28444307421644527,0.6544362107912699,0.6386554621848739,0.6875591597027897,0.6666666666666666,0.0,0.0,0.0,0.0,0.0,0.0,0.0,0.0,0.0,2002,radio,0.5
5,2,lr1e-04_bs16_modL1_fusion64_fusionL1_drop0p1_trmiss50_trlocradio,16,0.0001,1,64,1,0.1,lr1e-04_bs16_modL1_fusion64_fusionL1_drop0p1_trmiss50_trlocradio,41,0.27599851911266643,0.6466156840324402,0.6428571428571428,0.7077121010627467,0.6888888888888889,0.0,0.0,0.0,0.0,0.0,0.0,0.0,0.0,0.0,2002,radio,0.5
5,2,lr1e-04_bs16_modL1_fusion64_fusionL1_drop0p1_trmiss50_trlocradio,16,0.0001,1,64,1,0.1,lr1e-04_bs16_modL1_fusion64_fusionL1_drop0p1_trmiss50_trlocradio,42,0.27129000176986057,0.6524046858151754,0.6386554621848739,0.6932049022532224,0.6888888888888889,0.0,0.0,0.0,0.0,0.0,0.0,0.0,0.0,0.0,2002,radio,0.5
5,2,lr1e-04_bs16_modL1_fusion64_fusionL1_drop0p1_trmiss50_trlocradio,16,0.0001,1,64,1,0.1,lr1e-04_bs16_modL1_fusion64_fusionL1_drop0p1_trmiss50_trlocradio,43,0.2913523328800996,0.6529027223587036,0.6386554621848739,0.6962711478953469,0.6666666666666666,0.0,0.0,0.0,0.0,0.0,0.0,0.0,0.0,0.0,2002,radio,0.5
5,2,lr1e-04_bs16_modL1_fusion64_fusionL1_drop0p1_trmiss50_trlocradio,16,0.0001,1,64,1,0.1,lr1e-04_bs16_modL1_fusion64_fusionL1_drop0p1_trmiss50_trlocradio,44,0.2861934614678224,0.6549582680066427,0.6365546218487395,0.6976897137549067,0.6888888888888889,0.0,0.0,0.0,0.0,0.0,0.0,0.0,0.0,0.0,2002,radio,0.5
5,2,lr1e-04_bs16_modL1_fusion64_fusionL1_drop0p1_trmiss50_trlocradio,16,0.0001,1,64,1,0.1,lr1e-04_bs16_modL1_fusion64_fusionL1_drop0p1_trmiss50_trlocradio,45,0.2663818374276161,0.6586499412854513,0.6428571428571428,0.6903828228131704,0.6888888888888889,0.0,0.0,0.0,0.0,0.0,0.0,0.0,0.0,0.0,2002,radio,0.5
5,2,lr1e-04_bs16_modL1_fusion64_fusionL1_drop0p1_trmiss50_trlocradio,16,0.0001,1,64,1,0.1,lr1e-04_bs16_modL1_fusion64_fusionL1_drop0p1_trmiss50_trlocradio,46,0.27229804173111916,0.6597395936648051,0.6302521008403361,0.6817922383816248,0.6888888888888889,0.0,0.0,0.0,0.0,0.0,0.0,0.0,0.0,0.0,2002,radio,0.5
5,2,lr1e-04_bs16_modL1_fusion64_fusionL1_drop0p1_trmiss50_trlocradio,16,0.0001,1,64,1,0.1,lr1e-04_bs16_modL1_fusion64_fusionL1_drop0p1_trmiss50_trlocradio,47,0.25535263245304424,0.6570578018824259,0.6386554621848739,0.6883895101574681,0.6666666666666666,0.0,0.0,0.0,0.0,0.0,0.0,0.0,0.0,0.0,2002,radio,0.5
5,2,lr1e-04_bs16_modL1_fusion64_fusionL1_drop0p1_trmiss50_trlocradio,16,0.0001,1,64,1,0.1,lr1e-04_bs16_modL1_fusion64_fusionL1_drop0p1_trmiss50_trlocradio,48,0.2619093743463357,0.6565824151039124,0.6365546218487395,0.6898314911801944,0.6666666666666666,0.0,0.0,0.0,0.0,0.0,0.0,0.0,0.0,0.0,2002,radio,0.5
5,2,lr1e-04_bs16_modL1_fusion64_fusionL1_drop0p1_trmiss50_trlocradio,16,0.0001,1,64,1,0.1,lr1e-04_bs16_modL1_fusion64_fusionL1_drop0p1_trmiss50_trlocradio,49,0.26778068641821545,0.6564512848854065,0.6323529411764707,0.6920775799598967,0.6666666666666666,0.0,0.0,0.0,0.0,0.0,0.0,0.0,0.0,0.0,2002,radio,0.5
5,2,lr1e-04_bs16_modL1_fusion64_fusionL1_drop0p1_trmiss50_trlocradio,16,0.0001,1,64,1,0.1,lr1e-04_bs16_modL1_fusion64_fusionL1_drop0p1_trmiss50_trlocradio,50,0.24464300523201624,0.6539179484049479,0.6323529411764707,0.6944786709324162,0.6888888888888889,0.0,0.0,0.0,0.0,0.0,0.0,0.0,0.0,0.0,2002,radio,0.5
5,2,lr1e-04_bs16_modL1_fusion64_fusionL1_drop0p1_trmiss50_trlocradio,16,0.0001,1,64,1,0.1,lr1e-04_bs16_modL1_fusion64_fusionL1_drop0p1_trmiss50_trlocradio,51,0.2556255782643954,0.6562366088231405,0.6302521008403361,0.6925092677865425,0.6666666666666666,0.0,0.0,0.0,0.0,0.0,0.0,0.0,0.0,0.0,2002,radio,0.5
5,2,lr1e-04_bs16_modL1_fusion64_fusionL1_drop0p1_trmiss50_trlocradio,16,0.0001,1,64,1,0.1,lr1e-04_bs16_modL1_fusion64_fusionL1_drop0p1_trmiss50_trlocradio,52,0.28355202699700993,0.6550115744272867,0.634453781512605,0.6884126668770534,0.6666666666666666,0.0,0.0,0.0,0.0,0.0,0.0,0.0,0.0,0.0,2002,radio,0.5
5,2,lr1e-04_bs16_modL1_fusion64_fusionL1_drop0p1_trmiss50_trlocradio,16,0.0001,1,64,1,0.1,lr1e-04_bs16_modL1_fusion64_fusionL1_drop0p1_trmiss50_trlocradio,53,0.2648424170911312,0.656997005144755,0.6323529411764706,0.6856012380950024,0.6888888888888889,0.0,0.0,0.0,0.0,0.0,0.0,0.0,0.0,0.0,2002,radio,0.5
5,2,lr1e-04_bs16_modL1_fusion64_fusionL1_drop0p1_trmiss50_trlocradio,16,0.0001,1,64,1,0.1,lr1e-04_bs16_modL1_fusion64_fusionL1_drop0p1_trmiss50_trlocradio,54,0.25128356988231343,0.6550620198249817,0.6449579831932774,0.6973853832102465,0.6888888888888889,0.0,0.0,0.0,0.0,0.0,0.0,0.0,0.0,0.0,2002,radio,0.5
5,2,lr5e-05_bs32_modL1_fusion32_fusionL1_drop0p2_trmiss50_trlocradio,32,5e-05,1,32,1,0.2,lr5e-05_bs32_modL1_fusion32_fusionL1_drop0p2_trmiss50_trlocradio,1,0.7231075068314871,0.6905398964881897,0.4642857142857143,0.6266659522463819,0.4666666666666667,0.0,0.0,0.0,0.0,0.0,0.0,0.0,0.0,0.0,2002,radio,0.5
5,2,lr5e-05_bs32_modL1_fusion32_fusionL1_drop0p2_trmiss50_trlocradio,32,5e-05,1,32,1,0.2,lr5e-05_bs32_modL1_fusion32_fusionL1_drop0p2_trmiss50_trlocradio,2,0.7048577964305878,0.6908151805400848,0.49789915966386555,0.6642444519805054,0.4888888888888889,0.0,0.0,0.0,0.0,0.0,0.0,0.0,0.0,0.0,2002,radio,0.5
5,2,lr5e-05_bs32_modL1_fusion32_fusionL1_drop0p2_trmiss50_trlocradio,32,5e-05,1,32,1,0.2,lr5e-05_bs32_modL1_fusion32_fusionL1_drop0p2_trmiss50_trlocradio,3,0.7025798161824545,0.6911203563213348,0.48949579831932777,0.6564525883850705,0.4222222222222222,0.0,0.0,0.0,0.0,0.0,0.0,0.0,0.0,0.0,2002,radio,0.5
5,2,lr5e-05_bs32_modL1_fusion32_fusionL1_drop0p2_trmiss50_trlocradio,32,5e-05,1,32,1,0.2,lr5e-05_bs32_modL1_fusion32_fusionL1_drop0p2_trmiss50_trlocradio,4,0.6738969186941782,0.6910477876663208,0.48739495798319327,0.6385776897124211,0.4222222222222222,0.0,0.0,0.0,0.0,0.0,0.0,0.0,0.0,0.0,2002,radio,0.5
5,2,lr5e-05_bs32_modL1_fusion32_fusionL1_drop0p2_trmiss50_trlocradio,32,5e-05,1,32,1,0.2,lr5e-05_bs32_modL1_fusion32_fusionL1_drop0p2_trmiss50_trlocradio,5,0.6583372255166372,0.6900628507137299,0.49159663865546216,0.6389579203960594,0.4222222222222222,0.0,0.0,0.0,0.0,0.0,0.0,0.0,0.0,0.0,2002,radio,0.5
5,2,lr5e-05_bs32_modL1_fusion32_fusionL1_drop0p2_trmiss50_trlocradio,32,5e-05,1,32,1,0.2,lr5e-05_bs32_modL1_fusion32_fusionL1_drop0p2_trmiss50_trlocradio,6,0.6542621453603109,0.6923648118972778,0.49369747899159666,0.6508316092655464,0.4222222222222222,0.0,0.0,0.0,0.0,0.0,0.0,0.0,0.0,0.0,2002,radio,0.5
5,2,lr5e-05_bs32_modL1_fusion32_fusionL1_drop0p2_trmiss50_trlocradio,32,5e-05,1,32,1,0.2,lr5e-05_bs32_modL1_fusion32_fusionL1_drop0p2_trmiss50_trlocradio,7,0.6434915959835052,0.6937954723834991,0.5021008403361344,0.6644241129017133,0.4666666666666667,0.0,0.0,0.0,0.0,0.0,0.0,0.0,0.0,0.0,2002,radio,0.5
5,2,lr5e-05_bs32_modL1_fusion32_fusionL1_drop0p2_trmiss50_trlocradio,32,5e-05,1,32,1,0.2,lr5e-05_bs32_modL1_fusion32_fusionL1_drop0p2_trmiss50_trlocradio,8,0.6351224482059479,0.6950319707393646,0.5042016806722689,0.6695685025898159,0.4888888888888889,0.0,0.0,0.0,0.0,0.0,0.0,0.0,0.0,0.0,2002,radio,0.5
5,2,lr5e-05_bs32_modL1_fusion32_fusionL1_drop0p2_trmiss50_trlocradio,32,5e-05,1,32,1,0.2,lr5e-05_bs32_modL1_fusion32_fusionL1_drop0p2_trmiss50_trlocradio,9,0.6385979950428009,0.6973741948604584,0.5042016806722689,0.6684864579240274,0.4666666666666667,0.0,0.0,0.0,0.0,0.0,0.0,0.0,0.0,0.0,2002,radio,0.5
5,2,lr5e-05_bs32_modL1_fusion32_fusionL1_drop0p2_trmiss50_trlocradio,32,5e-05,1,32,1,0.2,lr5e-05_bs32_modL1_fusion32_fusionL1_drop0p2_trmiss50_trlocradio,10,0.6168916324774424,0.7013578116893768,0.49579831932773105,0.6626843033823772,0.4666666666666667,0.0,0.0,0.0,0.0,0.0,0.0,0.0,0.0,0.0,2002,radio,0.5
5,2,lr5e-05_bs32_modL1_fusion32_fusionL1_drop0p2_trmiss50_trlocradio,32,5e-05,1,32,1,0.2,lr5e-05_bs32_modL1_fusion32_fusionL1_drop0p2_trmiss50_trlocradio,11,0.6140309373537699,0.7003849744796753,0.4957983193277311,0.654423282944853,0.4666666666666667,0.0,0.0,0.0,0.0,0.0,0.0,0.0,0.0,0.0,2002,radio,0.5
5,2,lr5e-05_bs32_modL1_fusion32_fusionL1_drop0p2_trmiss50_trlocradio,32,5e-05,1,32,1,0.2,lr5e-05_bs32_modL1_fusion32_fusionL1_drop0p2_trmiss50_trlocradio,12,0.6039193371931711,0.6978912651538849,0.5126050420168067,0.6624661627091673,0.4888888888888889,0.0,0.0,0.0,0.0,0.0,0.0,0.0,0.0,0.0,2002,radio,0.5
5,2,lr5e-05_bs32_modL1_fusion32_fusionL1_drop0p2_trmiss50_trlocradio,32,5e-05,1,32,1,0.2,lr5e-05_bs32_modL1_fusion32_fusionL1_drop0p2_trmiss50_trlocradio,13,0.6096369624137878,0.7013588547706604,0.5063025210084033,0.6675754658848159,0.4666666666666667,0.0,0.0,0.0,0.0,0.0,0.0,0.0,0.0,0.0,2002,radio,0.5
5,2,lr5e-05_bs32_modL1_fusion32_fusionL1_drop0p2_trmiss50_trlocradio,32,5e-05,1,32,1,0.2,lr5e-05_bs32_modL1_fusion32_fusionL1_drop0p2_trmiss50_trlocradio,14,0.5983219742774963,0.6962519586086273,0.51890756302521,0.6740282037525382,0.5111111111111111,0.0,0.0,0.0,0.0,0.0,0.0,0.0,0.0,0.0,2002,radio,0.5
5,2,lr5e-05_bs32_modL1_fusion32_fusionL1_drop0p2_trmiss50_trlocradio,32,5e-05,1,32,1,0.2,lr5e-05_bs32_modL1_fusion32_fusionL1_drop0p2_trmiss50_trlocradio,15,0.6070894201596578,0.6949288249015808,0.5294117647058824,0.6716463438818296,0.5111111111111111,0.0,0.0,0.0,0.0,0.0,0.0,0.0,0.0,0.0,2002,radio,0.5
5,2,lr5e-05_bs32_modL1_fusion32_fusionL1_drop0p2_trmiss50_trlocradio,32,5e-05,1,32,1,0.2,lr5e-05_bs32_modL1_fusion32_fusionL1_drop0p2_trmiss50_trlocradio,16,0.5889019767443339,0.6957582533359528,0.5168067226890757,0.6634000716907215,0.5333333333333333,0.0,0.0,0.0,0.0,0.0,0.0,0.0,0.0,0.0,2002,radio,0.5
5,2,lr5e-05_bs32_modL1_fusion32_fusionL1_drop0p2_trmiss50_trlocradio,32,5e-05,1,32,1,0.2,lr5e-05_bs32_modL1_fusion32_fusionL1_drop0p2_trmiss50_trlocradio,17,0.5847107370694479,0.6975434720516205,0.5063025210084033,0.655493283460282,0.5333333333333333,0.0,0.0,0.0,0.0,0.0,0.0,0.0,0.0,0.0,2002,radio,0.5
5,2,lr5e-05_bs32_modL1_fusion32_fusionL1_drop0p2_trmiss50_trlocradio,32,5e-05,1,32,1,0.2,lr5e-05_bs32_modL1_fusion32_fusionL1_drop0p2_trmiss50_trlocradio,18,0.5941697160402933,0.6989052295684814,0.5084033613445378,0.6517513932535639,0.5111111111111111,0.0,0.0,0.0,0.0,0.0,0.0,0.0,0.0,0.0,2002,radio,0.5
5,2,lr5e-05_bs32_modL1_fusion32_fusionL1_drop0p2_trmiss50_trlocradio,32,5e-05,1,32,1,0.2,lr5e-05_bs32_modL1_fusion32_fusionL1_drop0p2_trmiss50_trlocradio,19,0.5885689854621887,0.6982001662254333,0.523109243697479,0.6673913273881373,0.5111111111111111,0.0,0.0,0.0,0.0,0.0,0.0,0.0,0.0,0.0,2002,radio,0.5
5,2,lr5e-05_bs32_modL1_fusion32_fusionL1_drop0p2_trmiss50_trlocradio,32,5e-05,1,32,1,0.2,lr5e-05_bs32_modL1_fusion32_fusionL1_drop0p2_trmiss50_trlocradio,20,0.5775654216607412,0.6992073357105255,0.51890756302521,0.6637778705111337,0.5111111111111111,0.0,0.0,0.0,0.0,0.0,0.0,0.0,0.0,0.0,2002,radio,0.5
5,2,lr5e-05_bs32_modL1_fusion32_fusionL1_drop0p2_trmiss50_trlocradio,32,5e-05,1,32,1,0.2,lr5e-05_bs32_modL1_fusion32_fusionL1_drop0p2_trmiss50_trlocradio,21,0.5777146816253662,0.7000048160552979,0.5084033613445378,0.6603000546536077,0.5111111111111111,0.0,0.0,0.0,0.0,0.0,0.0,0.0,0.0,0.0,2002,radio,0.5
5,2,lr5e-05_bs32_modL1_fusion32_fusionL1_drop0p2_trmiss50_trlocradio,32,5e-05,1,32,1,0.2,lr5e-05_bs32_modL1_fusion32_fusionL1_drop0p2_trmiss50_trlocradio,22,0.5649081667264303,0.7014683783054352,0.5084033613445378,0.6591952024005376,0.5111111111111111,0.0,0.0,0.0,0.0,0.0,0.0,0.0,0.0,0.0,2002,radio,0.5
5,2,lr5e-05_bs32_modL1_fusion32_fusionL1_drop0p2_trmiss50_trlocradio,32,5e-05,1,32,1,0.2,lr5e-05_bs32_modL1_fusion32_fusionL1_drop0p2_trmiss50_trlocradio,23,0.5777662694454193,0.7006341814994812,0.5063025210084033,0.6561746681300035,0.5111111111111111,0.0,0.0,0.0,0.0,0.0,0.0,0.0,0.0,0.0,2002,radio,0.5
5,2,lr5e-05_bs32_modL1_fusion32_fusionL1_drop0p2_trmiss50_trlocradio,32,5e-05,1,32,1,0.2,lr5e-05_bs32_modL1_fusion32_fusionL1_drop0p2_trmiss50_trlocradio,24,0.5828094581762949,0.7020381987094879,0.49789915966386555,0.6513241423117356,0.5111111111111111,0.0,0.0,0.0,0.0,0.0,0.0,0.0,0.0,0.0,2002,radio,0.5
5,2,lr5e-05_bs32_modL1_fusion32_fusionL1_drop0p2_trmiss50_trlocradio,32,5e-05,1,32,1,0.2,lr5e-05_bs32_modL1_fusion32_fusionL1_drop0p2_trmiss50_trlocradio,25,0.586557020743688,0.703613817691803,0.5021008403361344,0.6526261333314686,0.5111111111111111,0.0,0.0,0.0,0.0,0.0,0.0,0.0,0.0,0.0,2002,radio,0.5
5,2,lr5e-05_bs32_modL1_fusion32_fusionL1_drop0p2_trmiss50_trlocradio,32,5e-05,1,32,1,0.2,lr5e-05_bs32_modL1_fusion32_fusionL1_drop0p2_trmiss50_trlocradio,26,0.566557248433431,0.7043874561786652,0.4957983193277311,0.6508319037127889,0.5111111111111111,0.0,0.0,0.0,0.0,0.0,0.0,0.0,0.0,0.0,2002,radio,0.5
5,2,lr5e-05_bs32_modL1_fusion32_fusionL1_drop0p2_trmiss50_trlocradio,32,5e-05,1,32,1,0.2,lr5e-05_bs32_modL1_fusion32_fusionL1_drop0p2_trmiss50_trlocradio,27,0.5670560995737711,0.7049426436424255,0.49579831932773105,0.6506638782060933,0.5111111111111111,0.0,0.0,0.0,0.0,0.0,0.0,0.0,0.0,0.0,2002,radio,0.5
5,2,lr5e-05_bs32_modL1_fusion32_fusionL1_drop0p2_trmiss50_trlocradio,32,5e-05,1,32,1,0.2,lr5e-05_bs32_modL1_fusion32_fusionL1_drop0p2_trmiss50_trlocradio,28,0.5783126453558604,0.7068434953689575,0.49369747899159666,0.6497990883383497,0.5111111111111111,0.0,0.0,0.0,0.0,0.0,0.0,0.0,0.0,0.0,2002,radio,0.5
5,2,lr5e-05_bs32_modL1_fusion32_fusionL1_drop0p2_trmiss50_trlocradio,32,5e-05,1,32,1,0.2,lr5e-05_bs32_modL1_fusion32_fusionL1_drop0p2_trmiss50_trlocradio,29,0.5750404795010885,0.7031414806842804,0.4978991596638656,0.6525683908484357,0.5111111111111111,0.0,0.0,0.0,0.0,0.0,0.0,0.0,0.0,0.0,2002,radio,0.5
5,2,lr5e-05_bs32_modL1_fusion32_fusionL1_drop0p2_trmiss50_trlocradio,32,5e-05,1,32,1,0.2,lr5e-05_bs32_modL1_fusion32_fusionL1_drop0p2_trmiss50_trlocradio,30,0.5679669479529063,0.7028717398643494,0.5021008403361344,0.6577078923929647,0.5111111111111111,0.0,0.0,0.0,0.0,0.0,0.0,0.0,0.0,0.0,2002,radio,0.5
5,2,lr5e-05_bs32_modL1_fusion32_fusionL1_drop0p2_trmiss50_trlocradio,32,5e-05,1,32,1,0.2,lr5e-05_bs32_modL1_fusion32_fusionL1_drop0p2_trmiss50_trlocradio,31,0.5668416321277618,0.7020396590232849,0.5021008403361344,0.6549799093078388,0.5111111111111111,0.0,0.0,0.0,0.0,0.0,0.0,0.0,0.0,0.0,2002,radio,0.5
5,2,lr5e-05_bs32_modL1_fusion32_fusionL1_drop0p2_trmiss50_trlocradio,32,5e-05,1,32,1,0.2,lr5e-05_bs32_modL1_fusion32_fusionL1_drop0p2_trmiss50_trlocradio,32,0.573478490114212,0.7023539543151855,0.5021008403361344,0.654935565513495,0.5111111111111111,0.0,0.0,0.0,0.0,0.0,0.0,0.0,0.0,0.0,2002,radio,0.5
5,2,lr5e-05_bs32_modL1_fusion32_fusionL1_drop0p2_trmiss50_trlocradio,32,5e-05,1,32,1,0.2,lr5e-05_bs32_modL1_fusion32_fusionL1_drop0p2_trmiss50_trlocradio,33,0.5735052824020386,0.7022835612297058,0.5,0.6559981272903425,0.5111111111111111,0.0,0.0,0.0,0.0,0.0,0.0,0.0,0.0,0.0,2002,radio,0.5
5,2,lr5e-05_bs32_modL1_fusion32_fusionL1_drop0p2_trmiss50_trlocradio,32,5e-05,1,32,1,0.2,lr5e-05_bs32_modL1_fusion32_fusionL1_drop0p2_trmiss50_trlocradio,34,0.5562734107176462,0.7022104263305664,0.5042016806722689,0.6575138915653234,0.5111111111111111,0.0,0.0,0.0,0.0,0.0,0.0,0.0,0.0,0.0,2002,radio,0.5
5,2,lr5e-05_bs32_modL1_fusion32_fusionL1_drop0p2_trmiss50_trlocradio,32,5e-05,1,32,1,0.2,lr5e-05_bs32_modL1_fusion32_fusionL1_drop0p2_trmiss50_trlocradio,35,0.5572496652603149,0.7010424733161926,0.5021008403361344,0.6570203055302627,0.5111111111111111,0.0,0.0,0.0,0.0,0.0,0.0,0.0,0.0,0.0,2002,radio,0.5
5,2,lr5e-05_bs32_modL1_fusion32_fusionL1_drop0p1_trmiss50_trlocradio,32,5e-05,1,32,1,0.1,lr5e-05_bs32_modL1_fusion32_fusionL1_drop0p1_trmiss50_trlocradio,1,0.6897439658641815,0.7190080881118774,0.4390756302521009,0.6412140380739377,0.4,0.0,0.0,0.0,0.0,0.0,0.0,0.0,0.0,0.0,2002,radio,0.5
5,2,lr5e-05_bs32_modL1_fusion32_fusionL1_drop0p1_trmiss50_trlocradio,32,5e-05,1,32,1,0.1,lr5e-05_bs32_modL1_fusion32_fusionL1_drop0p1_trmiss50_trlocradio,2,0.6612612704435984,0.7191864848136902,0.4474789915966386,0.6328685484910627,0.37777777777777777,0.0,0.0,0.0,0.0,0.0,0.0,0.0,0.0,0.0,2002,radio,0.5
5,2,lr5e-05_bs32_modL1_fusion32_fusionL1_drop0p1_trmiss50_trlocradio,32,5e-05,1,32,1,0.1,lr5e-05_bs32_modL1_fusion32_fusionL1_drop0p1_trmiss50_trlocradio,3,0.6525613864262899,0.7227516770362854,0.43697478991596633,0.620668317990055,0.4,0.0,0.0,0.0,0.0,0.0,0.0,0.0,0.0,0.0,2002,radio,0.5
5,2,lr5e-05_bs32_modL1_fusion32_fusionL1_drop0p1_trmiss50_trlocradio,32,5e-05,1,32,1,0.1,lr5e-05_bs32_modL1_fusion32_fusionL1_drop0p1_trmiss50_trlocradio,4,0.6328957974910736,0.7256755232810974,0.44537815126050423,0.6112129799004471,0.4,0.0,0.0,0.0,0.0,0.0,0.0,0.0,0.0,0.0,2002,radio,0.5
5,2,lr5e-05_bs32_modL1_fusion32_fusionL1_drop0p1_trmiss50_trlocradio,32,5e-05,1,32,1,0.1,lr5e-05_bs32_modL1_fusion32_fusionL1_drop0p1_trmiss50_trlocradio,5,0.5927925209204356,0.7252684235572815,0.45798319327731096,0.6223520469643796,0.37777777777777777,0.0,0.0,0.0,0.0,0.0,0.0,0.0,0.0,0.0,2002,radio,0.5
5,2,lr5e-05_bs32_modL1_fusion32_fusionL1_drop0p1_trmiss50_trlocradio,32,5e-05,1,32,1,0.1,lr5e-05_bs32_modL1_fusion32_fusionL1_drop0p1_trmiss50_trlocradio,6,0.5759145617485046,0.718961775302887,0.4789915966386555,0.6222806825587376,0.4222222222222222,0.0,0.0,0.0,0.0,0.0,0.0,0.0,0.0,0.0,2002,radio,0.5
5,2,lr5e-05_bs32_modL1_fusion32_fusionL1_drop0p1_trmiss50_trlocradio,32,5e-05,1,32,1,0.1,lr5e-05_bs32_modL1_fusion32_fusionL1_drop0p1_trmiss50_trlocradio,7,0.5767319599787394,0.713206022977829,0.5084033613445378,0.6569755436736017,0.4444444444444444,0.0,0.0,0.0,0.0,0.0,0.0,0.0,0.0,0.0,2002,radio,0.5
5,2,lr5e-05_bs32_modL1_fusion32_fusionL1_drop0p1_trmiss50_trlocradio,32,5e-05,1,32,1,0.1,lr5e-05_bs32_modL1_fusion32_fusionL1_drop0p1_trmiss50_trlocradio,8,0.5600454111893972,0.7142158150672913,0.5042016806722689,0.6670988271746756,0.4222222222222222,0.0,0.0,0.0,0.0,0.0,0.0,0.0,0.0,0.0,2002,radio,0.5
5,2,lr5e-05_bs32_modL1_fusion32_fusionL1_drop0p1_trmiss50_trlocradio,32,5e-05,1,32,1,0.1,lr5e-05_bs32_modL1_fusion32_fusionL1_drop0p1_trmiss50_trlocradio,9,0.5516179303328196,0.712601900100708,0.5084033613445379,0.659301927706663,0.4666666666666667,0.0,0.0,0.0,0.0,0.0,0.0,0.0,0.0,0.0,2002,radio,0.5
5,2,lr5e-05_bs32_modL1_fusion32_fusionL1_drop0p1_trmiss50_trlocradio,32,5e-05,1,32,1,0.1,lr5e-05_bs32_modL1_fusion32_fusionL1_drop0p1_trmiss50_trlocradio,10,0.5543452600638071,0.7123079001903534,0.5126050420168067,0.6540386821106365,0.4888888888888889,0.0,0.0,0.0,0.0,0.0,0.0,0.0,0.0,0.0,2002,radio,0.5
5,2,lr5e-05_bs32_modL1_fusion32_fusionL1_drop0p1_trmiss50_trlocradio,32,5e-05,1,32,1,0.1,lr5e-05_bs32_modL1_fusion32_fusionL1_drop0p1_trmiss50_trlocradio,11,0.5290798048178355,0.7136296629905701,0.5126050420168067,0.6603623383597832,0.4666666666666667,0.0,0.0,0.0,0.0,0.0,0.0,0.0,0.0,0.0,2002,radio,0.5
5,2,lr5e-05_bs32_modL1_fusion32_fusionL1_drop0p1_trmiss50_trlocradio,32,5e-05,1,32,1,0.1,lr5e-05_bs32_modL1_fusion32_fusionL1_drop0p1_trmiss50_trlocradio,12,0.5280599991480509,0.7135258913040161,0.5042016806722689,0.6392319043787865,0.4666666666666667,0.0,0.0,0.0,0.0,0.0,0.0,0.0,0.0,0.0,2002,radio,0.5
5,2,lr5e-05_bs32_modL1_fusion32_fusionL1_drop0p1_trmiss50_trlocradio,32,5e-05,1,32,1,0.1,lr5e-05_bs32_modL1_fusion32_fusionL1_drop0p1_trmiss50_trlocradio,13,0.5171400705973307,0.7133743464946747,0.5042016806722689,0.6398107872044597,0.4444444444444444,0.0,0.0,0.0,0.0,0.0,0.0,0.0,0.0,0.0,2002,radio,0.5
5,2,lr5e-05_bs32_modL1_fusion32_fusionL1_drop0p1_trmiss50_trlocradio,32,5e-05,1,32,1,0.1,lr5e-05_bs32_modL1_fusion32_fusionL1_drop0p1_trmiss50_trlocradio,14,0.5142141779263815,0.7113264203071594,0.523109243697479,0.6482671865975512,0.5111111111111111,0.0,0.0,0.0,0.0,0.0,0.0,0.0,0.0,0.0,2002,radio,0.5
5,2,lr5e-05_bs32_modL1_fusion32_fusionL1_drop0p1_trmiss50_trlocradio,32,5e-05,1,32,1,0.1,lr5e-05_bs32_modL1_fusion32_fusionL1_drop0p1_trmiss50_trlocradio,15,0.497130090991656,0.7105045020580292,0.5294117647058824,0.6566123224318725,0.5333333333333333,0.0,0.0,0.0,0.0,0.0,0.0,0.0,0.0,0.0,2002,radio,0.5
5,2,lr5e-05_bs32_modL1_fusion32_fusionL1_drop0p1_trmiss50_trlocradio,32,5e-05,1,32,1,0.1,lr5e-05_bs32_modL1_fusion32_fusionL1_drop0p1_trmiss50_trlocradio,16,0.49000563224156696,0.7116566300392151,0.5378151260504203,0.6616662664653872,0.5111111111111111,0.0,0.0,0.0,0.0,0.0,0.0,0.0,0.0,0.0,2002,radio,0.5
5,2,lr5e-05_bs32_modL1_fusion32_fusionL1_drop0p1_trmiss50_trlocradio,32,5e-05,1,32,1,0.1,lr5e-05_bs32_modL1_fusion32_fusionL1_drop0p1_trmiss50_trlocradio,17,0.4773508409659068,0.7116848826408386,0.5504201680672269,0.6619453012251918,0.4888888888888889,0.0,0.0,0.0,0.0,0.0,0.0,0.0,0.0,0.0,2002,radio,0.5
5,2,lr5e-05_bs32_modL1_fusion32_fusionL1_drop0p1_trmiss50_trlocradio,32,5e-05,1,32,1,0.1,lr5e-05_bs32_modL1_fusion32_fusionL1_drop0p1_trmiss50_trlocradio,18,0.476569597919782,0.7117353677749634,0.5546218487394958,0.6701085665313143,0.4666666666666667,0.0,0.0,0.0,0.0,0.0,0.0,0.0,0.0,0.0,2002,radio,0.5
5,2,lr5e-05_bs32_modL1_fusion32_fusionL1_drop0p1_trmiss50_trlocradio,32,5e-05,1,32,1,0.1,lr5e-05_bs32_modL1_fusion32_fusionL1_drop0p1_trmiss50_trlocradio,19,0.4844885468482971,0.7122322022914886,0.5567226890756303,0.670643194621054,0.4666666666666667,0.0,0.0,0.0,0.0,0.0,0.0,0.0,0.0,0.0,2002,radio,0.5
5,2,lr5e-05_bs32_modL1_fusion32_fusionL1_drop0p1_trmiss50_trlocradio,32,5e-05,1,32,1,0.1,lr5e-05_bs32_modL1_fusion32_fusionL1_drop0p1_trmiss50_trlocradio,20,0.47081082065900165,0.708761990070343,0.5588235294117647,0.6669102179529823,0.5111111111111111,0.0,0.0,0.0,0.0,0.0,0.0,0.0,0.0,0.0,2002,radio,0.5
5,2,lr5e-05_bs32_modL1_fusion32_fusionL1_drop0p1_trmiss50_trlocradio,32,5e-05,1,32,1,0.1,lr5e-05_bs32_modL1_fusion32_fusionL1_drop0p1_trmiss50_trlocradio,21,0.45204321046670276,0.7057957053184509,0.5714285714285714,0.6541954809417505,0.5111111111111111,0.0,0.0,0.0,0.0,0.0,0.0,0.0,0.0,0.0,2002,radio,0.5
5,2,lr5e-05_bs32_modL1_fusion32_fusionL1_drop0p1_trmiss50_trlocradio,32,5e-05,1,32,1,0.1,lr5e-05_bs32_modL1_fusion32_fusionL1_drop0p1_trmiss50_trlocradio,22,0.46723900238672894,0.7048434019088745,0.5609243697478992,0.6486717931856529,0.5333333333333333,0.0,0.0,0.0,0.0,0.0,0.0,0.0,0.0,0.0,2002,radio,0.5
5,2,lr5e-05_bs32_modL1_fusion32_fusionL1_drop0p1_trmiss50_trlocradio,32,5e-05,1,32,1,0.1,lr5e-05_bs32_modL1_fusion32_fusionL1_drop0p1_trmiss50_trlocradio,23,0.45263805488745373,0.7025910019874573,0.5567226890756303,0.6516180493947705,0.5555555555555556,0.0,0.0,0.0,0.0,0.0,0.0,0.0,0.0,0.0,2002,radio,0.5
5,2,lr5e-05_bs32_modL1_fusion32_fusionL1_drop0p1_trmiss50_trlocradio,32,5e-05,1,32,1,0.1,lr5e-05_bs32_modL1_fusion32_fusionL1_drop0p1_trmiss50_trlocradio,24,0.4436258027950923,0.7034919261932373,0.5483193277310924,0.6374918965589871,0.5555555555555556,0.0,0.0,0.0,0.0,0.0,0.0,0.0,0.0,0.0,2002,radio,0.5
5,2,lr5e-05_bs32_modL1_fusion32_fusionL1_drop0p1_trmiss50_trlocradio,32,5e-05,1,32,1,0.1,lr5e-05_bs32_modL1_fusion32_fusionL1_drop0p1_trmiss50_trlocradio,25,0.4220571964979172,0.7056959867477417,0.5294117647058824,0.6300520069526488,0.5333333333333333,0.0,0.0,0.0,0.0,0.0,0.0,0.0,0.0,0.0,2002,radio,0.5
5,2,lr5e-05_bs32_modL1_fusion32_fusionL1_drop0p1_trmiss50_trlocradio,32,5e-05,1,32,1,0.1,lr5e-05_bs32_modL1_fusion32_fusionL1_drop0p1_trmiss50_trlocradio,26,0.4301164895296097,0.7058694362640381,0.542016806722689,0.6424901994952162,0.5555555555555556,0.0,0.0,0.0,0.0,0.0,0.0,0.0,0.0,0.0,2002,radio,0.5
5,2,lr5e-05_bs32_modL1_fusion32_fusionL1_drop0p1_trmiss50_trlocradio,32,5e-05,1,32,1,0.1,lr5e-05_bs32_modL1_fusion32_fusionL1_drop0p1_trmiss50_trlocradio,27,0.42838577429453534,0.7089877426624298,0.542016806722689,0.6555132747173446,0.5555555555555556,0.0,0.0,0.0,0.0,0.0,0.0,0.0,0.0,0.0,2002,radio,0.5
5,2,lr5e-05_bs32_modL1_fusion32_fusionL1_drop0p1_trmiss50_trlocradio,32,5e-05,1,32,1,0.1,lr5e-05_bs32_modL1_fusion32_fusionL1_drop0p1_trmiss50_trlocradio,28,0.4151526341835658,0.7056029140949249,0.5399159663865546,0.6529974262232353,0.5111111111111111,0.0,0.0,0.0,0.0,0.0,0.0,0.0,0.0,0.0,2002,radio,0.5
5,2,lr5e-05_bs32_modL1_fusion32_fusionL1_drop0p1_trmiss50_trlocradio,32,5e-05,1,32,1,0.1,lr5e-05_bs32_modL1_fusion32_fusionL1_drop0p1_trmiss50_trlocradio,29,0.41604259113470715,0.7008874714374542,0.5504201680672269,0.6425202095343331,0.5111111111111111,0.0,0.0,0.0,0.0,0.0,0.0,0.0,0.0,0.0,2002,radio,0.5
5,2,lr5e-05_bs32_modL1_fusion32_fusionL1_drop0p1_trmiss50_trlocradio,32,5e-05,1,32,1,0.1,lr5e-05_bs32_modL1_fusion32_fusionL1_drop0p1_trmiss50_trlocradio,30,0.40705176691214245,0.6970503628253937,0.5714285714285714,0.6538873109632412,0.5555555555555556,0.0,0.0,0.0,0.0,0.0,0.0,0.0,0.0,0.0,2002,radio,0.5
5,2,lr5e-05_bs32_modL1_fusion32_fusionL1_drop0p1_trmiss50_trlocradio,32,5e-05,1,32,1,0.1,lr5e-05_bs32_modL1_fusion32_fusionL1_drop0p1_trmiss50_trlocradio,31,0.3946268707513809,0.7001563012599945,0.5441176470588236,0.6388789984183625,0.5333333333333333,0.0,0.0,0.0,0.0,0.0,0.0,0.0,0.0,0.0,2002,radio,0.5
5,2,lr5e-05_bs32_modL1_fusion32_fusionL1_drop0p1_trmiss50_trlocradio,32,5e-05,1,32,1,0.1,lr5e-05_bs32_modL1_fusion32_fusionL1_drop0p1_trmiss50_trlocradio,32,0.4067017336686452,0.7032453119754791,0.5441176470588236,0.6335017922215744,0.4888888888888889,0.0,0.0,0.0,0.0,0.0,0.0,0.0,0.0,0.0,2002,radio,0.5
5,2,lr5e-05_bs32_modL1_fusion32_fusionL1_drop0p1_trmiss50_trlocradio,32,5e-05,1,32,1,0.1,lr5e-05_bs32_modL1_fusion32_fusionL1_drop0p1_trmiss50_trlocradio,33,0.3941926509141922,0.7062148451805115,0.5294117647058824,0.6446197565192816,0.4666666666666667,0.0,0.0,0.0,0.0,0.0,0.0,0.0,0.0,0.0,2002,radio,0.5
5,2,lr5e-05_bs32_modL1_fusion32_fusionL1_drop0p1_trmiss50_trlocradio,32,5e-05,1,32,1,0.1,lr5e-05_bs32_modL1_fusion32_fusionL1_drop0p1_trmiss50_trlocradio,34,0.3967745304107666,0.7067500352859497,0.5378151260504201,0.6353763597089791,0.4888888888888889,0.0,0.0,0.0,0.0,0.0,0.0,0.0,0.0,0.0,2002,radio,0.5
5,2,lr5e-05_bs32_modL1_fusion32_fusionL1_drop0p1_trmiss50_trlocradio,32,5e-05,1,32,1,0.1,lr5e-05_bs32_modL1_fusion32_fusionL1_drop0p1_trmiss50_trlocradio,35,0.39997197687625885,0.702901303768158,0.5525210084033614,0.6422759630240014,0.5555555555555556,0.0,0.0,0.0,0.0,0.0,0.0,0.0,0.0,0.0,2002,radio,0.5
5,2,lr5e-05_bs32_modL1_fusion32_fusionL1_drop0p1_trmiss50_trlocradio,32,5e-05,1,32,1,0.1,lr5e-05_bs32_modL1_fusion32_fusionL1_drop0p1_trmiss50_trlocradio,36,0.38095998267332715,0.7035079300403595,0.5315126050420167,0.6325249610405802,0.5555555555555556,0.0,0.0,0.0,0.0,0.0,0.0,0.0,0.0,0.0,2002,radio,0.5
5,2,lr5e-05_bs32_modL1_fusion32_fusionL1_drop0p1_trmiss50_trlocradio,32,5e-05,1,32,1,0.1,lr5e-05_bs32_modL1_fusion32_fusionL1_drop0p1_trmiss50_trlocradio,37,0.38802116612593335,0.7048806846141815,0.5420168067226891,0.6362106320036119,0.5555555555555556,0.0,0.0,0.0,0.0,0.0,0.0,0.0,0.0,0.0,2002,radio,0.5
5,2,lr5e-05_bs32_modL1_fusion32_fusionL1_drop0p1_trmiss50_trlocradio,32,5e-05,1,32,1,0.1,lr5e-05_bs32_modL1_fusion32_fusionL1_drop0p1_trmiss50_trlocradio,38,0.3852143834034602,0.7089597284793854,0.5399159663865546,0.6371932733216743,0.5333333333333333,0.0,0.0,0.0,0.0,0.0,0.0,0.0,0.0,0.0,2002,radio,0.5
5,2,lr5e-05_bs32_modL1_fusion32_fusionL1_drop0p1_trmiss50_trlocradio,32,5e-05,1,32,1,0.1,lr5e-05_bs32_modL1_fusion32_fusionL1_drop0p1_trmiss50_trlocradio,39,0.39103980859120685,0.7108353972434998,0.5336134453781513,0.6320531953046151,0.5111111111111111,0.0,0.0,0.0,0.0,0.0,0.0,0.0,0.0,0.0,2002,radio,0.5
5,2,lr5e-05_bs32_modL1_fusion32_fusionL1_drop0p1_trmiss50_trlocradio,32,5e-05,1,32,1,0.1,lr5e-05_bs32_modL1_fusion32_fusionL1_drop0p1_trmiss50_trlocradio,40,0.39322984715302783,0.7119867205619812,0.5378151260504201,0.6293842364167122,0.5111111111111111,0.0,0.0,0.0,0.0,0.0,0.0,0.0,0.0,0.0,2002,radio,0.5
5,2,lr5e-05_bs32_modL1_fusion32_fusionL1_drop0p1_trmiss50_trlocradio,32,5e-05,1,32,1,0.1,lr5e-05_bs32_modL1_fusion32_fusionL1_drop0p1_trmiss50_trlocradio,41,0.3660637040932973,0.7130672633647919,0.5252100840336135,0.622556874784946,0.5333333333333333,0.0,0.0,0.0,0.0,0.0,0.0,0.0,0.0,0.0,2002,radio,0.5
5,2,lr5e-05_bs32_modL1_fusion32_fusionL1_drop0p1_trmiss50_trlocradio,32,5e-05,1,32,1,0.1,lr5e-05_bs32_modL1_fusion32_fusionL1_drop0p1_trmiss50_trlocradio,42,0.38338281710942584,0.7120977342128754,0.5210084033613446,0.6195461985919534,0.5111111111111111,0.0,0.0,0.0,0.0,0.0,0.0,0.0,0.0,0.0,2002,radio,0.5
5,2,lr5e-05_bs32_modL1_fusion32_fusionL1_drop0p1_trmiss50_trlocradio,32,5e-05,1,32,1,0.1,lr5e-05_bs32_modL1_fusion32_fusionL1_drop0p1_trmiss50_trlocradio,43,0.3763514310121536,0.7093195617198944,0.5357142857142857,0.6277871773055552,0.5111111111111111,0.0,0.0,0.0,0.0,0.0,0.0,0.0,0.0,0.0,2002,radio,0.5
5,2,lr5e-05_bs32_modL1_fusion32_fusionL1_drop0p1_trmiss50_trlocradio,32,5e-05,1,32,1,0.1,lr5e-05_bs32_modL1_fusion32_fusionL1_drop0p1_trmiss50_trlocradio,44,0.3623031824827194,0.7066143751144409,0.5399159663865546,0.6301961930210226,0.5111111111111111,0.0,0.0,0.0,0.0,0.0,0.0,0.0,0.0,0.0,2002,radio,0.5
5,2,lr5e-05_bs32_modL1_fusion32_fusionL1_drop0p1_trmiss50_trlocradio,32,5e-05,1,32,1,0.1,lr5e-05_bs32_modL1_fusion32_fusionL1_drop0p1_trmiss50_trlocradio,45,0.3661016523838043,0.7057326436042786,0.5336134453781513,0.6294507411325939,0.5333333333333333,0.0,0.0,0.0,0.0,0.0,0.0,0.0,0.0,0.0,2002,radio,0.5
5,2,lr5e-05_bs32_modL1_fusion32_fusionL1_drop0p1_trmiss50_trlocradio,32,5e-05,1,32,1,0.1,lr5e-05_bs32_modL1_fusion32_fusionL1_drop0p1_trmiss50_trlocradio,46,0.3709057817856471,0.7051960825920105,0.5462184873949579,0.6349172509534861,0.5333333333333333,0.0,0.0,0.0,0.0,0.0,0.0,0.0,0.0,0.0,2002,radio,0.5
5,2,lr5e-05_bs32_modL1_fusion32_fusionL1_drop0p1_trmiss50_trlocradio,32,5e-05,1,32,1,0.1,lr5e-05_bs32_modL1_fusion32_fusionL1_drop0p1_trmiss50_trlocradio,47,0.3620680421590805,0.7058818638324738,0.5483193277310925,0.6344270300512294,0.5333333333333333,0.0,0.0,0.0,0.0,0.0,0.0,0.0,0.0,0.0,2002,radio,0.5
5,2,lr5e-05_bs32_modL1_fusion32_fusionL1_drop0p1_trmiss50_trlocradio,32,5e-05,1,32,1,0.1,lr5e-05_bs32_modL1_fusion32_fusionL1_drop0p1_trmiss50_trlocradio,48,0.37488249440987903,0.7073959112167358,0.546218487394958,0.633083386533216,0.4888888888888889,0.0,0.0,0.0,0.0,0.0,0.0,0.0,0.0,0.0,2002,radio,0.5
5,2,lr5e-05_bs32_modL1_fusion32_fusionL1_drop0p1_trmiss50_trlocradio,32,5e-05,1,32,1,0.1,lr5e-05_bs32_modL1_fusion32_fusionL1_drop0p1_trmiss50_trlocradio,49,0.3528524587551753,0.7110768258571625,0.5441176470588236,0.6322914222627026,0.4666666666666667,0.0,0.0,0.0,0.0,0.0,0.0,0.0,0.0,0.0,2002,radio,0.5
5,2,lr5e-05_bs32_modL1_fusion32_fusionL1_drop0p1_trmiss50_trlocradio,32,5e-05,1,32,1,0.1,lr5e-05_bs32_modL1_fusion32_fusionL1_drop0p1_trmiss50_trlocradio,50,0.36333341896533966,0.713073194026947,0.546218487394958,0.6383154793703509,0.4888888888888889,0.0,0.0,0.0,0.0,0.0,0.0,0.0,0.0,0.0,2002,radio,0.5
5,2,lr5e-05_bs32_modL1_fusion64_fusionL1_drop0p2_trmiss50_trlocradio,32,5e-05,1,64,1,0.2,lr5e-05_bs32_modL1_fusion64_fusionL1_drop0p2_trmiss50_trlocradio,1,0.7140965362389883,0.7010968923568726,0.5084033613445378,0.6425376402443944,0.4888888888888889,0.0,0.0,0.0,0.0,0.0,0.0,0.0,0.0,0.0,2002,radio,0.5
5,2,lr5e-05_bs32_modL1_fusion64_fusionL1_drop0p2_trmiss50_trlocradio,32,5e-05,1,64,1,0.2,lr5e-05_bs32_modL1_fusion64_fusionL1_drop0p2_trmiss50_trlocradio,2,0.6782600084940592,0.7004559934139252,0.5399159663865546,0.6825426798187497,0.4666666666666667,0.0,0.0,0.0,0.0,0.0,0.0,0.0,0.0,0.0,2002,radio,0.5
5,2,lr5e-05_bs32_modL1_fusion64_fusionL1_drop0p2_trmiss50_trlocradio,32,5e-05,1,64,1,0.2,lr5e-05_bs32_modL1_fusion64_fusionL1_drop0p2_trmiss50_trlocradio,3,0.664905826250712,0.7030507028102875,0.5273109243697478,0.6366471637633929,0.4888888888888889,0.0,0.0,0.0,0.0,0.0,0.0,0.0,0.0,0.0,2002,radio,0.5
5,2,lr5e-05_bs32_modL1_fusion64_fusionL1_drop0p2_trmiss50_trlocradio,32,5e-05,1,64,1,0.2,lr5e-05_bs32_modL1_fusion64_fusionL1_drop0p2_trmiss50_trlocradio,4,0.64630859096845,0.7006330192089081,0.5483193277310925,0.6637967059300734,0.5555555555555556,0.0,0.0,0.0,0.0,0.0,0.0,0.0,0.0,0.0,2002,radio,0.5
5,2,lr5e-05_bs32_modL1_fusion64_fusionL1_drop0p2_trmiss50_trlocradio,32,5e-05,1,64,1,0.2,lr5e-05_bs32_modL1_fusion64_fusionL1_drop0p2_trmiss50_trlocradio,5,0.6423379679520925,0.7021647989749908,0.5609243697478992,0.6526419100335509,0.5555555555555556,0.0,0.0,0.0,0.0,0.0,0.0,0.0,0.0,0.0,2002,radio,0.5
5,2,lr5e-05_bs32_modL1_fusion64_fusionL1_drop0p2_trmiss50_trlocradio,32,5e-05,1,64,1,0.2,lr5e-05_bs32_modL1_fusion64_fusionL1_drop0p2_trmiss50_trlocradio,6,0.6142782966295878,0.6993400156497955,0.569327731092437,0.6576821043743224,0.5555555555555556,0.0,0.0,0.0,0.0,0.0,0.0,0.0,0.0,0.0,2002,radio,0.5
5,2,lr5e-05_bs32_modL1_fusion64_fusionL1_drop0p2_trmiss50_trlocradio,32,5e-05,1,64,1,0.2,lr5e-05_bs32_modL1_fusion64_fusionL1_drop0p2_trmiss50_trlocradio,7,0.6194304525852203,0.6966796815395355,0.5714285714285714,0.6620093305763441,0.5777777777777777,0.0,0.0,0.0,0.0,0.0,0.0,0.0,0.0,0.0,2002,radio,0.5
5,2,lr5e-05_bs32_modL1_fusion64_fusionL1_drop0p2_trmiss50_trlocradio,32,5e-05,1,64,1,0.2,lr5e-05_bs32_modL1_fusion64_fusionL1_drop0p2_trmiss50_trlocradio,8,0.5963448882102966,0.701618105173111,0.5672268907563025,0.6639195400037946,0.5777777777777777,0.0,0.0,0.0,0.0,0.0,0.0,0.0,0.0,0.0,2002,radio,0.5
5,2,lr5e-05_bs32_modL1_fusion64_fusionL1_drop0p2_trmiss50_trlocradio,32,5e-05,1,64,1,0.2,lr5e-05_bs32_modL1_fusion64_fusionL1_drop0p2_trmiss50_trlocradio,9,0.5952550172805786,0.6974911391735077,0.5756302521008403,0.6704908231863745,0.6,0.0,0.0,0.0,0.0,0.0,0.0,0.0,0.0,0.0,2002,radio,0.5
5,2,lr5e-05_bs32_modL1_fusion64_fusionL1_drop0p2_trmiss50_trlocradio,32,5e-05,1,64,1,0.2,lr5e-05_bs32_modL1_fusion64_fusionL1_drop0p2_trmiss50_trlocradio,10,0.5917365451653799,0.6952157616615295,0.569327731092437,0.6717663290770065,0.6222222222222222,0.0,0.0,0.0,0.0,0.0,0.0,0.0,0.0,0.0,2002,radio,0.5
5,2,lr5e-05_bs32_modL1_fusion64_fusionL1_drop0p2_trmiss50_trlocradio,32,5e-05,1,64,1,0.2,lr5e-05_bs32_modL1_fusion64_fusionL1_drop0p2_trmiss50_trlocradio,11,0.5773425499598185,0.6939209401607513,0.5609243697478992,0.6656794814658497,0.6,0.0,0.0,0.0,0.0,0.0,0.0,0.0,0.0,0.0,2002,radio,0.5
5,2,lr5e-05_bs32_modL1_fusion64_fusionL1_drop0p2_trmiss50_trlocradio,32,5e-05,1,64,1,0.2,lr5e-05_bs32_modL1_fusion64_fusionL1_drop0p2_trmiss50_trlocradio,12,0.5637638370196024,0.6897148191928864,0.5672268907563025,0.6803654484856583,0.6,0.0,0.0,0.0,0.0,0.0,0.0,0.0,0.0,0.0,2002,radio,0.5
5,2,lr5e-05_bs32_modL1_fusion64_fusionL1_drop0p2_trmiss50_trlocradio,32,5e-05,1,64,1,0.2,lr5e-05_bs32_modL1_fusion64_fusionL1_drop0p2_trmiss50_trlocradio,13,0.5511694053808848,0.6882516145706177,0.569327731092437,0.6789359899152209,0.6,0.0,0.0,0.0,0.0,0.0,0.0,0.0,0.0,0.0,2002,radio,0.5
5,2,lr5e-05_bs32_modL1_fusion64_fusionL1_drop0p2_trmiss50_trlocradio,32,5e-05,1,64,1,0.2,lr5e-05_bs32_modL1_fusion64_fusionL1_drop0p2_trmiss50_trlocradio,14,0.5584021806716919,0.6909906566143036,0.5651260504201681,0.6728423151317794,0.6,0.0,0.0,0.0,0.0,0.0,0.0,0.0,0.0,0.0,2002,radio,0.5
5,2,lr5e-05_bs32_modL1_fusion64_fusionL1_drop0p2_trmiss50_trlocradio,32,5e-05,1,64,1,0.2,lr5e-05_bs32_modL1_fusion64_fusionL1_drop0p2_trmiss50_trlocradio,15,0.5473484595616659,0.6942057013511658,0.546218487394958,0.6561432070914331,0.5555555555555556,0.0,0.0,0.0,0.0,0.0,0.0,0.0,0.0,0.0,2002,radio,0.5
5,2,lr5e-05_bs32_modL1_fusion64_fusionL1_drop0p2_trmiss50_trlocradio,32,5e-05,1,64,1,0.2,lr5e-05_bs32_modL1_fusion64_fusionL1_drop0p2_trmiss50_trlocradio,16,0.5110872685909271,0.6941199898719788,0.5609243697478992,0.6634899517639896,0.5777777777777777,0.0,0.0,0.0,0.0,0.0,0.0,0.0,0.0,0.0,2002,radio,0.5
5,2,lr5e-05_bs32_modL1_fusion64_fusionL1_drop0p2_trmiss50_trlocradio,32,5e-05,1,64,1,0.2,lr5e-05_bs32_modL1_fusion64_fusionL1_drop0p2_trmiss50_trlocradio,17,0.5004016160964966,0.691638708114624,0.5819327731092436,0.6786429958404377,0.5777777777777777,0.0,0.0,0.0,0.0,0.0,0.0,0.0,0.0,0.0,2002,radio,0.5
5,2,lr5e-05_bs32_modL1_fusion64_fusionL1_drop0p2_trmiss50_trlocradio,32,5e-05,1,64,1,0.2,lr5e-05_bs32_modL1_fusion64_fusionL1_drop0p2_trmiss50_trlocradio,18,0.5241457720597585,0.6923854053020477,0.5798319327731092,0.6823252094538282,0.6,0.0,0.0,0.0,0.0,0.0,0.0,0.0,0.0,0.0,2002,radio,0.5
5,2,lr5e-05_bs32_modL1_fusion64_fusionL1_drop0p2_trmiss50_trlocradio,32,5e-05,1,64,1,0.2,lr5e-05_bs32_modL1_fusion64_fusionL1_drop0p2_trmiss50_trlocradio,19,0.5096563249826431,0.6915480196475983,0.5798319327731093,0.681306984754525,0.6222222222222222,0.0,0.0,0.0,0.0,0.0,0.0,0.0,0.0,0.0,2002,radio,0.5
5,2,lr5e-05_bs32_modL1_fusion64_fusionL1_drop0p2_trmiss50_trlocradio,32,5e-05,1,64,1,0.2,lr5e-05_bs32_modL1_fusion64_fusionL1_drop0p2_trmiss50_trlocradio,20,0.4952768037716548,0.6935142576694489,0.5756302521008404,0.6782525840081158,0.6,0.0,0.0,0.0,0.0,0.0,0.0,0.0,0.0,0.0,2002,radio,0.5
5,2,lr5e-05_bs32_modL1_fusion64_fusionL1_drop0p2_trmiss50_trlocradio,32,5e-05,1,64,1,0.2,lr5e-05_bs32_modL1_fusion64_fusionL1_drop0p2_trmiss50_trlocradio,21,0.4926647941271464,0.6926977038383484,0.5651260504201681,0.67168569529837,0.6222222222222222,0.0,0.0,0.0,0.0,0.0,0.0,0.0,0.0,0.0,2002,radio,0.5
5,2,lr5e-05_bs32_modL1_fusion64_fusionL1_drop0p2_trmiss50_trlocradio,32,5e-05,1,64,1,0.2,lr5e-05_bs32_modL1_fusion64_fusionL1_drop0p2_trmiss50_trlocradio,22,0.48758334418137866,0.6887553036212921,0.5798319327731093,0.6781721510517734,0.6222222222222222,0.0,0.0,0.0,0.0,0.0,0.0,0.0,0.0,0.0,2002,radio,0.5
5,2,lr5e-05_bs32_modL1_fusion64_fusionL1_drop0p2_trmiss50_trlocradio,32,5e-05,1,64,1,0.2,lr5e-05_bs32_modL1_fusion64_fusionL1_drop0p2_trmiss50_trlocradio,23,0.4817250818014145,0.6866514682769775,0.5756302521008404,0.6769318801686454,0.6222222222222222,0.0,0.0,0.0,0.0,0.0,0.0,0.0,0.0,0.0,2002,radio,0.5
5,2,lr5e-05_bs32_modL1_fusion64_fusionL1_drop0p2_trmiss50_trlocradio,32,5e-05,1,64,1,0.2,lr5e-05_bs32_modL1_fusion64_fusionL1_drop0p2_trmiss50_trlocradio,24,0.4662022938330968,0.6866421699523926,0.5735294117647058,0.6751173936266343,0.6222222222222222,0.0,0.0,0.0,0.0,0.0,0.0,0.0,0.0,0.0,2002,radio,0.5
5,2,lr5e-05_bs32_modL1_fusion64_fusionL1_drop0p2_trmiss50_trlocradio,32,5e-05,1,64,1,0.2,lr5e-05_bs32_modL1_fusion64_fusionL1_drop0p2_trmiss50_trlocradio,25,0.47503790259361267,0.6889399290084839,0.569327731092437,0.6722566896028662,0.6222222222222222,0.0,0.0,0.0,0.0,0.0,0.0,0.0,0.0,0.0,2002,radio,0.5
5,2,lr5e-05_bs32_modL1_fusion64_fusionL1_drop0p2_trmiss50_trlocradio,32,5e-05,1,64,1,0.2,lr5e-05_bs32_modL1_fusion64_fusionL1_drop0p2_trmiss50_trlocradio,26,0.46630993485450745,0.68704554438591,0.573529411764706,0.6740841665613916,0.6222222222222222,0.0,0.0,0.0,0.0,0.0,0.0,0.0,0.0,0.0,2002,radio,0.5
5,2,lr5e-05_bs32_modL1_fusion64_fusionL1_drop0p2_trmiss50_trlocradio,32,5e-05,1,64,1,0.2,lr5e-05_bs32_modL1_fusion64_fusionL1_drop0p2_trmiss50_trlocradio,27,0.4702884952227275,0.6896899044513702,0.5777310924369748,0.6755927855038245,0.6222222222222222,0.0,0.0,0.0,0.0,0.0,0.0,0.0,0.0,0.0,2002,radio,0.5
5,2,lr5e-05_bs32_modL1_fusion64_fusionL1_drop0p2_trmiss50_trlocradio,32,5e-05,1,64,1,0.2,lr5e-05_bs32_modL1_fusion64_fusionL1_drop0p2_trmiss50_trlocradio,28,0.4629923651615779,0.6911110281944275,0.5777310924369748,0.6739803223367395,0.6,0.0,0.0,0.0,0.0,0.0,0.0,0.0,0.0,0.0,2002,radio,0.5
5,2,lr5e-05_bs32_modL1_fusion64_fusionL1_drop0p2_trmiss50_trlocradio,32,5e-05,1,64,1,0.2,lr5e-05_bs32_modL1_fusion64_fusionL1_drop0p2_trmiss50_trlocradio,29,0.460248127579689,0.689048171043396,0.5882352941176471,0.6789356984138761,0.6222222222222222,0.0,0.0,0.0,0.0,0.0,0.0,0.0,0.0,0.0,2002,radio,0.5
5,2,lr5e-05_bs32_modL1_fusion64_fusionL1_drop0p2_trmiss50_trlocradio,32,5e-05,1,64,1,0.2,lr5e-05_bs32_modL1_fusion64_fusionL1_drop0p2_trmiss50_trlocradio,30,0.47475352386633557,0.6882631778717041,0.5966386554621849,0.6811952506984011,0.6222222222222222,0.0,0.0,0.0,0.0,0.0,0.0,0.0,0.0,0.0,2002,radio,0.5
5,2,lr5e-05_bs32_modL1_fusion64_fusionL1_drop0p2_trmiss50_trlocradio,32,5e-05,1,64,1,0.2,lr5e-05_bs32_modL1_fusion64_fusionL1_drop0p2_trmiss50_trlocradio,31,0.4513167242209117,0.6891137957572937,0.5966386554621849,0.6800440209757428,0.6,0.0,0.0,0.0,0.0,0.0,0.0,0.0,0.0,0.0,2002,radio,0.5
5,2,lr5e-05_bs32_modL1_fusion64_fusionL1_drop0p2_trmiss50_trlocradio,32,5e-05,1,64,1,0.2,lr5e-05_bs32_modL1_fusion64_fusionL1_drop0p2_trmiss50_trlocradio,32,0.47642368574937183,0.688757449388504,0.5903361344537815,0.6763741759724387,0.6,0.0,0.0,0.0,0.0,0.0,0.0,0.0,0.0,0.0,2002,radio,0.5
5,2,lr5e-05_bs32_modL1_fusion64_fusionL1_drop0p2_trmiss50_trlocradio,32,5e-05,1,64,1,0.2,lr5e-05_bs32_modL1_fusion64_fusionL1_drop0p2_trmiss50_trlocradio,33,0.4765464961528778,0.6890386641025543,0.5903361344537815,0.671570963067606,0.6,0.0,0.0,0.0,0.0,0.0,0.0,0.0,0.0,0.0,2002,radio,0.5
5,2,lr5e-05_bs32_modL1_fusion64_fusionL1_drop0p2_trmiss50_trlocradio,32,5e-05,1,64,1,0.2,lr5e-05_bs32_modL1_fusion64_fusionL1_drop0p2_trmiss50_trlocradio,34,0.45753873387972516,0.687203049659729,0.5903361344537815,0.6736093803153829,0.6444444444444445,0.0,0.0,0.0,0.0,0.0,0.0,0.0,0.0,0.0,2002,radio,0.5
5,2,lr5e-05_bs32_modL1_fusion64_fusionL1_drop0p2_trmiss50_trlocradio,32,5e-05,1,64,1,0.2,lr5e-05_bs32_modL1_fusion64_fusionL1_drop0p2_trmiss50_trlocradio,35,0.45095134278138477,0.6868926286697388,0.5945378151260504,0.6789723160700044,0.6444444444444445,0.0,0.0,0.0,0.0,0.0,0.0,0.0,0.0,0.0,2002,radio,0.5
5,2,lr5e-05_bs32_modL1_fusion64_fusionL1_drop0p2_trmiss50_trlocradio,32,5e-05,1,64,1,0.2,lr5e-05_bs32_modL1_fusion64_fusionL1_drop0p2_trmiss50_trlocradio,36,0.4476511776447296,0.6873897016048431,0.5903361344537815,0.6768020210080236,0.6444444444444445,0.0,0.0,0.0,0.0,0.0,0.0,0.0,0.0,0.0,2002,radio,0.5
5,2,lr5e-05_bs32_modL1_fusion64_fusionL1_drop0p2_trmiss50_trlocradio,32,5e-05,1,64,1,0.2,lr5e-05_bs32_modL1_fusion64_fusionL1_drop0p2_trmiss50_trlocradio,37,0.46630021433035534,0.685982346534729,0.6029411764705882,0.6826591898344395,0.6444444444444445,0.0,0.0,0.0,0.0,0.0,0.0,0.0,0.0,0.0,2002,radio,0.5
5,2,lr5e-05_bs32_modL1_fusion64_fusionL1_drop0p2_trmiss50_trlocradio,32,5e-05,1,64,1,0.2,lr5e-05_bs32_modL1_fusion64_fusionL1_drop0p2_trmiss50_trlocradio,38,0.4371891071399053,0.6810324490070343,0.6134453781512605,0.6882260015061704,0.6444444444444445,0.0,0.0,0.0,0.0,0.0,0.0,0.0,0.0,0.0,2002,radio,0.5
5,2,lr5e-05_bs32_modL1_fusion64_fusionL1_drop0p2_trmiss50_trlocradio,32,5e-05,1,64,1,0.2,lr5e-05_bs32_modL1_fusion64_fusionL1_drop0p2_trmiss50_trlocradio,39,0.44704297184944153,0.6813503801822662,0.615546218487395,0.69087396318351,0.6444444444444445,0.0,0.0,0.0,0.0,0.0,0.0,0.0,0.0,0.0,2002,radio,0.5
5,2,lr5e-05_bs32_modL1_fusion64_fusionL1_drop0p2_trmiss50_trlocradio,32,5e-05,1,64,1,0.2,lr5e-05_bs32_modL1_fusion64_fusionL1_drop0p2_trmiss50_trlocradio,40,0.44960131247838336,0.6815539598464966,0.6176470588235294,0.6910255372004429,0.6444444444444445,0.0,0.0,0.0,0.0,0.0,0.0,0.0,0.0,0.0,2002,radio,0.5
5,2,lr5e-05_bs32_modL1_fusion64_fusionL1_drop0p2_trmiss50_trlocradio,32,5e-05,1,64,1,0.2,lr5e-05_bs32_modL1_fusion64_fusionL1_drop0p2_trmiss50_trlocradio,41,0.44816691676775616,0.682127058506012,0.6176470588235294,0.6896389030013087,0.6444444444444445,0.0,0.0,0.0,0.0,0.0,0.0,0.0,0.0,0.0,2002,radio,0.5
5,2,lr5e-05_bs32_modL1_fusion64_fusionL1_drop0p2_trmiss50_trlocradio,32,5e-05,1,64,1,0.2,lr5e-05_bs32_modL1_fusion64_fusionL1_drop0p2_trmiss50_trlocradio,42,0.4438255826632182,0.6792067289352417,0.6176470588235294,0.690835965946492,0.6222222222222222,0.0,0.0,0.0,0.0,0.0,0.0,0.0,0.0,0.0,2002,radio,0.5
5,2,lr5e-05_bs32_modL1_fusion64_fusionL1_drop0p2_trmiss50_trlocradio,32,5e-05,1,64,1,0.2,lr5e-05_bs32_modL1_fusion64_fusionL1_drop0p2_trmiss50_trlocradio,43,0.4538321296374003,0.6818946599960327,0.6092436974789915,0.6860093411128183,0.6444444444444445,0.0,0.0,0.0,0.0,0.0,0.0,0.0,0.0,0.0,2002,radio,0.5
5,2,lr5e-05_bs32_modL1_fusion64_fusionL1_drop0p2_trmiss50_trlocradio,32,5e-05,1,64,1,0.2,lr5e-05_bs32_modL1_fusion64_fusionL1_drop0p2_trmiss50_trlocradio,44,0.4386909753084183,0.6818835437297821,0.6134453781512605,0.6891169318782923,0.6444444444444445,0.0,0.0,0.0,0.0,0.0,0.0,0.0,0.0,0.0,2002,radio,0.5
5,2,lr5e-05_bs32_modL1_fusion64_fusionL1_drop0p2_trmiss50_trlocradio,32,5e-05,1,64,1,0.2,lr5e-05_bs32_modL1_fusion64_fusionL1_drop0p2_trmiss50_trlocradio,45,0.43456315994262695,0.681383490562439,0.6071428571428571,0.6799936636685694,0.6444444444444445,0.0,0.0,0.0,0.0,0.0,0.0,0.0,0.0,0.0,2002,radio,0.5
5,2,lr5e-05_bs32_modL1_fusion64_fusionL1_drop0p2_trmiss50_trlocradio,32,5e-05,1,64,1,0.2,lr5e-05_bs32_modL1_fusion64_fusionL1_drop0p2_trmiss50_trlocradio,46,0.43815934161345166,0.6844291388988495,0.6071428571428571,0.6808209581491147,0.6444444444444445,0.0,0.0,0.0,0.0,0.0,0.0,0.0,0.0,0.0,2002,radio,0.5
5,2,lr5e-05_bs32_modL1_fusion64_fusionL1_drop0p2_trmiss50_trlocradio,32,5e-05,1,64,1,0.2,lr5e-05_bs32_modL1_fusion64_fusionL1_drop0p2_trmiss50_trlocradio,47,0.4364329973856608,0.6861193776130676,0.6029411764705882,0.6794264397501396,0.6222222222222222,0.0,0.0,0.0,0.0,0.0,0.0,0.0,0.0,0.0,2002,radio,0.5
5,2,lr5e-05_bs32_modL1_fusion64_fusionL1_drop0p2_trmiss50_trlocradio,32,5e-05,1,64,1,0.2,lr5e-05_bs32_modL1_fusion64_fusionL1_drop0p2_trmiss50_trlocradio,48,0.4499065726995468,0.6852426826953888,0.6008403361344538,0.6770857666387898,0.6222222222222222,0.0,0.0,0.0,0.0,0.0,0.0,0.0,0.0,0.0,2002,radio,0.5
5,2,lr5e-05_bs32_modL1_fusion64_fusionL1_drop0p2_trmiss50_trlocradio,32,5e-05,1,64,1,0.2,lr5e-05_bs32_modL1_fusion64_fusionL1_drop0p2_trmiss50_trlocradio,49,0.4414287606875102,0.6836517453193665,0.6029411764705882,0.677877817330034,0.6444444444444445,0.0,0.0,0.0,0.0,0.0,0.0,0.0,0.0,0.0,2002,radio,0.5
5,2,lr5e-05_bs32_modL1_fusion64_fusionL1_drop0p2_trmiss50_trlocradio,32,5e-05,1,64,1,0.2,lr5e-05_bs32_modL1_fusion64_fusionL1_drop0p2_trmiss50_trlocradio,50,0.4467441439628601,0.6827060580253601,0.6029411764705883,0.6777660387476333,0.6444444444444445,0.0,0.0,0.0,0.0,0.0,0.0,0.0,0.0,0.0,2002,radio,0.5
5,2,lr5e-05_bs32_modL1_fusion64_fusionL1_drop0p2_trmiss50_trlocradio,32,5e-05,1,64,1,0.2,lr5e-05_bs32_modL1_fusion64_fusionL1_drop0p2_trmiss50_trlocradio,51,0.44142594933509827,0.6814687550067902,0.6113445378151261,0.6820807621086137,0.6444444444444445,0.0,0.0,0.0,0.0,0.0,0.0,0.0,0.0,0.0,2002,radio,0.5
5,2,lr5e-05_bs32_modL1_fusion64_fusionL1_drop0p2_trmiss50_trlocradio,32,5e-05,1,64,1,0.2,lr5e-05_bs32_modL1_fusion64_fusionL1_drop0p2_trmiss50_trlocradio,52,0.4529411047697067,0.6784307360649109,0.6176470588235294,0.6915786917152389,0.6222222222222222,0.0,0.0,0.0,0.0,0.0,0.0,0.0,0.0,0.0,2002,radio,0.5
5,2,lr5e-05_bs32_modL1_fusion64_fusionL1_drop0p2_trmiss50_trlocradio,32,5e-05,1,64,1,0.2,lr5e-05_bs32_modL1_fusion64_fusionL1_drop0p2_trmiss50_trlocradio,53,0.4444306095441182,0.6801688969135284,0.6197478991596639,0.6922137252450092,0.6444444444444445,0.0,0.0,0.0,0.0,0.0,0.0,0.0,0.0,0.0,2002,radio,0.5
5,2,lr5e-05_bs32_modL1_fusion64_fusionL1_drop0p2_trmiss50_trlocradio,32,5e-05,1,64,1,0.2,lr5e-05_bs32_modL1_fusion64_fusionL1_drop0p2_trmiss50_trlocradio,54,0.4286518394947052,0.6790494024753571,0.6218487394957983,0.6930057759362535,0.6444444444444445,0.0,0.0,0.0,0.0,0.0,0.0,0.0,0.0,0.0,2002,radio,0.5
5,2,lr5e-05_bs32_modL1_fusion64_fusionL1_drop0p2_trmiss50_trlocradio,32,5e-05,1,64,1,0.2,lr5e-05_bs32_modL1_fusion64_fusionL1_drop0p2_trmiss50_trlocradio,55,0.4392266273498535,0.6839852631092072,0.615546218487395,0.6838066574629414,0.6444444444444445,0.0,0.0,0.0,0.0,0.0,0.0,0.0,0.0,0.0,2002,radio,0.5
5,2,lr5e-05_bs32_modL1_fusion64_fusionL1_drop0p2_trmiss50_trlocradio,32,5e-05,1,64,1,0.2,lr5e-05_bs32_modL1_fusion64_fusionL1_drop0p2_trmiss50_trlocradio,56,0.4343867103258769,0.6834783852100372,0.6134453781512605,0.6833309103839335,0.6444444444444445,0.0,0.0,0.0,0.0,0.0,0.0,0.0,0.0,0.0,2002,radio,0.5
5,2,lr5e-05_bs32_modL1_fusion64_fusionL1_drop0p2_trmiss50_trlocradio,32,5e-05,1,64,1,0.2,lr5e-05_bs32_modL1_fusion64_fusionL1_drop0p2_trmiss50_trlocradio,57,0.4466162770986557,0.6802595257759094,0.6197478991596639,0.6871483569577165,0.6444444444444445,0.0,0.0,0.0,0.0,0.0,0.0,0.0,0.0,0.0,2002,radio,0.5
5,2,lr5e-05_bs32_modL1_fusion64_fusionL1_drop0p2_trmiss50_trlocradio,32,5e-05,1,64,1,0.2,lr5e-05_bs32_modL1_fusion64_fusionL1_drop0p2_trmiss50_trlocradio,58,0.448057363430659,0.6792494654655457,0.6218487394957983,0.6925054998148593,0.6444444444444445,0.0,0.0,0.0,0.0,0.0,0.0,0.0,0.0,0.0,2002,radio,0.5
5,2,lr5e-05_bs32_modL1_fusion64_fusionL1_drop0p2_trmiss50_trlocradio,32,5e-05,1,64,1,0.2,lr5e-05_bs32_modL1_fusion64_fusionL1_drop0p2_trmiss50_trlocradio,59,0.42980313797791797,0.6801503598690033,0.615546218487395,0.6893746443016894,0.6444444444444445,0.0,0.0,0.0,0.0,0.0,0.0,0.0,0.0,0.0,2002,radio,0.5
5,2,lr5e-05_bs32_modL1_fusion64_fusionL1_drop0p2_trmiss50_trlocradio,32,5e-05,1,64,1,0.2,lr5e-05_bs32_modL1_fusion64_fusionL1_drop0p2_trmiss50_trlocradio,60,0.45673978328704834,0.6806153953075409,0.6218487394957983,0.6911017419901688,0.6444444444444445,0.0,0.0,0.0,0.0,0.0,0.0,0.0,0.0,0.0,2002,radio,0.5
5,2,lr5e-05_bs32_modL1_fusion64_fusionL1_drop0p2_trmiss50_trlocradio,32,5e-05,1,64,1,0.2,lr5e-05_bs32_modL1_fusion64_fusionL1_drop0p2_trmiss50_trlocradio,61,0.42909514904022217,0.6782311499118805,0.615546218487395,0.6886311130457358,0.6444444444444445,0.0,0.0,0.0,0.0,0.0,0.0,0.0,0.0,0.0,2002,radio,0.5
5,2,lr5e-05_bs32_modL1_fusion64_fusionL1_drop0p2_trmiss50_trlocradio,32,5e-05,1,64,1,0.2,lr5e-05_bs32_modL1_fusion64_fusionL1_drop0p2_trmiss50_trlocradio,62,0.44386286040147144,0.6795188784599304,0.615546218487395,0.6862899560993155,0.6444444444444445,0.0,0.0,0.0,0.0,0.0,0.0,0.0,0.0,0.0,2002,radio,0.5
5,2,lr5e-05_bs32_modL1_fusion64_fusionL1_drop0p2_trmiss50_trlocradio,32,5e-05,1,64,1,0.2,lr5e-05_bs32_modL1_fusion64_fusionL1_drop0p2_trmiss50_trlocradio,63,0.46005359292030334,0.6830942928791046,0.6092436974789917,0.6838155964820989,0.6444444444444445,0.0,0.0,0.0,0.0,0.0,0.0,0.0,0.0,0.0,2002,radio,0.5
5,2,lr5e-05_bs32_modL1_fusion64_fusionL1_drop0p2_trmiss50_trlocradio,32,5e-05,1,64,1,0.2,lr5e-05_bs32_modL1_fusion64_fusionL1_drop0p2_trmiss50_trlocradio,64,0.42082782586415607,0.679686039686203,0.6134453781512605,0.6878631751095093,0.6444444444444445,0.0,0.0,0.0,0.0,0.0,0.0,0.0,0.0,0.0,2002,radio,0.5
5,2,lr5e-05_bs32_modL1_fusion64_fusionL1_drop0p2_trmiss50_trlocradio,32,5e-05,1,64,1,0.2,lr5e-05_bs32_modL1_fusion64_fusionL1_drop0p2_trmiss50_trlocradio,65,0.43215312063694,0.6798414885997772,0.6197478991596639,0.6923707424064831,0.6444444444444445,0.0,0.0,0.0,0.0,0.0,0.0,0.0,0.0,0.0,2002,radio,0.5
5,2,lr5e-05_bs32_modL1_fusion64_fusionL1_drop0p2_trmiss50_trlocradio,32,5e-05,1,64,1,0.2,lr5e-05_bs32_modL1_fusion64_fusionL1_drop0p2_trmiss50_trlocradio,66,0.4566828707853953,0.6817675232887268,0.6092436974789917,0.6841548736070903,0.6444444444444445,0.0,0.0,0.0,0.0,0.0,0.0,0.0,0.0,0.0,2002,radio,0.5
5,2,lr5e-05_bs32_modL1_fusion64_fusionL1_drop0p2_trmiss50_trlocradio,32,5e-05,1,64,1,0.2,lr5e-05_bs32_modL1_fusion64_fusionL1_drop0p2_trmiss50_trlocradio,67,0.4316905935605367,0.6818614602088928,0.615546218487395,0.6838863679254654,0.6444444444444445,0.0,0.0,0.0,0.0,0.0,0.0,0.0,0.0,0.0,2002,radio,0.5
5,2,lr5e-05_bs32_modL1_fusion64_fusionL1_drop0p2_trmiss50_trlocradio,32,5e-05,1,64,1,0.2,lr5e-05_bs32_modL1_fusion64_fusionL1_drop0p2_trmiss50_trlocradio,68,0.44368453820546466,0.681163877248764,0.615546218487395,0.687657417429183,0.6444444444444445,0.0,0.0,0.0,0.0,0.0,0.0,0.0,0.0,0.0,2002,radio,0.5
5,2,lr5e-05_bs32_modL1_fusion64_fusionL1_drop0p2_trmiss50_trlocradio,32,5e-05,1,64,1,0.2,lr5e-05_bs32_modL1_fusion64_fusionL1_drop0p2_trmiss50_trlocradio,69,0.4434207926193873,0.6800415515899658,0.615546218487395,0.6857852087458288,0.6444444444444445,0.0,0.0,0.0,0.0,0.0,0.0,0.0,0.0,0.0,2002,radio,0.5
5,2,lr5e-05_bs32_modL1_fusion64_fusionL1_drop0p2_trmiss50_trlocradio,32,5e-05,1,64,1,0.2,lr5e-05_bs32_modL1_fusion64_fusionL1_drop0p2_trmiss50_trlocradio,70,0.43165509899457294,0.6833648681640625,0.6134453781512605,0.6859572283842734,0.6444444444444445,0.0,0.0,0.0,0.0,0.0,0.0,0.0,0.0,0.0,2002,radio,0.5
5,2,lr5e-05_bs32_modL1_fusion64_fusionL1_drop0p2_trmiss50_trlocradio,32,5e-05,1,64,1,0.2,lr5e-05_bs32_modL1_fusion64_fusionL1_drop0p2_trmiss50_trlocradio,71,0.4323951303958893,0.6818705797195435,0.6134453781512605,0.6881747572322371,0.6444444444444445,0.0,0.0,0.0,0.0,0.0,0.0,0.0,0.0,0.0,2002,radio,0.5
5,2,lr5e-05_bs32_modL1_fusion64_fusionL1_drop0p2_trmiss50_trlocradio,32,5e-05,1,64,1,0.2,lr5e-05_bs32_modL1_fusion64_fusionL1_drop0p2_trmiss50_trlocradio,72,0.425471231341362,0.6815139055252075,0.6113445378151261,0.6875722895245062,0.6444444444444445,0.0,0.0,0.0,0.0,0.0,0.0,0.0,0.0,0.0,2002,radio,0.5
5,2,lr5e-05_bs32_modL1_fusion64_fusionL1_drop0p2_trmiss50_trlocradio,32,5e-05,1,64,1,0.2,lr5e-05_bs32_modL1_fusion64_fusionL1_drop0p2_trmiss50_trlocradio,73,0.4298294335603714,0.6813878417015076,0.611344537815126,0.6871310640832807,0.6444444444444445,0.0,0.0,0.0,0.0,0.0,0.0,0.0,0.0,0.0,2002,radio,0.5
5,2,lr5e-05_bs32_modL1_fusion64_fusionL1_drop0p2_trmiss50_trlocradio,32,5e-05,1,64,1,0.2,lr5e-05_bs32_modL1_fusion64_fusionL1_drop0p2_trmiss50_trlocradio,74,0.424441655476888,0.6793304979801178,0.6218487394957983,0.6902095803577004,0.6444444444444445,0.0,0.0,0.0,0.0,0.0,0.0,0.0,0.0,0.0,2002,radio,0.5
5,2,lr5e-05_bs32_modL1_fusion64_fusionL1_drop0p1_trmiss50_trlocradio,32,5e-05,1,64,1,0.1,lr5e-05_bs32_modL1_fusion64_fusionL1_drop0p1_trmiss50_trlocradio,1,0.7033427258332571,0.713475227355957,0.28361344537815125,0.5105450776749987,0.3333333333333333,0.0,0.0,0.0,0.0,0.0,0.0,0.0,0.0,0.0,2002,radio,0.5
5,2,lr5e-05_bs32_modL1_fusion64_fusionL1_drop0p1_trmiss50_trlocradio,32,5e-05,1,64,1,0.1,lr5e-05_bs32_modL1_fusion64_fusionL1_drop0p1_trmiss50_trlocradio,2,0.6693037648995718,0.7197090983390808,0.3025210084033613,0.5101826953539192,0.3111111111111111,0.0,0.0,0.0,0.0,0.0,0.0,0.0,0.0,0.0,2002,radio,0.5
5,2,lr5e-05_bs32_modL1_fusion64_fusionL1_drop0p1_trmiss50_trlocradio,32,5e-05,1,64,1,0.1,lr5e-05_bs32_modL1_fusion64_fusionL1_drop0p1_trmiss50_trlocradio,3,0.6552826762199402,0.725888729095459,0.2920168067226891,0.5044450789248992,0.3333333333333333,0.0,0.0,0.0,0.0,0.0,0.0,0.0,0.0,0.0,2002,radio,0.5
5,2,lr5e-05_bs32_modL1_fusion64_fusionL1_drop0p1_trmiss50_trlocradio,32,5e-05,1,64,1,0.1,lr5e-05_bs32_modL1_fusion64_fusionL1_drop0p1_trmiss50_trlocradio,4,0.6297865609327952,0.7287775576114655,0.3025210084033614,0.509517100143551,0.37777777777777777,0.0,0.0,0.0,0.0,0.0,0.0,0.0,0.0,0.0,2002,radio,0.5
5,2,lr5e-05_bs32_modL1_fusion64_fusionL1_drop0p1_trmiss50_trlocradio,32,5e-05,1,64,1,0.1,lr5e-05_bs32_modL1_fusion64_fusionL1_drop0p1_trmiss50_trlocradio,5,0.6020510296026865,0.7306938767433167,0.3067226890756303,0.5114483423187455,0.4,0.0,0.0,0.0,0.0,0.0,0.0,0.0,0.0,0.0,2002,radio,0.5
5,2,lr5e-05_bs32_modL1_fusion64_fusionL1_drop0p1_trmiss50_trlocradio,32,5e-05,1,64,1,0.1,lr5e-05_bs32_modL1_fusion64_fusionL1_drop0p1_trmiss50_trlocradio,6,0.5763099094231924,0.7289054691791534,0.3172268907563025,0.5244013369026114,0.4,0.0,0.0,0.0,0.0,0.0,0.0,0.0,0.0,0.0,2002,radio,0.5
5,2,lr5e-05_bs32_modL1_fusion64_fusionL1_drop0p1_trmiss50_trlocradio,32,5e-05,1,64,1,0.1,lr5e-05_bs32_modL1_fusion64_fusionL1_drop0p1_trmiss50_trlocradio,7,0.5733236372470856,0.727533757686615,0.3382352941176471,0.5301691372138414,0.4666666666666667,0.0,0.0,0.0,0.0,0.0,0.0,0.0,0.0,0.0,2002,radio,0.5
5,2,lr5e-05_bs32_modL1_fusion64_fusionL1_drop0p1_trmiss50_trlocradio,32,5e-05,1,64,1,0.1,lr5e-05_bs32_modL1_fusion64_fusionL1_drop0p1_trmiss50_trlocradio,8,0.558256467183431,0.7254788279533386,0.36554621848739494,0.5382402422636253,0.4888888888888889,0.0,0.0,0.0,0.0,0.0,0.0,0.0,0.0,0.0,2002,radio,0.5
5,2,lr5e-05_bs32_modL1_fusion64_fusionL1_drop0p1_trmiss50_trlocradio,32,5e-05,1,64,1,0.1,lr5e-05_bs32_modL1_fusion64_fusionL1_drop0p1_trmiss50_trlocradio,9,0.5643455684185028,0.7264142632484436,0.36134453781512604,0.536603112120634,0.4888888888888889,0.0,0.0,0.0,0.0,0.0,0.0,0.0,0.0,0.0,2002,radio,0.5
5,2,lr5e-05_bs32_modL1_fusion64_fusionL1_drop0p1_trmiss50_trlocradio,32,5e-05,1,64,1,0.1,lr5e-05_bs32_modL1_fusion64_fusionL1_drop0p1_trmiss50_trlocradio,10,0.550941268603007,0.7283147871494293,0.3676470588235294,0.5416650839517406,0.4888888888888889,0.0,0.0,0.0,0.0,0.0,0.0,0.0,0.0,0.0,2002,radio,0.5
5,2,lr5e-05_bs32_modL1_fusion64_fusionL1_drop0p1_trmiss50_trlocradio,32,5e-05,1,64,1,0.1,lr5e-05_bs32_modL1_fusion64_fusionL1_drop0p1_trmiss50_trlocradio,11,0.5522570808728536,0.727990448474884,0.3697478991596639,0.5432582162922427,0.4666666666666667,0.0,0.0,0.0,0.0,0.0,0.0,0.0,0.0,0.0,2002,radio,0.5
5,2,lr5e-05_bs32_modL1_fusion64_fusionL1_drop0p1_trmiss50_trlocradio,32,5e-05,1,64,1,0.1,lr5e-05_bs32_modL1_fusion64_fusionL1_drop0p1_trmiss50_trlocradio,12,0.5406878143548965,0.7278771698474884,0.3760504201680672,0.5456377729223317,0.4666666666666667,0.0,0.0,0.0,0.0,0.0,0.0,0.0,0.0,0.0,2002,radio,0.5
5,2,lr5e-05_bs32_modL1_fusion64_fusionL1_drop0p1_trmiss50_trlocradio,32,5e-05,1,64,1,0.1,lr5e-05_bs32_modL1_fusion64_fusionL1_drop0p1_trmiss50_trlocradio,13,0.5342680811882019,0.728008359670639,0.38865546218487396,0.5534517065028054,0.4444444444444444,0.0,0.0,0.0,0.0,0.0,0.0,0.0,0.0,0.0,2002,radio,0.5
5,2,lr5e-05_bs32_modL1_fusion64_fusionL1_drop0p1_trmiss50_trlocradio,32,5e-05,1,64,1,0.1,lr5e-05_bs32_modL1_fusion64_fusionL1_drop0p1_trmiss50_trlocradio,14,0.5181859731674194,0.7279868125915527,0.3865546218487395,0.5512829223224666,0.4666666666666667,0.0,0.0,0.0,0.0,0.0,0.0,0.0,0.0,0.0,2002,radio,0.5
5,2,lr5e-05_bs32_modL1_fusion64_fusionL1_drop0p1_trmiss50_trlocradio,32,5e-05,1,64,1,0.1,lr5e-05_bs32_modL1_fusion64_fusionL1_drop0p1_trmiss50_trlocradio,15,0.5182123382886251,0.7275629937648773,0.38865546218487396,0.5512984055415094,0.4666666666666667,0.0,0.0,0.0,0.0,0.0,0.0,0.0,0.0,0.0,2002,radio,0.5
5,2,lr5e-05_bs32_modL1_fusion64_fusionL1_drop0p1_trmiss50_trlocradio,32,5e-05,1,64,1,0.1,lr5e-05_bs32_modL1_fusion64_fusionL1_drop0p1_trmiss50_trlocradio,16,0.5188317547241846,0.7284859418869019,0.3949579831932773,0.5569071542450161,0.4666666666666667,0.0,0.0,0.0,0.0,0.0,0.0,0.0,0.0,0.0,2002,radio,0.5
5,2,lr5e-05_bs32_modL1_fusion64_fusionL1_drop0p1_trmiss50_trlocradio,32,5e-05,1,64,1,0.1,lr5e-05_bs32_modL1_fusion64_fusionL1_drop0p1_trmiss50_trlocradio,17,0.5183886686960856,0.7276785373687744,0.4012605042016807,0.5602438307959785,0.4666666666666667,0.0,0.0,0.0,0.0,0.0,0.0,0.0,0.0,0.0,2002,radio,0.5
5,2,lr5e-05_bs32_modL1_fusion64_fusionL1_drop0p1_trmiss50_trlocradio,32,5e-05,1,64,1,0.1,lr5e-05_bs32_modL1_fusion64_fusionL1_drop0p1_trmiss50_trlocradio,18,0.5173605779806772,0.7288716733455658,0.4012605042016807,0.5603574737667643,0.4666666666666667,0.0,0.0,0.0,0.0,0.0,0.0,0.0,0.0,0.0,2002,radio,0.5
5,2,lr5e-05_bs32_modL1_fusion64_fusionL1_drop0p1_trmiss50_trlocradio,32,5e-05,1,64,1,0.1,lr5e-05_bs32_modL1_fusion64_fusionL1_drop0p1_trmiss50_trlocradio,19,0.5119304955005646,0.7291963696479797,0.39285714285714285,0.5556634849065888,0.4666666666666667,0.0,0.0,0.0,0.0,0.0,0.0,0.0,0.0,0.0,2002,radio,0.5
5,2,lr5e-05_bs32_modL1_fusion64_fusionL1_drop0p1_trmiss50_trlocradio,32,5e-05,1,64,1,0.1,lr5e-05_bs32_modL1_fusion64_fusionL1_drop0p1_trmiss50_trlocradio,20,0.5231756865978241,0.7309587299823761,0.39285714285714285,0.5543634017012636,0.4666666666666667,0.0,0.0,0.0,0.0,0.0,0.0,0.0,0.0,0.0,2002,radio,0.5
5,2,lr5e-05_bs32_modL1_fusion64_fusionL1_drop0p1_trmiss50_trlocradio,32,5e-05,1,64,1,0.1,lr5e-05_bs32_modL1_fusion64_fusionL1_drop0p1_trmiss50_trlocradio,21,0.49809326728185016,0.7262674868106842,0.40336134453781514,0.5619292019141227,0.4666666666666667,0.0,0.0,0.0,0.0,0.0,0.0,0.0,0.0,0.0,2002,radio,0.5
5,2,lr5e-05_bs32_modL1_fusion64_fusionL1_drop0p1_trmiss50_trlocradio,32,5e-05,1,64,1,0.1,lr5e-05_bs32_modL1_fusion64_fusionL1_drop0p1_trmiss50_trlocradio,22,0.5117788016796112,0.7270805835723877,0.39495798319327735,0.5576702800081419,0.4666666666666667,0.0,0.0,0.0,0.0,0.0,0.0,0.0,0.0,0.0,2002,radio,0.5
5,2,lr5e-05_bs32_modL1_fusion64_fusionL1_drop0p1_trmiss50_trlocradio,32,5e-05,1,64,1,0.1,lr5e-05_bs32_modL1_fusion64_fusionL1_drop0p1_trmiss50_trlocradio,23,0.5150481363137563,0.7240918278694153,0.3949579831932773,0.5569071542450161,0.4888888888888889,0.0,0.0,0.0,0.0,0.0,0.0,0.0,0.0,0.0,2002,radio,0.5
5,2,lr5e-05_bs32_modL1_fusion64_fusionL1_drop0p1_trmiss50_trlocradio,32,5e-05,1,64,1,0.1,lr5e-05_bs32_modL1_fusion64_fusionL1_drop0p1_trmiss50_trlocradio,24,0.5047638068596522,0.727256566286087,0.3970588235294118,0.5547863447712654,0.4888888888888889,0.0,0.0,0.0,0.0,0.0,0.0,0.0,0.0,0.0,2002,radio,0.5
5,2,lr5e-05_bs32_modL1_fusion64_fusionL1_drop0p1_trmiss50_trlocradio,32,5e-05,1,64,1,0.1,lr5e-05_bs32_modL1_fusion64_fusionL1_drop0p1_trmiss50_trlocradio,25,0.49911777675151825,0.7287375330924988,0.3970588235294118,0.5551793628842779,0.4888888888888889,0.0,0.0,0.0,0.0,0.0,0.0,0.0,0.0,0.0,2002,radio,0.5
5,2,lr5e-05_bs32_modL1_fusion64_fusionL1_drop0p1_trmiss50_trlocradio,32,5e-05,1,64,1,0.1,lr5e-05_bs32_modL1_fusion64_fusionL1_drop0p1_trmiss50_trlocradio,26,0.5028615295886993,0.7292220592498779,0.38865546218487396,0.5494747479912508,0.4666666666666667,0.0,0.0,0.0,0.0,0.0,0.0,0.0,0.0,0.0,2002,radio,0.5
5,2,lr5e-05_bs32_modL1_fusion64_fusionL1_drop0p1_trmiss50_trlocradio,32,5e-05,1,64,1,0.1,lr5e-05_bs32_modL1_fusion64_fusionL1_drop0p1_trmiss50_trlocradio,27,0.49732569853464764,0.7267027795314789,0.39915966386554624,0.5560510679344849,0.4888888888888889,0.0,0.0,0.0,0.0,0.0,0.0,0.0,0.0,0.0,2002,radio,0.5
5,2,lr5e-05_bs32_modL1_fusion64_fusionL1_drop0p1_trmiss50_trlocradio,32,5e-05,1,64,1,0.1,lr5e-05_bs32_modL1_fusion64_fusionL1_drop0p1_trmiss50_trlocradio,28,0.49433355033397675,0.7286084592342377,0.39285714285714285,0.5507302643993955,0.4888888888888889,0.0,0.0,0.0,0.0,0.0,0.0,0.0,0.0,0.0,2002,radio,0.5
5,2,lr5e-05_bs32_modL1_fusion64_fusionL1_drop0p1_trmiss50_trlocradio,32,5e-05,1,64,1,0.1,lr5e-05_bs32_modL1_fusion64_fusionL1_drop0p1_trmiss50_trlocradio,29,0.4980171322822571,0.729369193315506,0.3928571428571429,0.5514413854620899,0.4888888888888889,0.0,0.0,0.0,0.0,0.0,0.0,0.0,0.0,0.0,2002,radio,0.5
5,2,lr5e-05_bs32_modL1_fusion64_fusionL1_drop0p1_trmiss50_trlocradio,32,5e-05,1,64,1,0.1,lr5e-05_bs32_modL1_fusion64_fusionL1_drop0p1_trmiss50_trlocradio,30,0.5008440415064493,0.7250739336013794,0.39705882352941174,0.5568863704736384,0.5111111111111111,0.0,0.0,0.0,0.0,0.0,0.0,0.0,0.0,0.0,2002,radio,0.5
5,2,lr5e-05_bs32_modL1_fusion64_fusionL1_drop0p1_trmiss50_trlocradio,32,5e-05,1,64,1,0.1,lr5e-05_bs32_modL1_fusion64_fusionL1_drop0p1_trmiss50_trlocradio,31,0.5055732677380244,0.7272213399410248,0.3949579831932773,0.5549022434895114,0.4666666666666667,0.0,0.0,0.0,0.0,0.0,0.0,0.0,0.0,0.0,2002,radio,0.5
5,2,lr5e-05_bs32_modL1_fusion64_fusionL1_drop0p1_trmiss50_trlocradio,32,5e-05,1,64,1,0.1,lr5e-05_bs32_modL1_fusion64_fusionL1_drop0p1_trmiss50_trlocradio,32,0.49138323962688446,0.7283821702003479,0.39285714285714285,0.55331494190221,0.4666666666666667,0.0,0.0,0.0,0.0,0.0,0.0,0.0,0.0,0.0,2002,radio,0.5
5,2,lr5e-05_bs32_modL1_fusion64_fusionL1_drop0p1_trmiss50_trlocradio,32,5e-05,1,64,1,0.1,lr5e-05_bs32_modL1_fusion64_fusionL1_drop0p1_trmiss50_trlocradio,33,0.4933261921008428,0.7292585670948029,0.3970588235294118,0.555237067120484,0.4888888888888889,0.0,0.0,0.0,0.0,0.0,0.0,0.0,0.0,0.0,2002,radio,0.5
5,2,lr5e-05_bs32_modL1_fusion64_fusionL1_drop0p1_trmiss50_trlocradio,32,5e-05,1,64,1,0.1,lr5e-05_bs32_modL1_fusion64_fusionL1_drop0p1_trmiss50_trlocradio,34,0.500248447060585,0.727768748998642,0.39915966386554624,0.5562813444805509,0.4666666666666667,0.0,0.0,0.0,0.0,0.0,0.0,0.0,0.0,0.0,2002,radio,0.5
5,2,lr5e-05_bs32_modL1_fusion64_fusionL1_drop0p1_trmiss50_trlocradio,32,5e-05,1,64,1,0.1,lr5e-05_bs32_modL1_fusion64_fusionL1_drop0p1_trmiss50_trlocradio,35,0.49666964014371234,0.7265151739120483,0.4012605042016807,0.5616216335117962,0.4666666666666667,0.0,0.0,0.0,0.0,0.0,0.0,0.0,0.0,0.0,2002,radio,0.5
5,2,lr5e-05_bs32_modL1_fusion64_fusionL1_drop0p1_trmiss50_trlocradio,32,5e-05,1,64,1,0.1,lr5e-05_bs32_modL1_fusion64_fusionL1_drop0p1_trmiss50_trlocradio,36,0.49652762711048126,0.7275384962558746,0.4012605042016807,0.5563867285145064,0.4888888888888889,0.0,0.0,0.0,0.0,0.0,0.0,0.0,0.0,0.0,2002,radio,0.5
5,2,lr5e-05_bs32_modL1_fusion64_fusionL1_drop0p1_trmiss50_trlocradio,32,5e-05,1,64,1,0.1,lr5e-05_bs32_modL1_fusion64_fusionL1_drop0p1_trmiss50_trlocradio,37,0.5072621057430903,0.7259417772293091,0.3970588235294118,0.5557805886226522,0.4666666666666667,0.0,0.0,0.0,0.0,0.0,0.0,0.0,0.0,0.0,2002,radio,0.5
5,2,lr5e-05_bs32_modL1_fusion64_fusionL1_drop0p1_trmiss50_trlocradio,32,5e-05,1,64,1,0.1,lr5e-05_bs32_modL1_fusion64_fusionL1_drop0p1_trmiss50_trlocradio,38,0.5090469916661581,0.7273885607719421,0.39495798319327735,0.5571172636435378,0.4888888888888889,0.0,0.0,0.0,0.0,0.0,0.0,0.0,0.0,0.0,2002,radio,0.5
5,2,lr5e-05_bs32_modL1_fusion64_fusionL1_drop0p1_trmiss50_trlocradio,32,5e-05,1,64,1,0.1,lr5e-05_bs32_modL1_fusion64_fusionL1_drop0p1_trmiss50_trlocradio,39,0.4992234756549199,0.7270663678646088,0.3928571428571429,0.5539060686533741,0.4666666666666667,0.0,0.0,0.0,0.0,0.0,0.0,0.0,0.0,0.0,2002,radio,0.5
5,2,lr5e-05_bs32_modL1_fusion64_fusionL1_drop0p1_trmiss50_trlocradio,32,5e-05,1,64,1,0.1,lr5e-05_bs32_modL1_fusion64_fusionL1_drop0p1_trmiss50_trlocradio,40,0.5179306864738464,0.7283569574356079,0.3970588235294118,0.5555254865818359,0.4666666666666667,0.0,0.0,0.0,0.0,0.0,0.0,0.0,0.0,0.0,2002,radio,0.5
5,2,lr5e-05_bs32_modL1_fusion64_fusionL1_drop0p1_trmiss50_trlocradio,32,5e-05,1,64,1,0.1,lr5e-05_bs32_modL1_fusion64_fusionL1_drop0p1_trmiss50_trlocradio,41,0.4919702261686325,0.7270027101039886,0.3928571428571429,0.5539060686533741,0.4666666666666667,0.0,0.0,0.0,0.0,0.0,0.0,0.0,0.0,0.0,2002,radio,0.5
5,2,lr1e-04_bs32_modL1_fusion32_fusionL1_drop0p2_trmiss50_trlocradio,32,0.0001,1,32,1,0.2,lr1e-04_bs32_modL1_fusion32_fusionL1_drop0p2_trmiss50_trlocradio,1,0.787772407134374,0.7117280662059784,0.5189075630252101,0.641824372762413,0.37777777777777777,0.0,0.0,0.0,0.0,0.0,0.0,0.0,0.0,0.0,2002,radio,0.5
5,2,lr1e-04_bs32_modL1_fusion32_fusionL1_drop0p2_trmiss50_trlocradio,32,0.0001,1,32,1,0.2,lr1e-04_bs32_modL1_fusion32_fusionL1_drop0p2_trmiss50_trlocradio,2,0.7497774163881937,0.7187415957450867,0.5336134453781513,0.658064137872707,0.4,0.0,0.0,0.0,0.0,0.0,0.0,0.0,0.0,0.0,2002,radio,0.5
5,2,lr1e-04_bs32_modL1_fusion32_fusionL1_drop0p2_trmiss50_trlocradio,32,0.0001,1,32,1,0.2,lr1e-04_bs32_modL1_fusion32_fusionL1_drop0p2_trmiss50_trlocradio,3,0.7212771972020467,0.7266753315925598,0.5483193277310925,0.6789616899823371,0.4222222222222222,0.0,0.0,0.0,0.0,0.0,0.0,0.0,0.0,0.0,2002,radio,0.5
5,2,lr1e-04_bs32_modL1_fusion32_fusionL1_drop0p2_trmiss50_trlocradio,32,0.0001,1,32,1,0.2,lr1e-04_bs32_modL1_fusion32_fusionL1_drop0p2_trmiss50_trlocradio,4,0.6942174832026163,0.7292045652866364,0.5420168067226891,0.6794613561173187,0.4,0.0,0.0,0.0,0.0,0.0,0.0,0.0,0.0,0.0,2002,radio,0.5
5,2,lr1e-04_bs32_modL1_fusion32_fusionL1_drop0p2_trmiss50_trlocradio,32,0.0001,1,32,1,0.2,lr1e-04_bs32_modL1_fusion32_fusionL1_drop0p2_trmiss50_trlocradio,5,0.6589312454064687,0.7337726652622223,0.5504201680672269,0.6823455112575715,0.4222222222222222,0.0,0.0,0.0,0.0,0.0,0.0,0.0,0.0,0.0,2002,radio,0.5
5,2,lr1e-04_bs32_modL1_fusion32_fusionL1_drop0p2_trmiss50_trlocradio,32,0.0001,1,32,1,0.2,lr1e-04_bs32_modL1_fusion32_fusionL1_drop0p2_trmiss50_trlocradio,6,0.6596033275127411,0.7361055910587311,0.5273109243697479,0.6638389838777103,0.4,0.0,0.0,0.0,0.0,0.0,0.0,0.0,0.0,0.0,2002,radio,0.5
5,2,lr1e-04_bs32_modL1_fusion32_fusionL1_drop0p2_trmiss50_trlocradio,32,0.0001,1,32,1,0.2,lr1e-04_bs32_modL1_fusion32_fusionL1_drop0p2_trmiss50_trlocradio,7,0.6466373900572459,0.7302225530147552,0.5294117647058824,0.6614614392996501,0.37777777777777777,0.0,0.0,0.0,0.0,0.0,0.0,0.0,0.0,0.0,2002,radio,0.5
5,2,lr1e-04_bs32_modL1_fusion32_fusionL1_drop0p2_trmiss50_trlocradio,32,0.0001,1,32,1,0.2,lr1e-04_bs32_modL1_fusion32_fusionL1_drop0p2_trmiss50_trlocradio,8,0.6405301789442698,0.7266895174980164,0.5357142857142857,0.6614678836056632,0.37777777777777777,0.0,0.0,0.0,0.0,0.0,0.0,0.0,0.0,0.0,2002,radio,0.5
5,2,lr1e-04_bs32_modL1_fusion32_fusionL1_drop0p2_trmiss50_trlocradio,32,0.0001,1,32,1,0.2,lr1e-04_bs32_modL1_fusion32_fusionL1_drop0p2_trmiss50_trlocradio,9,0.646873414516449,0.7274081707000732,0.5315126050420168,0.659422389620963,0.35555555555555557,0.0,0.0,0.0,0.0,0.0,0.0,0.0,0.0,0.0,2002,radio,0.5
5,2,lr1e-04_bs32_modL1_fusion32_fusionL1_drop0p2_trmiss50_trlocradio,32,0.0001,1,32,1,0.2,lr1e-04_bs32_modL1_fusion32_fusionL1_drop0p2_trmiss50_trlocradio,10,0.6391865511735281,0.7277197539806366,0.5378151260504201,0.6467911005216935,0.37777777777777777,0.0,0.0,0.0,0.0,0.0,0.0,0.0,0.0,0.0,2002,radio,0.5
5,2,lr1e-04_bs32_modL1_fusion32_fusionL1_drop0p2_trmiss50_trlocradio,32,0.0001,1,32,1,0.2,lr1e-04_bs32_modL1_fusion32_fusionL1_drop0p2_trmiss50_trlocradio,11,0.6222574810187022,0.724138468503952,0.5441176470588235,0.6528226548233779,0.4,0.0,0.0,0.0,0.0,0.0,0.0,0.0,0.0,0.0,2002,radio,0.5
5,2,lr1e-04_bs32_modL1_fusion32_fusionL1_drop0p2_trmiss50_trlocradio,32,0.0001,1,32,1,0.2,lr1e-04_bs32_modL1_fusion32_fusionL1_drop0p2_trmiss50_trlocradio,12,0.6279614369074503,0.7214891314506531,0.5546218487394958,0.6551820612296185,0.4,0.0,0.0,0.0,0.0,0.0,0.0,0.0,0.0,0.0,2002,radio,0.5
5,2,lr1e-04_bs32_modL1_fusion32_fusionL1_drop0p2_trmiss50_trlocradio,32,0.0001,1,32,1,0.2,lr1e-04_bs32_modL1_fusion32_fusionL1_drop0p2_trmiss50_trlocradio,13,0.5985096196333567,0.7169561386108398,0.5651260504201681,0.6603596609563541,0.4,0.0,0.0,0.0,0.0,0.0,0.0,0.0,0.0,0.0,2002,radio,0.5
5,2,lr1e-04_bs32_modL1_fusion32_fusionL1_drop0p2_trmiss50_trlocradio,32,0.0001,1,32,1,0.2,lr1e-04_bs32_modL1_fusion32_fusionL1_drop0p2_trmiss50_trlocradio,14,0.6223135491212209,0.7204195559024811,0.5483193277310925,0.6586012357175954,0.4,0.0,0.0,0.0,0.0,0.0,0.0,0.0,0.0,0.0,2002,radio,0.5
5,2,lr1e-04_bs32_modL1_fusion32_fusionL1_drop0p2_trmiss50_trlocradio,32,0.0001,1,32,1,0.2,lr1e-04_bs32_modL1_fusion32_fusionL1_drop0p2_trmiss50_trlocradio,15,0.6233152250448862,0.7184392809867859,0.5378151260504201,0.6555191699763915,0.37777777777777777,0.0,0.0,0.0,0.0,0.0,0.0,0.0,0.0,0.0,2002,radio,0.5
5,2,lr1e-04_bs32_modL1_fusion32_fusionL1_drop0p2_trmiss50_trlocradio,32,0.0001,1,32,1,0.2,lr1e-04_bs32_modL1_fusion32_fusionL1_drop0p2_trmiss50_trlocradio,16,0.5923518141110738,0.7178608179092407,0.546218487394958,0.6597910424092147,0.4,0.0,0.0,0.0,0.0,0.0,0.0,0.0,0.0,0.0,2002,radio,0.5
5,2,lr1e-04_bs32_modL1_fusion32_fusionL1_drop0p2_trmiss50_trlocradio,32,0.0001,1,32,1,0.2,lr1e-04_bs32_modL1_fusion32_fusionL1_drop0p2_trmiss50_trlocradio,17,0.6013404130935669,0.7220834195613861,0.5378151260504203,0.6668061064993669,0.4,0.0,0.0,0.0,0.0,0.0,0.0,0.0,0.0,0.0,2002,radio,0.5
5,2,lr1e-04_bs32_modL1_fusion32_fusionL1_drop0p2_trmiss50_trlocradio,32,0.0001,1,32,1,0.2,lr1e-04_bs32_modL1_fusion32_fusionL1_drop0p2_trmiss50_trlocradio,18,0.6020181675752004,0.7222299873828888,0.5357142857142857,0.6623668232229672,0.4,0.0,0.0,0.0,0.0,0.0,0.0,0.0,0.0,0.0,2002,radio,0.5
5,2,lr1e-04_bs32_modL1_fusion32_fusionL1_drop0p2_trmiss50_trlocradio,32,0.0001,1,32,1,0.2,lr1e-04_bs32_modL1_fusion32_fusionL1_drop0p2_trmiss50_trlocradio,19,0.5773565669854482,0.7203858196735382,0.5567226890756303,0.6699132523314476,0.4,0.0,0.0,0.0,0.0,0.0,0.0,0.0,0.0,0.0,2002,radio,0.5
5,2,lr1e-04_bs32_modL1_fusion32_fusionL1_drop0p2_trmiss50_trlocradio,32,0.0001,1,32,1,0.2,lr1e-04_bs32_modL1_fusion32_fusionL1_drop0p2_trmiss50_trlocradio,20,0.6050095160802206,0.7194865047931671,0.5525210084033614,0.6692291092103296,0.4,0.0,0.0,0.0,0.0,0.0,0.0,0.0,0.0,0.0,2002,radio,0.5
5,2,lr1e-04_bs32_modL1_fusion32_fusionL1_drop0p2_trmiss50_trlocradio,32,0.0001,1,32,1,0.2,lr1e-04_bs32_modL1_fusion32_fusionL1_drop0p2_trmiss50_trlocradio,21,0.5880008339881897,0.7203016579151154,0.5609243697478992,0.6720604383021629,0.4,0.0,0.0,0.0,0.0,0.0,0.0,0.0,0.0,0.0,2002,radio,0.5
5,2,lr1e-04_bs32_modL1_fusion32_fusionL1_drop0p2_trmiss50_trlocradio,32,0.0001,1,32,1,0.2,lr1e-04_bs32_modL1_fusion32_fusionL1_drop0p2_trmiss50_trlocradio,22,0.6025639176368713,0.7220645546913147,0.5525210084033614,0.6678920592388259,0.4,0.0,0.0,0.0,0.0,0.0,0.0,0.0,0.0,0.0,2002,radio,0.5
5,2,lr1e-04_bs32_modL1_fusion32_fusionL1_drop0p2_trmiss50_trlocradio,32,0.0001,1,32,1,0.2,lr1e-04_bs32_modL1_fusion32_fusionL1_drop0p2_trmiss50_trlocradio,23,0.5798647701740265,0.7203466892242432,0.5546218487394958,0.6693283155595361,0.4,0.0,0.0,0.0,0.0,0.0,0.0,0.0,0.0,0.0,2002,radio,0.5
5,2,lr1e-04_bs32_modL1_fusion32_fusionL1_drop0p2_trmiss50_trlocradio,32,0.0001,1,32,1,0.2,lr1e-04_bs32_modL1_fusion32_fusionL1_drop0p2_trmiss50_trlocradio,24,0.6026431421438853,0.7227664291858673,0.5441176470588236,0.6650240938708605,0.4,0.0,0.0,0.0,0.0,0.0,0.0,0.0,0.0,0.0,2002,radio,0.5
5,2,lr1e-04_bs32_modL1_fusion32_fusionL1_drop0p2_trmiss50_trlocradio,32,0.0001,1,32,1,0.2,lr1e-04_bs32_modL1_fusion32_fusionL1_drop0p2_trmiss50_trlocradio,25,0.5816920051972071,0.7211022675037384,0.5609243697478992,0.6719369066207495,0.4,0.0,0.0,0.0,0.0,0.0,0.0,0.0,0.0,0.0,2002,radio,0.5
5,2,lr1e-04_bs32_modL1_fusion32_fusionL1_drop0p2_trmiss50_trlocradio,32,0.0001,1,32,1,0.2,lr1e-04_bs32_modL1_fusion32_fusionL1_drop0p2_trmiss50_trlocradio,26,0.5780341625213623,0.7205934822559357,0.5546218487394958,0.6692817676420811,0.4222222222222222,0.0,0.0,0.0,0.0,0.0,0.0,0.0,0.0,0.0,2002,radio,0.5
5,2,lr1e-04_bs32_modL1_fusion32_fusionL1_drop0p2_trmiss50_trlocradio,32,0.0001,1,32,1,0.2,lr1e-04_bs32_modL1_fusion32_fusionL1_drop0p2_trmiss50_trlocradio,27,0.5914947887261709,0.7199443280696869,0.5567226890756303,0.6707260376577796,0.4,0.0,0.0,0.0,0.0,0.0,0.0,0.0,0.0,0.0,2002,radio,0.5
5,2,lr1e-04_bs32_modL1_fusion32_fusionL1_drop0p2_trmiss50_trlocradio,32,0.0001,1,32,1,0.2,lr1e-04_bs32_modL1_fusion32_fusionL1_drop0p2_trmiss50_trlocradio,28,0.5794807374477386,0.7235316634178162,0.5630252100840336,0.6740222123123335,0.4,0.0,0.0,0.0,0.0,0.0,0.0,0.0,0.0,0.0,2002,radio,0.5
5,2,lr1e-04_bs32_modL1_fusion32_fusionL1_drop0p2_trmiss50_trlocradio,32,0.0001,1,32,1,0.2,lr1e-04_bs32_modL1_fusion32_fusionL1_drop0p2_trmiss50_trlocradio,29,0.5885846515496572,0.7245247066020966,0.5546218487394958,0.6696254965161758,0.4,0.0,0.0,0.0,0.0,0.0,0.0,0.0,0.0,0.0,2002,radio,0.5
5,2,lr1e-04_bs32_modL1_fusion32_fusionL1_drop0p2_trmiss50_trlocradio,32,0.0001,1,32,1,0.2,lr1e-04_bs32_modL1_fusion32_fusionL1_drop0p2_trmiss50_trlocradio,30,0.5939614574114481,0.7228139638900757,0.5609243697478992,0.6726609462365958,0.4,0.0,0.0,0.0,0.0,0.0,0.0,0.0,0.0,0.0,2002,radio,0.5
5,2,lr1e-04_bs32_modL1_fusion32_fusionL1_drop0p2_trmiss50_trlocradio,32,0.0001,1,32,1,0.2,lr1e-04_bs32_modL1_fusion32_fusionL1_drop0p2_trmiss50_trlocradio,31,0.5795285205046335,0.7237862646579742,0.5525210084033614,0.6691204460111253,0.4,0.0,0.0,0.0,0.0,0.0,0.0,0.0,0.0,0.0,2002,radio,0.5
5,2,lr1e-04_bs32_modL1_fusion32_fusionL1_drop0p2_trmiss50_trlocradio,32,0.0001,1,32,1,0.2,lr1e-04_bs32_modL1_fusion32_fusionL1_drop0p2_trmiss50_trlocradio,32,0.5755894581476847,0.7216118276119232,0.5588235294117647,0.6716568053824601,0.4222222222222222,0.0,0.0,0.0,0.0,0.0,0.0,0.0,0.0,0.0,2002,radio,0.5
5,2,lr1e-04_bs32_modL1_fusion32_fusionL1_drop0p2_trmiss50_trlocradio,32,0.0001,1,32,1,0.2,lr1e-04_bs32_modL1_fusion32_fusionL1_drop0p2_trmiss50_trlocradio,33,0.5742903749148051,0.7235327959060669,0.5588235294117647,0.6717318804575351,0.4,0.0,0.0,0.0,0.0,0.0,0.0,0.0,0.0,0.0,2002,radio,0.5
5,2,lr1e-04_bs32_modL1_fusion32_fusionL1_drop0p1_trmiss50_trlocradio,32,0.0001,1,32,1,0.1,lr1e-04_bs32_modL1_fusion32_fusionL1_drop0p1_trmiss50_trlocradio,1,0.7092319230238596,0.68565833568573,0.5819327731092437,0.7399550091628289,0.6222222222222222,0.0,0.0,0.0,0.0,0.0,0.0,0.0,0.0,0.0,2002,radio,0.5
5,2,lr1e-04_bs32_modL1_fusion32_fusionL1_drop0p1_trmiss50_trlocradio,32,0.0001,1,32,1,0.1,lr1e-04_bs32_modL1_fusion32_fusionL1_drop0p1_trmiss50_trlocradio,2,0.6532633105913798,0.6878065764904022,0.5819327731092437,0.7307992337303153,0.6,0.0,0.0,0.0,0.0,0.0,0.0,0.0,0.0,0.0,2002,radio,0.5
5,2,lr1e-04_bs32_modL1_fusion32_fusionL1_drop0p1_trmiss50_trlocradio,32,0.0001,1,32,1,0.1,lr1e-04_bs32_modL1_fusion32_fusionL1_drop0p1_trmiss50_trlocradio,3,0.6183233062426249,0.6913785934448242,0.5756302521008404,0.717220841536981,0.6,0.0,0.0,0.0,0.0,0.0,0.0,0.0,0.0,0.0,2002,radio,0.5
5,2,lr1e-04_bs32_modL1_fusion32_fusionL1_drop0p1_trmiss50_trlocradio,32,0.0001,1,32,1,0.1,lr1e-04_bs32_modL1_fusion32_fusionL1_drop0p1_trmiss50_trlocradio,4,0.6020229061444601,0.692121684551239,0.5819327731092437,0.7105103046002129,0.6,0.0,0.0,0.0,0.0,0.0,0.0,0.0,0.0,0.0,2002,radio,0.5
5,2,lr1e-04_bs32_modL1_fusion32_fusionL1_drop0p1_trmiss50_trlocradio,32,0.0001,1,32,1,0.1,lr1e-04_bs32_modL1_fusion32_fusionL1_drop0p1_trmiss50_trlocradio,5,0.57609889904658,0.6943114995956421,0.569327731092437,0.704190379924863,0.6222222222222222,0.0,0.0,0.0,0.0,0.0,0.0,0.0,0.0,0.0,2002,radio,0.5
5,2,lr1e-04_bs32_modL1_fusion32_fusionL1_drop0p1_trmiss50_trlocradio,32,0.0001,1,32,1,0.1,lr1e-04_bs32_modL1_fusion32_fusionL1_drop0p1_trmiss50_trlocradio,6,0.571394294500351,0.6969566345214844,0.5777310924369747,0.7080231603778943,0.6222222222222222,0.0,0.0,0.0,0.0,0.0,0.0,0.0,0.0,0.0,2002,radio,0.5
5,2,lr1e-04_bs32_modL1_fusion32_fusionL1_drop0p1_trmiss50_trlocradio,32,0.0001,1,32,1,0.1,lr1e-04_bs32_modL1_fusion32_fusionL1_drop0p1_trmiss50_trlocradio,7,0.5467920204003652,0.6982123255729675,0.5840336134453782,0.7087957835970832,0.6444444444444445,0.0,0.0,0.0,0.0,0.0,0.0,0.0,0.0,0.0,2002,radio,0.5
5,2,lr1e-04_bs32_modL1_fusion32_fusionL1_drop0p1_trmiss50_trlocradio,32,0.0001,1,32,1,0.1,lr1e-04_bs32_modL1_fusion32_fusionL1_drop0p1_trmiss50_trlocradio,8,0.550814151763916,0.6988857090473175,0.5819327731092437,0.7084627832640827,0.6444444444444445,0.0,0.0,0.0,0.0,0.0,0.0,0.0,0.0,0.0,2002,radio,0.5
5,2,lr1e-04_bs32_modL1_fusion32_fusionL1_drop0p1_trmiss50_trlocradio,32,0.0001,1,32,1,0.1,lr1e-04_bs32_modL1_fusion32_fusionL1_drop0p1_trmiss50_trlocradio,9,0.5269722590843836,0.6990911960601807,0.5861344537815126,0.7111403707787521,0.6444444444444445,0.0,0.0,0.0,0.0,0.0,0.0,0.0,0.0,0.0,2002,radio,0.5
5,2,lr1e-04_bs32_modL1_fusion32_fusionL1_drop0p1_trmiss50_trlocradio,32,0.0001,1,32,1,0.1,lr1e-04_bs32_modL1_fusion32_fusionL1_drop0p1_trmiss50_trlocradio,10,0.5163302818934122,0.7007931470870972,0.5819327731092437,0.7095260187442319,0.6666666666666666,0.0,0.0,0.0,0.0,0.0,0.0,0.0,0.0,0.0,2002,radio,0.5
5,2,lr1e-04_bs32_modL1_fusion32_fusionL1_drop0p1_trmiss50_trlocradio,32,0.0001,1,32,1,0.1,lr1e-04_bs32_modL1_fusion32_fusionL1_drop0p1_trmiss50_trlocradio,11,0.5197295099496841,0.7008631825447083,0.5861344537815126,0.7024808160477688,0.6444444444444445,0.0,0.0,0.0,0.0,0.0,0.0,0.0,0.0,0.0,2002,radio,0.5
5,2,lr1e-04_bs32_modL1_fusion32_fusionL1_drop0p1_trmiss50_trlocradio,32,0.0001,1,32,1,0.1,lr1e-04_bs32_modL1_fusion32_fusionL1_drop0p1_trmiss50_trlocradio,12,0.5217302044232687,0.7001557648181915,0.5903361344537815,0.7044898792884496,0.6222222222222222,0.0,0.0,0.0,0.0,0.0,0.0,0.0,0.0,0.0,2002,radio,0.5
5,2,lr1e-04_bs32_modL1_fusion32_fusionL1_drop0p1_trmiss50_trlocradio,32,0.0001,1,32,1,0.1,lr1e-04_bs32_modL1_fusion32_fusionL1_drop0p1_trmiss50_trlocradio,13,0.5061688174804052,0.6980112195014954,0.5903361344537815,0.7128843865668855,0.6444444444444445,0.0,0.0,0.0,0.0,0.0,0.0,0.0,0.0,0.0,2002,radio,0.5
5,2,lr1e-04_bs32_modL1_fusion32_fusionL1_drop0p1_trmiss50_trlocradio,32,0.0001,1,32,1,0.1,lr1e-04_bs32_modL1_fusion32_fusionL1_drop0p1_trmiss50_trlocradio,14,0.4975637545188268,0.6971221566200256,0.5945378151260504,0.7149032423803842,0.6444444444444445,0.0,0.0,0.0,0.0,0.0,0.0,0.0,0.0,0.0,2002,radio,0.5
5,2,lr1e-04_bs32_modL1_fusion32_fusionL1_drop0p1_trmiss50_trlocradio,32,0.0001,1,32,1,0.1,lr1e-04_bs32_modL1_fusion32_fusionL1_drop0p1_trmiss50_trlocradio,15,0.4850945820411046,0.6967663466930389,0.6008403361344538,0.7182339679721259,0.6666666666666666,0.0,0.0,0.0,0.0,0.0,0.0,0.0,0.0,0.0,2002,radio,0.5
5,2,lr1e-04_bs32_modL1_fusion32_fusionL1_drop0p1_trmiss50_trlocradio,32,0.0001,1,32,1,0.1,lr1e-04_bs32_modL1_fusion32_fusionL1_drop0p1_trmiss50_trlocradio,16,0.48837625483671826,0.6950004994869232,0.5987394957983193,0.7175193654731674,0.6888888888888889,0.0,0.0,0.0,0.0,0.0,0.0,0.0,0.0,0.0,2002,radio,0.5
5,2,lr1e-04_bs32_modL1_fusion32_fusionL1_drop0p1_trmiss50_trlocradio,32,0.0001,1,32,1,0.1,lr1e-04_bs32_modL1_fusion32_fusionL1_drop0p1_trmiss50_trlocradio,17,0.4929259270429611,0.6962895691394806,0.592436974789916,0.7141066935862308,0.6444444444444445,0.0,0.0,0.0,0.0,0.0,0.0,0.0,0.0,0.0,2002,radio,0.5
5,2,lr1e-04_bs32_modL1_fusion32_fusionL1_drop0p1_trmiss50_trlocradio,32,0.0001,1,32,1,0.1,lr1e-04_bs32_modL1_fusion32_fusionL1_drop0p1_trmiss50_trlocradio,18,0.480851689974467,0.6960256695747375,0.5882352941176471,0.7087169791340163,0.6666666666666666,0.0,0.0,0.0,0.0,0.0,0.0,0.0,0.0,0.0,2002,radio,0.5
5,2,lr1e-04_bs32_modL1_fusion32_fusionL1_drop0p1_trmiss50_trlocradio,32,0.0001,1,32,1,0.1,lr1e-04_bs32_modL1_fusion32_fusionL1_drop0p1_trmiss50_trlocradio,19,0.4949314792950948,0.6980387270450592,0.5777310924369748,0.7031978135545548,0.6444444444444445,0.0,0.0,0.0,0.0,0.0,0.0,0.0,0.0,0.0,2002,radio,0.5
5,2,lr1e-04_bs32_modL1_fusion32_fusionL1_drop0p1_trmiss50_trlocradio,32,0.0001,1,32,1,0.1,lr1e-04_bs32_modL1_fusion32_fusionL1_drop0p1_trmiss50_trlocradio,20,0.4879402220249176,0.6971235275268555,0.5840336134453782,0.7058172593261743,0.6444444444444445,0.0,0.0,0.0,0.0,0.0,0.0,0.0,0.0,0.0,2002,radio,0.5
5,2,lr1e-04_bs32_modL1_fusion32_fusionL1_drop0p1_trmiss50_trlocradio,32,0.0001,1,32,1,0.1,lr1e-04_bs32_modL1_fusion32_fusionL1_drop0p1_trmiss50_trlocradio,21,0.47552470366160077,0.6972787082195282,0.5798319327731092,0.7031874745853096,0.6222222222222222,0.0,0.0,0.0,0.0,0.0,0.0,0.0,0.0,0.0,2002,radio,0.5
5,2,lr1e-04_bs32_modL1_fusion32_fusionL1_drop0p1_trmiss50_trlocradio,32,0.0001,1,32,1,0.1,lr1e-04_bs32_modL1_fusion32_fusionL1_drop0p1_trmiss50_trlocradio,22,0.4726283649603526,0.6967554986476898,0.5819327731092436,0.7043448465397198,0.6222222222222222,0.0,0.0,0.0,0.0,0.0,0.0,0.0,0.0,0.0,2002,radio,0.5
5,2,lr1e-04_bs32_modL1_fusion32_fusionL1_drop0p1_trmiss50_trlocradio,32,0.0001,1,32,1,0.1,lr1e-04_bs32_modL1_fusion32_fusionL1_drop0p1_trmiss50_trlocradio,23,0.4792184034983317,0.6963947117328644,0.5819327731092437,0.7032451823150556,0.6222222222222222,0.0,0.0,0.0,0.0,0.0,0.0,0.0,0.0,0.0,2002,radio,0.5
5,2,lr1e-04_bs32_modL1_fusion32_fusionL1_drop0p1_trmiss50_trlocradio,32,0.0001,1,32,1,0.1,lr1e-04_bs32_modL1_fusion32_fusionL1_drop0p1_trmiss50_trlocradio,24,0.4734313140312831,0.6962364912033081,0.5840336134453781,0.7046457425391454,0.6222222222222222,0.0,0.0,0.0,0.0,0.0,0.0,0.0,0.0,0.0,2002,radio,0.5
5,2,lr1e-04_bs32_modL1_fusion32_fusionL1_drop0p1_trmiss50_trlocradio,32,0.0001,1,32,1,0.1,lr1e-04_bs32_modL1_fusion32_fusionL1_drop0p1_trmiss50_trlocradio,25,0.4706255743900935,0.6963891386985779,0.5861344537815126,0.7040023698054364,0.6222222222222222,0.0,0.0,0.0,0.0,0.0,0.0,0.0,0.0,0.0,2002,radio,0.5
5,2,lr1e-04_bs32_modL1_fusion32_fusionL1_drop0p1_trmiss50_trlocradio,32,0.0001,1,32,1,0.1,lr1e-04_bs32_modL1_fusion32_fusionL1_drop0p1_trmiss50_trlocradio,26,0.4709215412537257,0.6977940797805786,0.5756302521008403,0.6989421453107802,0.6222222222222222,0.0,0.0,0.0,0.0,0.0,0.0,0.0,0.0,0.0,2002,radio,0.5
5,2,lr1e-04_bs32_modL1_fusion32_fusionL1_drop0p1_trmiss50_trlocradio,32,0.0001,1,32,1,0.1,lr1e-04_bs32_modL1_fusion32_fusionL1_drop0p1_trmiss50_trlocradio,27,0.4740501493215561,0.6962790787220001,0.5756302521008404,0.7008168611736023,0.6222222222222222,0.0,0.0,0.0,0.0,0.0,0.0,0.0,0.0,0.0,2002,radio,0.5
5,2,lr1e-04_bs32_modL1_fusion32_fusionL1_drop0p1_trmiss50_trlocradio,32,0.0001,1,32,1,0.1,lr1e-04_bs32_modL1_fusion32_fusionL1_drop0p1_trmiss50_trlocradio,28,0.47272343436876935,0.6960474252700806,0.5798319327731092,0.7016082775531509,0.6222222222222222,0.0,0.0,0.0,0.0,0.0,0.0,0.0,0.0,0.0,2002,radio,0.5
5,2,lr1e-04_bs32_modL1_fusion32_fusionL1_drop0p1_trmiss50_trlocradio,32,0.0001,1,32,1,0.1,lr1e-04_bs32_modL1_fusion32_fusionL1_drop0p1_trmiss50_trlocradio,29,0.47637105484803516,0.6973499655723572,0.5756302521008403,0.6993718991308142,0.6222222222222222,0.0,0.0,0.0,0.0,0.0,0.0,0.0,0.0,0.0,2002,radio,0.5
5,2,lr1e-04_bs32_modL1_fusion32_fusionL1_drop0p1_trmiss50_trlocradio,32,0.0001,1,32,1,0.1,lr1e-04_bs32_modL1_fusion32_fusionL1_drop0p1_trmiss50_trlocradio,30,0.4754270811875661,0.696449875831604,0.5861344537815125,0.704530946620778,0.6666666666666666,0.0,0.0,0.0,0.0,0.0,0.0,0.0,0.0,0.0,2002,radio,0.5
5,2,lr1e-04_bs32_modL1_fusion32_fusionL1_drop0p1_trmiss50_trlocradio,32,0.0001,1,32,1,0.1,lr1e-04_bs32_modL1_fusion32_fusionL1_drop0p1_trmiss50_trlocradio,31,0.46338799595832825,0.6972799301147461,0.5819327731092436,0.7020747141277807,0.6222222222222222,0.0,0.0,0.0,0.0,0.0,0.0,0.0,0.0,0.0,2002,radio,0.5
5,2,lr1e-04_bs32_modL1_fusion32_fusionL1_drop0p1_trmiss50_trlocradio,32,0.0001,1,32,1,0.1,lr1e-04_bs32_modL1_fusion32_fusionL1_drop0p1_trmiss50_trlocradio,32,0.46944742898146313,0.6977138817310333,0.5735294117647058,0.6976712188587054,0.6222222222222222,0.0,0.0,0.0,0.0,0.0,0.0,0.0,0.0,0.0,2002,radio,0.5
5,2,lr1e-04_bs32_modL1_fusion32_fusionL1_drop0p1_trmiss50_trlocradio,32,0.0001,1,32,1,0.1,lr1e-04_bs32_modL1_fusion32_fusionL1_drop0p1_trmiss50_trlocradio,33,0.45789243280887604,0.6977467238903046,0.5735294117647058,0.6973094972469838,0.6222222222222222,0.0,0.0,0.0,0.0,0.0,0.0,0.0,0.0,0.0,2002,radio,0.5
5,2,lr1e-04_bs32_modL1_fusion32_fusionL1_drop0p1_trmiss50_trlocradio,32,0.0001,1,32,1,0.1,lr1e-04_bs32_modL1_fusion32_fusionL1_drop0p1_trmiss50_trlocradio,34,0.4620843877394994,0.6965912878513336,0.5798319327731093,0.7004799416033863,0.6222222222222222,0.0,0.0,0.0,0.0,0.0,0.0,0.0,0.0,0.0,2002,radio,0.5
5,2,lr1e-04_bs32_modL1_fusion32_fusionL1_drop0p1_trmiss50_trlocradio,32,0.0001,1,32,1,0.1,lr1e-04_bs32_modL1_fusion32_fusionL1_drop0p1_trmiss50_trlocradio,35,0.46131531894207,0.6953801214694977,0.5798319327731093,0.7006997956740468,0.6222222222222222,0.0,0.0,0.0,0.0,0.0,0.0,0.0,0.0,0.0,2002,radio,0.5
5,2,lr1e-04_bs32_modL1_fusion64_fusionL1_drop0p2_trmiss50_trlocradio,32,0.0001,1,64,1,0.2,lr1e-04_bs32_modL1_fusion64_fusionL1_drop0p2_trmiss50_trlocradio,1,0.6600658396879832,0.6592939794063568,0.6386554621848739,0.7876087929442958,0.6222222222222222,0.0,0.0,0.0,0.0,0.0,0.0,0.0,0.0,0.0,2002,radio,0.5
5,2,lr1e-04_bs32_modL1_fusion64_fusionL1_drop0p2_trmiss50_trlocradio,32,0.0001,1,64,1,0.2,lr1e-04_bs32_modL1_fusion64_fusionL1_drop0p2_trmiss50_trlocradio,2,0.6305104295412699,0.6537282764911652,0.6533613445378151,0.7857133858231844,0.6222222222222222,0.0,0.0,0.0,0.0,0.0,0.0,0.0,0.0,0.0,2002,radio,0.5
5,2,lr1e-04_bs32_modL1_fusion64_fusionL1_drop0p2_trmiss50_trlocradio,32,0.0001,1,64,1,0.2,lr1e-04_bs32_modL1_fusion64_fusionL1_drop0p2_trmiss50_trlocradio,3,0.5915238956610361,0.6589151620864868,0.615546218487395,0.7619965151048207,0.6444444444444445,0.0,0.0,0.0,0.0,0.0,0.0,0.0,0.0,0.0,2002,radio,0.5
5,2,lr1e-04_bs32_modL1_fusion64_fusionL1_drop0p2_trmiss50_trlocradio,32,0.0001,1,64,1,0.2,lr1e-04_bs32_modL1_fusion64_fusionL1_drop0p2_trmiss50_trlocradio,4,0.5597856938838959,0.6659793555736542,0.6029411764705883,0.7618836534148495,0.6444444444444445,0.0,0.0,0.0,0.0,0.0,0.0,0.0,0.0,0.0,2002,radio,0.5
5,2,lr1e-04_bs32_modL1_fusion64_fusionL1_drop0p2_trmiss50_trlocradio,32,0.0001,1,64,1,0.2,lr1e-04_bs32_modL1_fusion64_fusionL1_drop0p2_trmiss50_trlocradio,5,0.5400110830863317,0.6720452308654785,0.5861344537815126,0.7601113469458667,0.6444444444444445,0.0,0.0,0.0,0.0,0.0,0.0,0.0,0.0,0.0,2002,radio,0.5
5,2,lr1e-04_bs32_modL1_fusion64_fusionL1_drop0p2_trmiss50_trlocradio,32,0.0001,1,64,1,0.2,lr1e-04_bs32_modL1_fusion64_fusionL1_drop0p2_trmiss50_trlocradio,6,0.5227899799744288,0.6767225861549377,0.5861344537815126,0.7590632629708963,0.6444444444444445,0.0,0.0,0.0,0.0,0.0,0.0,0.0,0.0,0.0,2002,radio,0.5
5,2,lr1e-04_bs32_modL1_fusion64_fusionL1_drop0p2_trmiss50_trlocradio,32,0.0001,1,64,1,0.2,lr1e-04_bs32_modL1_fusion64_fusionL1_drop0p2_trmiss50_trlocradio,7,0.49744532505671185,0.6792024672031403,0.5777310924369748,0.7503496182832365,0.6444444444444445,0.0,0.0,0.0,0.0,0.0,0.0,0.0,0.0,0.0,2002,radio,0.5
5,2,lr1e-04_bs32_modL1_fusion64_fusionL1_drop0p2_trmiss50_trlocradio,32,0.0001,1,64,1,0.2,lr1e-04_bs32_modL1_fusion64_fusionL1_drop0p2_trmiss50_trlocradio,8,0.48449158668518066,0.6766023635864258,0.5903361344537815,0.7484109504433483,0.6444444444444445,0.0,0.0,0.0,0.0,0.0,0.0,0.0,0.0,0.0,2002,radio,0.5
5,2,lr1e-04_bs32_modL1_fusion64_fusionL1_drop0p2_trmiss50_trlocradio,32,0.0001,1,64,1,0.2,lr1e-04_bs32_modL1_fusion64_fusionL1_drop0p2_trmiss50_trlocradio,9,0.4845474610726039,0.6777530014514923,0.5966386554621849,0.7450122547017742,0.6444444444444445,0.0,0.0,0.0,0.0,0.0,0.0,0.0,0.0,0.0,2002,radio,0.5
5,2,lr1e-04_bs32_modL1_fusion64_fusionL1_drop0p2_trmiss50_trlocradio,32,0.0001,1,64,1,0.2,lr1e-04_bs32_modL1_fusion64_fusionL1_drop0p2_trmiss50_trlocradio,10,0.5126214971144994,0.6793259084224701,0.5966386554621849,0.7402281929600139,0.6444444444444445,0.0,0.0,0.0,0.0,0.0,0.0,0.0,0.0,0.0,2002,radio,0.5
5,2,lr1e-04_bs32_modL1_fusion64_fusionL1_drop0p2_trmiss50_trlocradio,32,0.0001,1,64,1,0.2,lr1e-04_bs32_modL1_fusion64_fusionL1_drop0p2_trmiss50_trlocradio,11,0.4737803041934967,0.6801341772079468,0.592436974789916,0.7313152160857058,0.6444444444444445,0.0,0.0,0.0,0.0,0.0,0.0,0.0,0.0,0.0,2002,radio,0.5
5,2,lr1e-04_bs32_modL1_fusion64_fusionL1_drop0p2_trmiss50_trlocradio,32,0.0001,1,64,1,0.2,lr1e-04_bs32_modL1_fusion64_fusionL1_drop0p2_trmiss50_trlocradio,12,0.4554501275221507,0.6818937659263611,0.592436974789916,0.7299346261242887,0.6444444444444445,0.0,0.0,0.0,0.0,0.0,0.0,0.0,0.0,0.0,2002,radio,0.5
5,2,lr1e-04_bs32_modL1_fusion64_fusionL1_drop0p2_trmiss50_trlocradio,32,0.0001,1,64,1,0.2,lr1e-04_bs32_modL1_fusion64_fusionL1_drop0p2_trmiss50_trlocradio,13,0.4497685233751933,0.6829168796539307,0.5882352941176471,0.7273005799282125,0.6444444444444445,0.0,0.0,0.0,0.0,0.0,0.0,0.0,0.0,0.0,2002,radio,0.5
5,2,lr1e-04_bs32_modL1_fusion64_fusionL1_drop0p2_trmiss50_trlocradio,32,0.0001,1,64,1,0.2,lr1e-04_bs32_modL1_fusion64_fusionL1_drop0p2_trmiss50_trlocradio,14,0.4584885686635971,0.6859416663646698,0.5924369747899161,0.7280037458099498,0.6444444444444445,0.0,0.0,0.0,0.0,0.0,0.0,0.0,0.0,0.0,2002,radio,0.5
5,2,lr1e-04_bs32_modL1_fusion64_fusionL1_drop0p2_trmiss50_trlocradio,32,0.0001,1,64,1,0.2,lr1e-04_bs32_modL1_fusion64_fusionL1_drop0p2_trmiss50_trlocradio,15,0.44482796390851337,0.6847864389419556,0.6029411764705882,0.7346654329840594,0.6444444444444445,0.0,0.0,0.0,0.0,0.0,0.0,0.0,0.0,0.0,2002,radio,0.5
5,2,lr1e-04_bs32_modL1_fusion64_fusionL1_drop0p2_trmiss50_trlocradio,32,0.0001,1,64,1,0.2,lr1e-04_bs32_modL1_fusion64_fusionL1_drop0p2_trmiss50_trlocradio,16,0.4521818310022354,0.6838440597057343,0.5966386554621849,0.7321050952093983,0.6444444444444445,0.0,0.0,0.0,0.0,0.0,0.0,0.0,0.0,0.0,2002,radio,0.5
5,2,lr1e-04_bs32_modL1_fusion64_fusionL1_drop0p2_trmiss50_trlocradio,32,0.0001,1,64,1,0.2,lr1e-04_bs32_modL1_fusion64_fusionL1_drop0p2_trmiss50_trlocradio,17,0.42172498007615405,0.6791963279247284,0.6050420168067226,0.7384980134470747,0.6444444444444445,0.0,0.0,0.0,0.0,0.0,0.0,0.0,0.0,0.0,2002,radio,0.5
5,2,lr1e-04_bs32_modL1_fusion64_fusionL1_drop0p2_trmiss50_trlocradio,32,0.0001,1,64,1,0.2,lr1e-04_bs32_modL1_fusion64_fusionL1_drop0p2_trmiss50_trlocradio,18,0.435059795777003,0.6797063648700714,0.6092436974789917,0.7404801322055091,0.6444444444444445,0.0,0.0,0.0,0.0,0.0,0.0,0.0,0.0,0.0,2002,radio,0.5
5,2,lr1e-04_bs32_modL1_fusion64_fusionL1_drop0p2_trmiss50_trlocradio,32,0.0001,1,64,1,0.2,lr1e-04_bs32_modL1_fusion64_fusionL1_drop0p2_trmiss50_trlocradio,19,0.41651010016600293,0.6800621151924133,0.6029411764705883,0.7350263562624328,0.6444444444444445,0.0,0.0,0.0,0.0,0.0,0.0,0.0,0.0,0.0,2002,radio,0.5
5,2,lr1e-04_bs32_modL1_fusion64_fusionL1_drop0p2_trmiss50_trlocradio,32,0.0001,1,64,1,0.2,lr1e-04_bs32_modL1_fusion64_fusionL1_drop0p2_trmiss50_trlocradio,20,0.4416359414656957,0.6810474693775177,0.6029411764705882,0.7356673177538189,0.6444444444444445,0.0,0.0,0.0,0.0,0.0,0.0,0.0,0.0,0.0,2002,radio,0.5
5,2,lr1e-04_bs32_modL1_fusion64_fusionL1_drop0p2_trmiss50_trlocradio,32,0.0001,1,64,1,0.2,lr1e-04_bs32_modL1_fusion64_fusionL1_drop0p2_trmiss50_trlocradio,21,0.4136534333229065,0.6817969679832458,0.6092436974789917,0.7360111050006377,0.6444444444444445,0.0,0.0,0.0,0.0,0.0,0.0,0.0,0.0,0.0,2002,radio,0.5
5,2,lr1e-04_bs32_modL1_fusion64_fusionL1_drop0p2_trmiss50_trlocradio,32,0.0001,1,64,1,0.2,lr1e-04_bs32_modL1_fusion64_fusionL1_drop0p2_trmiss50_trlocradio,22,0.42936467627684277,0.6824337244033813,0.6092436974789917,0.7376095494562251,0.6444444444444445,0.0,0.0,0.0,0.0,0.0,0.0,0.0,0.0,0.0,2002,radio,0.5
5,2,lr1e-04_bs32_modL1_fusion64_fusionL1_drop0p2_trmiss50_trlocradio,32,0.0001,1,64,1,0.2,lr1e-04_bs32_modL1_fusion64_fusionL1_drop0p2_trmiss50_trlocradio,23,0.4183495044708252,0.6787649095058441,0.615546218487395,0.7396016165118131,0.6444444444444445,0.0,0.0,0.0,0.0,0.0,0.0,0.0,0.0,0.0,2002,radio,0.5
5,2,lr1e-04_bs32_modL1_fusion64_fusionL1_drop0p2_trmiss50_trlocradio,32,0.0001,1,64,1,0.2,lr1e-04_bs32_modL1_fusion64_fusionL1_drop0p2_trmiss50_trlocradio,24,0.43233970801035565,0.681151419878006,0.6113445378151261,0.7394511592212629,0.6444444444444445,0.0,0.0,0.0,0.0,0.0,0.0,0.0,0.0,0.0,2002,radio,0.5
5,2,lr1e-04_bs32_modL1_fusion64_fusionL1_drop0p2_trmiss50_trlocradio,32,0.0001,1,64,1,0.2,lr1e-04_bs32_modL1_fusion64_fusionL1_drop0p2_trmiss50_trlocradio,25,0.4011467496554057,0.6806432902812958,0.6071428571428571,0.7371182960962447,0.6444444444444445,0.0,0.0,0.0,0.0,0.0,0.0,0.0,0.0,0.0,2002,radio,0.5
5,2,lr1e-04_bs32_modL1_fusion64_fusionL1_drop0p2_trmiss50_trlocradio,32,0.0001,1,64,1,0.2,lr1e-04_bs32_modL1_fusion64_fusionL1_drop0p2_trmiss50_trlocradio,26,0.40095622340838116,0.6797372102737427,0.6197478991596639,0.7425961476576046,0.6444444444444445,0.0,0.0,0.0,0.0,0.0,0.0,0.0,0.0,0.0,2002,radio,0.5
5,2,lr1e-04_bs32_modL1_fusion64_fusionL1_drop0p2_trmiss50_trlocradio,32,0.0001,1,64,1,0.2,lr1e-04_bs32_modL1_fusion64_fusionL1_drop0p2_trmiss50_trlocradio,27,0.44051283597946167,0.6813085377216339,0.6092436974789915,0.7386990432533675,0.6444444444444445,0.0,0.0,0.0,0.0,0.0,0.0,0.0,0.0,0.0,2002,radio,0.5
5,2,lr1e-04_bs32_modL1_fusion64_fusionL1_drop0p2_trmiss50_trlocradio,32,0.0001,1,64,1,0.2,lr1e-04_bs32_modL1_fusion64_fusionL1_drop0p2_trmiss50_trlocradio,28,0.39773709575335187,0.6807730793952942,0.6071428571428571,0.7381651087493334,0.6444444444444445,0.0,0.0,0.0,0.0,0.0,0.0,0.0,0.0,0.0,2002,radio,0.5
5,2,lr1e-04_bs32_modL1_fusion64_fusionL1_drop0p2_trmiss50_trlocradio,32,0.0001,1,64,1,0.2,lr1e-04_bs32_modL1_fusion64_fusionL1_drop0p2_trmiss50_trlocradio,29,0.4229418635368347,0.6802584826946259,0.6071428571428571,0.738039583291582,0.6444444444444445,0.0,0.0,0.0,0.0,0.0,0.0,0.0,0.0,0.0,2002,radio,0.5
5,2,lr1e-04_bs32_modL1_fusion64_fusionL1_drop0p2_trmiss50_trlocradio,32,0.0001,1,64,1,0.2,lr1e-04_bs32_modL1_fusion64_fusionL1_drop0p2_trmiss50_trlocradio,30,0.4065230041742325,0.678496927022934,0.6092436974789917,0.7372145278112034,0.6444444444444445,0.0,0.0,0.0,0.0,0.0,0.0,0.0,0.0,0.0,2002,radio,0.5
5,2,lr1e-04_bs32_modL1_fusion64_fusionL1_drop0p2_trmiss50_trlocradio,32,0.0001,1,64,1,0.2,lr1e-04_bs32_modL1_fusion64_fusionL1_drop0p2_trmiss50_trlocradio,31,0.4241819580396016,0.6801230609416962,0.6134453781512605,0.7395669344144482,0.6444444444444445,0.0,0.0,0.0,0.0,0.0,0.0,0.0,0.0,0.0,2002,radio,0.5
5,2,lr1e-04_bs32_modL1_fusion64_fusionL1_drop0p2_trmiss50_trlocradio,32,0.0001,1,64,1,0.2,lr1e-04_bs32_modL1_fusion64_fusionL1_drop0p2_trmiss50_trlocradio,32,0.4180762569109599,0.6800237596035004,0.6218487394957984,0.7423135896068982,0.6444444444444445,0.0,0.0,0.0,0.0,0.0,0.0,0.0,0.0,0.0,2002,radio,0.5
5,2,lr1e-04_bs32_modL1_fusion64_fusionL1_drop0p2_trmiss50_trlocradio,32,0.0001,1,64,1,0.2,lr1e-04_bs32_modL1_fusion64_fusionL1_drop0p2_trmiss50_trlocradio,33,0.4007067531347275,0.6820327937602997,0.6218487394957984,0.7423135896068982,0.6444444444444445,0.0,0.0,0.0,0.0,0.0,0.0,0.0,0.0,0.0,2002,radio,0.5
5,2,lr1e-04_bs32_modL1_fusion64_fusionL1_drop0p2_trmiss50_trlocradio,32,0.0001,1,64,1,0.2,lr1e-04_bs32_modL1_fusion64_fusionL1_drop0p2_trmiss50_trlocradio,34,0.4135050078233083,0.681071400642395,0.6134453781512605,0.7380036800597576,0.6444444444444445,0.0,0.0,0.0,0.0,0.0,0.0,0.0,0.0,0.0,2002,radio,0.5
5,2,lr1e-04_bs32_modL1_fusion64_fusionL1_drop0p2_trmiss50_trlocradio,32,0.0001,1,64,1,0.2,lr1e-04_bs32_modL1_fusion64_fusionL1_drop0p2_trmiss50_trlocradio,35,0.4061012814442317,0.681805431842804,0.6113445378151261,0.7376744027680284,0.6444444444444445,0.0,0.0,0.0,0.0,0.0,0.0,0.0,0.0,0.0,2002,radio,0.5
5,2,lr1e-04_bs32_modL1_fusion64_fusionL1_drop0p2_trmiss50_trlocradio,32,0.0001,1,64,1,0.2,lr1e-04_bs32_modL1_fusion64_fusionL1_drop0p2_trmiss50_trlocradio,36,0.41465137898921967,0.6794149279594421,0.6176470588235294,0.7410543536103853,0.6444444444444445,0.0,0.0,0.0,0.0,0.0,0.0,0.0,0.0,0.0,2002,radio,0.5
5,2,lr1e-04_bs32_modL1_fusion64_fusionL1_drop0p2_trmiss50_trlocradio,32,0.0001,1,64,1,0.2,lr1e-04_bs32_modL1_fusion64_fusionL1_drop0p2_trmiss50_trlocradio,37,0.40704181293646496,0.6798738241195679,0.615546218487395,0.7402457489140022,0.6444444444444445,0.0,0.0,0.0,0.0,0.0,0.0,0.0,0.0,0.0,2002,radio,0.5
5,2,lr1e-04_bs32_modL1_fusion64_fusionL1_drop0p2_trmiss50_trlocradio,32,0.0001,1,64,1,0.2,lr1e-04_bs32_modL1_fusion64_fusionL1_drop0p2_trmiss50_trlocradio,38,0.3993209898471832,0.675154983997345,0.6197478991596639,0.7416009170633526,0.6444444444444445,0.0,0.0,0.0,0.0,0.0,0.0,0.0,0.0,0.0,2002,radio,0.5
5,2,lr1e-04_bs32_modL1_fusion64_fusionL1_drop0p2_trmiss50_trlocradio,32,0.0001,1,64,1,0.2,lr1e-04_bs32_modL1_fusion64_fusionL1_drop0p2_trmiss50_trlocradio,39,0.4174036383628845,0.6757164299488068,0.6134453781512605,0.7400065361365682,0.6444444444444445,0.0,0.0,0.0,0.0,0.0,0.0,0.0,0.0,0.0,2002,radio,0.5
5,2,lr1e-04_bs32_modL1_fusion64_fusionL1_drop0p2_trmiss50_trlocradio,32,0.0001,1,64,1,0.2,lr1e-04_bs32_modL1_fusion64_fusionL1_drop0p2_trmiss50_trlocradio,40,0.41319958368937176,0.6768909990787506,0.6113445378151261,0.7389351075651396,0.6444444444444445,0.0,0.0,0.0,0.0,0.0,0.0,0.0,0.0,0.0,2002,radio,0.5
5,2,lr1e-04_bs32_modL1_fusion64_fusionL1_drop0p2_trmiss50_trlocradio,32,0.0001,1,64,1,0.2,lr1e-04_bs32_modL1_fusion64_fusionL1_drop0p2_trmiss50_trlocradio,41,0.40358490248521167,0.6772986948490143,0.6092436974789917,0.7375745633474525,0.6444444444444445,0.0,0.0,0.0,0.0,0.0,0.0,0.0,0.0,0.0,2002,radio,0.5
5,2,lr1e-04_bs32_modL1_fusion64_fusionL1_drop0p2_trmiss50_trlocradio,32,0.0001,1,64,1,0.2,lr1e-04_bs32_modL1_fusion64_fusionL1_drop0p2_trmiss50_trlocradio,42,0.39716554681460065,0.677561491727829,0.6197478991596638,0.7432225354076601,0.6444444444444445,0.0,0.0,0.0,0.0,0.0,0.0,0.0,0.0,0.0,2002,radio,0.5
5,2,lr1e-04_bs32_modL1_fusion64_fusionL1_drop0p2_trmiss50_trlocradio,32,0.0001,1,64,1,0.2,lr1e-04_bs32_modL1_fusion64_fusionL1_drop0p2_trmiss50_trlocradio,43,0.40518760681152344,0.6774740815162659,0.6071428571428572,0.7353124327958482,0.6444444444444445,0.0,0.0,0.0,0.0,0.0,0.0,0.0,0.0,0.0,2002,radio,0.5
5,2,lr1e-04_bs32_modL1_fusion64_fusionL1_drop0p2_trmiss50_trlocradio,32,0.0001,1,64,1,0.2,lr1e-04_bs32_modL1_fusion64_fusionL1_drop0p2_trmiss50_trlocradio,44,0.4082796275615692,0.6766628324985504,0.6197478991596638,0.7418900327096112,0.6444444444444445,0.0,0.0,0.0,0.0,0.0,0.0,0.0,0.0,0.0,2002,radio,0.5
5,2,lr1e-04_bs32_modL1_fusion64_fusionL1_drop0p2_trmiss50_trlocradio,32,0.0001,1,64,1,0.2,lr1e-04_bs32_modL1_fusion64_fusionL1_drop0p2_trmiss50_trlocradio,45,0.39294884105523425,0.6789840161800385,0.6176470588235294,0.742096730576662,0.6444444444444445,0.0,0.0,0.0,0.0,0.0,0.0,0.0,0.0,0.0,2002,radio,0.5
5,2,lr1e-04_bs32_modL1_fusion64_fusionL1_drop0p2_trmiss50_trlocradio,32,0.0001,1,64,1,0.2,lr1e-04_bs32_modL1_fusion64_fusionL1_drop0p2_trmiss50_trlocradio,46,0.4180602083603541,0.6792472004890442,0.6197478991596639,0.7423518290924602,0.6444444444444445,0.0,0.0,0.0,0.0,0.0,0.0,0.0,0.0,0.0,2002,radio,0.5
5,2,lr1e-04_bs32_modL1_fusion64_fusionL1_drop0p2_trmiss50_trlocradio,32,0.0001,1,64,1,0.2,lr1e-04_bs32_modL1_fusion64_fusionL1_drop0p2_trmiss50_trlocradio,47,0.407426118850708,0.6793897151947021,0.615546218487395,0.7401556057755472,0.6444444444444445,0.0,0.0,0.0,0.0,0.0,0.0,0.0,0.0,0.0,2002,radio,0.5
5,2,lr1e-04_bs32_modL1_fusion64_fusionL1_drop0p2_trmiss50_trlocradio,32,0.0001,1,64,1,0.2,lr1e-04_bs32_modL1_fusion64_fusionL1_drop0p2_trmiss50_trlocradio,48,0.40518192450205487,0.6787839531898499,0.6176470588235294,0.7420590697122853,0.6444444444444445,0.0,0.0,0.0,0.0,0.0,0.0,0.0,0.0,0.0,2002,radio,0.5
5,2,lr1e-04_bs32_modL1_fusion64_fusionL1_drop0p2_trmiss50_trlocradio,32,0.0001,1,64,1,0.2,lr1e-04_bs32_modL1_fusion64_fusionL1_drop0p2_trmiss50_trlocradio,49,0.4211058368285497,0.6816090941429138,0.6134453781512605,0.7395778667047666,0.6444444444444445,0.0,0.0,0.0,0.0,0.0,0.0,0.0,0.0,0.0,2002,radio,0.5
5,2,lr1e-04_bs32_modL1_fusion64_fusionL1_drop0p2_trmiss50_trlocradio,32,0.0001,1,64,1,0.2,lr1e-04_bs32_modL1_fusion64_fusionL1_drop0p2_trmiss50_trlocradio,50,0.39131811757882434,0.6797991991043091,0.6113445378151261,0.736980464107364,0.6444444444444445,0.0,0.0,0.0,0.0,0.0,0.0,0.0,0.0,0.0,2002,radio,0.5
5,2,lr1e-04_bs32_modL1_fusion64_fusionL1_drop0p2_trmiss50_trlocradio,32,0.0001,1,64,1,0.2,lr1e-04_bs32_modL1_fusion64_fusionL1_drop0p2_trmiss50_trlocradio,51,0.40798774858315784,0.6799914836883545,0.6176470588235294,0.7412154973667875,0.6444444444444445,0.0,0.0,0.0,0.0,0.0,0.0,0.0,0.0,0.0,2002,radio,0.5
5,2,lr1e-04_bs32_modL1_fusion64_fusionL1_drop0p2_trmiss50_trlocradio,32,0.0001,1,64,1,0.2,lr1e-04_bs32_modL1_fusion64_fusionL1_drop0p2_trmiss50_trlocradio,52,0.40778682629267377,0.6792824864387512,0.6176470588235294,0.7409912848747731,0.6444444444444445,0.0,0.0,0.0,0.0,0.0,0.0,0.0,0.0,0.0,2002,radio,0.5
5,2,lr1e-04_bs32_modL1_fusion64_fusionL1_drop0p1_trmiss50_trlocradio,32,0.0001,1,64,1,0.1,lr1e-04_bs32_modL1_fusion64_fusionL1_drop0p1_trmiss50_trlocradio,1,0.6693118512630463,0.6871814727783203,0.5987394957983193,0.7244678949905099,0.5555555555555556,0.0,0.0,0.0,0.0,0.0,0.0,0.0,0.0,0.0,2002,radio,0.5
5,2,lr1e-04_bs32_modL1_fusion64_fusionL1_drop0p1_trmiss50_trlocradio,32,0.0001,1,64,1,0.1,lr1e-04_bs32_modL1_fusion64_fusionL1_drop0p1_trmiss50_trlocradio,2,0.6284476021925608,0.6885553896427155,0.5714285714285714,0.6893187385226337,0.6,0.0,0.0,0.0,0.0,0.0,0.0,0.0,0.0,0.0,2002,radio,0.5
5,2,lr1e-04_bs32_modL1_fusion64_fusionL1_drop0p1_trmiss50_trlocradio,32,0.0001,1,64,1,0.1,lr1e-04_bs32_modL1_fusion64_fusionL1_drop0p1_trmiss50_trlocradio,3,0.5989754398663839,0.6907778382301331,0.5483193277310925,0.6575958388010797,0.6444444444444445,0.0,0.0,0.0,0.0,0.0,0.0,0.0,0.0,0.0,2002,radio,0.5
5,2,lr1e-04_bs32_modL1_fusion64_fusionL1_drop0p1_trmiss50_trlocradio,32,0.0001,1,64,1,0.1,lr1e-04_bs32_modL1_fusion64_fusionL1_drop0p1_trmiss50_trlocradio,4,0.5740658442179362,0.6884206831455231,0.5399159663865547,0.6618348182234407,0.6444444444444445,0.0,0.0,0.0,0.0,0.0,0.0,0.0,0.0,0.0,2002,radio,0.5
5,2,lr1e-04_bs32_modL1_fusion64_fusionL1_drop0p1_trmiss50_trlocradio,32,0.0001,1,64,1,0.1,lr1e-04_bs32_modL1_fusion64_fusionL1_drop0p1_trmiss50_trlocradio,5,0.566462884346644,0.6843419969081879,0.5273109243697479,0.6564952546280166,0.6888888888888889,0.0,0.0,0.0,0.0,0.0,0.0,0.0,0.0,0.0,2002,radio,0.5
5,2,lr1e-04_bs32_modL1_fusion64_fusionL1_drop0p1_trmiss50_trlocradio,32,0.0001,1,64,1,0.1,lr1e-04_bs32_modL1_fusion64_fusionL1_drop0p1_trmiss50_trlocradio,6,0.5497606645027796,0.6809550821781158,0.5567226890756303,0.6799189318525561,0.6888888888888889,0.0,0.0,0.0,0.0,0.0,0.0,0.0,0.0,0.0,2002,radio,0.5
5,2,lr1e-04_bs32_modL1_fusion64_fusionL1_drop0p1_trmiss50_trlocradio,32,0.0001,1,64,1,0.1,lr1e-04_bs32_modL1_fusion64_fusionL1_drop0p1_trmiss50_trlocradio,7,0.5348127881685892,0.6864418089389801,0.5567226890756303,0.6754147798230691,0.6888888888888889,0.0,0.0,0.0,0.0,0.0,0.0,0.0,0.0,0.0,2002,radio,0.5
5,2,lr1e-04_bs32_modL1_fusion64_fusionL1_drop0p1_trmiss50_trlocradio,32,0.0001,1,64,1,0.1,lr1e-04_bs32_modL1_fusion64_fusionL1_drop0p1_trmiss50_trlocradio,8,0.5274834632873535,0.6936982870101929,0.5525210084033614,0.6673214674980211,0.6666666666666666,0.0,0.0,0.0,0.0,0.0,0.0,0.0,0.0,0.0,2002,radio,0.5
5,2,lr1e-04_bs32_modL1_fusion64_fusionL1_drop0p1_trmiss50_trlocradio,32,0.0001,1,64,1,0.1,lr1e-04_bs32_modL1_fusion64_fusionL1_drop0p1_trmiss50_trlocradio,9,0.49644068876902264,0.694711834192276,0.5441176470588236,0.6644316468726686,0.6666666666666666,0.0,0.0,0.0,0.0,0.0,0.0,0.0,0.0,0.0,2002,radio,0.5
5,2,lr1e-04_bs32_modL1_fusion64_fusionL1_drop0p1_trmiss50_trlocradio,32,0.0001,1,64,1,0.1,lr1e-04_bs32_modL1_fusion64_fusionL1_drop0p1_trmiss50_trlocradio,10,0.4979839126269023,0.6922149956226349,0.5504201680672269,0.650250181144001,0.6666666666666666,0.0,0.0,0.0,0.0,0.0,0.0,0.0,0.0,0.0,2002,radio,0.5
5,2,lr1e-04_bs32_modL1_fusion64_fusionL1_drop0p1_trmiss50_trlocradio,32,0.0001,1,64,1,0.1,lr1e-04_bs32_modL1_fusion64_fusionL1_drop0p1_trmiss50_trlocradio,11,0.4766441782315572,0.68527951836586,0.5651260504201681,0.6851901101170508,0.6666666666666666,0.0,0.0,0.0,0.0,0.0,0.0,0.0,0.0,0.0,2002,radio,0.5
5,2,lr1e-04_bs32_modL1_fusion64_fusionL1_drop0p1_trmiss50_trlocradio,32,0.0001,1,64,1,0.1,lr1e-04_bs32_modL1_fusion64_fusionL1_drop0p1_trmiss50_trlocradio,12,0.46761168042818707,0.6834377646446228,0.5777310924369747,0.6927203977435682,0.6444444444444445,0.0,0.0,0.0,0.0,0.0,0.0,0.0,0.0,0.0,2002,radio,0.5
5,2,lr1e-04_bs32_modL1_fusion64_fusionL1_drop0p1_trmiss50_trlocradio,32,0.0001,1,64,1,0.1,lr1e-04_bs32_modL1_fusion64_fusionL1_drop0p1_trmiss50_trlocradio,13,0.4571649680534999,0.6854702234268188,0.5714285714285714,0.6698912108014781,0.6444444444444445,0.0,0.0,0.0,0.0,0.0,0.0,0.0,0.0,0.0,2002,radio,0.5
5,2,lr1e-04_bs32_modL1_fusion64_fusionL1_drop0p1_trmiss50_trlocradio,32,0.0001,1,64,1,0.1,lr1e-04_bs32_modL1_fusion64_fusionL1_drop0p1_trmiss50_trlocradio,14,0.45304689804712933,0.6887832283973694,0.5735294117647058,0.6673571973194579,0.6444444444444445,0.0,0.0,0.0,0.0,0.0,0.0,0.0,0.0,0.0,2002,radio,0.5
5,2,lr1e-04_bs32_modL1_fusion64_fusionL1_drop0p1_trmiss50_trlocradio,32,0.0001,1,64,1,0.1,lr1e-04_bs32_modL1_fusion64_fusionL1_drop0p1_trmiss50_trlocradio,15,0.44450851778189343,0.6930141746997833,0.5567226890756303,0.6500661108283516,0.6444444444444445,0.0,0.0,0.0,0.0,0.0,0.0,0.0,0.0,0.0,2002,radio,0.5
5,2,lr1e-04_bs32_modL1_fusion64_fusionL1_drop0p1_trmiss50_trlocradio,32,0.0001,1,64,1,0.1,lr1e-04_bs32_modL1_fusion64_fusionL1_drop0p1_trmiss50_trlocradio,16,0.4354963004589081,0.6911998987197876,0.5567226890756303,0.652953177556298,0.6222222222222222,0.0,0.0,0.0,0.0,0.0,0.0,0.0,0.0,0.0,2002,radio,0.5
5,2,lr1e-04_bs32_modL1_fusion64_fusionL1_drop0p1_trmiss50_trlocradio,32,0.0001,1,64,1,0.1,lr1e-04_bs32_modL1_fusion64_fusionL1_drop0p1_trmiss50_trlocradio,17,0.425301526983579,0.688447505235672,0.5588235294117647,0.6630446525803252,0.6222222222222222,0.0,0.0,0.0,0.0,0.0,0.0,0.0,0.0,0.0,2002,radio,0.5
5,2,lr1e-04_bs32_modL1_fusion64_fusionL1_drop0p1_trmiss50_trlocradio,32,0.0001,1,64,1,0.1,lr1e-04_bs32_modL1_fusion64_fusionL1_drop0p1_trmiss50_trlocradio,18,0.42776745061079663,0.6869640350341797,0.5651260504201681,0.6927220044555372,0.6222222222222222,0.0,0.0,0.0,0.0,0.0,0.0,0.0,0.0,0.0,2002,radio,0.5
5,2,lr1e-04_bs32_modL1_fusion64_fusionL1_drop0p1_trmiss50_trlocradio,32,0.0001,1,64,1,0.1,lr1e-04_bs32_modL1_fusion64_fusionL1_drop0p1_trmiss50_trlocradio,19,0.4273836016654968,0.6858975887298584,0.5588235294117647,0.6919924372663427,0.6222222222222222,0.0,0.0,0.0,0.0,0.0,0.0,0.0,0.0,0.0,2002,radio,0.5
5,2,lr1e-04_bs32_modL1_fusion64_fusionL1_drop0p1_trmiss50_trlocradio,32,0.0001,1,64,1,0.1,lr1e-04_bs32_modL1_fusion64_fusionL1_drop0p1_trmiss50_trlocradio,20,0.4158892830212911,0.6864925026893616,0.5651260504201681,0.6950462674940859,0.6222222222222222,0.0,0.0,0.0,0.0,0.0,0.0,0.0,0.0,0.0,2002,radio,0.5
5,2,lr1e-04_bs32_modL1_fusion64_fusionL1_drop0p1_trmiss50_trlocradio,32,0.0001,1,64,1,0.1,lr1e-04_bs32_modL1_fusion64_fusionL1_drop0p1_trmiss50_trlocradio,21,0.4191664357980092,0.6872718036174774,0.5714285714285714,0.685816630773337,0.6222222222222222,0.0,0.0,0.0,0.0,0.0,0.0,0.0,0.0,0.0,2002,radio,0.5
5,2,lr1e-04_bs32_modL1_fusion64_fusionL1_drop0p1_trmiss50_trlocradio,32,0.0001,1,64,1,0.1,lr1e-04_bs32_modL1_fusion64_fusionL1_drop0p1_trmiss50_trlocradio,22,0.412793497244517,0.688389003276825,0.5714285714285714,0.6692349981202758,0.6222222222222222,0.0,0.0,0.0,0.0,0.0,0.0,0.0,0.0,0.0,2002,radio,0.5
5,2,lr1e-04_bs32_modL1_fusion64_fusionL1_drop0p1_trmiss50_trlocradio,32,0.0001,1,64,1,0.1,lr1e-04_bs32_modL1_fusion64_fusionL1_drop0p1_trmiss50_trlocradio,23,0.4237952431042989,0.6917501389980316,0.5651260504201681,0.6562175582894789,0.6222222222222222,0.0,0.0,0.0,0.0,0.0,0.0,0.0,0.0,0.0,2002,radio,0.5
5,2,lr1e-04_bs32_modL1_fusion64_fusionL1_drop0p1_trmiss50_trlocradio,32,0.0001,1,64,1,0.1,lr1e-04_bs32_modL1_fusion64_fusionL1_drop0p1_trmiss50_trlocradio,24,0.41664103666941327,0.6909830272197723,0.569327731092437,0.6607010717292066,0.6222222222222222,0.0,0.0,0.0,0.0,0.0,0.0,0.0,0.0,0.0,2002,radio,0.5
5,2,lr1e-04_bs32_modL1_fusion64_fusionL1_drop0p1_trmiss50_trlocradio,32,0.0001,1,64,1,0.1,lr1e-04_bs32_modL1_fusion64_fusionL1_drop0p1_trmiss50_trlocradio,25,0.39673881729443866,0.6912063956260681,0.5735294117647058,0.6652864831295391,0.6222222222222222,0.0,0.0,0.0,0.0,0.0,0.0,0.0,0.0,0.0,2002,radio,0.5
5,2,lr1e-04_bs32_modL1_fusion64_fusionL1_drop0p1_trmiss50_trlocradio,32,0.0001,1,64,1,0.1,lr1e-04_bs32_modL1_fusion64_fusionL1_drop0p1_trmiss50_trlocradio,26,0.4026889204978943,0.6915218532085419,0.569327731092437,0.6632030074628497,0.6222222222222222,0.0,0.0,0.0,0.0,0.0,0.0,0.0,0.0,0.0,2002,radio,0.5
5,2,lr1e-04_bs32_modL1_fusion64_fusionL1_drop0p1_trmiss50_trlocradio,32,0.0001,1,64,1,0.1,lr1e-04_bs32_modL1_fusion64_fusionL1_drop0p1_trmiss50_trlocradio,27,0.3981869916121165,0.6912141740322113,0.5714285714285714,0.6623102926533486,0.6222222222222222,0.0,0.0,0.0,0.0,0.0,0.0,0.0,0.0,0.0,2002,radio,0.5
5,2,lr1e-04_bs32_modL1_fusion64_fusionL1_drop0p1_trmiss50_trlocradio,32,0.0001,1,64,1,0.1,lr1e-04_bs32_modL1_fusion64_fusionL1_drop0p1_trmiss50_trlocradio,28,0.3981551577647527,0.6900339424610138,0.5735294117647058,0.6652864831295391,0.6222222222222222,0.0,0.0,0.0,0.0,0.0,0.0,0.0,0.0,0.0,2002,radio,0.5
5,2,lr1e-04_bs32_modL1_fusion64_fusionL1_drop0p1_trmiss50_trlocradio,32,0.0001,1,64,1,0.1,lr1e-04_bs32_modL1_fusion64_fusionL1_drop0p1_trmiss50_trlocradio,29,0.40618203580379486,0.6902449727058411,0.5714285714285714,0.664212819990011,0.6222222222222222,0.0,0.0,0.0,0.0,0.0,0.0,0.0,0.0,0.0,2002,radio,0.5
5,2,lr1e-04_bs32_modL1_fusion64_fusionL1_drop0p1_trmiss50_trlocradio,32,0.0001,1,64,1,0.1,lr1e-04_bs32_modL1_fusion64_fusionL1_drop0p1_trmiss50_trlocradio,30,0.40717602769533795,0.6904457211494446,0.5777310924369747,0.6719391441939649,0.6,0.0,0.0,0.0,0.0,0.0,0.0,0.0,0.0,0.0,2002,radio,0.5
5,2,lr1e-04_bs32_modL1_fusion64_fusionL1_drop0p1_trmiss50_trlocradio,32,0.0001,1,64,1,0.1,lr1e-04_bs32_modL1_fusion64_fusionL1_drop0p1_trmiss50_trlocradio,31,0.3976144591967265,0.6917543709278107,0.5735294117647058,0.6691463604137861,0.6,0.0,0.0,0.0,0.0,0.0,0.0,0.0,0.0,0.0,2002,radio,0.5
5,2,lr1e-04_bs32_modL1_fusion64_fusionL1_drop0p1_trmiss50_trlocradio,32,0.0001,1,64,1,0.1,lr1e-04_bs32_modL1_fusion64_fusionL1_drop0p1_trmiss50_trlocradio,32,0.3907327950000763,0.6918266415596008,0.5756302521008403,0.6704218706178678,0.6,0.0,0.0,0.0,0.0,0.0,0.0,0.0,0.0,0.0,2002,radio,0.5
5,3,lr5e-05_bs16_modL1_fusion32_fusionL1_drop0p2_trmiss50_trlocradio,16,5e-05,1,32,1,0.2,lr5e-05_bs16_modL1_fusion32_fusionL1_drop0p2_trmiss50_trlocradio,1,0.6946971267461777,0.6786982814470927,0.5172413793103449,0.6597799049849268,0.6222222222222222,0.0,0.0,0.0,0.0,0.0,0.0,0.0,0.0,0.0,2002,radio,0.5
5,3,lr5e-05_bs16_modL1_fusion32_fusionL1_drop0p2_trmiss50_trlocradio,16,5e-05,1,32,1,0.2,lr5e-05_bs16_modL1_fusion32_fusionL1_drop0p2_trmiss50_trlocradio,2,0.6512523889541626,0.6822683413823446,0.5107758620689655,0.6806527135466119,0.5333333333333333,0.0,0.0,0.0,0.0,0.0,0.0,0.0,0.0,0.0,2002,radio,0.5
5,3,lr5e-05_bs16_modL1_fusion32_fusionL1_drop0p2_trmiss50_trlocradio,16,5e-05,1,32,1,0.2,lr5e-05_bs16_modL1_fusion32_fusionL1_drop0p2_trmiss50_trlocradio,3,0.6385985016822815,0.6870260636011759,0.4806034482758621,0.6655546981337573,0.5333333333333333,0.0,0.0,0.0,0.0,0.0,0.0,0.0,0.0,0.0,2002,radio,0.5
5,3,lr5e-05_bs16_modL1_fusion32_fusionL1_drop0p2_trmiss50_trlocradio,16,5e-05,1,32,1,0.2,lr5e-05_bs16_modL1_fusion32_fusionL1_drop0p2_trmiss50_trlocradio,4,0.6366223692893982,0.6842560768127441,0.5064655172413793,0.6742004128302549,0.5555555555555556,0.0,0.0,0.0,0.0,0.0,0.0,0.0,0.0,0.0,2002,radio,0.5
5,3,lr5e-05_bs16_modL1_fusion32_fusionL1_drop0p2_trmiss50_trlocradio,16,5e-05,1,32,1,0.2,lr5e-05_bs16_modL1_fusion32_fusionL1_drop0p2_trmiss50_trlocradio,5,0.6396555056174597,0.6859111587206522,0.49784482758620685,0.6727819589063473,0.5111111111111111,0.0,0.0,0.0,0.0,0.0,0.0,0.0,0.0,0.0,2002,radio,0.5
5,3,lr5e-05_bs16_modL1_fusion32_fusionL1_drop0p2_trmiss50_trlocradio,16,5e-05,1,32,1,0.2,lr5e-05_bs16_modL1_fusion32_fusionL1_drop0p2_trmiss50_trlocradio,6,0.6020751843849818,0.6873899499575297,0.5150862068965518,0.6817997181371914,0.5555555555555556,0.0,0.0,0.0,0.0,0.0,0.0,0.0,0.0,0.0,2002,radio,0.5
5,3,lr5e-05_bs16_modL1_fusion32_fusionL1_drop0p2_trmiss50_trlocradio,16,5e-05,1,32,1,0.2,lr5e-05_bs16_modL1_fusion32_fusionL1_drop0p2_trmiss50_trlocradio,7,0.6179603040218353,0.6834679245948792,0.4978448275862069,0.6815565220946106,0.5555555555555556,0.0,0.0,0.0,0.0,0.0,0.0,0.0,0.0,0.0,2002,radio,0.5
5,3,lr5e-05_bs16_modL1_fusion32_fusionL1_drop0p2_trmiss50_trlocradio,16,5e-05,1,32,1,0.2,lr5e-05_bs16_modL1_fusion32_fusionL1_drop0p2_trmiss50_trlocradio,8,0.6045325249433517,0.6933069427808126,0.4892241379310345,0.685536409325454,0.5111111111111111,0.0,0.0,0.0,0.0,0.0,0.0,0.0,0.0,0.0,2002,radio,0.5
5,3,lr5e-05_bs16_modL1_fusion32_fusionL1_drop0p2_trmiss50_trlocradio,16,5e-05,1,32,1,0.2,lr5e-05_bs16_modL1_fusion32_fusionL1_drop0p2_trmiss50_trlocradio,9,0.5970054566860199,0.6864466071128845,0.5021551724137931,0.6943965757204135,0.4888888888888889,0.0,0.0,0.0,0.0,0.0,0.0,0.0,0.0,0.0,2002,radio,0.5
5,3,lr5e-05_bs16_modL1_fusion32_fusionL1_drop0p2_trmiss50_trlocradio,16,5e-05,1,32,1,0.2,lr5e-05_bs16_modL1_fusion32_fusionL1_drop0p2_trmiss50_trlocradio,10,0.591856320699056,0.6805034875869751,0.5193965517241379,0.7006450890798565,0.5333333333333333,0.0,0.0,0.0,0.0,0.0,0.0,0.0,0.0,0.0,2002,radio,0.5
5,3,lr5e-05_bs16_modL1_fusion32_fusionL1_drop0p2_trmiss50_trlocradio,16,5e-05,1,32,1,0.2,lr5e-05_bs16_modL1_fusion32_fusionL1_drop0p2_trmiss50_trlocradio,11,0.591066541771094,0.6907383998235067,0.5150862068965517,0.7022838266381787,0.5111111111111111,0.0,0.0,0.0,0.0,0.0,0.0,0.0,0.0,0.0,2002,radio,0.5
5,3,lr5e-05_bs16_modL1_fusion32_fusionL1_drop0p2_trmiss50_trlocradio,16,5e-05,1,32,1,0.2,lr5e-05_bs16_modL1_fusion32_fusionL1_drop0p2_trmiss50_trlocradio,12,0.5635658552249273,0.692541758219401,0.5280172413793103,0.7028774629422546,0.4888888888888889,0.0,0.0,0.0,0.0,0.0,0.0,0.0,0.0,0.0,2002,radio,0.5
5,3,lr5e-05_bs16_modL1_fusion32_fusionL1_drop0p2_trmiss50_trlocradio,16,5e-05,1,32,1,0.2,lr5e-05_bs16_modL1_fusion32_fusionL1_drop0p2_trmiss50_trlocradio,13,0.563221295674642,0.6948926250139872,0.5193965517241379,0.6947261181967951,0.4888888888888889,0.0,0.0,0.0,0.0,0.0,0.0,0.0,0.0,0.0,2002,radio,0.5
5,3,lr5e-05_bs16_modL1_fusion32_fusionL1_drop0p2_trmiss50_trlocradio,16,5e-05,1,32,1,0.2,lr5e-05_bs16_modL1_fusion32_fusionL1_drop0p2_trmiss50_trlocradio,14,0.587535579999288,0.685306191444397,0.5366379310344828,0.7016179973396824,0.5333333333333333,0.0,0.0,0.0,0.0,0.0,0.0,0.0,0.0,0.0,2002,radio,0.5
5,3,lr5e-05_bs16_modL1_fusion32_fusionL1_drop0p2_trmiss50_trlocradio,16,5e-05,1,32,1,0.2,lr5e-05_bs16_modL1_fusion32_fusionL1_drop0p2_trmiss50_trlocradio,15,0.5340578854084015,0.6886237661043803,0.5366379310344828,0.7135527653540316,0.4666666666666667,0.0,0.0,0.0,0.0,0.0,0.0,0.0,0.0,0.0,2002,radio,0.5
5,3,lr5e-05_bs16_modL1_fusion32_fusionL1_drop0p2_trmiss50_trlocradio,16,5e-05,1,32,1,0.2,lr5e-05_bs16_modL1_fusion32_fusionL1_drop0p2_trmiss50_trlocradio,16,0.5511262764533361,0.6911642551422119,0.5280172413793103,0.7115824636482585,0.4888888888888889,0.0,0.0,0.0,0.0,0.0,0.0,0.0,0.0,0.0,2002,radio,0.5
5,3,lr5e-05_bs16_modL1_fusion32_fusionL1_drop0p2_trmiss50_trlocradio,16,5e-05,1,32,1,0.2,lr5e-05_bs16_modL1_fusion32_fusionL1_drop0p2_trmiss50_trlocradio,17,0.5638140439987183,0.6840945680936178,0.5258620689655172,0.7090517400561417,0.5555555555555556,0.0,0.0,0.0,0.0,0.0,0.0,0.0,0.0,0.0,2002,radio,0.5
5,3,lr5e-05_bs16_modL1_fusion32_fusionL1_drop0p2_trmiss50_trlocradio,16,5e-05,1,32,1,0.2,lr5e-05_bs16_modL1_fusion32_fusionL1_drop0p2_trmiss50_trlocradio,18,0.5706656823555628,0.6759068568547567,0.540948275862069,0.7159785268698448,0.6,0.0,0.0,0.0,0.0,0.0,0.0,0.0,0.0,0.0,2002,radio,0.5
5,3,lr5e-05_bs16_modL1_fusion32_fusionL1_drop0p2_trmiss50_trlocradio,16,5e-05,1,32,1,0.2,lr5e-05_bs16_modL1_fusion32_fusionL1_drop0p2_trmiss50_trlocradio,19,0.5699837654829025,0.6850828925768534,0.5280172413793104,0.7080228678889616,0.5555555555555556,0.0,0.0,0.0,0.0,0.0,0.0,0.0,0.0,0.0,2002,radio,0.5
5,3,lr5e-05_bs16_modL1_fusion32_fusionL1_drop0p2_trmiss50_trlocradio,16,5e-05,1,32,1,0.2,lr5e-05_bs16_modL1_fusion32_fusionL1_drop0p2_trmiss50_trlocradio,20,0.5719078183174133,0.6873307824134827,0.5301724137931034,0.7113628311245416,0.5111111111111111,0.0,0.0,0.0,0.0,0.0,0.0,0.0,0.0,0.0,2002,radio,0.5
5,3,lr5e-05_bs16_modL1_fusion32_fusionL1_drop0p2_trmiss50_trlocradio,16,5e-05,1,32,1,0.2,lr5e-05_bs16_modL1_fusion32_fusionL1_drop0p2_trmiss50_trlocradio,21,0.5760919998089472,0.6819844643274943,0.5452586206896552,0.7094040607999567,0.5555555555555556,0.0,0.0,0.0,0.0,0.0,0.0,0.0,0.0,0.0,2002,radio,0.5
5,3,lr5e-05_bs16_modL1_fusion32_fusionL1_drop0p2_trmiss50_trlocradio,16,5e-05,1,32,1,0.2,lr5e-05_bs16_modL1_fusion32_fusionL1_drop0p2_trmiss50_trlocradio,22,0.546869695186615,0.6788225173950195,0.5344827586206897,0.7053543240218968,0.6,0.0,0.0,0.0,0.0,0.0,0.0,0.0,0.0,0.0,2002,radio,0.5
5,3,lr5e-05_bs16_modL1_fusion32_fusionL1_drop0p2_trmiss50_trlocradio,16,5e-05,1,32,1,0.2,lr5e-05_bs16_modL1_fusion32_fusionL1_drop0p2_trmiss50_trlocradio,23,0.5595233539740244,0.6878507932027181,0.540948275862069,0.71716488390744,0.5333333333333333,0.0,0.0,0.0,0.0,0.0,0.0,0.0,0.0,0.0,2002,radio,0.5
5,3,lr5e-05_bs16_modL1_fusion32_fusionL1_drop0p2_trmiss50_trlocradio,16,5e-05,1,32,1,0.2,lr5e-05_bs16_modL1_fusion32_fusionL1_drop0p2_trmiss50_trlocradio,24,0.541093111038208,0.6893984079360962,0.5301724137931034,0.714990692774985,0.5333333333333333,0.0,0.0,0.0,0.0,0.0,0.0,0.0,0.0,0.0,2002,radio,0.5
5,3,lr5e-05_bs16_modL1_fusion32_fusionL1_drop0p2_trmiss50_trlocradio,16,5e-05,1,32,1,0.2,lr5e-05_bs16_modL1_fusion32_fusionL1_drop0p2_trmiss50_trlocradio,25,0.5584097405274709,0.6842978199323019,0.5431034482758621,0.7142139178834582,0.5777777777777777,0.0,0.0,0.0,0.0,0.0,0.0,0.0,0.0,0.0,2002,radio,0.5
5,3,lr5e-05_bs16_modL1_fusion32_fusionL1_drop0p2_trmiss50_trlocradio,16,5e-05,1,32,1,0.2,lr5e-05_bs16_modL1_fusion32_fusionL1_drop0p2_trmiss50_trlocradio,26,0.5292613406976064,0.6854317585627238,0.5301724137931034,0.7081667937582408,0.5333333333333333,0.0,0.0,0.0,0.0,0.0,0.0,0.0,0.0,0.0,2002,radio,0.5
5,3,lr5e-05_bs16_modL1_fusion32_fusionL1_drop0p2_trmiss50_trlocradio,16,5e-05,1,32,1,0.2,lr5e-05_bs16_modL1_fusion32_fusionL1_drop0p2_trmiss50_trlocradio,27,0.5423180336753527,0.685935397942861,0.5387931034482758,0.7064236259204345,0.5111111111111111,0.0,0.0,0.0,0.0,0.0,0.0,0.0,0.0,0.0,2002,radio,0.5
5,3,lr5e-05_bs16_modL1_fusion32_fusionL1_drop0p2_trmiss50_trlocradio,16,5e-05,1,32,1,0.2,lr5e-05_bs16_modL1_fusion32_fusionL1_drop0p2_trmiss50_trlocradio,28,0.5529995560646057,0.6850518186887106,0.5323275862068966,0.7037865097425279,0.5111111111111111,0.0,0.0,0.0,0.0,0.0,0.0,0.0,0.0,0.0,2002,radio,0.5
5,3,lr5e-05_bs16_modL1_fusion32_fusionL1_drop0p2_trmiss50_trlocradio,16,5e-05,1,32,1,0.2,lr5e-05_bs16_modL1_fusion32_fusionL1_drop0p2_trmiss50_trlocradio,29,0.5554200535019239,0.6870046456654867,0.5474137931034484,0.7115756056414612,0.5333333333333333,0.0,0.0,0.0,0.0,0.0,0.0,0.0,0.0,0.0,2002,radio,0.5
5,3,lr5e-05_bs16_modL1_fusion32_fusionL1_drop0p2_trmiss50_trlocradio,16,5e-05,1,32,1,0.2,lr5e-05_bs16_modL1_fusion32_fusionL1_drop0p2_trmiss50_trlocradio,30,0.5409580866495768,0.6900906761487325,0.5193965517241379,0.6930187777286662,0.5111111111111111,0.0,0.0,0.0,0.0,0.0,0.0,0.0,0.0,0.0,2002,radio,0.5
5,3,lr5e-05_bs16_modL1_fusion32_fusionL1_drop0p2_trmiss50_trlocradio,16,5e-05,1,32,1,0.2,lr5e-05_bs16_modL1_fusion32_fusionL1_drop0p2_trmiss50_trlocradio,31,0.5569480036695799,0.6870140433311462,0.5344827586206897,0.7014359693290163,0.4888888888888889,0.0,0.0,0.0,0.0,0.0,0.0,0.0,0.0,0.0,2002,radio,0.5
5,3,lr5e-05_bs16_modL1_fusion32_fusionL1_drop0p2_trmiss50_trlocradio,16,5e-05,1,32,1,0.2,lr5e-05_bs16_modL1_fusion32_fusionL1_drop0p2_trmiss50_trlocradio,32,0.5258161922295889,0.6849324703216553,0.5538793103448276,0.7161119939714121,0.4888888888888889,0.0,0.0,0.0,0.0,0.0,0.0,0.0,0.0,0.0,2002,radio,0.5
5,3,lr5e-05_bs16_modL1_fusion32_fusionL1_drop0p2_trmiss50_trlocradio,16,5e-05,1,32,1,0.2,lr5e-05_bs16_modL1_fusion32_fusionL1_drop0p2_trmiss50_trlocradio,33,0.545503964026769,0.6833800474802653,0.5495689655172414,0.7125317732005222,0.5111111111111111,0.0,0.0,0.0,0.0,0.0,0.0,0.0,0.0,0.0,2002,radio,0.5
5,3,lr5e-05_bs16_modL1_fusion32_fusionL1_drop0p2_trmiss50_trlocradio,16,5e-05,1,32,1,0.2,lr5e-05_bs16_modL1_fusion32_fusionL1_drop0p2_trmiss50_trlocradio,34,0.5595041364431381,0.6872900327046713,0.5280172413793103,0.7093354057893563,0.4666666666666667,0.0,0.0,0.0,0.0,0.0,0.0,0.0,0.0,0.0,2002,radio,0.5
5,3,lr5e-05_bs16_modL1_fusion32_fusionL1_drop0p2_trmiss50_trlocradio,16,5e-05,1,32,1,0.2,lr5e-05_bs16_modL1_fusion32_fusionL1_drop0p2_trmiss50_trlocradio,35,0.5495938708384832,0.6857418417930603,0.5237068965517241,0.7054884082129411,0.5333333333333333,0.0,0.0,0.0,0.0,0.0,0.0,0.0,0.0,0.0,2002,radio,0.5
5,3,lr5e-05_bs16_modL1_fusion32_fusionL1_drop0p2_trmiss50_trlocradio,16,5e-05,1,32,1,0.2,lr5e-05_bs16_modL1_fusion32_fusionL1_drop0p2_trmiss50_trlocradio,36,0.5564698750774065,0.6924143632253011,0.5301724137931034,0.7055815900996643,0.5111111111111111,0.0,0.0,0.0,0.0,0.0,0.0,0.0,0.0,0.0,2002,radio,0.5
5,3,lr5e-05_bs16_modL1_fusion32_fusionL1_drop0p2_trmiss50_trlocradio,16,5e-05,1,32,1,0.2,lr5e-05_bs16_modL1_fusion32_fusionL1_drop0p2_trmiss50_trlocradio,37,0.5386042967438698,0.6843697230021158,0.5517241379310345,0.7198552888975717,0.5777777777777777,0.0,0.0,0.0,0.0,0.0,0.0,0.0,0.0,0.0,2002,radio,0.5
5,3,lr5e-05_bs16_modL1_fusion32_fusionL1_drop0p2_trmiss50_trlocradio,16,5e-05,1,32,1,0.2,lr5e-05_bs16_modL1_fusion32_fusionL1_drop0p2_trmiss50_trlocradio,38,0.539734922349453,0.6882935563723246,0.5280172413793104,0.7057919234504323,0.5333333333333333,0.0,0.0,0.0,0.0,0.0,0.0,0.0,0.0,0.0,2002,radio,0.5
5,3,lr5e-05_bs16_modL1_fusion32_fusionL1_drop0p2_trmiss50_trlocradio,16,5e-05,1,32,1,0.2,lr5e-05_bs16_modL1_fusion32_fusionL1_drop0p2_trmiss50_trlocradio,39,0.5397245039542516,0.6863358020782471,0.5323275862068966,0.7056111431442357,0.5111111111111111,0.0,0.0,0.0,0.0,0.0,0.0,0.0,0.0,0.0,2002,radio,0.5
5,3,lr5e-05_bs16_modL1_fusion32_fusionL1_drop0p2_trmiss50_trlocradio,16,5e-05,1,32,1,0.2,lr5e-05_bs16_modL1_fusion32_fusionL1_drop0p2_trmiss50_trlocradio,40,0.5630588134129842,0.6891996264457703,0.5387931034482758,0.7093607892007073,0.5333333333333333,0.0,0.0,0.0,0.0,0.0,0.0,0.0,0.0,0.0,2002,radio,0.5
5,3,lr5e-05_bs16_modL1_fusion32_fusionL1_drop0p2_trmiss50_trlocradio,16,5e-05,1,32,1,0.2,lr5e-05_bs16_modL1_fusion32_fusionL1_drop0p2_trmiss50_trlocradio,41,0.5497885843118032,0.6868340770403544,0.5431034482758621,0.7160063713794808,0.5333333333333333,0.0,0.0,0.0,0.0,0.0,0.0,0.0,0.0,0.0,2002,radio,0.5
5,3,lr5e-05_bs16_modL1_fusion32_fusionL1_drop0p2_trmiss50_trlocradio,16,5e-05,1,32,1,0.2,lr5e-05_bs16_modL1_fusion32_fusionL1_drop0p2_trmiss50_trlocradio,42,0.5521750673651695,0.6830528179804484,0.5538793103448276,0.7192220134103605,0.5555555555555556,0.0,0.0,0.0,0.0,0.0,0.0,0.0,0.0,0.0,2002,radio,0.5
5,3,lr5e-05_bs16_modL1_fusion32_fusionL1_drop0p2_trmiss50_trlocradio,16,5e-05,1,32,1,0.2,lr5e-05_bs16_modL1_fusion32_fusionL1_drop0p2_trmiss50_trlocradio,43,0.5403576120734215,0.6787280837694804,0.5581896551724137,0.7229997925351858,0.6222222222222222,0.0,0.0,0.0,0.0,0.0,0.0,0.0,0.0,0.0,2002,radio,0.5
5,3,lr5e-05_bs16_modL1_fusion32_fusionL1_drop0p2_trmiss50_trlocradio,16,5e-05,1,32,1,0.2,lr5e-05_bs16_modL1_fusion32_fusionL1_drop0p2_trmiss50_trlocradio,44,0.5391987015803655,0.6803599198659261,0.5560344827586207,0.7232164128247834,0.5555555555555556,0.0,0.0,0.0,0.0,0.0,0.0,0.0,0.0,0.0,2002,radio,0.5
5,3,lr5e-05_bs16_modL1_fusion32_fusionL1_drop0p2_trmiss50_trlocradio,16,5e-05,1,32,1,0.2,lr5e-05_bs16_modL1_fusion32_fusionL1_drop0p2_trmiss50_trlocradio,45,0.5401918962597847,0.6846990784009298,0.5452586206896552,0.7211904808708268,0.5111111111111111,0.0,0.0,0.0,0.0,0.0,0.0,0.0,0.0,0.0,2002,radio,0.5
5,3,lr5e-05_bs16_modL1_fusion32_fusionL1_drop0p2_trmiss50_trlocradio,16,5e-05,1,32,1,0.2,lr5e-05_bs16_modL1_fusion32_fusionL1_drop0p2_trmiss50_trlocradio,46,0.5316725795467695,0.683080236117045,0.5474137931034482,0.7118224341405789,0.5555555555555556,0.0,0.0,0.0,0.0,0.0,0.0,0.0,0.0,0.0,2002,radio,0.5
5,3,lr5e-05_bs16_modL1_fusion32_fusionL1_drop0p2_trmiss50_trlocradio,16,5e-05,1,32,1,0.2,lr5e-05_bs16_modL1_fusion32_fusionL1_drop0p2_trmiss50_trlocradio,47,0.5469921330610911,0.6834690570831299,0.5387931034482758,0.7035900770046098,0.5777777777777777,0.0,0.0,0.0,0.0,0.0,0.0,0.0,0.0,0.0,2002,radio,0.5
5,3,lr5e-05_bs16_modL1_fusion32_fusionL1_drop0p2_trmiss50_trlocradio,16,5e-05,1,32,1,0.2,lr5e-05_bs16_modL1_fusion32_fusionL1_drop0p2_trmiss50_trlocradio,48,0.5139146571358045,0.6778170069058737,0.5495689655172414,0.7196956455832154,0.5777777777777777,0.0,0.0,0.0,0.0,0.0,0.0,0.0,0.0,0.0,2002,radio,0.5
5,3,lr5e-05_bs16_modL1_fusion32_fusionL1_drop0p2_trmiss50_trlocradio,16,5e-05,1,32,1,0.2,lr5e-05_bs16_modL1_fusion32_fusionL1_drop0p2_trmiss50_trlocradio,49,0.5302528167764345,0.6850095788637797,0.540948275862069,0.7156061372629293,0.5333333333333333,0.0,0.0,0.0,0.0,0.0,0.0,0.0,0.0,0.0,2002,radio,0.5
5,3,lr5e-05_bs16_modL1_fusion32_fusionL1_drop0p2_trmiss50_trlocradio,16,5e-05,1,32,1,0.2,lr5e-05_bs16_modL1_fusion32_fusionL1_drop0p2_trmiss50_trlocradio,50,0.5366640190283457,0.6805190046628317,0.5387931034482758,0.7166560875763729,0.5777777777777777,0.0,0.0,0.0,0.0,0.0,0.0,0.0,0.0,0.0,2002,radio,0.5
5,3,lr5e-05_bs16_modL1_fusion32_fusionL1_drop0p2_trmiss50_trlocradio,16,5e-05,1,32,1,0.2,lr5e-05_bs16_modL1_fusion32_fusionL1_drop0p2_trmiss50_trlocradio,51,0.5393859098354975,0.6770585378011068,0.5560344827586207,0.71350555537744,0.6,0.0,0.0,0.0,0.0,0.0,0.0,0.0,0.0,0.0,2002,radio,0.5
5,3,lr5e-05_bs16_modL1_fusion32_fusionL1_drop0p2_trmiss50_trlocradio,16,5e-05,1,32,1,0.2,lr5e-05_bs16_modL1_fusion32_fusionL1_drop0p2_trmiss50_trlocradio,52,0.5480270435412725,0.6810478369394938,0.5431034482758621,0.7104523321753885,0.5777777777777777,0.0,0.0,0.0,0.0,0.0,0.0,0.0,0.0,0.0,2002,radio,0.5
5,3,lr5e-05_bs16_modL1_fusion32_fusionL1_drop0p2_trmiss50_trlocradio,16,5e-05,1,32,1,0.2,lr5e-05_bs16_modL1_fusion32_fusionL1_drop0p2_trmiss50_trlocradio,53,0.54525704930226,0.6798396507898966,0.5495689655172414,0.715672543966888,0.6,0.0,0.0,0.0,0.0,0.0,0.0,0.0,0.0,0.0,2002,radio,0.5
5,3,lr5e-05_bs16_modL1_fusion32_fusionL1_drop0p2_trmiss50_trlocradio,16,5e-05,1,32,1,0.2,lr5e-05_bs16_modL1_fusion32_fusionL1_drop0p2_trmiss50_trlocradio,54,0.5599762300650278,0.6866515278816223,0.5517241379310345,0.7224116350362657,0.5111111111111111,0.0,0.0,0.0,0.0,0.0,0.0,0.0,0.0,0.0,2002,radio,0.5
5,3,lr5e-05_bs16_modL1_fusion32_fusionL1_drop0p2_trmiss50_trlocradio,16,5e-05,1,32,1,0.2,lr5e-05_bs16_modL1_fusion32_fusionL1_drop0p2_trmiss50_trlocradio,55,0.5464790314435959,0.6901548107465109,0.5452586206896551,0.7183841849474807,0.4888888888888889,0.0,0.0,0.0,0.0,0.0,0.0,0.0,0.0,0.0,2002,radio,0.5
5,3,lr5e-05_bs16_modL1_fusion32_fusionL1_drop0p2_trmiss50_trlocradio,16,5e-05,1,32,1,0.2,lr5e-05_bs16_modL1_fusion32_fusionL1_drop0p2_trmiss50_trlocradio,56,0.534691758453846,0.6828915675481161,0.5474137931034483,0.7211176877852263,0.5333333333333333,0.0,0.0,0.0,0.0,0.0,0.0,0.0,0.0,0.0,2002,radio,0.5
5,3,lr5e-05_bs16_modL1_fusion32_fusionL1_drop0p2_trmiss50_trlocradio,16,5e-05,1,32,1,0.2,lr5e-05_bs16_modL1_fusion32_fusionL1_drop0p2_trmiss50_trlocradio,57,0.5304044634103775,0.6861009200414022,0.5344827586206896,0.7093841314619019,0.5333333333333333,0.0,0.0,0.0,0.0,0.0,0.0,0.0,0.0,0.0,2002,radio,0.5
5,3,lr5e-05_bs16_modL1_fusion32_fusionL1_drop0p2_trmiss50_trlocradio,16,5e-05,1,32,1,0.2,lr5e-05_bs16_modL1_fusion32_fusionL1_drop0p2_trmiss50_trlocradio,58,0.5223040406902631,0.6939379970232645,0.540948275862069,0.7196915238647528,0.4888888888888889,0.0,0.0,0.0,0.0,0.0,0.0,0.0,0.0,0.0,2002,radio,0.5
5,3,lr5e-05_bs16_modL1_fusion32_fusionL1_drop0p2_trmiss50_trlocradio,16,5e-05,1,32,1,0.2,lr5e-05_bs16_modL1_fusion32_fusionL1_drop0p2_trmiss50_trlocradio,59,0.5641100108623505,0.6794465382893881,0.5517241379310345,0.7105242790381968,0.5777777777777777,0.0,0.0,0.0,0.0,0.0,0.0,0.0,0.0,0.0,2002,radio,0.5
5,3,lr5e-05_bs16_modL1_fusion32_fusionL1_drop0p2_trmiss50_trlocradio,16,5e-05,1,32,1,0.2,lr5e-05_bs16_modL1_fusion32_fusionL1_drop0p2_trmiss50_trlocradio,60,0.5295889899134636,0.6866163015365601,0.540948275862069,0.7092819433900502,0.5333333333333333,0.0,0.0,0.0,0.0,0.0,0.0,0.0,0.0,0.0,2002,radio,0.5
5,3,lr5e-05_bs16_modL1_fusion32_fusionL1_drop0p2_trmiss50_trlocradio,16,5e-05,1,32,1,0.2,lr5e-05_bs16_modL1_fusion32_fusionL1_drop0p2_trmiss50_trlocradio,61,0.5373682777086893,0.6875730355580648,0.5366379310344827,0.7117519135811193,0.5333333333333333,0.0,0.0,0.0,0.0,0.0,0.0,0.0,0.0,0.0,2002,radio,0.5
5,3,lr5e-05_bs16_modL1_fusion32_fusionL1_drop0p2_trmiss50_trlocradio,16,5e-05,1,32,1,0.2,lr5e-05_bs16_modL1_fusion32_fusionL1_drop0p2_trmiss50_trlocradio,62,0.5316565881172816,0.6909371614456177,0.5452586206896551,0.7242283866021837,0.5111111111111111,0.0,0.0,0.0,0.0,0.0,0.0,0.0,0.0,0.0,2002,radio,0.5
5,3,lr5e-05_bs16_modL1_fusion32_fusionL1_drop0p2_trmiss50_trlocradio,16,5e-05,1,32,1,0.2,lr5e-05_bs16_modL1_fusion32_fusionL1_drop0p2_trmiss50_trlocradio,63,0.5269977872570356,0.6832204063733419,0.5517241379310345,0.7275383699121968,0.4888888888888889,0.0,0.0,0.0,0.0,0.0,0.0,0.0,0.0,0.0,2002,radio,0.5
5,3,lr5e-05_bs16_modL1_fusion32_fusionL1_drop0p1_trmiss50_trlocradio,16,5e-05,1,32,1,0.1,lr5e-05_bs16_modL1_fusion32_fusionL1_drop0p1_trmiss50_trlocradio,1,0.7146844963232676,0.7065236568450928,0.5711206896551724,0.7224549603442756,0.4888888888888889,0.0,0.0,0.0,0.0,0.0,0.0,0.0,0.0,0.0,2002,radio,0.5
5,3,lr5e-05_bs16_modL1_fusion32_fusionL1_drop0p1_trmiss50_trlocradio,16,5e-05,1,32,1,0.1,lr5e-05_bs16_modL1_fusion32_fusionL1_drop0p1_trmiss50_trlocradio,2,0.6828729659318924,0.7127135992050171,0.5387931034482758,0.7140766162534555,0.4888888888888889,0.0,0.0,0.0,0.0,0.0,0.0,0.0,0.0,0.0,2002,radio,0.5
5,3,lr5e-05_bs16_modL1_fusion32_fusionL1_drop0p1_trmiss50_trlocradio,16,5e-05,1,32,1,0.1,lr5e-05_bs16_modL1_fusion32_fusionL1_drop0p1_trmiss50_trlocradio,3,0.6731123526891073,0.7213309009869894,0.5280172413793103,0.7047496065229566,0.5111111111111111,0.0,0.0,0.0,0.0,0.0,0.0,0.0,0.0,0.0,2002,radio,0.5
5,3,lr5e-05_bs16_modL1_fusion32_fusionL1_drop0p1_trmiss50_trlocradio,16,5e-05,1,32,1,0.1,lr5e-05_bs16_modL1_fusion32_fusionL1_drop0p1_trmiss50_trlocradio,4,0.6572681268056234,0.7246386806170145,0.5344827586206897,0.7130917136032586,0.5333333333333333,0.0,0.0,0.0,0.0,0.0,0.0,0.0,0.0,0.0,2002,radio,0.5
5,3,lr5e-05_bs16_modL1_fusion32_fusionL1_drop0p1_trmiss50_trlocradio,16,5e-05,1,32,1,0.1,lr5e-05_bs16_modL1_fusion32_fusionL1_drop0p1_trmiss50_trlocradio,5,0.6412431101004282,0.7332463065783182,0.5258620689655173,0.7049819387717946,0.4888888888888889,0.0,0.0,0.0,0.0,0.0,0.0,0.0,0.0,0.0,2002,radio,0.5
5,3,lr5e-05_bs16_modL1_fusion32_fusionL1_drop0p1_trmiss50_trlocradio,16,5e-05,1,32,1,0.1,lr5e-05_bs16_modL1_fusion32_fusionL1_drop0p1_trmiss50_trlocradio,6,0.6224014312028885,0.7297555208206177,0.5129310344827586,0.700611649772535,0.4888888888888889,0.0,0.0,0.0,0.0,0.0,0.0,0.0,0.0,0.0,2002,radio,0.5
5,3,lr5e-05_bs16_modL1_fusion32_fusionL1_drop0p1_trmiss50_trlocradio,16,5e-05,1,32,1,0.1,lr5e-05_bs16_modL1_fusion32_fusionL1_drop0p1_trmiss50_trlocradio,7,0.6132863660653433,0.7178526719411215,0.5344827586206897,0.7070202245255177,0.5333333333333333,0.0,0.0,0.0,0.0,0.0,0.0,0.0,0.0,0.0,2002,radio,0.5
5,3,lr5e-05_bs16_modL1_fusion32_fusionL1_drop0p1_trmiss50_trlocradio,16,5e-05,1,32,1,0.1,lr5e-05_bs16_modL1_fusion32_fusionL1_drop0p1_trmiss50_trlocradio,8,0.6120094458262125,0.7236465414365133,0.5323275862068966,0.704056900846433,0.5333333333333333,0.0,0.0,0.0,0.0,0.0,0.0,0.0,0.0,0.0,2002,radio,0.5
5,3,lr5e-05_bs16_modL1_fusion32_fusionL1_drop0p1_trmiss50_trlocradio,16,5e-05,1,32,1,0.1,lr5e-05_bs16_modL1_fusion32_fusionL1_drop0p1_trmiss50_trlocradio,9,0.584227167069912,0.7206807931264242,0.5344827586206897,0.7070392198485058,0.5111111111111111,0.0,0.0,0.0,0.0,0.0,0.0,0.0,0.0,0.0,2002,radio,0.5
5,3,lr5e-05_bs16_modL1_fusion32_fusionL1_drop0p1_trmiss50_trlocradio,16,5e-05,1,32,1,0.1,lr5e-05_bs16_modL1_fusion32_fusionL1_drop0p1_trmiss50_trlocradio,10,0.5876419643561045,0.7187837362289429,0.5603448275862069,0.7226404940363274,0.5333333333333333,0.0,0.0,0.0,0.0,0.0,0.0,0.0,0.0,0.0,2002,radio,0.5
5,3,lr5e-05_bs16_modL1_fusion32_fusionL1_drop0p1_trmiss50_trlocradio,16,5e-05,1,32,1,0.1,lr5e-05_bs16_modL1_fusion32_fusionL1_drop0p1_trmiss50_trlocradio,11,0.5889350722233454,0.7263829112052917,0.5258620689655172,0.7073110816181789,0.5111111111111111,0.0,0.0,0.0,0.0,0.0,0.0,0.0,0.0,0.0,2002,radio,0.5
5,3,lr5e-05_bs16_modL1_fusion32_fusionL1_drop0p1_trmiss50_trlocradio,16,5e-05,1,32,1,0.1,lr5e-05_bs16_modL1_fusion32_fusionL1_drop0p1_trmiss50_trlocradio,12,0.572382335861524,0.7184168100357056,0.521551724137931,0.7052328692927092,0.5333333333333333,0.0,0.0,0.0,0.0,0.0,0.0,0.0,0.0,0.0,2002,radio,0.5
5,3,lr5e-05_bs16_modL1_fusion32_fusionL1_drop0p1_trmiss50_trlocradio,16,5e-05,1,32,1,0.1,lr5e-05_bs16_modL1_fusion32_fusionL1_drop0p1_trmiss50_trlocradio,13,0.5709636956453323,0.7201760411262512,0.5431034482758621,0.7131277083003797,0.5333333333333333,0.0,0.0,0.0,0.0,0.0,0.0,0.0,0.0,0.0,2002,radio,0.5
5,3,lr5e-05_bs16_modL1_fusion32_fusionL1_drop0p1_trmiss50_trlocradio,16,5e-05,1,32,1,0.1,lr5e-05_bs16_modL1_fusion32_fusionL1_drop0p1_trmiss50_trlocradio,14,0.5783274819453558,0.7133267521858215,0.5474137931034482,0.7152819212869352,0.5111111111111111,0.0,0.0,0.0,0.0,0.0,0.0,0.0,0.0,0.0,2002,radio,0.5
5,3,lr5e-05_bs16_modL1_fusion32_fusionL1_drop0p1_trmiss50_trlocradio,16,5e-05,1,32,1,0.1,lr5e-05_bs16_modL1_fusion32_fusionL1_drop0p1_trmiss50_trlocradio,15,0.5637315014998118,0.7231442530949911,0.5517241379310345,0.7183458807601899,0.5777777777777777,0.0,0.0,0.0,0.0,0.0,0.0,0.0,0.0,0.0,2002,radio,0.5
5,3,lr5e-05_bs16_modL1_fusion32_fusionL1_drop0p1_trmiss50_trlocradio,16,5e-05,1,32,1,0.1,lr5e-05_bs16_modL1_fusion32_fusionL1_drop0p1_trmiss50_trlocradio,16,0.5738994230826696,0.7205206155776978,0.5474137931034484,0.7182854381938624,0.5333333333333333,0.0,0.0,0.0,0.0,0.0,0.0,0.0,0.0,0.0,2002,radio,0.5
5,3,lr5e-05_bs16_modL1_fusion32_fusionL1_drop0p1_trmiss50_trlocradio,16,5e-05,1,32,1,0.1,lr5e-05_bs16_modL1_fusion32_fusionL1_drop0p1_trmiss50_trlocradio,17,0.5674709901213646,0.7173974911371866,0.5603448275862069,0.7217606711845044,0.5111111111111111,0.0,0.0,0.0,0.0,0.0,0.0,0.0,0.0,0.0,2002,radio,0.5
5,3,lr5e-05_bs16_modL1_fusion32_fusionL1_drop0p1_trmiss50_trlocradio,16,5e-05,1,32,1,0.1,lr5e-05_bs16_modL1_fusion32_fusionL1_drop0p1_trmiss50_trlocradio,18,0.5695769091447195,0.7262127796808878,0.5387931034482758,0.7150484530460735,0.5777777777777777,0.0,0.0,0.0,0.0,0.0,0.0,0.0,0.0,0.0,2002,radio,0.5
5,3,lr5e-05_bs16_modL1_fusion32_fusionL1_drop0p1_trmiss50_trlocradio,16,5e-05,1,32,1,0.1,lr5e-05_bs16_modL1_fusion32_fusionL1_drop0p1_trmiss50_trlocradio,19,0.5864214822649956,0.7202181021372477,0.5560344827586207,0.720058775589224,0.5555555555555556,0.0,0.0,0.0,0.0,0.0,0.0,0.0,0.0,0.0,2002,radio,0.5
5,3,lr5e-05_bs16_modL1_fusion32_fusionL1_drop0p1_trmiss50_trlocradio,16,5e-05,1,32,1,0.1,lr5e-05_bs16_modL1_fusion32_fusionL1_drop0p1_trmiss50_trlocradio,20,0.5582715893785158,0.7152518033981323,0.5474137931034482,0.7208492282220949,0.5333333333333333,0.0,0.0,0.0,0.0,0.0,0.0,0.0,0.0,0.0,2002,radio,0.5
5,3,lr5e-05_bs16_modL1_fusion32_fusionL1_drop0p1_trmiss50_trlocradio,16,5e-05,1,32,1,0.1,lr5e-05_bs16_modL1_fusion32_fusionL1_drop0p1_trmiss50_trlocradio,21,0.5504819005727768,0.7171039581298828,0.5517241379310345,0.7184559715768062,0.5555555555555556,0.0,0.0,0.0,0.0,0.0,0.0,0.0,0.0,0.0,2002,radio,0.5
5,3,lr5e-05_bs16_modL1_fusion32_fusionL1_drop0p1_trmiss50_trlocradio,16,5e-05,1,32,1,0.1,lr5e-05_bs16_modL1_fusion32_fusionL1_drop0p1_trmiss50_trlocradio,22,0.5676911622285843,0.7194933891296387,0.5431034482758621,0.7184323196750313,0.5555555555555556,0.0,0.0,0.0,0.0,0.0,0.0,0.0,0.0,0.0,2002,radio,0.5
5,3,lr5e-05_bs16_modL1_fusion32_fusionL1_drop0p1_trmiss50_trlocradio,16,5e-05,1,32,1,0.1,lr5e-05_bs16_modL1_fusion32_fusionL1_drop0p1_trmiss50_trlocradio,23,0.5618855456511179,0.7229119340578715,0.5366379310344828,0.7248584713021192,0.5555555555555556,0.0,0.0,0.0,0.0,0.0,0.0,0.0,0.0,0.0,2002,radio,0.5
5,3,lr5e-05_bs16_modL1_fusion32_fusionL1_drop0p1_trmiss50_trlocradio,16,5e-05,1,32,1,0.1,lr5e-05_bs16_modL1_fusion32_fusionL1_drop0p1_trmiss50_trlocradio,24,0.5662907660007477,0.7271695335706075,0.5431034482758621,0.7153689467704607,0.5333333333333333,0.0,0.0,0.0,0.0,0.0,0.0,0.0,0.0,0.0,2002,radio,0.5
5,3,lr5e-05_bs16_modL1_fusion32_fusionL1_drop0p1_trmiss50_trlocradio,16,5e-05,1,32,1,0.1,lr5e-05_bs16_modL1_fusion32_fusionL1_drop0p1_trmiss50_trlocradio,25,0.5602328578631083,0.7198349038759867,0.5581896551724138,0.7252335665571443,0.5333333333333333,0.0,0.0,0.0,0.0,0.0,0.0,0.0,0.0,0.0,2002,radio,0.5
5,3,lr5e-05_bs16_modL1_fusion32_fusionL1_drop0p1_trmiss50_trlocradio,16,5e-05,1,32,1,0.1,lr5e-05_bs16_modL1_fusion32_fusionL1_drop0p1_trmiss50_trlocradio,26,0.5604957491159439,0.7237047155698141,0.5323275862068966,0.7101694947914348,0.5333333333333333,0.0,0.0,0.0,0.0,0.0,0.0,0.0,0.0,0.0,2002,radio,0.5
5,3,lr5e-05_bs16_modL1_fusion32_fusionL1_drop0p1_trmiss50_trlocradio,16,5e-05,1,32,1,0.1,lr5e-05_bs16_modL1_fusion32_fusionL1_drop0p1_trmiss50_trlocradio,27,0.5530757730205854,0.7204873363176981,0.5431034482758621,0.7159445889795748,0.5555555555555556,0.0,0.0,0.0,0.0,0.0,0.0,0.0,0.0,0.0,2002,radio,0.5
5,3,lr5e-05_bs16_modL1_fusion32_fusionL1_drop0p1_trmiss50_trlocradio,16,5e-05,1,32,1,0.1,lr5e-05_bs16_modL1_fusion32_fusionL1_drop0p1_trmiss50_trlocradio,28,0.5599542011817297,0.721505602200826,0.540948275862069,0.7144176801016389,0.5555555555555556,0.0,0.0,0.0,0.0,0.0,0.0,0.0,0.0,0.0,2002,radio,0.5
5,3,lr5e-05_bs16_modL1_fusion32_fusionL1_drop0p1_trmiss50_trlocradio,16,5e-05,1,32,1,0.1,lr5e-05_bs16_modL1_fusion32_fusionL1_drop0p1_trmiss50_trlocradio,29,0.5390454878409704,0.7063747048377991,0.5560344827586208,0.7344996094736033,0.6,0.0,0.0,0.0,0.0,0.0,0.0,0.0,0.0,0.0,2002,radio,0.5
5,3,lr5e-05_bs16_modL1_fusion32_fusionL1_drop0p1_trmiss50_trlocradio,16,5e-05,1,32,1,0.1,lr5e-05_bs16_modL1_fusion32_fusionL1_drop0p1_trmiss50_trlocradio,30,0.5395438298583031,0.7211203773816427,0.5474137931034483,0.7202998990006466,0.5333333333333333,0.0,0.0,0.0,0.0,0.0,0.0,0.0,0.0,0.0,2002,radio,0.5
5,3,lr5e-05_bs16_modL1_fusion32_fusionL1_drop0p1_trmiss50_trlocradio,16,5e-05,1,32,1,0.1,lr5e-05_bs16_modL1_fusion32_fusionL1_drop0p1_trmiss50_trlocradio,31,0.5723129560550054,0.72285262743632,0.5409482758620691,0.7144358058817022,0.5555555555555556,0.0,0.0,0.0,0.0,0.0,0.0,0.0,0.0,0.0,2002,radio,0.5
5,3,lr5e-05_bs16_modL1_fusion32_fusionL1_drop0p1_trmiss50_trlocradio,16,5e-05,1,32,1,0.1,lr5e-05_bs16_modL1_fusion32_fusionL1_drop0p1_trmiss50_trlocradio,32,0.564759242037932,0.719282329082489,0.5301724137931034,0.7070503756695674,0.5111111111111111,0.0,0.0,0.0,0.0,0.0,0.0,0.0,0.0,0.0,2002,radio,0.5
5,3,lr5e-05_bs16_modL1_fusion32_fusionL1_drop0p1_trmiss50_trlocradio,16,5e-05,1,32,1,0.1,lr5e-05_bs16_modL1_fusion32_fusionL1_drop0p1_trmiss50_trlocradio,33,0.5278038407365481,0.7235268354415894,0.5344827586206897,0.7120653793733447,0.5555555555555556,0.0,0.0,0.0,0.0,0.0,0.0,0.0,0.0,0.0,2002,radio,0.5
5,3,lr5e-05_bs16_modL1_fusion32_fusionL1_drop0p1_trmiss50_trlocradio,16,5e-05,1,32,1,0.1,lr5e-05_bs16_modL1_fusion32_fusionL1_drop0p1_trmiss50_trlocradio,34,0.5305981437365214,0.7122669816017151,0.5581896551724138,0.7237676438868283,0.5777777777777777,0.0,0.0,0.0,0.0,0.0,0.0,0.0,0.0,0.0,2002,radio,0.5
5,3,lr5e-05_bs16_modL1_fusion32_fusionL1_drop0p1_trmiss50_trlocradio,16,5e-05,1,32,1,0.1,lr5e-05_bs16_modL1_fusion32_fusionL1_drop0p1_trmiss50_trlocradio,35,0.5672923376162847,0.71454785267512,0.5603448275862069,0.7415266274187992,0.5555555555555556,0.0,0.0,0.0,0.0,0.0,0.0,0.0,0.0,0.0,2002,radio,0.5
5,3,lr5e-05_bs16_modL1_fusion32_fusionL1_drop0p1_trmiss50_trlocradio,16,5e-05,1,32,1,0.1,lr5e-05_bs16_modL1_fusion32_fusionL1_drop0p1_trmiss50_trlocradio,36,0.526925578713417,0.7091723879178365,0.5689655172413793,0.7467807472298483,0.5555555555555556,0.0,0.0,0.0,0.0,0.0,0.0,0.0,0.0,0.0,2002,radio,0.5
5,3,lr5e-05_bs16_modL1_fusion32_fusionL1_drop0p1_trmiss50_trlocradio,16,5e-05,1,32,1,0.1,lr5e-05_bs16_modL1_fusion32_fusionL1_drop0p1_trmiss50_trlocradio,37,0.5329057003060976,0.7133123675982157,0.5560344827586208,0.7409411905767421,0.5555555555555556,0.0,0.0,0.0,0.0,0.0,0.0,0.0,0.0,0.0,2002,radio,0.5
5,3,lr5e-05_bs16_modL1_fusion32_fusionL1_drop0p1_trmiss50_trlocradio,16,5e-05,1,32,1,0.1,lr5e-05_bs16_modL1_fusion32_fusionL1_drop0p1_trmiss50_trlocradio,38,0.5484300752480825,0.7103721499443054,0.5474137931034482,0.718430763750467,0.5333333333333333,0.0,0.0,0.0,0.0,0.0,0.0,0.0,0.0,0.0,2002,radio,0.5
5,3,lr5e-05_bs16_modL1_fusion32_fusionL1_drop0p1_trmiss50_trlocradio,16,5e-05,1,32,1,0.1,lr5e-05_bs16_modL1_fusion32_fusionL1_drop0p1_trmiss50_trlocradio,39,0.5441726470987002,0.715293804804484,0.540948275862069,0.7145141324251136,0.5333333333333333,0.0,0.0,0.0,0.0,0.0,0.0,0.0,0.0,0.0,2002,radio,0.5
5,3,lr5e-05_bs16_modL1_fusion32_fusionL1_drop0p1_trmiss50_trlocradio,16,5e-05,1,32,1,0.1,lr5e-05_bs16_modL1_fusion32_fusionL1_drop0p1_trmiss50_trlocradio,40,0.5350731909275055,0.7154717644055685,0.5603448275862069,0.722877782613699,0.5555555555555556,0.0,0.0,0.0,0.0,0.0,0.0,0.0,0.0,0.0,2002,radio,0.5
5,3,lr5e-05_bs16_modL1_fusion32_fusionL1_drop0p1_trmiss50_trlocradio,16,5e-05,1,32,1,0.1,lr5e-05_bs16_modL1_fusion32_fusionL1_drop0p1_trmiss50_trlocradio,41,0.5325995981693268,0.715353528658549,0.5452586206896552,0.725547230405346,0.5111111111111111,0.0,0.0,0.0,0.0,0.0,0.0,0.0,0.0,0.0,2002,radio,0.5
5,3,lr5e-05_bs16_modL1_fusion32_fusionL1_drop0p1_trmiss50_trlocradio,16,5e-05,1,32,1,0.1,lr5e-05_bs16_modL1_fusion32_fusionL1_drop0p1_trmiss50_trlocradio,42,0.5393879761298498,0.7166101932525635,0.5538793103448276,0.7188914600298941,0.5555555555555556,0.0,0.0,0.0,0.0,0.0,0.0,0.0,0.0,0.0,2002,radio,0.5
5,3,lr5e-05_bs16_modL1_fusion32_fusionL1_drop0p1_trmiss50_trlocradio,16,5e-05,1,32,1,0.1,lr5e-05_bs16_modL1_fusion32_fusionL1_drop0p1_trmiss50_trlocradio,43,0.5263428663214048,0.7174067894617716,0.5474137931034483,0.7183544814645457,0.5333333333333333,0.0,0.0,0.0,0.0,0.0,0.0,0.0,0.0,0.0,2002,radio,0.5
5,3,lr5e-05_bs16_modL1_fusion32_fusionL1_drop0p1_trmiss50_trlocradio,16,5e-05,1,32,1,0.1,lr5e-05_bs16_modL1_fusion32_fusionL1_drop0p1_trmiss50_trlocradio,44,0.5488339811563492,0.7212701439857483,0.5517241379310345,0.7180997913144782,0.5555555555555556,0.0,0.0,0.0,0.0,0.0,0.0,0.0,0.0,0.0,2002,radio,0.5
5,3,lr5e-05_bs16_modL1_fusion32_fusionL1_drop0p1_trmiss50_trlocradio,16,5e-05,1,32,1,0.1,lr5e-05_bs16_modL1_fusion32_fusionL1_drop0p1_trmiss50_trlocradio,45,0.5360666786630949,0.716957708199819,0.5517241379310346,0.7380226500226191,0.5333333333333333,0.0,0.0,0.0,0.0,0.0,0.0,0.0,0.0,0.0,2002,radio,0.5
5,3,lr5e-05_bs16_modL1_fusion32_fusionL1_drop0p1_trmiss50_trlocradio,16,5e-05,1,32,1,0.1,lr5e-05_bs16_modL1_fusion32_fusionL1_drop0p1_trmiss50_trlocradio,46,0.5663588295380274,0.717177172501882,0.5560344827586208,0.7403537651668014,0.5555555555555556,0.0,0.0,0.0,0.0,0.0,0.0,0.0,0.0,0.0,2002,radio,0.5
5,3,lr5e-05_bs16_modL1_fusion32_fusionL1_drop0p1_trmiss50_trlocradio,16,5e-05,1,32,1,0.1,lr5e-05_bs16_modL1_fusion32_fusionL1_drop0p1_trmiss50_trlocradio,47,0.5557088553905487,0.7097784876823425,0.5581896551724138,0.724824449242528,0.5555555555555556,0.0,0.0,0.0,0.0,0.0,0.0,0.0,0.0,0.0,2002,radio,0.5
5,3,lr5e-05_bs16_modL1_fusion32_fusionL1_drop0p1_trmiss50_trlocradio,16,5e-05,1,32,1,0.1,lr5e-05_bs16_modL1_fusion32_fusionL1_drop0p1_trmiss50_trlocradio,48,0.5427545979619026,0.7136926253636678,0.5560344827586207,0.7240564556610145,0.5555555555555556,0.0,0.0,0.0,0.0,0.0,0.0,0.0,0.0,0.0,2002,radio,0.5
5,3,lr5e-05_bs16_modL1_fusion32_fusionL1_drop0p1_trmiss50_trlocradio,16,5e-05,1,32,1,0.1,lr5e-05_bs16_modL1_fusion32_fusionL1_drop0p1_trmiss50_trlocradio,49,0.5423633282383283,0.7151499191919962,0.5474137931034483,0.7207435110236586,0.5555555555555556,0.0,0.0,0.0,0.0,0.0,0.0,0.0,0.0,0.0,2002,radio,0.5
5,3,lr5e-05_bs16_modL1_fusion32_fusionL1_drop0p1_trmiss50_trlocradio,16,5e-05,1,32,1,0.1,lr5e-05_bs16_modL1_fusion32_fusionL1_drop0p1_trmiss50_trlocradio,50,0.534916972120603,0.716062327226003,0.5581896551724138,0.7226382215539591,0.5555555555555556,0.0,0.0,0.0,0.0,0.0,0.0,0.0,0.0,0.0,2002,radio,0.5
5,3,lr5e-05_bs16_modL1_fusion32_fusionL1_drop0p1_trmiss50_trlocradio,16,5e-05,1,32,1,0.1,lr5e-05_bs16_modL1_fusion32_fusionL1_drop0p1_trmiss50_trlocradio,51,0.5483828360835711,0.7132028341293335,0.5452586206896551,0.7197627519261065,0.5555555555555556,0.0,0.0,0.0,0.0,0.0,0.0,0.0,0.0,0.0,2002,radio,0.5
5,3,lr5e-05_bs16_modL1_fusion32_fusionL1_drop0p1_trmiss50_trlocradio,16,5e-05,1,32,1,0.1,lr5e-05_bs16_modL1_fusion32_fusionL1_drop0p1_trmiss50_trlocradio,52,0.5386423394083977,0.7134128014246622,0.540948275862069,0.7121193934233019,0.5333333333333333,0.0,0.0,0.0,0.0,0.0,0.0,0.0,0.0,0.0,2002,radio,0.5
5,3,lr5e-05_bs16_modL1_fusion32_fusionL1_drop0p1_trmiss50_trlocradio,16,5e-05,1,32,1,0.1,lr5e-05_bs16_modL1_fusion32_fusionL1_drop0p1_trmiss50_trlocradio,53,0.5440875887870789,0.713981032371521,0.5581896551724138,0.7400061538154815,0.5555555555555556,0.0,0.0,0.0,0.0,0.0,0.0,0.0,0.0,0.0,2002,radio,0.5
5,3,lr5e-05_bs16_modL1_fusion32_fusionL1_drop0p1_trmiss50_trlocradio,16,5e-05,1,32,1,0.1,lr5e-05_bs16_modL1_fusion32_fusionL1_drop0p1_trmiss50_trlocradio,54,0.5551274021466573,0.7140880425771078,0.5538793103448276,0.7312856102119424,0.5555555555555556,0.0,0.0,0.0,0.0,0.0,0.0,0.0,0.0,0.0,2002,radio,0.5
5,3,lr5e-05_bs16_modL1_fusion32_fusionL1_drop0p1_trmiss50_trlocradio,16,5e-05,1,32,1,0.1,lr5e-05_bs16_modL1_fusion32_fusionL1_drop0p1_trmiss50_trlocradio,55,0.5480513597528139,0.708351731300354,0.5452586206896551,0.7146188859435894,0.5555555555555556,0.0,0.0,0.0,0.0,0.0,0.0,0.0,0.0,0.0,2002,radio,0.5
5,3,lr5e-05_bs16_modL1_fusion32_fusionL1_drop0p1_trmiss50_trlocradio,16,5e-05,1,32,1,0.1,lr5e-05_bs16_modL1_fusion32_fusionL1_drop0p1_trmiss50_trlocradio,56,0.5374459226926168,0.705679456392924,0.5646551724137931,0.7245971835761871,0.5333333333333333,0.0,0.0,0.0,0.0,0.0,0.0,0.0,0.0,0.0,2002,radio,0.5
5,3,lr5e-05_bs16_modL1_fusion64_fusionL1_drop0p2_trmiss50_trlocradio,16,5e-05,1,64,1,0.2,lr5e-05_bs16_modL1_fusion64_fusionL1_drop0p2_trmiss50_trlocradio,1,0.7584121624628702,0.7374583880106608,0.4913793103448276,0.640083647280647,0.4,0.0,0.0,0.0,0.0,0.0,0.0,0.0,0.0,0.0,2002,radio,0.5
5,3,lr5e-05_bs16_modL1_fusion64_fusionL1_drop0p2_trmiss50_trlocradio,16,5e-05,1,64,1,0.2,lr5e-05_bs16_modL1_fusion64_fusionL1_drop0p2_trmiss50_trlocradio,2,0.7083948949972788,0.7655601898829142,0.5258620689655172,0.6926150483919027,0.4222222222222222,0.0,0.0,0.0,0.0,0.0,0.0,0.0,0.0,0.0,2002,radio,0.5
5,3,lr5e-05_bs16_modL1_fusion64_fusionL1_drop0p2_trmiss50_trlocradio,16,5e-05,1,64,1,0.2,lr5e-05_bs16_modL1_fusion64_fusionL1_drop0p2_trmiss50_trlocradio,3,0.7045323848724365,0.7798916697502136,0.5129310344827587,0.6905719024013999,0.4222222222222222,0.0,0.0,0.0,0.0,0.0,0.0,0.0,0.0,0.0,2002,radio,0.5
5,3,lr5e-05_bs16_modL1_fusion64_fusionL1_drop0p2_trmiss50_trlocradio,16,5e-05,1,64,1,0.2,lr5e-05_bs16_modL1_fusion64_fusionL1_drop0p2_trmiss50_trlocradio,4,0.6723621884981791,0.783010999361674,0.521551724137931,0.6954054544533123,0.4444444444444444,0.0,0.0,0.0,0.0,0.0,0.0,0.0,0.0,0.0,2002,radio,0.5
5,3,lr5e-05_bs16_modL1_fusion64_fusionL1_drop0p2_trmiss50_trlocradio,16,5e-05,1,64,1,0.2,lr5e-05_bs16_modL1_fusion64_fusionL1_drop0p2_trmiss50_trlocradio,5,0.6417273779710134,0.7825812896092733,0.5237068965517242,0.6716996163494648,0.4444444444444444,0.0,0.0,0.0,0.0,0.0,0.0,0.0,0.0,0.0,2002,radio,0.5
5,3,lr5e-05_bs16_modL1_fusion64_fusionL1_drop0p2_trmiss50_trlocradio,16,5e-05,1,64,1,0.2,lr5e-05_bs16_modL1_fusion64_fusionL1_drop0p2_trmiss50_trlocradio,6,0.6655009786287943,0.7875190178553263,0.5366379310344828,0.7121216667287755,0.35555555555555557,0.0,0.0,0.0,0.0,0.0,0.0,0.0,0.0,0.0,2002,radio,0.5
5,3,lr5e-05_bs16_modL1_fusion64_fusionL1_drop0p2_trmiss50_trlocradio,16,5e-05,1,64,1,0.2,lr5e-05_bs16_modL1_fusion64_fusionL1_drop0p2_trmiss50_trlocradio,7,0.61289149026076,0.7863633831342062,0.5172413793103449,0.7082094171896862,0.4222222222222222,0.0,0.0,0.0,0.0,0.0,0.0,0.0,0.0,0.0,2002,radio,0.5
5,3,lr5e-05_bs16_modL1_fusion64_fusionL1_drop0p2_trmiss50_trlocradio,16,5e-05,1,64,1,0.2,lr5e-05_bs16_modL1_fusion64_fusionL1_drop0p2_trmiss50_trlocradio,8,0.6356975982586542,0.7695464491844177,0.5474137931034483,0.7093257771700369,0.4222222222222222,0.0,0.0,0.0,0.0,0.0,0.0,0.0,0.0,0.0,2002,radio,0.5
5,3,lr5e-05_bs16_modL1_fusion64_fusionL1_drop0p2_trmiss50_trlocradio,16,5e-05,1,64,1,0.2,lr5e-05_bs16_modL1_fusion64_fusionL1_drop0p2_trmiss50_trlocradio,9,0.6070235868295034,0.7769070466359457,0.5732758620689655,0.7049988937122711,0.4,0.0,0.0,0.0,0.0,0.0,0.0,0.0,0.0,0.0,2002,radio,0.5
5,3,lr5e-05_bs16_modL1_fusion64_fusionL1_drop0p2_trmiss50_trlocradio,16,5e-05,1,64,1,0.2,lr5e-05_bs16_modL1_fusion64_fusionL1_drop0p2_trmiss50_trlocradio,10,0.5822628661990166,0.7731161713600159,0.5732758620689655,0.7080563706937649,0.37777777777777777,0.0,0.0,0.0,0.0,0.0,0.0,0.0,0.0,0.0,2002,radio,0.5
5,3,lr5e-05_bs16_modL1_fusion64_fusionL1_drop0p2_trmiss50_trlocradio,16,5e-05,1,64,1,0.2,lr5e-05_bs16_modL1_fusion64_fusionL1_drop0p2_trmiss50_trlocradio,11,0.5907996197541555,0.7771012187004089,0.5625,0.7023677097632173,0.4,0.0,0.0,0.0,0.0,0.0,0.0,0.0,0.0,0.0,2002,radio,0.5
5,3,lr5e-05_bs16_modL1_fusion64_fusionL1_drop0p2_trmiss50_trlocradio,16,5e-05,1,64,1,0.2,lr5e-05_bs16_modL1_fusion64_fusionL1_drop0p2_trmiss50_trlocradio,12,0.5948218504587809,0.7807084520657858,0.5517241379310344,0.7077861258594571,0.4222222222222222,0.0,0.0,0.0,0.0,0.0,0.0,0.0,0.0,0.0,2002,radio,0.5
5,3,lr5e-05_bs16_modL1_fusion64_fusionL1_drop0p2_trmiss50_trlocradio,16,5e-05,1,64,1,0.2,lr5e-05_bs16_modL1_fusion64_fusionL1_drop0p2_trmiss50_trlocradio,13,0.5985794613758723,0.7742088834444681,0.5625,0.7110236000712767,0.4888888888888889,0.0,0.0,0.0,0.0,0.0,0.0,0.0,0.0,0.0,2002,radio,0.5
5,3,lr5e-05_bs16_modL1_fusion64_fusionL1_drop0p2_trmiss50_trlocradio,16,5e-05,1,64,1,0.2,lr5e-05_bs16_modL1_fusion64_fusionL1_drop0p2_trmiss50_trlocradio,14,0.5913714369138082,0.7801868319511414,0.5366379310344828,0.7104846966083206,0.4222222222222222,0.0,0.0,0.0,0.0,0.0,0.0,0.0,0.0,0.0,2002,radio,0.5
5,3,lr5e-05_bs16_modL1_fusion64_fusionL1_drop0p2_trmiss50_trlocradio,16,5e-05,1,64,1,0.2,lr5e-05_bs16_modL1_fusion64_fusionL1_drop0p2_trmiss50_trlocradio,15,0.5991279209653536,0.7620067199071249,0.5150862068965518,0.7001710959018418,0.4888888888888889,0.0,0.0,0.0,0.0,0.0,0.0,0.0,0.0,0.0,2002,radio,0.5
5,3,lr5e-05_bs16_modL1_fusion64_fusionL1_drop0p2_trmiss50_trlocradio,16,5e-05,1,64,1,0.2,lr5e-05_bs16_modL1_fusion64_fusionL1_drop0p2_trmiss50_trlocradio,16,0.5983783851067225,0.7699378728866577,0.5517241379310345,0.7150642305709521,0.4222222222222222,0.0,0.0,0.0,0.0,0.0,0.0,0.0,0.0,0.0,2002,radio,0.5
5,3,lr5e-05_bs16_modL1_fusion64_fusionL1_drop0p2_trmiss50_trlocradio,16,5e-05,1,64,1,0.2,lr5e-05_bs16_modL1_fusion64_fusionL1_drop0p2_trmiss50_trlocradio,17,0.5911719352006912,0.7712930838267008,0.5452586206896551,0.7058265248432402,0.4888888888888889,0.0,0.0,0.0,0.0,0.0,0.0,0.0,0.0,0.0,2002,radio,0.5
5,3,lr5e-05_bs16_modL1_fusion64_fusionL1_drop0p2_trmiss50_trlocradio,16,5e-05,1,64,1,0.2,lr5e-05_bs16_modL1_fusion64_fusionL1_drop0p2_trmiss50_trlocradio,18,0.5938812692960104,0.7783691684405009,0.5452586206896551,0.7045315787719534,0.4222222222222222,0.0,0.0,0.0,0.0,0.0,0.0,0.0,0.0,0.0,2002,radio,0.5
5,3,lr5e-05_bs16_modL1_fusion64_fusionL1_drop0p2_trmiss50_trlocradio,16,5e-05,1,64,1,0.2,lr5e-05_bs16_modL1_fusion64_fusionL1_drop0p2_trmiss50_trlocradio,19,0.5886445095141729,0.7724165121714274,0.5452586206896552,0.7119892832646831,0.4444444444444444,0.0,0.0,0.0,0.0,0.0,0.0,0.0,0.0,0.0,2002,radio,0.5
5,3,lr5e-05_bs16_modL1_fusion64_fusionL1_drop0p2_trmiss50_trlocradio,16,5e-05,1,64,1,0.2,lr5e-05_bs16_modL1_fusion64_fusionL1_drop0p2_trmiss50_trlocradio,20,0.584059976041317,0.7868093649546305,0.5258620689655172,0.7074976146107687,0.4222222222222222,0.0,0.0,0.0,0.0,0.0,0.0,0.0,0.0,0.0,2002,radio,0.5
5,3,lr5e-05_bs16_modL1_fusion64_fusionL1_drop0p2_trmiss50_trlocradio,16,5e-05,1,64,1,0.2,lr5e-05_bs16_modL1_fusion64_fusionL1_drop0p2_trmiss50_trlocradio,21,0.6047396461168925,0.7836648424466451,0.5301724137931034,0.6927595870322982,0.4222222222222222,0.0,0.0,0.0,0.0,0.0,0.0,0.0,0.0,0.0,2002,radio,0.5
5,3,lr5e-05_bs16_modL1_fusion64_fusionL1_drop0p2_trmiss50_trlocradio,16,5e-05,1,64,1,0.2,lr5e-05_bs16_modL1_fusion64_fusionL1_drop0p2_trmiss50_trlocradio,22,0.5667066723108292,0.7735729018847147,0.5280172413793103,0.6877775356698312,0.4444444444444444,0.0,0.0,0.0,0.0,0.0,0.0,0.0,0.0,0.0,2002,radio,0.5
5,3,lr5e-05_bs16_modL1_fusion64_fusionL1_drop0p2_trmiss50_trlocradio,16,5e-05,1,64,1,0.2,lr5e-05_bs16_modL1_fusion64_fusionL1_drop0p2_trmiss50_trlocradio,23,0.5726046015818914,0.7734463612238566,0.5431034482758621,0.7033743680041723,0.4666666666666667,0.0,0.0,0.0,0.0,0.0,0.0,0.0,0.0,0.0,2002,radio,0.5
5,3,lr5e-05_bs16_modL1_fusion64_fusionL1_drop0p2_trmiss50_trlocradio,16,5e-05,1,64,1,0.2,lr5e-05_bs16_modL1_fusion64_fusionL1_drop0p2_trmiss50_trlocradio,24,0.5888726984461149,0.7646596829096476,0.5237068965517242,0.6865177375089726,0.4888888888888889,0.0,0.0,0.0,0.0,0.0,0.0,0.0,0.0,0.0,2002,radio,0.5
5,3,lr5e-05_bs16_modL1_fusion64_fusionL1_drop0p2_trmiss50_trlocradio,16,5e-05,1,64,1,0.2,lr5e-05_bs16_modL1_fusion64_fusionL1_drop0p2_trmiss50_trlocradio,25,0.5782439559698105,0.776917020479838,0.5323275862068966,0.6892153536980179,0.4444444444444444,0.0,0.0,0.0,0.0,0.0,0.0,0.0,0.0,0.0,2002,radio,0.5
5,3,lr5e-05_bs16_modL1_fusion64_fusionL1_drop0p2_trmiss50_trlocradio,16,5e-05,1,64,1,0.2,lr5e-05_bs16_modL1_fusion64_fusionL1_drop0p2_trmiss50_trlocradio,26,0.5969209919373194,0.7765661080678304,0.540948275862069,0.7043549701400792,0.4222222222222222,0.0,0.0,0.0,0.0,0.0,0.0,0.0,0.0,0.0,2002,radio,0.5
5,3,lr5e-05_bs16_modL1_fusion64_fusionL1_drop0p2_trmiss50_trlocradio,16,5e-05,1,64,1,0.2,lr5e-05_bs16_modL1_fusion64_fusionL1_drop0p2_trmiss50_trlocradio,27,0.5767207716902097,0.7763674457867941,0.5258620689655171,0.6963162098918657,0.4444444444444444,0.0,0.0,0.0,0.0,0.0,0.0,0.0,0.0,0.0,2002,radio,0.5
5,3,lr5e-05_bs16_modL1_fusion64_fusionL1_drop0p2_trmiss50_trlocradio,16,5e-05,1,64,1,0.2,lr5e-05_bs16_modL1_fusion64_fusionL1_drop0p2_trmiss50_trlocradio,28,0.5817054708798727,0.7798654635747274,0.5323275862068966,0.6977012572723188,0.4222222222222222,0.0,0.0,0.0,0.0,0.0,0.0,0.0,0.0,0.0,2002,radio,0.5
5,3,lr5e-05_bs16_modL1_fusion64_fusionL1_drop0p2_trmiss50_trlocradio,16,5e-05,1,64,1,0.2,lr5e-05_bs16_modL1_fusion64_fusionL1_drop0p2_trmiss50_trlocradio,29,0.5618396550416946,0.7670795917510986,0.5495689655172413,0.7106945690596159,0.4222222222222222,0.0,0.0,0.0,0.0,0.0,0.0,0.0,0.0,0.0,2002,radio,0.5
5,3,lr5e-05_bs16_modL1_fusion64_fusionL1_drop0p2_trmiss50_trlocradio,16,5e-05,1,64,1,0.2,lr5e-05_bs16_modL1_fusion64_fusionL1_drop0p2_trmiss50_trlocradio,30,0.5688571482896805,0.7709158261617025,0.5538793103448276,0.7015645176070493,0.4444444444444444,0.0,0.0,0.0,0.0,0.0,0.0,0.0,0.0,0.0,2002,radio,0.5
5,3,lr5e-05_bs16_modL1_fusion64_fusionL1_drop0p1_trmiss50_trlocradio,16,5e-05,1,64,1,0.1,lr5e-05_bs16_modL1_fusion64_fusionL1_drop0p1_trmiss50_trlocradio,1,0.6857901215553284,0.6833851337432861,0.5883620689655173,0.7299897660277308,0.5777777777777777,0.0,0.0,0.0,0.0,0.0,0.0,0.0,0.0,0.0,2002,radio,0.5
5,3,lr5e-05_bs16_modL1_fusion64_fusionL1_drop0p1_trmiss50_trlocradio,16,5e-05,1,64,1,0.1,lr5e-05_bs16_modL1_fusion64_fusionL1_drop0p1_trmiss50_trlocradio,2,0.6232213228940964,0.7116905450820923,0.5969827586206896,0.7413555062094297,0.5555555555555556,0.0,0.0,0.0,0.0,0.0,0.0,0.0,0.0,0.0,2002,radio,0.5
5,3,lr5e-05_bs16_modL1_fusion64_fusionL1_drop0p1_trmiss50_trlocradio,16,5e-05,1,64,1,0.1,lr5e-05_bs16_modL1_fusion64_fusionL1_drop0p1_trmiss50_trlocradio,3,0.5977385739485422,0.7393554051717123,0.5754310344827587,0.7212499099355671,0.6222222222222222,0.0,0.0,0.0,0.0,0.0,0.0,0.0,0.0,0.0,2002,radio,0.5
5,3,lr5e-05_bs16_modL1_fusion64_fusionL1_drop0p1_trmiss50_trlocradio,16,5e-05,1,64,1,0.1,lr5e-05_bs16_modL1_fusion64_fusionL1_drop0p1_trmiss50_trlocradio,4,0.5947329128781954,0.7535221179326376,0.5711206896551724,0.731111156970484,0.6,0.0,0.0,0.0,0.0,0.0,0.0,0.0,0.0,0.0,2002,radio,0.5
5,3,lr5e-05_bs16_modL1_fusion64_fusionL1_drop0p1_trmiss50_trlocradio,16,5e-05,1,64,1,0.1,lr5e-05_bs16_modL1_fusion64_fusionL1_drop0p1_trmiss50_trlocradio,5,0.5714903796712557,0.7431124846140543,0.5603448275862069,0.7201232302590728,0.5777777777777777,0.0,0.0,0.0,0.0,0.0,0.0,0.0,0.0,0.0,2002,radio,0.5
5,3,lr5e-05_bs16_modL1_fusion64_fusionL1_drop0p1_trmiss50_trlocradio,16,5e-05,1,64,1,0.1,lr5e-05_bs16_modL1_fusion64_fusionL1_drop0p1_trmiss50_trlocradio,6,0.585549866159757,0.7446507215499878,0.5452586206896552,0.7096527417339225,0.5777777777777777,0.0,0.0,0.0,0.0,0.0,0.0,0.0,0.0,0.0,2002,radio,0.5
5,3,lr5e-05_bs16_modL1_fusion64_fusionL1_drop0p1_trmiss50_trlocradio,16,5e-05,1,64,1,0.1,lr5e-05_bs16_modL1_fusion64_fusionL1_drop0p1_trmiss50_trlocradio,7,0.5466613272825877,0.742810070514679,0.5344827586206897,0.7043569395424605,0.6,0.0,0.0,0.0,0.0,0.0,0.0,0.0,0.0,0.0,2002,radio,0.5
5,3,lr5e-05_bs16_modL1_fusion64_fusionL1_drop0p1_trmiss50_trlocradio,16,5e-05,1,64,1,0.1,lr5e-05_bs16_modL1_fusion64_fusionL1_drop0p1_trmiss50_trlocradio,8,0.5701777959863344,0.7452727953592936,0.5280172413793104,0.7014876899002864,0.6,0.0,0.0,0.0,0.0,0.0,0.0,0.0,0.0,0.0,2002,radio,0.5
5,3,lr5e-05_bs16_modL1_fusion64_fusionL1_drop0p1_trmiss50_trlocradio,16,5e-05,1,64,1,0.1,lr5e-05_bs16_modL1_fusion64_fusionL1_drop0p1_trmiss50_trlocradio,9,0.5362844814856847,0.7334251801172892,0.5603448275862069,0.7174053868236416,0.5555555555555556,0.0,0.0,0.0,0.0,0.0,0.0,0.0,0.0,0.0,2002,radio,0.5
5,3,lr5e-05_bs16_modL1_fusion64_fusionL1_drop0p1_trmiss50_trlocradio,16,5e-05,1,64,1,0.1,lr5e-05_bs16_modL1_fusion64_fusionL1_drop0p1_trmiss50_trlocradio,10,0.5308978309233984,0.7227914929389954,0.5862068965517242,0.7266125460425135,0.6444444444444445,0.0,0.0,0.0,0.0,0.0,0.0,0.0,0.0,0.0,2002,radio,0.5
5,3,lr5e-05_bs16_modL1_fusion64_fusionL1_drop0p1_trmiss50_trlocradio,16,5e-05,1,64,1,0.1,lr5e-05_bs16_modL1_fusion64_fusionL1_drop0p1_trmiss50_trlocradio,11,0.5216782788435618,0.7296065886815389,0.5732758620689655,0.7214762797763803,0.5333333333333333,0.0,0.0,0.0,0.0,0.0,0.0,0.0,0.0,0.0,2002,radio,0.5
5,3,lr5e-05_bs16_modL1_fusion64_fusionL1_drop0p1_trmiss50_trlocradio,16,5e-05,1,64,1,0.1,lr5e-05_bs16_modL1_fusion64_fusionL1_drop0p1_trmiss50_trlocradio,12,0.523772805929184,0.7403033574422201,0.5797413793103449,0.7267006528145676,0.5777777777777777,0.0,0.0,0.0,0.0,0.0,0.0,0.0,0.0,0.0,2002,radio,0.5
5,3,lr5e-05_bs16_modL1_fusion64_fusionL1_drop0p1_trmiss50_trlocradio,16,5e-05,1,64,1,0.1,lr5e-05_bs16_modL1_fusion64_fusionL1_drop0p1_trmiss50_trlocradio,13,0.5424981315930685,0.7324951489766439,0.5818965517241379,0.7261582470976424,0.5777777777777777,0.0,0.0,0.0,0.0,0.0,0.0,0.0,0.0,0.0,2002,radio,0.5
5,3,lr5e-05_bs16_modL1_fusion64_fusionL1_drop0p1_trmiss50_trlocradio,16,5e-05,1,64,1,0.1,lr5e-05_bs16_modL1_fusion64_fusionL1_drop0p1_trmiss50_trlocradio,14,0.5238679274916649,0.7223919232686361,0.5732758620689655,0.7243185871347941,0.5555555555555556,0.0,0.0,0.0,0.0,0.0,0.0,0.0,0.0,0.0,2002,radio,0.5
5,3,lr5e-05_bs16_modL1_fusion64_fusionL1_drop0p1_trmiss50_trlocradio,16,5e-05,1,64,1,0.1,lr5e-05_bs16_modL1_fusion64_fusionL1_drop0p1_trmiss50_trlocradio,15,0.48917558044195175,0.7228708863258362,0.5948275862068966,0.7361220941418039,0.6,0.0,0.0,0.0,0.0,0.0,0.0,0.0,0.0,0.0,2002,radio,0.5
5,3,lr5e-05_bs16_modL1_fusion64_fusionL1_drop0p1_trmiss50_trlocradio,16,5e-05,1,64,1,0.1,lr5e-05_bs16_modL1_fusion64_fusionL1_drop0p1_trmiss50_trlocradio,16,0.5004815186063448,0.728611409664154,0.5862068965517241,0.7210659831954542,0.5777777777777777,0.0,0.0,0.0,0.0,0.0,0.0,0.0,0.0,0.0,2002,radio,0.5
5,3,lr5e-05_bs16_modL1_fusion64_fusionL1_drop0p1_trmiss50_trlocradio,16,5e-05,1,64,1,0.1,lr5e-05_bs16_modL1_fusion64_fusionL1_drop0p1_trmiss50_trlocradio,17,0.4913707102338473,0.7293799122174581,0.5732758620689655,0.711982835146789,0.5777777777777777,0.0,0.0,0.0,0.0,0.0,0.0,0.0,0.0,0.0,2002,radio,0.5
5,3,lr5e-05_bs16_modL1_fusion64_fusionL1_drop0p1_trmiss50_trlocradio,16,5e-05,1,64,1,0.1,lr5e-05_bs16_modL1_fusion64_fusionL1_drop0p1_trmiss50_trlocradio,18,0.5226898218194643,0.7241978049278259,0.5948275862068966,0.7238320827050737,0.6888888888888889,0.0,0.0,0.0,0.0,0.0,0.0,0.0,0.0,0.0,2002,radio,0.5
5,3,lr5e-05_bs16_modL1_fusion64_fusionL1_drop0p1_trmiss50_trlocradio,16,5e-05,1,64,1,0.1,lr5e-05_bs16_modL1_fusion64_fusionL1_drop0p1_trmiss50_trlocradio,19,0.48282119631767273,0.7285735607147217,0.5689655172413792,0.7089913310347287,0.6,0.0,0.0,0.0,0.0,0.0,0.0,0.0,0.0,0.0,2002,radio,0.5
5,3,lr5e-05_bs16_modL1_fusion64_fusionL1_drop0p1_trmiss50_trlocradio,16,5e-05,1,64,1,0.1,lr5e-05_bs16_modL1_fusion64_fusionL1_drop0p1_trmiss50_trlocradio,20,0.49768198529879254,0.7232417861620585,0.5883620689655172,0.7220272132575172,0.6444444444444445,0.0,0.0,0.0,0.0,0.0,0.0,0.0,0.0,0.0,2002,radio,0.5
5,3,lr5e-05_bs16_modL1_fusion64_fusionL1_drop0p1_trmiss50_trlocradio,16,5e-05,1,64,1,0.1,lr5e-05_bs16_modL1_fusion64_fusionL1_drop0p1_trmiss50_trlocradio,21,0.4918251608808835,0.7238263487815857,0.5862068965517241,0.7227860552700389,0.6222222222222222,0.0,0.0,0.0,0.0,0.0,0.0,0.0,0.0,0.0,2002,radio,0.5
5,3,lr5e-05_bs16_modL1_fusion64_fusionL1_drop0p1_trmiss50_trlocradio,16,5e-05,1,64,1,0.1,lr5e-05_bs16_modL1_fusion64_fusionL1_drop0p1_trmiss50_trlocradio,22,0.50567148377498,0.7253206968307495,0.5926724137931034,0.721899735740779,0.6,0.0,0.0,0.0,0.0,0.0,0.0,0.0,0.0,0.0,2002,radio,0.5
5,3,lr5e-05_bs16_modL1_fusion64_fusionL1_drop0p1_trmiss50_trlocradio,16,5e-05,1,64,1,0.1,lr5e-05_bs16_modL1_fusion64_fusionL1_drop0p1_trmiss50_trlocradio,23,0.47447171807289124,0.7240404287974039,0.5883620689655172,0.7231156131163128,0.5777777777777777,0.0,0.0,0.0,0.0,0.0,0.0,0.0,0.0,0.0,2002,radio,0.5
5,3,lr5e-05_bs16_modL1_fusion64_fusionL1_drop0p1_trmiss50_trlocradio,16,5e-05,1,64,1,0.1,lr5e-05_bs16_modL1_fusion64_fusionL1_drop0p1_trmiss50_trlocradio,24,0.48094816505908966,0.7143818338712057,0.5883620689655172,0.726600539554159,0.6,0.0,0.0,0.0,0.0,0.0,0.0,0.0,0.0,0.0,2002,radio,0.5
5,3,lr5e-05_bs16_modL1_fusion64_fusionL1_drop0p1_trmiss50_trlocradio,16,5e-05,1,64,1,0.1,lr5e-05_bs16_modL1_fusion64_fusionL1_drop0p1_trmiss50_trlocradio,25,0.4913195073604584,0.7221664190292358,0.5948275862068966,0.7294789339922967,0.6,0.0,0.0,0.0,0.0,0.0,0.0,0.0,0.0,0.0,2002,radio,0.5
5,3,lr5e-05_bs16_modL1_fusion64_fusionL1_drop0p1_trmiss50_trlocradio,16,5e-05,1,64,1,0.1,lr5e-05_bs16_modL1_fusion64_fusionL1_drop0p1_trmiss50_trlocradio,26,0.495011327167352,0.7265242338180542,0.5948275862068966,0.7298342311499195,0.6,0.0,0.0,0.0,0.0,0.0,0.0,0.0,0.0,0.0,2002,radio,0.5
5,3,lr5e-05_bs16_modL1_fusion64_fusionL1_drop0p1_trmiss50_trlocradio,16,5e-05,1,64,1,0.1,lr5e-05_bs16_modL1_fusion64_fusionL1_drop0p1_trmiss50_trlocradio,27,0.4924929117163022,0.7206757863362631,0.5926724137931034,0.7263858070497609,0.5777777777777777,0.0,0.0,0.0,0.0,0.0,0.0,0.0,0.0,0.0,2002,radio,0.5
5,3,lr5e-05_bs16_modL1_fusion64_fusionL1_drop0p1_trmiss50_trlocradio,16,5e-05,1,64,1,0.1,lr5e-05_bs16_modL1_fusion64_fusionL1_drop0p1_trmiss50_trlocradio,28,0.47974809010823566,0.7321012814839681,0.5883620689655171,0.7229951437451145,0.6222222222222222,0.0,0.0,0.0,0.0,0.0,0.0,0.0,0.0,0.0,2002,radio,0.5
5,3,lr5e-05_bs16_modL1_fusion64_fusionL1_drop0p1_trmiss50_trlocradio,16,5e-05,1,64,1,0.1,lr5e-05_bs16_modL1_fusion64_fusionL1_drop0p1_trmiss50_trlocradio,29,0.48550327867269516,0.7241597970326742,0.5948275862068966,0.729136756114622,0.5777777777777777,0.0,0.0,0.0,0.0,0.0,0.0,0.0,0.0,0.0,2002,radio,0.5
5,3,lr5e-05_bs16_modL1_fusion64_fusionL1_drop0p1_trmiss50_trlocradio,16,5e-05,1,64,1,0.1,lr5e-05_bs16_modL1_fusion64_fusionL1_drop0p1_trmiss50_trlocradio,30,0.4944539392987887,0.714419424533844,0.5905172413793103,0.7269718627464965,0.5777777777777777,0.0,0.0,0.0,0.0,0.0,0.0,0.0,0.0,0.0,2002,radio,0.5
5,3,lr5e-05_bs16_modL1_fusion64_fusionL1_drop0p1_trmiss50_trlocradio,16,5e-05,1,64,1,0.1,lr5e-05_bs16_modL1_fusion64_fusionL1_drop0p1_trmiss50_trlocradio,31,0.4951515446106593,0.7247161865234375,0.5862068965517242,0.7220184553911115,0.6666666666666666,0.0,0.0,0.0,0.0,0.0,0.0,0.0,0.0,0.0,2002,radio,0.5
5,3,lr5e-05_bs16_modL1_fusion64_fusionL1_drop0p1_trmiss50_trlocradio,16,5e-05,1,64,1,0.1,lr5e-05_bs16_modL1_fusion64_fusionL1_drop0p1_trmiss50_trlocradio,32,0.49777184923489887,0.7302688558896383,0.6056034482758621,0.7317342017404804,0.6666666666666666,0.0,0.0,0.0,0.0,0.0,0.0,0.0,0.0,0.0,2002,radio,0.5
5,3,lr5e-05_bs16_modL1_fusion64_fusionL1_drop0p1_trmiss50_trlocradio,16,5e-05,1,64,1,0.1,lr5e-05_bs16_modL1_fusion64_fusionL1_drop0p1_trmiss50_trlocradio,33,0.4720512852072716,0.7198216915130615,0.584051724137931,0.7231050479298642,0.6222222222222222,0.0,0.0,0.0,0.0,0.0,0.0,0.0,0.0,0.0,2002,radio,0.5
5,3,lr5e-05_bs16_modL1_fusion64_fusionL1_drop0p1_trmiss50_trlocradio,16,5e-05,1,64,1,0.1,lr5e-05_bs16_modL1_fusion64_fusionL1_drop0p1_trmiss50_trlocradio,34,0.47918709367513657,0.7155423561731974,0.603448275862069,0.7301721358365669,0.6444444444444445,0.0,0.0,0.0,0.0,0.0,0.0,0.0,0.0,0.0,2002,radio,0.5
5,3,lr5e-05_bs16_modL1_fusion64_fusionL1_drop0p1_trmiss50_trlocradio,16,5e-05,1,64,1,0.1,lr5e-05_bs16_modL1_fusion64_fusionL1_drop0p1_trmiss50_trlocradio,35,0.4774485131104787,0.7007281382878622,0.603448275862069,0.7336858930860926,0.6,0.0,0.0,0.0,0.0,0.0,0.0,0.0,0.0,0.0,2002,radio,0.5
5,3,lr5e-05_bs16_modL1_fusion64_fusionL1_drop0p1_trmiss50_trlocradio,16,5e-05,1,64,1,0.1,lr5e-05_bs16_modL1_fusion64_fusionL1_drop0p1_trmiss50_trlocradio,36,0.4867406984170278,0.7066771984100342,0.6056034482758621,0.7311252752588737,0.6444444444444445,0.0,0.0,0.0,0.0,0.0,0.0,0.0,0.0,0.0,2002,radio,0.5
5,3,lr5e-05_bs16_modL1_fusion64_fusionL1_drop0p1_trmiss50_trlocradio,16,5e-05,1,64,1,0.1,lr5e-05_bs16_modL1_fusion64_fusionL1_drop0p1_trmiss50_trlocradio,37,0.4776354332764943,0.7164553999900818,0.6142241379310345,0.7363344433320045,0.6888888888888889,0.0,0.0,0.0,0.0,0.0,0.0,0.0,0.0,0.0,2002,radio,0.5
5,3,lr5e-05_bs16_modL1_fusion64_fusionL1_drop0p1_trmiss50_trlocradio,16,5e-05,1,64,1,0.1,lr5e-05_bs16_modL1_fusion64_fusionL1_drop0p1_trmiss50_trlocradio,38,0.49439973135789234,0.7171964645385742,0.603448275862069,0.7310433680924027,0.6666666666666666,0.0,0.0,0.0,0.0,0.0,0.0,0.0,0.0,0.0,2002,radio,0.5
5,3,lr5e-05_bs16_modL1_fusion64_fusionL1_drop0p1_trmiss50_trlocradio,16,5e-05,1,64,1,0.1,lr5e-05_bs16_modL1_fusion64_fusionL1_drop0p1_trmiss50_trlocradio,39,0.4876757214466731,0.7144504189491272,0.6012931034482758,0.7329649440970953,0.6222222222222222,0.0,0.0,0.0,0.0,0.0,0.0,0.0,0.0,0.0,2002,radio,0.5
5,3,lr5e-05_bs16_modL1_fusion64_fusionL1_drop0p1_trmiss50_trlocradio,16,5e-05,1,64,1,0.1,lr5e-05_bs16_modL1_fusion64_fusionL1_drop0p1_trmiss50_trlocradio,40,0.48219090700149536,0.705808182557424,0.6099137931034483,0.7370174981836555,0.5777777777777777,0.0,0.0,0.0,0.0,0.0,0.0,0.0,0.0,0.0,2002,radio,0.5
5,3,lr5e-05_bs16_modL1_fusion64_fusionL1_drop0p1_trmiss50_trlocradio,16,5e-05,1,64,1,0.1,lr5e-05_bs16_modL1_fusion64_fusionL1_drop0p1_trmiss50_trlocradio,41,0.48420334110657376,0.7162405848503113,0.6077586206896551,0.7339778694343897,0.6222222222222222,0.0,0.0,0.0,0.0,0.0,0.0,0.0,0.0,0.0,2002,radio,0.5
5,3,lr5e-05_bs16_modL1_fusion64_fusionL1_drop0p1_trmiss50_trlocradio,16,5e-05,1,64,1,0.1,lr5e-05_bs16_modL1_fusion64_fusionL1_drop0p1_trmiss50_trlocradio,42,0.46385959287484485,0.7182859381039938,0.6077586206896552,0.7302183580180182,0.6666666666666666,0.0,0.0,0.0,0.0,0.0,0.0,0.0,0.0,0.0,2002,radio,0.5
5,3,lr5e-05_bs16_modL1_fusion64_fusionL1_drop0p1_trmiss50_trlocradio,16,5e-05,1,64,1,0.1,lr5e-05_bs16_modL1_fusion64_fusionL1_drop0p1_trmiss50_trlocradio,43,0.49584263811508816,0.7102974851926168,0.6099137931034484,0.7300087286875183,0.6222222222222222,0.0,0.0,0.0,0.0,0.0,0.0,0.0,0.0,0.0,2002,radio,0.5
5,3,lr5e-05_bs16_modL1_fusion64_fusionL1_drop0p1_trmiss50_trlocradio,16,5e-05,1,64,1,0.1,lr5e-05_bs16_modL1_fusion64_fusionL1_drop0p1_trmiss50_trlocradio,44,0.48017527163028717,0.7197131514549255,0.5905172413793104,0.7247405689091042,0.6,0.0,0.0,0.0,0.0,0.0,0.0,0.0,0.0,0.0,2002,radio,0.5
5,3,lr5e-05_bs16_modL1_fusion64_fusionL1_drop0p1_trmiss50_trlocradio,16,5e-05,1,64,1,0.1,lr5e-05_bs16_modL1_fusion64_fusionL1_drop0p1_trmiss50_trlocradio,45,0.4789973696072896,0.7049069404602051,0.603448275862069,0.7274527654406933,0.6444444444444445,0.0,0.0,0.0,0.0,0.0,0.0,0.0,0.0,0.0,2002,radio,0.5
5,3,lr5e-05_bs16_modL1_fusion64_fusionL1_drop0p1_trmiss50_trlocradio,16,5e-05,1,64,1,0.1,lr5e-05_bs16_modL1_fusion64_fusionL1_drop0p1_trmiss50_trlocradio,46,0.48088305195172626,0.7224310437838236,0.6099137931034484,0.7318827423671084,0.6888888888888889,0.0,0.0,0.0,0.0,0.0,0.0,0.0,0.0,0.0,2002,radio,0.5
5,3,lr5e-05_bs16_modL1_fusion64_fusionL1_drop0p1_trmiss50_trlocradio,16,5e-05,1,64,1,0.1,lr5e-05_bs16_modL1_fusion64_fusionL1_drop0p1_trmiss50_trlocradio,47,0.47829580307006836,0.7166709899902344,0.6206896551724137,0.7414781064883347,0.6888888888888889,0.0,0.0,0.0,0.0,0.0,0.0,0.0,0.0,0.0,2002,radio,0.5
5,3,lr5e-05_bs16_modL1_fusion64_fusionL1_drop0p1_trmiss50_trlocradio,16,5e-05,1,64,1,0.1,lr5e-05_bs16_modL1_fusion64_fusionL1_drop0p1_trmiss50_trlocradio,48,0.48547475536664325,0.7094839215278625,0.5969827586206896,0.7278478604784582,0.6888888888888889,0.0,0.0,0.0,0.0,0.0,0.0,0.0,0.0,0.0,2002,radio,0.5
5,3,lr5e-05_bs16_modL1_fusion64_fusionL1_drop0p1_trmiss50_trlocradio,16,5e-05,1,64,1,0.1,lr5e-05_bs16_modL1_fusion64_fusionL1_drop0p1_trmiss50_trlocradio,49,0.4697125107049942,0.7184897263844808,0.6056034482758621,0.7323336904587099,0.6444444444444445,0.0,0.0,0.0,0.0,0.0,0.0,0.0,0.0,0.0,2002,radio,0.5
5,3,lr5e-05_bs16_modL1_fusion64_fusionL1_drop0p1_trmiss50_trlocradio,16,5e-05,1,64,1,0.1,lr5e-05_bs16_modL1_fusion64_fusionL1_drop0p1_trmiss50_trlocradio,50,0.47466497371594113,0.7205104231834412,0.6120689655172414,0.7346811385243226,0.6666666666666666,0.0,0.0,0.0,0.0,0.0,0.0,0.0,0.0,0.0,2002,radio,0.5
5,3,lr5e-05_bs16_modL1_fusion64_fusionL1_drop0p1_trmiss50_trlocradio,16,5e-05,1,64,1,0.1,lr5e-05_bs16_modL1_fusion64_fusionL1_drop0p1_trmiss50_trlocradio,51,0.46490664531787235,0.7087891896565756,0.5948275862068966,0.7258468253282562,0.6444444444444445,0.0,0.0,0.0,0.0,0.0,0.0,0.0,0.0,0.0,2002,radio,0.5
5,3,lr5e-05_bs16_modL1_fusion64_fusionL1_drop0p1_trmiss50_trlocradio,16,5e-05,1,64,1,0.1,lr5e-05_bs16_modL1_fusion64_fusionL1_drop0p1_trmiss50_trlocradio,52,0.49699774632851285,0.7224382360776266,0.5926724137931034,0.7283995033173065,0.6444444444444445,0.0,0.0,0.0,0.0,0.0,0.0,0.0,0.0,0.0,2002,radio,0.5
5,3,lr5e-05_bs16_modL1_fusion64_fusionL1_drop0p1_trmiss50_trlocradio,16,5e-05,1,64,1,0.1,lr5e-05_bs16_modL1_fusion64_fusionL1_drop0p1_trmiss50_trlocradio,53,0.47697942952315014,0.7081305782000223,0.6120689655172413,0.737483421281774,0.6444444444444445,0.0,0.0,0.0,0.0,0.0,0.0,0.0,0.0,0.0,2002,radio,0.5
5,3,lr5e-05_bs16_modL1_fusion64_fusionL1_drop0p1_trmiss50_trlocradio,16,5e-05,1,64,1,0.1,lr5e-05_bs16_modL1_fusion64_fusionL1_drop0p1_trmiss50_trlocradio,54,0.501728355884552,0.7131588856379191,0.5905172413793104,0.7222859075654322,0.6666666666666666,0.0,0.0,0.0,0.0,0.0,0.0,0.0,0.0,0.0,2002,radio,0.5
5,3,lr5e-05_bs16_modL1_fusion64_fusionL1_drop0p1_trmiss50_trlocradio,16,5e-05,1,64,1,0.1,lr5e-05_bs16_modL1_fusion64_fusionL1_drop0p1_trmiss50_trlocradio,55,0.49149080614248913,0.7246071497599283,0.5926724137931034,0.7228303709289263,0.6222222222222222,0.0,0.0,0.0,0.0,0.0,0.0,0.0,0.0,0.0,2002,radio,0.5
5,3,lr5e-05_bs16_modL1_fusion64_fusionL1_drop0p1_trmiss50_trlocradio,16,5e-05,1,64,1,0.1,lr5e-05_bs16_modL1_fusion64_fusionL1_drop0p1_trmiss50_trlocradio,56,0.4565726692477862,0.7217076023419698,0.6056034482758621,0.729030762245342,0.6222222222222222,0.0,0.0,0.0,0.0,0.0,0.0,0.0,0.0,0.0,2002,radio,0.5
5,3,lr5e-05_bs16_modL1_fusion64_fusionL1_drop0p1_trmiss50_trlocradio,16,5e-05,1,64,1,0.1,lr5e-05_bs16_modL1_fusion64_fusionL1_drop0p1_trmiss50_trlocradio,57,0.4651707038283348,0.7152252197265625,0.6077586206896552,0.7318175105471669,0.6,0.0,0.0,0.0,0.0,0.0,0.0,0.0,0.0,0.0,2002,radio,0.5
5,3,lr5e-05_bs16_modL1_fusion64_fusionL1_drop0p1_trmiss50_trlocradio,16,5e-05,1,64,1,0.1,lr5e-05_bs16_modL1_fusion64_fusionL1_drop0p1_trmiss50_trlocradio,58,0.4769405449430148,0.7141753435134888,0.6012931034482759,0.7242335569798259,0.6,0.0,0.0,0.0,0.0,0.0,0.0,0.0,0.0,0.0,2002,radio,0.5
5,3,lr5e-05_bs16_modL1_fusion64_fusionL1_drop0p1_trmiss50_trlocradio,16,5e-05,1,64,1,0.1,lr5e-05_bs16_modL1_fusion64_fusionL1_drop0p1_trmiss50_trlocradio,59,0.4726388032237689,0.715879221757253,0.6056034482758621,0.7292053804824115,0.5777777777777777,0.0,0.0,0.0,0.0,0.0,0.0,0.0,0.0,0.0,2002,radio,0.5
5,3,lr5e-05_bs16_modL1_fusion64_fusionL1_drop0p1_trmiss50_trlocradio,16,5e-05,1,64,1,0.1,lr5e-05_bs16_modL1_fusion64_fusionL1_drop0p1_trmiss50_trlocradio,60,0.5124472801884016,0.7280283570289612,0.6077586206896551,0.7305840842458133,0.6,0.0,0.0,0.0,0.0,0.0,0.0,0.0,0.0,0.0,2002,radio,0.5
5,3,lr5e-05_bs16_modL1_fusion64_fusionL1_drop0p1_trmiss50_trlocradio,16,5e-05,1,64,1,0.1,lr5e-05_bs16_modL1_fusion64_fusionL1_drop0p1_trmiss50_trlocradio,61,0.4737117290496826,0.7137503226598104,0.6228448275862069,0.7381723230616652,0.6666666666666666,0.0,0.0,0.0,0.0,0.0,0.0,0.0,0.0,0.0,2002,radio,0.5
5,3,lr5e-05_bs16_modL1_fusion64_fusionL1_drop0p1_trmiss50_trlocradio,16,5e-05,1,64,1,0.1,lr5e-05_bs16_modL1_fusion64_fusionL1_drop0p1_trmiss50_trlocradio,62,0.5143063937624296,0.7222106258074442,0.5775862068965517,0.7166989799627523,0.6,0.0,0.0,0.0,0.0,0.0,0.0,0.0,0.0,0.0,2002,radio,0.5
5,3,lr5e-05_bs16_modL1_fusion64_fusionL1_drop0p1_trmiss50_trlocradio,16,5e-05,1,64,1,0.1,lr5e-05_bs16_modL1_fusion64_fusionL1_drop0p1_trmiss50_trlocradio,63,0.47891131540139514,0.7285797794659933,0.5883620689655173,0.7225394618241054,0.5777777777777777,0.0,0.0,0.0,0.0,0.0,0.0,0.0,0.0,0.0,2002,radio,0.5
5,3,lr5e-05_bs16_modL1_fusion64_fusionL1_drop0p1_trmiss50_trlocradio,16,5e-05,1,64,1,0.1,lr5e-05_bs16_modL1_fusion64_fusionL1_drop0p1_trmiss50_trlocradio,64,0.47955481459697086,0.7101519703865051,0.6163793103448276,0.7435267479218168,0.6,0.0,0.0,0.0,0.0,0.0,0.0,0.0,0.0,0.0,2002,radio,0.5
5,3,lr5e-05_bs16_modL1_fusion64_fusionL1_drop0p1_trmiss50_trlocradio,16,5e-05,1,64,1,0.1,lr5e-05_bs16_modL1_fusion64_fusionL1_drop0p1_trmiss50_trlocradio,65,0.4808270086844762,0.7160646915435791,0.6012931034482758,0.732670477295402,0.6222222222222222,0.0,0.0,0.0,0.0,0.0,0.0,0.0,0.0,0.0,2002,radio,0.5
5,3,lr5e-05_bs16_modL1_fusion64_fusionL1_drop0p1_trmiss50_trlocradio,16,5e-05,1,64,1,0.1,lr5e-05_bs16_modL1_fusion64_fusionL1_drop0p1_trmiss50_trlocradio,66,0.4966423660516739,0.720948318640391,0.5905172413793104,0.7232826032777104,0.6222222222222222,0.0,0.0,0.0,0.0,0.0,0.0,0.0,0.0,0.0,2002,radio,0.5
5,3,lr5e-05_bs16_modL1_fusion64_fusionL1_drop0p1_trmiss50_trlocradio,16,5e-05,1,64,1,0.1,lr5e-05_bs16_modL1_fusion64_fusionL1_drop0p1_trmiss50_trlocradio,67,0.46071720123291016,0.7274937033653259,0.5754310344827587,0.7147349840049391,0.5777777777777777,0.0,0.0,0.0,0.0,0.0,0.0,0.0,0.0,0.0,2002,radio,0.5
5,3,lr5e-05_bs16_modL1_fusion64_fusionL1_drop0p1_trmiss50_trlocradio,16,5e-05,1,64,1,0.1,lr5e-05_bs16_modL1_fusion64_fusionL1_drop0p1_trmiss50_trlocradio,68,0.47276122371355694,0.7206118106842041,0.5926724137931034,0.7259351717571179,0.6,0.0,0.0,0.0,0.0,0.0,0.0,0.0,0.0,0.0,2002,radio,0.5
5,3,lr5e-05_bs16_modL1_fusion64_fusionL1_drop0p1_trmiss50_trlocradio,16,5e-05,1,64,1,0.1,lr5e-05_bs16_modL1_fusion64_fusionL1_drop0p1_trmiss50_trlocradio,69,0.4691702798008919,0.7219763994216919,0.5905172413793104,0.7243510757764702,0.6,0.0,0.0,0.0,0.0,0.0,0.0,0.0,0.0,0.0,2002,radio,0.5
5,3,lr5e-05_bs16_modL1_fusion64_fusionL1_drop0p1_trmiss50_trlocradio,16,5e-05,1,64,1,0.1,lr5e-05_bs16_modL1_fusion64_fusionL1_drop0p1_trmiss50_trlocradio,70,0.44821706662575406,0.7155395746231079,0.603448275862069,0.7322993579237898,0.6444444444444445,0.0,0.0,0.0,0.0,0.0,0.0,0.0,0.0,0.0,2002,radio,0.5
5,3,lr5e-05_bs16_modL1_fusion64_fusionL1_drop0p1_trmiss50_trlocradio,16,5e-05,1,64,1,0.1,lr5e-05_bs16_modL1_fusion64_fusionL1_drop0p1_trmiss50_trlocradio,71,0.47331741203864414,0.7235203981399536,0.5926724137931034,0.7258337767074068,0.6,0.0,0.0,0.0,0.0,0.0,0.0,0.0,0.0,0.0,2002,radio,0.5
5,3,lr5e-05_bs16_modL1_fusion64_fusionL1_drop0p1_trmiss50_trlocradio,16,5e-05,1,64,1,0.1,lr5e-05_bs16_modL1_fusion64_fusionL1_drop0p1_trmiss50_trlocradio,72,0.473630686601003,0.7258206009864807,0.5926724137931034,0.7287057216318633,0.5777777777777777,0.0,0.0,0.0,0.0,0.0,0.0,0.0,0.0,0.0,2002,radio,0.5
5,3,lr5e-05_bs16_modL1_fusion64_fusionL1_drop0p1_trmiss50_trlocradio,16,5e-05,1,64,1,0.1,lr5e-05_bs16_modL1_fusion64_fusionL1_drop0p1_trmiss50_trlocradio,73,0.479325495660305,0.7134695251782736,0.5883620689655173,0.7238483670841063,0.6444444444444445,0.0,0.0,0.0,0.0,0.0,0.0,0.0,0.0,0.0,2002,radio,0.5
5,3,lr5e-05_bs16_modL1_fusion64_fusionL1_drop0p1_trmiss50_trlocradio,16,5e-05,1,64,1,0.1,lr5e-05_bs16_modL1_fusion64_fusionL1_drop0p1_trmiss50_trlocradio,74,0.47516200691461563,0.7109092672665914,0.6185344827586208,0.7412806260485125,0.6444444444444445,0.0,0.0,0.0,0.0,0.0,0.0,0.0,0.0,0.0,2002,radio,0.5
5,3,lr5e-05_bs16_modL1_fusion64_fusionL1_drop0p1_trmiss50_trlocradio,16,5e-05,1,64,1,0.1,lr5e-05_bs16_modL1_fusion64_fusionL1_drop0p1_trmiss50_trlocradio,75,0.4843411097923915,0.7161718010902405,0.5905172413793103,0.7238807235512872,0.6,0.0,0.0,0.0,0.0,0.0,0.0,0.0,0.0,0.0,2002,radio,0.5
5,3,lr5e-05_bs16_modL1_fusion64_fusionL1_drop0p1_trmiss50_trlocradio,16,5e-05,1,64,1,0.1,lr5e-05_bs16_modL1_fusion64_fusionL1_drop0p1_trmiss50_trlocradio,76,0.4894305070241292,0.7169786691665649,0.5905172413793103,0.7216737052450044,0.6222222222222222,0.0,0.0,0.0,0.0,0.0,0.0,0.0,0.0,0.0,2002,radio,0.5
5,3,lr5e-05_bs16_modL1_fusion64_fusionL1_drop0p1_trmiss50_trlocradio,16,5e-05,1,64,1,0.1,lr5e-05_bs16_modL1_fusion64_fusionL1_drop0p1_trmiss50_trlocradio,77,0.4680988813440005,0.7239309151967367,0.5883620689655172,0.7183234846330642,0.6,0.0,0.0,0.0,0.0,0.0,0.0,0.0,0.0,0.0,2002,radio,0.5
5,3,lr5e-05_bs16_modL1_fusion64_fusionL1_drop0p1_trmiss50_trlocradio,16,5e-05,1,64,1,0.1,lr5e-05_bs16_modL1_fusion64_fusionL1_drop0p1_trmiss50_trlocradio,78,0.4838332881530126,0.7180300752321879,0.5969827586206897,0.7223318526159592,0.6666666666666666,0.0,0.0,0.0,0.0,0.0,0.0,0.0,0.0,0.0,2002,radio,0.5
5,3,lr5e-05_bs16_modL1_fusion64_fusionL1_drop0p1_trmiss50_trlocradio,16,5e-05,1,64,1,0.1,lr5e-05_bs16_modL1_fusion64_fusionL1_drop0p1_trmiss50_trlocradio,79,0.4739340196053187,0.7247011264165243,0.5926724137931034,0.7191023683065481,0.6,0.0,0.0,0.0,0.0,0.0,0.0,0.0,0.0,0.0,2002,radio,0.5
5,3,lr5e-05_bs16_modL1_fusion64_fusionL1_drop0p1_trmiss50_trlocradio,16,5e-05,1,64,1,0.1,lr5e-05_bs16_modL1_fusion64_fusionL1_drop0p1_trmiss50_trlocradio,80,0.5050672069191933,0.7203605771064758,0.5732758620689655,0.7119965180207792,0.6,0.0,0.0,0.0,0.0,0.0,0.0,0.0,0.0,0.0,2002,radio,0.5
5,3,lr1e-04_bs16_modL1_fusion32_fusionL1_drop0p2_trmiss50_trlocradio,16,0.0001,1,32,1,0.2,lr1e-04_bs16_modL1_fusion32_fusionL1_drop0p2_trmiss50_trlocradio,1,0.6716342767079672,0.6867782274881998,0.6616379310344828,0.7834246654271997,0.5777777777777777,0.0,0.0,0.0,0.0,0.0,0.0,0.0,0.0,0.0,2002,radio,0.5
5,3,lr1e-04_bs16_modL1_fusion32_fusionL1_drop0p2_trmiss50_trlocradio,16,0.0001,1,32,1,0.2,lr1e-04_bs16_modL1_fusion32_fusionL1_drop0p2_trmiss50_trlocradio,2,0.6567746698856354,0.6829304695129395,0.625,0.7554807816234868,0.5777777777777777,0.0,0.0,0.0,0.0,0.0,0.0,0.0,0.0,0.0,2002,radio,0.5
5,3,lr1e-04_bs16_modL1_fusion32_fusionL1_drop0p2_trmiss50_trlocradio,16,0.0001,1,32,1,0.2,lr1e-04_bs16_modL1_fusion32_fusionL1_drop0p2_trmiss50_trlocradio,3,0.6365279257297516,0.6793956359227499,0.6551724137931034,0.756563178422665,0.6222222222222222,0.0,0.0,0.0,0.0,0.0,0.0,0.0,0.0,0.0,2002,radio,0.5
5,3,lr1e-04_bs16_modL1_fusion32_fusionL1_drop0p2_trmiss50_trlocradio,16,0.0001,1,32,1,0.2,lr1e-04_bs16_modL1_fusion32_fusionL1_drop0p2_trmiss50_trlocradio,4,0.621747816602389,0.6657092571258545,0.6357758620689654,0.7436130872449708,0.6444444444444445,0.0,0.0,0.0,0.0,0.0,0.0,0.0,0.0,0.0,2002,radio,0.5
5,3,lr1e-04_bs16_modL1_fusion32_fusionL1_drop0p2_trmiss50_trlocradio,16,0.0001,1,32,1,0.2,lr1e-04_bs16_modL1_fusion32_fusionL1_drop0p2_trmiss50_trlocradio,5,0.5953429142634074,0.6691729227701823,0.5926724137931035,0.725890349910051,0.5777777777777777,0.0,0.0,0.0,0.0,0.0,0.0,0.0,0.0,0.0,2002,radio,0.5
5,3,lr1e-04_bs16_modL1_fusion32_fusionL1_drop0p2_trmiss50_trlocradio,16,0.0001,1,32,1,0.2,lr1e-04_bs16_modL1_fusion32_fusionL1_drop0p2_trmiss50_trlocradio,6,0.5937987317641577,0.6616405248641968,0.6443965517241379,0.7575520745578864,0.6222222222222222,0.0,0.0,0.0,0.0,0.0,0.0,0.0,0.0,0.0,2002,radio,0.5
5,3,lr1e-04_bs16_modL1_fusion32_fusionL1_drop0p2_trmiss50_trlocradio,16,0.0001,1,32,1,0.2,lr1e-04_bs16_modL1_fusion32_fusionL1_drop0p2_trmiss50_trlocradio,7,0.5599746555089951,0.6601369380950928,0.644396551724138,0.756745661964008,0.6444444444444445,0.0,0.0,0.0,0.0,0.0,0.0,0.0,0.0,0.0,2002,radio,0.5
5,3,lr1e-04_bs16_modL1_fusion32_fusionL1_drop0p2_trmiss50_trlocradio,16,0.0001,1,32,1,0.2,lr1e-04_bs16_modL1_fusion32_fusionL1_drop0p2_trmiss50_trlocradio,8,0.5820881426334381,0.6556981007258097,0.6594827586206897,0.7670899540803441,0.6444444444444445,0.0,0.0,0.0,0.0,0.0,0.0,0.0,0.0,0.0,2002,radio,0.5
5,3,lr1e-04_bs16_modL1_fusion32_fusionL1_drop0p2_trmiss50_trlocradio,16,0.0001,1,32,1,0.2,lr1e-04_bs16_modL1_fusion32_fusionL1_drop0p2_trmiss50_trlocradio,9,0.5740782544016838,0.6577755212783813,0.6314655172413793,0.7574188191751859,0.5777777777777777,0.0,0.0,0.0,0.0,0.0,0.0,0.0,0.0,0.0,2002,radio,0.5
5,3,lr1e-04_bs16_modL1_fusion32_fusionL1_drop0p2_trmiss50_trlocradio,16,0.0001,1,32,1,0.2,lr1e-04_bs16_modL1_fusion32_fusionL1_drop0p2_trmiss50_trlocradio,10,0.5466302608450254,0.6736753384272257,0.5948275862068966,0.7173924799693245,0.5333333333333333,0.0,0.0,0.0,0.0,0.0,0.0,0.0,0.0,0.0,2002,radio,0.5
5,3,lr1e-04_bs16_modL1_fusion32_fusionL1_drop0p2_trmiss50_trlocradio,16,0.0001,1,32,1,0.2,lr1e-04_bs16_modL1_fusion32_fusionL1_drop0p2_trmiss50_trlocradio,11,0.5211510981122652,0.6717002987861633,0.603448275862069,0.7396396301839231,0.5777777777777777,0.0,0.0,0.0,0.0,0.0,0.0,0.0,0.0,0.0,2002,radio,0.5
5,3,lr1e-04_bs16_modL1_fusion32_fusionL1_drop0p2_trmiss50_trlocradio,16,0.0001,1,32,1,0.2,lr1e-04_bs16_modL1_fusion32_fusionL1_drop0p2_trmiss50_trlocradio,12,0.5628363440434138,0.6633323431015015,0.6314655172413793,0.7391473386352857,0.6,0.0,0.0,0.0,0.0,0.0,0.0,0.0,0.0,0.0,2002,radio,0.5
5,3,lr1e-04_bs16_modL1_fusion32_fusionL1_drop0p2_trmiss50_trlocradio,16,0.0001,1,32,1,0.2,lr1e-04_bs16_modL1_fusion32_fusionL1_drop0p2_trmiss50_trlocradio,13,0.5334073801835378,0.6547120412190756,0.6573275862068966,0.7716148984229337,0.6222222222222222,0.0,0.0,0.0,0.0,0.0,0.0,0.0,0.0,0.0,2002,radio,0.5
5,3,lr1e-04_bs16_modL1_fusion32_fusionL1_drop0p2_trmiss50_trlocradio,16,0.0001,1,32,1,0.2,lr1e-04_bs16_modL1_fusion32_fusionL1_drop0p2_trmiss50_trlocradio,14,0.5155097097158432,0.6565816005071005,0.6379310344827587,0.7612471945314319,0.6222222222222222,0.0,0.0,0.0,0.0,0.0,0.0,0.0,0.0,0.0,2002,radio,0.5
5,3,lr1e-04_bs16_modL1_fusion32_fusionL1_drop0p2_trmiss50_trlocradio,16,0.0001,1,32,1,0.2,lr1e-04_bs16_modL1_fusion32_fusionL1_drop0p2_trmiss50_trlocradio,15,0.5022343223293623,0.66301961739858,0.625,0.7405396383831752,0.6222222222222222,0.0,0.0,0.0,0.0,0.0,0.0,0.0,0.0,0.0,2002,radio,0.5
5,3,lr1e-04_bs16_modL1_fusion32_fusionL1_drop0p2_trmiss50_trlocradio,16,0.0001,1,32,1,0.2,lr1e-04_bs16_modL1_fusion32_fusionL1_drop0p2_trmiss50_trlocradio,16,0.4990569179256757,0.6585020422935486,0.6314655172413792,0.7603909731884425,0.6222222222222222,0.0,0.0,0.0,0.0,0.0,0.0,0.0,0.0,0.0,2002,radio,0.5
5,3,lr1e-04_bs16_modL1_fusion32_fusionL1_drop0p2_trmiss50_trlocradio,16,0.0001,1,32,1,0.2,lr1e-04_bs16_modL1_fusion32_fusionL1_drop0p2_trmiss50_trlocradio,17,0.5056625157594681,0.6544564366340637,0.6379310344827586,0.7556384372178867,0.6444444444444445,0.0,0.0,0.0,0.0,0.0,0.0,0.0,0.0,0.0,2002,radio,0.5
5,3,lr1e-04_bs16_modL1_fusion32_fusionL1_drop0p2_trmiss50_trlocradio,16,0.0001,1,32,1,0.2,lr1e-04_bs16_modL1_fusion32_fusionL1_drop0p2_trmiss50_trlocradio,18,0.48126864929993945,0.6463633378346761,0.6616379310344828,0.7733733913610644,0.6888888888888889,0.0,0.0,0.0,0.0,0.0,0.0,0.0,0.0,0.0,2002,radio,0.5
5,3,lr1e-04_bs16_modL1_fusion32_fusionL1_drop0p2_trmiss50_trlocradio,16,0.0001,1,32,1,0.2,lr1e-04_bs16_modL1_fusion32_fusionL1_drop0p2_trmiss50_trlocradio,19,0.4682423919439316,0.6586753129959106,0.6400862068965517,0.7599963348287688,0.6,0.0,0.0,0.0,0.0,0.0,0.0,0.0,0.0,0.0,2002,radio,0.5
5,3,lr1e-04_bs16_modL1_fusion32_fusionL1_drop0p2_trmiss50_trlocradio,16,0.0001,1,32,1,0.2,lr1e-04_bs16_modL1_fusion32_fusionL1_drop0p2_trmiss50_trlocradio,20,0.4518059988816579,0.6526286999384562,0.6508620689655171,0.7618111766116306,0.6222222222222222,0.0,0.0,0.0,0.0,0.0,0.0,0.0,0.0,0.0,2002,radio,0.5
5,3,lr1e-04_bs16_modL1_fusion32_fusionL1_drop0p2_trmiss50_trlocradio,16,0.0001,1,32,1,0.2,lr1e-04_bs16_modL1_fusion32_fusionL1_drop0p2_trmiss50_trlocradio,21,0.4532894641160965,0.6539846658706665,0.6702586206896551,0.7804925104713235,0.6666666666666666,0.0,0.0,0.0,0.0,0.0,0.0,0.0,0.0,0.0,2002,radio,0.5
5,3,lr1e-04_bs16_modL1_fusion32_fusionL1_drop0p2_trmiss50_trlocradio,16,0.0001,1,32,1,0.2,lr1e-04_bs16_modL1_fusion32_fusionL1_drop0p2_trmiss50_trlocradio,22,0.45830311129490536,0.6596662799517313,0.6422413793103449,0.767678962564008,0.6222222222222222,0.0,0.0,0.0,0.0,0.0,0.0,0.0,0.0,0.0,2002,radio,0.5
5,3,lr1e-04_bs16_modL1_fusion32_fusionL1_drop0p2_trmiss50_trlocradio,16,0.0001,1,32,1,0.2,lr1e-04_bs16_modL1_fusion32_fusionL1_drop0p2_trmiss50_trlocradio,23,0.43304093927145004,0.6618085702260336,0.6163793103448276,0.7546950751417661,0.6444444444444445,0.0,0.0,0.0,0.0,0.0,0.0,0.0,0.0,0.0,2002,radio,0.5
5,3,lr1e-04_bs16_modL1_fusion32_fusionL1_drop0p2_trmiss50_trlocradio,16,0.0001,1,32,1,0.2,lr1e-04_bs16_modL1_fusion32_fusionL1_drop0p2_trmiss50_trlocradio,24,0.4082015777627627,0.6590949296951294,0.6271551724137929,0.7666655597527118,0.6666666666666666,0.0,0.0,0.0,0.0,0.0,0.0,0.0,0.0,0.0,2002,radio,0.5
5,3,lr1e-04_bs16_modL1_fusion32_fusionL1_drop0p2_trmiss50_trlocradio,16,0.0001,1,32,1,0.2,lr1e-04_bs16_modL1_fusion32_fusionL1_drop0p2_trmiss50_trlocradio,25,0.41654615849256516,0.6514267126719157,0.627155172413793,0.7661358372500741,0.6444444444444445,0.0,0.0,0.0,0.0,0.0,0.0,0.0,0.0,0.0,2002,radio,0.5
5,3,lr1e-04_bs16_modL1_fusion32_fusionL1_drop0p2_trmiss50_trlocradio,16,0.0001,1,32,1,0.2,lr1e-04_bs16_modL1_fusion32_fusionL1_drop0p2_trmiss50_trlocradio,26,0.4392199044426282,0.665393074353536,0.6228448275862069,0.7649935240297473,0.6,0.0,0.0,0.0,0.0,0.0,0.0,0.0,0.0,0.0,2002,radio,0.5
5,3,lr1e-04_bs16_modL1_fusion32_fusionL1_drop0p2_trmiss50_trlocradio,16,0.0001,1,32,1,0.2,lr1e-04_bs16_modL1_fusion32_fusionL1_drop0p2_trmiss50_trlocradio,27,0.43377654751141864,0.6582930088043213,0.6422413793103449,0.7713139361005813,0.6,0.0,0.0,0.0,0.0,0.0,0.0,0.0,0.0,0.0,2002,radio,0.5
5,3,lr1e-04_bs16_modL1_fusion32_fusionL1_drop0p2_trmiss50_trlocradio,16,0.0001,1,32,1,0.2,lr1e-04_bs16_modL1_fusion32_fusionL1_drop0p2_trmiss50_trlocradio,28,0.409919170041879,0.6499499479929606,0.6594827586206896,0.7880709304248213,0.6222222222222222,0.0,0.0,0.0,0.0,0.0,0.0,0.0,0.0,0.0,2002,radio,0.5
5,3,lr1e-04_bs16_modL1_fusion32_fusionL1_drop0p2_trmiss50_trlocradio,16,0.0001,1,32,1,0.2,lr1e-04_bs16_modL1_fusion32_fusionL1_drop0p2_trmiss50_trlocradio,29,0.4107551798224449,0.6518490513165792,0.6594827586206896,0.7863985450803858,0.6222222222222222,0.0,0.0,0.0,0.0,0.0,0.0,0.0,0.0,0.0,2002,radio,0.5
5,3,lr1e-04_bs16_modL1_fusion32_fusionL1_drop0p2_trmiss50_trlocradio,16,0.0001,1,32,1,0.2,lr1e-04_bs16_modL1_fusion32_fusionL1_drop0p2_trmiss50_trlocradio,30,0.40595173587401706,0.6501102050145467,0.665948275862069,0.7858169129419584,0.6222222222222222,0.0,0.0,0.0,0.0,0.0,0.0,0.0,0.0,0.0,2002,radio,0.5
5,3,lr1e-04_bs16_modL1_fusion32_fusionL1_drop0p2_trmiss50_trlocradio,16,0.0001,1,32,1,0.2,lr1e-04_bs16_modL1_fusion32_fusionL1_drop0p2_trmiss50_trlocradio,31,0.4054166153073311,0.6559264461199442,0.6745689655172413,0.7970404939113068,0.6,0.0,0.0,0.0,0.0,0.0,0.0,0.0,0.0,0.0,2002,radio,0.5
5,3,lr1e-04_bs16_modL1_fusion32_fusionL1_drop0p2_trmiss50_trlocradio,16,0.0001,1,32,1,0.2,lr1e-04_bs16_modL1_fusion32_fusionL1_drop0p2_trmiss50_trlocradio,32,0.4047885636488597,0.6530682841936747,0.6530172413793103,0.7782451458583836,0.6,0.0,0.0,0.0,0.0,0.0,0.0,0.0,0.0,0.0,2002,radio,0.5
5,3,lr1e-04_bs16_modL1_fusion32_fusionL1_drop0p2_trmiss50_trlocradio,16,0.0001,1,32,1,0.2,lr1e-04_bs16_modL1_fusion32_fusionL1_drop0p2_trmiss50_trlocradio,33,0.37617960075537366,0.6535055239995321,0.6422413793103448,0.7692815376475942,0.6444444444444445,0.0,0.0,0.0,0.0,0.0,0.0,0.0,0.0,0.0,2002,radio,0.5
5,3,lr1e-04_bs16_modL1_fusion32_fusionL1_drop0p2_trmiss50_trlocradio,16,0.0001,1,32,1,0.2,lr1e-04_bs16_modL1_fusion32_fusionL1_drop0p2_trmiss50_trlocradio,34,0.40489289661248523,0.6584198872248331,0.6530172413793104,0.7784608441009063,0.6222222222222222,0.0,0.0,0.0,0.0,0.0,0.0,0.0,0.0,0.0,2002,radio,0.5
5,3,lr1e-04_bs16_modL1_fusion32_fusionL1_drop0p2_trmiss50_trlocradio,16,0.0001,1,32,1,0.2,lr1e-04_bs16_modL1_fusion32_fusionL1_drop0p2_trmiss50_trlocradio,35,0.3775606006383896,0.6571641564369202,0.668103448275862,0.7882068837567845,0.5777777777777777,0.0,0.0,0.0,0.0,0.0,0.0,0.0,0.0,0.0,2002,radio,0.5
5,3,lr1e-04_bs16_modL1_fusion32_fusionL1_drop0p2_trmiss50_trlocradio,16,0.0001,1,32,1,0.2,lr1e-04_bs16_modL1_fusion32_fusionL1_drop0p2_trmiss50_trlocradio,36,0.38974902033805847,0.6620411078135172,0.6573275862068966,0.7862544345594383,0.5777777777777777,0.0,0.0,0.0,0.0,0.0,0.0,0.0,0.0,0.0,2002,radio,0.5
5,3,lr1e-04_bs16_modL1_fusion32_fusionL1_drop0p2_trmiss50_trlocradio,16,0.0001,1,32,1,0.2,lr1e-04_bs16_modL1_fusion32_fusionL1_drop0p2_trmiss50_trlocradio,37,0.39443599929412204,0.6580237746238708,0.6616379310344827,0.7922507816321184,0.5777777777777777,0.0,0.0,0.0,0.0,0.0,0.0,0.0,0.0,0.0,2002,radio,0.5
5,3,lr1e-04_bs16_modL1_fusion32_fusionL1_drop0p2_trmiss50_trlocradio,16,0.0001,1,32,1,0.2,lr1e-04_bs16_modL1_fusion32_fusionL1_drop0p2_trmiss50_trlocradio,38,0.3882589638233185,0.656873881816864,0.6508620689655173,0.7852880339904543,0.6222222222222222,0.0,0.0,0.0,0.0,0.0,0.0,0.0,0.0,0.0,2002,radio,0.5
5,3,lr1e-04_bs16_modL1_fusion32_fusionL1_drop0p2_trmiss50_trlocradio,16,0.0001,1,32,1,0.2,lr1e-04_bs16_modL1_fusion32_fusionL1_drop0p2_trmiss50_trlocradio,39,0.3921896517276764,0.654902438322703,0.6637931034482758,0.7933313424654372,0.6222222222222222,0.0,0.0,0.0,0.0,0.0,0.0,0.0,0.0,0.0,2002,radio,0.5
5,3,lr1e-04_bs16_modL1_fusion32_fusionL1_drop0p2_trmiss50_trlocradio,16,0.0001,1,32,1,0.2,lr1e-04_bs16_modL1_fusion32_fusionL1_drop0p2_trmiss50_trlocradio,40,0.3845839699109395,0.6643934448560079,0.6573275862068966,0.7806552056594568,0.5555555555555556,0.0,0.0,0.0,0.0,0.0,0.0,0.0,0.0,0.0,2002,radio,0.5
5,3,lr1e-04_bs16_modL1_fusion32_fusionL1_drop0p2_trmiss50_trlocradio,16,0.0001,1,32,1,0.2,lr1e-04_bs16_modL1_fusion32_fusionL1_drop0p2_trmiss50_trlocradio,41,0.39162906507651013,0.659146269162496,0.6616379310344828,0.7929477152830803,0.5777777777777777,0.0,0.0,0.0,0.0,0.0,0.0,0.0,0.0,0.0,2002,radio,0.5
5,3,lr1e-04_bs16_modL1_fusion32_fusionL1_drop0p2_trmiss50_trlocradio,16,0.0001,1,32,1,0.2,lr1e-04_bs16_modL1_fusion32_fusionL1_drop0p2_trmiss50_trlocradio,42,0.41246985147396725,0.6653527418772379,0.6681034482758621,0.7939051913731446,0.5555555555555556,0.0,0.0,0.0,0.0,0.0,0.0,0.0,0.0,0.0,2002,radio,0.5
5,3,lr1e-04_bs16_modL1_fusion32_fusionL1_drop0p2_trmiss50_trlocradio,16,0.0001,1,32,1,0.2,lr1e-04_bs16_modL1_fusion32_fusionL1_drop0p2_trmiss50_trlocradio,43,0.3676772142450015,0.6602223515510559,0.6487068965517241,0.7793521202766985,0.5777777777777777,0.0,0.0,0.0,0.0,0.0,0.0,0.0,0.0,0.0,2002,radio,0.5
5,3,lr1e-04_bs16_modL1_fusion32_fusionL1_drop0p2_trmiss50_trlocradio,16,0.0001,1,32,1,0.2,lr1e-04_bs16_modL1_fusion32_fusionL1_drop0p2_trmiss50_trlocradio,44,0.39361924429734546,0.6532629132270813,0.6616379310344829,0.7901409134189271,0.6222222222222222,0.0,0.0,0.0,0.0,0.0,0.0,0.0,0.0,0.0,2002,radio,0.5
5,3,lr1e-04_bs16_modL1_fusion32_fusionL1_drop0p2_trmiss50_trlocradio,16,0.0001,1,32,1,0.2,lr1e-04_bs16_modL1_fusion32_fusionL1_drop0p2_trmiss50_trlocradio,45,0.3945281580090523,0.6561747590700785,0.6616379310344828,0.7850782195005602,0.6,0.0,0.0,0.0,0.0,0.0,0.0,0.0,0.0,0.0,2002,radio,0.5
5,3,lr1e-04_bs16_modL1_fusion32_fusionL1_drop0p2_trmiss50_trlocradio,16,0.0001,1,32,1,0.2,lr1e-04_bs16_modL1_fusion32_fusionL1_drop0p2_trmiss50_trlocradio,46,0.398616261780262,0.6583633621533712,0.6573275862068966,0.7828105422444332,0.6,0.0,0.0,0.0,0.0,0.0,0.0,0.0,0.0,0.0,2002,radio,0.5
5,3,lr1e-04_bs16_modL1_fusion32_fusionL1_drop0p2_trmiss50_trlocradio,16,0.0001,1,32,1,0.2,lr1e-04_bs16_modL1_fusion32_fusionL1_drop0p2_trmiss50_trlocradio,47,0.37421730409065884,0.6524117191632589,0.6616379310344827,0.7831650824829913,0.6444444444444445,0.0,0.0,0.0,0.0,0.0,0.0,0.0,0.0,0.0,2002,radio,0.5
5,3,lr1e-04_bs16_modL1_fusion32_fusionL1_drop0p2_trmiss50_trlocradio,16,0.0001,1,32,1,0.2,lr1e-04_bs16_modL1_fusion32_fusionL1_drop0p2_trmiss50_trlocradio,48,0.36891261488199234,0.6452388763427734,0.6724137931034482,0.7925266048067748,0.6666666666666666,0.0,0.0,0.0,0.0,0.0,0.0,0.0,0.0,0.0,2002,radio,0.5
5,3,lr1e-04_bs16_modL1_fusion32_fusionL1_drop0p2_trmiss50_trlocradio,16,0.0001,1,32,1,0.2,lr1e-04_bs16_modL1_fusion32_fusionL1_drop0p2_trmiss50_trlocradio,49,0.3801417797803879,0.643589437007904,0.6637931034482759,0.7860324301833378,0.6444444444444445,0.0,0.0,0.0,0.0,0.0,0.0,0.0,0.0,0.0,2002,radio,0.5
5,3,lr1e-04_bs16_modL1_fusion32_fusionL1_drop0p2_trmiss50_trlocradio,16,0.0001,1,32,1,0.2,lr1e-04_bs16_modL1_fusion32_fusionL1_drop0p2_trmiss50_trlocradio,50,0.38408907999595004,0.6550805568695068,0.6637931034482759,0.7828776898106883,0.6222222222222222,0.0,0.0,0.0,0.0,0.0,0.0,0.0,0.0,0.0,2002,radio,0.5
5,3,lr1e-04_bs16_modL1_fusion32_fusionL1_drop0p2_trmiss50_trlocradio,16,0.0001,1,32,1,0.2,lr1e-04_bs16_modL1_fusion32_fusionL1_drop0p2_trmiss50_trlocradio,51,0.367970089117686,0.6561271548271179,0.6724137931034483,0.7888032506591921,0.5777777777777777,0.0,0.0,0.0,0.0,0.0,0.0,0.0,0.0,0.0,2002,radio,0.5
5,3,lr1e-04_bs16_modL1_fusion32_fusionL1_drop0p1_trmiss50_trlocradio,16,0.0001,1,32,1,0.1,lr1e-04_bs16_modL1_fusion32_fusionL1_drop0p1_trmiss50_trlocradio,1,0.7290619959433874,0.7184122800827026,0.49568965517241376,0.6434687990311622,0.4,0.0,0.0,0.0,0.0,0.0,0.0,0.0,0.0,0.0,2002,radio,0.5
5,3,lr1e-04_bs16_modL1_fusion32_fusionL1_drop0p1_trmiss50_trlocradio,16,0.0001,1,32,1,0.1,lr1e-04_bs16_modL1_fusion32_fusionL1_drop0p1_trmiss50_trlocradio,2,0.6831476042668024,0.7375519871711731,0.4461206896551724,0.6083097254361142,0.4,0.0,0.0,0.0,0.0,0.0,0.0,0.0,0.0,0.0,2002,radio,0.5
5,3,lr1e-04_bs16_modL1_fusion32_fusionL1_drop0p1_trmiss50_trlocradio,16,0.0001,1,32,1,0.1,lr1e-04_bs16_modL1_fusion32_fusionL1_drop0p1_trmiss50_trlocradio,3,0.6720918466647466,0.7445034186045328,0.4698275862068965,0.6180819273983412,0.4222222222222222,0.0,0.0,0.0,0.0,0.0,0.0,0.0,0.0,0.0,2002,radio,0.5
5,3,lr1e-04_bs16_modL1_fusion32_fusionL1_drop0p1_trmiss50_trlocradio,16,0.0001,1,32,1,0.1,lr1e-04_bs16_modL1_fusion32_fusionL1_drop0p1_trmiss50_trlocradio,4,0.6340549985567728,0.749349852403005,0.48275862068965514,0.6296801603848026,0.4444444444444444,0.0,0.0,0.0,0.0,0.0,0.0,0.0,0.0,0.0,2002,radio,0.5
5,3,lr1e-04_bs16_modL1_fusion32_fusionL1_drop0p1_trmiss50_trlocradio,16,0.0001,1,32,1,0.1,lr1e-04_bs16_modL1_fusion32_fusionL1_drop0p1_trmiss50_trlocradio,5,0.6252591262261072,0.7368828654289246,0.5129310344827587,0.6492955760333433,0.4222222222222222,0.0,0.0,0.0,0.0,0.0,0.0,0.0,0.0,0.0,2002,radio,0.5
5,3,lr1e-04_bs16_modL1_fusion32_fusionL1_drop0p1_trmiss50_trlocradio,16,0.0001,1,32,1,0.1,lr1e-04_bs16_modL1_fusion32_fusionL1_drop0p1_trmiss50_trlocradio,6,0.6093223790327708,0.739093283812205,0.4849137931034483,0.6577263824865582,0.4444444444444444,0.0,0.0,0.0,0.0,0.0,0.0,0.0,0.0,0.0,2002,radio,0.5
5,3,lr1e-04_bs16_modL1_fusion32_fusionL1_drop0p1_trmiss50_trlocradio,16,0.0001,1,32,1,0.1,lr1e-04_bs16_modL1_fusion32_fusionL1_drop0p1_trmiss50_trlocradio,7,0.5990298936764399,0.7383899291356405,0.47198275862068967,0.6586420847340784,0.37777777777777777,0.0,0.0,0.0,0.0,0.0,0.0,0.0,0.0,0.0,2002,radio,0.5
5,3,lr1e-04_bs16_modL1_fusion32_fusionL1_drop0p1_trmiss50_trlocradio,16,0.0001,1,32,1,0.1,lr1e-04_bs16_modL1_fusion32_fusionL1_drop0p1_trmiss50_trlocradio,8,0.5730895151694616,0.7367808024088541,0.4870689655172414,0.6731632408951795,0.4222222222222222,0.0,0.0,0.0,0.0,0.0,0.0,0.0,0.0,0.0,2002,radio,0.5
5,3,lr1e-04_bs16_modL1_fusion32_fusionL1_drop0p1_trmiss50_trlocradio,16,0.0001,1,32,1,0.1,lr1e-04_bs16_modL1_fusion32_fusionL1_drop0p1_trmiss50_trlocradio,9,0.5704376300175985,0.737334410349528,0.4892241379310345,0.6753556652785704,0.37777777777777777,0.0,0.0,0.0,0.0,0.0,0.0,0.0,0.0,0.0,2002,radio,0.5
5,3,lr1e-04_bs16_modL1_fusion32_fusionL1_drop0p1_trmiss50_trlocradio,16,0.0001,1,32,1,0.1,lr1e-04_bs16_modL1_fusion32_fusionL1_drop0p1_trmiss50_trlocradio,10,0.5761224031448364,0.7391013503074646,0.4806034482758621,0.6759110775303185,0.37777777777777777,0.0,0.0,0.0,0.0,0.0,0.0,0.0,0.0,0.0,2002,radio,0.5
5,3,lr1e-04_bs16_modL1_fusion32_fusionL1_drop0p1_trmiss50_trlocradio,16,0.0001,1,32,1,0.1,lr1e-04_bs16_modL1_fusion32_fusionL1_drop0p1_trmiss50_trlocradio,11,0.5613695234060287,0.7440427541732788,0.4849137931034483,0.6767573709185235,0.35555555555555557,0.0,0.0,0.0,0.0,0.0,0.0,0.0,0.0,0.0,2002,radio,0.5
5,3,lr1e-04_bs16_modL1_fusion32_fusionL1_drop0p1_trmiss50_trlocradio,16,0.0001,1,32,1,0.1,lr1e-04_bs16_modL1_fusion32_fusionL1_drop0p1_trmiss50_trlocradio,12,0.5680526370803515,0.7415684660275778,0.4741379310344828,0.6754361167126188,0.37777777777777777,0.0,0.0,0.0,0.0,0.0,0.0,0.0,0.0,0.0,2002,radio,0.5
5,3,lr1e-04_bs16_modL1_fusion32_fusionL1_drop0p1_trmiss50_trlocradio,16,0.0001,1,32,1,0.1,lr1e-04_bs16_modL1_fusion32_fusionL1_drop0p1_trmiss50_trlocradio,13,0.5515919327735901,0.7411615451176962,0.46551724137931033,0.6687637298551408,0.4,0.0,0.0,0.0,0.0,0.0,0.0,0.0,0.0,0.0,2002,radio,0.5
5,3,lr1e-04_bs16_modL1_fusion32_fusionL1_drop0p1_trmiss50_trlocradio,16,0.0001,1,32,1,0.1,lr1e-04_bs16_modL1_fusion32_fusionL1_drop0p1_trmiss50_trlocradio,14,0.5436689207951227,0.7452001969019572,0.4870689655172414,0.6815169860938441,0.4444444444444444,0.0,0.0,0.0,0.0,0.0,0.0,0.0,0.0,0.0,2002,radio,0.5
5,3,lr1e-04_bs16_modL1_fusion32_fusionL1_drop0p1_trmiss50_trlocradio,16,0.0001,1,32,1,0.1,lr1e-04_bs16_modL1_fusion32_fusionL1_drop0p1_trmiss50_trlocradio,15,0.5511597593625387,0.7293139298756918,0.5064655172413793,0.6911241139255997,0.4888888888888889,0.0,0.0,0.0,0.0,0.0,0.0,0.0,0.0,0.0,2002,radio,0.5
5,3,lr1e-04_bs16_modL1_fusion32_fusionL1_drop0p1_trmiss50_trlocradio,16,0.0001,1,32,1,0.1,lr1e-04_bs16_modL1_fusion32_fusionL1_drop0p1_trmiss50_trlocradio,16,0.5400149996081988,0.7388516664505005,0.49784482758620685,0.6863981394447927,0.4444444444444444,0.0,0.0,0.0,0.0,0.0,0.0,0.0,0.0,0.0,2002,radio,0.5
5,3,lr1e-04_bs16_modL1_fusion32_fusionL1_drop0p1_trmiss50_trlocradio,16,0.0001,1,32,1,0.1,lr1e-04_bs16_modL1_fusion32_fusionL1_drop0p1_trmiss50_trlocradio,17,0.5248363787929217,0.7269216974576315,0.5043103448275862,0.6916927034350593,0.4666666666666667,0.0,0.0,0.0,0.0,0.0,0.0,0.0,0.0,0.0,2002,radio,0.5
5,3,lr1e-04_bs16_modL1_fusion32_fusionL1_drop0p1_trmiss50_trlocradio,16,0.0001,1,32,1,0.1,lr1e-04_bs16_modL1_fusion32_fusionL1_drop0p1_trmiss50_trlocradio,18,0.5326973125338554,0.7237520019213358,0.5107758620689655,0.6923361806216679,0.4666666666666667,0.0,0.0,0.0,0.0,0.0,0.0,0.0,0.0,0.0,2002,radio,0.5
5,3,lr1e-04_bs16_modL1_fusion32_fusionL1_drop0p1_trmiss50_trlocradio,16,0.0001,1,32,1,0.1,lr1e-04_bs16_modL1_fusion32_fusionL1_drop0p1_trmiss50_trlocradio,19,0.5344787761569023,0.7212738990783691,0.5280172413793103,0.7042605652979244,0.4666666666666667,0.0,0.0,0.0,0.0,0.0,0.0,0.0,0.0,0.0,2002,radio,0.5
5,3,lr1e-04_bs16_modL1_fusion32_fusionL1_drop0p1_trmiss50_trlocradio,16,0.0001,1,32,1,0.1,lr1e-04_bs16_modL1_fusion32_fusionL1_drop0p1_trmiss50_trlocradio,20,0.5414105380574862,0.7270189523696899,0.5150862068965517,0.694219603056206,0.4444444444444444,0.0,0.0,0.0,0.0,0.0,0.0,0.0,0.0,0.0,2002,radio,0.5
5,3,lr1e-04_bs16_modL1_fusion32_fusionL1_drop0p1_trmiss50_trlocradio,16,0.0001,1,32,1,0.1,lr1e-04_bs16_modL1_fusion32_fusionL1_drop0p1_trmiss50_trlocradio,21,0.5243360300858816,0.7282586693763733,0.5150862068965517,0.6929910761176847,0.4222222222222222,0.0,0.0,0.0,0.0,0.0,0.0,0.0,0.0,0.0,2002,radio,0.5
5,3,lr1e-04_bs16_modL1_fusion32_fusionL1_drop0p1_trmiss50_trlocradio,16,0.0001,1,32,1,0.1,lr1e-04_bs16_modL1_fusion32_fusionL1_drop0p1_trmiss50_trlocradio,22,0.5133863141139349,0.7230210105578104,0.5193965517241379,0.6975459914098177,0.4666666666666667,0.0,0.0,0.0,0.0,0.0,0.0,0.0,0.0,0.0,2002,radio,0.5
5,3,lr1e-04_bs16_modL1_fusion32_fusionL1_drop0p1_trmiss50_trlocradio,16,0.0001,1,32,1,0.1,lr1e-04_bs16_modL1_fusion32_fusionL1_drop0p1_trmiss50_trlocradio,23,0.5271689047416052,0.7210099895795187,0.521551724137931,0.6978724685482622,0.4666666666666667,0.0,0.0,0.0,0.0,0.0,0.0,0.0,0.0,0.0,2002,radio,0.5
5,3,lr1e-04_bs16_modL1_fusion32_fusionL1_drop0p1_trmiss50_trlocradio,16,0.0001,1,32,1,0.1,lr1e-04_bs16_modL1_fusion32_fusionL1_drop0p1_trmiss50_trlocradio,24,0.5255109220743179,0.7242801984151205,0.5150862068965517,0.6925596891482617,0.4666666666666667,0.0,0.0,0.0,0.0,0.0,0.0,0.0,0.0,0.0,2002,radio,0.5
5,3,lr1e-04_bs16_modL1_fusion32_fusionL1_drop0p1_trmiss50_trlocradio,16,0.0001,1,32,1,0.1,lr1e-04_bs16_modL1_fusion32_fusionL1_drop0p1_trmiss50_trlocradio,25,0.5259487926959991,0.7280941009521484,0.5086206896551724,0.6912526943887456,0.4222222222222222,0.0,0.0,0.0,0.0,0.0,0.0,0.0,0.0,0.0,2002,radio,0.5
5,3,lr1e-04_bs16_modL1_fusion32_fusionL1_drop0p1_trmiss50_trlocradio,16,0.0001,1,32,1,0.1,lr1e-04_bs16_modL1_fusion32_fusionL1_drop0p1_trmiss50_trlocradio,26,0.5201826492945353,0.721278727054596,0.5021551724137931,0.6888642610684621,0.4888888888888889,0.0,0.0,0.0,0.0,0.0,0.0,0.0,0.0,0.0,2002,radio,0.5
5,3,lr1e-04_bs16_modL1_fusion32_fusionL1_drop0p1_trmiss50_trlocradio,16,0.0001,1,32,1,0.1,lr1e-04_bs16_modL1_fusion32_fusionL1_drop0p1_trmiss50_trlocradio,27,0.5263324230909348,0.7275516390800476,0.5107758620689655,0.6919428817755675,0.4444444444444444,0.0,0.0,0.0,0.0,0.0,0.0,0.0,0.0,0.0,2002,radio,0.5
5,3,lr1e-04_bs16_modL1_fusion32_fusionL1_drop0p1_trmiss50_trlocradio,16,0.0001,1,32,1,0.1,lr1e-04_bs16_modL1_fusion32_fusionL1_drop0p1_trmiss50_trlocradio,28,0.5142153600851694,0.7277119159698486,0.5043103448275862,0.6881458505444593,0.4666666666666667,0.0,0.0,0.0,0.0,0.0,0.0,0.0,0.0,0.0,2002,radio,0.5
5,3,lr1e-04_bs16_modL1_fusion32_fusionL1_drop0p1_trmiss50_trlocradio,16,0.0001,1,32,1,0.1,lr1e-04_bs16_modL1_fusion32_fusionL1_drop0p1_trmiss50_trlocradio,29,0.5295403599739075,0.7246095140775045,0.5129310344827586,0.6915639416007899,0.4666666666666667,0.0,0.0,0.0,0.0,0.0,0.0,0.0,0.0,0.0,2002,radio,0.5
5,3,lr1e-04_bs16_modL1_fusion32_fusionL1_drop0p1_trmiss50_trlocradio,16,0.0001,1,32,1,0.1,lr1e-04_bs16_modL1_fusion32_fusionL1_drop0p1_trmiss50_trlocradio,30,0.5024392480651537,0.7198058168093363,0.5258620689655172,0.7005554155575926,0.4666666666666667,0.0,0.0,0.0,0.0,0.0,0.0,0.0,0.0,0.0,2002,radio,0.5
5,3,lr1e-04_bs16_modL1_fusion32_fusionL1_drop0p1_trmiss50_trlocradio,16,0.0001,1,32,1,0.1,lr1e-04_bs16_modL1_fusion32_fusionL1_drop0p1_trmiss50_trlocradio,31,0.5291235794623693,0.7210439244906107,0.5107758620689655,0.6910152039323769,0.4444444444444444,0.0,0.0,0.0,0.0,0.0,0.0,0.0,0.0,0.0,2002,radio,0.5
5,3,lr1e-04_bs16_modL1_fusion32_fusionL1_drop0p1_trmiss50_trlocradio,16,0.0001,1,32,1,0.1,lr1e-04_bs16_modL1_fusion32_fusionL1_drop0p1_trmiss50_trlocradio,32,0.5226546426614126,0.723919133345286,0.5150862068965517,0.6930884594539082,0.4444444444444444,0.0,0.0,0.0,0.0,0.0,0.0,0.0,0.0,0.0,2002,radio,0.5
5,3,lr1e-04_bs16_modL1_fusion32_fusionL1_drop0p1_trmiss50_trlocradio,16,0.0001,1,32,1,0.1,lr1e-04_bs16_modL1_fusion32_fusionL1_drop0p1_trmiss50_trlocradio,33,0.5184979016582171,0.7268970807393392,0.5150862068965517,0.6924501581563778,0.4222222222222222,0.0,0.0,0.0,0.0,0.0,0.0,0.0,0.0,0.0,2002,radio,0.5
5,3,lr1e-04_bs16_modL1_fusion32_fusionL1_drop0p1_trmiss50_trlocradio,16,0.0001,1,32,1,0.1,lr1e-04_bs16_modL1_fusion32_fusionL1_drop0p1_trmiss50_trlocradio,34,0.505501446624597,0.7195921142896017,0.5237068965517241,0.699975934384067,0.4666666666666667,0.0,0.0,0.0,0.0,0.0,0.0,0.0,0.0,0.0,2002,radio,0.5
5,3,lr1e-04_bs16_modL1_fusion32_fusionL1_drop0p1_trmiss50_trlocradio,16,0.0001,1,32,1,0.1,lr1e-04_bs16_modL1_fusion32_fusionL1_drop0p1_trmiss50_trlocradio,35,0.4954651469985644,0.7247019608815511,0.5172413793103448,0.6945060163955186,0.4444444444444444,0.0,0.0,0.0,0.0,0.0,0.0,0.0,0.0,0.0,2002,radio,0.5
5,3,lr1e-04_bs16_modL1_fusion32_fusionL1_drop0p1_trmiss50_trlocradio,16,0.0001,1,32,1,0.1,lr1e-04_bs16_modL1_fusion32_fusionL1_drop0p1_trmiss50_trlocradio,36,0.5156737516323725,0.7285893360773722,0.4978448275862069,0.6865410544103878,0.4444444444444444,0.0,0.0,0.0,0.0,0.0,0.0,0.0,0.0,0.0,2002,radio,0.5
5,3,lr1e-04_bs16_modL1_fusion32_fusionL1_drop0p1_trmiss50_trlocradio,16,0.0001,1,32,1,0.1,lr1e-04_bs16_modL1_fusion32_fusionL1_drop0p1_trmiss50_trlocradio,37,0.5121107250452042,0.7292496562004089,0.5193965517241379,0.6971474500373998,0.4222222222222222,0.0,0.0,0.0,0.0,0.0,0.0,0.0,0.0,0.0,2002,radio,0.5
5,3,lr1e-04_bs16_modL1_fusion32_fusionL1_drop0p1_trmiss50_trlocradio,16,0.0001,1,32,1,0.1,lr1e-04_bs16_modL1_fusion32_fusionL1_drop0p1_trmiss50_trlocradio,38,0.5085399647553762,0.723876416683197,0.5193965517241379,0.6952064958011535,0.4222222222222222,0.0,0.0,0.0,0.0,0.0,0.0,0.0,0.0,0.0,2002,radio,0.5
5,3,lr1e-04_bs16_modL1_fusion32_fusionL1_drop0p1_trmiss50_trlocradio,16,0.0001,1,32,1,0.1,lr1e-04_bs16_modL1_fusion32_fusionL1_drop0p1_trmiss50_trlocradio,39,0.5209541991353035,0.7246840993563334,0.5280172413793103,0.7007992059662778,0.4666666666666667,0.0,0.0,0.0,0.0,0.0,0.0,0.0,0.0,0.0,2002,radio,0.5
5,3,lr1e-04_bs16_modL1_fusion64_fusionL1_drop0p2_trmiss50_trlocradio,16,0.0001,1,64,1,0.2,lr1e-04_bs16_modL1_fusion64_fusionL1_drop0p2_trmiss50_trlocradio,1,0.709482674797376,0.6814863284428915,0.5797413793103448,0.7598779577410726,0.5111111111111111,0.0,0.0,0.0,0.0,0.0,0.0,0.0,0.0,0.0,2002,radio,0.5
5,3,lr1e-04_bs16_modL1_fusion64_fusionL1_drop0p2_trmiss50_trlocradio,16,0.0001,1,64,1,0.2,lr1e-04_bs16_modL1_fusion64_fusionL1_drop0p2_trmiss50_trlocradio,2,0.6600422486662865,0.6740116874376932,0.5797413793103449,0.7775326421365918,0.4888888888888889,0.0,0.0,0.0,0.0,0.0,0.0,0.0,0.0,0.0,2002,radio,0.5
5,3,lr1e-04_bs16_modL1_fusion64_fusionL1_drop0p2_trmiss50_trlocradio,16,0.0001,1,64,1,0.2,lr1e-04_bs16_modL1_fusion64_fusionL1_drop0p2_trmiss50_trlocradio,3,0.6274953534205755,0.6728833516438802,0.5969827586206897,0.7870172912894446,0.5555555555555556,0.0,0.0,0.0,0.0,0.0,0.0,0.0,0.0,0.0,2002,radio,0.5
5,3,lr1e-04_bs16_modL1_fusion64_fusionL1_drop0p2_trmiss50_trlocradio,16,0.0001,1,64,1,0.2,lr1e-04_bs16_modL1_fusion64_fusionL1_drop0p2_trmiss50_trlocradio,4,0.6153485725323359,0.6698581576347351,0.581896551724138,0.7871709693936406,0.5333333333333333,0.0,0.0,0.0,0.0,0.0,0.0,0.0,0.0,0.0,2002,radio,0.5
5,3,lr1e-04_bs16_modL1_fusion64_fusionL1_drop0p2_trmiss50_trlocradio,16,0.0001,1,64,1,0.2,lr1e-04_bs16_modL1_fusion64_fusionL1_drop0p2_trmiss50_trlocradio,5,0.5916029810905457,0.665214737256368,0.6012931034482759,0.7948836585223737,0.5333333333333333,0.0,0.0,0.0,0.0,0.0,0.0,0.0,0.0,0.0,2002,radio,0.5
5,3,lr1e-04_bs16_modL1_fusion64_fusionL1_drop0p2_trmiss50_trlocradio,16,0.0001,1,64,1,0.2,lr1e-04_bs16_modL1_fusion64_fusionL1_drop0p2_trmiss50_trlocradio,6,0.5371972074111303,0.6565757195154825,0.6336206896551724,0.8084681756059857,0.6222222222222222,0.0,0.0,0.0,0.0,0.0,0.0,0.0,0.0,0.0,2002,radio,0.5
5,3,lr1e-04_bs16_modL1_fusion64_fusionL1_drop0p2_trmiss50_trlocradio,16,0.0001,1,64,1,0.2,lr1e-04_bs16_modL1_fusion64_fusionL1_drop0p2_trmiss50_trlocradio,7,0.5776776373386383,0.6555139621098837,0.6379310344827587,0.8070622355278834,0.6,0.0,0.0,0.0,0.0,0.0,0.0,0.0,0.0,0.0,2002,radio,0.5
5,3,lr1e-04_bs16_modL1_fusion64_fusionL1_drop0p2_trmiss50_trlocradio,16,0.0001,1,64,1,0.2,lr1e-04_bs16_modL1_fusion64_fusionL1_drop0p2_trmiss50_trlocradio,8,0.5672090301911036,0.6612809697786967,0.6206896551724137,0.7840701068830787,0.6444444444444445,0.0,0.0,0.0,0.0,0.0,0.0,0.0,0.0,0.0,2002,radio,0.5
5,3,lr1e-04_bs16_modL1_fusion64_fusionL1_drop0p2_trmiss50_trlocradio,16,0.0001,1,64,1,0.2,lr1e-04_bs16_modL1_fusion64_fusionL1_drop0p2_trmiss50_trlocradio,9,0.5446766937772433,0.659601887067159,0.6271551724137931,0.7796659317981303,0.6222222222222222,0.0,0.0,0.0,0.0,0.0,0.0,0.0,0.0,0.0,2002,radio,0.5
5,3,lr1e-04_bs16_modL1_fusion64_fusionL1_drop0p2_trmiss50_trlocradio,16,0.0001,1,64,1,0.2,lr1e-04_bs16_modL1_fusion64_fusionL1_drop0p2_trmiss50_trlocradio,10,0.5445474038521448,0.6673276623090109,0.6012931034482759,0.7700841166245191,0.5777777777777777,0.0,0.0,0.0,0.0,0.0,0.0,0.0,0.0,0.0,2002,radio,0.5
5,3,lr1e-04_bs16_modL1_fusion64_fusionL1_drop0p2_trmiss50_trlocradio,16,0.0001,1,64,1,0.2,lr1e-04_bs16_modL1_fusion64_fusionL1_drop0p2_trmiss50_trlocradio,11,0.5112743452191353,0.6576917370160421,0.6336206896551724,0.7930412592319456,0.6444444444444445,0.0,0.0,0.0,0.0,0.0,0.0,0.0,0.0,0.0,2002,radio,0.5
5,3,lr1e-04_bs16_modL1_fusion64_fusionL1_drop0p2_trmiss50_trlocradio,16,0.0001,1,64,1,0.2,lr1e-04_bs16_modL1_fusion64_fusionL1_drop0p2_trmiss50_trlocradio,12,0.4903329635659854,0.6498048305511475,0.6573275862068965,0.8073302999900505,0.6222222222222222,0.0,0.0,0.0,0.0,0.0,0.0,0.0,0.0,0.0,2002,radio,0.5
5,3,lr1e-04_bs16_modL1_fusion64_fusionL1_drop0p2_trmiss50_trlocradio,16,0.0001,1,64,1,0.2,lr1e-04_bs16_modL1_fusion64_fusionL1_drop0p2_trmiss50_trlocradio,13,0.49586587647596997,0.63857102394104,0.6875,0.8220158929854011,0.6222222222222222,0.0,0.0,0.0,0.0,0.0,0.0,0.0,0.0,0.0,2002,radio,0.5
5,3,lr1e-04_bs16_modL1_fusion64_fusionL1_drop0p2_trmiss50_trlocradio,16,0.0001,1,64,1,0.2,lr1e-04_bs16_modL1_fusion64_fusionL1_drop0p2_trmiss50_trlocradio,14,0.4755348538359006,0.6402093768119812,0.6788793103448276,0.8058675750974129,0.6222222222222222,0.0,0.0,0.0,0.0,0.0,0.0,0.0,0.0,0.0,2002,radio,0.5
5,3,lr1e-04_bs16_modL1_fusion64_fusionL1_drop0p2_trmiss50_trlocradio,16,0.0001,1,64,1,0.2,lr1e-04_bs16_modL1_fusion64_fusionL1_drop0p2_trmiss50_trlocradio,15,0.44388914356629056,0.6275230447451273,0.709051724137931,0.8272962299142235,0.6666666666666666,0.0,0.0,0.0,0.0,0.0,0.0,0.0,0.0,0.0,2002,radio,0.5
5,3,lr1e-04_bs16_modL1_fusion64_fusionL1_drop0p2_trmiss50_trlocradio,16,0.0001,1,64,1,0.2,lr1e-04_bs16_modL1_fusion64_fusionL1_drop0p2_trmiss50_trlocradio,16,0.4304295827945073,0.6308116316795349,0.6767241379310345,0.8080142075535675,0.7333333333333333,0.0,0.0,0.0,0.0,0.0,0.0,0.0,0.0,0.0,2002,radio,0.5
5,3,lr1e-04_bs16_modL1_fusion64_fusionL1_drop0p2_trmiss50_trlocradio,16,0.0001,1,64,1,0.2,lr1e-04_bs16_modL1_fusion64_fusionL1_drop0p2_trmiss50_trlocradio,17,0.42983712007602054,0.6420689225196838,0.6831896551724138,0.8021026097997468,0.6666666666666666,0.0,0.0,0.0,0.0,0.0,0.0,0.0,0.0,0.0,2002,radio,0.5
5,3,lr1e-04_bs16_modL1_fusion64_fusionL1_drop0p2_trmiss50_trlocradio,16,0.0001,1,64,1,0.2,lr1e-04_bs16_modL1_fusion64_fusionL1_drop0p2_trmiss50_trlocradio,18,0.4412851755817731,0.6370068192481995,0.6724137931034482,0.7957404061045343,0.7111111111111111,0.0,0.0,0.0,0.0,0.0,0.0,0.0,0.0,0.0,2002,radio,0.5
5,3,lr1e-04_bs16_modL1_fusion64_fusionL1_drop0p2_trmiss50_trlocradio,16,0.0001,1,64,1,0.2,lr1e-04_bs16_modL1_fusion64_fusionL1_drop0p2_trmiss50_trlocradio,19,0.4249427368243535,0.6370394031206766,0.6810344827586207,0.7982932393663353,0.7111111111111111,0.0,0.0,0.0,0.0,0.0,0.0,0.0,0.0,0.0,2002,radio,0.5
5,3,lr1e-04_bs16_modL1_fusion64_fusionL1_drop0p2_trmiss50_trlocradio,16,0.0001,1,64,1,0.2,lr1e-04_bs16_modL1_fusion64_fusionL1_drop0p2_trmiss50_trlocradio,20,0.41547662516434986,0.6404757301012675,0.6939655172413792,0.8042594479666129,0.6888888888888889,0.0,0.0,0.0,0.0,0.0,0.0,0.0,0.0,0.0,2002,radio,0.5
5,3,lr1e-04_bs16_modL1_fusion64_fusionL1_drop0p2_trmiss50_trlocradio,16,0.0001,1,64,1,0.2,lr1e-04_bs16_modL1_fusion64_fusionL1_drop0p2_trmiss50_trlocradio,21,0.41381577402353287,0.6408933202425638,0.6896551724137931,0.8049579132188553,0.6222222222222222,0.0,0.0,0.0,0.0,0.0,0.0,0.0,0.0,0.0,2002,radio,0.5
5,3,lr1e-04_bs16_modL1_fusion64_fusionL1_drop0p2_trmiss50_trlocradio,16,0.0001,1,64,1,0.2,lr1e-04_bs16_modL1_fusion64_fusionL1_drop0p2_trmiss50_trlocradio,22,0.3786907071868579,0.6323171257972717,0.6853448275862069,0.8017024635975099,0.6888888888888889,0.0,0.0,0.0,0.0,0.0,0.0,0.0,0.0,0.0,2002,radio,0.5
5,3,lr1e-04_bs16_modL1_fusion64_fusionL1_drop0p2_trmiss50_trlocradio,16,0.0001,1,64,1,0.2,lr1e-04_bs16_modL1_fusion64_fusionL1_drop0p2_trmiss50_trlocradio,23,0.3630570098757744,0.6405319770177206,0.6702586206896552,0.7935661916062264,0.6888888888888889,0.0,0.0,0.0,0.0,0.0,0.0,0.0,0.0,0.0,2002,radio,0.5
5,3,lr1e-04_bs16_modL1_fusion64_fusionL1_drop0p2_trmiss50_trlocradio,16,0.0001,1,64,1,0.2,lr1e-04_bs16_modL1_fusion64_fusionL1_drop0p2_trmiss50_trlocradio,24,0.37765685220559436,0.6396551132202148,0.6853448275862069,0.8020206572006399,0.6666666666666666,0.0,0.0,0.0,0.0,0.0,0.0,0.0,0.0,0.0,2002,radio,0.5
5,3,lr1e-04_bs16_modL1_fusion64_fusionL1_drop0p2_trmiss50_trlocradio,16,0.0001,1,64,1,0.2,lr1e-04_bs16_modL1_fusion64_fusionL1_drop0p2_trmiss50_trlocradio,25,0.362602931757768,0.641991118590037,0.6810344827586207,0.797196848018193,0.6666666666666666,0.0,0.0,0.0,0.0,0.0,0.0,0.0,0.0,0.0,2002,radio,0.5
5,3,lr1e-04_bs16_modL1_fusion64_fusionL1_drop0p2_trmiss50_trlocradio,16,0.0001,1,64,1,0.2,lr1e-04_bs16_modL1_fusion64_fusionL1_drop0p2_trmiss50_trlocradio,26,0.35256069153547287,0.6340561310450236,0.6767241379310346,0.7963611203368639,0.6888888888888889,0.0,0.0,0.0,0.0,0.0,0.0,0.0,0.0,0.0,2002,radio,0.5
5,3,lr1e-04_bs16_modL1_fusion64_fusionL1_drop0p2_trmiss50_trlocradio,16,0.0001,1,64,1,0.2,lr1e-04_bs16_modL1_fusion64_fusionL1_drop0p2_trmiss50_trlocradio,27,0.34108739346265793,0.6380252639452616,0.6573275862068966,0.7765849894213026,0.7333333333333333,0.0,0.0,0.0,0.0,0.0,0.0,0.0,0.0,0.0,2002,radio,0.5
5,3,lr1e-04_bs16_modL1_fusion64_fusionL1_drop0p2_trmiss50_trlocradio,16,0.0001,1,64,1,0.2,lr1e-04_bs16_modL1_fusion64_fusionL1_drop0p2_trmiss50_trlocradio,28,0.35470908880233765,0.6396525104840597,0.6831896551724138,0.7990131296900698,0.6444444444444445,0.0,0.0,0.0,0.0,0.0,0.0,0.0,0.0,0.0,2002,radio,0.5
5,3,lr1e-04_bs16_modL1_fusion64_fusionL1_drop0p2_trmiss50_trlocradio,16,0.0001,1,64,1,0.2,lr1e-04_bs16_modL1_fusion64_fusionL1_drop0p2_trmiss50_trlocradio,29,0.3525073155760765,0.649224599202474,0.6745689655172414,0.7943654210274684,0.6,0.0,0.0,0.0,0.0,0.0,0.0,0.0,0.0,0.0,2002,radio,0.5
5,3,lr1e-04_bs16_modL1_fusion64_fusionL1_drop0p2_trmiss50_trlocradio,16,0.0001,1,64,1,0.2,lr1e-04_bs16_modL1_fusion64_fusionL1_drop0p2_trmiss50_trlocradio,30,0.36450010538101196,0.6370127002398173,0.6788793103448276,0.7947971647895207,0.6444444444444445,0.0,0.0,0.0,0.0,0.0,0.0,0.0,0.0,0.0,2002,radio,0.5
5,3,lr1e-04_bs16_modL1_fusion64_fusionL1_drop0p2_trmiss50_trlocradio,16,0.0001,1,64,1,0.2,lr1e-04_bs16_modL1_fusion64_fusionL1_drop0p2_trmiss50_trlocradio,31,0.33770254999399185,0.6426569620768229,0.6745689655172414,0.7823182515443686,0.6666666666666666,0.0,0.0,0.0,0.0,0.0,0.0,0.0,0.0,0.0,2002,radio,0.5
5,3,lr1e-04_bs16_modL1_fusion64_fusionL1_drop0p2_trmiss50_trlocradio,16,0.0001,1,64,1,0.2,lr1e-04_bs16_modL1_fusion64_fusionL1_drop0p2_trmiss50_trlocradio,32,0.3255185546974341,0.6337366700172424,0.6875,0.8067581435813838,0.6666666666666666,0.0,0.0,0.0,0.0,0.0,0.0,0.0,0.0,0.0,2002,radio,0.5
5,3,lr1e-04_bs16_modL1_fusion64_fusionL1_drop0p2_trmiss50_trlocradio,16,0.0001,1,64,1,0.2,lr1e-04_bs16_modL1_fusion64_fusionL1_drop0p2_trmiss50_trlocradio,33,0.3485205719868342,0.6366806228955587,0.6788793103448275,0.7858798195598556,0.7111111111111111,0.0,0.0,0.0,0.0,0.0,0.0,0.0,0.0,0.0,2002,radio,0.5
5,3,lr1e-04_bs16_modL1_fusion64_fusionL1_drop0p2_trmiss50_trlocradio,16,0.0001,1,64,1,0.2,lr1e-04_bs16_modL1_fusion64_fusionL1_drop0p2_trmiss50_trlocradio,34,0.34741751104593277,0.6415346066157023,0.6745689655172413,0.7970888907080749,0.6222222222222222,0.0,0.0,0.0,0.0,0.0,0.0,0.0,0.0,0.0,2002,radio,0.5
5,3,lr1e-04_bs16_modL1_fusion64_fusionL1_drop0p2_trmiss50_trlocradio,16,0.0001,1,64,1,0.2,lr1e-04_bs16_modL1_fusion64_fusionL1_drop0p2_trmiss50_trlocradio,35,0.341984582444032,0.6344669858614603,0.6745689655172414,0.799659994016271,0.6888888888888889,0.0,0.0,0.0,0.0,0.0,0.0,0.0,0.0,0.0,2002,radio,0.5
5,3,lr1e-04_bs16_modL1_fusion64_fusionL1_drop0p1_trmiss50_trlocradio,16,0.0001,1,64,1,0.1,lr1e-04_bs16_modL1_fusion64_fusionL1_drop0p1_trmiss50_trlocradio,1,0.6917088131109873,0.6937470436096191,0.564655172413793,0.7081241997204192,0.5333333333333333,0.0,0.0,0.0,0.0,0.0,0.0,0.0,0.0,0.0,2002,radio,0.5
5,3,lr1e-04_bs16_modL1_fusion64_fusionL1_drop0p1_trmiss50_trlocradio,16,0.0001,1,64,1,0.1,lr1e-04_bs16_modL1_fusion64_fusionL1_drop0p1_trmiss50_trlocradio,2,0.6325370619694392,0.6999458471934,0.5517241379310345,0.6834759084413238,0.6,0.0,0.0,0.0,0.0,0.0,0.0,0.0,0.0,0.0,2002,radio,0.5
5,3,lr1e-04_bs16_modL1_fusion64_fusionL1_drop0p1_trmiss50_trlocradio,16,0.0001,1,64,1,0.1,lr1e-04_bs16_modL1_fusion64_fusionL1_drop0p1_trmiss50_trlocradio,3,0.5954531083504359,0.7077141801516215,0.5560344827586207,0.6873429697265006,0.5555555555555556,0.0,0.0,0.0,0.0,0.0,0.0,0.0,0.0,0.0,2002,radio,0.5
5,3,lr1e-04_bs16_modL1_fusion64_fusionL1_drop0p1_trmiss50_trlocradio,16,0.0001,1,64,1,0.1,lr1e-04_bs16_modL1_fusion64_fusionL1_drop0p1_trmiss50_trlocradio,4,0.5960115641355515,0.7155017852783203,0.5129310344827587,0.6561175839709129,0.4888888888888889,0.0,0.0,0.0,0.0,0.0,0.0,0.0,0.0,0.0,2002,radio,0.5
5,3,lr1e-04_bs16_modL1_fusion64_fusionL1_drop0p1_trmiss50_trlocradio,16,0.0001,1,64,1,0.1,lr1e-04_bs16_modL1_fusion64_fusionL1_drop0p1_trmiss50_trlocradio,5,0.5669150004784266,0.7230541308720907,0.4935344827586207,0.6516037643983498,0.4666666666666667,0.0,0.0,0.0,0.0,0.0,0.0,0.0,0.0,0.0,2002,radio,0.5
5,3,lr1e-04_bs16_modL1_fusion64_fusionL1_drop0p1_trmiss50_trlocradio,16,0.0001,1,64,1,0.1,lr1e-04_bs16_modL1_fusion64_fusionL1_drop0p1_trmiss50_trlocradio,6,0.5399682372808456,0.7154005169868469,0.519396551724138,0.6803855477145716,0.5111111111111111,0.0,0.0,0.0,0.0,0.0,0.0,0.0,0.0,0.0,2002,radio,0.5
5,3,lr1e-04_bs16_modL1_fusion64_fusionL1_drop0p1_trmiss50_trlocradio,16,0.0001,1,64,1,0.1,lr1e-04_bs16_modL1_fusion64_fusionL1_drop0p1_trmiss50_trlocradio,7,0.537929800649484,0.704862376054128,0.5560344827586207,0.703993153879771,0.5111111111111111,0.0,0.0,0.0,0.0,0.0,0.0,0.0,0.0,0.0,2002,radio,0.5
5,3,lr1e-04_bs16_modL1_fusion64_fusionL1_drop0p1_trmiss50_trlocradio,16,0.0001,1,64,1,0.1,lr1e-04_bs16_modL1_fusion64_fusionL1_drop0p1_trmiss50_trlocradio,8,0.5128342459599177,0.7158366044362386,0.5431034482758621,0.6967808374656231,0.5555555555555556,0.0,0.0,0.0,0.0,0.0,0.0,0.0,0.0,0.0,2002,radio,0.5
5,3,lr1e-04_bs16_modL1_fusion64_fusionL1_drop0p1_trmiss50_trlocradio,16,0.0001,1,64,1,0.1,lr1e-04_bs16_modL1_fusion64_fusionL1_drop0p1_trmiss50_trlocradio,9,0.5083363900581995,0.7206584016482035,0.5431034482758621,0.7059513319808157,0.4666666666666667,0.0,0.0,0.0,0.0,0.0,0.0,0.0,0.0,0.0,2002,radio,0.5
5,3,lr1e-04_bs16_modL1_fusion64_fusionL1_drop0p1_trmiss50_trlocradio,16,0.0001,1,64,1,0.1,lr1e-04_bs16_modL1_fusion64_fusionL1_drop0p1_trmiss50_trlocradio,10,0.4973870739340782,0.7155377864837646,0.5581896551724138,0.7138003834921808,0.5111111111111111,0.0,0.0,0.0,0.0,0.0,0.0,0.0,0.0,0.0,2002,radio,0.5
5,3,lr1e-04_bs16_modL1_fusion64_fusionL1_drop0p1_trmiss50_trlocradio,16,0.0001,1,64,1,0.1,lr1e-04_bs16_modL1_fusion64_fusionL1_drop0p1_trmiss50_trlocradio,11,0.4971085513631503,0.7218934694925944,0.5646551724137931,0.720760383393276,0.4888888888888889,0.0,0.0,0.0,0.0,0.0,0.0,0.0,0.0,0.0,2002,radio,0.5
5,3,lr1e-04_bs16_modL1_fusion64_fusionL1_drop0p1_trmiss50_trlocradio,16,0.0001,1,64,1,0.1,lr1e-04_bs16_modL1_fusion64_fusionL1_drop0p1_trmiss50_trlocradio,12,0.4787959158420563,0.7241005102793375,0.5668103448275862,0.7135100082425376,0.5555555555555556,0.0,0.0,0.0,0.0,0.0,0.0,0.0,0.0,0.0,2002,radio,0.5
5,3,lr1e-04_bs16_modL1_fusion64_fusionL1_drop0p1_trmiss50_trlocradio,16,0.0001,1,64,1,0.1,lr1e-04_bs16_modL1_fusion64_fusionL1_drop0p1_trmiss50_trlocradio,13,0.465609073638916,0.7113998532295227,0.5797413793103449,0.733164800260718,0.5333333333333333,0.0,0.0,0.0,0.0,0.0,0.0,0.0,0.0,0.0,2002,radio,0.5
5,3,lr1e-04_bs16_modL1_fusion64_fusionL1_drop0p1_trmiss50_trlocradio,16,0.0001,1,64,1,0.1,lr1e-04_bs16_modL1_fusion64_fusionL1_drop0p1_trmiss50_trlocradio,14,0.4656045660376549,0.6984174847602844,0.5775862068965517,0.7308517390054238,0.5555555555555556,0.0,0.0,0.0,0.0,0.0,0.0,0.0,0.0,0.0,2002,radio,0.5
5,3,lr1e-04_bs16_modL1_fusion64_fusionL1_drop0p1_trmiss50_trlocradio,16,0.0001,1,64,1,0.1,lr1e-04_bs16_modL1_fusion64_fusionL1_drop0p1_trmiss50_trlocradio,15,0.4802292038997014,0.7009027202924093,0.5668103448275863,0.7294377403658218,0.5333333333333333,0.0,0.0,0.0,0.0,0.0,0.0,0.0,0.0,0.0,2002,radio,0.5
5,3,lr1e-04_bs16_modL1_fusion64_fusionL1_drop0p1_trmiss50_trlocradio,16,0.0001,1,64,1,0.1,lr1e-04_bs16_modL1_fusion64_fusionL1_drop0p1_trmiss50_trlocradio,16,0.4472295790910721,0.7092172702153524,0.5862068965517242,0.7383226334375689,0.5555555555555556,0.0,0.0,0.0,0.0,0.0,0.0,0.0,0.0,0.0,2002,radio,0.5
5,3,lr1e-04_bs16_modL1_fusion64_fusionL1_drop0p1_trmiss50_trlocradio,16,0.0001,1,64,1,0.1,lr1e-04_bs16_modL1_fusion64_fusionL1_drop0p1_trmiss50_trlocradio,17,0.45064497490723926,0.7168536980946859,0.5668103448275863,0.7198232275320386,0.5111111111111111,0.0,0.0,0.0,0.0,0.0,0.0,0.0,0.0,0.0,2002,radio,0.5
5,3,lr1e-04_bs16_modL1_fusion64_fusionL1_drop0p1_trmiss50_trlocradio,16,0.0001,1,64,1,0.1,lr1e-04_bs16_modL1_fusion64_fusionL1_drop0p1_trmiss50_trlocradio,18,0.44606325527032215,0.7204743226369222,0.5431034482758621,0.7050483759471446,0.5333333333333333,0.0,0.0,0.0,0.0,0.0,0.0,0.0,0.0,0.0,2002,radio,0.5
5,3,lr1e-04_bs16_modL1_fusion64_fusionL1_drop0p1_trmiss50_trlocradio,16,0.0001,1,64,1,0.1,lr1e-04_bs16_modL1_fusion64_fusionL1_drop0p1_trmiss50_trlocradio,19,0.4322327400247256,0.7131330172220866,0.5754310344827587,0.7335774697410986,0.5555555555555556,0.0,0.0,0.0,0.0,0.0,0.0,0.0,0.0,0.0,2002,radio,0.5
5,3,lr1e-04_bs16_modL1_fusion64_fusionL1_drop0p1_trmiss50_trlocradio,16,0.0001,1,64,1,0.1,lr1e-04_bs16_modL1_fusion64_fusionL1_drop0p1_trmiss50_trlocradio,20,0.45924045145511627,0.7101187904675802,0.5689655172413792,0.7302152138167539,0.5333333333333333,0.0,0.0,0.0,0.0,0.0,0.0,0.0,0.0,0.0,2002,radio,0.5
5,3,lr1e-04_bs16_modL1_fusion64_fusionL1_drop0p1_trmiss50_trlocradio,16,0.0001,1,64,1,0.1,lr1e-04_bs16_modL1_fusion64_fusionL1_drop0p1_trmiss50_trlocradio,21,0.44916392614444095,0.7079356710116068,0.5926724137931034,0.7394077815485208,0.5777777777777777,0.0,0.0,0.0,0.0,0.0,0.0,0.0,0.0,0.0,2002,radio,0.5
5,3,lr1e-04_bs16_modL1_fusion64_fusionL1_drop0p1_trmiss50_trlocradio,16,0.0001,1,64,1,0.1,lr1e-04_bs16_modL1_fusion64_fusionL1_drop0p1_trmiss50_trlocradio,22,0.43345746397972107,0.7044830918312073,0.584051724137931,0.7350454255113924,0.5333333333333333,0.0,0.0,0.0,0.0,0.0,0.0,0.0,0.0,0.0,2002,radio,0.5
5,3,lr1e-04_bs16_modL1_fusion64_fusionL1_drop0p1_trmiss50_trlocradio,16,0.0001,1,64,1,0.1,lr1e-04_bs16_modL1_fusion64_fusionL1_drop0p1_trmiss50_trlocradio,23,0.4471983065207799,0.7091634074846903,0.581896551724138,0.7361262126457094,0.5555555555555556,0.0,0.0,0.0,0.0,0.0,0.0,0.0,0.0,0.0,2002,radio,0.5
5,3,lr1e-04_bs16_modL1_fusion64_fusionL1_drop0p1_trmiss50_trlocradio,16,0.0001,1,64,1,0.1,lr1e-04_bs16_modL1_fusion64_fusionL1_drop0p1_trmiss50_trlocradio,24,0.4326809470852216,0.7124081055323283,0.5883620689655172,0.7380050327025652,0.5777777777777777,0.0,0.0,0.0,0.0,0.0,0.0,0.0,0.0,0.0,2002,radio,0.5
5,3,lr1e-04_bs16_modL1_fusion64_fusionL1_drop0p1_trmiss50_trlocradio,16,0.0001,1,64,1,0.1,lr1e-04_bs16_modL1_fusion64_fusionL1_drop0p1_trmiss50_trlocradio,25,0.4208521619439125,0.7054745952288309,0.5818965517241379,0.7343028796286717,0.5333333333333333,0.0,0.0,0.0,0.0,0.0,0.0,0.0,0.0,0.0,2002,radio,0.5
5,3,lr1e-04_bs16_modL1_fusion64_fusionL1_drop0p1_trmiss50_trlocradio,16,0.0001,1,64,1,0.1,lr1e-04_bs16_modL1_fusion64_fusionL1_drop0p1_trmiss50_trlocradio,26,0.4333212897181511,0.7095462481180826,0.5732758620689655,0.7302873105370492,0.5111111111111111,0.0,0.0,0.0,0.0,0.0,0.0,0.0,0.0,0.0,2002,radio,0.5
5,3,lr1e-04_bs16_modL1_fusion64_fusionL1_drop0p1_trmiss50_trlocradio,16,0.0001,1,64,1,0.1,lr1e-04_bs16_modL1_fusion64_fusionL1_drop0p1_trmiss50_trlocradio,27,0.4396790812412898,0.7151896158854166,0.584051724137931,0.7410325947561384,0.5777777777777777,0.0,0.0,0.0,0.0,0.0,0.0,0.0,0.0,0.0,2002,radio,0.5
5,3,lr1e-04_bs16_modL1_fusion64_fusionL1_drop0p1_trmiss50_trlocradio,16,0.0001,1,64,1,0.1,lr1e-04_bs16_modL1_fusion64_fusionL1_drop0p1_trmiss50_trlocradio,28,0.44767220318317413,0.720842719078064,0.5732758620689655,0.7324645241015849,0.5777777777777777,0.0,0.0,0.0,0.0,0.0,0.0,0.0,0.0,0.0,2002,radio,0.5
5,3,lr1e-04_bs16_modL1_fusion64_fusionL1_drop0p1_trmiss50_trlocradio,16,0.0001,1,64,1,0.1,lr1e-04_bs16_modL1_fusion64_fusionL1_drop0p1_trmiss50_trlocradio,29,0.4579017534852028,0.7179205616315206,0.584051724137931,0.7371884705760919,0.5777777777777777,0.0,0.0,0.0,0.0,0.0,0.0,0.0,0.0,0.0,2002,radio,0.5
5,3,lr1e-04_bs16_modL1_fusion64_fusionL1_drop0p1_trmiss50_trlocradio,16,0.0001,1,64,1,0.1,lr1e-04_bs16_modL1_fusion64_fusionL1_drop0p1_trmiss50_trlocradio,30,0.42788778245449066,0.7160166303316752,0.584051724137931,0.736573397936068,0.5555555555555556,0.0,0.0,0.0,0.0,0.0,0.0,0.0,0.0,0.0,2002,radio,0.5
5,3,lr1e-04_bs16_modL1_fusion64_fusionL1_drop0p1_trmiss50_trlocradio,16,0.0001,1,64,1,0.1,lr1e-04_bs16_modL1_fusion64_fusionL1_drop0p1_trmiss50_trlocradio,31,0.42167997856934863,0.7080361445744833,0.5926724137931034,0.7416809429058955,0.5777777777777777,0.0,0.0,0.0,0.0,0.0,0.0,0.0,0.0,0.0,2002,radio,0.5
5,3,lr1e-04_bs16_modL1_fusion64_fusionL1_drop0p1_trmiss50_trlocradio,16,0.0001,1,64,1,0.1,lr1e-04_bs16_modL1_fusion64_fusionL1_drop0p1_trmiss50_trlocradio,32,0.4564657583832741,0.7066681583722433,0.5862068965517241,0.7375846248828384,0.5555555555555556,0.0,0.0,0.0,0.0,0.0,0.0,0.0,0.0,0.0,2002,radio,0.5
5,3,lr1e-04_bs16_modL1_fusion64_fusionL1_drop0p1_trmiss50_trlocradio,16,0.0001,1,64,1,0.1,lr1e-04_bs16_modL1_fusion64_fusionL1_drop0p1_trmiss50_trlocradio,33,0.42674919217824936,0.7085922360420227,0.6142241379310345,0.7511119071107236,0.5777777777777777,0.0,0.0,0.0,0.0,0.0,0.0,0.0,0.0,0.0,2002,radio,0.5
5,3,lr1e-04_bs16_modL1_fusion64_fusionL1_drop0p1_trmiss50_trlocradio,16,0.0001,1,64,1,0.1,lr1e-04_bs16_modL1_fusion64_fusionL1_drop0p1_trmiss50_trlocradio,34,0.438849372168382,0.7055830558141073,0.6142241379310345,0.7594449895828032,0.5777777777777777,0.0,0.0,0.0,0.0,0.0,0.0,0.0,0.0,0.0,2002,radio,0.5
5,3,lr1e-04_bs16_modL1_fusion64_fusionL1_drop0p1_trmiss50_trlocradio,16,0.0001,1,64,1,0.1,lr1e-04_bs16_modL1_fusion64_fusionL1_drop0p1_trmiss50_trlocradio,35,0.42330896357695263,0.7154802083969116,0.5991379310344827,0.7434007471554035,0.5777777777777777,0.0,0.0,0.0,0.0,0.0,0.0,0.0,0.0,0.0,2002,radio,0.5
5,3,lr1e-04_bs16_modL1_fusion64_fusionL1_drop0p1_trmiss50_trlocradio,16,0.0001,1,64,1,0.1,lr1e-04_bs16_modL1_fusion64_fusionL1_drop0p1_trmiss50_trlocradio,36,0.427883783976237,0.7107678055763245,0.5926724137931035,0.7398687240260687,0.5777777777777777,0.0,0.0,0.0,0.0,0.0,0.0,0.0,0.0,0.0,2002,radio,0.5
5,3,lr1e-04_bs16_modL1_fusion64_fusionL1_drop0p1_trmiss50_trlocradio,16,0.0001,1,64,1,0.1,lr1e-04_bs16_modL1_fusion64_fusionL1_drop0p1_trmiss50_trlocradio,37,0.4254271959265073,0.7187377611796061,0.5905172413793103,0.728922982246604,0.5777777777777777,0.0,0.0,0.0,0.0,0.0,0.0,0.0,0.0,0.0,2002,radio,0.5
5,3,lr1e-04_bs16_modL1_fusion64_fusionL1_drop0p1_trmiss50_trlocradio,16,0.0001,1,64,1,0.1,lr1e-04_bs16_modL1_fusion64_fusionL1_drop0p1_trmiss50_trlocradio,38,0.4404417996605237,0.7193911075592041,0.5948275862068966,0.7424361057037316,0.6222222222222222,0.0,0.0,0.0,0.0,0.0,0.0,0.0,0.0,0.0,2002,radio,0.5
5,3,lr1e-04_bs16_modL1_fusion64_fusionL1_drop0p1_trmiss50_trlocradio,16,0.0001,1,64,1,0.1,lr1e-04_bs16_modL1_fusion64_fusionL1_drop0p1_trmiss50_trlocradio,39,0.439867136379083,0.7117335796356201,0.6056034482758621,0.7452433002228597,0.5777777777777777,0.0,0.0,0.0,0.0,0.0,0.0,0.0,0.0,0.0,2002,radio,0.5
5,3,lr1e-04_bs16_modL1_fusion64_fusionL1_drop0p1_trmiss50_trlocradio,16,0.0001,1,64,1,0.1,lr1e-04_bs16_modL1_fusion64_fusionL1_drop0p1_trmiss50_trlocradio,40,0.4269297669331233,0.7169541915257772,0.5991379310344828,0.742764801789934,0.5777777777777777,0.0,0.0,0.0,0.0,0.0,0.0,0.0,0.0,0.0,2002,radio,0.5
5,3,lr1e-04_bs16_modL1_fusion64_fusionL1_drop0p1_trmiss50_trlocradio,16,0.0001,1,64,1,0.1,lr1e-04_bs16_modL1_fusion64_fusionL1_drop0p1_trmiss50_trlocradio,41,0.41245469202597934,0.7145283818244934,0.5905172413793104,0.7392043129680436,0.5555555555555556,0.0,0.0,0.0,0.0,0.0,0.0,0.0,0.0,0.0,2002,radio,0.5
5,3,lr1e-04_bs16_modL1_fusion64_fusionL1_drop0p1_trmiss50_trlocradio,16,0.0001,1,64,1,0.1,lr1e-04_bs16_modL1_fusion64_fusionL1_drop0p1_trmiss50_trlocradio,42,0.41581780711809796,0.7074153224627177,0.5926724137931034,0.7364518468801003,0.5777777777777777,0.0,0.0,0.0,0.0,0.0,0.0,0.0,0.0,0.0,2002,radio,0.5
5,3,lr1e-04_bs16_modL1_fusion64_fusionL1_drop0p1_trmiss50_trlocradio,16,0.0001,1,64,1,0.1,lr1e-04_bs16_modL1_fusion64_fusionL1_drop0p1_trmiss50_trlocradio,43,0.4146995370586713,0.7082164088884989,0.6077586206896551,0.7520623038267359,0.5777777777777777,0.0,0.0,0.0,0.0,0.0,0.0,0.0,0.0,0.0,2002,radio,0.5
5,3,lr1e-04_bs16_modL1_fusion64_fusionL1_drop0p1_trmiss50_trlocradio,16,0.0001,1,64,1,0.1,lr1e-04_bs16_modL1_fusion64_fusionL1_drop0p1_trmiss50_trlocradio,44,0.4274800320466359,0.7224826216697693,0.5883620689655172,0.7391876803029004,0.5777777777777777,0.0,0.0,0.0,0.0,0.0,0.0,0.0,0.0,0.0,2002,radio,0.5
5,3,lr1e-04_bs16_modL1_fusion64_fusionL1_drop0p1_trmiss50_trlocradio,16,0.0001,1,64,1,0.1,lr1e-04_bs16_modL1_fusion64_fusionL1_drop0p1_trmiss50_trlocradio,45,0.4231768101453781,0.7195068001747131,0.5926724137931034,0.7398424815535273,0.5777777777777777,0.0,0.0,0.0,0.0,0.0,0.0,0.0,0.0,0.0,2002,radio,0.5
5,3,lr1e-04_bs16_modL1_fusion64_fusionL1_drop0p1_trmiss50_trlocradio,16,0.0001,1,64,1,0.1,lr1e-04_bs16_modL1_fusion64_fusionL1_drop0p1_trmiss50_trlocradio,46,0.4368663231531779,0.7163307865460714,0.5840517241379312,0.7361279354384777,0.6,0.0,0.0,0.0,0.0,0.0,0.0,0.0,0.0,0.0,2002,radio,0.5
5,3,lr1e-04_bs16_modL1_fusion64_fusionL1_drop0p1_trmiss50_trlocradio,16,0.0001,1,64,1,0.1,lr1e-04_bs16_modL1_fusion64_fusionL1_drop0p1_trmiss50_trlocradio,47,0.4292135536670685,0.7095565597216288,0.5969827586206897,0.7461293420856917,0.5777777777777777,0.0,0.0,0.0,0.0,0.0,0.0,0.0,0.0,0.0,2002,radio,0.5
5,3,lr1e-04_bs16_modL1_fusion64_fusionL1_drop0p1_trmiss50_trlocradio,16,0.0001,1,64,1,0.1,lr1e-04_bs16_modL1_fusion64_fusionL1_drop0p1_trmiss50_trlocradio,48,0.42039041221141815,0.7143803834915161,0.5948275862068966,0.7433104273411221,0.5777777777777777,0.0,0.0,0.0,0.0,0.0,0.0,0.0,0.0,0.0,2002,radio,0.5
5,3,lr1e-04_bs16_modL1_fusion64_fusionL1_drop0p1_trmiss50_trlocradio,16,0.0001,1,64,1,0.1,lr1e-04_bs16_modL1_fusion64_fusionL1_drop0p1_trmiss50_trlocradio,49,0.4341824799776077,0.7116926113764445,0.5926724137931034,0.7422807262492722,0.6,0.0,0.0,0.0,0.0,0.0,0.0,0.0,0.0,0.0,2002,radio,0.5
5,3,lr1e-04_bs16_modL1_fusion64_fusionL1_drop0p1_trmiss50_trlocradio,16,0.0001,1,64,1,0.1,lr1e-04_bs16_modL1_fusion64_fusionL1_drop0p1_trmiss50_trlocradio,50,0.4272794375816981,0.711054265499115,0.5862068965517241,0.7273120976876037,0.5777777777777777,0.0,0.0,0.0,0.0,0.0,0.0,0.0,0.0,0.0,2002,radio,0.5
5,3,lr1e-04_bs16_modL1_fusion64_fusionL1_drop0p1_trmiss50_trlocradio,16,0.0001,1,64,1,0.1,lr1e-04_bs16_modL1_fusion64_fusionL1_drop0p1_trmiss50_trlocradio,51,0.434234082698822,0.7090977629025778,0.5883620689655172,0.7400288498923974,0.5555555555555556,0.0,0.0,0.0,0.0,0.0,0.0,0.0,0.0,0.0,2002,radio,0.5
5,3,lr1e-04_bs16_modL1_fusion64_fusionL1_drop0p1_trmiss50_trlocradio,16,0.0001,1,64,1,0.1,lr1e-04_bs16_modL1_fusion64_fusionL1_drop0p1_trmiss50_trlocradio,52,0.4621229444940885,0.7086820403734843,0.5969827586206896,0.742611264494724,0.5555555555555556,0.0,0.0,0.0,0.0,0.0,0.0,0.0,0.0,0.0,2002,radio,0.5
5,3,lr1e-04_bs16_modL1_fusion64_fusionL1_drop0p1_trmiss50_trlocradio,16,0.0001,1,64,1,0.1,lr1e-04_bs16_modL1_fusion64_fusionL1_drop0p1_trmiss50_trlocradio,53,0.42742396146059036,0.7082036932309469,0.5905172413793103,0.7400518939852719,0.5333333333333333,0.0,0.0,0.0,0.0,0.0,0.0,0.0,0.0,0.0,2002,radio,0.5
5,3,lr1e-04_bs16_modL1_fusion64_fusionL1_drop0p1_trmiss50_trlocradio,16,0.0001,1,64,1,0.1,lr1e-04_bs16_modL1_fusion64_fusionL1_drop0p1_trmiss50_trlocradio,54,0.4089588026205699,0.7140457232793173,0.5883620689655172,0.7383291224740597,0.5555555555555556,0.0,0.0,0.0,0.0,0.0,0.0,0.0,0.0,0.0,2002,radio,0.5
5,3,lr5e-05_bs32_modL1_fusion32_fusionL1_drop0p2_trmiss50_trlocradio,32,5e-05,1,32,1,0.2,lr5e-05_bs32_modL1_fusion32_fusionL1_drop0p2_trmiss50_trlocradio,1,0.6738706727822622,0.6846714913845062,0.5862068965517242,0.7203617323402811,0.6222222222222222,0.0,0.0,0.0,0.0,0.0,0.0,0.0,0.0,0.0,2002,radio,0.5
5,3,lr5e-05_bs32_modL1_fusion32_fusionL1_drop0p2_trmiss50_trlocradio,32,5e-05,1,32,1,0.2,lr5e-05_bs32_modL1_fusion32_fusionL1_drop0p2_trmiss50_trlocradio,2,0.6660250723361969,0.685059130191803,0.6099137931034484,0.7408020524599335,0.6222222222222222,0.0,0.0,0.0,0.0,0.0,0.0,0.0,0.0,0.0,2002,radio,0.5
5,3,lr5e-05_bs32_modL1_fusion32_fusionL1_drop0p2_trmiss50_trlocradio,32,5e-05,1,32,1,0.2,lr5e-05_bs32_modL1_fusion32_fusionL1_drop0p2_trmiss50_trlocradio,3,0.6428249875704447,0.6881431043148041,0.5948275862068966,0.7289229290114119,0.5555555555555556,0.0,0.0,0.0,0.0,0.0,0.0,0.0,0.0,0.0,2002,radio,0.5
5,3,lr5e-05_bs32_modL1_fusion32_fusionL1_drop0p2_trmiss50_trlocradio,32,5e-05,1,32,1,0.2,lr5e-05_bs32_modL1_fusion32_fusionL1_drop0p2_trmiss50_trlocradio,4,0.6205331981182098,0.6906144022941589,0.6056034482758621,0.7257636935360079,0.6,0.0,0.0,0.0,0.0,0.0,0.0,0.0,0.0,0.0,2002,radio,0.5
5,3,lr5e-05_bs32_modL1_fusion32_fusionL1_drop0p2_trmiss50_trlocradio,32,5e-05,1,32,1,0.2,lr5e-05_bs32_modL1_fusion32_fusionL1_drop0p2_trmiss50_trlocradio,5,0.6257170836130778,0.6899237334728241,0.6206896551724137,0.7383503964462356,0.6,0.0,0.0,0.0,0.0,0.0,0.0,0.0,0.0,0.0,2002,radio,0.5
5,3,lr5e-05_bs32_modL1_fusion32_fusionL1_drop0p2_trmiss50_trlocradio,32,5e-05,1,32,1,0.2,lr5e-05_bs32_modL1_fusion32_fusionL1_drop0p2_trmiss50_trlocradio,6,0.6065232654412588,0.6929141581058502,0.6163793103448276,0.737829520545035,0.5777777777777777,0.0,0.0,0.0,0.0,0.0,0.0,0.0,0.0,0.0,2002,radio,0.5
5,3,lr5e-05_bs32_modL1_fusion32_fusionL1_drop0p2_trmiss50_trlocradio,32,5e-05,1,32,1,0.2,lr5e-05_bs32_modL1_fusion32_fusionL1_drop0p2_trmiss50_trlocradio,7,0.5625362594922384,0.6926364004611969,0.625,0.7448730481615852,0.5555555555555556,0.0,0.0,0.0,0.0,0.0,0.0,0.0,0.0,0.0,2002,radio,0.5
5,3,lr5e-05_bs32_modL1_fusion32_fusionL1_drop0p2_trmiss50_trlocradio,32,5e-05,1,32,1,0.2,lr5e-05_bs32_modL1_fusion32_fusionL1_drop0p2_trmiss50_trlocradio,8,0.5767079691092173,0.6963445544242859,0.6056034482758621,0.7360467381677089,0.5555555555555556,0.0,0.0,0.0,0.0,0.0,0.0,0.0,0.0,0.0,2002,radio,0.5
5,3,lr5e-05_bs32_modL1_fusion32_fusionL1_drop0p2_trmiss50_trlocradio,32,5e-05,1,32,1,0.2,lr5e-05_bs32_modL1_fusion32_fusionL1_drop0p2_trmiss50_trlocradio,9,0.5980938573678335,0.6978445053100586,0.603448275862069,0.7369806598482039,0.5555555555555556,0.0,0.0,0.0,0.0,0.0,0.0,0.0,0.0,0.0,2002,radio,0.5
5,3,lr5e-05_bs32_modL1_fusion32_fusionL1_drop0p2_trmiss50_trlocradio,32,5e-05,1,32,1,0.2,lr5e-05_bs32_modL1_fusion32_fusionL1_drop0p2_trmiss50_trlocradio,10,0.5755947728951772,0.699885755777359,0.5883620689655172,0.7261546899301874,0.5777777777777777,0.0,0.0,0.0,0.0,0.0,0.0,0.0,0.0,0.0,2002,radio,0.5
5,3,lr5e-05_bs32_modL1_fusion32_fusionL1_drop0p2_trmiss50_trlocradio,32,5e-05,1,32,1,0.2,lr5e-05_bs32_modL1_fusion32_fusionL1_drop0p2_trmiss50_trlocradio,11,0.5605076650778452,0.6979365050792694,0.5905172413793103,0.7285247200363494,0.5777777777777777,0.0,0.0,0.0,0.0,0.0,0.0,0.0,0.0,0.0,2002,radio,0.5
5,3,lr5e-05_bs32_modL1_fusion32_fusionL1_drop0p2_trmiss50_trlocradio,32,5e-05,1,32,1,0.2,lr5e-05_bs32_modL1_fusion32_fusionL1_drop0p2_trmiss50_trlocradio,12,0.5557206173737844,0.7019869387149811,0.5883620689655172,0.7271176462886813,0.5777777777777777,0.0,0.0,0.0,0.0,0.0,0.0,0.0,0.0,0.0,2002,radio,0.5
5,3,lr5e-05_bs32_modL1_fusion32_fusionL1_drop0p2_trmiss50_trlocradio,32,5e-05,1,32,1,0.2,lr5e-05_bs32_modL1_fusion32_fusionL1_drop0p2_trmiss50_trlocradio,13,0.5634623865286509,0.700341135263443,0.6012931034482759,0.7413087129085085,0.5777777777777777,0.0,0.0,0.0,0.0,0.0,0.0,0.0,0.0,0.0,2002,radio,0.5
5,3,lr5e-05_bs32_modL1_fusion32_fusionL1_drop0p2_trmiss50_trlocradio,32,5e-05,1,32,1,0.2,lr5e-05_bs32_modL1_fusion32_fusionL1_drop0p2_trmiss50_trlocradio,14,0.5614680002133051,0.7012504041194916,0.6099137931034483,0.7453023719748036,0.5777777777777777,0.0,0.0,0.0,0.0,0.0,0.0,0.0,0.0,0.0,2002,radio,0.5
5,3,lr5e-05_bs32_modL1_fusion32_fusionL1_drop0p2_trmiss50_trlocradio,32,5e-05,1,32,1,0.2,lr5e-05_bs32_modL1_fusion32_fusionL1_drop0p2_trmiss50_trlocradio,15,0.5617315570513407,0.7010231018066406,0.6056034482758621,0.7437195539086345,0.5777777777777777,0.0,0.0,0.0,0.0,0.0,0.0,0.0,0.0,0.0,2002,radio,0.5
5,3,lr5e-05_bs32_modL1_fusion32_fusionL1_drop0p2_trmiss50_trlocradio,32,5e-05,1,32,1,0.2,lr5e-05_bs32_modL1_fusion32_fusionL1_drop0p2_trmiss50_trlocradio,16,0.5382231374581655,0.7019845545291901,0.5991379310344828,0.7369030782792356,0.5777777777777777,0.0,0.0,0.0,0.0,0.0,0.0,0.0,0.0,0.0,2002,radio,0.5
5,3,lr5e-05_bs32_modL1_fusion32_fusionL1_drop0p2_trmiss50_trlocradio,32,5e-05,1,32,1,0.2,lr5e-05_bs32_modL1_fusion32_fusionL1_drop0p2_trmiss50_trlocradio,17,0.5512096385161082,0.7013889253139496,0.6012931034482759,0.7379151614841449,0.5777777777777777,0.0,0.0,0.0,0.0,0.0,0.0,0.0,0.0,0.0,2002,radio,0.5
5,3,lr5e-05_bs32_modL1_fusion32_fusionL1_drop0p2_trmiss50_trlocradio,32,5e-05,1,32,1,0.2,lr5e-05_bs32_modL1_fusion32_fusionL1_drop0p2_trmiss50_trlocradio,18,0.5346674968798956,0.7015198767185211,0.603448275862069,0.7393507666722855,0.5777777777777777,0.0,0.0,0.0,0.0,0.0,0.0,0.0,0.0,0.0,2002,radio,0.5
5,3,lr5e-05_bs32_modL1_fusion32_fusionL1_drop0p2_trmiss50_trlocradio,32,5e-05,1,32,1,0.2,lr5e-05_bs32_modL1_fusion32_fusionL1_drop0p2_trmiss50_trlocradio,19,0.539751723408699,0.7016152441501617,0.6077586206896551,0.7487277057214783,0.5777777777777777,0.0,0.0,0.0,0.0,0.0,0.0,0.0,0.0,0.0,2002,radio,0.5
5,3,lr5e-05_bs32_modL1_fusion32_fusionL1_drop0p2_trmiss50_trlocradio,32,5e-05,1,32,1,0.2,lr5e-05_bs32_modL1_fusion32_fusionL1_drop0p2_trmiss50_trlocradio,20,0.5478436599175135,0.7051212787628174,0.6012931034482758,0.7377816894553452,0.5777777777777777,0.0,0.0,0.0,0.0,0.0,0.0,0.0,0.0,0.0,2002,radio,0.5
5,3,lr5e-05_bs32_modL1_fusion32_fusionL1_drop0p2_trmiss50_trlocradio,32,5e-05,1,32,1,0.2,lr5e-05_bs32_modL1_fusion32_fusionL1_drop0p2_trmiss50_trlocradio,21,0.5473117132981619,0.7017882764339447,0.5948275862068966,0.7394273900828435,0.5777777777777777,0.0,0.0,0.0,0.0,0.0,0.0,0.0,0.0,0.0,2002,radio,0.5
5,3,lr5e-05_bs32_modL1_fusion32_fusionL1_drop0p2_trmiss50_trlocradio,32,5e-05,1,32,1,0.2,lr5e-05_bs32_modL1_fusion32_fusionL1_drop0p2_trmiss50_trlocradio,22,0.5136959652105967,0.7033591568470001,0.5991379310344828,0.7445953255956068,0.5777777777777777,0.0,0.0,0.0,0.0,0.0,0.0,0.0,0.0,0.0,2002,radio,0.5
5,3,lr5e-05_bs32_modL1_fusion32_fusionL1_drop0p2_trmiss50_trlocradio,32,5e-05,1,32,1,0.2,lr5e-05_bs32_modL1_fusion32_fusionL1_drop0p2_trmiss50_trlocradio,23,0.5362093895673752,0.7049164474010468,0.5969827586206897,0.7459706608756074,0.5777777777777777,0.0,0.0,0.0,0.0,0.0,0.0,0.0,0.0,0.0,2002,radio,0.5
5,3,lr5e-05_bs32_modL1_fusion32_fusionL1_drop0p2_trmiss50_trlocradio,32,5e-05,1,32,1,0.2,lr5e-05_bs32_modL1_fusion32_fusionL1_drop0p2_trmiss50_trlocradio,24,0.5295777966578802,0.7040065824985504,0.5991379310344828,0.7478817442065138,0.5777777777777777,0.0,0.0,0.0,0.0,0.0,0.0,0.0,0.0,0.0,2002,radio,0.5
5,3,lr5e-05_bs32_modL1_fusion32_fusionL1_drop0p2_trmiss50_trlocradio,32,5e-05,1,32,1,0.2,lr5e-05_bs32_modL1_fusion32_fusionL1_drop0p2_trmiss50_trlocradio,25,0.5458492338657379,0.7037153840065002,0.6120689655172413,0.7529162218475374,0.5777777777777777,0.0,0.0,0.0,0.0,0.0,0.0,0.0,0.0,0.0,2002,radio,0.5
5,3,lr5e-05_bs32_modL1_fusion32_fusionL1_drop0p2_trmiss50_trlocradio,32,5e-05,1,32,1,0.2,lr5e-05_bs32_modL1_fusion32_fusionL1_drop0p2_trmiss50_trlocradio,26,0.5167988737424215,0.7019676864147186,0.6099137931034483,0.751982927810795,0.5777777777777777,0.0,0.0,0.0,0.0,0.0,0.0,0.0,0.0,0.0,2002,radio,0.5
5,3,lr5e-05_bs32_modL1_fusion32_fusionL1_drop0p2_trmiss50_trlocradio,32,5e-05,1,32,1,0.2,lr5e-05_bs32_modL1_fusion32_fusionL1_drop0p2_trmiss50_trlocradio,27,0.5252146373192469,0.6981796026229858,0.6099137931034483,0.752354877098196,0.5777777777777777,0.0,0.0,0.0,0.0,0.0,0.0,0.0,0.0,0.0,2002,radio,0.5
5,3,lr5e-05_bs32_modL1_fusion32_fusionL1_drop0p1_trmiss50_trlocradio,32,5e-05,1,32,1,0.1,lr5e-05_bs32_modL1_fusion32_fusionL1_drop0p1_trmiss50_trlocradio,1,0.7306287388006846,0.731221079826355,0.4073275862068966,0.6032158531533723,0.35555555555555557,0.0,0.0,0.0,0.0,0.0,0.0,0.0,0.0,0.0,2002,radio,0.5
5,3,lr5e-05_bs32_modL1_fusion32_fusionL1_drop0p1_trmiss50_trlocradio,32,5e-05,1,32,1,0.1,lr5e-05_bs32_modL1_fusion32_fusionL1_drop0p1_trmiss50_trlocradio,2,0.695919026931127,0.7452210485935211,0.4137931034482758,0.6067875320064988,0.4,0.0,0.0,0.0,0.0,0.0,0.0,0.0,0.0,0.0,2002,radio,0.5
5,3,lr5e-05_bs32_modL1_fusion32_fusionL1_drop0p1_trmiss50_trlocradio,32,5e-05,1,32,1,0.1,lr5e-05_bs32_modL1_fusion32_fusionL1_drop0p1_trmiss50_trlocradio,3,0.6663471162319183,0.7602950632572174,0.4137931034482758,0.6100645471432292,0.4,0.0,0.0,0.0,0.0,0.0,0.0,0.0,0.0,0.0,2002,radio,0.5
5,3,lr5e-05_bs32_modL1_fusion32_fusionL1_drop0p1_trmiss50_trlocradio,32,5e-05,1,32,1,0.1,lr5e-05_bs32_modL1_fusion32_fusionL1_drop0p1_trmiss50_trlocradio,4,0.6578782995541891,0.7697034776210785,0.43103448275862066,0.6174431883695887,0.4,0.0,0.0,0.0,0.0,0.0,0.0,0.0,0.0,0.0,2002,radio,0.5
5,3,lr5e-05_bs32_modL1_fusion32_fusionL1_drop0p1_trmiss50_trlocradio,32,5e-05,1,32,1,0.1,lr5e-05_bs32_modL1_fusion32_fusionL1_drop0p1_trmiss50_trlocradio,5,0.6328259209791819,0.7767855525016785,0.4698275862068966,0.6393698698826307,0.4222222222222222,0.0,0.0,0.0,0.0,0.0,0.0,0.0,0.0,0.0,2002,radio,0.5
5,3,lr5e-05_bs32_modL1_fusion32_fusionL1_drop0p1_trmiss50_trlocradio,32,5e-05,1,32,1,0.1,lr5e-05_bs32_modL1_fusion32_fusionL1_drop0p1_trmiss50_trlocradio,6,0.6155593196551005,0.7837649285793304,0.48491379310344823,0.6434425622431144,0.4,0.0,0.0,0.0,0.0,0.0,0.0,0.0,0.0,0.0,2002,radio,0.5
5,3,lr5e-05_bs32_modL1_fusion32_fusionL1_drop0p1_trmiss50_trlocradio,32,5e-05,1,32,1,0.1,lr5e-05_bs32_modL1_fusion32_fusionL1_drop0p1_trmiss50_trlocradio,7,0.5934353470802307,0.7871701419353485,0.4978448275862069,0.648605073182939,0.4,0.0,0.0,0.0,0.0,0.0,0.0,0.0,0.0,0.0,2002,radio,0.5
5,3,lr5e-05_bs32_modL1_fusion32_fusionL1_drop0p1_trmiss50_trlocradio,32,5e-05,1,32,1,0.1,lr5e-05_bs32_modL1_fusion32_fusionL1_drop0p1_trmiss50_trlocradio,8,0.6021744310855865,0.7897131741046906,0.5,0.6512146034203279,0.4,0.0,0.0,0.0,0.0,0.0,0.0,0.0,0.0,0.0,2002,radio,0.5
5,3,lr5e-05_bs32_modL1_fusion32_fusionL1_drop0p1_trmiss50_trlocradio,32,5e-05,1,32,1,0.1,lr5e-05_bs32_modL1_fusion32_fusionL1_drop0p1_trmiss50_trlocradio,9,0.5925516287485758,0.7925076186656952,0.5043103448275862,0.6537082047743522,0.4,0.0,0.0,0.0,0.0,0.0,0.0,0.0,0.0,0.0,2002,radio,0.5
5,3,lr5e-05_bs32_modL1_fusion32_fusionL1_drop0p1_trmiss50_trlocradio,32,5e-05,1,32,1,0.1,lr5e-05_bs32_modL1_fusion32_fusionL1_drop0p1_trmiss50_trlocradio,10,0.5941313703854879,0.7931278944015503,0.5107758620689655,0.6575203400575167,0.4222222222222222,0.0,0.0,0.0,0.0,0.0,0.0,0.0,0.0,0.0,2002,radio,0.5
5,3,lr5e-05_bs32_modL1_fusion32_fusionL1_drop0p1_trmiss50_trlocradio,32,5e-05,1,32,1,0.1,lr5e-05_bs32_modL1_fusion32_fusionL1_drop0p1_trmiss50_trlocradio,11,0.5802092750867208,0.792908638715744,0.5043103448275862,0.6511808175110976,0.4222222222222222,0.0,0.0,0.0,0.0,0.0,0.0,0.0,0.0,0.0,2002,radio,0.5
5,3,lr5e-05_bs32_modL1_fusion32_fusionL1_drop0p1_trmiss50_trlocradio,32,5e-05,1,32,1,0.1,lr5e-05_bs32_modL1_fusion32_fusionL1_drop0p1_trmiss50_trlocradio,12,0.5941638251145681,0.7932896018028259,0.5172413793103449,0.6649853009831217,0.4444444444444444,0.0,0.0,0.0,0.0,0.0,0.0,0.0,0.0,0.0,2002,radio,0.5
5,3,lr5e-05_bs32_modL1_fusion32_fusionL1_drop0p1_trmiss50_trlocradio,32,5e-05,1,32,1,0.1,lr5e-05_bs32_modL1_fusion32_fusionL1_drop0p1_trmiss50_trlocradio,13,0.5696444908777872,0.7889906167984009,0.519396551724138,0.6671172994999923,0.4666666666666667,0.0,0.0,0.0,0.0,0.0,0.0,0.0,0.0,0.0,2002,radio,0.5
5,3,lr5e-05_bs32_modL1_fusion32_fusionL1_drop0p1_trmiss50_trlocradio,32,5e-05,1,32,1,0.1,lr5e-05_bs32_modL1_fusion32_fusionL1_drop0p1_trmiss50_trlocradio,14,0.5650210976600647,0.7895746529102325,0.5237068965517242,0.6688583644513875,0.4444444444444444,0.0,0.0,0.0,0.0,0.0,0.0,0.0,0.0,0.0,2002,radio,0.5
5,3,lr5e-05_bs32_modL1_fusion32_fusionL1_drop0p1_trmiss50_trlocradio,32,5e-05,1,32,1,0.1,lr5e-05_bs32_modL1_fusion32_fusionL1_drop0p1_trmiss50_trlocradio,15,0.5350699623425802,0.7861494719982147,0.5280172413793104,0.670162967829782,0.4666666666666667,0.0,0.0,0.0,0.0,0.0,0.0,0.0,0.0,0.0,2002,radio,0.5
5,3,lr5e-05_bs32_modL1_fusion32_fusionL1_drop0p1_trmiss50_trlocradio,32,5e-05,1,32,1,0.1,lr5e-05_bs32_modL1_fusion32_fusionL1_drop0p1_trmiss50_trlocradio,16,0.5515530606110891,0.7864140570163727,0.5301724137931034,0.6709649034063676,0.4888888888888889,0.0,0.0,0.0,0.0,0.0,0.0,0.0,0.0,0.0,2002,radio,0.5
5,3,lr5e-05_bs32_modL1_fusion32_fusionL1_drop0p1_trmiss50_trlocradio,32,5e-05,1,32,1,0.1,lr5e-05_bs32_modL1_fusion32_fusionL1_drop0p1_trmiss50_trlocradio,17,0.5617065032323202,0.7869519591331482,0.5344827586206896,0.6742696679811071,0.4666666666666667,0.0,0.0,0.0,0.0,0.0,0.0,0.0,0.0,0.0,2002,radio,0.5
5,3,lr5e-05_bs32_modL1_fusion32_fusionL1_drop0p1_trmiss50_trlocradio,32,5e-05,1,32,1,0.1,lr5e-05_bs32_modL1_fusion32_fusionL1_drop0p1_trmiss50_trlocradio,18,0.5579647223154703,0.7870818376541138,0.5366379310344828,0.6759019067062406,0.4888888888888889,0.0,0.0,0.0,0.0,0.0,0.0,0.0,0.0,0.0,2002,radio,0.5
5,3,lr5e-05_bs32_modL1_fusion32_fusionL1_drop0p1_trmiss50_trlocradio,32,5e-05,1,32,1,0.1,lr5e-05_bs32_modL1_fusion32_fusionL1_drop0p1_trmiss50_trlocradio,19,0.5530879100163778,0.7857648134231567,0.5387931034482759,0.676814024267554,0.4888888888888889,0.0,0.0,0.0,0.0,0.0,0.0,0.0,0.0,0.0,2002,radio,0.5
5,3,lr5e-05_bs32_modL1_fusion32_fusionL1_drop0p1_trmiss50_trlocradio,32,5e-05,1,32,1,0.1,lr5e-05_bs32_modL1_fusion32_fusionL1_drop0p1_trmiss50_trlocradio,20,0.5484349926312765,0.7844642698764801,0.5517241379310345,0.6839936110868332,0.4888888888888889,0.0,0.0,0.0,0.0,0.0,0.0,0.0,0.0,0.0,2002,radio,0.5
5,3,lr5e-05_bs32_modL1_fusion32_fusionL1_drop0p1_trmiss50_trlocradio,32,5e-05,1,32,1,0.1,lr5e-05_bs32_modL1_fusion32_fusionL1_drop0p1_trmiss50_trlocradio,21,0.5509222944577535,0.7834969162940979,0.5495689655172413,0.6812215882572524,0.4888888888888889,0.0,0.0,0.0,0.0,0.0,0.0,0.0,0.0,0.0,2002,radio,0.5
5,3,lr5e-05_bs32_modL1_fusion32_fusionL1_drop0p1_trmiss50_trlocradio,32,5e-05,1,32,1,0.1,lr5e-05_bs32_modL1_fusion32_fusionL1_drop0p1_trmiss50_trlocradio,22,0.5421728094418844,0.7858337461948395,0.5387931034482759,0.6765194619630794,0.4888888888888889,0.0,0.0,0.0,0.0,0.0,0.0,0.0,0.0,0.0,2002,radio,0.5
5,3,lr5e-05_bs32_modL1_fusion32_fusionL1_drop0p1_trmiss50_trlocradio,32,5e-05,1,32,1,0.1,lr5e-05_bs32_modL1_fusion32_fusionL1_drop0p1_trmiss50_trlocradio,23,0.5480721692244211,0.7846346497535706,0.5387931034482758,0.676377683204636,0.4888888888888889,0.0,0.0,0.0,0.0,0.0,0.0,0.0,0.0,0.0,2002,radio,0.5
5,3,lr5e-05_bs32_modL1_fusion32_fusionL1_drop0p1_trmiss50_trlocradio,32,5e-05,1,32,1,0.1,lr5e-05_bs32_modL1_fusion32_fusionL1_drop0p1_trmiss50_trlocradio,24,0.5507125159104665,0.7852573990821838,0.5431034482758621,0.6789967308236835,0.4888888888888889,0.0,0.0,0.0,0.0,0.0,0.0,0.0,0.0,0.0,2002,radio,0.5
5,3,lr5e-05_bs32_modL1_fusion32_fusionL1_drop0p1_trmiss50_trlocradio,32,5e-05,1,32,1,0.1,lr5e-05_bs32_modL1_fusion32_fusionL1_drop0p1_trmiss50_trlocradio,25,0.5375347634156545,0.7860932350158691,0.5387931034482758,0.6752914726212544,0.4888888888888889,0.0,0.0,0.0,0.0,0.0,0.0,0.0,0.0,0.0,2002,radio,0.5
5,3,lr5e-05_bs32_modL1_fusion32_fusionL1_drop0p1_trmiss50_trlocradio,32,5e-05,1,32,1,0.1,lr5e-05_bs32_modL1_fusion32_fusionL1_drop0p1_trmiss50_trlocradio,26,0.5290031929810842,0.7824082970619202,0.5431034482758621,0.6753032537182283,0.4888888888888889,0.0,0.0,0.0,0.0,0.0,0.0,0.0,0.0,0.0,2002,radio,0.5
5,3,lr5e-05_bs32_modL1_fusion32_fusionL1_drop0p1_trmiss50_trlocradio,32,5e-05,1,32,1,0.1,lr5e-05_bs32_modL1_fusion32_fusionL1_drop0p1_trmiss50_trlocradio,27,0.5376655906438828,0.7813338339328766,0.5344827586206896,0.6739599459948094,0.4888888888888889,0.0,0.0,0.0,0.0,0.0,0.0,0.0,0.0,0.0,2002,radio,0.5
5,3,lr5e-05_bs32_modL1_fusion32_fusionL1_drop0p1_trmiss50_trlocradio,32,5e-05,1,32,1,0.1,lr5e-05_bs32_modL1_fusion32_fusionL1_drop0p1_trmiss50_trlocradio,28,0.5332469642162323,0.7844714522361755,0.5387931034482758,0.6753852026178349,0.4888888888888889,0.0,0.0,0.0,0.0,0.0,0.0,0.0,0.0,0.0,2002,radio,0.5
5,3,lr5e-05_bs32_modL1_fusion32_fusionL1_drop0p1_trmiss50_trlocradio,32,5e-05,1,32,1,0.1,lr5e-05_bs32_modL1_fusion32_fusionL1_drop0p1_trmiss50_trlocradio,29,0.5431769887606303,0.7845568954944611,0.5344827586206897,0.6694006680235532,0.4888888888888889,0.0,0.0,0.0,0.0,0.0,0.0,0.0,0.0,0.0,2002,radio,0.5
5,3,lr5e-05_bs32_modL1_fusion32_fusionL1_drop0p1_trmiss50_trlocradio,32,5e-05,1,32,1,0.1,lr5e-05_bs32_modL1_fusion32_fusionL1_drop0p1_trmiss50_trlocradio,30,0.5296240746974945,0.7844735383987427,0.5387931034482758,0.6759179130896934,0.4888888888888889,0.0,0.0,0.0,0.0,0.0,0.0,0.0,0.0,0.0,2002,radio,0.5
5,3,lr5e-05_bs32_modL1_fusion32_fusionL1_drop0p1_trmiss50_trlocradio,32,5e-05,1,32,1,0.1,lr5e-05_bs32_modL1_fusion32_fusionL1_drop0p1_trmiss50_trlocradio,31,0.5458082954088846,0.7851040959358215,0.5431034482758621,0.6737503238894363,0.4888888888888889,0.0,0.0,0.0,0.0,0.0,0.0,0.0,0.0,0.0,2002,radio,0.5
5,3,lr5e-05_bs32_modL1_fusion32_fusionL1_drop0p1_trmiss50_trlocradio,32,5e-05,1,32,1,0.1,lr5e-05_bs32_modL1_fusion32_fusionL1_drop0p1_trmiss50_trlocradio,32,0.5380509595076243,0.7820265293121338,0.5431034482758621,0.6711311228562324,0.4888888888888889,0.0,0.0,0.0,0.0,0.0,0.0,0.0,0.0,0.0,2002,radio,0.5
5,3,lr5e-05_bs32_modL1_fusion32_fusionL1_drop0p1_trmiss50_trlocradio,32,5e-05,1,32,1,0.1,lr5e-05_bs32_modL1_fusion32_fusionL1_drop0p1_trmiss50_trlocradio,33,0.5467249055703481,0.783395916223526,0.5495689655172414,0.6804223105956959,0.4888888888888889,0.0,0.0,0.0,0.0,0.0,0.0,0.0,0.0,0.0,2002,radio,0.5
5,3,lr5e-05_bs32_modL1_fusion32_fusionL1_drop0p1_trmiss50_trlocradio,32,5e-05,1,32,1,0.1,lr5e-05_bs32_modL1_fusion32_fusionL1_drop0p1_trmiss50_trlocradio,34,0.5426596204439799,0.7837007343769073,0.5495689655172413,0.6802864179508854,0.4888888888888889,0.0,0.0,0.0,0.0,0.0,0.0,0.0,0.0,0.0,2002,radio,0.5
5,3,lr5e-05_bs32_modL1_fusion32_fusionL1_drop0p1_trmiss50_trlocradio,32,5e-05,1,32,1,0.1,lr5e-05_bs32_modL1_fusion32_fusionL1_drop0p1_trmiss50_trlocradio,35,0.5384927193323771,0.778272956609726,0.5538793103448276,0.6840781253360592,0.4888888888888889,0.0,0.0,0.0,0.0,0.0,0.0,0.0,0.0,0.0,2002,radio,0.5
5,3,lr5e-05_bs32_modL1_fusion32_fusionL1_drop0p1_trmiss50_trlocradio,32,5e-05,1,32,1,0.1,lr5e-05_bs32_modL1_fusion32_fusionL1_drop0p1_trmiss50_trlocradio,36,0.5279129991928736,0.7827330231666565,0.5474137931034483,0.675114004157782,0.4888888888888889,0.0,0.0,0.0,0.0,0.0,0.0,0.0,0.0,0.0,2002,radio,0.5
5,3,lr5e-05_bs32_modL1_fusion32_fusionL1_drop0p1_trmiss50_trlocradio,32,5e-05,1,32,1,0.1,lr5e-05_bs32_modL1_fusion32_fusionL1_drop0p1_trmiss50_trlocradio,37,0.5309605648120245,0.7830244898796082,0.5452586206896552,0.6745008683359347,0.4888888888888889,0.0,0.0,0.0,0.0,0.0,0.0,0.0,0.0,0.0,2002,radio,0.5
5,3,lr5e-05_bs32_modL1_fusion32_fusionL1_drop0p1_trmiss50_trlocradio,32,5e-05,1,32,1,0.1,lr5e-05_bs32_modL1_fusion32_fusionL1_drop0p1_trmiss50_trlocradio,38,0.5183286517858505,0.7822612822055817,0.5474137931034483,0.6803604110920292,0.4888888888888889,0.0,0.0,0.0,0.0,0.0,0.0,0.0,0.0,0.0,2002,radio,0.5
5,3,lr5e-05_bs32_modL1_fusion32_fusionL1_drop0p1_trmiss50_trlocradio,32,5e-05,1,32,1,0.1,lr5e-05_bs32_modL1_fusion32_fusionL1_drop0p1_trmiss50_trlocradio,39,0.5380318115154902,0.782551109790802,0.540948275862069,0.6767409229267041,0.4888888888888889,0.0,0.0,0.0,0.0,0.0,0.0,0.0,0.0,0.0,2002,radio,0.5
5,3,lr5e-05_bs32_modL1_fusion32_fusionL1_drop0p1_trmiss50_trlocradio,32,5e-05,1,32,1,0.1,lr5e-05_bs32_modL1_fusion32_fusionL1_drop0p1_trmiss50_trlocradio,40,0.5356981108585993,0.7838764786720276,0.5495689655172414,0.6822550681591,0.4888888888888889,0.0,0.0,0.0,0.0,0.0,0.0,0.0,0.0,0.0,2002,radio,0.5
5,3,lr5e-05_bs32_modL1_fusion32_fusionL1_drop0p1_trmiss50_trlocradio,32,5e-05,1,32,1,0.1,lr5e-05_bs32_modL1_fusion32_fusionL1_drop0p1_trmiss50_trlocradio,41,0.5317829847335815,0.7816202044487,0.5495689655172414,0.6822550681591,0.4888888888888889,0.0,0.0,0.0,0.0,0.0,0.0,0.0,0.0,0.0,2002,radio,0.5
5,3,lr5e-05_bs32_modL1_fusion32_fusionL1_drop0p1_trmiss50_trlocradio,32,5e-05,1,32,1,0.1,lr5e-05_bs32_modL1_fusion32_fusionL1_drop0p1_trmiss50_trlocradio,42,0.5337269405523936,0.7836971879005432,0.5474137931034483,0.675114004157782,0.4888888888888889,0.0,0.0,0.0,0.0,0.0,0.0,0.0,0.0,0.0,2002,radio,0.5
5,3,lr5e-05_bs32_modL1_fusion32_fusionL1_drop0p1_trmiss50_trlocradio,32,5e-05,1,32,1,0.1,lr5e-05_bs32_modL1_fusion32_fusionL1_drop0p1_trmiss50_trlocradio,43,0.5294782618681589,0.7840738594532013,0.5474137931034483,0.6752498968025925,0.4888888888888889,0.0,0.0,0.0,0.0,0.0,0.0,0.0,0.0,0.0,2002,radio,0.5
5,3,lr5e-05_bs32_modL1_fusion32_fusionL1_drop0p1_trmiss50_trlocradio,32,5e-05,1,32,1,0.1,lr5e-05_bs32_modL1_fusion32_fusionL1_drop0p1_trmiss50_trlocradio,44,0.5346082746982574,0.7822528779506683,0.5474137931034483,0.6756671110629761,0.4888888888888889,0.0,0.0,0.0,0.0,0.0,0.0,0.0,0.0,0.0,2002,radio,0.5
5,3,lr5e-05_bs32_modL1_fusion32_fusionL1_drop0p1_trmiss50_trlocradio,32,5e-05,1,32,1,0.1,lr5e-05_bs32_modL1_fusion32_fusionL1_drop0p1_trmiss50_trlocradio,45,0.5299341082572937,0.7844367921352386,0.5452586206896552,0.6749826471489332,0.4888888888888889,0.0,0.0,0.0,0.0,0.0,0.0,0.0,0.0,0.0,2002,radio,0.5
5,3,lr5e-05_bs32_modL1_fusion32_fusionL1_drop0p1_trmiss50_trlocradio,32,5e-05,1,32,1,0.1,lr5e-05_bs32_modL1_fusion32_fusionL1_drop0p1_trmiss50_trlocradio,46,0.5324064592520396,0.7789384722709656,0.5495689655172413,0.6802864179508854,0.4888888888888889,0.0,0.0,0.0,0.0,0.0,0.0,0.0,0.0,0.0,2002,radio,0.5
5,3,lr5e-05_bs32_modL1_fusion32_fusionL1_drop0p1_trmiss50_trlocradio,32,5e-05,1,32,1,0.1,lr5e-05_bs32_modL1_fusion32_fusionL1_drop0p1_trmiss50_trlocradio,47,0.5507589181264242,0.7850668728351593,0.5474137931034483,0.675114004157782,0.4888888888888889,0.0,0.0,0.0,0.0,0.0,0.0,0.0,0.0,0.0,2002,radio,0.5
5,3,lr5e-05_bs32_modL1_fusion32_fusionL1_drop0p1_trmiss50_trlocradio,32,5e-05,1,32,1,0.1,lr5e-05_bs32_modL1_fusion32_fusionL1_drop0p1_trmiss50_trlocradio,48,0.5469183027744293,0.7852136492729187,0.5452586206896552,0.6744571897078641,0.4888888888888889,0.0,0.0,0.0,0.0,0.0,0.0,0.0,0.0,0.0,2002,radio,0.5
5,3,lr5e-05_bs32_modL1_fusion32_fusionL1_drop0p1_trmiss50_trlocradio,32,5e-05,1,32,1,0.1,lr5e-05_bs32_modL1_fusion32_fusionL1_drop0p1_trmiss50_trlocradio,49,0.5481819113095602,0.7844023704528809,0.5474137931034483,0.6747410580444707,0.4888888888888889,0.0,0.0,0.0,0.0,0.0,0.0,0.0,0.0,0.0,2002,radio,0.5
5,3,lr5e-05_bs32_modL1_fusion32_fusionL1_drop0p1_trmiss50_trlocradio,32,5e-05,1,32,1,0.1,lr5e-05_bs32_modL1_fusion32_fusionL1_drop0p1_trmiss50_trlocradio,50,0.5443415840466818,0.7851881980895996,0.5495689655172414,0.6758094547518126,0.4888888888888889,0.0,0.0,0.0,0.0,0.0,0.0,0.0,0.0,0.0,2002,radio,0.5
5,3,lr5e-05_bs32_modL1_fusion32_fusionL1_drop0p1_trmiss50_trlocradio,32,5e-05,1,32,1,0.1,lr5e-05_bs32_modL1_fusion32_fusionL1_drop0p1_trmiss50_trlocradio,51,0.5418664266665777,0.78529492020607,0.5474137931034483,0.6756170596944663,0.4888888888888889,0.0,0.0,0.0,0.0,0.0,0.0,0.0,0.0,0.0,2002,radio,0.5
5,3,lr5e-05_bs32_modL1_fusion32_fusionL1_drop0p1_trmiss50_trlocradio,32,5e-05,1,32,1,0.1,lr5e-05_bs32_modL1_fusion32_fusionL1_drop0p1_trmiss50_trlocradio,52,0.5308714856704077,0.7842961251735687,0.5474137931034483,0.676049174464149,0.4888888888888889,0.0,0.0,0.0,0.0,0.0,0.0,0.0,0.0,0.0,2002,radio,0.5
5,3,lr5e-05_bs32_modL1_fusion32_fusionL1_drop0p1_trmiss50_trlocradio,32,5e-05,1,32,1,0.1,lr5e-05_bs32_modL1_fusion32_fusionL1_drop0p1_trmiss50_trlocradio,53,0.5336218674977621,0.7805540859699249,0.5517241379310345,0.6832099753209038,0.4888888888888889,0.0,0.0,0.0,0.0,0.0,0.0,0.0,0.0,0.0,2002,radio,0.5
5,3,lr5e-05_bs32_modL1_fusion32_fusionL1_drop0p1_trmiss50_trlocradio,32,5e-05,1,32,1,0.1,lr5e-05_bs32_modL1_fusion32_fusionL1_drop0p1_trmiss50_trlocradio,54,0.5343657036622366,0.7819813787937164,0.5517241379310345,0.6819284540756801,0.4888888888888889,0.0,0.0,0.0,0.0,0.0,0.0,0.0,0.0,0.0,2002,radio,0.5
5,3,lr5e-05_bs32_modL1_fusion32_fusionL1_drop0p1_trmiss50_trlocradio,32,5e-05,1,32,1,0.1,lr5e-05_bs32_modL1_fusion32_fusionL1_drop0p1_trmiss50_trlocradio,55,0.5301601638396581,0.7833710014820099,0.5474137931034483,0.6758011331207731,0.4888888888888889,0.0,0.0,0.0,0.0,0.0,0.0,0.0,0.0,0.0,2002,radio,0.5
5,3,lr5e-05_bs32_modL1_fusion64_fusionL1_drop0p2_trmiss50_trlocradio,32,5e-05,1,64,1,0.2,lr5e-05_bs32_modL1_fusion64_fusionL1_drop0p2_trmiss50_trlocradio,1,0.797617107629776,0.7268880605697632,0.40301724137931033,0.5973800243990417,0.35555555555555557,0.0,0.0,0.0,0.0,0.0,0.0,0.0,0.0,0.0,2002,radio,0.5
5,3,lr5e-05_bs32_modL1_fusion64_fusionL1_drop0p2_trmiss50_trlocradio,32,5e-05,1,64,1,0.2,lr5e-05_bs32_modL1_fusion64_fusionL1_drop0p2_trmiss50_trlocradio,2,0.748131642738978,0.7336499691009521,0.41379310344827586,0.6002475486083042,0.3333333333333333,0.0,0.0,0.0,0.0,0.0,0.0,0.0,0.0,0.0,2002,radio,0.5
5,3,lr5e-05_bs32_modL1_fusion64_fusionL1_drop0p2_trmiss50_trlocradio,32,5e-05,1,64,1,0.2,lr5e-05_bs32_modL1_fusion64_fusionL1_drop0p2_trmiss50_trlocradio,3,0.730659951766332,0.7448157966136932,0.42241379310344823,0.6145855906199235,0.3333333333333333,0.0,0.0,0.0,0.0,0.0,0.0,0.0,0.0,0.0,2002,radio,0.5
5,3,lr5e-05_bs32_modL1_fusion64_fusionL1_drop0p2_trmiss50_trlocradio,32,5e-05,1,64,1,0.2,lr5e-05_bs32_modL1_fusion64_fusionL1_drop0p2_trmiss50_trlocradio,4,0.7162109911441803,0.7569412887096405,0.44181034482758613,0.6327834917307104,0.4222222222222222,0.0,0.0,0.0,0.0,0.0,0.0,0.0,0.0,0.0,2002,radio,0.5
5,3,lr5e-05_bs32_modL1_fusion64_fusionL1_drop0p2_trmiss50_trlocradio,32,5e-05,1,64,1,0.2,lr5e-05_bs32_modL1_fusion64_fusionL1_drop0p2_trmiss50_trlocradio,5,0.7134309013684591,0.7664933502674103,0.44612068965517243,0.647524876384167,0.4222222222222222,0.0,0.0,0.0,0.0,0.0,0.0,0.0,0.0,0.0,2002,radio,0.5
5,3,lr5e-05_bs32_modL1_fusion64_fusionL1_drop0p2_trmiss50_trlocradio,32,5e-05,1,64,1,0.2,lr5e-05_bs32_modL1_fusion64_fusionL1_drop0p2_trmiss50_trlocradio,6,0.6849640011787415,0.7700700759887695,0.46336206896551724,0.6532787202002412,0.4222222222222222,0.0,0.0,0.0,0.0,0.0,0.0,0.0,0.0,0.0,2002,radio,0.5
5,3,lr5e-05_bs32_modL1_fusion64_fusionL1_drop0p2_trmiss50_trlocradio,32,5e-05,1,64,1,0.2,lr5e-05_bs32_modL1_fusion64_fusionL1_drop0p2_trmiss50_trlocradio,7,0.6638996501763662,0.7759202420711517,0.4655172413793104,0.6546054569073025,0.4222222222222222,0.0,0.0,0.0,0.0,0.0,0.0,0.0,0.0,0.0,2002,radio,0.5
5,3,lr5e-05_bs32_modL1_fusion64_fusionL1_drop0p2_trmiss50_trlocradio,32,5e-05,1,64,1,0.2,lr5e-05_bs32_modL1_fusion64_fusionL1_drop0p2_trmiss50_trlocradio,8,0.6596117417017618,0.774929404258728,0.46120689655172414,0.6554197076201334,0.4222222222222222,0.0,0.0,0.0,0.0,0.0,0.0,0.0,0.0,0.0,2002,radio,0.5
5,3,lr5e-05_bs32_modL1_fusion64_fusionL1_drop0p2_trmiss50_trlocradio,32,5e-05,1,64,1,0.2,lr5e-05_bs32_modL1_fusion64_fusionL1_drop0p2_trmiss50_trlocradio,9,0.6513782143592834,0.7731412649154663,0.47413793103448276,0.6629668248330276,0.4222222222222222,0.0,0.0,0.0,0.0,0.0,0.0,0.0,0.0,0.0,2002,radio,0.5
5,3,lr5e-05_bs32_modL1_fusion64_fusionL1_drop0p2_trmiss50_trlocradio,32,5e-05,1,64,1,0.2,lr5e-05_bs32_modL1_fusion64_fusionL1_drop0p2_trmiss50_trlocradio,10,0.6347253223260244,0.7733703851699829,0.4698275862068966,0.6616893433200539,0.4,0.0,0.0,0.0,0.0,0.0,0.0,0.0,0.0,0.0,2002,radio,0.5
5,3,lr5e-05_bs32_modL1_fusion64_fusionL1_drop0p2_trmiss50_trlocradio,32,5e-05,1,64,1,0.2,lr5e-05_bs32_modL1_fusion64_fusionL1_drop0p2_trmiss50_trlocradio,11,0.6420149008433024,0.7703000605106354,0.47844827586206895,0.6655262153491457,0.4,0.0,0.0,0.0,0.0,0.0,0.0,0.0,0.0,0.0,2002,radio,0.5
5,3,lr5e-05_bs32_modL1_fusion64_fusionL1_drop0p2_trmiss50_trlocradio,32,5e-05,1,64,1,0.2,lr5e-05_bs32_modL1_fusion64_fusionL1_drop0p2_trmiss50_trlocradio,12,0.6417752603689829,0.7743590772151947,0.4827586206896552,0.668450366549159,0.4222222222222222,0.0,0.0,0.0,0.0,0.0,0.0,0.0,0.0,0.0,2002,radio,0.5
5,3,lr5e-05_bs32_modL1_fusion64_fusionL1_drop0p2_trmiss50_trlocradio,32,5e-05,1,64,1,0.2,lr5e-05_bs32_modL1_fusion64_fusionL1_drop0p2_trmiss50_trlocradio,13,0.631442149480184,0.7717717289924622,0.4849137931034483,0.6694617842996047,0.4222222222222222,0.0,0.0,0.0,0.0,0.0,0.0,0.0,0.0,0.0,2002,radio,0.5
5,3,lr5e-05_bs32_modL1_fusion64_fusionL1_drop0p2_trmiss50_trlocradio,32,5e-05,1,64,1,0.2,lr5e-05_bs32_modL1_fusion64_fusionL1_drop0p2_trmiss50_trlocradio,14,0.6114967465400696,0.7727071344852448,0.4870689655172414,0.6812213253450835,0.4,0.0,0.0,0.0,0.0,0.0,0.0,0.0,0.0,0.0,2002,radio,0.5
5,3,lr5e-05_bs32_modL1_fusion64_fusionL1_drop0p2_trmiss50_trlocradio,32,5e-05,1,64,1,0.2,lr5e-05_bs32_modL1_fusion64_fusionL1_drop0p2_trmiss50_trlocradio,15,0.6266006827354431,0.7717668414115906,0.4870689655172414,0.6817991983367496,0.4,0.0,0.0,0.0,0.0,0.0,0.0,0.0,0.0,0.0,2002,radio,0.5
5,3,lr5e-05_bs32_modL1_fusion64_fusionL1_drop0p2_trmiss50_trlocradio,32,5e-05,1,64,1,0.2,lr5e-05_bs32_modL1_fusion64_fusionL1_drop0p2_trmiss50_trlocradio,16,0.6236961682637533,0.7708419263362885,0.4935344827586208,0.6842047748802572,0.4,0.0,0.0,0.0,0.0,0.0,0.0,0.0,0.0,0.0,2002,radio,0.5
5,3,lr5e-05_bs32_modL1_fusion64_fusionL1_drop0p2_trmiss50_trlocradio,32,5e-05,1,64,1,0.2,lr5e-05_bs32_modL1_fusion64_fusionL1_drop0p2_trmiss50_trlocradio,17,0.6149344543615977,0.7691243290901184,0.5021551724137931,0.6877722219259649,0.4,0.0,0.0,0.0,0.0,0.0,0.0,0.0,0.0,0.0,2002,radio,0.5
5,3,lr5e-05_bs32_modL1_fusion64_fusionL1_drop0p2_trmiss50_trlocradio,32,5e-05,1,64,1,0.2,lr5e-05_bs32_modL1_fusion64_fusionL1_drop0p2_trmiss50_trlocradio,18,0.623716135819753,0.768675297498703,0.5086206896551724,0.6902917737139861,0.4,0.0,0.0,0.0,0.0,0.0,0.0,0.0,0.0,0.0,2002,radio,0.5
5,3,lr5e-05_bs32_modL1_fusion64_fusionL1_drop0p2_trmiss50_trlocradio,32,5e-05,1,64,1,0.2,lr5e-05_bs32_modL1_fusion64_fusionL1_drop0p2_trmiss50_trlocradio,19,0.6236831247806549,0.7684324383735657,0.5043103448275862,0.6885234271180533,0.4222222222222222,0.0,0.0,0.0,0.0,0.0,0.0,0.0,0.0,0.0,2002,radio,0.5
5,3,lr5e-05_bs32_modL1_fusion64_fusionL1_drop0p2_trmiss50_trlocradio,32,5e-05,1,64,1,0.2,lr5e-05_bs32_modL1_fusion64_fusionL1_drop0p2_trmiss50_trlocradio,20,0.6078206797440847,0.7705313861370087,0.5129310344827587,0.6908460629612675,0.4,0.0,0.0,0.0,0.0,0.0,0.0,0.0,0.0,0.0,2002,radio,0.5
5,3,lr5e-05_bs32_modL1_fusion64_fusionL1_drop0p2_trmiss50_trlocradio,32,5e-05,1,64,1,0.2,lr5e-05_bs32_modL1_fusion64_fusionL1_drop0p2_trmiss50_trlocradio,21,0.5965138375759125,0.7675997316837311,0.5107758620689655,0.6908045142567115,0.4222222222222222,0.0,0.0,0.0,0.0,0.0,0.0,0.0,0.0,0.0,2002,radio,0.5
5,3,lr5e-05_bs32_modL1_fusion64_fusionL1_drop0p2_trmiss50_trlocradio,32,5e-05,1,64,1,0.2,lr5e-05_bs32_modL1_fusion64_fusionL1_drop0p2_trmiss50_trlocradio,22,0.6212752262751261,0.7683585584163666,0.5107758620689655,0.6907162891385014,0.4222222222222222,0.0,0.0,0.0,0.0,0.0,0.0,0.0,0.0,0.0,2002,radio,0.5
5,3,lr5e-05_bs32_modL1_fusion64_fusionL1_drop0p2_trmiss50_trlocradio,32,5e-05,1,64,1,0.2,lr5e-05_bs32_modL1_fusion64_fusionL1_drop0p2_trmiss50_trlocradio,23,0.6102082331975301,0.7667024433612823,0.5172413793103449,0.6932433222219853,0.4222222222222222,0.0,0.0,0.0,0.0,0.0,0.0,0.0,0.0,0.0,2002,radio,0.5
5,3,lr5e-05_bs32_modL1_fusion64_fusionL1_drop0p2_trmiss50_trlocradio,32,5e-05,1,64,1,0.2,lr5e-05_bs32_modL1_fusion64_fusionL1_drop0p2_trmiss50_trlocradio,24,0.6113520165284475,0.7656773626804352,0.5129310344827587,0.6906211918725796,0.4222222222222222,0.0,0.0,0.0,0.0,0.0,0.0,0.0,0.0,0.0,2002,radio,0.5
5,3,lr5e-05_bs32_modL1_fusion64_fusionL1_drop0p2_trmiss50_trlocradio,32,5e-05,1,64,1,0.2,lr5e-05_bs32_modL1_fusion64_fusionL1_drop0p2_trmiss50_trlocradio,25,0.5990908741950989,0.7607213854789734,0.5150862068965517,0.6945799584112405,0.4444444444444444,0.0,0.0,0.0,0.0,0.0,0.0,0.0,0.0,0.0,2002,radio,0.5
5,3,lr5e-05_bs32_modL1_fusion64_fusionL1_drop0p2_trmiss50_trlocradio,32,5e-05,1,64,1,0.2,lr5e-05_bs32_modL1_fusion64_fusionL1_drop0p2_trmiss50_trlocradio,26,0.5935645600159963,0.7656345367431641,0.5129310344827587,0.6906211918725796,0.4444444444444444,0.0,0.0,0.0,0.0,0.0,0.0,0.0,0.0,0.0,2002,radio,0.5
5,3,lr5e-05_bs32_modL1_fusion64_fusionL1_drop0p2_trmiss50_trlocradio,32,5e-05,1,64,1,0.2,lr5e-05_bs32_modL1_fusion64_fusionL1_drop0p2_trmiss50_trlocradio,27,0.6006997525691986,0.7659772038459778,0.5172413793103449,0.6950709029466101,0.4444444444444444,0.0,0.0,0.0,0.0,0.0,0.0,0.0,0.0,0.0,2002,radio,0.5
5,3,lr5e-05_bs32_modL1_fusion64_fusionL1_drop0p2_trmiss50_trlocradio,32,5e-05,1,64,1,0.2,lr5e-05_bs32_modL1_fusion64_fusionL1_drop0p2_trmiss50_trlocradio,28,0.5930997927983602,0.7592692673206329,0.5280172413793104,0.6964347428362733,0.4444444444444444,0.0,0.0,0.0,0.0,0.0,0.0,0.0,0.0,0.0,2002,radio,0.5
5,3,lr5e-05_bs32_modL1_fusion64_fusionL1_drop0p2_trmiss50_trlocradio,32,5e-05,1,64,1,0.2,lr5e-05_bs32_modL1_fusion64_fusionL1_drop0p2_trmiss50_trlocradio,29,0.5939691563447317,0.7620819509029388,0.5258620689655172,0.696156926278965,0.4444444444444444,0.0,0.0,0.0,0.0,0.0,0.0,0.0,0.0,0.0,2002,radio,0.5
5,3,lr5e-05_bs32_modL1_fusion64_fusionL1_drop0p2_trmiss50_trlocradio,32,5e-05,1,64,1,0.2,lr5e-05_bs32_modL1_fusion64_fusionL1_drop0p2_trmiss50_trlocradio,30,0.6046912372112274,0.7643761038780212,0.5172413793103449,0.6921013565340327,0.4444444444444444,0.0,0.0,0.0,0.0,0.0,0.0,0.0,0.0,0.0,2002,radio,0.5
5,3,lr5e-05_bs32_modL1_fusion64_fusionL1_drop0p2_trmiss50_trlocradio,32,5e-05,1,64,1,0.2,lr5e-05_bs32_modL1_fusion64_fusionL1_drop0p2_trmiss50_trlocradio,31,0.5936352213223776,0.7634977102279663,0.5172413793103449,0.6920169225786551,0.4444444444444444,0.0,0.0,0.0,0.0,0.0,0.0,0.0,0.0,0.0,2002,radio,0.5
5,3,lr5e-05_bs32_modL1_fusion64_fusionL1_drop0p2_trmiss50_trlocradio,32,5e-05,1,64,1,0.2,lr5e-05_bs32_modL1_fusion64_fusionL1_drop0p2_trmiss50_trlocradio,32,0.5857330958048502,0.7641914784908295,0.5150862068965517,0.6918028002645146,0.4444444444444444,0.0,0.0,0.0,0.0,0.0,0.0,0.0,0.0,0.0,2002,radio,0.5
5,3,lr5e-05_bs32_modL1_fusion64_fusionL1_drop0p2_trmiss50_trlocradio,32,5e-05,1,64,1,0.2,lr5e-05_bs32_modL1_fusion64_fusionL1_drop0p2_trmiss50_trlocradio,33,0.6081093152364095,0.7644382119178772,0.5301724137931034,0.6976039300498068,0.4444444444444444,0.0,0.0,0.0,0.0,0.0,0.0,0.0,0.0,0.0,2002,radio,0.5
5,3,lr5e-05_bs32_modL1_fusion64_fusionL1_drop0p2_trmiss50_trlocradio,32,5e-05,1,64,1,0.2,lr5e-05_bs32_modL1_fusion64_fusionL1_drop0p2_trmiss50_trlocradio,34,0.5934012333552042,0.7651742994785309,0.5387931034482759,0.7012195008069383,0.4444444444444444,0.0,0.0,0.0,0.0,0.0,0.0,0.0,0.0,0.0,2002,radio,0.5
5,3,lr5e-05_bs32_modL1_fusion64_fusionL1_drop0p2_trmiss50_trlocradio,32,5e-05,1,64,1,0.2,lr5e-05_bs32_modL1_fusion64_fusionL1_drop0p2_trmiss50_trlocradio,35,0.6003873546918234,0.7630049288272858,0.5301724137931034,0.6980775943165746,0.4444444444444444,0.0,0.0,0.0,0.0,0.0,0.0,0.0,0.0,0.0,2002,radio,0.5
5,3,lr5e-05_bs32_modL1_fusion64_fusionL1_drop0p2_trmiss50_trlocradio,32,5e-05,1,64,1,0.2,lr5e-05_bs32_modL1_fusion64_fusionL1_drop0p2_trmiss50_trlocradio,36,0.6011641720930735,0.7605758905410767,0.5366379310344828,0.7004200220038298,0.4444444444444444,0.0,0.0,0.0,0.0,0.0,0.0,0.0,0.0,0.0,2002,radio,0.5
5,3,lr5e-05_bs32_modL1_fusion64_fusionL1_drop0p2_trmiss50_trlocradio,32,5e-05,1,64,1,0.2,lr5e-05_bs32_modL1_fusion64_fusionL1_drop0p2_trmiss50_trlocradio,37,0.5968233744303385,0.763678103685379,0.5258620689655172,0.6960439957312518,0.4444444444444444,0.0,0.0,0.0,0.0,0.0,0.0,0.0,0.0,0.0,2002,radio,0.5
5,3,lr5e-05_bs32_modL1_fusion64_fusionL1_drop0p2_trmiss50_trlocradio,32,5e-05,1,64,1,0.2,lr5e-05_bs32_modL1_fusion64_fusionL1_drop0p2_trmiss50_trlocradio,38,0.5996612111727396,0.7627934813499451,0.5237068965517242,0.6941056442276828,0.4444444444444444,0.0,0.0,0.0,0.0,0.0,0.0,0.0,0.0,0.0,2002,radio,0.5
5,3,lr5e-05_bs32_modL1_fusion64_fusionL1_drop0p2_trmiss50_trlocradio,32,5e-05,1,64,1,0.2,lr5e-05_bs32_modL1_fusion64_fusionL1_drop0p2_trmiss50_trlocradio,39,0.5654309888680776,0.7606631517410278,0.521551724137931,0.6934014575838799,0.4444444444444444,0.0,0.0,0.0,0.0,0.0,0.0,0.0,0.0,0.0,2002,radio,0.5
5,3,lr5e-05_bs32_modL1_fusion64_fusionL1_drop0p2_trmiss50_trlocradio,32,5e-05,1,64,1,0.2,lr5e-05_bs32_modL1_fusion64_fusionL1_drop0p2_trmiss50_trlocradio,40,0.5915238956610361,0.7626007199287415,0.5193965517241379,0.692805843000477,0.4444444444444444,0.0,0.0,0.0,0.0,0.0,0.0,0.0,0.0,0.0,2002,radio,0.5
5,3,lr5e-05_bs32_modL1_fusion64_fusionL1_drop0p2_trmiss50_trlocradio,32,5e-05,1,64,1,0.2,lr5e-05_bs32_modL1_fusion64_fusionL1_drop0p2_trmiss50_trlocradio,41,0.5991897881031036,0.7653337717056274,0.5237068965517242,0.6947647966211293,0.4444444444444444,0.0,0.0,0.0,0.0,0.0,0.0,0.0,0.0,0.0,2002,radio,0.5
5,3,lr5e-05_bs32_modL1_fusion64_fusionL1_drop0p2_trmiss50_trlocradio,32,5e-05,1,64,1,0.2,lr5e-05_bs32_modL1_fusion64_fusionL1_drop0p2_trmiss50_trlocradio,42,0.5757499237855276,0.7640712857246399,0.5237068965517241,0.6949207900529849,0.4444444444444444,0.0,0.0,0.0,0.0,0.0,0.0,0.0,0.0,0.0,2002,radio,0.5
5,3,lr5e-05_bs32_modL1_fusion64_fusionL1_drop0p2_trmiss50_trlocradio,32,5e-05,1,64,1,0.2,lr5e-05_bs32_modL1_fusion64_fusionL1_drop0p2_trmiss50_trlocradio,43,0.5950959324836731,0.7627609372138977,0.5280172413793103,0.6968265555791474,0.4444444444444444,0.0,0.0,0.0,0.0,0.0,0.0,0.0,0.0,0.0,2002,radio,0.5
5,3,lr5e-05_bs32_modL1_fusion64_fusionL1_drop0p2_trmiss50_trlocradio,32,5e-05,1,64,1,0.2,lr5e-05_bs32_modL1_fusion64_fusionL1_drop0p2_trmiss50_trlocradio,44,0.5902556876341502,0.7643625438213348,0.5193965517241379,0.6926483858438878,0.4444444444444444,0.0,0.0,0.0,0.0,0.0,0.0,0.0,0.0,0.0,2002,radio,0.5
5,3,lr5e-05_bs32_modL1_fusion64_fusionL1_drop0p2_trmiss50_trlocradio,32,5e-05,1,64,1,0.2,lr5e-05_bs32_modL1_fusion64_fusionL1_drop0p2_trmiss50_trlocradio,45,0.6065158645311991,0.76717409491539,0.5129310344827586,0.690565713641058,0.4444444444444444,0.0,0.0,0.0,0.0,0.0,0.0,0.0,0.0,0.0,2002,radio,0.5
5,3,lr5e-05_bs32_modL1_fusion64_fusionL1_drop0p2_trmiss50_trlocradio,32,5e-05,1,64,1,0.2,lr5e-05_bs32_modL1_fusion64_fusionL1_drop0p2_trmiss50_trlocradio,46,0.578914095958074,0.7648090124130249,0.5172413793103449,0.691442209934977,0.4444444444444444,0.0,0.0,0.0,0.0,0.0,0.0,0.0,0.0,0.0,2002,radio,0.5
5,3,lr5e-05_bs32_modL1_fusion64_fusionL1_drop0p2_trmiss50_trlocradio,32,5e-05,1,64,1,0.2,lr5e-05_bs32_modL1_fusion64_fusionL1_drop0p2_trmiss50_trlocradio,47,0.6026839117209116,0.7653859257698059,0.5387931034482759,0.7086907651747544,0.4444444444444444,0.0,0.0,0.0,0.0,0.0,0.0,0.0,0.0,0.0,2002,radio,0.5
5,3,lr5e-05_bs32_modL1_fusion64_fusionL1_drop0p2_trmiss50_trlocradio,32,5e-05,1,64,1,0.2,lr5e-05_bs32_modL1_fusion64_fusionL1_drop0p2_trmiss50_trlocradio,48,0.5850699643294016,0.7664096653461456,0.5258620689655173,0.695500671134999,0.4444444444444444,0.0,0.0,0.0,0.0,0.0,0.0,0.0,0.0,0.0,2002,radio,0.5
5,3,lr5e-05_bs32_modL1_fusion64_fusionL1_drop0p2_trmiss50_trlocradio,32,5e-05,1,64,1,0.2,lr5e-05_bs32_modL1_fusion64_fusionL1_drop0p2_trmiss50_trlocradio,49,0.5942312677701315,0.76248899102211,0.5301724137931034,0.6970713476108091,0.4444444444444444,0.0,0.0,0.0,0.0,0.0,0.0,0.0,0.0,0.0,2002,radio,0.5
5,3,lr5e-05_bs32_modL1_fusion64_fusionL1_drop0p2_trmiss50_trlocradio,32,5e-05,1,64,1,0.2,lr5e-05_bs32_modL1_fusion64_fusionL1_drop0p2_trmiss50_trlocradio,50,0.5889208316802979,0.7602349519729614,0.5237068965517242,0.7020494354899466,0.4222222222222222,0.0,0.0,0.0,0.0,0.0,0.0,0.0,0.0,0.0,2002,radio,0.5
5,3,lr5e-05_bs32_modL1_fusion64_fusionL1_drop0p2_trmiss50_trlocradio,32,5e-05,1,64,1,0.2,lr5e-05_bs32_modL1_fusion64_fusionL1_drop0p2_trmiss50_trlocradio,51,0.5705791016419729,0.7620216012001038,0.5280172413793104,0.6961871743128428,0.4222222222222222,0.0,0.0,0.0,0.0,0.0,0.0,0.0,0.0,0.0,2002,radio,0.5
5,3,lr5e-05_bs32_modL1_fusion64_fusionL1_drop0p2_trmiss50_trlocradio,32,5e-05,1,64,1,0.2,lr5e-05_bs32_modL1_fusion64_fusionL1_drop0p2_trmiss50_trlocradio,52,0.5934025247891744,0.7595665156841278,0.5301724137931034,0.6969138904542199,0.4444444444444444,0.0,0.0,0.0,0.0,0.0,0.0,0.0,0.0,0.0,2002,radio,0.5
5,3,lr5e-05_bs32_modL1_fusion64_fusionL1_drop0p2_trmiss50_trlocradio,32,5e-05,1,64,1,0.2,lr5e-05_bs32_modL1_fusion64_fusionL1_drop0p2_trmiss50_trlocradio,53,0.5937759429216385,0.7613275051116943,0.5258620689655172,0.6961548488979908,0.4444444444444444,0.0,0.0,0.0,0.0,0.0,0.0,0.0,0.0,0.0,2002,radio,0.5
5,3,lr5e-05_bs32_modL1_fusion64_fusionL1_drop0p2_trmiss50_trlocradio,32,5e-05,1,64,1,0.2,lr5e-05_bs32_modL1_fusion64_fusionL1_drop0p2_trmiss50_trlocradio,54,0.5919911960760752,0.7593483626842499,0.5344827586206897,0.6990384467815888,0.4444444444444444,0.0,0.0,0.0,0.0,0.0,0.0,0.0,0.0,0.0,2002,radio,0.5
5,3,lr5e-05_bs32_modL1_fusion64_fusionL1_drop0p1_trmiss50_trlocradio,32,5e-05,1,64,1,0.1,lr5e-05_bs32_modL1_fusion64_fusionL1_drop0p1_trmiss50_trlocradio,1,0.6616894602775574,0.7088385820388794,0.4913793103448276,0.6608754534532544,0.6,0.0,0.0,0.0,0.0,0.0,0.0,0.0,0.0,0.0,2002,radio,0.5
5,3,lr5e-05_bs32_modL1_fusion64_fusionL1_drop0p1_trmiss50_trlocradio,32,5e-05,1,64,1,0.1,lr5e-05_bs32_modL1_fusion64_fusionL1_drop0p1_trmiss50_trlocradio,2,0.62465833624204,0.7187223136425018,0.5064655172413793,0.6641870229550293,0.6444444444444445,0.0,0.0,0.0,0.0,0.0,0.0,0.0,0.0,0.0,2002,radio,0.5
5,3,lr5e-05_bs32_modL1_fusion64_fusionL1_drop0p1_trmiss50_trlocradio,32,5e-05,1,64,1,0.1,lr5e-05_bs32_modL1_fusion64_fusionL1_drop0p1_trmiss50_trlocradio,3,0.6247955560684204,0.7337092757225037,0.5193965517241379,0.6681767830682481,0.6444444444444445,0.0,0.0,0.0,0.0,0.0,0.0,0.0,0.0,0.0,2002,radio,0.5
5,3,lr5e-05_bs32_modL1_fusion64_fusionL1_drop0p1_trmiss50_trlocradio,32,5e-05,1,64,1,0.1,lr5e-05_bs32_modL1_fusion64_fusionL1_drop0p1_trmiss50_trlocradio,4,0.5723052521546682,0.7442358136177063,0.5366379310344828,0.6711673808056535,0.6444444444444445,0.0,0.0,0.0,0.0,0.0,0.0,0.0,0.0,0.0,2002,radio,0.5
5,3,lr5e-05_bs32_modL1_fusion64_fusionL1_drop0p1_trmiss50_trlocradio,32,5e-05,1,64,1,0.1,lr5e-05_bs32_modL1_fusion64_fusionL1_drop0p1_trmiss50_trlocradio,5,0.5780385931332906,0.749369204044342,0.5452586206896551,0.6810205396445863,0.6666666666666666,0.0,0.0,0.0,0.0,0.0,0.0,0.0,0.0,0.0,2002,radio,0.5
5,3,lr5e-05_bs32_modL1_fusion64_fusionL1_drop0p1_trmiss50_trlocradio,32,5e-05,1,64,1,0.1,lr5e-05_bs32_modL1_fusion64_fusionL1_drop0p1_trmiss50_trlocradio,6,0.5593851506710052,0.7539018094539642,0.5603448275862069,0.6917405634837412,0.6666666666666666,0.0,0.0,0.0,0.0,0.0,0.0,0.0,0.0,0.0,2002,radio,0.5
5,3,lr5e-05_bs32_modL1_fusion64_fusionL1_drop0p1_trmiss50_trlocradio,32,5e-05,1,64,1,0.1,lr5e-05_bs32_modL1_fusion64_fusionL1_drop0p1_trmiss50_trlocradio,7,0.5193811555703481,0.7497283220291138,0.5818965517241379,0.7030248653847722,0.6444444444444445,0.0,0.0,0.0,0.0,0.0,0.0,0.0,0.0,0.0,2002,radio,0.5
5,3,lr5e-05_bs32_modL1_fusion64_fusionL1_drop0p1_trmiss50_trlocradio,32,5e-05,1,64,1,0.1,lr5e-05_bs32_modL1_fusion64_fusionL1_drop0p1_trmiss50_trlocradio,8,0.5352395276228586,0.7496518492698669,0.5905172413793103,0.7100255733543592,0.6444444444444445,0.0,0.0,0.0,0.0,0.0,0.0,0.0,0.0,0.0,2002,radio,0.5
5,3,lr5e-05_bs32_modL1_fusion64_fusionL1_drop0p1_trmiss50_trlocradio,32,5e-05,1,64,1,0.1,lr5e-05_bs32_modL1_fusion64_fusionL1_drop0p1_trmiss50_trlocradio,9,0.5383112082878748,0.7604081034660339,0.584051724137931,0.7055148134640756,0.6666666666666666,0.0,0.0,0.0,0.0,0.0,0.0,0.0,0.0,0.0,2002,radio,0.5
5,3,lr5e-05_bs32_modL1_fusion64_fusionL1_drop0p1_trmiss50_trlocradio,32,5e-05,1,64,1,0.1,lr5e-05_bs32_modL1_fusion64_fusionL1_drop0p1_trmiss50_trlocradio,10,0.5178159127632777,0.7572802305221558,0.5797413793103449,0.7044945607180986,0.6888888888888889,0.0,0.0,0.0,0.0,0.0,0.0,0.0,0.0,0.0,2002,radio,0.5
5,3,lr5e-05_bs32_modL1_fusion64_fusionL1_drop0p1_trmiss50_trlocradio,32,5e-05,1,64,1,0.1,lr5e-05_bs32_modL1_fusion64_fusionL1_drop0p1_trmiss50_trlocradio,11,0.511812373995781,0.753915935754776,0.5775862068965517,0.707394294915155,0.6888888888888889,0.0,0.0,0.0,0.0,0.0,0.0,0.0,0.0,0.0,2002,radio,0.5
5,3,lr5e-05_bs32_modL1_fusion64_fusionL1_drop0p1_trmiss50_trlocradio,32,5e-05,1,64,1,0.1,lr5e-05_bs32_modL1_fusion64_fusionL1_drop0p1_trmiss50_trlocradio,12,0.5079740335543951,0.7511804103851318,0.5862068965517242,0.7114037390862229,0.6888888888888889,0.0,0.0,0.0,0.0,0.0,0.0,0.0,0.0,0.0,2002,radio,0.5
5,3,lr5e-05_bs32_modL1_fusion64_fusionL1_drop0p1_trmiss50_trlocradio,32,5e-05,1,64,1,0.1,lr5e-05_bs32_modL1_fusion64_fusionL1_drop0p1_trmiss50_trlocradio,13,0.5081425309181213,0.7554604411125183,0.5818965517241379,0.7073103627240469,0.6888888888888889,0.0,0.0,0.0,0.0,0.0,0.0,0.0,0.0,0.0,2002,radio,0.5
5,3,lr5e-05_bs32_modL1_fusion64_fusionL1_drop0p1_trmiss50_trlocradio,32,5e-05,1,64,1,0.1,lr5e-05_bs32_modL1_fusion64_fusionL1_drop0p1_trmiss50_trlocradio,14,0.5082038541634878,0.758547842502594,0.5775862068965518,0.7046063575837598,0.6888888888888889,0.0,0.0,0.0,0.0,0.0,0.0,0.0,0.0,0.0,2002,radio,0.5
5,3,lr5e-05_bs32_modL1_fusion64_fusionL1_drop0p1_trmiss50_trlocradio,32,5e-05,1,64,1,0.1,lr5e-05_bs32_modL1_fusion64_fusionL1_drop0p1_trmiss50_trlocradio,15,0.49798909823099774,0.7542552053928375,0.5883620689655172,0.7102931389066203,0.6888888888888889,0.0,0.0,0.0,0.0,0.0,0.0,0.0,0.0,0.0,2002,radio,0.5
5,3,lr5e-05_bs32_modL1_fusion64_fusionL1_drop0p1_trmiss50_trlocradio,32,5e-05,1,64,1,0.1,lr5e-05_bs32_modL1_fusion64_fusionL1_drop0p1_trmiss50_trlocradio,16,0.5120396961768469,0.748278021812439,0.5905172413793104,0.7111961776517055,0.6888888888888889,0.0,0.0,0.0,0.0,0.0,0.0,0.0,0.0,0.0,2002,radio,0.5
5,3,lr5e-05_bs32_modL1_fusion64_fusionL1_drop0p1_trmiss50_trlocradio,32,5e-05,1,64,1,0.1,lr5e-05_bs32_modL1_fusion64_fusionL1_drop0p1_trmiss50_trlocradio,17,0.488635316491127,0.7521695196628571,0.5883620689655172,0.7090891526164269,0.6666666666666666,0.0,0.0,0.0,0.0,0.0,0.0,0.0,0.0,0.0,2002,radio,0.5
5,3,lr5e-05_bs32_modL1_fusion64_fusionL1_drop0p1_trmiss50_trlocradio,32,5e-05,1,64,1,0.1,lr5e-05_bs32_modL1_fusion64_fusionL1_drop0p1_trmiss50_trlocradio,18,0.49862902363141376,0.7553370594978333,0.5818965517241379,0.7049632821946723,0.6666666666666666,0.0,0.0,0.0,0.0,0.0,0.0,0.0,0.0,0.0,2002,radio,0.5
5,3,lr5e-05_bs32_modL1_fusion64_fusionL1_drop0p1_trmiss50_trlocradio,32,5e-05,1,64,1,0.1,lr5e-05_bs32_modL1_fusion64_fusionL1_drop0p1_trmiss50_trlocradio,19,0.49854787190755206,0.7555296123027802,0.5905172413793103,0.7092836042627841,0.6666666666666666,0.0,0.0,0.0,0.0,0.0,0.0,0.0,0.0,0.0,2002,radio,0.5
5,3,lr5e-05_bs32_modL1_fusion64_fusionL1_drop0p1_trmiss50_trlocradio,32,5e-05,1,64,1,0.1,lr5e-05_bs32_modL1_fusion64_fusionL1_drop0p1_trmiss50_trlocradio,20,0.49361058076222736,0.7510328590869904,0.5948275862068966,0.7114270056702732,0.6888888888888889,0.0,0.0,0.0,0.0,0.0,0.0,0.0,0.0,0.0,2002,radio,0.5
5,3,lr5e-05_bs32_modL1_fusion64_fusionL1_drop0p1_trmiss50_trlocradio,32,5e-05,1,64,1,0.1,lr5e-05_bs32_modL1_fusion64_fusionL1_drop0p1_trmiss50_trlocradio,21,0.4880836606025696,0.7474775612354279,0.5969827586206897,0.713750120678234,0.6888888888888889,0.0,0.0,0.0,0.0,0.0,0.0,0.0,0.0,0.0,2002,radio,0.5
5,3,lr5e-05_bs32_modL1_fusion64_fusionL1_drop0p1_trmiss50_trlocradio,32,5e-05,1,64,1,0.1,lr5e-05_bs32_modL1_fusion64_fusionL1_drop0p1_trmiss50_trlocradio,22,0.48772168159484863,0.7451850175857544,0.5948275862068966,0.7122288225037918,0.7111111111111111,0.0,0.0,0.0,0.0,0.0,0.0,0.0,0.0,0.0,2002,radio,0.5
5,3,lr5e-05_bs32_modL1_fusion64_fusionL1_drop0p1_trmiss50_trlocradio,32,5e-05,1,64,1,0.1,lr5e-05_bs32_modL1_fusion64_fusionL1_drop0p1_trmiss50_trlocradio,23,0.4844238410393397,0.7480665147304535,0.5926724137931034,0.710968484930643,0.7111111111111111,0.0,0.0,0.0,0.0,0.0,0.0,0.0,0.0,0.0,2002,radio,0.5
5,3,lr5e-05_bs32_modL1_fusion64_fusionL1_drop0p1_trmiss50_trlocradio,32,5e-05,1,64,1,0.1,lr5e-05_bs32_modL1_fusion64_fusionL1_drop0p1_trmiss50_trlocradio,24,0.48367730776468915,0.7481403350830078,0.6012931034482758,0.71572297170559,0.6888888888888889,0.0,0.0,0.0,0.0,0.0,0.0,0.0,0.0,0.0,2002,radio,0.5
5,3,lr5e-05_bs32_modL1_fusion64_fusionL1_drop0p1_trmiss50_trlocradio,32,5e-05,1,64,1,0.1,lr5e-05_bs32_modL1_fusion64_fusionL1_drop0p1_trmiss50_trlocradio,25,0.49127619465192157,0.7497831881046295,0.5862068965517242,0.7085745289758663,0.6888888888888889,0.0,0.0,0.0,0.0,0.0,0.0,0.0,0.0,0.0,2002,radio,0.5
5,3,lr5e-05_bs32_modL1_fusion64_fusionL1_drop0p1_trmiss50_trlocradio,32,5e-05,1,64,1,0.1,lr5e-05_bs32_modL1_fusion64_fusionL1_drop0p1_trmiss50_trlocradio,26,0.4943227370580037,0.7467170059680939,0.5862068965517242,0.706429079144391,0.6666666666666666,0.0,0.0,0.0,0.0,0.0,0.0,0.0,0.0,0.0,2002,radio,0.5
5,3,lr5e-05_bs32_modL1_fusion64_fusionL1_drop0p1_trmiss50_trlocradio,32,5e-05,1,64,1,0.1,lr5e-05_bs32_modL1_fusion64_fusionL1_drop0p1_trmiss50_trlocradio,27,0.4878726651271184,0.7466588318347931,0.584051724137931,0.7060084262037176,0.6888888888888889,0.0,0.0,0.0,0.0,0.0,0.0,0.0,0.0,0.0,2002,radio,0.5
5,3,lr5e-05_bs32_modL1_fusion64_fusionL1_drop0p1_trmiss50_trlocradio,32,5e-05,1,64,1,0.1,lr5e-05_bs32_modL1_fusion64_fusionL1_drop0p1_trmiss50_trlocradio,28,0.48091667393843335,0.7503292858600616,0.5862068965517242,0.706646275740898,0.6666666666666666,0.0,0.0,0.0,0.0,0.0,0.0,0.0,0.0,0.0,2002,radio,0.5
5,3,lr5e-05_bs32_modL1_fusion64_fusionL1_drop0p1_trmiss50_trlocradio,32,5e-05,1,64,1,0.1,lr5e-05_bs32_modL1_fusion64_fusionL1_drop0p1_trmiss50_trlocradio,29,0.48108021914958954,0.7462445199489594,0.5862068965517242,0.7070264702590234,0.6666666666666666,0.0,0.0,0.0,0.0,0.0,0.0,0.0,0.0,0.0,2002,radio,0.5
5,3,lr5e-05_bs32_modL1_fusion64_fusionL1_drop0p1_trmiss50_trlocradio,32,5e-05,1,64,1,0.1,lr5e-05_bs32_modL1_fusion64_fusionL1_drop0p1_trmiss50_trlocradio,30,0.47718073924382526,0.7531021237373352,0.584051724137931,0.7059472321108198,0.6666666666666666,0.0,0.0,0.0,0.0,0.0,0.0,0.0,0.0,0.0,2002,radio,0.5
5,3,lr5e-05_bs32_modL1_fusion64_fusionL1_drop0p1_trmiss50_trlocradio,32,5e-05,1,64,1,0.1,lr5e-05_bs32_modL1_fusion64_fusionL1_drop0p1_trmiss50_trlocradio,31,0.4779512882232666,0.757932186126709,0.5818965517241379,0.7059521063759324,0.6666666666666666,0.0,0.0,0.0,0.0,0.0,0.0,0.0,0.0,0.0,2002,radio,0.5
5,3,lr5e-05_bs32_modL1_fusion64_fusionL1_drop0p1_trmiss50_trlocradio,32,5e-05,1,64,1,0.1,lr5e-05_bs32_modL1_fusion64_fusionL1_drop0p1_trmiss50_trlocradio,32,0.47943056126435596,0.7556051909923553,0.5818965517241379,0.7054050972082337,0.6666666666666666,0.0,0.0,0.0,0.0,0.0,0.0,0.0,0.0,0.0,2002,radio,0.5
5,3,lr5e-05_bs32_modL1_fusion64_fusionL1_drop0p1_trmiss50_trlocradio,32,5e-05,1,64,1,0.1,lr5e-05_bs32_modL1_fusion64_fusionL1_drop0p1_trmiss50_trlocradio,33,0.4791751851638158,0.7525488138198853,0.5797413793103449,0.7043431281927413,0.6666666666666666,0.0,0.0,0.0,0.0,0.0,0.0,0.0,0.0,0.0,2002,radio,0.5
5,3,lr5e-05_bs32_modL1_fusion64_fusionL1_drop0p1_trmiss50_trlocradio,32,5e-05,1,64,1,0.1,lr5e-05_bs32_modL1_fusion64_fusionL1_drop0p1_trmiss50_trlocradio,34,0.491053248445193,0.751464307308197,0.5818965517241379,0.7059038547049628,0.6444444444444445,0.0,0.0,0.0,0.0,0.0,0.0,0.0,0.0,0.0,2002,radio,0.5
5,3,lr5e-05_bs32_modL1_fusion64_fusionL1_drop0p1_trmiss50_trlocradio,32,5e-05,1,64,1,0.1,lr5e-05_bs32_modL1_fusion64_fusionL1_drop0p1_trmiss50_trlocradio,35,0.48732853432496387,0.749862402677536,0.5818965517241379,0.7069117127413036,0.6444444444444445,0.0,0.0,0.0,0.0,0.0,0.0,0.0,0.0,0.0,2002,radio,0.5
5,3,lr5e-05_bs32_modL1_fusion64_fusionL1_drop0p1_trmiss50_trlocradio,32,5e-05,1,64,1,0.1,lr5e-05_bs32_modL1_fusion64_fusionL1_drop0p1_trmiss50_trlocradio,36,0.485422079761823,0.7479009032249451,0.5775862068965517,0.7023659674224771,0.6666666666666666,0.0,0.0,0.0,0.0,0.0,0.0,0.0,0.0,0.0,2002,radio,0.5
5,3,lr5e-05_bs32_modL1_fusion64_fusionL1_drop0p1_trmiss50_trlocradio,32,5e-05,1,64,1,0.1,lr5e-05_bs32_modL1_fusion64_fusionL1_drop0p1_trmiss50_trlocradio,37,0.47148501376310986,0.7437675595283508,0.5775862068965517,0.7038397809652563,0.6666666666666666,0.0,0.0,0.0,0.0,0.0,0.0,0.0,0.0,0.0,2002,radio,0.5
5,3,lr5e-05_bs32_modL1_fusion64_fusionL1_drop0p1_trmiss50_trlocradio,32,5e-05,1,64,1,0.1,lr5e-05_bs32_modL1_fusion64_fusionL1_drop0p1_trmiss50_trlocradio,38,0.49111051857471466,0.746075451374054,0.5797413793103449,0.7045603247892482,0.6666666666666666,0.0,0.0,0.0,0.0,0.0,0.0,0.0,0.0,0.0,2002,radio,0.5
5,3,lr5e-05_bs32_modL1_fusion64_fusionL1_drop0p1_trmiss50_trlocradio,32,5e-05,1,64,1,0.1,lr5e-05_bs32_modL1_fusion64_fusionL1_drop0p1_trmiss50_trlocradio,39,0.4819484700759252,0.750276505947113,0.5818965517241379,0.7059521063759324,0.6888888888888889,0.0,0.0,0.0,0.0,0.0,0.0,0.0,0.0,0.0,2002,radio,0.5
5,3,lr5e-05_bs32_modL1_fusion64_fusionL1_drop0p1_trmiss50_trlocradio,32,5e-05,1,64,1,0.1,lr5e-05_bs32_modL1_fusion64_fusionL1_drop0p1_trmiss50_trlocradio,40,0.47548119723796844,0.7509779334068298,0.5797413793103449,0.7043008899472363,0.6444444444444445,0.0,0.0,0.0,0.0,0.0,0.0,0.0,0.0,0.0,2002,radio,0.5
5,3,lr5e-05_bs32_modL1_fusion64_fusionL1_drop0p1_trmiss50_trlocradio,32,5e-05,1,64,1,0.1,lr5e-05_bs32_modL1_fusion64_fusionL1_drop0p1_trmiss50_trlocradio,41,0.4854629288117091,0.7494833767414093,0.5775862068965517,0.7050051814047038,0.6888888888888889,0.0,0.0,0.0,0.0,0.0,0.0,0.0,0.0,0.0,2002,radio,0.5
5,3,lr5e-05_bs32_modL1_fusion64_fusionL1_drop0p1_trmiss50_trlocradio,32,5e-05,1,64,1,0.1,lr5e-05_bs32_modL1_fusion64_fusionL1_drop0p1_trmiss50_trlocradio,42,0.4807104120651881,0.7550514042377472,0.5732758620689655,0.7021057819535803,0.6666666666666666,0.0,0.0,0.0,0.0,0.0,0.0,0.0,0.0,0.0,2002,radio,0.5
5,3,lr5e-05_bs32_modL1_fusion64_fusionL1_drop0p1_trmiss50_trlocradio,32,5e-05,1,64,1,0.1,lr5e-05_bs32_modL1_fusion64_fusionL1_drop0p1_trmiss50_trlocradio,43,0.46981607377529144,0.7537583708763123,0.5775862068965517,0.7039131258661873,0.6888888888888889,0.0,0.0,0.0,0.0,0.0,0.0,0.0,0.0,0.0,2002,radio,0.5
5,3,lr5e-05_bs32_modL1_fusion64_fusionL1_drop0p1_trmiss50_trlocradio,32,5e-05,1,64,1,0.1,lr5e-05_bs32_modL1_fusion64_fusionL1_drop0p1_trmiss50_trlocradio,44,0.4838620722293854,0.7537639141082764,0.5775862068965517,0.704111494423844,0.6888888888888889,0.0,0.0,0.0,0.0,0.0,0.0,0.0,0.0,0.0,2002,radio,0.5
5,3,lr1e-04_bs32_modL1_fusion32_fusionL1_drop0p2_trmiss50_trlocradio,32,0.0001,1,32,1,0.2,lr1e-04_bs32_modL1_fusion32_fusionL1_drop0p2_trmiss50_trlocradio,1,0.7171395818392435,0.7179711163043976,0.33405172413793105,0.5893735546040907,0.4222222222222222,0.0,0.0,0.0,0.0,0.0,0.0,0.0,0.0,0.0,2002,radio,0.5
5,3,lr1e-04_bs32_modL1_fusion32_fusionL1_drop0p2_trmiss50_trlocradio,32,0.0001,1,32,1,0.2,lr1e-04_bs32_modL1_fusion32_fusionL1_drop0p2_trmiss50_trlocradio,2,0.6631707648436228,0.717540830373764,0.4439655172413793,0.6532139191065769,0.4,0.0,0.0,0.0,0.0,0.0,0.0,0.0,0.0,0.0,2002,radio,0.5
5,3,lr1e-04_bs32_modL1_fusion32_fusionL1_drop0p2_trmiss50_trlocradio,32,0.0001,1,32,1,0.2,lr1e-04_bs32_modL1_fusion32_fusionL1_drop0p2_trmiss50_trlocradio,3,0.6170275708039602,0.7206049561500549,0.48275862068965514,0.6671415117732458,0.4444444444444444,0.0,0.0,0.0,0.0,0.0,0.0,0.0,0.0,0.0,2002,radio,0.5
5,3,lr1e-04_bs32_modL1_fusion32_fusionL1_drop0p2_trmiss50_trlocradio,32,0.0001,1,32,1,0.2,lr1e-04_bs32_modL1_fusion32_fusionL1_drop0p2_trmiss50_trlocradio,4,0.6027107338110606,0.7270452678203583,0.49568965517241376,0.6743895378622949,0.4444444444444444,0.0,0.0,0.0,0.0,0.0,0.0,0.0,0.0,0.0,2002,radio,0.5
5,3,lr1e-04_bs32_modL1_fusion32_fusionL1_drop0p2_trmiss50_trlocradio,32,0.0001,1,32,1,0.2,lr1e-04_bs32_modL1_fusion32_fusionL1_drop0p2_trmiss50_trlocradio,5,0.602262814839681,0.7325568199157715,0.49353448275862066,0.6745817953288058,0.4222222222222222,0.0,0.0,0.0,0.0,0.0,0.0,0.0,0.0,0.0,2002,radio,0.5
5,3,lr1e-04_bs32_modL1_fusion32_fusionL1_drop0p2_trmiss50_trlocradio,32,0.0001,1,32,1,0.2,lr1e-04_bs32_modL1_fusion32_fusionL1_drop0p2_trmiss50_trlocradio,6,0.5916666189829508,0.7311873137950897,0.4892241379310345,0.6814627901329444,0.4444444444444444,0.0,0.0,0.0,0.0,0.0,0.0,0.0,0.0,0.0,2002,radio,0.5
5,3,lr1e-04_bs32_modL1_fusion32_fusionL1_drop0p2_trmiss50_trlocradio,32,0.0001,1,32,1,0.2,lr1e-04_bs32_modL1_fusion32_fusionL1_drop0p2_trmiss50_trlocradio,7,0.5831716358661652,0.7362082600593567,0.49137931034482757,0.6761934610886606,0.4888888888888889,0.0,0.0,0.0,0.0,0.0,0.0,0.0,0.0,0.0,2002,radio,0.5
5,3,lr1e-04_bs32_modL1_fusion32_fusionL1_drop0p2_trmiss50_trlocradio,32,0.0001,1,32,1,0.2,lr1e-04_bs32_modL1_fusion32_fusionL1_drop0p2_trmiss50_trlocradio,8,0.5492978493372599,0.7419299483299255,0.5043103448275862,0.6768374464369904,0.5555555555555556,0.0,0.0,0.0,0.0,0.0,0.0,0.0,0.0,0.0,2002,radio,0.5
5,3,lr1e-04_bs32_modL1_fusion32_fusionL1_drop0p2_trmiss50_trlocradio,32,0.0001,1,32,1,0.2,lr1e-04_bs32_modL1_fusion32_fusionL1_drop0p2_trmiss50_trlocradio,9,0.5735114614168803,0.7382697463035583,0.5150862068965517,0.6800981170044724,0.5555555555555556,0.0,0.0,0.0,0.0,0.0,0.0,0.0,0.0,0.0,2002,radio,0.5
5,3,lr1e-04_bs32_modL1_fusion32_fusionL1_drop0p2_trmiss50_trlocradio,32,0.0001,1,32,1,0.2,lr1e-04_bs32_modL1_fusion32_fusionL1_drop0p2_trmiss50_trlocradio,10,0.5607968866825104,0.736316978931427,0.5344827586206897,0.697137569976594,0.5555555555555556,0.0,0.0,0.0,0.0,0.0,0.0,0.0,0.0,0.0,2002,radio,0.5
5,3,lr1e-04_bs32_modL1_fusion32_fusionL1_drop0p2_trmiss50_trlocradio,32,0.0001,1,32,1,0.2,lr1e-04_bs32_modL1_fusion32_fusionL1_drop0p2_trmiss50_trlocradio,11,0.5505944589773814,0.7378055155277252,0.5323275862068966,0.6967544804874903,0.5555555555555556,0.0,0.0,0.0,0.0,0.0,0.0,0.0,0.0,0.0,2002,radio,0.5
5,3,lr1e-04_bs32_modL1_fusion32_fusionL1_drop0p2_trmiss50_trlocradio,32,0.0001,1,32,1,0.2,lr1e-04_bs32_modL1_fusion32_fusionL1_drop0p2_trmiss50_trlocradio,12,0.5394114355246226,0.733148604631424,0.5474137931034483,0.7055471494875578,0.5555555555555556,0.0,0.0,0.0,0.0,0.0,0.0,0.0,0.0,0.0,2002,radio,0.5
5,3,lr1e-04_bs32_modL1_fusion32_fusionL1_drop0p2_trmiss50_trlocradio,32,0.0001,1,32,1,0.2,lr1e-04_bs32_modL1_fusion32_fusionL1_drop0p2_trmiss50_trlocradio,13,0.5283232480287552,0.734801709651947,0.5431034482758621,0.7044784097516252,0.5555555555555556,0.0,0.0,0.0,0.0,0.0,0.0,0.0,0.0,0.0,2002,radio,0.5
5,3,lr1e-04_bs32_modL1_fusion32_fusionL1_drop0p2_trmiss50_trlocradio,32,0.0001,1,32,1,0.2,lr1e-04_bs32_modL1_fusion32_fusionL1_drop0p2_trmiss50_trlocradio,14,0.5168754458427429,0.7323723435401917,0.5517241379310345,0.7117546612902925,0.5555555555555556,0.0,0.0,0.0,0.0,0.0,0.0,0.0,0.0,0.0,2002,radio,0.5
5,3,lr1e-04_bs32_modL1_fusion32_fusionL1_drop0p2_trmiss50_trlocradio,32,0.0001,1,32,1,0.2,lr1e-04_bs32_modL1_fusion32_fusionL1_drop0p2_trmiss50_trlocradio,15,0.5373064974943796,0.7314450442790985,0.5431034482758621,0.707915722403591,0.5555555555555556,0.0,0.0,0.0,0.0,0.0,0.0,0.0,0.0,0.0,2002,radio,0.5
5,3,lr1e-04_bs32_modL1_fusion32_fusionL1_drop0p2_trmiss50_trlocradio,32,0.0001,1,32,1,0.2,lr1e-04_bs32_modL1_fusion32_fusionL1_drop0p2_trmiss50_trlocradio,16,0.5185919602711996,0.7303395569324493,0.5344827586206896,0.7043172861860081,0.5555555555555556,0.0,0.0,0.0,0.0,0.0,0.0,0.0,0.0,0.0,2002,radio,0.5
5,3,lr1e-04_bs32_modL1_fusion32_fusionL1_drop0p2_trmiss50_trlocradio,32,0.0001,1,32,1,0.2,lr1e-04_bs32_modL1_fusion32_fusionL1_drop0p2_trmiss50_trlocradio,17,0.5182035317023596,0.7303912937641144,0.540948275862069,0.7084618746339773,0.5555555555555556,0.0,0.0,0.0,0.0,0.0,0.0,0.0,0.0,0.0,2002,radio,0.5
5,3,lr1e-04_bs32_modL1_fusion32_fusionL1_drop0p2_trmiss50_trlocradio,32,0.0001,1,32,1,0.2,lr1e-04_bs32_modL1_fusion32_fusionL1_drop0p2_trmiss50_trlocradio,18,0.5144693851470947,0.7368725538253784,0.5344827586206897,0.7026449015707235,0.5555555555555556,0.0,0.0,0.0,0.0,0.0,0.0,0.0,0.0,0.0,2002,radio,0.5
5,3,lr1e-04_bs32_modL1_fusion32_fusionL1_drop0p2_trmiss50_trlocradio,32,0.0001,1,32,1,0.2,lr1e-04_bs32_modL1_fusion32_fusionL1_drop0p2_trmiss50_trlocradio,19,0.5080703447262446,0.7364175319671631,0.5366379310344828,0.7007612507659704,0.5555555555555556,0.0,0.0,0.0,0.0,0.0,0.0,0.0,0.0,0.0,2002,radio,0.5
5,3,lr1e-04_bs32_modL1_fusion32_fusionL1_drop0p2_trmiss50_trlocradio,32,0.0001,1,32,1,0.2,lr1e-04_bs32_modL1_fusion32_fusionL1_drop0p2_trmiss50_trlocradio,20,0.511689618229866,0.7349663972854614,0.5517241379310345,0.7110055904861294,0.5555555555555556,0.0,0.0,0.0,0.0,0.0,0.0,0.0,0.0,0.0,2002,radio,0.5
5,3,lr1e-04_bs32_modL1_fusion32_fusionL1_drop0p2_trmiss50_trlocradio,32,0.0001,1,32,1,0.2,lr1e-04_bs32_modL1_fusion32_fusionL1_drop0p2_trmiss50_trlocradio,21,0.4976871112982432,0.734213262796402,0.5560344827586208,0.7136533737373609,0.5555555555555556,0.0,0.0,0.0,0.0,0.0,0.0,0.0,0.0,0.0,2002,radio,0.5
5,3,lr1e-04_bs32_modL1_fusion32_fusionL1_drop0p2_trmiss50_trlocradio,32,0.0001,1,32,1,0.2,lr1e-04_bs32_modL1_fusion32_fusionL1_drop0p2_trmiss50_trlocradio,22,0.5045543015003204,0.7354820370674133,0.5538793103448276,0.7145046963779438,0.5555555555555556,0.0,0.0,0.0,0.0,0.0,0.0,0.0,0.0,0.0,2002,radio,0.5
5,3,lr1e-04_bs32_modL1_fusion32_fusionL1_drop0p2_trmiss50_trlocradio,32,0.0001,1,32,1,0.2,lr1e-04_bs32_modL1_fusion32_fusionL1_drop0p2_trmiss50_trlocradio,23,0.5211441020170847,0.7328250408172607,0.5538793103448276,0.7139873413689297,0.5555555555555556,0.0,0.0,0.0,0.0,0.0,0.0,0.0,0.0,0.0,2002,radio,0.5
5,3,lr1e-04_bs32_modL1_fusion32_fusionL1_drop0p2_trmiss50_trlocradio,32,0.0001,1,32,1,0.2,lr1e-04_bs32_modL1_fusion32_fusionL1_drop0p2_trmiss50_trlocradio,24,0.5081106871366501,0.734191358089447,0.5560344827586208,0.7152481241966497,0.5555555555555556,0.0,0.0,0.0,0.0,0.0,0.0,0.0,0.0,0.0,2002,radio,0.5
5,3,lr1e-04_bs32_modL1_fusion32_fusionL1_drop0p2_trmiss50_trlocradio,32,0.0001,1,32,1,0.2,lr1e-04_bs32_modL1_fusion32_fusionL1_drop0p2_trmiss50_trlocradio,25,0.49376116693019867,0.732637345790863,0.5495689655172414,0.7111947819932241,0.5555555555555556,0.0,0.0,0.0,0.0,0.0,0.0,0.0,0.0,0.0,2002,radio,0.5
5,3,lr1e-04_bs32_modL1_fusion32_fusionL1_drop0p2_trmiss50_trlocradio,32,0.0001,1,32,1,0.2,lr1e-04_bs32_modL1_fusion32_fusionL1_drop0p2_trmiss50_trlocradio,26,0.4770386517047882,0.7326536178588867,0.5560344827586207,0.7119829402717957,0.5555555555555556,0.0,0.0,0.0,0.0,0.0,0.0,0.0,0.0,0.0,2002,radio,0.5
5,3,lr1e-04_bs32_modL1_fusion32_fusionL1_drop0p2_trmiss50_trlocradio,32,0.0001,1,32,1,0.2,lr1e-04_bs32_modL1_fusion32_fusionL1_drop0p2_trmiss50_trlocradio,27,0.5052179843187332,0.7367865145206451,0.5517241379310345,0.7165349851782548,0.5333333333333333,0.0,0.0,0.0,0.0,0.0,0.0,0.0,0.0,0.0,2002,radio,0.5
5,3,lr1e-04_bs32_modL1_fusion32_fusionL1_drop0p2_trmiss50_trlocradio,32,0.0001,1,32,1,0.2,lr1e-04_bs32_modL1_fusion32_fusionL1_drop0p2_trmiss50_trlocradio,28,0.5099730392297109,0.73394575715065,0.5581896551724138,0.7197123737566928,0.5555555555555556,0.0,0.0,0.0,0.0,0.0,0.0,0.0,0.0,0.0,2002,radio,0.5
5,3,lr1e-04_bs32_modL1_fusion32_fusionL1_drop0p2_trmiss50_trlocradio,32,0.0001,1,32,1,0.2,lr1e-04_bs32_modL1_fusion32_fusionL1_drop0p2_trmiss50_trlocradio,29,0.49551235636075336,0.7346367239952087,0.5560344827586207,0.7192775393835644,0.5333333333333333,0.0,0.0,0.0,0.0,0.0,0.0,0.0,0.0,0.0,2002,radio,0.5
5,3,lr1e-04_bs32_modL1_fusion32_fusionL1_drop0p2_trmiss50_trlocradio,32,0.0001,1,32,1,0.2,lr1e-04_bs32_modL1_fusion32_fusionL1_drop0p2_trmiss50_trlocradio,30,0.4829379618167877,0.7373753190040588,0.5495689655172413,0.7141452570398878,0.5333333333333333,0.0,0.0,0.0,0.0,0.0,0.0,0.0,0.0,0.0,2002,radio,0.5
5,3,lr1e-04_bs32_modL1_fusion32_fusionL1_drop0p2_trmiss50_trlocradio,32,0.0001,1,32,1,0.2,lr1e-04_bs32_modL1_fusion32_fusionL1_drop0p2_trmiss50_trlocradio,31,0.48538848261038464,0.7360970377922058,0.5603448275862069,0.7217622959331444,0.5333333333333333,0.0,0.0,0.0,0.0,0.0,0.0,0.0,0.0,0.0,2002,radio,0.5
5,3,lr1e-04_bs32_modL1_fusion32_fusionL1_drop0p2_trmiss50_trlocradio,32,0.0001,1,32,1,0.2,lr1e-04_bs32_modL1_fusion32_fusionL1_drop0p2_trmiss50_trlocradio,32,0.49426045020421344,0.7372496426105499,0.5495689655172413,0.7162842126271194,0.5555555555555556,0.0,0.0,0.0,0.0,0.0,0.0,0.0,0.0,0.0,2002,radio,0.5
5,3,lr1e-04_bs32_modL1_fusion32_fusionL1_drop0p2_trmiss50_trlocradio,32,0.0001,1,32,1,0.2,lr1e-04_bs32_modL1_fusion32_fusionL1_drop0p2_trmiss50_trlocradio,33,0.49689652025699615,0.7394140064716339,0.5560344827586207,0.7200101020154406,0.5333333333333333,0.0,0.0,0.0,0.0,0.0,0.0,0.0,0.0,0.0,2002,radio,0.5
5,3,lr1e-04_bs32_modL1_fusion32_fusionL1_drop0p2_trmiss50_trlocradio,32,0.0001,1,32,1,0.2,lr1e-04_bs32_modL1_fusion32_fusionL1_drop0p2_trmiss50_trlocradio,34,0.4884086300929387,0.7373995780944824,0.5560344827586207,0.7198223968249737,0.5555555555555556,0.0,0.0,0.0,0.0,0.0,0.0,0.0,0.0,0.0,2002,radio,0.5
5,3,lr1e-04_bs32_modL1_fusion32_fusionL1_drop0p2_trmiss50_trlocradio,32,0.0001,1,32,1,0.2,lr1e-04_bs32_modL1_fusion32_fusionL1_drop0p2_trmiss50_trlocradio,35,0.5002935379743576,0.7348747551441193,0.5538793103448275,0.7160725270133979,0.5555555555555556,0.0,0.0,0.0,0.0,0.0,0.0,0.0,0.0,0.0,2002,radio,0.5
5,3,lr1e-04_bs32_modL1_fusion32_fusionL1_drop0p2_trmiss50_trlocradio,32,0.0001,1,32,1,0.2,lr1e-04_bs32_modL1_fusion32_fusionL1_drop0p2_trmiss50_trlocradio,36,0.484947994351387,0.7376286387443542,0.5517241379310345,0.7151768029552419,0.5333333333333333,0.0,0.0,0.0,0.0,0.0,0.0,0.0,0.0,0.0,2002,radio,0.5
5,3,lr1e-04_bs32_modL1_fusion32_fusionL1_drop0p2_trmiss50_trlocradio,32,0.0001,1,32,1,0.2,lr1e-04_bs32_modL1_fusion32_fusionL1_drop0p2_trmiss50_trlocradio,37,0.48697590331236523,0.734083354473114,0.5560344827586207,0.7186346226789417,0.5555555555555556,0.0,0.0,0.0,0.0,0.0,0.0,0.0,0.0,0.0,2002,radio,0.5
5,3,lr1e-04_bs32_modL1_fusion32_fusionL1_drop0p2_trmiss50_trlocradio,32,0.0001,1,32,1,0.2,lr1e-04_bs32_modL1_fusion32_fusionL1_drop0p2_trmiss50_trlocradio,38,0.5046062221129736,0.7367172837257385,0.5581896551724138,0.7199440128695107,0.5555555555555556,0.0,0.0,0.0,0.0,0.0,0.0,0.0,0.0,0.0,2002,radio,0.5
5,3,lr1e-04_bs32_modL1_fusion32_fusionL1_drop0p2_trmiss50_trlocradio,32,0.0001,1,32,1,0.2,lr1e-04_bs32_modL1_fusion32_fusionL1_drop0p2_trmiss50_trlocradio,39,0.5016975949207941,0.7358334362506866,0.5581896551724137,0.7193476944873483,0.5555555555555556,0.0,0.0,0.0,0.0,0.0,0.0,0.0,0.0,0.0,2002,radio,0.5
5,3,lr1e-04_bs32_modL1_fusion32_fusionL1_drop0p2_trmiss50_trlocradio,32,0.0001,1,32,1,0.2,lr1e-04_bs32_modL1_fusion32_fusionL1_drop0p2_trmiss50_trlocradio,40,0.4835089494784673,0.734148770570755,0.5538793103448276,0.7138382276642488,0.5555555555555556,0.0,0.0,0.0,0.0,0.0,0.0,0.0,0.0,0.0,2002,radio,0.5
5,3,lr1e-04_bs32_modL1_fusion32_fusionL1_drop0p2_trmiss50_trlocradio,32,0.0001,1,32,1,0.2,lr1e-04_bs32_modL1_fusion32_fusionL1_drop0p2_trmiss50_trlocradio,41,0.4896787206331889,0.7370321452617645,0.5474137931034483,0.7127078168600542,0.5555555555555556,0.0,0.0,0.0,0.0,0.0,0.0,0.0,0.0,0.0,2002,radio,0.5
5,3,lr1e-04_bs32_modL1_fusion32_fusionL1_drop0p2_trmiss50_trlocradio,32,0.0001,1,32,1,0.2,lr1e-04_bs32_modL1_fusion32_fusionL1_drop0p2_trmiss50_trlocradio,42,0.5123265286286672,0.735897570848465,0.5538793103448275,0.7178768646254508,0.5555555555555556,0.0,0.0,0.0,0.0,0.0,0.0,0.0,0.0,0.0,2002,radio,0.5
5,3,lr1e-04_bs32_modL1_fusion32_fusionL1_drop0p2_trmiss50_trlocradio,32,0.0001,1,32,1,0.2,lr1e-04_bs32_modL1_fusion32_fusionL1_drop0p2_trmiss50_trlocradio,43,0.5019294321537018,0.7344435155391693,0.5538793103448276,0.7168006026412355,0.5555555555555556,0.0,0.0,0.0,0.0,0.0,0.0,0.0,0.0,0.0,2002,radio,0.5
5,3,lr1e-04_bs32_modL1_fusion32_fusionL1_drop0p2_trmiss50_trlocradio,32,0.0001,1,32,1,0.2,lr1e-04_bs32_modL1_fusion32_fusionL1_drop0p2_trmiss50_trlocradio,44,0.47973737120628357,0.7346364259719849,0.5581896551724138,0.7228314186298608,0.5555555555555556,0.0,0.0,0.0,0.0,0.0,0.0,0.0,0.0,0.0,2002,radio,0.5
5,3,lr1e-04_bs32_modL1_fusion32_fusionL1_drop0p2_trmiss50_trlocradio,32,0.0001,1,32,1,0.2,lr1e-04_bs32_modL1_fusion32_fusionL1_drop0p2_trmiss50_trlocradio,45,0.48285692433516186,0.7342974543571472,0.5603448275862069,0.7217622959331444,0.5555555555555556,0.0,0.0,0.0,0.0,0.0,0.0,0.0,0.0,0.0,2002,radio,0.5
5,3,lr1e-04_bs32_modL1_fusion32_fusionL1_drop0p2_trmiss50_trlocradio,32,0.0001,1,32,1,0.2,lr1e-04_bs32_modL1_fusion32_fusionL1_drop0p2_trmiss50_trlocradio,46,0.487792228658994,0.7324313223361969,0.5625,0.7213833389618955,0.5555555555555556,0.0,0.0,0.0,0.0,0.0,0.0,0.0,0.0,0.0,2002,radio,0.5
5,3,lr1e-04_bs32_modL1_fusion32_fusionL1_drop0p2_trmiss50_trlocradio,32,0.0001,1,32,1,0.2,lr1e-04_bs32_modL1_fusion32_fusionL1_drop0p2_trmiss50_trlocradio,47,0.5014716138442358,0.7371102869510651,0.5581896551724138,0.719301096164888,0.5333333333333333,0.0,0.0,0.0,0.0,0.0,0.0,0.0,0.0,0.0,2002,radio,0.5
5,3,lr1e-04_bs32_modL1_fusion32_fusionL1_drop0p2_trmiss50_trlocradio,32,0.0001,1,32,1,0.2,lr1e-04_bs32_modL1_fusion32_fusionL1_drop0p2_trmiss50_trlocradio,48,0.4836846987406413,0.7384240329265594,0.5560344827586207,0.7194200558238144,0.5333333333333333,0.0,0.0,0.0,0.0,0.0,0.0,0.0,0.0,0.0,2002,radio,0.5
5,3,lr1e-04_bs32_modL1_fusion32_fusionL1_drop0p2_trmiss50_trlocradio,32,0.0001,1,32,1,0.2,lr1e-04_bs32_modL1_fusion32_fusionL1_drop0p2_trmiss50_trlocradio,49,0.4906441271305084,0.7397173643112183,0.5581896551724138,0.7198974145470503,0.5333333333333333,0.0,0.0,0.0,0.0,0.0,0.0,0.0,0.0,0.0,2002,radio,0.5
5,3,lr1e-04_bs32_modL1_fusion32_fusionL1_drop0p2_trmiss50_trlocradio,32,0.0001,1,32,1,0.2,lr1e-04_bs32_modL1_fusion32_fusionL1_drop0p2_trmiss50_trlocradio,50,0.49810437361399335,0.7388454377651215,0.5560344827586208,0.7193227019033721,0.5333333333333333,0.0,0.0,0.0,0.0,0.0,0.0,0.0,0.0,0.0,2002,radio,0.5
5,3,lr1e-04_bs32_modL1_fusion32_fusionL1_drop0p2_trmiss50_trlocradio,32,0.0001,1,32,1,0.2,lr1e-04_bs32_modL1_fusion32_fusionL1_drop0p2_trmiss50_trlocradio,51,0.4777212142944336,0.7352797985076904,0.5560344827586207,0.7179205857580084,0.5555555555555556,0.0,0.0,0.0,0.0,0.0,0.0,0.0,0.0,0.0,2002,radio,0.5
5,3,lr1e-04_bs32_modL1_fusion32_fusionL1_drop0p2_trmiss50_trlocradio,32,0.0001,1,32,1,0.2,lr1e-04_bs32_modL1_fusion32_fusionL1_drop0p2_trmiss50_trlocradio,52,0.4963572323322296,0.7345474362373352,0.5538793103448275,0.7145680953365523,0.5555555555555556,0.0,0.0,0.0,0.0,0.0,0.0,0.0,0.0,0.0,2002,radio,0.5
5,3,lr1e-04_bs32_modL1_fusion32_fusionL1_drop0p2_trmiss50_trlocradio,32,0.0001,1,32,1,0.2,lr1e-04_bs32_modL1_fusion32_fusionL1_drop0p2_trmiss50_trlocradio,53,0.4972284237543742,0.7377013862133026,0.5538793103448276,0.7167106644028964,0.5333333333333333,0.0,0.0,0.0,0.0,0.0,0.0,0.0,0.0,0.0,2002,radio,0.5
5,3,lr1e-04_bs32_modL1_fusion32_fusionL1_drop0p2_trmiss50_trlocradio,32,0.0001,1,32,1,0.2,lr1e-04_bs32_modL1_fusion32_fusionL1_drop0p2_trmiss50_trlocradio,54,0.49363498389720917,0.7354415357112885,0.5538793103448275,0.7143864989328466,0.5333333333333333,0.0,0.0,0.0,0.0,0.0,0.0,0.0,0.0,0.0,2002,radio,0.5
5,3,lr1e-04_bs32_modL1_fusion32_fusionL1_drop0p2_trmiss50_trlocradio,32,0.0001,1,32,1,0.2,lr1e-04_bs32_modL1_fusion32_fusionL1_drop0p2_trmiss50_trlocradio,55,0.4808759291966756,0.7327037751674652,0.5560344827586207,0.7194518584099707,0.5555555555555556,0.0,0.0,0.0,0.0,0.0,0.0,0.0,0.0,0.0,2002,radio,0.5
5,3,lr1e-04_bs32_modL1_fusion32_fusionL1_drop0p2_trmiss50_trlocradio,32,0.0001,1,32,1,0.2,lr1e-04_bs32_modL1_fusion32_fusionL1_drop0p2_trmiss50_trlocradio,56,0.48461199800173443,0.7341692447662354,0.560344827586207,0.721795483874681,0.5555555555555556,0.0,0.0,0.0,0.0,0.0,0.0,0.0,0.0,0.0,2002,radio,0.5
5,3,lr1e-04_bs32_modL1_fusion32_fusionL1_drop0p2_trmiss50_trlocradio,32,0.0001,1,32,1,0.2,lr1e-04_bs32_modL1_fusion32_fusionL1_drop0p2_trmiss50_trlocradio,57,0.4806426912546158,0.7339942753314972,0.5581896551724137,0.7194111987544611,0.5555555555555556,0.0,0.0,0.0,0.0,0.0,0.0,0.0,0.0,0.0,2002,radio,0.5
5,3,lr1e-04_bs32_modL1_fusion32_fusionL1_drop0p2_trmiss50_trlocradio,32,0.0001,1,32,1,0.2,lr1e-04_bs32_modL1_fusion32_fusionL1_drop0p2_trmiss50_trlocradio,58,0.4987634817759196,0.7347824573516846,0.5581896551724137,0.7194111987544611,0.5555555555555556,0.0,0.0,0.0,0.0,0.0,0.0,0.0,0.0,0.0,2002,radio,0.5
5,3,lr1e-04_bs32_modL1_fusion32_fusionL1_drop0p2_trmiss50_trlocradio,32,0.0001,1,32,1,0.2,lr1e-04_bs32_modL1_fusion32_fusionL1_drop0p2_trmiss50_trlocradio,59,0.48741339643796283,0.7340104281902313,0.5517241379310345,0.7168499886801516,0.5555555555555556,0.0,0.0,0.0,0.0,0.0,0.0,0.0,0.0,0.0,2002,radio,0.5
5,3,lr1e-04_bs32_modL1_fusion32_fusionL1_drop0p2_trmiss50_trlocradio,32,0.0001,1,32,1,0.2,lr1e-04_bs32_modL1_fusion32_fusionL1_drop0p2_trmiss50_trlocradio,60,0.4910666048526764,0.7378187477588654,0.5603448275862069,0.7210635829545979,0.5555555555555556,0.0,0.0,0.0,0.0,0.0,0.0,0.0,0.0,0.0,2002,radio,0.5
5,3,lr1e-04_bs32_modL1_fusion32_fusionL1_drop0p2_trmiss50_trlocradio,32,0.0001,1,32,1,0.2,lr1e-04_bs32_modL1_fusion32_fusionL1_drop0p2_trmiss50_trlocradio,61,0.49243541558583576,0.7386262714862823,0.5560344827586207,0.7192775393835644,0.5555555555555556,0.0,0.0,0.0,0.0,0.0,0.0,0.0,0.0,0.0,2002,radio,0.5
5,3,lr1e-04_bs32_modL1_fusion32_fusionL1_drop0p2_trmiss50_trlocradio,32,0.0001,1,32,1,0.2,lr1e-04_bs32_modL1_fusion32_fusionL1_drop0p2_trmiss50_trlocradio,62,0.4913877050081889,0.7397564947605133,0.5538793103448275,0.7165573133621215,0.5555555555555556,0.0,0.0,0.0,0.0,0.0,0.0,0.0,0.0,0.0,2002,radio,0.5
5,3,lr1e-04_bs32_modL1_fusion32_fusionL1_drop0p2_trmiss50_trlocradio,32,0.0001,1,32,1,0.2,lr1e-04_bs32_modL1_fusion32_fusionL1_drop0p2_trmiss50_trlocradio,63,0.4934690793355306,0.7373693287372589,0.5581896551724138,0.7217632722578957,0.5555555555555556,0.0,0.0,0.0,0.0,0.0,0.0,0.0,0.0,0.0,2002,radio,0.5
5,3,lr1e-04_bs32_modL1_fusion32_fusionL1_drop0p2_trmiss50_trlocradio,32,0.0001,1,32,1,0.2,lr1e-04_bs32_modL1_fusion32_fusionL1_drop0p2_trmiss50_trlocradio,64,0.491088330745697,0.7365179359912872,0.5581896551724138,0.7208041234539193,0.5111111111111111,0.0,0.0,0.0,0.0,0.0,0.0,0.0,0.0,0.0,2002,radio,0.5
5,3,lr1e-04_bs32_modL1_fusion32_fusionL1_drop0p2_trmiss50_trlocradio,32,0.0001,1,32,1,0.2,lr1e-04_bs32_modL1_fusion32_fusionL1_drop0p2_trmiss50_trlocradio,65,0.499358003338178,0.7385762929916382,0.5495689655172413,0.7116512526642993,0.5333333333333333,0.0,0.0,0.0,0.0,0.0,0.0,0.0,0.0,0.0,2002,radio,0.5
5,3,lr1e-04_bs32_modL1_fusion32_fusionL1_drop0p2_trmiss50_trlocradio,32,0.0001,1,32,1,0.2,lr1e-04_bs32_modL1_fusion32_fusionL1_drop0p2_trmiss50_trlocradio,66,0.4997553477684657,0.73782879114151,0.5517241379310345,0.7155910943178092,0.5333333333333333,0.0,0.0,0.0,0.0,0.0,0.0,0.0,0.0,0.0,2002,radio,0.5
5,3,lr1e-04_bs32_modL1_fusion32_fusionL1_drop0p1_trmiss50_trlocradio,32,0.0001,1,32,1,0.1,lr1e-04_bs32_modL1_fusion32_fusionL1_drop0p1_trmiss50_trlocradio,1,0.6806143124898275,0.7017940878868103,0.6637931034482759,0.7493157266701322,0.7111111111111111,0.0,0.0,0.0,0.0,0.0,0.0,0.0,0.0,0.0,2002,radio,0.5
5,3,lr1e-04_bs32_modL1_fusion32_fusionL1_drop0p1_trmiss50_trlocradio,32,0.0001,1,32,1,0.1,lr1e-04_bs32_modL1_fusion32_fusionL1_drop0p1_trmiss50_trlocradio,2,0.6370958089828491,0.7096858024597168,0.6745689655172414,0.7513891675654858,0.7111111111111111,0.0,0.0,0.0,0.0,0.0,0.0,0.0,0.0,0.0,2002,radio,0.5
5,3,lr1e-04_bs32_modL1_fusion32_fusionL1_drop0p1_trmiss50_trlocradio,32,0.0001,1,32,1,0.1,lr1e-04_bs32_modL1_fusion32_fusionL1_drop0p1_trmiss50_trlocradio,3,0.618951549132665,0.7162161469459534,0.6745689655172413,0.7506816941763751,0.6222222222222222,0.0,0.0,0.0,0.0,0.0,0.0,0.0,0.0,0.0,2002,radio,0.5
5,3,lr1e-04_bs32_modL1_fusion32_fusionL1_drop0p1_trmiss50_trlocradio,32,0.0001,1,32,1,0.1,lr1e-04_bs32_modL1_fusion32_fusionL1_drop0p1_trmiss50_trlocradio,4,0.6067349513371786,0.7244700491428375,0.6896551724137931,0.7652520854709044,0.6444444444444445,0.0,0.0,0.0,0.0,0.0,0.0,0.0,0.0,0.0,2002,radio,0.5
5,3,lr1e-04_bs32_modL1_fusion32_fusionL1_drop0p1_trmiss50_trlocradio,32,0.0001,1,32,1,0.1,lr1e-04_bs32_modL1_fusion32_fusionL1_drop0p1_trmiss50_trlocradio,5,0.5764415462811788,0.7311067283153534,0.7112068965517242,0.7859705314737724,0.6444444444444445,0.0,0.0,0.0,0.0,0.0,0.0,0.0,0.0,0.0,2002,radio,0.5
5,3,lr1e-04_bs32_modL1_fusion32_fusionL1_drop0p1_trmiss50_trlocradio,32,0.0001,1,32,1,0.1,lr1e-04_bs32_modL1_fusion32_fusionL1_drop0p1_trmiss50_trlocradio,6,0.5676187872886658,0.7389557063579559,0.709051724137931,0.7852334149938305,0.6444444444444445,0.0,0.0,0.0,0.0,0.0,0.0,0.0,0.0,0.0,2002,radio,0.5
5,3,lr1e-04_bs32_modL1_fusion32_fusionL1_drop0p1_trmiss50_trlocradio,32,0.0001,1,32,1,0.1,lr1e-04_bs32_modL1_fusion32_fusionL1_drop0p1_trmiss50_trlocradio,7,0.5536719461282095,0.7420043647289276,0.706896551724138,0.7869933890987266,0.6222222222222222,0.0,0.0,0.0,0.0,0.0,0.0,0.0,0.0,0.0,2002,radio,0.5
5,3,lr1e-04_bs32_modL1_fusion32_fusionL1_drop0p1_trmiss50_trlocradio,32,0.0001,1,32,1,0.1,lr1e-04_bs32_modL1_fusion32_fusionL1_drop0p1_trmiss50_trlocradio,8,0.5417633155981699,0.7499715387821198,0.7133620689655172,0.7902390279265441,0.6,0.0,0.0,0.0,0.0,0.0,0.0,0.0,0.0,0.0,2002,radio,0.5
5,3,lr1e-04_bs32_modL1_fusion32_fusionL1_drop0p1_trmiss50_trlocradio,32,0.0001,1,32,1,0.1,lr1e-04_bs32_modL1_fusion32_fusionL1_drop0p1_trmiss50_trlocradio,9,0.5341558555761973,0.751396894454956,0.7219827586206897,0.7956059543628318,0.6222222222222222,0.0,0.0,0.0,0.0,0.0,0.0,0.0,0.0,0.0,2002,radio,0.5
5,3,lr1e-04_bs32_modL1_fusion32_fusionL1_drop0p1_trmiss50_trlocradio,32,0.0001,1,32,1,0.1,lr1e-04_bs32_modL1_fusion32_fusionL1_drop0p1_trmiss50_trlocradio,10,0.5141772528489431,0.7574657797813416,0.7198275862068966,0.7951626631487496,0.6222222222222222,0.0,0.0,0.0,0.0,0.0,0.0,0.0,0.0,0.0,2002,radio,0.5
5,3,lr1e-04_bs32_modL1_fusion32_fusionL1_drop0p1_trmiss50_trlocradio,32,0.0001,1,32,1,0.1,lr1e-04_bs32_modL1_fusion32_fusionL1_drop0p1_trmiss50_trlocradio,11,0.5245717962582906,0.7563289105892181,0.7112068965517242,0.7874353120477195,0.5777777777777777,0.0,0.0,0.0,0.0,0.0,0.0,0.0,0.0,0.0,2002,radio,0.5
5,3,lr1e-04_bs32_modL1_fusion32_fusionL1_drop0p1_trmiss50_trlocradio,32,0.0001,1,32,1,0.1,lr1e-04_bs32_modL1_fusion32_fusionL1_drop0p1_trmiss50_trlocradio,12,0.5182865957419077,0.7541849315166473,0.7112068965517241,0.7910832457419108,0.6444444444444445,0.0,0.0,0.0,0.0,0.0,0.0,0.0,0.0,0.0,2002,radio,0.5
5,3,lr1e-04_bs32_modL1_fusion32_fusionL1_drop0p1_trmiss50_trlocradio,32,0.0001,1,32,1,0.1,lr1e-04_bs32_modL1_fusion32_fusionL1_drop0p1_trmiss50_trlocradio,13,0.5110757748285929,0.7586415112018585,0.7155172413793104,0.7988286218442848,0.6,0.0,0.0,0.0,0.0,0.0,0.0,0.0,0.0,0.0,2002,radio,0.5
5,3,lr1e-04_bs32_modL1_fusion32_fusionL1_drop0p1_trmiss50_trlocradio,32,0.0001,1,32,1,0.1,lr1e-04_bs32_modL1_fusion32_fusionL1_drop0p1_trmiss50_trlocradio,14,0.5089518626530966,0.7568671107292175,0.7112068965517241,0.7959550586258939,0.5777777777777777,0.0,0.0,0.0,0.0,0.0,0.0,0.0,0.0,0.0,2002,radio,0.5
5,3,lr1e-04_bs32_modL1_fusion32_fusionL1_drop0p1_trmiss50_trlocradio,32,0.0001,1,32,1,0.1,lr1e-04_bs32_modL1_fusion32_fusionL1_drop0p1_trmiss50_trlocradio,15,0.51364666223526,0.7549009621143341,0.7068965517241379,0.7934316457023216,0.6,0.0,0.0,0.0,0.0,0.0,0.0,0.0,0.0,0.0,2002,radio,0.5
5,3,lr1e-04_bs32_modL1_fusion32_fusionL1_drop0p1_trmiss50_trlocradio,32,0.0001,1,32,1,0.1,lr1e-04_bs32_modL1_fusion32_fusionL1_drop0p1_trmiss50_trlocradio,16,0.5034918586413065,0.7584223449230194,0.7112068965517241,0.7947293018278194,0.6444444444444445,0.0,0.0,0.0,0.0,0.0,0.0,0.0,0.0,0.0,2002,radio,0.5
5,3,lr1e-04_bs32_modL1_fusion32_fusionL1_drop0p1_trmiss50_trlocradio,32,0.0001,1,32,1,0.1,lr1e-04_bs32_modL1_fusion32_fusionL1_drop0p1_trmiss50_trlocradio,17,0.513150230050087,0.7593502998352051,0.709051724137931,0.7929544539576368,0.6666666666666666,0.0,0.0,0.0,0.0,0.0,0.0,0.0,0.0,0.0,2002,radio,0.5
5,3,lr1e-04_bs32_modL1_fusion32_fusionL1_drop0p1_trmiss50_trlocradio,32,0.0001,1,32,1,0.1,lr1e-04_bs32_modL1_fusion32_fusionL1_drop0p1_trmiss50_trlocradio,18,0.48270924886067706,0.7582835555076599,0.7133620689655173,0.7973043130235202,0.6444444444444445,0.0,0.0,0.0,0.0,0.0,0.0,0.0,0.0,0.0,2002,radio,0.5
5,3,lr1e-04_bs32_modL1_fusion32_fusionL1_drop0p1_trmiss50_trlocradio,32,0.0001,1,32,1,0.1,lr1e-04_bs32_modL1_fusion32_fusionL1_drop0p1_trmiss50_trlocradio,19,0.49220175047715503,0.7550578713417053,0.7198275862068966,0.8002885734160534,0.6666666666666666,0.0,0.0,0.0,0.0,0.0,0.0,0.0,0.0,0.0,2002,radio,0.5
5,3,lr1e-04_bs32_modL1_fusion32_fusionL1_drop0p1_trmiss50_trlocradio,32,0.0001,1,32,1,0.1,lr1e-04_bs32_modL1_fusion32_fusionL1_drop0p1_trmiss50_trlocradio,20,0.4886798510948817,0.754810243844986,0.7198275862068966,0.8002885734160534,0.6666666666666666,0.0,0.0,0.0,0.0,0.0,0.0,0.0,0.0,0.0,2002,radio,0.5
5,3,lr1e-04_bs32_modL1_fusion32_fusionL1_drop0p1_trmiss50_trlocradio,32,0.0001,1,32,1,0.1,lr1e-04_bs32_modL1_fusion32_fusionL1_drop0p1_trmiss50_trlocradio,21,0.48314815759658813,0.7534871101379395,0.7219827586206896,0.8009507601036485,0.6444444444444445,0.0,0.0,0.0,0.0,0.0,0.0,0.0,0.0,0.0,2002,radio,0.5
5,3,lr1e-04_bs32_modL1_fusion32_fusionL1_drop0p1_trmiss50_trlocradio,32,0.0001,1,32,1,0.1,lr1e-04_bs32_modL1_fusion32_fusionL1_drop0p1_trmiss50_trlocradio,22,0.4845128655433655,0.7557011246681213,0.7198275862068966,0.80200850099805,0.6444444444444445,0.0,0.0,0.0,0.0,0.0,0.0,0.0,0.0,0.0,2002,radio,0.5
5,3,lr1e-04_bs32_modL1_fusion32_fusionL1_drop0p1_trmiss50_trlocradio,32,0.0001,1,32,1,0.1,lr1e-04_bs32_modL1_fusion32_fusionL1_drop0p1_trmiss50_trlocradio,23,0.4965684215227763,0.7478292882442474,0.728448275862069,0.8063242382245377,0.6666666666666666,0.0,0.0,0.0,0.0,0.0,0.0,0.0,0.0,0.0,2002,radio,0.5
5,3,lr1e-04_bs32_modL1_fusion32_fusionL1_drop0p1_trmiss50_trlocradio,32,0.0001,1,32,1,0.1,lr1e-04_bs32_modL1_fusion32_fusionL1_drop0p1_trmiss50_trlocradio,24,0.4766203612089157,0.7517795562744141,0.7198275862068966,0.8005721045083263,0.6444444444444445,0.0,0.0,0.0,0.0,0.0,0.0,0.0,0.0,0.0,2002,radio,0.5
5,3,lr1e-04_bs32_modL1_fusion32_fusionL1_drop0p1_trmiss50_trlocradio,32,0.0001,1,32,1,0.1,lr1e-04_bs32_modL1_fusion32_fusionL1_drop0p1_trmiss50_trlocradio,25,0.4827553331851959,0.7513882517814636,0.728448275862069,0.8061521646229226,0.6222222222222222,0.0,0.0,0.0,0.0,0.0,0.0,0.0,0.0,0.0,2002,radio,0.5
5,3,lr1e-04_bs32_modL1_fusion32_fusionL1_drop0p1_trmiss50_trlocradio,32,0.0001,1,32,1,0.1,lr1e-04_bs32_modL1_fusion32_fusionL1_drop0p1_trmiss50_trlocradio,26,0.48519857227802277,0.7511540651321411,0.7306034482758621,0.8059933956690457,0.6666666666666666,0.0,0.0,0.0,0.0,0.0,0.0,0.0,0.0,0.0,2002,radio,0.5
5,3,lr1e-04_bs32_modL1_fusion32_fusionL1_drop0p1_trmiss50_trlocradio,32,0.0001,1,32,1,0.1,lr1e-04_bs32_modL1_fusion32_fusionL1_drop0p1_trmiss50_trlocradio,27,0.47715874512990314,0.7489991188049316,0.728448275862069,0.8059725622368195,0.6666666666666666,0.0,0.0,0.0,0.0,0.0,0.0,0.0,0.0,0.0,2002,radio,0.5
5,3,lr1e-04_bs32_modL1_fusion32_fusionL1_drop0p1_trmiss50_trlocradio,32,0.0001,1,32,1,0.1,lr1e-04_bs32_modL1_fusion32_fusionL1_drop0p1_trmiss50_trlocradio,28,0.4855286280314128,0.74814173579216,0.7198275862068966,0.8014325877971973,0.6222222222222222,0.0,0.0,0.0,0.0,0.0,0.0,0.0,0.0,0.0,2002,radio,0.5
5,3,lr1e-04_bs32_modL1_fusion32_fusionL1_drop0p1_trmiss50_trlocradio,32,0.0001,1,32,1,0.1,lr1e-04_bs32_modL1_fusion32_fusionL1_drop0p1_trmiss50_trlocradio,29,0.4686710834503174,0.7482058703899384,0.7306034482758621,0.8058003070671815,0.6222222222222222,0.0,0.0,0.0,0.0,0.0,0.0,0.0,0.0,0.0,2002,radio,0.5
5,3,lr1e-04_bs32_modL1_fusion32_fusionL1_drop0p1_trmiss50_trlocradio,32,0.0001,1,32,1,0.1,lr1e-04_bs32_modL1_fusion32_fusionL1_drop0p1_trmiss50_trlocradio,30,0.4740238885084788,0.7494828701019287,0.7219827586206896,0.8020799094090754,0.6666666666666666,0.0,0.0,0.0,0.0,0.0,0.0,0.0,0.0,0.0,2002,radio,0.5
5,3,lr1e-04_bs32_modL1_fusion32_fusionL1_drop0p1_trmiss50_trlocradio,32,0.0001,1,32,1,0.1,lr1e-04_bs32_modL1_fusion32_fusionL1_drop0p1_trmiss50_trlocradio,31,0.46853117148081463,0.749248743057251,0.7262931034482758,0.8041505690843906,0.6666666666666666,0.0,0.0,0.0,0.0,0.0,0.0,0.0,0.0,0.0,2002,radio,0.5
5,3,lr1e-04_bs32_modL1_fusion32_fusionL1_drop0p1_trmiss50_trlocradio,32,0.0001,1,32,1,0.1,lr1e-04_bs32_modL1_fusion32_fusionL1_drop0p1_trmiss50_trlocradio,32,0.4751429905494054,0.7496620118618011,0.7219827586206896,0.7999611605571142,0.6666666666666666,0.0,0.0,0.0,0.0,0.0,0.0,0.0,0.0,0.0,2002,radio,0.5
5,3,lr1e-04_bs32_modL1_fusion32_fusionL1_drop0p1_trmiss50_trlocradio,32,0.0001,1,32,1,0.1,lr1e-04_bs32_modL1_fusion32_fusionL1_drop0p1_trmiss50_trlocradio,33,0.4607563763856888,0.7480573058128357,0.7262931034482758,0.8041843650613913,0.6222222222222222,0.0,0.0,0.0,0.0,0.0,0.0,0.0,0.0,0.0,2002,radio,0.5
5,3,lr1e-04_bs32_modL1_fusion32_fusionL1_drop0p1_trmiss50_trlocradio,32,0.0001,1,32,1,0.1,lr1e-04_bs32_modL1_fusion32_fusionL1_drop0p1_trmiss50_trlocradio,34,0.47082677483558655,0.752723217010498,0.728448275862069,0.8056215880781472,0.6666666666666666,0.0,0.0,0.0,0.0,0.0,0.0,0.0,0.0,0.0,2002,radio,0.5
5,3,lr1e-04_bs32_modL1_fusion32_fusionL1_drop0p1_trmiss50_trlocradio,32,0.0001,1,32,1,0.1,lr1e-04_bs32_modL1_fusion32_fusionL1_drop0p1_trmiss50_trlocradio,35,0.479380801320076,0.7479229867458344,0.7327586206896551,0.8073771390699771,0.6444444444444445,0.0,0.0,0.0,0.0,0.0,0.0,0.0,0.0,0.0,2002,radio,0.5
5,3,lr1e-04_bs32_modL1_fusion32_fusionL1_drop0p1_trmiss50_trlocradio,32,0.0001,1,32,1,0.1,lr1e-04_bs32_modL1_fusion32_fusionL1_drop0p1_trmiss50_trlocradio,36,0.4631749043862025,0.7472291588783264,0.7370689655172414,0.8094620916551414,0.6222222222222222,0.0,0.0,0.0,0.0,0.0,0.0,0.0,0.0,0.0,2002,radio,0.5
5,3,lr1e-04_bs32_modL1_fusion32_fusionL1_drop0p1_trmiss50_trlocradio,32,0.0001,1,32,1,0.1,lr1e-04_bs32_modL1_fusion32_fusionL1_drop0p1_trmiss50_trlocradio,37,0.465301771958669,0.7510352730751038,0.7241379310344829,0.8027420960966705,0.6,0.0,0.0,0.0,0.0,0.0,0.0,0.0,0.0,0.0,2002,radio,0.5
5,3,lr1e-04_bs32_modL1_fusion32_fusionL1_drop0p1_trmiss50_trlocradio,32,0.0001,1,32,1,0.1,lr1e-04_bs32_modL1_fusion32_fusionL1_drop0p1_trmiss50_trlocradio,38,0.45910193026065826,0.7452837228775024,0.7349137931034483,0.808693759243807,0.6444444444444445,0.0,0.0,0.0,0.0,0.0,0.0,0.0,0.0,0.0,2002,radio,0.5
5,3,lr1e-04_bs32_modL1_fusion32_fusionL1_drop0p1_trmiss50_trlocradio,32,0.0001,1,32,1,0.1,lr1e-04_bs32_modL1_fusion32_fusionL1_drop0p1_trmiss50_trlocradio,39,0.4755423963069916,0.7486186921596527,0.730603448275862,0.8065996622046903,0.6,0.0,0.0,0.0,0.0,0.0,0.0,0.0,0.0,0.0,2002,radio,0.5
5,3,lr1e-04_bs32_modL1_fusion32_fusionL1_drop0p1_trmiss50_trlocradio,32,0.0001,1,32,1,0.1,lr1e-04_bs32_modL1_fusion32_fusionL1_drop0p1_trmiss50_trlocradio,40,0.472714364528656,0.7460746765136719,0.7349137931034483,0.8084305561408474,0.6,0.0,0.0,0.0,0.0,0.0,0.0,0.0,0.0,0.0,2002,radio,0.5
5,3,lr1e-04_bs32_modL1_fusion32_fusionL1_drop0p1_trmiss50_trlocradio,32,0.0001,1,32,1,0.1,lr1e-04_bs32_modL1_fusion32_fusionL1_drop0p1_trmiss50_trlocradio,41,0.46743209660053253,0.7461216449737549,0.728448275862069,0.8059590243589707,0.6222222222222222,0.0,0.0,0.0,0.0,0.0,0.0,0.0,0.0,0.0,2002,radio,0.5
5,3,lr1e-04_bs32_modL1_fusion32_fusionL1_drop0p1_trmiss50_trlocradio,32,0.0001,1,32,1,0.1,lr1e-04_bs32_modL1_fusion32_fusionL1_drop0p1_trmiss50_trlocradio,42,0.4684467166662216,0.7490991353988647,0.728448275862069,0.806716294263246,0.6222222222222222,0.0,0.0,0.0,0.0,0.0,0.0,0.0,0.0,0.0,2002,radio,0.5
5,3,lr1e-04_bs32_modL1_fusion32_fusionL1_drop0p1_trmiss50_trlocradio,32,0.0001,1,32,1,0.1,lr1e-04_bs32_modL1_fusion32_fusionL1_drop0p1_trmiss50_trlocradio,43,0.47298205892244977,0.7476578950881958,0.7241379310344828,0.803393538308911,0.6,0.0,0.0,0.0,0.0,0.0,0.0,0.0,0.0,0.0,2002,radio,0.5
5,3,lr1e-04_bs32_modL1_fusion32_fusionL1_drop0p1_trmiss50_trlocradio,32,0.0001,1,32,1,0.1,lr1e-04_bs32_modL1_fusion32_fusionL1_drop0p1_trmiss50_trlocradio,44,0.4813092847665151,0.7473435997962952,0.728448275862069,0.8053218212716768,0.6222222222222222,0.0,0.0,0.0,0.0,0.0,0.0,0.0,0.0,0.0,2002,radio,0.5
5,3,lr1e-04_bs32_modL1_fusion32_fusionL1_drop0p1_trmiss50_trlocradio,32,0.0001,1,32,1,0.1,lr1e-04_bs32_modL1_fusion32_fusionL1_drop0p1_trmiss50_trlocradio,45,0.4582197467486064,0.746426910161972,0.7349137931034483,0.8085658415931516,0.6,0.0,0.0,0.0,0.0,0.0,0.0,0.0,0.0,0.0,2002,radio,0.5
5,3,lr1e-04_bs32_modL1_fusion32_fusionL1_drop0p1_trmiss50_trlocradio,32,0.0001,1,32,1,0.1,lr1e-04_bs32_modL1_fusion32_fusionL1_drop0p1_trmiss50_trlocradio,46,0.46997809906800586,0.7454882562160492,0.728448275862069,0.8064806645911151,0.6,0.0,0.0,0.0,0.0,0.0,0.0,0.0,0.0,0.0,2002,radio,0.5
5,3,lr1e-04_bs32_modL1_fusion32_fusionL1_drop0p1_trmiss50_trlocradio,32,0.0001,1,32,1,0.1,lr1e-04_bs32_modL1_fusion32_fusionL1_drop0p1_trmiss50_trlocradio,47,0.4679356813430786,0.7501422464847565,0.728448275862069,0.8063745188673757,0.6222222222222222,0.0,0.0,0.0,0.0,0.0,0.0,0.0,0.0,0.0,2002,radio,0.5
5,3,lr1e-04_bs32_modL1_fusion32_fusionL1_drop0p1_trmiss50_trlocradio,32,0.0001,1,32,1,0.1,lr1e-04_bs32_modL1_fusion32_fusionL1_drop0p1_trmiss50_trlocradio,48,0.4705670972665151,0.7489276230335236,0.728448275862069,0.8061156392981514,0.6666666666666666,0.0,0.0,0.0,0.0,0.0,0.0,0.0,0.0,0.0,2002,radio,0.5
5,3,lr1e-04_bs32_modL1_fusion32_fusionL1_drop0p1_trmiss50_trlocradio,32,0.0001,1,32,1,0.1,lr1e-04_bs32_modL1_fusion32_fusionL1_drop0p1_trmiss50_trlocradio,49,0.47485021750132245,0.7466738820075989,0.7306034482758621,0.8062796756778072,0.6,0.0,0.0,0.0,0.0,0.0,0.0,0.0,0.0,0.0,2002,radio,0.5
5,3,lr1e-04_bs32_modL1_fusion32_fusionL1_drop0p1_trmiss50_trlocradio,32,0.0001,1,32,1,0.1,lr1e-04_bs32_modL1_fusion32_fusionL1_drop0p1_trmiss50_trlocradio,50,0.48642565310001373,0.7486853897571564,0.7306034482758621,0.8062103181033786,0.6,0.0,0.0,0.0,0.0,0.0,0.0,0.0,0.0,0.0,2002,radio,0.5
5,3,lr1e-04_bs32_modL1_fusion32_fusionL1_drop0p1_trmiss50_trlocradio,32,0.0001,1,32,1,0.1,lr1e-04_bs32_modL1_fusion32_fusionL1_drop0p1_trmiss50_trlocradio,51,0.48194754620393115,0.7473925650119781,0.7262931034482759,0.8048491565788776,0.6222222222222222,0.0,0.0,0.0,0.0,0.0,0.0,0.0,0.0,0.0,2002,radio,0.5
5,3,lr1e-04_bs32_modL1_fusion32_fusionL1_drop0p1_trmiss50_trlocradio,32,0.0001,1,32,1,0.1,lr1e-04_bs32_modL1_fusion32_fusionL1_drop0p1_trmiss50_trlocradio,52,0.46103690067927044,0.752516120672226,0.728448275862069,0.8055113432664727,0.6,0.0,0.0,0.0,0.0,0.0,0.0,0.0,0.0,0.0,2002,radio,0.5
5,3,lr1e-04_bs32_modL1_fusion32_fusionL1_drop0p1_trmiss50_trlocradio,32,0.0001,1,32,1,0.1,lr1e-04_bs32_modL1_fusion32_fusionL1_drop0p1_trmiss50_trlocradio,53,0.4601658582687378,0.7496646344661713,0.7306034482758621,0.8065428787807667,0.6666666666666666,0.0,0.0,0.0,0.0,0.0,0.0,0.0,0.0,0.0,2002,radio,0.5
5,3,lr1e-04_bs32_modL1_fusion32_fusionL1_drop0p1_trmiss50_trlocradio,32,0.0001,1,32,1,0.1,lr1e-04_bs32_modL1_fusion32_fusionL1_drop0p1_trmiss50_trlocradio,54,0.4618408928314845,0.7471912205219269,0.7349137931034483,0.8087631168182357,0.6222222222222222,0.0,0.0,0.0,0.0,0.0,0.0,0.0,0.0,0.0,2002,radio,0.5
5,3,lr1e-04_bs32_modL1_fusion32_fusionL1_drop0p1_trmiss50_trlocradio,32,0.0001,1,32,1,0.1,lr1e-04_bs32_modL1_fusion32_fusionL1_drop0p1_trmiss50_trlocradio,55,0.4804363449414571,0.7485052347183228,0.7349137931034483,0.8084305561408474,0.6222222222222222,0.0,0.0,0.0,0.0,0.0,0.0,0.0,0.0,0.0,2002,radio,0.5
5,3,lr1e-04_bs32_modL1_fusion32_fusionL1_drop0p1_trmiss50_trlocradio,32,0.0001,1,32,1,0.1,lr1e-04_bs32_modL1_fusion32_fusionL1_drop0p1_trmiss50_trlocradio,56,0.4643109937508901,0.7521778345108032,0.7370689655172414,0.8094620916551414,0.6666666666666666,0.0,0.0,0.0,0.0,0.0,0.0,0.0,0.0,0.0,2002,radio,0.5
5,3,lr1e-04_bs32_modL1_fusion64_fusionL1_drop0p2_trmiss50_trlocradio,32,0.0001,1,64,1,0.2,lr1e-04_bs32_modL1_fusion64_fusionL1_drop0p2_trmiss50_trlocradio,1,0.7252946595350901,0.6920900940895081,0.47844827586206895,0.6029884277171214,0.5333333333333333,0.0,0.0,0.0,0.0,0.0,0.0,0.0,0.0,0.0,2002,radio,0.5
5,3,lr1e-04_bs32_modL1_fusion64_fusionL1_drop0p2_trmiss50_trlocradio,32,0.0001,1,64,1,0.2,lr1e-04_bs32_modL1_fusion64_fusionL1_drop0p2_trmiss50_trlocradio,2,0.6519805093606313,0.7015222012996674,0.45905172413793105,0.6014295400497244,0.4888888888888889,0.0,0.0,0.0,0.0,0.0,0.0,0.0,0.0,0.0,2002,radio,0.5
5,3,lr1e-04_bs32_modL1_fusion64_fusionL1_drop0p2_trmiss50_trlocradio,32,0.0001,1,64,1,0.2,lr1e-04_bs32_modL1_fusion64_fusionL1_drop0p2_trmiss50_trlocradio,3,0.6429236630598704,0.7122240960597992,0.47413793103448276,0.6286175777854294,0.4666666666666667,0.0,0.0,0.0,0.0,0.0,0.0,0.0,0.0,0.0,2002,radio,0.5
5,3,lr1e-04_bs32_modL1_fusion64_fusionL1_drop0p2_trmiss50_trlocradio,32,0.0001,1,64,1,0.2,lr1e-04_bs32_modL1_fusion64_fusionL1_drop0p2_trmiss50_trlocradio,4,0.6370407740275065,0.7231585085391998,0.4676724137931034,0.6213968466449824,0.4666666666666667,0.0,0.0,0.0,0.0,0.0,0.0,0.0,0.0,0.0,2002,radio,0.5
5,3,lr1e-04_bs32_modL1_fusion64_fusionL1_drop0p2_trmiss50_trlocradio,32,0.0001,1,64,1,0.2,lr1e-04_bs32_modL1_fusion64_fusionL1_drop0p2_trmiss50_trlocradio,5,0.6139159500598907,0.7287452518939972,0.47844827586206895,0.6342362750777171,0.4666666666666667,0.0,0.0,0.0,0.0,0.0,0.0,0.0,0.0,0.0,2002,radio,0.5
5,3,lr1e-04_bs32_modL1_fusion64_fusionL1_drop0p2_trmiss50_trlocradio,32,0.0001,1,64,1,0.2,lr1e-04_bs32_modL1_fusion64_fusionL1_drop0p2_trmiss50_trlocradio,6,0.5894699593385061,0.7277927100658417,0.5021551724137931,0.6532193461695126,0.4666666666666667,0.0,0.0,0.0,0.0,0.0,0.0,0.0,0.0,0.0,2002,radio,0.5
5,3,lr1e-04_bs32_modL1_fusion64_fusionL1_drop0p2_trmiss50_trlocradio,32,0.0001,1,64,1,0.2,lr1e-04_bs32_modL1_fusion64_fusionL1_drop0p2_trmiss50_trlocradio,7,0.58332759141922,0.7280194163322449,0.5237068965517242,0.6634264249245155,0.4,0.0,0.0,0.0,0.0,0.0,0.0,0.0,0.0,0.0,2002,radio,0.5
5,3,lr1e-04_bs32_modL1_fusion64_fusionL1_drop0p2_trmiss50_trlocradio,32,0.0001,1,64,1,0.2,lr1e-04_bs32_modL1_fusion64_fusionL1_drop0p2_trmiss50_trlocradio,8,0.5699042280515035,0.7262639403343201,0.521551724137931,0.6638571151656669,0.4,0.0,0.0,0.0,0.0,0.0,0.0,0.0,0.0,0.0,2002,radio,0.5
5,3,lr1e-04_bs32_modL1_fusion64_fusionL1_drop0p2_trmiss50_trlocradio,32,0.0001,1,64,1,0.2,lr1e-04_bs32_modL1_fusion64_fusionL1_drop0p2_trmiss50_trlocradio,9,0.5504659612973531,0.7261078357696533,0.5150862068965517,0.6589912195670128,0.4444444444444444,0.0,0.0,0.0,0.0,0.0,0.0,0.0,0.0,0.0,2002,radio,0.5
5,3,lr1e-04_bs32_modL1_fusion64_fusionL1_drop0p2_trmiss50_trlocradio,32,0.0001,1,64,1,0.2,lr1e-04_bs32_modL1_fusion64_fusionL1_drop0p2_trmiss50_trlocradio,10,0.5528809626897176,0.7247273921966553,0.5129310344827587,0.6555584107926313,0.4444444444444444,0.0,0.0,0.0,0.0,0.0,0.0,0.0,0.0,0.0,2002,radio,0.5
5,3,lr1e-04_bs32_modL1_fusion64_fusionL1_drop0p2_trmiss50_trlocradio,32,0.0001,1,64,1,0.2,lr1e-04_bs32_modL1_fusion64_fusionL1_drop0p2_trmiss50_trlocradio,11,0.5221232871214548,0.7186115384101868,0.5237068965517242,0.6676319614313169,0.4666666666666667,0.0,0.0,0.0,0.0,0.0,0.0,0.0,0.0,0.0,2002,radio,0.5
5,3,lr1e-04_bs32_modL1_fusion64_fusionL1_drop0p2_trmiss50_trlocradio,32,0.0001,1,64,1,0.2,lr1e-04_bs32_modL1_fusion64_fusionL1_drop0p2_trmiss50_trlocradio,12,0.5172450492779413,0.7203361690044403,0.5366379310344828,0.670756557894344,0.4222222222222222,0.0,0.0,0.0,0.0,0.0,0.0,0.0,0.0,0.0,2002,radio,0.5
5,3,lr1e-04_bs32_modL1_fusion64_fusionL1_drop0p2_trmiss50_trlocradio,32,0.0001,1,64,1,0.2,lr1e-04_bs32_modL1_fusion64_fusionL1_drop0p2_trmiss50_trlocradio,13,0.526384691397349,0.7184708416461945,0.5193965517241379,0.6655900488202082,0.4444444444444444,0.0,0.0,0.0,0.0,0.0,0.0,0.0,0.0,0.0,2002,radio,0.5
5,3,lr1e-04_bs32_modL1_fusion64_fusionL1_drop0p2_trmiss50_trlocradio,32,0.0001,1,64,1,0.2,lr1e-04_bs32_modL1_fusion64_fusionL1_drop0p2_trmiss50_trlocradio,14,0.528825024763743,0.7178764045238495,0.5193965517241379,0.6646359061691509,0.4444444444444444,0.0,0.0,0.0,0.0,0.0,0.0,0.0,0.0,0.0,2002,radio,0.5
5,3,lr1e-04_bs32_modL1_fusion64_fusionL1_drop0p2_trmiss50_trlocradio,32,0.0001,1,64,1,0.2,lr1e-04_bs32_modL1_fusion64_fusionL1_drop0p2_trmiss50_trlocradio,15,0.5287745942672094,0.714357852935791,0.5258620689655173,0.6683650655332438,0.4444444444444444,0.0,0.0,0.0,0.0,0.0,0.0,0.0,0.0,0.0,2002,radio,0.5
5,3,lr1e-04_bs32_modL1_fusion64_fusionL1_drop0p2_trmiss50_trlocradio,32,0.0001,1,64,1,0.2,lr1e-04_bs32_modL1_fusion64_fusionL1_drop0p2_trmiss50_trlocradio,16,0.5126122881968816,0.7133934795856476,0.5323275862068966,0.6757317420415001,0.4444444444444444,0.0,0.0,0.0,0.0,0.0,0.0,0.0,0.0,0.0,2002,radio,0.5
5,3,lr1e-04_bs32_modL1_fusion64_fusionL1_drop0p2_trmiss50_trlocradio,32,0.0001,1,64,1,0.2,lr1e-04_bs32_modL1_fusion64_fusionL1_drop0p2_trmiss50_trlocradio,17,0.5242889821529388,0.7154906392097473,0.5431034482758621,0.6816495363025017,0.4222222222222222,0.0,0.0,0.0,0.0,0.0,0.0,0.0,0.0,0.0,2002,radio,0.5
5,3,lr1e-04_bs32_modL1_fusion64_fusionL1_drop0p2_trmiss50_trlocradio,32,0.0001,1,64,1,0.2,lr1e-04_bs32_modL1_fusion64_fusionL1_drop0p2_trmiss50_trlocradio,18,0.5072423120339712,0.7168064415454865,0.5474137931034483,0.6800434585455668,0.4444444444444444,0.0,0.0,0.0,0.0,0.0,0.0,0.0,0.0,0.0,2002,radio,0.5
5,3,lr1e-04_bs32_modL1_fusion64_fusionL1_drop0p2_trmiss50_trlocradio,32,0.0001,1,64,1,0.2,lr1e-04_bs32_modL1_fusion64_fusionL1_drop0p2_trmiss50_trlocradio,19,0.5097765028476715,0.7160212099552155,0.5495689655172414,0.6850729335284365,0.4444444444444444,0.0,0.0,0.0,0.0,0.0,0.0,0.0,0.0,0.0,2002,radio,0.5
5,3,lr1e-04_bs32_modL1_fusion64_fusionL1_drop0p2_trmiss50_trlocradio,32,0.0001,1,64,1,0.2,lr1e-04_bs32_modL1_fusion64_fusionL1_drop0p2_trmiss50_trlocradio,20,0.4921364982922872,0.7166094779968262,0.5538793103448276,0.6864871643791686,0.4444444444444444,0.0,0.0,0.0,0.0,0.0,0.0,0.0,0.0,0.0,2002,radio,0.5
5,3,lr1e-04_bs32_modL1_fusion64_fusionL1_drop0p2_trmiss50_trlocradio,32,0.0001,1,64,1,0.2,lr1e-04_bs32_modL1_fusion64_fusionL1_drop0p2_trmiss50_trlocradio,21,0.5163197666406631,0.7153769135475159,0.5474137931034483,0.6837794160651911,0.4444444444444444,0.0,0.0,0.0,0.0,0.0,0.0,0.0,0.0,0.0,2002,radio,0.5
5,3,lr1e-04_bs32_modL1_fusion64_fusionL1_drop0p2_trmiss50_trlocradio,32,0.0001,1,64,1,0.2,lr1e-04_bs32_modL1_fusion64_fusionL1_drop0p2_trmiss50_trlocradio,22,0.5042379448811213,0.7150997817516327,0.5431034482758621,0.6871768195515824,0.4666666666666667,0.0,0.0,0.0,0.0,0.0,0.0,0.0,0.0,0.0,2002,radio,0.5
5,3,lr1e-04_bs32_modL1_fusion64_fusionL1_drop0p2_trmiss50_trlocradio,32,0.0001,1,64,1,0.2,lr1e-04_bs32_modL1_fusion64_fusionL1_drop0p2_trmiss50_trlocradio,23,0.4931934078534444,0.7134363651275635,0.5495689655172413,0.6934411160633761,0.4666666666666667,0.0,0.0,0.0,0.0,0.0,0.0,0.0,0.0,0.0,2002,radio,0.5
5,3,lr1e-04_bs32_modL1_fusion64_fusionL1_drop0p2_trmiss50_trlocradio,32,0.0001,1,64,1,0.2,lr1e-04_bs32_modL1_fusion64_fusionL1_drop0p2_trmiss50_trlocradio,24,0.4975654035806656,0.7091783881187439,0.5581896551724138,0.7056332107366091,0.4666666666666667,0.0,0.0,0.0,0.0,0.0,0.0,0.0,0.0,0.0,2002,radio,0.5
5,3,lr1e-04_bs32_modL1_fusion64_fusionL1_drop0p2_trmiss50_trlocradio,32,0.0001,1,64,1,0.2,lr1e-04_bs32_modL1_fusion64_fusionL1_drop0p2_trmiss50_trlocradio,25,0.4964311470588048,0.7122305631637573,0.5581896551724138,0.7064018710714542,0.4222222222222222,0.0,0.0,0.0,0.0,0.0,0.0,0.0,0.0,0.0,2002,radio,0.5
5,3,lr1e-04_bs32_modL1_fusion64_fusionL1_drop0p2_trmiss50_trlocradio,32,0.0001,1,64,1,0.2,lr1e-04_bs32_modL1_fusion64_fusionL1_drop0p2_trmiss50_trlocradio,26,0.4893428683280945,0.7112575471401215,0.5625,0.7081526745463956,0.4222222222222222,0.0,0.0,0.0,0.0,0.0,0.0,0.0,0.0,0.0,2002,radio,0.5
5,3,lr1e-04_bs32_modL1_fusion64_fusionL1_drop0p2_trmiss50_trlocradio,32,0.0001,1,64,1,0.2,lr1e-04_bs32_modL1_fusion64_fusionL1_drop0p2_trmiss50_trlocradio,27,0.48545630772908527,0.7106445729732513,0.5581896551724138,0.7072023983285808,0.4222222222222222,0.0,0.0,0.0,0.0,0.0,0.0,0.0,0.0,0.0,2002,radio,0.5
5,3,lr1e-04_bs32_modL1_fusion64_fusionL1_drop0p2_trmiss50_trlocradio,32,0.0001,1,64,1,0.2,lr1e-04_bs32_modL1_fusion64_fusionL1_drop0p2_trmiss50_trlocradio,28,0.5038225998481115,0.7106030583381653,0.5581896551724138,0.7077248010150737,0.4444444444444444,0.0,0.0,0.0,0.0,0.0,0.0,0.0,0.0,0.0,2002,radio,0.5
5,3,lr1e-04_bs32_modL1_fusion64_fusionL1_drop0p2_trmiss50_trlocradio,32,0.0001,1,64,1,0.2,lr1e-04_bs32_modL1_fusion64_fusionL1_drop0p2_trmiss50_trlocradio,29,0.48515189190705615,0.7104467153549194,0.5560344827586207,0.7062090753614171,0.4444444444444444,0.0,0.0,0.0,0.0,0.0,0.0,0.0,0.0,0.0,2002,radio,0.5
5,3,lr1e-04_bs32_modL1_fusion64_fusionL1_drop0p2_trmiss50_trlocradio,32,0.0001,1,64,1,0.2,lr1e-04_bs32_modL1_fusion64_fusionL1_drop0p2_trmiss50_trlocradio,30,0.4864552567402522,0.7104623019695282,0.5625,0.7089946056731843,0.4444444444444444,0.0,0.0,0.0,0.0,0.0,0.0,0.0,0.0,0.0,2002,radio,0.5
5,3,lr1e-04_bs32_modL1_fusion64_fusionL1_drop0p2_trmiss50_trlocradio,32,0.0001,1,64,1,0.2,lr1e-04_bs32_modL1_fusion64_fusionL1_drop0p2_trmiss50_trlocradio,31,0.5083069851001104,0.7069661319255829,0.5625,0.7090545020889351,0.4444444444444444,0.0,0.0,0.0,0.0,0.0,0.0,0.0,0.0,0.0,2002,radio,0.5
5,3,lr1e-04_bs32_modL1_fusion64_fusionL1_drop0p2_trmiss50_trlocradio,32,0.0001,1,64,1,0.2,lr1e-04_bs32_modL1_fusion64_fusionL1_drop0p2_trmiss50_trlocradio,32,0.47877990702788037,0.7105388939380646,0.5603448275862069,0.7069451172209295,0.4222222222222222,0.0,0.0,0.0,0.0,0.0,0.0,0.0,0.0,0.0,2002,radio,0.5
5,3,lr1e-04_bs32_modL1_fusion64_fusionL1_drop0p2_trmiss50_trlocradio,32,0.0001,1,64,1,0.2,lr1e-04_bs32_modL1_fusion64_fusionL1_drop0p2_trmiss50_trlocradio,33,0.4950968126455943,0.7087382972240448,0.5581896551724138,0.7057956919335732,0.4222222222222222,0.0,0.0,0.0,0.0,0.0,0.0,0.0,0.0,0.0,2002,radio,0.5
5,3,lr1e-04_bs32_modL1_fusion64_fusionL1_drop0p2_trmiss50_trlocradio,32,0.0001,1,64,1,0.2,lr1e-04_bs32_modL1_fusion64_fusionL1_drop0p2_trmiss50_trlocradio,34,0.5126774261395136,0.7074393630027771,0.5646551724137931,0.7085111513904895,0.4222222222222222,0.0,0.0,0.0,0.0,0.0,0.0,0.0,0.0,0.0,2002,radio,0.5
5,3,lr1e-04_bs32_modL1_fusion64_fusionL1_drop0p2_trmiss50_trlocradio,32,0.0001,1,64,1,0.2,lr1e-04_bs32_modL1_fusion64_fusionL1_drop0p2_trmiss50_trlocradio,35,0.49919044474760693,0.7055661976337433,0.5711206896551724,0.7122539464152645,0.4222222222222222,0.0,0.0,0.0,0.0,0.0,0.0,0.0,0.0,0.0,2002,radio,0.5
5,3,lr1e-04_bs32_modL1_fusion64_fusionL1_drop0p2_trmiss50_trlocradio,32,0.0001,1,64,1,0.2,lr1e-04_bs32_modL1_fusion64_fusionL1_drop0p2_trmiss50_trlocradio,36,0.49171437323093414,0.7079228758811951,0.5581896551724138,0.7071109321253429,0.4444444444444444,0.0,0.0,0.0,0.0,0.0,0.0,0.0,0.0,0.0,2002,radio,0.5
5,3,lr1e-04_bs32_modL1_fusion64_fusionL1_drop0p2_trmiss50_trlocradio,32,0.0001,1,64,1,0.2,lr1e-04_bs32_modL1_fusion64_fusionL1_drop0p2_trmiss50_trlocradio,37,0.49330748120943707,0.7096305787563324,0.564655172413793,0.7097738837454691,0.4222222222222222,0.0,0.0,0.0,0.0,0.0,0.0,0.0,0.0,0.0,2002,radio,0.5
5,3,lr1e-04_bs32_modL1_fusion64_fusionL1_drop0p2_trmiss50_trlocradio,32,0.0001,1,64,1,0.2,lr1e-04_bs32_modL1_fusion64_fusionL1_drop0p2_trmiss50_trlocradio,38,0.4739893227815628,0.7090406715869904,0.564655172413793,0.7067501084203444,0.4444444444444444,0.0,0.0,0.0,0.0,0.0,0.0,0.0,0.0,0.0,2002,radio,0.5
5,3,lr1e-04_bs32_modL1_fusion64_fusionL1_drop0p2_trmiss50_trlocradio,32,0.0001,1,64,1,0.2,lr1e-04_bs32_modL1_fusion64_fusionL1_drop0p2_trmiss50_trlocradio,39,0.4893580873807271,0.708772599697113,0.5668103448275862,0.7098289261543346,0.4444444444444444,0.0,0.0,0.0,0.0,0.0,0.0,0.0,0.0,0.0,2002,radio,0.5
5,3,lr1e-04_bs32_modL1_fusion64_fusionL1_drop0p2_trmiss50_trlocradio,32,0.0001,1,64,1,0.2,lr1e-04_bs32_modL1_fusion64_fusionL1_drop0p2_trmiss50_trlocradio,40,0.5041381965080897,0.7101021409034729,0.5603448275862069,0.7057932092475533,0.4222222222222222,0.0,0.0,0.0,0.0,0.0,0.0,0.0,0.0,0.0,2002,radio,0.5
5,3,lr1e-04_bs32_modL1_fusion64_fusionL1_drop0p2_trmiss50_trlocradio,32,0.0001,1,64,1,0.2,lr1e-04_bs32_modL1_fusion64_fusionL1_drop0p2_trmiss50_trlocradio,41,0.468077873190244,0.7086622416973114,0.5625,0.7096230140367573,0.4222222222222222,0.0,0.0,0.0,0.0,0.0,0.0,0.0,0.0,0.0,2002,radio,0.5
5,3,lr1e-04_bs32_modL1_fusion64_fusionL1_drop0p2_trmiss50_trlocradio,32,0.0001,1,64,1,0.2,lr1e-04_bs32_modL1_fusion64_fusionL1_drop0p2_trmiss50_trlocradio,42,0.48070936898390454,0.7089040577411652,0.5625,0.7103222036124764,0.4222222222222222,0.0,0.0,0.0,0.0,0.0,0.0,0.0,0.0,0.0,2002,radio,0.5
5,3,lr1e-04_bs32_modL1_fusion64_fusionL1_drop0p2_trmiss50_trlocradio,32,0.0001,1,64,1,0.2,lr1e-04_bs32_modL1_fusion64_fusionL1_drop0p2_trmiss50_trlocradio,43,0.4940848300854365,0.7088455259799957,0.5581896551724138,0.7055898725406836,0.4444444444444444,0.0,0.0,0.0,0.0,0.0,0.0,0.0,0.0,0.0,2002,radio,0.5
5,3,lr1e-04_bs32_modL1_fusion64_fusionL1_drop0p2_trmiss50_trlocradio,32,0.0001,1,64,1,0.2,lr1e-04_bs32_modL1_fusion64_fusionL1_drop0p2_trmiss50_trlocradio,44,0.48799698054790497,0.7051173150539398,0.5668103448275862,0.7122498792006903,0.4444444444444444,0.0,0.0,0.0,0.0,0.0,0.0,0.0,0.0,0.0,2002,radio,0.5
5,3,lr1e-04_bs32_modL1_fusion64_fusionL1_drop0p2_trmiss50_trlocradio,32,0.0001,1,64,1,0.2,lr1e-04_bs32_modL1_fusion64_fusionL1_drop0p2_trmiss50_trlocradio,45,0.4836941212415695,0.7071417272090912,0.5689655172413793,0.7138686933948805,0.4222222222222222,0.0,0.0,0.0,0.0,0.0,0.0,0.0,0.0,0.0,2002,radio,0.5
5,3,lr1e-04_bs32_modL1_fusion64_fusionL1_drop0p2_trmiss50_trlocradio,32,0.0001,1,64,1,0.2,lr1e-04_bs32_modL1_fusion64_fusionL1_drop0p2_trmiss50_trlocradio,46,0.4870938758055369,0.7064597308635712,0.5581896551724138,0.705854068049888,0.4666666666666667,0.0,0.0,0.0,0.0,0.0,0.0,0.0,0.0,0.0,2002,radio,0.5
5,3,lr1e-04_bs32_modL1_fusion64_fusionL1_drop0p2_trmiss50_trlocradio,32,0.0001,1,64,1,0.2,lr1e-04_bs32_modL1_fusion64_fusionL1_drop0p2_trmiss50_trlocradio,47,0.4823559870322545,0.7097428739070892,0.5603448275862069,0.7069444319588426,0.4444444444444444,0.0,0.0,0.0,0.0,0.0,0.0,0.0,0.0,0.0,2002,radio,0.5
5,3,lr1e-04_bs32_modL1_fusion64_fusionL1_drop0p2_trmiss50_trlocradio,32,0.0001,1,64,1,0.2,lr1e-04_bs32_modL1_fusion64_fusionL1_drop0p2_trmiss50_trlocradio,48,0.4858635514974594,0.7092227041721344,0.5581896551724138,0.705854068049888,0.4444444444444444,0.0,0.0,0.0,0.0,0.0,0.0,0.0,0.0,0.0,2002,radio,0.5
5,3,lr1e-04_bs32_modL1_fusion64_fusionL1_drop0p2_trmiss50_trlocradio,32,0.0001,1,64,1,0.2,lr1e-04_bs32_modL1_fusion64_fusionL1_drop0p2_trmiss50_trlocradio,49,0.4764191458622615,0.7115272581577301,0.5625,0.7076048715248294,0.4444444444444444,0.0,0.0,0.0,0.0,0.0,0.0,0.0,0.0,0.0,2002,radio,0.5
5,3,lr1e-04_bs32_modL1_fusion64_fusionL1_drop0p2_trmiss50_trlocradio,32,0.0001,1,64,1,0.2,lr1e-04_bs32_modL1_fusion64_fusionL1_drop0p2_trmiss50_trlocradio,50,0.4837105522553126,0.7110330164432526,0.5603448275862069,0.7067382413478546,0.4222222222222222,0.0,0.0,0.0,0.0,0.0,0.0,0.0,0.0,0.0,2002,radio,0.5
5,3,lr1e-04_bs32_modL1_fusion64_fusionL1_drop0p2_trmiss50_trlocradio,32,0.0001,1,64,1,0.2,lr1e-04_bs32_modL1_fusion64_fusionL1_drop0p2_trmiss50_trlocradio,51,0.4906599124272664,0.7090599536895752,0.5668103448275862,0.7107782817672054,0.4222222222222222,0.0,0.0,0.0,0.0,0.0,0.0,0.0,0.0,0.0,2002,radio,0.5
5,3,lr1e-04_bs32_modL1_fusion64_fusionL1_drop0p2_trmiss50_trlocradio,32,0.0001,1,64,1,0.2,lr1e-04_bs32_modL1_fusion64_fusionL1_drop0p2_trmiss50_trlocradio,52,0.4914056559403737,0.708704799413681,0.5711206896551724,0.712825084330282,0.4222222222222222,0.0,0.0,0.0,0.0,0.0,0.0,0.0,0.0,0.0,2002,radio,0.5
5,3,lr1e-04_bs32_modL1_fusion64_fusionL1_drop0p2_trmiss50_trlocradio,32,0.0001,1,64,1,0.2,lr1e-04_bs32_modL1_fusion64_fusionL1_drop0p2_trmiss50_trlocradio,53,0.47077056765556335,0.7078622877597809,0.5711206896551724,0.7142648781848361,0.4222222222222222,0.0,0.0,0.0,0.0,0.0,0.0,0.0,0.0,0.0,2002,radio,0.5
5,3,lr1e-04_bs32_modL1_fusion64_fusionL1_drop0p2_trmiss50_trlocradio,32,0.0001,1,64,1,0.2,lr1e-04_bs32_modL1_fusion64_fusionL1_drop0p2_trmiss50_trlocradio,54,0.48666754364967346,0.7108879387378693,0.5581896551724138,0.7064995145574035,0.4222222222222222,0.0,0.0,0.0,0.0,0.0,0.0,0.0,0.0,0.0,2002,radio,0.5
5,3,lr1e-04_bs32_modL1_fusion64_fusionL1_drop0p2_trmiss50_trlocradio,32,0.0001,1,64,1,0.2,lr1e-04_bs32_modL1_fusion64_fusionL1_drop0p2_trmiss50_trlocradio,55,0.494197944800059,0.7127646207809448,0.5668103448275862,0.7110990093058561,0.4222222222222222,0.0,0.0,0.0,0.0,0.0,0.0,0.0,0.0,0.0,2002,radio,0.5
5,3,lr1e-04_bs32_modL1_fusion64_fusionL1_drop0p1_trmiss50_trlocradio,32,0.0001,1,64,1,0.1,lr1e-04_bs32_modL1_fusion64_fusionL1_drop0p1_trmiss50_trlocradio,1,0.6475813686847687,0.6729968190193176,0.6120689655172413,0.7643461399449392,0.6,0.0,0.0,0.0,0.0,0.0,0.0,0.0,0.0,0.0,2002,radio,0.5
5,3,lr1e-04_bs32_modL1_fusion64_fusionL1_drop0p1_trmiss50_trlocradio,32,0.0001,1,64,1,0.1,lr1e-04_bs32_modL1_fusion64_fusionL1_drop0p1_trmiss50_trlocradio,2,0.6000442107518514,0.6655798852443695,0.6443965517241379,0.7798446074943683,0.6222222222222222,0.0,0.0,0.0,0.0,0.0,0.0,0.0,0.0,0.0,2002,radio,0.5
5,3,lr1e-04_bs32_modL1_fusion64_fusionL1_drop0p1_trmiss50_trlocradio,32,0.0001,1,64,1,0.1,lr1e-04_bs32_modL1_fusion64_fusionL1_drop0p1_trmiss50_trlocradio,3,0.5786747634410858,0.660766065120697,0.6379310344827587,0.7730167595351342,0.5777777777777777,0.0,0.0,0.0,0.0,0.0,0.0,0.0,0.0,0.0,2002,radio,0.5
5,3,lr1e-04_bs32_modL1_fusion64_fusionL1_drop0p1_trmiss50_trlocradio,32,0.0001,1,64,1,0.1,lr1e-04_bs32_modL1_fusion64_fusionL1_drop0p1_trmiss50_trlocradio,4,0.5362669825553894,0.656207948923111,0.6206896551724138,0.7866910276459085,0.5777777777777777,0.0,0.0,0.0,0.0,0.0,0.0,0.0,0.0,0.0,2002,radio,0.5
5,3,lr1e-04_bs32_modL1_fusion64_fusionL1_drop0p1_trmiss50_trlocradio,32,0.0001,1,64,1,0.1,lr1e-04_bs32_modL1_fusion64_fusionL1_drop0p1_trmiss50_trlocradio,5,0.5224417448043823,0.6500333845615387,0.6336206896551725,0.7950778871439408,0.6222222222222222,0.0,0.0,0.0,0.0,0.0,0.0,0.0,0.0,0.0,2002,radio,0.5
5,3,lr1e-04_bs32_modL1_fusion64_fusionL1_drop0p1_trmiss50_trlocradio,32,0.0001,1,64,1,0.1,lr1e-04_bs32_modL1_fusion64_fusionL1_drop0p1_trmiss50_trlocradio,6,0.49472877383232117,0.6493583917617798,0.6443965517241379,0.792263938238136,0.6,0.0,0.0,0.0,0.0,0.0,0.0,0.0,0.0,0.0,2002,radio,0.5
5,3,lr1e-04_bs32_modL1_fusion64_fusionL1_drop0p1_trmiss50_trlocradio,32,0.0001,1,64,1,0.1,lr1e-04_bs32_modL1_fusion64_fusionL1_drop0p1_trmiss50_trlocradio,7,0.4922983447710673,0.6408532857894897,0.6681034482758621,0.8123038799576325,0.6,0.0,0.0,0.0,0.0,0.0,0.0,0.0,0.0,0.0,2002,radio,0.5
5,3,lr1e-04_bs32_modL1_fusion64_fusionL1_drop0p1_trmiss50_trlocradio,32,0.0001,1,64,1,0.1,lr1e-04_bs32_modL1_fusion64_fusionL1_drop0p1_trmiss50_trlocradio,8,0.48941109081109363,0.6378310918807983,0.6422413793103448,0.7923129639017705,0.6,0.0,0.0,0.0,0.0,0.0,0.0,0.0,0.0,0.0,2002,radio,0.5
5,3,lr1e-04_bs32_modL1_fusion64_fusionL1_drop0p1_trmiss50_trlocradio,32,0.0001,1,64,1,0.1,lr1e-04_bs32_modL1_fusion64_fusionL1_drop0p1_trmiss50_trlocradio,9,0.4617588222026825,0.6369625627994537,0.6336206896551725,0.7866979367694396,0.6222222222222222,0.0,0.0,0.0,0.0,0.0,0.0,0.0,0.0,0.0,2002,radio,0.5
5,3,lr1e-04_bs32_modL1_fusion64_fusionL1_drop0p1_trmiss50_trlocradio,32,0.0001,1,64,1,0.1,lr1e-04_bs32_modL1_fusion64_fusionL1_drop0p1_trmiss50_trlocradio,10,0.4438553551832835,0.6393764019012451,0.6508620689655172,0.7974256157662627,0.5777777777777777,0.0,0.0,0.0,0.0,0.0,0.0,0.0,0.0,0.0,2002,radio,0.5
5,3,lr1e-04_bs32_modL1_fusion64_fusionL1_drop0p1_trmiss50_trlocradio,32,0.0001,1,64,1,0.1,lr1e-04_bs32_modL1_fusion64_fusionL1_drop0p1_trmiss50_trlocradio,11,0.44943206012248993,0.6403539776802063,0.6357758620689655,0.7891099218598452,0.5777777777777777,0.0,0.0,0.0,0.0,0.0,0.0,0.0,0.0,0.0,2002,radio,0.5
5,3,lr1e-04_bs32_modL1_fusion64_fusionL1_drop0p1_trmiss50_trlocradio,32,0.0001,1,64,1,0.1,lr1e-04_bs32_modL1_fusion64_fusionL1_drop0p1_trmiss50_trlocradio,12,0.4282008856534958,0.6409810781478882,0.6314655172413792,0.7880838477507741,0.5555555555555556,0.0,0.0,0.0,0.0,0.0,0.0,0.0,0.0,0.0,2002,radio,0.5
5,3,lr1e-04_bs32_modL1_fusion64_fusionL1_drop0p1_trmiss50_trlocradio,32,0.0001,1,64,1,0.1,lr1e-04_bs32_modL1_fusion64_fusionL1_drop0p1_trmiss50_trlocradio,13,0.4190270056327184,0.6353585720062256,0.646551724137931,0.7947984173327598,0.5777777777777777,0.0,0.0,0.0,0.0,0.0,0.0,0.0,0.0,0.0,2002,radio,0.5
5,3,lr1e-04_bs32_modL1_fusion64_fusionL1_drop0p1_trmiss50_trlocradio,32,0.0001,1,64,1,0.1,lr1e-04_bs32_modL1_fusion64_fusionL1_drop0p1_trmiss50_trlocradio,14,0.4070025732119878,0.6350946724414825,0.6745689655172413,0.8058269391466586,0.5777777777777777,0.0,0.0,0.0,0.0,0.0,0.0,0.0,0.0,0.0,2002,radio,0.5
5,3,lr1e-04_bs32_modL1_fusion64_fusionL1_drop0p1_trmiss50_trlocradio,32,0.0001,1,64,1,0.1,lr1e-04_bs32_modL1_fusion64_fusionL1_drop0p1_trmiss50_trlocradio,15,0.3996846526861191,0.637836217880249,0.6314655172413792,0.7861351054480323,0.5555555555555556,0.0,0.0,0.0,0.0,0.0,0.0,0.0,0.0,0.0,2002,radio,0.5
5,3,lr1e-04_bs32_modL1_fusion64_fusionL1_drop0p1_trmiss50_trlocradio,32,0.0001,1,64,1,0.1,lr1e-04_bs32_modL1_fusion64_fusionL1_drop0p1_trmiss50_trlocradio,16,0.3863624682029088,0.6317979395389557,0.6487068965517241,0.7995472811654072,0.5555555555555556,0.0,0.0,0.0,0.0,0.0,0.0,0.0,0.0,0.0,2002,radio,0.5
5,3,lr1e-04_bs32_modL1_fusion64_fusionL1_drop0p1_trmiss50_trlocradio,32,0.0001,1,64,1,0.1,lr1e-04_bs32_modL1_fusion64_fusionL1_drop0p1_trmiss50_trlocradio,17,0.38089322050412494,0.6315243542194366,0.6637931034482759,0.796212601163397,0.5777777777777777,0.0,0.0,0.0,0.0,0.0,0.0,0.0,0.0,0.0,2002,radio,0.5
5,3,lr1e-04_bs32_modL1_fusion64_fusionL1_drop0p1_trmiss50_trlocradio,32,0.0001,1,64,1,0.1,lr1e-04_bs32_modL1_fusion64_fusionL1_drop0p1_trmiss50_trlocradio,18,0.3777734885613124,0.6327098608016968,0.6530172413793104,0.8061622641653716,0.6,0.0,0.0,0.0,0.0,0.0,0.0,0.0,0.0,0.0,2002,radio,0.5
5,3,lr1e-04_bs32_modL1_fusion64_fusionL1_drop0p1_trmiss50_trlocradio,32,0.0001,1,64,1,0.1,lr1e-04_bs32_modL1_fusion64_fusionL1_drop0p1_trmiss50_trlocradio,19,0.35724417865276337,0.6351217031478882,0.6594827586206897,0.8080140152147377,0.5777777777777777,0.0,0.0,0.0,0.0,0.0,0.0,0.0,0.0,0.0,2002,radio,0.5
5,3,lr1e-04_bs32_modL1_fusion64_fusionL1_drop0p1_trmiss50_trlocradio,32,0.0001,1,64,1,0.1,lr1e-04_bs32_modL1_fusion64_fusionL1_drop0p1_trmiss50_trlocradio,20,0.35596046845118207,0.632961094379425,0.6767241379310345,0.7981721988937163,0.6,0.0,0.0,0.0,0.0,0.0,0.0,0.0,0.0,0.0,2002,radio,0.5
5,3,lr1e-04_bs32_modL1_fusion64_fusionL1_drop0p1_trmiss50_trlocradio,32,0.0001,1,64,1,0.1,lr1e-04_bs32_modL1_fusion64_fusionL1_drop0p1_trmiss50_trlocradio,21,0.3371911197900772,0.6238567233085632,0.6702586206896551,0.8072754947963139,0.6,0.0,0.0,0.0,0.0,0.0,0.0,0.0,0.0,0.0,2002,radio,0.5
5,3,lr1e-04_bs32_modL1_fusion64_fusionL1_drop0p1_trmiss50_trlocradio,32,0.0001,1,64,1,0.1,lr1e-04_bs32_modL1_fusion64_fusionL1_drop0p1_trmiss50_trlocradio,22,0.327278807759285,0.6251742243766785,0.6681034482758621,0.8066009730183001,0.5777777777777777,0.0,0.0,0.0,0.0,0.0,0.0,0.0,0.0,0.0,2002,radio,0.5
5,3,lr1e-04_bs32_modL1_fusion64_fusionL1_drop0p1_trmiss50_trlocradio,32,0.0001,1,64,1,0.1,lr1e-04_bs32_modL1_fusion64_fusionL1_drop0p1_trmiss50_trlocradio,23,0.32471507290999096,0.6268676221370697,0.6745689655172413,0.8035102057478407,0.6,0.0,0.0,0.0,0.0,0.0,0.0,0.0,0.0,0.0,2002,radio,0.5
5,3,lr1e-04_bs32_modL1_fusion64_fusionL1_drop0p1_trmiss50_trlocradio,32,0.0001,1,64,1,0.1,lr1e-04_bs32_modL1_fusion64_fusionL1_drop0p1_trmiss50_trlocradio,24,0.3198653906583786,0.6288923919200897,0.6637931034482758,0.8160354054677275,0.6,0.0,0.0,0.0,0.0,0.0,0.0,0.0,0.0,0.0,2002,radio,0.5
5,3,lr1e-04_bs32_modL1_fusion64_fusionL1_drop0p1_trmiss50_trlocradio,32,0.0001,1,64,1,0.1,lr1e-04_bs32_modL1_fusion64_fusionL1_drop0p1_trmiss50_trlocradio,25,0.3076418886582057,0.6296485066413879,0.6616379310344828,0.8103042402424383,0.5777777777777777,0.0,0.0,0.0,0.0,0.0,0.0,0.0,0.0,0.0,2002,radio,0.5
5,3,lr1e-04_bs32_modL1_fusion64_fusionL1_drop0p1_trmiss50_trlocradio,32,0.0001,1,64,1,0.1,lr1e-04_bs32_modL1_fusion64_fusionL1_drop0p1_trmiss50_trlocradio,26,0.3078477929035823,0.6359052956104279,0.6616379310344828,0.8092559291377228,0.6,0.0,0.0,0.0,0.0,0.0,0.0,0.0,0.0,0.0,2002,radio,0.5
5,3,lr1e-04_bs32_modL1_fusion64_fusionL1_drop0p1_trmiss50_trlocradio,32,0.0001,1,64,1,0.1,lr1e-04_bs32_modL1_fusion64_fusionL1_drop0p1_trmiss50_trlocradio,27,0.2914665788412094,0.6304380297660828,0.6767241379310345,0.8131250247576616,0.6,0.0,0.0,0.0,0.0,0.0,0.0,0.0,0.0,0.0,2002,radio,0.5
5,3,lr1e-04_bs32_modL1_fusion64_fusionL1_drop0p1_trmiss50_trlocradio,32,0.0001,1,64,1,0.1,lr1e-04_bs32_modL1_fusion64_fusionL1_drop0p1_trmiss50_trlocradio,28,0.29621193806330365,0.633515477180481,0.6702586206896551,0.8099077007231226,0.6,0.0,0.0,0.0,0.0,0.0,0.0,0.0,0.0,0.0,2002,radio,0.5
5,3,lr1e-04_bs32_modL1_fusion64_fusionL1_drop0p1_trmiss50_trlocradio,32,0.0001,1,64,1,0.1,lr1e-04_bs32_modL1_fusion64_fusionL1_drop0p1_trmiss50_trlocradio,29,0.2803070694208145,0.6360390484333038,0.6681034482758621,0.8097342618926966,0.6,0.0,0.0,0.0,0.0,0.0,0.0,0.0,0.0,0.0,2002,radio,0.5
5,3,lr1e-04_bs32_modL1_fusion64_fusionL1_drop0p1_trmiss50_trlocradio,32,0.0001,1,64,1,0.1,lr1e-04_bs32_modL1_fusion64_fusionL1_drop0p1_trmiss50_trlocradio,30,0.29171347121397656,0.6402198672294617,0.6616379310344828,0.8051992500671983,0.6,0.0,0.0,0.0,0.0,0.0,0.0,0.0,0.0,0.0,2002,radio,0.5
5,3,lr1e-04_bs32_modL1_fusion64_fusionL1_drop0p1_trmiss50_trlocradio,32,0.0001,1,64,1,0.1,lr1e-04_bs32_modL1_fusion64_fusionL1_drop0p1_trmiss50_trlocradio,31,0.28175222625335056,0.6456513702869415,0.668103448275862,0.7947378319496021,0.6,0.0,0.0,0.0,0.0,0.0,0.0,0.0,0.0,0.0,2002,radio,0.5
5,3,lr1e-04_bs32_modL1_fusion64_fusionL1_drop0p1_trmiss50_trlocradio,32,0.0001,1,64,1,0.1,lr1e-04_bs32_modL1_fusion64_fusionL1_drop0p1_trmiss50_trlocradio,32,0.26418213297923404,0.64429771900177,0.6637931034482759,0.7940470880529673,0.6,0.0,0.0,0.0,0.0,0.0,0.0,0.0,0.0,0.0,2002,radio,0.5
5,3,lr1e-04_bs32_modL1_fusion64_fusionL1_drop0p1_trmiss50_trlocradio,32,0.0001,1,64,1,0.1,lr1e-04_bs32_modL1_fusion64_fusionL1_drop0p1_trmiss50_trlocradio,33,0.27316950758298236,0.6427640914916992,0.6616379310344829,0.7978723389429269,0.6222222222222222,0.0,0.0,0.0,0.0,0.0,0.0,0.0,0.0,0.0,2002,radio,0.5
5,3,lr1e-04_bs32_modL1_fusion64_fusionL1_drop0p1_trmiss50_trlocradio,32,0.0001,1,64,1,0.1,lr1e-04_bs32_modL1_fusion64_fusionL1_drop0p1_trmiss50_trlocradio,34,0.26154746611913043,0.6418262720108032,0.6616379310344828,0.8072990418476322,0.6,0.0,0.0,0.0,0.0,0.0,0.0,0.0,0.0,0.0,2002,radio,0.5
5,3,lr1e-04_bs32_modL1_fusion64_fusionL1_drop0p1_trmiss50_trlocradio,32,0.0001,1,64,1,0.1,lr1e-04_bs32_modL1_fusion64_fusionL1_drop0p1_trmiss50_trlocradio,35,0.258335513373216,0.6394769251346588,0.6702586206896552,0.8109760173712501,0.6222222222222222,0.0,0.0,0.0,0.0,0.0,0.0,0.0,0.0,0.0,2002,radio,0.5
5,3,lr1e-04_bs32_modL1_fusion64_fusionL1_drop0p1_trmiss50_trlocradio,32,0.0001,1,64,1,0.1,lr1e-04_bs32_modL1_fusion64_fusionL1_drop0p1_trmiss50_trlocradio,36,0.26562708616256714,0.6397316753864288,0.6681034482758621,0.8091082012792961,0.6,0.0,0.0,0.0,0.0,0.0,0.0,0.0,0.0,0.0,2002,radio,0.5
5,3,lr1e-04_bs32_modL1_fusion64_fusionL1_drop0p1_trmiss50_trlocradio,32,0.0001,1,64,1,0.1,lr1e-04_bs32_modL1_fusion64_fusionL1_drop0p1_trmiss50_trlocradio,37,0.2677193383375804,0.6407393217086792,0.665948275862069,0.7992542965591874,0.6222222222222222,0.0,0.0,0.0,0.0,0.0,0.0,0.0,0.0,0.0,2002,radio,0.5
5,3,lr1e-04_bs32_modL1_fusion64_fusionL1_drop0p1_trmiss50_trlocradio,32,0.0001,1,64,1,0.1,lr1e-04_bs32_modL1_fusion64_fusionL1_drop0p1_trmiss50_trlocradio,38,0.2578444927930832,0.6440920531749725,0.668103448275862,0.8001678229104461,0.6222222222222222,0.0,0.0,0.0,0.0,0.0,0.0,0.0,0.0,0.0,2002,radio,0.5
5,3,lr1e-04_bs32_modL1_fusion64_fusionL1_drop0p1_trmiss50_trlocradio,32,0.0001,1,64,1,0.1,lr1e-04_bs32_modL1_fusion64_fusionL1_drop0p1_trmiss50_trlocradio,39,0.2571248958508174,0.6416816711425781,0.6745689655172413,0.8021832928413324,0.6222222222222222,0.0,0.0,0.0,0.0,0.0,0.0,0.0,0.0,0.0,2002,radio,0.5
5,3,lr1e-04_bs32_modL1_fusion64_fusionL1_drop0p1_trmiss50_trlocradio,32,0.0001,1,64,1,0.1,lr1e-04_bs32_modL1_fusion64_fusionL1_drop0p1_trmiss50_trlocradio,40,0.259000226855278,0.6443599164485931,0.6702586206896551,0.8003133246301607,0.6222222222222222,0.0,0.0,0.0,0.0,0.0,0.0,0.0,0.0,0.0,2002,radio,0.5
5,3,lr1e-04_bs32_modL1_fusion64_fusionL1_drop0p1_trmiss50_trlocradio,32,0.0001,1,64,1,0.1,lr1e-04_bs32_modL1_fusion64_fusionL1_drop0p1_trmiss50_trlocradio,41,0.2520354414979617,0.6417188346385956,0.6724137931034483,0.8009583815386709,0.6,0.0,0.0,0.0,0.0,0.0,0.0,0.0,0.0,0.0,2002,radio,0.5
5,3,lr1e-04_bs32_modL1_fusion64_fusionL1_drop0p1_trmiss50_trlocradio,32,0.0001,1,64,1,0.1,lr1e-04_bs32_modL1_fusion64_fusionL1_drop0p1_trmiss50_trlocradio,42,0.2602852111061414,0.637953132390976,0.6702586206896551,0.80031118261561,0.6,0.0,0.0,0.0,0.0,0.0,0.0,0.0,0.0,0.0,2002,radio,0.5
5,3,lr1e-04_bs32_modL1_fusion64_fusionL1_drop0p1_trmiss50_trlocradio,32,0.0001,1,64,1,0.1,lr1e-04_bs32_modL1_fusion64_fusionL1_drop0p1_trmiss50_trlocradio,43,0.25032772620519,0.6402928531169891,0.6724137931034483,0.8009583815386709,0.6222222222222222,0.0,0.0,0.0,0.0,0.0,0.0,0.0,0.0,0.0,2002,radio,0.5
5,3,lr1e-04_bs32_modL1_fusion64_fusionL1_drop0p1_trmiss50_trlocradio,32,0.0001,1,64,1,0.1,lr1e-04_bs32_modL1_fusion64_fusionL1_drop0p1_trmiss50_trlocradio,44,0.25987932582696277,0.644231528043747,0.6659482758620688,0.7987606382397041,0.6222222222222222,0.0,0.0,0.0,0.0,0.0,0.0,0.0,0.0,0.0,2002,radio,0.5
5,3,lr1e-04_bs32_modL1_fusion64_fusionL1_drop0p1_trmiss50_trlocradio,32,0.0001,1,64,1,0.1,lr1e-04_bs32_modL1_fusion64_fusionL1_drop0p1_trmiss50_trlocradio,45,0.2521216993530591,0.6447043120861053,0.6702586206896551,0.8057411680397064,0.6222222222222222,0.0,0.0,0.0,0.0,0.0,0.0,0.0,0.0,0.0,2002,radio,0.5
5,3,lr1e-04_bs32_modL1_fusion64_fusionL1_drop0p1_trmiss50_trlocradio,32,0.0001,1,64,1,0.1,lr1e-04_bs32_modL1_fusion64_fusionL1_drop0p1_trmiss50_trlocradio,46,0.24667369574308395,0.640884667634964,0.6681034482758621,0.8047833136335762,0.6222222222222222,0.0,0.0,0.0,0.0,0.0,0.0,0.0,0.0,0.0,2002,radio,0.5
5,3,lr1e-04_bs32_modL1_fusion64_fusionL1_drop0p1_trmiss50_trlocradio,32,0.0001,1,64,1,0.1,lr1e-04_bs32_modL1_fusion64_fusionL1_drop0p1_trmiss50_trlocradio,47,0.2508689612150192,0.6387957632541656,0.6637931034482759,0.8027929412983763,0.6222222222222222,0.0,0.0,0.0,0.0,0.0,0.0,0.0,0.0,0.0,2002,radio,0.5
5,4,lr5e-05_bs16_modL1_fusion32_fusionL1_drop0p2_trmiss50_trlocradio,16,5e-05,1,32,1,0.2,lr5e-05_bs16_modL1_fusion32_fusionL1_drop0p2_trmiss50_trlocradio,1,0.7369492401679357,0.7283396522204081,0.5538793103448275,0.7495469590602544,0.37777777777777777,0.0,0.0,0.0,0.0,0.0,0.0,0.0,0.0,0.0,2002,radio,0.5
5,4,lr5e-05_bs16_modL1_fusion32_fusionL1_drop0p2_trmiss50_trlocradio,16,5e-05,1,32,1,0.2,lr5e-05_bs16_modL1_fusion32_fusionL1_drop0p2_trmiss50_trlocradio,2,0.7469034890333811,0.7346649169921875,0.4956896551724138,0.6917682583759082,0.4666666666666667,0.0,0.0,0.0,0.0,0.0,0.0,0.0,0.0,0.0,2002,radio,0.5
5,4,lr5e-05_bs16_modL1_fusion32_fusionL1_drop0p2_trmiss50_trlocradio,16,5e-05,1,32,1,0.2,lr5e-05_bs16_modL1_fusion32_fusionL1_drop0p2_trmiss50_trlocradio,3,0.7027683705091476,0.7406989336013794,0.47198275862068967,0.6455511305155699,0.4222222222222222,0.0,0.0,0.0,0.0,0.0,0.0,0.0,0.0,0.0,2002,radio,0.5
5,4,lr5e-05_bs16_modL1_fusion32_fusionL1_drop0p2_trmiss50_trlocradio,16,5e-05,1,32,1,0.2,lr5e-05_bs16_modL1_fusion32_fusionL1_drop0p2_trmiss50_trlocradio,4,0.6845919688542684,0.7229158679644266,0.5021551724137931,0.6599290690555057,0.5111111111111111,0.0,0.0,0.0,0.0,0.0,0.0,0.0,0.0,0.0,2002,radio,0.5
5,4,lr5e-05_bs16_modL1_fusion32_fusionL1_drop0p2_trmiss50_trlocradio,16,5e-05,1,32,1,0.2,lr5e-05_bs16_modL1_fusion32_fusionL1_drop0p2_trmiss50_trlocradio,5,0.6787275125583013,0.7182038029034933,0.5280172413793103,0.698648511867842,0.4888888888888889,0.0,0.0,0.0,0.0,0.0,0.0,0.0,0.0,0.0,2002,radio,0.5
5,4,lr5e-05_bs16_modL1_fusion32_fusionL1_drop0p2_trmiss50_trlocradio,16,5e-05,1,32,1,0.2,lr5e-05_bs16_modL1_fusion32_fusionL1_drop0p2_trmiss50_trlocradio,6,0.6626748343308767,0.7265589038530985,0.5237068965517242,0.7109699800821363,0.5333333333333333,0.0,0.0,0.0,0.0,0.0,0.0,0.0,0.0,0.0,2002,radio,0.5
5,4,lr5e-05_bs16_modL1_fusion32_fusionL1_drop0p2_trmiss50_trlocradio,16,5e-05,1,32,1,0.2,lr5e-05_bs16_modL1_fusion32_fusionL1_drop0p2_trmiss50_trlocradio,7,0.639655997355779,0.7229645848274231,0.5301724137931034,0.7102267417526911,0.4888888888888889,0.0,0.0,0.0,0.0,0.0,0.0,0.0,0.0,0.0,2002,radio,0.5
5,4,lr5e-05_bs16_modL1_fusion32_fusionL1_drop0p2_trmiss50_trlocradio,16,5e-05,1,32,1,0.2,lr5e-05_bs16_modL1_fusion32_fusionL1_drop0p2_trmiss50_trlocradio,8,0.6467903852462769,0.7207580804824829,0.5258620689655172,0.7203327785745132,0.5333333333333333,0.0,0.0,0.0,0.0,0.0,0.0,0.0,0.0,0.0,2002,radio,0.5
5,4,lr5e-05_bs16_modL1_fusion32_fusionL1_drop0p2_trmiss50_trlocradio,16,5e-05,1,32,1,0.2,lr5e-05_bs16_modL1_fusion32_fusionL1_drop0p2_trmiss50_trlocradio,9,0.6248306334018707,0.7269924283027649,0.4978448275862069,0.6892382042095913,0.5111111111111111,0.0,0.0,0.0,0.0,0.0,0.0,0.0,0.0,0.0,2002,radio,0.5
5,4,lr5e-05_bs16_modL1_fusion32_fusionL1_drop0p2_trmiss50_trlocradio,16,5e-05,1,32,1,0.2,lr5e-05_bs16_modL1_fusion32_fusionL1_drop0p2_trmiss50_trlocradio,10,0.6371937741835912,0.7170190811157227,0.5431034482758621,0.7182191072113747,0.5555555555555556,0.0,0.0,0.0,0.0,0.0,0.0,0.0,0.0,0.0,2002,radio,0.5
5,4,lr5e-05_bs16_modL1_fusion32_fusionL1_drop0p2_trmiss50_trlocradio,16,5e-05,1,32,1,0.2,lr5e-05_bs16_modL1_fusion32_fusionL1_drop0p2_trmiss50_trlocradio,11,0.613286887605985,0.7099103331565857,0.5517241379310345,0.7293424490600887,0.5111111111111111,0.0,0.0,0.0,0.0,0.0,0.0,0.0,0.0,0.0,2002,radio,0.5
5,4,lr5e-05_bs16_modL1_fusion32_fusionL1_drop0p2_trmiss50_trlocradio,16,5e-05,1,32,1,0.2,lr5e-05_bs16_modL1_fusion32_fusionL1_drop0p2_trmiss50_trlocradio,12,0.5900803332527479,0.7029616832733154,0.5754310344827586,0.7373519503651658,0.5555555555555556,0.0,0.0,0.0,0.0,0.0,0.0,0.0,0.0,0.0,2002,radio,0.5
5,4,lr5e-05_bs16_modL1_fusion32_fusionL1_drop0p2_trmiss50_trlocradio,16,5e-05,1,32,1,0.2,lr5e-05_bs16_modL1_fusion32_fusionL1_drop0p2_trmiss50_trlocradio,13,0.5850683450698853,0.7003673513730367,0.5883620689655172,0.7432067008749198,0.5333333333333333,0.0,0.0,0.0,0.0,0.0,0.0,0.0,0.0,0.0,2002,radio,0.5
5,4,lr5e-05_bs16_modL1_fusion32_fusionL1_drop0p2_trmiss50_trlocradio,16,5e-05,1,32,1,0.2,lr5e-05_bs16_modL1_fusion32_fusionL1_drop0p2_trmiss50_trlocradio,14,0.5927297274271647,0.7019155621528625,0.5775862068965517,0.7327812546679336,0.5111111111111111,0.0,0.0,0.0,0.0,0.0,0.0,0.0,0.0,0.0,2002,radio,0.5
5,4,lr5e-05_bs16_modL1_fusion32_fusionL1_drop0p2_trmiss50_trlocradio,16,5e-05,1,32,1,0.2,lr5e-05_bs16_modL1_fusion32_fusionL1_drop0p2_trmiss50_trlocradio,15,0.5920345733563105,0.7141459782918295,0.5668103448275862,0.7148083265153519,0.5111111111111111,0.0,0.0,0.0,0.0,0.0,0.0,0.0,0.0,0.0,2002,radio,0.5
5,4,lr5e-05_bs16_modL1_fusion32_fusionL1_drop0p2_trmiss50_trlocradio,16,5e-05,1,32,1,0.2,lr5e-05_bs16_modL1_fusion32_fusionL1_drop0p2_trmiss50_trlocradio,16,0.5832547371586164,0.7062831918398539,0.540948275862069,0.7073032204655881,0.4888888888888889,0.0,0.0,0.0,0.0,0.0,0.0,0.0,0.0,0.0,2002,radio,0.5
5,4,lr5e-05_bs16_modL1_fusion32_fusionL1_drop0p2_trmiss50_trlocradio,16,5e-05,1,32,1,0.2,lr5e-05_bs16_modL1_fusion32_fusionL1_drop0p2_trmiss50_trlocradio,17,0.589497114221255,0.7072620193163554,0.5517241379310345,0.7190287178561664,0.5111111111111111,0.0,0.0,0.0,0.0,0.0,0.0,0.0,0.0,0.0,2002,radio,0.5
5,4,lr5e-05_bs16_modL1_fusion32_fusionL1_drop0p2_trmiss50_trlocradio,16,5e-05,1,32,1,0.2,lr5e-05_bs16_modL1_fusion32_fusionL1_drop0p2_trmiss50_trlocradio,18,0.5807350476582845,0.7107797265052795,0.5495689655172413,0.7083675779361213,0.5111111111111111,0.0,0.0,0.0,0.0,0.0,0.0,0.0,0.0,0.0,2002,radio,0.5
5,4,lr5e-05_bs16_modL1_fusion32_fusionL1_drop0p2_trmiss50_trlocradio,16,5e-05,1,32,1,0.2,lr5e-05_bs16_modL1_fusion32_fusionL1_drop0p2_trmiss50_trlocradio,19,0.5587545235951742,0.7027603387832642,0.5323275862068966,0.7023303518897012,0.4666666666666667,0.0,0.0,0.0,0.0,0.0,0.0,0.0,0.0,0.0,2002,radio,0.5
5,4,lr5e-05_bs16_modL1_fusion32_fusionL1_drop0p2_trmiss50_trlocradio,16,5e-05,1,32,1,0.2,lr5e-05_bs16_modL1_fusion32_fusionL1_drop0p2_trmiss50_trlocradio,20,0.5624812493721644,0.7072637478510538,0.5366379310344828,0.7150577874186935,0.4666666666666667,0.0,0.0,0.0,0.0,0.0,0.0,0.0,0.0,0.0,2002,radio,0.5
5,4,lr5e-05_bs16_modL1_fusion32_fusionL1_drop0p2_trmiss50_trlocradio,16,5e-05,1,32,1,0.2,lr5e-05_bs16_modL1_fusion32_fusionL1_drop0p2_trmiss50_trlocradio,21,0.5535689393679301,0.7136027216911316,0.5517241379310345,0.7211136961168793,0.4888888888888889,0.0,0.0,0.0,0.0,0.0,0.0,0.0,0.0,0.0,2002,radio,0.5
5,4,lr5e-05_bs16_modL1_fusion32_fusionL1_drop0p2_trmiss50_trlocradio,16,5e-05,1,32,1,0.2,lr5e-05_bs16_modL1_fusion32_fusionL1_drop0p2_trmiss50_trlocradio,22,0.5637284691135088,0.7137616078058878,0.5258620689655172,0.7048107085086751,0.5111111111111111,0.0,0.0,0.0,0.0,0.0,0.0,0.0,0.0,0.0,2002,radio,0.5
5,4,lr5e-05_bs16_modL1_fusion32_fusionL1_drop0p2_trmiss50_trlocradio,16,5e-05,1,32,1,0.2,lr5e-05_bs16_modL1_fusion32_fusionL1_drop0p2_trmiss50_trlocradio,23,0.5556841492652893,0.7110649943351746,0.5431034482758621,0.7124158871647098,0.4888888888888889,0.0,0.0,0.0,0.0,0.0,0.0,0.0,0.0,0.0,2002,radio,0.5
5,4,lr5e-05_bs16_modL1_fusion32_fusionL1_drop0p2_trmiss50_trlocradio,16,5e-05,1,32,1,0.2,lr5e-05_bs16_modL1_fusion32_fusionL1_drop0p2_trmiss50_trlocradio,24,0.5052714000145594,0.7018629908561707,0.5387931034482758,0.7199679250804903,0.5333333333333333,0.0,0.0,0.0,0.0,0.0,0.0,0.0,0.0,0.0,2002,radio,0.5
5,4,lr5e-05_bs16_modL1_fusion32_fusionL1_drop0p2_trmiss50_trlocradio,16,5e-05,1,32,1,0.2,lr5e-05_bs16_modL1_fusion32_fusionL1_drop0p2_trmiss50_trlocradio,25,0.5456255550185839,0.7021371722221375,0.5560344827586207,0.7299811000583769,0.5111111111111111,0.0,0.0,0.0,0.0,0.0,0.0,0.0,0.0,0.0,2002,radio,0.5
5,4,lr5e-05_bs16_modL1_fusion32_fusionL1_drop0p2_trmiss50_trlocradio,16,5e-05,1,32,1,0.2,lr5e-05_bs16_modL1_fusion32_fusionL1_drop0p2_trmiss50_trlocradio,26,0.5562416737278303,0.702754278977712,0.5258620689655172,0.698093331012338,0.5111111111111111,0.0,0.0,0.0,0.0,0.0,0.0,0.0,0.0,0.0,2002,radio,0.5
5,4,lr5e-05_bs16_modL1_fusion32_fusionL1_drop0p2_trmiss50_trlocradio,16,5e-05,1,32,1,0.2,lr5e-05_bs16_modL1_fusion32_fusionL1_drop0p2_trmiss50_trlocradio,27,0.538580872118473,0.7064962585767111,0.5237068965517242,0.6947766912474361,0.5333333333333333,0.0,0.0,0.0,0.0,0.0,0.0,0.0,0.0,0.0,2002,radio,0.5
5,4,lr5e-05_bs16_modL1_fusion32_fusionL1_drop0p2_trmiss50_trlocradio,16,5e-05,1,32,1,0.2,lr5e-05_bs16_modL1_fusion32_fusionL1_drop0p2_trmiss50_trlocradio,28,0.5335878108938535,0.7108563979466757,0.5150862068965518,0.6922199587843859,0.5333333333333333,0.0,0.0,0.0,0.0,0.0,0.0,0.0,0.0,0.0,2002,radio,0.5
5,4,lr5e-05_bs16_modL1_fusion32_fusionL1_drop0p2_trmiss50_trlocradio,16,5e-05,1,32,1,0.2,lr5e-05_bs16_modL1_fusion32_fusionL1_drop0p2_trmiss50_trlocradio,29,0.544944462676843,0.7023022969563802,0.5258620689655172,0.699113727903924,0.5111111111111111,0.0,0.0,0.0,0.0,0.0,0.0,0.0,0.0,0.0,2002,radio,0.5
5,4,lr5e-05_bs16_modL1_fusion32_fusionL1_drop0p2_trmiss50_trlocradio,16,5e-05,1,32,1,0.2,lr5e-05_bs16_modL1_fusion32_fusionL1_drop0p2_trmiss50_trlocradio,30,0.5232576305667559,0.711410919825236,0.521551724137931,0.7019055357520413,0.5111111111111111,0.0,0.0,0.0,0.0,0.0,0.0,0.0,0.0,0.0,2002,radio,0.5
5,4,lr5e-05_bs16_modL1_fusion32_fusionL1_drop0p2_trmiss50_trlocradio,16,5e-05,1,32,1,0.2,lr5e-05_bs16_modL1_fusion32_fusionL1_drop0p2_trmiss50_trlocradio,31,0.5262937347094218,0.7071069677670797,0.5280172413793103,0.7178498921510982,0.4666666666666667,0.0,0.0,0.0,0.0,0.0,0.0,0.0,0.0,0.0,2002,radio,0.5
5,4,lr5e-05_bs16_modL1_fusion32_fusionL1_drop0p2_trmiss50_trlocradio,16,5e-05,1,32,1,0.2,lr5e-05_bs16_modL1_fusion32_fusionL1_drop0p2_trmiss50_trlocradio,32,0.5279871995250384,0.7156436244646708,0.5150862068965517,0.6995860182367116,0.4444444444444444,0.0,0.0,0.0,0.0,0.0,0.0,0.0,0.0,0.0,2002,radio,0.5
5,4,lr5e-05_bs16_modL1_fusion32_fusionL1_drop0p2_trmiss50_trlocradio,16,5e-05,1,32,1,0.2,lr5e-05_bs16_modL1_fusion32_fusionL1_drop0p2_trmiss50_trlocradio,33,0.5508599132299423,0.7161376277605692,0.5301724137931034,0.6986708785738796,0.4666666666666667,0.0,0.0,0.0,0.0,0.0,0.0,0.0,0.0,0.0,2002,radio,0.5
5,4,lr5e-05_bs16_modL1_fusion32_fusionL1_drop0p1_trmiss50_trlocradio,16,5e-05,1,32,1,0.1,lr5e-05_bs16_modL1_fusion32_fusionL1_drop0p1_trmiss50_trlocradio,1,0.6839322596788406,0.7081475853919983,0.48275862068965514,0.6695485196745682,0.5111111111111111,0.0,0.0,0.0,0.0,0.0,0.0,0.0,0.0,0.0,2002,radio,0.5
5,4,lr5e-05_bs16_modL1_fusion32_fusionL1_drop0p1_trmiss50_trlocradio,16,5e-05,1,32,1,0.1,lr5e-05_bs16_modL1_fusion32_fusionL1_drop0p1_trmiss50_trlocradio,2,0.6787274678548177,0.6970455845197042,0.5258620689655172,0.7041538482262644,0.5111111111111111,0.0,0.0,0.0,0.0,0.0,0.0,0.0,0.0,0.0,2002,radio,0.5
5,4,lr5e-05_bs16_modL1_fusion32_fusionL1_drop0p1_trmiss50_trlocradio,16,5e-05,1,32,1,0.1,lr5e-05_bs16_modL1_fusion32_fusionL1_drop0p1_trmiss50_trlocradio,3,0.6351523399353027,0.6918486754099528,0.5237068965517242,0.6929690279368057,0.5555555555555556,0.0,0.0,0.0,0.0,0.0,0.0,0.0,0.0,0.0,2002,radio,0.5
5,4,lr5e-05_bs16_modL1_fusion32_fusionL1_drop0p1_trmiss50_trlocradio,16,5e-05,1,32,1,0.1,lr5e-05_bs16_modL1_fusion32_fusionL1_drop0p1_trmiss50_trlocradio,4,0.6433515052000681,0.6914502580960592,0.5107758620689655,0.6847020588637387,0.4888888888888889,0.0,0.0,0.0,0.0,0.0,0.0,0.0,0.0,0.0,2002,radio,0.5
5,4,lr5e-05_bs16_modL1_fusion32_fusionL1_drop0p1_trmiss50_trlocradio,16,5e-05,1,32,1,0.1,lr5e-05_bs16_modL1_fusion32_fusionL1_drop0p1_trmiss50_trlocradio,5,0.6227203011512756,0.6883554855982462,0.4978448275862069,0.6796606950557347,0.5333333333333333,0.0,0.0,0.0,0.0,0.0,0.0,0.0,0.0,0.0,2002,radio,0.5
5,4,lr5e-05_bs16_modL1_fusion32_fusionL1_drop0p1_trmiss50_trlocradio,16,5e-05,1,32,1,0.1,lr5e-05_bs16_modL1_fusion32_fusionL1_drop0p1_trmiss50_trlocradio,6,0.5915546814600626,0.6925543149312338,0.521551724137931,0.6940281387497682,0.5333333333333333,0.0,0.0,0.0,0.0,0.0,0.0,0.0,0.0,0.0,2002,radio,0.5
5,4,lr5e-05_bs16_modL1_fusion32_fusionL1_drop0p1_trmiss50_trlocradio,16,5e-05,1,32,1,0.1,lr5e-05_bs16_modL1_fusion32_fusionL1_drop0p1_trmiss50_trlocradio,7,0.5951767613490423,0.6935328841209412,0.4892241379310345,0.6742975653926573,0.5333333333333333,0.0,0.0,0.0,0.0,0.0,0.0,0.0,0.0,0.0,2002,radio,0.5
5,4,lr5e-05_bs16_modL1_fusion32_fusionL1_drop0p1_trmiss50_trlocradio,16,5e-05,1,32,1,0.1,lr5e-05_bs16_modL1_fusion32_fusionL1_drop0p1_trmiss50_trlocradio,8,0.5982213467359543,0.6969449718793234,0.4375,0.6437215814415145,0.4888888888888889,0.0,0.0,0.0,0.0,0.0,0.0,0.0,0.0,0.0,2002,radio,0.5
5,4,lr5e-05_bs16_modL1_fusion32_fusionL1_drop0p1_trmiss50_trlocradio,16,5e-05,1,32,1,0.1,lr5e-05_bs16_modL1_fusion32_fusionL1_drop0p1_trmiss50_trlocradio,9,0.5494722202420235,0.696594218413035,0.4482758620689655,0.6462953547347192,0.4444444444444444,0.0,0.0,0.0,0.0,0.0,0.0,0.0,0.0,0.0,2002,radio,0.5
5,4,lr5e-05_bs16_modL1_fusion32_fusionL1_drop0p1_trmiss50_trlocradio,16,5e-05,1,32,1,0.1,lr5e-05_bs16_modL1_fusion32_fusionL1_drop0p1_trmiss50_trlocradio,10,0.5486479997634888,0.7010588447252909,0.4288793103448276,0.6446333107207555,0.4444444444444444,0.0,0.0,0.0,0.0,0.0,0.0,0.0,0.0,0.0,2002,radio,0.5
5,4,lr5e-05_bs16_modL1_fusion32_fusionL1_drop0p1_trmiss50_trlocradio,16,5e-05,1,32,1,0.1,lr5e-05_bs16_modL1_fusion32_fusionL1_drop0p1_trmiss50_trlocradio,11,0.5224546069900194,0.6991041898727417,0.4224137931034483,0.6385336920127326,0.4444444444444444,0.0,0.0,0.0,0.0,0.0,0.0,0.0,0.0,0.0,2002,radio,0.5
5,4,lr5e-05_bs16_modL1_fusion32_fusionL1_drop0p1_trmiss50_trlocradio,16,5e-05,1,32,1,0.1,lr5e-05_bs16_modL1_fusion32_fusionL1_drop0p1_trmiss50_trlocradio,12,0.5475602646668752,0.7059788505236307,0.43103448275862066,0.6312197515725917,0.4,0.0,0.0,0.0,0.0,0.0,0.0,0.0,0.0,0.0,2002,radio,0.5
5,4,lr5e-05_bs16_modL1_fusion32_fusionL1_drop0p1_trmiss50_trlocradio,16,5e-05,1,32,1,0.1,lr5e-05_bs16_modL1_fusion32_fusionL1_drop0p1_trmiss50_trlocradio,13,0.5655644287665685,0.6994805932044983,0.44396551724137934,0.6351470025479389,0.4888888888888889,0.0,0.0,0.0,0.0,0.0,0.0,0.0,0.0,0.0,2002,radio,0.5
5,4,lr5e-05_bs16_modL1_fusion32_fusionL1_drop0p1_trmiss50_trlocradio,16,5e-05,1,32,1,0.1,lr5e-05_bs16_modL1_fusion32_fusionL1_drop0p1_trmiss50_trlocradio,14,0.5444769114255905,0.7083020607630411,0.4202586206896552,0.6268491829186018,0.4,0.0,0.0,0.0,0.0,0.0,0.0,0.0,0.0,0.0,2002,radio,0.5
5,4,lr5e-05_bs16_modL1_fusion32_fusionL1_drop0p1_trmiss50_trlocradio,16,5e-05,1,32,1,0.1,lr5e-05_bs16_modL1_fusion32_fusionL1_drop0p1_trmiss50_trlocradio,15,0.5274852241079012,0.7103453278541565,0.415948275862069,0.6138856636643808,0.4,0.0,0.0,0.0,0.0,0.0,0.0,0.0,0.0,0.0,2002,radio,0.5
5,4,lr5e-05_bs16_modL1_fusion32_fusionL1_drop0p1_trmiss50_trlocradio,16,5e-05,1,32,1,0.1,lr5e-05_bs16_modL1_fusion32_fusionL1_drop0p1_trmiss50_trlocradio,16,0.5345583955446879,0.7083193262418112,0.4224137931034483,0.6136357566136459,0.4222222222222222,0.0,0.0,0.0,0.0,0.0,0.0,0.0,0.0,0.0,2002,radio,0.5
5,4,lr5e-05_bs16_modL1_fusion32_fusionL1_drop0p1_trmiss50_trlocradio,16,5e-05,1,32,1,0.1,lr5e-05_bs16_modL1_fusion32_fusionL1_drop0p1_trmiss50_trlocradio,17,0.5272379716237386,0.7072815696398417,0.40948275862068967,0.6058020966493081,0.4666666666666667,0.0,0.0,0.0,0.0,0.0,0.0,0.0,0.0,0.0,2002,radio,0.5
5,4,lr5e-05_bs16_modL1_fusion32_fusionL1_drop0p1_trmiss50_trlocradio,16,5e-05,1,32,1,0.1,lr5e-05_bs16_modL1_fusion32_fusionL1_drop0p1_trmiss50_trlocradio,18,0.5241126492619514,0.7094730337460836,0.4030172413793104,0.6050686040351614,0.4888888888888889,0.0,0.0,0.0,0.0,0.0,0.0,0.0,0.0,0.0,2002,radio,0.5
5,4,lr5e-05_bs16_modL1_fusion32_fusionL1_drop0p1_trmiss50_trlocradio,16,5e-05,1,32,1,0.1,lr5e-05_bs16_modL1_fusion32_fusionL1_drop0p1_trmiss50_trlocradio,19,0.5204946026206017,0.7098050117492676,0.4288793103448276,0.6115697932983379,0.4,0.0,0.0,0.0,0.0,0.0,0.0,0.0,0.0,0.0,2002,radio,0.5
5,4,lr5e-05_bs16_modL1_fusion32_fusionL1_drop0p1_trmiss50_trlocradio,16,5e-05,1,32,1,0.1,lr5e-05_bs16_modL1_fusion32_fusionL1_drop0p1_trmiss50_trlocradio,20,0.5093686083952585,0.7093804279963175,0.4245689655172414,0.6100505543778756,0.4222222222222222,0.0,0.0,0.0,0.0,0.0,0.0,0.0,0.0,0.0,2002,radio,0.5
5,4,lr5e-05_bs16_modL1_fusion32_fusionL1_drop0p1_trmiss50_trlocradio,16,5e-05,1,32,1,0.1,lr5e-05_bs16_modL1_fusion32_fusionL1_drop0p1_trmiss50_trlocradio,21,0.5059514418244362,0.7066792050997416,0.4331896551724138,0.6303005210748933,0.4222222222222222,0.0,0.0,0.0,0.0,0.0,0.0,0.0,0.0,0.0,2002,radio,0.5
5,4,lr5e-05_bs16_modL1_fusion32_fusionL1_drop0p1_trmiss50_trlocradio,16,5e-05,1,32,1,0.1,lr5e-05_bs16_modL1_fusion32_fusionL1_drop0p1_trmiss50_trlocradio,22,0.5146060412128767,0.7109404802322388,0.4051724137931035,0.6186919655439795,0.4222222222222222,0.0,0.0,0.0,0.0,0.0,0.0,0.0,0.0,0.0,2002,radio,0.5
5,4,lr5e-05_bs16_modL1_fusion32_fusionL1_drop0p1_trmiss50_trlocradio,16,5e-05,1,32,1,0.1,lr5e-05_bs16_modL1_fusion32_fusionL1_drop0p1_trmiss50_trlocradio,23,0.5171570032835007,0.7153094212214152,0.42456896551724144,0.6285607316820956,0.35555555555555557,0.0,0.0,0.0,0.0,0.0,0.0,0.0,0.0,0.0,2002,radio,0.5
5,4,lr5e-05_bs16_modL1_fusion32_fusionL1_drop0p1_trmiss50_trlocradio,16,5e-05,1,32,1,0.1,lr5e-05_bs16_modL1_fusion32_fusionL1_drop0p1_trmiss50_trlocradio,24,0.5080113311608633,0.7132071455319723,0.41163793103448276,0.6231702176810341,0.4,0.0,0.0,0.0,0.0,0.0,0.0,0.0,0.0,0.0,2002,radio,0.5
5,4,lr5e-05_bs16_modL1_fusion32_fusionL1_drop0p1_trmiss50_trlocradio,16,5e-05,1,32,1,0.1,lr5e-05_bs16_modL1_fusion32_fusionL1_drop0p1_trmiss50_trlocradio,25,0.5131322095791498,0.7049878438313802,0.4224137931034483,0.624640154156652,0.4666666666666667,0.0,0.0,0.0,0.0,0.0,0.0,0.0,0.0,0.0,2002,radio,0.5
5,4,lr5e-05_bs16_modL1_fusion32_fusionL1_drop0p1_trmiss50_trlocradio,16,5e-05,1,32,1,0.1,lr5e-05_bs16_modL1_fusion32_fusionL1_drop0p1_trmiss50_trlocradio,26,0.4996773401896159,0.711224377155304,0.415948275862069,0.622993174544271,0.4222222222222222,0.0,0.0,0.0,0.0,0.0,0.0,0.0,0.0,0.0,2002,radio,0.5
5,4,lr5e-05_bs16_modL1_fusion64_fusionL1_drop0p2_trmiss50_trlocradio,16,5e-05,1,64,1,0.2,lr5e-05_bs16_modL1_fusion64_fusionL1_drop0p2_trmiss50_trlocradio,1,0.7000806281963984,0.6918412446975708,0.5797413793103448,0.7718082217045215,0.5111111111111111,0.0,0.0,0.0,0.0,0.0,0.0,0.0,0.0,0.0,2002,radio,0.5
5,4,lr5e-05_bs16_modL1_fusion64_fusionL1_drop0p2_trmiss50_trlocradio,16,5e-05,1,64,1,0.2,lr5e-05_bs16_modL1_fusion64_fusionL1_drop0p2_trmiss50_trlocradio,2,0.6860276758670807,0.6887326240539551,0.5775862068965518,0.7557715067067468,0.5555555555555556,0.0,0.0,0.0,0.0,0.0,0.0,0.0,0.0,0.0,2002,radio,0.5
5,4,lr5e-05_bs16_modL1_fusion64_fusionL1_drop0p2_trmiss50_trlocradio,16,5e-05,1,64,1,0.2,lr5e-05_bs16_modL1_fusion64_fusionL1_drop0p2_trmiss50_trlocradio,3,0.65343410273393,0.681529720624288,0.6012931034482758,0.7770669814681797,0.6222222222222222,0.0,0.0,0.0,0.0,0.0,0.0,0.0,0.0,0.0,2002,radio,0.5
5,4,lr5e-05_bs16_modL1_fusion64_fusionL1_drop0p2_trmiss50_trlocradio,16,5e-05,1,64,1,0.2,lr5e-05_bs16_modL1_fusion64_fusionL1_drop0p2_trmiss50_trlocradio,4,0.6394319633642832,0.6870850523312887,0.6142241379310345,0.7775277875103005,0.6,0.0,0.0,0.0,0.0,0.0,0.0,0.0,0.0,0.0,2002,radio,0.5
5,4,lr5e-05_bs16_modL1_fusion64_fusionL1_drop0p2_trmiss50_trlocradio,16,5e-05,1,64,1,0.2,lr5e-05_bs16_modL1_fusion64_fusionL1_drop0p2_trmiss50_trlocradio,5,0.6398563385009766,0.6811209122339884,0.6206896551724138,0.7806282760087031,0.6222222222222222,0.0,0.0,0.0,0.0,0.0,0.0,0.0,0.0,0.0,2002,radio,0.5
5,4,lr5e-05_bs16_modL1_fusion64_fusionL1_drop0p2_trmiss50_trlocradio,16,5e-05,1,64,1,0.2,lr5e-05_bs16_modL1_fusion64_fusionL1_drop0p2_trmiss50_trlocradio,6,0.6279181738694509,0.6835176547368368,0.5818965517241379,0.7446942987670438,0.6222222222222222,0.0,0.0,0.0,0.0,0.0,0.0,0.0,0.0,0.0,2002,radio,0.5
5,4,lr5e-05_bs16_modL1_fusion64_fusionL1_drop0p2_trmiss50_trlocradio,16,5e-05,1,64,1,0.2,lr5e-05_bs16_modL1_fusion64_fusionL1_drop0p2_trmiss50_trlocradio,7,0.6171230773131052,0.6894785563151041,0.581896551724138,0.7331040736601221,0.6,0.0,0.0,0.0,0.0,0.0,0.0,0.0,0.0,0.0,2002,radio,0.5
5,4,lr5e-05_bs16_modL1_fusion64_fusionL1_drop0p2_trmiss50_trlocradio,16,5e-05,1,64,1,0.2,lr5e-05_bs16_modL1_fusion64_fusionL1_drop0p2_trmiss50_trlocradio,8,0.6077017237742742,0.6848557194073995,0.5969827586206897,0.7508797444052936,0.5777777777777777,0.0,0.0,0.0,0.0,0.0,0.0,0.0,0.0,0.0,2002,radio,0.5
5,4,lr5e-05_bs16_modL1_fusion64_fusionL1_drop0p2_trmiss50_trlocradio,16,5e-05,1,64,1,0.2,lr5e-05_bs16_modL1_fusion64_fusionL1_drop0p2_trmiss50_trlocradio,9,0.5968384295701981,0.6830187439918518,0.5969827586206897,0.7520766365639605,0.6222222222222222,0.0,0.0,0.0,0.0,0.0,0.0,0.0,0.0,0.0,2002,radio,0.5
5,4,lr5e-05_bs16_modL1_fusion64_fusionL1_drop0p2_trmiss50_trlocradio,16,5e-05,1,64,1,0.2,lr5e-05_bs16_modL1_fusion64_fusionL1_drop0p2_trmiss50_trlocradio,10,0.6103409131368002,0.6766745845476786,0.584051724137931,0.7508091235247472,0.5777777777777777,0.0,0.0,0.0,0.0,0.0,0.0,0.0,0.0,0.0,2002,radio,0.5
5,4,lr5e-05_bs16_modL1_fusion64_fusionL1_drop0p2_trmiss50_trlocradio,16,5e-05,1,64,1,0.2,lr5e-05_bs16_modL1_fusion64_fusionL1_drop0p2_trmiss50_trlocradio,11,0.5917112827301025,0.6854479511578878,0.5431034482758621,0.7051482541559406,0.5111111111111111,0.0,0.0,0.0,0.0,0.0,0.0,0.0,0.0,0.0,2002,radio,0.5
5,4,lr5e-05_bs16_modL1_fusion64_fusionL1_drop0p2_trmiss50_trlocradio,16,5e-05,1,64,1,0.2,lr5e-05_bs16_modL1_fusion64_fusionL1_drop0p2_trmiss50_trlocradio,12,0.566189760963122,0.6827149589856466,0.5387931034482758,0.6999553395647747,0.5333333333333333,0.0,0.0,0.0,0.0,0.0,0.0,0.0,0.0,0.0,2002,radio,0.5
5,4,lr5e-05_bs16_modL1_fusion64_fusionL1_drop0p2_trmiss50_trlocradio,16,5e-05,1,64,1,0.2,lr5e-05_bs16_modL1_fusion64_fusionL1_drop0p2_trmiss50_trlocradio,13,0.5643639067808787,0.6766013503074646,0.5711206896551724,0.7165824745472607,0.5555555555555556,0.0,0.0,0.0,0.0,0.0,0.0,0.0,0.0,0.0,2002,radio,0.5
5,4,lr5e-05_bs16_modL1_fusion64_fusionL1_drop0p2_trmiss50_trlocradio,16,5e-05,1,64,1,0.2,lr5e-05_bs16_modL1_fusion64_fusionL1_drop0p2_trmiss50_trlocradio,14,0.5795669356981913,0.6815427343050638,0.5560344827586207,0.7138804090504473,0.5333333333333333,0.0,0.0,0.0,0.0,0.0,0.0,0.0,0.0,0.0,2002,radio,0.5
5,4,lr5e-05_bs16_modL1_fusion64_fusionL1_drop0p2_trmiss50_trlocradio,16,5e-05,1,64,1,0.2,lr5e-05_bs16_modL1_fusion64_fusionL1_drop0p2_trmiss50_trlocradio,15,0.5681646689772606,0.6829953789710999,0.5775862068965517,0.7273748888854904,0.5777777777777777,0.0,0.0,0.0,0.0,0.0,0.0,0.0,0.0,0.0,2002,radio,0.5
5,4,lr5e-05_bs16_modL1_fusion64_fusionL1_drop0p2_trmiss50_trlocradio,16,5e-05,1,64,1,0.2,lr5e-05_bs16_modL1_fusion64_fusionL1_drop0p2_trmiss50_trlocradio,16,0.5255848467350006,0.6819709142049154,0.5581896551724137,0.7258312538385782,0.5333333333333333,0.0,0.0,0.0,0.0,0.0,0.0,0.0,0.0,0.0,2002,radio,0.5
5,4,lr5e-05_bs16_modL1_fusion64_fusionL1_drop0p2_trmiss50_trlocradio,16,5e-05,1,64,1,0.2,lr5e-05_bs16_modL1_fusion64_fusionL1_drop0p2_trmiss50_trlocradio,17,0.5354903439680735,0.676601767539978,0.5646551724137931,0.7193017461427674,0.5555555555555556,0.0,0.0,0.0,0.0,0.0,0.0,0.0,0.0,0.0,2002,radio,0.5
5,4,lr5e-05_bs16_modL1_fusion64_fusionL1_drop0p2_trmiss50_trlocradio,16,5e-05,1,64,1,0.2,lr5e-05_bs16_modL1_fusion64_fusionL1_drop0p2_trmiss50_trlocradio,18,0.5259851068258286,0.6759085059165955,0.5646551724137931,0.7186274621586767,0.5555555555555556,0.0,0.0,0.0,0.0,0.0,0.0,0.0,0.0,0.0,2002,radio,0.5
5,4,lr5e-05_bs16_modL1_fusion64_fusionL1_drop0p2_trmiss50_trlocradio,16,5e-05,1,64,1,0.2,lr5e-05_bs16_modL1_fusion64_fusionL1_drop0p2_trmiss50_trlocradio,19,0.5336453641454378,0.6837470531463623,0.540948275862069,0.7201754773016164,0.5555555555555556,0.0,0.0,0.0,0.0,0.0,0.0,0.0,0.0,0.0,2002,radio,0.5
5,4,lr5e-05_bs16_modL1_fusion64_fusionL1_drop0p2_trmiss50_trlocradio,16,5e-05,1,64,1,0.2,lr5e-05_bs16_modL1_fusion64_fusionL1_drop0p2_trmiss50_trlocradio,20,0.5044458930691084,0.6955066720644633,0.5280172413793104,0.7198698676635512,0.4888888888888889,0.0,0.0,0.0,0.0,0.0,0.0,0.0,0.0,0.0,2002,radio,0.5
5,4,lr5e-05_bs16_modL1_fusion64_fusionL1_drop0p2_trmiss50_trlocradio,16,5e-05,1,64,1,0.2,lr5e-05_bs16_modL1_fusion64_fusionL1_drop0p2_trmiss50_trlocradio,21,0.5195576672752699,0.6987137397130331,0.4956896551724138,0.6866587935317944,0.4444444444444444,0.0,0.0,0.0,0.0,0.0,0.0,0.0,0.0,0.0,2002,radio,0.5
5,4,lr5e-05_bs16_modL1_fusion64_fusionL1_drop0p2_trmiss50_trlocradio,16,5e-05,1,64,1,0.2,lr5e-05_bs16_modL1_fusion64_fusionL1_drop0p2_trmiss50_trlocradio,22,0.5264422297477722,0.7013500928878784,0.5043103448275862,0.693632981390636,0.4666666666666667,0.0,0.0,0.0,0.0,0.0,0.0,0.0,0.0,0.0,2002,radio,0.5
5,4,lr5e-05_bs16_modL1_fusion64_fusionL1_drop0p2_trmiss50_trlocradio,16,5e-05,1,64,1,0.2,lr5e-05_bs16_modL1_fusion64_fusionL1_drop0p2_trmiss50_trlocradio,23,0.5088261862595876,0.6982513864835104,0.49353448275862066,0.6919547459893386,0.4666666666666667,0.0,0.0,0.0,0.0,0.0,0.0,0.0,0.0,0.0,2002,radio,0.5
5,4,lr5e-05_bs16_modL1_fusion64_fusionL1_drop0p2_trmiss50_trlocradio,16,5e-05,1,64,1,0.2,lr5e-05_bs16_modL1_fusion64_fusionL1_drop0p2_trmiss50_trlocradio,24,0.4954485272367795,0.6970277229944865,0.48275862068965514,0.6981507402640076,0.4444444444444444,0.0,0.0,0.0,0.0,0.0,0.0,0.0,0.0,0.0,2002,radio,0.5
5,4,lr5e-05_bs16_modL1_fusion64_fusionL1_drop0p2_trmiss50_trlocradio,16,5e-05,1,64,1,0.2,lr5e-05_bs16_modL1_fusion64_fusionL1_drop0p2_trmiss50_trlocradio,25,0.4871427168448766,0.7013660073280334,0.4762931034482759,0.6949949694429131,0.4444444444444444,0.0,0.0,0.0,0.0,0.0,0.0,0.0,0.0,0.0,2002,radio,0.5
5,4,lr5e-05_bs16_modL1_fusion64_fusionL1_drop0p1_trmiss50_trlocradio,16,5e-05,1,64,1,0.1,lr5e-05_bs16_modL1_fusion64_fusionL1_drop0p1_trmiss50_trlocradio,1,0.7213207532962164,0.7004019419352213,0.5991379310344828,0.7508155653202339,0.5333333333333333,0.0,0.0,0.0,0.0,0.0,0.0,0.0,0.0,0.0,2002,radio,0.5
5,4,lr5e-05_bs16_modL1_fusion64_fusionL1_drop0p1_trmiss50_trlocradio,16,5e-05,1,64,1,0.1,lr5e-05_bs16_modL1_fusion64_fusionL1_drop0p1_trmiss50_trlocradio,2,0.7176373849312464,0.716212530930837,0.5625,0.7370429052858248,0.4666666666666667,0.0,0.0,0.0,0.0,0.0,0.0,0.0,0.0,0.0,2002,radio,0.5
5,4,lr5e-05_bs16_modL1_fusion64_fusionL1_drop0p1_trmiss50_trlocradio,16,5e-05,1,64,1,0.1,lr5e-05_bs16_modL1_fusion64_fusionL1_drop0p1_trmiss50_trlocradio,3,0.6918635467688242,0.7258666356404623,0.5711206896551725,0.7402890380816528,0.4222222222222222,0.0,0.0,0.0,0.0,0.0,0.0,0.0,0.0,0.0,2002,radio,0.5
5,4,lr5e-05_bs16_modL1_fusion64_fusionL1_drop0p1_trmiss50_trlocradio,16,5e-05,1,64,1,0.1,lr5e-05_bs16_modL1_fusion64_fusionL1_drop0p1_trmiss50_trlocradio,4,0.6727477163076401,0.7262787421544393,0.5560344827586207,0.7237240100881134,0.4666666666666667,0.0,0.0,0.0,0.0,0.0,0.0,0.0,0.0,0.0,2002,radio,0.5
5,4,lr5e-05_bs16_modL1_fusion64_fusionL1_drop0p1_trmiss50_trlocradio,16,5e-05,1,64,1,0.1,lr5e-05_bs16_modL1_fusion64_fusionL1_drop0p1_trmiss50_trlocradio,5,0.634359210729599,0.7338365515073141,0.5560344827586207,0.7196169069349899,0.4666666666666667,0.0,0.0,0.0,0.0,0.0,0.0,0.0,0.0,0.0,2002,radio,0.5
5,4,lr5e-05_bs16_modL1_fusion64_fusionL1_drop0p1_trmiss50_trlocradio,16,5e-05,1,64,1,0.1,lr5e-05_bs16_modL1_fusion64_fusionL1_drop0p1_trmiss50_trlocradio,6,0.6515689690907797,0.719962497552236,0.5775862068965517,0.7590496460607219,0.5333333333333333,0.0,0.0,0.0,0.0,0.0,0.0,0.0,0.0,0.0,2002,radio,0.5
5,4,lr5e-05_bs16_modL1_fusion64_fusionL1_drop0p1_trmiss50_trlocradio,16,5e-05,1,64,1,0.1,lr5e-05_bs16_modL1_fusion64_fusionL1_drop0p1_trmiss50_trlocradio,7,0.6249039967854818,0.724034309387207,0.540948275862069,0.7337682243046342,0.5111111111111111,0.0,0.0,0.0,0.0,0.0,0.0,0.0,0.0,0.0,2002,radio,0.5
5,4,lr5e-05_bs16_modL1_fusion64_fusionL1_drop0p1_trmiss50_trlocradio,16,5e-05,1,64,1,0.1,lr5e-05_bs16_modL1_fusion64_fusionL1_drop0p1_trmiss50_trlocradio,8,0.6128236750761668,0.745670219262441,0.521551724137931,0.7146624661749035,0.4888888888888889,0.0,0.0,0.0,0.0,0.0,0.0,0.0,0.0,0.0,2002,radio,0.5
5,4,lr5e-05_bs16_modL1_fusion64_fusionL1_drop0p1_trmiss50_trlocradio,16,5e-05,1,64,1,0.1,lr5e-05_bs16_modL1_fusion64_fusionL1_drop0p1_trmiss50_trlocradio,9,0.6088444093863169,0.743220309416453,0.5237068965517242,0.7157677593867039,0.4666666666666667,0.0,0.0,0.0,0.0,0.0,0.0,0.0,0.0,0.0,2002,radio,0.5
5,4,lr5e-05_bs16_modL1_fusion64_fusionL1_drop0p1_trmiss50_trlocradio,16,5e-05,1,64,1,0.1,lr5e-05_bs16_modL1_fusion64_fusionL1_drop0p1_trmiss50_trlocradio,10,0.6127587854862213,0.7301437457402548,0.5129310344827587,0.7123190438601341,0.4666666666666667,0.0,0.0,0.0,0.0,0.0,0.0,0.0,0.0,0.0,2002,radio,0.5
5,4,lr5e-05_bs16_modL1_fusion64_fusionL1_drop0p1_trmiss50_trlocradio,16,5e-05,1,64,1,0.1,lr5e-05_bs16_modL1_fusion64_fusionL1_drop0p1_trmiss50_trlocradio,11,0.5937189410130183,0.7264851530392965,0.5366379310344828,0.7193294800354058,0.4444444444444444,0.0,0.0,0.0,0.0,0.0,0.0,0.0,0.0,0.0,2002,radio,0.5
5,4,lr5e-05_bs16_modL1_fusion64_fusionL1_drop0p1_trmiss50_trlocradio,16,5e-05,1,64,1,0.1,lr5e-05_bs16_modL1_fusion64_fusionL1_drop0p1_trmiss50_trlocradio,12,0.5675962716341019,0.7336840033531189,0.5150862068965516,0.7056272076138379,0.4444444444444444,0.0,0.0,0.0,0.0,0.0,0.0,0.0,0.0,0.0,2002,radio,0.5
5,4,lr5e-05_bs16_modL1_fusion64_fusionL1_drop0p1_trmiss50_trlocradio,16,5e-05,1,64,1,0.1,lr5e-05_bs16_modL1_fusion64_fusionL1_drop0p1_trmiss50_trlocradio,13,0.5737584928671519,0.7363252441088358,0.5237068965517241,0.7088497437636863,0.4222222222222222,0.0,0.0,0.0,0.0,0.0,0.0,0.0,0.0,0.0,2002,radio,0.5
5,4,lr5e-05_bs16_modL1_fusion64_fusionL1_drop0p1_trmiss50_trlocradio,16,5e-05,1,64,1,0.1,lr5e-05_bs16_modL1_fusion64_fusionL1_drop0p1_trmiss50_trlocradio,14,0.5584091047445933,0.7379183967908224,0.5431034482758621,0.7194576021504739,0.4222222222222222,0.0,0.0,0.0,0.0,0.0,0.0,0.0,0.0,0.0,2002,radio,0.5
5,4,lr5e-05_bs16_modL1_fusion64_fusionL1_drop0p1_trmiss50_trlocradio,16,5e-05,1,64,1,0.1,lr5e-05_bs16_modL1_fusion64_fusionL1_drop0p1_trmiss50_trlocradio,15,0.5655491203069687,0.7306211789449056,0.5495689655172413,0.7207483433555286,0.4666666666666667,0.0,0.0,0.0,0.0,0.0,0.0,0.0,0.0,0.0,2002,radio,0.5
5,4,lr5e-05_bs16_modL1_fusion64_fusionL1_drop0p1_trmiss50_trlocradio,16,5e-05,1,64,1,0.1,lr5e-05_bs16_modL1_fusion64_fusionL1_drop0p1_trmiss50_trlocradio,16,0.5606672316789627,0.7286314169565836,0.5301724137931034,0.7183506109023294,0.4444444444444444,0.0,0.0,0.0,0.0,0.0,0.0,0.0,0.0,0.0,2002,radio,0.5
5,4,lr5e-05_bs16_modL1_fusion64_fusionL1_drop0p1_trmiss50_trlocradio,16,5e-05,1,64,1,0.1,lr5e-05_bs16_modL1_fusion64_fusionL1_drop0p1_trmiss50_trlocradio,17,0.5701396067937216,0.7361614306767782,0.5280172413793104,0.7154978925949302,0.4444444444444444,0.0,0.0,0.0,0.0,0.0,0.0,0.0,0.0,0.0,2002,radio,0.5
5,4,lr5e-05_bs16_modL1_fusion64_fusionL1_drop0p1_trmiss50_trlocradio,16,5e-05,1,64,1,0.1,lr5e-05_bs16_modL1_fusion64_fusionL1_drop0p1_trmiss50_trlocradio,18,0.5700904776652654,0.7444266478220621,0.5323275862068965,0.71879271753825,0.4444444444444444,0.0,0.0,0.0,0.0,0.0,0.0,0.0,0.0,0.0,2002,radio,0.5
5,4,lr5e-05_bs16_modL1_fusion64_fusionL1_drop0p1_trmiss50_trlocradio,16,5e-05,1,64,1,0.1,lr5e-05_bs16_modL1_fusion64_fusionL1_drop0p1_trmiss50_trlocradio,19,0.5674688667058945,0.7400671243667603,0.5344827586206897,0.7123430522661354,0.4444444444444444,0.0,0.0,0.0,0.0,0.0,0.0,0.0,0.0,0.0,2002,radio,0.5
5,4,lr5e-05_bs16_modL1_fusion64_fusionL1_drop0p1_trmiss50_trlocradio,16,5e-05,1,64,1,0.1,lr5e-05_bs16_modL1_fusion64_fusionL1_drop0p1_trmiss50_trlocradio,20,0.5528549899657568,0.7244303425153097,0.540948275862069,0.7130335000460729,0.4888888888888889,0.0,0.0,0.0,0.0,0.0,0.0,0.0,0.0,0.0,2002,radio,0.5
5,4,lr5e-05_bs16_modL1_fusion64_fusionL1_drop0p1_trmiss50_trlocradio,16,5e-05,1,64,1,0.1,lr5e-05_bs16_modL1_fusion64_fusionL1_drop0p1_trmiss50_trlocradio,21,0.5756049354871114,0.7403772672017416,0.5323275862068966,0.7120764074219098,0.4888888888888889,0.0,0.0,0.0,0.0,0.0,0.0,0.0,0.0,0.0,2002,radio,0.5
5,4,lr5e-05_bs16_modL1_fusion64_fusionL1_drop0p1_trmiss50_trlocradio,16,5e-05,1,64,1,0.1,lr5e-05_bs16_modL1_fusion64_fusionL1_drop0p1_trmiss50_trlocradio,22,0.5563436895608902,0.7349404096603394,0.5344827586206896,0.7095691623438546,0.5111111111111111,0.0,0.0,0.0,0.0,0.0,0.0,0.0,0.0,0.0,2002,radio,0.5
5,4,lr5e-05_bs16_modL1_fusion64_fusionL1_drop0p1_trmiss50_trlocradio,16,5e-05,1,64,1,0.1,lr5e-05_bs16_modL1_fusion64_fusionL1_drop0p1_trmiss50_trlocradio,23,0.5577777102589607,0.7315430839856466,0.5301724137931034,0.7172104445848573,0.4666666666666667,0.0,0.0,0.0,0.0,0.0,0.0,0.0,0.0,0.0,2002,radio,0.5
5,4,lr5e-05_bs16_modL1_fusion64_fusionL1_drop0p1_trmiss50_trlocradio,16,5e-05,1,64,1,0.1,lr5e-05_bs16_modL1_fusion64_fusionL1_drop0p1_trmiss50_trlocradio,24,0.5360648905237516,0.732216457525889,0.5258620689655172,0.7103297060089124,0.4666666666666667,0.0,0.0,0.0,0.0,0.0,0.0,0.0,0.0,0.0,2002,radio,0.5
5,4,lr5e-05_bs16_modL1_fusion64_fusionL1_drop0p1_trmiss50_trlocradio,16,5e-05,1,64,1,0.1,lr5e-05_bs16_modL1_fusion64_fusionL1_drop0p1_trmiss50_trlocradio,25,0.5684107492367426,0.7487697601318359,0.5172413793103449,0.7064179456155351,0.4666666666666667,0.0,0.0,0.0,0.0,0.0,0.0,0.0,0.0,0.0,2002,radio,0.5
5,4,lr5e-05_bs16_modL1_fusion64_fusionL1_drop0p1_trmiss50_trlocradio,16,5e-05,1,64,1,0.1,lr5e-05_bs16_modL1_fusion64_fusionL1_drop0p1_trmiss50_trlocradio,26,0.5327720095713934,0.7379719813664755,0.5301724137931034,0.7083462364871551,0.4888888888888889,0.0,0.0,0.0,0.0,0.0,0.0,0.0,0.0,0.0,2002,radio,0.5
5,4,lr1e-04_bs16_modL1_fusion32_fusionL1_drop0p2_trmiss50_trlocradio,16,0.0001,1,32,1,0.2,lr1e-04_bs16_modL1_fusion32_fusionL1_drop0p2_trmiss50_trlocradio,1,0.7395553042491277,0.7120973865191141,0.6573275862068966,0.7661032036478826,0.4,0.0,0.0,0.0,0.0,0.0,0.0,0.0,0.0,0.0,2002,radio,0.5
5,4,lr1e-04_bs16_modL1_fusion32_fusionL1_drop0p2_trmiss50_trlocradio,16,0.0001,1,32,1,0.2,lr1e-04_bs16_modL1_fusion32_fusionL1_drop0p2_trmiss50_trlocradio,2,0.7158568153778712,0.6930095354715983,0.6831896551724137,0.787396281009277,0.4888888888888889,0.0,0.0,0.0,0.0,0.0,0.0,0.0,0.0,0.0,2002,radio,0.5
5,4,lr1e-04_bs16_modL1_fusion32_fusionL1_drop0p2_trmiss50_trlocradio,16,0.0001,1,32,1,0.2,lr1e-04_bs16_modL1_fusion32_fusionL1_drop0p2_trmiss50_trlocradio,3,0.702866459886233,0.6931690176328024,0.6745689655172414,0.8020214222612683,0.4888888888888889,0.0,0.0,0.0,0.0,0.0,0.0,0.0,0.0,0.0,2002,radio,0.5
5,4,lr1e-04_bs16_modL1_fusion32_fusionL1_drop0p2_trmiss50_trlocradio,16,0.0001,1,32,1,0.2,lr1e-04_bs16_modL1_fusion32_fusionL1_drop0p2_trmiss50_trlocradio,4,0.676360418399175,0.6853867371877035,0.7025862068965518,0.8127466193633859,0.5333333333333333,0.0,0.0,0.0,0.0,0.0,0.0,0.0,0.0,0.0,2002,radio,0.5
5,4,lr1e-04_bs16_modL1_fusion32_fusionL1_drop0p2_trmiss50_trlocradio,16,0.0001,1,32,1,0.2,lr1e-04_bs16_modL1_fusion32_fusionL1_drop0p2_trmiss50_trlocradio,5,0.6735474665959676,0.6893659830093384,0.6594827586206897,0.7871714412811726,0.5333333333333333,0.0,0.0,0.0,0.0,0.0,0.0,0.0,0.0,0.0,2002,radio,0.5
5,4,lr1e-04_bs16_modL1_fusion32_fusionL1_drop0p2_trmiss50_trlocradio,16,0.0001,1,32,1,0.2,lr1e-04_bs16_modL1_fusion32_fusionL1_drop0p2_trmiss50_trlocradio,6,0.6208026260137558,0.6916859149932861,0.6379310344827587,0.7797600752853158,0.5111111111111111,0.0,0.0,0.0,0.0,0.0,0.0,0.0,0.0,0.0,2002,radio,0.5
5,4,lr1e-04_bs16_modL1_fusion32_fusionL1_drop0p2_trmiss50_trlocradio,16,0.0001,1,32,1,0.2,lr1e-04_bs16_modL1_fusion32_fusionL1_drop0p2_trmiss50_trlocradio,7,0.5937551707029343,0.6938964128494263,0.6293103448275862,0.7659286379857663,0.5555555555555556,0.0,0.0,0.0,0.0,0.0,0.0,0.0,0.0,0.0,2002,radio,0.5
5,4,lr1e-04_bs16_modL1_fusion32_fusionL1_drop0p2_trmiss50_trlocradio,16,0.0001,1,32,1,0.2,lr1e-04_bs16_modL1_fusion32_fusionL1_drop0p2_trmiss50_trlocradio,8,0.6204513063033422,0.6973189314206442,0.6099137931034484,0.7156561346532426,0.5555555555555556,0.0,0.0,0.0,0.0,0.0,0.0,0.0,0.0,0.0,2002,radio,0.5
5,4,lr1e-04_bs16_modL1_fusion32_fusionL1_drop0p2_trmiss50_trlocradio,16,0.0001,1,32,1,0.2,lr1e-04_bs16_modL1_fusion32_fusionL1_drop0p2_trmiss50_trlocradio,9,0.5935454368591309,0.7040276130040487,0.6120689655172413,0.7172357936965386,0.5111111111111111,0.0,0.0,0.0,0.0,0.0,0.0,0.0,0.0,0.0,2002,radio,0.5
5,4,lr1e-04_bs16_modL1_fusion32_fusionL1_drop0p2_trmiss50_trlocradio,16,0.0001,1,32,1,0.2,lr1e-04_bs16_modL1_fusion32_fusionL1_drop0p2_trmiss50_trlocradio,10,0.580137533446153,0.6974992354710897,0.5797413793103449,0.7004800130261222,0.6222222222222222,0.0,0.0,0.0,0.0,0.0,0.0,0.0,0.0,0.0,2002,radio,0.5
5,4,lr1e-04_bs16_modL1_fusion32_fusionL1_drop0p2_trmiss50_trlocradio,16,0.0001,1,32,1,0.2,lr1e-04_bs16_modL1_fusion32_fusionL1_drop0p2_trmiss50_trlocradio,11,0.5738064721226692,0.6927299896876017,0.6120689655172413,0.7220399413121815,0.5555555555555556,0.0,0.0,0.0,0.0,0.0,0.0,0.0,0.0,0.0,2002,radio,0.5
5,4,lr1e-04_bs16_modL1_fusion32_fusionL1_drop0p2_trmiss50_trlocradio,16,0.0001,1,32,1,0.2,lr1e-04_bs16_modL1_fusion32_fusionL1_drop0p2_trmiss50_trlocradio,12,0.5645600507656733,0.6918679674466451,0.603448275862069,0.7129133550504697,0.5777777777777777,0.0,0.0,0.0,0.0,0.0,0.0,0.0,0.0,0.0,2002,radio,0.5
5,4,lr1e-04_bs16_modL1_fusion32_fusionL1_drop0p2_trmiss50_trlocradio,16,0.0001,1,32,1,0.2,lr1e-04_bs16_modL1_fusion32_fusionL1_drop0p2_trmiss50_trlocradio,13,0.5465376079082489,0.6911892493565878,0.6077586206896552,0.7144728172090625,0.5777777777777777,0.0,0.0,0.0,0.0,0.0,0.0,0.0,0.0,0.0,2002,radio,0.5
5,4,lr1e-04_bs16_modL1_fusion32_fusionL1_drop0p2_trmiss50_trlocradio,16,0.0001,1,32,1,0.2,lr1e-04_bs16_modL1_fusion32_fusionL1_drop0p2_trmiss50_trlocradio,14,0.5473721325397491,0.6924113829930624,0.6163793103448276,0.7197265121834294,0.6,0.0,0.0,0.0,0.0,0.0,0.0,0.0,0.0,0.0,2002,radio,0.5
5,4,lr1e-04_bs16_modL1_fusion32_fusionL1_drop0p2_trmiss50_trlocradio,16,0.0001,1,32,1,0.2,lr1e-04_bs16_modL1_fusion32_fusionL1_drop0p2_trmiss50_trlocradio,15,0.5375966529051462,0.68342524766922,0.6271551724137931,0.7360529583993092,0.6444444444444445,0.0,0.0,0.0,0.0,0.0,0.0,0.0,0.0,0.0,2002,radio,0.5
5,4,lr1e-04_bs16_modL1_fusion32_fusionL1_drop0p2_trmiss50_trlocradio,16,0.0001,1,32,1,0.2,lr1e-04_bs16_modL1_fusion32_fusionL1_drop0p2_trmiss50_trlocradio,16,0.545840248465538,0.686327854792277,0.6400862068965516,0.7397009485416162,0.6222222222222222,0.0,0.0,0.0,0.0,0.0,0.0,0.0,0.0,0.0,2002,radio,0.5
5,4,lr1e-04_bs16_modL1_fusion32_fusionL1_drop0p2_trmiss50_trlocradio,16,0.0001,1,32,1,0.2,lr1e-04_bs16_modL1_fusion32_fusionL1_drop0p2_trmiss50_trlocradio,17,0.530534361799558,0.6855147878328959,0.6293103448275862,0.7194561703587283,0.6444444444444445,0.0,0.0,0.0,0.0,0.0,0.0,0.0,0.0,0.0,2002,radio,0.5
5,4,lr1e-04_bs16_modL1_fusion32_fusionL1_drop0p2_trmiss50_trlocradio,16,0.0001,1,32,1,0.2,lr1e-04_bs16_modL1_fusion32_fusionL1_drop0p2_trmiss50_trlocradio,18,0.5348949407537779,0.6829835772514343,0.625,0.7189187075848537,0.6222222222222222,0.0,0.0,0.0,0.0,0.0,0.0,0.0,0.0,0.0,2002,radio,0.5
5,4,lr1e-04_bs16_modL1_fusion32_fusionL1_drop0p2_trmiss50_trlocradio,16,0.0001,1,32,1,0.2,lr1e-04_bs16_modL1_fusion32_fusionL1_drop0p2_trmiss50_trlocradio,19,0.5345995475848516,0.6882197260856628,0.6120689655172414,0.713836527929541,0.6,0.0,0.0,0.0,0.0,0.0,0.0,0.0,0.0,0.0,2002,radio,0.5
5,4,lr1e-04_bs16_modL1_fusion32_fusionL1_drop0p2_trmiss50_trlocradio,16,0.0001,1,32,1,0.2,lr1e-04_bs16_modL1_fusion32_fusionL1_drop0p2_trmiss50_trlocradio,20,0.5226060723265012,0.6787841121355692,0.6206896551724138,0.7155513262553441,0.6,0.0,0.0,0.0,0.0,0.0,0.0,0.0,0.0,0.0,2002,radio,0.5
5,4,lr1e-04_bs16_modL1_fusion32_fusionL1_drop0p2_trmiss50_trlocradio,16,0.0001,1,32,1,0.2,lr1e-04_bs16_modL1_fusion32_fusionL1_drop0p2_trmiss50_trlocradio,21,0.4980931083361308,0.6774457494417826,0.6379310344827587,0.7374570200105033,0.5777777777777777,0.0,0.0,0.0,0.0,0.0,0.0,0.0,0.0,0.0,2002,radio,0.5
5,4,lr1e-04_bs16_modL1_fusion32_fusionL1_drop0p2_trmiss50_trlocradio,16,0.0001,1,32,1,0.2,lr1e-04_bs16_modL1_fusion32_fusionL1_drop0p2_trmiss50_trlocradio,22,0.5217554916938146,0.6931958198547363,0.6142241379310345,0.725833661551997,0.5333333333333333,0.0,0.0,0.0,0.0,0.0,0.0,0.0,0.0,0.0,2002,radio,0.5
5,4,lr1e-04_bs16_modL1_fusion32_fusionL1_drop0p2_trmiss50_trlocradio,16,0.0001,1,32,1,0.2,lr1e-04_bs16_modL1_fusion32_fusionL1_drop0p2_trmiss50_trlocradio,23,0.522906151910623,0.6795042554537455,0.6228448275862069,0.7181828482782471,0.6,0.0,0.0,0.0,0.0,0.0,0.0,0.0,0.0,0.0,2002,radio,0.5
5,4,lr1e-04_bs16_modL1_fusion32_fusionL1_drop0p2_trmiss50_trlocradio,16,0.0001,1,32,1,0.2,lr1e-04_bs16_modL1_fusion32_fusionL1_drop0p2_trmiss50_trlocradio,24,0.5071472426255544,0.6785283088684082,0.6228448275862069,0.7156416014432029,0.5777777777777777,0.0,0.0,0.0,0.0,0.0,0.0,0.0,0.0,0.0,2002,radio,0.5
5,4,lr1e-04_bs16_modL1_fusion32_fusionL1_drop0p2_trmiss50_trlocradio,16,0.0001,1,32,1,0.2,lr1e-04_bs16_modL1_fusion32_fusionL1_drop0p2_trmiss50_trlocradio,25,0.5198547840118408,0.6823302904764811,0.625,0.7424804536036528,0.5555555555555556,0.0,0.0,0.0,0.0,0.0,0.0,0.0,0.0,0.0,2002,radio,0.5
5,4,lr1e-04_bs16_modL1_fusion32_fusionL1_drop0p1_trmiss50_trlocradio,16,0.0001,1,32,1,0.1,lr1e-04_bs16_modL1_fusion32_fusionL1_drop0p1_trmiss50_trlocradio,1,0.7803367624680201,0.7293223738670349,0.3900862068965517,0.5993470645827114,0.35555555555555557,0.0,0.0,0.0,0.0,0.0,0.0,0.0,0.0,0.0,2002,radio,0.5
5,4,lr1e-04_bs16_modL1_fusion32_fusionL1_drop0p1_trmiss50_trlocradio,16,0.0001,1,32,1,0.1,lr1e-04_bs16_modL1_fusion32_fusionL1_drop0p1_trmiss50_trlocradio,2,0.699600746234258,0.7428755760192871,0.4116379310344827,0.5869529407622793,0.37777777777777777,0.0,0.0,0.0,0.0,0.0,0.0,0.0,0.0,0.0,2002,radio,0.5
5,4,lr1e-04_bs16_modL1_fusion32_fusionL1_drop0p1_trmiss50_trlocradio,16,0.0001,1,32,1,0.1,lr1e-04_bs16_modL1_fusion32_fusionL1_drop0p1_trmiss50_trlocradio,3,0.6708786090215048,0.7539645433425903,0.39655172413793105,0.5780563511904783,0.3333333333333333,0.0,0.0,0.0,0.0,0.0,0.0,0.0,0.0,0.0,2002,radio,0.5
5,4,lr1e-04_bs16_modL1_fusion32_fusionL1_drop0p1_trmiss50_trlocradio,16,0.0001,1,32,1,0.1,lr1e-04_bs16_modL1_fusion32_fusionL1_drop0p1_trmiss50_trlocradio,4,0.6294817179441452,0.7607442140579224,0.37715517241379315,0.5558968749638891,0.4,0.0,0.0,0.0,0.0,0.0,0.0,0.0,0.0,0.0,2002,radio,0.5
5,4,lr1e-04_bs16_modL1_fusion32_fusionL1_drop0p1_trmiss50_trlocradio,16,0.0001,1,32,1,0.1,lr1e-04_bs16_modL1_fusion32_fusionL1_drop0p1_trmiss50_trlocradio,5,0.609266459941864,0.7582188645998637,0.41163793103448276,0.5767379269636494,0.4,0.0,0.0,0.0,0.0,0.0,0.0,0.0,0.0,0.0,2002,radio,0.5
5,4,lr1e-04_bs16_modL1_fusion32_fusionL1_drop0p1_trmiss50_trlocradio,16,0.0001,1,32,1,0.1,lr1e-04_bs16_modL1_fusion32_fusionL1_drop0p1_trmiss50_trlocradio,6,0.5982941165566444,0.7602055072784424,0.4008620689655173,0.5755520742560106,0.35555555555555557,0.0,0.0,0.0,0.0,0.0,0.0,0.0,0.0,0.0,2002,radio,0.5
5,4,lr1e-04_bs16_modL1_fusion32_fusionL1_drop0p1_trmiss50_trlocradio,16,0.0001,1,32,1,0.1,lr1e-04_bs16_modL1_fusion32_fusionL1_drop0p1_trmiss50_trlocradio,7,0.5889855573574702,0.7482627828915914,0.4181034482758621,0.6009575255180306,0.4666666666666667,0.0,0.0,0.0,0.0,0.0,0.0,0.0,0.0,0.0,2002,radio,0.5
5,4,lr1e-04_bs16_modL1_fusion32_fusionL1_drop0p1_trmiss50_trlocradio,16,0.0001,1,32,1,0.1,lr1e-04_bs16_modL1_fusion32_fusionL1_drop0p1_trmiss50_trlocradio,8,0.5482998515168825,0.7544145981470743,0.40086206896551724,0.6014131130635672,0.4,0.0,0.0,0.0,0.0,0.0,0.0,0.0,0.0,0.0,2002,radio,0.5
5,4,lr1e-04_bs16_modL1_fusion32_fusionL1_drop0p1_trmiss50_trlocradio,16,0.0001,1,32,1,0.1,lr1e-04_bs16_modL1_fusion32_fusionL1_drop0p1_trmiss50_trlocradio,9,0.551617165406545,0.764796773592631,0.40948275862068967,0.6053466659000266,0.4444444444444444,0.0,0.0,0.0,0.0,0.0,0.0,0.0,0.0,0.0,2002,radio,0.5
5,4,lr1e-04_bs16_modL1_fusion32_fusionL1_drop0p1_trmiss50_trlocradio,16,0.0001,1,32,1,0.1,lr1e-04_bs16_modL1_fusion32_fusionL1_drop0p1_trmiss50_trlocradio,10,0.5318630958596865,0.7766033212343851,0.3814655172413793,0.5811585162867391,0.3333333333333333,0.0,0.0,0.0,0.0,0.0,0.0,0.0,0.0,0.0,2002,radio,0.5
5,4,lr1e-04_bs16_modL1_fusion32_fusionL1_drop0p1_trmiss50_trlocradio,16,0.0001,1,32,1,0.1,lr1e-04_bs16_modL1_fusion32_fusionL1_drop0p1_trmiss50_trlocradio,11,0.5426981126268705,0.7856874465942383,0.3879310344827586,0.5838287474459648,0.35555555555555557,0.0,0.0,0.0,0.0,0.0,0.0,0.0,0.0,0.0,2002,radio,0.5
5,4,lr1e-04_bs16_modL1_fusion32_fusionL1_drop0p1_trmiss50_trlocradio,16,0.0001,1,32,1,0.1,lr1e-04_bs16_modL1_fusion32_fusionL1_drop0p1_trmiss50_trlocradio,12,0.5372156749169031,0.7771081129709879,0.3987068965517241,0.5872461131961388,0.37777777777777777,0.0,0.0,0.0,0.0,0.0,0.0,0.0,0.0,0.0,2002,radio,0.5
5,4,lr1e-04_bs16_modL1_fusion32_fusionL1_drop0p1_trmiss50_trlocradio,16,0.0001,1,32,1,0.1,lr1e-04_bs16_modL1_fusion32_fusionL1_drop0p1_trmiss50_trlocradio,13,0.5171891500552496,0.7637874086697897,0.38577586206896547,0.5850624111133771,0.4,0.0,0.0,0.0,0.0,0.0,0.0,0.0,0.0,0.0,2002,radio,0.5
5,4,lr1e-04_bs16_modL1_fusion32_fusionL1_drop0p1_trmiss50_trlocradio,16,0.0001,1,32,1,0.1,lr1e-04_bs16_modL1_fusion32_fusionL1_drop0p1_trmiss50_trlocradio,14,0.5118050451080004,0.7724268635114034,0.4030172413793104,0.5899462209558715,0.37777777777777777,0.0,0.0,0.0,0.0,0.0,0.0,0.0,0.0,0.0,2002,radio,0.5
5,4,lr1e-04_bs16_modL1_fusion32_fusionL1_drop0p1_trmiss50_trlocradio,16,0.0001,1,32,1,0.1,lr1e-04_bs16_modL1_fusion32_fusionL1_drop0p1_trmiss50_trlocradio,15,0.48881616443395615,0.7692515850067139,0.3900862068965517,0.5915930575716888,0.3333333333333333,0.0,0.0,0.0,0.0,0.0,0.0,0.0,0.0,0.0,2002,radio,0.5
5,4,lr1e-04_bs16_modL1_fusion32_fusionL1_drop0p1_trmiss50_trlocradio,16,0.0001,1,32,1,0.1,lr1e-04_bs16_modL1_fusion32_fusionL1_drop0p1_trmiss50_trlocradio,16,0.518584152062734,0.777791957060496,0.36637931034482757,0.5760405205569881,0.3333333333333333,0.0,0.0,0.0,0.0,0.0,0.0,0.0,0.0,0.0,2002,radio,0.5
5,4,lr1e-04_bs16_modL1_fusion32_fusionL1_drop0p1_trmiss50_trlocradio,16,0.0001,1,32,1,0.1,lr1e-04_bs16_modL1_fusion32_fusionL1_drop0p1_trmiss50_trlocradio,17,0.47146423161029816,0.7825356523195902,0.3836206896551725,0.5845986542927908,0.3333333333333333,0.0,0.0,0.0,0.0,0.0,0.0,0.0,0.0,0.0,2002,radio,0.5
5,4,lr1e-04_bs16_modL1_fusion32_fusionL1_drop0p1_trmiss50_trlocradio,16,0.0001,1,32,1,0.1,lr1e-04_bs16_modL1_fusion32_fusionL1_drop0p1_trmiss50_trlocradio,18,0.49757735431194305,0.7793022791544596,0.3943965517241379,0.593702491748706,0.37777777777777777,0.0,0.0,0.0,0.0,0.0,0.0,0.0,0.0,0.0,2002,radio,0.5
5,4,lr1e-04_bs16_modL1_fusion32_fusionL1_drop0p1_trmiss50_trlocradio,16,0.0001,1,32,1,0.1,lr1e-04_bs16_modL1_fusion32_fusionL1_drop0p1_trmiss50_trlocradio,19,0.45726896077394485,0.7861925959587097,0.3943965517241379,0.5950173405622717,0.37777777777777777,0.0,0.0,0.0,0.0,0.0,0.0,0.0,0.0,0.0,2002,radio,0.5
5,4,lr1e-04_bs16_modL1_fusion32_fusionL1_drop0p1_trmiss50_trlocradio,16,0.0001,1,32,1,0.1,lr1e-04_bs16_modL1_fusion32_fusionL1_drop0p1_trmiss50_trlocradio,20,0.4826832190155983,0.7824950218200684,0.3793103448275862,0.578732098995352,0.37777777777777777,0.0,0.0,0.0,0.0,0.0,0.0,0.0,0.0,0.0,2002,radio,0.5
5,4,lr1e-04_bs16_modL1_fusion32_fusionL1_drop0p1_trmiss50_trlocradio,16,0.0001,1,32,1,0.1,lr1e-04_bs16_modL1_fusion32_fusionL1_drop0p1_trmiss50_trlocradio,21,0.48205819477637607,0.7875059247016907,0.39655172413793105,0.5911539768013008,0.4,0.0,0.0,0.0,0.0,0.0,0.0,0.0,0.0,0.0,2002,radio,0.5
5,4,lr1e-04_bs16_modL1_fusion32_fusionL1_drop0p1_trmiss50_trlocradio,16,0.0001,1,32,1,0.1,lr1e-04_bs16_modL1_fusion32_fusionL1_drop0p1_trmiss50_trlocradio,22,0.4686373993754387,0.7845130960146586,0.3728448275862069,0.5746951822509938,0.4,0.0,0.0,0.0,0.0,0.0,0.0,0.0,0.0,0.0,2002,radio,0.5
5,4,lr1e-04_bs16_modL1_fusion32_fusionL1_drop0p1_trmiss50_trlocradio,16,0.0001,1,32,1,0.1,lr1e-04_bs16_modL1_fusion32_fusionL1_drop0p1_trmiss50_trlocradio,23,0.4788987636566162,0.7844440340995789,0.4051724137931035,0.5874530088280214,0.37777777777777777,0.0,0.0,0.0,0.0,0.0,0.0,0.0,0.0,0.0,2002,radio,0.5
5,4,lr1e-04_bs16_modL1_fusion32_fusionL1_drop0p1_trmiss50_trlocradio,16,0.0001,1,32,1,0.1,lr1e-04_bs16_modL1_fusion32_fusionL1_drop0p1_trmiss50_trlocradio,24,0.4882391119996707,0.7826652924219767,0.3814655172413793,0.5853563742216259,0.4,0.0,0.0,0.0,0.0,0.0,0.0,0.0,0.0,0.0,2002,radio,0.5
5,4,lr1e-04_bs16_modL1_fusion32_fusionL1_drop0p1_trmiss50_trlocradio,16,0.0001,1,32,1,0.1,lr1e-04_bs16_modL1_fusion32_fusionL1_drop0p1_trmiss50_trlocradio,25,0.47293786456187564,0.7810011307398478,0.37068965517241376,0.5712444643626868,0.37777777777777777,0.0,0.0,0.0,0.0,0.0,0.0,0.0,0.0,0.0,2002,radio,0.5
5,4,lr1e-04_bs16_modL1_fusion32_fusionL1_drop0p1_trmiss50_trlocradio,16,0.0001,1,32,1,0.1,lr1e-04_bs16_modL1_fusion32_fusionL1_drop0p1_trmiss50_trlocradio,26,0.4679073840379715,0.785044252872467,0.3728448275862069,0.5846541209898808,0.37777777777777777,0.0,0.0,0.0,0.0,0.0,0.0,0.0,0.0,0.0,2002,radio,0.5
5,4,lr1e-04_bs16_modL1_fusion32_fusionL1_drop0p1_trmiss50_trlocradio,16,0.0001,1,32,1,0.1,lr1e-04_bs16_modL1_fusion32_fusionL1_drop0p1_trmiss50_trlocradio,27,0.44945800801118213,0.7760567466417948,0.375,0.5669195184092044,0.37777777777777777,0.0,0.0,0.0,0.0,0.0,0.0,0.0,0.0,0.0,2002,radio,0.5
5,4,lr1e-04_bs16_modL1_fusion64_fusionL1_drop0p2_trmiss50_trlocradio,16,0.0001,1,64,1,0.2,lr1e-04_bs16_modL1_fusion64_fusionL1_drop0p2_trmiss50_trlocradio,1,0.6890546182791392,0.687665601571401,0.4267241379310345,0.6747721743757272,0.5111111111111111,0.0,0.0,0.0,0.0,0.0,0.0,0.0,0.0,0.0,2002,radio,0.5
5,4,lr1e-04_bs16_modL1_fusion64_fusionL1_drop0p2_trmiss50_trlocradio,16,0.0001,1,64,1,0.2,lr1e-04_bs16_modL1_fusion64_fusionL1_drop0p2_trmiss50_trlocradio,2,0.6529546131690344,0.690261443456014,0.4418103448275862,0.6706515440534416,0.4888888888888889,0.0,0.0,0.0,0.0,0.0,0.0,0.0,0.0,0.0,2002,radio,0.5
5,4,lr1e-04_bs16_modL1_fusion64_fusionL1_drop0p2_trmiss50_trlocradio,16,0.0001,1,64,1,0.2,lr1e-04_bs16_modL1_fusion64_fusionL1_drop0p2_trmiss50_trlocradio,3,0.5984737351536751,0.6950077613194784,0.4202586206896552,0.6728503938823204,0.4444444444444444,0.0,0.0,0.0,0.0,0.0,0.0,0.0,0.0,0.0,2002,radio,0.5
5,4,lr1e-04_bs16_modL1_fusion64_fusionL1_drop0p2_trmiss50_trlocradio,16,0.0001,1,64,1,0.2,lr1e-04_bs16_modL1_fusion64_fusionL1_drop0p2_trmiss50_trlocradio,4,0.606070468823115,0.6946932276089987,0.4245689655172413,0.6764228037332408,0.4222222222222222,0.0,0.0,0.0,0.0,0.0,0.0,0.0,0.0,0.0,2002,radio,0.5
5,4,lr1e-04_bs16_modL1_fusion64_fusionL1_drop0p2_trmiss50_trlocradio,16,0.0001,1,64,1,0.2,lr1e-04_bs16_modL1_fusion64_fusionL1_drop0p2_trmiss50_trlocradio,5,0.5725379834572474,0.694392740726471,0.41810344827586204,0.6574798203632423,0.4222222222222222,0.0,0.0,0.0,0.0,0.0,0.0,0.0,0.0,0.0,2002,radio,0.5
5,4,lr1e-04_bs16_modL1_fusion64_fusionL1_drop0p2_trmiss50_trlocradio,16,0.0001,1,64,1,0.2,lr1e-04_bs16_modL1_fusion64_fusionL1_drop0p2_trmiss50_trlocradio,6,0.5648277203241984,0.6945534149805704,0.4202586206896552,0.6531625559185417,0.4888888888888889,0.0,0.0,0.0,0.0,0.0,0.0,0.0,0.0,0.0,2002,radio,0.5
5,4,lr1e-04_bs16_modL1_fusion64_fusionL1_drop0p2_trmiss50_trlocradio,16,0.0001,1,64,1,0.2,lr1e-04_bs16_modL1_fusion64_fusionL1_drop0p2_trmiss50_trlocradio,7,0.552897110581398,0.699917753537496,0.3857758620689655,0.6246472321722083,0.4666666666666667,0.0,0.0,0.0,0.0,0.0,0.0,0.0,0.0,0.0,2002,radio,0.5
5,4,lr1e-04_bs16_modL1_fusion64_fusionL1_drop0p2_trmiss50_trlocradio,16,0.0001,1,64,1,0.2,lr1e-04_bs16_modL1_fusion64_fusionL1_drop0p2_trmiss50_trlocradio,8,0.5406685322523117,0.7104388475418091,0.3814655172413794,0.6185267887433834,0.4444444444444444,0.0,0.0,0.0,0.0,0.0,0.0,0.0,0.0,0.0,2002,radio,0.5
5,4,lr1e-04_bs16_modL1_fusion64_fusionL1_drop0p2_trmiss50_trlocradio,16,0.0001,1,64,1,0.2,lr1e-04_bs16_modL1_fusion64_fusionL1_drop0p2_trmiss50_trlocradio,9,0.5441649258136749,0.7092365821202596,0.39439655172413796,0.6330399946946164,0.4,0.0,0.0,0.0,0.0,0.0,0.0,0.0,0.0,0.0,2002,radio,0.5
5,4,lr1e-04_bs16_modL1_fusion64_fusionL1_drop0p2_trmiss50_trlocradio,16,0.0001,1,64,1,0.2,lr1e-04_bs16_modL1_fusion64_fusionL1_drop0p2_trmiss50_trlocradio,10,0.5156397148966789,0.713594396909078,0.3857758620689655,0.611833072592136,0.4222222222222222,0.0,0.0,0.0,0.0,0.0,0.0,0.0,0.0,0.0,2002,radio,0.5
5,4,lr1e-04_bs16_modL1_fusion64_fusionL1_drop0p2_trmiss50_trlocradio,16,0.0001,1,64,1,0.2,lr1e-04_bs16_modL1_fusion64_fusionL1_drop0p2_trmiss50_trlocradio,11,0.49866766979297,0.7111815810203552,0.38577586206896547,0.6051652988172724,0.4222222222222222,0.0,0.0,0.0,0.0,0.0,0.0,0.0,0.0,0.0,2002,radio,0.5
5,4,lr1e-04_bs16_modL1_fusion64_fusionL1_drop0p2_trmiss50_trlocradio,16,0.0001,1,64,1,0.2,lr1e-04_bs16_modL1_fusion64_fusionL1_drop0p2_trmiss50_trlocradio,12,0.504461998740832,0.7124300996462504,0.4073275862068966,0.6414980384046334,0.4,0.0,0.0,0.0,0.0,0.0,0.0,0.0,0.0,0.0,2002,radio,0.5
5,4,lr1e-04_bs16_modL1_fusion64_fusionL1_drop0p2_trmiss50_trlocradio,16,0.0001,1,64,1,0.2,lr1e-04_bs16_modL1_fusion64_fusionL1_drop0p2_trmiss50_trlocradio,13,0.5095596487323443,0.7125020821889242,0.3706896551724138,0.6185811199218854,0.4666666666666667,0.0,0.0,0.0,0.0,0.0,0.0,0.0,0.0,0.0,2002,radio,0.5
5,4,lr1e-04_bs16_modL1_fusion64_fusionL1_drop0p2_trmiss50_trlocradio,16,0.0001,1,64,1,0.2,lr1e-04_bs16_modL1_fusion64_fusionL1_drop0p2_trmiss50_trlocradio,14,0.5043376808365186,0.7148901621500651,0.3728448275862069,0.6010373659045958,0.4888888888888889,0.0,0.0,0.0,0.0,0.0,0.0,0.0,0.0,0.0,2002,radio,0.5
5,4,lr1e-04_bs16_modL1_fusion64_fusionL1_drop0p2_trmiss50_trlocradio,16,0.0001,1,64,1,0.2,lr1e-04_bs16_modL1_fusion64_fusionL1_drop0p2_trmiss50_trlocradio,15,0.49249544491370517,0.7122789223988851,0.39224137931034486,0.6104710918793834,0.4444444444444444,0.0,0.0,0.0,0.0,0.0,0.0,0.0,0.0,0.0,2002,radio,0.5
5,4,lr1e-04_bs16_modL1_fusion64_fusionL1_drop0p2_trmiss50_trlocradio,16,0.0001,1,64,1,0.2,lr1e-04_bs16_modL1_fusion64_fusionL1_drop0p2_trmiss50_trlocradio,16,0.48339476188023883,0.7077605525652567,0.4051724137931035,0.6314736247338849,0.4444444444444444,0.0,0.0,0.0,0.0,0.0,0.0,0.0,0.0,0.0,2002,radio,0.5
5,4,lr1e-04_bs16_modL1_fusion64_fusionL1_drop0p2_trmiss50_trlocradio,16,0.0001,1,64,1,0.2,lr1e-04_bs16_modL1_fusion64_fusionL1_drop0p2_trmiss50_trlocradio,17,0.5082980369528135,0.7056902448336283,0.3857758620689655,0.607858485941545,0.5111111111111111,0.0,0.0,0.0,0.0,0.0,0.0,0.0,0.0,0.0,2002,radio,0.5
5,4,lr1e-04_bs16_modL1_fusion64_fusionL1_drop0p2_trmiss50_trlocradio,16,0.0001,1,64,1,0.2,lr1e-04_bs16_modL1_fusion64_fusionL1_drop0p2_trmiss50_trlocradio,18,0.47851618379354477,0.7098528742790222,0.37500000000000006,0.6163165457559687,0.5111111111111111,0.0,0.0,0.0,0.0,0.0,0.0,0.0,0.0,0.0,2002,radio,0.5
5,4,lr1e-04_bs16_modL1_fusion64_fusionL1_drop0p2_trmiss50_trlocradio,16,0.0001,1,64,1,0.2,lr1e-04_bs16_modL1_fusion64_fusionL1_drop0p2_trmiss50_trlocradio,19,0.4643128961324692,0.7067151467005411,0.375,0.6016995205239939,0.4666666666666667,0.0,0.0,0.0,0.0,0.0,0.0,0.0,0.0,0.0,2002,radio,0.5
5,4,lr1e-04_bs16_modL1_fusion64_fusionL1_drop0p2_trmiss50_trlocradio,16,0.0001,1,64,1,0.2,lr1e-04_bs16_modL1_fusion64_fusionL1_drop0p2_trmiss50_trlocradio,20,0.46590319524208706,0.7085220813751221,0.3793103448275862,0.6051219171894247,0.4666666666666667,0.0,0.0,0.0,0.0,0.0,0.0,0.0,0.0,0.0,2002,radio,0.5
5,4,lr1e-04_bs16_modL1_fusion64_fusionL1_drop0p2_trmiss50_trlocradio,16,0.0001,1,64,1,0.2,lr1e-04_bs16_modL1_fusion64_fusionL1_drop0p2_trmiss50_trlocradio,21,0.4622969478368759,0.7076763908068339,0.3900862068965517,0.6282717169953043,0.4888888888888889,0.0,0.0,0.0,0.0,0.0,0.0,0.0,0.0,0.0,2002,radio,0.5
5,4,lr1e-04_bs16_modL1_fusion64_fusionL1_drop0p2_trmiss50_trlocradio,16,0.0001,1,64,1,0.2,lr1e-04_bs16_modL1_fusion64_fusionL1_drop0p2_trmiss50_trlocradio,22,0.4814068327347438,0.7041483322779337,0.4051724137931035,0.6322896432256724,0.4888888888888889,0.0,0.0,0.0,0.0,0.0,0.0,0.0,0.0,0.0,2002,radio,0.5
5,4,lr1e-04_bs16_modL1_fusion64_fusionL1_drop0p2_trmiss50_trlocradio,16,0.0001,1,64,1,0.2,lr1e-04_bs16_modL1_fusion64_fusionL1_drop0p2_trmiss50_trlocradio,23,0.4523811588684718,0.7051989833513895,0.40086206896551724,0.6323266507976059,0.4888888888888889,0.0,0.0,0.0,0.0,0.0,0.0,0.0,0.0,0.0,2002,radio,0.5
5,4,lr1e-04_bs16_modL1_fusion64_fusionL1_drop0p2_trmiss50_trlocradio,16,0.0001,1,64,1,0.2,lr1e-04_bs16_modL1_fusion64_fusionL1_drop0p2_trmiss50_trlocradio,24,0.46639493604501087,0.7040189703305563,0.39870689655172414,0.6407634709723636,0.4444444444444444,0.0,0.0,0.0,0.0,0.0,0.0,0.0,0.0,0.0,2002,radio,0.5
5,4,lr1e-04_bs16_modL1_fusion64_fusionL1_drop0p2_trmiss50_trlocradio,16,0.0001,1,64,1,0.2,lr1e-04_bs16_modL1_fusion64_fusionL1_drop0p2_trmiss50_trlocradio,25,0.47659748295942944,0.7066078782081604,0.39439655172413796,0.6333285605945282,0.4666666666666667,0.0,0.0,0.0,0.0,0.0,0.0,0.0,0.0,0.0,2002,radio,0.5
5,4,lr1e-04_bs16_modL1_fusion64_fusionL1_drop0p2_trmiss50_trlocradio,16,0.0001,1,64,1,0.2,lr1e-04_bs16_modL1_fusion64_fusionL1_drop0p2_trmiss50_trlocradio,26,0.47951271136601764,0.7114944060643514,0.38146551724137934,0.605022958606967,0.4666666666666667,0.0,0.0,0.0,0.0,0.0,0.0,0.0,0.0,0.0,2002,radio,0.5
5,4,lr1e-04_bs16_modL1_fusion64_fusionL1_drop0p1_trmiss50_trlocradio,16,0.0001,1,64,1,0.1,lr1e-04_bs16_modL1_fusion64_fusionL1_drop0p1_trmiss50_trlocradio,1,0.8328744868437449,0.7274446288744608,0.5193965517241379,0.6546261891480307,0.3333333333333333,0.0,0.0,0.0,0.0,0.0,0.0,0.0,0.0,0.0,2002,radio,0.5
5,4,lr1e-04_bs16_modL1_fusion64_fusionL1_drop0p1_trmiss50_trlocradio,16,0.0001,1,64,1,0.1,lr1e-04_bs16_modL1_fusion64_fusionL1_drop0p1_trmiss50_trlocradio,2,0.7316648165384928,0.7672351400057474,0.5064655172413792,0.6444756914940567,0.3333333333333333,0.0,0.0,0.0,0.0,0.0,0.0,0.0,0.0,0.0,2002,radio,0.5
5,4,lr1e-04_bs16_modL1_fusion64_fusionL1_drop0p1_trmiss50_trlocradio,16,0.0001,1,64,1,0.1,lr1e-04_bs16_modL1_fusion64_fusionL1_drop0p1_trmiss50_trlocradio,3,0.7256823480129242,0.7824702262878418,0.5301724137931034,0.6552546502462837,0.3333333333333333,0.0,0.0,0.0,0.0,0.0,0.0,0.0,0.0,0.0,2002,radio,0.5
5,4,lr1e-04_bs16_modL1_fusion64_fusionL1_drop0p1_trmiss50_trlocradio,16,0.0001,1,64,1,0.1,lr1e-04_bs16_modL1_fusion64_fusionL1_drop0p1_trmiss50_trlocradio,4,0.6773179968198141,0.7782970468203226,0.560344827586207,0.6682839571698644,0.3333333333333333,0.0,0.0,0.0,0.0,0.0,0.0,0.0,0.0,0.0,2002,radio,0.5
5,4,lr1e-04_bs16_modL1_fusion64_fusionL1_drop0p1_trmiss50_trlocradio,16,0.0001,1,64,1,0.1,lr1e-04_bs16_modL1_fusion64_fusionL1_drop0p1_trmiss50_trlocradio,5,0.6553957412640253,0.7733141978581747,0.5064655172413793,0.6423975465826299,0.4,0.0,0.0,0.0,0.0,0.0,0.0,0.0,0.0,0.0,2002,radio,0.5
5,4,lr1e-04_bs16_modL1_fusion64_fusionL1_drop0p1_trmiss50_trlocradio,16,0.0001,1,64,1,0.1,lr1e-04_bs16_modL1_fusion64_fusionL1_drop0p1_trmiss50_trlocradio,6,0.6473838190237681,0.7778663635253906,0.5021551724137931,0.636450270121025,0.37777777777777777,0.0,0.0,0.0,0.0,0.0,0.0,0.0,0.0,0.0,2002,radio,0.5
5,4,lr1e-04_bs16_modL1_fusion64_fusionL1_drop0p1_trmiss50_trlocradio,16,0.0001,1,64,1,0.1,lr1e-04_bs16_modL1_fusion64_fusionL1_drop0p1_trmiss50_trlocradio,7,0.6217270990212759,0.7686104973157247,0.49784482758620696,0.6345244146780705,0.4222222222222222,0.0,0.0,0.0,0.0,0.0,0.0,0.0,0.0,0.0,2002,radio,0.5
5,4,lr1e-04_bs16_modL1_fusion64_fusionL1_drop0p1_trmiss50_trlocradio,16,0.0001,1,64,1,0.1,lr1e-04_bs16_modL1_fusion64_fusionL1_drop0p1_trmiss50_trlocradio,8,0.6175916567444801,0.7748796939849854,0.5172413793103448,0.6414744164438092,0.37777777777777777,0.0,0.0,0.0,0.0,0.0,0.0,0.0,0.0,0.0,2002,radio,0.5
5,4,lr1e-04_bs16_modL1_fusion64_fusionL1_drop0p1_trmiss50_trlocradio,16,0.0001,1,64,1,0.1,lr1e-04_bs16_modL1_fusion64_fusionL1_drop0p1_trmiss50_trlocradio,9,0.5941958377758662,0.7660364508628845,0.5193965517241379,0.6389175961956256,0.4,0.0,0.0,0.0,0.0,0.0,0.0,0.0,0.0,0.0,2002,radio,0.5
5,4,lr1e-04_bs16_modL1_fusion64_fusionL1_drop0p1_trmiss50_trlocradio,16,0.0001,1,64,1,0.1,lr1e-04_bs16_modL1_fusion64_fusionL1_drop0p1_trmiss50_trlocradio,10,0.6093782285849253,0.7707941929499308,0.5193965517241379,0.6422158111390224,0.4444444444444444,0.0,0.0,0.0,0.0,0.0,0.0,0.0,0.0,0.0,2002,radio,0.5
5,4,lr1e-04_bs16_modL1_fusion64_fusionL1_drop0p1_trmiss50_trlocradio,16,0.0001,1,64,1,0.1,lr1e-04_bs16_modL1_fusion64_fusionL1_drop0p1_trmiss50_trlocradio,11,0.5835009465614954,0.7642237146695455,0.5344827586206896,0.6508093671363397,0.4222222222222222,0.0,0.0,0.0,0.0,0.0,0.0,0.0,0.0,0.0,2002,radio,0.5
5,4,lr1e-04_bs16_modL1_fusion64_fusionL1_drop0p1_trmiss50_trlocradio,16,0.0001,1,64,1,0.1,lr1e-04_bs16_modL1_fusion64_fusionL1_drop0p1_trmiss50_trlocradio,12,0.5747420340776443,0.7595462997754415,0.5129310344827586,0.6425117150507903,0.4888888888888889,0.0,0.0,0.0,0.0,0.0,0.0,0.0,0.0,0.0,2002,radio,0.5
5,4,lr1e-04_bs16_modL1_fusion64_fusionL1_drop0p1_trmiss50_trlocradio,16,0.0001,1,64,1,0.1,lr1e-04_bs16_modL1_fusion64_fusionL1_drop0p1_trmiss50_trlocradio,13,0.5630975986520449,0.7591344714164734,0.5237068965517241,0.6468068924732278,0.4666666666666667,0.0,0.0,0.0,0.0,0.0,0.0,0.0,0.0,0.0,2002,radio,0.5
5,4,lr1e-04_bs16_modL1_fusion64_fusionL1_drop0p1_trmiss50_trlocradio,16,0.0001,1,64,1,0.1,lr1e-04_bs16_modL1_fusion64_fusionL1_drop0p1_trmiss50_trlocradio,14,0.5388267859816551,0.7463679711023966,0.5237068965517241,0.6565057489253582,0.5111111111111111,0.0,0.0,0.0,0.0,0.0,0.0,0.0,0.0,0.0,2002,radio,0.5
5,4,lr1e-04_bs16_modL1_fusion64_fusionL1_drop0p1_trmiss50_trlocradio,16,0.0001,1,64,1,0.1,lr1e-04_bs16_modL1_fusion64_fusionL1_drop0p1_trmiss50_trlocradio,15,0.5352138976256052,0.7457760771115621,0.5366379310344828,0.6676650173451412,0.4888888888888889,0.0,0.0,0.0,0.0,0.0,0.0,0.0,0.0,0.0,2002,radio,0.5
5,4,lr1e-04_bs16_modL1_fusion64_fusionL1_drop0p1_trmiss50_trlocradio,16,0.0001,1,64,1,0.1,lr1e-04_bs16_modL1_fusion64_fusionL1_drop0p1_trmiss50_trlocradio,16,0.5460009525219599,0.7478603720664978,0.5258620689655171,0.6539300651986041,0.4888888888888889,0.0,0.0,0.0,0.0,0.0,0.0,0.0,0.0,0.0,2002,radio,0.5
5,4,lr1e-04_bs16_modL1_fusion64_fusionL1_drop0p1_trmiss50_trlocradio,16,0.0001,1,64,1,0.1,lr1e-04_bs16_modL1_fusion64_fusionL1_drop0p1_trmiss50_trlocradio,17,0.5233768001198769,0.7447095314661661,0.5150862068965516,0.6574674682318555,0.5111111111111111,0.0,0.0,0.0,0.0,0.0,0.0,0.0,0.0,0.0,2002,radio,0.5
5,4,lr1e-04_bs16_modL1_fusion64_fusionL1_drop0p1_trmiss50_trlocradio,16,0.0001,1,64,1,0.1,lr1e-04_bs16_modL1_fusion64_fusionL1_drop0p1_trmiss50_trlocradio,18,0.5330720866719881,0.7598413825035095,0.5086206896551724,0.6570167491449384,0.4888888888888889,0.0,0.0,0.0,0.0,0.0,0.0,0.0,0.0,0.0,2002,radio,0.5
5,4,lr1e-04_bs16_modL1_fusion64_fusionL1_drop0p1_trmiss50_trlocradio,16,0.0001,1,64,1,0.1,lr1e-04_bs16_modL1_fusion64_fusionL1_drop0p1_trmiss50_trlocradio,19,0.5114965264995893,0.753049910068512,0.49353448275862066,0.649122847272831,0.4888888888888889,0.0,0.0,0.0,0.0,0.0,0.0,0.0,0.0,0.0,2002,radio,0.5
5,4,lr1e-04_bs16_modL1_fusion64_fusionL1_drop0p1_trmiss50_trlocradio,16,0.0001,1,64,1,0.1,lr1e-04_bs16_modL1_fusion64_fusionL1_drop0p1_trmiss50_trlocradio,20,0.4893217235803604,0.7529569665590922,0.4762931034482758,0.6311353864479411,0.4888888888888889,0.0,0.0,0.0,0.0,0.0,0.0,0.0,0.0,0.0,2002,radio,0.5
5,4,lr1e-04_bs16_modL1_fusion64_fusionL1_drop0p1_trmiss50_trlocradio,16,0.0001,1,64,1,0.1,lr1e-04_bs16_modL1_fusion64_fusionL1_drop0p1_trmiss50_trlocradio,21,0.5152773583928744,0.7526636521021525,0.5043103448275862,0.6553712584387111,0.5111111111111111,0.0,0.0,0.0,0.0,0.0,0.0,0.0,0.0,0.0,2002,radio,0.5
5,4,lr1e-04_bs16_modL1_fusion64_fusionL1_drop0p1_trmiss50_trlocradio,16,0.0001,1,64,1,0.1,lr1e-04_bs16_modL1_fusion64_fusionL1_drop0p1_trmiss50_trlocradio,22,0.5085812682906786,0.7605570356051127,0.5086206896551725,0.6613266290551563,0.5111111111111111,0.0,0.0,0.0,0.0,0.0,0.0,0.0,0.0,0.0,2002,radio,0.5
5,4,lr1e-04_bs16_modL1_fusion64_fusionL1_drop0p1_trmiss50_trlocradio,16,0.0001,1,64,1,0.1,lr1e-04_bs16_modL1_fusion64_fusionL1_drop0p1_trmiss50_trlocradio,23,0.5221009626984596,0.7584490180015564,0.502155172413793,0.6493167848983691,0.4888888888888889,0.0,0.0,0.0,0.0,0.0,0.0,0.0,0.0,0.0,2002,radio,0.5
5,4,lr1e-04_bs16_modL1_fusion64_fusionL1_drop0p1_trmiss50_trlocradio,16,0.0001,1,64,1,0.1,lr1e-04_bs16_modL1_fusion64_fusionL1_drop0p1_trmiss50_trlocradio,24,0.5395103444655737,0.7666517297426859,0.5129310344827587,0.6600273473758619,0.4444444444444444,0.0,0.0,0.0,0.0,0.0,0.0,0.0,0.0,0.0,2002,radio,0.5
5,4,lr1e-04_bs16_modL1_fusion64_fusionL1_drop0p1_trmiss50_trlocradio,16,0.0001,1,64,1,0.1,lr1e-04_bs16_modL1_fusion64_fusionL1_drop0p1_trmiss50_trlocradio,25,0.49263907472292584,0.7575795650482178,0.5043103448275862,0.65476299906382,0.4666666666666667,0.0,0.0,0.0,0.0,0.0,0.0,0.0,0.0,0.0,2002,radio,0.5
5,4,lr1e-04_bs16_modL1_fusion64_fusionL1_drop0p1_trmiss50_trlocradio,16,0.0001,1,64,1,0.1,lr1e-04_bs16_modL1_fusion64_fusionL1_drop0p1_trmiss50_trlocradio,26,0.49963026742140454,0.7572641968727112,0.4935344827586207,0.6490616895026584,0.4888888888888889,0.0,0.0,0.0,0.0,0.0,0.0,0.0,0.0,0.0,2002,radio,0.5
5,4,lr1e-04_bs16_modL1_fusion64_fusionL1_drop0p1_trmiss50_trlocradio,16,0.0001,1,64,1,0.1,lr1e-04_bs16_modL1_fusion64_fusionL1_drop0p1_trmiss50_trlocradio,27,0.5423313627640406,0.7560535271962484,0.4913793103448276,0.6453041955217176,0.4888888888888889,0.0,0.0,0.0,0.0,0.0,0.0,0.0,0.0,0.0,2002,radio,0.5
5,4,lr1e-04_bs16_modL1_fusion64_fusionL1_drop0p1_trmiss50_trlocradio,16,0.0001,1,64,1,0.1,lr1e-04_bs16_modL1_fusion64_fusionL1_drop0p1_trmiss50_trlocradio,28,0.4975593686103821,0.7508498827616373,0.4978448275862069,0.6418378591774138,0.4888888888888889,0.0,0.0,0.0,0.0,0.0,0.0,0.0,0.0,0.0,2002,radio,0.5
5,4,lr1e-04_bs16_modL1_fusion64_fusionL1_drop0p1_trmiss50_trlocradio,16,0.0001,1,64,1,0.1,lr1e-04_bs16_modL1_fusion64_fusionL1_drop0p1_trmiss50_trlocradio,29,0.5239178786675135,0.762361208597819,0.4827586206896552,0.6395961470000412,0.4888888888888889,0.0,0.0,0.0,0.0,0.0,0.0,0.0,0.0,0.0,2002,radio,0.5
5,4,lr1e-04_bs16_modL1_fusion64_fusionL1_drop0p1_trmiss50_trlocradio,16,0.0001,1,64,1,0.1,lr1e-04_bs16_modL1_fusion64_fusionL1_drop0p1_trmiss50_trlocradio,30,0.5179134656985601,0.7647417783737183,0.5043103448275862,0.6520186298541422,0.4666666666666667,0.0,0.0,0.0,0.0,0.0,0.0,0.0,0.0,0.0,2002,radio,0.5
5,4,lr1e-04_bs16_modL1_fusion64_fusionL1_drop0p1_trmiss50_trlocradio,16,0.0001,1,64,1,0.1,lr1e-04_bs16_modL1_fusion64_fusionL1_drop0p1_trmiss50_trlocradio,31,0.49816712985436123,0.7462008992830912,0.49568965517241376,0.6488460543037792,0.4666666666666667,0.0,0.0,0.0,0.0,0.0,0.0,0.0,0.0,0.0,2002,radio,0.5
5,4,lr1e-04_bs16_modL1_fusion64_fusionL1_drop0p1_trmiss50_trlocradio,16,0.0001,1,64,1,0.1,lr1e-04_bs16_modL1_fusion64_fusionL1_drop0p1_trmiss50_trlocradio,32,0.5291836981972059,0.7622861266136169,0.4935344827586207,0.6475461764765317,0.4666666666666667,0.0,0.0,0.0,0.0,0.0,0.0,0.0,0.0,0.0,2002,radio,0.5
5,4,lr1e-04_bs16_modL1_fusion64_fusionL1_drop0p1_trmiss50_trlocradio,16,0.0001,1,64,1,0.1,lr1e-04_bs16_modL1_fusion64_fusionL1_drop0p1_trmiss50_trlocradio,33,0.5092141926288605,0.7619604667027792,0.5086206896551724,0.6571918224464647,0.4888888888888889,0.0,0.0,0.0,0.0,0.0,0.0,0.0,0.0,0.0,2002,radio,0.5
5,4,lr1e-04_bs16_modL1_fusion64_fusionL1_drop0p1_trmiss50_trlocradio,16,0.0001,1,64,1,0.1,lr1e-04_bs16_modL1_fusion64_fusionL1_drop0p1_trmiss50_trlocradio,34,0.5038714831074079,0.7567616701126099,0.47844827586206895,0.6395083953381913,0.4666666666666667,0.0,0.0,0.0,0.0,0.0,0.0,0.0,0.0,0.0,2002,radio,0.5
5,4,lr1e-04_bs16_modL1_fusion64_fusionL1_drop0p1_trmiss50_trlocradio,16,0.0001,1,64,1,0.1,lr1e-04_bs16_modL1_fusion64_fusionL1_drop0p1_trmiss50_trlocradio,35,0.5293586179614067,0.7629990776379904,0.4913793103448276,0.6464103323861841,0.4888888888888889,0.0,0.0,0.0,0.0,0.0,0.0,0.0,0.0,0.0,2002,radio,0.5
5,4,lr5e-05_bs32_modL1_fusion32_fusionL1_drop0p2_trmiss50_trlocradio,32,5e-05,1,32,1,0.2,lr5e-05_bs32_modL1_fusion32_fusionL1_drop0p2_trmiss50_trlocradio,1,0.7414774298667908,0.6904004216194153,0.5,0.6357630608615743,0.6,0.0,0.0,0.0,0.0,0.0,0.0,0.0,0.0,0.0,2002,radio,0.5
5,4,lr5e-05_bs32_modL1_fusion32_fusionL1_drop0p2_trmiss50_trlocradio,32,5e-05,1,32,1,0.2,lr5e-05_bs32_modL1_fusion32_fusionL1_drop0p2_trmiss50_trlocradio,2,0.6953031023343405,0.6916741728782654,0.5086206896551725,0.6350405882808277,0.5777777777777777,0.0,0.0,0.0,0.0,0.0,0.0,0.0,0.0,0.0,2002,radio,0.5
5,4,lr5e-05_bs32_modL1_fusion32_fusionL1_drop0p2_trmiss50_trlocradio,32,5e-05,1,32,1,0.2,lr5e-05_bs32_modL1_fusion32_fusionL1_drop0p2_trmiss50_trlocradio,3,0.6900544265906016,0.6935682892799377,0.5064655172413792,0.6320489801493552,0.5777777777777777,0.0,0.0,0.0,0.0,0.0,0.0,0.0,0.0,0.0,2002,radio,0.5
5,4,lr5e-05_bs32_modL1_fusion32_fusionL1_drop0p2_trmiss50_trlocradio,32,5e-05,1,32,1,0.2,lr5e-05_bs32_modL1_fusion32_fusionL1_drop0p2_trmiss50_trlocradio,4,0.6698973874251047,0.6975216269493103,0.5323275862068965,0.6490795121632587,0.5333333333333333,0.0,0.0,0.0,0.0,0.0,0.0,0.0,0.0,0.0,2002,radio,0.5
5,4,lr5e-05_bs32_modL1_fusion32_fusionL1_drop0p2_trmiss50_trlocradio,32,5e-05,1,32,1,0.2,lr5e-05_bs32_modL1_fusion32_fusionL1_drop0p2_trmiss50_trlocradio,5,0.65504718820254,0.6982861161231995,0.5301724137931034,0.64929100613822,0.5555555555555556,0.0,0.0,0.0,0.0,0.0,0.0,0.0,0.0,0.0,2002,radio,0.5
5,4,lr5e-05_bs32_modL1_fusion32_fusionL1_drop0p2_trmiss50_trlocradio,32,5e-05,1,32,1,0.2,lr5e-05_bs32_modL1_fusion32_fusionL1_drop0p2_trmiss50_trlocradio,6,0.6462642550468445,0.6956828534603119,0.540948275862069,0.6570698780252965,0.5777777777777777,0.0,0.0,0.0,0.0,0.0,0.0,0.0,0.0,0.0,2002,radio,0.5
5,4,lr5e-05_bs32_modL1_fusion32_fusionL1_drop0p2_trmiss50_trlocradio,32,5e-05,1,32,1,0.2,lr5e-05_bs32_modL1_fusion32_fusionL1_drop0p2_trmiss50_trlocradio,7,0.6383450527985891,0.6923285722732544,0.5517241379310345,0.6817319408947984,0.5555555555555556,0.0,0.0,0.0,0.0,0.0,0.0,0.0,0.0,0.0,2002,radio,0.5
5,4,lr5e-05_bs32_modL1_fusion32_fusionL1_drop0p2_trmiss50_trlocradio,32,5e-05,1,32,1,0.2,lr5e-05_bs32_modL1_fusion32_fusionL1_drop0p2_trmiss50_trlocradio,8,0.6444996992746989,0.6922272443771362,0.5538793103448276,0.6822229040205955,0.5555555555555556,0.0,0.0,0.0,0.0,0.0,0.0,0.0,0.0,0.0,2002,radio,0.5
5,4,lr5e-05_bs32_modL1_fusion32_fusionL1_drop0p2_trmiss50_trlocradio,32,5e-05,1,32,1,0.2,lr5e-05_bs32_modL1_fusion32_fusionL1_drop0p2_trmiss50_trlocradio,9,0.6260691781838735,0.6897048354148865,0.5560344827586207,0.683661696749614,0.5333333333333333,0.0,0.0,0.0,0.0,0.0,0.0,0.0,0.0,0.0,2002,radio,0.5
5,4,lr5e-05_bs32_modL1_fusion32_fusionL1_drop0p2_trmiss50_trlocradio,32,5e-05,1,32,1,0.2,lr5e-05_bs32_modL1_fusion32_fusionL1_drop0p2_trmiss50_trlocradio,10,0.6226644714673361,0.6881701946258545,0.5560344827586207,0.6841133754414114,0.5555555555555556,0.0,0.0,0.0,0.0,0.0,0.0,0.0,0.0,0.0,2002,radio,0.5
5,4,lr5e-05_bs32_modL1_fusion32_fusionL1_drop0p2_trmiss50_trlocradio,32,5e-05,1,32,1,0.2,lr5e-05_bs32_modL1_fusion32_fusionL1_drop0p2_trmiss50_trlocradio,11,0.628507008155187,0.6882115006446838,0.5517241379310345,0.6823309452520624,0.5555555555555556,0.0,0.0,0.0,0.0,0.0,0.0,0.0,0.0,0.0,2002,radio,0.5
5,4,lr5e-05_bs32_modL1_fusion32_fusionL1_drop0p2_trmiss50_trlocradio,32,5e-05,1,32,1,0.2,lr5e-05_bs32_modL1_fusion32_fusionL1_drop0p2_trmiss50_trlocradio,12,0.6182752450307211,0.6872414350509644,0.5517241379310345,0.6809047676043101,0.5555555555555556,0.0,0.0,0.0,0.0,0.0,0.0,0.0,0.0,0.0,2002,radio,0.5
5,4,lr5e-05_bs32_modL1_fusion32_fusionL1_drop0p2_trmiss50_trlocradio,32,5e-05,1,32,1,0.2,lr5e-05_bs32_modL1_fusion32_fusionL1_drop0p2_trmiss50_trlocradio,13,0.604420801003774,0.6843101382255554,0.5560344827586207,0.6863714226418934,0.5333333333333333,0.0,0.0,0.0,0.0,0.0,0.0,0.0,0.0,0.0,2002,radio,0.5
5,4,lr5e-05_bs32_modL1_fusion32_fusionL1_drop0p2_trmiss50_trlocradio,32,5e-05,1,32,1,0.2,lr5e-05_bs32_modL1_fusion32_fusionL1_drop0p2_trmiss50_trlocradio,14,0.6029190619786581,0.6832563877105713,0.5581896551724138,0.6882423023167659,0.5111111111111111,0.0,0.0,0.0,0.0,0.0,0.0,0.0,0.0,0.0,2002,radio,0.5
5,4,lr5e-05_bs32_modL1_fusion32_fusionL1_drop0p2_trmiss50_trlocradio,32,5e-05,1,32,1,0.2,lr5e-05_bs32_modL1_fusion32_fusionL1_drop0p2_trmiss50_trlocradio,15,0.6195204158624014,0.6806538701057434,0.5625,0.7044826486734996,0.5333333333333333,0.0,0.0,0.0,0.0,0.0,0.0,0.0,0.0,0.0,2002,radio,0.5
5,4,lr5e-05_bs32_modL1_fusion32_fusionL1_drop0p2_trmiss50_trlocradio,32,5e-05,1,32,1,0.2,lr5e-05_bs32_modL1_fusion32_fusionL1_drop0p2_trmiss50_trlocradio,16,0.5841179291407267,0.6789012849330902,0.564655172413793,0.7050977126720753,0.5555555555555556,0.0,0.0,0.0,0.0,0.0,0.0,0.0,0.0,0.0,2002,radio,0.5
5,4,lr5e-05_bs32_modL1_fusion32_fusionL1_drop0p2_trmiss50_trlocradio,32,5e-05,1,32,1,0.2,lr5e-05_bs32_modL1_fusion32_fusionL1_drop0p2_trmiss50_trlocradio,17,0.5923887689908346,0.6810156106948853,0.5581896551724137,0.7048303991520284,0.5111111111111111,0.0,0.0,0.0,0.0,0.0,0.0,0.0,0.0,0.0,2002,radio,0.5
5,4,lr5e-05_bs32_modL1_fusion32_fusionL1_drop0p2_trmiss50_trlocradio,32,5e-05,1,32,1,0.2,lr5e-05_bs32_modL1_fusion32_fusionL1_drop0p2_trmiss50_trlocradio,18,0.5893917083740234,0.6823377907276154,0.5538793103448275,0.70322357106296,0.5111111111111111,0.0,0.0,0.0,0.0,0.0,0.0,0.0,0.0,0.0,2002,radio,0.5
5,4,lr5e-05_bs32_modL1_fusion32_fusionL1_drop0p2_trmiss50_trlocradio,32,5e-05,1,32,1,0.2,lr5e-05_bs32_modL1_fusion32_fusionL1_drop0p2_trmiss50_trlocradio,19,0.5812881886959076,0.6799851655960083,0.5560344827586207,0.7092206415983064,0.5333333333333333,0.0,0.0,0.0,0.0,0.0,0.0,0.0,0.0,0.0,2002,radio,0.5
5,4,lr5e-05_bs32_modL1_fusion32_fusionL1_drop0p2_trmiss50_trlocradio,32,5e-05,1,32,1,0.2,lr5e-05_bs32_modL1_fusion32_fusionL1_drop0p2_trmiss50_trlocradio,20,0.5714765787124634,0.6784343421459198,0.564655172413793,0.7143231542752826,0.5111111111111111,0.0,0.0,0.0,0.0,0.0,0.0,0.0,0.0,0.0,2002,radio,0.5
5,4,lr5e-05_bs32_modL1_fusion32_fusionL1_drop0p2_trmiss50_trlocradio,32,5e-05,1,32,1,0.2,lr5e-05_bs32_modL1_fusion32_fusionL1_drop0p2_trmiss50_trlocradio,21,0.5784015456835429,0.6766308844089508,0.5711206896551724,0.7136565310491635,0.5333333333333333,0.0,0.0,0.0,0.0,0.0,0.0,0.0,0.0,0.0,2002,radio,0.5
5,4,lr5e-05_bs32_modL1_fusion32_fusionL1_drop0p2_trmiss50_trlocradio,32,5e-05,1,32,1,0.2,lr5e-05_bs32_modL1_fusion32_fusionL1_drop0p2_trmiss50_trlocradio,22,0.5741840501626333,0.6755471229553223,0.5732758620689655,0.711958815635892,0.5333333333333333,0.0,0.0,0.0,0.0,0.0,0.0,0.0,0.0,0.0,2002,radio,0.5
5,4,lr5e-05_bs32_modL1_fusion32_fusionL1_drop0p2_trmiss50_trlocradio,32,5e-05,1,32,1,0.2,lr5e-05_bs32_modL1_fusion32_fusionL1_drop0p2_trmiss50_trlocradio,23,0.5585130850474039,0.6757083833217621,0.584051724137931,0.7197090158079045,0.5111111111111111,0.0,0.0,0.0,0.0,0.0,0.0,0.0,0.0,0.0,2002,radio,0.5
5,4,lr5e-05_bs32_modL1_fusion32_fusionL1_drop0p2_trmiss50_trlocradio,32,5e-05,1,32,1,0.2,lr5e-05_bs32_modL1_fusion32_fusionL1_drop0p2_trmiss50_trlocradio,24,0.5766411324342092,0.675228476524353,0.5754310344827587,0.7166290030647001,0.5111111111111111,0.0,0.0,0.0,0.0,0.0,0.0,0.0,0.0,0.0,2002,radio,0.5
5,4,lr5e-05_bs32_modL1_fusion32_fusionL1_drop0p2_trmiss50_trlocradio,32,5e-05,1,32,1,0.2,lr5e-05_bs32_modL1_fusion32_fusionL1_drop0p2_trmiss50_trlocradio,25,0.5644112130006155,0.678076833486557,0.5711206896551725,0.7090123217845798,0.5111111111111111,0.0,0.0,0.0,0.0,0.0,0.0,0.0,0.0,0.0,2002,radio,0.5
5,4,lr5e-05_bs32_modL1_fusion32_fusionL1_drop0p2_trmiss50_trlocradio,32,5e-05,1,32,1,0.2,lr5e-05_bs32_modL1_fusion32_fusionL1_drop0p2_trmiss50_trlocradio,26,0.5627243916193644,0.6780104637145996,0.5754310344827586,0.7223253576000425,0.5111111111111111,0.0,0.0,0.0,0.0,0.0,0.0,0.0,0.0,0.0,2002,radio,0.5
5,4,lr5e-05_bs32_modL1_fusion32_fusionL1_drop0p2_trmiss50_trlocradio,32,5e-05,1,32,1,0.2,lr5e-05_bs32_modL1_fusion32_fusionL1_drop0p2_trmiss50_trlocradio,27,0.562631626923879,0.6761605441570282,0.5754310344827587,0.719598506115693,0.5111111111111111,0.0,0.0,0.0,0.0,0.0,0.0,0.0,0.0,0.0,2002,radio,0.5
5,4,lr5e-05_bs32_modL1_fusion32_fusionL1_drop0p2_trmiss50_trlocradio,32,5e-05,1,32,1,0.2,lr5e-05_bs32_modL1_fusion32_fusionL1_drop0p2_trmiss50_trlocradio,28,0.5501626233259836,0.6791194081306458,0.5560344827586207,0.7139740271061913,0.5111111111111111,0.0,0.0,0.0,0.0,0.0,0.0,0.0,0.0,0.0,2002,radio,0.5
5,4,lr5e-05_bs32_modL1_fusion32_fusionL1_drop0p2_trmiss50_trlocradio,32,5e-05,1,32,1,0.2,lr5e-05_bs32_modL1_fusion32_fusionL1_drop0p2_trmiss50_trlocradio,29,0.5513346691926321,0.6812321543693542,0.5452586206896551,0.7087050879508517,0.5111111111111111,0.0,0.0,0.0,0.0,0.0,0.0,0.0,0.0,0.0,2002,radio,0.5
5,4,lr5e-05_bs32_modL1_fusion32_fusionL1_drop0p2_trmiss50_trlocradio,32,5e-05,1,32,1,0.2,lr5e-05_bs32_modL1_fusion32_fusionL1_drop0p2_trmiss50_trlocradio,30,0.5413010021050771,0.6847375929355621,0.5280172413793103,0.7007338589626478,0.5111111111111111,0.0,0.0,0.0,0.0,0.0,0.0,0.0,0.0,0.0,2002,radio,0.5
5,4,lr5e-05_bs32_modL1_fusion32_fusionL1_drop0p2_trmiss50_trlocradio,32,5e-05,1,32,1,0.2,lr5e-05_bs32_modL1_fusion32_fusionL1_drop0p2_trmiss50_trlocradio,31,0.5456605950991312,0.6871494352817535,0.5344827586206896,0.6951158490673419,0.5111111111111111,0.0,0.0,0.0,0.0,0.0,0.0,0.0,0.0,0.0,2002,radio,0.5
5,4,lr5e-05_bs32_modL1_fusion32_fusionL1_drop0p2_trmiss50_trlocradio,32,5e-05,1,32,1,0.2,lr5e-05_bs32_modL1_fusion32_fusionL1_drop0p2_trmiss50_trlocradio,32,0.539466381072998,0.6883919835090637,0.5258620689655172,0.6921694837933905,0.5111111111111111,0.0,0.0,0.0,0.0,0.0,0.0,0.0,0.0,0.0,2002,radio,0.5
5,4,lr5e-05_bs32_modL1_fusion32_fusionL1_drop0p2_trmiss50_trlocradio,32,5e-05,1,32,1,0.2,lr5e-05_bs32_modL1_fusion32_fusionL1_drop0p2_trmiss50_trlocradio,33,0.5401217341423035,0.6882249712944031,0.521551724137931,0.6883042383310489,0.5111111111111111,0.0,0.0,0.0,0.0,0.0,0.0,0.0,0.0,0.0,2002,radio,0.5
5,4,lr5e-05_bs32_modL1_fusion32_fusionL1_drop0p2_trmiss50_trlocradio,32,5e-05,1,32,1,0.2,lr5e-05_bs32_modL1_fusion32_fusionL1_drop0p2_trmiss50_trlocradio,34,0.535728727777799,0.6862502992153168,0.5301724137931034,0.691405395838578,0.5111111111111111,0.0,0.0,0.0,0.0,0.0,0.0,0.0,0.0,0.0,2002,radio,0.5
5,4,lr5e-05_bs32_modL1_fusion32_fusionL1_drop0p2_trmiss50_trlocradio,32,5e-05,1,32,1,0.2,lr5e-05_bs32_modL1_fusion32_fusionL1_drop0p2_trmiss50_trlocradio,35,0.5220794131358465,0.683801144361496,0.5344827586206897,0.6959538511918941,0.5333333333333333,0.0,0.0,0.0,0.0,0.0,0.0,0.0,0.0,0.0,2002,radio,0.5
5,4,lr5e-05_bs32_modL1_fusion32_fusionL1_drop0p2_trmiss50_trlocradio,32,5e-05,1,32,1,0.2,lr5e-05_bs32_modL1_fusion32_fusionL1_drop0p2_trmiss50_trlocradio,36,0.5323397119839987,0.6840803027153015,0.5452586206896551,0.7065440182626418,0.5111111111111111,0.0,0.0,0.0,0.0,0.0,0.0,0.0,0.0,0.0,2002,radio,0.5
5,4,lr5e-05_bs32_modL1_fusion32_fusionL1_drop0p2_trmiss50_trlocradio,32,5e-05,1,32,1,0.2,lr5e-05_bs32_modL1_fusion32_fusionL1_drop0p2_trmiss50_trlocradio,37,0.5213803301254908,0.6835382580757141,0.5495689655172413,0.7104420646606882,0.5111111111111111,0.0,0.0,0.0,0.0,0.0,0.0,0.0,0.0,0.0,2002,radio,0.5
5,4,lr5e-05_bs32_modL1_fusion32_fusionL1_drop0p2_trmiss50_trlocradio,32,5e-05,1,32,1,0.2,lr5e-05_bs32_modL1_fusion32_fusionL1_drop0p2_trmiss50_trlocradio,38,0.543417031566302,0.6836918294429779,0.5280172413793104,0.6941481427881767,0.5111111111111111,0.0,0.0,0.0,0.0,0.0,0.0,0.0,0.0,0.0,2002,radio,0.5
5,4,lr5e-05_bs32_modL1_fusion32_fusionL1_drop0p2_trmiss50_trlocradio,32,5e-05,1,32,1,0.2,lr5e-05_bs32_modL1_fusion32_fusionL1_drop0p2_trmiss50_trlocradio,39,0.5327578286329905,0.6849099695682526,0.5258620689655172,0.693842162242463,0.5111111111111111,0.0,0.0,0.0,0.0,0.0,0.0,0.0,0.0,0.0,2002,radio,0.5
5,4,lr5e-05_bs32_modL1_fusion32_fusionL1_drop0p2_trmiss50_trlocradio,32,5e-05,1,32,1,0.2,lr5e-05_bs32_modL1_fusion32_fusionL1_drop0p2_trmiss50_trlocradio,40,0.53118497133255,0.6848394572734833,0.5323275862068966,0.6918135309911455,0.5111111111111111,0.0,0.0,0.0,0.0,0.0,0.0,0.0,0.0,0.0,2002,radio,0.5
5,4,lr5e-05_bs32_modL1_fusion32_fusionL1_drop0p2_trmiss50_trlocradio,32,5e-05,1,32,1,0.2,lr5e-05_bs32_modL1_fusion32_fusionL1_drop0p2_trmiss50_trlocradio,41,0.5396281083424886,0.6866977214813232,0.5344827586206896,0.6926977042891119,0.5111111111111111,0.0,0.0,0.0,0.0,0.0,0.0,0.0,0.0,0.0,2002,radio,0.5
5,4,lr5e-05_bs32_modL1_fusion32_fusionL1_drop0p2_trmiss50_trlocradio,32,5e-05,1,32,1,0.2,lr5e-05_bs32_modL1_fusion32_fusionL1_drop0p2_trmiss50_trlocradio,42,0.536373128493627,0.6881093084812164,0.5301724137931034,0.6927755891470205,0.5111111111111111,0.0,0.0,0.0,0.0,0.0,0.0,0.0,0.0,0.0,2002,radio,0.5
5,4,lr5e-05_bs32_modL1_fusion32_fusionL1_drop0p2_trmiss50_trlocradio,32,5e-05,1,32,1,0.2,lr5e-05_bs32_modL1_fusion32_fusionL1_drop0p2_trmiss50_trlocradio,43,0.5398673415184021,0.6880277693271637,0.5237068965517242,0.6891621639958051,0.5111111111111111,0.0,0.0,0.0,0.0,0.0,0.0,0.0,0.0,0.0,2002,radio,0.5
5,4,lr5e-05_bs32_modL1_fusion32_fusionL1_drop0p1_trmiss50_trlocradio,32,5e-05,1,32,1,0.1,lr5e-05_bs32_modL1_fusion32_fusionL1_drop0p1_trmiss50_trlocradio,1,0.7275562882423401,0.683986097574234,0.41594827586206895,0.634224580514098,0.5777777777777777,0.0,0.0,0.0,0.0,0.0,0.0,0.0,0.0,0.0,2002,radio,0.5
5,4,lr5e-05_bs32_modL1_fusion32_fusionL1_drop0p1_trmiss50_trlocradio,32,5e-05,1,32,1,0.1,lr5e-05_bs32_modL1_fusion32_fusionL1_drop0p1_trmiss50_trlocradio,2,0.7033207714557648,0.6822937428951263,0.4504310344827586,0.6835201921833601,0.5333333333333333,0.0,0.0,0.0,0.0,0.0,0.0,0.0,0.0,0.0,2002,radio,0.5
5,4,lr5e-05_bs32_modL1_fusion32_fusionL1_drop0p1_trmiss50_trlocradio,32,5e-05,1,32,1,0.1,lr5e-05_bs32_modL1_fusion32_fusionL1_drop0p1_trmiss50_trlocradio,3,0.6638060609499613,0.6797038018703461,0.4698275862068966,0.7118038142351603,0.5555555555555556,0.0,0.0,0.0,0.0,0.0,0.0,0.0,0.0,0.0,2002,radio,0.5
5,4,lr5e-05_bs32_modL1_fusion32_fusionL1_drop0p1_trmiss50_trlocradio,32,5e-05,1,32,1,0.1,lr5e-05_bs32_modL1_fusion32_fusionL1_drop0p1_trmiss50_trlocradio,4,0.6608209709326426,0.6791867613792419,0.4612068965517241,0.7070289194918461,0.5111111111111111,0.0,0.0,0.0,0.0,0.0,0.0,0.0,0.0,0.0,2002,radio,0.5
5,4,lr5e-05_bs32_modL1_fusion32_fusionL1_drop0p1_trmiss50_trlocradio,32,5e-05,1,32,1,0.1,lr5e-05_bs32_modL1_fusion32_fusionL1_drop0p1_trmiss50_trlocradio,5,0.6300969223181406,0.6806208193302155,0.46982758620689646,0.7141740443047903,0.4888888888888889,0.0,0.0,0.0,0.0,0.0,0.0,0.0,0.0,0.0,2002,radio,0.5
5,4,lr5e-05_bs32_modL1_fusion32_fusionL1_drop0p1_trmiss50_trlocradio,32,5e-05,1,32,1,0.1,lr5e-05_bs32_modL1_fusion32_fusionL1_drop0p1_trmiss50_trlocradio,6,0.6307446857293447,0.6833703219890594,0.46982758620689646,0.7087281330738521,0.4444444444444444,0.0,0.0,0.0,0.0,0.0,0.0,0.0,0.0,0.0,2002,radio,0.5
5,4,lr5e-05_bs32_modL1_fusion32_fusionL1_drop0p1_trmiss50_trlocradio,32,5e-05,1,32,1,0.1,lr5e-05_bs32_modL1_fusion32_fusionL1_drop0p1_trmiss50_trlocradio,7,0.5933288435141245,0.6842086017131805,0.4719827586206896,0.6967258683662629,0.4666666666666667,0.0,0.0,0.0,0.0,0.0,0.0,0.0,0.0,0.0,2002,radio,0.5
5,4,lr5e-05_bs32_modL1_fusion32_fusionL1_drop0p1_trmiss50_trlocradio,32,5e-05,1,32,1,0.1,lr5e-05_bs32_modL1_fusion32_fusionL1_drop0p1_trmiss50_trlocradio,8,0.5823933680852255,0.6849483549594879,0.47413793103448276,0.6817833396306308,0.4666666666666667,0.0,0.0,0.0,0.0,0.0,0.0,0.0,0.0,0.0,2002,radio,0.5
5,4,lr5e-05_bs32_modL1_fusion32_fusionL1_drop0p1_trmiss50_trlocradio,32,5e-05,1,32,1,0.1,lr5e-05_bs32_modL1_fusion32_fusionL1_drop0p1_trmiss50_trlocradio,9,0.5775534808635712,0.6848321259021759,0.4698275862068966,0.6791067082460751,0.5111111111111111,0.0,0.0,0.0,0.0,0.0,0.0,0.0,0.0,0.0,2002,radio,0.5
5,4,lr5e-05_bs32_modL1_fusion32_fusionL1_drop0p1_trmiss50_trlocradio,32,5e-05,1,32,1,0.1,lr5e-05_bs32_modL1_fusion32_fusionL1_drop0p1_trmiss50_trlocradio,10,0.5672832131385803,0.681304931640625,0.4806034482758621,0.6801376240137382,0.5111111111111111,0.0,0.0,0.0,0.0,0.0,0.0,0.0,0.0,0.0,2002,radio,0.5
5,4,lr5e-05_bs32_modL1_fusion32_fusionL1_drop0p1_trmiss50_trlocradio,32,5e-05,1,32,1,0.1,lr5e-05_bs32_modL1_fusion32_fusionL1_drop0p1_trmiss50_trlocradio,11,0.568639318148295,0.6792180240154266,0.4655172413793104,0.6712274632676605,0.5333333333333333,0.0,0.0,0.0,0.0,0.0,0.0,0.0,0.0,0.0,2002,radio,0.5
5,4,lr5e-05_bs32_modL1_fusion32_fusionL1_drop0p1_trmiss50_trlocradio,32,5e-05,1,32,1,0.1,lr5e-05_bs32_modL1_fusion32_fusionL1_drop0p1_trmiss50_trlocradio,12,0.5529658297697703,0.6800463497638702,0.46120689655172414,0.6932122429437965,0.5333333333333333,0.0,0.0,0.0,0.0,0.0,0.0,0.0,0.0,0.0,2002,radio,0.5
5,4,lr5e-05_bs32_modL1_fusion32_fusionL1_drop0p1_trmiss50_trlocradio,32,5e-05,1,32,1,0.1,lr5e-05_bs32_modL1_fusion32_fusionL1_drop0p1_trmiss50_trlocradio,13,0.546274776260058,0.6793851852416992,0.4698275862068966,0.697406524678119,0.5333333333333333,0.0,0.0,0.0,0.0,0.0,0.0,0.0,0.0,0.0,2002,radio,0.5
5,4,lr5e-05_bs32_modL1_fusion32_fusionL1_drop0p1_trmiss50_trlocradio,32,5e-05,1,32,1,0.1,lr5e-05_bs32_modL1_fusion32_fusionL1_drop0p1_trmiss50_trlocradio,14,0.5480965375900269,0.678819328546524,0.4655172413793103,0.6960874406751351,0.5111111111111111,0.0,0.0,0.0,0.0,0.0,0.0,0.0,0.0,0.0,2002,radio,0.5
5,4,lr5e-05_bs32_modL1_fusion32_fusionL1_drop0p1_trmiss50_trlocradio,32,5e-05,1,32,1,0.1,lr5e-05_bs32_modL1_fusion32_fusionL1_drop0p1_trmiss50_trlocradio,15,0.5443242837985357,0.6787749826908112,0.4698275862068965,0.6964924640265256,0.5111111111111111,0.0,0.0,0.0,0.0,0.0,0.0,0.0,0.0,0.0,2002,radio,0.5
5,4,lr5e-05_bs32_modL1_fusion32_fusionL1_drop0p1_trmiss50_trlocradio,32,5e-05,1,32,1,0.1,lr5e-05_bs32_modL1_fusion32_fusionL1_drop0p1_trmiss50_trlocradio,16,0.5372803260882696,0.6772603690624237,0.4849137931034483,0.7045545011430486,0.5333333333333333,0.0,0.0,0.0,0.0,0.0,0.0,0.0,0.0,0.0,2002,radio,0.5
5,4,lr5e-05_bs32_modL1_fusion32_fusionL1_drop0p1_trmiss50_trlocradio,32,5e-05,1,32,1,0.1,lr5e-05_bs32_modL1_fusion32_fusionL1_drop0p1_trmiss50_trlocradio,17,0.5316966672738394,0.6783001720905304,0.4892241379310345,0.7142294722699255,0.5555555555555556,0.0,0.0,0.0,0.0,0.0,0.0,0.0,0.0,0.0,2002,radio,0.5
5,4,lr5e-05_bs32_modL1_fusion32_fusionL1_drop0p1_trmiss50_trlocradio,32,5e-05,1,32,1,0.1,lr5e-05_bs32_modL1_fusion32_fusionL1_drop0p1_trmiss50_trlocradio,18,0.5325338989496231,0.6801552474498749,0.48491379310344823,0.6913059502646943,0.5333333333333333,0.0,0.0,0.0,0.0,0.0,0.0,0.0,0.0,0.0,2002,radio,0.5
5,4,lr5e-05_bs32_modL1_fusion32_fusionL1_drop0p1_trmiss50_trlocradio,32,5e-05,1,32,1,0.1,lr5e-05_bs32_modL1_fusion32_fusionL1_drop0p1_trmiss50_trlocradio,19,0.5189802050590515,0.6799367070198059,0.47629310344827586,0.6878802731321205,0.5333333333333333,0.0,0.0,0.0,0.0,0.0,0.0,0.0,0.0,0.0,2002,radio,0.5
5,4,lr5e-05_bs32_modL1_fusion32_fusionL1_drop0p1_trmiss50_trlocradio,32,5e-05,1,32,1,0.1,lr5e-05_bs32_modL1_fusion32_fusionL1_drop0p1_trmiss50_trlocradio,20,0.5208607415358225,0.680138498544693,0.4870689655172414,0.691730692626342,0.5111111111111111,0.0,0.0,0.0,0.0,0.0,0.0,0.0,0.0,0.0,2002,radio,0.5
5,4,lr5e-05_bs32_modL1_fusion32_fusionL1_drop0p1_trmiss50_trlocradio,32,5e-05,1,32,1,0.1,lr5e-05_bs32_modL1_fusion32_fusionL1_drop0p1_trmiss50_trlocradio,21,0.5209599435329437,0.6790090501308441,0.4849137931034483,0.6906166000404244,0.5333333333333333,0.0,0.0,0.0,0.0,0.0,0.0,0.0,0.0,0.0,2002,radio,0.5
5,4,lr5e-05_bs32_modL1_fusion32_fusionL1_drop0p1_trmiss50_trlocradio,32,5e-05,1,32,1,0.1,lr5e-05_bs32_modL1_fusion32_fusionL1_drop0p1_trmiss50_trlocradio,22,0.5023745695749918,0.6810484528541565,0.4849137931034482,0.692197011030198,0.5111111111111111,0.0,0.0,0.0,0.0,0.0,0.0,0.0,0.0,0.0,2002,radio,0.5
5,4,lr5e-05_bs32_modL1_fusion32_fusionL1_drop0p1_trmiss50_trlocradio,32,5e-05,1,32,1,0.1,lr5e-05_bs32_modL1_fusion32_fusionL1_drop0p1_trmiss50_trlocradio,23,0.5086240271727244,0.6806771457195282,0.48706896551724144,0.6953691915748976,0.5111111111111111,0.0,0.0,0.0,0.0,0.0,0.0,0.0,0.0,0.0,2002,radio,0.5
5,4,lr5e-05_bs32_modL1_fusion32_fusionL1_drop0p1_trmiss50_trlocradio,32,5e-05,1,32,1,0.1,lr5e-05_bs32_modL1_fusion32_fusionL1_drop0p1_trmiss50_trlocradio,24,0.5029309739669164,0.6808010935783386,0.48706896551724144,0.6960991633864453,0.5111111111111111,0.0,0.0,0.0,0.0,0.0,0.0,0.0,0.0,0.0,2002,radio,0.5
5,4,lr5e-05_bs32_modL1_fusion32_fusionL1_drop0p1_trmiss50_trlocradio,32,5e-05,1,32,1,0.1,lr5e-05_bs32_modL1_fusion32_fusionL1_drop0p1_trmiss50_trlocradio,25,0.5103454937537512,0.6830333471298218,0.4806034482758621,0.6909168518293607,0.4888888888888889,0.0,0.0,0.0,0.0,0.0,0.0,0.0,0.0,0.0,2002,radio,0.5
5,4,lr5e-05_bs32_modL1_fusion32_fusionL1_drop0p1_trmiss50_trlocradio,32,5e-05,1,32,1,0.1,lr5e-05_bs32_modL1_fusion32_fusionL1_drop0p1_trmiss50_trlocradio,26,0.4959738254547119,0.6833101511001587,0.4870689655172413,0.7053642817940321,0.4888888888888889,0.0,0.0,0.0,0.0,0.0,0.0,0.0,0.0,0.0,2002,radio,0.5
5,4,lr5e-05_bs32_modL1_fusion32_fusionL1_drop0p1_trmiss50_trlocradio,32,5e-05,1,32,1,0.1,lr5e-05_bs32_modL1_fusion32_fusionL1_drop0p1_trmiss50_trlocradio,27,0.4995375672976176,0.6829499006271362,0.4849137931034483,0.7055567298313076,0.4888888888888889,0.0,0.0,0.0,0.0,0.0,0.0,0.0,0.0,0.0,2002,radio,0.5
5,4,lr5e-05_bs32_modL1_fusion32_fusionL1_drop0p1_trmiss50_trlocradio,32,5e-05,1,32,1,0.1,lr5e-05_bs32_modL1_fusion32_fusionL1_drop0p1_trmiss50_trlocradio,28,0.5132255057493845,0.6820854544639587,0.48275862068965514,0.6969010956178641,0.4666666666666667,0.0,0.0,0.0,0.0,0.0,0.0,0.0,0.0,0.0,2002,radio,0.5
5,4,lr5e-05_bs32_modL1_fusion32_fusionL1_drop0p1_trmiss50_trlocradio,32,5e-05,1,32,1,0.1,lr5e-05_bs32_modL1_fusion32_fusionL1_drop0p1_trmiss50_trlocradio,29,0.49121346573034924,0.6828750371932983,0.4806034482758621,0.6957815255327768,0.4888888888888889,0.0,0.0,0.0,0.0,0.0,0.0,0.0,0.0,0.0,2002,radio,0.5
5,4,lr5e-05_bs32_modL1_fusion32_fusionL1_drop0p1_trmiss50_trlocradio,32,5e-05,1,32,1,0.1,lr5e-05_bs32_modL1_fusion32_fusionL1_drop0p1_trmiss50_trlocradio,30,0.48262852927049,0.6832192540168762,0.4719827586206896,0.6926328993111281,0.4888888888888889,0.0,0.0,0.0,0.0,0.0,0.0,0.0,0.0,0.0,2002,radio,0.5
5,4,lr5e-05_bs32_modL1_fusion32_fusionL1_drop0p1_trmiss50_trlocradio,32,5e-05,1,32,1,0.1,lr5e-05_bs32_modL1_fusion32_fusionL1_drop0p1_trmiss50_trlocradio,31,0.48517321546872455,0.6842335760593414,0.4762931034482758,0.6935687281881335,0.4666666666666667,0.0,0.0,0.0,0.0,0.0,0.0,0.0,0.0,0.0,2002,radio,0.5
5,4,lr5e-05_bs32_modL1_fusion32_fusionL1_drop0p1_trmiss50_trlocradio,32,5e-05,1,32,1,0.1,lr5e-05_bs32_modL1_fusion32_fusionL1_drop0p1_trmiss50_trlocradio,32,0.48917906483014423,0.6849971115589142,0.4698275862068966,0.6888742988380601,0.4666666666666667,0.0,0.0,0.0,0.0,0.0,0.0,0.0,0.0,0.0,2002,radio,0.5
5,4,lr5e-05_bs32_modL1_fusion32_fusionL1_drop0p1_trmiss50_trlocradio,32,5e-05,1,32,1,0.1,lr5e-05_bs32_modL1_fusion32_fusionL1_drop0p1_trmiss50_trlocradio,33,0.4919258952140808,0.6850208044052124,0.46336206896551724,0.6810265178158368,0.4666666666666667,0.0,0.0,0.0,0.0,0.0,0.0,0.0,0.0,0.0,2002,radio,0.5
5,4,lr5e-05_bs32_modL1_fusion32_fusionL1_drop0p1_trmiss50_trlocradio,32,5e-05,1,32,1,0.1,lr5e-05_bs32_modL1_fusion32_fusionL1_drop0p1_trmiss50_trlocradio,34,0.4945213347673416,0.6837745904922485,0.46551724137931033,0.6805163517842816,0.4666666666666667,0.0,0.0,0.0,0.0,0.0,0.0,0.0,0.0,0.0,2002,radio,0.5
5,4,lr5e-05_bs32_modL1_fusion32_fusionL1_drop0p1_trmiss50_trlocradio,32,5e-05,1,32,1,0.1,lr5e-05_bs32_modL1_fusion32_fusionL1_drop0p1_trmiss50_trlocradio,35,0.48135463893413544,0.6846484243869781,0.46551724137931033,0.6821376551297229,0.4666666666666667,0.0,0.0,0.0,0.0,0.0,0.0,0.0,0.0,0.0,2002,radio,0.5
5,4,lr5e-05_bs32_modL1_fusion32_fusionL1_drop0p1_trmiss50_trlocradio,32,5e-05,1,32,1,0.1,lr5e-05_bs32_modL1_fusion32_fusionL1_drop0p1_trmiss50_trlocradio,36,0.4977502077817917,0.6850407123565674,0.4719827586206896,0.6890844830256522,0.4666666666666667,0.0,0.0,0.0,0.0,0.0,0.0,0.0,0.0,0.0,2002,radio,0.5
5,4,lr5e-05_bs32_modL1_fusion32_fusionL1_drop0p1_trmiss50_trlocradio,32,5e-05,1,32,1,0.1,lr5e-05_bs32_modL1_fusion32_fusionL1_drop0p1_trmiss50_trlocradio,37,0.4864184856414795,0.6844928562641144,0.4655172413793104,0.6861926160853835,0.4666666666666667,0.0,0.0,0.0,0.0,0.0,0.0,0.0,0.0,0.0,2002,radio,0.5
5,4,lr5e-05_bs32_modL1_fusion64_fusionL1_drop0p2_trmiss50_trlocradio,32,5e-05,1,64,1,0.2,lr5e-05_bs32_modL1_fusion64_fusionL1_drop0p2_trmiss50_trlocradio,1,0.6777888635794321,0.6701757609844208,0.6185344827586207,0.7424229505241684,0.6444444444444445,0.0,0.0,0.0,0.0,0.0,0.0,0.0,0.0,0.0,2002,radio,0.5
5,4,lr5e-05_bs32_modL1_fusion64_fusionL1_drop0p2_trmiss50_trlocradio,32,5e-05,1,64,1,0.2,lr5e-05_bs32_modL1_fusion64_fusionL1_drop0p2_trmiss50_trlocradio,2,0.6520991126696268,0.664697527885437,0.6573275862068966,0.7580122594299687,0.6666666666666666,0.0,0.0,0.0,0.0,0.0,0.0,0.0,0.0,0.0,2002,radio,0.5
5,4,lr5e-05_bs32_modL1_fusion64_fusionL1_drop0p2_trmiss50_trlocradio,32,5e-05,1,64,1,0.2,lr5e-05_bs32_modL1_fusion64_fusionL1_drop0p2_trmiss50_trlocradio,3,0.6431753039360046,0.6618347764015198,0.6508620689655172,0.7567684282903344,0.6888888888888889,0.0,0.0,0.0,0.0,0.0,0.0,0.0,0.0,0.0,2002,radio,0.5
5,4,lr5e-05_bs32_modL1_fusion64_fusionL1_drop0p2_trmiss50_trlocradio,32,5e-05,1,64,1,0.2,lr5e-05_bs32_modL1_fusion64_fusionL1_drop0p2_trmiss50_trlocradio,4,0.6079777876536051,0.6601450443267822,0.6185344827586207,0.7517981739859816,0.6888888888888889,0.0,0.0,0.0,0.0,0.0,0.0,0.0,0.0,0.0,2002,radio,0.5
5,4,lr5e-05_bs32_modL1_fusion64_fusionL1_drop0p2_trmiss50_trlocradio,32,5e-05,1,64,1,0.2,lr5e-05_bs32_modL1_fusion64_fusionL1_drop0p2_trmiss50_trlocradio,5,0.6208000282446543,0.6609799861907959,0.603448275862069,0.7455391547146276,0.6666666666666666,0.0,0.0,0.0,0.0,0.0,0.0,0.0,0.0,0.0,2002,radio,0.5
5,4,lr5e-05_bs32_modL1_fusion64_fusionL1_drop0p2_trmiss50_trlocradio,32,5e-05,1,64,1,0.2,lr5e-05_bs32_modL1_fusion64_fusionL1_drop0p2_trmiss50_trlocradio,6,0.616124709447225,0.6630291044712067,0.5926724137931034,0.7288899313626287,0.6888888888888889,0.0,0.0,0.0,0.0,0.0,0.0,0.0,0.0,0.0,2002,radio,0.5
5,4,lr5e-05_bs32_modL1_fusion64_fusionL1_drop0p2_trmiss50_trlocradio,32,5e-05,1,64,1,0.2,lr5e-05_bs32_modL1_fusion64_fusionL1_drop0p2_trmiss50_trlocradio,7,0.5935816665490469,0.663553386926651,0.5818965517241379,0.7292231418962647,0.6444444444444445,0.0,0.0,0.0,0.0,0.0,0.0,0.0,0.0,0.0,2002,radio,0.5
5,4,lr5e-05_bs32_modL1_fusion64_fusionL1_drop0p2_trmiss50_trlocradio,32,5e-05,1,64,1,0.2,lr5e-05_bs32_modL1_fusion64_fusionL1_drop0p2_trmiss50_trlocradio,8,0.5905824502309164,0.6605131924152374,0.5905172413793104,0.731956904579894,0.6666666666666666,0.0,0.0,0.0,0.0,0.0,0.0,0.0,0.0,0.0,2002,radio,0.5
5,4,lr5e-05_bs32_modL1_fusion64_fusionL1_drop0p2_trmiss50_trlocradio,32,5e-05,1,64,1,0.2,lr5e-05_bs32_modL1_fusion64_fusionL1_drop0p2_trmiss50_trlocradio,9,0.5813340246677399,0.656093567609787,0.6120689655172413,0.7478591710905939,0.6444444444444445,0.0,0.0,0.0,0.0,0.0,0.0,0.0,0.0,0.0,2002,radio,0.5
5,4,lr5e-05_bs32_modL1_fusion64_fusionL1_drop0p2_trmiss50_trlocradio,32,5e-05,1,64,1,0.2,lr5e-05_bs32_modL1_fusion64_fusionL1_drop0p2_trmiss50_trlocradio,10,0.5842897097269694,0.6564205884933472,0.6077586206896552,0.7342363310820954,0.6222222222222222,0.0,0.0,0.0,0.0,0.0,0.0,0.0,0.0,0.0,2002,radio,0.5
5,4,lr5e-05_bs32_modL1_fusion64_fusionL1_drop0p2_trmiss50_trlocradio,32,5e-05,1,64,1,0.2,lr5e-05_bs32_modL1_fusion64_fusionL1_drop0p2_trmiss50_trlocradio,11,0.549563338359197,0.6570497751235962,0.5991379310344828,0.7319190706474816,0.6222222222222222,0.0,0.0,0.0,0.0,0.0,0.0,0.0,0.0,0.0,2002,radio,0.5
5,4,lr5e-05_bs32_modL1_fusion64_fusionL1_drop0p2_trmiss50_trlocradio,32,5e-05,1,64,1,0.2,lr5e-05_bs32_modL1_fusion64_fusionL1_drop0p2_trmiss50_trlocradio,12,0.5683809320131937,0.6591159105300903,0.5797413793103449,0.7358916353545396,0.6222222222222222,0.0,0.0,0.0,0.0,0.0,0.0,0.0,0.0,0.0,2002,radio,0.5
5,4,lr5e-05_bs32_modL1_fusion64_fusionL1_drop0p2_trmiss50_trlocradio,32,5e-05,1,64,1,0.2,lr5e-05_bs32_modL1_fusion64_fusionL1_drop0p2_trmiss50_trlocradio,13,0.5503270924091339,0.6583623588085175,0.5625,0.7155212365706881,0.6222222222222222,0.0,0.0,0.0,0.0,0.0,0.0,0.0,0.0,0.0,2002,radio,0.5
5,4,lr5e-05_bs32_modL1_fusion64_fusionL1_drop0p2_trmiss50_trlocradio,32,5e-05,1,64,1,0.2,lr5e-05_bs32_modL1_fusion64_fusionL1_drop0p2_trmiss50_trlocradio,14,0.5662017862002054,0.6583364605903625,0.5689655172413793,0.7224861848759677,0.6,0.0,0.0,0.0,0.0,0.0,0.0,0.0,0.0,0.0,2002,radio,0.5
5,4,lr5e-05_bs32_modL1_fusion64_fusionL1_drop0p2_trmiss50_trlocradio,32,5e-05,1,64,1,0.2,lr5e-05_bs32_modL1_fusion64_fusionL1_drop0p2_trmiss50_trlocradio,15,0.526933620373408,0.6591607928276062,0.5646551724137931,0.7160029387859123,0.6,0.0,0.0,0.0,0.0,0.0,0.0,0.0,0.0,0.0,2002,radio,0.5
5,4,lr5e-05_bs32_modL1_fusion64_fusionL1_drop0p2_trmiss50_trlocradio,32,5e-05,1,64,1,0.2,lr5e-05_bs32_modL1_fusion64_fusionL1_drop0p2_trmiss50_trlocradio,16,0.530253012975057,0.65827876329422,0.5689655172413793,0.7094295768976275,0.6,0.0,0.0,0.0,0.0,0.0,0.0,0.0,0.0,0.0,2002,radio,0.5
5,4,lr5e-05_bs32_modL1_fusion64_fusionL1_drop0p2_trmiss50_trlocradio,32,5e-05,1,64,1,0.2,lr5e-05_bs32_modL1_fusion64_fusionL1_drop0p2_trmiss50_trlocradio,17,0.5285684168338776,0.6573522388935089,0.5711206896551724,0.708784449795901,0.6222222222222222,0.0,0.0,0.0,0.0,0.0,0.0,0.0,0.0,0.0,2002,radio,0.5
5,4,lr5e-05_bs32_modL1_fusion64_fusionL1_drop0p2_trmiss50_trlocradio,32,5e-05,1,64,1,0.2,lr5e-05_bs32_modL1_fusion64_fusionL1_drop0p2_trmiss50_trlocradio,18,0.5324125985304514,0.6568296849727631,0.5603448275862069,0.7034944848043744,0.6444444444444445,0.0,0.0,0.0,0.0,0.0,0.0,0.0,0.0,0.0,2002,radio,0.5
5,4,lr5e-05_bs32_modL1_fusion64_fusionL1_drop0p2_trmiss50_trlocradio,32,5e-05,1,64,1,0.2,lr5e-05_bs32_modL1_fusion64_fusionL1_drop0p2_trmiss50_trlocradio,19,0.5388569831848145,0.654379814863205,0.5775862068965517,0.7124366427565756,0.6444444444444445,0.0,0.0,0.0,0.0,0.0,0.0,0.0,0.0,0.0,2002,radio,0.5
5,4,lr5e-05_bs32_modL1_fusion64_fusionL1_drop0p2_trmiss50_trlocradio,32,5e-05,1,64,1,0.2,lr5e-05_bs32_modL1_fusion64_fusionL1_drop0p2_trmiss50_trlocradio,20,0.5111919641494751,0.6526599824428558,0.5883620689655172,0.7154659596185916,0.6222222222222222,0.0,0.0,0.0,0.0,0.0,0.0,0.0,0.0,0.0,2002,radio,0.5
5,4,lr5e-05_bs32_modL1_fusion64_fusionL1_drop0p2_trmiss50_trlocradio,32,5e-05,1,64,1,0.2,lr5e-05_bs32_modL1_fusion64_fusionL1_drop0p2_trmiss50_trlocradio,21,0.4986417343219121,0.6518335342407227,0.5883620689655172,0.7127394298809999,0.6222222222222222,0.0,0.0,0.0,0.0,0.0,0.0,0.0,0.0,0.0,2002,radio,0.5
5,4,lr5e-05_bs32_modL1_fusion64_fusionL1_drop0p2_trmiss50_trlocradio,32,5e-05,1,64,1,0.2,lr5e-05_bs32_modL1_fusion64_fusionL1_drop0p2_trmiss50_trlocradio,22,0.5027079383532206,0.65240877866745,0.5883620689655172,0.7173250328438849,0.6444444444444445,0.0,0.0,0.0,0.0,0.0,0.0,0.0,0.0,0.0,2002,radio,0.5
5,4,lr5e-05_bs32_modL1_fusion64_fusionL1_drop0p2_trmiss50_trlocradio,32,5e-05,1,64,1,0.2,lr5e-05_bs32_modL1_fusion64_fusionL1_drop0p2_trmiss50_trlocradio,23,0.5018894374370575,0.6549120843410492,0.5862068965517242,0.7164962607220093,0.6222222222222222,0.0,0.0,0.0,0.0,0.0,0.0,0.0,0.0,0.0,2002,radio,0.5
5,4,lr5e-05_bs32_modL1_fusion64_fusionL1_drop0p2_trmiss50_trlocradio,32,5e-05,1,64,1,0.2,lr5e-05_bs32_modL1_fusion64_fusionL1_drop0p2_trmiss50_trlocradio,24,0.5152079959710439,0.6536984443664551,0.5862068965517242,0.7161242508391281,0.6444444444444445,0.0,0.0,0.0,0.0,0.0,0.0,0.0,0.0,0.0,2002,radio,0.5
5,4,lr5e-05_bs32_modL1_fusion64_fusionL1_drop0p2_trmiss50_trlocradio,32,5e-05,1,64,1,0.2,lr5e-05_bs32_modL1_fusion64_fusionL1_drop0p2_trmiss50_trlocradio,25,0.4920497437318166,0.6542559564113617,0.5797413793103448,0.7137678529699414,0.6222222222222222,0.0,0.0,0.0,0.0,0.0,0.0,0.0,0.0,0.0,2002,radio,0.5
5,4,lr5e-05_bs32_modL1_fusion64_fusionL1_drop0p2_trmiss50_trlocradio,32,5e-05,1,64,1,0.2,lr5e-05_bs32_modL1_fusion64_fusionL1_drop0p2_trmiss50_trlocradio,26,0.4824887265761693,0.6547161638736725,0.5862068965517242,0.7181698327332058,0.6222222222222222,0.0,0.0,0.0,0.0,0.0,0.0,0.0,0.0,0.0,2002,radio,0.5
5,4,lr5e-05_bs32_modL1_fusion64_fusionL1_drop0p2_trmiss50_trlocradio,32,5e-05,1,64,1,0.2,lr5e-05_bs32_modL1_fusion64_fusionL1_drop0p2_trmiss50_trlocradio,27,0.4779413292805354,0.6555025577545166,0.584051724137931,0.7168689187845136,0.6222222222222222,0.0,0.0,0.0,0.0,0.0,0.0,0.0,0.0,0.0,2002,radio,0.5
5,4,lr5e-05_bs32_modL1_fusion64_fusionL1_drop0p2_trmiss50_trlocradio,32,5e-05,1,64,1,0.2,lr5e-05_bs32_modL1_fusion64_fusionL1_drop0p2_trmiss50_trlocradio,28,0.5042757491270701,0.6536352932453156,0.6012931034482758,0.7248823871657766,0.6222222222222222,0.0,0.0,0.0,0.0,0.0,0.0,0.0,0.0,0.0,2002,radio,0.5
5,4,lr5e-05_bs32_modL1_fusion64_fusionL1_drop0p2_trmiss50_trlocradio,32,5e-05,1,64,1,0.2,lr5e-05_bs32_modL1_fusion64_fusionL1_drop0p2_trmiss50_trlocradio,29,0.4867136478424072,0.6543470025062561,0.5991379310344828,0.7247162528648154,0.6,0.0,0.0,0.0,0.0,0.0,0.0,0.0,0.0,0.0,2002,radio,0.5
5,4,lr5e-05_bs32_modL1_fusion64_fusionL1_drop0p1_trmiss50_trlocradio,32,5e-05,1,64,1,0.1,lr5e-05_bs32_modL1_fusion64_fusionL1_drop0p1_trmiss50_trlocradio,1,0.7175172567367554,0.7078155875205994,0.39008620689655166,0.6217329075280187,0.4666666666666667,0.0,0.0,0.0,0.0,0.0,0.0,0.0,0.0,0.0,2002,radio,0.5
5,4,lr5e-05_bs32_modL1_fusion64_fusionL1_drop0p1_trmiss50_trlocradio,32,5e-05,1,64,1,0.1,lr5e-05_bs32_modL1_fusion64_fusionL1_drop0p1_trmiss50_trlocradio,2,0.6855760316054026,0.711685836315155,0.40948275862068967,0.6463654847932452,0.4444444444444444,0.0,0.0,0.0,0.0,0.0,0.0,0.0,0.0,0.0,2002,radio,0.5
5,4,lr5e-05_bs32_modL1_fusion64_fusionL1_drop0p1_trmiss50_trlocradio,32,5e-05,1,64,1,0.1,lr5e-05_bs32_modL1_fusion64_fusionL1_drop0p1_trmiss50_trlocradio,3,0.6719042062759399,0.7154622673988342,0.42456896551724144,0.6389978613936864,0.4444444444444444,0.0,0.0,0.0,0.0,0.0,0.0,0.0,0.0,0.0,2002,radio,0.5
5,4,lr5e-05_bs32_modL1_fusion64_fusionL1_drop0p1_trmiss50_trlocradio,32,5e-05,1,64,1,0.1,lr5e-05_bs32_modL1_fusion64_fusionL1_drop0p1_trmiss50_trlocradio,4,0.6559584041436514,0.7182839810848236,0.41594827586206895,0.6614220832143146,0.4444444444444444,0.0,0.0,0.0,0.0,0.0,0.0,0.0,0.0,0.0,2002,radio,0.5
5,4,lr5e-05_bs32_modL1_fusion64_fusionL1_drop0p1_trmiss50_trlocradio,32,5e-05,1,64,1,0.1,lr5e-05_bs32_modL1_fusion64_fusionL1_drop0p1_trmiss50_trlocradio,5,0.633056769768397,0.7222563922405243,0.418103448275862,0.6615363840537493,0.4444444444444444,0.0,0.0,0.0,0.0,0.0,0.0,0.0,0.0,0.0,2002,radio,0.5
5,4,lr5e-05_bs32_modL1_fusion64_fusionL1_drop0p1_trmiss50_trlocradio,32,5e-05,1,64,1,0.1,lr5e-05_bs32_modL1_fusion64_fusionL1_drop0p1_trmiss50_trlocradio,6,0.6225473682085673,0.719644159078598,0.4202586206896552,0.6341883579098591,0.4444444444444444,0.0,0.0,0.0,0.0,0.0,0.0,0.0,0.0,0.0,2002,radio,0.5
5,4,lr5e-05_bs32_modL1_fusion64_fusionL1_drop0p1_trmiss50_trlocradio,32,5e-05,1,64,1,0.1,lr5e-05_bs32_modL1_fusion64_fusionL1_drop0p1_trmiss50_trlocradio,7,0.6122877995173136,0.7180301249027252,0.4310344827586207,0.6384163893768429,0.4666666666666667,0.0,0.0,0.0,0.0,0.0,0.0,0.0,0.0,0.0,2002,radio,0.5
5,4,lr5e-05_bs32_modL1_fusion64_fusionL1_drop0p1_trmiss50_trlocradio,32,5e-05,1,64,1,0.1,lr5e-05_bs32_modL1_fusion64_fusionL1_drop0p1_trmiss50_trlocradio,8,0.6013279457887014,0.719146192073822,0.4288793103448276,0.640335915677823,0.4666666666666667,0.0,0.0,0.0,0.0,0.0,0.0,0.0,0.0,0.0,2002,radio,0.5
5,4,lr5e-05_bs32_modL1_fusion64_fusionL1_drop0p1_trmiss50_trlocradio,32,5e-05,1,64,1,0.1,lr5e-05_bs32_modL1_fusion64_fusionL1_drop0p1_trmiss50_trlocradio,9,0.5966637134552002,0.7200160622596741,0.4331896551724138,0.6369711702136862,0.4666666666666667,0.0,0.0,0.0,0.0,0.0,0.0,0.0,0.0,0.0,2002,radio,0.5
5,4,lr5e-05_bs32_modL1_fusion64_fusionL1_drop0p1_trmiss50_trlocradio,32,5e-05,1,64,1,0.1,lr5e-05_bs32_modL1_fusion64_fusionL1_drop0p1_trmiss50_trlocradio,10,0.6051105161507925,0.7208738327026367,0.41594827586206895,0.62924472496442,0.4666666666666667,0.0,0.0,0.0,0.0,0.0,0.0,0.0,0.0,0.0,2002,radio,0.5
5,4,lr5e-05_bs32_modL1_fusion64_fusionL1_drop0p1_trmiss50_trlocradio,32,5e-05,1,64,1,0.1,lr5e-05_bs32_modL1_fusion64_fusionL1_drop0p1_trmiss50_trlocradio,11,0.567458043495814,0.7190281748771667,0.4181034482758621,0.646021070397881,0.4666666666666667,0.0,0.0,0.0,0.0,0.0,0.0,0.0,0.0,0.0,2002,radio,0.5
5,4,lr5e-05_bs32_modL1_fusion64_fusionL1_drop0p1_trmiss50_trlocradio,32,5e-05,1,64,1,0.1,lr5e-05_bs32_modL1_fusion64_fusionL1_drop0p1_trmiss50_trlocradio,12,0.5761997600396475,0.7214474081993103,0.41163793103448276,0.6363913705957673,0.4666666666666667,0.0,0.0,0.0,0.0,0.0,0.0,0.0,0.0,0.0,2002,radio,0.5
5,4,lr5e-05_bs32_modL1_fusion64_fusionL1_drop0p1_trmiss50_trlocradio,32,5e-05,1,64,1,0.1,lr5e-05_bs32_modL1_fusion64_fusionL1_drop0p1_trmiss50_trlocradio,13,0.5796588857968649,0.7256595194339752,0.41594827586206895,0.6384110377095222,0.4666666666666667,0.0,0.0,0.0,0.0,0.0,0.0,0.0,0.0,0.0,2002,radio,0.5
5,4,lr5e-05_bs32_modL1_fusion64_fusionL1_drop0p1_trmiss50_trlocradio,32,5e-05,1,64,1,0.1,lr5e-05_bs32_modL1_fusion64_fusionL1_drop0p1_trmiss50_trlocradio,14,0.5637941161791483,0.7239195704460144,0.4094827586206896,0.616839192203446,0.4666666666666667,0.0,0.0,0.0,0.0,0.0,0.0,0.0,0.0,0.0,2002,radio,0.5
5,4,lr5e-05_bs32_modL1_fusion64_fusionL1_drop0p1_trmiss50_trlocradio,32,5e-05,1,64,1,0.1,lr5e-05_bs32_modL1_fusion64_fusionL1_drop0p1_trmiss50_trlocradio,15,0.5701749126116434,0.7244516313076019,0.4288793103448277,0.6258887394278978,0.4666666666666667,0.0,0.0,0.0,0.0,0.0,0.0,0.0,0.0,0.0,2002,radio,0.5
5,4,lr5e-05_bs32_modL1_fusion64_fusionL1_drop0p1_trmiss50_trlocradio,32,5e-05,1,64,1,0.1,lr5e-05_bs32_modL1_fusion64_fusionL1_drop0p1_trmiss50_trlocradio,16,0.5617659986019135,0.7242031395435333,0.4310344827586207,0.6220799705775119,0.4666666666666667,0.0,0.0,0.0,0.0,0.0,0.0,0.0,0.0,0.0,2002,radio,0.5
5,4,lr5e-05_bs32_modL1_fusion64_fusionL1_drop0p1_trmiss50_trlocradio,32,5e-05,1,64,1,0.1,lr5e-05_bs32_modL1_fusion64_fusionL1_drop0p1_trmiss50_trlocradio,17,0.5742059151331583,0.7236950993537903,0.42456896551724144,0.6219401223491895,0.4666666666666667,0.0,0.0,0.0,0.0,0.0,0.0,0.0,0.0,0.0,2002,radio,0.5
5,4,lr5e-05_bs32_modL1_fusion64_fusionL1_drop0p1_trmiss50_trlocradio,32,5e-05,1,64,1,0.1,lr5e-05_bs32_modL1_fusion64_fusionL1_drop0p1_trmiss50_trlocradio,18,0.5564651489257812,0.7245147824287415,0.4224137931034483,0.6184651326320451,0.4666666666666667,0.0,0.0,0.0,0.0,0.0,0.0,0.0,0.0,0.0,2002,radio,0.5
5,4,lr5e-05_bs32_modL1_fusion64_fusionL1_drop0p1_trmiss50_trlocradio,32,5e-05,1,64,1,0.1,lr5e-05_bs32_modL1_fusion64_fusionL1_drop0p1_trmiss50_trlocradio,19,0.5514382322629293,0.7251772880554199,0.42456896551724144,0.6147707944508004,0.4444444444444444,0.0,0.0,0.0,0.0,0.0,0.0,0.0,0.0,0.0,2002,radio,0.5
5,4,lr5e-05_bs32_modL1_fusion64_fusionL1_drop0p1_trmiss50_trlocradio,32,5e-05,1,64,1,0.1,lr5e-05_bs32_modL1_fusion64_fusionL1_drop0p1_trmiss50_trlocradio,20,0.5558086733023325,0.7260191738605499,0.4202586206896552,0.611224242989253,0.4666666666666667,0.0,0.0,0.0,0.0,0.0,0.0,0.0,0.0,0.0,2002,radio,0.5
5,4,lr5e-05_bs32_modL1_fusion64_fusionL1_drop0p1_trmiss50_trlocradio,32,5e-05,1,64,1,0.1,lr5e-05_bs32_modL1_fusion64_fusionL1_drop0p1_trmiss50_trlocradio,21,0.5568031966686249,0.7266153693199158,0.41594827586206895,0.6262119818571839,0.4666666666666667,0.0,0.0,0.0,0.0,0.0,0.0,0.0,0.0,0.0,2002,radio,0.5
5,4,lr5e-05_bs32_modL1_fusion64_fusionL1_drop0p1_trmiss50_trlocradio,32,5e-05,1,64,1,0.1,lr5e-05_bs32_modL1_fusion64_fusionL1_drop0p1_trmiss50_trlocradio,22,0.5570762058099111,0.7265212833881378,0.41810344827586204,0.6262072207086044,0.4444444444444444,0.0,0.0,0.0,0.0,0.0,0.0,0.0,0.0,0.0,2002,radio,0.5
5,4,lr5e-05_bs32_modL1_fusion64_fusionL1_drop0p1_trmiss50_trlocradio,32,5e-05,1,64,1,0.1,lr5e-05_bs32_modL1_fusion64_fusionL1_drop0p1_trmiss50_trlocradio,23,0.5509374588727951,0.7279931604862213,0.41163793103448276,0.6214682519885377,0.4444444444444444,0.0,0.0,0.0,0.0,0.0,0.0,0.0,0.0,0.0,2002,radio,0.5
5,4,lr5e-05_bs32_modL1_fusion64_fusionL1_drop0p1_trmiss50_trlocradio,32,5e-05,1,64,1,0.1,lr5e-05_bs32_modL1_fusion64_fusionL1_drop0p1_trmiss50_trlocradio,24,0.5530299494663874,0.728644460439682,0.4073275862068965,0.6167676683800337,0.4222222222222222,0.0,0.0,0.0,0.0,0.0,0.0,0.0,0.0,0.0,2002,radio,0.5
5,4,lr5e-05_bs32_modL1_fusion64_fusionL1_drop0p1_trmiss50_trlocradio,32,5e-05,1,64,1,0.1,lr5e-05_bs32_modL1_fusion64_fusionL1_drop0p1_trmiss50_trlocradio,25,0.5434394280115763,0.7279866933822632,0.40301724137931033,0.614137460066434,0.4222222222222222,0.0,0.0,0.0,0.0,0.0,0.0,0.0,0.0,0.0,2002,radio,0.5
5,4,lr5e-05_bs32_modL1_fusion64_fusionL1_drop0p1_trmiss50_trlocradio,32,5e-05,1,64,1,0.1,lr5e-05_bs32_modL1_fusion64_fusionL1_drop0p1_trmiss50_trlocradio,26,0.5474005937576294,0.7298072874546051,0.40948275862068967,0.619321286675781,0.4444444444444444,0.0,0.0,0.0,0.0,0.0,0.0,0.0,0.0,0.0,2002,radio,0.5
5,4,lr5e-05_bs32_modL1_fusion64_fusionL1_drop0p1_trmiss50_trlocradio,32,5e-05,1,64,1,0.1,lr5e-05_bs32_modL1_fusion64_fusionL1_drop0p1_trmiss50_trlocradio,27,0.5391127417484919,0.7289651334285736,0.41163793103448276,0.6213351213893534,0.4444444444444444,0.0,0.0,0.0,0.0,0.0,0.0,0.0,0.0,0.0,2002,radio,0.5
5,4,lr5e-05_bs32_modL1_fusion64_fusionL1_drop0p1_trmiss50_trlocradio,32,5e-05,1,64,1,0.1,lr5e-05_bs32_modL1_fusion64_fusionL1_drop0p1_trmiss50_trlocradio,28,0.5374523003896078,0.7299105226993561,0.4094827586206897,0.6194457368101884,0.4444444444444444,0.0,0.0,0.0,0.0,0.0,0.0,0.0,0.0,0.0,2002,radio,0.5
5,4,lr5e-05_bs32_modL1_fusion64_fusionL1_drop0p1_trmiss50_trlocradio,32,5e-05,1,64,1,0.1,lr5e-05_bs32_modL1_fusion64_fusionL1_drop0p1_trmiss50_trlocradio,29,0.5457638204097748,0.7302960157394409,0.4073275862068965,0.6171621197353325,0.4222222222222222,0.0,0.0,0.0,0.0,0.0,0.0,0.0,0.0,0.0,2002,radio,0.5
5,4,lr1e-04_bs32_modL1_fusion32_fusionL1_drop0p2_trmiss50_trlocradio,32,0.0001,1,32,1,0.2,lr1e-04_bs32_modL1_fusion32_fusionL1_drop0p2_trmiss50_trlocradio,1,0.7271627485752106,0.6929700672626495,0.6875,0.8000261253723424,0.5333333333333333,0.0,0.0,0.0,0.0,0.0,0.0,0.0,0.0,0.0,2002,radio,0.5
5,4,lr1e-04_bs32_modL1_fusion32_fusionL1_drop0p2_trmiss50_trlocradio,32,0.0001,1,32,1,0.2,lr1e-04_bs32_modL1_fusion32_fusionL1_drop0p2_trmiss50_trlocradio,2,0.6736321449279785,0.6931146383285522,0.6939655172413793,0.8160821078107934,0.5777777777777777,0.0,0.0,0.0,0.0,0.0,0.0,0.0,0.0,0.0,2002,radio,0.5
5,4,lr1e-04_bs32_modL1_fusion32_fusionL1_drop0p2_trmiss50_trlocradio,32,0.0001,1,32,1,0.2,lr1e-04_bs32_modL1_fusion32_fusionL1_drop0p2_trmiss50_trlocradio,3,0.6509337723255157,0.6923131346702576,0.6702586206896552,0.7979476376705537,0.5555555555555556,0.0,0.0,0.0,0.0,0.0,0.0,0.0,0.0,0.0,2002,radio,0.5
5,4,lr1e-04_bs32_modL1_fusion32_fusionL1_drop0p2_trmiss50_trlocradio,32,0.0001,1,32,1,0.2,lr1e-04_bs32_modL1_fusion32_fusionL1_drop0p2_trmiss50_trlocradio,4,0.6240464945634207,0.6956838965415955,0.6551724137931034,0.7949034004517084,0.5555555555555556,0.0,0.0,0.0,0.0,0.0,0.0,0.0,0.0,0.0,2002,radio,0.5
5,4,lr1e-04_bs32_modL1_fusion32_fusionL1_drop0p2_trmiss50_trlocradio,32,0.0001,1,32,1,0.2,lr1e-04_bs32_modL1_fusion32_fusionL1_drop0p2_trmiss50_trlocradio,5,0.6118609607219696,0.7039833664894104,0.605603448275862,0.7619525642038172,0.5555555555555556,0.0,0.0,0.0,0.0,0.0,0.0,0.0,0.0,0.0,2002,radio,0.5
5,4,lr1e-04_bs32_modL1_fusion32_fusionL1_drop0p2_trmiss50_trlocradio,32,0.0001,1,32,1,0.2,lr1e-04_bs32_modL1_fusion32_fusionL1_drop0p2_trmiss50_trlocradio,6,0.5900782644748688,0.7055573463439941,0.5991379310344828,0.7595750208530662,0.5333333333333333,0.0,0.0,0.0,0.0,0.0,0.0,0.0,0.0,0.0,2002,radio,0.5
5,4,lr1e-04_bs32_modL1_fusion32_fusionL1_drop0p2_trmiss50_trlocradio,32,0.0001,1,32,1,0.2,lr1e-04_bs32_modL1_fusion32_fusionL1_drop0p2_trmiss50_trlocradio,7,0.5868906875451406,0.7038415372371674,0.603448275862069,0.7582441456703071,0.5111111111111111,0.0,0.0,0.0,0.0,0.0,0.0,0.0,0.0,0.0,2002,radio,0.5
5,4,lr1e-04_bs32_modL1_fusion32_fusionL1_drop0p2_trmiss50_trlocradio,32,0.0001,1,32,1,0.2,lr1e-04_bs32_modL1_fusion32_fusionL1_drop0p2_trmiss50_trlocradio,8,0.5876381198565165,0.7073864042758942,0.5969827586206897,0.7593209784349553,0.5111111111111111,0.0,0.0,0.0,0.0,0.0,0.0,0.0,0.0,0.0,2002,radio,0.5
5,4,lr1e-04_bs32_modL1_fusion32_fusionL1_drop0p2_trmiss50_trlocradio,32,0.0001,1,32,1,0.2,lr1e-04_bs32_modL1_fusion32_fusionL1_drop0p2_trmiss50_trlocradio,9,0.5611964066823324,0.7103326618671417,0.5797413793103448,0.7462390595334036,0.4888888888888889,0.0,0.0,0.0,0.0,0.0,0.0,0.0,0.0,0.0,2002,radio,0.5
5,4,lr1e-04_bs32_modL1_fusion32_fusionL1_drop0p2_trmiss50_trlocradio,32,0.0001,1,32,1,0.2,lr1e-04_bs32_modL1_fusion32_fusionL1_drop0p2_trmiss50_trlocradio,10,0.5435681492090225,0.7124636471271515,0.5711206896551724,0.7444047503558542,0.5111111111111111,0.0,0.0,0.0,0.0,0.0,0.0,0.0,0.0,0.0,2002,radio,0.5
5,4,lr1e-04_bs32_modL1_fusion32_fusionL1_drop0p2_trmiss50_trlocradio,32,0.0001,1,32,1,0.2,lr1e-04_bs32_modL1_fusion32_fusionL1_drop0p2_trmiss50_trlocradio,11,0.5370299816131592,0.7166678011417389,0.5711206896551724,0.742551188110844,0.4888888888888889,0.0,0.0,0.0,0.0,0.0,0.0,0.0,0.0,0.0,2002,radio,0.5
5,4,lr1e-04_bs32_modL1_fusion32_fusionL1_drop0p2_trmiss50_trlocradio,32,0.0001,1,32,1,0.2,lr1e-04_bs32_modL1_fusion32_fusionL1_drop0p2_trmiss50_trlocradio,12,0.5470446546872457,0.7175268828868866,0.5668103448275861,0.739843512530961,0.4888888888888889,0.0,0.0,0.0,0.0,0.0,0.0,0.0,0.0,0.0,2002,radio,0.5
5,4,lr1e-04_bs32_modL1_fusion32_fusionL1_drop0p2_trmiss50_trlocradio,32,0.0001,1,32,1,0.2,lr1e-04_bs32_modL1_fusion32_fusionL1_drop0p2_trmiss50_trlocradio,13,0.5302238563696543,0.7176695466041565,0.5581896551724138,0.7288621461562627,0.4888888888888889,0.0,0.0,0.0,0.0,0.0,0.0,0.0,0.0,0.0,2002,radio,0.5
5,4,lr1e-04_bs32_modL1_fusion32_fusionL1_drop0p2_trmiss50_trlocradio,32,0.0001,1,32,1,0.2,lr1e-04_bs32_modL1_fusion32_fusionL1_drop0p2_trmiss50_trlocradio,14,0.5437931219736735,0.7241086065769196,0.5495689655172413,0.7260489664769749,0.5111111111111111,0.0,0.0,0.0,0.0,0.0,0.0,0.0,0.0,0.0,2002,radio,0.5
5,4,lr1e-04_bs32_modL1_fusion32_fusionL1_drop0p2_trmiss50_trlocradio,32,0.0001,1,32,1,0.2,lr1e-04_bs32_modL1_fusion32_fusionL1_drop0p2_trmiss50_trlocradio,15,0.5115937938292822,0.7278409898281097,0.5495689655172413,0.7221411507418192,0.5333333333333333,0.0,0.0,0.0,0.0,0.0,0.0,0.0,0.0,0.0,2002,radio,0.5
5,4,lr1e-04_bs32_modL1_fusion32_fusionL1_drop0p2_trmiss50_trlocradio,32,0.0001,1,32,1,0.2,lr1e-04_bs32_modL1_fusion32_fusionL1_drop0p2_trmiss50_trlocradio,16,0.5375581284364065,0.7250897884368896,0.5538793103448275,0.7331084451936871,0.5333333333333333,0.0,0.0,0.0,0.0,0.0,0.0,0.0,0.0,0.0,2002,radio,0.5
5,4,lr1e-04_bs32_modL1_fusion32_fusionL1_drop0p2_trmiss50_trlocradio,32,0.0001,1,32,1,0.2,lr1e-04_bs32_modL1_fusion32_fusionL1_drop0p2_trmiss50_trlocradio,17,0.5016675790150961,0.7285029888153076,0.5517241379310345,0.7301239725177444,0.5333333333333333,0.0,0.0,0.0,0.0,0.0,0.0,0.0,0.0,0.0,2002,radio,0.5
5,4,lr1e-04_bs32_modL1_fusion32_fusionL1_drop0p2_trmiss50_trlocradio,32,0.0001,1,32,1,0.2,lr1e-04_bs32_modL1_fusion32_fusionL1_drop0p2_trmiss50_trlocradio,18,0.5141352613766988,0.7306866943836212,0.5495689655172413,0.7326961904080092,0.5333333333333333,0.0,0.0,0.0,0.0,0.0,0.0,0.0,0.0,0.0,2002,radio,0.5
5,4,lr1e-04_bs32_modL1_fusion32_fusionL1_drop0p2_trmiss50_trlocradio,32,0.0001,1,32,1,0.2,lr1e-04_bs32_modL1_fusion32_fusionL1_drop0p2_trmiss50_trlocradio,19,0.5081402361392975,0.7345009446144104,0.5452586206896551,0.7355293833993846,0.5111111111111111,0.0,0.0,0.0,0.0,0.0,0.0,0.0,0.0,0.0,2002,radio,0.5
5,4,lr1e-04_bs32_modL1_fusion32_fusionL1_drop0p2_trmiss50_trlocradio,32,0.0001,1,32,1,0.2,lr1e-04_bs32_modL1_fusion32_fusionL1_drop0p2_trmiss50_trlocradio,20,0.4967682361602783,0.7306681871414185,0.5495689655172413,0.73921380446397,0.4888888888888889,0.0,0.0,0.0,0.0,0.0,0.0,0.0,0.0,0.0,2002,radio,0.5
5,4,lr1e-04_bs32_modL1_fusion32_fusionL1_drop0p2_trmiss50_trlocradio,32,0.0001,1,32,1,0.2,lr1e-04_bs32_modL1_fusion32_fusionL1_drop0p2_trmiss50_trlocradio,21,0.5070329258839289,0.7339808642864227,0.5387931034482758,0.7325396357208358,0.4888888888888889,0.0,0.0,0.0,0.0,0.0,0.0,0.0,0.0,0.0,2002,radio,0.5
5,4,lr1e-04_bs32_modL1_fusion32_fusionL1_drop0p2_trmiss50_trlocradio,32,0.0001,1,32,1,0.2,lr1e-04_bs32_modL1_fusion32_fusionL1_drop0p2_trmiss50_trlocradio,22,0.4986420124769211,0.7376927733421326,0.5280172413793103,0.7178701472882288,0.4666666666666667,0.0,0.0,0.0,0.0,0.0,0.0,0.0,0.0,0.0,2002,radio,0.5
5,4,lr1e-04_bs32_modL1_fusion32_fusionL1_drop0p2_trmiss50_trlocradio,32,0.0001,1,32,1,0.2,lr1e-04_bs32_modL1_fusion32_fusionL1_drop0p2_trmiss50_trlocradio,23,0.5053235391775767,0.7362518310546875,0.5344827586206897,0.7267293540484852,0.4666666666666667,0.0,0.0,0.0,0.0,0.0,0.0,0.0,0.0,0.0,2002,radio,0.5
5,4,lr1e-04_bs32_modL1_fusion32_fusionL1_drop0p2_trmiss50_trlocradio,32,0.0001,1,32,1,0.2,lr1e-04_bs32_modL1_fusion32_fusionL1_drop0p2_trmiss50_trlocradio,24,0.5171266396840414,0.7360178828239441,0.5344827586206896,0.7236642199488683,0.4888888888888889,0.0,0.0,0.0,0.0,0.0,0.0,0.0,0.0,0.0,2002,radio,0.5
5,4,lr1e-04_bs32_modL1_fusion32_fusionL1_drop0p2_trmiss50_trlocradio,32,0.0001,1,32,1,0.2,lr1e-04_bs32_modL1_fusion32_fusionL1_drop0p2_trmiss50_trlocradio,25,0.49648526310920715,0.7404987514019012,0.5323275862068965,0.7208849340776966,0.4666666666666667,0.0,0.0,0.0,0.0,0.0,0.0,0.0,0.0,0.0,2002,radio,0.5
5,4,lr1e-04_bs32_modL1_fusion32_fusionL1_drop0p1_trmiss50_trlocradio,32,0.0001,1,32,1,0.1,lr1e-04_bs32_modL1_fusion32_fusionL1_drop0p1_trmiss50_trlocradio,1,0.717515379190445,0.7187384963035583,0.4698275862068966,0.6334054342215465,0.3333333333333333,0.0,0.0,0.0,0.0,0.0,0.0,0.0,0.0,0.0,2002,radio,0.5
5,4,lr1e-04_bs32_modL1_fusion32_fusionL1_drop0p1_trmiss50_trlocradio,32,0.0001,1,32,1,0.1,lr1e-04_bs32_modL1_fusion32_fusionL1_drop0p1_trmiss50_trlocradio,2,0.667007565498352,0.715290904045105,0.502155172413793,0.6532172706093006,0.4444444444444444,0.0,0.0,0.0,0.0,0.0,0.0,0.0,0.0,0.0,2002,radio,0.5
5,4,lr1e-04_bs32_modL1_fusion32_fusionL1_drop0p1_trmiss50_trlocradio,32,0.0001,1,32,1,0.1,lr1e-04_bs32_modL1_fusion32_fusionL1_drop0p1_trmiss50_trlocradio,3,0.6287495990594228,0.7136517763137817,0.4978448275862069,0.6400757754111028,0.5111111111111111,0.0,0.0,0.0,0.0,0.0,0.0,0.0,0.0,0.0,2002,radio,0.5
5,4,lr1e-04_bs32_modL1_fusion32_fusionL1_drop0p1_trmiss50_trlocradio,32,0.0001,1,32,1,0.1,lr1e-04_bs32_modL1_fusion32_fusionL1_drop0p1_trmiss50_trlocradio,4,0.6130057374636332,0.7093605995178223,0.5107758620689655,0.6445306013455584,0.4888888888888889,0.0,0.0,0.0,0.0,0.0,0.0,0.0,0.0,0.0,2002,radio,0.5
5,4,lr1e-04_bs32_modL1_fusion32_fusionL1_drop0p1_trmiss50_trlocradio,32,0.0001,1,32,1,0.1,lr1e-04_bs32_modL1_fusion32_fusionL1_drop0p1_trmiss50_trlocradio,5,0.5903855164845785,0.70241779088974,0.5172413793103449,0.6587995584733126,0.4888888888888889,0.0,0.0,0.0,0.0,0.0,0.0,0.0,0.0,0.0,2002,radio,0.5
5,4,lr1e-04_bs32_modL1_fusion32_fusionL1_drop0p1_trmiss50_trlocradio,32,0.0001,1,32,1,0.1,lr1e-04_bs32_modL1_fusion32_fusionL1_drop0p1_trmiss50_trlocradio,6,0.5722042123476664,0.697360634803772,0.5258620689655172,0.664356299926553,0.4888888888888889,0.0,0.0,0.0,0.0,0.0,0.0,0.0,0.0,0.0,2002,radio,0.5
5,4,lr1e-04_bs32_modL1_fusion32_fusionL1_drop0p1_trmiss50_trlocradio,32,0.0001,1,32,1,0.1,lr1e-04_bs32_modL1_fusion32_fusionL1_drop0p1_trmiss50_trlocradio,7,0.5697408219178518,0.6949927806854248,0.5366379310344829,0.6801294742165885,0.4666666666666667,0.0,0.0,0.0,0.0,0.0,0.0,0.0,0.0,0.0,2002,radio,0.5
5,4,lr1e-04_bs32_modL1_fusion32_fusionL1_drop0p1_trmiss50_trlocradio,32,0.0001,1,32,1,0.1,lr1e-04_bs32_modL1_fusion32_fusionL1_drop0p1_trmiss50_trlocradio,8,0.5422365268071493,0.7009842991828918,0.5043103448275863,0.6541848707959996,0.5111111111111111,0.0,0.0,0.0,0.0,0.0,0.0,0.0,0.0,0.0,2002,radio,0.5
5,4,lr1e-04_bs32_modL1_fusion32_fusionL1_drop0p1_trmiss50_trlocradio,32,0.0001,1,32,1,0.1,lr1e-04_bs32_modL1_fusion32_fusionL1_drop0p1_trmiss50_trlocradio,9,0.5348010013500849,0.7072507441043854,0.5021551724137931,0.650547999621793,0.5333333333333333,0.0,0.0,0.0,0.0,0.0,0.0,0.0,0.0,0.0,2002,radio,0.5
5,4,lr1e-04_bs32_modL1_fusion32_fusionL1_drop0p1_trmiss50_trlocradio,32,0.0001,1,32,1,0.1,lr1e-04_bs32_modL1_fusion32_fusionL1_drop0p1_trmiss50_trlocradio,10,0.5094319730997086,0.7066261470317841,0.4849137931034483,0.6417486448749474,0.6,0.0,0.0,0.0,0.0,0.0,0.0,0.0,0.0,0.0,2002,radio,0.5
5,4,lr1e-04_bs32_modL1_fusion32_fusionL1_drop0p1_trmiss50_trlocradio,32,0.0001,1,32,1,0.1,lr1e-04_bs32_modL1_fusion32_fusionL1_drop0p1_trmiss50_trlocradio,11,0.5066583007574081,0.7031887769699097,0.5,0.6480154033180168,0.5333333333333333,0.0,0.0,0.0,0.0,0.0,0.0,0.0,0.0,0.0,2002,radio,0.5
5,4,lr1e-04_bs32_modL1_fusion32_fusionL1_drop0p1_trmiss50_trlocradio,32,0.0001,1,32,1,0.1,lr1e-04_bs32_modL1_fusion32_fusionL1_drop0p1_trmiss50_trlocradio,12,0.49709952374299365,0.7084470987319946,0.4741379310344827,0.6362157161459574,0.5111111111111111,0.0,0.0,0.0,0.0,0.0,0.0,0.0,0.0,0.0,2002,radio,0.5
5,4,lr1e-04_bs32_modL1_fusion32_fusionL1_drop0p1_trmiss50_trlocradio,32,0.0001,1,32,1,0.1,lr1e-04_bs32_modL1_fusion32_fusionL1_drop0p1_trmiss50_trlocradio,13,0.49146894613901776,0.715790331363678,0.4547413793103448,0.6266903853353727,0.4666666666666667,0.0,0.0,0.0,0.0,0.0,0.0,0.0,0.0,0.0,2002,radio,0.5
5,4,lr1e-04_bs32_modL1_fusion32_fusionL1_drop0p1_trmiss50_trlocradio,32,0.0001,1,32,1,0.1,lr1e-04_bs32_modL1_fusion32_fusionL1_drop0p1_trmiss50_trlocradio,14,0.48252086341381073,0.7139183580875397,0.4525862068965517,0.6248984422114638,0.5111111111111111,0.0,0.0,0.0,0.0,0.0,0.0,0.0,0.0,0.0,2002,radio,0.5
5,4,lr1e-04_bs32_modL1_fusion32_fusionL1_drop0p1_trmiss50_trlocradio,32,0.0001,1,32,1,0.1,lr1e-04_bs32_modL1_fusion32_fusionL1_drop0p1_trmiss50_trlocradio,15,0.4653661598761876,0.7106132507324219,0.46120689655172414,0.6290664488932999,0.5555555555555556,0.0,0.0,0.0,0.0,0.0,0.0,0.0,0.0,0.0,2002,radio,0.5
5,4,lr1e-04_bs32_modL1_fusion32_fusionL1_drop0p1_trmiss50_trlocradio,32,0.0001,1,32,1,0.1,lr1e-04_bs32_modL1_fusion32_fusionL1_drop0p1_trmiss50_trlocradio,16,0.4724360952774684,0.7070638835430145,0.4719827586206896,0.6328379522761844,0.5555555555555556,0.0,0.0,0.0,0.0,0.0,0.0,0.0,0.0,0.0,2002,radio,0.5
5,4,lr1e-04_bs32_modL1_fusion32_fusionL1_drop0p1_trmiss50_trlocradio,32,0.0001,1,32,1,0.1,lr1e-04_bs32_modL1_fusion32_fusionL1_drop0p1_trmiss50_trlocradio,17,0.45497892796993256,0.7065114378929138,0.47198275862068967,0.6326660732653177,0.6,0.0,0.0,0.0,0.0,0.0,0.0,0.0,0.0,0.0,2002,radio,0.5
5,4,lr1e-04_bs32_modL1_fusion32_fusionL1_drop0p1_trmiss50_trlocradio,32,0.0001,1,32,1,0.1,lr1e-04_bs32_modL1_fusion32_fusionL1_drop0p1_trmiss50_trlocradio,18,0.44183700780073804,0.7054271697998047,0.47413793103448276,0.6342222182697386,0.5555555555555556,0.0,0.0,0.0,0.0,0.0,0.0,0.0,0.0,0.0,2002,radio,0.5
5,4,lr1e-04_bs32_modL1_fusion32_fusionL1_drop0p1_trmiss50_trlocradio,32,0.0001,1,32,1,0.1,lr1e-04_bs32_modL1_fusion32_fusionL1_drop0p1_trmiss50_trlocradio,19,0.44247966011365253,0.7071933150291443,0.4719827586206896,0.6337758158342839,0.5777777777777777,0.0,0.0,0.0,0.0,0.0,0.0,0.0,0.0,0.0,2002,radio,0.5
5,4,lr1e-04_bs32_modL1_fusion32_fusionL1_drop0p1_trmiss50_trlocradio,32,0.0001,1,32,1,0.1,lr1e-04_bs32_modL1_fusion32_fusionL1_drop0p1_trmiss50_trlocradio,20,0.4390729268391927,0.7100465595722198,0.47198275862068967,0.6336297224259846,0.5333333333333333,0.0,0.0,0.0,0.0,0.0,0.0,0.0,0.0,0.0,2002,radio,0.5
5,4,lr1e-04_bs32_modL1_fusion32_fusionL1_drop0p1_trmiss50_trlocradio,32,0.0001,1,32,1,0.1,lr1e-04_bs32_modL1_fusion32_fusionL1_drop0p1_trmiss50_trlocradio,21,0.4379436820745468,0.7111765146255493,0.47198275862068967,0.6339091722292018,0.5777777777777777,0.0,0.0,0.0,0.0,0.0,0.0,0.0,0.0,0.0,2002,radio,0.5
5,4,lr1e-04_bs32_modL1_fusion32_fusionL1_drop0p1_trmiss50_trlocradio,32,0.0001,1,32,1,0.1,lr1e-04_bs32_modL1_fusion32_fusionL1_drop0p1_trmiss50_trlocradio,22,0.4291577438513438,0.7097708880901337,0.4655172413793104,0.6309773234213527,0.5777777777777777,0.0,0.0,0.0,0.0,0.0,0.0,0.0,0.0,0.0,2002,radio,0.5
5,4,lr1e-04_bs32_modL1_fusion32_fusionL1_drop0p1_trmiss50_trlocradio,32,0.0001,1,32,1,0.1,lr1e-04_bs32_modL1_fusion32_fusionL1_drop0p1_trmiss50_trlocradio,23,0.44608434041341144,0.7099947929382324,0.4676724137931034,0.6322151115943371,0.5555555555555556,0.0,0.0,0.0,0.0,0.0,0.0,0.0,0.0,0.0,2002,radio,0.5
5,4,lr1e-04_bs32_modL1_fusion32_fusionL1_drop0p1_trmiss50_trlocradio,32,0.0001,1,32,1,0.1,lr1e-04_bs32_modL1_fusion32_fusionL1_drop0p1_trmiss50_trlocradio,24,0.44150439898173016,0.7094840109348297,0.4655172413793104,0.6313467226614664,0.5555555555555556,0.0,0.0,0.0,0.0,0.0,0.0,0.0,0.0,0.0,2002,radio,0.5
5,4,lr1e-04_bs32_modL1_fusion32_fusionL1_drop0p1_trmiss50_trlocradio,32,0.0001,1,32,1,0.1,lr1e-04_bs32_modL1_fusion32_fusionL1_drop0p1_trmiss50_trlocradio,25,0.42805607120196026,0.7096529901027679,0.4676724137931035,0.6317395984420551,0.5555555555555556,0.0,0.0,0.0,0.0,0.0,0.0,0.0,0.0,0.0,2002,radio,0.5
5,4,lr1e-04_bs32_modL1_fusion32_fusionL1_drop0p1_trmiss50_trlocradio,32,0.0001,1,32,1,0.1,lr1e-04_bs32_modL1_fusion32_fusionL1_drop0p1_trmiss50_trlocradio,26,0.43303870658079785,0.7096879780292511,0.46551724137931033,0.6318134861747451,0.5333333333333333,0.0,0.0,0.0,0.0,0.0,0.0,0.0,0.0,0.0,2002,radio,0.5
5,4,lr1e-04_bs32_modL1_fusion32_fusionL1_drop0p1_trmiss50_trlocradio,32,0.0001,1,32,1,0.1,lr1e-04_bs32_modL1_fusion32_fusionL1_drop0p1_trmiss50_trlocradio,27,0.4327392627795537,0.7116329371929169,0.4676724137931034,0.632875642409315,0.5555555555555556,0.0,0.0,0.0,0.0,0.0,0.0,0.0,0.0,0.0,2002,radio,0.5
5,4,lr1e-04_bs32_modL1_fusion64_fusionL1_drop0p2_trmiss50_trlocradio,32,0.0001,1,64,1,0.2,lr1e-04_bs32_modL1_fusion64_fusionL1_drop0p2_trmiss50_trlocradio,1,0.671565999587377,0.6871338188648224,0.4202586206896552,0.6840270060987046,0.6222222222222222,0.0,0.0,0.0,0.0,0.0,0.0,0.0,0.0,0.0,2002,radio,0.5
5,4,lr1e-04_bs32_modL1_fusion64_fusionL1_drop0p2_trmiss50_trlocradio,32,0.0001,1,64,1,0.2,lr1e-04_bs32_modL1_fusion64_fusionL1_drop0p2_trmiss50_trlocradio,2,0.639403373003006,0.6887019574642181,0.38362068965517243,0.6677425037291971,0.5333333333333333,0.0,0.0,0.0,0.0,0.0,0.0,0.0,0.0,0.0,2002,radio,0.5
5,4,lr1e-04_bs32_modL1_fusion64_fusionL1_drop0p2_trmiss50_trlocradio,32,0.0001,1,64,1,0.2,lr1e-04_bs32_modL1_fusion64_fusionL1_drop0p2_trmiss50_trlocradio,3,0.6116736630598704,0.69205042719841,0.35775862068965514,0.6653650796911099,0.5333333333333333,0.0,0.0,0.0,0.0,0.0,0.0,0.0,0.0,0.0,2002,radio,0.5
5,4,lr1e-04_bs32_modL1_fusion64_fusionL1_drop0p2_trmiss50_trlocradio,32,0.0001,1,64,1,0.2,lr1e-04_bs32_modL1_fusion64_fusionL1_drop0p2_trmiss50_trlocradio,4,0.5926930705706278,0.6977986395359039,0.35775862068965514,0.663729089845494,0.5333333333333333,0.0,0.0,0.0,0.0,0.0,0.0,0.0,0.0,0.0,2002,radio,0.5
5,4,lr1e-04_bs32_modL1_fusion64_fusionL1_drop0p2_trmiss50_trlocradio,32,0.0001,1,64,1,0.2,lr1e-04_bs32_modL1_fusion64_fusionL1_drop0p2_trmiss50_trlocradio,5,0.579265296459198,0.7035180032253265,0.34913793103448276,0.6491510722275489,0.5333333333333333,0.0,0.0,0.0,0.0,0.0,0.0,0.0,0.0,0.0,2002,radio,0.5
5,4,lr1e-04_bs32_modL1_fusion64_fusionL1_drop0p2_trmiss50_trlocradio,32,0.0001,1,64,1,0.2,lr1e-04_bs32_modL1_fusion64_fusionL1_drop0p2_trmiss50_trlocradio,6,0.5612030724684397,0.7064489722251892,0.36853448275862066,0.6451829373686805,0.5777777777777777,0.0,0.0,0.0,0.0,0.0,0.0,0.0,0.0,0.0,2002,radio,0.5
5,4,lr1e-04_bs32_modL1_fusion64_fusionL1_drop0p2_trmiss50_trlocradio,32,0.0001,1,64,1,0.2,lr1e-04_bs32_modL1_fusion64_fusionL1_drop0p2_trmiss50_trlocradio,7,0.5453987419605255,0.7073849737644196,0.36206896551724144,0.6394287638511663,0.5555555555555556,0.0,0.0,0.0,0.0,0.0,0.0,0.0,0.0,0.0,2002,radio,0.5
5,4,lr1e-04_bs32_modL1_fusion64_fusionL1_drop0p2_trmiss50_trlocradio,32,0.0001,1,64,1,0.2,lr1e-04_bs32_modL1_fusion64_fusionL1_drop0p2_trmiss50_trlocradio,8,0.5381961166858673,0.7091396749019623,0.35344827586206895,0.6298044054786821,0.5777777777777777,0.0,0.0,0.0,0.0,0.0,0.0,0.0,0.0,0.0,2002,radio,0.5
5,4,lr1e-04_bs32_modL1_fusion64_fusionL1_drop0p2_trmiss50_trlocradio,32,0.0001,1,64,1,0.2,lr1e-04_bs32_modL1_fusion64_fusionL1_drop0p2_trmiss50_trlocradio,9,0.556687186161677,0.7076247334480286,0.35560344827586204,0.6295910108561918,0.5555555555555556,0.0,0.0,0.0,0.0,0.0,0.0,0.0,0.0,0.0,2002,radio,0.5
5,4,lr1e-04_bs32_modL1_fusion64_fusionL1_drop0p2_trmiss50_trlocradio,32,0.0001,1,64,1,0.2,lr1e-04_bs32_modL1_fusion64_fusionL1_drop0p2_trmiss50_trlocradio,10,0.5343024333318075,0.7069396674633026,0.3599137931034483,0.6326036552153185,0.5555555555555556,0.0,0.0,0.0,0.0,0.0,0.0,0.0,0.0,0.0,2002,radio,0.5
5,4,lr1e-04_bs32_modL1_fusion64_fusionL1_drop0p2_trmiss50_trlocradio,32,0.0001,1,64,1,0.2,lr1e-04_bs32_modL1_fusion64_fusionL1_drop0p2_trmiss50_trlocradio,11,0.5213553508122762,0.7055181562900543,0.3685344827586207,0.6453369874273708,0.5111111111111111,0.0,0.0,0.0,0.0,0.0,0.0,0.0,0.0,0.0,2002,radio,0.5
5,4,lr1e-04_bs32_modL1_fusion64_fusionL1_drop0p2_trmiss50_trlocradio,32,0.0001,1,64,1,0.2,lr1e-04_bs32_modL1_fusion64_fusionL1_drop0p2_trmiss50_trlocradio,12,0.5079197684923807,0.7056741714477539,0.37931034482758624,0.6546639265183752,0.5111111111111111,0.0,0.0,0.0,0.0,0.0,0.0,0.0,0.0,0.0,2002,radio,0.5
5,4,lr1e-04_bs32_modL1_fusion64_fusionL1_drop0p2_trmiss50_trlocradio,32,0.0001,1,64,1,0.2,lr1e-04_bs32_modL1_fusion64_fusionL1_drop0p2_trmiss50_trlocradio,13,0.5046834448973337,0.7119060754776001,0.37715517241379315,0.6404611879197631,0.5333333333333333,0.0,0.0,0.0,0.0,0.0,0.0,0.0,0.0,0.0,2002,radio,0.5
5,4,lr1e-04_bs32_modL1_fusion64_fusionL1_drop0p2_trmiss50_trlocradio,32,0.0001,1,64,1,0.2,lr1e-04_bs32_modL1_fusion64_fusionL1_drop0p2_trmiss50_trlocradio,14,0.5083039353291193,0.7136309146881104,0.375,0.6354357702362751,0.4888888888888889,0.0,0.0,0.0,0.0,0.0,0.0,0.0,0.0,0.0,2002,radio,0.5
5,4,lr1e-04_bs32_modL1_fusion64_fusionL1_drop0p2_trmiss50_trlocradio,32,0.0001,1,64,1,0.2,lr1e-04_bs32_modL1_fusion64_fusionL1_drop0p2_trmiss50_trlocradio,15,0.4947809676329295,0.7151215672492981,0.3620689655172413,0.6298210139663906,0.5111111111111111,0.0,0.0,0.0,0.0,0.0,0.0,0.0,0.0,0.0,2002,radio,0.5
5,4,lr1e-04_bs32_modL1_fusion64_fusionL1_drop0p2_trmiss50_trlocradio,32,0.0001,1,64,1,0.2,lr1e-04_bs32_modL1_fusion64_fusionL1_drop0p2_trmiss50_trlocradio,16,0.48877713084220886,0.7155975103378296,0.3642241379310345,0.6182446714355186,0.5111111111111111,0.0,0.0,0.0,0.0,0.0,0.0,0.0,0.0,0.0,2002,radio,0.5
5,4,lr1e-04_bs32_modL1_fusion64_fusionL1_drop0p2_trmiss50_trlocradio,32,0.0001,1,64,1,0.2,lr1e-04_bs32_modL1_fusion64_fusionL1_drop0p2_trmiss50_trlocradio,17,0.512478843331337,0.7141996026039124,0.36637931034482757,0.6283814846822445,0.5111111111111111,0.0,0.0,0.0,0.0,0.0,0.0,0.0,0.0,0.0,2002,radio,0.5
5,4,lr1e-04_bs32_modL1_fusion64_fusionL1_drop0p2_trmiss50_trlocradio,32,0.0001,1,64,1,0.2,lr1e-04_bs32_modL1_fusion64_fusionL1_drop0p2_trmiss50_trlocradio,18,0.48600052793820697,0.7140666544437408,0.3642241379310345,0.6178427444418333,0.5111111111111111,0.0,0.0,0.0,0.0,0.0,0.0,0.0,0.0,0.0,2002,radio,0.5
5,4,lr1e-04_bs32_modL1_fusion64_fusionL1_drop0p2_trmiss50_trlocradio,32,0.0001,1,64,1,0.2,lr1e-04_bs32_modL1_fusion64_fusionL1_drop0p2_trmiss50_trlocradio,19,0.47449371218681335,0.7124683260917664,0.38146551724137934,0.6318683850665525,0.4888888888888889,0.0,0.0,0.0,0.0,0.0,0.0,0.0,0.0,0.0,2002,radio,0.5
5,4,lr1e-04_bs32_modL1_fusion64_fusionL1_drop0p2_trmiss50_trlocradio,32,0.0001,1,64,1,0.2,lr1e-04_bs32_modL1_fusion64_fusionL1_drop0p2_trmiss50_trlocradio,20,0.4911957035462062,0.711541622877121,0.38362068965517243,0.637517137037607,0.5111111111111111,0.0,0.0,0.0,0.0,0.0,0.0,0.0,0.0,0.0,2002,radio,0.5
5,4,lr1e-04_bs32_modL1_fusion64_fusionL1_drop0p2_trmiss50_trlocradio,32,0.0001,1,64,1,0.2,lr1e-04_bs32_modL1_fusion64_fusionL1_drop0p2_trmiss50_trlocradio,21,0.4912920693556468,0.7107050716876984,0.37284482758620685,0.6333973558891579,0.4888888888888889,0.0,0.0,0.0,0.0,0.0,0.0,0.0,0.0,0.0,2002,radio,0.5
5,4,lr1e-04_bs32_modL1_fusion64_fusionL1_drop0p2_trmiss50_trlocradio,32,0.0001,1,64,1,0.2,lr1e-04_bs32_modL1_fusion64_fusionL1_drop0p2_trmiss50_trlocradio,22,0.4862642784913381,0.7128019630908966,0.37284482758620685,0.6352005335544045,0.5111111111111111,0.0,0.0,0.0,0.0,0.0,0.0,0.0,0.0,0.0,2002,radio,0.5
5,4,lr1e-04_bs32_modL1_fusion64_fusionL1_drop0p2_trmiss50_trlocradio,32,0.0001,1,64,1,0.2,lr1e-04_bs32_modL1_fusion64_fusionL1_drop0p2_trmiss50_trlocradio,23,0.48934146761894226,0.7134630084037781,0.3706896551724138,0.6408725442601515,0.4888888888888889,0.0,0.0,0.0,0.0,0.0,0.0,0.0,0.0,0.0,2002,radio,0.5
5,4,lr1e-04_bs32_modL1_fusion64_fusionL1_drop0p2_trmiss50_trlocradio,32,0.0001,1,64,1,0.2,lr1e-04_bs32_modL1_fusion64_fusionL1_drop0p2_trmiss50_trlocradio,24,0.47337116797765094,0.7127107977867126,0.3706896551724138,0.6403920266916113,0.5111111111111111,0.0,0.0,0.0,0.0,0.0,0.0,0.0,0.0,0.0,2002,radio,0.5
5,4,lr1e-04_bs32_modL1_fusion64_fusionL1_drop0p2_trmiss50_trlocradio,32,0.0001,1,64,1,0.2,lr1e-04_bs32_modL1_fusion64_fusionL1_drop0p2_trmiss50_trlocradio,25,0.46638203660647076,0.7116654217243195,0.38362068965517243,0.6329931962160256,0.5111111111111111,0.0,0.0,0.0,0.0,0.0,0.0,0.0,0.0,0.0,2002,radio,0.5
5,4,lr1e-04_bs32_modL1_fusion64_fusionL1_drop0p2_trmiss50_trlocradio,32,0.0001,1,64,1,0.2,lr1e-04_bs32_modL1_fusion64_fusionL1_drop0p2_trmiss50_trlocradio,26,0.4795583188533783,0.7121374011039734,0.3793103448275862,0.6349999842283024,0.4888888888888889,0.0,0.0,0.0,0.0,0.0,0.0,0.0,0.0,0.0,2002,radio,0.5
5,4,lr1e-04_bs32_modL1_fusion64_fusionL1_drop0p2_trmiss50_trlocradio,32,0.0001,1,64,1,0.2,lr1e-04_bs32_modL1_fusion64_fusionL1_drop0p2_trmiss50_trlocradio,27,0.48082322378953296,0.7120859026908875,0.3857758620689655,0.6377544214426071,0.4888888888888889,0.0,0.0,0.0,0.0,0.0,0.0,0.0,0.0,0.0,2002,radio,0.5
5,4,lr1e-04_bs32_modL1_fusion64_fusionL1_drop0p2_trmiss50_trlocradio,32,0.0001,1,64,1,0.2,lr1e-04_bs32_modL1_fusion64_fusionL1_drop0p2_trmiss50_trlocradio,28,0.47207824885845184,0.7124854624271393,0.3836206896551724,0.6444359875416402,0.5111111111111111,0.0,0.0,0.0,0.0,0.0,0.0,0.0,0.0,0.0,2002,radio,0.5
5,4,lr1e-04_bs32_modL1_fusion64_fusionL1_drop0p2_trmiss50_trlocradio,32,0.0001,1,64,1,0.2,lr1e-04_bs32_modL1_fusion64_fusionL1_drop0p2_trmiss50_trlocradio,29,0.469486008087794,0.7140738666057587,0.37068965517241376,0.6407587493082574,0.4888888888888889,0.0,0.0,0.0,0.0,0.0,0.0,0.0,0.0,0.0,2002,radio,0.5
5,4,lr1e-04_bs32_modL1_fusion64_fusionL1_drop0p2_trmiss50_trlocradio,32,0.0001,1,64,1,0.2,lr1e-04_bs32_modL1_fusion64_fusionL1_drop0p2_trmiss50_trlocradio,30,0.47959092259407043,0.7136712670326233,0.36853448275862066,0.6383467170800409,0.4888888888888889,0.0,0.0,0.0,0.0,0.0,0.0,0.0,0.0,0.0,2002,radio,0.5
5,4,lr1e-04_bs32_modL1_fusion64_fusionL1_drop0p2_trmiss50_trlocradio,32,0.0001,1,64,1,0.2,lr1e-04_bs32_modL1_fusion64_fusionL1_drop0p2_trmiss50_trlocradio,31,0.4726567914088567,0.7123434543609619,0.3793103448275862,0.6411425269952262,0.4666666666666667,0.0,0.0,0.0,0.0,0.0,0.0,0.0,0.0,0.0,2002,radio,0.5
5,4,lr1e-04_bs32_modL1_fusion64_fusionL1_drop0p2_trmiss50_trlocradio,32,0.0001,1,64,1,0.2,lr1e-04_bs32_modL1_fusion64_fusionL1_drop0p2_trmiss50_trlocradio,32,0.4625587115685145,0.7131309807300568,0.37499999999999994,0.6409025313751731,0.4888888888888889,0.0,0.0,0.0,0.0,0.0,0.0,0.0,0.0,0.0,2002,radio,0.5
5,4,lr1e-04_bs32_modL1_fusion64_fusionL1_drop0p2_trmiss50_trlocradio,32,0.0001,1,64,1,0.2,lr1e-04_bs32_modL1_fusion64_fusionL1_drop0p2_trmiss50_trlocradio,33,0.4753590176502864,0.7125327885150909,0.36853448275862066,0.6409831223345921,0.4888888888888889,0.0,0.0,0.0,0.0,0.0,0.0,0.0,0.0,0.0,2002,radio,0.5
5,4,lr1e-04_bs32_modL1_fusion64_fusionL1_drop0p2_trmiss50_trlocradio,32,0.0001,1,64,1,0.2,lr1e-04_bs32_modL1_fusion64_fusionL1_drop0p2_trmiss50_trlocradio,34,0.4955408622821172,0.7133660912513733,0.3685344827586207,0.640503459947426,0.5111111111111111,0.0,0.0,0.0,0.0,0.0,0.0,0.0,0.0,0.0,2002,radio,0.5
5,4,lr1e-04_bs32_modL1_fusion64_fusionL1_drop0p2_trmiss50_trlocradio,32,0.0001,1,64,1,0.2,lr1e-04_bs32_modL1_fusion64_fusionL1_drop0p2_trmiss50_trlocradio,35,0.4727400590976079,0.7130979299545288,0.37068965517241376,0.6418496337073928,0.5111111111111111,0.0,0.0,0.0,0.0,0.0,0.0,0.0,0.0,0.0,2002,radio,0.5
5,4,lr1e-04_bs32_modL1_fusion64_fusionL1_drop0p2_trmiss50_trlocradio,32,0.0001,1,64,1,0.2,lr1e-04_bs32_modL1_fusion64_fusionL1_drop0p2_trmiss50_trlocradio,36,0.4763747453689575,0.7139487862586975,0.35991379310344823,0.6376777353363464,0.4888888888888889,0.0,0.0,0.0,0.0,0.0,0.0,0.0,0.0,0.0,2002,radio,0.5
5,4,lr1e-04_bs32_modL1_fusion64_fusionL1_drop0p2_trmiss50_trlocradio,32,0.0001,1,64,1,0.2,lr1e-04_bs32_modL1_fusion64_fusionL1_drop0p2_trmiss50_trlocradio,37,0.46629617114861804,0.7140739858150482,0.35344827586206895,0.6355351256140428,0.4888888888888889,0.0,0.0,0.0,0.0,0.0,0.0,0.0,0.0,0.0,2002,radio,0.5
5,4,lr1e-04_bs32_modL1_fusion64_fusionL1_drop0p2_trmiss50_trlocradio,32,0.0001,1,64,1,0.2,lr1e-04_bs32_modL1_fusion64_fusionL1_drop0p2_trmiss50_trlocradio,38,0.46661719183127087,0.7148250937461853,0.34913793103448276,0.6334398577986939,0.4888888888888889,0.0,0.0,0.0,0.0,0.0,0.0,0.0,0.0,0.0,2002,radio,0.5
5,4,lr1e-04_bs32_modL1_fusion64_fusionL1_drop0p2_trmiss50_trlocradio,32,0.0001,1,64,1,0.2,lr1e-04_bs32_modL1_fusion64_fusionL1_drop0p2_trmiss50_trlocradio,39,0.4698919653892517,0.7169416844844818,0.3512931034482759,0.6332903685801641,0.5111111111111111,0.0,0.0,0.0,0.0,0.0,0.0,0.0,0.0,0.0,2002,radio,0.5
5,4,lr1e-04_bs32_modL1_fusion64_fusionL1_drop0p2_trmiss50_trlocradio,32,0.0001,1,64,1,0.2,lr1e-04_bs32_modL1_fusion64_fusionL1_drop0p2_trmiss50_trlocradio,40,0.4583851198355357,0.7169375717639923,0.35775862068965514,0.6357118028878423,0.4666666666666667,0.0,0.0,0.0,0.0,0.0,0.0,0.0,0.0,0.0,2002,radio,0.5
5,4,lr1e-04_bs32_modL1_fusion64_fusionL1_drop0p2_trmiss50_trlocradio,32,0.0001,1,64,1,0.2,lr1e-04_bs32_modL1_fusion64_fusionL1_drop0p2_trmiss50_trlocradio,41,0.4736311435699463,0.7155937850475311,0.3599137931034483,0.6358796481126953,0.5111111111111111,0.0,0.0,0.0,0.0,0.0,0.0,0.0,0.0,0.0,2002,radio,0.5
5,4,lr1e-04_bs32_modL1_fusion64_fusionL1_drop0p2_trmiss50_trlocradio,32,0.0001,1,64,1,0.2,lr1e-04_bs32_modL1_fusion64_fusionL1_drop0p2_trmiss50_trlocradio,42,0.44354437788327533,0.7152201235294342,0.35775862068965514,0.6357975463064556,0.5111111111111111,0.0,0.0,0.0,0.0,0.0,0.0,0.0,0.0,0.0,2002,radio,0.5
5,4,lr1e-04_bs32_modL1_fusion64_fusionL1_drop0p2_trmiss50_trlocradio,32,0.0001,1,64,1,0.2,lr1e-04_bs32_modL1_fusion64_fusionL1_drop0p2_trmiss50_trlocradio,43,0.460906724135081,0.7146302759647369,0.35775862068965514,0.6349401515862003,0.5111111111111111,0.0,0.0,0.0,0.0,0.0,0.0,0.0,0.0,0.0,2002,radio,0.5
5,4,lr1e-04_bs32_modL1_fusion64_fusionL1_drop0p2_trmiss50_trlocradio,32,0.0001,1,64,1,0.2,lr1e-04_bs32_modL1_fusion64_fusionL1_drop0p2_trmiss50_trlocradio,44,0.45414694646994275,0.71599942445755,0.35344827586206895,0.6342736681391757,0.5111111111111111,0.0,0.0,0.0,0.0,0.0,0.0,0.0,0.0,0.0,2002,radio,0.5
5,4,lr1e-04_bs32_modL1_fusion64_fusionL1_drop0p2_trmiss50_trlocradio,32,0.0001,1,64,1,0.2,lr1e-04_bs32_modL1_fusion64_fusionL1_drop0p2_trmiss50_trlocradio,45,0.4668571501970291,0.7148610055446625,0.35344827586206895,0.6340984634641312,0.5111111111111111,0.0,0.0,0.0,0.0,0.0,0.0,0.0,0.0,0.0,2002,radio,0.5
5,4,lr1e-04_bs32_modL1_fusion64_fusionL1_drop0p2_trmiss50_trlocradio,32,0.0001,1,64,1,0.2,lr1e-04_bs32_modL1_fusion64_fusionL1_drop0p2_trmiss50_trlocradio,46,0.4650973031918208,0.713628351688385,0.3577586206896552,0.6355410620029185,0.5111111111111111,0.0,0.0,0.0,0.0,0.0,0.0,0.0,0.0,0.0,2002,radio,0.5
5,4,lr1e-04_bs32_modL1_fusion64_fusionL1_drop0p2_trmiss50_trlocradio,32,0.0001,1,64,1,0.2,lr1e-04_bs32_modL1_fusion64_fusionL1_drop0p2_trmiss50_trlocradio,47,0.4738876173893611,0.71275594830513,0.3577586206896552,0.6341615615736698,0.5111111111111111,0.0,0.0,0.0,0.0,0.0,0.0,0.0,0.0,0.0,2002,radio,0.5
5,4,lr1e-04_bs32_modL1_fusion64_fusionL1_drop0p1_trmiss50_trlocradio,32,0.0001,1,64,1,0.1,lr1e-04_bs32_modL1_fusion64_fusionL1_drop0p1_trmiss50_trlocradio,1,0.6743888258934021,0.6677893102169037,0.5581896551724138,0.696141317493316,0.6444444444444445,0.0,0.0,0.0,0.0,0.0,0.0,0.0,0.0,0.0,2002,radio,0.5
5,4,lr1e-04_bs32_modL1_fusion64_fusionL1_drop0p1_trmiss50_trlocradio,32,0.0001,1,64,1,0.1,lr1e-04_bs32_modL1_fusion64_fusionL1_drop0p1_trmiss50_trlocradio,2,0.6351375778516134,0.6608816683292389,0.5581896551724137,0.6862919568707392,0.6666666666666666,0.0,0.0,0.0,0.0,0.0,0.0,0.0,0.0,0.0,2002,radio,0.5
5,4,lr1e-04_bs32_modL1_fusion64_fusionL1_drop0p1_trmiss50_trlocradio,32,0.0001,1,64,1,0.1,lr1e-04_bs32_modL1_fusion64_fusionL1_drop0p1_trmiss50_trlocradio,3,0.593002458413442,0.6557131707668304,0.540948275862069,0.7024730081883386,0.6666666666666666,0.0,0.0,0.0,0.0,0.0,0.0,0.0,0.0,0.0,2002,radio,0.5
5,4,lr1e-04_bs32_modL1_fusion64_fusionL1_drop0p1_trmiss50_trlocradio,32,0.0001,1,64,1,0.1,lr1e-04_bs32_modL1_fusion64_fusionL1_drop0p1_trmiss50_trlocradio,4,0.5711186428864797,0.6512770354747772,0.5517241379310345,0.7060552194270691,0.6666666666666666,0.0,0.0,0.0,0.0,0.0,0.0,0.0,0.0,0.0,2002,radio,0.5
5,4,lr1e-04_bs32_modL1_fusion64_fusionL1_drop0p1_trmiss50_trlocradio,32,0.0001,1,64,1,0.1,lr1e-04_bs32_modL1_fusion64_fusionL1_drop0p1_trmiss50_trlocradio,5,0.560488243897756,0.6429811120033264,0.5905172413793103,0.7327930380265449,0.6444444444444445,0.0,0.0,0.0,0.0,0.0,0.0,0.0,0.0,0.0,2002,radio,0.5
5,4,lr1e-04_bs32_modL1_fusion64_fusionL1_drop0p1_trmiss50_trlocradio,32,0.0001,1,64,1,0.1,lr1e-04_bs32_modL1_fusion64_fusionL1_drop0p1_trmiss50_trlocradio,6,0.5379198988278707,0.635570764541626,0.6120689655172413,0.7440664574782865,0.6444444444444445,0.0,0.0,0.0,0.0,0.0,0.0,0.0,0.0,0.0,2002,radio,0.5
5,4,lr1e-04_bs32_modL1_fusion64_fusionL1_drop0p1_trmiss50_trlocradio,32,0.0001,1,64,1,0.1,lr1e-04_bs32_modL1_fusion64_fusionL1_drop0p1_trmiss50_trlocradio,7,0.5205294191837311,0.6395128071308136,0.5969827586206896,0.7487328198439761,0.6222222222222222,0.0,0.0,0.0,0.0,0.0,0.0,0.0,0.0,0.0,2002,radio,0.5
5,4,lr1e-04_bs32_modL1_fusion64_fusionL1_drop0p1_trmiss50_trlocradio,32,0.0001,1,64,1,0.1,lr1e-04_bs32_modL1_fusion64_fusionL1_drop0p1_trmiss50_trlocradio,8,0.49864059189955395,0.637146383523941,0.5775862068965517,0.740529118025092,0.6222222222222222,0.0,0.0,0.0,0.0,0.0,0.0,0.0,0.0,0.0,2002,radio,0.5
5,4,lr1e-04_bs32_modL1_fusion64_fusionL1_drop0p1_trmiss50_trlocradio,32,0.0001,1,64,1,0.1,lr1e-04_bs32_modL1_fusion64_fusionL1_drop0p1_trmiss50_trlocradio,9,0.49237340192000073,0.6338914930820465,0.5948275862068966,0.7545406018844224,0.5777777777777777,0.0,0.0,0.0,0.0,0.0,0.0,0.0,0.0,0.0,2002,radio,0.5
5,4,lr1e-04_bs32_modL1_fusion64_fusionL1_drop0p1_trmiss50_trlocradio,32,0.0001,1,64,1,0.1,lr1e-04_bs32_modL1_fusion64_fusionL1_drop0p1_trmiss50_trlocradio,10,0.4891522079706192,0.634267121553421,0.581896551724138,0.7550437424534283,0.5777777777777777,0.0,0.0,0.0,0.0,0.0,0.0,0.0,0.0,0.0,2002,radio,0.5
5,4,lr1e-04_bs32_modL1_fusion64_fusionL1_drop0p1_trmiss50_trlocradio,32,0.0001,1,64,1,0.1,lr1e-04_bs32_modL1_fusion64_fusionL1_drop0p1_trmiss50_trlocradio,11,0.47339217364788055,0.6391173601150513,0.5495689655172413,0.7332634501855294,0.5777777777777777,0.0,0.0,0.0,0.0,0.0,0.0,0.0,0.0,0.0,2002,radio,0.5
5,4,lr1e-04_bs32_modL1_fusion64_fusionL1_drop0p1_trmiss50_trlocradio,32,0.0001,1,64,1,0.1,lr1e-04_bs32_modL1_fusion64_fusionL1_drop0p1_trmiss50_trlocradio,12,0.4586016734441121,0.6440236866474152,0.5301724137931034,0.7195468957721735,0.5777777777777777,0.0,0.0,0.0,0.0,0.0,0.0,0.0,0.0,0.0,2002,radio,0.5
5,4,lr1e-04_bs32_modL1_fusion64_fusionL1_drop0p1_trmiss50_trlocradio,32,0.0001,1,64,1,0.1,lr1e-04_bs32_modL1_fusion64_fusionL1_drop0p1_trmiss50_trlocradio,13,0.43995815018812817,0.6496059894561768,0.5150862068965516,0.6963330829099126,0.5777777777777777,0.0,0.0,0.0,0.0,0.0,0.0,0.0,0.0,0.0,2002,radio,0.5
5,4,lr1e-04_bs32_modL1_fusion64_fusionL1_drop0p1_trmiss50_trlocradio,32,0.0001,1,64,1,0.1,lr1e-04_bs32_modL1_fusion64_fusionL1_drop0p1_trmiss50_trlocradio,14,0.43380675713221234,0.6473288238048553,0.5280172413793103,0.7051101107615394,0.5555555555555556,0.0,0.0,0.0,0.0,0.0,0.0,0.0,0.0,0.0,2002,radio,0.5
5,4,lr1e-04_bs32_modL1_fusion64_fusionL1_drop0p1_trmiss50_trlocradio,32,0.0001,1,64,1,0.1,lr1e-04_bs32_modL1_fusion64_fusionL1_drop0p1_trmiss50_trlocradio,15,0.41481638451417285,0.6439105570316315,0.540948275862069,0.7169345460009668,0.5555555555555556,0.0,0.0,0.0,0.0,0.0,0.0,0.0,0.0,0.0,2002,radio,0.5
5,4,lr1e-04_bs32_modL1_fusion64_fusionL1_drop0p1_trmiss50_trlocradio,32,0.0001,1,64,1,0.1,lr1e-04_bs32_modL1_fusion64_fusionL1_drop0p1_trmiss50_trlocradio,16,0.41391298174858093,0.6432676613330841,0.5366379310344828,0.7255984722611207,0.5555555555555556,0.0,0.0,0.0,0.0,0.0,0.0,0.0,0.0,0.0,2002,radio,0.5
5,4,lr1e-04_bs32_modL1_fusion64_fusionL1_drop0p1_trmiss50_trlocradio,32,0.0001,1,64,1,0.1,lr1e-04_bs32_modL1_fusion64_fusionL1_drop0p1_trmiss50_trlocradio,17,0.4003005822499593,0.646248459815979,0.5193965517241379,0.7030940624412738,0.5555555555555556,0.0,0.0,0.0,0.0,0.0,0.0,0.0,0.0,0.0,2002,radio,0.5
5,4,lr1e-04_bs32_modL1_fusion64_fusionL1_drop0p1_trmiss50_trlocradio,32,0.0001,1,64,1,0.1,lr1e-04_bs32_modL1_fusion64_fusionL1_drop0p1_trmiss50_trlocradio,18,0.4066661149263382,0.6483542323112488,0.5193965517241379,0.7075297074483774,0.5555555555555556,0.0,0.0,0.0,0.0,0.0,0.0,0.0,0.0,0.0,2002,radio,0.5
5,4,lr1e-04_bs32_modL1_fusion64_fusionL1_drop0p1_trmiss50_trlocradio,32,0.0001,1,64,1,0.1,lr1e-04_bs32_modL1_fusion64_fusionL1_drop0p1_trmiss50_trlocradio,19,0.39403638740380603,0.6479426324367523,0.521551724137931,0.7120763206963753,0.5777777777777777,0.0,0.0,0.0,0.0,0.0,0.0,0.0,0.0,0.0,2002,radio,0.5
5,4,lr1e-04_bs32_modL1_fusion64_fusionL1_drop0p1_trmiss50_trlocradio,32,0.0001,1,64,1,0.1,lr1e-04_bs32_modL1_fusion64_fusionL1_drop0p1_trmiss50_trlocradio,20,0.3831802060206731,0.6471615135669708,0.5150862068965517,0.710929550654214,0.5777777777777777,0.0,0.0,0.0,0.0,0.0,0.0,0.0,0.0,0.0,2002,radio,0.5
5,4,lr1e-04_bs32_modL1_fusion64_fusionL1_drop0p1_trmiss50_trlocradio,32,0.0001,1,64,1,0.1,lr1e-04_bs32_modL1_fusion64_fusionL1_drop0p1_trmiss50_trlocradio,21,0.3850792696078618,0.6438868045806885,0.5301724137931034,0.7233004954934186,0.5555555555555556,0.0,0.0,0.0,0.0,0.0,0.0,0.0,0.0,0.0,2002,radio,0.5
5,4,lr1e-04_bs32_modL1_fusion64_fusionL1_drop0p1_trmiss50_trlocradio,32,0.0001,1,64,1,0.1,lr1e-04_bs32_modL1_fusion64_fusionL1_drop0p1_trmiss50_trlocradio,22,0.3767424176136653,0.6450194120407104,0.5193965517241379,0.7174070287381756,0.5777777777777777,0.0,0.0,0.0,0.0,0.0,0.0,0.0,0.0,0.0,2002,radio,0.5
5,4,lr1e-04_bs32_modL1_fusion64_fusionL1_drop0p1_trmiss50_trlocradio,32,0.0001,1,64,1,0.1,lr1e-04_bs32_modL1_fusion64_fusionL1_drop0p1_trmiss50_trlocradio,23,0.38224831720193225,0.6460929214954376,0.5129310344827586,0.7057687985680857,0.5777777777777777,0.0,0.0,0.0,0.0,0.0,0.0,0.0,0.0,0.0,2002,radio,0.5
5,4,lr1e-04_bs32_modL1_fusion64_fusionL1_drop0p1_trmiss50_trlocradio,32,0.0001,1,64,1,0.1,lr1e-04_bs32_modL1_fusion64_fusionL1_drop0p1_trmiss50_trlocradio,24,0.380325381954511,0.6485534608364105,0.5086206896551724,0.7085800423039991,0.5777777777777777,0.0,0.0,0.0,0.0,0.0,0.0,0.0,0.0,0.0,2002,radio,0.5
5,4,lr1e-04_bs32_modL1_fusion64_fusionL1_drop0p1_trmiss50_trlocradio,32,0.0001,1,64,1,0.1,lr1e-04_bs32_modL1_fusion64_fusionL1_drop0p1_trmiss50_trlocradio,25,0.3770040323336919,0.644993245601654,0.5172413793103448,0.7088876736342224,0.5555555555555556,0.0,0.0,0.0,0.0,0.0,0.0,0.0,0.0,0.0,2002,radio,0.5
5,4,lr1e-04_bs32_modL1_fusion64_fusionL1_drop0p1_trmiss50_trlocradio,32,0.0001,1,64,1,0.1,lr1e-04_bs32_modL1_fusion64_fusionL1_drop0p1_trmiss50_trlocradio,26,0.363992581764857,0.6456447839736938,0.5258620689655173,0.7160792954036376,0.5777777777777777,0.0,0.0,0.0,0.0,0.0,0.0,0.0,0.0,0.0,2002,radio,0.5
5,5,lr5e-05_bs16_modL1_fusion32_fusionL1_drop0p2_trmiss50_trlocradio,16,5e-05,1,32,1,0.2,lr5e-05_bs16_modL1_fusion32_fusionL1_drop0p2_trmiss50_trlocradio,1,0.7408537914355596,0.6961066722869873,0.5474137931034483,0.676428392527433,0.5333333333333333,0.0,0.0,0.0,0.0,0.0,0.0,0.0,0.0,0.0,2002,radio,0.5
5,5,lr5e-05_bs16_modL1_fusion32_fusionL1_drop0p2_trmiss50_trlocradio,16,5e-05,1,32,1,0.2,lr5e-05_bs16_modL1_fusion32_fusionL1_drop0p2_trmiss50_trlocradio,2,0.7416005929311117,0.7261114517847697,0.5387931034482759,0.6896383100351466,0.4666666666666667,0.0,0.0,0.0,0.0,0.0,0.0,0.0,0.0,0.0,2002,radio,0.5
5,5,lr5e-05_bs16_modL1_fusion32_fusionL1_drop0p2_trmiss50_trlocradio,16,5e-05,1,32,1,0.2,lr5e-05_bs16_modL1_fusion32_fusionL1_drop0p2_trmiss50_trlocradio,3,0.6958114157120386,0.7377126216888428,0.5538793103448276,0.6761884705632274,0.4222222222222222,0.0,0.0,0.0,0.0,0.0,0.0,0.0,0.0,0.0,2002,radio,0.5
5,5,lr5e-05_bs16_modL1_fusion32_fusionL1_drop0p2_trmiss50_trlocradio,16,5e-05,1,32,1,0.2,lr5e-05_bs16_modL1_fusion32_fusionL1_drop0p2_trmiss50_trlocradio,4,0.6954926451047262,0.738608737786611,0.5603448275862069,0.6716867402633161,0.37777777777777777,0.0,0.0,0.0,0.0,0.0,0.0,0.0,0.0,0.0,2002,radio,0.5
5,5,lr5e-05_bs16_modL1_fusion32_fusionL1_drop0p2_trmiss50_trlocradio,16,5e-05,1,32,1,0.2,lr5e-05_bs16_modL1_fusion32_fusionL1_drop0p2_trmiss50_trlocradio,5,0.7130274126927058,0.7527868549029032,0.5495689655172413,0.6729970539960847,0.4,0.0,0.0,0.0,0.0,0.0,0.0,0.0,0.0,0.0,2002,radio,0.5
5,5,lr5e-05_bs16_modL1_fusion32_fusionL1_drop0p2_trmiss50_trlocradio,16,5e-05,1,32,1,0.2,lr5e-05_bs16_modL1_fusion32_fusionL1_drop0p2_trmiss50_trlocradio,6,0.6924834748109182,0.7624284426371256,0.5237068965517241,0.6542744234994551,0.4,0.0,0.0,0.0,0.0,0.0,0.0,0.0,0.0,0.0,2002,radio,0.5
5,5,lr5e-05_bs16_modL1_fusion32_fusionL1_drop0p2_trmiss50_trlocradio,16,5e-05,1,32,1,0.2,lr5e-05_bs16_modL1_fusion32_fusionL1_drop0p2_trmiss50_trlocradio,7,0.66709636648496,0.7567925453186035,0.5495689655172413,0.6707006687196805,0.4,0.0,0.0,0.0,0.0,0.0,0.0,0.0,0.0,0.0,2002,radio,0.5
5,5,lr5e-05_bs16_modL1_fusion32_fusionL1_drop0p2_trmiss50_trlocradio,16,5e-05,1,32,1,0.2,lr5e-05_bs16_modL1_fusion32_fusionL1_drop0p2_trmiss50_trlocradio,8,0.6426932662725449,0.7452236215273539,0.5431034482758621,0.6746420904546926,0.4444444444444444,0.0,0.0,0.0,0.0,0.0,0.0,0.0,0.0,0.0,2002,radio,0.5
5,5,lr5e-05_bs16_modL1_fusion32_fusionL1_drop0p2_trmiss50_trlocradio,16,5e-05,1,32,1,0.2,lr5e-05_bs16_modL1_fusion32_fusionL1_drop0p2_trmiss50_trlocradio,9,0.6401999592781067,0.753425399462382,0.5366379310344828,0.6696620304046725,0.4,0.0,0.0,0.0,0.0,0.0,0.0,0.0,0.0,0.0,2002,radio,0.5
5,5,lr5e-05_bs16_modL1_fusion32_fusionL1_drop0p2_trmiss50_trlocradio,16,5e-05,1,32,1,0.2,lr5e-05_bs16_modL1_fusion32_fusionL1_drop0p2_trmiss50_trlocradio,10,0.6628633141517639,0.7521770795186361,0.5517241379310345,0.6765990355494105,0.4444444444444444,0.0,0.0,0.0,0.0,0.0,0.0,0.0,0.0,0.0,2002,radio,0.5
5,5,lr5e-05_bs16_modL1_fusion32_fusionL1_drop0p2_trmiss50_trlocradio,16,5e-05,1,32,1,0.2,lr5e-05_bs16_modL1_fusion32_fusionL1_drop0p2_trmiss50_trlocradio,11,0.6540569712718328,0.7502833803494772,0.5452586206896551,0.6699065836139997,0.4666666666666667,0.0,0.0,0.0,0.0,0.0,0.0,0.0,0.0,0.0,2002,radio,0.5
5,5,lr5e-05_bs16_modL1_fusion32_fusionL1_drop0p2_trmiss50_trlocradio,16,5e-05,1,32,1,0.2,lr5e-05_bs16_modL1_fusion32_fusionL1_drop0p2_trmiss50_trlocradio,12,0.6247823685407639,0.7555907368659973,0.5474137931034483,0.6725498886651893,0.4444444444444444,0.0,0.0,0.0,0.0,0.0,0.0,0.0,0.0,0.0,2002,radio,0.5
5,5,lr5e-05_bs16_modL1_fusion32_fusionL1_drop0p2_trmiss50_trlocradio,16,5e-05,1,32,1,0.2,lr5e-05_bs16_modL1_fusion32_fusionL1_drop0p2_trmiss50_trlocradio,13,0.6357006082932154,0.7591971158981323,0.5474137931034482,0.6780175766917713,0.4666666666666667,0.0,0.0,0.0,0.0,0.0,0.0,0.0,0.0,0.0,2002,radio,0.5
5,5,lr5e-05_bs16_modL1_fusion32_fusionL1_drop0p2_trmiss50_trlocradio,16,5e-05,1,32,1,0.2,lr5e-05_bs16_modL1_fusion32_fusionL1_drop0p2_trmiss50_trlocradio,14,0.6236344426870346,0.7630295554796854,0.5452586206896551,0.6757585696376487,0.4444444444444444,0.0,0.0,0.0,0.0,0.0,0.0,0.0,0.0,0.0,2002,radio,0.5
5,5,lr5e-05_bs16_modL1_fusion32_fusionL1_drop0p2_trmiss50_trlocradio,16,5e-05,1,32,1,0.2,lr5e-05_bs16_modL1_fusion32_fusionL1_drop0p2_trmiss50_trlocradio,15,0.609328364332517,0.7605840166409811,0.540948275862069,0.6703874443501948,0.4666666666666667,0.0,0.0,0.0,0.0,0.0,0.0,0.0,0.0,0.0,2002,radio,0.5
5,5,lr5e-05_bs16_modL1_fusion32_fusionL1_drop0p2_trmiss50_trlocradio,16,5e-05,1,32,1,0.2,lr5e-05_bs16_modL1_fusion32_fusionL1_drop0p2_trmiss50_trlocradio,16,0.6401432702938715,0.7466840346654257,0.5581896551724138,0.6864753423928541,0.4666666666666667,0.0,0.0,0.0,0.0,0.0,0.0,0.0,0.0,0.0,2002,radio,0.5
5,5,lr5e-05_bs16_modL1_fusion32_fusionL1_drop0p2_trmiss50_trlocradio,16,5e-05,1,32,1,0.2,lr5e-05_bs16_modL1_fusion32_fusionL1_drop0p2_trmiss50_trlocradio,17,0.6309394836425781,0.7572688857714335,0.5474137931034482,0.6801256198515119,0.4222222222222222,0.0,0.0,0.0,0.0,0.0,0.0,0.0,0.0,0.0,2002,radio,0.5
5,5,lr5e-05_bs16_modL1_fusion32_fusionL1_drop0p2_trmiss50_trlocradio,16,5e-05,1,32,1,0.2,lr5e-05_bs16_modL1_fusion32_fusionL1_drop0p2_trmiss50_trlocradio,18,0.6192741245031357,0.74473770459493,0.5409482758620688,0.676613203415992,0.4888888888888889,0.0,0.0,0.0,0.0,0.0,0.0,0.0,0.0,0.0,2002,radio,0.5
5,5,lr5e-05_bs16_modL1_fusion32_fusionL1_drop0p2_trmiss50_trlocradio,16,5e-05,1,32,1,0.2,lr5e-05_bs16_modL1_fusion32_fusionL1_drop0p2_trmiss50_trlocradio,19,0.6366561204195023,0.7513928214708964,0.5452586206896551,0.6818205708455429,0.4444444444444444,0.0,0.0,0.0,0.0,0.0,0.0,0.0,0.0,0.0,2002,radio,0.5
5,5,lr5e-05_bs16_modL1_fusion32_fusionL1_drop0p2_trmiss50_trlocradio,16,5e-05,1,32,1,0.2,lr5e-05_bs16_modL1_fusion32_fusionL1_drop0p2_trmiss50_trlocradio,20,0.6258543680111567,0.7369634310404459,0.5366379310344828,0.6738934151309972,0.4888888888888889,0.0,0.0,0.0,0.0,0.0,0.0,0.0,0.0,0.0,2002,radio,0.5
5,5,lr5e-05_bs16_modL1_fusion32_fusionL1_drop0p2_trmiss50_trlocradio,16,5e-05,1,32,1,0.2,lr5e-05_bs16_modL1_fusion32_fusionL1_drop0p2_trmiss50_trlocradio,21,0.6084920217593511,0.7370267510414124,0.5474137931034483,0.6759824636723948,0.5111111111111111,0.0,0.0,0.0,0.0,0.0,0.0,0.0,0.0,0.0,2002,radio,0.5
5,5,lr5e-05_bs16_modL1_fusion32_fusionL1_drop0p2_trmiss50_trlocradio,16,5e-05,1,32,1,0.2,lr5e-05_bs16_modL1_fusion32_fusionL1_drop0p2_trmiss50_trlocradio,22,0.6438257296880087,0.7532147169113159,0.543103448275862,0.6773794994575895,0.4666666666666667,0.0,0.0,0.0,0.0,0.0,0.0,0.0,0.0,0.0,2002,radio,0.5
5,5,lr5e-05_bs16_modL1_fusion32_fusionL1_drop0p2_trmiss50_trlocradio,16,5e-05,1,32,1,0.2,lr5e-05_bs16_modL1_fusion32_fusionL1_drop0p2_trmiss50_trlocradio,23,0.6109396268924078,0.7561063965161642,0.5280172413793103,0.6764413537311026,0.4666666666666667,0.0,0.0,0.0,0.0,0.0,0.0,0.0,0.0,0.0,2002,radio,0.5
5,5,lr5e-05_bs16_modL1_fusion32_fusionL1_drop0p2_trmiss50_trlocradio,16,5e-05,1,32,1,0.2,lr5e-05_bs16_modL1_fusion32_fusionL1_drop0p2_trmiss50_trlocradio,24,0.5996178239583969,0.7436986366907755,0.5474137931034483,0.6770868178482803,0.4888888888888889,0.0,0.0,0.0,0.0,0.0,0.0,0.0,0.0,0.0,2002,radio,0.5
5,5,lr5e-05_bs16_modL1_fusion32_fusionL1_drop0p2_trmiss50_trlocradio,16,5e-05,1,32,1,0.2,lr5e-05_bs16_modL1_fusion32_fusionL1_drop0p2_trmiss50_trlocradio,25,0.6023062368233999,0.7483747998873392,0.5366379310344827,0.6687675896434163,0.4888888888888889,0.0,0.0,0.0,0.0,0.0,0.0,0.0,0.0,0.0,2002,radio,0.5
5,5,lr5e-05_bs16_modL1_fusion32_fusionL1_drop0p2_trmiss50_trlocradio,16,5e-05,1,32,1,0.2,lr5e-05_bs16_modL1_fusion32_fusionL1_drop0p2_trmiss50_trlocradio,26,0.6075816253821055,0.7550753951072693,0.5344827586206896,0.6692896037614123,0.4666666666666667,0.0,0.0,0.0,0.0,0.0,0.0,0.0,0.0,0.0,2002,radio,0.5
5,5,lr5e-05_bs16_modL1_fusion32_fusionL1_drop0p2_trmiss50_trlocradio,16,5e-05,1,32,1,0.2,lr5e-05_bs16_modL1_fusion32_fusionL1_drop0p2_trmiss50_trlocradio,27,0.612875501314799,0.7481807867685953,0.5452586206896552,0.6840156344161115,0.4888888888888889,0.0,0.0,0.0,0.0,0.0,0.0,0.0,0.0,0.0,2002,radio,0.5
5,5,lr5e-05_bs16_modL1_fusion32_fusionL1_drop0p2_trmiss50_trlocradio,16,5e-05,1,32,1,0.2,lr5e-05_bs16_modL1_fusion32_fusionL1_drop0p2_trmiss50_trlocradio,28,0.6195025493701299,0.748170534769694,0.5387931034482758,0.6780119194674301,0.5111111111111111,0.0,0.0,0.0,0.0,0.0,0.0,0.0,0.0,0.0,2002,radio,0.5
5,5,lr5e-05_bs16_modL1_fusion32_fusionL1_drop0p2_trmiss50_trlocradio,16,5e-05,1,32,1,0.2,lr5e-05_bs16_modL1_fusion32_fusionL1_drop0p2_trmiss50_trlocradio,29,0.6150784740845362,0.7432879408200582,0.5431034482758621,0.6762714024207959,0.5111111111111111,0.0,0.0,0.0,0.0,0.0,0.0,0.0,0.0,0.0,2002,radio,0.5
5,5,lr5e-05_bs16_modL1_fusion32_fusionL1_drop0p2_trmiss50_trlocradio,16,5e-05,1,32,1,0.2,lr5e-05_bs16_modL1_fusion32_fusionL1_drop0p2_trmiss50_trlocradio,30,0.614690845211347,0.7460746566454569,0.5495689655172413,0.6864916645898251,0.5111111111111111,0.0,0.0,0.0,0.0,0.0,0.0,0.0,0.0,0.0,2002,radio,0.5
5,5,lr5e-05_bs16_modL1_fusion32_fusionL1_drop0p2_trmiss50_trlocradio,16,5e-05,1,32,1,0.2,lr5e-05_bs16_modL1_fusion32_fusionL1_drop0p2_trmiss50_trlocradio,31,0.6049570937951406,0.74797123670578,0.5323275862068966,0.6717421270897497,0.4666666666666667,0.0,0.0,0.0,0.0,0.0,0.0,0.0,0.0,0.0,2002,radio,0.5
5,5,lr5e-05_bs16_modL1_fusion32_fusionL1_drop0p2_trmiss50_trlocradio,16,5e-05,1,32,1,0.2,lr5e-05_bs16_modL1_fusion32_fusionL1_drop0p2_trmiss50_trlocradio,32,0.6032890478769938,0.733888566493988,0.5366379310344828,0.6771932798778093,0.5777777777777777,0.0,0.0,0.0,0.0,0.0,0.0,0.0,0.0,0.0,2002,radio,0.5
5,5,lr5e-05_bs16_modL1_fusion32_fusionL1_drop0p2_trmiss50_trlocradio,16,5e-05,1,32,1,0.2,lr5e-05_bs16_modL1_fusion32_fusionL1_drop0p2_trmiss50_trlocradio,33,0.6083237826824188,0.7391515374183655,0.5301724137931034,0.6732064494942508,0.5333333333333333,0.0,0.0,0.0,0.0,0.0,0.0,0.0,0.0,0.0,2002,radio,0.5
5,5,lr5e-05_bs16_modL1_fusion32_fusionL1_drop0p2_trmiss50_trlocradio,16,5e-05,1,32,1,0.2,lr5e-05_bs16_modL1_fusion32_fusionL1_drop0p2_trmiss50_trlocradio,34,0.6076650073130926,0.7523208856582642,0.5344827586206897,0.6701238332627912,0.4888888888888889,0.0,0.0,0.0,0.0,0.0,0.0,0.0,0.0,0.0,2002,radio,0.5
5,5,lr5e-05_bs16_modL1_fusion32_fusionL1_drop0p2_trmiss50_trlocradio,16,5e-05,1,32,1,0.2,lr5e-05_bs16_modL1_fusion32_fusionL1_drop0p2_trmiss50_trlocradio,35,0.5990373368064562,0.7379525105158488,0.5495689655172414,0.6963394910550171,0.5111111111111111,0.0,0.0,0.0,0.0,0.0,0.0,0.0,0.0,0.0,2002,radio,0.5
5,5,lr5e-05_bs16_modL1_fusion32_fusionL1_drop0p2_trmiss50_trlocradio,16,5e-05,1,32,1,0.2,lr5e-05_bs16_modL1_fusion32_fusionL1_drop0p2_trmiss50_trlocradio,36,0.6023787359396616,0.7360784808794657,0.5323275862068967,0.6792921397129703,0.5111111111111111,0.0,0.0,0.0,0.0,0.0,0.0,0.0,0.0,0.0,2002,radio,0.5
5,5,lr5e-05_bs16_modL1_fusion32_fusionL1_drop0p1_trmiss50_trlocradio,16,5e-05,1,32,1,0.1,lr5e-05_bs16_modL1_fusion32_fusionL1_drop0p1_trmiss50_trlocradio,1,0.7259983817736307,0.7633125384648641,0.3814655172413793,0.6144138200415942,0.35555555555555557,0.0,0.0,0.0,0.0,0.0,0.0,0.0,0.0,0.0,2002,radio,0.5
5,5,lr5e-05_bs16_modL1_fusion32_fusionL1_drop0p1_trmiss50_trlocradio,16,5e-05,1,32,1,0.1,lr5e-05_bs16_modL1_fusion32_fusionL1_drop0p1_trmiss50_trlocradio,2,0.7140130350987116,0.7953208684921265,0.39870689655172414,0.6208884822604563,0.37777777777777777,0.0,0.0,0.0,0.0,0.0,0.0,0.0,0.0,0.0,2002,radio,0.5
5,5,lr5e-05_bs16_modL1_fusion32_fusionL1_drop0p1_trmiss50_trlocradio,16,5e-05,1,32,1,0.1,lr5e-05_bs16_modL1_fusion32_fusionL1_drop0p1_trmiss50_trlocradio,3,0.7064696401357651,0.8099831144014994,0.39870689655172414,0.6223767993180592,0.37777777777777777,0.0,0.0,0.0,0.0,0.0,0.0,0.0,0.0,0.0,2002,radio,0.5
5,5,lr5e-05_bs16_modL1_fusion32_fusionL1_drop0p1_trmiss50_trlocradio,16,5e-05,1,32,1,0.1,lr5e-05_bs16_modL1_fusion32_fusionL1_drop0p1_trmiss50_trlocradio,4,0.6909864395856857,0.7872304320335388,0.41163793103448276,0.6340186008456437,0.4222222222222222,0.0,0.0,0.0,0.0,0.0,0.0,0.0,0.0,0.0,2002,radio,0.5
5,5,lr5e-05_bs16_modL1_fusion32_fusionL1_drop0p1_trmiss50_trlocradio,16,5e-05,1,32,1,0.1,lr5e-05_bs16_modL1_fusion32_fusionL1_drop0p1_trmiss50_trlocradio,5,0.6649862180153528,0.770733634630839,0.44827586206896547,0.650847742605853,0.4888888888888889,0.0,0.0,0.0,0.0,0.0,0.0,0.0,0.0,0.0,2002,radio,0.5
5,5,lr5e-05_bs16_modL1_fusion32_fusionL1_drop0p1_trmiss50_trlocradio,16,5e-05,1,32,1,0.1,lr5e-05_bs16_modL1_fusion32_fusionL1_drop0p1_trmiss50_trlocradio,6,0.6480198403199514,0.7517010172208151,0.48706896551724144,0.6689852523853557,0.4888888888888889,0.0,0.0,0.0,0.0,0.0,0.0,0.0,0.0,0.0,2002,radio,0.5
5,5,lr5e-05_bs16_modL1_fusion32_fusionL1_drop0p1_trmiss50_trlocradio,16,5e-05,1,32,1,0.1,lr5e-05_bs16_modL1_fusion32_fusionL1_drop0p1_trmiss50_trlocradio,7,0.619528149565061,0.7529773116111755,0.47844827586206895,0.6698081447601854,0.4888888888888889,0.0,0.0,0.0,0.0,0.0,0.0,0.0,0.0,0.0,2002,radio,0.5
5,5,lr5e-05_bs16_modL1_fusion32_fusionL1_drop0p1_trmiss50_trlocradio,16,5e-05,1,32,1,0.1,lr5e-05_bs16_modL1_fusion32_fusionL1_drop0p1_trmiss50_trlocradio,8,0.6328210930029551,0.7626277407010397,0.4482758620689655,0.6559295005338402,0.4666666666666667,0.0,0.0,0.0,0.0,0.0,0.0,0.0,0.0,0.0,2002,radio,0.5
5,5,lr5e-05_bs16_modL1_fusion32_fusionL1_drop0p1_trmiss50_trlocradio,16,5e-05,1,32,1,0.1,lr5e-05_bs16_modL1_fusion32_fusionL1_drop0p1_trmiss50_trlocradio,9,0.6148240317900976,0.7696085373560587,0.4504310344827586,0.6644544285267069,0.4444444444444444,0.0,0.0,0.0,0.0,0.0,0.0,0.0,0.0,0.0,2002,radio,0.5
5,5,lr5e-05_bs16_modL1_fusion32_fusionL1_drop0p1_trmiss50_trlocradio,16,5e-05,1,32,1,0.1,lr5e-05_bs16_modL1_fusion32_fusionL1_drop0p1_trmiss50_trlocradio,10,0.6111195335785548,0.7554067770640055,0.48275862068965514,0.69430742761686,0.4888888888888889,0.0,0.0,0.0,0.0,0.0,0.0,0.0,0.0,0.0,2002,radio,0.5
5,5,lr5e-05_bs16_modL1_fusion32_fusionL1_drop0p1_trmiss50_trlocradio,16,5e-05,1,32,1,0.1,lr5e-05_bs16_modL1_fusion32_fusionL1_drop0p1_trmiss50_trlocradio,11,0.5961374938488007,0.75922824939092,0.47413793103448276,0.6986601029634502,0.4888888888888889,0.0,0.0,0.0,0.0,0.0,0.0,0.0,0.0,0.0,2002,radio,0.5
5,5,lr5e-05_bs16_modL1_fusion32_fusionL1_drop0p1_trmiss50_trlocradio,16,5e-05,1,32,1,0.1,lr5e-05_bs16_modL1_fusion32_fusionL1_drop0p1_trmiss50_trlocradio,12,0.6041485319534937,0.7605127294858297,0.4655172413793104,0.6825915216245149,0.5111111111111111,0.0,0.0,0.0,0.0,0.0,0.0,0.0,0.0,0.0,2002,radio,0.5
5,5,lr5e-05_bs16_modL1_fusion32_fusionL1_drop0p1_trmiss50_trlocradio,16,5e-05,1,32,1,0.1,lr5e-05_bs16_modL1_fusion32_fusionL1_drop0p1_trmiss50_trlocradio,13,0.5592180291811625,0.7575663328170776,0.4676724137931034,0.6900257639220028,0.4888888888888889,0.0,0.0,0.0,0.0,0.0,0.0,0.0,0.0,0.0,2002,radio,0.5
5,5,lr5e-05_bs16_modL1_fusion32_fusionL1_drop0p1_trmiss50_trlocradio,16,5e-05,1,32,1,0.1,lr5e-05_bs16_modL1_fusion32_fusionL1_drop0p1_trmiss50_trlocradio,14,0.6001988351345062,0.761240561803182,0.4698275862068966,0.6930130484527772,0.5111111111111111,0.0,0.0,0.0,0.0,0.0,0.0,0.0,0.0,0.0,2002,radio,0.5
5,5,lr5e-05_bs16_modL1_fusion32_fusionL1_drop0p1_trmiss50_trlocradio,16,5e-05,1,32,1,0.1,lr5e-05_bs16_modL1_fusion32_fusionL1_drop0p1_trmiss50_trlocradio,15,0.5620422661304474,0.7674815456072489,0.47844827586206895,0.6989824788131765,0.5333333333333333,0.0,0.0,0.0,0.0,0.0,0.0,0.0,0.0,0.0,2002,radio,0.5
5,5,lr5e-05_bs16_modL1_fusion32_fusionL1_drop0p1_trmiss50_trlocradio,16,5e-05,1,32,1,0.1,lr5e-05_bs16_modL1_fusion32_fusionL1_drop0p1_trmiss50_trlocradio,16,0.5708398992816607,0.7711192568143209,0.4849137931034483,0.704061034101234,0.5111111111111111,0.0,0.0,0.0,0.0,0.0,0.0,0.0,0.0,0.0,2002,radio,0.5
5,5,lr5e-05_bs16_modL1_fusion32_fusionL1_drop0p1_trmiss50_trlocradio,16,5e-05,1,32,1,0.1,lr5e-05_bs16_modL1_fusion32_fusionL1_drop0p1_trmiss50_trlocradio,17,0.5588001608848572,0.7699602047602335,0.5021551724137931,0.7133563919026104,0.4888888888888889,0.0,0.0,0.0,0.0,0.0,0.0,0.0,0.0,0.0,2002,radio,0.5
5,5,lr5e-05_bs16_modL1_fusion32_fusionL1_drop0p1_trmiss50_trlocradio,16,5e-05,1,32,1,0.1,lr5e-05_bs16_modL1_fusion32_fusionL1_drop0p1_trmiss50_trlocradio,18,0.5732977787653605,0.7503257989883423,0.5,0.681357160225999,0.4666666666666667,0.0,0.0,0.0,0.0,0.0,0.0,0.0,0.0,0.0,2002,radio,0.5
5,5,lr5e-05_bs16_modL1_fusion32_fusionL1_drop0p1_trmiss50_trlocradio,16,5e-05,1,32,1,0.1,lr5e-05_bs16_modL1_fusion32_fusionL1_drop0p1_trmiss50_trlocradio,19,0.5608937541643778,0.7365898291269938,0.5258620689655172,0.7322825606741138,0.4888888888888889,0.0,0.0,0.0,0.0,0.0,0.0,0.0,0.0,0.0,2002,radio,0.5
5,5,lr5e-05_bs16_modL1_fusion32_fusionL1_drop0p1_trmiss50_trlocradio,16,5e-05,1,32,1,0.1,lr5e-05_bs16_modL1_fusion32_fusionL1_drop0p1_trmiss50_trlocradio,20,0.544721653064092,0.7355129718780518,0.5258620689655172,0.725887085679837,0.4888888888888889,0.0,0.0,0.0,0.0,0.0,0.0,0.0,0.0,0.0,2002,radio,0.5
5,5,lr5e-05_bs16_modL1_fusion32_fusionL1_drop0p1_trmiss50_trlocradio,16,5e-05,1,32,1,0.1,lr5e-05_bs16_modL1_fusion32_fusionL1_drop0p1_trmiss50_trlocradio,21,0.559589813152949,0.7415586511294047,0.521551724137931,0.7397144762465349,0.4888888888888889,0.0,0.0,0.0,0.0,0.0,0.0,0.0,0.0,0.0,2002,radio,0.5
5,5,lr5e-05_bs16_modL1_fusion32_fusionL1_drop0p1_trmiss50_trlocradio,16,5e-05,1,32,1,0.1,lr5e-05_bs16_modL1_fusion32_fusionL1_drop0p1_trmiss50_trlocradio,22,0.5402366444468498,0.7484508951505026,0.5344827586206896,0.7540628766419741,0.5111111111111111,0.0,0.0,0.0,0.0,0.0,0.0,0.0,0.0,0.0,2002,radio,0.5
5,5,lr5e-05_bs16_modL1_fusion32_fusionL1_drop0p1_trmiss50_trlocradio,16,5e-05,1,32,1,0.1,lr5e-05_bs16_modL1_fusion32_fusionL1_drop0p1_trmiss50_trlocradio,23,0.5522196019689242,0.744417130947113,0.5517241379310345,0.7523865492163491,0.5111111111111111,0.0,0.0,0.0,0.0,0.0,0.0,0.0,0.0,0.0,2002,radio,0.5
5,5,lr5e-05_bs16_modL1_fusion32_fusionL1_drop0p1_trmiss50_trlocradio,16,5e-05,1,32,1,0.1,lr5e-05_bs16_modL1_fusion32_fusionL1_drop0p1_trmiss50_trlocradio,24,0.5401142860452334,0.7545742988586426,0.5280172413793103,0.7408463921458084,0.5333333333333333,0.0,0.0,0.0,0.0,0.0,0.0,0.0,0.0,0.0,2002,radio,0.5
5,5,lr5e-05_bs16_modL1_fusion32_fusionL1_drop0p1_trmiss50_trlocradio,16,5e-05,1,32,1,0.1,lr5e-05_bs16_modL1_fusion32_fusionL1_drop0p1_trmiss50_trlocradio,25,0.5380780051151911,0.7516711155573527,0.5280172413793104,0.7357713860108257,0.5111111111111111,0.0,0.0,0.0,0.0,0.0,0.0,0.0,0.0,0.0,2002,radio,0.5
5,5,lr5e-05_bs16_modL1_fusion32_fusionL1_drop0p1_trmiss50_trlocradio,16,5e-05,1,32,1,0.1,lr5e-05_bs16_modL1_fusion32_fusionL1_drop0p1_trmiss50_trlocradio,26,0.5413152401645979,0.7439175844192505,0.5280172413793104,0.7331537453770464,0.5111111111111111,0.0,0.0,0.0,0.0,0.0,0.0,0.0,0.0,0.0,2002,radio,0.5
5,5,lr5e-05_bs16_modL1_fusion32_fusionL1_drop0p1_trmiss50_trlocradio,16,5e-05,1,32,1,0.1,lr5e-05_bs16_modL1_fusion32_fusionL1_drop0p1_trmiss50_trlocradio,27,0.5355203449726105,0.7480790615081787,0.5280172413793104,0.7309978424692116,0.4888888888888889,0.0,0.0,0.0,0.0,0.0,0.0,0.0,0.0,0.0,2002,radio,0.5
5,5,lr5e-05_bs16_modL1_fusion32_fusionL1_drop0p1_trmiss50_trlocradio,16,5e-05,1,32,1,0.1,lr5e-05_bs16_modL1_fusion32_fusionL1_drop0p1_trmiss50_trlocradio,28,0.546844370663166,0.7394479513168335,0.543103448275862,0.7332621737817774,0.4888888888888889,0.0,0.0,0.0,0.0,0.0,0.0,0.0,0.0,0.0,2002,radio,0.5
5,5,lr5e-05_bs16_modL1_fusion32_fusionL1_drop0p1_trmiss50_trlocradio,16,5e-05,1,32,1,0.1,lr5e-05_bs16_modL1_fusion32_fusionL1_drop0p1_trmiss50_trlocradio,29,0.5297706127166748,0.7361822923024496,0.5237068965517242,0.7281023173864736,0.5111111111111111,0.0,0.0,0.0,0.0,0.0,0.0,0.0,0.0,0.0,2002,radio,0.5
5,5,lr5e-05_bs16_modL1_fusion32_fusionL1_drop0p1_trmiss50_trlocradio,16,5e-05,1,32,1,0.1,lr5e-05_bs16_modL1_fusion32_fusionL1_drop0p1_trmiss50_trlocradio,30,0.5290191123882929,0.755289892355601,0.5172413793103449,0.723748597699809,0.4888888888888889,0.0,0.0,0.0,0.0,0.0,0.0,0.0,0.0,0.0,2002,radio,0.5
5,5,lr5e-05_bs16_modL1_fusion32_fusionL1_drop0p1_trmiss50_trlocradio,16,5e-05,1,32,1,0.1,lr5e-05_bs16_modL1_fusion32_fusionL1_drop0p1_trmiss50_trlocradio,31,0.5174547582864761,0.7416053414344788,0.540948275862069,0.7322692854837336,0.5333333333333333,0.0,0.0,0.0,0.0,0.0,0.0,0.0,0.0,0.0,2002,radio,0.5
5,5,lr5e-05_bs16_modL1_fusion32_fusionL1_drop0p1_trmiss50_trlocradio,16,5e-05,1,32,1,0.1,lr5e-05_bs16_modL1_fusion32_fusionL1_drop0p1_trmiss50_trlocradio,32,0.5259162609775861,0.7431292335192362,0.5301724137931034,0.7252764149244948,0.4888888888888889,0.0,0.0,0.0,0.0,0.0,0.0,0.0,0.0,0.0,2002,radio,0.5
5,5,lr5e-05_bs16_modL1_fusion32_fusionL1_drop0p1_trmiss50_trlocradio,16,5e-05,1,32,1,0.1,lr5e-05_bs16_modL1_fusion32_fusionL1_drop0p1_trmiss50_trlocradio,33,0.5203927755355835,0.7540698051452637,0.5172413793103449,0.7246049140316584,0.5111111111111111,0.0,0.0,0.0,0.0,0.0,0.0,0.0,0.0,0.0,2002,radio,0.5
5,5,lr5e-05_bs16_modL1_fusion32_fusionL1_drop0p1_trmiss50_trlocradio,16,5e-05,1,32,1,0.1,lr5e-05_bs16_modL1_fusion32_fusionL1_drop0p1_trmiss50_trlocradio,34,0.5400418937206268,0.741151769955953,0.5237068965517242,0.7277083252152926,0.4888888888888889,0.0,0.0,0.0,0.0,0.0,0.0,0.0,0.0,0.0,2002,radio,0.5
5,5,lr5e-05_bs16_modL1_fusion32_fusionL1_drop0p1_trmiss50_trlocradio,16,5e-05,1,32,1,0.1,lr5e-05_bs16_modL1_fusion32_fusionL1_drop0p1_trmiss50_trlocradio,35,0.5143471012512842,0.7445238629976908,0.5086206896551724,0.7151564691222814,0.4888888888888889,0.0,0.0,0.0,0.0,0.0,0.0,0.0,0.0,0.0,2002,radio,0.5
5,5,lr5e-05_bs16_modL1_fusion32_fusionL1_drop0p1_trmiss50_trlocradio,16,5e-05,1,32,1,0.1,lr5e-05_bs16_modL1_fusion32_fusionL1_drop0p1_trmiss50_trlocradio,36,0.5144561678171158,0.7482987642288208,0.5323275862068966,0.7344438499382125,0.5111111111111111,0.0,0.0,0.0,0.0,0.0,0.0,0.0,0.0,0.0,2002,radio,0.5
5,5,lr5e-05_bs16_modL1_fusion32_fusionL1_drop0p1_trmiss50_trlocradio,16,5e-05,1,32,1,0.1,lr5e-05_bs16_modL1_fusion32_fusionL1_drop0p1_trmiss50_trlocradio,37,0.5069633225599924,0.7432424227396647,0.5301724137931034,0.7353129449373756,0.5111111111111111,0.0,0.0,0.0,0.0,0.0,0.0,0.0,0.0,0.0,2002,radio,0.5
5,5,lr5e-05_bs16_modL1_fusion32_fusionL1_drop0p1_trmiss50_trlocradio,16,5e-05,1,32,1,0.1,lr5e-05_bs16_modL1_fusion32_fusionL1_drop0p1_trmiss50_trlocradio,38,0.5137650345762571,0.7403603196144104,0.5344827586206896,0.7315146257019123,0.5111111111111111,0.0,0.0,0.0,0.0,0.0,0.0,0.0,0.0,0.0,2002,radio,0.5
5,5,lr5e-05_bs16_modL1_fusion32_fusionL1_drop0p1_trmiss50_trlocradio,16,5e-05,1,32,1,0.1,lr5e-05_bs16_modL1_fusion32_fusionL1_drop0p1_trmiss50_trlocradio,39,0.5064687008659045,0.7466962138811747,0.521551724137931,0.7205064537826109,0.4888888888888889,0.0,0.0,0.0,0.0,0.0,0.0,0.0,0.0,0.0,2002,radio,0.5
5,5,lr5e-05_bs16_modL1_fusion32_fusionL1_drop0p1_trmiss50_trlocradio,16,5e-05,1,32,1,0.1,lr5e-05_bs16_modL1_fusion32_fusionL1_drop0p1_trmiss50_trlocradio,40,0.5173126310110092,0.7370079954465231,0.5193965517241379,0.7091876545466004,0.4444444444444444,0.0,0.0,0.0,0.0,0.0,0.0,0.0,0.0,0.0,2002,radio,0.5
5,5,lr5e-05_bs16_modL1_fusion32_fusionL1_drop0p1_trmiss50_trlocradio,16,5e-05,1,32,1,0.1,lr5e-05_bs16_modL1_fusion32_fusionL1_drop0p1_trmiss50_trlocradio,41,0.49251341819763184,0.7260216275850931,0.5474137931034483,0.7357539450817838,0.5111111111111111,0.0,0.0,0.0,0.0,0.0,0.0,0.0,0.0,0.0,2002,radio,0.5
5,5,lr5e-05_bs16_modL1_fusion32_fusionL1_drop0p1_trmiss50_trlocradio,16,5e-05,1,32,1,0.1,lr5e-05_bs16_modL1_fusion32_fusionL1_drop0p1_trmiss50_trlocradio,42,0.5110015571117401,0.7437747319539388,0.540948275862069,0.7411580158653679,0.4888888888888889,0.0,0.0,0.0,0.0,0.0,0.0,0.0,0.0,0.0,2002,radio,0.5
5,5,lr5e-05_bs16_modL1_fusion32_fusionL1_drop0p1_trmiss50_trlocradio,16,5e-05,1,32,1,0.1,lr5e-05_bs16_modL1_fusion32_fusionL1_drop0p1_trmiss50_trlocradio,43,0.5105706627170244,0.7335380713144938,0.5344827586206897,0.7297786503634225,0.5333333333333333,0.0,0.0,0.0,0.0,0.0,0.0,0.0,0.0,0.0,2002,radio,0.5
5,5,lr5e-05_bs16_modL1_fusion64_fusionL1_drop0p2_trmiss50_trlocradio,16,5e-05,1,64,1,0.2,lr5e-05_bs16_modL1_fusion64_fusionL1_drop0p2_trmiss50_trlocradio,1,0.6812114616235098,0.6830612619717916,0.521551724137931,0.7129161660915582,0.4888888888888889,0.0,0.0,0.0,0.0,0.0,0.0,0.0,0.0,0.0,2002,radio,0.5
5,5,lr5e-05_bs16_modL1_fusion64_fusionL1_drop0p2_trmiss50_trlocradio,16,5e-05,1,64,1,0.2,lr5e-05_bs16_modL1_fusion64_fusionL1_drop0p2_trmiss50_trlocradio,2,0.6284269789854685,0.6889872352282206,0.5323275862068966,0.7197428073993737,0.4888888888888889,0.0,0.0,0.0,0.0,0.0,0.0,0.0,0.0,0.0,2002,radio,0.5
5,5,lr5e-05_bs16_modL1_fusion64_fusionL1_drop0p2_trmiss50_trlocradio,16,5e-05,1,64,1,0.2,lr5e-05_bs16_modL1_fusion64_fusionL1_drop0p2_trmiss50_trlocradio,3,0.63914754986763,0.690199057261149,0.5258620689655172,0.708955761654388,0.5333333333333333,0.0,0.0,0.0,0.0,0.0,0.0,0.0,0.0,0.0,2002,radio,0.5
5,5,lr5e-05_bs16_modL1_fusion64_fusionL1_drop0p2_trmiss50_trlocradio,16,5e-05,1,64,1,0.2,lr5e-05_bs16_modL1_fusion64_fusionL1_drop0p2_trmiss50_trlocradio,4,0.5885821382204691,0.6836312214533488,0.5474137931034483,0.7241179093804464,0.5333333333333333,0.0,0.0,0.0,0.0,0.0,0.0,0.0,0.0,0.0,2002,radio,0.5
5,5,lr5e-05_bs16_modL1_fusion64_fusionL1_drop0p2_trmiss50_trlocradio,16,5e-05,1,64,1,0.2,lr5e-05_bs16_modL1_fusion64_fusionL1_drop0p2_trmiss50_trlocradio,5,0.5885939548412958,0.6776587963104248,0.5495689655172413,0.7237221825031985,0.5111111111111111,0.0,0.0,0.0,0.0,0.0,0.0,0.0,0.0,0.0,2002,radio,0.5
5,5,lr5e-05_bs16_modL1_fusion64_fusionL1_drop0p2_trmiss50_trlocradio,16,5e-05,1,64,1,0.2,lr5e-05_bs16_modL1_fusion64_fusionL1_drop0p2_trmiss50_trlocradio,6,0.5848667522271475,0.6685796976089478,0.5603448275862069,0.7376303303172126,0.5333333333333333,0.0,0.0,0.0,0.0,0.0,0.0,0.0,0.0,0.0,2002,radio,0.5
5,5,lr5e-05_bs16_modL1_fusion64_fusionL1_drop0p2_trmiss50_trlocradio,16,5e-05,1,64,1,0.2,lr5e-05_bs16_modL1_fusion64_fusionL1_drop0p2_trmiss50_trlocradio,7,0.5717102338870367,0.6763312220573425,0.5711206896551724,0.7545046323767918,0.4888888888888889,0.0,0.0,0.0,0.0,0.0,0.0,0.0,0.0,0.0,2002,radio,0.5
5,5,lr5e-05_bs16_modL1_fusion64_fusionL1_drop0p2_trmiss50_trlocradio,16,5e-05,1,64,1,0.2,lr5e-05_bs16_modL1_fusion64_fusionL1_drop0p2_trmiss50_trlocradio,8,0.5591570859154066,0.6788764794667562,0.5603448275862069,0.751015422190045,0.5333333333333333,0.0,0.0,0.0,0.0,0.0,0.0,0.0,0.0,0.0,2002,radio,0.5
5,5,lr5e-05_bs16_modL1_fusion64_fusionL1_drop0p2_trmiss50_trlocradio,16,5e-05,1,64,1,0.2,lr5e-05_bs16_modL1_fusion64_fusionL1_drop0p2_trmiss50_trlocradio,9,0.5524525294701258,0.6828632354736328,0.5862068965517241,0.7772495516833706,0.5333333333333333,0.0,0.0,0.0,0.0,0.0,0.0,0.0,0.0,0.0,2002,radio,0.5
5,5,lr5e-05_bs16_modL1_fusion64_fusionL1_drop0p2_trmiss50_trlocradio,16,5e-05,1,64,1,0.2,lr5e-05_bs16_modL1_fusion64_fusionL1_drop0p2_trmiss50_trlocradio,10,0.5531615863243738,0.678265372912089,0.5689655172413792,0.768539892808489,0.5333333333333333,0.0,0.0,0.0,0.0,0.0,0.0,0.0,0.0,0.0,2002,radio,0.5
5,5,lr5e-05_bs16_modL1_fusion64_fusionL1_drop0p2_trmiss50_trlocradio,16,5e-05,1,64,1,0.2,lr5e-05_bs16_modL1_fusion64_fusionL1_drop0p2_trmiss50_trlocradio,11,0.5332146560152372,0.6709725260734558,0.5862068965517242,0.7754840199978625,0.5333333333333333,0.0,0.0,0.0,0.0,0.0,0.0,0.0,0.0,0.0,2002,radio,0.5
5,5,lr5e-05_bs16_modL1_fusion64_fusionL1_drop0p2_trmiss50_trlocradio,16,5e-05,1,64,1,0.2,lr5e-05_bs16_modL1_fusion64_fusionL1_drop0p2_trmiss50_trlocradio,12,0.5212539633115133,0.6847328742345175,0.5517241379310345,0.7564785607725055,0.5333333333333333,0.0,0.0,0.0,0.0,0.0,0.0,0.0,0.0,0.0,2002,radio,0.5
5,5,lr5e-05_bs16_modL1_fusion64_fusionL1_drop0p2_trmiss50_trlocradio,16,5e-05,1,64,1,0.2,lr5e-05_bs16_modL1_fusion64_fusionL1_drop0p2_trmiss50_trlocradio,13,0.5322424421707789,0.6885120670000712,0.5560344827586208,0.7628181915450429,0.5333333333333333,0.0,0.0,0.0,0.0,0.0,0.0,0.0,0.0,0.0,2002,radio,0.5
5,5,lr5e-05_bs16_modL1_fusion64_fusionL1_drop0p2_trmiss50_trlocradio,16,5e-05,1,64,1,0.2,lr5e-05_bs16_modL1_fusion64_fusionL1_drop0p2_trmiss50_trlocradio,14,0.5301374718546867,0.6883014837900797,0.5603448275862069,0.7635650157842813,0.5333333333333333,0.0,0.0,0.0,0.0,0.0,0.0,0.0,0.0,0.0,2002,radio,0.5
5,5,lr5e-05_bs16_modL1_fusion64_fusionL1_drop0p2_trmiss50_trlocradio,16,5e-05,1,64,1,0.2,lr5e-05_bs16_modL1_fusion64_fusionL1_drop0p2_trmiss50_trlocradio,15,0.5279215301076571,0.6825275818506876,0.5883620689655172,0.7831081701038631,0.5333333333333333,0.0,0.0,0.0,0.0,0.0,0.0,0.0,0.0,0.0,2002,radio,0.5
5,5,lr5e-05_bs16_modL1_fusion64_fusionL1_drop0p2_trmiss50_trlocradio,16,5e-05,1,64,1,0.2,lr5e-05_bs16_modL1_fusion64_fusionL1_drop0p2_trmiss50_trlocradio,16,0.5109415004650751,0.6877156893412272,0.5948275862068966,0.7908547805926704,0.5333333333333333,0.0,0.0,0.0,0.0,0.0,0.0,0.0,0.0,0.0,2002,radio,0.5
5,5,lr5e-05_bs16_modL1_fusion64_fusionL1_drop0p2_trmiss50_trlocradio,16,5e-05,1,64,1,0.2,lr5e-05_bs16_modL1_fusion64_fusionL1_drop0p2_trmiss50_trlocradio,17,0.5256265078981718,0.6928819020589193,0.6077586206896551,0.7973008368256029,0.5333333333333333,0.0,0.0,0.0,0.0,0.0,0.0,0.0,0.0,0.0,2002,radio,0.5
5,5,lr5e-05_bs16_modL1_fusion64_fusionL1_drop0p2_trmiss50_trlocradio,16,5e-05,1,64,1,0.2,lr5e-05_bs16_modL1_fusion64_fusionL1_drop0p2_trmiss50_trlocradio,18,0.5109146013855934,0.6881518165270487,0.5991379310344827,0.7914819817910379,0.5555555555555556,0.0,0.0,0.0,0.0,0.0,0.0,0.0,0.0,0.0,2002,radio,0.5
5,5,lr5e-05_bs16_modL1_fusion64_fusionL1_drop0p2_trmiss50_trlocradio,16,5e-05,1,64,1,0.2,lr5e-05_bs16_modL1_fusion64_fusionL1_drop0p2_trmiss50_trlocradio,19,0.5112719684839249,0.6917710900306702,0.6012931034482758,0.793371588532785,0.5333333333333333,0.0,0.0,0.0,0.0,0.0,0.0,0.0,0.0,0.0,2002,radio,0.5
5,5,lr5e-05_bs16_modL1_fusion64_fusionL1_drop0p2_trmiss50_trlocradio,16,5e-05,1,64,1,0.2,lr5e-05_bs16_modL1_fusion64_fusionL1_drop0p2_trmiss50_trlocradio,20,0.5297765731811523,0.6714995304743449,0.6185344827586207,0.7964933220526214,0.5555555555555556,0.0,0.0,0.0,0.0,0.0,0.0,0.0,0.0,0.0,2002,radio,0.5
5,5,lr5e-05_bs16_modL1_fusion64_fusionL1_drop0p2_trmiss50_trlocradio,16,5e-05,1,64,1,0.2,lr5e-05_bs16_modL1_fusion64_fusionL1_drop0p2_trmiss50_trlocradio,21,0.503006674349308,0.6856361627578735,0.5969827586206896,0.7823678802023344,0.5333333333333333,0.0,0.0,0.0,0.0,0.0,0.0,0.0,0.0,0.0,2002,radio,0.5
5,5,lr5e-05_bs16_modL1_fusion64_fusionL1_drop0p2_trmiss50_trlocradio,16,5e-05,1,64,1,0.2,lr5e-05_bs16_modL1_fusion64_fusionL1_drop0p2_trmiss50_trlocradio,22,0.4957341154416402,0.6935610969861349,0.5818965517241379,0.7642906644303552,0.5111111111111111,0.0,0.0,0.0,0.0,0.0,0.0,0.0,0.0,0.0,2002,radio,0.5
5,5,lr5e-05_bs16_modL1_fusion64_fusionL1_drop0p2_trmiss50_trlocradio,16,5e-05,1,64,1,0.2,lr5e-05_bs16_modL1_fusion64_fusionL1_drop0p2_trmiss50_trlocradio,23,0.5059860299030939,0.6884511311848959,0.5883620689655172,0.7779986086496262,0.5111111111111111,0.0,0.0,0.0,0.0,0.0,0.0,0.0,0.0,0.0,2002,radio,0.5
5,5,lr5e-05_bs16_modL1_fusion64_fusionL1_drop0p2_trmiss50_trlocradio,16,5e-05,1,64,1,0.2,lr5e-05_bs16_modL1_fusion64_fusionL1_drop0p2_trmiss50_trlocradio,24,0.47548126180966693,0.6824317574501038,0.5969827586206896,0.7907895597146761,0.5111111111111111,0.0,0.0,0.0,0.0,0.0,0.0,0.0,0.0,0.0,2002,radio,0.5
5,5,lr5e-05_bs16_modL1_fusion64_fusionL1_drop0p2_trmiss50_trlocradio,16,5e-05,1,64,1,0.2,lr5e-05_bs16_modL1_fusion64_fusionL1_drop0p2_trmiss50_trlocradio,25,0.4981464718778928,0.6898220578829447,0.5797413793103449,0.7790509735367654,0.5111111111111111,0.0,0.0,0.0,0.0,0.0,0.0,0.0,0.0,0.0,2002,radio,0.5
5,5,lr5e-05_bs16_modL1_fusion64_fusionL1_drop0p2_trmiss50_trlocradio,16,5e-05,1,64,1,0.2,lr5e-05_bs16_modL1_fusion64_fusionL1_drop0p2_trmiss50_trlocradio,26,0.48487584044535953,0.6814745465914408,0.5862068965517242,0.7800279321355383,0.5111111111111111,0.0,0.0,0.0,0.0,0.0,0.0,0.0,0.0,0.0,2002,radio,0.5
5,5,lr5e-05_bs16_modL1_fusion64_fusionL1_drop0p2_trmiss50_trlocradio,16,5e-05,1,64,1,0.2,lr5e-05_bs16_modL1_fusion64_fusionL1_drop0p2_trmiss50_trlocradio,27,0.5084739228089651,0.6845535039901733,0.5948275862068966,0.7815259432295409,0.5111111111111111,0.0,0.0,0.0,0.0,0.0,0.0,0.0,0.0,0.0,2002,radio,0.5
5,5,lr5e-05_bs16_modL1_fusion64_fusionL1_drop0p2_trmiss50_trlocradio,16,5e-05,1,64,1,0.2,lr5e-05_bs16_modL1_fusion64_fusionL1_drop0p2_trmiss50_trlocradio,28,0.47851048906644184,0.6850370764732361,0.5969827586206897,0.7852264657472312,0.5111111111111111,0.0,0.0,0.0,0.0,0.0,0.0,0.0,0.0,0.0,2002,radio,0.5
5,5,lr5e-05_bs16_modL1_fusion64_fusionL1_drop0p2_trmiss50_trlocradio,16,5e-05,1,64,1,0.2,lr5e-05_bs16_modL1_fusion64_fusionL1_drop0p2_trmiss50_trlocradio,29,0.5124138096968333,0.6836010217666626,0.5883620689655172,0.7792068944148862,0.5111111111111111,0.0,0.0,0.0,0.0,0.0,0.0,0.0,0.0,0.0,2002,radio,0.5
5,5,lr5e-05_bs16_modL1_fusion64_fusionL1_drop0p2_trmiss50_trlocradio,16,5e-05,1,64,1,0.2,lr5e-05_bs16_modL1_fusion64_fusionL1_drop0p2_trmiss50_trlocradio,30,0.4800301864743233,0.6734703381856283,0.6056034482758621,0.7907620582600206,0.5111111111111111,0.0,0.0,0.0,0.0,0.0,0.0,0.0,0.0,0.0,2002,radio,0.5
5,5,lr5e-05_bs16_modL1_fusion64_fusionL1_drop0p2_trmiss50_trlocradio,16,5e-05,1,64,1,0.2,lr5e-05_bs16_modL1_fusion64_fusionL1_drop0p2_trmiss50_trlocradio,31,0.5075371439258257,0.6633959611256918,0.6120689655172414,0.7949287360797763,0.5333333333333333,0.0,0.0,0.0,0.0,0.0,0.0,0.0,0.0,0.0,2002,radio,0.5
5,5,lr5e-05_bs16_modL1_fusion64_fusionL1_drop0p2_trmiss50_trlocradio,16,5e-05,1,64,1,0.2,lr5e-05_bs16_modL1_fusion64_fusionL1_drop0p2_trmiss50_trlocradio,32,0.4748903810977936,0.6820172667503357,0.5905172413793104,0.7679728748223942,0.5333333333333333,0.0,0.0,0.0,0.0,0.0,0.0,0.0,0.0,0.0,2002,radio,0.5
5,5,lr5e-05_bs16_modL1_fusion64_fusionL1_drop0p2_trmiss50_trlocradio,16,5e-05,1,64,1,0.2,lr5e-05_bs16_modL1_fusion64_fusionL1_drop0p2_trmiss50_trlocradio,33,0.4871287743250529,0.6695527831713358,0.5991379310344828,0.7737629595671388,0.5333333333333333,0.0,0.0,0.0,0.0,0.0,0.0,0.0,0.0,0.0,2002,radio,0.5
5,5,lr5e-05_bs16_modL1_fusion64_fusionL1_drop0p2_trmiss50_trlocradio,16,5e-05,1,64,1,0.2,lr5e-05_bs16_modL1_fusion64_fusionL1_drop0p2_trmiss50_trlocradio,34,0.4820738658308983,0.6768558224042257,0.5797413793103448,0.7742065964777367,0.5333333333333333,0.0,0.0,0.0,0.0,0.0,0.0,0.0,0.0,0.0,2002,radio,0.5
5,5,lr5e-05_bs16_modL1_fusion64_fusionL1_drop0p2_trmiss50_trlocradio,16,5e-05,1,64,1,0.2,lr5e-05_bs16_modL1_fusion64_fusionL1_drop0p2_trmiss50_trlocradio,35,0.470770296951135,0.6827740470568339,0.5905172413793103,0.780481753873093,0.5111111111111111,0.0,0.0,0.0,0.0,0.0,0.0,0.0,0.0,0.0,2002,radio,0.5
5,5,lr5e-05_bs16_modL1_fusion64_fusionL1_drop0p2_trmiss50_trlocradio,16,5e-05,1,64,1,0.2,lr5e-05_bs16_modL1_fusion64_fusionL1_drop0p2_trmiss50_trlocradio,36,0.4678991138935089,0.6845521330833435,0.603448275862069,0.7896794778924503,0.5111111111111111,0.0,0.0,0.0,0.0,0.0,0.0,0.0,0.0,0.0,2002,radio,0.5
5,5,lr5e-05_bs16_modL1_fusion64_fusionL1_drop0p2_trmiss50_trlocradio,16,5e-05,1,64,1,0.2,lr5e-05_bs16_modL1_fusion64_fusionL1_drop0p2_trmiss50_trlocradio,37,0.4848162407676379,0.6774197618166605,0.584051724137931,0.773019332229139,0.5111111111111111,0.0,0.0,0.0,0.0,0.0,0.0,0.0,0.0,0.0,2002,radio,0.5
5,5,lr5e-05_bs16_modL1_fusion64_fusionL1_drop0p2_trmiss50_trlocradio,16,5e-05,1,64,1,0.2,lr5e-05_bs16_modL1_fusion64_fusionL1_drop0p2_trmiss50_trlocradio,38,0.5068876693646113,0.6779687801996866,0.5862068965517242,0.7803618891814963,0.5333333333333333,0.0,0.0,0.0,0.0,0.0,0.0,0.0,0.0,0.0,2002,radio,0.5
5,5,lr5e-05_bs16_modL1_fusion64_fusionL1_drop0p2_trmiss50_trlocradio,16,5e-05,1,64,1,0.2,lr5e-05_bs16_modL1_fusion64_fusionL1_drop0p2_trmiss50_trlocradio,39,0.49456318467855453,0.6821883320808411,0.5948275862068966,0.7899126937037595,0.5111111111111111,0.0,0.0,0.0,0.0,0.0,0.0,0.0,0.0,0.0,2002,radio,0.5
5,5,lr5e-05_bs16_modL1_fusion64_fusionL1_drop0p2_trmiss50_trlocradio,16,5e-05,1,64,1,0.2,lr5e-05_bs16_modL1_fusion64_fusionL1_drop0p2_trmiss50_trlocradio,40,0.49279487133026123,0.6804077625274658,0.6056034482758621,0.7956987052291382,0.5111111111111111,0.0,0.0,0.0,0.0,0.0,0.0,0.0,0.0,0.0,2002,radio,0.5
5,5,lr5e-05_bs16_modL1_fusion64_fusionL1_drop0p1_trmiss50_trlocradio,16,5e-05,1,64,1,0.1,lr5e-05_bs16_modL1_fusion64_fusionL1_drop0p1_trmiss50_trlocradio,1,0.6911331564188004,0.6956692934036255,0.4267241379310345,0.6330560699652386,0.4666666666666667,0.0,0.0,0.0,0.0,0.0,0.0,0.0,0.0,0.0,2002,radio,0.5
5,5,lr5e-05_bs16_modL1_fusion64_fusionL1_drop0p1_trmiss50_trlocradio,16,5e-05,1,64,1,0.1,lr5e-05_bs16_modL1_fusion64_fusionL1_drop0p1_trmiss50_trlocradio,2,0.6688728878895441,0.7049452662467957,0.4504310344827587,0.6469227242286888,0.4222222222222222,0.0,0.0,0.0,0.0,0.0,0.0,0.0,0.0,0.0,2002,radio,0.5
5,5,lr5e-05_bs16_modL1_fusion64_fusionL1_drop0p1_trmiss50_trlocradio,16,5e-05,1,64,1,0.1,lr5e-05_bs16_modL1_fusion64_fusionL1_drop0p1_trmiss50_trlocradio,3,0.6560036689043045,0.709715723991394,0.44612068965517243,0.6697557700947849,0.4444444444444444,0.0,0.0,0.0,0.0,0.0,0.0,0.0,0.0,0.0,2002,radio,0.5
5,5,lr5e-05_bs16_modL1_fusion64_fusionL1_drop0p1_trmiss50_trlocradio,16,5e-05,1,64,1,0.1,lr5e-05_bs16_modL1_fusion64_fusionL1_drop0p1_trmiss50_trlocradio,4,0.6381583462158839,0.6964662869771322,0.49353448275862066,0.7086592199014078,0.4444444444444444,0.0,0.0,0.0,0.0,0.0,0.0,0.0,0.0,0.0,2002,radio,0.5
5,5,lr5e-05_bs16_modL1_fusion64_fusionL1_drop0p1_trmiss50_trlocradio,16,5e-05,1,64,1,0.1,lr5e-05_bs16_modL1_fusion64_fusionL1_drop0p1_trmiss50_trlocradio,5,0.6038837879896164,0.6918240984280905,0.4956896551724138,0.7251100134665431,0.4444444444444444,0.0,0.0,0.0,0.0,0.0,0.0,0.0,0.0,0.0,2002,radio,0.5
5,5,lr5e-05_bs16_modL1_fusion64_fusionL1_drop0p1_trmiss50_trlocradio,16,5e-05,1,64,1,0.1,lr5e-05_bs16_modL1_fusion64_fusionL1_drop0p1_trmiss50_trlocradio,6,0.6210754613081614,0.6971322894096375,0.4956896551724137,0.7348090162304741,0.4,0.0,0.0,0.0,0.0,0.0,0.0,0.0,0.0,0.0,2002,radio,0.5
5,5,lr5e-05_bs16_modL1_fusion64_fusionL1_drop0p1_trmiss50_trlocradio,16,5e-05,1,64,1,0.1,lr5e-05_bs16_modL1_fusion64_fusionL1_drop0p1_trmiss50_trlocradio,7,0.5857097978393236,0.7023321588834127,0.48275862068965514,0.7303707759415436,0.4,0.0,0.0,0.0,0.0,0.0,0.0,0.0,0.0,0.0,2002,radio,0.5
5,5,lr5e-05_bs16_modL1_fusion64_fusionL1_drop0p1_trmiss50_trlocradio,16,5e-05,1,64,1,0.1,lr5e-05_bs16_modL1_fusion64_fusionL1_drop0p1_trmiss50_trlocradio,8,0.5941077768802643,0.7010927398999532,0.4827586206896552,0.7417459050886384,0.4,0.0,0.0,0.0,0.0,0.0,0.0,0.0,0.0,0.0,2002,radio,0.5
5,5,lr5e-05_bs16_modL1_fusion64_fusionL1_drop0p1_trmiss50_trlocradio,16,5e-05,1,64,1,0.1,lr5e-05_bs16_modL1_fusion64_fusionL1_drop0p1_trmiss50_trlocradio,9,0.5747307389974594,0.7020169893900553,0.4935344827586207,0.738782421170362,0.4222222222222222,0.0,0.0,0.0,0.0,0.0,0.0,0.0,0.0,0.0,2002,radio,0.5
5,5,lr5e-05_bs16_modL1_fusion64_fusionL1_drop0p1_trmiss50_trlocradio,16,5e-05,1,64,1,0.1,lr5e-05_bs16_modL1_fusion64_fusionL1_drop0p1_trmiss50_trlocradio,10,0.5948126216729482,0.6958467364311218,0.5193965517241379,0.7582192462343988,0.4666666666666667,0.0,0.0,0.0,0.0,0.0,0.0,0.0,0.0,0.0,2002,radio,0.5
5,5,lr5e-05_bs16_modL1_fusion64_fusionL1_drop0p1_trmiss50_trlocradio,16,5e-05,1,64,1,0.1,lr5e-05_bs16_modL1_fusion64_fusionL1_drop0p1_trmiss50_trlocradio,11,0.5673652738332748,0.6986705859502157,0.5452586206896551,0.7748787483219499,0.4666666666666667,0.0,0.0,0.0,0.0,0.0,0.0,0.0,0.0,0.0,2002,radio,0.5
5,5,lr5e-05_bs16_modL1_fusion64_fusionL1_drop0p1_trmiss50_trlocradio,16,5e-05,1,64,1,0.1,lr5e-05_bs16_modL1_fusion64_fusionL1_drop0p1_trmiss50_trlocradio,12,0.5666691015164057,0.6995638211568197,0.5560344827586207,0.7810126891381302,0.5111111111111111,0.0,0.0,0.0,0.0,0.0,0.0,0.0,0.0,0.0,2002,radio,0.5
5,5,lr5e-05_bs16_modL1_fusion64_fusionL1_drop0p1_trmiss50_trlocradio,16,5e-05,1,64,1,0.1,lr5e-05_bs16_modL1_fusion64_fusionL1_drop0p1_trmiss50_trlocradio,13,0.551907961567243,0.6952799359957377,0.5625,0.779639230204701,0.5333333333333333,0.0,0.0,0.0,0.0,0.0,0.0,0.0,0.0,0.0,2002,radio,0.5
5,5,lr5e-05_bs16_modL1_fusion64_fusionL1_drop0p1_trmiss50_trlocradio,16,5e-05,1,64,1,0.1,lr5e-05_bs16_modL1_fusion64_fusionL1_drop0p1_trmiss50_trlocradio,14,0.5384303778409958,0.6843948562939962,0.560344827586207,0.7830397953636092,0.5111111111111111,0.0,0.0,0.0,0.0,0.0,0.0,0.0,0.0,0.0,2002,radio,0.5
5,5,lr5e-05_bs16_modL1_fusion64_fusionL1_drop0p1_trmiss50_trlocradio,16,5e-05,1,64,1,0.1,lr5e-05_bs16_modL1_fusion64_fusionL1_drop0p1_trmiss50_trlocradio,15,0.5334548354148865,0.6850516597429911,0.5668103448275862,0.7822196333607236,0.5333333333333333,0.0,0.0,0.0,0.0,0.0,0.0,0.0,0.0,0.0,2002,radio,0.5
5,5,lr5e-05_bs16_modL1_fusion64_fusionL1_drop0p1_trmiss50_trlocradio,16,5e-05,1,64,1,0.1,lr5e-05_bs16_modL1_fusion64_fusionL1_drop0p1_trmiss50_trlocradio,16,0.5306252613663673,0.6920016606648763,0.5754310344827586,0.7883545943223889,0.5111111111111111,0.0,0.0,0.0,0.0,0.0,0.0,0.0,0.0,0.0,2002,radio,0.5
5,5,lr5e-05_bs16_modL1_fusion64_fusionL1_drop0p1_trmiss50_trlocradio,16,5e-05,1,64,1,0.1,lr5e-05_bs16_modL1_fusion64_fusionL1_drop0p1_trmiss50_trlocradio,17,0.5317821453015009,0.69114617506663,0.5754310344827587,0.7917232837935053,0.4888888888888889,0.0,0.0,0.0,0.0,0.0,0.0,0.0,0.0,0.0,2002,radio,0.5
5,5,lr5e-05_bs16_modL1_fusion64_fusionL1_drop0p1_trmiss50_trlocradio,16,5e-05,1,64,1,0.1,lr5e-05_bs16_modL1_fusion64_fusionL1_drop0p1_trmiss50_trlocradio,18,0.5243042459090551,0.7079415520032247,0.5517241379310345,0.7738121131557218,0.4888888888888889,0.0,0.0,0.0,0.0,0.0,0.0,0.0,0.0,0.0,2002,radio,0.5
5,5,lr5e-05_bs16_modL1_fusion64_fusionL1_drop0p1_trmiss50_trlocradio,16,5e-05,1,64,1,0.1,lr5e-05_bs16_modL1_fusion64_fusionL1_drop0p1_trmiss50_trlocradio,19,0.5284963299830755,0.6898822784423828,0.5646551724137931,0.782493198168656,0.5111111111111111,0.0,0.0,0.0,0.0,0.0,0.0,0.0,0.0,0.0,2002,radio,0.5
5,5,lr5e-05_bs16_modL1_fusion64_fusionL1_drop0p1_trmiss50_trlocradio,16,5e-05,1,64,1,0.1,lr5e-05_bs16_modL1_fusion64_fusionL1_drop0p1_trmiss50_trlocradio,20,0.5217075273394585,0.6848488847414652,0.5711206896551724,0.7896256177905943,0.4888888888888889,0.0,0.0,0.0,0.0,0.0,0.0,0.0,0.0,0.0,2002,radio,0.5
5,5,lr5e-05_bs16_modL1_fusion64_fusionL1_drop0p1_trmiss50_trlocradio,16,5e-05,1,64,1,0.1,lr5e-05_bs16_modL1_fusion64_fusionL1_drop0p1_trmiss50_trlocradio,21,0.5231805195411047,0.6852316856384277,0.5905172413793104,0.8012495988859651,0.4888888888888889,0.0,0.0,0.0,0.0,0.0,0.0,0.0,0.0,0.0,2002,radio,0.5
5,5,lr5e-05_bs16_modL1_fusion64_fusionL1_drop0p1_trmiss50_trlocradio,16,5e-05,1,64,1,0.1,lr5e-05_bs16_modL1_fusion64_fusionL1_drop0p1_trmiss50_trlocradio,22,0.5180495182673136,0.6836362679799398,0.5862068965517242,0.7957859945539476,0.4888888888888889,0.0,0.0,0.0,0.0,0.0,0.0,0.0,0.0,0.0,2002,radio,0.5
5,5,lr5e-05_bs16_modL1_fusion64_fusionL1_drop0p1_trmiss50_trlocradio,16,5e-05,1,64,1,0.1,lr5e-05_bs16_modL1_fusion64_fusionL1_drop0p1_trmiss50_trlocradio,23,0.5106684242685636,0.6898545225461324,0.5948275862068966,0.7992947735905127,0.5333333333333333,0.0,0.0,0.0,0.0,0.0,0.0,0.0,0.0,0.0,2002,radio,0.5
5,5,lr5e-05_bs16_modL1_fusion64_fusionL1_drop0p1_trmiss50_trlocradio,16,5e-05,1,64,1,0.1,lr5e-05_bs16_modL1_fusion64_fusionL1_drop0p1_trmiss50_trlocradio,24,0.5048379227519035,0.6864938934644064,0.605603448275862,0.807855050886154,0.5555555555555556,0.0,0.0,0.0,0.0,0.0,0.0,0.0,0.0,0.0,2002,radio,0.5
5,5,lr5e-05_bs16_modL1_fusion64_fusionL1_drop0p1_trmiss50_trlocradio,16,5e-05,1,64,1,0.1,lr5e-05_bs16_modL1_fusion64_fusionL1_drop0p1_trmiss50_trlocradio,25,0.4991690069437027,0.6832902034123739,0.6056034482758621,0.804284682123497,0.5555555555555556,0.0,0.0,0.0,0.0,0.0,0.0,0.0,0.0,0.0,2002,radio,0.5
5,5,lr5e-05_bs16_modL1_fusion64_fusionL1_drop0p1_trmiss50_trlocradio,16,5e-05,1,64,1,0.1,lr5e-05_bs16_modL1_fusion64_fusionL1_drop0p1_trmiss50_trlocradio,26,0.5033232346177101,0.6815332571665446,0.6099137931034483,0.8046379578556293,0.5555555555555556,0.0,0.0,0.0,0.0,0.0,0.0,0.0,0.0,0.0,2002,radio,0.5
5,5,lr5e-05_bs16_modL1_fusion64_fusionL1_drop0p1_trmiss50_trlocradio,16,5e-05,1,64,1,0.1,lr5e-05_bs16_modL1_fusion64_fusionL1_drop0p1_trmiss50_trlocradio,27,0.49602410693963367,0.6774660547574362,0.6056034482758621,0.7970945030348839,0.5555555555555556,0.0,0.0,0.0,0.0,0.0,0.0,0.0,0.0,0.0,2002,radio,0.5
5,5,lr5e-05_bs16_modL1_fusion64_fusionL1_drop0p1_trmiss50_trlocradio,16,5e-05,1,64,1,0.1,lr5e-05_bs16_modL1_fusion64_fusionL1_drop0p1_trmiss50_trlocradio,28,0.4996030901869138,0.6854693094889323,0.6120689655172413,0.801615467234045,0.5555555555555556,0.0,0.0,0.0,0.0,0.0,0.0,0.0,0.0,0.0,2002,radio,0.5
5,5,lr5e-05_bs16_modL1_fusion64_fusionL1_drop0p1_trmiss50_trlocradio,16,5e-05,1,64,1,0.1,lr5e-05_bs16_modL1_fusion64_fusionL1_drop0p1_trmiss50_trlocradio,29,0.4867846990625064,0.6897271871566772,0.5969827586206897,0.7945722670543136,0.5111111111111111,0.0,0.0,0.0,0.0,0.0,0.0,0.0,0.0,0.0,2002,radio,0.5
5,5,lr5e-05_bs16_modL1_fusion64_fusionL1_drop0p1_trmiss50_trlocradio,16,5e-05,1,64,1,0.1,lr5e-05_bs16_modL1_fusion64_fusionL1_drop0p1_trmiss50_trlocradio,30,0.4771234293778737,0.6923311154047648,0.5926724137931034,0.7902159864301597,0.5555555555555556,0.0,0.0,0.0,0.0,0.0,0.0,0.0,0.0,0.0,2002,radio,0.5
5,5,lr5e-05_bs16_modL1_fusion64_fusionL1_drop0p1_trmiss50_trlocradio,16,5e-05,1,64,1,0.1,lr5e-05_bs16_modL1_fusion64_fusionL1_drop0p1_trmiss50_trlocradio,31,0.4924975161751111,0.6753494342168173,0.5926724137931035,0.7879983179726171,0.5333333333333333,0.0,0.0,0.0,0.0,0.0,0.0,0.0,0.0,0.0,2002,radio,0.5
5,5,lr5e-05_bs16_modL1_fusion64_fusionL1_drop0p1_trmiss50_trlocradio,16,5e-05,1,64,1,0.1,lr5e-05_bs16_modL1_fusion64_fusionL1_drop0p1_trmiss50_trlocradio,32,0.4733856072028478,0.6841460665067037,0.603448275862069,0.7956915399244064,0.5555555555555556,0.0,0.0,0.0,0.0,0.0,0.0,0.0,0.0,0.0,2002,radio,0.5
5,5,lr5e-05_bs16_modL1_fusion64_fusionL1_drop0p1_trmiss50_trlocradio,16,5e-05,1,64,1,0.1,lr5e-05_bs16_modL1_fusion64_fusionL1_drop0p1_trmiss50_trlocradio,33,0.502399834493796,0.681887706120809,0.6056034482758621,0.7971775925220743,0.5333333333333333,0.0,0.0,0.0,0.0,0.0,0.0,0.0,0.0,0.0,2002,radio,0.5
5,5,lr5e-05_bs16_modL1_fusion64_fusionL1_drop0p1_trmiss50_trlocradio,16,5e-05,1,64,1,0.1,lr5e-05_bs16_modL1_fusion64_fusionL1_drop0p1_trmiss50_trlocradio,34,0.48310834417740506,0.6893987059593201,0.5905172413793104,0.7880391048922073,0.5777777777777777,0.0,0.0,0.0,0.0,0.0,0.0,0.0,0.0,0.0,2002,radio,0.5
5,5,lr5e-05_bs16_modL1_fusion64_fusionL1_drop0p1_trmiss50_trlocradio,16,5e-05,1,64,1,0.1,lr5e-05_bs16_modL1_fusion64_fusionL1_drop0p1_trmiss50_trlocradio,35,0.48655077318350476,0.6815351247787476,0.5969827586206897,0.7869934298024146,0.5555555555555556,0.0,0.0,0.0,0.0,0.0,0.0,0.0,0.0,0.0,2002,radio,0.5
5,5,lr5e-05_bs16_modL1_fusion64_fusionL1_drop0p1_trmiss50_trlocradio,16,5e-05,1,64,1,0.1,lr5e-05_bs16_modL1_fusion64_fusionL1_drop0p1_trmiss50_trlocradio,36,0.46806495636701584,0.6697439750035604,0.5991379310344827,0.7872129734833484,0.5777777777777777,0.0,0.0,0.0,0.0,0.0,0.0,0.0,0.0,0.0,2002,radio,0.5
5,5,lr5e-05_bs16_modL1_fusion64_fusionL1_drop0p1_trmiss50_trlocradio,16,5e-05,1,64,1,0.1,lr5e-05_bs16_modL1_fusion64_fusionL1_drop0p1_trmiss50_trlocradio,37,0.4887107089161873,0.6704705357551575,0.6077586206896551,0.7955578752182735,0.5777777777777777,0.0,0.0,0.0,0.0,0.0,0.0,0.0,0.0,0.0,2002,radio,0.5
5,5,lr5e-05_bs16_modL1_fusion64_fusionL1_drop0p1_trmiss50_trlocradio,16,5e-05,1,64,1,0.1,lr5e-05_bs16_modL1_fusion64_fusionL1_drop0p1_trmiss50_trlocradio,38,0.4686279545227687,0.6694866021474203,0.6142241379310345,0.804438733764115,0.5333333333333333,0.0,0.0,0.0,0.0,0.0,0.0,0.0,0.0,0.0,2002,radio,0.5
5,5,lr5e-05_bs16_modL1_fusion64_fusionL1_drop0p1_trmiss50_trlocradio,16,5e-05,1,64,1,0.1,lr5e-05_bs16_modL1_fusion64_fusionL1_drop0p1_trmiss50_trlocradio,39,0.4842611824472745,0.6644959052403768,0.6012931034482759,0.7941588123820107,0.5555555555555556,0.0,0.0,0.0,0.0,0.0,0.0,0.0,0.0,0.0,2002,radio,0.5
5,5,lr5e-05_bs16_modL1_fusion64_fusionL1_drop0p1_trmiss50_trlocradio,16,5e-05,1,64,1,0.1,lr5e-05_bs16_modL1_fusion64_fusionL1_drop0p1_trmiss50_trlocradio,40,0.48325949907302856,0.6687225302060446,0.6163793103448275,0.8007468076022153,0.5777777777777777,0.0,0.0,0.0,0.0,0.0,0.0,0.0,0.0,0.0,2002,radio,0.5
5,5,lr5e-05_bs16_modL1_fusion64_fusionL1_drop0p1_trmiss50_trlocradio,16,5e-05,1,64,1,0.1,lr5e-05_bs16_modL1_fusion64_fusionL1_drop0p1_trmiss50_trlocradio,41,0.47353314359982807,0.6819971005121866,0.603448275862069,0.7972532346629546,0.5333333333333333,0.0,0.0,0.0,0.0,0.0,0.0,0.0,0.0,0.0,2002,radio,0.5
5,5,lr5e-05_bs16_modL1_fusion64_fusionL1_drop0p1_trmiss50_trlocradio,16,5e-05,1,64,1,0.1,lr5e-05_bs16_modL1_fusion64_fusionL1_drop0p1_trmiss50_trlocradio,42,0.46919987847407657,0.6837941606839498,0.6056034482758621,0.7958402606637738,0.5555555555555556,0.0,0.0,0.0,0.0,0.0,0.0,0.0,0.0,0.0,2002,radio,0.5
5,5,lr5e-05_bs16_modL1_fusion64_fusionL1_drop0p1_trmiss50_trlocradio,16,5e-05,1,64,1,0.1,lr5e-05_bs16_modL1_fusion64_fusionL1_drop0p1_trmiss50_trlocradio,43,0.4689504678050677,0.6838641365369161,0.6077586206896551,0.8001419234612748,0.5777777777777777,0.0,0.0,0.0,0.0,0.0,0.0,0.0,0.0,0.0,2002,radio,0.5
5,5,lr5e-05_bs16_modL1_fusion64_fusionL1_drop0p1_trmiss50_trlocradio,16,5e-05,1,64,1,0.1,lr5e-05_bs16_modL1_fusion64_fusionL1_drop0p1_trmiss50_trlocradio,44,0.4680655300617218,0.6836694280306498,0.6012931034482758,0.7944050454178475,0.5777777777777777,0.0,0.0,0.0,0.0,0.0,0.0,0.0,0.0,0.0,2002,radio,0.5
5,5,lr5e-05_bs16_modL1_fusion64_fusionL1_drop0p1_trmiss50_trlocradio,16,5e-05,1,64,1,0.1,lr5e-05_bs16_modL1_fusion64_fusionL1_drop0p1_trmiss50_trlocradio,45,0.4477057581146558,0.68132617076238,0.6142241379310346,0.8057278036184674,0.5333333333333333,0.0,0.0,0.0,0.0,0.0,0.0,0.0,0.0,0.0,2002,radio,0.5
5,5,lr5e-05_bs16_modL1_fusion64_fusionL1_drop0p1_trmiss50_trlocradio,16,5e-05,1,64,1,0.1,lr5e-05_bs16_modL1_fusion64_fusionL1_drop0p1_trmiss50_trlocradio,46,0.4740191772580147,0.6702366669972738,0.6206896551724137,0.8055681003251287,0.5777777777777777,0.0,0.0,0.0,0.0,0.0,0.0,0.0,0.0,0.0,2002,radio,0.5
5,5,lr5e-05_bs16_modL1_fusion64_fusionL1_drop0p1_trmiss50_trlocradio,16,5e-05,1,64,1,0.1,lr5e-05_bs16_modL1_fusion64_fusionL1_drop0p1_trmiss50_trlocradio,47,0.4673990036050479,0.6633757551511129,0.6185344827586208,0.8033353965497751,0.5777777777777777,0.0,0.0,0.0,0.0,0.0,0.0,0.0,0.0,0.0,2002,radio,0.5
5,5,lr5e-05_bs16_modL1_fusion64_fusionL1_drop0p1_trmiss50_trlocradio,16,5e-05,1,64,1,0.1,lr5e-05_bs16_modL1_fusion64_fusionL1_drop0p1_trmiss50_trlocradio,48,0.4610423768560092,0.6656311949094137,0.6271551724137931,0.8069594544729539,0.5555555555555556,0.0,0.0,0.0,0.0,0.0,0.0,0.0,0.0,0.0,2002,radio,0.5
5,5,lr5e-05_bs16_modL1_fusion64_fusionL1_drop0p1_trmiss50_trlocradio,16,5e-05,1,64,1,0.1,lr5e-05_bs16_modL1_fusion64_fusionL1_drop0p1_trmiss50_trlocradio,49,0.4598272740840912,0.6729923884073893,0.6185344827586207,0.7994573496451312,0.5555555555555556,0.0,0.0,0.0,0.0,0.0,0.0,0.0,0.0,0.0,2002,radio,0.5
5,5,lr5e-05_bs16_modL1_fusion64_fusionL1_drop0p1_trmiss50_trlocradio,16,5e-05,1,64,1,0.1,lr5e-05_bs16_modL1_fusion64_fusionL1_drop0p1_trmiss50_trlocradio,50,0.47047431270281476,0.6555067499478658,0.6357758620689655,0.8073528494847366,0.6,0.0,0.0,0.0,0.0,0.0,0.0,0.0,0.0,0.0,2002,radio,0.5
5,5,lr5e-05_bs16_modL1_fusion64_fusionL1_drop0p1_trmiss50_trlocradio,16,5e-05,1,64,1,0.1,lr5e-05_bs16_modL1_fusion64_fusionL1_drop0p1_trmiss50_trlocradio,51,0.4696367010474205,0.6629984974861145,0.6357758620689655,0.8123864057827475,0.5777777777777777,0.0,0.0,0.0,0.0,0.0,0.0,0.0,0.0,0.0,2002,radio,0.5
5,5,lr5e-05_bs16_modL1_fusion64_fusionL1_drop0p1_trmiss50_trlocradio,16,5e-05,1,64,1,0.1,lr5e-05_bs16_modL1_fusion64_fusionL1_drop0p1_trmiss50_trlocradio,52,0.47756442179282504,0.6584233442942301,0.6163793103448276,0.8032033138123438,0.5777777777777777,0.0,0.0,0.0,0.0,0.0,0.0,0.0,0.0,0.0,2002,radio,0.5
5,5,lr5e-05_bs16_modL1_fusion64_fusionL1_drop0p1_trmiss50_trlocradio,16,5e-05,1,64,1,0.1,lr5e-05_bs16_modL1_fusion64_fusionL1_drop0p1_trmiss50_trlocradio,53,0.4702967082460721,0.6564674178759257,0.6099137931034483,0.7980033475907056,0.5555555555555556,0.0,0.0,0.0,0.0,0.0,0.0,0.0,0.0,0.0,2002,radio,0.5
5,5,lr5e-05_bs16_modL1_fusion64_fusionL1_drop0p1_trmiss50_trlocradio,16,5e-05,1,64,1,0.1,lr5e-05_bs16_modL1_fusion64_fusionL1_drop0p1_trmiss50_trlocradio,54,0.44482125838597614,0.6721424659093221,0.6120689655172414,0.7999629236882129,0.5777777777777777,0.0,0.0,0.0,0.0,0.0,0.0,0.0,0.0,0.0,2002,radio,0.5
5,5,lr5e-05_bs16_modL1_fusion64_fusionL1_drop0p1_trmiss50_trlocradio,16,5e-05,1,64,1,0.1,lr5e-05_bs16_modL1_fusion64_fusionL1_drop0p1_trmiss50_trlocradio,55,0.447343572974205,0.6663118402163187,0.6163793103448276,0.7980520765452586,0.5777777777777777,0.0,0.0,0.0,0.0,0.0,0.0,0.0,0.0,0.0,2002,radio,0.5
5,5,lr5e-05_bs16_modL1_fusion64_fusionL1_drop0p1_trmiss50_trlocradio,16,5e-05,1,64,1,0.1,lr5e-05_bs16_modL1_fusion64_fusionL1_drop0p1_trmiss50_trlocradio,56,0.4420797675848007,0.6698307792345682,0.6099137931034483,0.8007968939590573,0.5777777777777777,0.0,0.0,0.0,0.0,0.0,0.0,0.0,0.0,0.0,2002,radio,0.5
5,5,lr5e-05_bs16_modL1_fusion64_fusionL1_drop0p1_trmiss50_trlocradio,16,5e-05,1,64,1,0.1,lr5e-05_bs16_modL1_fusion64_fusionL1_drop0p1_trmiss50_trlocradio,57,0.4638262589772542,0.6730828483899435,0.6120689655172413,0.800687087866546,0.6,0.0,0.0,0.0,0.0,0.0,0.0,0.0,0.0,0.0,2002,radio,0.5
5,5,lr5e-05_bs16_modL1_fusion64_fusionL1_drop0p1_trmiss50_trlocradio,16,5e-05,1,64,1,0.1,lr5e-05_bs16_modL1_fusion64_fusionL1_drop0p1_trmiss50_trlocradio,58,0.4683654432495435,0.6762957374254862,0.6185344827586207,0.8047291352668153,0.5555555555555556,0.0,0.0,0.0,0.0,0.0,0.0,0.0,0.0,0.0,2002,radio,0.5
5,5,lr5e-05_bs16_modL1_fusion64_fusionL1_drop0p1_trmiss50_trlocradio,16,5e-05,1,64,1,0.1,lr5e-05_bs16_modL1_fusion64_fusionL1_drop0p1_trmiss50_trlocradio,59,0.4374266316493352,0.6696093678474426,0.6228448275862069,0.8066368945267848,0.5555555555555556,0.0,0.0,0.0,0.0,0.0,0.0,0.0,0.0,0.0,2002,radio,0.5
5,5,lr5e-05_bs16_modL1_fusion64_fusionL1_drop0p1_trmiss50_trlocradio,16,5e-05,1,64,1,0.1,lr5e-05_bs16_modL1_fusion64_fusionL1_drop0p1_trmiss50_trlocradio,60,0.4469054266810417,0.67342476050059,0.6185344827586207,0.8030549852674171,0.5777777777777777,0.0,0.0,0.0,0.0,0.0,0.0,0.0,0.0,0.0,2002,radio,0.5
5,5,lr5e-05_bs16_modL1_fusion64_fusionL1_drop0p1_trmiss50_trlocradio,16,5e-05,1,64,1,0.1,lr5e-05_bs16_modL1_fusion64_fusionL1_drop0p1_trmiss50_trlocradio,61,0.4455689440170924,0.6804040869077047,0.6206896551724137,0.80493350279444,0.6,0.0,0.0,0.0,0.0,0.0,0.0,0.0,0.0,0.0,2002,radio,0.5
5,5,lr5e-05_bs16_modL1_fusion64_fusionL1_drop0p1_trmiss50_trlocradio,16,5e-05,1,64,1,0.1,lr5e-05_bs16_modL1_fusion64_fusionL1_drop0p1_trmiss50_trlocradio,62,0.4348257854580879,0.6798346241315206,0.6228448275862069,0.8044684056324283,0.5777777777777777,0.0,0.0,0.0,0.0,0.0,0.0,0.0,0.0,0.0,2002,radio,0.5
5,5,lr5e-05_bs16_modL1_fusion64_fusionL1_drop0p1_trmiss50_trlocradio,16,5e-05,1,64,1,0.1,lr5e-05_bs16_modL1_fusion64_fusionL1_drop0p1_trmiss50_trlocradio,63,0.46135756621758145,0.6751090884208679,0.622844827586207,0.8057762626056035,0.5777777777777777,0.0,0.0,0.0,0.0,0.0,0.0,0.0,0.0,0.0,2002,radio,0.5
5,5,lr5e-05_bs16_modL1_fusion64_fusionL1_drop0p1_trmiss50_trlocradio,16,5e-05,1,64,1,0.1,lr5e-05_bs16_modL1_fusion64_fusionL1_drop0p1_trmiss50_trlocradio,64,0.44476713488499325,0.677667478720347,0.6293103448275862,0.8069325909239611,0.6,0.0,0.0,0.0,0.0,0.0,0.0,0.0,0.0,0.0,2002,radio,0.5
5,5,lr5e-05_bs16_modL1_fusion64_fusionL1_drop0p1_trmiss50_trlocradio,16,5e-05,1,64,1,0.1,lr5e-05_bs16_modL1_fusion64_fusionL1_drop0p1_trmiss50_trlocradio,65,0.4487577478090922,0.6723434726397196,0.6206896551724138,0.8087288318999923,0.5555555555555556,0.0,0.0,0.0,0.0,0.0,0.0,0.0,0.0,0.0,2002,radio,0.5
5,5,lr5e-05_bs16_modL1_fusion64_fusionL1_drop0p1_trmiss50_trlocradio,16,5e-05,1,64,1,0.1,lr5e-05_bs16_modL1_fusion64_fusionL1_drop0p1_trmiss50_trlocradio,66,0.446707842250665,0.6759741902351379,0.6206896551724138,0.8021217905880444,0.5777777777777777,0.0,0.0,0.0,0.0,0.0,0.0,0.0,0.0,0.0,2002,radio,0.5
5,5,lr5e-05_bs16_modL1_fusion64_fusionL1_drop0p1_trmiss50_trlocradio,16,5e-05,1,64,1,0.1,lr5e-05_bs16_modL1_fusion64_fusionL1_drop0p1_trmiss50_trlocradio,67,0.42463671664396924,0.6684117317199707,0.6185344827586207,0.8007714555508887,0.5777777777777777,0.0,0.0,0.0,0.0,0.0,0.0,0.0,0.0,0.0,2002,radio,0.5
5,5,lr5e-05_bs16_modL1_fusion64_fusionL1_drop0p1_trmiss50_trlocradio,16,5e-05,1,64,1,0.1,lr5e-05_bs16_modL1_fusion64_fusionL1_drop0p1_trmiss50_trlocradio,68,0.4351634110013644,0.6623456875483195,0.6120689655172414,0.7982552677332901,0.5555555555555556,0.0,0.0,0.0,0.0,0.0,0.0,0.0,0.0,0.0,2002,radio,0.5
5,5,lr5e-05_bs16_modL1_fusion64_fusionL1_drop0p1_trmiss50_trlocradio,16,5e-05,1,64,1,0.1,lr5e-05_bs16_modL1_fusion64_fusionL1_drop0p1_trmiss50_trlocradio,69,0.47983699043591815,0.654345174630483,0.622844827586207,0.8038751196255842,0.5777777777777777,0.0,0.0,0.0,0.0,0.0,0.0,0.0,0.0,0.0,2002,radio,0.5
5,5,lr5e-05_bs16_modL1_fusion64_fusionL1_drop0p1_trmiss50_trlocradio,16,5e-05,1,64,1,0.1,lr5e-05_bs16_modL1_fusion64_fusionL1_drop0p1_trmiss50_trlocradio,70,0.4472484240929286,0.6772169470787048,0.6142241379310346,0.8026773600649744,0.5555555555555556,0.0,0.0,0.0,0.0,0.0,0.0,0.0,0.0,0.0,2002,radio,0.5
5,5,lr1e-04_bs16_modL1_fusion32_fusionL1_drop0p2_trmiss50_trlocradio,16,0.0001,1,32,1,0.2,lr1e-04_bs16_modL1_fusion32_fusionL1_drop0p2_trmiss50_trlocradio,1,0.6868471403916677,0.7135815024375916,0.48275862068965514,0.682139972568647,0.4,0.0,0.0,0.0,0.0,0.0,0.0,0.0,0.0,0.0,2002,radio,0.5
5,5,lr1e-04_bs16_modL1_fusion32_fusionL1_drop0p2_trmiss50_trlocradio,16,0.0001,1,32,1,0.2,lr1e-04_bs16_modL1_fusion32_fusionL1_drop0p2_trmiss50_trlocradio,2,0.6861370652914047,0.7063084443410238,0.519396551724138,0.7216131873141816,0.4888888888888889,0.0,0.0,0.0,0.0,0.0,0.0,0.0,0.0,0.0,2002,radio,0.5
5,5,lr1e-04_bs16_modL1_fusion32_fusionL1_drop0p2_trmiss50_trlocradio,16,0.0001,1,32,1,0.2,lr1e-04_bs16_modL1_fusion32_fusionL1_drop0p2_trmiss50_trlocradio,3,0.6626537144184113,0.6968885064125061,0.584051724137931,0.7597156799537721,0.5111111111111111,0.0,0.0,0.0,0.0,0.0,0.0,0.0,0.0,0.0,2002,radio,0.5
5,5,lr1e-04_bs16_modL1_fusion32_fusionL1_drop0p2_trmiss50_trlocradio,16,0.0001,1,32,1,0.2,lr1e-04_bs16_modL1_fusion32_fusionL1_drop0p2_trmiss50_trlocradio,4,0.6449508766333262,0.6977077921231588,0.564655172413793,0.7407090435837823,0.4888888888888889,0.0,0.0,0.0,0.0,0.0,0.0,0.0,0.0,0.0,2002,radio,0.5
5,5,lr1e-04_bs16_modL1_fusion32_fusionL1_drop0p2_trmiss50_trlocradio,16,0.0001,1,32,1,0.2,lr1e-04_bs16_modL1_fusion32_fusionL1_drop0p2_trmiss50_trlocradio,5,0.6433212161064148,0.6856890519460043,0.5883620689655172,0.7564716845305991,0.6,0.0,0.0,0.0,0.0,0.0,0.0,0.0,0.0,0.0,2002,radio,0.5
5,5,lr1e-04_bs16_modL1_fusion32_fusionL1_drop0p2_trmiss50_trlocradio,16,0.0001,1,32,1,0.2,lr1e-04_bs16_modL1_fusion32_fusionL1_drop0p2_trmiss50_trlocradio,6,0.6395031362771988,0.6786080598831177,0.6400862068965517,0.773444924999656,0.6,0.0,0.0,0.0,0.0,0.0,0.0,0.0,0.0,0.0,2002,radio,0.5
5,5,lr1e-04_bs16_modL1_fusion32_fusionL1_drop0p2_trmiss50_trlocradio,16,0.0001,1,32,1,0.2,lr1e-04_bs16_modL1_fusion32_fusionL1_drop0p2_trmiss50_trlocradio,7,0.6138186852137247,0.6678931514422098,0.668103448275862,0.7930666865525048,0.6222222222222222,0.0,0.0,0.0,0.0,0.0,0.0,0.0,0.0,0.0,2002,radio,0.5
5,5,lr1e-04_bs16_modL1_fusion32_fusionL1_drop0p2_trmiss50_trlocradio,16,0.0001,1,32,1,0.2,lr1e-04_bs16_modL1_fusion32_fusionL1_drop0p2_trmiss50_trlocradio,8,0.6007489065329233,0.6566071510314941,0.6961206896551724,0.7990450938204753,0.6222222222222222,0.0,0.0,0.0,0.0,0.0,0.0,0.0,0.0,0.0,2002,radio,0.5
5,5,lr1e-04_bs16_modL1_fusion32_fusionL1_drop0p2_trmiss50_trlocradio,16,0.0001,1,32,1,0.2,lr1e-04_bs16_modL1_fusion32_fusionL1_drop0p2_trmiss50_trlocradio,9,0.5981433391571045,0.661973237991333,0.7047413793103449,0.8114502377677251,0.6444444444444445,0.0,0.0,0.0,0.0,0.0,0.0,0.0,0.0,0.0,2002,radio,0.5
5,5,lr1e-04_bs16_modL1_fusion32_fusionL1_drop0p2_trmiss50_trlocradio,16,0.0001,1,32,1,0.2,lr1e-04_bs16_modL1_fusion32_fusionL1_drop0p2_trmiss50_trlocradio,10,0.5783373961846033,0.6656898260116577,0.6637931034482759,0.7985571958888518,0.6222222222222222,0.0,0.0,0.0,0.0,0.0,0.0,0.0,0.0,0.0,2002,radio,0.5
5,5,lr1e-04_bs16_modL1_fusion32_fusionL1_drop0p2_trmiss50_trlocradio,16,0.0001,1,32,1,0.2,lr1e-04_bs16_modL1_fusion32_fusionL1_drop0p2_trmiss50_trlocradio,11,0.5878637780745825,0.6590343515078226,0.665948275862069,0.7979097615264799,0.6888888888888889,0.0,0.0,0.0,0.0,0.0,0.0,0.0,0.0,0.0,2002,radio,0.5
5,5,lr1e-04_bs16_modL1_fusion32_fusionL1_drop0p2_trmiss50_trlocradio,16,0.0001,1,32,1,0.2,lr1e-04_bs16_modL1_fusion32_fusionL1_drop0p2_trmiss50_trlocradio,12,0.5924525509277979,0.6640134652455648,0.6508620689655172,0.7939528036754531,0.6222222222222222,0.0,0.0,0.0,0.0,0.0,0.0,0.0,0.0,0.0,2002,radio,0.5
5,5,lr1e-04_bs16_modL1_fusion32_fusionL1_drop0p2_trmiss50_trlocradio,16,0.0001,1,32,1,0.2,lr1e-04_bs16_modL1_fusion32_fusionL1_drop0p2_trmiss50_trlocradio,13,0.5349597111344337,0.6584545175234476,0.665948275862069,0.8065288229961753,0.6666666666666666,0.0,0.0,0.0,0.0,0.0,0.0,0.0,0.0,0.0,2002,radio,0.5
5,5,lr1e-04_bs16_modL1_fusion32_fusionL1_drop0p2_trmiss50_trlocradio,16,0.0001,1,32,1,0.2,lr1e-04_bs16_modL1_fusion32_fusionL1_drop0p2_trmiss50_trlocradio,14,0.5439531380931536,0.6534732381502787,0.7112068965517241,0.8321336040383265,0.6888888888888889,0.0,0.0,0.0,0.0,0.0,0.0,0.0,0.0,0.0,2002,radio,0.5
5,5,lr1e-04_bs16_modL1_fusion32_fusionL1_drop0p2_trmiss50_trlocradio,16,0.0001,1,32,1,0.2,lr1e-04_bs16_modL1_fusion32_fusionL1_drop0p2_trmiss50_trlocradio,15,0.5375966976086298,0.6395679910977682,0.7607758620689655,0.8541152763431175,0.7111111111111111,0.0,0.0,0.0,0.0,0.0,0.0,0.0,0.0,0.0,2002,radio,0.5
5,5,lr1e-04_bs16_modL1_fusion32_fusionL1_drop0p2_trmiss50_trlocradio,16,0.0001,1,32,1,0.2,lr1e-04_bs16_modL1_fusion32_fusionL1_drop0p2_trmiss50_trlocradio,16,0.5355629324913025,0.6393011212348938,0.7586206896551724,0.8491880854261629,0.6888888888888889,0.0,0.0,0.0,0.0,0.0,0.0,0.0,0.0,0.0,2002,radio,0.5
5,5,lr1e-04_bs16_modL1_fusion32_fusionL1_drop0p2_trmiss50_trlocradio,16,0.0001,1,32,1,0.2,lr1e-04_bs16_modL1_fusion32_fusionL1_drop0p2_trmiss50_trlocradio,17,0.5050232211748759,0.6494524677594503,0.7370689655172414,0.8368870497341141,0.6444444444444445,0.0,0.0,0.0,0.0,0.0,0.0,0.0,0.0,0.0,2002,radio,0.5
5,5,lr1e-04_bs16_modL1_fusion32_fusionL1_drop0p2_trmiss50_trlocradio,16,0.0001,1,32,1,0.2,lr1e-04_bs16_modL1_fusion32_fusionL1_drop0p2_trmiss50_trlocradio,18,0.5132840971151987,0.6422172983487447,0.75,0.8389503205885821,0.7111111111111111,0.0,0.0,0.0,0.0,0.0,0.0,0.0,0.0,0.0,2002,radio,0.5
5,5,lr1e-04_bs16_modL1_fusion32_fusionL1_drop0p2_trmiss50_trlocradio,16,0.0001,1,32,1,0.2,lr1e-04_bs16_modL1_fusion32_fusionL1_drop0p2_trmiss50_trlocradio,19,0.4890899062156677,0.6336639523506165,0.7801724137931034,0.8668938924007712,0.7333333333333333,0.0,0.0,0.0,0.0,0.0,0.0,0.0,0.0,0.0,2002,radio,0.5
5,5,lr1e-04_bs16_modL1_fusion32_fusionL1_drop0p2_trmiss50_trlocradio,16,0.0001,1,32,1,0.2,lr1e-04_bs16_modL1_fusion32_fusionL1_drop0p2_trmiss50_trlocradio,20,0.5033680126070976,0.6387624144554138,0.7392241379310344,0.8134157626973002,0.6888888888888889,0.0,0.0,0.0,0.0,0.0,0.0,0.0,0.0,0.0,2002,radio,0.5
5,5,lr1e-04_bs16_modL1_fusion32_fusionL1_drop0p2_trmiss50_trlocradio,16,0.0001,1,32,1,0.2,lr1e-04_bs16_modL1_fusion32_fusionL1_drop0p2_trmiss50_trlocradio,21,0.5112535258134207,0.6449881990750631,0.7176724137931035,0.830917202061292,0.5777777777777777,0.0,0.0,0.0,0.0,0.0,0.0,0.0,0.0,0.0,2002,radio,0.5
5,5,lr1e-04_bs16_modL1_fusion32_fusionL1_drop0p2_trmiss50_trlocradio,16,0.0001,1,32,1,0.2,lr1e-04_bs16_modL1_fusion32_fusionL1_drop0p2_trmiss50_trlocradio,22,0.4876781900723775,0.6424628098805746,0.7133620689655172,0.8313787124775671,0.6666666666666666,0.0,0.0,0.0,0.0,0.0,0.0,0.0,0.0,0.0,2002,radio,0.5
5,5,lr1e-04_bs16_modL1_fusion32_fusionL1_drop0p2_trmiss50_trlocradio,16,0.0001,1,32,1,0.2,lr1e-04_bs16_modL1_fusion32_fusionL1_drop0p2_trmiss50_trlocradio,23,0.48232174168030423,0.6398494044939677,0.7133620689655172,0.8203281174835583,0.6666666666666666,0.0,0.0,0.0,0.0,0.0,0.0,0.0,0.0,0.0,2002,radio,0.5
5,5,lr1e-04_bs16_modL1_fusion32_fusionL1_drop0p2_trmiss50_trlocradio,16,0.0001,1,32,1,0.2,lr1e-04_bs16_modL1_fusion32_fusionL1_drop0p2_trmiss50_trlocradio,24,0.4943333367506663,0.6433231830596924,0.7025862068965516,0.8219445598699477,0.6666666666666666,0.0,0.0,0.0,0.0,0.0,0.0,0.0,0.0,0.0,2002,radio,0.5
5,5,lr1e-04_bs16_modL1_fusion32_fusionL1_drop0p2_trmiss50_trlocradio,16,0.0001,1,32,1,0.2,lr1e-04_bs16_modL1_fusion32_fusionL1_drop0p2_trmiss50_trlocradio,25,0.4712962433695793,0.6431339581807455,0.689655172413793,0.8159928598268169,0.6444444444444445,0.0,0.0,0.0,0.0,0.0,0.0,0.0,0.0,0.0,2002,radio,0.5
5,5,lr1e-04_bs16_modL1_fusion32_fusionL1_drop0p2_trmiss50_trlocradio,16,0.0001,1,32,1,0.2,lr1e-04_bs16_modL1_fusion32_fusionL1_drop0p2_trmiss50_trlocradio,26,0.46774515012900036,0.6448812087376913,0.6875,0.809923016225953,0.6888888888888889,0.0,0.0,0.0,0.0,0.0,0.0,0.0,0.0,0.0,2002,radio,0.5
5,5,lr1e-04_bs16_modL1_fusion32_fusionL1_drop0p2_trmiss50_trlocradio,16,0.0001,1,32,1,0.2,lr1e-04_bs16_modL1_fusion32_fusionL1_drop0p2_trmiss50_trlocradio,27,0.44464753319819766,0.6478575468063354,0.6896551724137931,0.7914712995365518,0.6666666666666666,0.0,0.0,0.0,0.0,0.0,0.0,0.0,0.0,0.0,2002,radio,0.5
5,5,lr1e-04_bs16_modL1_fusion32_fusionL1_drop0p2_trmiss50_trlocradio,16,0.0001,1,32,1,0.2,lr1e-04_bs16_modL1_fusion32_fusionL1_drop0p2_trmiss50_trlocradio,28,0.45465357849995297,0.6429465611775717,0.7133620689655172,0.8075265363098392,0.6888888888888889,0.0,0.0,0.0,0.0,0.0,0.0,0.0,0.0,0.0,2002,radio,0.5
5,5,lr1e-04_bs16_modL1_fusion32_fusionL1_drop0p2_trmiss50_trlocradio,16,0.0001,1,32,1,0.2,lr1e-04_bs16_modL1_fusion32_fusionL1_drop0p2_trmiss50_trlocradio,29,0.44902947296698886,0.6418174505233765,0.6810344827586207,0.7803739909328602,0.6888888888888889,0.0,0.0,0.0,0.0,0.0,0.0,0.0,0.0,0.0,2002,radio,0.5
5,5,lr1e-04_bs16_modL1_fusion32_fusionL1_drop0p2_trmiss50_trlocradio,16,0.0001,1,32,1,0.2,lr1e-04_bs16_modL1_fusion32_fusionL1_drop0p2_trmiss50_trlocradio,30,0.45053423196077347,0.6423957745234171,0.6788793103448276,0.7753364795425306,0.6666666666666666,0.0,0.0,0.0,0.0,0.0,0.0,0.0,0.0,0.0,2002,radio,0.5
5,5,lr1e-04_bs16_modL1_fusion32_fusionL1_drop0p2_trmiss50_trlocradio,16,0.0001,1,32,1,0.2,lr1e-04_bs16_modL1_fusion32_fusionL1_drop0p2_trmiss50_trlocradio,31,0.4397701770067215,0.6472311814626058,0.6788793103448276,0.7900908910801548,0.6666666666666666,0.0,0.0,0.0,0.0,0.0,0.0,0.0,0.0,0.0,2002,radio,0.5
5,5,lr1e-04_bs16_modL1_fusion32_fusionL1_drop0p2_trmiss50_trlocradio,16,0.0001,1,32,1,0.2,lr1e-04_bs16_modL1_fusion32_fusionL1_drop0p2_trmiss50_trlocradio,32,0.4371622974673907,0.6400167942047119,0.6831896551724138,0.7811342681516233,0.6888888888888889,0.0,0.0,0.0,0.0,0.0,0.0,0.0,0.0,0.0,2002,radio,0.5
5,5,lr1e-04_bs16_modL1_fusion32_fusionL1_drop0p2_trmiss50_trlocradio,16,0.0001,1,32,1,0.2,lr1e-04_bs16_modL1_fusion32_fusionL1_drop0p2_trmiss50_trlocradio,33,0.4557187631726265,0.6504170099894205,0.6831896551724138,0.7799479107808582,0.6222222222222222,0.0,0.0,0.0,0.0,0.0,0.0,0.0,0.0,0.0,2002,radio,0.5
5,5,lr1e-04_bs16_modL1_fusion32_fusionL1_drop0p2_trmiss50_trlocradio,16,0.0001,1,32,1,0.2,lr1e-04_bs16_modL1_fusion32_fusionL1_drop0p2_trmiss50_trlocradio,34,0.4403286377588908,0.6447590986887614,0.6810344827586208,0.7831470842889322,0.6444444444444445,0.0,0.0,0.0,0.0,0.0,0.0,0.0,0.0,0.0,2002,radio,0.5
5,5,lr1e-04_bs16_modL1_fusion32_fusionL1_drop0p2_trmiss50_trlocradio,16,0.0001,1,32,1,0.2,lr1e-04_bs16_modL1_fusion32_fusionL1_drop0p2_trmiss50_trlocradio,35,0.4541957105199496,0.6360160907109579,0.6961206896551724,0.8043185335893702,0.6444444444444445,0.0,0.0,0.0,0.0,0.0,0.0,0.0,0.0,0.0,2002,radio,0.5
5,5,lr1e-04_bs16_modL1_fusion32_fusionL1_drop0p2_trmiss50_trlocradio,16,0.0001,1,32,1,0.2,lr1e-04_bs16_modL1_fusion32_fusionL1_drop0p2_trmiss50_trlocradio,36,0.43163394927978516,0.6347569624582926,0.6939655172413793,0.8042401649647847,0.7111111111111111,0.0,0.0,0.0,0.0,0.0,0.0,0.0,0.0,0.0,2002,radio,0.5
5,5,lr1e-04_bs16_modL1_fusion32_fusionL1_drop0p2_trmiss50_trlocradio,16,0.0001,1,32,1,0.2,lr1e-04_bs16_modL1_fusion32_fusionL1_drop0p2_trmiss50_trlocradio,37,0.42487157384554547,0.6337406039237976,0.7025862068965517,0.8000367629541386,0.7111111111111111,0.0,0.0,0.0,0.0,0.0,0.0,0.0,0.0,0.0,2002,radio,0.5
5,5,lr1e-04_bs16_modL1_fusion32_fusionL1_drop0p2_trmiss50_trlocradio,16,0.0001,1,32,1,0.2,lr1e-04_bs16_modL1_fusion32_fusionL1_drop0p2_trmiss50_trlocradio,38,0.421129730840524,0.6317885518074036,0.7004310344827587,0.8043364772247498,0.6888888888888889,0.0,0.0,0.0,0.0,0.0,0.0,0.0,0.0,0.0,2002,radio,0.5
5,5,lr1e-04_bs16_modL1_fusion32_fusionL1_drop0p2_trmiss50_trlocradio,16,0.0001,1,32,1,0.2,lr1e-04_bs16_modL1_fusion32_fusionL1_drop0p2_trmiss50_trlocradio,39,0.4253162244955699,0.6328972379366556,0.6896551724137931,0.7895023009063155,0.7111111111111111,0.0,0.0,0.0,0.0,0.0,0.0,0.0,0.0,0.0,2002,radio,0.5
5,5,lr1e-04_bs16_modL1_fusion32_fusionL1_drop0p1_trmiss50_trlocradio,16,0.0001,1,32,1,0.1,lr1e-04_bs16_modL1_fusion32_fusionL1_drop0p1_trmiss50_trlocradio,1,0.7900667836268743,0.8027668396631876,0.4806034482758621,0.7264360191248918,0.37777777777777777,0.0,0.0,0.0,0.0,0.0,0.0,0.0,0.0,0.0,2002,radio,0.5
5,5,lr1e-04_bs16_modL1_fusion32_fusionL1_drop0p1_trmiss50_trlocradio,16,0.0001,1,32,1,0.1,lr1e-04_bs16_modL1_fusion32_fusionL1_drop0p1_trmiss50_trlocradio,2,0.7653298775355021,0.810958464940389,0.4827586206896552,0.7140967437193388,0.4222222222222222,0.0,0.0,0.0,0.0,0.0,0.0,0.0,0.0,0.0,2002,radio,0.5
5,5,lr1e-04_bs16_modL1_fusion32_fusionL1_drop0p1_trmiss50_trlocradio,16,0.0001,1,32,1,0.1,lr1e-04_bs16_modL1_fusion32_fusionL1_drop0p1_trmiss50_trlocradio,3,0.7372627456982931,0.8282137115796407,0.5043103448275862,0.7314397218845221,0.4444444444444444,0.0,0.0,0.0,0.0,0.0,0.0,0.0,0.0,0.0,2002,radio,0.5
5,5,lr1e-04_bs16_modL1_fusion32_fusionL1_drop0p1_trmiss50_trlocradio,16,0.0001,1,32,1,0.1,lr1e-04_bs16_modL1_fusion32_fusionL1_drop0p1_trmiss50_trlocradio,4,0.7131290286779404,0.8410328229268392,0.5086206896551724,0.7427895691313864,0.4444444444444444,0.0,0.0,0.0,0.0,0.0,0.0,0.0,0.0,0.0,2002,radio,0.5
5,5,lr1e-04_bs16_modL1_fusion32_fusionL1_drop0p1_trmiss50_trlocradio,16,0.0001,1,32,1,0.1,lr1e-04_bs16_modL1_fusion32_fusionL1_drop0p1_trmiss50_trlocradio,5,0.6861784160137177,0.8586544791857401,0.5150862068965518,0.7501740338887113,0.4444444444444444,0.0,0.0,0.0,0.0,0.0,0.0,0.0,0.0,0.0,2002,radio,0.5
5,5,lr1e-04_bs16_modL1_fusion32_fusionL1_drop0p1_trmiss50_trlocradio,16,0.0001,1,32,1,0.1,lr1e-04_bs16_modL1_fusion32_fusionL1_drop0p1_trmiss50_trlocradio,6,0.6743140518665314,0.8395883838335673,0.5474137931034483,0.778801509360074,0.4666666666666667,0.0,0.0,0.0,0.0,0.0,0.0,0.0,0.0,0.0,2002,radio,0.5
5,5,lr1e-04_bs16_modL1_fusion32_fusionL1_drop0p1_trmiss50_trlocradio,16,0.0001,1,32,1,0.1,lr1e-04_bs16_modL1_fusion32_fusionL1_drop0p1_trmiss50_trlocradio,7,0.6964605450630188,0.8392176628112793,0.5538793103448276,0.7830885004754979,0.4666666666666667,0.0,0.0,0.0,0.0,0.0,0.0,0.0,0.0,0.0,2002,radio,0.5
5,5,lr1e-04_bs16_modL1_fusion32_fusionL1_drop0p1_trmiss50_trlocradio,16,0.0001,1,32,1,0.1,lr1e-04_bs16_modL1_fusion32_fusionL1_drop0p1_trmiss50_trlocradio,8,0.6447078734636307,0.8407089312871298,0.5581896551724138,0.7748642023679024,0.4888888888888889,0.0,0.0,0.0,0.0,0.0,0.0,0.0,0.0,0.0,2002,radio,0.5
5,5,lr1e-04_bs16_modL1_fusion32_fusionL1_drop0p1_trmiss50_trlocradio,16,0.0001,1,32,1,0.1,lr1e-04_bs16_modL1_fusion32_fusionL1_drop0p1_trmiss50_trlocradio,9,0.6663511097431183,0.8377279837926229,0.5366379310344828,0.770146881287737,0.4888888888888889,0.0,0.0,0.0,0.0,0.0,0.0,0.0,0.0,0.0,2002,radio,0.5
5,5,lr1e-04_bs16_modL1_fusion32_fusionL1_drop0p1_trmiss50_trlocradio,16,0.0001,1,32,1,0.1,lr1e-04_bs16_modL1_fusion32_fusionL1_drop0p1_trmiss50_trlocradio,10,0.6422987431287766,0.8183319568634033,0.5538793103448275,0.7802948112970727,0.4888888888888889,0.0,0.0,0.0,0.0,0.0,0.0,0.0,0.0,0.0,2002,radio,0.5
5,5,lr1e-04_bs16_modL1_fusion32_fusionL1_drop0p1_trmiss50_trlocradio,16,0.0001,1,32,1,0.1,lr1e-04_bs16_modL1_fusion32_fusionL1_drop0p1_trmiss50_trlocradio,11,0.6123763099312782,0.8282124400138855,0.5668103448275863,0.7927970121124956,0.4666666666666667,0.0,0.0,0.0,0.0,0.0,0.0,0.0,0.0,0.0,2002,radio,0.5
5,5,lr1e-04_bs16_modL1_fusion32_fusionL1_drop0p1_trmiss50_trlocradio,16,0.0001,1,32,1,0.1,lr1e-04_bs16_modL1_fusion32_fusionL1_drop0p1_trmiss50_trlocradio,12,0.6187763984004656,0.8246267437934875,0.5991379310344828,0.8045052446786927,0.5111111111111111,0.0,0.0,0.0,0.0,0.0,0.0,0.0,0.0,0.0,2002,radio,0.5
5,5,lr1e-04_bs16_modL1_fusion32_fusionL1_drop0p1_trmiss50_trlocradio,16,0.0001,1,32,1,0.1,lr1e-04_bs16_modL1_fusion32_fusionL1_drop0p1_trmiss50_trlocradio,13,0.6335206280152003,0.8448675672213236,0.5883620689655172,0.8010461982312496,0.5333333333333333,0.0,0.0,0.0,0.0,0.0,0.0,0.0,0.0,0.0,2002,radio,0.5
5,5,lr1e-04_bs16_modL1_fusion32_fusionL1_drop0p1_trmiss50_trlocradio,16,0.0001,1,32,1,0.1,lr1e-04_bs16_modL1_fusion32_fusionL1_drop0p1_trmiss50_trlocradio,14,0.6159697795907656,0.8504964907964071,0.6120689655172413,0.8096645962784734,0.5333333333333333,0.0,0.0,0.0,0.0,0.0,0.0,0.0,0.0,0.0,2002,radio,0.5
5,5,lr1e-04_bs16_modL1_fusion32_fusionL1_drop0p1_trmiss50_trlocradio,16,0.0001,1,32,1,0.1,lr1e-04_bs16_modL1_fusion32_fusionL1_drop0p1_trmiss50_trlocradio,15,0.605888786415259,0.81395556529363,0.5926724137931034,0.7972510817656429,0.5111111111111111,0.0,0.0,0.0,0.0,0.0,0.0,0.0,0.0,0.0,2002,radio,0.5
5,5,lr1e-04_bs16_modL1_fusion32_fusionL1_drop0p1_trmiss50_trlocradio,16,0.0001,1,32,1,0.1,lr1e-04_bs16_modL1_fusion32_fusionL1_drop0p1_trmiss50_trlocradio,16,0.5985879028836886,0.8192841609319051,0.5905172413793104,0.7956982036086102,0.5111111111111111,0.0,0.0,0.0,0.0,0.0,0.0,0.0,0.0,0.0,2002,radio,0.5
5,5,lr1e-04_bs16_modL1_fusion32_fusionL1_drop0p1_trmiss50_trlocradio,16,0.0001,1,32,1,0.1,lr1e-04_bs16_modL1_fusion32_fusionL1_drop0p1_trmiss50_trlocradio,17,0.621398463845253,0.8226118087768555,0.6206896551724138,0.8117494233646565,0.4888888888888889,0.0,0.0,0.0,0.0,0.0,0.0,0.0,0.0,0.0,2002,radio,0.5
5,5,lr1e-04_bs16_modL1_fusion32_fusionL1_drop0p1_trmiss50_trlocradio,16,0.0001,1,32,1,0.1,lr1e-04_bs16_modL1_fusion32_fusionL1_drop0p1_trmiss50_trlocradio,18,0.6154035379489263,0.8286118507385254,0.6142241379310345,0.8068185607885237,0.4888888888888889,0.0,0.0,0.0,0.0,0.0,0.0,0.0,0.0,0.0,2002,radio,0.5
5,5,lr1e-04_bs16_modL1_fusion32_fusionL1_drop0p1_trmiss50_trlocradio,16,0.0001,1,32,1,0.1,lr1e-04_bs16_modL1_fusion32_fusionL1_drop0p1_trmiss50_trlocradio,19,0.5807257940371832,0.833972156047821,0.5883620689655172,0.7842019553604676,0.4888888888888889,0.0,0.0,0.0,0.0,0.0,0.0,0.0,0.0,0.0,2002,radio,0.5
5,5,lr1e-04_bs16_modL1_fusion32_fusionL1_drop0p1_trmiss50_trlocradio,16,0.0001,1,32,1,0.1,lr1e-04_bs16_modL1_fusion32_fusionL1_drop0p1_trmiss50_trlocradio,20,0.5742917160193125,0.8225948015848795,0.5948275862068966,0.787109139115328,0.4888888888888889,0.0,0.0,0.0,0.0,0.0,0.0,0.0,0.0,0.0,2002,radio,0.5
5,5,lr1e-04_bs16_modL1_fusion32_fusionL1_drop0p1_trmiss50_trlocradio,16,0.0001,1,32,1,0.1,lr1e-04_bs16_modL1_fusion32_fusionL1_drop0p1_trmiss50_trlocradio,21,0.5735595102111498,0.821968654791514,0.6056034482758621,0.799363995378561,0.5111111111111111,0.0,0.0,0.0,0.0,0.0,0.0,0.0,0.0,0.0,2002,radio,0.5
5,5,lr1e-04_bs16_modL1_fusion32_fusionL1_drop0p1_trmiss50_trlocradio,16,0.0001,1,32,1,0.1,lr1e-04_bs16_modL1_fusion32_fusionL1_drop0p1_trmiss50_trlocradio,22,0.5642095829049746,0.8010493318239847,0.6077586206896552,0.7998441756586809,0.5333333333333333,0.0,0.0,0.0,0.0,0.0,0.0,0.0,0.0,0.0,2002,radio,0.5
5,5,lr1e-04_bs16_modL1_fusion32_fusionL1_drop0p1_trmiss50_trlocradio,16,0.0001,1,32,1,0.1,lr1e-04_bs16_modL1_fusion32_fusionL1_drop0p1_trmiss50_trlocradio,23,0.5770451153318087,0.7998414436976115,0.6056034482758621,0.8016148694032152,0.5333333333333333,0.0,0.0,0.0,0.0,0.0,0.0,0.0,0.0,0.0,2002,radio,0.5
5,5,lr1e-04_bs16_modL1_fusion32_fusionL1_drop0p1_trmiss50_trlocradio,16,0.0001,1,32,1,0.1,lr1e-04_bs16_modL1_fusion32_fusionL1_drop0p1_trmiss50_trlocradio,24,0.5632110858956972,0.8164728283882141,0.5969827586206897,0.7947087600189482,0.5333333333333333,0.0,0.0,0.0,0.0,0.0,0.0,0.0,0.0,0.0,2002,radio,0.5
5,5,lr1e-04_bs16_modL1_fusion32_fusionL1_drop0p1_trmiss50_trlocradio,16,0.0001,1,32,1,0.1,lr1e-04_bs16_modL1_fusion32_fusionL1_drop0p1_trmiss50_trlocradio,25,0.5733214219411215,0.812495768070221,0.5926724137931034,0.7978340969541908,0.5111111111111111,0.0,0.0,0.0,0.0,0.0,0.0,0.0,0.0,0.0,2002,radio,0.5
5,5,lr1e-04_bs16_modL1_fusion32_fusionL1_drop0p1_trmiss50_trlocradio,16,0.0001,1,32,1,0.1,lr1e-04_bs16_modL1_fusion32_fusionL1_drop0p1_trmiss50_trlocradio,26,0.5626208732525507,0.8099450866381327,0.603448275862069,0.8037203246121187,0.5333333333333333,0.0,0.0,0.0,0.0,0.0,0.0,0.0,0.0,0.0,2002,radio,0.5
5,5,lr1e-04_bs16_modL1_fusion32_fusionL1_drop0p1_trmiss50_trlocradio,16,0.0001,1,32,1,0.1,lr1e-04_bs16_modL1_fusion32_fusionL1_drop0p1_trmiss50_trlocradio,27,0.5421358595291773,0.8071818351745605,0.5969827586206896,0.800451223868373,0.5333333333333333,0.0,0.0,0.0,0.0,0.0,0.0,0.0,0.0,0.0,2002,radio,0.5
5,5,lr1e-04_bs16_modL1_fusion32_fusionL1_drop0p1_trmiss50_trlocradio,16,0.0001,1,32,1,0.1,lr1e-04_bs16_modL1_fusion32_fusionL1_drop0p1_trmiss50_trlocradio,28,0.5598107228676478,0.7933220267295837,0.6120689655172414,0.8083860638980243,0.5333333333333333,0.0,0.0,0.0,0.0,0.0,0.0,0.0,0.0,0.0,2002,radio,0.5
5,5,lr1e-04_bs16_modL1_fusion32_fusionL1_drop0p1_trmiss50_trlocradio,16,0.0001,1,32,1,0.1,lr1e-04_bs16_modL1_fusion32_fusionL1_drop0p1_trmiss50_trlocradio,29,0.5611884519457817,0.7923734585444132,0.6163793103448276,0.8092537766499213,0.5555555555555556,0.0,0.0,0.0,0.0,0.0,0.0,0.0,0.0,0.0,2002,radio,0.5
5,5,lr1e-04_bs16_modL1_fusion32_fusionL1_drop0p1_trmiss50_trlocradio,16,0.0001,1,32,1,0.1,lr1e-04_bs16_modL1_fusion32_fusionL1_drop0p1_trmiss50_trlocradio,30,0.5512651627262434,0.794626255830129,0.6120689655172413,0.8108813051795631,0.5777777777777777,0.0,0.0,0.0,0.0,0.0,0.0,0.0,0.0,0.0,2002,radio,0.5
5,5,lr1e-04_bs16_modL1_fusion32_fusionL1_drop0p1_trmiss50_trlocradio,16,0.0001,1,32,1,0.1,lr1e-04_bs16_modL1_fusion32_fusionL1_drop0p1_trmiss50_trlocradio,31,0.555738074084123,0.804677148660024,0.6077586206896551,0.7826574228121882,0.5555555555555556,0.0,0.0,0.0,0.0,0.0,0.0,0.0,0.0,0.0,2002,radio,0.5
5,5,lr1e-04_bs16_modL1_fusion32_fusionL1_drop0p1_trmiss50_trlocradio,16,0.0001,1,32,1,0.1,lr1e-04_bs16_modL1_fusion32_fusionL1_drop0p1_trmiss50_trlocradio,32,0.5575361972053846,0.7805668512980143,0.6206896551724138,0.8138040557162398,0.6,0.0,0.0,0.0,0.0,0.0,0.0,0.0,0.0,0.0,2002,radio,0.5
5,5,lr1e-04_bs16_modL1_fusion32_fusionL1_drop0p1_trmiss50_trlocradio,16,0.0001,1,32,1,0.1,lr1e-04_bs16_modL1_fusion32_fusionL1_drop0p1_trmiss50_trlocradio,33,0.5771792704860369,0.7924185991287231,0.6443965517241379,0.8221843128598738,0.5555555555555556,0.0,0.0,0.0,0.0,0.0,0.0,0.0,0.0,0.0,2002,radio,0.5
5,5,lr1e-04_bs16_modL1_fusion32_fusionL1_drop0p1_trmiss50_trlocradio,16,0.0001,1,32,1,0.1,lr1e-04_bs16_modL1_fusion32_fusionL1_drop0p1_trmiss50_trlocradio,34,0.5658332059780756,0.7945590615272522,0.6443965517241379,0.8229301048123325,0.5777777777777777,0.0,0.0,0.0,0.0,0.0,0.0,0.0,0.0,0.0,2002,radio,0.5
5,5,lr1e-04_bs16_modL1_fusion32_fusionL1_drop0p1_trmiss50_trlocradio,16,0.0001,1,32,1,0.1,lr1e-04_bs16_modL1_fusion32_fusionL1_drop0p1_trmiss50_trlocradio,35,0.5586888020237287,0.7963858842849731,0.6336206896551724,0.8156538651063965,0.5777777777777777,0.0,0.0,0.0,0.0,0.0,0.0,0.0,0.0,0.0,2002,radio,0.5
5,5,lr1e-04_bs16_modL1_fusion32_fusionL1_drop0p1_trmiss50_trlocradio,16,0.0001,1,32,1,0.1,lr1e-04_bs16_modL1_fusion32_fusionL1_drop0p1_trmiss50_trlocradio,36,0.5547870968778928,0.7873275677363077,0.6400862068965517,0.819319208615459,0.5333333333333333,0.0,0.0,0.0,0.0,0.0,0.0,0.0,0.0,0.0,2002,radio,0.5
5,5,lr1e-04_bs16_modL1_fusion32_fusionL1_drop0p1_trmiss50_trlocradio,16,0.0001,1,32,1,0.1,lr1e-04_bs16_modL1_fusion32_fusionL1_drop0p1_trmiss50_trlocradio,37,0.5670023014148077,0.8042382597923279,0.6400862068965518,0.8214183669365065,0.5111111111111111,0.0,0.0,0.0,0.0,0.0,0.0,0.0,0.0,0.0,2002,radio,0.5
5,5,lr1e-04_bs16_modL1_fusion32_fusionL1_drop0p1_trmiss50_trlocradio,16,0.0001,1,32,1,0.1,lr1e-04_bs16_modL1_fusion32_fusionL1_drop0p1_trmiss50_trlocradio,38,0.5637473985552788,0.7990455031394958,0.6163793103448276,0.7999849980591864,0.5555555555555556,0.0,0.0,0.0,0.0,0.0,0.0,0.0,0.0,0.0,2002,radio,0.5
5,5,lr1e-04_bs16_modL1_fusion32_fusionL1_drop0p1_trmiss50_trlocradio,16,0.0001,1,32,1,0.1,lr1e-04_bs16_modL1_fusion32_fusionL1_drop0p1_trmiss50_trlocradio,39,0.5394353692730268,0.7967214584350586,0.6185344827586208,0.7910067515388045,0.5555555555555556,0.0,0.0,0.0,0.0,0.0,0.0,0.0,0.0,0.0,2002,radio,0.5
5,5,lr1e-04_bs16_modL1_fusion32_fusionL1_drop0p1_trmiss50_trlocradio,16,0.0001,1,32,1,0.1,lr1e-04_bs16_modL1_fusion32_fusionL1_drop0p1_trmiss50_trlocradio,40,0.5205864409605662,0.7925005952517191,0.6099137931034482,0.7912784567856131,0.5777777777777777,0.0,0.0,0.0,0.0,0.0,0.0,0.0,0.0,0.0,2002,radio,0.5
5,5,lr1e-04_bs16_modL1_fusion32_fusionL1_drop0p1_trmiss50_trlocradio,16,0.0001,1,32,1,0.1,lr1e-04_bs16_modL1_fusion32_fusionL1_drop0p1_trmiss50_trlocradio,41,0.5475526029864947,0.7885612845420837,0.627155172413793,0.7991597619958591,0.6,0.0,0.0,0.0,0.0,0.0,0.0,0.0,0.0,0.0,2002,radio,0.5
5,5,lr1e-04_bs16_modL1_fusion32_fusionL1_drop0p1_trmiss50_trlocradio,16,0.0001,1,32,1,0.1,lr1e-04_bs16_modL1_fusion32_fusionL1_drop0p1_trmiss50_trlocradio,42,0.5627496540546417,0.7891319592793783,0.622844827586207,0.7982800853988686,0.5777777777777777,0.0,0.0,0.0,0.0,0.0,0.0,0.0,0.0,0.0,2002,radio,0.5
5,5,lr1e-04_bs16_modL1_fusion32_fusionL1_drop0p1_trmiss50_trlocradio,16,0.0001,1,32,1,0.1,lr1e-04_bs16_modL1_fusion32_fusionL1_drop0p1_trmiss50_trlocradio,43,0.5333447804053625,0.7803082466125488,0.625,0.7800786975081231,0.6222222222222222,0.0,0.0,0.0,0.0,0.0,0.0,0.0,0.0,0.0,2002,radio,0.5
5,5,lr1e-04_bs16_modL1_fusion32_fusionL1_drop0p1_trmiss50_trlocradio,16,0.0001,1,32,1,0.1,lr1e-04_bs16_modL1_fusion32_fusionL1_drop0p1_trmiss50_trlocradio,44,0.5407379940152168,0.7861515680948893,0.6206896551724138,0.8028255399443232,0.5777777777777777,0.0,0.0,0.0,0.0,0.0,0.0,0.0,0.0,0.0,2002,radio,0.5
5,5,lr1e-04_bs16_modL1_fusion32_fusionL1_drop0p1_trmiss50_trlocradio,16,0.0001,1,32,1,0.1,lr1e-04_bs16_modL1_fusion32_fusionL1_drop0p1_trmiss50_trlocradio,45,0.5106815521915754,0.7945712606112162,0.6163793103448276,0.7928066084444295,0.5777777777777777,0.0,0.0,0.0,0.0,0.0,0.0,0.0,0.0,0.0,2002,radio,0.5
5,5,lr1e-04_bs16_modL1_fusion32_fusionL1_drop0p1_trmiss50_trlocradio,16,0.0001,1,32,1,0.1,lr1e-04_bs16_modL1_fusion32_fusionL1_drop0p1_trmiss50_trlocradio,46,0.5444832021991411,0.8065155545870463,0.6142241379310345,0.7990758107430301,0.5555555555555556,0.0,0.0,0.0,0.0,0.0,0.0,0.0,0.0,0.0,2002,radio,0.5
5,5,lr1e-04_bs16_modL1_fusion32_fusionL1_drop0p1_trmiss50_trlocradio,16,0.0001,1,32,1,0.1,lr1e-04_bs16_modL1_fusion32_fusionL1_drop0p1_trmiss50_trlocradio,47,0.5457018862167994,0.8179857134819031,0.6185344827586207,0.800311969220568,0.5111111111111111,0.0,0.0,0.0,0.0,0.0,0.0,0.0,0.0,0.0,2002,radio,0.5
5,5,lr1e-04_bs16_modL1_fusion32_fusionL1_drop0p1_trmiss50_trlocradio,16,0.0001,1,32,1,0.1,lr1e-04_bs16_modL1_fusion32_fusionL1_drop0p1_trmiss50_trlocradio,48,0.5593085686365763,0.8157222469647726,0.6206896551724138,0.7921348853162332,0.5333333333333333,0.0,0.0,0.0,0.0,0.0,0.0,0.0,0.0,0.0,2002,radio,0.5
5,5,lr1e-04_bs16_modL1_fusion32_fusionL1_drop0p1_trmiss50_trlocradio,16,0.0001,1,32,1,0.1,lr1e-04_bs16_modL1_fusion32_fusionL1_drop0p1_trmiss50_trlocradio,49,0.5279091248909632,0.7997157772382101,0.6228448275862069,0.7963997485633917,0.5333333333333333,0.0,0.0,0.0,0.0,0.0,0.0,0.0,0.0,0.0,2002,radio,0.5
5,5,lr1e-04_bs16_modL1_fusion32_fusionL1_drop0p1_trmiss50_trlocradio,16,0.0001,1,32,1,0.1,lr1e-04_bs16_modL1_fusion32_fusionL1_drop0p1_trmiss50_trlocradio,50,0.5383705496788025,0.8006043036778768,0.627155172413793,0.8126375350679527,0.5555555555555556,0.0,0.0,0.0,0.0,0.0,0.0,0.0,0.0,0.0,2002,radio,0.5
5,5,lr1e-04_bs16_modL1_fusion32_fusionL1_drop0p1_trmiss50_trlocradio,16,0.0001,1,32,1,0.1,lr1e-04_bs16_modL1_fusion32_fusionL1_drop0p1_trmiss50_trlocradio,51,0.517629399895668,0.7651521563529968,0.6099137931034483,0.8019338643857785,0.6,0.0,0.0,0.0,0.0,0.0,0.0,0.0,0.0,0.0,2002,radio,0.5
5,5,lr1e-04_bs16_modL1_fusion32_fusionL1_drop0p1_trmiss50_trlocradio,16,0.0001,1,32,1,0.1,lr1e-04_bs16_modL1_fusion32_fusionL1_drop0p1_trmiss50_trlocradio,52,0.5338700910409292,0.7757776180903116,0.622844827586207,0.8024825583767317,0.6,0.0,0.0,0.0,0.0,0.0,0.0,0.0,0.0,0.0,2002,radio,0.5
5,5,lr1e-04_bs16_modL1_fusion32_fusionL1_drop0p1_trmiss50_trlocradio,16,0.0001,1,32,1,0.1,lr1e-04_bs16_modL1_fusion32_fusionL1_drop0p1_trmiss50_trlocradio,53,0.5559827561179796,0.7899233301480612,0.6293103448275862,0.8027188060252929,0.5777777777777777,0.0,0.0,0.0,0.0,0.0,0.0,0.0,0.0,0.0,2002,radio,0.5
5,5,lr1e-04_bs16_modL1_fusion64_fusionL1_drop0p2_trmiss50_trlocradio,16,0.0001,1,64,1,0.2,lr1e-04_bs16_modL1_fusion64_fusionL1_drop0p2_trmiss50_trlocradio,1,0.7206408977508545,0.7192155122756958,0.33405172413793105,0.5934597268355871,0.35555555555555557,0.0,0.0,0.0,0.0,0.0,0.0,0.0,0.0,0.0,2002,radio,0.5
5,5,lr1e-04_bs16_modL1_fusion64_fusionL1_drop0p2_trmiss50_trlocradio,16,0.0001,1,64,1,0.2,lr1e-04_bs16_modL1_fusion64_fusionL1_drop0p2_trmiss50_trlocradio,2,0.6574314286311468,0.7120974063873291,0.38362068965517243,0.5897411915396582,0.4666666666666667,0.0,0.0,0.0,0.0,0.0,0.0,0.0,0.0,0.0,2002,radio,0.5
5,5,lr1e-04_bs16_modL1_fusion64_fusionL1_drop0p2_trmiss50_trlocradio,16,0.0001,1,64,1,0.2,lr1e-04_bs16_modL1_fusion64_fusionL1_drop0p2_trmiss50_trlocradio,3,0.6228519131739935,0.7181211908658346,0.375,0.5914289502527815,0.4666666666666667,0.0,0.0,0.0,0.0,0.0,0.0,0.0,0.0,0.0,2002,radio,0.5
5,5,lr1e-04_bs16_modL1_fusion64_fusionL1_drop0p2_trmiss50_trlocradio,16,0.0001,1,64,1,0.2,lr1e-04_bs16_modL1_fusion64_fusionL1_drop0p2_trmiss50_trlocradio,4,0.5944861521323522,0.7179797490437826,0.42025862068965514,0.621860425535432,0.4,0.0,0.0,0.0,0.0,0.0,0.0,0.0,0.0,0.0,2002,radio,0.5
5,5,lr1e-04_bs16_modL1_fusion64_fusionL1_drop0p2_trmiss50_trlocradio,16,0.0001,1,64,1,0.2,lr1e-04_bs16_modL1_fusion64_fusionL1_drop0p2_trmiss50_trlocradio,5,0.6090768575668335,0.7164922753969828,0.43318965517241376,0.6257942949138869,0.4666666666666667,0.0,0.0,0.0,0.0,0.0,0.0,0.0,0.0,0.0,2002,radio,0.5
5,5,lr1e-04_bs16_modL1_fusion64_fusionL1_drop0p2_trmiss50_trlocradio,16,0.0001,1,64,1,0.2,lr1e-04_bs16_modL1_fusion64_fusionL1_drop0p2_trmiss50_trlocradio,6,0.5758950163920721,0.7123984495798746,0.4353448275862069,0.6227930681375895,0.4666666666666667,0.0,0.0,0.0,0.0,0.0,0.0,0.0,0.0,0.0,2002,radio,0.5
5,5,lr1e-04_bs16_modL1_fusion64_fusionL1_drop0p2_trmiss50_trlocradio,16,0.0001,1,64,1,0.2,lr1e-04_bs16_modL1_fusion64_fusionL1_drop0p2_trmiss50_trlocradio,7,0.5626132289568583,0.6906076868375143,0.4655172413793104,0.6396136284720702,0.5111111111111111,0.0,0.0,0.0,0.0,0.0,0.0,0.0,0.0,0.0,2002,radio,0.5
5,5,lr1e-04_bs16_modL1_fusion64_fusionL1_drop0p2_trmiss50_trlocradio,16,0.0001,1,64,1,0.2,lr1e-04_bs16_modL1_fusion64_fusionL1_drop0p2_trmiss50_trlocradio,8,0.5301317597428957,0.6927910248438517,0.46120689655172414,0.6277484731964921,0.5333333333333333,0.0,0.0,0.0,0.0,0.0,0.0,0.0,0.0,0.0,2002,radio,0.5
5,5,lr1e-04_bs16_modL1_fusion64_fusionL1_drop0p2_trmiss50_trlocradio,16,0.0001,1,64,1,0.2,lr1e-04_bs16_modL1_fusion64_fusionL1_drop0p2_trmiss50_trlocradio,9,0.519332451124986,0.6957746545473734,0.46120689655172414,0.6316913645390257,0.4888888888888889,0.0,0.0,0.0,0.0,0.0,0.0,0.0,0.0,0.0,2002,radio,0.5
5,5,lr1e-04_bs16_modL1_fusion64_fusionL1_drop0p2_trmiss50_trlocradio,16,0.0001,1,64,1,0.2,lr1e-04_bs16_modL1_fusion64_fusionL1_drop0p2_trmiss50_trlocradio,10,0.5072557926177979,0.7012782096862793,0.44181034482758624,0.6383471855428104,0.5111111111111111,0.0,0.0,0.0,0.0,0.0,0.0,0.0,0.0,0.0,2002,radio,0.5
5,5,lr1e-04_bs16_modL1_fusion64_fusionL1_drop0p2_trmiss50_trlocradio,16,0.0001,1,64,1,0.2,lr1e-04_bs16_modL1_fusion64_fusionL1_drop0p2_trmiss50_trlocradio,11,0.5040997266769409,0.7036648790041605,0.4525862068965517,0.6315856315144083,0.5333333333333333,0.0,0.0,0.0,0.0,0.0,0.0,0.0,0.0,0.0,2002,radio,0.5
5,5,lr1e-04_bs16_modL1_fusion64_fusionL1_drop0p2_trmiss50_trlocradio,16,0.0001,1,64,1,0.2,lr1e-04_bs16_modL1_fusion64_fusionL1_drop0p2_trmiss50_trlocradio,12,0.4855497082074483,0.704962690671285,0.4418103448275862,0.6198634376908343,0.5111111111111111,0.0,0.0,0.0,0.0,0.0,0.0,0.0,0.0,0.0,2002,radio,0.5
5,5,lr1e-04_bs16_modL1_fusion64_fusionL1_drop0p2_trmiss50_trlocradio,16,0.0001,1,64,1,0.2,lr1e-04_bs16_modL1_fusion64_fusionL1_drop0p2_trmiss50_trlocradio,13,0.48574938873449963,0.700697104136149,0.46336206896551724,0.6512097559012794,0.5333333333333333,0.0,0.0,0.0,0.0,0.0,0.0,0.0,0.0,0.0,2002,radio,0.5
5,5,lr1e-04_bs16_modL1_fusion64_fusionL1_drop0p2_trmiss50_trlocradio,16,0.0001,1,64,1,0.2,lr1e-04_bs16_modL1_fusion64_fusionL1_drop0p2_trmiss50_trlocradio,14,0.465804489950339,0.6977817416191101,0.45905172413793105,0.6473462243771014,0.5111111111111111,0.0,0.0,0.0,0.0,0.0,0.0,0.0,0.0,0.0,2002,radio,0.5
5,5,lr1e-04_bs16_modL1_fusion64_fusionL1_drop0p2_trmiss50_trlocradio,16,0.0001,1,64,1,0.2,lr1e-04_bs16_modL1_fusion64_fusionL1_drop0p2_trmiss50_trlocradio,15,0.4707131360967954,0.6924634575843811,0.4676724137931034,0.6467502484985883,0.5333333333333333,0.0,0.0,0.0,0.0,0.0,0.0,0.0,0.0,0.0,2002,radio,0.5
5,5,lr1e-04_bs16_modL1_fusion64_fusionL1_drop0p2_trmiss50_trlocradio,16,0.0001,1,64,1,0.2,lr1e-04_bs16_modL1_fusion64_fusionL1_drop0p2_trmiss50_trlocradio,16,0.4487754926085472,0.6874376535415649,0.4849137931034483,0.6564907850190316,0.5555555555555556,0.0,0.0,0.0,0.0,0.0,0.0,0.0,0.0,0.0,2002,radio,0.5
5,5,lr1e-04_bs16_modL1_fusion64_fusionL1_drop0p2_trmiss50_trlocradio,16,0.0001,1,64,1,0.2,lr1e-04_bs16_modL1_fusion64_fusionL1_drop0p2_trmiss50_trlocradio,17,0.4586836372812589,0.6907960971196493,0.5086206896551724,0.6732097281854797,0.5777777777777777,0.0,0.0,0.0,0.0,0.0,0.0,0.0,0.0,0.0,2002,radio,0.5
5,5,lr1e-04_bs16_modL1_fusion64_fusionL1_drop0p2_trmiss50_trlocradio,16,0.0001,1,64,1,0.2,lr1e-04_bs16_modL1_fusion64_fusionL1_drop0p2_trmiss50_trlocradio,18,0.45447223633527756,0.6842620372772217,0.5150862068965517,0.6779916571187997,0.6444444444444445,0.0,0.0,0.0,0.0,0.0,0.0,0.0,0.0,0.0,2002,radio,0.5
5,5,lr1e-04_bs16_modL1_fusion64_fusionL1_drop0p2_trmiss50_trlocradio,16,0.0001,1,64,1,0.2,lr1e-04_bs16_modL1_fusion64_fusionL1_drop0p2_trmiss50_trlocradio,19,0.47522885104020435,0.6813227335611979,0.5107758620689655,0.6816508057368748,0.6222222222222222,0.0,0.0,0.0,0.0,0.0,0.0,0.0,0.0,0.0,2002,radio,0.5
5,5,lr1e-04_bs16_modL1_fusion64_fusionL1_drop0p2_trmiss50_trlocradio,16,0.0001,1,64,1,0.2,lr1e-04_bs16_modL1_fusion64_fusionL1_drop0p2_trmiss50_trlocradio,20,0.42229223996400833,0.6836926937103271,0.5043103448275862,0.6669312056333379,0.6222222222222222,0.0,0.0,0.0,0.0,0.0,0.0,0.0,0.0,0.0,2002,radio,0.5
5,5,lr1e-04_bs16_modL1_fusion64_fusionL1_drop0p2_trmiss50_trlocradio,16,0.0001,1,64,1,0.2,lr1e-04_bs16_modL1_fusion64_fusionL1_drop0p2_trmiss50_trlocradio,21,0.44428010533253354,0.6794248223304749,0.5021551724137931,0.674455886892139,0.6,0.0,0.0,0.0,0.0,0.0,0.0,0.0,0.0,0.0,2002,radio,0.5
5,5,lr1e-04_bs16_modL1_fusion64_fusionL1_drop0p2_trmiss50_trlocradio,16,0.0001,1,64,1,0.2,lr1e-04_bs16_modL1_fusion64_fusionL1_drop0p2_trmiss50_trlocradio,22,0.40078626573085785,0.6914913853009542,0.4892241379310344,0.6633399695578255,0.6,0.0,0.0,0.0,0.0,0.0,0.0,0.0,0.0,0.0,2002,radio,0.5
5,5,lr1e-04_bs16_modL1_fusion64_fusionL1_drop0p2_trmiss50_trlocradio,16,0.0001,1,64,1,0.2,lr1e-04_bs16_modL1_fusion64_fusionL1_drop0p2_trmiss50_trlocradio,23,0.42248274634281796,0.6761513551076254,0.5129310344827587,0.6724091380711081,0.6,0.0,0.0,0.0,0.0,0.0,0.0,0.0,0.0,0.0,2002,radio,0.5
5,5,lr1e-04_bs16_modL1_fusion64_fusionL1_drop0p2_trmiss50_trlocradio,16,0.0001,1,64,1,0.2,lr1e-04_bs16_modL1_fusion64_fusionL1_drop0p2_trmiss50_trlocradio,24,0.42122572660446167,0.6631016731262207,0.5344827586206897,0.7117019578545903,0.6,0.0,0.0,0.0,0.0,0.0,0.0,0.0,0.0,0.0,2002,radio,0.5
5,5,lr1e-04_bs16_modL1_fusion64_fusionL1_drop0p2_trmiss50_trlocradio,16,0.0001,1,64,1,0.2,lr1e-04_bs16_modL1_fusion64_fusionL1_drop0p2_trmiss50_trlocradio,25,0.38780152797698975,0.6732536554336548,0.521551724137931,0.7066439545707907,0.6222222222222222,0.0,0.0,0.0,0.0,0.0,0.0,0.0,0.0,0.0,2002,radio,0.5
5,5,lr1e-04_bs16_modL1_fusion64_fusionL1_drop0p2_trmiss50_trlocradio,16,0.0001,1,64,1,0.2,lr1e-04_bs16_modL1_fusion64_fusionL1_drop0p2_trmiss50_trlocradio,26,0.4049224406480789,0.6676082015037537,0.5258620689655172,0.7114610657196497,0.6,0.0,0.0,0.0,0.0,0.0,0.0,0.0,0.0,0.0,2002,radio,0.5
5,5,lr1e-04_bs16_modL1_fusion64_fusionL1_drop0p2_trmiss50_trlocradio,16,0.0001,1,64,1,0.2,lr1e-04_bs16_modL1_fusion64_fusionL1_drop0p2_trmiss50_trlocradio,27,0.3777466118335724,0.6608243783315023,0.5366379310344828,0.7166036218127387,0.6,0.0,0.0,0.0,0.0,0.0,0.0,0.0,0.0,0.0,2002,radio,0.5
5,5,lr1e-04_bs16_modL1_fusion64_fusionL1_drop0p2_trmiss50_trlocradio,16,0.0001,1,64,1,0.2,lr1e-04_bs16_modL1_fusion64_fusionL1_drop0p2_trmiss50_trlocradio,28,0.3856935277581215,0.6733096837997437,0.5301724137931034,0.710235484215142,0.6,0.0,0.0,0.0,0.0,0.0,0.0,0.0,0.0,0.0,2002,radio,0.5
5,5,lr1e-04_bs16_modL1_fusion64_fusionL1_drop0p2_trmiss50_trlocradio,16,0.0001,1,64,1,0.2,lr1e-04_bs16_modL1_fusion64_fusionL1_drop0p2_trmiss50_trlocradio,29,0.3878731081883113,0.6764403184254965,0.5021551724137931,0.6954572868492427,0.5777777777777777,0.0,0.0,0.0,0.0,0.0,0.0,0.0,0.0,0.0,2002,radio,0.5
5,5,lr1e-04_bs16_modL1_fusion64_fusionL1_drop0p2_trmiss50_trlocradio,16,0.0001,1,64,1,0.2,lr1e-04_bs16_modL1_fusion64_fusionL1_drop0p2_trmiss50_trlocradio,30,0.3941012943784396,0.6730140447616577,0.5107758620689655,0.6963112769320007,0.6222222222222222,0.0,0.0,0.0,0.0,0.0,0.0,0.0,0.0,0.0,2002,radio,0.5
5,5,lr1e-04_bs16_modL1_fusion64_fusionL1_drop0p2_trmiss50_trlocradio,16,0.0001,1,64,1,0.2,lr1e-04_bs16_modL1_fusion64_fusionL1_drop0p2_trmiss50_trlocradio,31,0.3749718914429347,0.6823069453239441,0.5064655172413792,0.6893815218932356,0.5777777777777777,0.0,0.0,0.0,0.0,0.0,0.0,0.0,0.0,0.0,2002,radio,0.5
5,5,lr1e-04_bs16_modL1_fusion64_fusionL1_drop0p2_trmiss50_trlocradio,16,0.0001,1,64,1,0.2,lr1e-04_bs16_modL1_fusion64_fusionL1_drop0p2_trmiss50_trlocradio,32,0.36796659231185913,0.674989382425944,0.5043103448275863,0.6758493509905334,0.5777777777777777,0.0,0.0,0.0,0.0,0.0,0.0,0.0,0.0,0.0,2002,radio,0.5
5,5,lr1e-04_bs16_modL1_fusion64_fusionL1_drop0p2_trmiss50_trlocradio,16,0.0001,1,64,1,0.2,lr1e-04_bs16_modL1_fusion64_fusionL1_drop0p2_trmiss50_trlocradio,33,0.36696288734674454,0.6648339231808981,0.521551724137931,0.6922730430756021,0.6,0.0,0.0,0.0,0.0,0.0,0.0,0.0,0.0,0.0,2002,radio,0.5
5,5,lr1e-04_bs16_modL1_fusion64_fusionL1_drop0p2_trmiss50_trlocradio,16,0.0001,1,64,1,0.2,lr1e-04_bs16_modL1_fusion64_fusionL1_drop0p2_trmiss50_trlocradio,34,0.352091280122598,0.6678234140078226,0.521551724137931,0.6977589585217939,0.5777777777777777,0.0,0.0,0.0,0.0,0.0,0.0,0.0,0.0,0.0,2002,radio,0.5
5,5,lr1e-04_bs16_modL1_fusion64_fusionL1_drop0p2_trmiss50_trlocradio,16,0.0001,1,64,1,0.2,lr1e-04_bs16_modL1_fusion64_fusionL1_drop0p2_trmiss50_trlocradio,35,0.3602549235026042,0.6656678915023804,0.521551724137931,0.6959353779029196,0.5555555555555556,0.0,0.0,0.0,0.0,0.0,0.0,0.0,0.0,0.0,2002,radio,0.5
5,5,lr1e-04_bs16_modL1_fusion64_fusionL1_drop0p2_trmiss50_trlocradio,16,0.0001,1,64,1,0.2,lr1e-04_bs16_modL1_fusion64_fusionL1_drop0p2_trmiss50_trlocradio,36,0.36058198660612106,0.6600157022476196,0.5344827586206896,0.7120251652238111,0.5333333333333333,0.0,0.0,0.0,0.0,0.0,0.0,0.0,0.0,0.0,2002,radio,0.5
5,5,lr1e-04_bs16_modL1_fusion64_fusionL1_drop0p2_trmiss50_trlocradio,16,0.0001,1,64,1,0.2,lr1e-04_bs16_modL1_fusion64_fusionL1_drop0p2_trmiss50_trlocradio,37,0.38368720064560574,0.6609057386716207,0.540948275862069,0.7125802091288149,0.6,0.0,0.0,0.0,0.0,0.0,0.0,0.0,0.0,0.0,2002,radio,0.5
5,5,lr1e-04_bs16_modL1_fusion64_fusionL1_drop0p2_trmiss50_trlocradio,16,0.0001,1,64,1,0.2,lr1e-04_bs16_modL1_fusion64_fusionL1_drop0p2_trmiss50_trlocradio,38,0.3503519619504611,0.6586468815803528,0.5452586206896552,0.7114090177846545,0.6,0.0,0.0,0.0,0.0,0.0,0.0,0.0,0.0,0.0,2002,radio,0.5
5,5,lr1e-04_bs16_modL1_fusion64_fusionL1_drop0p2_trmiss50_trlocradio,16,0.0001,1,64,1,0.2,lr1e-04_bs16_modL1_fusion64_fusionL1_drop0p2_trmiss50_trlocradio,39,0.3301946396629016,0.6606133977572123,0.5387931034482759,0.712855313230003,0.6,0.0,0.0,0.0,0.0,0.0,0.0,0.0,0.0,0.0,2002,radio,0.5
5,5,lr1e-04_bs16_modL1_fusion64_fusionL1_drop0p2_trmiss50_trlocradio,16,0.0001,1,64,1,0.2,lr1e-04_bs16_modL1_fusion64_fusionL1_drop0p2_trmiss50_trlocradio,40,0.3527342552940051,0.6666961113611857,0.5237068965517242,0.6961010625364886,0.6,0.0,0.0,0.0,0.0,0.0,0.0,0.0,0.0,0.0,2002,radio,0.5
5,5,lr1e-04_bs16_modL1_fusion64_fusionL1_drop0p2_trmiss50_trlocradio,16,0.0001,1,64,1,0.2,lr1e-04_bs16_modL1_fusion64_fusionL1_drop0p2_trmiss50_trlocradio,41,0.33169235040744144,0.6586972077687582,0.5431034482758621,0.7007300737621666,0.6222222222222222,0.0,0.0,0.0,0.0,0.0,0.0,0.0,0.0,0.0,2002,radio,0.5
5,5,lr1e-04_bs16_modL1_fusion64_fusionL1_drop0p2_trmiss50_trlocradio,16,0.0001,1,64,1,0.2,lr1e-04_bs16_modL1_fusion64_fusionL1_drop0p2_trmiss50_trlocradio,42,0.3606499806046486,0.668306807676951,0.5344827586206896,0.7048735343464336,0.6,0.0,0.0,0.0,0.0,0.0,0.0,0.0,0.0,0.0,2002,radio,0.5
5,5,lr1e-04_bs16_modL1_fusion64_fusionL1_drop0p2_trmiss50_trlocradio,16,0.0001,1,64,1,0.2,lr1e-04_bs16_modL1_fusion64_fusionL1_drop0p2_trmiss50_trlocradio,43,0.3406217892964681,0.666891853014628,0.5344827586206897,0.7047386215189904,0.6,0.0,0.0,0.0,0.0,0.0,0.0,0.0,0.0,0.0,2002,radio,0.5
5,5,lr1e-04_bs16_modL1_fusion64_fusionL1_drop0p2_trmiss50_trlocradio,16,0.0001,1,64,1,0.2,lr1e-04_bs16_modL1_fusion64_fusionL1_drop0p2_trmiss50_trlocradio,44,0.32118891179561615,0.6688193877538046,0.5366379310344828,0.7075081849350349,0.6,0.0,0.0,0.0,0.0,0.0,0.0,0.0,0.0,0.0,2002,radio,0.5
5,5,lr1e-04_bs16_modL1_fusion64_fusionL1_drop0p2_trmiss50_trlocradio,16,0.0001,1,64,1,0.2,lr1e-04_bs16_modL1_fusion64_fusionL1_drop0p2_trmiss50_trlocradio,45,0.3597644766171773,0.6726710995038351,0.5538793103448276,0.7090010484021539,0.5777777777777777,0.0,0.0,0.0,0.0,0.0,0.0,0.0,0.0,0.0,2002,radio,0.5
5,5,lr1e-04_bs16_modL1_fusion64_fusionL1_drop0p2_trmiss50_trlocradio,16,0.0001,1,64,1,0.2,lr1e-04_bs16_modL1_fusion64_fusionL1_drop0p2_trmiss50_trlocradio,46,0.3190370226899783,0.67218546072642,0.5301724137931034,0.6951342737197491,0.6,0.0,0.0,0.0,0.0,0.0,0.0,0.0,0.0,0.0,2002,radio,0.5
5,5,lr1e-04_bs16_modL1_fusion64_fusionL1_drop0p2_trmiss50_trlocradio,16,0.0001,1,64,1,0.2,lr1e-04_bs16_modL1_fusion64_fusionL1_drop0p2_trmiss50_trlocradio,47,0.3372230778137843,0.6752122441927592,0.5150862068965517,0.6890289356193621,0.5777777777777777,0.0,0.0,0.0,0.0,0.0,0.0,0.0,0.0,0.0,2002,radio,0.5
5,5,lr1e-04_bs16_modL1_fusion64_fusionL1_drop0p2_trmiss50_trlocradio,16,0.0001,1,64,1,0.2,lr1e-04_bs16_modL1_fusion64_fusionL1_drop0p2_trmiss50_trlocradio,48,0.30664219458897907,0.6718208988507589,0.5301724137931034,0.6960399910051752,0.5777777777777777,0.0,0.0,0.0,0.0,0.0,0.0,0.0,0.0,0.0,2002,radio,0.5
5,5,lr1e-04_bs16_modL1_fusion64_fusionL1_drop0p2_trmiss50_trlocradio,16,0.0001,1,64,1,0.2,lr1e-04_bs16_modL1_fusion64_fusionL1_drop0p2_trmiss50_trlocradio,49,0.35532400757074356,0.6652559836705526,0.540948275862069,0.7063069389546791,0.6,0.0,0.0,0.0,0.0,0.0,0.0,0.0,0.0,0.0,2002,radio,0.5
5,5,lr1e-04_bs16_modL1_fusion64_fusionL1_drop0p2_trmiss50_trlocradio,16,0.0001,1,64,1,0.2,lr1e-04_bs16_modL1_fusion64_fusionL1_drop0p2_trmiss50_trlocradio,50,0.3205007240176201,0.6642639835675558,0.5387931034482758,0.7071072104925347,0.6222222222222222,0.0,0.0,0.0,0.0,0.0,0.0,0.0,0.0,0.0,2002,radio,0.5
5,5,lr1e-04_bs16_modL1_fusion64_fusionL1_drop0p2_trmiss50_trlocradio,16,0.0001,1,64,1,0.2,lr1e-04_bs16_modL1_fusion64_fusionL1_drop0p2_trmiss50_trlocradio,51,0.3839571277300517,0.6632437904675802,0.540948275862069,0.7083166482032908,0.5555555555555556,0.0,0.0,0.0,0.0,0.0,0.0,0.0,0.0,0.0,2002,radio,0.5
5,5,lr1e-04_bs16_modL1_fusion64_fusionL1_drop0p2_trmiss50_trlocradio,16,0.0001,1,64,1,0.2,lr1e-04_bs16_modL1_fusion64_fusionL1_drop0p2_trmiss50_trlocradio,52,0.33039713899294537,0.6695870757102966,0.5366379310344828,0.6961628560887198,0.5777777777777777,0.0,0.0,0.0,0.0,0.0,0.0,0.0,0.0,0.0,2002,radio,0.5
5,5,lr1e-04_bs16_modL1_fusion64_fusionL1_drop0p2_trmiss50_trlocradio,16,0.0001,1,64,1,0.2,lr1e-04_bs16_modL1_fusion64_fusionL1_drop0p2_trmiss50_trlocradio,53,0.344448188940684,0.6725015242894491,0.5258620689655172,0.6945445947699139,0.5777777777777777,0.0,0.0,0.0,0.0,0.0,0.0,0.0,0.0,0.0,2002,radio,0.5
5,5,lr1e-04_bs16_modL1_fusion64_fusionL1_drop0p2_trmiss50_trlocradio,16,0.0001,1,64,1,0.2,lr1e-04_bs16_modL1_fusion64_fusionL1_drop0p2_trmiss50_trlocradio,54,0.329704316953818,0.6671306689580282,0.5301724137931034,0.7035048382203197,0.6,0.0,0.0,0.0,0.0,0.0,0.0,0.0,0.0,0.0,2002,radio,0.5
5,5,lr1e-04_bs16_modL1_fusion64_fusionL1_drop0p2_trmiss50_trlocradio,16,0.0001,1,64,1,0.2,lr1e-04_bs16_modL1_fusion64_fusionL1_drop0p2_trmiss50_trlocradio,55,0.33564919233322144,0.670740028222402,0.5387931034482759,0.6973453431076663,0.6,0.0,0.0,0.0,0.0,0.0,0.0,0.0,0.0,0.0,2002,radio,0.5
5,5,lr1e-04_bs16_modL1_fusion64_fusionL1_drop0p2_trmiss50_trlocradio,16,0.0001,1,64,1,0.2,lr1e-04_bs16_modL1_fusion64_fusionL1_drop0p2_trmiss50_trlocradio,56,0.3248576869567235,0.673019011815389,0.5366379310344828,0.7007729213010968,0.5777777777777777,0.0,0.0,0.0,0.0,0.0,0.0,0.0,0.0,0.0,2002,radio,0.5
5,5,lr1e-04_bs16_modL1_fusion64_fusionL1_drop0p2_trmiss50_trlocradio,16,0.0001,1,64,1,0.2,lr1e-04_bs16_modL1_fusion64_fusionL1_drop0p2_trmiss50_trlocradio,57,0.33381002644697827,0.6695199807484945,0.5323275862068966,0.6975611347534781,0.5555555555555556,0.0,0.0,0.0,0.0,0.0,0.0,0.0,0.0,0.0,2002,radio,0.5
5,5,lr1e-04_bs16_modL1_fusion64_fusionL1_drop0p2_trmiss50_trlocradio,16,0.0001,1,64,1,0.2,lr1e-04_bs16_modL1_fusion64_fusionL1_drop0p2_trmiss50_trlocradio,58,0.3216823885838191,0.666524330774943,0.5366379310344829,0.7071300917399079,0.5555555555555556,0.0,0.0,0.0,0.0,0.0,0.0,0.0,0.0,0.0,2002,radio,0.5
5,5,lr1e-04_bs16_modL1_fusion64_fusionL1_drop0p2_trmiss50_trlocradio,16,0.0001,1,64,1,0.2,lr1e-04_bs16_modL1_fusion64_fusionL1_drop0p2_trmiss50_trlocradio,59,0.34300032754739124,0.6669028401374817,0.5387931034482758,0.7095108552966651,0.5777777777777777,0.0,0.0,0.0,0.0,0.0,0.0,0.0,0.0,0.0,2002,radio,0.5
5,5,lr1e-04_bs16_modL1_fusion64_fusionL1_drop0p2_trmiss50_trlocradio,16,0.0001,1,64,1,0.2,lr1e-04_bs16_modL1_fusion64_fusionL1_drop0p2_trmiss50_trlocradio,60,0.31131355712811154,0.6678769787152609,0.5344827586206897,0.7082787116192224,0.5333333333333333,0.0,0.0,0.0,0.0,0.0,0.0,0.0,0.0,0.0,2002,radio,0.5
5,5,lr1e-04_bs16_modL1_fusion64_fusionL1_drop0p2_trmiss50_trlocradio,16,0.0001,1,64,1,0.2,lr1e-04_bs16_modL1_fusion64_fusionL1_drop0p2_trmiss50_trlocradio,61,0.3342253143588702,0.6731715202331543,0.5237068965517242,0.6982008527829315,0.5777777777777777,0.0,0.0,0.0,0.0,0.0,0.0,0.0,0.0,0.0,2002,radio,0.5
5,5,lr1e-04_bs16_modL1_fusion64_fusionL1_drop0p2_trmiss50_trlocradio,16,0.0001,1,64,1,0.2,lr1e-04_bs16_modL1_fusion64_fusionL1_drop0p2_trmiss50_trlocradio,62,0.2999493231376012,0.6723657250404358,0.5280172413793104,0.6912163193306141,0.5777777777777777,0.0,0.0,0.0,0.0,0.0,0.0,0.0,0.0,0.0,2002,radio,0.5
5,5,lr1e-04_bs16_modL1_fusion64_fusionL1_drop0p2_trmiss50_trlocradio,16,0.0001,1,64,1,0.2,lr1e-04_bs16_modL1_fusion64_fusionL1_drop0p2_trmiss50_trlocradio,63,0.31137679020563763,0.6693337361017863,0.540948275862069,0.7063445176240821,0.5777777777777777,0.0,0.0,0.0,0.0,0.0,0.0,0.0,0.0,0.0,2002,radio,0.5
5,5,lr1e-04_bs16_modL1_fusion64_fusionL1_drop0p2_trmiss50_trlocradio,16,0.0001,1,64,1,0.2,lr1e-04_bs16_modL1_fusion64_fusionL1_drop0p2_trmiss50_trlocradio,64,0.3041594326496124,0.6694192886352539,0.5387931034482759,0.7062832442869468,0.5777777777777777,0.0,0.0,0.0,0.0,0.0,0.0,0.0,0.0,0.0,2002,radio,0.5
5,5,lr1e-04_bs16_modL1_fusion64_fusionL1_drop0p2_trmiss50_trlocradio,16,0.0001,1,64,1,0.2,lr1e-04_bs16_modL1_fusion64_fusionL1_drop0p2_trmiss50_trlocradio,65,0.3103160361448924,0.6737281282742819,0.5280172413793104,0.701077103194679,0.5777777777777777,0.0,0.0,0.0,0.0,0.0,0.0,0.0,0.0,0.0,2002,radio,0.5
5,5,lr1e-04_bs16_modL1_fusion64_fusionL1_drop0p1_trmiss50_trlocradio,16,0.0001,1,64,1,0.1,lr1e-04_bs16_modL1_fusion64_fusionL1_drop0p1_trmiss50_trlocradio,1,0.6978372037410736,0.706629733244578,0.35775862068965525,0.5688519731717908,0.4888888888888889,0.0,0.0,0.0,0.0,0.0,0.0,0.0,0.0,0.0,2002,radio,0.5
5,5,lr1e-04_bs16_modL1_fusion64_fusionL1_drop0p1_trmiss50_trlocradio,16,0.0001,1,64,1,0.1,lr1e-04_bs16_modL1_fusion64_fusionL1_drop0p1_trmiss50_trlocradio,2,0.6490182826916376,0.714489201704661,0.42241379310344834,0.602443580538293,0.5555555555555556,0.0,0.0,0.0,0.0,0.0,0.0,0.0,0.0,0.0,2002,radio,0.5
5,5,lr1e-04_bs16_modL1_fusion64_fusionL1_drop0p1_trmiss50_trlocradio,16,0.0001,1,64,1,0.1,lr1e-04_bs16_modL1_fusion64_fusionL1_drop0p1_trmiss50_trlocradio,3,0.6189399510622025,0.7203842997550964,0.46551724137931033,0.6290046373455597,0.5555555555555556,0.0,0.0,0.0,0.0,0.0,0.0,0.0,0.0,0.0,2002,radio,0.5
5,5,lr1e-04_bs16_modL1_fusion64_fusionL1_drop0p1_trmiss50_trlocradio,16,0.0001,1,64,1,0.1,lr1e-04_bs16_modL1_fusion64_fusionL1_drop0p1_trmiss50_trlocradio,4,0.5921531518300375,0.714411993821462,0.4935344827586207,0.6468770879926121,0.5555555555555556,0.0,0.0,0.0,0.0,0.0,0.0,0.0,0.0,0.0,2002,radio,0.5
5,5,lr1e-04_bs16_modL1_fusion64_fusionL1_drop0p1_trmiss50_trlocradio,16,0.0001,1,64,1,0.1,lr1e-04_bs16_modL1_fusion64_fusionL1_drop0p1_trmiss50_trlocradio,5,0.5688496281703314,0.7089350620905558,0.5193965517241379,0.6953736466886629,0.6222222222222222,0.0,0.0,0.0,0.0,0.0,0.0,0.0,0.0,0.0,2002,radio,0.5
5,5,lr1e-04_bs16_modL1_fusion64_fusionL1_drop0p1_trmiss50_trlocradio,16,0.0001,1,64,1,0.1,lr1e-04_bs16_modL1_fusion64_fusionL1_drop0p1_trmiss50_trlocradio,6,0.5532561391592026,0.6990973949432373,0.521551724137931,0.6843878372559951,0.6222222222222222,0.0,0.0,0.0,0.0,0.0,0.0,0.0,0.0,0.0,2002,radio,0.5
5,5,lr1e-04_bs16_modL1_fusion64_fusionL1_drop0p1_trmiss50_trlocradio,16,0.0001,1,64,1,0.1,lr1e-04_bs16_modL1_fusion64_fusionL1_drop0p1_trmiss50_trlocradio,7,0.5341352025667826,0.6932222247123718,0.5344827586206896,0.7175674013734996,0.6222222222222222,0.0,0.0,0.0,0.0,0.0,0.0,0.0,0.0,0.0,2002,radio,0.5
5,5,lr1e-04_bs16_modL1_fusion64_fusionL1_drop0p1_trmiss50_trlocradio,16,0.0001,1,64,1,0.1,lr1e-04_bs16_modL1_fusion64_fusionL1_drop0p1_trmiss50_trlocradio,8,0.5334089944760004,0.6884798407554626,0.5431034482758621,0.7293177999590592,0.6444444444444445,0.0,0.0,0.0,0.0,0.0,0.0,0.0,0.0,0.0,2002,radio,0.5
5,5,lr1e-04_bs16_modL1_fusion64_fusionL1_drop0p1_trmiss50_trlocradio,16,0.0001,1,64,1,0.1,lr1e-04_bs16_modL1_fusion64_fusionL1_drop0p1_trmiss50_trlocradio,9,0.5081176335612932,0.6678437193234762,0.5711206896551724,0.7619541137588448,0.6,0.0,0.0,0.0,0.0,0.0,0.0,0.0,0.0,0.0,2002,radio,0.5
5,5,lr1e-04_bs16_modL1_fusion64_fusionL1_drop0p1_trmiss50_trlocradio,16,0.0001,1,64,1,0.1,lr1e-04_bs16_modL1_fusion64_fusionL1_drop0p1_trmiss50_trlocradio,10,0.5041808759172758,0.6994490623474121,0.5344827586206896,0.7461228027885141,0.5555555555555556,0.0,0.0,0.0,0.0,0.0,0.0,0.0,0.0,0.0,2002,radio,0.5
5,5,lr1e-04_bs16_modL1_fusion64_fusionL1_drop0p1_trmiss50_trlocradio,16,0.0001,1,64,1,0.1,lr1e-04_bs16_modL1_fusion64_fusionL1_drop0p1_trmiss50_trlocradio,11,0.4816545719901721,0.6871778964996338,0.5560344827586208,0.7576364389931136,0.5777777777777777,0.0,0.0,0.0,0.0,0.0,0.0,0.0,0.0,0.0,2002,radio,0.5
5,5,lr1e-04_bs16_modL1_fusion64_fusionL1_drop0p1_trmiss50_trlocradio,16,0.0001,1,64,1,0.1,lr1e-04_bs16_modL1_fusion64_fusionL1_drop0p1_trmiss50_trlocradio,12,0.4646106536189715,0.6829330921173096,0.543103448275862,0.7475139425435631,0.5555555555555556,0.0,0.0,0.0,0.0,0.0,0.0,0.0,0.0,0.0,2002,radio,0.5
5,5,lr1e-04_bs16_modL1_fusion64_fusionL1_drop0p1_trmiss50_trlocradio,16,0.0001,1,64,1,0.1,lr1e-04_bs16_modL1_fusion64_fusionL1_drop0p1_trmiss50_trlocradio,13,0.45196778575579327,0.6794623533884684,0.5646551724137931,0.7598152379848919,0.5333333333333333,0.0,0.0,0.0,0.0,0.0,0.0,0.0,0.0,0.0,2002,radio,0.5
5,5,lr1e-04_bs16_modL1_fusion64_fusionL1_drop0p1_trmiss50_trlocradio,16,0.0001,1,64,1,0.1,lr1e-04_bs16_modL1_fusion64_fusionL1_drop0p1_trmiss50_trlocradio,14,0.4636139099796613,0.6903725465138754,0.5366379310344828,0.757217813773329,0.5333333333333333,0.0,0.0,0.0,0.0,0.0,0.0,0.0,0.0,0.0,2002,radio,0.5
5,5,lr1e-04_bs16_modL1_fusion64_fusionL1_drop0p1_trmiss50_trlocradio,16,0.0001,1,64,1,0.1,lr1e-04_bs16_modL1_fusion64_fusionL1_drop0p1_trmiss50_trlocradio,15,0.43949693193038303,0.6812856594721476,0.5150862068965517,0.7293815709127793,0.5333333333333333,0.0,0.0,0.0,0.0,0.0,0.0,0.0,0.0,0.0,2002,radio,0.5
5,5,lr1e-04_bs16_modL1_fusion64_fusionL1_drop0p1_trmiss50_trlocradio,16,0.0001,1,64,1,0.1,lr1e-04_bs16_modL1_fusion64_fusionL1_drop0p1_trmiss50_trlocradio,16,0.42866228769222897,0.6724544366200765,0.5387931034482758,0.7481489800065542,0.5333333333333333,0.0,0.0,0.0,0.0,0.0,0.0,0.0,0.0,0.0,2002,radio,0.5
5,5,lr1e-04_bs16_modL1_fusion64_fusionL1_drop0p1_trmiss50_trlocradio,16,0.0001,1,64,1,0.1,lr1e-04_bs16_modL1_fusion64_fusionL1_drop0p1_trmiss50_trlocradio,17,0.4077487215399742,0.678917388121287,0.5431034482758621,0.7581287403931398,0.5333333333333333,0.0,0.0,0.0,0.0,0.0,0.0,0.0,0.0,0.0,2002,radio,0.5
5,5,lr1e-04_bs16_modL1_fusion64_fusionL1_drop0p1_trmiss50_trlocradio,16,0.0001,1,64,1,0.1,lr1e-04_bs16_modL1_fusion64_fusionL1_drop0p1_trmiss50_trlocradio,18,0.4060872172315915,0.6944060126940409,0.5280172413793104,0.7487706865652872,0.5111111111111111,0.0,0.0,0.0,0.0,0.0,0.0,0.0,0.0,0.0,2002,radio,0.5
5,5,lr1e-04_bs16_modL1_fusion64_fusionL1_drop0p1_trmiss50_trlocradio,16,0.0001,1,64,1,0.1,lr1e-04_bs16_modL1_fusion64_fusionL1_drop0p1_trmiss50_trlocradio,19,0.41385677953561145,0.7068127393722534,0.521551724137931,0.7493278947719306,0.5111111111111111,0.0,0.0,0.0,0.0,0.0,0.0,0.0,0.0,0.0,2002,radio,0.5
5,5,lr1e-04_bs16_modL1_fusion64_fusionL1_drop0p1_trmiss50_trlocradio,16,0.0001,1,64,1,0.1,lr1e-04_bs16_modL1_fusion64_fusionL1_drop0p1_trmiss50_trlocradio,20,0.4006571024656296,0.6904489994049072,0.5237068965517242,0.7524174471809482,0.5111111111111111,0.0,0.0,0.0,0.0,0.0,0.0,0.0,0.0,0.0,2002,radio,0.5
5,5,lr1e-04_bs16_modL1_fusion64_fusionL1_drop0p1_trmiss50_trlocradio,16,0.0001,1,64,1,0.1,lr1e-04_bs16_modL1_fusion64_fusionL1_drop0p1_trmiss50_trlocradio,21,0.39924538135528564,0.6854268113772074,0.5495689655172413,0.7620128896100409,0.5333333333333333,0.0,0.0,0.0,0.0,0.0,0.0,0.0,0.0,0.0,2002,radio,0.5
5,5,lr1e-04_bs16_modL1_fusion64_fusionL1_drop0p1_trmiss50_trlocradio,16,0.0001,1,64,1,0.1,lr1e-04_bs16_modL1_fusion64_fusionL1_drop0p1_trmiss50_trlocradio,22,0.3996177092194557,0.6805087526639303,0.560344827586207,0.7690047066726617,0.6,0.0,0.0,0.0,0.0,0.0,0.0,0.0,0.0,0.0,2002,radio,0.5
5,5,lr1e-04_bs16_modL1_fusion64_fusionL1_drop0p1_trmiss50_trlocradio,16,0.0001,1,64,1,0.1,lr1e-04_bs16_modL1_fusion64_fusionL1_drop0p1_trmiss50_trlocradio,23,0.3792074869076411,0.679950217405955,0.5560344827586207,0.7694647713119063,0.5777777777777777,0.0,0.0,0.0,0.0,0.0,0.0,0.0,0.0,0.0,2002,radio,0.5
5,5,lr1e-04_bs16_modL1_fusion64_fusionL1_drop0p1_trmiss50_trlocradio,16,0.0001,1,64,1,0.1,lr1e-04_bs16_modL1_fusion64_fusionL1_drop0p1_trmiss50_trlocradio,24,0.3754287088910739,0.6823213895161947,0.5732758620689655,0.7761565548079605,0.5777777777777777,0.0,0.0,0.0,0.0,0.0,0.0,0.0,0.0,0.0,2002,radio,0.5
5,5,lr1e-04_bs16_modL1_fusion64_fusionL1_drop0p1_trmiss50_trlocradio,16,0.0001,1,64,1,0.1,lr1e-04_bs16_modL1_fusion64_fusionL1_drop0p1_trmiss50_trlocradio,25,0.3806581621368726,0.6941627065340678,0.5560344827586207,0.7695808421076666,0.5555555555555556,0.0,0.0,0.0,0.0,0.0,0.0,0.0,0.0,0.0,2002,radio,0.5
5,5,lr1e-04_bs16_modL1_fusion64_fusionL1_drop0p1_trmiss50_trlocradio,16,0.0001,1,64,1,0.1,lr1e-04_bs16_modL1_fusion64_fusionL1_drop0p1_trmiss50_trlocradio,26,0.38107764224211377,0.6895148754119873,0.5625,0.7762760651822,0.5555555555555556,0.0,0.0,0.0,0.0,0.0,0.0,0.0,0.0,0.0,2002,radio,0.5
5,5,lr1e-04_bs16_modL1_fusion64_fusionL1_drop0p1_trmiss50_trlocradio,16,0.0001,1,64,1,0.1,lr1e-04_bs16_modL1_fusion64_fusionL1_drop0p1_trmiss50_trlocradio,27,0.38376910984516144,0.6944838762283325,0.5711206896551725,0.7803002105188201,0.5555555555555556,0.0,0.0,0.0,0.0,0.0,0.0,0.0,0.0,0.0,2002,radio,0.5
5,5,lr1e-04_bs16_modL1_fusion64_fusionL1_drop0p1_trmiss50_trlocradio,16,0.0001,1,64,1,0.1,lr1e-04_bs16_modL1_fusion64_fusionL1_drop0p1_trmiss50_trlocradio,28,0.3656155566374461,0.691466490427653,0.5711206896551724,0.7752895813208729,0.5333333333333333,0.0,0.0,0.0,0.0,0.0,0.0,0.0,0.0,0.0,2002,radio,0.5
5,5,lr1e-04_bs16_modL1_fusion64_fusionL1_drop0p1_trmiss50_trlocradio,16,0.0001,1,64,1,0.1,lr1e-04_bs16_modL1_fusion64_fusionL1_drop0p1_trmiss50_trlocradio,29,0.35114308446645737,0.6852559447288513,0.5689655172413793,0.7785277839340203,0.6,0.0,0.0,0.0,0.0,0.0,0.0,0.0,0.0,0.0,2002,radio,0.5
5,5,lr1e-04_bs16_modL1_fusion64_fusionL1_drop0p1_trmiss50_trlocradio,16,0.0001,1,64,1,0.1,lr1e-04_bs16_modL1_fusion64_fusionL1_drop0p1_trmiss50_trlocradio,30,0.3783464655280113,0.7012632091840109,0.5560344827586208,0.7706492875417945,0.5333333333333333,0.0,0.0,0.0,0.0,0.0,0.0,0.0,0.0,0.0,2002,radio,0.5
5,5,lr1e-04_bs16_modL1_fusion64_fusionL1_drop0p1_trmiss50_trlocradio,16,0.0001,1,64,1,0.1,lr1e-04_bs16_modL1_fusion64_fusionL1_drop0p1_trmiss50_trlocradio,31,0.416776863237222,0.6810101668039957,0.5689655172413793,0.7770761209896171,0.6,0.0,0.0,0.0,0.0,0.0,0.0,0.0,0.0,0.0,2002,radio,0.5
5,5,lr1e-04_bs16_modL1_fusion64_fusionL1_drop0p1_trmiss50_trlocradio,16,0.0001,1,64,1,0.1,lr1e-04_bs16_modL1_fusion64_fusionL1_drop0p1_trmiss50_trlocradio,32,0.36224760363499325,0.6852414011955261,0.5754310344827587,0.7813579528576557,0.6,0.0,0.0,0.0,0.0,0.0,0.0,0.0,0.0,0.0,2002,radio,0.5
5,5,lr1e-04_bs16_modL1_fusion64_fusionL1_drop0p1_trmiss50_trlocradio,16,0.0001,1,64,1,0.1,lr1e-04_bs16_modL1_fusion64_fusionL1_drop0p1_trmiss50_trlocradio,33,0.34587061405181885,0.6895547310511271,0.5646551724137931,0.7725986699282954,0.5333333333333333,0.0,0.0,0.0,0.0,0.0,0.0,0.0,0.0,0.0,2002,radio,0.5
5,5,lr1e-04_bs16_modL1_fusion64_fusionL1_drop0p1_trmiss50_trlocradio,16,0.0001,1,64,1,0.1,lr1e-04_bs16_modL1_fusion64_fusionL1_drop0p1_trmiss50_trlocradio,34,0.3601730093359947,0.6757463216781616,0.584051724137931,0.7780519563531425,0.6,0.0,0.0,0.0,0.0,0.0,0.0,0.0,0.0,0.0,2002,radio,0.5
5,5,lr1e-04_bs16_modL1_fusion64_fusionL1_drop0p1_trmiss50_trlocradio,16,0.0001,1,64,1,0.1,lr1e-04_bs16_modL1_fusion64_fusionL1_drop0p1_trmiss50_trlocradio,35,0.332368440926075,0.6860311031341553,0.5732758620689655,0.7703581101964634,0.6222222222222222,0.0,0.0,0.0,0.0,0.0,0.0,0.0,0.0,0.0,2002,radio,0.5
5,5,lr1e-04_bs16_modL1_fusion64_fusionL1_drop0p1_trmiss50_trlocradio,16,0.0001,1,64,1,0.1,lr1e-04_bs16_modL1_fusion64_fusionL1_drop0p1_trmiss50_trlocradio,36,0.34475845595200855,0.6819562911987305,0.5581896551724137,0.771717687894752,0.6222222222222222,0.0,0.0,0.0,0.0,0.0,0.0,0.0,0.0,0.0,2002,radio,0.5
5,5,lr1e-04_bs16_modL1_fusion64_fusionL1_drop0p1_trmiss50_trlocradio,16,0.0001,1,64,1,0.1,lr1e-04_bs16_modL1_fusion64_fusionL1_drop0p1_trmiss50_trlocradio,37,0.3677012821038564,0.6761045654614767,0.5646551724137931,0.7685447640478187,0.6,0.0,0.0,0.0,0.0,0.0,0.0,0.0,0.0,0.0,2002,radio,0.5
5,5,lr1e-04_bs16_modL1_fusion64_fusionL1_drop0p1_trmiss50_trlocradio,16,0.0001,1,64,1,0.1,lr1e-04_bs16_modL1_fusion64_fusionL1_drop0p1_trmiss50_trlocradio,38,0.3795205031832059,0.68979944785436,0.5646551724137931,0.7709042878249597,0.5333333333333333,0.0,0.0,0.0,0.0,0.0,0.0,0.0,0.0,0.0,2002,radio,0.5
5,5,lr1e-04_bs16_modL1_fusion64_fusionL1_drop0p1_trmiss50_trlocradio,16,0.0001,1,64,1,0.1,lr1e-04_bs16_modL1_fusion64_fusionL1_drop0p1_trmiss50_trlocradio,39,0.34417032947142917,0.6850206057230631,0.5581896551724138,0.7708626450562228,0.6,0.0,0.0,0.0,0.0,0.0,0.0,0.0,0.0,0.0,2002,radio,0.5
5,5,lr1e-04_bs16_modL1_fusion64_fusionL1_drop0p1_trmiss50_trlocradio,16,0.0001,1,64,1,0.1,lr1e-04_bs16_modL1_fusion64_fusionL1_drop0p1_trmiss50_trlocradio,40,0.3566601400574048,0.6790077090263367,0.5689655172413793,0.7656511621348137,0.6222222222222222,0.0,0.0,0.0,0.0,0.0,0.0,0.0,0.0,0.0,2002,radio,0.5
5,5,lr1e-04_bs16_modL1_fusion64_fusionL1_drop0p1_trmiss50_trlocradio,16,0.0001,1,64,1,0.1,lr1e-04_bs16_modL1_fusion64_fusionL1_drop0p1_trmiss50_trlocradio,41,0.3517654364307721,0.6793028314908346,0.5625,0.7616199101499341,0.6,0.0,0.0,0.0,0.0,0.0,0.0,0.0,0.0,0.0,2002,radio,0.5
5,5,lr1e-04_bs16_modL1_fusion64_fusionL1_drop0p1_trmiss50_trlocradio,16,0.0001,1,64,1,0.1,lr1e-04_bs16_modL1_fusion64_fusionL1_drop0p1_trmiss50_trlocradio,42,0.35195480783780414,0.6883449753125509,0.5603448275862069,0.7639753478225613,0.6,0.0,0.0,0.0,0.0,0.0,0.0,0.0,0.0,0.0,2002,radio,0.5
5,5,lr1e-04_bs16_modL1_fusion64_fusionL1_drop0p1_trmiss50_trlocradio,16,0.0001,1,64,1,0.1,lr1e-04_bs16_modL1_fusion64_fusionL1_drop0p1_trmiss50_trlocradio,43,0.3432089115182559,0.6784753004709879,0.560344827586207,0.7707571588896196,0.6222222222222222,0.0,0.0,0.0,0.0,0.0,0.0,0.0,0.0,0.0,2002,radio,0.5
5,5,lr1e-04_bs16_modL1_fusion64_fusionL1_drop0p1_trmiss50_trlocradio,16,0.0001,1,64,1,0.1,lr1e-04_bs16_modL1_fusion64_fusionL1_drop0p1_trmiss50_trlocradio,44,0.36647945890824,0.6687703529993693,0.5689655172413792,0.7775612951271402,0.6222222222222222,0.0,0.0,0.0,0.0,0.0,0.0,0.0,0.0,0.0,2002,radio,0.5
5,5,lr1e-04_bs16_modL1_fusion64_fusionL1_drop0p1_trmiss50_trlocradio,16,0.0001,1,64,1,0.1,lr1e-04_bs16_modL1_fusion64_fusionL1_drop0p1_trmiss50_trlocradio,45,0.34117982536554337,0.6719464262326559,0.5689655172413792,0.7703813624860525,0.6222222222222222,0.0,0.0,0.0,0.0,0.0,0.0,0.0,0.0,0.0,2002,radio,0.5
5,5,lr1e-04_bs16_modL1_fusion64_fusionL1_drop0p1_trmiss50_trlocradio,16,0.0001,1,64,1,0.1,lr1e-04_bs16_modL1_fusion64_fusionL1_drop0p1_trmiss50_trlocradio,46,0.35146934539079666,0.6634499629338583,0.5818965517241379,0.782673920471773,0.6222222222222222,0.0,0.0,0.0,0.0,0.0,0.0,0.0,0.0,0.0,2002,radio,0.5
5,5,lr1e-04_bs16_modL1_fusion64_fusionL1_drop0p1_trmiss50_trlocradio,16,0.0001,1,64,1,0.1,lr1e-04_bs16_modL1_fusion64_fusionL1_drop0p1_trmiss50_trlocradio,47,0.33457786589860916,0.6878234346707662,0.5689655172413793,0.7770390595047201,0.6,0.0,0.0,0.0,0.0,0.0,0.0,0.0,0.0,0.0,2002,radio,0.5
5,5,lr1e-04_bs16_modL1_fusion64_fusionL1_drop0p1_trmiss50_trlocradio,16,0.0001,1,64,1,0.1,lr1e-04_bs16_modL1_fusion64_fusionL1_drop0p1_trmiss50_trlocradio,48,0.3657064189513524,0.689637819925944,0.5668103448275862,0.7718253954013037,0.5555555555555556,0.0,0.0,0.0,0.0,0.0,0.0,0.0,0.0,0.0,2002,radio,0.5
5,5,lr1e-04_bs16_modL1_fusion64_fusionL1_drop0p1_trmiss50_trlocradio,16,0.0001,1,64,1,0.1,lr1e-04_bs16_modL1_fusion64_fusionL1_drop0p1_trmiss50_trlocradio,49,0.3476964607834816,0.6813142498334249,0.581896551724138,0.7818827447941075,0.5777777777777777,0.0,0.0,0.0,0.0,0.0,0.0,0.0,0.0,0.0,2002,radio,0.5
5,5,lr1e-04_bs16_modL1_fusion64_fusionL1_drop0p1_trmiss50_trlocradio,16,0.0001,1,64,1,0.1,lr1e-04_bs16_modL1_fusion64_fusionL1_drop0p1_trmiss50_trlocradio,50,0.3451027025779088,0.6914149324099222,0.560344827586207,0.7665535261686875,0.5555555555555556,0.0,0.0,0.0,0.0,0.0,0.0,0.0,0.0,0.0,2002,radio,0.5
5,5,lr1e-04_bs16_modL1_fusion64_fusionL1_drop0p1_trmiss50_trlocradio,16,0.0001,1,64,1,0.1,lr1e-04_bs16_modL1_fusion64_fusionL1_drop0p1_trmiss50_trlocradio,51,0.36198373635609943,0.6809715032577515,0.5711206896551725,0.7699604027043674,0.6222222222222222,0.0,0.0,0.0,0.0,0.0,0.0,0.0,0.0,0.0,2002,radio,0.5
5,5,lr1e-04_bs16_modL1_fusion64_fusionL1_drop0p1_trmiss50_trlocradio,16,0.0001,1,64,1,0.1,lr1e-04_bs16_modL1_fusion64_fusionL1_drop0p1_trmiss50_trlocradio,52,0.3470138932267825,0.6815146207809448,0.5689655172413793,0.7722369613843236,0.6444444444444445,0.0,0.0,0.0,0.0,0.0,0.0,0.0,0.0,0.0,2002,radio,0.5
5,5,lr1e-04_bs16_modL1_fusion64_fusionL1_drop0p1_trmiss50_trlocradio,16,0.0001,1,64,1,0.1,lr1e-04_bs16_modL1_fusion64_fusionL1_drop0p1_trmiss50_trlocradio,53,0.35084572434425354,0.6879709561665853,0.5625,0.7718303567808045,0.5777777777777777,0.0,0.0,0.0,0.0,0.0,0.0,0.0,0.0,0.0,2002,radio,0.5
5,5,lr1e-04_bs16_modL1_fusion64_fusionL1_drop0p1_trmiss50_trlocradio,16,0.0001,1,64,1,0.1,lr1e-04_bs16_modL1_fusion64_fusionL1_drop0p1_trmiss50_trlocradio,54,0.3631882344683011,0.6734704772631327,0.5711206896551725,0.7757755197913805,0.6,0.0,0.0,0.0,0.0,0.0,0.0,0.0,0.0,0.0,2002,radio,0.5
5,5,lr5e-05_bs32_modL1_fusion32_fusionL1_drop0p2_trmiss50_trlocradio,32,5e-05,1,32,1,0.2,lr5e-05_bs32_modL1_fusion32_fusionL1_drop0p2_trmiss50_trlocradio,1,0.6856410702069601,0.6797732412815094,0.5258620689655171,0.6961296847792965,0.6444444444444445,0.0,0.0,0.0,0.0,0.0,0.0,0.0,0.0,0.0,2002,radio,0.5
5,5,lr5e-05_bs32_modL1_fusion32_fusionL1_drop0p2_trmiss50_trlocradio,32,5e-05,1,32,1,0.2,lr5e-05_bs32_modL1_fusion32_fusionL1_drop0p2_trmiss50_trlocradio,2,0.6820838550726572,0.6798291206359863,0.5172413793103448,0.6948909550266785,0.6222222222222222,0.0,0.0,0.0,0.0,0.0,0.0,0.0,0.0,0.0,2002,radio,0.5
5,5,lr5e-05_bs32_modL1_fusion32_fusionL1_drop0p2_trmiss50_trlocradio,32,5e-05,1,32,1,0.2,lr5e-05_bs32_modL1_fusion32_fusionL1_drop0p2_trmiss50_trlocradio,3,0.6450833777586619,0.6803923845291138,0.540948275862069,0.6982127159180473,0.5777777777777777,0.0,0.0,0.0,0.0,0.0,0.0,0.0,0.0,0.0,2002,radio,0.5
5,5,lr5e-05_bs32_modL1_fusion32_fusionL1_drop0p2_trmiss50_trlocradio,32,5e-05,1,32,1,0.2,lr5e-05_bs32_modL1_fusion32_fusionL1_drop0p2_trmiss50_trlocradio,4,0.6347139080365499,0.6818342804908752,0.5538793103448275,0.6951597181191895,0.6222222222222222,0.0,0.0,0.0,0.0,0.0,0.0,0.0,0.0,0.0,2002,radio,0.5
5,5,lr5e-05_bs32_modL1_fusion32_fusionL1_drop0p2_trmiss50_trlocradio,32,5e-05,1,32,1,0.2,lr5e-05_bs32_modL1_fusion32_fusionL1_drop0p2_trmiss50_trlocradio,5,0.6324491202831268,0.6840686202049255,0.5668103448275862,0.692264605583136,0.6222222222222222,0.0,0.0,0.0,0.0,0.0,0.0,0.0,0.0,0.0,2002,radio,0.5
5,5,lr5e-05_bs32_modL1_fusion32_fusionL1_drop0p2_trmiss50_trlocradio,32,5e-05,1,32,1,0.2,lr5e-05_bs32_modL1_fusion32_fusionL1_drop0p2_trmiss50_trlocradio,6,0.5887658099333445,0.684566080570221,0.5818965517241379,0.7023596909630789,0.6222222222222222,0.0,0.0,0.0,0.0,0.0,0.0,0.0,0.0,0.0,2002,radio,0.5
5,5,lr5e-05_bs32_modL1_fusion32_fusionL1_drop0p2_trmiss50_trlocradio,32,5e-05,1,32,1,0.2,lr5e-05_bs32_modL1_fusion32_fusionL1_drop0p2_trmiss50_trlocradio,7,0.5845237374305725,0.6826727092266083,0.5926724137931034,0.711329169487534,0.6222222222222222,0.0,0.0,0.0,0.0,0.0,0.0,0.0,0.0,0.0,2002,radio,0.5
5,5,lr5e-05_bs32_modL1_fusion32_fusionL1_drop0p2_trmiss50_trlocradio,32,5e-05,1,32,1,0.2,lr5e-05_bs32_modL1_fusion32_fusionL1_drop0p2_trmiss50_trlocradio,8,0.5982613066832224,0.684705525636673,0.5883620689655172,0.7085681926499142,0.6444444444444445,0.0,0.0,0.0,0.0,0.0,0.0,0.0,0.0,0.0,2002,radio,0.5
5,5,lr5e-05_bs32_modL1_fusion32_fusionL1_drop0p2_trmiss50_trlocradio,32,5e-05,1,32,1,0.2,lr5e-05_bs32_modL1_fusion32_fusionL1_drop0p2_trmiss50_trlocradio,9,0.5603490670522054,0.6805188357830048,0.5905172413793104,0.7113404178853081,0.6222222222222222,0.0,0.0,0.0,0.0,0.0,0.0,0.0,0.0,0.0,2002,radio,0.5
5,5,lr5e-05_bs32_modL1_fusion32_fusionL1_drop0p2_trmiss50_trlocradio,32,5e-05,1,32,1,0.2,lr5e-05_bs32_modL1_fusion32_fusionL1_drop0p2_trmiss50_trlocradio,10,0.5766550699869791,0.6822706758975983,0.5926724137931034,0.7118610634858528,0.6222222222222222,0.0,0.0,0.0,0.0,0.0,0.0,0.0,0.0,0.0,2002,radio,0.5
5,5,lr5e-05_bs32_modL1_fusion32_fusionL1_drop0p2_trmiss50_trlocradio,32,5e-05,1,32,1,0.2,lr5e-05_bs32_modL1_fusion32_fusionL1_drop0p2_trmiss50_trlocradio,11,0.5741919577121735,0.6846693754196167,0.5926724137931034,0.7103794719155754,0.6,0.0,0.0,0.0,0.0,0.0,0.0,0.0,0.0,0.0,2002,radio,0.5
5,5,lr5e-05_bs32_modL1_fusion32_fusionL1_drop0p2_trmiss50_trlocradio,32,5e-05,1,32,1,0.2,lr5e-05_bs32_modL1_fusion32_fusionL1_drop0p2_trmiss50_trlocradio,12,0.5561210016409556,0.6848583817481995,0.5969827586206896,0.7146740279342694,0.6,0.0,0.0,0.0,0.0,0.0,0.0,0.0,0.0,0.0,2002,radio,0.5
5,5,lr5e-05_bs32_modL1_fusion32_fusionL1_drop0p2_trmiss50_trlocradio,32,5e-05,1,32,1,0.2,lr5e-05_bs32_modL1_fusion32_fusionL1_drop0p2_trmiss50_trlocradio,13,0.5583655734856924,0.6877380907535553,0.5905172413793104,0.7102451610171365,0.6222222222222222,0.0,0.0,0.0,0.0,0.0,0.0,0.0,0.0,0.0,2002,radio,0.5
5,5,lr5e-05_bs32_modL1_fusion32_fusionL1_drop0p2_trmiss50_trlocradio,32,5e-05,1,32,1,0.2,lr5e-05_bs32_modL1_fusion32_fusionL1_drop0p2_trmiss50_trlocradio,14,0.5600155790646871,0.683593213558197,0.5948275862068966,0.7115930264360137,0.6222222222222222,0.0,0.0,0.0,0.0,0.0,0.0,0.0,0.0,0.0,2002,radio,0.5
5,5,lr5e-05_bs32_modL1_fusion32_fusionL1_drop0p2_trmiss50_trlocradio,32,5e-05,1,32,1,0.2,lr5e-05_bs32_modL1_fusion32_fusionL1_drop0p2_trmiss50_trlocradio,15,0.5636368195215861,0.6844485402107239,0.5905172413793103,0.7116224179724868,0.6,0.0,0.0,0.0,0.0,0.0,0.0,0.0,0.0,0.0,2002,radio,0.5
5,5,lr5e-05_bs32_modL1_fusion32_fusionL1_drop0p2_trmiss50_trlocradio,32,5e-05,1,32,1,0.2,lr5e-05_bs32_modL1_fusion32_fusionL1_drop0p2_trmiss50_trlocradio,16,0.554657464226087,0.6819536685943604,0.5991379310344828,0.7166073859422063,0.6,0.0,0.0,0.0,0.0,0.0,0.0,0.0,0.0,0.0,2002,radio,0.5
5,5,lr5e-05_bs32_modL1_fusion32_fusionL1_drop0p2_trmiss50_trlocradio,32,5e-05,1,32,1,0.2,lr5e-05_bs32_modL1_fusion32_fusionL1_drop0p2_trmiss50_trlocradio,17,0.5554187099138895,0.6809999048709869,0.6056034482758621,0.7236523985215206,0.6,0.0,0.0,0.0,0.0,0.0,0.0,0.0,0.0,0.0,2002,radio,0.5
5,5,lr5e-05_bs32_modL1_fusion32_fusionL1_drop0p2_trmiss50_trlocradio,32,5e-05,1,32,1,0.2,lr5e-05_bs32_modL1_fusion32_fusionL1_drop0p2_trmiss50_trlocradio,18,0.5497341553370158,0.6811091899871826,0.603448275862069,0.721833014331253,0.6222222222222222,0.0,0.0,0.0,0.0,0.0,0.0,0.0,0.0,0.0,2002,radio,0.5
5,5,lr5e-05_bs32_modL1_fusion32_fusionL1_drop0p2_trmiss50_trlocradio,32,5e-05,1,32,1,0.2,lr5e-05_bs32_modL1_fusion32_fusionL1_drop0p2_trmiss50_trlocradio,19,0.5420355151096979,0.682989090681076,0.603448275862069,0.7303505663178365,0.6444444444444445,0.0,0.0,0.0,0.0,0.0,0.0,0.0,0.0,0.0,2002,radio,0.5
5,5,lr5e-05_bs32_modL1_fusion32_fusionL1_drop0p2_trmiss50_trlocradio,32,5e-05,1,32,1,0.2,lr5e-05_bs32_modL1_fusion32_fusionL1_drop0p2_trmiss50_trlocradio,20,0.5717669427394867,0.6814082860946655,0.6056034482758621,0.7308660892872487,0.6222222222222222,0.0,0.0,0.0,0.0,0.0,0.0,0.0,0.0,0.0,2002,radio,0.5
5,5,lr5e-05_bs32_modL1_fusion32_fusionL1_drop0p2_trmiss50_trlocradio,32,5e-05,1,32,1,0.2,lr5e-05_bs32_modL1_fusion32_fusionL1_drop0p2_trmiss50_trlocradio,21,0.547483096520106,0.6782713532447815,0.6163793103448276,0.7353029283064676,0.6222222222222222,0.0,0.0,0.0,0.0,0.0,0.0,0.0,0.0,0.0,2002,radio,0.5
5,5,lr5e-05_bs32_modL1_fusion32_fusionL1_drop0p2_trmiss50_trlocradio,32,5e-05,1,32,1,0.2,lr5e-05_bs32_modL1_fusion32_fusionL1_drop0p2_trmiss50_trlocradio,22,0.5479412376880646,0.6781108677387238,0.6077586206896551,0.7301796392250557,0.6222222222222222,0.0,0.0,0.0,0.0,0.0,0.0,0.0,0.0,0.0,2002,radio,0.5
5,5,lr5e-05_bs32_modL1_fusion32_fusionL1_drop0p2_trmiss50_trlocradio,32,5e-05,1,32,1,0.2,lr5e-05_bs32_modL1_fusion32_fusionL1_drop0p2_trmiss50_trlocradio,23,0.5215443670749664,0.6784002780914307,0.6077586206896552,0.7331181830453763,0.6,0.0,0.0,0.0,0.0,0.0,0.0,0.0,0.0,0.0,2002,radio,0.5
5,5,lr5e-05_bs32_modL1_fusion32_fusionL1_drop0p2_trmiss50_trlocradio,32,5e-05,1,32,1,0.2,lr5e-05_bs32_modL1_fusion32_fusionL1_drop0p2_trmiss50_trlocradio,24,0.5385002891222636,0.6803004443645477,0.5969827586206896,0.7251718019619182,0.6,0.0,0.0,0.0,0.0,0.0,0.0,0.0,0.0,0.0,2002,radio,0.5
5,5,lr5e-05_bs32_modL1_fusion32_fusionL1_drop0p2_trmiss50_trlocradio,32,5e-05,1,32,1,0.2,lr5e-05_bs32_modL1_fusion32_fusionL1_drop0p2_trmiss50_trlocradio,25,0.5214741975069046,0.6787481009960175,0.5969827586206897,0.72336960278707,0.6,0.0,0.0,0.0,0.0,0.0,0.0,0.0,0.0,0.0,2002,radio,0.5
5,5,lr5e-05_bs32_modL1_fusion32_fusionL1_drop0p2_trmiss50_trlocradio,32,5e-05,1,32,1,0.2,lr5e-05_bs32_modL1_fusion32_fusionL1_drop0p2_trmiss50_trlocradio,26,0.5382408599058787,0.6799529492855072,0.5969827586206897,0.72336960278707,0.6222222222222222,0.0,0.0,0.0,0.0,0.0,0.0,0.0,0.0,0.0,2002,radio,0.5
5,5,lr5e-05_bs32_modL1_fusion32_fusionL1_drop0p2_trmiss50_trlocradio,32,5e-05,1,32,1,0.2,lr5e-05_bs32_modL1_fusion32_fusionL1_drop0p2_trmiss50_trlocradio,27,0.5422741572062174,0.6756759583950043,0.6077586206896552,0.7290171760815141,0.6222222222222222,0.0,0.0,0.0,0.0,0.0,0.0,0.0,0.0,0.0,2002,radio,0.5
5,5,lr5e-05_bs32_modL1_fusion32_fusionL1_drop0p2_trmiss50_trlocradio,32,5e-05,1,32,1,0.2,lr5e-05_bs32_modL1_fusion32_fusionL1_drop0p2_trmiss50_trlocradio,28,0.5330066879590353,0.6778439879417419,0.5969827586206897,0.7233944734715918,0.6,0.0,0.0,0.0,0.0,0.0,0.0,0.0,0.0,0.0,2002,radio,0.5
5,5,lr5e-05_bs32_modL1_fusion32_fusionL1_drop0p2_trmiss50_trlocradio,32,5e-05,1,32,1,0.2,lr5e-05_bs32_modL1_fusion32_fusionL1_drop0p2_trmiss50_trlocradio,29,0.5346278498570124,0.6788581013679504,0.5969827586206896,0.7243025680529542,0.5777777777777777,0.0,0.0,0.0,0.0,0.0,0.0,0.0,0.0,0.0,2002,radio,0.5
5,5,lr5e-05_bs32_modL1_fusion32_fusionL1_drop0p2_trmiss50_trlocradio,32,5e-05,1,32,1,0.2,lr5e-05_bs32_modL1_fusion32_fusionL1_drop0p2_trmiss50_trlocradio,30,0.5456704447666804,0.6787022650241852,0.5905172413793104,0.7221860336595436,0.5777777777777777,0.0,0.0,0.0,0.0,0.0,0.0,0.0,0.0,0.0,2002,radio,0.5
5,5,lr5e-05_bs32_modL1_fusion32_fusionL1_drop0p2_trmiss50_trlocradio,32,5e-05,1,32,1,0.2,lr5e-05_bs32_modL1_fusion32_fusionL1_drop0p2_trmiss50_trlocradio,31,0.551124264796575,0.6834686100482941,0.584051724137931,0.7202892046995371,0.5777777777777777,0.0,0.0,0.0,0.0,0.0,0.0,0.0,0.0,0.0,2002,radio,0.5
5,5,lr5e-05_bs32_modL1_fusion32_fusionL1_drop0p2_trmiss50_trlocradio,32,5e-05,1,32,1,0.2,lr5e-05_bs32_modL1_fusion32_fusionL1_drop0p2_trmiss50_trlocradio,32,0.52693439523379,0.6805319488048553,0.5991379310344828,0.7305416632634458,0.5777777777777777,0.0,0.0,0.0,0.0,0.0,0.0,0.0,0.0,0.0,2002,radio,0.5
5,5,lr5e-05_bs32_modL1_fusion32_fusionL1_drop0p2_trmiss50_trlocradio,32,5e-05,1,32,1,0.2,lr5e-05_bs32_modL1_fusion32_fusionL1_drop0p2_trmiss50_trlocradio,33,0.533906618754069,0.6831526160240173,0.5926724137931034,0.7249146685257433,0.5777777777777777,0.0,0.0,0.0,0.0,0.0,0.0,0.0,0.0,0.0,2002,radio,0.5
5,5,lr5e-05_bs32_modL1_fusion32_fusionL1_drop0p2_trmiss50_trlocradio,32,5e-05,1,32,1,0.2,lr5e-05_bs32_modL1_fusion32_fusionL1_drop0p2_trmiss50_trlocradio,34,0.5243805348873138,0.6800813972949982,0.5991379310344828,0.7305465212395696,0.5777777777777777,0.0,0.0,0.0,0.0,0.0,0.0,0.0,0.0,0.0,2002,radio,0.5
5,5,lr5e-05_bs32_modL1_fusion32_fusionL1_drop0p2_trmiss50_trlocradio,32,5e-05,1,32,1,0.2,lr5e-05_bs32_modL1_fusion32_fusionL1_drop0p2_trmiss50_trlocradio,35,0.5275376538435618,0.6813468635082245,0.6012931034482759,0.7280920103320485,0.5777777777777777,0.0,0.0,0.0,0.0,0.0,0.0,0.0,0.0,0.0,2002,radio,0.5
5,5,lr5e-05_bs32_modL1_fusion32_fusionL1_drop0p2_trmiss50_trlocradio,32,5e-05,1,32,1,0.2,lr5e-05_bs32_modL1_fusion32_fusionL1_drop0p2_trmiss50_trlocradio,36,0.5256296147902807,0.6803193688392639,0.5948275862068966,0.7234622726661819,0.5777777777777777,0.0,0.0,0.0,0.0,0.0,0.0,0.0,0.0,0.0,2002,radio,0.5
5,5,lr5e-05_bs32_modL1_fusion32_fusionL1_drop0p2_trmiss50_trlocradio,32,5e-05,1,32,1,0.2,lr5e-05_bs32_modL1_fusion32_fusionL1_drop0p2_trmiss50_trlocradio,37,0.5403366982936859,0.6807210445404053,0.5991379310344828,0.7272370278407769,0.6,0.0,0.0,0.0,0.0,0.0,0.0,0.0,0.0,0.0,2002,radio,0.5
5,5,lr5e-05_bs32_modL1_fusion32_fusionL1_drop0p2_trmiss50_trlocradio,32,5e-05,1,32,1,0.2,lr5e-05_bs32_modL1_fusion32_fusionL1_drop0p2_trmiss50_trlocradio,38,0.5158841709295908,0.6810815632343292,0.5969827586206896,0.7267215048713647,0.6,0.0,0.0,0.0,0.0,0.0,0.0,0.0,0.0,0.0,2002,radio,0.5
5,5,lr5e-05_bs32_modL1_fusion32_fusionL1_drop0p2_trmiss50_trlocradio,32,5e-05,1,32,1,0.2,lr5e-05_bs32_modL1_fusion32_fusionL1_drop0p2_trmiss50_trlocradio,39,0.521375983953476,0.6839879155158997,0.5883620689655172,0.7222197483925876,0.5777777777777777,0.0,0.0,0.0,0.0,0.0,0.0,0.0,0.0,0.0,2002,radio,0.5
5,5,lr5e-05_bs32_modL1_fusion32_fusionL1_drop0p2_trmiss50_trlocradio,32,5e-05,1,32,1,0.2,lr5e-05_bs32_modL1_fusion32_fusionL1_drop0p2_trmiss50_trlocradio,40,0.5280297150214514,0.679498553276062,0.603448275862069,0.7344946059988784,0.5777777777777777,0.0,0.0,0.0,0.0,0.0,0.0,0.0,0.0,0.0,2002,radio,0.5
5,5,lr5e-05_bs32_modL1_fusion32_fusionL1_drop0p2_trmiss50_trlocradio,32,5e-05,1,32,1,0.2,lr5e-05_bs32_modL1_fusion32_fusionL1_drop0p2_trmiss50_trlocradio,41,0.5302311380704244,0.681146502494812,0.6034482758620691,0.7350423528947572,0.5777777777777777,0.0,0.0,0.0,0.0,0.0,0.0,0.0,0.0,0.0,2002,radio,0.5
5,5,lr5e-05_bs32_modL1_fusion32_fusionL1_drop0p1_trmiss50_trlocradio,32,5e-05,1,32,1,0.1,lr5e-05_bs32_modL1_fusion32_fusionL1_drop0p1_trmiss50_trlocradio,1,0.6612747013568878,0.7054694890975952,0.34698275862068967,0.5578958219455293,0.6,0.0,0.0,0.0,0.0,0.0,0.0,0.0,0.0,0.0,2002,radio,0.5
5,5,lr5e-05_bs32_modL1_fusion32_fusionL1_drop0p1_trmiss50_trlocradio,32,5e-05,1,32,1,0.1,lr5e-05_bs32_modL1_fusion32_fusionL1_drop0p1_trmiss50_trlocradio,2,0.6222488383452097,0.7140135765075684,0.33189655172413796,0.5468500054775569,0.5777777777777777,0.0,0.0,0.0,0.0,0.0,0.0,0.0,0.0,0.0,2002,radio,0.5
5,5,lr5e-05_bs32_modL1_fusion32_fusionL1_drop0p1_trmiss50_trlocradio,32,5e-05,1,32,1,0.1,lr5e-05_bs32_modL1_fusion32_fusionL1_drop0p1_trmiss50_trlocradio,3,0.6173497438430786,0.7218649685382843,0.33836206896551724,0.5492090420623585,0.5333333333333333,0.0,0.0,0.0,0.0,0.0,0.0,0.0,0.0,0.0,2002,radio,0.5
5,5,lr5e-05_bs32_modL1_fusion32_fusionL1_drop0p1_trmiss50_trlocradio,32,5e-05,1,32,1,0.1,lr5e-05_bs32_modL1_fusion32_fusionL1_drop0p1_trmiss50_trlocradio,4,0.6017637650171915,0.7267488241195679,0.3426724137931034,0.5544801892950066,0.5111111111111111,0.0,0.0,0.0,0.0,0.0,0.0,0.0,0.0,0.0,2002,radio,0.5
5,5,lr5e-05_bs32_modL1_fusion32_fusionL1_drop0p1_trmiss50_trlocradio,32,5e-05,1,32,1,0.1,lr5e-05_bs32_modL1_fusion32_fusionL1_drop0p1_trmiss50_trlocradio,5,0.5941362182299296,0.7264920473098755,0.37931034482758624,0.5701591263718429,0.5111111111111111,0.0,0.0,0.0,0.0,0.0,0.0,0.0,0.0,0.0,2002,radio,0.5
5,5,lr5e-05_bs32_modL1_fusion32_fusionL1_drop0p1_trmiss50_trlocradio,32,5e-05,1,32,1,0.1,lr5e-05_bs32_modL1_fusion32_fusionL1_drop0p1_trmiss50_trlocradio,6,0.5777319272359213,0.7283892035484314,0.3836206896551725,0.5702468332264836,0.5555555555555556,0.0,0.0,0.0,0.0,0.0,0.0,0.0,0.0,0.0,2002,radio,0.5
5,5,lr5e-05_bs32_modL1_fusion32_fusionL1_drop0p1_trmiss50_trlocradio,32,5e-05,1,32,1,0.1,lr5e-05_bs32_modL1_fusion32_fusionL1_drop0p1_trmiss50_trlocradio,7,0.5698640545209249,0.7296428978443146,0.38577586206896547,0.5734575150764449,0.5111111111111111,0.0,0.0,0.0,0.0,0.0,0.0,0.0,0.0,0.0,2002,radio,0.5
5,5,lr5e-05_bs32_modL1_fusion32_fusionL1_drop0p1_trmiss50_trlocradio,32,5e-05,1,32,1,0.1,lr5e-05_bs32_modL1_fusion32_fusionL1_drop0p1_trmiss50_trlocradio,8,0.5640297631422678,0.7305670976638794,0.36853448275862066,0.5701078525697645,0.6,0.0,0.0,0.0,0.0,0.0,0.0,0.0,0.0,0.0,2002,radio,0.5
5,5,lr5e-05_bs32_modL1_fusion32_fusionL1_drop0p1_trmiss50_trlocradio,32,5e-05,1,32,1,0.1,lr5e-05_bs32_modL1_fusion32_fusionL1_drop0p1_trmiss50_trlocradio,9,0.5627805391947428,0.7297931611537933,0.35775862068965514,0.5620254839757592,0.6,0.0,0.0,0.0,0.0,0.0,0.0,0.0,0.0,0.0,2002,radio,0.5
5,5,lr5e-05_bs32_modL1_fusion32_fusionL1_drop0p1_trmiss50_trlocradio,32,5e-05,1,32,1,0.1,lr5e-05_bs32_modL1_fusion32_fusionL1_drop0p1_trmiss50_trlocradio,10,0.5386253694693247,0.7285133600234985,0.3642241379310345,0.5658503337457006,0.6,0.0,0.0,0.0,0.0,0.0,0.0,0.0,0.0,0.0,2002,radio,0.5
5,5,lr5e-05_bs32_modL1_fusion32_fusionL1_drop0p1_trmiss50_trlocradio,32,5e-05,1,32,1,0.1,lr5e-05_bs32_modL1_fusion32_fusionL1_drop0p1_trmiss50_trlocradio,11,0.5426015158494314,0.7286141216754913,0.3685344827586207,0.5628888397616144,0.6,0.0,0.0,0.0,0.0,0.0,0.0,0.0,0.0,0.0,2002,radio,0.5
5,5,lr5e-05_bs32_modL1_fusion32_fusionL1_drop0p1_trmiss50_trlocradio,32,5e-05,1,32,1,0.1,lr5e-05_bs32_modL1_fusion32_fusionL1_drop0p1_trmiss50_trlocradio,12,0.5429952641328176,0.7253385186195374,0.396551724137931,0.5776648887471489,0.6,0.0,0.0,0.0,0.0,0.0,0.0,0.0,0.0,0.0,2002,radio,0.5
5,5,lr5e-05_bs32_modL1_fusion32_fusionL1_drop0p1_trmiss50_trlocradio,32,5e-05,1,32,1,0.1,lr5e-05_bs32_modL1_fusion32_fusionL1_drop0p1_trmiss50_trlocradio,13,0.5344869494438171,0.7206210494041443,0.396551724137931,0.5797760747352433,0.5777777777777777,0.0,0.0,0.0,0.0,0.0,0.0,0.0,0.0,0.0,2002,radio,0.5
5,5,lr5e-05_bs32_modL1_fusion32_fusionL1_drop0p1_trmiss50_trlocradio,32,5e-05,1,32,1,0.1,lr5e-05_bs32_modL1_fusion32_fusionL1_drop0p1_trmiss50_trlocradio,14,0.5389463305473328,0.7187516093254089,0.41594827586206895,0.5862317967976145,0.5777777777777777,0.0,0.0,0.0,0.0,0.0,0.0,0.0,0.0,0.0,2002,radio,0.5
5,5,lr5e-05_bs32_modL1_fusion32_fusionL1_drop0p1_trmiss50_trlocradio,32,5e-05,1,32,1,0.1,lr5e-05_bs32_modL1_fusion32_fusionL1_drop0p1_trmiss50_trlocradio,15,0.5261570612589518,0.7185937166213989,0.4051724137931034,0.5816206522679391,0.6,0.0,0.0,0.0,0.0,0.0,0.0,0.0,0.0,0.0,2002,radio,0.5
5,5,lr5e-05_bs32_modL1_fusion32_fusionL1_drop0p1_trmiss50_trlocradio,32,5e-05,1,32,1,0.1,lr5e-05_bs32_modL1_fusion32_fusionL1_drop0p1_trmiss50_trlocradio,16,0.5181185901165009,0.7216777801513672,0.3922413793103448,0.5754201378646004,0.6,0.0,0.0,0.0,0.0,0.0,0.0,0.0,0.0,0.0,2002,radio,0.5
5,5,lr5e-05_bs32_modL1_fusion32_fusionL1_drop0p1_trmiss50_trlocradio,32,5e-05,1,32,1,0.1,lr5e-05_bs32_modL1_fusion32_fusionL1_drop0p1_trmiss50_trlocradio,17,0.5242249170939127,0.7195762097835541,0.4008620689655172,0.5811579395977711,0.5777777777777777,0.0,0.0,0.0,0.0,0.0,0.0,0.0,0.0,0.0,2002,radio,0.5
5,5,lr5e-05_bs32_modL1_fusion32_fusionL1_drop0p1_trmiss50_trlocradio,32,5e-05,1,32,1,0.1,lr5e-05_bs32_modL1_fusion32_fusionL1_drop0p1_trmiss50_trlocradio,18,0.5283558915058771,0.7191772162914276,0.4073275862068966,0.586983124667378,0.5777777777777777,0.0,0.0,0.0,0.0,0.0,0.0,0.0,0.0,0.0,2002,radio,0.5
5,5,lr5e-05_bs32_modL1_fusion32_fusionL1_drop0p1_trmiss50_trlocradio,32,5e-05,1,32,1,0.1,lr5e-05_bs32_modL1_fusion32_fusionL1_drop0p1_trmiss50_trlocradio,19,0.5225789745648702,0.7197948098182678,0.3987068965517241,0.5806000683502447,0.6222222222222222,0.0,0.0,0.0,0.0,0.0,0.0,0.0,0.0,0.0,2002,radio,0.5
5,5,lr5e-05_bs32_modL1_fusion32_fusionL1_drop0p1_trmiss50_trlocradio,32,5e-05,1,32,1,0.1,lr5e-05_bs32_modL1_fusion32_fusionL1_drop0p1_trmiss50_trlocradio,20,0.5192425201336542,0.7199812829494476,0.39439655172413796,0.5776553189399779,0.6,0.0,0.0,0.0,0.0,0.0,0.0,0.0,0.0,0.0,2002,radio,0.5
5,5,lr5e-05_bs32_modL1_fusion32_fusionL1_drop0p1_trmiss50_trlocradio,32,5e-05,1,32,1,0.1,lr5e-05_bs32_modL1_fusion32_fusionL1_drop0p1_trmiss50_trlocradio,21,0.5253444959719976,0.7189508080482483,0.4051724137931034,0.5844355939891758,0.5777777777777777,0.0,0.0,0.0,0.0,0.0,0.0,0.0,0.0,0.0,2002,radio,0.5
5,5,lr5e-05_bs32_modL1_fusion32_fusionL1_drop0p1_trmiss50_trlocradio,32,5e-05,1,32,1,0.1,lr5e-05_bs32_modL1_fusion32_fusionL1_drop0p1_trmiss50_trlocradio,22,0.5136696000893911,0.7183517515659332,0.40086206896551724,0.5802400547902196,0.5777777777777777,0.0,0.0,0.0,0.0,0.0,0.0,0.0,0.0,0.0,2002,radio,0.5
5,5,lr5e-05_bs32_modL1_fusion32_fusionL1_drop0p1_trmiss50_trlocradio,32,5e-05,1,32,1,0.1,lr5e-05_bs32_modL1_fusion32_fusionL1_drop0p1_trmiss50_trlocradio,23,0.5023533999919891,0.7173267304897308,0.4181034482758621,0.5885603274089465,0.5777777777777777,0.0,0.0,0.0,0.0,0.0,0.0,0.0,0.0,0.0,2002,radio,0.5
5,5,lr5e-05_bs32_modL1_fusion32_fusionL1_drop0p1_trmiss50_trlocradio,32,5e-05,1,32,1,0.1,lr5e-05_bs32_modL1_fusion32_fusionL1_drop0p1_trmiss50_trlocradio,24,0.503345767656962,0.717077910900116,0.41163793103448276,0.5863623036138265,0.6222222222222222,0.0,0.0,0.0,0.0,0.0,0.0,0.0,0.0,0.0,2002,radio,0.5
5,5,lr5e-05_bs32_modL1_fusion32_fusionL1_drop0p1_trmiss50_trlocradio,32,5e-05,1,32,1,0.1,lr5e-05_bs32_modL1_fusion32_fusionL1_drop0p1_trmiss50_trlocradio,25,0.5189778010050455,0.7173730731010437,0.4051724137931034,0.5836611774944639,0.6,0.0,0.0,0.0,0.0,0.0,0.0,0.0,0.0,0.0,2002,radio,0.5
5,5,lr5e-05_bs32_modL1_fusion32_fusionL1_drop0p1_trmiss50_trlocradio,32,5e-05,1,32,1,0.1,lr5e-05_bs32_modL1_fusion32_fusionL1_drop0p1_trmiss50_trlocradio,26,0.5207959612210592,0.7184748649597168,0.40948275862068967,0.5862591721958009,0.6,0.0,0.0,0.0,0.0,0.0,0.0,0.0,0.0,0.0,2002,radio,0.5
5,5,lr5e-05_bs32_modL1_fusion32_fusionL1_drop0p1_trmiss50_trlocradio,32,5e-05,1,32,1,0.1,lr5e-05_bs32_modL1_fusion32_fusionL1_drop0p1_trmiss50_trlocradio,27,0.519972542921702,0.717975527048111,0.40948275862068967,0.5862878580947348,0.5777777777777777,0.0,0.0,0.0,0.0,0.0,0.0,0.0,0.0,0.0,2002,radio,0.5
5,5,lr5e-05_bs32_modL1_fusion32_fusionL1_drop0p1_trmiss50_trlocradio,32,5e-05,1,32,1,0.1,lr5e-05_bs32_modL1_fusion32_fusionL1_drop0p1_trmiss50_trlocradio,28,0.5040263930956522,0.716849684715271,0.4073275862068966,0.5866303228964466,0.5777777777777777,0.0,0.0,0.0,0.0,0.0,0.0,0.0,0.0,0.0,2002,radio,0.5
5,5,lr5e-05_bs32_modL1_fusion32_fusionL1_drop0p1_trmiss50_trlocradio,32,5e-05,1,32,1,0.1,lr5e-05_bs32_modL1_fusion32_fusionL1_drop0p1_trmiss50_trlocradio,29,0.5185086677471796,0.7181838154792786,0.4073275862068966,0.5863707319756635,0.5777777777777777,0.0,0.0,0.0,0.0,0.0,0.0,0.0,0.0,0.0,2002,radio,0.5
5,5,lr5e-05_bs32_modL1_fusion32_fusionL1_drop0p1_trmiss50_trlocradio,32,5e-05,1,32,1,0.1,lr5e-05_bs32_modL1_fusion32_fusionL1_drop0p1_trmiss50_trlocradio,30,0.5310832460721334,0.7193659842014313,0.4051724137931034,0.5834531680339731,0.5777777777777777,0.0,0.0,0.0,0.0,0.0,0.0,0.0,0.0,0.0,2002,radio,0.5
5,5,lr5e-05_bs32_modL1_fusion32_fusionL1_drop0p1_trmiss50_trlocradio,32,5e-05,1,32,1,0.1,lr5e-05_bs32_modL1_fusion32_fusionL1_drop0p1_trmiss50_trlocradio,31,0.5050151000420252,0.7179598212242126,0.4094827586206896,0.5850326335178896,0.6,0.0,0.0,0.0,0.0,0.0,0.0,0.0,0.0,0.0,2002,radio,0.5
5,5,lr5e-05_bs32_modL1_fusion32_fusionL1_drop0p1_trmiss50_trlocradio,32,5e-05,1,32,1,0.1,lr5e-05_bs32_modL1_fusion32_fusionL1_drop0p1_trmiss50_trlocradio,32,0.4983602563540141,0.7159649133682251,0.41594827586206895,0.5883575206746995,0.5777777777777777,0.0,0.0,0.0,0.0,0.0,0.0,0.0,0.0,0.0,2002,radio,0.5
5,5,lr5e-05_bs32_modL1_fusion32_fusionL1_drop0p1_trmiss50_trlocradio,32,5e-05,1,32,1,0.1,lr5e-05_bs32_modL1_fusion32_fusionL1_drop0p1_trmiss50_trlocradio,33,0.5185392846663793,0.7158870995044708,0.4331896551724138,0.5955137868275209,0.6,0.0,0.0,0.0,0.0,0.0,0.0,0.0,0.0,0.0,2002,radio,0.5
5,5,lr5e-05_bs32_modL1_fusion32_fusionL1_drop0p1_trmiss50_trlocradio,32,5e-05,1,32,1,0.1,lr5e-05_bs32_modL1_fusion32_fusionL1_drop0p1_trmiss50_trlocradio,34,0.5218094487984976,0.7191262245178223,0.4094827586206896,0.5861010625358885,0.6,0.0,0.0,0.0,0.0,0.0,0.0,0.0,0.0,0.0,2002,radio,0.5
5,5,lr5e-05_bs32_modL1_fusion32_fusionL1_drop0p1_trmiss50_trlocradio,32,5e-05,1,32,1,0.1,lr5e-05_bs32_modL1_fusion32_fusionL1_drop0p1_trmiss50_trlocradio,35,0.49252813557783764,0.7179329693317413,0.40301724137931033,0.5819809173435241,0.6,0.0,0.0,0.0,0.0,0.0,0.0,0.0,0.0,0.0,2002,radio,0.5
5,5,lr5e-05_bs32_modL1_fusion32_fusionL1_drop0p1_trmiss50_trlocradio,32,5e-05,1,32,1,0.1,lr5e-05_bs32_modL1_fusion32_fusionL1_drop0p1_trmiss50_trlocradio,36,0.5105460435152054,0.7170786559581757,0.4051724137931034,0.5833682696981967,0.5777777777777777,0.0,0.0,0.0,0.0,0.0,0.0,0.0,0.0,0.0,2002,radio,0.5
5,5,lr5e-05_bs32_modL1_fusion32_fusionL1_drop0p1_trmiss50_trlocradio,32,5e-05,1,32,1,0.1,lr5e-05_bs32_modL1_fusion32_fusionL1_drop0p1_trmiss50_trlocradio,37,0.5114975770314535,0.718466728925705,0.4030172413793104,0.5806185811455794,0.6,0.0,0.0,0.0,0.0,0.0,0.0,0.0,0.0,0.0,2002,radio,0.5
5,5,lr5e-05_bs32_modL1_fusion32_fusionL1_drop0p1_trmiss50_trlocradio,32,5e-05,1,32,1,0.1,lr5e-05_bs32_modL1_fusion32_fusionL1_drop0p1_trmiss50_trlocradio,38,0.5039372146129608,0.7185454666614532,0.4030172413793104,0.5828426178899545,0.6,0.0,0.0,0.0,0.0,0.0,0.0,0.0,0.0,0.0,2002,radio,0.5
5,5,lr5e-05_bs32_modL1_fusion32_fusionL1_drop0p1_trmiss50_trlocradio,32,5e-05,1,32,1,0.1,lr5e-05_bs32_modL1_fusion32_fusionL1_drop0p1_trmiss50_trlocradio,39,0.4967460135618846,0.7172286808490753,0.4073275862068966,0.584953200529669,0.6,0.0,0.0,0.0,0.0,0.0,0.0,0.0,0.0,0.0,2002,radio,0.5
5,5,lr5e-05_bs32_modL1_fusion32_fusionL1_drop0p1_trmiss50_trlocradio,32,5e-05,1,32,1,0.1,lr5e-05_bs32_modL1_fusion32_fusionL1_drop0p1_trmiss50_trlocradio,40,0.4963974903027217,0.7163903415203094,0.41163793103448276,0.5858428218029372,0.6,0.0,0.0,0.0,0.0,0.0,0.0,0.0,0.0,0.0,2002,radio,0.5
5,5,lr5e-05_bs32_modL1_fusion32_fusionL1_drop0p1_trmiss50_trlocradio,32,5e-05,1,32,1,0.1,lr5e-05_bs32_modL1_fusion32_fusionL1_drop0p1_trmiss50_trlocradio,41,0.5133586525917053,0.7152385115623474,0.4094827586206896,0.5856760073612749,0.5777777777777777,0.0,0.0,0.0,0.0,0.0,0.0,0.0,0.0,0.0,2002,radio,0.5
5,5,lr5e-05_bs32_modL1_fusion32_fusionL1_drop0p1_trmiss50_trlocradio,32,5e-05,1,32,1,0.1,lr5e-05_bs32_modL1_fusion32_fusionL1_drop0p1_trmiss50_trlocradio,42,0.50059707959493,0.713782548904419,0.4245689655172413,0.5920786828796345,0.6,0.0,0.0,0.0,0.0,0.0,0.0,0.0,0.0,0.0,2002,radio,0.5
5,5,lr5e-05_bs32_modL1_fusion32_fusionL1_drop0p1_trmiss50_trlocradio,32,5e-05,1,32,1,0.1,lr5e-05_bs32_modL1_fusion32_fusionL1_drop0p1_trmiss50_trlocradio,43,0.5063502093156179,0.7135707437992096,0.4224137931034483,0.5905343195932974,0.6,0.0,0.0,0.0,0.0,0.0,0.0,0.0,0.0,0.0,2002,radio,0.5
5,5,lr5e-05_bs32_modL1_fusion32_fusionL1_drop0p1_trmiss50_trlocradio,32,5e-05,1,32,1,0.1,lr5e-05_bs32_modL1_fusion32_fusionL1_drop0p1_trmiss50_trlocradio,44,0.5048288504282633,0.7150424420833588,0.42025862068965514,0.5888368689126684,0.5777777777777777,0.0,0.0,0.0,0.0,0.0,0.0,0.0,0.0,0.0,2002,radio,0.5
5,5,lr5e-05_bs32_modL1_fusion32_fusionL1_drop0p1_trmiss50_trlocradio,32,5e-05,1,32,1,0.1,lr5e-05_bs32_modL1_fusion32_fusionL1_drop0p1_trmiss50_trlocradio,45,0.508431871732076,0.7151156961917877,0.42025862068965514,0.5888368689126684,0.5777777777777777,0.0,0.0,0.0,0.0,0.0,0.0,0.0,0.0,0.0,2002,radio,0.5
5,5,lr5e-05_bs32_modL1_fusion32_fusionL1_drop0p1_trmiss50_trlocradio,32,5e-05,1,32,1,0.1,lr5e-05_bs32_modL1_fusion32_fusionL1_drop0p1_trmiss50_trlocradio,46,0.5155167281627655,0.7153277695178986,0.4137931034482758,0.5863873525852193,0.5777777777777777,0.0,0.0,0.0,0.0,0.0,0.0,0.0,0.0,0.0,2002,radio,0.5
5,5,lr5e-05_bs32_modL1_fusion32_fusionL1_drop0p1_trmiss50_trlocradio,32,5e-05,1,32,1,0.1,lr5e-05_bs32_modL1_fusion32_fusionL1_drop0p1_trmiss50_trlocradio,47,0.5102479855219523,0.7146864831447601,0.41379310344827586,0.5855266217076215,0.5777777777777777,0.0,0.0,0.0,0.0,0.0,0.0,0.0,0.0,0.0,2002,radio,0.5
5,5,lr5e-05_bs32_modL1_fusion32_fusionL1_drop0p1_trmiss50_trlocradio,32,5e-05,1,32,1,0.1,lr5e-05_bs32_modL1_fusion32_fusionL1_drop0p1_trmiss50_trlocradio,48,0.5045396089553833,0.7162524461746216,0.4202586206896552,0.5855666713129447,0.6,0.0,0.0,0.0,0.0,0.0,0.0,0.0,0.0,0.0,2002,radio,0.5
5,5,lr5e-05_bs32_modL1_fusion32_fusionL1_drop0p1_trmiss50_trlocradio,32,5e-05,1,32,1,0.1,lr5e-05_bs32_modL1_fusion32_fusionL1_drop0p1_trmiss50_trlocradio,49,0.5073990325133005,0.7161563038825989,0.4224137931034483,0.5874323063322472,0.6222222222222222,0.0,0.0,0.0,0.0,0.0,0.0,0.0,0.0,0.0,2002,radio,0.5
5,5,lr5e-05_bs32_modL1_fusion32_fusionL1_drop0p1_trmiss50_trlocradio,32,5e-05,1,32,1,0.1,lr5e-05_bs32_modL1_fusion32_fusionL1_drop0p1_trmiss50_trlocradio,50,0.49702591200669605,0.7156886458396912,0.4224137931034483,0.5883998395943731,0.6222222222222222,0.0,0.0,0.0,0.0,0.0,0.0,0.0,0.0,0.0,2002,radio,0.5
5,5,lr5e-05_bs32_modL1_fusion32_fusionL1_drop0p1_trmiss50_trlocradio,32,5e-05,1,32,1,0.1,lr5e-05_bs32_modL1_fusion32_fusionL1_drop0p1_trmiss50_trlocradio,51,0.516318475206693,0.7174341082572937,0.41163793103448276,0.582764352697523,0.6,0.0,0.0,0.0,0.0,0.0,0.0,0.0,0.0,0.0,2002,radio,0.5
5,5,lr5e-05_bs32_modL1_fusion32_fusionL1_drop0p1_trmiss50_trlocradio,32,5e-05,1,32,1,0.1,lr5e-05_bs32_modL1_fusion32_fusionL1_drop0p1_trmiss50_trlocradio,52,0.5129524916410446,0.7169502079486847,0.4137931034482759,0.5854318120712844,0.6,0.0,0.0,0.0,0.0,0.0,0.0,0.0,0.0,0.0,2002,radio,0.5
5,5,lr5e-05_bs32_modL1_fusion32_fusionL1_drop0p1_trmiss50_trlocradio,32,5e-05,1,32,1,0.1,lr5e-05_bs32_modL1_fusion32_fusionL1_drop0p1_trmiss50_trlocradio,53,0.5046783089637756,0.7167812585830688,0.41594827586206895,0.5865083634027815,0.6,0.0,0.0,0.0,0.0,0.0,0.0,0.0,0.0,0.0,2002,radio,0.5
5,5,lr5e-05_bs32_modL1_fusion64_fusionL1_drop0p2_trmiss50_trlocradio,32,5e-05,1,64,1,0.2,lr5e-05_bs32_modL1_fusion64_fusionL1_drop0p2_trmiss50_trlocradio,1,0.6978100836277008,0.7028519511222839,0.45258620689655177,0.6082408487957898,0.35555555555555557,0.0,0.0,0.0,0.0,0.0,0.0,0.0,0.0,0.0,2002,radio,0.5
5,5,lr5e-05_bs32_modL1_fusion64_fusionL1_drop0p2_trmiss50_trlocradio,32,5e-05,1,64,1,0.2,lr5e-05_bs32_modL1_fusion64_fusionL1_drop0p2_trmiss50_trlocradio,2,0.6741820573806763,0.7020803689956665,0.5021551724137931,0.6356063006108739,0.4888888888888889,0.0,0.0,0.0,0.0,0.0,0.0,0.0,0.0,0.0,2002,radio,0.5
5,5,lr5e-05_bs32_modL1_fusion64_fusionL1_drop0p2_trmiss50_trlocradio,32,5e-05,1,64,1,0.2,lr5e-05_bs32_modL1_fusion64_fusionL1_drop0p2_trmiss50_trlocradio,3,0.6478781203428904,0.6999964714050293,0.5064655172413793,0.6422868136250484,0.5333333333333333,0.0,0.0,0.0,0.0,0.0,0.0,0.0,0.0,0.0,2002,radio,0.5
5,5,lr5e-05_bs32_modL1_fusion64_fusionL1_drop0p2_trmiss50_trlocradio,32,5e-05,1,64,1,0.2,lr5e-05_bs32_modL1_fusion64_fusionL1_drop0p2_trmiss50_trlocradio,4,0.6560192406177521,0.6992451548576355,0.49568965517241376,0.6255847897823851,0.5111111111111111,0.0,0.0,0.0,0.0,0.0,0.0,0.0,0.0,0.0,2002,radio,0.5
5,5,lr5e-05_bs32_modL1_fusion64_fusionL1_drop0p2_trmiss50_trlocradio,32,5e-05,1,64,1,0.2,lr5e-05_bs32_modL1_fusion64_fusionL1_drop0p2_trmiss50_trlocradio,5,0.6239954928557078,0.6975526809692383,0.5193965517241379,0.633702744255185,0.4666666666666667,0.0,0.0,0.0,0.0,0.0,0.0,0.0,0.0,0.0,2002,radio,0.5
5,5,lr5e-05_bs32_modL1_fusion64_fusionL1_drop0p2_trmiss50_trlocradio,32,5e-05,1,64,1,0.2,lr5e-05_bs32_modL1_fusion64_fusionL1_drop0p2_trmiss50_trlocradio,6,0.602159172296524,0.6974378824234009,0.5237068965517241,0.6420377889437325,0.4888888888888889,0.0,0.0,0.0,0.0,0.0,0.0,0.0,0.0,0.0,2002,radio,0.5
5,5,lr5e-05_bs32_modL1_fusion64_fusionL1_drop0p2_trmiss50_trlocradio,32,5e-05,1,64,1,0.2,lr5e-05_bs32_modL1_fusion64_fusionL1_drop0p2_trmiss50_trlocradio,7,0.5886711478233337,0.6978647410869598,0.5258620689655172,0.6479544087854704,0.4888888888888889,0.0,0.0,0.0,0.0,0.0,0.0,0.0,0.0,0.0,2002,radio,0.5
5,5,lr5e-05_bs32_modL1_fusion64_fusionL1_drop0p2_trmiss50_trlocradio,32,5e-05,1,64,1,0.2,lr5e-05_bs32_modL1_fusion64_fusionL1_drop0p2_trmiss50_trlocradio,8,0.5957464277744293,0.690445750951767,0.5323275862068965,0.6509434051720311,0.5111111111111111,0.0,0.0,0.0,0.0,0.0,0.0,0.0,0.0,0.0,2002,radio,0.5
5,5,lr5e-05_bs32_modL1_fusion64_fusionL1_drop0p2_trmiss50_trlocradio,32,5e-05,1,64,1,0.2,lr5e-05_bs32_modL1_fusion64_fusionL1_drop0p2_trmiss50_trlocradio,9,0.5877529283364614,0.6825577616691589,0.5431034482758621,0.6609985495290184,0.5555555555555556,0.0,0.0,0.0,0.0,0.0,0.0,0.0,0.0,0.0,2002,radio,0.5
5,5,lr5e-05_bs32_modL1_fusion64_fusionL1_drop0p2_trmiss50_trlocradio,32,5e-05,1,64,1,0.2,lr5e-05_bs32_modL1_fusion64_fusionL1_drop0p2_trmiss50_trlocradio,10,0.5594691832860311,0.6756890416145325,0.584051724137931,0.6875545992990355,0.5333333333333333,0.0,0.0,0.0,0.0,0.0,0.0,0.0,0.0,0.0,2002,radio,0.5
5,5,lr5e-05_bs32_modL1_fusion64_fusionL1_drop0p2_trmiss50_trlocradio,32,5e-05,1,64,1,0.2,lr5e-05_bs32_modL1_fusion64_fusionL1_drop0p2_trmiss50_trlocradio,11,0.5501551330089569,0.6676339209079742,0.6012931034482759,0.6945615999324465,0.4888888888888889,0.0,0.0,0.0,0.0,0.0,0.0,0.0,0.0,0.0,2002,radio,0.5
5,5,lr5e-05_bs32_modL1_fusion64_fusionL1_drop0p2_trmiss50_trlocradio,32,5e-05,1,64,1,0.2,lr5e-05_bs32_modL1_fusion64_fusionL1_drop0p2_trmiss50_trlocradio,12,0.5499584774176279,0.6636784970760345,0.603448275862069,0.7013320836457334,0.5777777777777777,0.0,0.0,0.0,0.0,0.0,0.0,0.0,0.0,0.0,2002,radio,0.5
5,5,lr5e-05_bs32_modL1_fusion64_fusionL1_drop0p2_trmiss50_trlocradio,32,5e-05,1,64,1,0.2,lr5e-05_bs32_modL1_fusion64_fusionL1_drop0p2_trmiss50_trlocradio,13,0.5300328483184179,0.6628376543521881,0.5991379310344828,0.7259865952934522,0.5333333333333333,0.0,0.0,0.0,0.0,0.0,0.0,0.0,0.0,0.0,2002,radio,0.5
5,5,lr5e-05_bs32_modL1_fusion64_fusionL1_drop0p2_trmiss50_trlocradio,32,5e-05,1,64,1,0.2,lr5e-05_bs32_modL1_fusion64_fusionL1_drop0p2_trmiss50_trlocradio,14,0.533497134844462,0.6627233326435089,0.5862068965517242,0.7047252400079934,0.5555555555555556,0.0,0.0,0.0,0.0,0.0,0.0,0.0,0.0,0.0,2002,radio,0.5
5,5,lr5e-05_bs32_modL1_fusion64_fusionL1_drop0p2_trmiss50_trlocradio,32,5e-05,1,64,1,0.2,lr5e-05_bs32_modL1_fusion64_fusionL1_drop0p2_trmiss50_trlocradio,15,0.5357372661431631,0.6642791926860809,0.5775862068965517,0.7030261349998942,0.5555555555555556,0.0,0.0,0.0,0.0,0.0,0.0,0.0,0.0,0.0,2002,radio,0.5
5,5,lr5e-05_bs32_modL1_fusion64_fusionL1_drop0p2_trmiss50_trlocradio,32,5e-05,1,64,1,0.2,lr5e-05_bs32_modL1_fusion64_fusionL1_drop0p2_trmiss50_trlocradio,16,0.5150088121493658,0.6619423925876617,0.5948275862068966,0.7128174305803324,0.5333333333333333,0.0,0.0,0.0,0.0,0.0,0.0,0.0,0.0,0.0,2002,radio,0.5
5,5,lr5e-05_bs32_modL1_fusion64_fusionL1_drop0p2_trmiss50_trlocradio,32,5e-05,1,64,1,0.2,lr5e-05_bs32_modL1_fusion64_fusionL1_drop0p2_trmiss50_trlocradio,17,0.5174914548794428,0.6561638712882996,0.6120689655172413,0.7354927696108438,0.5555555555555556,0.0,0.0,0.0,0.0,0.0,0.0,0.0,0.0,0.0,2002,radio,0.5
5,5,lr5e-05_bs32_modL1_fusion64_fusionL1_drop0p2_trmiss50_trlocradio,32,5e-05,1,64,1,0.2,lr5e-05_bs32_modL1_fusion64_fusionL1_drop0p2_trmiss50_trlocradio,18,0.5014170507589976,0.6571357846260071,0.5991379310344829,0.7304800295392118,0.5333333333333333,0.0,0.0,0.0,0.0,0.0,0.0,0.0,0.0,0.0,2002,radio,0.5
5,5,lr5e-05_bs32_modL1_fusion64_fusionL1_drop0p2_trmiss50_trlocradio,32,5e-05,1,64,1,0.2,lr5e-05_bs32_modL1_fusion64_fusionL1_drop0p2_trmiss50_trlocradio,19,0.491964653134346,0.6551657915115356,0.5969827586206897,0.7012371012550788,0.5555555555555556,0.0,0.0,0.0,0.0,0.0,0.0,0.0,0.0,0.0,2002,radio,0.5
5,5,lr5e-05_bs32_modL1_fusion64_fusionL1_drop0p2_trmiss50_trlocradio,32,5e-05,1,64,1,0.2,lr5e-05_bs32_modL1_fusion64_fusionL1_drop0p2_trmiss50_trlocradio,20,0.5010967701673508,0.6498341262340546,0.6056034482758621,0.7306891003932818,0.5555555555555556,0.0,0.0,0.0,0.0,0.0,0.0,0.0,0.0,0.0,2002,radio,0.5
5,5,lr5e-05_bs32_modL1_fusion64_fusionL1_drop0p2_trmiss50_trlocradio,32,5e-05,1,64,1,0.2,lr5e-05_bs32_modL1_fusion64_fusionL1_drop0p2_trmiss50_trlocradio,21,0.4936099996169408,0.6534227132797241,0.5905172413793103,0.7233552292548602,0.5555555555555556,0.0,0.0,0.0,0.0,0.0,0.0,0.0,0.0,0.0,2002,radio,0.5
5,5,lr5e-05_bs32_modL1_fusion64_fusionL1_drop0p2_trmiss50_trlocradio,32,5e-05,1,64,1,0.2,lr5e-05_bs32_modL1_fusion64_fusionL1_drop0p2_trmiss50_trlocradio,22,0.4771250933408737,0.651101678609848,0.5862068965517241,0.7221755136030659,0.5555555555555556,0.0,0.0,0.0,0.0,0.0,0.0,0.0,0.0,0.0,2002,radio,0.5
5,5,lr5e-05_bs32_modL1_fusion64_fusionL1_drop0p2_trmiss50_trlocradio,32,5e-05,1,64,1,0.2,lr5e-05_bs32_modL1_fusion64_fusionL1_drop0p2_trmiss50_trlocradio,23,0.47589099903901416,0.6525746583938599,0.5732758620689655,0.71656906726832,0.5555555555555556,0.0,0.0,0.0,0.0,0.0,0.0,0.0,0.0,0.0,2002,radio,0.5
5,5,lr5e-05_bs32_modL1_fusion64_fusionL1_drop0p2_trmiss50_trlocradio,32,5e-05,1,64,1,0.2,lr5e-05_bs32_modL1_fusion64_fusionL1_drop0p2_trmiss50_trlocradio,24,0.4791320363680522,0.6555315256118774,0.5711206896551724,0.7163905733866777,0.5555555555555556,0.0,0.0,0.0,0.0,0.0,0.0,0.0,0.0,0.0,2002,radio,0.5
5,5,lr5e-05_bs32_modL1_fusion64_fusionL1_drop0p2_trmiss50_trlocradio,32,5e-05,1,64,1,0.2,lr5e-05_bs32_modL1_fusion64_fusionL1_drop0p2_trmiss50_trlocradio,25,0.47507425645987195,0.6585151553153992,0.564655172413793,0.7137090154551585,0.5555555555555556,0.0,0.0,0.0,0.0,0.0,0.0,0.0,0.0,0.0,2002,radio,0.5
5,5,lr5e-05_bs32_modL1_fusion64_fusionL1_drop0p2_trmiss50_trlocradio,32,5e-05,1,64,1,0.2,lr5e-05_bs32_modL1_fusion64_fusionL1_drop0p2_trmiss50_trlocradio,26,0.45853961010773975,0.6578536927700043,0.5668103448275862,0.7141425624960114,0.5333333333333333,0.0,0.0,0.0,0.0,0.0,0.0,0.0,0.0,0.0,2002,radio,0.5
5,5,lr5e-05_bs32_modL1_fusion64_fusionL1_drop0p2_trmiss50_trlocradio,32,5e-05,1,64,1,0.2,lr5e-05_bs32_modL1_fusion64_fusionL1_drop0p2_trmiss50_trlocradio,27,0.4520167460044225,0.6526750922203064,0.5668103448275862,0.7138894097734838,0.5333333333333333,0.0,0.0,0.0,0.0,0.0,0.0,0.0,0.0,0.0,2002,radio,0.5
5,5,lr5e-05_bs32_modL1_fusion64_fusionL1_drop0p2_trmiss50_trlocradio,32,5e-05,1,64,1,0.2,lr5e-05_bs32_modL1_fusion64_fusionL1_drop0p2_trmiss50_trlocradio,28,0.4551233301560084,0.6514398157596588,0.5754310344827586,0.7178338927310465,0.5555555555555556,0.0,0.0,0.0,0.0,0.0,0.0,0.0,0.0,0.0,2002,radio,0.5
5,5,lr5e-05_bs32_modL1_fusion64_fusionL1_drop0p2_trmiss50_trlocradio,32,5e-05,1,64,1,0.2,lr5e-05_bs32_modL1_fusion64_fusionL1_drop0p2_trmiss50_trlocradio,29,0.47068097690741223,0.6511056125164032,0.5775862068965517,0.7176440265962607,0.5555555555555556,0.0,0.0,0.0,0.0,0.0,0.0,0.0,0.0,0.0,2002,radio,0.5
5,5,lr5e-05_bs32_modL1_fusion64_fusionL1_drop0p2_trmiss50_trlocradio,32,5e-05,1,64,1,0.2,lr5e-05_bs32_modL1_fusion64_fusionL1_drop0p2_trmiss50_trlocradio,30,0.44374706347783405,0.6514108180999756,0.5775862068965517,0.7175812972545912,0.5555555555555556,0.0,0.0,0.0,0.0,0.0,0.0,0.0,0.0,0.0,2002,radio,0.5
5,5,lr5e-05_bs32_modL1_fusion64_fusionL1_drop0p2_trmiss50_trlocradio,32,5e-05,1,64,1,0.2,lr5e-05_bs32_modL1_fusion64_fusionL1_drop0p2_trmiss50_trlocradio,31,0.42805694540341693,0.6487363278865814,0.5862068965517242,0.7211182816489508,0.5777777777777777,0.0,0.0,0.0,0.0,0.0,0.0,0.0,0.0,0.0,2002,radio,0.5
5,5,lr5e-05_bs32_modL1_fusion64_fusionL1_drop0p2_trmiss50_trlocradio,32,5e-05,1,64,1,0.2,lr5e-05_bs32_modL1_fusion64_fusionL1_drop0p2_trmiss50_trlocradio,32,0.42411506672700244,0.6452434062957764,0.5905172413793104,0.7260625047153049,0.5777777777777777,0.0,0.0,0.0,0.0,0.0,0.0,0.0,0.0,0.0,2002,radio,0.5
5,5,lr5e-05_bs32_modL1_fusion64_fusionL1_drop0p2_trmiss50_trlocradio,32,5e-05,1,64,1,0.2,lr5e-05_bs32_modL1_fusion64_fusionL1_drop0p2_trmiss50_trlocradio,33,0.44419340789318085,0.6462915241718292,0.5818965517241379,0.7185162063842265,0.5777777777777777,0.0,0.0,0.0,0.0,0.0,0.0,0.0,0.0,0.0,2002,radio,0.5
5,5,lr5e-05_bs32_modL1_fusion64_fusionL1_drop0p2_trmiss50_trlocradio,32,5e-05,1,64,1,0.2,lr5e-05_bs32_modL1_fusion64_fusionL1_drop0p2_trmiss50_trlocradio,34,0.4380626976490021,0.6450167298316956,0.5883620689655173,0.7207057309561395,0.5777777777777777,0.0,0.0,0.0,0.0,0.0,0.0,0.0,0.0,0.0,2002,radio,0.5
5,5,lr5e-05_bs32_modL1_fusion64_fusionL1_drop0p2_trmiss50_trlocradio,32,5e-05,1,64,1,0.2,lr5e-05_bs32_modL1_fusion64_fusionL1_drop0p2_trmiss50_trlocradio,35,0.43808579444885254,0.6465837955474854,0.5797413793103449,0.7172098647300568,0.5777777777777777,0.0,0.0,0.0,0.0,0.0,0.0,0.0,0.0,0.0,2002,radio,0.5
5,5,lr5e-05_bs32_modL1_fusion64_fusionL1_drop0p2_trmiss50_trlocradio,32,5e-05,1,64,1,0.2,lr5e-05_bs32_modL1_fusion64_fusionL1_drop0p2_trmiss50_trlocradio,36,0.4218311011791229,0.6470480561256409,0.5775862068965517,0.7176609722858938,0.5333333333333333,0.0,0.0,0.0,0.0,0.0,0.0,0.0,0.0,0.0,2002,radio,0.5
5,5,lr5e-05_bs32_modL1_fusion64_fusionL1_drop0p2_trmiss50_trlocradio,32,5e-05,1,64,1,0.2,lr5e-05_bs32_modL1_fusion64_fusionL1_drop0p2_trmiss50_trlocradio,37,0.42339345316092175,0.6489579975605011,0.5818965517241379,0.7211625851206733,0.5777777777777777,0.0,0.0,0.0,0.0,0.0,0.0,0.0,0.0,0.0,2002,radio,0.5
5,5,lr5e-05_bs32_modL1_fusion64_fusionL1_drop0p1_trmiss50_trlocradio,32,5e-05,1,64,1,0.1,lr5e-05_bs32_modL1_fusion64_fusionL1_drop0p1_trmiss50_trlocradio,1,0.7648720741271973,0.7224522233009338,0.39655172413793105,0.5699059795248799,0.3333333333333333,0.0,0.0,0.0,0.0,0.0,0.0,0.0,0.0,0.0,2002,radio,0.5
5,5,lr5e-05_bs32_modL1_fusion64_fusionL1_drop0p1_trmiss50_trlocradio,32,5e-05,1,64,1,0.1,lr5e-05_bs32_modL1_fusion64_fusionL1_drop0p1_trmiss50_trlocradio,2,0.7175755004088084,0.7399669885635376,0.4030172413793104,0.5814580360612877,0.3333333333333333,0.0,0.0,0.0,0.0,0.0,0.0,0.0,0.0,0.0,2002,radio,0.5
5,5,lr5e-05_bs32_modL1_fusion64_fusionL1_drop0p1_trmiss50_trlocradio,32,5e-05,1,64,1,0.1,lr5e-05_bs32_modL1_fusion64_fusionL1_drop0p1_trmiss50_trlocradio,3,0.6864827573299408,0.7510186731815338,0.42241379310344823,0.6089196017567613,0.3333333333333333,0.0,0.0,0.0,0.0,0.0,0.0,0.0,0.0,0.0,2002,radio,0.5
5,5,lr5e-05_bs32_modL1_fusion64_fusionL1_drop0p1_trmiss50_trlocradio,32,5e-05,1,64,1,0.1,lr5e-05_bs32_modL1_fusion64_fusionL1_drop0p1_trmiss50_trlocradio,4,0.6731135348478953,0.7620263695716858,0.4224137931034483,0.6085921335359146,0.37777777777777777,0.0,0.0,0.0,0.0,0.0,0.0,0.0,0.0,0.0,2002,radio,0.5
5,5,lr5e-05_bs32_modL1_fusion64_fusionL1_drop0p1_trmiss50_trlocradio,32,5e-05,1,64,1,0.1,lr5e-05_bs32_modL1_fusion64_fusionL1_drop0p1_trmiss50_trlocradio,5,0.6420332590738932,0.7733183801174164,0.4396551724137931,0.6178106881421657,0.37777777777777777,0.0,0.0,0.0,0.0,0.0,0.0,0.0,0.0,0.0,2002,radio,0.5
5,5,lr5e-05_bs32_modL1_fusion64_fusionL1_drop0p1_trmiss50_trlocradio,32,5e-05,1,64,1,0.1,lr5e-05_bs32_modL1_fusion64_fusionL1_drop0p1_trmiss50_trlocradio,6,0.646610677242279,0.7874514758586884,0.4482758620689655,0.6216335705177753,0.37777777777777777,0.0,0.0,0.0,0.0,0.0,0.0,0.0,0.0,0.0,2002,radio,0.5
5,5,lr5e-05_bs32_modL1_fusion64_fusionL1_drop0p1_trmiss50_trlocradio,32,5e-05,1,64,1,0.1,lr5e-05_bs32_modL1_fusion64_fusionL1_drop0p1_trmiss50_trlocradio,7,0.6141707599163055,0.7796364724636078,0.4418103448275862,0.6172609717299447,0.37777777777777777,0.0,0.0,0.0,0.0,0.0,0.0,0.0,0.0,0.0,2002,radio,0.5
5,5,lr5e-05_bs32_modL1_fusion64_fusionL1_drop0p1_trmiss50_trlocradio,32,5e-05,1,64,1,0.1,lr5e-05_bs32_modL1_fusion64_fusionL1_drop0p1_trmiss50_trlocradio,8,0.6062315503756205,0.7819841802120209,0.4482758620689655,0.620797255418303,0.35555555555555557,0.0,0.0,0.0,0.0,0.0,0.0,0.0,0.0,0.0,2002,radio,0.5
5,5,lr5e-05_bs32_modL1_fusion64_fusionL1_drop0p1_trmiss50_trlocradio,32,5e-05,1,64,1,0.1,lr5e-05_bs32_modL1_fusion64_fusionL1_drop0p1_trmiss50_trlocradio,9,0.5880518654982249,0.7802150249481201,0.4676724137931035,0.6273878383518842,0.35555555555555557,0.0,0.0,0.0,0.0,0.0,0.0,0.0,0.0,0.0,2002,radio,0.5
5,5,lr5e-05_bs32_modL1_fusion64_fusionL1_drop0p1_trmiss50_trlocradio,32,5e-05,1,64,1,0.1,lr5e-05_bs32_modL1_fusion64_fusionL1_drop0p1_trmiss50_trlocradio,10,0.6108247538407644,0.7860767245292664,0.4676724137931034,0.6291299439460961,0.37777777777777777,0.0,0.0,0.0,0.0,0.0,0.0,0.0,0.0,0.0,2002,radio,0.5
5,5,lr5e-05_bs32_modL1_fusion64_fusionL1_drop0p1_trmiss50_trlocradio,32,5e-05,1,64,1,0.1,lr5e-05_bs32_modL1_fusion64_fusionL1_drop0p1_trmiss50_trlocradio,11,0.5860971411069235,0.7827450037002563,0.46551724137931033,0.6296868606340591,0.4,0.0,0.0,0.0,0.0,0.0,0.0,0.0,0.0,0.0,2002,radio,0.5
5,5,lr5e-05_bs32_modL1_fusion64_fusionL1_drop0p1_trmiss50_trlocradio,32,5e-05,1,64,1,0.1,lr5e-05_bs32_modL1_fusion64_fusionL1_drop0p1_trmiss50_trlocradio,12,0.5832282801469167,0.7785697877407074,0.46336206896551724,0.628672074255429,0.4,0.0,0.0,0.0,0.0,0.0,0.0,0.0,0.0,0.0,2002,radio,0.5
5,5,lr5e-05_bs32_modL1_fusion64_fusionL1_drop0p1_trmiss50_trlocradio,32,5e-05,1,64,1,0.1,lr5e-05_bs32_modL1_fusion64_fusionL1_drop0p1_trmiss50_trlocradio,13,0.5719235340754191,0.7826009094715118,0.45258620689655177,0.6227591465549208,0.4,0.0,0.0,0.0,0.0,0.0,0.0,0.0,0.0,0.0,2002,radio,0.5
5,5,lr5e-05_bs32_modL1_fusion64_fusionL1_drop0p1_trmiss50_trlocradio,32,5e-05,1,64,1,0.1,lr5e-05_bs32_modL1_fusion64_fusionL1_drop0p1_trmiss50_trlocradio,14,0.5627542535463969,0.78275927901268,0.45905172413793105,0.6262136095452665,0.4,0.0,0.0,0.0,0.0,0.0,0.0,0.0,0.0,0.0,2002,radio,0.5
5,5,lr5e-05_bs32_modL1_fusion64_fusionL1_drop0p1_trmiss50_trlocradio,32,5e-05,1,64,1,0.1,lr5e-05_bs32_modL1_fusion64_fusionL1_drop0p1_trmiss50_trlocradio,15,0.5771981477737427,0.7875398695468903,0.45905172413793105,0.6254155961079221,0.4222222222222222,0.0,0.0,0.0,0.0,0.0,0.0,0.0,0.0,0.0,2002,radio,0.5
5,5,lr5e-05_bs32_modL1_fusion64_fusionL1_drop0p1_trmiss50_trlocradio,32,5e-05,1,64,1,0.1,lr5e-05_bs32_modL1_fusion64_fusionL1_drop0p1_trmiss50_trlocradio,16,0.5864229202270508,0.792737603187561,0.46120689655172414,0.6261455738609809,0.4222222222222222,0.0,0.0,0.0,0.0,0.0,0.0,0.0,0.0,0.0,2002,radio,0.5
5,5,lr5e-05_bs32_modL1_fusion64_fusionL1_drop0p1_trmiss50_trlocradio,32,5e-05,1,64,1,0.1,lr5e-05_bs32_modL1_fusion64_fusionL1_drop0p1_trmiss50_trlocradio,17,0.554316908121109,0.7908803522586823,0.46120689655172414,0.6255360737576567,0.4,0.0,0.0,0.0,0.0,0.0,0.0,0.0,0.0,0.0,2002,radio,0.5
5,5,lr5e-05_bs32_modL1_fusion64_fusionL1_drop0p1_trmiss50_trlocradio,32,5e-05,1,64,1,0.1,lr5e-05_bs32_modL1_fusion64_fusionL1_drop0p1_trmiss50_trlocradio,18,0.5492313206195831,0.7953915596008301,0.46336206896551724,0.6265647636567391,0.4,0.0,0.0,0.0,0.0,0.0,0.0,0.0,0.0,0.0,2002,radio,0.5
5,5,lr5e-05_bs32_modL1_fusion64_fusionL1_drop0p1_trmiss50_trlocradio,32,5e-05,1,64,1,0.1,lr5e-05_bs32_modL1_fusion64_fusionL1_drop0p1_trmiss50_trlocradio,19,0.5660271644592285,0.7950777113437653,0.46551724137931033,0.6261043379193875,0.35555555555555557,0.0,0.0,0.0,0.0,0.0,0.0,0.0,0.0,0.0,2002,radio,0.5
5,5,lr5e-05_bs32_modL1_fusion64_fusionL1_drop0p1_trmiss50_trlocradio,32,5e-05,1,64,1,0.1,lr5e-05_bs32_modL1_fusion64_fusionL1_drop0p1_trmiss50_trlocradio,20,0.5594199697176615,0.7922747731208801,0.4698275862068966,0.6277275855092161,0.4222222222222222,0.0,0.0,0.0,0.0,0.0,0.0,0.0,0.0,0.0,2002,radio,0.5
5,5,lr5e-05_bs32_modL1_fusion64_fusionL1_drop0p1_trmiss50_trlocradio,32,5e-05,1,64,1,0.1,lr5e-05_bs32_modL1_fusion64_fusionL1_drop0p1_trmiss50_trlocradio,21,0.5695723096529642,0.7906765937805176,0.4676724137931034,0.6270475089170049,0.4222222222222222,0.0,0.0,0.0,0.0,0.0,0.0,0.0,0.0,0.0,2002,radio,0.5
5,5,lr5e-05_bs32_modL1_fusion64_fusionL1_drop0p1_trmiss50_trlocradio,32,5e-05,1,64,1,0.1,lr5e-05_bs32_modL1_fusion64_fusionL1_drop0p1_trmiss50_trlocradio,22,0.5546062688032786,0.7905480861663818,0.4719827586206896,0.6296411849635883,0.4222222222222222,0.0,0.0,0.0,0.0,0.0,0.0,0.0,0.0,0.0,2002,radio,0.5
5,5,lr5e-05_bs32_modL1_fusion64_fusionL1_drop0p1_trmiss50_trlocradio,32,5e-05,1,64,1,0.1,lr5e-05_bs32_modL1_fusion64_fusionL1_drop0p1_trmiss50_trlocradio,23,0.5501471757888794,0.7901939153671265,0.4806034482758621,0.6332150114010238,0.4,0.0,0.0,0.0,0.0,0.0,0.0,0.0,0.0,0.0,2002,radio,0.5
5,5,lr5e-05_bs32_modL1_fusion64_fusionL1_drop0p1_trmiss50_trlocradio,32,5e-05,1,64,1,0.1,lr5e-05_bs32_modL1_fusion64_fusionL1_drop0p1_trmiss50_trlocradio,24,0.559025228023529,0.7900614440441132,0.4762931034482758,0.631240680539109,0.4,0.0,0.0,0.0,0.0,0.0,0.0,0.0,0.0,0.0,2002,radio,0.5
5,5,lr5e-05_bs32_modL1_fusion64_fusionL1_drop0p1_trmiss50_trlocradio,32,5e-05,1,64,1,0.1,lr5e-05_bs32_modL1_fusion64_fusionL1_drop0p1_trmiss50_trlocradio,25,0.5490672489007314,0.792764812707901,0.4676724137931034,0.6290456695458246,0.4444444444444444,0.0,0.0,0.0,0.0,0.0,0.0,0.0,0.0,0.0,2002,radio,0.5
5,5,lr5e-05_bs32_modL1_fusion64_fusionL1_drop0p1_trmiss50_trlocradio,32,5e-05,1,64,1,0.1,lr5e-05_bs32_modL1_fusion64_fusionL1_drop0p1_trmiss50_trlocradio,26,0.5444431404272715,0.7954927980899811,0.4676724137931034,0.6295637881173258,0.4222222222222222,0.0,0.0,0.0,0.0,0.0,0.0,0.0,0.0,0.0,2002,radio,0.5
5,5,lr5e-05_bs32_modL1_fusion64_fusionL1_drop0p1_trmiss50_trlocradio,32,5e-05,1,64,1,0.1,lr5e-05_bs32_modL1_fusion64_fusionL1_drop0p1_trmiss50_trlocradio,27,0.5517735183238983,0.7925291657447815,0.46336206896551724,0.6258410506571123,0.4,0.0,0.0,0.0,0.0,0.0,0.0,0.0,0.0,0.0,2002,radio,0.5
5,5,lr5e-05_bs32_modL1_fusion64_fusionL1_drop0p1_trmiss50_trlocradio,32,5e-05,1,64,1,0.1,lr5e-05_bs32_modL1_fusion64_fusionL1_drop0p1_trmiss50_trlocradio,28,0.5397147635618845,0.7892305254936218,0.4719827586206896,0.6292197351752297,0.4444444444444444,0.0,0.0,0.0,0.0,0.0,0.0,0.0,0.0,0.0,2002,radio,0.5
5,5,lr5e-05_bs32_modL1_fusion64_fusionL1_drop0p1_trmiss50_trlocradio,32,5e-05,1,64,1,0.1,lr5e-05_bs32_modL1_fusion64_fusionL1_drop0p1_trmiss50_trlocradio,29,0.5465538601080576,0.7859067022800446,0.47413793103448276,0.6308982350401299,0.4666666666666667,0.0,0.0,0.0,0.0,0.0,0.0,0.0,0.0,0.0,2002,radio,0.5
5,5,lr5e-05_bs32_modL1_fusion64_fusionL1_drop0p1_trmiss50_trlocradio,32,5e-05,1,64,1,0.1,lr5e-05_bs32_modL1_fusion64_fusionL1_drop0p1_trmiss50_trlocradio,30,0.5492498278617859,0.7857400178909302,0.47413793103448276,0.6303297760976768,0.4666666666666667,0.0,0.0,0.0,0.0,0.0,0.0,0.0,0.0,0.0,2002,radio,0.5
5,5,lr5e-05_bs32_modL1_fusion64_fusionL1_drop0p1_trmiss50_trlocradio,32,5e-05,1,64,1,0.1,lr5e-05_bs32_modL1_fusion64_fusionL1_drop0p1_trmiss50_trlocradio,31,0.5502580801645914,0.7868434488773346,0.47413793103448276,0.6324771159293555,0.4666666666666667,0.0,0.0,0.0,0.0,0.0,0.0,0.0,0.0,0.0,2002,radio,0.5
5,5,lr5e-05_bs32_modL1_fusion64_fusionL1_drop0p1_trmiss50_trlocradio,32,5e-05,1,64,1,0.1,lr5e-05_bs32_modL1_fusion64_fusionL1_drop0p1_trmiss50_trlocradio,32,0.5406593928734461,0.7878924906253815,0.46120689655172414,0.6264643956326649,0.4444444444444444,0.0,0.0,0.0,0.0,0.0,0.0,0.0,0.0,0.0,2002,radio,0.5
5,5,lr5e-05_bs32_modL1_fusion64_fusionL1_drop0p1_trmiss50_trlocradio,32,5e-05,1,64,1,0.1,lr5e-05_bs32_modL1_fusion64_fusionL1_drop0p1_trmiss50_trlocradio,33,0.55868532260259,0.7885650098323822,0.45474137931034486,0.6223061451548263,0.4444444444444444,0.0,0.0,0.0,0.0,0.0,0.0,0.0,0.0,0.0,2002,radio,0.5
5,5,lr5e-05_bs32_modL1_fusion64_fusionL1_drop0p1_trmiss50_trlocradio,32,5e-05,1,64,1,0.1,lr5e-05_bs32_modL1_fusion64_fusionL1_drop0p1_trmiss50_trlocradio,34,0.5372215608755747,0.7877805233001709,0.46336206896551724,0.6257094598089921,0.4222222222222222,0.0,0.0,0.0,0.0,0.0,0.0,0.0,0.0,0.0,2002,radio,0.5
5,5,lr5e-05_bs32_modL1_fusion64_fusionL1_drop0p1_trmiss50_trlocradio,32,5e-05,1,64,1,0.1,lr5e-05_bs32_modL1_fusion64_fusionL1_drop0p1_trmiss50_trlocradio,35,0.549345334370931,0.7911358773708344,0.46120689655172414,0.6244223869036049,0.4222222222222222,0.0,0.0,0.0,0.0,0.0,0.0,0.0,0.0,0.0,2002,radio,0.5
5,5,lr5e-05_bs32_modL1_fusion64_fusionL1_drop0p1_trmiss50_trlocradio,32,5e-05,1,64,1,0.1,lr5e-05_bs32_modL1_fusion64_fusionL1_drop0p1_trmiss50_trlocradio,36,0.5382237831751505,0.7898100018501282,0.4676724137931034,0.6294303893326081,0.4222222222222222,0.0,0.0,0.0,0.0,0.0,0.0,0.0,0.0,0.0,2002,radio,0.5
5,5,lr5e-05_bs32_modL1_fusion64_fusionL1_drop0p1_trmiss50_trlocradio,32,5e-05,1,64,1,0.1,lr5e-05_bs32_modL1_fusion64_fusionL1_drop0p1_trmiss50_trlocradio,37,0.5529733498891195,0.7952098548412323,0.4612068965517241,0.6250609456828046,0.4222222222222222,0.0,0.0,0.0,0.0,0.0,0.0,0.0,0.0,0.0,2002,radio,0.5
5,5,lr5e-05_bs32_modL1_fusion64_fusionL1_drop0p1_trmiss50_trlocradio,32,5e-05,1,64,1,0.1,lr5e-05_bs32_modL1_fusion64_fusionL1_drop0p1_trmiss50_trlocradio,38,0.5387943585713705,0.7961496114730835,0.45905172413793105,0.6227931948108885,0.4222222222222222,0.0,0.0,0.0,0.0,0.0,0.0,0.0,0.0,0.0,2002,radio,0.5
5,5,lr5e-05_bs32_modL1_fusion64_fusionL1_drop0p1_trmiss50_trlocradio,32,5e-05,1,64,1,0.1,lr5e-05_bs32_modL1_fusion64_fusionL1_drop0p1_trmiss50_trlocradio,39,0.5335799356301626,0.7953262031078339,0.4698275862068966,0.6289217232960019,0.4,0.0,0.0,0.0,0.0,0.0,0.0,0.0,0.0,0.0,2002,radio,0.5
5,5,lr5e-05_bs32_modL1_fusion64_fusionL1_drop0p1_trmiss50_trlocradio,32,5e-05,1,64,1,0.1,lr5e-05_bs32_modL1_fusion64_fusionL1_drop0p1_trmiss50_trlocradio,40,0.5472209552923838,0.7944687008857727,0.4612068965517241,0.6251402856848557,0.4,0.0,0.0,0.0,0.0,0.0,0.0,0.0,0.0,0.0,2002,radio,0.5
5,5,lr5e-05_bs32_modL1_fusion64_fusionL1_drop0p1_trmiss50_trlocradio,32,5e-05,1,64,1,0.1,lr5e-05_bs32_modL1_fusion64_fusionL1_drop0p1_trmiss50_trlocradio,41,0.5534536341826121,0.7932321429252625,0.4612068965517242,0.6252016733559369,0.4222222222222222,0.0,0.0,0.0,0.0,0.0,0.0,0.0,0.0,0.0,2002,radio,0.5
5,5,lr5e-05_bs32_modL1_fusion64_fusionL1_drop0p1_trmiss50_trlocradio,32,5e-05,1,64,1,0.1,lr5e-05_bs32_modL1_fusion64_fusionL1_drop0p1_trmiss50_trlocradio,42,0.552078515291214,0.7945012450218201,0.4504310344827586,0.6212291614920881,0.4444444444444444,0.0,0.0,0.0,0.0,0.0,0.0,0.0,0.0,0.0,2002,radio,0.5
5,5,lr5e-05_bs32_modL1_fusion64_fusionL1_drop0p1_trmiss50_trlocradio,32,5e-05,1,64,1,0.1,lr5e-05_bs32_modL1_fusion64_fusionL1_drop0p1_trmiss50_trlocradio,43,0.5450430909792582,0.7932269871234894,0.45905172413793105,0.6246911817035375,0.4444444444444444,0.0,0.0,0.0,0.0,0.0,0.0,0.0,0.0,0.0,2002,radio,0.5
5,5,lr1e-04_bs32_modL1_fusion32_fusionL1_drop0p2_trmiss50_trlocradio,32,0.0001,1,32,1,0.2,lr1e-04_bs32_modL1_fusion32_fusionL1_drop0p2_trmiss50_trlocradio,1,0.7799401581287384,0.7252281010150909,0.5064655172413792,0.6428623824330763,0.3111111111111111,0.0,0.0,0.0,0.0,0.0,0.0,0.0,0.0,0.0,2002,radio,0.5
5,5,lr1e-04_bs32_modL1_fusion32_fusionL1_drop0p2_trmiss50_trlocradio,32,0.0001,1,32,1,0.2,lr1e-04_bs32_modL1_fusion32_fusionL1_drop0p2_trmiss50_trlocradio,2,0.7564766108989716,0.7408954501152039,0.5193965517241379,0.6561830082597493,0.35555555555555557,0.0,0.0,0.0,0.0,0.0,0.0,0.0,0.0,0.0,2002,radio,0.5
5,5,lr1e-04_bs32_modL1_fusion32_fusionL1_drop0p2_trmiss50_trlocradio,32,0.0001,1,32,1,0.2,lr1e-04_bs32_modL1_fusion32_fusionL1_drop0p2_trmiss50_trlocradio,3,0.7034815748532613,0.7513034641742706,0.5150862068965517,0.6518048986100108,0.37777777777777777,0.0,0.0,0.0,0.0,0.0,0.0,0.0,0.0,0.0,2002,radio,0.5
5,5,lr1e-04_bs32_modL1_fusion32_fusionL1_drop0p2_trmiss50_trlocradio,32,0.0001,1,32,1,0.2,lr1e-04_bs32_modL1_fusion32_fusionL1_drop0p2_trmiss50_trlocradio,4,0.6839983363946279,0.7571124136447906,0.5172413793103449,0.6538130734313632,0.4,0.0,0.0,0.0,0.0,0.0,0.0,0.0,0.0,0.0,2002,radio,0.5
5,5,lr1e-04_bs32_modL1_fusion32_fusionL1_drop0p2_trmiss50_trlocradio,32,0.0001,1,32,1,0.2,lr1e-04_bs32_modL1_fusion32_fusionL1_drop0p2_trmiss50_trlocradio,5,0.6636207898457845,0.7693511545658112,0.5258620689655172,0.6756174067601974,0.4,0.0,0.0,0.0,0.0,0.0,0.0,0.0,0.0,0.0,2002,radio,0.5
5,5,lr1e-04_bs32_modL1_fusion32_fusionL1_drop0p2_trmiss50_trlocradio,32,0.0001,1,32,1,0.2,lr1e-04_bs32_modL1_fusion32_fusionL1_drop0p2_trmiss50_trlocradio,6,0.6328136523564657,0.7823768854141235,0.5150862068965517,0.6739221699721683,0.4444444444444444,0.0,0.0,0.0,0.0,0.0,0.0,0.0,0.0,0.0,2002,radio,0.5
5,5,lr1e-04_bs32_modL1_fusion32_fusionL1_drop0p2_trmiss50_trlocradio,32,0.0001,1,32,1,0.2,lr1e-04_bs32_modL1_fusion32_fusionL1_drop0p2_trmiss50_trlocradio,7,0.6449354191621145,0.7782850861549377,0.5258620689655172,0.6730355404570568,0.4222222222222222,0.0,0.0,0.0,0.0,0.0,0.0,0.0,0.0,0.0,2002,radio,0.5
5,5,lr1e-04_bs32_modL1_fusion32_fusionL1_drop0p2_trmiss50_trlocradio,32,0.0001,1,32,1,0.2,lr1e-04_bs32_modL1_fusion32_fusionL1_drop0p2_trmiss50_trlocradio,8,0.6254279712835947,0.770549088716507,0.5280172413793104,0.6747834320661087,0.4444444444444444,0.0,0.0,0.0,0.0,0.0,0.0,0.0,0.0,0.0,2002,radio,0.5
5,5,lr1e-04_bs32_modL1_fusion32_fusionL1_drop0p2_trmiss50_trlocradio,32,0.0001,1,32,1,0.2,lr1e-04_bs32_modL1_fusion32_fusionL1_drop0p2_trmiss50_trlocradio,9,0.621236672004064,0.772424727678299,0.5280172413793104,0.6745474974018619,0.4666666666666667,0.0,0.0,0.0,0.0,0.0,0.0,0.0,0.0,0.0,2002,radio,0.5
5,5,lr1e-04_bs32_modL1_fusion32_fusionL1_drop0p2_trmiss50_trlocradio,32,0.0001,1,32,1,0.2,lr1e-04_bs32_modL1_fusion32_fusionL1_drop0p2_trmiss50_trlocradio,10,0.6129962205886841,0.7684585750102997,0.5387931034482759,0.6815113561432805,0.4444444444444444,0.0,0.0,0.0,0.0,0.0,0.0,0.0,0.0,0.0,2002,radio,0.5
5,5,lr1e-04_bs32_modL1_fusion32_fusionL1_drop0p2_trmiss50_trlocradio,32,0.0001,1,32,1,0.2,lr1e-04_bs32_modL1_fusion32_fusionL1_drop0p2_trmiss50_trlocradio,11,0.6029753486315409,0.7722437679767609,0.5366379310344828,0.6802216755652725,0.4444444444444444,0.0,0.0,0.0,0.0,0.0,0.0,0.0,0.0,0.0,2002,radio,0.5
5,5,lr1e-04_bs32_modL1_fusion32_fusionL1_drop0p2_trmiss50_trlocradio,32,0.0001,1,32,1,0.2,lr1e-04_bs32_modL1_fusion32_fusionL1_drop0p2_trmiss50_trlocradio,12,0.6178349256515503,0.7736532688140869,0.519396551724138,0.6756333421511352,0.4444444444444444,0.0,0.0,0.0,0.0,0.0,0.0,0.0,0.0,0.0,2002,radio,0.5
5,5,lr1e-04_bs32_modL1_fusion32_fusionL1_drop0p2_trmiss50_trlocradio,32,0.0001,1,32,1,0.2,lr1e-04_bs32_modL1_fusion32_fusionL1_drop0p2_trmiss50_trlocradio,13,0.5922952195008596,0.7719932794570923,0.5258620689655172,0.6795844442441731,0.4444444444444444,0.0,0.0,0.0,0.0,0.0,0.0,0.0,0.0,0.0,2002,radio,0.5
5,5,lr1e-04_bs32_modL1_fusion32_fusionL1_drop0p2_trmiss50_trlocradio,32,0.0001,1,32,1,0.2,lr1e-04_bs32_modL1_fusion32_fusionL1_drop0p2_trmiss50_trlocradio,14,0.5899660785992941,0.7688178420066833,0.540948275862069,0.68737330098886,0.4444444444444444,0.0,0.0,0.0,0.0,0.0,0.0,0.0,0.0,0.0,2002,radio,0.5
5,5,lr1e-04_bs32_modL1_fusion32_fusionL1_drop0p2_trmiss50_trlocradio,32,0.0001,1,32,1,0.2,lr1e-04_bs32_modL1_fusion32_fusionL1_drop0p2_trmiss50_trlocradio,15,0.5838086009025574,0.7625702023506165,0.5387931034482758,0.6857956584375866,0.4444444444444444,0.0,0.0,0.0,0.0,0.0,0.0,0.0,0.0,0.0,2002,radio,0.5
5,5,lr1e-04_bs32_modL1_fusion32_fusionL1_drop0p2_trmiss50_trlocradio,32,0.0001,1,32,1,0.2,lr1e-04_bs32_modL1_fusion32_fusionL1_drop0p2_trmiss50_trlocradio,16,0.5810243984063467,0.762281596660614,0.5452586206896551,0.6897243981675434,0.4444444444444444,0.0,0.0,0.0,0.0,0.0,0.0,0.0,0.0,0.0,2002,radio,0.5
5,5,lr1e-04_bs32_modL1_fusion32_fusionL1_drop0p2_trmiss50_trlocradio,32,0.0001,1,32,1,0.2,lr1e-04_bs32_modL1_fusion32_fusionL1_drop0p2_trmiss50_trlocradio,17,0.5854352116584778,0.7600029110908508,0.5452586206896552,0.6894929213150022,0.4666666666666667,0.0,0.0,0.0,0.0,0.0,0.0,0.0,0.0,0.0,2002,radio,0.5
5,5,lr1e-04_bs32_modL1_fusion32_fusionL1_drop0p2_trmiss50_trlocradio,32,0.0001,1,32,1,0.2,lr1e-04_bs32_modL1_fusion32_fusionL1_drop0p2_trmiss50_trlocradio,18,0.5746693710486094,0.7563895583152771,0.5452586206896552,0.6891755105310599,0.4444444444444444,0.0,0.0,0.0,0.0,0.0,0.0,0.0,0.0,0.0,2002,radio,0.5
5,5,lr1e-04_bs32_modL1_fusion32_fusionL1_drop0p2_trmiss50_trlocradio,32,0.0001,1,32,1,0.2,lr1e-04_bs32_modL1_fusion32_fusionL1_drop0p2_trmiss50_trlocradio,19,0.5685332616170248,0.7608692049980164,0.5474137931034483,0.6911410181985694,0.4666666666666667,0.0,0.0,0.0,0.0,0.0,0.0,0.0,0.0,0.0,2002,radio,0.5
5,5,lr1e-04_bs32_modL1_fusion32_fusionL1_drop0p2_trmiss50_trlocradio,32,0.0001,1,32,1,0.2,lr1e-04_bs32_modL1_fusion32_fusionL1_drop0p2_trmiss50_trlocradio,20,0.5747518638769785,0.7616220712661743,0.5431034482758621,0.6898503782816782,0.4666666666666667,0.0,0.0,0.0,0.0,0.0,0.0,0.0,0.0,0.0,2002,radio,0.5
5,5,lr1e-04_bs32_modL1_fusion32_fusionL1_drop0p2_trmiss50_trlocradio,32,0.0001,1,32,1,0.2,lr1e-04_bs32_modL1_fusion32_fusionL1_drop0p2_trmiss50_trlocradio,21,0.5569669107596079,0.7635362148284912,0.5474137931034483,0.6912655129603281,0.4666666666666667,0.0,0.0,0.0,0.0,0.0,0.0,0.0,0.0,0.0,2002,radio,0.5
5,5,lr1e-04_bs32_modL1_fusion32_fusionL1_drop0p2_trmiss50_trlocradio,32,0.0001,1,32,1,0.2,lr1e-04_bs32_modL1_fusion32_fusionL1_drop0p2_trmiss50_trlocradio,22,0.5705359975496928,0.7633810639381409,0.5452586206896551,0.6899017467914644,0.4666666666666667,0.0,0.0,0.0,0.0,0.0,0.0,0.0,0.0,0.0,2002,radio,0.5
5,5,lr1e-04_bs32_modL1_fusion32_fusionL1_drop0p2_trmiss50_trlocradio,32,0.0001,1,32,1,0.2,lr1e-04_bs32_modL1_fusion32_fusionL1_drop0p2_trmiss50_trlocradio,23,0.5835193693637848,0.7566089332103729,0.5474137931034483,0.6905818398121519,0.4444444444444444,0.0,0.0,0.0,0.0,0.0,0.0,0.0,0.0,0.0,2002,radio,0.5
5,5,lr1e-04_bs32_modL1_fusion32_fusionL1_drop0p2_trmiss50_trlocradio,32,0.0001,1,32,1,0.2,lr1e-04_bs32_modL1_fusion32_fusionL1_drop0p2_trmiss50_trlocradio,24,0.5728816092014313,0.7585236728191376,0.5387931034482758,0.6872380869662384,0.4444444444444444,0.0,0.0,0.0,0.0,0.0,0.0,0.0,0.0,0.0,2002,radio,0.5
5,5,lr1e-04_bs32_modL1_fusion32_fusionL1_drop0p2_trmiss50_trlocradio,32,0.0001,1,32,1,0.2,lr1e-04_bs32_modL1_fusion32_fusionL1_drop0p2_trmiss50_trlocradio,25,0.5790427327156067,0.7528550624847412,0.540948275862069,0.6857566135733977,0.4444444444444444,0.0,0.0,0.0,0.0,0.0,0.0,0.0,0.0,0.0,2002,radio,0.5
5,5,lr1e-04_bs32_modL1_fusion32_fusionL1_drop0p2_trmiss50_trlocradio,32,0.0001,1,32,1,0.2,lr1e-04_bs32_modL1_fusion32_fusionL1_drop0p2_trmiss50_trlocradio,26,0.575071374575297,0.7614749670028687,0.5431034482758621,0.687906265244296,0.4444444444444444,0.0,0.0,0.0,0.0,0.0,0.0,0.0,0.0,0.0,2002,radio,0.5
5,5,lr1e-04_bs32_modL1_fusion32_fusionL1_drop0p2_trmiss50_trlocradio,32,0.0001,1,32,1,0.2,lr1e-04_bs32_modL1_fusion32_fusionL1_drop0p2_trmiss50_trlocradio,27,0.5876690049966177,0.765110045671463,0.540948275862069,0.6867120571535361,0.4222222222222222,0.0,0.0,0.0,0.0,0.0,0.0,0.0,0.0,0.0,2002,radio,0.5
5,5,lr1e-04_bs32_modL1_fusion32_fusionL1_drop0p2_trmiss50_trlocradio,32,0.0001,1,32,1,0.2,lr1e-04_bs32_modL1_fusion32_fusionL1_drop0p2_trmiss50_trlocradio,28,0.5567943950494131,0.7633092701435089,0.5366379310344828,0.6851266429640791,0.4222222222222222,0.0,0.0,0.0,0.0,0.0,0.0,0.0,0.0,0.0,2002,radio,0.5
5,5,lr1e-04_bs32_modL1_fusion32_fusionL1_drop0p2_trmiss50_trlocradio,32,0.0001,1,32,1,0.2,lr1e-04_bs32_modL1_fusion32_fusionL1_drop0p2_trmiss50_trlocradio,29,0.5553528865178426,0.755397379398346,0.5474137931034483,0.6885934617529935,0.4444444444444444,0.0,0.0,0.0,0.0,0.0,0.0,0.0,0.0,0.0,2002,radio,0.5
5,5,lr1e-04_bs32_modL1_fusion32_fusionL1_drop0p2_trmiss50_trlocradio,32,0.0001,1,32,1,0.2,lr1e-04_bs32_modL1_fusion32_fusionL1_drop0p2_trmiss50_trlocradio,30,0.5756344298521677,0.7557434439659119,0.5452586206896551,0.6904203220686976,0.4444444444444444,0.0,0.0,0.0,0.0,0.0,0.0,0.0,0.0,0.0,2002,radio,0.5
5,5,lr1e-04_bs32_modL1_fusion32_fusionL1_drop0p2_trmiss50_trlocradio,32,0.0001,1,32,1,0.2,lr1e-04_bs32_modL1_fusion32_fusionL1_drop0p2_trmiss50_trlocradio,31,0.5648315151532491,0.7592075169086456,0.5474137931034482,0.6904576315097096,0.4666666666666667,0.0,0.0,0.0,0.0,0.0,0.0,0.0,0.0,0.0,2002,radio,0.5
5,5,lr1e-04_bs32_modL1_fusion32_fusionL1_drop0p2_trmiss50_trlocradio,32,0.0001,1,32,1,0.2,lr1e-04_bs32_modL1_fusion32_fusionL1_drop0p2_trmiss50_trlocradio,32,0.5673147141933441,0.7571172416210175,0.5517241379310345,0.692469662180918,0.4666666666666667,0.0,0.0,0.0,0.0,0.0,0.0,0.0,0.0,0.0,2002,radio,0.5
5,5,lr1e-04_bs32_modL1_fusion32_fusionL1_drop0p2_trmiss50_trlocradio,32,0.0001,1,32,1,0.2,lr1e-04_bs32_modL1_fusion32_fusionL1_drop0p2_trmiss50_trlocradio,33,0.5411215424537659,0.760100394487381,0.5452586206896551,0.6898715132034586,0.4444444444444444,0.0,0.0,0.0,0.0,0.0,0.0,0.0,0.0,0.0,2002,radio,0.5
5,5,lr1e-04_bs32_modL1_fusion32_fusionL1_drop0p2_trmiss50_trlocradio,32,0.0001,1,32,1,0.2,lr1e-04_bs32_modL1_fusion32_fusionL1_drop0p2_trmiss50_trlocradio,34,0.5547759284575781,0.7570092380046844,0.5452586206896551,0.6904203220686976,0.4444444444444444,0.0,0.0,0.0,0.0,0.0,0.0,0.0,0.0,0.0,2002,radio,0.5
5,5,lr1e-04_bs32_modL1_fusion32_fusionL1_drop0p2_trmiss50_trlocradio,32,0.0001,1,32,1,0.2,lr1e-04_bs32_modL1_fusion32_fusionL1_drop0p2_trmiss50_trlocradio,35,0.5724429190158844,0.761648416519165,0.5431034482758621,0.6887811492945041,0.4444444444444444,0.0,0.0,0.0,0.0,0.0,0.0,0.0,0.0,0.0,2002,radio,0.5
5,5,lr1e-04_bs32_modL1_fusion32_fusionL1_drop0p2_trmiss50_trlocradio,32,0.0001,1,32,1,0.2,lr1e-04_bs32_modL1_fusion32_fusionL1_drop0p2_trmiss50_trlocradio,36,0.5603549977143606,0.7553958892822266,0.5431034482758621,0.6885103516789578,0.4444444444444444,0.0,0.0,0.0,0.0,0.0,0.0,0.0,0.0,0.0,2002,radio,0.5
5,5,lr1e-04_bs32_modL1_fusion32_fusionL1_drop0p2_trmiss50_trlocradio,32,0.0001,1,32,1,0.2,lr1e-04_bs32_modL1_fusion32_fusionL1_drop0p2_trmiss50_trlocradio,37,0.5668646295865377,0.7556505799293518,0.5431034482758621,0.6892261139779378,0.4444444444444444,0.0,0.0,0.0,0.0,0.0,0.0,0.0,0.0,0.0,2002,radio,0.5
5,5,lr1e-04_bs32_modL1_fusion32_fusionL1_drop0p2_trmiss50_trlocradio,32,0.0001,1,32,1,0.2,lr1e-04_bs32_modL1_fusion32_fusionL1_drop0p2_trmiss50_trlocradio,38,0.5540037353833517,0.7591234445571899,0.5452586206896551,0.6905882575814607,0.4666666666666667,0.0,0.0,0.0,0.0,0.0,0.0,0.0,0.0,0.0,2002,radio,0.5
5,5,lr1e-04_bs32_modL1_fusion32_fusionL1_drop0p2_trmiss50_trlocradio,32,0.0001,1,32,1,0.2,lr1e-04_bs32_modL1_fusion32_fusionL1_drop0p2_trmiss50_trlocradio,39,0.5797420640786489,0.7584952712059021,0.5538793103448275,0.6941149033494859,0.4444444444444444,0.0,0.0,0.0,0.0,0.0,0.0,0.0,0.0,0.0,2002,radio,0.5
5,5,lr1e-04_bs32_modL1_fusion32_fusionL1_drop0p2_trmiss50_trlocradio,32,0.0001,1,32,1,0.2,lr1e-04_bs32_modL1_fusion32_fusionL1_drop0p2_trmiss50_trlocradio,40,0.5502374470233917,0.7532615065574646,0.5495689655172413,0.6918187930342106,0.4444444444444444,0.0,0.0,0.0,0.0,0.0,0.0,0.0,0.0,0.0,2002,radio,0.5
5,5,lr1e-04_bs32_modL1_fusion32_fusionL1_drop0p2_trmiss50_trlocradio,32,0.0001,1,32,1,0.2,lr1e-04_bs32_modL1_fusion32_fusionL1_drop0p2_trmiss50_trlocradio,41,0.5413301338752111,0.7585451006889343,0.5452586206896551,0.6901963823144368,0.4444444444444444,0.0,0.0,0.0,0.0,0.0,0.0,0.0,0.0,0.0,2002,radio,0.5
5,5,lr1e-04_bs32_modL1_fusion32_fusionL1_drop0p2_trmiss50_trlocradio,32,0.0001,1,32,1,0.2,lr1e-04_bs32_modL1_fusion32_fusionL1_drop0p2_trmiss50_trlocradio,42,0.563700666030248,0.7586163580417633,0.5387931034482758,0.6873266740874934,0.4444444444444444,0.0,0.0,0.0,0.0,0.0,0.0,0.0,0.0,0.0,2002,radio,0.5
5,5,lr1e-04_bs32_modL1_fusion32_fusionL1_drop0p2_trmiss50_trlocradio,32,0.0001,1,32,1,0.2,lr1e-04_bs32_modL1_fusion32_fusionL1_drop0p2_trmiss50_trlocradio,43,0.5732759634653727,0.7596045434474945,0.5366379310344829,0.6857490315362201,0.4444444444444444,0.0,0.0,0.0,0.0,0.0,0.0,0.0,0.0,0.0,2002,radio,0.5
5,5,lr1e-04_bs32_modL1_fusion32_fusionL1_drop0p2_trmiss50_trlocradio,32,0.0001,1,32,1,0.2,lr1e-04_bs32_modL1_fusion32_fusionL1_drop0p2_trmiss50_trlocradio,44,0.5448380410671234,0.7543148100376129,0.5387931034482758,0.6866185951126268,0.4444444444444444,0.0,0.0,0.0,0.0,0.0,0.0,0.0,0.0,0.0,2002,radio,0.5
5,5,lr1e-04_bs32_modL1_fusion32_fusionL1_drop0p2_trmiss50_trlocradio,32,0.0001,1,32,1,0.2,lr1e-04_bs32_modL1_fusion32_fusionL1_drop0p2_trmiss50_trlocradio,45,0.5546312928199768,0.7542944848537445,0.540948275862069,0.6867855389845438,0.4444444444444444,0.0,0.0,0.0,0.0,0.0,0.0,0.0,0.0,0.0,2002,radio,0.5
5,5,lr1e-04_bs32_modL1_fusion32_fusionL1_drop0p2_trmiss50_trlocradio,32,0.0001,1,32,1,0.2,lr1e-04_bs32_modL1_fusion32_fusionL1_drop0p2_trmiss50_trlocradio,46,0.5623630334933599,0.7606994211673737,0.5474137931034482,0.6908417815399578,0.4444444444444444,0.0,0.0,0.0,0.0,0.0,0.0,0.0,0.0,0.0,2002,radio,0.5
5,5,lr1e-04_bs32_modL1_fusion32_fusionL1_drop0p2_trmiss50_trlocradio,32,0.0001,1,32,1,0.2,lr1e-04_bs32_modL1_fusion32_fusionL1_drop0p2_trmiss50_trlocradio,47,0.5533640583356222,0.7600250542163849,0.5474137931034482,0.6908417815399578,0.4666666666666667,0.0,0.0,0.0,0.0,0.0,0.0,0.0,0.0,0.0,2002,radio,0.5
5,5,lr1e-04_bs32_modL1_fusion32_fusionL1_drop0p2_trmiss50_trlocradio,32,0.0001,1,32,1,0.2,lr1e-04_bs32_modL1_fusion32_fusionL1_drop0p2_trmiss50_trlocradio,48,0.5559341361125311,0.7579999268054962,0.5474137931034483,0.6910174003768342,0.4666666666666667,0.0,0.0,0.0,0.0,0.0,0.0,0.0,0.0,0.0,2002,radio,0.5
5,5,lr1e-04_bs32_modL1_fusion32_fusionL1_drop0p2_trmiss50_trlocradio,32,0.0001,1,32,1,0.2,lr1e-04_bs32_modL1_fusion32_fusionL1_drop0p2_trmiss50_trlocradio,49,0.5490106741587321,0.7635956406593323,0.5366379310344828,0.6869640607560806,0.4444444444444444,0.0,0.0,0.0,0.0,0.0,0.0,0.0,0.0,0.0,2002,radio,0.5
5,5,lr1e-04_bs32_modL1_fusion32_fusionL1_drop0p2_trmiss50_trlocradio,32,0.0001,1,32,1,0.2,lr1e-04_bs32_modL1_fusion32_fusionL1_drop0p2_trmiss50_trlocradio,50,0.5545683900515238,0.7603709697723389,0.5366379310344827,0.6859223306752057,0.4444444444444444,0.0,0.0,0.0,0.0,0.0,0.0,0.0,0.0,0.0,2002,radio,0.5
5,5,lr1e-04_bs32_modL1_fusion32_fusionL1_drop0p2_trmiss50_trlocradio,32,0.0001,1,32,1,0.2,lr1e-04_bs32_modL1_fusion32_fusionL1_drop0p2_trmiss50_trlocradio,51,0.5682981063922247,0.7614262700080872,0.5431034482758621,0.6889456106455228,0.4666666666666667,0.0,0.0,0.0,0.0,0.0,0.0,0.0,0.0,0.0,2002,radio,0.5
5,5,lr1e-04_bs32_modL1_fusion32_fusionL1_drop0p2_trmiss50_trlocradio,32,0.0001,1,32,1,0.2,lr1e-04_bs32_modL1_fusion32_fusionL1_drop0p2_trmiss50_trlocradio,52,0.547497366865476,0.7539124488830566,0.5452586206896551,0.6897155197716033,0.4666666666666667,0.0,0.0,0.0,0.0,0.0,0.0,0.0,0.0,0.0,2002,radio,0.5
5,5,lr1e-04_bs32_modL1_fusion32_fusionL1_drop0p2_trmiss50_trlocradio,32,0.0001,1,32,1,0.2,lr1e-04_bs32_modL1_fusion32_fusionL1_drop0p2_trmiss50_trlocradio,53,0.5673577686150869,0.7565278112888336,0.5431034482758621,0.6886251558626486,0.4666666666666667,0.0,0.0,0.0,0.0,0.0,0.0,0.0,0.0,0.0,2002,radio,0.5
5,5,lr1e-04_bs32_modL1_fusion32_fusionL1_drop0p2_trmiss50_trlocradio,32,0.0001,1,32,1,0.2,lr1e-04_bs32_modL1_fusion32_fusionL1_drop0p2_trmiss50_trlocradio,54,0.550558884938558,0.7534489631652832,0.5452586206896551,0.6897155197716033,0.4666666666666667,0.0,0.0,0.0,0.0,0.0,0.0,0.0,0.0,0.0,2002,radio,0.5
5,5,lr1e-04_bs32_modL1_fusion32_fusionL1_drop0p2_trmiss50_trlocradio,32,0.0001,1,32,1,0.2,lr1e-04_bs32_modL1_fusion32_fusionL1_drop0p2_trmiss50_trlocradio,55,0.5734269718329111,0.7574092149734497,0.5452586206896551,0.6898715132034586,0.4666666666666667,0.0,0.0,0.0,0.0,0.0,0.0,0.0,0.0,0.0,2002,radio,0.5
5,5,lr1e-04_bs32_modL1_fusion32_fusionL1_drop0p2_trmiss50_trlocradio,32,0.0001,1,32,1,0.2,lr1e-04_bs32_modL1_fusion32_fusionL1_drop0p2_trmiss50_trlocradio,56,0.5859345396359762,0.756891280412674,0.5495689655172413,0.6915767045638225,0.4666666666666667,0.0,0.0,0.0,0.0,0.0,0.0,0.0,0.0,0.0,2002,radio,0.5
5,5,lr1e-04_bs32_modL1_fusion32_fusionL1_drop0p2_trmiss50_trlocradio,32,0.0001,1,32,1,0.2,lr1e-04_bs32_modL1_fusion32_fusionL1_drop0p2_trmiss50_trlocradio,57,0.5475297421216965,0.7535522282123566,0.540948275862069,0.6881357500689832,0.4666666666666667,0.0,0.0,0.0,0.0,0.0,0.0,0.0,0.0,0.0,2002,radio,0.5
5,5,lr1e-04_bs32_modL1_fusion32_fusionL1_drop0p2_trmiss50_trlocradio,32,0.0001,1,32,1,0.2,lr1e-04_bs32_modL1_fusion32_fusionL1_drop0p2_trmiss50_trlocradio,58,0.5556815365950266,0.754792720079422,0.5474137931034483,0.6906925312658561,0.4666666666666667,0.0,0.0,0.0,0.0,0.0,0.0,0.0,0.0,0.0,2002,radio,0.5
5,5,lr1e-04_bs32_modL1_fusion32_fusionL1_drop0p2_trmiss50_trlocradio,32,0.0001,1,32,1,0.2,lr1e-04_bs32_modL1_fusion32_fusionL1_drop0p2_trmiss50_trlocradio,59,0.5705936451752981,0.7547146677970886,0.5495689655172413,0.6918867393566159,0.4444444444444444,0.0,0.0,0.0,0.0,0.0,0.0,0.0,0.0,0.0,2002,radio,0.5
5,5,lr1e-04_bs32_modL1_fusion32_fusionL1_drop0p1_trmiss50_trlocradio,32,0.0001,1,32,1,0.1,lr1e-04_bs32_modL1_fusion32_fusionL1_drop0p1_trmiss50_trlocradio,1,0.7248037457466125,0.6990249752998352,0.4181034482758621,0.5822424591945674,0.5333333333333333,0.0,0.0,0.0,0.0,0.0,0.0,0.0,0.0,0.0,2002,radio,0.5
5,5,lr1e-04_bs32_modL1_fusion32_fusionL1_drop0p1_trmiss50_trlocradio,32,0.0001,1,32,1,0.1,lr1e-04_bs32_modL1_fusion32_fusionL1_drop0p1_trmiss50_trlocradio,2,0.6525860329469045,0.7067508697509766,0.40086206896551724,0.572271913919394,0.5111111111111111,0.0,0.0,0.0,0.0,0.0,0.0,0.0,0.0,0.0,2002,radio,0.5
5,5,lr1e-04_bs32_modL1_fusion32_fusionL1_drop0p1_trmiss50_trlocradio,32,0.0001,1,32,1,0.1,lr1e-04_bs32_modL1_fusion32_fusionL1_drop0p1_trmiss50_trlocradio,3,0.6070770621299744,0.7133626639842987,0.3599137931034483,0.5491314148187477,0.4888888888888889,0.0,0.0,0.0,0.0,0.0,0.0,0.0,0.0,0.0,2002,radio,0.5
5,5,lr1e-04_bs32_modL1_fusion32_fusionL1_drop0p1_trmiss50_trlocradio,32,0.0001,1,32,1,0.1,lr1e-04_bs32_modL1_fusion32_fusionL1_drop0p1_trmiss50_trlocradio,4,0.5883522232373556,0.7205241024494171,0.3620689655172414,0.5516962488515322,0.4888888888888889,0.0,0.0,0.0,0.0,0.0,0.0,0.0,0.0,0.0,2002,radio,0.5
5,5,lr1e-04_bs32_modL1_fusion32_fusionL1_drop0p1_trmiss50_trlocradio,32,0.0001,1,32,1,0.1,lr1e-04_bs32_modL1_fusion32_fusionL1_drop0p1_trmiss50_trlocradio,5,0.5610745151837667,0.7228579223155975,0.3577586206896552,0.5494069120895789,0.5111111111111111,0.0,0.0,0.0,0.0,0.0,0.0,0.0,0.0,0.0,2002,radio,0.5
5,5,lr1e-04_bs32_modL1_fusion32_fusionL1_drop0p1_trmiss50_trlocradio,32,0.0001,1,32,1,0.1,lr1e-04_bs32_modL1_fusion32_fusionL1_drop0p1_trmiss50_trlocradio,6,0.55002361536026,0.7256298959255219,0.3793103448275862,0.5611514608568556,0.5111111111111111,0.0,0.0,0.0,0.0,0.0,0.0,0.0,0.0,0.0,2002,radio,0.5
5,5,lr1e-04_bs32_modL1_fusion32_fusionL1_drop0p1_trmiss50_trlocradio,32,0.0001,1,32,1,0.1,lr1e-04_bs32_modL1_fusion32_fusionL1_drop0p1_trmiss50_trlocradio,7,0.5325439472993215,0.7176334857940674,0.3943965517241379,0.5757864121153592,0.5111111111111111,0.0,0.0,0.0,0.0,0.0,0.0,0.0,0.0,0.0,2002,radio,0.5
5,5,lr1e-04_bs32_modL1_fusion32_fusionL1_drop0p1_trmiss50_trlocradio,32,0.0001,1,32,1,0.1,lr1e-04_bs32_modL1_fusion32_fusionL1_drop0p1_trmiss50_trlocradio,8,0.5278494209051132,0.7147443890571594,0.39870689655172414,0.5789131689799024,0.5111111111111111,0.0,0.0,0.0,0.0,0.0,0.0,0.0,0.0,0.0,2002,radio,0.5
5,5,lr1e-04_bs32_modL1_fusion32_fusionL1_drop0p1_trmiss50_trlocradio,32,0.0001,1,32,1,0.1,lr1e-04_bs32_modL1_fusion32_fusionL1_drop0p1_trmiss50_trlocradio,9,0.5284702479839325,0.7154920101165771,0.3987068965517241,0.5794858488502367,0.5111111111111111,0.0,0.0,0.0,0.0,0.0,0.0,0.0,0.0,0.0,2002,radio,0.5
5,5,lr1e-04_bs32_modL1_fusion32_fusionL1_drop0p1_trmiss50_trlocradio,32,0.0001,1,32,1,0.1,lr1e-04_bs32_modL1_fusion32_fusionL1_drop0p1_trmiss50_trlocradio,10,0.5125504732131958,0.7176381647586823,0.40086206896551724,0.5844230993863362,0.5333333333333333,0.0,0.0,0.0,0.0,0.0,0.0,0.0,0.0,0.0,2002,radio,0.5
5,5,lr1e-04_bs32_modL1_fusion32_fusionL1_drop0p1_trmiss50_trlocradio,32,0.0001,1,32,1,0.1,lr1e-04_bs32_modL1_fusion32_fusionL1_drop0p1_trmiss50_trlocradio,11,0.5167020161946615,0.7147311568260193,0.4288793103448275,0.606182677547485,0.5333333333333333,0.0,0.0,0.0,0.0,0.0,0.0,0.0,0.0,0.0,2002,radio,0.5
5,5,lr1e-04_bs32_modL1_fusion32_fusionL1_drop0p1_trmiss50_trlocradio,32,0.0001,1,32,1,0.1,lr1e-04_bs32_modL1_fusion32_fusionL1_drop0p1_trmiss50_trlocradio,12,0.4857644885778427,0.7145223915576935,0.42241379310344823,0.6030326790465071,0.5333333333333333,0.0,0.0,0.0,0.0,0.0,0.0,0.0,0.0,0.0,2002,radio,0.5
5,5,lr1e-04_bs32_modL1_fusion32_fusionL1_drop0p1_trmiss50_trlocradio,32,0.0001,1,32,1,0.1,lr1e-04_bs32_modL1_fusion32_fusionL1_drop0p1_trmiss50_trlocradio,13,0.4925618867079417,0.713607907295227,0.42887931034482757,0.6096652498723488,0.5333333333333333,0.0,0.0,0.0,0.0,0.0,0.0,0.0,0.0,0.0,2002,radio,0.5
5,5,lr1e-04_bs32_modL1_fusion32_fusionL1_drop0p1_trmiss50_trlocradio,32,0.0001,1,32,1,0.1,lr1e-04_bs32_modL1_fusion32_fusionL1_drop0p1_trmiss50_trlocradio,14,0.4872502535581589,0.7135272026062012,0.4310344827586207,0.6105844512562963,0.5333333333333333,0.0,0.0,0.0,0.0,0.0,0.0,0.0,0.0,0.0,2002,radio,0.5
5,5,lr1e-04_bs32_modL1_fusion32_fusionL1_drop0p1_trmiss50_trlocradio,32,0.0001,1,32,1,0.1,lr1e-04_bs32_modL1_fusion32_fusionL1_drop0p1_trmiss50_trlocradio,15,0.49219193557898205,0.7176691889762878,0.42887931034482757,0.6105896066241152,0.5111111111111111,0.0,0.0,0.0,0.0,0.0,0.0,0.0,0.0,0.0,2002,radio,0.5
5,5,lr1e-04_bs32_modL1_fusion32_fusionL1_drop0p1_trmiss50_trlocradio,32,0.0001,1,32,1,0.1,lr1e-04_bs32_modL1_fusion32_fusionL1_drop0p1_trmiss50_trlocradio,16,0.4719139287869136,0.716900110244751,0.4245689655172414,0.6126712317421696,0.5111111111111111,0.0,0.0,0.0,0.0,0.0,0.0,0.0,0.0,0.0,2002,radio,0.5
5,5,lr1e-04_bs32_modL1_fusion32_fusionL1_drop0p1_trmiss50_trlocradio,32,0.0001,1,32,1,0.1,lr1e-04_bs32_modL1_fusion32_fusionL1_drop0p1_trmiss50_trlocradio,17,0.4759035458167394,0.713658332824707,0.4310344827586207,0.6165279576559703,0.5333333333333333,0.0,0.0,0.0,0.0,0.0,0.0,0.0,0.0,0.0,2002,radio,0.5
5,5,lr1e-04_bs32_modL1_fusion32_fusionL1_drop0p1_trmiss50_trlocradio,32,0.0001,1,32,1,0.1,lr1e-04_bs32_modL1_fusion32_fusionL1_drop0p1_trmiss50_trlocradio,18,0.4807123988866806,0.7144501507282257,0.42672413793103453,0.615076234147172,0.5333333333333333,0.0,0.0,0.0,0.0,0.0,0.0,0.0,0.0,0.0,2002,radio,0.5
5,5,lr1e-04_bs32_modL1_fusion32_fusionL1_drop0p1_trmiss50_trlocradio,32,0.0001,1,32,1,0.1,lr1e-04_bs32_modL1_fusion32_fusionL1_drop0p1_trmiss50_trlocradio,19,0.48225537439187366,0.7160948514938354,0.4245689655172414,0.6134641477643612,0.5333333333333333,0.0,0.0,0.0,0.0,0.0,0.0,0.0,0.0,0.0,2002,radio,0.5
5,5,lr1e-04_bs32_modL1_fusion32_fusionL1_drop0p1_trmiss50_trlocradio,32,0.0001,1,32,1,0.1,lr1e-04_bs32_modL1_fusion32_fusionL1_drop0p1_trmiss50_trlocradio,20,0.4778636048237483,0.7171803116798401,0.4267241379310345,0.6141901437258492,0.5333333333333333,0.0,0.0,0.0,0.0,0.0,0.0,0.0,0.0,0.0,2002,radio,0.5
5,5,lr1e-04_bs32_modL1_fusion32_fusionL1_drop0p1_trmiss50_trlocradio,32,0.0001,1,32,1,0.1,lr1e-04_bs32_modL1_fusion32_fusionL1_drop0p1_trmiss50_trlocradio,21,0.47053687274456024,0.7190423011779785,0.4245689655172414,0.613537061176215,0.5111111111111111,0.0,0.0,0.0,0.0,0.0,0.0,0.0,0.0,0.0,2002,radio,0.5
5,5,lr1e-04_bs32_modL1_fusion32_fusionL1_drop0p1_trmiss50_trlocradio,32,0.0001,1,32,1,0.1,lr1e-04_bs32_modL1_fusion32_fusionL1_drop0p1_trmiss50_trlocradio,22,0.46444393197695416,0.7176173627376556,0.43318965517241376,0.6170967241049548,0.5111111111111111,0.0,0.0,0.0,0.0,0.0,0.0,0.0,0.0,0.0,2002,radio,0.5
5,5,lr1e-04_bs32_modL1_fusion32_fusionL1_drop0p1_trmiss50_trlocradio,32,0.0001,1,32,1,0.1,lr1e-04_bs32_modL1_fusion32_fusionL1_drop0p1_trmiss50_trlocradio,23,0.48343390226364136,0.7181601524353027,0.4224137931034483,0.6091092577079255,0.5111111111111111,0.0,0.0,0.0,0.0,0.0,0.0,0.0,0.0,0.0,2002,radio,0.5
5,5,lr1e-04_bs32_modL1_fusion32_fusionL1_drop0p1_trmiss50_trlocradio,32,0.0001,1,32,1,0.1,lr1e-04_bs32_modL1_fusion32_fusionL1_drop0p1_trmiss50_trlocradio,24,0.47783120969931286,0.7177318036556244,0.42887931034482757,0.616262040006299,0.5111111111111111,0.0,0.0,0.0,0.0,0.0,0.0,0.0,0.0,0.0,2002,radio,0.5
5,5,lr1e-04_bs32_modL1_fusion32_fusionL1_drop0p1_trmiss50_trlocradio,32,0.0001,1,32,1,0.1,lr1e-04_bs32_modL1_fusion32_fusionL1_drop0p1_trmiss50_trlocradio,25,0.47224479417006177,0.7150961458683014,0.4267241379310344,0.6149357800593496,0.5111111111111111,0.0,0.0,0.0,0.0,0.0,0.0,0.0,0.0,0.0,2002,radio,0.5
5,5,lr1e-04_bs32_modL1_fusion32_fusionL1_drop0p1_trmiss50_trlocradio,32,0.0001,1,32,1,0.1,lr1e-04_bs32_modL1_fusion32_fusionL1_drop0p1_trmiss50_trlocradio,26,0.4520370662212372,0.714432030916214,0.4288793103448275,0.6161719263108285,0.5111111111111111,0.0,0.0,0.0,0.0,0.0,0.0,0.0,0.0,0.0,2002,radio,0.5
5,5,lr1e-04_bs32_modL1_fusion32_fusionL1_drop0p1_trmiss50_trlocradio,32,0.0001,1,32,1,0.1,lr1e-04_bs32_modL1_fusion32_fusionL1_drop0p1_trmiss50_trlocradio,27,0.4575738459825516,0.7148460745811462,0.4267241379310345,0.6154499966352722,0.5111111111111111,0.0,0.0,0.0,0.0,0.0,0.0,0.0,0.0,0.0,2002,radio,0.5
5,5,lr1e-04_bs32_modL1_fusion32_fusionL1_drop0p1_trmiss50_trlocradio,32,0.0001,1,32,1,0.1,lr1e-04_bs32_modL1_fusion32_fusionL1_drop0p1_trmiss50_trlocradio,28,0.4661649316549301,0.7139890789985657,0.4224137931034483,0.6099308537294714,0.5333333333333333,0.0,0.0,0.0,0.0,0.0,0.0,0.0,0.0,0.0,2002,radio,0.5
5,5,lr1e-04_bs32_modL1_fusion32_fusionL1_drop0p1_trmiss50_trlocradio,32,0.0001,1,32,1,0.1,lr1e-04_bs32_modL1_fusion32_fusionL1_drop0p1_trmiss50_trlocradio,29,0.45889516174793243,0.7147518992424011,0.42887931034482757,0.6124349588197833,0.5111111111111111,0.0,0.0,0.0,0.0,0.0,0.0,0.0,0.0,0.0,2002,radio,0.5
5,5,lr1e-04_bs32_modL1_fusion32_fusionL1_drop0p1_trmiss50_trlocradio,32,0.0001,1,32,1,0.1,lr1e-04_bs32_modL1_fusion32_fusionL1_drop0p1_trmiss50_trlocradio,30,0.45901473859945935,0.7179186940193176,0.4245689655172413,0.6081481278625054,0.5111111111111111,0.0,0.0,0.0,0.0,0.0,0.0,0.0,0.0,0.0,2002,radio,0.5
5,5,lr1e-04_bs32_modL1_fusion32_fusionL1_drop0p1_trmiss50_trlocradio,32,0.0001,1,32,1,0.1,lr1e-04_bs32_modL1_fusion32_fusionL1_drop0p1_trmiss50_trlocradio,31,0.44924113651116687,0.715276449918747,0.4245689655172413,0.615352726882429,0.5111111111111111,0.0,0.0,0.0,0.0,0.0,0.0,0.0,0.0,0.0,2002,radio,0.5
5,5,lr1e-04_bs32_modL1_fusion32_fusionL1_drop0p1_trmiss50_trlocradio,32,0.0001,1,32,1,0.1,lr1e-04_bs32_modL1_fusion32_fusionL1_drop0p1_trmiss50_trlocradio,32,0.46631327271461487,0.7166329622268677,0.4288793103448276,0.6168886687005211,0.5111111111111111,0.0,0.0,0.0,0.0,0.0,0.0,0.0,0.0,0.0,2002,radio,0.5
5,5,lr1e-04_bs32_modL1_fusion32_fusionL1_drop0p1_trmiss50_trlocradio,32,0.0001,1,32,1,0.1,lr1e-04_bs32_modL1_fusion32_fusionL1_drop0p1_trmiss50_trlocradio,33,0.4558746814727783,0.7189293205738068,0.41594827586206895,0.6102825097432465,0.5111111111111111,0.0,0.0,0.0,0.0,0.0,0.0,0.0,0.0,0.0,2002,radio,0.5
5,5,lr1e-04_bs32_modL1_fusion32_fusionL1_drop0p1_trmiss50_trlocradio,32,0.0001,1,32,1,0.1,lr1e-04_bs32_modL1_fusion32_fusionL1_drop0p1_trmiss50_trlocradio,34,0.4676902194817861,0.7190292477607727,0.4224137931034483,0.6104788926189538,0.5111111111111111,0.0,0.0,0.0,0.0,0.0,0.0,0.0,0.0,0.0,2002,radio,0.5
5,5,lr1e-04_bs32_modL1_fusion32_fusionL1_drop0p1_trmiss50_trlocradio,32,0.0001,1,32,1,0.1,lr1e-04_bs32_modL1_fusion32_fusionL1_drop0p1_trmiss50_trlocradio,35,0.46706296503543854,0.7157955467700958,0.42456896551724144,0.6078308395781978,0.5111111111111111,0.0,0.0,0.0,0.0,0.0,0.0,0.0,0.0,0.0,2002,radio,0.5
5,5,lr1e-04_bs32_modL1_fusion32_fusionL1_drop0p1_trmiss50_trlocradio,32,0.0001,1,32,1,0.1,lr1e-04_bs32_modL1_fusion32_fusionL1_drop0p1_trmiss50_trlocradio,36,0.46305250624815625,0.7176007926464081,0.4288793103448275,0.6110067387437383,0.5111111111111111,0.0,0.0,0.0,0.0,0.0,0.0,0.0,0.0,0.0,2002,radio,0.5
5,5,lr1e-04_bs32_modL1_fusion32_fusionL1_drop0p1_trmiss50_trlocradio,32,0.0001,1,32,1,0.1,lr1e-04_bs32_modL1_fusion32_fusionL1_drop0p1_trmiss50_trlocradio,37,0.4644784281651179,0.716899573802948,0.4245689655172413,0.6090200227344973,0.5111111111111111,0.0,0.0,0.0,0.0,0.0,0.0,0.0,0.0,0.0,2002,radio,0.5
5,5,lr1e-04_bs32_modL1_fusion32_fusionL1_drop0p1_trmiss50_trlocradio,32,0.0001,1,32,1,0.1,lr1e-04_bs32_modL1_fusion32_fusionL1_drop0p1_trmiss50_trlocradio,38,0.46347517271836597,0.7148094773292542,0.43318965517241376,0.617362063835159,0.5111111111111111,0.0,0.0,0.0,0.0,0.0,0.0,0.0,0.0,0.0,2002,radio,0.5
5,5,lr1e-04_bs32_modL1_fusion32_fusionL1_drop0p1_trmiss50_trlocradio,32,0.0001,1,32,1,0.1,lr1e-04_bs32_modL1_fusion32_fusionL1_drop0p1_trmiss50_trlocradio,39,0.46423518657684326,0.7168537676334381,0.42672413793103453,0.6118168248355738,0.5111111111111111,0.0,0.0,0.0,0.0,0.0,0.0,0.0,0.0,0.0,2002,radio,0.5
5,5,lr1e-04_bs32_modL1_fusion32_fusionL1_drop0p1_trmiss50_trlocradio,32,0.0001,1,32,1,0.1,lr1e-04_bs32_modL1_fusion32_fusionL1_drop0p1_trmiss50_trlocradio,40,0.4638558626174927,0.7142259180545807,0.4288793103448276,0.6134271381581344,0.5111111111111111,0.0,0.0,0.0,0.0,0.0,0.0,0.0,0.0,0.0,2002,radio,0.5
5,5,lr1e-04_bs32_modL1_fusion32_fusionL1_drop0p1_trmiss50_trlocradio,32,0.0001,1,32,1,0.1,lr1e-04_bs32_modL1_fusion32_fusionL1_drop0p1_trmiss50_trlocradio,41,0.4807743926843007,0.7167758345603943,0.43103448275862066,0.6117286684192946,0.5111111111111111,0.0,0.0,0.0,0.0,0.0,0.0,0.0,0.0,0.0,2002,radio,0.5
5,5,lr1e-04_bs32_modL1_fusion32_fusionL1_drop0p1_trmiss50_trlocradio,32,0.0001,1,32,1,0.1,lr1e-04_bs32_modL1_fusion32_fusionL1_drop0p1_trmiss50_trlocradio,42,0.44813358783721924,0.7173788845539093,0.4331896551724138,0.6132150632730512,0.5111111111111111,0.0,0.0,0.0,0.0,0.0,0.0,0.0,0.0,0.0,2002,radio,0.5
5,5,lr1e-04_bs32_modL1_fusion32_fusionL1_drop0p1_trmiss50_trlocradio,32,0.0001,1,32,1,0.1,lr1e-04_bs32_modL1_fusion32_fusionL1_drop0p1_trmiss50_trlocradio,43,0.4525129695733388,0.7138354182243347,0.43534482758620696,0.6164991355226407,0.5111111111111111,0.0,0.0,0.0,0.0,0.0,0.0,0.0,0.0,0.0,2002,radio,0.5
5,5,lr1e-04_bs32_modL1_fusion32_fusionL1_drop0p1_trmiss50_trlocradio,32,0.0001,1,32,1,0.1,lr1e-04_bs32_modL1_fusion32_fusionL1_drop0p1_trmiss50_trlocradio,44,0.4664282649755478,0.7140673696994781,0.42456896551724144,0.6117634245527519,0.5111111111111111,0.0,0.0,0.0,0.0,0.0,0.0,0.0,0.0,0.0,2002,radio,0.5
5,5,lr1e-04_bs32_modL1_fusion32_fusionL1_drop0p1_trmiss50_trlocradio,32,0.0001,1,32,1,0.1,lr1e-04_bs32_modL1_fusion32_fusionL1_drop0p1_trmiss50_trlocradio,45,0.455263689160347,0.7160899341106415,0.4267241379310345,0.6126284971989703,0.5111111111111111,0.0,0.0,0.0,0.0,0.0,0.0,0.0,0.0,0.0,2002,radio,0.5
5,5,lr1e-04_bs32_modL1_fusion32_fusionL1_drop0p1_trmiss50_trlocradio,32,0.0001,1,32,1,0.1,lr1e-04_bs32_modL1_fusion32_fusionL1_drop0p1_trmiss50_trlocradio,46,0.4499408056338628,0.7159050405025482,0.4310344827586207,0.6151083204315269,0.5111111111111111,0.0,0.0,0.0,0.0,0.0,0.0,0.0,0.0,0.0,2002,radio,0.5
5,5,lr1e-04_bs32_modL1_fusion32_fusionL1_drop0p1_trmiss50_trlocradio,32,0.0001,1,32,1,0.1,lr1e-04_bs32_modL1_fusion32_fusionL1_drop0p1_trmiss50_trlocradio,47,0.4655253142118454,0.7180100977420807,0.4267241379310345,0.6129005610977942,0.4888888888888889,0.0,0.0,0.0,0.0,0.0,0.0,0.0,0.0,0.0,2002,radio,0.5
5,5,lr1e-04_bs32_modL1_fusion32_fusionL1_drop0p1_trmiss50_trlocradio,32,0.0001,1,32,1,0.1,lr1e-04_bs32_modL1_fusion32_fusionL1_drop0p1_trmiss50_trlocradio,48,0.4441886593898137,0.7195505797863007,0.41810344827586204,0.6098049265547949,0.4888888888888889,0.0,0.0,0.0,0.0,0.0,0.0,0.0,0.0,0.0,2002,radio,0.5
5,5,lr1e-04_bs32_modL1_fusion32_fusionL1_drop0p1_trmiss50_trlocradio,32,0.0001,1,32,1,0.1,lr1e-04_bs32_modL1_fusion32_fusionL1_drop0p1_trmiss50_trlocradio,49,0.4596261481444041,0.7166732847690582,0.4288793103448276,0.6149286963268227,0.5111111111111111,0.0,0.0,0.0,0.0,0.0,0.0,0.0,0.0,0.0,2002,radio,0.5
5,5,lr1e-04_bs32_modL1_fusion32_fusionL1_drop0p1_trmiss50_trlocradio,32,0.0001,1,32,1,0.1,lr1e-04_bs32_modL1_fusion32_fusionL1_drop0p1_trmiss50_trlocradio,50,0.45080384115378064,0.7135646343231201,0.43534482758620685,0.6180839935107154,0.5111111111111111,0.0,0.0,0.0,0.0,0.0,0.0,0.0,0.0,0.0,2002,radio,0.5
5,5,lr1e-04_bs32_modL1_fusion32_fusionL1_drop0p1_trmiss50_trlocradio,32,0.0001,1,32,1,0.1,lr1e-04_bs32_modL1_fusion32_fusionL1_drop0p1_trmiss50_trlocradio,51,0.44539303580919903,0.7106308937072754,0.43103448275862066,0.6140668969763103,0.5111111111111111,0.0,0.0,0.0,0.0,0.0,0.0,0.0,0.0,0.0,2002,radio,0.5
5,5,lr1e-04_bs32_modL1_fusion32_fusionL1_drop0p1_trmiss50_trlocradio,32,0.0001,1,32,1,0.1,lr1e-04_bs32_modL1_fusion32_fusionL1_drop0p1_trmiss50_trlocradio,52,0.45155000189940137,0.7116682529449463,0.4267241379310345,0.6106551108059035,0.5111111111111111,0.0,0.0,0.0,0.0,0.0,0.0,0.0,0.0,0.0,2002,radio,0.5
5,5,lr1e-04_bs32_modL1_fusion32_fusionL1_drop0p1_trmiss50_trlocradio,32,0.0001,1,32,1,0.1,lr1e-04_bs32_modL1_fusion32_fusionL1_drop0p1_trmiss50_trlocradio,53,0.46252549191315967,0.7137543559074402,0.4288793103448275,0.6106837363398798,0.5111111111111111,0.0,0.0,0.0,0.0,0.0,0.0,0.0,0.0,0.0,2002,radio,0.5
5,5,lr1e-04_bs32_modL1_fusion32_fusionL1_drop0p1_trmiss50_trlocradio,32,0.0001,1,32,1,0.1,lr1e-04_bs32_modL1_fusion32_fusionL1_drop0p1_trmiss50_trlocradio,54,0.4491196622451146,0.7146850824356079,0.42887931034482757,0.6149117736832561,0.5111111111111111,0.0,0.0,0.0,0.0,0.0,0.0,0.0,0.0,0.0,2002,radio,0.5
5,5,lr1e-04_bs32_modL1_fusion32_fusionL1_drop0p1_trmiss50_trlocradio,32,0.0001,1,32,1,0.1,lr1e-04_bs32_modL1_fusion32_fusionL1_drop0p1_trmiss50_trlocradio,55,0.45996291438738507,0.7157444953918457,0.4396551724137931,0.6196814810572646,0.5111111111111111,0.0,0.0,0.0,0.0,0.0,0.0,0.0,0.0,0.0,2002,radio,0.5
5,5,lr1e-04_bs32_modL1_fusion32_fusionL1_drop0p1_trmiss50_trlocradio,32,0.0001,1,32,1,0.1,lr1e-04_bs32_modL1_fusion32_fusionL1_drop0p1_trmiss50_trlocradio,56,0.46320441861947376,0.7165229618549347,0.43103448275862066,0.6160011279959986,0.5111111111111111,0.0,0.0,0.0,0.0,0.0,0.0,0.0,0.0,0.0,2002,radio,0.5
5,5,lr1e-04_bs32_modL1_fusion32_fusionL1_drop0p1_trmiss50_trlocradio,32,0.0001,1,32,1,0.1,lr1e-04_bs32_modL1_fusion32_fusionL1_drop0p1_trmiss50_trlocradio,57,0.45328835646311444,0.7134539484977722,0.42887931034482757,0.6132458789139129,0.5111111111111111,0.0,0.0,0.0,0.0,0.0,0.0,0.0,0.0,0.0,2002,radio,0.5
5,5,lr1e-04_bs32_modL1_fusion32_fusionL1_drop0p1_trmiss50_trlocradio,32,0.0001,1,32,1,0.1,lr1e-04_bs32_modL1_fusion32_fusionL1_drop0p1_trmiss50_trlocradio,58,0.45843003193537396,0.7117094099521637,0.42887931034482757,0.6129004851083527,0.5333333333333333,0.0,0.0,0.0,0.0,0.0,0.0,0.0,0.0,0.0,2002,radio,0.5
5,5,lr1e-04_bs32_modL1_fusion32_fusionL1_drop0p1_trmiss50_trlocradio,32,0.0001,1,32,1,0.1,lr1e-04_bs32_modL1_fusion32_fusionL1_drop0p1_trmiss50_trlocradio,59,0.4582662880420685,0.7148896753787994,0.4181034482758621,0.6081750748726569,0.5333333333333333,0.0,0.0,0.0,0.0,0.0,0.0,0.0,0.0,0.0,2002,radio,0.5
5,5,lr1e-04_bs32_modL1_fusion32_fusionL1_drop0p1_trmiss50_trlocradio,32,0.0001,1,32,1,0.1,lr1e-04_bs32_modL1_fusion32_fusionL1_drop0p1_trmiss50_trlocradio,60,0.46095698575178784,0.7136518061161041,0.4353448275862069,0.6135191886402548,0.5111111111111111,0.0,0.0,0.0,0.0,0.0,0.0,0.0,0.0,0.0,2002,radio,0.5
5,5,lr1e-04_bs32_modL1_fusion32_fusionL1_drop0p1_trmiss50_trlocradio,32,0.0001,1,32,1,0.1,lr1e-04_bs32_modL1_fusion32_fusionL1_drop0p1_trmiss50_trlocradio,61,0.4564561148484548,0.7085118293762207,0.4310344827586207,0.6178023693495518,0.5111111111111111,0.0,0.0,0.0,0.0,0.0,0.0,0.0,0.0,0.0,2002,radio,0.5
5,5,lr1e-04_bs32_modL1_fusion32_fusionL1_drop0p1_trmiss50_trlocradio,32,0.0001,1,32,1,0.1,lr1e-04_bs32_modL1_fusion32_fusionL1_drop0p1_trmiss50_trlocradio,62,0.46357401708761853,0.7123728394508362,0.42456896551724144,0.6116378850014615,0.5111111111111111,0.0,0.0,0.0,0.0,0.0,0.0,0.0,0.0,0.0,2002,radio,0.5
5,5,lr1e-04_bs32_modL1_fusion32_fusionL1_drop0p1_trmiss50_trlocradio,32,0.0001,1,32,1,0.1,lr1e-04_bs32_modL1_fusion32_fusionL1_drop0p1_trmiss50_trlocradio,63,0.46257391571998596,0.7101380527019501,0.4331896551724138,0.6151855066228049,0.5111111111111111,0.0,0.0,0.0,0.0,0.0,0.0,0.0,0.0,0.0,2002,radio,0.5
5,5,lr1e-04_bs32_modL1_fusion32_fusionL1_drop0p1_trmiss50_trlocradio,32,0.0001,1,32,1,0.1,lr1e-04_bs32_modL1_fusion32_fusionL1_drop0p1_trmiss50_trlocradio,64,0.4482485155264537,0.7144729197025299,0.4245689655172414,0.6113789485356285,0.5111111111111111,0.0,0.0,0.0,0.0,0.0,0.0,0.0,0.0,0.0,2002,radio,0.5
5,5,lr1e-04_bs32_modL1_fusion32_fusionL1_drop0p1_trmiss50_trlocradio,32,0.0001,1,32,1,0.1,lr1e-04_bs32_modL1_fusion32_fusionL1_drop0p1_trmiss50_trlocradio,65,0.4563734531402588,0.7122027575969696,0.4224137931034483,0.6143626483233653,0.5333333333333333,0.0,0.0,0.0,0.0,0.0,0.0,0.0,0.0,0.0,2002,radio,0.5
5,5,lr1e-04_bs32_modL1_fusion32_fusionL1_drop0p1_trmiss50_trlocradio,32,0.0001,1,32,1,0.1,lr1e-04_bs32_modL1_fusion32_fusionL1_drop0p1_trmiss50_trlocradio,66,0.45116565624872845,0.7108523547649384,0.4310344827586208,0.6150637694618287,0.5111111111111111,0.0,0.0,0.0,0.0,0.0,0.0,0.0,0.0,0.0,2002,radio,0.5
5,5,lr1e-04_bs32_modL1_fusion32_fusionL1_drop0p1_trmiss50_trlocradio,32,0.0001,1,32,1,0.1,lr1e-04_bs32_modL1_fusion32_fusionL1_drop0p1_trmiss50_trlocradio,67,0.46569905678431195,0.712984710931778,0.43103448275862066,0.6148746460599215,0.5111111111111111,0.0,0.0,0.0,0.0,0.0,0.0,0.0,0.0,0.0,2002,radio,0.5
5,5,lr1e-04_bs32_modL1_fusion32_fusionL1_drop0p1_trmiss50_trlocradio,32,0.0001,1,32,1,0.1,lr1e-04_bs32_modL1_fusion32_fusionL1_drop0p1_trmiss50_trlocradio,68,0.46265771985054016,0.7161034941673279,0.4288793103448276,0.6151190089428191,0.5111111111111111,0.0,0.0,0.0,0.0,0.0,0.0,0.0,0.0,0.0,2002,radio,0.5
5,5,lr1e-04_bs32_modL1_fusion32_fusionL1_drop0p1_trmiss50_trlocradio,32,0.0001,1,32,1,0.1,lr1e-04_bs32_modL1_fusion32_fusionL1_drop0p1_trmiss50_trlocradio,69,0.457500954469045,0.716967761516571,0.4245689655172414,0.6123696510210473,0.5111111111111111,0.0,0.0,0.0,0.0,0.0,0.0,0.0,0.0,0.0,2002,radio,0.5
5,5,lr1e-04_bs32_modL1_fusion32_fusionL1_drop0p1_trmiss50_trlocradio,32,0.0001,1,32,1,0.1,lr1e-04_bs32_modL1_fusion32_fusionL1_drop0p1_trmiss50_trlocradio,70,0.46050090591112774,0.7163251042366028,0.42887931034482757,0.6155989887331437,0.5111111111111111,0.0,0.0,0.0,0.0,0.0,0.0,0.0,0.0,0.0,2002,radio,0.5
5,5,lr1e-04_bs32_modL1_fusion32_fusionL1_drop0p1_trmiss50_trlocradio,32,0.0001,1,32,1,0.1,lr1e-04_bs32_modL1_fusion32_fusionL1_drop0p1_trmiss50_trlocradio,71,0.4526113619407018,0.7170643210411072,0.43103448275862066,0.6160051381151666,0.5111111111111111,0.0,0.0,0.0,0.0,0.0,0.0,0.0,0.0,0.0,2002,radio,0.5
5,5,lr1e-04_bs32_modL1_fusion32_fusionL1_drop0p1_trmiss50_trlocradio,32,0.0001,1,32,1,0.1,lr1e-04_bs32_modL1_fusion32_fusionL1_drop0p1_trmiss50_trlocradio,72,0.4522978862126668,0.7143001556396484,0.4288793103448276,0.6146369877711427,0.5333333333333333,0.0,0.0,0.0,0.0,0.0,0.0,0.0,0.0,0.0,2002,radio,0.5
5,5,lr1e-04_bs32_modL1_fusion32_fusionL1_drop0p1_trmiss50_trlocradio,32,0.0001,1,32,1,0.1,lr1e-04_bs32_modL1_fusion32_fusionL1_drop0p1_trmiss50_trlocradio,73,0.4652925531069438,0.7183132171630859,0.4288793103448276,0.6152208228377364,0.5111111111111111,0.0,0.0,0.0,0.0,0.0,0.0,0.0,0.0,0.0,2002,radio,0.5
5,5,lr1e-04_bs32_modL1_fusion32_fusionL1_drop0p1_trmiss50_trlocradio,32,0.0001,1,32,1,0.1,lr1e-04_bs32_modL1_fusion32_fusionL1_drop0p1_trmiss50_trlocradio,74,0.4574955999851227,0.7121190130710602,0.4396551724137931,0.6189834702783398,0.5111111111111111,0.0,0.0,0.0,0.0,0.0,0.0,0.0,0.0,0.0,2002,radio,0.5
5,5,lr1e-04_bs32_modL1_fusion32_fusionL1_drop0p1_trmiss50_trlocradio,32,0.0001,1,32,1,0.1,lr1e-04_bs32_modL1_fusion32_fusionL1_drop0p1_trmiss50_trlocradio,75,0.46098020176092785,0.7147946953773499,0.42672413793103453,0.6130896844997016,0.5333333333333333,0.0,0.0,0.0,0.0,0.0,0.0,0.0,0.0,0.0,2002,radio,0.5
5,5,lr1e-04_bs32_modL1_fusion32_fusionL1_drop0p1_trmiss50_trlocradio,32,0.0001,1,32,1,0.1,lr1e-04_bs32_modL1_fusion32_fusionL1_drop0p1_trmiss50_trlocradio,76,0.4422898242870967,0.7146801650524139,0.4331896551724138,0.6171433399207766,0.5111111111111111,0.0,0.0,0.0,0.0,0.0,0.0,0.0,0.0,0.0,2002,radio,0.5
5,5,lr1e-04_bs32_modL1_fusion32_fusionL1_drop0p1_trmiss50_trlocradio,32,0.0001,1,32,1,0.1,lr1e-04_bs32_modL1_fusion32_fusionL1_drop0p1_trmiss50_trlocradio,77,0.4519648353258769,0.7170097529888153,0.4267241379310345,0.6147579349448793,0.5111111111111111,0.0,0.0,0.0,0.0,0.0,0.0,0.0,0.0,0.0,2002,radio,0.5
5,5,lr1e-04_bs32_modL1_fusion32_fusionL1_drop0p1_trmiss50_trlocradio,32,0.0001,1,32,1,0.1,lr1e-04_bs32_modL1_fusion32_fusionL1_drop0p1_trmiss50_trlocradio,78,0.4423435529073079,0.716416209936142,0.4353448275862069,0.6182025170997618,0.5111111111111111,0.0,0.0,0.0,0.0,0.0,0.0,0.0,0.0,0.0,2002,radio,0.5
5,5,lr1e-04_bs32_modL1_fusion32_fusionL1_drop0p1_trmiss50_trlocradio,32,0.0001,1,32,1,0.1,lr1e-04_bs32_modL1_fusion32_fusionL1_drop0p1_trmiss50_trlocradio,79,0.4512600799401601,0.7142906486988068,0.42887931034482757,0.6115048303917188,0.5111111111111111,0.0,0.0,0.0,0.0,0.0,0.0,0.0,0.0,0.0,2002,radio,0.5
5,5,lr1e-04_bs32_modL1_fusion32_fusionL1_drop0p1_trmiss50_trlocradio,32,0.0001,1,32,1,0.1,lr1e-04_bs32_modL1_fusion32_fusionL1_drop0p1_trmiss50_trlocradio,80,0.4644003262122472,0.7161629796028137,0.43534482758620685,0.6178674387078865,0.5111111111111111,0.0,0.0,0.0,0.0,0.0,0.0,0.0,0.0,0.0,2002,radio,0.5
5,5,lr1e-04_bs32_modL1_fusion64_fusionL1_drop0p2_trmiss50_trlocradio,32,0.0001,1,64,1,0.2,lr1e-04_bs32_modL1_fusion64_fusionL1_drop0p2_trmiss50_trlocradio,1,0.7248207728068033,0.7267599999904633,0.4655172413793104,0.6373255776359197,0.35555555555555557,0.0,0.0,0.0,0.0,0.0,0.0,0.0,0.0,0.0,2002,radio,0.5
5,5,lr1e-04_bs32_modL1_fusion64_fusionL1_drop0p2_trmiss50_trlocradio,32,0.0001,1,64,1,0.2,lr1e-04_bs32_modL1_fusion64_fusionL1_drop0p2_trmiss50_trlocradio,2,0.6838973164558411,0.7495223581790924,0.4849137931034483,0.6439309384513713,0.5111111111111111,0.0,0.0,0.0,0.0,0.0,0.0,0.0,0.0,0.0,2002,radio,0.5
5,5,lr1e-04_bs32_modL1_fusion64_fusionL1_drop0p2_trmiss50_trlocradio,32,0.0001,1,64,1,0.2,lr1e-04_bs32_modL1_fusion64_fusionL1_drop0p2_trmiss50_trlocradio,3,0.6716208259264628,0.7594385147094727,0.5064655172413793,0.6662523751241476,0.6,0.0,0.0,0.0,0.0,0.0,0.0,0.0,0.0,0.0,2002,radio,0.5
5,5,lr1e-04_bs32_modL1_fusion64_fusionL1_drop0p2_trmiss50_trlocradio,32,0.0001,1,64,1,0.2,lr1e-04_bs32_modL1_fusion64_fusionL1_drop0p2_trmiss50_trlocradio,4,0.6318586766719818,0.752968817949295,0.5193965517241379,0.674106358762986,0.5777777777777777,0.0,0.0,0.0,0.0,0.0,0.0,0.0,0.0,0.0,2002,radio,0.5
5,5,lr1e-04_bs32_modL1_fusion64_fusionL1_drop0p2_trmiss50_trlocradio,32,0.0001,1,64,1,0.2,lr1e-04_bs32_modL1_fusion64_fusionL1_drop0p2_trmiss50_trlocradio,5,0.6100498636563619,0.7540192902088165,0.5280172413793104,0.6776756373813386,0.5777777777777777,0.0,0.0,0.0,0.0,0.0,0.0,0.0,0.0,0.0,2002,radio,0.5
5,5,lr1e-04_bs32_modL1_fusion64_fusionL1_drop0p2_trmiss50_trlocradio,32,0.0001,1,64,1,0.2,lr1e-04_bs32_modL1_fusion64_fusionL1_drop0p2_trmiss50_trlocradio,6,0.591066430012385,0.7422662973403931,0.5431034482758621,0.6843819592609517,0.6,0.0,0.0,0.0,0.0,0.0,0.0,0.0,0.0,0.0,2002,radio,0.5
5,5,lr1e-04_bs32_modL1_fusion64_fusionL1_drop0p2_trmiss50_trlocradio,32,0.0001,1,64,1,0.2,lr1e-04_bs32_modL1_fusion64_fusionL1_drop0p2_trmiss50_trlocradio,7,0.5709623098373413,0.7311678528785706,0.5495689655172413,0.688975644719487,0.6222222222222222,0.0,0.0,0.0,0.0,0.0,0.0,0.0,0.0,0.0,2002,radio,0.5
5,5,lr1e-04_bs32_modL1_fusion64_fusionL1_drop0p2_trmiss50_trlocradio,32,0.0001,1,64,1,0.2,lr1e-04_bs32_modL1_fusion64_fusionL1_drop0p2_trmiss50_trlocradio,8,0.552895853916804,0.732828289270401,0.5517241379310345,0.691149826390039,0.6222222222222222,0.0,0.0,0.0,0.0,0.0,0.0,0.0,0.0,0.0,2002,radio,0.5
5,5,lr1e-04_bs32_modL1_fusion64_fusionL1_drop0p2_trmiss50_trlocradio,32,0.0001,1,64,1,0.2,lr1e-04_bs32_modL1_fusion64_fusionL1_drop0p2_trmiss50_trlocradio,9,0.5493753453095754,0.7321332693099976,0.5474137931034484,0.6847740663225953,0.6222222222222222,0.0,0.0,0.0,0.0,0.0,0.0,0.0,0.0,0.0,2002,radio,0.5
5,5,lr1e-04_bs32_modL1_fusion64_fusionL1_drop0p2_trmiss50_trlocradio,32,0.0001,1,64,1,0.2,lr1e-04_bs32_modL1_fusion64_fusionL1_drop0p2_trmiss50_trlocradio,10,0.5475429346164068,0.7280238270759583,0.5560344827586208,0.6882303365004679,0.6222222222222222,0.0,0.0,0.0,0.0,0.0,0.0,0.0,0.0,0.0,2002,radio,0.5
5,5,lr1e-04_bs32_modL1_fusion64_fusionL1_drop0p2_trmiss50_trlocradio,32,0.0001,1,64,1,0.2,lr1e-04_bs32_modL1_fusion64_fusionL1_drop0p2_trmiss50_trlocradio,11,0.5303910026947657,0.7257187366485596,0.5581896551724138,0.6889364279933642,0.6222222222222222,0.0,0.0,0.0,0.0,0.0,0.0,0.0,0.0,0.0,2002,radio,0.5
5,5,lr1e-04_bs32_modL1_fusion64_fusionL1_drop0p2_trmiss50_trlocradio,32,0.0001,1,64,1,0.2,lr1e-04_bs32_modL1_fusion64_fusionL1_drop0p2_trmiss50_trlocradio,12,0.5165716658035914,0.7199583947658539,0.5560344827586208,0.6883151170272256,0.6444444444444445,0.0,0.0,0.0,0.0,0.0,0.0,0.0,0.0,0.0,2002,radio,0.5
5,5,lr1e-04_bs32_modL1_fusion64_fusionL1_drop0p2_trmiss50_trlocradio,32,0.0001,1,64,1,0.2,lr1e-04_bs32_modL1_fusion64_fusionL1_drop0p2_trmiss50_trlocradio,13,0.5257105926672617,0.7206567525863647,0.5581896551724138,0.6893521077460782,0.6444444444444445,0.0,0.0,0.0,0.0,0.0,0.0,0.0,0.0,0.0,2002,radio,0.5
5,5,lr1e-04_bs32_modL1_fusion64_fusionL1_drop0p2_trmiss50_trlocradio,32,0.0001,1,64,1,0.2,lr1e-04_bs32_modL1_fusion64_fusionL1_drop0p2_trmiss50_trlocradio,14,0.523520236214002,0.7234296202659607,0.5625,0.701070128287628,0.6444444444444445,0.0,0.0,0.0,0.0,0.0,0.0,0.0,0.0,0.0,2002,radio,0.5
5,5,lr1e-04_bs32_modL1_fusion64_fusionL1_drop0p2_trmiss50_trlocradio,32,0.0001,1,64,1,0.2,lr1e-04_bs32_modL1_fusion64_fusionL1_drop0p2_trmiss50_trlocradio,15,0.5098297894001007,0.7217172086238861,0.564655172413793,0.7031630132938844,0.5777777777777777,0.0,0.0,0.0,0.0,0.0,0.0,0.0,0.0,0.0,2002,radio,0.5
5,5,lr1e-04_bs32_modL1_fusion64_fusionL1_drop0p2_trmiss50_trlocradio,32,0.0001,1,64,1,0.2,lr1e-04_bs32_modL1_fusion64_fusionL1_drop0p2_trmiss50_trlocradio,16,0.500112384557724,0.7110661864280701,0.5797413793103448,0.7109503539072242,0.6222222222222222,0.0,0.0,0.0,0.0,0.0,0.0,0.0,0.0,0.0,2002,radio,0.5
5,5,lr1e-04_bs32_modL1_fusion64_fusionL1_drop0p2_trmiss50_trlocradio,32,0.0001,1,64,1,0.2,lr1e-04_bs32_modL1_fusion64_fusionL1_drop0p2_trmiss50_trlocradio,17,0.47985033690929413,0.7080840766429901,0.5797413793103448,0.7100566432617741,0.6222222222222222,0.0,0.0,0.0,0.0,0.0,0.0,0.0,0.0,0.0,2002,radio,0.5
5,5,lr1e-04_bs32_modL1_fusion64_fusionL1_drop0p2_trmiss50_trlocradio,32,0.0001,1,64,1,0.2,lr1e-04_bs32_modL1_fusion64_fusionL1_drop0p2_trmiss50_trlocradio,18,0.4888559530178706,0.6992311179637909,0.5711206896551724,0.7088143433291021,0.6222222222222222,0.0,0.0,0.0,0.0,0.0,0.0,0.0,0.0,0.0,2002,radio,0.5
5,5,lr1e-04_bs32_modL1_fusion64_fusionL1_drop0p2_trmiss50_trlocradio,32,0.0001,1,64,1,0.2,lr1e-04_bs32_modL1_fusion64_fusionL1_drop0p2_trmiss50_trlocradio,19,0.47698559363683063,0.6943410634994507,0.5775862068965517,0.7086414761671685,0.6444444444444445,0.0,0.0,0.0,0.0,0.0,0.0,0.0,0.0,0.0,2002,radio,0.5
5,5,lr1e-04_bs32_modL1_fusion64_fusionL1_drop0p2_trmiss50_trlocradio,32,0.0001,1,64,1,0.2,lr1e-04_bs32_modL1_fusion64_fusionL1_drop0p2_trmiss50_trlocradio,20,0.45583435396353406,0.6933022141456604,0.5775862068965517,0.723033250636232,0.6222222222222222,0.0,0.0,0.0,0.0,0.0,0.0,0.0,0.0,0.0,2002,radio,0.5
5,5,lr1e-04_bs32_modL1_fusion64_fusionL1_drop0p2_trmiss50_trlocradio,32,0.0001,1,64,1,0.2,lr1e-04_bs32_modL1_fusion64_fusionL1_drop0p2_trmiss50_trlocradio,21,0.456433633963267,0.693512886762619,0.5732758620689655,0.7090047202872185,0.5777777777777777,0.0,0.0,0.0,0.0,0.0,0.0,0.0,0.0,0.0,2002,radio,0.5
5,5,lr1e-04_bs32_modL1_fusion64_fusionL1_drop0p2_trmiss50_trlocradio,32,0.0001,1,64,1,0.2,lr1e-04_bs32_modL1_fusion64_fusionL1_drop0p2_trmiss50_trlocradio,22,0.4546062995990117,0.7042794823646545,0.5668103448275862,0.7027439210368769,0.5555555555555556,0.0,0.0,0.0,0.0,0.0,0.0,0.0,0.0,0.0,2002,radio,0.5
5,5,lr1e-04_bs32_modL1_fusion64_fusionL1_drop0p2_trmiss50_trlocradio,32,0.0001,1,64,1,0.2,lr1e-04_bs32_modL1_fusion64_fusionL1_drop0p2_trmiss50_trlocradio,23,0.44887007772922516,0.7065695226192474,0.5711206896551724,0.7105435195879396,0.6,0.0,0.0,0.0,0.0,0.0,0.0,0.0,0.0,0.0,2002,radio,0.5
5,5,lr1e-04_bs32_modL1_fusion64_fusionL1_drop0p2_trmiss50_trlocradio,32,0.0001,1,64,1,0.2,lr1e-04_bs32_modL1_fusion64_fusionL1_drop0p2_trmiss50_trlocradio,24,0.45171112318833667,0.7038429379463196,0.5754310344827586,0.714856111270787,0.5777777777777777,0.0,0.0,0.0,0.0,0.0,0.0,0.0,0.0,0.0,2002,radio,0.5
5,5,lr1e-04_bs32_modL1_fusion64_fusionL1_drop0p2_trmiss50_trlocradio,32,0.0001,1,64,1,0.2,lr1e-04_bs32_modL1_fusion64_fusionL1_drop0p2_trmiss50_trlocradio,25,0.44036605457464856,0.7041568756103516,0.584051724137931,0.7428598353690558,0.5777777777777777,0.0,0.0,0.0,0.0,0.0,0.0,0.0,0.0,0.0,2002,radio,0.5
5,5,lr1e-04_bs32_modL1_fusion64_fusionL1_drop0p2_trmiss50_trlocradio,32,0.0001,1,64,1,0.2,lr1e-04_bs32_modL1_fusion64_fusionL1_drop0p2_trmiss50_trlocradio,26,0.42195531725883484,0.7031111121177673,0.5862068965517242,0.7442844185504928,0.5777777777777777,0.0,0.0,0.0,0.0,0.0,0.0,0.0,0.0,0.0,2002,radio,0.5
5,5,lr1e-04_bs32_modL1_fusion64_fusionL1_drop0p2_trmiss50_trlocradio,32,0.0001,1,64,1,0.2,lr1e-04_bs32_modL1_fusion64_fusionL1_drop0p2_trmiss50_trlocradio,27,0.42714377244313556,0.6975995600223541,0.5905172413793103,0.746726947286125,0.5777777777777777,0.0,0.0,0.0,0.0,0.0,0.0,0.0,0.0,0.0,2002,radio,0.5
5,5,lr1e-04_bs32_modL1_fusion64_fusionL1_drop0p2_trmiss50_trlocradio,32,0.0001,1,64,1,0.2,lr1e-04_bs32_modL1_fusion64_fusionL1_drop0p2_trmiss50_trlocradio,28,0.4185996154944102,0.6986451745033264,0.5926724137931034,0.744647110287424,0.6,0.0,0.0,0.0,0.0,0.0,0.0,0.0,0.0,0.0,2002,radio,0.5
5,5,lr1e-04_bs32_modL1_fusion64_fusionL1_drop0p2_trmiss50_trlocradio,32,0.0001,1,64,1,0.2,lr1e-04_bs32_modL1_fusion64_fusionL1_drop0p2_trmiss50_trlocradio,29,0.4228149155775706,0.693358838558197,0.5926724137931034,0.7488662627824385,0.5777777777777777,0.0,0.0,0.0,0.0,0.0,0.0,0.0,0.0,0.0,2002,radio,0.5
5,5,lr1e-04_bs32_modL1_fusion64_fusionL1_drop0p2_trmiss50_trlocradio,32,0.0001,1,64,1,0.2,lr1e-04_bs32_modL1_fusion64_fusionL1_drop0p2_trmiss50_trlocradio,30,0.41028591990470886,0.6854056715965271,0.6034482758620691,0.7570089497210098,0.5777777777777777,0.0,0.0,0.0,0.0,0.0,0.0,0.0,0.0,0.0,2002,radio,0.5
5,5,lr1e-04_bs32_modL1_fusion64_fusionL1_drop0p2_trmiss50_trlocradio,32,0.0001,1,64,1,0.2,lr1e-04_bs32_modL1_fusion64_fusionL1_drop0p2_trmiss50_trlocradio,31,0.4127674251794815,0.6895923018455505,0.5926724137931034,0.751459652556601,0.5777777777777777,0.0,0.0,0.0,0.0,0.0,0.0,0.0,0.0,0.0,2002,radio,0.5
5,5,lr1e-04_bs32_modL1_fusion64_fusionL1_drop0p2_trmiss50_trlocradio,32,0.0001,1,64,1,0.2,lr1e-04_bs32_modL1_fusion64_fusionL1_drop0p2_trmiss50_trlocradio,32,0.4258117477099101,0.6974247097969055,0.5969827586206896,0.7427236449765349,0.5777777777777777,0.0,0.0,0.0,0.0,0.0,0.0,0.0,0.0,0.0,2002,radio,0.5
5,5,lr1e-04_bs32_modL1_fusion64_fusionL1_drop0p2_trmiss50_trlocradio,32,0.0001,1,64,1,0.2,lr1e-04_bs32_modL1_fusion64_fusionL1_drop0p2_trmiss50_trlocradio,33,0.40841545164585114,0.6957085132598877,0.5948275862068966,0.73850122502342,0.5777777777777777,0.0,0.0,0.0,0.0,0.0,0.0,0.0,0.0,0.0,2002,radio,0.5
5,5,lr1e-04_bs32_modL1_fusion64_fusionL1_drop0p2_trmiss50_trlocradio,32,0.0001,1,64,1,0.2,lr1e-04_bs32_modL1_fusion64_fusionL1_drop0p2_trmiss50_trlocradio,34,0.41059625148773193,0.6975556910037994,0.603448275862069,0.7440508343052809,0.5777777777777777,0.0,0.0,0.0,0.0,0.0,0.0,0.0,0.0,0.0,2002,radio,0.5
5,5,lr1e-04_bs32_modL1_fusion64_fusionL1_drop0p2_trmiss50_trlocradio,32,0.0001,1,64,1,0.2,lr1e-04_bs32_modL1_fusion64_fusionL1_drop0p2_trmiss50_trlocradio,35,0.3985151946544647,0.6928930282592773,0.6077586206896551,0.747049136220661,0.5777777777777777,0.0,0.0,0.0,0.0,0.0,0.0,0.0,0.0,0.0,2002,radio,0.5
5,5,lr1e-04_bs32_modL1_fusion64_fusionL1_drop0p2_trmiss50_trlocradio,32,0.0001,1,64,1,0.2,lr1e-04_bs32_modL1_fusion64_fusionL1_drop0p2_trmiss50_trlocradio,36,0.40466758112112683,0.6988105177879333,0.6099137931034483,0.7481735740017705,0.5777777777777777,0.0,0.0,0.0,0.0,0.0,0.0,0.0,0.0,0.0,2002,radio,0.5
5,5,lr1e-04_bs32_modL1_fusion64_fusionL1_drop0p2_trmiss50_trlocradio,32,0.0001,1,64,1,0.2,lr1e-04_bs32_modL1_fusion64_fusionL1_drop0p2_trmiss50_trlocradio,37,0.3886445512374242,0.6990075707435608,0.6077586206896551,0.7462031306520169,0.5777777777777777,0.0,0.0,0.0,0.0,0.0,0.0,0.0,0.0,0.0,2002,radio,0.5
5,5,lr1e-04_bs32_modL1_fusion64_fusionL1_drop0p2_trmiss50_trlocradio,32,0.0001,1,64,1,0.2,lr1e-04_bs32_modL1_fusion64_fusionL1_drop0p2_trmiss50_trlocradio,38,0.41849080721537274,0.6971618235111237,0.6120689655172414,0.7538271062992864,0.5777777777777777,0.0,0.0,0.0,0.0,0.0,0.0,0.0,0.0,0.0,2002,radio,0.5
5,5,lr1e-04_bs32_modL1_fusion64_fusionL1_drop0p2_trmiss50_trlocradio,32,0.0001,1,64,1,0.2,lr1e-04_bs32_modL1_fusion64_fusionL1_drop0p2_trmiss50_trlocradio,39,0.38730381925900775,0.7027137279510498,0.603448275862069,0.7456193437063509,0.5777777777777777,0.0,0.0,0.0,0.0,0.0,0.0,0.0,0.0,0.0,2002,radio,0.5
5,5,lr1e-04_bs32_modL1_fusion64_fusionL1_drop0p2_trmiss50_trlocradio,32,0.0001,1,64,1,0.2,lr1e-04_bs32_modL1_fusion64_fusionL1_drop0p2_trmiss50_trlocradio,40,0.3880084504683812,0.7070039808750153,0.6034482758620691,0.7485094499474026,0.5777777777777777,0.0,0.0,0.0,0.0,0.0,0.0,0.0,0.0,0.0,2002,radio,0.5
5,5,lr1e-04_bs32_modL1_fusion64_fusionL1_drop0p2_trmiss50_trlocradio,32,0.0001,1,64,1,0.2,lr1e-04_bs32_modL1_fusion64_fusionL1_drop0p2_trmiss50_trlocradio,41,0.4150245438019435,0.7040302455425262,0.5991379310344829,0.7468805135600745,0.5777777777777777,0.0,0.0,0.0,0.0,0.0,0.0,0.0,0.0,0.0,2002,radio,0.5
5,5,lr1e-04_bs32_modL1_fusion64_fusionL1_drop0p2_trmiss50_trlocradio,32,0.0001,1,64,1,0.2,lr1e-04_bs32_modL1_fusion64_fusionL1_drop0p2_trmiss50_trlocradio,42,0.4085693111022313,0.7038235664367676,0.5948275862068966,0.7444530996081596,0.5777777777777777,0.0,0.0,0.0,0.0,0.0,0.0,0.0,0.0,0.0,2002,radio,0.5
5,5,lr1e-04_bs32_modL1_fusion64_fusionL1_drop0p2_trmiss50_trlocradio,32,0.0001,1,64,1,0.2,lr1e-04_bs32_modL1_fusion64_fusionL1_drop0p2_trmiss50_trlocradio,43,0.3904416660467784,0.7017871737480164,0.5948275862068966,0.7443651123677809,0.5777777777777777,0.0,0.0,0.0,0.0,0.0,0.0,0.0,0.0,0.0,2002,radio,0.5
5,5,lr1e-04_bs32_modL1_fusion64_fusionL1_drop0p2_trmiss50_trlocradio,32,0.0001,1,64,1,0.2,lr1e-04_bs32_modL1_fusion64_fusionL1_drop0p2_trmiss50_trlocradio,44,0.40397735436757404,0.7000041306018829,0.5948275862068966,0.7453106073622192,0.5777777777777777,0.0,0.0,0.0,0.0,0.0,0.0,0.0,0.0,0.0,2002,radio,0.5
5,5,lr1e-04_bs32_modL1_fusion64_fusionL1_drop0p2_trmiss50_trlocradio,32,0.0001,1,64,1,0.2,lr1e-04_bs32_modL1_fusion64_fusionL1_drop0p2_trmiss50_trlocradio,45,0.4185797820488612,0.6944352686405182,0.6012931034482759,0.7492099999225444,0.5777777777777777,0.0,0.0,0.0,0.0,0.0,0.0,0.0,0.0,0.0,2002,radio,0.5
5,5,lr1e-04_bs32_modL1_fusion64_fusionL1_drop0p2_trmiss50_trlocradio,32,0.0001,1,64,1,0.2,lr1e-04_bs32_modL1_fusion64_fusionL1_drop0p2_trmiss50_trlocradio,46,0.384846364458402,0.6995854377746582,0.6012931034482759,0.7492431887542326,0.5777777777777777,0.0,0.0,0.0,0.0,0.0,0.0,0.0,0.0,0.0,2002,radio,0.5
5,5,lr1e-04_bs32_modL1_fusion64_fusionL1_drop0p2_trmiss50_trlocradio,32,0.0001,1,64,1,0.2,lr1e-04_bs32_modL1_fusion64_fusionL1_drop0p2_trmiss50_trlocradio,47,0.4037124117215474,0.6966822743415833,0.6012931034482758,0.7500350211652553,0.5777777777777777,0.0,0.0,0.0,0.0,0.0,0.0,0.0,0.0,0.0,2002,radio,0.5
5,5,lr1e-04_bs32_modL1_fusion64_fusionL1_drop0p2_trmiss50_trlocradio,32,0.0001,1,64,1,0.2,lr1e-04_bs32_modL1_fusion64_fusionL1_drop0p2_trmiss50_trlocradio,48,0.39028941591580707,0.6949067115783691,0.6099137931034484,0.7518363616553436,0.5777777777777777,0.0,0.0,0.0,0.0,0.0,0.0,0.0,0.0,0.0,2002,radio,0.5
5,5,lr1e-04_bs32_modL1_fusion64_fusionL1_drop0p2_trmiss50_trlocradio,32,0.0001,1,64,1,0.2,lr1e-04_bs32_modL1_fusion64_fusionL1_drop0p2_trmiss50_trlocradio,49,0.373727227250735,0.6952977478504181,0.6120689655172413,0.7581950129296563,0.5777777777777777,0.0,0.0,0.0,0.0,0.0,0.0,0.0,0.0,0.0,2002,radio,0.5
5,5,lr1e-04_bs32_modL1_fusion64_fusionL1_drop0p2_trmiss50_trlocradio,32,0.0001,1,64,1,0.2,lr1e-04_bs32_modL1_fusion64_fusionL1_drop0p2_trmiss50_trlocradio,50,0.3915514002243678,0.6981615722179413,0.6056034482758621,0.7539939237266988,0.5777777777777777,0.0,0.0,0.0,0.0,0.0,0.0,0.0,0.0,0.0,2002,radio,0.5
5,5,lr1e-04_bs32_modL1_fusion64_fusionL1_drop0p2_trmiss50_trlocradio,32,0.0001,1,64,1,0.2,lr1e-04_bs32_modL1_fusion64_fusionL1_drop0p2_trmiss50_trlocradio,51,0.3905479411284129,0.6972510814666748,0.6099137931034484,0.7569404188399008,0.5777777777777777,0.0,0.0,0.0,0.0,0.0,0.0,0.0,0.0,0.0,2002,radio,0.5
5,5,lr1e-04_bs32_modL1_fusion64_fusionL1_drop0p2_trmiss50_trlocradio,32,0.0001,1,64,1,0.2,lr1e-04_bs32_modL1_fusion64_fusionL1_drop0p2_trmiss50_trlocradio,52,0.3903019179900487,0.6989035308361053,0.6120689655172413,0.7575446028405831,0.5777777777777777,0.0,0.0,0.0,0.0,0.0,0.0,0.0,0.0,0.0,2002,radio,0.5
5,5,lr1e-04_bs32_modL1_fusion64_fusionL1_drop0p2_trmiss50_trlocradio,32,0.0001,1,64,1,0.2,lr1e-04_bs32_modL1_fusion64_fusionL1_drop0p2_trmiss50_trlocradio,53,0.39700748523076373,0.6995831727981567,0.6034482758620691,0.7485133049974413,0.5777777777777777,0.0,0.0,0.0,0.0,0.0,0.0,0.0,0.0,0.0,2002,radio,0.5
5,5,lr1e-04_bs32_modL1_fusion64_fusionL1_drop0p2_trmiss50_trlocradio,32,0.0001,1,64,1,0.2,lr1e-04_bs32_modL1_fusion64_fusionL1_drop0p2_trmiss50_trlocradio,54,0.3916669388612111,0.7037061154842377,0.5991379310344828,0.7462746254810848,0.5777777777777777,0.0,0.0,0.0,0.0,0.0,0.0,0.0,0.0,0.0,2002,radio,0.5
5,5,lr1e-04_bs32_modL1_fusion64_fusionL1_drop0p2_trmiss50_trlocradio,32,0.0001,1,64,1,0.2,lr1e-04_bs32_modL1_fusion64_fusionL1_drop0p2_trmiss50_trlocradio,55,0.39732037484645844,0.7004028260707855,0.5948275862068966,0.7424183346439036,0.5777777777777777,0.0,0.0,0.0,0.0,0.0,0.0,0.0,0.0,0.0,2002,radio,0.5
5,5,lr1e-04_bs32_modL1_fusion64_fusionL1_drop0p2_trmiss50_trlocradio,32,0.0001,1,64,1,0.2,lr1e-04_bs32_modL1_fusion64_fusionL1_drop0p2_trmiss50_trlocradio,56,0.39441976447900134,0.7041293680667877,0.6077586206896552,0.7515055588705046,0.5777777777777777,0.0,0.0,0.0,0.0,0.0,0.0,0.0,0.0,0.0,2002,radio,0.5
5,5,lr1e-04_bs32_modL1_fusion64_fusionL1_drop0p2_trmiss50_trlocradio,32,0.0001,1,64,1,0.2,lr1e-04_bs32_modL1_fusion64_fusionL1_drop0p2_trmiss50_trlocradio,57,0.40445682406425476,0.706024706363678,0.6077586206896552,0.7511726071122788,0.5777777777777777,0.0,0.0,0.0,0.0,0.0,0.0,0.0,0.0,0.0,2002,radio,0.5
5,5,lr1e-04_bs32_modL1_fusion64_fusionL1_drop0p2_trmiss50_trlocradio,32,0.0001,1,64,1,0.2,lr1e-04_bs32_modL1_fusion64_fusionL1_drop0p2_trmiss50_trlocradio,58,0.386282816529274,0.707178145647049,0.6077586206896552,0.7511726071122788,0.5777777777777777,0.0,0.0,0.0,0.0,0.0,0.0,0.0,0.0,0.0,2002,radio,0.5
5,5,lr1e-04_bs32_modL1_fusion64_fusionL1_drop0p1_trmiss50_trlocradio,32,0.0001,1,64,1,0.1,lr1e-04_bs32_modL1_fusion64_fusionL1_drop0p1_trmiss50_trlocradio,1,0.706234872341156,0.6811006367206573,0.45258620689655177,0.6413682863418567,0.6444444444444445,0.0,0.0,0.0,0.0,0.0,0.0,0.0,0.0,0.0,2002,radio,0.5
5,5,lr1e-04_bs32_modL1_fusion64_fusionL1_drop0p1_trmiss50_trlocradio,32,0.0001,1,64,1,0.1,lr1e-04_bs32_modL1_fusion64_fusionL1_drop0p1_trmiss50_trlocradio,2,0.6299982269605001,0.6794149279594421,0.47844827586206895,0.620787714961334,0.6444444444444445,0.0,0.0,0.0,0.0,0.0,0.0,0.0,0.0,0.0,2002,radio,0.5
5,5,lr1e-04_bs32_modL1_fusion64_fusionL1_drop0p1_trmiss50_trlocradio,32,0.0001,1,64,1,0.1,lr1e-04_bs32_modL1_fusion64_fusionL1_drop0p1_trmiss50_trlocradio,3,0.5951367417971293,0.6781606078147888,0.4892241379310345,0.6382663297228474,0.6444444444444445,0.0,0.0,0.0,0.0,0.0,0.0,0.0,0.0,0.0,2002,radio,0.5
5,5,lr1e-04_bs32_modL1_fusion64_fusionL1_drop0p1_trmiss50_trlocradio,32,0.0001,1,64,1,0.1,lr1e-04_bs32_modL1_fusion64_fusionL1_drop0p1_trmiss50_trlocradio,4,0.5668677091598511,0.6816596686840057,0.4956896551724138,0.6347810617911024,0.6444444444444445,0.0,0.0,0.0,0.0,0.0,0.0,0.0,0.0,0.0,2002,radio,0.5
5,5,lr1e-04_bs32_modL1_fusion64_fusionL1_drop0p1_trmiss50_trlocradio,32,0.0001,1,64,1,0.1,lr1e-04_bs32_modL1_fusion64_fusionL1_drop0p1_trmiss50_trlocradio,5,0.5539127389589945,0.6838313341140747,0.4978448275862069,0.6304336311587039,0.6444444444444445,0.0,0.0,0.0,0.0,0.0,0.0,0.0,0.0,0.0,2002,radio,0.5
5,5,lr1e-04_bs32_modL1_fusion64_fusionL1_drop0p1_trmiss50_trlocradio,32,0.0001,1,64,1,0.1,lr1e-04_bs32_modL1_fusion64_fusionL1_drop0p1_trmiss50_trlocradio,6,0.5389021138350168,0.6771918833255768,0.5172413793103448,0.6370751978875724,0.6444444444444445,0.0,0.0,0.0,0.0,0.0,0.0,0.0,0.0,0.0,2002,radio,0.5
5,5,lr1e-04_bs32_modL1_fusion64_fusionL1_drop0p1_trmiss50_trlocradio,32,0.0001,1,64,1,0.1,lr1e-04_bs32_modL1_fusion64_fusionL1_drop0p1_trmiss50_trlocradio,7,0.5129896799723307,0.6880103945732117,0.5043103448275862,0.631844299103703,0.6222222222222222,0.0,0.0,0.0,0.0,0.0,0.0,0.0,0.0,0.0,2002,radio,0.5
5,5,lr1e-04_bs32_modL1_fusion64_fusionL1_drop0p1_trmiss50_trlocradio,32,0.0001,1,64,1,0.1,lr1e-04_bs32_modL1_fusion64_fusionL1_drop0p1_trmiss50_trlocradio,8,0.5145746767520905,0.6963699162006378,0.4827586206896552,0.6027048366184522,0.6222222222222222,0.0,0.0,0.0,0.0,0.0,0.0,0.0,0.0,0.0,2002,radio,0.5
5,5,lr1e-04_bs32_modL1_fusion64_fusionL1_drop0p1_trmiss50_trlocradio,32,0.0001,1,64,1,0.1,lr1e-04_bs32_modL1_fusion64_fusionL1_drop0p1_trmiss50_trlocradio,9,0.48047839601834613,0.6898061037063599,0.5172413793103448,0.6215170999297431,0.6222222222222222,0.0,0.0,0.0,0.0,0.0,0.0,0.0,0.0,0.0,2002,radio,0.5
5,5,lr1e-04_bs32_modL1_fusion64_fusionL1_drop0p1_trmiss50_trlocradio,32,0.0001,1,64,1,0.1,lr1e-04_bs32_modL1_fusion64_fusionL1_drop0p1_trmiss50_trlocradio,10,0.474427193403244,0.6733902394771576,0.5495689655172413,0.6362610365499365,0.6444444444444445,0.0,0.0,0.0,0.0,0.0,0.0,0.0,0.0,0.0,2002,radio,0.5
5,5,lr1e-04_bs32_modL1_fusion64_fusionL1_drop0p1_trmiss50_trlocradio,32,0.0001,1,64,1,0.1,lr1e-04_bs32_modL1_fusion64_fusionL1_drop0p1_trmiss50_trlocradio,11,0.45571567118167877,0.6668721139431,0.5646551724137931,0.6432752676455901,0.6444444444444445,0.0,0.0,0.0,0.0,0.0,0.0,0.0,0.0,0.0,2002,radio,0.5
5,5,lr1e-04_bs32_modL1_fusion64_fusionL1_drop0p1_trmiss50_trlocradio,32,0.0001,1,64,1,0.1,lr1e-04_bs32_modL1_fusion64_fusionL1_drop0p1_trmiss50_trlocradio,12,0.4577830086151759,0.6719301640987396,0.5646551724137931,0.6443866033433431,0.6444444444444445,0.0,0.0,0.0,0.0,0.0,0.0,0.0,0.0,0.0,2002,radio,0.5
5,5,lr1e-04_bs32_modL1_fusion64_fusionL1_drop0p1_trmiss50_trlocradio,32,0.0001,1,64,1,0.1,lr1e-04_bs32_modL1_fusion64_fusionL1_drop0p1_trmiss50_trlocradio,13,0.4438368280728658,0.6839714348316193,0.5452586206896551,0.6357325250542741,0.6444444444444445,0.0,0.0,0.0,0.0,0.0,0.0,0.0,0.0,0.0,2002,radio,0.5
5,5,lr1e-04_bs32_modL1_fusion64_fusionL1_drop0p1_trmiss50_trlocradio,32,0.0001,1,64,1,0.1,lr1e-04_bs32_modL1_fusion64_fusionL1_drop0p1_trmiss50_trlocradio,14,0.42998436093330383,0.68079873919487,0.5517241379310345,0.6336375016740922,0.6444444444444445,0.0,0.0,0.0,0.0,0.0,0.0,0.0,0.0,0.0,2002,radio,0.5
5,5,lr1e-04_bs32_modL1_fusion64_fusionL1_drop0p1_trmiss50_trlocradio,32,0.0001,1,64,1,0.1,lr1e-04_bs32_modL1_fusion64_fusionL1_drop0p1_trmiss50_trlocradio,15,0.4162312050660451,0.6801009178161621,0.5517241379310345,0.6391079412427106,0.6444444444444445,0.0,0.0,0.0,0.0,0.0,0.0,0.0,0.0,0.0,2002,radio,0.5
5,5,lr1e-04_bs32_modL1_fusion64_fusionL1_drop0p1_trmiss50_trlocradio,32,0.0001,1,64,1,0.1,lr1e-04_bs32_modL1_fusion64_fusionL1_drop0p1_trmiss50_trlocradio,16,0.4139643261830012,0.6739813983440399,0.5689655172413793,0.6485209890284415,0.6444444444444445,0.0,0.0,0.0,0.0,0.0,0.0,0.0,0.0,0.0,2002,radio,0.5
5,5,lr1e-04_bs32_modL1_fusion64_fusionL1_drop0p1_trmiss50_trlocradio,32,0.0001,1,64,1,0.1,lr1e-04_bs32_modL1_fusion64_fusionL1_drop0p1_trmiss50_trlocradio,17,0.39993276198705036,0.6753979921340942,0.564655172413793,0.6478079753109113,0.6444444444444445,0.0,0.0,0.0,0.0,0.0,0.0,0.0,0.0,0.0,2002,radio,0.5
5,5,lr1e-04_bs32_modL1_fusion64_fusionL1_drop0p1_trmiss50_trlocradio,32,0.0001,1,64,1,0.1,lr1e-04_bs32_modL1_fusion64_fusionL1_drop0p1_trmiss50_trlocradio,18,0.3990768293539683,0.6795843541622162,0.5581896551724138,0.6446629219145129,0.6444444444444445,0.0,0.0,0.0,0.0,0.0,0.0,0.0,0.0,0.0,2002,radio,0.5
5,5,lr1e-04_bs32_modL1_fusion64_fusionL1_drop0p1_trmiss50_trlocradio,32,0.0001,1,64,1,0.1,lr1e-04_bs32_modL1_fusion64_fusionL1_drop0p1_trmiss50_trlocradio,19,0.38590781887372333,0.6792210936546326,0.5625,0.6473287143606662,0.6444444444444445,0.0,0.0,0.0,0.0,0.0,0.0,0.0,0.0,0.0,2002,radio,0.5
5,5,lr1e-04_bs32_modL1_fusion64_fusionL1_drop0p1_trmiss50_trlocradio,32,0.0001,1,64,1,0.1,lr1e-04_bs32_modL1_fusion64_fusionL1_drop0p1_trmiss50_trlocradio,20,0.3750655949115753,0.6797438561916351,0.5560344827586207,0.6449835670732169,0.6666666666666666,0.0,0.0,0.0,0.0,0.0,0.0,0.0,0.0,0.0,2002,radio,0.5
5,5,lr1e-04_bs32_modL1_fusion64_fusionL1_drop0p1_trmiss50_trlocradio,32,0.0001,1,64,1,0.1,lr1e-04_bs32_modL1_fusion64_fusionL1_drop0p1_trmiss50_trlocradio,21,0.3868173807859421,0.6793332397937775,0.5625,0.6482514630055571,0.6666666666666666,0.0,0.0,0.0,0.0,0.0,0.0,0.0,0.0,0.0,2002,radio,0.5
5,5,lr1e-04_bs32_modL1_fusion64_fusionL1_drop0p1_trmiss50_trlocradio,32,0.0001,1,64,1,0.1,lr1e-04_bs32_modL1_fusion64_fusionL1_drop0p1_trmiss50_trlocradio,22,0.37263262768586475,0.6791136860847473,0.5581896551724138,0.64576802098925,0.6666666666666666,0.0,0.0,0.0,0.0,0.0,0.0,0.0,0.0,0.0,2002,radio,0.5
5,5,lr1e-04_bs32_modL1_fusion64_fusionL1_drop0p1_trmiss50_trlocradio,32,0.0001,1,64,1,0.1,lr1e-04_bs32_modL1_fusion64_fusionL1_drop0p1_trmiss50_trlocradio,23,0.37718506654103595,0.6778702139854431,0.5560344827586207,0.6455644587272199,0.6666666666666666,0.0,0.0,0.0,0.0,0.0,0.0,0.0,0.0,0.0,2002,radio,0.5
5,5,lr1e-04_bs32_modL1_fusion64_fusionL1_drop0p1_trmiss50_trlocradio,32,0.0001,1,64,1,0.1,lr1e-04_bs32_modL1_fusion64_fusionL1_drop0p1_trmiss50_trlocradio,24,0.3634527971347173,0.6726729869842529,0.5603448275862069,0.6471148468047778,0.6666666666666666,0.0,0.0,0.0,0.0,0.0,0.0,0.0,0.0,0.0,2002,radio,0.5
5,5,lr1e-04_bs32_modL1_fusion64_fusionL1_drop0p1_trmiss50_trlocradio,32,0.0001,1,64,1,0.1,lr1e-04_bs32_modL1_fusion64_fusionL1_drop0p1_trmiss50_trlocradio,25,0.35057630638281506,0.6710403859615326,0.560344827586207,0.6471591122202086,0.6666666666666666,0.0,0.0,0.0,0.0,0.0,0.0,0.0,0.0,0.0,2002,radio,0.5
5,5,lr1e-04_bs32_modL1_fusion64_fusionL1_drop0p1_trmiss50_trlocradio,32,0.0001,1,64,1,0.1,lr1e-04_bs32_modL1_fusion64_fusionL1_drop0p1_trmiss50_trlocradio,26,0.3650565544764201,0.6732906699180603,0.560344827586207,0.6481344250564015,0.6666666666666666,0.0,0.0,0.0,0.0,0.0,0.0,0.0,0.0,0.0,2002,radio,0.5
5,5,lr1e-04_bs32_modL1_fusion64_fusionL1_drop0p1_trmiss50_trlocradio,32,0.0001,1,64,1,0.1,lr1e-04_bs32_modL1_fusion64_fusionL1_drop0p1_trmiss50_trlocradio,27,0.3585398346185684,0.6708919107913971,0.5625,0.6477813202907239,0.6666666666666666,0.0,0.0,0.0,0.0,0.0,0.0,0.0,0.0,0.0,2002,radio,0.5
5,5,lr1e-04_bs32_modL1_fusion64_fusionL1_drop0p1_trmiss50_trlocradio,32,0.0001,1,64,1,0.1,lr1e-04_bs32_modL1_fusion64_fusionL1_drop0p1_trmiss50_trlocradio,28,0.3573695321877797,0.6709587872028351,0.5603448275862069,0.6471148468047778,0.6666666666666666,0.0,0.0,0.0,0.0,0.0,0.0,0.0,0.0,0.0,2002,radio,0.5
5,5,lr1e-04_bs32_modL1_fusion64_fusionL1_drop0p1_trmiss50_trlocradio,32,0.0001,1,64,1,0.1,lr1e-04_bs32_modL1_fusion64_fusionL1_drop0p1_trmiss50_trlocradio,29,0.34907489518324536,0.6686913073062897,0.5603448275862069,0.6471148468047778,0.6666666666666666,0.0,0.0,0.0,0.0,0.0,0.0,0.0,0.0,0.0,2002,radio,0.5
5,5,lr1e-04_bs32_modL1_fusion64_fusionL1_drop0p1_trmiss50_trlocradio,32,0.0001,1,64,1,0.1,lr1e-04_bs32_modL1_fusion64_fusionL1_drop0p1_trmiss50_trlocradio,30,0.34980491797129315,0.6682783961296082,0.564655172413793,0.6484381347406418,0.6888888888888889,0.0,0.0,0.0,0.0,0.0,0.0,0.0,0.0,0.0,2002,radio,0.5
5,5,lr1e-04_bs32_modL1_fusion64_fusionL1_drop0p1_trmiss50_trlocradio,32,0.0001,1,64,1,0.1,lr1e-04_bs32_modL1_fusion64_fusionL1_drop0p1_trmiss50_trlocradio,31,0.33718987305959064,0.6721718907356262,0.5625,0.6483791366818631,0.6444444444444445,0.0,0.0,0.0,0.0,0.0,0.0,0.0,0.0,0.0,2002,radio,0.5
5,5,lr1e-04_bs32_modL1_fusion64_fusionL1_drop0p1_trmiss50_trlocradio,32,0.0001,1,64,1,0.1,lr1e-04_bs32_modL1_fusion64_fusionL1_drop0p1_trmiss50_trlocradio,32,0.34076351424058277,0.674140453338623,0.5603448275862069,0.647712663195917,0.6666666666666666,0.0,0.0,0.0,0.0,0.0,0.0,0.0,0.0,0.0,2002,radio,0.5
5,5,lr1e-04_bs32_modL1_fusion64_fusionL1_drop0p1_trmiss50_trlocradio,32,0.0001,1,64,1,0.1,lr1e-04_bs32_modL1_fusion64_fusionL1_drop0p1_trmiss50_trlocradio,33,0.3468821893135707,0.6785273551940918,0.5538793103448276,0.6411041970178454,0.6444444444444445,0.0,0.0,0.0,0.0,0.0,0.0,0.0,0.0,0.0,2002,radio,0.5
5,5,lr1e-04_bs32_modL1_fusion64_fusionL1_drop0p1_trmiss50_trlocradio,32,0.0001,1,64,1,0.1,lr1e-04_bs32_modL1_fusion64_fusionL1_drop0p1_trmiss50_trlocradio,34,0.33456455171108246,0.6782447099685669,0.5581896551724138,0.6475177969405731,0.6666666666666666,0.0,0.0,0.0,0.0,0.0,0.0,0.0,0.0,0.0,2002,radio,0.5
5,5,lr1e-04_bs32_modL1_fusion64_fusionL1_drop0p1_trmiss50_trlocradio,32,0.0001,1,64,1,0.1,lr1e-04_bs32_modL1_fusion64_fusionL1_drop0p1_trmiss50_trlocradio,35,0.3402319848537445,0.6803217828273773,0.5538793103448276,0.6456571153638672,0.6222222222222222,0.0,0.0,0.0,0.0,0.0,0.0,0.0,0.0,0.0,2002,radio,0.5
5,5,lr1e-04_bs32_modL1_fusion64_fusionL1_drop0p1_trmiss50_trlocradio,32,0.0001,1,64,1,0.1,lr1e-04_bs32_modL1_fusion64_fusionL1_drop0p1_trmiss50_trlocradio,36,0.3433380375305812,0.6781395673751831,0.5538793103448276,0.6456571153638672,0.6444444444444445,0.0,0.0,0.0,0.0,0.0,0.0,0.0,0.0,0.0,2002,radio,0.5
